10,50,1000
18.432721,17.534739,16.823953,18.9932,15.315374,19.039033,16.275382,18.188223,19.845558,19.446009
6.556117,6.561414,6.886363,6.600912,9.451704,9.999735,9.70235,8.134072,8.958762,7.272393
0.0,10.0,20.0,30.0,40.0,50.0,60.0,70.0,80.0,90.0
10.0,0.0,10.0,20.0,30.0,40.0,50.0,60.0,70.0,80.0
20.0,10.0,0.0,10.0,20.0,30.0,40.0,50.0,60.0,70.0
30.0,20.0,10.0,0.0,10.0,20.0,30.0,40.0,50.0,60.0
40.0,30.0,20.0,10.0,0.0,10.0,20.0,30.0,40.0,50.0
50.0,40.0,30.0,20.0,10.0,0.0,10.0,20.0,30.0,40.0
60.0,50.0,40.0,30.0,20.0,10.0,0.0,10.0,20.0,30.0
70.0,60.0,50.0,40.0,30.0,20.0,10.0,0.0,10.0,20.0
80.0,70.0,60.0,50.0,40.0,30.0,20.0,10.0,0.0,10.0
90.0,80.0,70.0,60.0,50.0,40.0,30.0,20.0,10.0,0.0
450.0,400.0,350.0,300.0,250.0,250.0,300.0,350.0,400.0,450.0
0.0,1.0,2.0,3.0,4.0,5.0,6.0,7.0,8.0,9.0
1.0,0.0,1.0,2.0,3.0,4.0,5.0,6.0,7.0,8.0
2.0,1.0,0.0,1.0,2.0,3.0,4.0,5.0,6.0,7.0
3.0,2.0,1.0,0.0,1.0,2.0,3.0,4.0,5.0,6.0
4.0,3.0,2.0,1.0,0.0,1.0,2.0,3.0,4.0,5.0
5.0,4.0,3.0,2.0,1.0,0.0,1.0,2.0,3.0,4.0
6.0,5.0,4.0,3.0,2.0,1.0,0.0,1.0,2.0,3.0
7.0,6.0,5.0,4.0,3.0,2.0,1.0,0.0,1.0,2.0
8.0,7.0,6.0,5.0,4.0,3.0,2.0,1.0,0.0,1.0
9.0,8.0,7.0,6.0,5.0,4.0,3.0,2.0,1.0,0.0
45.0,40.0,35.0,30.0,25.0,25.0,30.0,35.0,40.0,45.0
32.0,30.0,27.0,21.0,33.0,19.0,23.0,28.0,30.0,30.0,27.0,19.0,37.0,22.0,17.0,27.0,17.0,20.0,35.0,30.0,23.0,19.0,25.0,20.0,33.0,26.0,31.0,32.0,23.0,20.0,20.0,21.0,19.0,20.0,26.0,22.0,28.0,24.0,26.0,20.0,30.0,36.0,25.0,16.0,19.0,33.0,24.0,24.0,22.0,26.0
32.0,20.0,25.0,24.0,24.0,29.0,18.0,22.0,20.0,37.0,32.0,26.0,29.0,24.0,16.0,19.0,23.0,29.0,33.0,34.0,31.0,29.0,30.0,25.0,25.0,30.0,27.0,23.0,29.0,21.0,25.0,24.0,27.0,33.0,34.0,18.0,26.0,38.0,33.0,32.0,33.0,22.0,26.0,21.0,30.0,25.0,30.0,21.0,18.0,16.0
27.0,29.0,19.0,28.0,32.0,28.0,31.0,21.0,23.0,26.0,22.0,17.0,25.0,37.0,28.0,33.0,28.0,24.0,35.0,19.0,34.0,33.0,30.0,33.0,28.0,35.0,20.0,34.0,19.0,31.0,30.0,24.0,33.0,29.0,33.0,37.0,28.0,23.0,31.0,27.0,30.0,31.0,18.0,23.0,28.0,21.0,35.0,27.0,32.0,35.0
29.0,35.0,28.0,24.0,24.0,23.0,30.0,38.0,22.0,24.0,37.0,19.0,34.0,27.0,19.0,27.0,28.0,27.0,30.0,24.0,21.0,26.0,26.0,27.0,27.0,34.0,22.0,28.0,24.0,18.0,25.0,13.0,17.0,41.0,17.0,30.0,27.0,20.0,30.0,25.0,20.0,21.0,28.0,23.0,28.0,26.0,22.0,29.0,22.0,31.0
34.0,49.0,33.0,33.0,39.0,39.0,39.0,29.0,34.0,31.0,34.0,29.0,31.0,30.0,39.0,29.0,30.0,31.0,33.0,42.0,40.0,23.0,50.0,29.0,37.0,31.0,33.0,29.0,39.0,40.0,31.0,28.0,28.0,35.0,35.0,39.0,34.0,39.0,33.0,34.0,27.0,37.0,24.0,37.0,33.0,37.0,41.0,36.0,31.0,26.0
42.0,29.0,27.0,31.0,38.0,38.0,39.0,31.0,39.0,47.0,33.0,32.0,46.0,48.0,34.0,49.0,40.0,36.0,33.0,33.0,34.0,35.0,43.0,40.0,43.0,32.0,41.0,36.0,41.0,37.0,32.0,42.0,24.0,37.0,48.0,44.0,37.0,37.0,39.0,33.0,48.0,36.0,38.0,42.0,31.0,46.0,44.0,33.0,40.0,36.0
32.0,36.0,36.0,27.0,40.0,29.0,39.0,29.0,38.0,36.0,42.0,42.0,43.0,38.0,34.0,37.0,34.0,38.0,39.0,37.0,41.0,34.0,32.0,29.0,32.0,36.0,36.0,34.0,28.0,39.0,31.0,27.0,47.0,31.0,40.0,26.0,36.0,34.0,37.0,32.0,40.0,25.0,32.0,30.0,33.0,40.0,45.0,36.0,36.0,45.0
31.0,27.0,30.0,27.0,25.0,39.0,34.0,32.0,23.0,33.0,29.0,27.0,30.0,26.0,29.0,25.0,25.0,43.0,34.0,34.0,28.0,32.0,33.0,35.0,29.0,34.0,34.0,31.0,19.0,39.0,35.0,37.0,42.0,32.0,25.0,28.0,32.0,33.0,29.0,39.0,40.0,30.0,29.0,23.0,32.0,24.0,34.0,32.0,31.0,31.0
34.0,35.0,36.0,34.0,28.0,24.0,23.0,35.0,37.0,36.0,34.0,35.0,32.0,29.0,31.0,30.0,34.0,31.0,29.0,33.0,37.0,31.0,32.0,40.0,36.0,35.0,33.0,33.0,36.0,38.0,46.0,29.0,30.0,43.0,25.0,36.0,35.0,39.0,28.0,37.0,30.0,32.0,24.0,35.0,26.0,33.0,35.0,38.0,35.0,35.0
32.0,26.0,33.0,29.0,36.0,31.0,26.0,22.0,30.0,39.0,31.0,26.0,30.0,29.0,21.0,41.0,21.0,33.0,39.0,26.0,15.0,41.0,26.0,28.0,24.0,24.0,30.0,32.0,29.0,29.0,39.0,27.0,24.0,34.0,27.0,28.0,29.0,37.0,36.0,32.0,32.0,32.0,25.0,22.0,30.0,33.0,31.0,32.0,24.0,30.0
