10,50,1000
19.217731,16.676824,17.942699,16.625159,16.796408,16.726226,18.963908,19.204898,19.664283,16.439609
5.976487,5.26514,5.07424,6.16639,8.046855,5.699024,7.20301,6.081892,8.241326,8.789803
0.0,10.0,20.0,30.0,40.0,50.0,60.0,70.0,80.0,90.0
10.0,0.0,10.0,20.0,30.0,40.0,50.0,60.0,70.0,80.0
20.0,10.0,0.0,10.0,20.0,30.0,40.0,50.0,60.0,70.0
30.0,20.0,10.0,0.0,10.0,20.0,30.0,40.0,50.0,60.0
40.0,30.0,20.0,10.0,0.0,10.0,20.0,30.0,40.0,50.0
50.0,40.0,30.0,20.0,10.0,0.0,10.0,20.0,30.0,40.0
60.0,50.0,40.0,30.0,20.0,10.0,0.0,10.0,20.0,30.0
70.0,60.0,50.0,40.0,30.0,20.0,10.0,0.0,10.0,20.0
80.0,70.0,60.0,50.0,40.0,30.0,20.0,10.0,0.0,10.0
90.0,80.0,70.0,60.0,50.0,40.0,30.0,20.0,10.0,0.0
450.0,400.0,350.0,300.0,250.0,250.0,300.0,350.0,400.0,450.0
0.0,1.0,2.0,3.0,4.0,5.0,6.0,7.0,8.0,9.0
1.0,0.0,1.0,2.0,3.0,4.0,5.0,6.0,7.0,8.0
2.0,1.0,0.0,1.0,2.0,3.0,4.0,5.0,6.0,7.0
3.0,2.0,1.0,0.0,1.0,2.0,3.0,4.0,5.0,6.0
4.0,3.0,2.0,1.0,0.0,1.0,2.0,3.0,4.0,5.0
5.0,4.0,3.0,2.0,1.0,0.0,1.0,2.0,3.0,4.0
6.0,5.0,4.0,3.0,2.0,1.0,0.0,1.0,2.0,3.0
7.0,6.0,5.0,4.0,3.0,2.0,1.0,0.0,1.0,2.0
8.0,7.0,6.0,5.0,4.0,3.0,2.0,1.0,0.0,1.0
9.0,8.0,7.0,6.0,5.0,4.0,3.0,2.0,1.0,0.0
45.0,40.0,35.0,30.0,25.0,25.0,30.0,35.0,40.0,45.0
25.0,19.0,23.0,24.0,21.0,26.0,21.0,27.0,24.0,19.0,18.0,33.0,24.0,13.0,19.0,17.0,26.0,25.0,26.0,22.0,28.0,38.0,16.0,22.0,19.0,19.0,21.0,25.0,28.0,24.0,17.0,23.0,25.0,19.0,16.0,26.0,16.0,28.0,21.0,23.0,24.0,29.0,24.0,37.0,29.0,16.0,21.0,29.0,38.0,27.0
16.0,19.0,15.0,26.0,22.0,18.0,11.0,26.0,26.0,20.0,19.0,21.0,25.0,26.0,15.0,15.0,19.0,18.0,18.0,25.0,28.0,28.0,20.0,20.0,20.0,24.0,18.0,19.0,24.0,12.0,19.0,18.0,28.0,18.0,16.0,15.0,20.0,23.0,20.0,20.0,19.0,25.0,19.0,16.0,29.0,22.0,18.0,23.0,15.0,24.0
16.0,16.0,17.0,19.0,24.0,19.0,23.0,16.0,25.0,15.0,26.0,18.0,24.0,22.0,24.0,18.0,17.0,25.0,9.0,19.0,18.0,20.0,23.0,23.0,28.0,19.0,32.0,28.0,15.0,19.0,29.0,14.0,18.0,16.0,23.0,16.0,21.0,27.0,18.0,17.0,25.0,18.0,15.0,21.0,22.0,25.0,21.0,25.0,18.0,26.0
25.0,23.0,19.0,28.0,26.0,24.0,18.0,17.0,31.0,14.0,28.0,22.0,27.0,27.0,23.0,29.0,20.0,28.0,25.0,32.0,25.0,27.0,27.0,30.0,28.0,25.0,32.0,28.0,22.0,17.0,24.0,27.0,21.0,18.0,28.0,23.0,19.0,23.0,23.0,18.0,25.0,23.0,17.0,20.0,23.0,23.0,33.0,29.0,26.0,18.0
27.0,41.0,23.0,32.0,28.0,28.0,25.0,29.0,28.0,33.0,30.0,25.0,26.0,29.0,26.0,28.0,40.0,34.0,26.0,31.0,31.0,35.0,36.0,37.0,31.0,34.0,38.0,37.0,41.0,36.0,27.0,30.0,32.0,30.0,24.0,24.0,36.0,29.0,33.0,25.0,30.0,33.0,29.0,33.0,26.0,30.0,27.0,32.0,26.0,39.0
21.0,24.0,35.0,24.0,24.0,25.0,25.0,30.0,24.0,23.0,24.0,28.0,24.0,22.0,22.0,28.0,14.0,27.0,31.0,21.0,18.0,22.0,21.0,24.0,26.0,30.0,28.0,13.0,22.0,26.0,19.0,22.0,21.0,17.0,24.0,22.0,20.0,20.0,16.0,20.0,22.0,23.0,28.0,21.0,20.0,22.0,22.0,20.0,21.0,27.0
34.0,30.0,22.0,26.0,28.0,31.0,24.0,24.0,26.0,21.0,21.0,26.0,26.0,31.0,26.0,22.0,33.0,31.0,38.0,23.0,24.0,21.0,32.0,25.0,35.0,15.0,35.0,27.0,30.0,29.0,33.0,30.0,31.0,29.0,29.0,26.0,28.0,29.0,35.0,25.0,26.0,34.0,28.0,36.0,24.0,16.0,29.0,22.0,24.0,24.0
22.0,29.0,21.0,35.0,36.0,27.0,24.0,19.0,24.0,14.0,17.0,23.0,26.0,27.0,19.0,27.0,28.0,38.0,28.0,22.0,33.0,25.0,18.0,23.0,26.0,28.0,20.0,16.0,19.0,26.0,27.0,24.0,19.0,17.0,24.0,20.0,23.0,22.0,15.0,27.0,22.0,26.0,31.0,23.0,22.0,36.0,27.0,28.0,27.0,24.0
34.0,15.0,34.0,39.0,30.0,38.0,38.0,31.0,31.0,32.0,37.0,34.0,30.0,36.0,35.0,31.0,37.0,35.0,34.0,35.0,42.0,26.0,25.0,32.0,34.0,30.0,31.0,27.0,39.0,35.0,24.0,28.0,31.0,33.0,27.0,37.0,27.0,40.0,30.0,28.0,24.0,32.0,34.0,22.0,29.0,27.0,31.0,37.0,30.0,25.0
25.0,25.0,22.0,24.0,24.0,45.0,29.0,31.0,30.0,38.0,38.0,33.0,27.0,24.0,35.0,26.0,29.0,36.0,44.0,31.0,28.0,21.0,28.0,40.0,28.0,23.0,23.0,37.0,31.0,36.0,35.0,27.0,34.0,32.0,31.0,34.0,32.0,27.0,38.0,29.0,33.0,32.0,32.0,32.0,28.0,33.0,35.0,34.0,21.0,30.0
