10,50,1000
15.557879,18.588349,18.369607,18.948245,15.964757,15.164669,18.49525,18.548183,16.445619,16.590937
7.713262,6.690748,7.303999,8.790364,9.862485,6.173604,9.888213,5.899652,8.789219,8.377905
0.0,10.0,20.0,30.0,40.0,50.0,60.0,70.0,80.0,90.0
10.0,0.0,10.0,20.0,30.0,40.0,50.0,60.0,70.0,80.0
20.0,10.0,0.0,10.0,20.0,30.0,40.0,50.0,60.0,70.0
30.0,20.0,10.0,0.0,10.0,20.0,30.0,40.0,50.0,60.0
40.0,30.0,20.0,10.0,0.0,10.0,20.0,30.0,40.0,50.0
50.0,40.0,30.0,20.0,10.0,0.0,10.0,20.0,30.0,40.0
60.0,50.0,40.0,30.0,20.0,10.0,0.0,10.0,20.0,30.0
70.0,60.0,50.0,40.0,30.0,20.0,10.0,0.0,10.0,20.0
80.0,70.0,60.0,50.0,40.0,30.0,20.0,10.0,0.0,10.0
90.0,80.0,70.0,60.0,50.0,40.0,30.0,20.0,10.0,0.0
450.0,400.0,350.0,300.0,250.0,250.0,300.0,350.0,400.0,450.0
0.0,1.0,2.0,3.0,4.0,5.0,6.0,7.0,8.0,9.0
1.0,0.0,1.0,2.0,3.0,4.0,5.0,6.0,7.0,8.0
2.0,1.0,0.0,1.0,2.0,3.0,4.0,5.0,6.0,7.0
3.0,2.0,1.0,0.0,1.0,2.0,3.0,4.0,5.0,6.0
4.0,3.0,2.0,1.0,0.0,1.0,2.0,3.0,4.0,5.0
5.0,4.0,3.0,2.0,1.0,0.0,1.0,2.0,3.0,4.0
6.0,5.0,4.0,3.0,2.0,1.0,0.0,1.0,2.0,3.0
7.0,6.0,5.0,4.0,3.0,2.0,1.0,0.0,1.0,2.0
8.0,7.0,6.0,5.0,4.0,3.0,2.0,1.0,0.0,1.0
9.0,8.0,7.0,6.0,5.0,4.0,3.0,2.0,1.0,0.0
45.0,40.0,35.0,30.0,25.0,25.0,30.0,35.0,40.0,45.0
29.0,38.0,27.0,26.0,25.0,25.0,32.0,33.0,24.0,28.0,36.0,31.0,35.0,37.0,31.0,23.0,32.0,27.0,30.0,35.0,32.0,33.0,29.0,32.0,28.0,27.0,23.0,30.0,26.0,25.0,31.0,24.0,30.0,29.0,36.0,41.0,33.0,30.0,27.0,35.0,29.0,27.0,33.0,27.0,21.0,21.0,27.0,35.0,46.0,22.0
22.0,25.0,32.0,31.0,30.0,32.0,33.0,29.0,23.0,32.0,21.0,30.0,24.0,29.0,16.0,19.0,28.0,26.0,25.0,21.0,23.0,32.0,24.0,22.0,19.0,24.0,30.0,22.0,29.0,29.0,29.0,34.0,28.0,35.0,30.0,26.0,33.0,15.0,31.0,27.0,26.0,33.0,33.0,36.0,22.0,22.0,24.0,22.0,29.0,27.0
24.0,37.0,31.0,36.0,18.0,27.0,25.0,22.0,38.0,16.0,23.0,28.0,32.0,28.0,30.0,30.0,29.0,34.0,37.0,23.0,25.0,17.0,35.0,31.0,36.0,24.0,23.0,25.0,31.0,19.0,34.0,30.0,24.0,29.0,24.0,24.0,26.0,25.0,23.0,31.0,32.0,29.0,27.0,35.0,28.0,31.0,33.0,34.0,27.0,22.0
30.0,28.0,31.0,34.0,45.0,42.0,28.0,39.0,30.0,35.0,31.0,36.0,47.0,28.0,33.0,26.0,37.0,35.0,39.0,34.0,39.0,27.0,34.0,32.0,28.0,29.0,32.0,23.0,28.0,21.0,38.0,29.0,33.0,30.0,30.0,34.0,29.0,30.0,27.0,36.0,39.0,38.0,34.0,25.0,37.0,30.0,36.0,35.0,35.0,43.0
23.0,38.0,35.0,43.0,50.0,44.0,34.0,50.0,36.0,35.0,37.0,32.0,31.0,33.0,44.0,47.0,41.0,39.0,37.0,31.0,39.0,30.0,37.0,34.0,34.0,35.0,33.0,30.0,39.0,41.0,35.0,29.0,36.0,31.0,33.0,44.0,26.0,44.0,37.0,41.0,37.0,34.0,48.0,37.0,30.0,44.0,44.0,39.0,33.0,30.0
17.0,24.0,17.0,27.0,22.0,20.0,18.0,13.0,19.0,25.0,27.0,25.0,21.0,22.0,31.0,26.0,28.0,27.0,28.0,17.0,24.0,19.0,15.0,29.0,25.0,30.0,21.0,25.0,30.0,12.0,31.0,30.0,27.0,32.0,23.0,26.0,27.0,18.0,19.0,25.0,18.0,19.0,30.0,27.0,24.0,20.0,24.0,23.0,25.0,31.0
30.0,37.0,58.0,42.0,26.0,46.0,43.0,36.0,44.0,28.0,30.0,40.0,43.0,39.0,30.0,36.0,31.0,40.0,41.0,36.0,27.0,37.0,39.0,34.0,41.0,28.0,44.0,40.0,40.0,48.0,36.0,30.0,48.0,33.0,45.0,42.0,30.0,41.0,32.0,38.0,35.0,43.0,40.0,31.0,31.0,37.0,33.0,29.0,36.0,45.0
22.0,21.0,24.0,18.0,21.0,29.0,26.0,25.0,22.0,21.0,27.0,29.0,29.0,22.0,17.0,20.0,22.0,21.0,26.0,30.0,24.0,28.0,27.0,15.0,34.0,17.0,24.0,21.0,22.0,24.0,17.0,24.0,20.0,28.0,30.0,27.0,24.0,16.0,24.0,25.0,27.0,22.0,27.0,26.0,18.0,21.0,26.0,23.0,22.0,19.0
32.0,32.0,29.0,28.0,43.0,34.0,30.0,19.0,36.0,27.0,22.0,21.0,34.0,35.0,31.0,45.0,38.0,29.0,17.0,37.0,33.0,23.0,25.0,32.0,34.0,29.0,24.0,32.0,34.0,42.0,39.0,27.0,31.0,35.0,31.0,33.0,36.0,28.0,36.0,33.0,38.0,34.0,32.0,33.0,30.0,35.0,31.0,24.0,33.0,33.0
36.0,35.0,35.0,36.0,43.0,33.0,29.0,31.0,31.0,29.0,36.0,31.0,35.0,26.0,31.0,26.0,38.0,27.0,46.0,32.0,31.0,35.0,24.0,32.0,33.0,34.0,31.0,44.0,25.0,27.0,33.0,32.0,29.0,24.0,40.0,32.0,38.0,37.0,30.0,32.0,27.0,30.0,29.0,36.0,27.0,33.0,32.0,42.0,27.0,36.0
