10,50,1000
17.923495,17.933618,17.389902,15.071666,17.765432,16.112781,16.837109,16.523512,15.020721,16.413959
8.524128,6.883883,5.249166,8.941079,9.847745,6.306173,9.391093,5.562151,6.740037,7.278459
0.0,10.0,20.0,30.0,40.0,50.0,60.0,70.0,80.0,90.0
10.0,0.0,10.0,20.0,30.0,40.0,50.0,60.0,70.0,80.0
20.0,10.0,0.0,10.0,20.0,30.0,40.0,50.0,60.0,70.0
30.0,20.0,10.0,0.0,10.0,20.0,30.0,40.0,50.0,60.0
40.0,30.0,20.0,10.0,0.0,10.0,20.0,30.0,40.0,50.0
50.0,40.0,30.0,20.0,10.0,0.0,10.0,20.0,30.0,40.0
60.0,50.0,40.0,30.0,20.0,10.0,0.0,10.0,20.0,30.0
70.0,60.0,50.0,40.0,30.0,20.0,10.0,0.0,10.0,20.0
80.0,70.0,60.0,50.0,40.0,30.0,20.0,10.0,0.0,10.0
90.0,80.0,70.0,60.0,50.0,40.0,30.0,20.0,10.0,0.0
450.0,400.0,350.0,300.0,250.0,250.0,300.0,350.0,400.0,450.0
0.0,1.0,2.0,3.0,4.0,5.0,6.0,7.0,8.0,9.0
1.0,0.0,1.0,2.0,3.0,4.0,5.0,6.0,7.0,8.0
2.0,1.0,0.0,1.0,2.0,3.0,4.0,5.0,6.0,7.0
3.0,2.0,1.0,0.0,1.0,2.0,3.0,4.0,5.0,6.0
4.0,3.0,2.0,1.0,0.0,1.0,2.0,3.0,4.0,5.0
5.0,4.0,3.0,2.0,1.0,0.0,1.0,2.0,3.0,4.0
6.0,5.0,4.0,3.0,2.0,1.0,0.0,1.0,2.0,3.0
7.0,6.0,5.0,4.0,3.0,2.0,1.0,0.0,1.0,2.0
8.0,7.0,6.0,5.0,4.0,3.0,2.0,1.0,0.0,1.0
9.0,8.0,7.0,6.0,5.0,4.0,3.0,2.0,1.0,0.0
45.0,40.0,35.0,30.0,25.0,25.0,30.0,35.0,40.0,45.0
29.0,29.0,18.0,31.0,29.0,30.0,40.0,28.0,32.0,43.0,41.0,34.0,27.0,26.0,31.0,29.0,32.0,33.0,32.0,29.0,21.0,35.0,34.0,34.0,28.0,24.0,30.0,36.0,41.0,33.0,28.0,32.0,23.0,30.0,32.0,27.0,23.0,16.0,21.0,29.0,37.0,27.0,33.0,31.0,26.0,34.0,28.0,34.0,36.0,22.0
26.0,31.0,26.0,35.0,21.0,28.0,21.0,27.0,29.0,28.0,27.0,39.0,31.0,26.0,28.0,21.0,21.0,28.0,20.0,29.0,23.0,32.0,19.0,24.0,31.0,22.0,16.0,21.0,21.0,33.0,29.0,22.0,27.0,24.0,32.0,31.0,24.0,23.0,20.0,27.0,26.0,18.0,31.0,29.0,32.0,26.0,24.0,26.0,27.0,25.0
23.0,25.0,24.0,24.0,18.0,20.0,16.0,29.0,23.0,22.0,27.0,28.0,11.0,18.0,24.0,15.0,24.0,26.0,23.0,19.0,34.0,19.0,20.0,19.0,25.0,24.0,26.0,25.0,20.0,20.0,22.0,24.0,18.0,26.0,28.0,25.0,16.0,21.0,18.0,29.0,22.0,19.0,30.0,26.0,19.0,23.0,24.0,17.0,18.0,19.0
33.0,30.0,31.0,33.0,33.0,27.0,26.0,32.0,37.0,24.0,38.0,30.0,41.0,32.0,25.0,25.0,31.0,35.0,40.0,32.0,35.0,31.0,36.0,34.0,26.0,36.0,36.0,30.0,34.0,37.0,29.0,33.0,28.0,30.0,37.0,34.0,32.0,43.0,33.0,26.0,42.0,42.0,33.0,32.0,32.0,34.0,32.0,29.0,35.0,40.0
23.0,28.0,44.0,38.0,30.0,34.0,41.0,41.0,37.0,42.0,43.0,37.0,46.0,38.0,39.0,50.0,41.0,33.0,32.0,34.0,38.0,28.0,39.0,34.0,25.0,30.0,45.0,46.0,34.0,39.0,31.0,30.0,33.0,36.0,35.0,39.0,46.0,37.0,40.0,30.0,34.0,48.0,43.0,44.0,33.0,29.0,34.0,24.0,34.0,36.0
23.0,24.0,22.0,27.0,28.0,26.0,9.0,24.0,22.0,21.0,39.0,24.0,21.0,34.0,22.0,23.0,16.0,25.0,32.0,28.0,25.0,17.0,28.0,26.0,35.0,31.0,33.0,26.0,22.0,33.0,25.0,26.0,20.0,20.0,20.0,23.0,32.0,24.0,34.0,30.0,34.0,16.0,24.0,29.0,24.0,26.0,28.0,24.0,32.0,28.0
44.0,35.0,40.0,41.0,40.0,39.0,32.0,29.0,27.0,23.0,31.0,39.0,39.0,50.0,37.0,29.0,38.0,35.0,32.0,34.0,36.0,37.0,38.0,24.0,34.0,30.0,28.0,29.0,39.0,38.0,32.0,35.0,31.0,27.0,48.0,44.0,34.0,29.0,26.0,40.0,39.0,38.0,37.0,33.0,40.0,31.0,43.0,32.0,40.0,29.0
23.0,21.0,14.0,15.0,24.0,23.0,25.0,23.0,19.0,23.0,14.0,14.0,33.0,17.0,20.0,23.0,16.0,28.0,23.0,27.0,27.0,15.0,25.0,29.0,22.0,20.0,23.0,27.0,22.0,24.0,18.0,26.0,28.0,17.0,23.0,18.0,23.0,13.0,19.0,20.0,21.0,22.0,18.0,21.0,12.0,24.0,17.0,26.0,24.0,22.0
35.0,35.0,27.0,20.0,34.0,28.0,33.0,31.0,18.0,27.0,24.0,26.0,30.0,25.0,26.0,24.0,24.0,18.0,22.0,30.0,27.0,25.0,31.0,27.0,27.0,34.0,33.0,34.0,19.0,29.0,17.0,19.0,25.0,25.0,24.0,36.0,29.0,33.0,26.0,33.0,24.0,26.0,25.0,11.0,18.0,38.0,30.0,27.0,16.0,24.0
28.0,31.0,31.0,27.0,25.0,30.0,30.0,26.0,31.0,31.0,24.0,26.0,23.0,37.0,29.0,25.0,25.0,30.0,27.0,35.0,29.0,34.0,24.0,26.0,26.0,27.0,24.0,24.0,19.0,27.0,33.0,26.0,16.0,24.0,31.0,27.0,29.0,30.0,36.0,30.0,24.0,28.0,24.0,39.0,22.0,30.0,31.0,26.0,26.0,17.0
