10,50,1000
18.040336,17.758216,15.183947,19.442823,15.682753,18.220631,16.594931,16.305586,16.55735,15.85677
6.384159,5.673041,5.659501,9.582051,9.196763,9.789845,7.178569,7.984864,5.023278,9.58206
0.0,10.0,20.0,30.0,40.0,50.0,60.0,70.0,80.0,90.0
10.0,0.0,10.0,20.0,30.0,40.0,50.0,60.0,70.0,80.0
20.0,10.0,0.0,10.0,20.0,30.0,40.0,50.0,60.0,70.0
30.0,20.0,10.0,0.0,10.0,20.0,30.0,40.0,50.0,60.0
40.0,30.0,20.0,10.0,0.0,10.0,20.0,30.0,40.0,50.0
50.0,40.0,30.0,20.0,10.0,0.0,10.0,20.0,30.0,40.0
60.0,50.0,40.0,30.0,20.0,10.0,0.0,10.0,20.0,30.0
70.0,60.0,50.0,40.0,30.0,20.0,10.0,0.0,10.0,20.0
80.0,70.0,60.0,50.0,40.0,30.0,20.0,10.0,0.0,10.0
90.0,80.0,70.0,60.0,50.0,40.0,30.0,20.0,10.0,0.0
450.0,400.0,350.0,300.0,250.0,250.0,300.0,350.0,400.0,450.0
0.0,1.0,2.0,3.0,4.0,5.0,6.0,7.0,8.0,9.0
1.0,0.0,1.0,2.0,3.0,4.0,5.0,6.0,7.0,8.0
2.0,1.0,0.0,1.0,2.0,3.0,4.0,5.0,6.0,7.0
3.0,2.0,1.0,0.0,1.0,2.0,3.0,4.0,5.0,6.0
4.0,3.0,2.0,1.0,0.0,1.0,2.0,3.0,4.0,5.0
5.0,4.0,3.0,2.0,1.0,0.0,1.0,2.0,3.0,4.0
6.0,5.0,4.0,3.0,2.0,1.0,0.0,1.0,2.0,3.0
7.0,6.0,5.0,4.0,3.0,2.0,1.0,0.0,1.0,2.0
8.0,7.0,6.0,5.0,4.0,3.0,2.0,1.0,0.0,1.0
9.0,8.0,7.0,6.0,5.0,4.0,3.0,2.0,1.0,0.0
45.0,40.0,35.0,30.0,25.0,25.0,30.0,35.0,40.0,45.0
20.0,21.0,22.0,27.0,25.0,26.0,21.0,21.0,24.0,23.0,25.0,24.0,32.0,30.0,23.0,25.0,23.0,30.0,26.0,23.0,33.0,25.0,34.0,26.0,24.0,22.0,17.0,23.0,24.0,28.0,33.0,15.0,15.0,28.0,21.0,24.0,25.0,21.0,25.0,27.0,16.0,23.0,16.0,21.0,29.0,27.0,29.0,24.0,20.0,23.0
24.0,22.0,17.0,23.0,27.0,29.0,25.0,30.0,20.0,22.0,30.0,24.0,27.0,22.0,18.0,23.0,20.0,21.0,27.0,20.0,24.0,19.0,26.0,22.0,22.0,30.0,30.0,22.0,17.0,23.0,30.0,15.0,23.0,24.0,32.0,21.0,28.0,33.0,25.0,30.0,19.0,34.0,18.0,17.0,29.0,18.0,24.0,33.0,24.0,27.0
24.0,13.0,21.0,32.0,30.0,15.0,13.0,20.0,22.0,24.0,27.0,22.0,19.0,36.0,18.0,17.0,27.0,29.0,32.0,21.0,15.0,27.0,21.0,24.0,15.0,28.0,20.0,20.0,19.0,20.0,16.0,28.0,21.0,25.0,28.0,25.0,20.0,18.0,21.0,21.0,25.0,16.0,26.0,25.0,20.0,28.0,22.0,23.0,29.0,30.0
39.0,45.0,42.0,42.0,26.0,26.0,36.0,33.0,32.0,28.0,27.0,36.0,35.0,40.0,37.0,31.0,34.0,36.0,29.0,27.0,34.0,36.0,33.0,39.0,43.0,28.0,39.0,30.0,36.0,31.0,33.0,37.0,28.0,30.0,42.0,37.0,42.0,39.0,33.0,40.0,32.0,36.0,22.0,45.0,35.0,31.0,38.0,42.0,36.0,25.0
29.0,38.0,31.0,36.0,31.0,36.0,34.0,29.0,35.0,34.0,22.0,42.0,26.0,37.0,30.0,29.0,42.0,38.0,28.0,31.0,34.0,37.0,28.0,32.0,37.0,37.0,47.0,31.0,34.0,36.0,32.0,27.0,46.0,40.0,27.0,33.0,37.0,26.0,35.0,30.0,49.0,42.0,33.0,38.0,24.0,42.0,28.0,34.0,35.0,29.0
34.0,32.0,25.0,29.0,36.0,31.0,45.0,37.0,37.0,31.0,28.0,36.0,44.0,41.0,28.0,46.0,32.0,35.0,30.0,29.0,29.0,32.0,28.0,30.0,36.0,39.0,38.0,36.0,37.0,37.0,36.0,39.0,30.0,40.0,35.0,41.0,33.0,28.0,34.0,37.0,36.0,28.0,32.0,31.0,42.0,29.0,34.0,38.0,38.0,38.0
32.0,25.0,34.0,17.0,29.0,26.0,28.0,17.0,21.0,35.0,34.0,29.0,29.0,31.0,35.0,27.0,30.0,25.0,31.0,32.0,34.0,24.0,23.0,16.0,22.0,29.0,16.0,23.0,21.0,29.0,21.0,26.0,33.0,25.0,38.0,38.0,31.0,21.0,25.0,24.0,26.0,22.0,30.0,22.0,23.0,28.0,19.0,29.0,28.0,27.0
32.0,21.0,32.0,32.0,31.0,35.0,23.0,27.0,25.0,19.0,35.0,32.0,44.0,36.0,21.0,33.0,30.0,33.0,30.0,22.0,25.0,38.0,32.0,31.0,20.0,22.0,30.0,29.0,26.0,23.0,32.0,33.0,36.0,25.0,24.0,25.0,25.0,25.0,30.0,23.0,36.0,32.0,23.0,33.0,26.0,35.0,29.0,23.0,31.0,22.0
22.0,19.0,14.0,32.0,21.0,30.0,25.0,21.0,21.0,20.0,16.0,17.0,17.0,23.0,24.0,25.0,27.0,21.0,25.0,24.0,18.0,21.0,22.0,20.0,22.0,16.0,24.0,23.0,25.0,16.0,22.0,22.0,19.0,11.0,16.0,18.0,15.0,23.0,16.0,21.0,18.0,24.0,20.0,21.0,23.0,16.0,27.0,17.0,19.0,22.0
27.0,35.0,41.0,34.0,31.0,37.0,32.0,26.0,39.0,39.0,37.0,24.0,42.0,25.0,25.0,40.0,29.0,34.0,37.0,38.0,33.0,31.0,37.0,33.0,42.0,44.0,43.0,42.0,35.0,41.0,37.0,33.0,30.0,26.0,27.0,39.0,36.0,26.0,28.0,47.0,33.0,30.0,48.0,30.0,32.0,40.0,36.0,35.0,38.0,30.0
