10,50,1000
17.578895,18.662815,16.440588,15.986263,17.631806,17.474755,19.789685,19.574024,16.142868,15.092712
9.24524,6.144447,5.359158,6.315793,9.763028,5.538297,8.480143,7.865416,8.449455,7.980376
0.0,10.0,20.0,30.0,40.0,50.0,60.0,70.0,80.0,90.0
10.0,0.0,10.0,20.0,30.0,40.0,50.0,60.0,70.0,80.0
20.0,10.0,0.0,10.0,20.0,30.0,40.0,50.0,60.0,70.0
30.0,20.0,10.0,0.0,10.0,20.0,30.0,40.0,50.0,60.0
40.0,30.0,20.0,10.0,0.0,10.0,20.0,30.0,40.0,50.0
50.0,40.0,30.0,20.0,10.0,0.0,10.0,20.0,30.0,40.0
60.0,50.0,40.0,30.0,20.0,10.0,0.0,10.0,20.0,30.0
70.0,60.0,50.0,40.0,30.0,20.0,10.0,0.0,10.0,20.0
80.0,70.0,60.0,50.0,40.0,30.0,20.0,10.0,0.0,10.0
90.0,80.0,70.0,60.0,50.0,40.0,30.0,20.0,10.0,0.0
450.0,400.0,350.0,300.0,250.0,250.0,300.0,350.0,400.0,450.0
0.0,1.0,2.0,3.0,4.0,5.0,6.0,7.0,8.0,9.0
1.0,0.0,1.0,2.0,3.0,4.0,5.0,6.0,7.0,8.0
2.0,1.0,0.0,1.0,2.0,3.0,4.0,5.0,6.0,7.0
3.0,2.0,1.0,0.0,1.0,2.0,3.0,4.0,5.0,6.0
4.0,3.0,2.0,1.0,0.0,1.0,2.0,3.0,4.0,5.0
5.0,4.0,3.0,2.0,1.0,0.0,1.0,2.0,3.0,4.0
6.0,5.0,4.0,3.0,2.0,1.0,0.0,1.0,2.0,3.0
7.0,6.0,5.0,4.0,3.0,2.0,1.0,0.0,1.0,2.0
8.0,7.0,6.0,5.0,4.0,3.0,2.0,1.0,0.0,1.0
9.0,8.0,7.0,6.0,5.0,4.0,3.0,2.0,1.0,0.0
45.0,40.0,35.0,30.0,25.0,25.0,30.0,35.0,40.0,45.0
29.0,37.0,47.0,34.0,27.0,33.0,38.0,29.0,35.0,29.0,41.0,41.0,40.0,36.0,30.0,32.0,31.0,42.0,28.0,27.0,36.0,21.0,31.0,37.0,34.0,32.0,27.0,40.0,37.0,44.0,40.0,31.0,41.0,33.0,35.0,30.0,36.0,29.0,31.0,41.0,33.0,43.0,33.0,39.0,38.0,34.0,35.0,33.0,31.0,44.0
20.0,32.0,25.0,20.0,21.0,21.0,31.0,26.0,18.0,25.0,21.0,30.0,21.0,23.0,22.0,29.0,36.0,26.0,20.0,20.0,24.0,22.0,18.0,22.0,27.0,23.0,20.0,29.0,20.0,18.0,27.0,23.0,30.0,19.0,25.0,18.0,24.0,22.0,29.0,26.0,21.0,23.0,26.0,19.0,31.0,22.0,27.0,27.0,26.0,29.0
28.0,19.0,17.0,19.0,19.0,20.0,31.0,29.0,19.0,29.0,19.0,26.0,18.0,17.0,25.0,21.0,25.0,22.0,28.0,18.0,34.0,18.0,17.0,28.0,19.0,27.0,16.0,20.0,22.0,24.0,13.0,27.0,21.0,18.0,23.0,23.0,15.0,19.0,21.0,22.0,20.0,18.0,26.0,15.0,26.0,21.0,15.0,24.0,22.0,19.0
27.0,26.0,22.0,40.0,20.0,18.0,30.0,24.0,33.0,26.0,22.0,24.0,25.0,11.0,31.0,16.0,25.0,30.0,26.0,24.0,16.0,20.0,21.0,20.0,29.0,28.0,30.0,28.0,22.0,29.0,23.0,27.0,30.0,28.0,22.0,25.0,23.0,30.0,23.0,29.0,23.0,21.0,25.0,25.0,33.0,18.0,23.0,27.0,23.0,26.0
39.0,32.0,34.0,32.0,39.0,35.0,36.0,37.0,41.0,43.0,49.0,39.0,52.0,40.0,36.0,49.0,51.0,39.0,41.0,33.0,37.0,43.0,39.0,35.0,36.0,39.0,39.0,31.0,32.0,35.0,35.0,33.0,39.0,34.0,34.0,41.0,30.0,43.0,39.0,40.0,40.0,54.0,36.0,35.0,47.0,43.0,32.0,28.0,43.0,25.0
21.0,20.0,31.0,18.0,26.0,25.0,23.0,20.0,26.0,27.0,30.0,21.0,27.0,20.0,25.0,24.0,19.0,17.0,27.0,15.0,30.0,30.0,18.0,34.0,23.0,21.0,27.0,26.0,29.0,27.0,19.0,22.0,26.0,27.0,30.0,28.0,23.0,24.0,14.0,23.0,31.0,21.0,18.0,21.0,27.0,23.0,17.0,21.0,16.0,19.0
40.0,36.0,32.0,36.0,40.0,35.0,37.0,29.0,38.0,28.0,37.0,36.0,31.0,27.0,46.0,32.0,37.0,41.0,38.0,23.0,27.0,32.0,36.0,41.0,32.0,33.0,24.0,34.0,38.0,30.0,31.0,34.0,33.0,27.0,35.0,26.0,30.0,37.0,31.0,41.0,31.0,28.0,34.0,42.0,24.0,29.0,34.0,29.0,38.0,45.0
28.0,32.0,35.0,40.0,42.0,25.0,29.0,31.0,39.0,29.0,25.0,31.0,29.0,23.0,34.0,38.0,32.0,44.0,31.0,39.0,37.0,34.0,31.0,42.0,35.0,28.0,37.0,40.0,26.0,32.0,26.0,41.0,27.0,30.0,28.0,27.0,39.0,44.0,25.0,32.0,26.0,28.0,31.0,34.0,27.0,43.0,27.0,29.0,36.0,31.0
33.0,26.0,30.0,30.0,44.0,31.0,39.0,33.0,27.0,26.0,39.0,30.0,27.0,35.0,32.0,33.0,23.0,28.0,24.0,26.0,28.0,31.0,25.0,30.0,27.0,44.0,26.0,35.0,26.0,30.0,37.0,27.0,28.0,44.0,31.0,30.0,22.0,23.0,30.0,30.0,32.0,30.0,37.0,29.0,33.0,34.0,20.0,35.0,43.0,25.0
28.0,28.0,24.0,26.0,36.0,32.0,22.0,35.0,35.0,37.0,29.0,24.0,33.0,26.0,31.0,44.0,25.0,34.0,37.0,31.0,32.0,25.0,24.0,28.0,34.0,24.0,32.0,25.0,29.0,26.0,40.0,28.0,31.0,39.0,24.0,26.0,31.0,28.0,24.0,28.0,36.0,33.0,31.0,41.0,28.0,35.0,29.0,22.0,29.0,40.0
