10,50,1000
19.496165,18.228662,18.718825,16.402216,16.510741,16.3822,15.700824,15.75977,16.857332,18.191748
8.344,9.686028,8.431854,9.240031,9.365332,6.199212,9.380129,6.472834,7.283899,7.462428
0.0,10.0,20.0,30.0,40.0,50.0,60.0,70.0,80.0,90.0
10.0,0.0,10.0,20.0,30.0,40.0,50.0,60.0,70.0,80.0
20.0,10.0,0.0,10.0,20.0,30.0,40.0,50.0,60.0,70.0
30.0,20.0,10.0,0.0,10.0,20.0,30.0,40.0,50.0,60.0
40.0,30.0,20.0,10.0,0.0,10.0,20.0,30.0,40.0,50.0
50.0,40.0,30.0,20.0,10.0,0.0,10.0,20.0,30.0,40.0
60.0,50.0,40.0,30.0,20.0,10.0,0.0,10.0,20.0,30.0
70.0,60.0,50.0,40.0,30.0,20.0,10.0,0.0,10.0,20.0
80.0,70.0,60.0,50.0,40.0,30.0,20.0,10.0,0.0,10.0
90.0,80.0,70.0,60.0,50.0,40.0,30.0,20.0,10.0,0.0
450.0,400.0,350.0,300.0,250.0,250.0,300.0,350.0,400.0,450.0
0.0,1.0,2.0,3.0,4.0,5.0,6.0,7.0,8.0,9.0
1.0,0.0,1.0,2.0,3.0,4.0,5.0,6.0,7.0,8.0
2.0,1.0,0.0,1.0,2.0,3.0,4.0,5.0,6.0,7.0
3.0,2.0,1.0,0.0,1.0,2.0,3.0,4.0,5.0,6.0
4.0,3.0,2.0,1.0,0.0,1.0,2.0,3.0,4.0,5.0
5.0,4.0,3.0,2.0,1.0,0.0,1.0,2.0,3.0,4.0
6.0,5.0,4.0,3.0,2.0,1.0,0.0,1.0,2.0,3.0
7.0,6.0,5.0,4.0,3.0,2.0,1.0,0.0,1.0,2.0
8.0,7.0,6.0,5.0,4.0,3.0,2.0,1.0,0.0,1.0
9.0,8.0,7.0,6.0,5.0,4.0,3.0,2.0,1.0,0.0
45.0,40.0,35.0,30.0,25.0,25.0,30.0,35.0,40.0,45.0
31.0,33.0,31.0,27.0,26.0,24.0,26.0,33.0,29.0,25.0,29.0,21.0,36.0,40.0,32.0,31.0,31.0,31.0,26.0,29.0,34.0,31.0,30.0,28.0,22.0,41.0,38.0,39.0,30.0,26.0,44.0,42.0,29.0,35.0,45.0,37.0,38.0,28.0,29.0,29.0,32.0,27.0,45.0,36.0,27.0,31.0,36.0,32.0,36.0,39.0
37.0,29.0,47.0,47.0,40.0,34.0,43.0,39.0,46.0,35.0,34.0,33.0,26.0,36.0,38.0,33.0,39.0,32.0,31.0,33.0,34.0,36.0,41.0,42.0,47.0,36.0,29.0,42.0,31.0,45.0,37.0,26.0,40.0,33.0,37.0,35.0,28.0,43.0,36.0,46.0,34.0,48.0,41.0,45.0,40.0,38.0,35.0,40.0,47.0,40.0
31.0,37.0,30.0,27.0,33.0,37.0,40.0,19.0,42.0,26.0,23.0,26.0,40.0,21.0,33.0,28.0,31.0,31.0,28.0,27.0,23.0,28.0,30.0,31.0,42.0,28.0,29.0,29.0,25.0,36.0,27.0,29.0,29.0,34.0,27.0,31.0,26.0,39.0,40.0,30.0,27.0,28.0,35.0,35.0,33.0,26.0,32.0,36.0,31.0,34.0
39.0,39.0,29.0,28.0,32.0,41.0,26.0,27.0,29.0,37.0,35.0,31.0,36.0,29.0,35.0,31.0,39.0,21.0,21.0,32.0,40.0,28.0,32.0,31.0,36.0,34.0,26.0,41.0,42.0,49.0,32.0,22.0,34.0,36.0,48.0,42.0,36.0,25.0,42.0,26.0,30.0,34.0,31.0,30.0,27.0,37.0,36.0,19.0,42.0,31.0
38.0,32.0,39.0,24.0,33.0,37.0,32.0,32.0,31.0,26.0,33.0,40.0,34.0,38.0,31.0,25.0,31.0,28.0,39.0,37.0,43.0,41.0,30.0,34.0,31.0,38.0,39.0,22.0,35.0,29.0,31.0,35.0,29.0,36.0,40.0,36.0,29.0,33.0,41.0,37.0,34.0,29.0,21.0,39.0,29.0,36.0,32.0,38.0,33.0,36.0
19.0,14.0,15.0,26.0,22.0,15.0,25.0,20.0,25.0,20.0,20.0,21.0,19.0,27.0,14.0,26.0,23.0,28.0,25.0,29.0,21.0,27.0,31.0,33.0,22.0,25.0,19.0,24.0,17.0,19.0,30.0,26.0,22.0,32.0,18.0,16.0,22.0,26.0,32.0,29.0,24.0,25.0,25.0,26.0,28.0,19.0,21.0,28.0,30.0,26.0
28.0,26.0,45.0,27.0,35.0,45.0,25.0,39.0,40.0,31.0,37.0,36.0,37.0,34.0,31.0,49.0,30.0,42.0,40.0,40.0,30.0,33.0,30.0,35.0,30.0,31.0,31.0,31.0,34.0,38.0,40.0,39.0,28.0,36.0,32.0,22.0,29.0,36.0,33.0,27.0,46.0,21.0,33.0,43.0,34.0,33.0,44.0,37.0,31.0,33.0
24.0,21.0,20.0,18.0,17.0,28.0,39.0,30.0,23.0,21.0,30.0,25.0,37.0,25.0,20.0,20.0,31.0,21.0,23.0,24.0,22.0,29.0,25.0,24.0,19.0,24.0,22.0,17.0,23.0,26.0,27.0,27.0,25.0,28.0,31.0,35.0,27.0,25.0,30.0,24.0,27.0,26.0,24.0,20.0,27.0,27.0,27.0,23.0,24.0,19.0
36.0,26.0,21.0,29.0,33.0,31.0,26.0,30.0,34.0,30.0,25.0,27.0,32.0,28.0,33.0,38.0,28.0,33.0,26.0,25.0,32.0,21.0,17.0,22.0,29.0,22.0,31.0,29.0,30.0,20.0,28.0,29.0,30.0,29.0,36.0,31.0,30.0,26.0,33.0,26.0,32.0,26.0,25.0,32.0,26.0,29.0,38.0,28.0,23.0,19.0
28.0,27.0,28.0,29.0,21.0,29.0,26.0,28.0,20.0,28.0,35.0,20.0,34.0,24.0,35.0,31.0,24.0,29.0,32.0,30.0,32.0,28.0,25.0,20.0,20.0,27.0,25.0,23.0,27.0,31.0,40.0,33.0,27.0,30.0,28.0,34.0,39.0,29.0,22.0,28.0,31.0,37.0,24.0,33.0,26.0,24.0,17.0,24.0,27.0,23.0
