10,50,1000
15.015536,19.976677,18.871779,15.219445,17.587383,19.240857,19.032932,19.460682,17.865017,16.049742
5.483342,5.463874,6.743411,6.56327,6.210885,8.376646,7.462593,9.402149,7.407644,8.351906
0.0,10.0,20.0,30.0,40.0,50.0,60.0,70.0,80.0,90.0
10.0,0.0,10.0,20.0,30.0,40.0,50.0,60.0,70.0,80.0
20.0,10.0,0.0,10.0,20.0,30.0,40.0,50.0,60.0,70.0
30.0,20.0,10.0,0.0,10.0,20.0,30.0,40.0,50.0,60.0
40.0,30.0,20.0,10.0,0.0,10.0,20.0,30.0,40.0,50.0
50.0,40.0,30.0,20.0,10.0,0.0,10.0,20.0,30.0,40.0
60.0,50.0,40.0,30.0,20.0,10.0,0.0,10.0,20.0,30.0
70.0,60.0,50.0,40.0,30.0,20.0,10.0,0.0,10.0,20.0
80.0,70.0,60.0,50.0,40.0,30.0,20.0,10.0,0.0,10.0
90.0,80.0,70.0,60.0,50.0,40.0,30.0,20.0,10.0,0.0
450.0,400.0,350.0,300.0,250.0,250.0,300.0,350.0,400.0,450.0
0.0,1.0,2.0,3.0,4.0,5.0,6.0,7.0,8.0,9.0
1.0,0.0,1.0,2.0,3.0,4.0,5.0,6.0,7.0,8.0
2.0,1.0,0.0,1.0,2.0,3.0,4.0,5.0,6.0,7.0
3.0,2.0,1.0,0.0,1.0,2.0,3.0,4.0,5.0,6.0
4.0,3.0,2.0,1.0,0.0,1.0,2.0,3.0,4.0,5.0
5.0,4.0,3.0,2.0,1.0,0.0,1.0,2.0,3.0,4.0
6.0,5.0,4.0,3.0,2.0,1.0,0.0,1.0,2.0,3.0
7.0,6.0,5.0,4.0,3.0,2.0,1.0,0.0,1.0,2.0
8.0,7.0,6.0,5.0,4.0,3.0,2.0,1.0,0.0,1.0
9.0,8.0,7.0,6.0,5.0,4.0,3.0,2.0,1.0,0.0
45.0,40.0,35.0,30.0,25.0,25.0,30.0,35.0,40.0,45.0
17.0,22.0,35.0,12.0,23.0,19.0,28.0,29.0,22.0,23.0,22.0,22.0,19.0,15.0,19.0,23.0,29.0,22.0,12.0,23.0,16.0,24.0,33.0,26.0,21.0,25.0,21.0,20.0,20.0,23.0,17.0,15.0,26.0,27.0,27.0,20.0,16.0,21.0,17.0,17.0,25.0,22.0,25.0,19.0,27.0,26.0,30.0,18.0,19.0,20.0
25.0,21.0,15.0,28.0,21.0,22.0,25.0,24.0,27.0,17.0,23.0,21.0,30.0,31.0,17.0,19.0,21.0,23.0,30.0,24.0,26.0,18.0,23.0,30.0,20.0,24.0,23.0,20.0,25.0,21.0,25.0,22.0,28.0,19.0,18.0,16.0,23.0,19.0,14.0,24.0,23.0,32.0,29.0,21.0,16.0,19.0,23.0,28.0,26.0,17.0
23.0,29.0,27.0,33.0,32.0,27.0,22.0,22.0,27.0,24.0,24.0,27.0,22.0,29.0,23.0,25.0,31.0,27.0,30.0,23.0,38.0,30.0,27.0,29.0,30.0,20.0,27.0,28.0,23.0,28.0,24.0,23.0,29.0,28.0,19.0,26.0,18.0,33.0,30.0,35.0,31.0,24.0,24.0,19.0,23.0,32.0,35.0,26.0,20.0,29.0
32.0,18.0,17.0,17.0,17.0,14.0,27.0,23.0,20.0,23.0,22.0,27.0,22.0,23.0,31.0,24.0,26.0,21.0,28.0,25.0,34.0,22.0,29.0,23.0,25.0,31.0,22.0,15.0,23.0,26.0,35.0,27.0,24.0,28.0,24.0,31.0,23.0,27.0,27.0,26.0,24.0,30.0,33.0,29.0,30.0,25.0,24.0,28.0,32.0,23.0
28.0,32.0,27.0,20.0,23.0,28.0,24.0,23.0,22.0,25.0,13.0,29.0,15.0,19.0,23.0,28.0,19.0,28.0,26.0,16.0,28.0,26.0,29.0,31.0,33.0,26.0,23.0,23.0,19.0,29.0,33.0,18.0,19.0,19.0,24.0,23.0,23.0,25.0,22.0,21.0,35.0,24.0,25.0,20.0,25.0,24.0,37.0,20.0,26.0,14.0
33.0,42.0,32.0,27.0,34.0,34.0,29.0,27.0,37.0,22.0,25.0,27.0,28.0,34.0,26.0,43.0,27.0,41.0,36.0,40.0,35.0,29.0,30.0,37.0,38.0,40.0,32.0,29.0,30.0,26.0,40.0,21.0,29.0,24.0,32.0,30.0,31.0,29.0,43.0,33.0,28.0,29.0,42.0,30.0,20.0,29.0,23.0,31.0,43.0,27.0
29.0,24.0,29.0,33.0,40.0,27.0,32.0,29.0,31.0,27.0,27.0,27.0,26.0,32.0,43.0,38.0,33.0,29.0,31.0,22.0,27.0,38.0,22.0,27.0,25.0,32.0,39.0,30.0,29.0,20.0,30.0,33.0,25.0,29.0,24.0,31.0,22.0,37.0,25.0,24.0,36.0,23.0,29.0,30.0,24.0,29.0,32.0,29.0,15.0,33.0
32.0,31.0,51.0,32.0,34.0,23.0,39.0,36.0,31.0,31.0,38.0,29.0,41.0,35.0,36.0,33.0,31.0,34.0,39.0,37.0,34.0,32.0,45.0,40.0,44.0,29.0,45.0,42.0,32.0,28.0,29.0,48.0,32.0,31.0,38.0,27.0,36.0,42.0,42.0,28.0,34.0,37.0,38.0,27.0,42.0,33.0,32.0,24.0,28.0,41.0
30.0,27.0,30.0,27.0,35.0,30.0,29.0,29.0,38.0,24.0,40.0,24.0,26.0,34.0,27.0,29.0,21.0,35.0,28.0,38.0,33.0,32.0,26.0,21.0,32.0,30.0,30.0,19.0,39.0,39.0,24.0,31.0,28.0,25.0,33.0,23.0,22.0,38.0,29.0,30.0,29.0,33.0,24.0,22.0,28.0,23.0,26.0,34.0,31.0,22.0
30.0,28.0,37.0,32.0,27.0,26.0,28.0,41.0,32.0,26.0,28.0,32.0,32.0,38.0,27.0,30.0,24.0,32.0,30.0,30.0,39.0,33.0,29.0,35.0,26.0,30.0,35.0,26.0,38.0,36.0,23.0,33.0,25.0,35.0,28.0,28.0,33.0,23.0,37.0,37.0,35.0,35.0,28.0,29.0,31.0,38.0,30.0,25.0,36.0,18.0
