10,50,1000
18.568254,16.158853,18.61007,18.418633,16.653271,19.855931,18.407276,17.329616,17.073392,15.726073
5.173454,9.216386,9.992483,9.276925,5.887392,9.598638,7.873361,7.167812,7.476603,9.358164
0.0,10.0,20.0,30.0,40.0,50.0,60.0,70.0,80.0,90.0
10.0,0.0,10.0,20.0,30.0,40.0,50.0,60.0,70.0,80.0
20.0,10.0,0.0,10.0,20.0,30.0,40.0,50.0,60.0,70.0
30.0,20.0,10.0,0.0,10.0,20.0,30.0,40.0,50.0,60.0
40.0,30.0,20.0,10.0,0.0,10.0,20.0,30.0,40.0,50.0
50.0,40.0,30.0,20.0,10.0,0.0,10.0,20.0,30.0,40.0
60.0,50.0,40.0,30.0,20.0,10.0,0.0,10.0,20.0,30.0
70.0,60.0,50.0,40.0,30.0,20.0,10.0,0.0,10.0,20.0
80.0,70.0,60.0,50.0,40.0,30.0,20.0,10.0,0.0,10.0
90.0,80.0,70.0,60.0,50.0,40.0,30.0,20.0,10.0,0.0
450.0,400.0,350.0,300.0,250.0,250.0,300.0,350.0,400.0,450.0
0.0,1.0,2.0,3.0,4.0,5.0,6.0,7.0,8.0,9.0
1.0,0.0,1.0,2.0,3.0,4.0,5.0,6.0,7.0,8.0
2.0,1.0,0.0,1.0,2.0,3.0,4.0,5.0,6.0,7.0
3.0,2.0,1.0,0.0,1.0,2.0,3.0,4.0,5.0,6.0
4.0,3.0,2.0,1.0,0.0,1.0,2.0,3.0,4.0,5.0
5.0,4.0,3.0,2.0,1.0,0.0,1.0,2.0,3.0,4.0
6.0,5.0,4.0,3.0,2.0,1.0,0.0,1.0,2.0,3.0
7.0,6.0,5.0,4.0,3.0,2.0,1.0,0.0,1.0,2.0
8.0,7.0,6.0,5.0,4.0,3.0,2.0,1.0,0.0,1.0
9.0,8.0,7.0,6.0,5.0,4.0,3.0,2.0,1.0,0.0
45.0,40.0,35.0,30.0,25.0,25.0,30.0,35.0,40.0,45.0
20.0,21.0,20.0,33.0,26.0,19.0,23.0,16.0,24.0,29.0,18.0,24.0,22.0,24.0,19.0,25.0,26.0,18.0,18.0,25.0,21.0,23.0,27.0,22.0,25.0,27.0,13.0,19.0,21.0,10.0,19.0,17.0,28.0,28.0,33.0,24.0,27.0,17.0,17.0,28.0,18.0,32.0,16.0,23.0,27.0,25.0,16.0,25.0,17.0,24.0
41.0,38.0,38.0,29.0,36.0,35.0,25.0,26.0,37.0,30.0,37.0,32.0,32.0,41.0,27.0,27.0,35.0,29.0,32.0,32.0,41.0,40.0,42.0,34.0,31.0,31.0,30.0,35.0,33.0,46.0,23.0,31.0,33.0,31.0,38.0,28.0,32.0,36.0,32.0,34.0,27.0,41.0,28.0,27.0,29.0,36.0,44.0,40.0,33.0,32.0
47.0,44.0,36.0,40.0,35.0,30.0,42.0,48.0,38.0,36.0,39.0,26.0,29.0,31.0,38.0,34.0,40.0,31.0,30.0,43.0,38.0,41.0,38.0,42.0,43.0,46.0,41.0,42.0,36.0,46.0,45.0,35.0,50.0,32.0,36.0,54.0,36.0,47.0,35.0,47.0,37.0,37.0,56.0,32.0,36.0,45.0,43.0,28.0,25.0,44.0
37.0,48.0,28.0,32.0,32.0,36.0,41.0,41.0,31.0,29.0,39.0,37.0,30.0,31.0,28.0,31.0,38.0,32.0,30.0,33.0,45.0,43.0,39.0,32.0,41.0,42.0,50.0,24.0,50.0,31.0,39.0,30.0,28.0,32.0,41.0,47.0,22.0,42.0,30.0,38.0,33.0,29.0,40.0,28.0,26.0,35.0,21.0,42.0,40.0,34.0
27.0,29.0,23.0,23.0,26.0,22.0,21.0,19.0,22.0,16.0,19.0,22.0,17.0,24.0,28.0,30.0,32.0,29.0,20.0,17.0,20.0,21.0,25.0,29.0,18.0,24.0,17.0,34.0,19.0,28.0,29.0,30.0,18.0,18.0,28.0,26.0,30.0,27.0,27.0,25.0,25.0,16.0,24.0,24.0,25.0,23.0,23.0,23.0,28.0,19.0
35.0,36.0,22.0,33.0,35.0,31.0,35.0,31.0,44.0,44.0,36.0,31.0,42.0,42.0,45.0,30.0,32.0,35.0,41.0,40.0,43.0,35.0,43.0,31.0,34.0,36.0,38.0,38.0,33.0,34.0,40.0,38.0,29.0,36.0,44.0,39.0,40.0,33.0,44.0,28.0,37.0,39.0,36.0,39.0,37.0,29.0,30.0,48.0,37.0,47.0
33.0,21.0,37.0,29.0,29.0,35.0,26.0,25.0,27.0,23.0,30.0,27.0,33.0,22.0,29.0,32.0,30.0,26.0,23.0,30.0,39.0,30.0,26.0,19.0,39.0,26.0,30.0,34.0,28.0,24.0,38.0,33.0,34.0,25.0,28.0,16.0,30.0,36.0,31.0,22.0,17.0,34.0,25.0,22.0,36.0,32.0,34.0,24.0,32.0,36.0
28.0,26.0,22.0,19.0,33.0,30.0,29.0,26.0,24.0,38.0,27.0,34.0,30.0,37.0,37.0,31.0,28.0,26.0,25.0,38.0,24.0,28.0,27.0,26.0,28.0,30.0,24.0,28.0,28.0,40.0,28.0,30.0,21.0,24.0,22.0,33.0,30.0,25.0,26.0,29.0,27.0,34.0,28.0,23.0,26.0,32.0,36.0,37.0,22.0,31.0
33.0,32.0,36.0,23.0,29.0,22.0,36.0,26.0,30.0,29.0,34.0,26.0,36.0,32.0,32.0,31.0,27.0,36.0,28.0,31.0,25.0,26.0,32.0,27.0,19.0,22.0,23.0,22.0,28.0,23.0,23.0,38.0,27.0,33.0,23.0,34.0,31.0,30.0,34.0,22.0,21.0,29.0,26.0,27.0,31.0,32.0,34.0,30.0,24.0,31.0
31.0,35.0,41.0,39.0,37.0,45.0,43.0,39.0,43.0,28.0,33.0,41.0,35.0,33.0,32.0,37.0,44.0,30.0,32.0,33.0,30.0,35.0,39.0,29.0,26.0,34.0,34.0,34.0,44.0,27.0,42.0,32.0,26.0,34.0,35.0,40.0,30.0,32.0,38.0,28.0,33.0,26.0,32.0,32.0,33.0,25.0,38.0,21.0,33.0,38.0
