10,50,1000
16.881866,18.794735,19.291051,16.678508,19.422445,17.664701,18.305217,17.395361,15.677066,18.200095
6.463699,5.165328,5.787229,9.223638,7.695858,6.347056,7.065336,6.213581,7.878712,5.133448
0.0,10.0,20.0,30.0,40.0,50.0,60.0,70.0,80.0,90.0
10.0,0.0,10.0,20.0,30.0,40.0,50.0,60.0,70.0,80.0
20.0,10.0,0.0,10.0,20.0,30.0,40.0,50.0,60.0,70.0
30.0,20.0,10.0,0.0,10.0,20.0,30.0,40.0,50.0,60.0
40.0,30.0,20.0,10.0,0.0,10.0,20.0,30.0,40.0,50.0
50.0,40.0,30.0,20.0,10.0,0.0,10.0,20.0,30.0,40.0
60.0,50.0,40.0,30.0,20.0,10.0,0.0,10.0,20.0,30.0
70.0,60.0,50.0,40.0,30.0,20.0,10.0,0.0,10.0,20.0
80.0,70.0,60.0,50.0,40.0,30.0,20.0,10.0,0.0,10.0
90.0,80.0,70.0,60.0,50.0,40.0,30.0,20.0,10.0,0.0
450.0,400.0,350.0,300.0,250.0,250.0,300.0,350.0,400.0,450.0
0.0,1.0,2.0,3.0,4.0,5.0,6.0,7.0,8.0,9.0
1.0,0.0,1.0,2.0,3.0,4.0,5.0,6.0,7.0,8.0
2.0,1.0,0.0,1.0,2.0,3.0,4.0,5.0,6.0,7.0
3.0,2.0,1.0,0.0,1.0,2.0,3.0,4.0,5.0,6.0
4.0,3.0,2.0,1.0,0.0,1.0,2.0,3.0,4.0,5.0
5.0,4.0,3.0,2.0,1.0,0.0,1.0,2.0,3.0,4.0
6.0,5.0,4.0,3.0,2.0,1.0,0.0,1.0,2.0,3.0
7.0,6.0,5.0,4.0,3.0,2.0,1.0,0.0,1.0,2.0
8.0,7.0,6.0,5.0,4.0,3.0,2.0,1.0,0.0,1.0
9.0,8.0,7.0,6.0,5.0,4.0,3.0,2.0,1.0,0.0
45.0,40.0,35.0,30.0,25.0,25.0,30.0,35.0,40.0,45.0
26.0,28.0,25.0,25.0,27.0,22.0,18.0,24.0,23.0,16.0,23.0,21.0,32.0,18.0,24.0,31.0,25.0,31.0,24.0,21.0,29.0,32.0,23.0,29.0,14.0,23.0,25.0,23.0,28.0,20.0,29.0,25.0,19.0,22.0,24.0,25.0,25.0,29.0,21.0,26.0,28.0,25.0,22.0,18.0,33.0,24.0,33.0,20.0,28.0,21.0
29.0,16.0,24.0,20.0,20.0,25.0,28.0,15.0,25.0,14.0,20.0,22.0,21.0,14.0,22.0,14.0,19.0,29.0,24.0,20.0,29.0,19.0,16.0,21.0,23.0,20.0,22.0,34.0,28.0,20.0,24.0,32.0,21.0,24.0,26.0,21.0,25.0,20.0,24.0,20.0,23.0,21.0,25.0,27.0,17.0,17.0,30.0,22.0,22.0,19.0
37.0,27.0,18.0,21.0,28.0,18.0,26.0,28.0,27.0,21.0,33.0,23.0,22.0,23.0,22.0,24.0,22.0,20.0,31.0,24.0,24.0,22.0,26.0,13.0,18.0,23.0,38.0,25.0,34.0,19.0,23.0,23.0,22.0,24.0,31.0,24.0,24.0,33.0,28.0,26.0,24.0,19.0,30.0,19.0,22.0,24.0,27.0,30.0,29.0,21.0
33.0,36.0,40.0,39.0,39.0,36.0,28.0,42.0,35.0,38.0,35.0,27.0,30.0,29.0,42.0,37.0,37.0,34.0,46.0,24.0,35.0,30.0,37.0,40.0,24.0,23.0,37.0,29.0,29.0,29.0,33.0,35.0,40.0,27.0,45.0,33.0,39.0,36.0,35.0,30.0,37.0,33.0,30.0,25.0,27.0,42.0,33.0,25.0,35.0,34.0
26.0,31.0,28.0,34.0,22.0,44.0,31.0,32.0,26.0,25.0,33.0,23.0,24.0,31.0,24.0,30.0,27.0,37.0,30.0,39.0,25.0,28.0,23.0,33.0,28.0,33.0,34.0,36.0,27.0,18.0,28.0,37.0,30.0,25.0,22.0,23.0,30.0,23.0,42.0,30.0,32.0,27.0,31.0,23.0,35.0,31.0,28.0,38.0,35.0,34.0
21.0,24.0,21.0,20.0,26.0,20.0,41.0,24.0,27.0,17.0,28.0,22.0,25.0,31.0,19.0,28.0,21.0,28.0,25.0,21.0,21.0,22.0,22.0,29.0,32.0,28.0,24.0,31.0,31.0,19.0,27.0,19.0,26.0,30.0,26.0,16.0,20.0,27.0,22.0,22.0,21.0,32.0,26.0,28.0,32.0,30.0,21.0,26.0,29.0,27.0
31.0,33.0,21.0,25.0,24.0,33.0,32.0,24.0,25.0,20.0,22.0,29.0,36.0,36.0,27.0,25.0,25.0,25.0,22.0,33.0,29.0,24.0,26.0,25.0,23.0,28.0,28.0,20.0,29.0,20.0,23.0,24.0,27.0,33.0,35.0,24.0,33.0,27.0,22.0,43.0,40.0,34.0,22.0,25.0,27.0,24.0,22.0,28.0,27.0,35.0
22.0,29.0,19.0,25.0,26.0,31.0,20.0,31.0,24.0,22.0,21.0,26.0,26.0,17.0,28.0,18.0,28.0,24.0,26.0,22.0,20.0,24.0,23.0,22.0,19.0,22.0,31.0,16.0,31.0,22.0,28.0,29.0,23.0,17.0,22.0,21.0,26.0,22.0,25.0,25.0,22.0,27.0,21.0,27.0,20.0,24.0,24.0,13.0,27.0,24.0
23.0,25.0,25.0,21.0,29.0,23.0,30.0,32.0,29.0,33.0,19.0,28.0,33.0,30.0,32.0,24.0,27.0,32.0,36.0,32.0,26.0,31.0,22.0,26.0,21.0,28.0,31.0,32.0,23.0,37.0,35.0,27.0,27.0,23.0,24.0,34.0,32.0,24.0,29.0,24.0,30.0,27.0,33.0,29.0,27.0,34.0,24.0,29.0,32.0,40.0
21.0,20.0,19.0,26.0,24.0,21.0,24.0,17.0,16.0,20.0,28.0,22.0,21.0,18.0,22.0,25.0,20.0,28.0,24.0,28.0,29.0,21.0,19.0,26.0,19.0,26.0,17.0,19.0,21.0,17.0,22.0,25.0,24.0,27.0,17.0,9.0,31.0,22.0,17.0,17.0,22.0,18.0,21.0,17.0,19.0,22.0,23.0,18.0,23.0,21.0
