10,50,1000
19.048735,17.45708,16.535857,18.22861,17.671892,18.549508,15.447548,16.002487,17.310347,19.340996
7.912724,9.115787,7.98235,6.780448,5.971046,6.27951,8.724321,6.797786,5.093725,9.740191
0.0,10.0,20.0,30.0,40.0,50.0,60.0,70.0,80.0,90.0
10.0,0.0,10.0,20.0,30.0,40.0,50.0,60.0,70.0,80.0
20.0,10.0,0.0,10.0,20.0,30.0,40.0,50.0,60.0,70.0
30.0,20.0,10.0,0.0,10.0,20.0,30.0,40.0,50.0,60.0
40.0,30.0,20.0,10.0,0.0,10.0,20.0,30.0,40.0,50.0
50.0,40.0,30.0,20.0,10.0,0.0,10.0,20.0,30.0,40.0
60.0,50.0,40.0,30.0,20.0,10.0,0.0,10.0,20.0,30.0
70.0,60.0,50.0,40.0,30.0,20.0,10.0,0.0,10.0,20.0
80.0,70.0,60.0,50.0,40.0,30.0,20.0,10.0,0.0,10.0
90.0,80.0,70.0,60.0,50.0,40.0,30.0,20.0,10.0,0.0
450.0,400.0,350.0,300.0,250.0,250.0,300.0,350.0,400.0,450.0
0.0,1.0,2.0,3.0,4.0,5.0,6.0,7.0,8.0,9.0
1.0,0.0,1.0,2.0,3.0,4.0,5.0,6.0,7.0,8.0
2.0,1.0,0.0,1.0,2.0,3.0,4.0,5.0,6.0,7.0
3.0,2.0,1.0,0.0,1.0,2.0,3.0,4.0,5.0,6.0
4.0,3.0,2.0,1.0,0.0,1.0,2.0,3.0,4.0,5.0
5.0,4.0,3.0,2.0,1.0,0.0,1.0,2.0,3.0,4.0
6.0,5.0,4.0,3.0,2.0,1.0,0.0,1.0,2.0,3.0
7.0,6.0,5.0,4.0,3.0,2.0,1.0,0.0,1.0,2.0
8.0,7.0,6.0,5.0,4.0,3.0,2.0,1.0,0.0,1.0
9.0,8.0,7.0,6.0,5.0,4.0,3.0,2.0,1.0,0.0
45.0,40.0,35.0,30.0,25.0,25.0,30.0,35.0,40.0,45.0
20.0,27.0,30.0,26.0,28.0,38.0,21.0,27.0,23.0,28.0,24.0,34.0,31.0,33.0,22.0,41.0,38.0,34.0,24.0,27.0,38.0,37.0,31.0,35.0,42.0,36.0,22.0,27.0,34.0,27.0,34.0,23.0,30.0,37.0,23.0,32.0,25.0,38.0,25.0,26.0,28.0,29.0,35.0,27.0,33.0,38.0,29.0,26.0,34.0,32.0
42.0,34.0,34.0,31.0,32.0,29.0,31.0,31.0,35.0,43.0,23.0,27.0,31.0,31.0,39.0,32.0,23.0,35.0,38.0,38.0,33.0,33.0,45.0,36.0,39.0,31.0,32.0,38.0,39.0,27.0,36.0,31.0,21.0,38.0,41.0,31.0,29.0,42.0,28.0,39.0,33.0,40.0,23.0,26.0,28.0,29.0,53.0,35.0,24.0,37.0
40.0,39.0,32.0,39.0,27.0,26.0,27.0,32.0,43.0,34.0,27.0,33.0,30.0,33.0,38.0,33.0,27.0,30.0,26.0,32.0,31.0,25.0,29.0,33.0,31.0,28.0,30.0,25.0,29.0,28.0,22.0,47.0,35.0,26.0,37.0,33.0,31.0,30.0,30.0,25.0,30.0,42.0,17.0,29.0,29.0,34.0,32.0,27.0,36.0,21.0
30.0,23.0,23.0,35.0,27.0,31.0,30.0,25.0,27.0,32.0,28.0,20.0,27.0,17.0,26.0,30.0,27.0,24.0,31.0,31.0,22.0,30.0,23.0,36.0,24.0,29.0,34.0,20.0,34.0,29.0,35.0,33.0,34.0,31.0,32.0,28.0,21.0,23.0,24.0,27.0,20.0,25.0,18.0,22.0,25.0,24.0,28.0,38.0,28.0,20.0
25.0,30.0,25.0,28.0,22.0,31.0,27.0,18.0,33.0,15.0,25.0,23.0,19.0,23.0,25.0,19.0,22.0,21.0,18.0,18.0,19.0,31.0,21.0,28.0,25.0,21.0,23.0,22.0,21.0,29.0,19.0,20.0,25.0,29.0,24.0,25.0,24.0,30.0,22.0,22.0,34.0,26.0,18.0,20.0,27.0,25.0,28.0,16.0,17.0,30.0
22.0,23.0,26.0,27.0,24.0,26.0,25.0,23.0,20.0,21.0,29.0,25.0,22.0,22.0,21.0,32.0,26.0,24.0,25.0,18.0,30.0,21.0,27.0,34.0,25.0,33.0,32.0,25.0,32.0,19.0,24.0,29.0,34.0,28.0,29.0,19.0,40.0,29.0,20.0,21.0,20.0,38.0,34.0,26.0,30.0,23.0,33.0,33.0,27.0,29.0
34.0,34.0,32.0,30.0,34.0,33.0,34.0,30.0,32.0,34.0,32.0,33.0,38.0,31.0,30.0,36.0,43.0,27.0,31.0,44.0,31.0,31.0,31.0,35.0,30.0,27.0,30.0,42.0,32.0,34.0,31.0,27.0,23.0,36.0,34.0,33.0,37.0,33.0,22.0,24.0,27.0,36.0,24.0,26.0,35.0,40.0,32.0,35.0,37.0,39.0
27.0,27.0,27.0,24.0,30.0,30.0,27.0,32.0,27.0,22.0,22.0,33.0,23.0,26.0,25.0,18.0,24.0,25.0,16.0,23.0,26.0,28.0,26.0,24.0,20.0,19.0,24.0,23.0,28.0,23.0,16.0,30.0,28.0,24.0,21.0,20.0,22.0,23.0,25.0,25.0,18.0,21.0,25.0,28.0,23.0,28.0,36.0,24.0,22.0,26.0
24.0,20.0,18.0,18.0,16.0,19.0,25.0,26.0,20.0,18.0,25.0,22.0,18.0,16.0,23.0,25.0,30.0,22.0,18.0,20.0,15.0,17.0,19.0,17.0,21.0,18.0,21.0,21.0,29.0,18.0,21.0,17.0,29.0,22.0,17.0,15.0,18.0,11.0,24.0,15.0,22.0,27.0,24.0,22.0,21.0,13.0,28.0,28.0,22.0,15.0
35.0,42.0,41.0,21.0,44.0,32.0,45.0,40.0,32.0,38.0,32.0,45.0,42.0,42.0,43.0,39.0,43.0,50.0,46.0,31.0,32.0,34.0,35.0,44.0,39.0,31.0,33.0,33.0,33.0,42.0,29.0,46.0,32.0,38.0,33.0,32.0,37.0,25.0,29.0,26.0,41.0,30.0,49.0,33.0,32.0,41.0,37.0,35.0,29.0,21.0
