10,50,1000
18.958227,17.378533,16.343316,15.013401,17.105857,15.845086,16.040369,15.096349,17.345855,18.622749
7.253383,8.583593,5.543142,8.113874,7.525447,9.181975,7.568291,9.381596,7.604354,6.656409
0.0,10.0,20.0,30.0,40.0,50.0,60.0,70.0,80.0,90.0
10.0,0.0,10.0,20.0,30.0,40.0,50.0,60.0,70.0,80.0
20.0,10.0,0.0,10.0,20.0,30.0,40.0,50.0,60.0,70.0
30.0,20.0,10.0,0.0,10.0,20.0,30.0,40.0,50.0,60.0
40.0,30.0,20.0,10.0,0.0,10.0,20.0,30.0,40.0,50.0
50.0,40.0,30.0,20.0,10.0,0.0,10.0,20.0,30.0,40.0
60.0,50.0,40.0,30.0,20.0,10.0,0.0,10.0,20.0,30.0
70.0,60.0,50.0,40.0,30.0,20.0,10.0,0.0,10.0,20.0
80.0,70.0,60.0,50.0,40.0,30.0,20.0,10.0,0.0,10.0
90.0,80.0,70.0,60.0,50.0,40.0,30.0,20.0,10.0,0.0
450.0,400.0,350.0,300.0,250.0,250.0,300.0,350.0,400.0,450.0
0.0,1.0,2.0,3.0,4.0,5.0,6.0,7.0,8.0,9.0
1.0,0.0,1.0,2.0,3.0,4.0,5.0,6.0,7.0,8.0
2.0,1.0,0.0,1.0,2.0,3.0,4.0,5.0,6.0,7.0
3.0,2.0,1.0,0.0,1.0,2.0,3.0,4.0,5.0,6.0
4.0,3.0,2.0,1.0,0.0,1.0,2.0,3.0,4.0,5.0
5.0,4.0,3.0,2.0,1.0,0.0,1.0,2.0,3.0,4.0
6.0,5.0,4.0,3.0,2.0,1.0,0.0,1.0,2.0,3.0
7.0,6.0,5.0,4.0,3.0,2.0,1.0,0.0,1.0,2.0
8.0,7.0,6.0,5.0,4.0,3.0,2.0,1.0,0.0,1.0
9.0,8.0,7.0,6.0,5.0,4.0,3.0,2.0,1.0,0.0
45.0,40.0,35.0,30.0,25.0,25.0,30.0,35.0,40.0,45.0
28.0,30.0,30.0,26.0,26.0,19.0,29.0,22.0,28.0,23.0,24.0,27.0,28.0,26.0,24.0,23.0,30.0,22.0,22.0,23.0,24.0,29.0,29.0,32.0,26.0,35.0,30.0,26.0,25.0,27.0,26.0,26.0,26.0,24.0,29.0,20.0,28.0,34.0,26.0,29.0,42.0,32.0,25.0,33.0,24.0,33.0,32.0,25.0,18.0,29.0
31.0,30.0,30.0,37.0,41.0,30.0,27.0,27.0,33.0,36.0,31.0,36.0,40.0,26.0,32.0,29.0,29.0,37.0,41.0,28.0,22.0,34.0,30.0,32.0,38.0,29.0,42.0,32.0,28.0,31.0,35.0,41.0,33.0,22.0,31.0,22.0,29.0,21.0,37.0,36.0,35.0,34.0,28.0,35.0,28.0,35.0,25.0,33.0,38.0,36.0
27.0,17.0,20.0,26.0,17.0,17.0,28.0,16.0,22.0,23.0,23.0,15.0,24.0,21.0,16.0,24.0,22.0,34.0,22.0,23.0,26.0,22.0,17.0,31.0,16.0,28.0,21.0,32.0,21.0,20.0,12.0,19.0,18.0,25.0,21.0,21.0,15.0,31.0,28.0,25.0,26.0,15.0,22.0,28.0,19.0,12.0,29.0,24.0,17.0,24.0
27.0,24.0,39.0,29.0,32.0,31.0,19.0,23.0,35.0,27.0,34.0,32.0,24.0,28.0,29.0,37.0,33.0,27.0,34.0,35.0,36.0,26.0,35.0,32.0,29.0,28.0,29.0,30.0,30.0,28.0,31.0,33.0,34.0,29.0,33.0,41.0,36.0,29.0,34.0,29.0,24.0,36.0,28.0,29.0,22.0,26.0,27.0,30.0,33.0,29.0
26.0,41.0,25.0,30.0,35.0,30.0,25.0,37.0,32.0,22.0,31.0,30.0,28.0,29.0,26.0,25.0,35.0,27.0,34.0,36.0,26.0,40.0,23.0,30.0,26.0,28.0,33.0,39.0,23.0,35.0,29.0,28.0,26.0,23.0,28.0,31.0,33.0,28.0,22.0,36.0,29.0,32.0,25.0,28.0,31.0,32.0,19.0,33.0,24.0,32.0
37.0,36.0,30.0,31.0,32.0,33.0,32.0,43.0,45.0,28.0,29.0,30.0,39.0,28.0,34.0,29.0,27.0,25.0,37.0,45.0,22.0,40.0,33.0,39.0,31.0,36.0,30.0,30.0,44.0,32.0,32.0,26.0,38.0,23.0,32.0,28.0,40.0,31.0,30.0,42.0,31.0,44.0,35.0,28.0,40.0,29.0,36.0,32.0,32.0,37.0
32.0,37.0,26.0,29.0,31.0,28.0,33.0,29.0,26.0,32.0,24.0,23.0,27.0,28.0,27.0,30.0,28.0,34.0,25.0,27.0,32.0,26.0,26.0,23.0,28.0,27.0,27.0,42.0,27.0,28.0,34.0,21.0,26.0,27.0,37.0,23.0,24.0,27.0,28.0,26.0,24.0,33.0,30.0,28.0,28.0,32.0,26.0,38.0,28.0,26.0
30.0,41.0,26.0,33.0,33.0,34.0,42.0,23.0,32.0,27.0,30.0,38.0,34.0,35.0,41.0,36.0,31.0,35.0,43.0,33.0,38.0,34.0,36.0,35.0,39.0,39.0,36.0,41.0,26.0,35.0,36.0,32.0,36.0,38.0,35.0,38.0,43.0,22.0,33.0,40.0,32.0,29.0,36.0,41.0,28.0,36.0,36.0,30.0,36.0,29.0
28.0,20.0,33.0,30.0,28.0,31.0,26.0,33.0,33.0,30.0,43.0,23.0,30.0,30.0,33.0,25.0,22.0,26.0,32.0,19.0,31.0,31.0,25.0,22.0,28.0,33.0,24.0,26.0,28.0,33.0,34.0,27.0,23.0,27.0,36.0,27.0,26.0,25.0,29.0,25.0,36.0,30.0,29.0,31.0,27.0,18.0,24.0,32.0,21.0,29.0
26.0,29.0,22.0,24.0,26.0,26.0,24.0,25.0,11.0,23.0,32.0,30.0,24.0,22.0,20.0,25.0,15.0,28.0,27.0,24.0,22.0,29.0,32.0,23.0,23.0,21.0,27.0,29.0,19.0,24.0,25.0,25.0,30.0,21.0,24.0,39.0,26.0,20.0,27.0,27.0,16.0,28.0,29.0,20.0,30.0,19.0,21.0,22.0,19.0,34.0
