10,50,1000
16.249257,15.177171,19.97739,15.570488,17.802893,16.744851,19.491918,15.014481,15.412139,15.678093
9.465163,5.18564,9.339555,6.262584,8.598331,8.991934,9.888584,9.468061,7.539033,9.666466
0.0,10.0,20.0,30.0,40.0,50.0,60.0,70.0,80.0,90.0
10.0,0.0,10.0,20.0,30.0,40.0,50.0,60.0,70.0,80.0
20.0,10.0,0.0,10.0,20.0,30.0,40.0,50.0,60.0,70.0
30.0,20.0,10.0,0.0,10.0,20.0,30.0,40.0,50.0,60.0
40.0,30.0,20.0,10.0,0.0,10.0,20.0,30.0,40.0,50.0
50.0,40.0,30.0,20.0,10.0,0.0,10.0,20.0,30.0,40.0
60.0,50.0,40.0,30.0,20.0,10.0,0.0,10.0,20.0,30.0
70.0,60.0,50.0,40.0,30.0,20.0,10.0,0.0,10.0,20.0
80.0,70.0,60.0,50.0,40.0,30.0,20.0,10.0,0.0,10.0
90.0,80.0,70.0,60.0,50.0,40.0,30.0,20.0,10.0,0.0
450.0,400.0,350.0,300.0,250.0,250.0,300.0,350.0,400.0,450.0
0.0,1.0,2.0,3.0,4.0,5.0,6.0,7.0,8.0,9.0
1.0,0.0,1.0,2.0,3.0,4.0,5.0,6.0,7.0,8.0
2.0,1.0,0.0,1.0,2.0,3.0,4.0,5.0,6.0,7.0
3.0,2.0,1.0,0.0,1.0,2.0,3.0,4.0,5.0,6.0
4.0,3.0,2.0,1.0,0.0,1.0,2.0,3.0,4.0,5.0
5.0,4.0,3.0,2.0,1.0,0.0,1.0,2.0,3.0,4.0
6.0,5.0,4.0,3.0,2.0,1.0,0.0,1.0,2.0,3.0
7.0,6.0,5.0,4.0,3.0,2.0,1.0,0.0,1.0,2.0
8.0,7.0,6.0,5.0,4.0,3.0,2.0,1.0,0.0,1.0
9.0,8.0,7.0,6.0,5.0,4.0,3.0,2.0,1.0,0.0
45.0,40.0,35.0,30.0,25.0,25.0,30.0,35.0,40.0,45.0
38.0,33.0,34.0,41.0,27.0,39.0,35.0,31.0,29.0,34.0,45.0,30.0,28.0,32.0,39.0,34.0,42.0,31.0,42.0,29.0,37.0,36.0,31.0,27.0,35.0,39.0,46.0,38.0,34.0,42.0,17.0,38.0,34.0,43.0,50.0,33.0,54.0,26.0,38.0,34.0,23.0,30.0,35.0,32.0,39.0,32.0,30.0,37.0,42.0,39.0
20.0,21.0,24.0,22.0,19.0,21.0,16.0,30.0,22.0,29.0,20.0,20.0,22.0,28.0,22.0,34.0,23.0,14.0,17.0,21.0,25.0,20.0,9.0,19.0,26.0,27.0,24.0,22.0,25.0,18.0,26.0,25.0,29.0,26.0,11.0,20.0,23.0,19.0,20.0,23.0,23.0,19.0,19.0,19.0,19.0,24.0,18.0,19.0,16.0,14.0
35.0,35.0,38.0,36.0,31.0,54.0,36.0,35.0,25.0,32.0,32.0,31.0,46.0,43.0,31.0,29.0,36.0,50.0,32.0,24.0,33.0,30.0,31.0,35.0,35.0,38.0,38.0,38.0,39.0,32.0,40.0,30.0,36.0,34.0,22.0,34.0,35.0,38.0,29.0,35.0,54.0,26.0,31.0,36.0,48.0,45.0,26.0,39.0,36.0,36.0
19.0,21.0,19.0,27.0,29.0,18.0,21.0,31.0,16.0,29.0,24.0,21.0,28.0,23.0,28.0,24.0,25.0,16.0,26.0,22.0,20.0,28.0,18.0,21.0,21.0,25.0,23.0,26.0,19.0,11.0,13.0,28.0,21.0,16.0,22.0,25.0,15.0,20.0,26.0,21.0,30.0,25.0,31.0,25.0,25.0,33.0,21.0,20.0,24.0,17.0
41.0,23.0,30.0,23.0,30.0,28.0,30.0,36.0,36.0,27.0,41.0,34.0,31.0,38.0,25.0,27.0,36.0,34.0,38.0,44.0,33.0,43.0,37.0,32.0,31.0,32.0,32.0,27.0,35.0,30.0,30.0,32.0,29.0,31.0,31.0,35.0,40.0,28.0,32.0,26.0,34.0,25.0,32.0,30.0,42.0,28.0,26.0,25.0,41.0,43.0
34.0,26.0,32.0,33.0,35.0,37.0,31.0,32.0,29.0,34.0,24.0,50.0,27.0,32.0,35.0,31.0,39.0,24.0,51.0,33.0,29.0,30.0,34.0,36.0,40.0,30.0,27.0,32.0,31.0,36.0,23.0,20.0,30.0,29.0,35.0,22.0,34.0,39.0,40.0,25.0,25.0,32.0,27.0,29.0,35.0,31.0,43.0,40.0,31.0,34.0
45.0,51.0,48.0,34.0,40.0,42.0,36.0,32.0,29.0,37.0,47.0,38.0,37.0,39.0,36.0,32.0,35.0,25.0,45.0,47.0,32.0,44.0,32.0,36.0,50.0,36.0,34.0,31.0,37.0,20.0,26.0,41.0,27.0,45.0,39.0,47.0,37.0,37.0,48.0,28.0,31.0,37.0,48.0,37.0,35.0,32.0,38.0,37.0,36.0,28.0
33.0,35.0,25.0,34.0,49.0,39.0,35.0,34.0,42.0,29.0,35.0,32.0,33.0,32.0,40.0,39.0,35.0,38.0,34.0,32.0,32.0,29.0,45.0,36.0,35.0,30.0,36.0,27.0,34.0,34.0,42.0,28.0,31.0,31.0,37.0,33.0,32.0,26.0,39.0,42.0,31.0,29.0,31.0,41.0,42.0,34.0,39.0,37.0,52.0,28.0
22.0,39.0,27.0,28.0,31.0,26.0,19.0,35.0,41.0,34.0,21.0,36.0,45.0,32.0,26.0,23.0,22.0,27.0,27.0,30.0,34.0,31.0,34.0,26.0,17.0,24.0,31.0,22.0,32.0,21.0,32.0,25.0,24.0,24.0,33.0,25.0,32.0,27.0,32.0,28.0,47.0,27.0,22.0,26.0,29.0,34.0,23.0,38.0,29.0,30.0
31.0,39.0,36.0,38.0,40.0,42.0,38.0,34.0,34.0,34.0,40.0,32.0,44.0,26.0,34.0,33.0,33.0,34.0,42.0,31.0,39.0,32.0,48.0,24.0,39.0,24.0,29.0,31.0,34.0,48.0,30.0,35.0,26.0,32.0,31.0,38.0,41.0,41.0,26.0,26.0,45.0,32.0,29.0,36.0,41.0,38.0,25.0,31.0,37.0,39.0
