10,50,1000
17.661852,16.653232,16.735209,17.092596,19.577059,18.315148,18.03588,17.277444,16.404863,18.838563
8.270114,8.066627,8.894457,7.3268,6.940667,9.618489,6.17796,5.591688,9.66722,6.862813
0.0,10.0,20.0,30.0,40.0,50.0,60.0,70.0,80.0,90.0
10.0,0.0,10.0,20.0,30.0,40.0,50.0,60.0,70.0,80.0
20.0,10.0,0.0,10.0,20.0,30.0,40.0,50.0,60.0,70.0
30.0,20.0,10.0,0.0,10.0,20.0,30.0,40.0,50.0,60.0
40.0,30.0,20.0,10.0,0.0,10.0,20.0,30.0,40.0,50.0
50.0,40.0,30.0,20.0,10.0,0.0,10.0,20.0,30.0,40.0
60.0,50.0,40.0,30.0,20.0,10.0,0.0,10.0,20.0,30.0
70.0,60.0,50.0,40.0,30.0,20.0,10.0,0.0,10.0,20.0
80.0,70.0,60.0,50.0,40.0,30.0,20.0,10.0,0.0,10.0
90.0,80.0,70.0,60.0,50.0,40.0,30.0,20.0,10.0,0.0
450.0,400.0,350.0,300.0,250.0,250.0,300.0,350.0,400.0,450.0
0.0,1.0,2.0,3.0,4.0,5.0,6.0,7.0,8.0,9.0
1.0,0.0,1.0,2.0,3.0,4.0,5.0,6.0,7.0,8.0
2.0,1.0,0.0,1.0,2.0,3.0,4.0,5.0,6.0,7.0
3.0,2.0,1.0,0.0,1.0,2.0,3.0,4.0,5.0,6.0
4.0,3.0,2.0,1.0,0.0,1.0,2.0,3.0,4.0,5.0
5.0,4.0,3.0,2.0,1.0,0.0,1.0,2.0,3.0,4.0
6.0,5.0,4.0,3.0,2.0,1.0,0.0,1.0,2.0,3.0
7.0,6.0,5.0,4.0,3.0,2.0,1.0,0.0,1.0,2.0
8.0,7.0,6.0,5.0,4.0,3.0,2.0,1.0,0.0,1.0
9.0,8.0,7.0,6.0,5.0,4.0,3.0,2.0,1.0,0.0
45.0,40.0,35.0,30.0,25.0,25.0,30.0,35.0,40.0,45.0
32.0,34.0,29.0,23.0,35.0,31.0,36.0,23.0,28.0,27.0,24.0,30.0,26.0,24.0,35.0,38.0,33.0,38.0,31.0,35.0,33.0,32.0,34.0,32.0,32.0,38.0,30.0,33.0,30.0,29.0,36.0,46.0,32.0,39.0,29.0,22.0,34.0,32.0,30.0,32.0,19.0,27.0,36.0,28.0,38.0,28.0,30.0,34.0,26.0,30.0
31.0,35.0,23.0,22.0,37.0,31.0,26.0,29.0,19.0,29.0,36.0,37.0,32.0,35.0,34.0,29.0,34.0,33.0,30.0,25.0,32.0,23.0,33.0,33.0,39.0,23.0,26.0,41.0,22.0,24.0,37.0,23.0,29.0,24.0,28.0,26.0,27.0,31.0,34.0,30.0,30.0,39.0,33.0,24.0,28.0,33.0,35.0,24.0,41.0,35.0
31.0,45.0,27.0,35.0,31.0,32.0,31.0,39.0,30.0,34.0,37.0,47.0,28.0,35.0,34.0,29.0,35.0,33.0,27.0,30.0,30.0,41.0,30.0,33.0,37.0,18.0,41.0,32.0,35.0,28.0,42.0,36.0,41.0,40.0,31.0,38.0,33.0,27.0,29.0,29.0,37.0,29.0,24.0,29.0,31.0,41.0,40.0,27.0,36.0,29.0
23.0,29.0,21.0,33.0,32.0,31.0,26.0,20.0,31.0,36.0,34.0,32.0,30.0,32.0,26.0,27.0,25.0,26.0,34.0,22.0,32.0,24.0,27.0,25.0,27.0,32.0,22.0,25.0,25.0,25.0,27.0,22.0,18.0,31.0,38.0,22.0,27.0,27.0,27.0,23.0,26.0,24.0,24.0,26.0,27.0,37.0,36.0,18.0,37.0,34.0
29.0,30.0,25.0,26.0,31.0,36.0,25.0,27.0,26.0,23.0,27.0,32.0,40.0,26.0,30.0,20.0,20.0,32.0,44.0,25.0,19.0,23.0,24.0,30.0,24.0,34.0,34.0,26.0,28.0,30.0,37.0,20.0,18.0,24.0,33.0,37.0,24.0,23.0,31.0,25.0,26.0,35.0,25.0,44.0,32.0,28.0,26.0,20.0,22.0,26.0
38.0,39.0,38.0,34.0,34.0,34.0,44.0,34.0,30.0,31.0,38.0,50.0,46.0,33.0,34.0,35.0,33.0,33.0,37.0,41.0,45.0,37.0,36.0,28.0,39.0,27.0,38.0,31.0,36.0,33.0,49.0,33.0,34.0,44.0,37.0,38.0,38.0,38.0,35.0,36.0,42.0,49.0,37.0,38.0,32.0,34.0,34.0,39.0,34.0,38.0
25.0,27.0,19.0,25.0,20.0,18.0,26.0,25.0,27.0,29.0,24.0,25.0,31.0,20.0,26.0,35.0,19.0,29.0,21.0,27.0,31.0,29.0,21.0,22.0,15.0,18.0,24.0,23.0,29.0,25.0,27.0,31.0,27.0,27.0,23.0,19.0,28.0,30.0,21.0,16.0,33.0,17.0,20.0,32.0,35.0,16.0,27.0,32.0,30.0,32.0
16.0,33.0,21.0,30.0,20.0,26.0,30.0,30.0,22.0,24.0,20.0,17.0,22.0,22.0,28.0,28.0,13.0,19.0,24.0,29.0,28.0,18.0,16.0,28.0,29.0,29.0,12.0,28.0,22.0,32.0,24.0,31.0,24.0,24.0,20.0,19.0,19.0,23.0,21.0,24.0,21.0,25.0,25.0,28.0,18.0,27.0,23.0,27.0,22.0,31.0
33.0,33.0,29.0,30.0,29.0,36.0,32.0,37.0,47.0,37.0,40.0,29.0,31.0,34.0,29.0,29.0,41.0,43.0,36.0,38.0,43.0,37.0,29.0,27.0,28.0,32.0,32.0,39.0,35.0,31.0,42.0,35.0,36.0,32.0,43.0,31.0,37.0,28.0,32.0,38.0,32.0,32.0,43.0,53.0,26.0,32.0,28.0,33.0,43.0,34.0
21.0,27.0,27.0,32.0,30.0,33.0,30.0,29.0,25.0,24.0,27.0,24.0,37.0,23.0,28.0,19.0,26.0,32.0,41.0,29.0,25.0,27.0,27.0,31.0,21.0,24.0,31.0,25.0,22.0,36.0,23.0,24.0,28.0,25.0,25.0,26.0,29.0,22.0,28.0,19.0,32.0,16.0,30.0,24.0,26.0,27.0,27.0,26.0,31.0,31.0
