10,50,1000
18.031698,17.843821,15.061648,16.949686,15.925089,19.151036,19.537073,17.095247,16.310038,17.748151
7.768855,8.066129,8.576159,8.587032,9.453451,7.649696,7.937411,8.651742,5.853598,5.011681
0.0,10.0,20.0,30.0,40.0,50.0,60.0,70.0,80.0,90.0
10.0,0.0,10.0,20.0,30.0,40.0,50.0,60.0,70.0,80.0
20.0,10.0,0.0,10.0,20.0,30.0,40.0,50.0,60.0,70.0
30.0,20.0,10.0,0.0,10.0,20.0,30.0,40.0,50.0,60.0
40.0,30.0,20.0,10.0,0.0,10.0,20.0,30.0,40.0,50.0
50.0,40.0,30.0,20.0,10.0,0.0,10.0,20.0,30.0,40.0
60.0,50.0,40.0,30.0,20.0,10.0,0.0,10.0,20.0,30.0
70.0,60.0,50.0,40.0,30.0,20.0,10.0,0.0,10.0,20.0
80.0,70.0,60.0,50.0,40.0,30.0,20.0,10.0,0.0,10.0
90.0,80.0,70.0,60.0,50.0,40.0,30.0,20.0,10.0,0.0
450.0,400.0,350.0,300.0,250.0,250.0,300.0,350.0,400.0,450.0
0.0,1.0,2.0,3.0,4.0,5.0,6.0,7.0,8.0,9.0
1.0,0.0,1.0,2.0,3.0,4.0,5.0,6.0,7.0,8.0
2.0,1.0,0.0,1.0,2.0,3.0,4.0,5.0,6.0,7.0
3.0,2.0,1.0,0.0,1.0,2.0,3.0,4.0,5.0,6.0
4.0,3.0,2.0,1.0,0.0,1.0,2.0,3.0,4.0,5.0
5.0,4.0,3.0,2.0,1.0,0.0,1.0,2.0,3.0,4.0
6.0,5.0,4.0,3.0,2.0,1.0,0.0,1.0,2.0,3.0
7.0,6.0,5.0,4.0,3.0,2.0,1.0,0.0,1.0,2.0
8.0,7.0,6.0,5.0,4.0,3.0,2.0,1.0,0.0,1.0
9.0,8.0,7.0,6.0,5.0,4.0,3.0,2.0,1.0,0.0
45.0,40.0,35.0,30.0,25.0,25.0,30.0,35.0,40.0,45.0
35.0,29.0,24.0,25.0,23.0,30.0,30.0,25.0,28.0,30.0,20.0,18.0,26.0,31.0,32.0,27.0,32.0,29.0,29.0,25.0,29.0,30.0,33.0,31.0,31.0,24.0,29.0,34.0,29.0,30.0,32.0,32.0,37.0,40.0,29.0,30.0,36.0,26.0,39.0,36.0,28.0,31.0,27.0,25.0,22.0,40.0,39.0,37.0,22.0,33.0
37.0,31.0,29.0,29.0,37.0,37.0,34.0,30.0,28.0,22.0,25.0,30.0,46.0,24.0,39.0,27.0,31.0,37.0,17.0,42.0,31.0,27.0,34.0,31.0,23.0,30.0,33.0,36.0,17.0,43.0,30.0,27.0,32.0,33.0,34.0,34.0,32.0,32.0,27.0,30.0,24.0,35.0,32.0,28.0,24.0,34.0,31.0,31.0,24.0,32.0
27.0,20.0,34.0,32.0,35.0,39.0,28.0,32.0,24.0,32.0,25.0,32.0,27.0,32.0,33.0,41.0,32.0,35.0,22.0,28.0,27.0,28.0,36.0,25.0,31.0,33.0,30.0,33.0,31.0,31.0,37.0,33.0,31.0,26.0,35.0,42.0,30.0,37.0,38.0,21.0,23.0,38.0,40.0,20.0,34.0,37.0,26.0,29.0,39.0,25.0
27.0,34.0,39.0,30.0,28.0,37.0,49.0,36.0,30.0,28.0,29.0,28.0,36.0,28.0,21.0,32.0,39.0,38.0,36.0,35.0,35.0,26.0,23.0,25.0,30.0,25.0,40.0,29.0,45.0,45.0,36.0,34.0,31.0,29.0,24.0,31.0,28.0,24.0,27.0,27.0,43.0,41.0,31.0,36.0,34.0,28.0,30.0,45.0,31.0,30.0
37.0,38.0,27.0,26.0,29.0,31.0,26.0,27.0,25.0,33.0,38.0,33.0,25.0,42.0,37.0,28.0,30.0,47.0,38.0,37.0,35.0,35.0,29.0,22.0,34.0,29.0,21.0,32.0,31.0,38.0,29.0,29.0,39.0,48.0,37.0,33.0,39.0,29.0,34.0,36.0,47.0,43.0,30.0,27.0,29.0,29.0,31.0,32.0,36.0,40.0
29.0,25.0,24.0,29.0,27.0,37.0,31.0,33.0,30.0,25.0,33.0,30.0,35.0,31.0,30.0,25.0,30.0,44.0,40.0,27.0,22.0,20.0,34.0,30.0,29.0,11.0,31.0,32.0,36.0,33.0,26.0,26.0,34.0,39.0,36.0,37.0,26.0,34.0,23.0,35.0,28.0,34.0,22.0,32.0,25.0,29.0,29.0,39.0,28.0,23.0
30.0,27.0,33.0,29.0,25.0,21.0,37.0,30.0,30.0,42.0,31.0,25.0,45.0,29.0,32.0,29.0,29.0,23.0,38.0,36.0,33.0,29.0,34.0,38.0,25.0,24.0,34.0,28.0,37.0,39.0,31.0,35.0,39.0,18.0,34.0,28.0,37.0,33.0,20.0,35.0,28.0,30.0,42.0,30.0,29.0,37.0,22.0,36.0,36.0,30.0
38.0,28.0,28.0,34.0,31.0,33.0,34.0,33.0,42.0,42.0,22.0,32.0,28.0,28.0,38.0,29.0,30.0,42.0,28.0,18.0,42.0,37.0,38.0,26.0,26.0,24.0,24.0,32.0,31.0,22.0,35.0,29.0,28.0,33.0,32.0,27.0,39.0,34.0,22.0,29.0,34.0,29.0,23.0,40.0,31.0,25.0,31.0,37.0,30.0,36.0
23.0,18.0,24.0,13.0,29.0,14.0,19.0,24.0,19.0,22.0,26.0,22.0,26.0,29.0,24.0,24.0,28.0,23.0,26.0,20.0,25.0,22.0,31.0,14.0,32.0,18.0,28.0,32.0,25.0,24.0,22.0,28.0,21.0,18.0,22.0,29.0,21.0,20.0,35.0,18.0,23.0,24.0,18.0,25.0,25.0,18.0,19.0,29.0,17.0,20.0
15.0,20.0,24.0,27.0,19.0,23.0,28.0,21.0,16.0,17.0,13.0,21.0,20.0,23.0,19.0,28.0,27.0,21.0,11.0,17.0,18.0,16.0,28.0,13.0,23.0,25.0,21.0,27.0,23.0,20.0,24.0,29.0,19.0,21.0,14.0,27.0,18.0,22.0,18.0,22.0,18.0,21.0,18.0,27.0,24.0,18.0,16.0,17.0,27.0,22.0
