10,50,1000
19.63098,19.076709,17.720109,16.868464,15.866724,16.130634,19.254948,16.144501,15.238362,16.939892
7.404847,9.828558,5.012614,9.027138,9.401539,9.579067,8.805805,5.612112,5.11637,8.031346
0.0,10.0,20.0,30.0,40.0,50.0,60.0,70.0,80.0,90.0
10.0,0.0,10.0,20.0,30.0,40.0,50.0,60.0,70.0,80.0
20.0,10.0,0.0,10.0,20.0,30.0,40.0,50.0,60.0,70.0
30.0,20.0,10.0,0.0,10.0,20.0,30.0,40.0,50.0,60.0
40.0,30.0,20.0,10.0,0.0,10.0,20.0,30.0,40.0,50.0
50.0,40.0,30.0,20.0,10.0,0.0,10.0,20.0,30.0,40.0
60.0,50.0,40.0,30.0,20.0,10.0,0.0,10.0,20.0,30.0
70.0,60.0,50.0,40.0,30.0,20.0,10.0,0.0,10.0,20.0
80.0,70.0,60.0,50.0,40.0,30.0,20.0,10.0,0.0,10.0
90.0,80.0,70.0,60.0,50.0,40.0,30.0,20.0,10.0,0.0
450.0,400.0,350.0,300.0,250.0,250.0,300.0,350.0,400.0,450.0
0.0,1.0,2.0,3.0,4.0,5.0,6.0,7.0,8.0,9.0
1.0,0.0,1.0,2.0,3.0,4.0,5.0,6.0,7.0,8.0
2.0,1.0,0.0,1.0,2.0,3.0,4.0,5.0,6.0,7.0
3.0,2.0,1.0,0.0,1.0,2.0,3.0,4.0,5.0,6.0
4.0,3.0,2.0,1.0,0.0,1.0,2.0,3.0,4.0,5.0
5.0,4.0,3.0,2.0,1.0,0.0,1.0,2.0,3.0,4.0
6.0,5.0,4.0,3.0,2.0,1.0,0.0,1.0,2.0,3.0
7.0,6.0,5.0,4.0,3.0,2.0,1.0,0.0,1.0,2.0
8.0,7.0,6.0,5.0,4.0,3.0,2.0,1.0,0.0,1.0
9.0,8.0,7.0,6.0,5.0,4.0,3.0,2.0,1.0,0.0
45.0,40.0,35.0,30.0,25.0,25.0,30.0,35.0,40.0,45.0
34.0,35.0,27.0,20.0,31.0,30.0,19.0,20.0,18.0,25.0,33.0,33.0,36.0,24.0,31.0,27.0,34.0,31.0,30.0,34.0,31.0,24.0,33.0,29.0,24.0,27.0,32.0,27.0,29.0,27.0,29.0,31.0,26.0,25.0,35.0,29.0,31.0,32.0,29.0,27.0,38.0,28.0,35.0,23.0,28.0,27.0,33.0,42.0,19.0,20.0
43.0,38.0,43.0,39.0,33.0,45.0,39.0,42.0,38.0,30.0,38.0,30.0,33.0,47.0,36.0,27.0,50.0,25.0,33.0,36.0,33.0,32.0,36.0,44.0,28.0,37.0,38.0,31.0,34.0,33.0,43.0,46.0,34.0,33.0,56.0,23.0,53.0,44.0,35.0,37.0,47.0,45.0,28.0,48.0,49.0,40.0,37.0,31.0,42.0,28.0
24.0,14.0,21.0,20.0,20.0,22.0,20.0,24.0,15.0,25.0,14.0,20.0,24.0,23.0,21.0,17.0,23.0,20.0,28.0,11.0,22.0,16.0,20.0,20.0,18.0,26.0,15.0,22.0,25.0,19.0,21.0,21.0,30.0,23.0,27.0,24.0,16.0,21.0,13.0,19.0,23.0,18.0,15.0,25.0,20.0,24.0,24.0,19.0,23.0,20.0
36.0,39.0,33.0,25.0,28.0,39.0,36.0,27.0,31.0,31.0,37.0,18.0,30.0,30.0,33.0,33.0,35.0,32.0,31.0,49.0,39.0,35.0,36.0,36.0,40.0,40.0,36.0,27.0,41.0,32.0,40.0,34.0,41.0,29.0,35.0,43.0,35.0,36.0,26.0,40.0,27.0,35.0,36.0,51.0,32.0,40.0,33.0,27.0,32.0,37.0
42.0,25.0,31.0,36.0,34.0,32.0,36.0,38.0,37.0,27.0,42.0,28.0,34.0,36.0,40.0,37.0,29.0,31.0,24.0,40.0,33.0,26.0,52.0,31.0,34.0,31.0,35.0,30.0,33.0,33.0,43.0,36.0,30.0,29.0,31.0,21.0,30.0,43.0,37.0,33.0,32.0,34.0,28.0,38.0,33.0,22.0,38.0,33.0,40.0,34.0
33.0,30.0,36.0,33.0,42.0,48.0,34.0,43.0,41.0,38.0,42.0,40.0,34.0,34.0,32.0,30.0,28.0,38.0,45.0,38.0,30.0,36.0,28.0,42.0,35.0,27.0,35.0,33.0,41.0,39.0,33.0,43.0,28.0,37.0,36.0,32.0,39.0,37.0,29.0,43.0,36.0,30.0,28.0,30.0,31.0,37.0,39.0,36.0,26.0,35.0
40.0,33.0,27.0,39.0,41.0,45.0,28.0,43.0,32.0,35.0,28.0,33.0,28.0,31.0,43.0,28.0,30.0,35.0,37.0,37.0,38.0,28.0,42.0,34.0,35.0,36.0,39.0,35.0,25.0,24.0,40.0,29.0,36.0,36.0,41.0,38.0,36.0,24.0,36.0,29.0,30.0,25.0,26.0,27.0,27.0,24.0,37.0,36.0,20.0,43.0
22.0,16.0,22.0,21.0,32.0,28.0,28.0,26.0,19.0,24.0,19.0,17.0,24.0,24.0,28.0,23.0,24.0,27.0,20.0,28.0,24.0,26.0,21.0,17.0,29.0,27.0,23.0,25.0,24.0,25.0,23.0,21.0,13.0,21.0,18.0,31.0,23.0,22.0,14.0,17.0,24.0,31.0,24.0,23.0,20.0,22.0,17.0,20.0,30.0,15.0
13.0,20.0,18.0,31.0,18.0,26.0,21.0,16.0,18.0,20.0,22.0,16.0,12.0,21.0,26.0,12.0,23.0,13.0,23.0,27.0,26.0,15.0,20.0,25.0,17.0,28.0,18.0,23.0,17.0,21.0,15.0,15.0,21.0,14.0,21.0,23.0,15.0,25.0,19.0,21.0,21.0,16.0,28.0,19.0,19.0,22.0,11.0,17.0,15.0,20.0
31.0,30.0,24.0,30.0,33.0,32.0,21.0,35.0,30.0,24.0,29.0,35.0,32.0,42.0,26.0,26.0,22.0,42.0,29.0,32.0,33.0,22.0,33.0,21.0,31.0,36.0,28.0,30.0,32.0,32.0,33.0,36.0,30.0,27.0,31.0,33.0,30.0,30.0,25.0,25.0,28.0,34.0,28.0,23.0,33.0,27.0,33.0,37.0,32.0,32.0
