10,50,1000
17.298901,18.492595,17.464412,18.726352,18.025561,17.987314,18.903926,16.633058,19.250765,16.734101
7.059629,8.985125,5.788196,9.404517,5.045821,7.276594,6.891726,5.236916,6.953364,9.298924
0.0,10.0,20.0,30.0,40.0,50.0,60.0,70.0,80.0,90.0
10.0,0.0,10.0,20.0,30.0,40.0,50.0,60.0,70.0,80.0
20.0,10.0,0.0,10.0,20.0,30.0,40.0,50.0,60.0,70.0
30.0,20.0,10.0,0.0,10.0,20.0,30.0,40.0,50.0,60.0
40.0,30.0,20.0,10.0,0.0,10.0,20.0,30.0,40.0,50.0
50.0,40.0,30.0,20.0,10.0,0.0,10.0,20.0,30.0,40.0
60.0,50.0,40.0,30.0,20.0,10.0,0.0,10.0,20.0,30.0
70.0,60.0,50.0,40.0,30.0,20.0,10.0,0.0,10.0,20.0
80.0,70.0,60.0,50.0,40.0,30.0,20.0,10.0,0.0,10.0
90.0,80.0,70.0,60.0,50.0,40.0,30.0,20.0,10.0,0.0
450.0,400.0,350.0,300.0,250.0,250.0,300.0,350.0,400.0,450.0
0.0,1.0,2.0,3.0,4.0,5.0,6.0,7.0,8.0,9.0
1.0,0.0,1.0,2.0,3.0,4.0,5.0,6.0,7.0,8.0
2.0,1.0,0.0,1.0,2.0,3.0,4.0,5.0,6.0,7.0
3.0,2.0,1.0,0.0,1.0,2.0,3.0,4.0,5.0,6.0
4.0,3.0,2.0,1.0,0.0,1.0,2.0,3.0,4.0,5.0
5.0,4.0,3.0,2.0,1.0,0.0,1.0,2.0,3.0,4.0
6.0,5.0,4.0,3.0,2.0,1.0,0.0,1.0,2.0,3.0
7.0,6.0,5.0,4.0,3.0,2.0,1.0,0.0,1.0,2.0
8.0,7.0,6.0,5.0,4.0,3.0,2.0,1.0,0.0,1.0
9.0,8.0,7.0,6.0,5.0,4.0,3.0,2.0,1.0,0.0
45.0,40.0,35.0,30.0,25.0,25.0,30.0,35.0,40.0,45.0
27.0,22.0,31.0,31.0,15.0,34.0,29.0,24.0,27.0,22.0,22.0,22.0,28.0,23.0,27.0,22.0,25.0,23.0,30.0,21.0,29.0,29.0,27.0,29.0,28.0,29.0,27.0,20.0,28.0,27.0,28.0,23.0,27.0,41.0,25.0,37.0,21.0,34.0,25.0,34.0,24.0,24.0,33.0,25.0,40.0,20.0,23.0,31.0,18.0,24.0
37.0,32.0,26.0,45.0,37.0,23.0,42.0,32.0,44.0,26.0,37.0,28.0,30.0,37.0,32.0,45.0,33.0,35.0,35.0,39.0,34.0,34.0,28.0,33.0,40.0,36.0,40.0,39.0,36.0,34.0,32.0,39.0,26.0,46.0,33.0,44.0,28.0,34.0,39.0,42.0,34.0,34.0,31.0,36.0,33.0,35.0,33.0,39.0,41.0,35.0
27.0,29.0,22.0,18.0,24.0,30.0,30.0,21.0,16.0,28.0,32.0,27.0,21.0,18.0,19.0,20.0,26.0,27.0,26.0,33.0,21.0,18.0,26.0,22.0,22.0,24.0,16.0,22.0,25.0,29.0,21.0,21.0,23.0,28.0,27.0,21.0,25.0,22.0,27.0,18.0,26.0,21.0,28.0,13.0,24.0,24.0,26.0,17.0,23.0,28.0
41.0,34.0,35.0,36.0,46.0,45.0,35.0,44.0,36.0,37.0,35.0,34.0,44.0,28.0,40.0,36.0,39.0,34.0,32.0,33.0,31.0,33.0,27.0,46.0,29.0,32.0,33.0,44.0,44.0,37.0,27.0,36.0,32.0,35.0,34.0,34.0,31.0,40.0,31.0,36.0,39.0,28.0,42.0,37.0,36.0,38.0,28.0,34.0,27.0,25.0
21.0,17.0,18.0,20.0,18.0,21.0,19.0,20.0,19.0,22.0,19.0,26.0,17.0,25.0,22.0,22.0,19.0,14.0,21.0,16.0,22.0,19.0,23.0,14.0,19.0,24.0,22.0,26.0,16.0,21.0,25.0,25.0,33.0,20.0,26.0,19.0,19.0,18.0,22.0,17.0,28.0,21.0,20.0,19.0,29.0,17.0,23.0,26.0,23.0,25.0
26.0,26.0,31.0,33.0,26.0,21.0,16.0,33.0,34.0,19.0,18.0,29.0,25.0,37.0,19.0,26.0,30.0,27.0,35.0,38.0,27.0,22.0,30.0,34.0,32.0,32.0,32.0,26.0,28.0,29.0,26.0,35.0,24.0,18.0,28.0,30.0,31.0,27.0,21.0,34.0,32.0,32.0,32.0,24.0,23.0,27.0,24.0,25.0,35.0,24.0
29.0,35.0,31.0,19.0,30.0,22.0,30.0,31.0,18.0,30.0,29.0,24.0,22.0,26.0,31.0,28.0,20.0,31.0,29.0,22.0,27.0,32.0,25.0,26.0,25.0,35.0,30.0,28.0,25.0,31.0,25.0,24.0,28.0,34.0,23.0,20.0,23.0,30.0,35.0,29.0,37.0,31.0,30.0,24.0,22.0,20.0,24.0,24.0,29.0,28.0
21.0,21.0,21.0,26.0,23.0,10.0,20.0,27.0,20.0,29.0,30.0,11.0,15.0,23.0,23.0,24.0,14.0,26.0,15.0,29.0,21.0,22.0,26.0,10.0,16.0,16.0,22.0,25.0,18.0,28.0,24.0,26.0,22.0,23.0,16.0,9.0,30.0,25.0,27.0,27.0,21.0,22.0,18.0,33.0,21.0,18.0,18.0,20.0,27.0,16.0
33.0,34.0,25.0,19.0,30.0,23.0,37.0,33.0,21.0,27.0,26.0,35.0,27.0,26.0,27.0,28.0,19.0,38.0,26.0,28.0,29.0,27.0,37.0,27.0,21.0,35.0,29.0,25.0,30.0,26.0,22.0,33.0,23.0,29.0,41.0,32.0,30.0,37.0,33.0,32.0,21.0,33.0,37.0,27.0,21.0,36.0,14.0,33.0,31.0,31.0
45.0,29.0,36.0,36.0,32.0,38.0,39.0,36.0,29.0,35.0,33.0,35.0,41.0,33.0,33.0,30.0,35.0,42.0,37.0,36.0,23.0,25.0,39.0,38.0,34.0,40.0,35.0,37.0,33.0,35.0,37.0,31.0,30.0,41.0,35.0,34.0,29.0,36.0,37.0,30.0,33.0,31.0,26.0,44.0,33.0,38.0,34.0,45.0,32.0,35.0
