10,50,1000
19.201751,18.069,19.140693,19.101486,16.31049,18.694882,15.20481,17.429323,15.899307,17.575759
9.609152,8.578492,8.921543,5.616252,7.107069,6.602559,8.792567,8.845827,9.813438,8.404821
0.0,10.0,20.0,30.0,40.0,50.0,60.0,70.0,80.0,90.0
10.0,0.0,10.0,20.0,30.0,40.0,50.0,60.0,70.0,80.0
20.0,10.0,0.0,10.0,20.0,30.0,40.0,50.0,60.0,70.0
30.0,20.0,10.0,0.0,10.0,20.0,30.0,40.0,50.0,60.0
40.0,30.0,20.0,10.0,0.0,10.0,20.0,30.0,40.0,50.0
50.0,40.0,30.0,20.0,10.0,0.0,10.0,20.0,30.0,40.0
60.0,50.0,40.0,30.0,20.0,10.0,0.0,10.0,20.0,30.0
70.0,60.0,50.0,40.0,30.0,20.0,10.0,0.0,10.0,20.0
80.0,70.0,60.0,50.0,40.0,30.0,20.0,10.0,0.0,10.0
90.0,80.0,70.0,60.0,50.0,40.0,30.0,20.0,10.0,0.0
450.0,400.0,350.0,300.0,250.0,250.0,300.0,350.0,400.0,450.0
0.0,1.0,2.0,3.0,4.0,5.0,6.0,7.0,8.0,9.0
1.0,0.0,1.0,2.0,3.0,4.0,5.0,6.0,7.0,8.0
2.0,1.0,0.0,1.0,2.0,3.0,4.0,5.0,6.0,7.0
3.0,2.0,1.0,0.0,1.0,2.0,3.0,4.0,5.0,6.0
4.0,3.0,2.0,1.0,0.0,1.0,2.0,3.0,4.0,5.0
5.0,4.0,3.0,2.0,1.0,0.0,1.0,2.0,3.0,4.0
6.0,5.0,4.0,3.0,2.0,1.0,0.0,1.0,2.0,3.0
7.0,6.0,5.0,4.0,3.0,2.0,1.0,0.0,1.0,2.0
8.0,7.0,6.0,5.0,4.0,3.0,2.0,1.0,0.0,1.0
9.0,8.0,7.0,6.0,5.0,4.0,3.0,2.0,1.0,0.0
45.0,40.0,35.0,30.0,25.0,25.0,30.0,35.0,40.0,45.0
42.0,32.0,37.0,36.0,24.0,40.0,37.0,37.0,35.0,32.0,38.0,33.0,42.0,39.0,38.0,41.0,35.0,25.0,35.0,34.0,42.0,34.0,29.0,33.0,34.0,40.0,37.0,42.0,26.0,35.0,30.0,31.0,27.0,41.0,35.0,38.0,38.0,44.0,38.0,33.0,24.0,28.0,49.0,39.0,37.0,44.0,36.0,35.0,28.0,33.0
33.0,36.0,26.0,26.0,29.0,40.0,34.0,25.0,27.0,41.0,26.0,28.0,30.0,23.0,29.0,31.0,32.0,33.0,27.0,29.0,30.0,33.0,40.0,38.0,28.0,39.0,46.0,36.0,27.0,27.0,33.0,46.0,27.0,33.0,32.0,32.0,29.0,29.0,35.0,26.0,33.0,28.0,33.0,50.0,36.0,33.0,25.0,32.0,27.0,35.0
31.0,36.0,32.0,34.0,36.0,39.0,34.0,30.0,32.0,34.0,34.0,35.0,36.0,36.0,24.0,33.0,49.0,36.0,36.0,33.0,32.0,32.0,34.0,32.0,27.0,34.0,48.0,34.0,43.0,31.0,27.0,36.0,31.0,42.0,26.0,23.0,31.0,37.0,37.0,27.0,28.0,42.0,40.0,40.0,35.0,23.0,36.0,32.0,33.0,20.0
21.0,17.0,27.0,23.0,20.0,25.0,33.0,22.0,14.0,29.0,23.0,15.0,29.0,24.0,24.0,23.0,18.0,26.0,25.0,12.0,30.0,22.0,28.0,20.0,26.0,26.0,27.0,27.0,21.0,29.0,25.0,22.0,25.0,29.0,18.0,28.0,27.0,22.0,21.0,33.0,30.0,25.0,24.0,21.0,16.0,17.0,18.0,27.0,27.0,19.0
29.0,32.0,27.0,27.0,29.0,21.0,27.0,18.0,27.0,33.0,20.0,16.0,24.0,26.0,33.0,33.0,18.0,28.0,31.0,23.0,24.0,40.0,30.0,30.0,34.0,30.0,21.0,33.0,25.0,35.0,21.0,34.0,17.0,28.0,32.0,22.0,32.0,29.0,29.0,30.0,29.0,36.0,29.0,39.0,21.0,27.0,26.0,33.0,28.0,27.0
26.0,29.0,20.0,18.0,16.0,31.0,29.0,24.0,27.0,25.0,25.0,16.0,19.0,29.0,28.0,28.0,34.0,22.0,25.0,18.0,36.0,22.0,28.0,26.0,40.0,21.0,28.0,30.0,33.0,25.0,24.0,26.0,18.0,26.0,30.0,20.0,28.0,26.0,29.0,23.0,34.0,31.0,21.0,23.0,33.0,20.0,30.0,21.0,28.0,22.0
22.0,28.0,39.0,32.0,30.0,33.0,32.0,41.0,34.0,25.0,23.0,27.0,31.0,29.0,31.0,38.0,20.0,34.0,34.0,34.0,26.0,28.0,29.0,30.0,28.0,35.0,29.0,40.0,40.0,29.0,33.0,33.0,31.0,34.0,28.0,25.0,27.0,20.0,30.0,26.0,39.0,31.0,28.0,27.0,24.0,29.0,30.0,29.0,37.0,27.0
25.0,33.0,29.0,32.0,34.0,34.0,31.0,24.0,32.0,25.0,33.0,43.0,31.0,37.0,36.0,33.0,42.0,42.0,34.0,27.0,26.0,40.0,33.0,32.0,24.0,45.0,31.0,27.0,39.0,28.0,38.0,44.0,35.0,36.0,31.0,29.0,32.0,36.0,31.0,36.0,38.0,41.0,33.0,35.0,33.0,33.0,35.0,29.0,42.0,28.0
42.0,30.0,37.0,29.0,32.0,25.0,28.0,34.0,39.0,32.0,50.0,51.0,41.0,32.0,40.0,32.0,39.0,33.0,41.0,39.0,46.0,31.0,30.0,42.0,31.0,34.0,41.0,34.0,33.0,38.0,37.0,28.0,45.0,33.0,30.0,38.0,42.0,41.0,44.0,35.0,38.0,47.0,37.0,38.0,36.0,31.0,33.0,30.0,38.0,41.0
30.0,37.0,19.0,23.0,30.0,31.0,36.0,24.0,30.0,31.0,29.0,26.0,25.0,33.0,28.0,47.0,36.0,45.0,26.0,24.0,31.0,34.0,31.0,31.0,35.0,39.0,30.0,36.0,27.0,36.0,30.0,30.0,17.0,34.0,27.0,35.0,36.0,33.0,30.0,31.0,29.0,31.0,38.0,40.0,31.0,40.0,35.0,31.0,32.0,38.0
