10,50,1000
15.109393,17.153114,18.291893,16.089234,19.835706,15.475535,16.793111,17.10202,19.726134,19.097493
9.51257,7.868902,5.027908,5.935353,6.480432,5.177352,8.170401,6.072957,6.742459,6.582436
0.0,10.0,20.0,30.0,40.0,50.0,60.0,70.0,80.0,90.0
10.0,0.0,10.0,20.0,30.0,40.0,50.0,60.0,70.0,80.0
20.0,10.0,0.0,10.0,20.0,30.0,40.0,50.0,60.0,70.0
30.0,20.0,10.0,0.0,10.0,20.0,30.0,40.0,50.0,60.0
40.0,30.0,20.0,10.0,0.0,10.0,20.0,30.0,40.0,50.0
50.0,40.0,30.0,20.0,10.0,0.0,10.0,20.0,30.0,40.0
60.0,50.0,40.0,30.0,20.0,10.0,0.0,10.0,20.0,30.0
70.0,60.0,50.0,40.0,30.0,20.0,10.0,0.0,10.0,20.0
80.0,70.0,60.0,50.0,40.0,30.0,20.0,10.0,0.0,10.0
90.0,80.0,70.0,60.0,50.0,40.0,30.0,20.0,10.0,0.0
450.0,400.0,350.0,300.0,250.0,250.0,300.0,350.0,400.0,450.0
0.0,1.0,2.0,3.0,4.0,5.0,6.0,7.0,8.0,9.0
1.0,0.0,1.0,2.0,3.0,4.0,5.0,6.0,7.0,8.0
2.0,1.0,0.0,1.0,2.0,3.0,4.0,5.0,6.0,7.0
3.0,2.0,1.0,0.0,1.0,2.0,3.0,4.0,5.0,6.0
4.0,3.0,2.0,1.0,0.0,1.0,2.0,3.0,4.0,5.0
5.0,4.0,3.0,2.0,1.0,0.0,1.0,2.0,3.0,4.0
6.0,5.0,4.0,3.0,2.0,1.0,0.0,1.0,2.0,3.0
7.0,6.0,5.0,4.0,3.0,2.0,1.0,0.0,1.0,2.0
8.0,7.0,6.0,5.0,4.0,3.0,2.0,1.0,0.0,1.0
9.0,8.0,7.0,6.0,5.0,4.0,3.0,2.0,1.0,0.0
45.0,40.0,35.0,30.0,25.0,25.0,30.0,35.0,40.0,45.0
52.0,48.0,36.0,31.0,38.0,32.0,29.0,30.0,36.0,37.0,44.0,33.0,35.0,27.0,54.0,19.0,37.0,36.0,32.0,23.0,30.0,38.0,27.0,31.0,42.0,30.0,34.0,28.0,30.0,35.0,34.0,31.0,34.0,30.0,30.0,29.0,33.0,33.0,43.0,39.0,39.0,39.0,38.0,37.0,36.0,48.0,40.0,32.0,31.0,31.0
22.0,34.0,42.0,33.0,27.0,23.0,30.0,33.0,37.0,25.0,32.0,19.0,35.0,35.0,39.0,32.0,23.0,28.0,30.0,29.0,26.0,29.0,25.0,26.0,32.0,31.0,41.0,25.0,29.0,35.0,29.0,29.0,37.0,29.0,32.0,24.0,30.0,40.0,21.0,40.0,29.0,28.0,31.0,31.0,39.0,31.0,37.0,29.0,40.0,41.0
21.0,21.0,22.0,21.0,23.0,21.0,26.0,26.0,25.0,22.0,25.0,14.0,32.0,21.0,20.0,24.0,17.0,25.0,21.0,24.0,18.0,25.0,27.0,20.0,24.0,20.0,24.0,16.0,16.0,24.0,22.0,12.0,19.0,20.0,15.0,21.0,20.0,26.0,19.0,22.0,22.0,23.0,25.0,19.0,22.0,26.0,24.0,32.0,14.0,21.0
25.0,23.0,22.0,30.0,16.0,33.0,24.0,21.0,21.0,21.0,24.0,28.0,17.0,25.0,18.0,19.0,16.0,29.0,18.0,25.0,14.0,29.0,22.0,28.0,26.0,24.0,16.0,24.0,19.0,30.0,22.0,21.0,27.0,27.0,27.0,28.0,21.0,34.0,30.0,20.0,30.0,21.0,24.0,20.0,18.0,16.0,25.0,19.0,25.0,21.0
22.0,28.0,33.0,20.0,21.0,20.0,29.0,25.0,34.0,23.0,26.0,31.0,21.0,20.0,23.0,19.0,22.0,23.0,22.0,22.0,19.0,23.0,19.0,24.0,31.0,21.0,34.0,19.0,35.0,28.0,44.0,23.0,23.0,28.0,23.0,34.0,28.0,28.0,22.0,27.0,38.0,24.0,25.0,31.0,36.0,34.0,30.0,35.0,19.0,20.0
25.0,20.0,20.0,17.0,28.0,22.0,29.0,20.0,23.0,11.0,29.0,18.0,33.0,21.0,20.0,23.0,22.0,24.0,22.0,27.0,24.0,15.0,12.0,21.0,18.0,24.0,23.0,6.0,22.0,18.0,23.0,19.0,16.0,29.0,21.0,22.0,25.0,23.0,24.0,18.0,17.0,17.0,18.0,15.0,28.0,25.0,25.0,22.0,23.0,27.0
21.0,26.0,34.0,22.0,38.0,34.0,31.0,33.0,26.0,34.0,34.0,37.0,39.0,35.0,36.0,27.0,30.0,22.0,28.0,30.0,40.0,28.0,31.0,31.0,33.0,23.0,36.0,22.0,28.0,37.0,30.0,27.0,23.0,29.0,37.0,44.0,35.0,29.0,31.0,23.0,31.0,29.0,28.0,29.0,40.0,32.0,29.0,39.0,28.0,29.0
24.0,19.0,22.0,28.0,26.0,19.0,26.0,20.0,25.0,25.0,28.0,24.0,23.0,21.0,24.0,15.0,18.0,15.0,38.0,28.0,23.0,21.0,24.0,27.0,27.0,25.0,16.0,19.0,27.0,17.0,23.0,23.0,32.0,20.0,29.0,24.0,22.0,16.0,22.0,26.0,28.0,26.0,22.0,29.0,21.0,29.0,27.0,19.0,16.0,32.0
33.0,25.0,27.0,20.0,31.0,24.0,23.0,22.0,37.0,21.0,26.0,26.0,19.0,28.0,30.0,37.0,29.0,27.0,29.0,27.0,37.0,23.0,34.0,40.0,27.0,23.0,21.0,31.0,37.0,19.0,25.0,22.0,27.0,25.0,26.0,23.0,16.0,34.0,32.0,18.0,29.0,28.0,35.0,30.0,36.0,23.0,33.0,22.0,32.0,28.0
35.0,16.0,23.0,46.0,29.0,22.0,30.0,22.0,19.0,30.0,29.0,25.0,21.0,21.0,27.0,27.0,18.0,24.0,32.0,25.0,22.0,24.0,20.0,30.0,22.0,32.0,37.0,37.0,33.0,25.0,23.0,26.0,24.0,33.0,25.0,29.0,24.0,23.0,19.0,16.0,18.0,21.0,29.0,26.0,21.0,22.0,24.0,28.0,28.0,22.0
