10,50,1000
15.592034,17.754619,17.637317,19.280035,17.013996,18.887938,18.326676,19.791281,19.210237,15.097289
9.054135,7.350197,8.492102,8.880691,7.211719,8.505623,9.180473,9.172469,5.339196,7.052064
0.0,10.0,20.0,30.0,40.0,50.0,60.0,70.0,80.0,90.0
10.0,0.0,10.0,20.0,30.0,40.0,50.0,60.0,70.0,80.0
20.0,10.0,0.0,10.0,20.0,30.0,40.0,50.0,60.0,70.0
30.0,20.0,10.0,0.0,10.0,20.0,30.0,40.0,50.0,60.0
40.0,30.0,20.0,10.0,0.0,10.0,20.0,30.0,40.0,50.0
50.0,40.0,30.0,20.0,10.0,0.0,10.0,20.0,30.0,40.0
60.0,50.0,40.0,30.0,20.0,10.0,0.0,10.0,20.0,30.0
70.0,60.0,50.0,40.0,30.0,20.0,10.0,0.0,10.0,20.0
80.0,70.0,60.0,50.0,40.0,30.0,20.0,10.0,0.0,10.0
90.0,80.0,70.0,60.0,50.0,40.0,30.0,20.0,10.0,0.0
450.0,400.0,350.0,300.0,250.0,250.0,300.0,350.0,400.0,450.0
0.0,1.0,2.0,3.0,4.0,5.0,6.0,7.0,8.0,9.0
1.0,0.0,1.0,2.0,3.0,4.0,5.0,6.0,7.0,8.0
2.0,1.0,0.0,1.0,2.0,3.0,4.0,5.0,6.0,7.0
3.0,2.0,1.0,0.0,1.0,2.0,3.0,4.0,5.0,6.0
4.0,3.0,2.0,1.0,0.0,1.0,2.0,3.0,4.0,5.0
5.0,4.0,3.0,2.0,1.0,0.0,1.0,2.0,3.0,4.0
6.0,5.0,4.0,3.0,2.0,1.0,0.0,1.0,2.0,3.0
7.0,6.0,5.0,4.0,3.0,2.0,1.0,0.0,1.0,2.0
8.0,7.0,6.0,5.0,4.0,3.0,2.0,1.0,0.0,1.0
9.0,8.0,7.0,6.0,5.0,4.0,3.0,2.0,1.0,0.0
45.0,40.0,35.0,30.0,25.0,25.0,30.0,35.0,40.0,45.0
40.0,30.0,35.0,32.0,37.0,31.0,29.0,30.0,33.0,26.0,32.0,29.0,35.0,29.0,30.0,46.0,38.0,43.0,36.0,36.0,33.0,30.0,32.0,37.0,33.0,36.0,29.0,31.0,30.0,31.0,47.0,30.0,36.0,34.0,36.0,28.0,30.0,33.0,32.0,27.0,37.0,27.0,31.0,40.0,33.0,35.0,31.0,32.0,25.0,46.0
29.0,25.0,30.0,30.0,29.0,26.0,28.0,34.0,34.0,29.0,22.0,26.0,29.0,29.0,30.0,31.0,31.0,22.0,32.0,18.0,33.0,25.0,28.0,25.0,33.0,31.0,24.0,23.0,27.0,35.0,30.0,32.0,31.0,24.0,21.0,18.0,42.0,29.0,27.0,31.0,34.0,27.0,27.0,35.0,30.0,26.0,28.0,30.0,25.0,27.0
36.0,24.0,34.0,33.0,40.0,34.0,39.0,27.0,31.0,20.0,31.0,31.0,26.0,26.0,30.0,32.0,28.0,45.0,33.0,25.0,33.0,38.0,38.0,40.0,30.0,37.0,36.0,23.0,33.0,21.0,29.0,47.0,28.0,33.0,37.0,31.0,43.0,23.0,41.0,21.0,25.0,36.0,29.0,39.0,20.0,32.0,27.0,43.0,27.0,37.0
45.0,39.0,35.0,30.0,37.0,30.0,35.0,22.0,34.0,32.0,40.0,46.0,28.0,34.0,25.0,21.0,30.0,37.0,40.0,39.0,32.0,32.0,22.0,36.0,29.0,22.0,35.0,31.0,37.0,32.0,36.0,37.0,40.0,30.0,39.0,34.0,35.0,37.0,30.0,40.0,29.0,35.0,37.0,39.0,34.0,35.0,43.0,35.0,37.0,35.0
28.0,31.0,30.0,25.0,29.0,26.0,30.0,39.0,36.0,23.0,30.0,26.0,33.0,20.0,25.0,31.0,19.0,41.0,27.0,35.0,33.0,21.0,22.0,18.0,26.0,36.0,34.0,26.0,24.0,28.0,23.0,26.0,24.0,27.0,24.0,34.0,32.0,21.0,32.0,19.0,18.0,22.0,24.0,28.0,24.0,29.0,43.0,21.0,26.0,24.0
25.0,27.0,32.0,29.0,33.0,38.0,39.0,23.0,34.0,25.0,28.0,31.0,25.0,33.0,26.0,20.0,27.0,33.0,32.0,39.0,30.0,30.0,37.0,34.0,25.0,39.0,37.0,26.0,29.0,27.0,42.0,28.0,33.0,33.0,27.0,31.0,26.0,27.0,33.0,34.0,27.0,35.0,36.0,33.0,32.0,31.0,33.0,36.0,41.0,31.0
44.0,26.0,31.0,40.0,30.0,28.0,35.0,38.0,30.0,32.0,25.0,32.0,34.0,28.0,33.0,24.0,34.0,36.0,34.0,27.0,42.0,39.0,35.0,31.0,26.0,37.0,33.0,41.0,39.0,30.0,31.0,31.0,37.0,38.0,32.0,36.0,34.0,27.0,39.0,34.0,26.0,33.0,25.0,33.0,36.0,33.0,41.0,35.0,37.0,25.0
37.0,38.0,40.0,34.0,36.0,31.0,31.0,36.0,44.0,41.0,28.0,31.0,35.0,39.0,37.0,43.0,29.0,39.0,30.0,36.0,30.0,30.0,39.0,30.0,29.0,29.0,41.0,41.0,29.0,34.0,38.0,27.0,47.0,29.0,32.0,35.0,40.0,43.0,30.0,39.0,30.0,31.0,39.0,34.0,41.0,26.0,41.0,40.0,34.0,26.0
24.0,26.0,31.0,27.0,23.0,19.0,21.0,23.0,24.0,27.0,22.0,20.0,17.0,28.0,22.0,25.0,16.0,23.0,20.0,23.0,23.0,22.0,27.0,31.0,16.0,26.0,22.0,21.0,22.0,20.0,21.0,17.0,22.0,24.0,20.0,20.0,23.0,16.0,20.0,20.0,31.0,28.0,18.0,23.0,16.0,19.0,22.0,23.0,17.0,22.0
25.0,23.0,21.0,19.0,26.0,26.0,24.0,28.0,29.0,22.0,24.0,25.0,22.0,34.0,22.0,23.0,32.0,22.0,22.0,33.0,35.0,26.0,25.0,27.0,27.0,28.0,28.0,26.0,27.0,31.0,19.0,33.0,23.0,33.0,24.0,22.0,21.0,23.0,22.0,13.0,32.0,32.0,21.0,23.0,34.0,31.0,26.0,22.0,28.0,23.0
