10,50,1000
15.192393,16.606185,17.168711,16.384389,15.556063,18.070061,15.867417,18.027716,18.398089,19.208712
5.002768,8.663377,5.3927,9.613302,6.375259,7.781823,9.990098,6.350492,5.238839,5.558839
0.0,10.0,20.0,30.0,40.0,50.0,60.0,70.0,80.0,90.0
10.0,0.0,10.0,20.0,30.0,40.0,50.0,60.0,70.0,80.0
20.0,10.0,0.0,10.0,20.0,30.0,40.0,50.0,60.0,70.0
30.0,20.0,10.0,0.0,10.0,20.0,30.0,40.0,50.0,60.0
40.0,30.0,20.0,10.0,0.0,10.0,20.0,30.0,40.0,50.0
50.0,40.0,30.0,20.0,10.0,0.0,10.0,20.0,30.0,40.0
60.0,50.0,40.0,30.0,20.0,10.0,0.0,10.0,20.0,30.0
70.0,60.0,50.0,40.0,30.0,20.0,10.0,0.0,10.0,20.0
80.0,70.0,60.0,50.0,40.0,30.0,20.0,10.0,0.0,10.0
90.0,80.0,70.0,60.0,50.0,40.0,30.0,20.0,10.0,0.0
450.0,400.0,350.0,300.0,250.0,250.0,300.0,350.0,400.0,450.0
0.0,1.0,2.0,3.0,4.0,5.0,6.0,7.0,8.0,9.0
1.0,0.0,1.0,2.0,3.0,4.0,5.0,6.0,7.0,8.0
2.0,1.0,0.0,1.0,2.0,3.0,4.0,5.0,6.0,7.0
3.0,2.0,1.0,0.0,1.0,2.0,3.0,4.0,5.0,6.0
4.0,3.0,2.0,1.0,0.0,1.0,2.0,3.0,4.0,5.0
5.0,4.0,3.0,2.0,1.0,0.0,1.0,2.0,3.0,4.0
6.0,5.0,4.0,3.0,2.0,1.0,0.0,1.0,2.0,3.0
7.0,6.0,5.0,4.0,3.0,2.0,1.0,0.0,1.0,2.0
8.0,7.0,6.0,5.0,4.0,3.0,2.0,1.0,0.0,1.0
9.0,8.0,7.0,6.0,5.0,4.0,3.0,2.0,1.0,0.0
45.0,40.0,35.0,30.0,25.0,25.0,30.0,35.0,40.0,45.0
12.0,17.0,26.0,17.0,22.0,22.0,19.0,16.0,17.0,23.0,23.0,11.0,21.0,17.0,22.0,22.0,27.0,19.0,14.0,16.0,22.0,18.0,16.0,18.0,25.0,21.0,15.0,25.0,21.0,22.0,20.0,12.0,15.0,11.0,21.0,21.0,20.0,20.0,18.0,26.0,26.0,16.0,27.0,19.0,22.0,26.0,21.0,19.0,22.0,16.0
33.0,38.0,29.0,34.0,24.0,32.0,44.0,32.0,33.0,38.0,35.0,19.0,31.0,33.0,23.0,36.0,26.0,32.0,24.0,39.0,40.0,31.0,25.0,35.0,30.0,29.0,25.0,32.0,44.0,30.0,39.0,26.0,32.0,28.0,60.0,26.0,33.0,29.0,26.0,30.0,39.0,25.0,31.0,32.0,28.0,37.0,36.0,41.0,36.0,36.0
27.0,22.0,19.0,19.0,20.0,20.0,19.0,28.0,19.0,24.0,28.0,24.0,17.0,29.0,16.0,21.0,24.0,32.0,14.0,21.0,20.0,24.0,19.0,21.0,23.0,26.0,15.0,23.0,28.0,17.0,18.0,33.0,27.0,35.0,28.0,13.0,25.0,15.0,19.0,20.0,25.0,24.0,30.0,22.0,21.0,22.0,28.0,20.0,15.0,16.0
33.0,38.0,33.0,25.0,37.0,38.0,37.0,33.0,30.0,27.0,33.0,34.0,51.0,29.0,35.0,39.0,27.0,31.0,33.0,36.0,44.0,33.0,48.0,38.0,27.0,34.0,38.0,50.0,40.0,35.0,36.0,33.0,43.0,31.0,27.0,35.0,38.0,43.0,46.0,41.0,43.0,34.0,27.0,38.0,32.0,25.0,36.0,31.0,28.0,31.0
30.0,16.0,18.0,19.0,23.0,21.0,22.0,21.0,27.0,24.0,29.0,26.0,29.0,19.0,23.0,30.0,29.0,26.0,27.0,27.0,26.0,27.0,29.0,23.0,19.0,30.0,26.0,23.0,32.0,21.0,32.0,20.0,33.0,29.0,26.0,23.0,24.0,20.0,16.0,22.0,25.0,38.0,23.0,25.0,25.0,25.0,25.0,31.0,23.0,21.0
17.0,30.0,34.0,26.0,28.0,31.0,38.0,24.0,37.0,20.0,31.0,37.0,26.0,21.0,23.0,32.0,36.0,32.0,30.0,32.0,32.0,29.0,26.0,21.0,21.0,35.0,34.0,31.0,22.0,29.0,25.0,31.0,27.0,27.0,36.0,33.0,30.0,25.0,27.0,36.0,25.0,35.0,30.0,29.0,28.0,23.0,36.0,21.0,35.0,24.0
17.0,35.0,34.0,43.0,34.0,44.0,37.0,35.0,41.0,39.0,35.0,44.0,23.0,37.0,48.0,40.0,29.0,26.0,28.0,31.0,43.0,36.0,35.0,35.0,39.0,38.0,29.0,37.0,37.0,29.0,40.0,35.0,27.0,32.0,37.0,36.0,42.0,38.0,38.0,50.0,31.0,38.0,47.0,36.0,41.0,37.0,39.0,40.0,37.0,37.0
23.0,27.0,25.0,22.0,30.0,17.0,18.0,26.0,29.0,19.0,28.0,19.0,29.0,22.0,28.0,26.0,21.0,19.0,19.0,18.0,34.0,21.0,19.0,20.0,22.0,33.0,28.0,36.0,23.0,19.0,21.0,31.0,38.0,25.0,20.0,26.0,31.0,29.0,25.0,21.0,31.0,22.0,27.0,28.0,32.0,31.0,21.0,19.0,22.0,22.0
18.0,29.0,26.0,18.0,36.0,19.0,27.0,31.0,26.0,25.0,35.0,29.0,18.0,28.0,24.0,22.0,21.0,21.0,20.0,24.0,19.0,21.0,30.0,18.0,16.0,20.0,14.0,13.0,20.0,17.0,19.0,24.0,25.0,20.0,16.0,23.0,24.0,21.0,15.0,21.0,22.0,25.0,25.0,20.0,19.0,19.0,22.0,23.0,17.0,21.0
24.0,19.0,24.0,27.0,15.0,20.0,25.0,23.0,22.0,18.0,22.0,26.0,24.0,22.0,18.0,32.0,16.0,19.0,24.0,24.0,24.0,23.0,23.0,11.0,16.0,25.0,18.0,26.0,24.0,26.0,29.0,24.0,18.0,17.0,16.0,30.0,16.0,16.0,23.0,26.0,25.0,22.0,12.0,24.0,23.0,21.0,18.0,20.0,23.0,11.0
