10,50,1000
19.985487,17.727673,19.345245,19.876268,18.410222,15.742026,17.16211,16.03504,16.917412,17.358469
7.241381,5.957265,6.330453,5.282699,8.98102,9.775378,7.616533,8.748774,5.753197,8.279819
0.0,10.0,20.0,30.0,40.0,50.0,60.0,70.0,80.0,90.0
10.0,0.0,10.0,20.0,30.0,40.0,50.0,60.0,70.0,80.0
20.0,10.0,0.0,10.0,20.0,30.0,40.0,50.0,60.0,70.0
30.0,20.0,10.0,0.0,10.0,20.0,30.0,40.0,50.0,60.0
40.0,30.0,20.0,10.0,0.0,10.0,20.0,30.0,40.0,50.0
50.0,40.0,30.0,20.0,10.0,0.0,10.0,20.0,30.0,40.0
60.0,50.0,40.0,30.0,20.0,10.0,0.0,10.0,20.0,30.0
70.0,60.0,50.0,40.0,30.0,20.0,10.0,0.0,10.0,20.0
80.0,70.0,60.0,50.0,40.0,30.0,20.0,10.0,0.0,10.0
90.0,80.0,70.0,60.0,50.0,40.0,30.0,20.0,10.0,0.0
450.0,400.0,350.0,300.0,250.0,250.0,300.0,350.0,400.0,450.0
0.0,1.0,2.0,3.0,4.0,5.0,6.0,7.0,8.0,9.0
1.0,0.0,1.0,2.0,3.0,4.0,5.0,6.0,7.0,8.0
2.0,1.0,0.0,1.0,2.0,3.0,4.0,5.0,6.0,7.0
3.0,2.0,1.0,0.0,1.0,2.0,3.0,4.0,5.0,6.0
4.0,3.0,2.0,1.0,0.0,1.0,2.0,3.0,4.0,5.0
5.0,4.0,3.0,2.0,1.0,0.0,1.0,2.0,3.0,4.0
6.0,5.0,4.0,3.0,2.0,1.0,0.0,1.0,2.0,3.0
7.0,6.0,5.0,4.0,3.0,2.0,1.0,0.0,1.0,2.0
8.0,7.0,6.0,5.0,4.0,3.0,2.0,1.0,0.0,1.0
9.0,8.0,7.0,6.0,5.0,4.0,3.0,2.0,1.0,0.0
45.0,40.0,35.0,30.0,25.0,25.0,30.0,35.0,40.0,45.0
24.0,20.0,36.0,29.0,28.0,26.0,36.0,35.0,18.0,34.0,26.0,33.0,33.0,32.0,28.0,30.0,30.0,16.0,33.0,30.0,37.0,13.0,23.0,27.0,28.0,20.0,27.0,20.0,23.0,36.0,25.0,31.0,37.0,28.0,30.0,29.0,29.0,29.0,26.0,20.0,36.0,26.0,33.0,28.0,30.0,28.0,24.0,22.0,31.0,25.0
23.0,26.0,19.0,23.0,29.0,18.0,17.0,32.0,23.0,29.0,21.0,23.0,22.0,17.0,24.0,24.0,22.0,36.0,21.0,26.0,19.0,35.0,17.0,21.0,24.0,27.0,26.0,32.0,24.0,25.0,25.0,36.0,21.0,25.0,24.0,22.0,20.0,28.0,27.0,19.0,20.0,38.0,22.0,28.0,24.0,23.0,31.0,18.0,22.0,17.0
22.0,30.0,32.0,33.0,25.0,35.0,27.0,41.0,20.0,28.0,21.0,31.0,33.0,22.0,25.0,22.0,23.0,26.0,30.0,29.0,30.0,32.0,24.0,31.0,26.0,34.0,29.0,28.0,27.0,16.0,26.0,30.0,38.0,26.0,29.0,25.0,30.0,29.0,33.0,31.0,22.0,27.0,19.0,28.0,27.0,27.0,20.0,18.0,18.0,27.0
18.0,23.0,20.0,21.0,25.0,22.0,25.0,19.0,18.0,23.0,25.0,14.0,30.0,19.0,22.0,22.0,16.0,35.0,28.0,16.0,23.0,24.0,22.0,26.0,23.0,18.0,20.0,23.0,19.0,29.0,23.0,23.0,23.0,22.0,17.0,21.0,29.0,16.0,16.0,24.0,20.0,24.0,19.0,23.0,31.0,18.0,28.0,17.0,18.0,24.0
34.0,40.0,43.0,39.0,32.0,33.0,32.0,47.0,25.0,42.0,28.0,28.0,39.0,20.0,25.0,23.0,40.0,35.0,38.0,34.0,43.0,30.0,38.0,34.0,36.0,37.0,33.0,31.0,38.0,41.0,35.0,26.0,34.0,36.0,30.0,34.0,33.0,37.0,34.0,34.0,35.0,43.0,33.0,42.0,27.0,31.0,28.0,34.0,37.0,32.0
36.0,25.0,40.0,31.0,34.0,32.0,31.0,35.0,26.0,37.0,31.0,35.0,30.0,38.0,33.0,27.0,39.0,40.0,39.0,30.0,41.0,41.0,41.0,27.0,38.0,45.0,45.0,30.0,28.0,36.0,34.0,35.0,39.0,24.0,29.0,39.0,31.0,36.0,26.0,22.0,37.0,30.0,38.0,27.0,34.0,30.0,20.0,32.0,28.0,34.0
30.0,22.0,21.0,23.0,34.0,41.0,26.0,27.0,21.0,28.0,21.0,28.0,31.0,27.0,25.0,35.0,32.0,33.0,26.0,25.0,27.0,33.0,27.0,30.0,23.0,32.0,32.0,32.0,26.0,34.0,24.0,31.0,34.0,22.0,21.0,26.0,31.0,33.0,28.0,36.0,18.0,29.0,34.0,24.0,40.0,41.0,44.0,36.0,27.0,32.0
31.0,31.0,44.0,44.0,30.0,42.0,33.0,38.0,30.0,31.0,26.0,28.0,30.0,37.0,27.0,39.0,19.0,24.0,32.0,27.0,37.0,36.0,32.0,32.0,28.0,39.0,35.0,47.0,43.0,19.0,35.0,41.0,25.0,30.0,36.0,31.0,27.0,38.0,28.0,34.0,22.0,27.0,30.0,34.0,32.0,34.0,32.0,31.0,26.0,41.0
25.0,29.0,20.0,25.0,25.0,30.0,20.0,23.0,19.0,20.0,30.0,25.0,16.0,32.0,15.0,27.0,26.0,26.0,13.0,22.0,26.0,24.0,17.0,26.0,23.0,17.0,25.0,26.0,24.0,14.0,25.0,16.0,24.0,25.0,23.0,21.0,28.0,19.0,19.0,23.0,23.0,16.0,22.0,21.0,25.0,28.0,23.0,30.0,22.0,28.0
34.0,29.0,38.0,43.0,39.0,34.0,34.0,38.0,26.0,17.0,27.0,31.0,34.0,28.0,25.0,30.0,26.0,29.0,34.0,35.0,38.0,40.0,33.0,28.0,27.0,25.0,24.0,32.0,27.0,38.0,24.0,35.0,24.0,33.0,27.0,39.0,35.0,38.0,32.0,21.0,39.0,35.0,29.0,26.0,19.0,22.0,26.0,34.0,32.0,28.0
