10,50,1000
16.397415,19.300836,17.157954,18.871659,17.984134,19.715934,15.317678,15.05186,15.557914,16.703945
5.200199,8.228949,6.657409,6.554241,7.874437,6.34983,6.27362,8.531677,7.612193,7.626518
0.0,10.0,20.0,30.0,40.0,50.0,60.0,70.0,80.0,90.0
10.0,0.0,10.0,20.0,30.0,40.0,50.0,60.0,70.0,80.0
20.0,10.0,0.0,10.0,20.0,30.0,40.0,50.0,60.0,70.0
30.0,20.0,10.0,0.0,10.0,20.0,30.0,40.0,50.0,60.0
40.0,30.0,20.0,10.0,0.0,10.0,20.0,30.0,40.0,50.0
50.0,40.0,30.0,20.0,10.0,0.0,10.0,20.0,30.0,40.0
60.0,50.0,40.0,30.0,20.0,10.0,0.0,10.0,20.0,30.0
70.0,60.0,50.0,40.0,30.0,20.0,10.0,0.0,10.0,20.0
80.0,70.0,60.0,50.0,40.0,30.0,20.0,10.0,0.0,10.0
90.0,80.0,70.0,60.0,50.0,40.0,30.0,20.0,10.0,0.0
450.0,400.0,350.0,300.0,250.0,250.0,300.0,350.0,400.0,450.0
0.0,1.0,2.0,3.0,4.0,5.0,6.0,7.0,8.0,9.0
1.0,0.0,1.0,2.0,3.0,4.0,5.0,6.0,7.0,8.0
2.0,1.0,0.0,1.0,2.0,3.0,4.0,5.0,6.0,7.0
3.0,2.0,1.0,0.0,1.0,2.0,3.0,4.0,5.0,6.0
4.0,3.0,2.0,1.0,0.0,1.0,2.0,3.0,4.0,5.0
5.0,4.0,3.0,2.0,1.0,0.0,1.0,2.0,3.0,4.0
6.0,5.0,4.0,3.0,2.0,1.0,0.0,1.0,2.0,3.0
7.0,6.0,5.0,4.0,3.0,2.0,1.0,0.0,1.0,2.0
8.0,7.0,6.0,5.0,4.0,3.0,2.0,1.0,0.0,1.0
9.0,8.0,7.0,6.0,5.0,4.0,3.0,2.0,1.0,0.0
45.0,40.0,35.0,30.0,25.0,25.0,30.0,35.0,40.0,45.0
29.0,15.0,14.0,22.0,27.0,31.0,28.0,14.0,13.0,24.0,21.0,24.0,15.0,20.0,21.0,24.0,20.0,24.0,32.0,15.0,20.0,17.0,24.0,13.0,31.0,21.0,22.0,14.0,19.0,26.0,21.0,21.0,22.0,13.0,22.0,29.0,24.0,18.0,12.0,15.0,22.0,19.0,16.0,16.0,28.0,23.0,21.0,24.0,16.0,28.0
36.0,35.0,21.0,35.0,39.0,22.0,27.0,31.0,25.0,29.0,33.0,36.0,33.0,24.0,30.0,39.0,34.0,26.0,40.0,26.0,25.0,31.0,32.0,31.0,29.0,32.0,36.0,34.0,38.0,29.0,33.0,34.0,35.0,34.0,33.0,32.0,30.0,30.0,21.0,37.0,37.0,32.0,30.0,37.0,25.0,27.0,28.0,32.0,33.0,34.0
30.0,28.0,18.0,29.0,23.0,31.0,29.0,31.0,31.0,24.0,26.0,33.0,27.0,28.0,28.0,31.0,27.0,22.0,24.0,31.0,19.0,24.0,27.0,17.0,25.0,32.0,24.0,25.0,27.0,26.0,27.0,31.0,31.0,22.0,20.0,36.0,27.0,21.0,34.0,24.0,19.0,29.0,26.0,38.0,22.0,31.0,25.0,28.0,19.0,19.0
29.0,31.0,35.0,36.0,25.0,21.0,25.0,21.0,25.0,34.0,23.0,24.0,29.0,30.0,28.0,21.0,22.0,33.0,23.0,28.0,26.0,33.0,30.0,29.0,25.0,22.0,32.0,27.0,30.0,33.0,28.0,21.0,23.0,17.0,30.0,29.0,26.0,23.0,26.0,31.0,29.0,29.0,21.0,18.0,19.0,20.0,25.0,27.0,29.0,25.0
32.0,26.0,25.0,40.0,33.0,34.0,28.0,19.0,37.0,37.0,22.0,32.0,33.0,26.0,38.0,41.0,35.0,25.0,40.0,39.0,30.0,28.0,34.0,33.0,45.0,30.0,30.0,34.0,40.0,30.0,34.0,34.0,34.0,28.0,22.0,22.0,21.0,30.0,34.0,31.0,26.0,36.0,31.0,28.0,30.0,25.0,31.0,30.0,24.0,41.0
19.0,25.0,15.0,23.0,32.0,27.0,38.0,35.0,22.0,24.0,17.0,22.0,32.0,27.0,34.0,30.0,24.0,28.0,30.0,28.0,31.0,20.0,31.0,24.0,36.0,28.0,30.0,21.0,20.0,19.0,28.0,25.0,28.0,33.0,24.0,31.0,20.0,30.0,23.0,30.0,23.0,27.0,27.0,20.0,19.0,25.0,21.0,30.0,26.0,20.0
32.0,17.0,25.0,24.0,26.0,24.0,25.0,19.0,29.0,26.0,21.0,21.0,22.0,24.0,26.0,30.0,21.0,23.0,25.0,24.0,24.0,28.0,29.0,25.0,17.0,23.0,17.0,30.0,24.0,23.0,22.0,26.0,30.0,23.0,35.0,24.0,29.0,25.0,26.0,18.0,20.0,21.0,23.0,12.0,26.0,24.0,16.0,21.0,20.0,29.0
39.0,34.0,32.0,25.0,33.0,33.0,42.0,30.0,24.0,32.0,27.0,32.0,30.0,37.0,27.0,26.0,20.0,30.0,29.0,23.0,33.0,32.0,29.0,30.0,17.0,31.0,29.0,38.0,33.0,33.0,27.0,26.0,29.0,26.0,27.0,26.0,26.0,29.0,22.0,36.0,34.0,34.0,17.0,31.0,35.0,28.0,31.0,34.0,30.0,25.0
39.0,18.0,33.0,23.0,33.0,32.0,29.0,26.0,25.0,28.0,29.0,21.0,23.0,20.0,31.0,26.0,24.0,35.0,27.0,30.0,34.0,33.0,32.0,29.0,26.0,26.0,30.0,32.0,34.0,27.0,33.0,26.0,36.0,26.0,20.0,32.0,19.0,33.0,34.0,24.0,30.0,27.0,36.0,29.0,27.0,20.0,36.0,36.0,29.0,13.0
31.0,27.0,28.0,32.0,38.0,27.0,25.0,39.0,29.0,27.0,30.0,33.0,22.0,30.0,35.0,22.0,35.0,41.0,31.0,22.0,32.0,38.0,39.0,30.0,26.0,27.0,41.0,29.0,28.0,44.0,27.0,29.0,30.0,36.0,25.0,29.0,23.0,34.0,30.0,29.0,36.0,26.0,27.0,28.0,35.0,35.0,29.0,20.0,27.0,32.0
