10,50,1000
19.074792,19.256438,18.373852,17.138597,15.18233,17.499054,15.702372,15.485217,16.4072,15.20879
6.865333,7.367778,6.843575,7.256906,6.491091,9.188462,7.025661,5.07853,9.554065,6.51612
0.0,10.0,20.0,30.0,40.0,50.0,60.0,70.0,80.0,90.0
10.0,0.0,10.0,20.0,30.0,40.0,50.0,60.0,70.0,80.0
20.0,10.0,0.0,10.0,20.0,30.0,40.0,50.0,60.0,70.0
30.0,20.0,10.0,0.0,10.0,20.0,30.0,40.0,50.0,60.0
40.0,30.0,20.0,10.0,0.0,10.0,20.0,30.0,40.0,50.0
50.0,40.0,30.0,20.0,10.0,0.0,10.0,20.0,30.0,40.0
60.0,50.0,40.0,30.0,20.0,10.0,0.0,10.0,20.0,30.0
70.0,60.0,50.0,40.0,30.0,20.0,10.0,0.0,10.0,20.0
80.0,70.0,60.0,50.0,40.0,30.0,20.0,10.0,0.0,10.0
90.0,80.0,70.0,60.0,50.0,40.0,30.0,20.0,10.0,0.0
450.0,400.0,350.0,300.0,250.0,250.0,300.0,350.0,400.0,450.0
0.0,1.0,2.0,3.0,4.0,5.0,6.0,7.0,8.0,9.0
1.0,0.0,1.0,2.0,3.0,4.0,5.0,6.0,7.0,8.0
2.0,1.0,0.0,1.0,2.0,3.0,4.0,5.0,6.0,7.0
3.0,2.0,1.0,0.0,1.0,2.0,3.0,4.0,5.0,6.0
4.0,3.0,2.0,1.0,0.0,1.0,2.0,3.0,4.0,5.0
5.0,4.0,3.0,2.0,1.0,0.0,1.0,2.0,3.0,4.0
6.0,5.0,4.0,3.0,2.0,1.0,0.0,1.0,2.0,3.0
7.0,6.0,5.0,4.0,3.0,2.0,1.0,0.0,1.0,2.0
8.0,7.0,6.0,5.0,4.0,3.0,2.0,1.0,0.0,1.0
9.0,8.0,7.0,6.0,5.0,4.0,3.0,2.0,1.0,0.0
45.0,40.0,35.0,30.0,25.0,25.0,30.0,35.0,40.0,45.0
22.0,30.0,27.0,33.0,26.0,28.0,19.0,25.0,26.0,25.0,21.0,26.0,20.0,32.0,36.0,18.0,27.0,27.0,24.0,29.0,27.0,25.0,24.0,26.0,36.0,38.0,27.0,23.0,18.0,22.0,24.0,30.0,19.0,24.0,29.0,34.0,26.0,28.0,22.0,29.0,23.0,32.0,21.0,35.0,40.0,20.0,25.0,28.0,29.0,19.0
29.0,24.0,33.0,32.0,28.0,24.0,34.0,33.0,26.0,30.0,36.0,27.0,21.0,18.0,20.0,39.0,31.0,43.0,29.0,26.0,39.0,31.0,25.0,27.0,36.0,25.0,29.0,38.0,26.0,31.0,30.0,38.0,31.0,30.0,26.0,23.0,27.0,39.0,26.0,33.0,21.0,24.0,30.0,25.0,27.0,31.0,27.0,27.0,24.0,32.0
28.0,30.0,36.0,22.0,26.0,23.0,28.0,35.0,36.0,25.0,28.0,32.0,22.0,29.0,29.0,31.0,31.0,41.0,20.0,19.0,25.0,23.0,35.0,29.0,28.0,20.0,22.0,27.0,30.0,28.0,28.0,19.0,31.0,15.0,29.0,21.0,27.0,27.0,32.0,24.0,19.0,34.0,24.0,34.0,26.0,18.0,25.0,21.0,23.0,31.0
23.0,23.0,24.0,18.0,30.0,19.0,24.0,35.0,24.0,26.0,32.0,27.0,28.0,25.0,25.0,31.0,32.0,28.0,25.0,28.0,24.0,30.0,23.0,31.0,31.0,30.0,29.0,22.0,39.0,21.0,31.0,20.0,25.0,20.0,30.0,27.0,41.0,31.0,31.0,27.0,27.0,34.0,29.0,29.0,25.0,21.0,29.0,26.0,22.0,28.0
26.0,22.0,24.0,21.0,26.0,29.0,31.0,25.0,21.0,35.0,21.0,21.0,21.0,33.0,20.0,26.0,20.0,25.0,20.0,23.0,31.0,28.0,21.0,35.0,24.0,24.0,34.0,15.0,28.0,18.0,28.0,21.0,27.0,23.0,22.0,20.0,24.0,26.0,26.0,29.0,24.0,20.0,18.0,22.0,32.0,20.0,26.0,24.0,20.0,26.0
36.0,43.0,35.0,34.0,40.0,26.0,40.0,28.0,31.0,31.0,31.0,23.0,24.0,29.0,34.0,41.0,37.0,34.0,25.0,35.0,45.0,41.0,38.0,22.0,40.0,37.0,34.0,29.0,53.0,39.0,34.0,32.0,33.0,43.0,41.0,37.0,35.0,33.0,46.0,38.0,47.0,29.0,27.0,32.0,29.0,30.0,34.0,38.0,29.0,30.0
22.0,39.0,27.0,30.0,37.0,24.0,29.0,30.0,32.0,33.0,23.0,26.0,26.0,30.0,28.0,19.0,35.0,37.0,32.0,29.0,40.0,31.0,23.0,32.0,24.0,26.0,29.0,29.0,20.0,25.0,39.0,27.0,27.0,23.0,24.0,25.0,30.0,33.0,19.0,33.0,24.0,31.0,29.0,20.0,18.0,30.0,28.0,25.0,36.0,23.0
15.0,18.0,15.0,15.0,20.0,16.0,24.0,26.0,17.0,10.0,32.0,19.0,25.0,19.0,14.0,21.0,16.0,26.0,23.0,18.0,17.0,23.0,19.0,18.0,24.0,21.0,19.0,21.0,22.0,20.0,27.0,21.0,18.0,10.0,24.0,20.0,19.0,27.0,25.0,22.0,18.0,16.0,22.0,19.0,23.0,16.0,19.0,29.0,14.0,15.0
34.0,39.0,37.0,28.0,38.0,26.0,28.0,34.0,40.0,42.0,40.0,43.0,34.0,34.0,34.0,46.0,36.0,30.0,30.0,38.0,27.0,32.0,34.0,32.0,42.0,37.0,34.0,30.0,31.0,25.0,29.0,26.0,34.0,33.0,27.0,32.0,36.0,32.0,35.0,28.0,34.0,21.0,30.0,28.0,41.0,38.0,40.0,29.0,28.0,37.0
28.0,23.0,30.0,23.0,19.0,24.0,20.0,24.0,25.0,27.0,23.0,27.0,38.0,29.0,24.0,24.0,23.0,29.0,23.0,23.0,24.0,28.0,25.0,29.0,23.0,29.0,30.0,32.0,25.0,23.0,28.0,21.0,25.0,34.0,29.0,29.0,19.0,28.0,25.0,27.0,25.0,25.0,21.0,23.0,23.0,25.0,22.0,27.0,27.0,19.0
