10,50,1000
16.709742,16.110226,18.536462,19.765838,19.749076,15.982534,19.307609,19.17515,17.431441,18.820029
6.957984,7.216474,7.122453,8.568357,5.628172,5.964355,9.300471,8.151868,7.337562,6.177169
0.0,10.0,20.0,30.0,40.0,50.0,60.0,70.0,80.0,90.0
10.0,0.0,10.0,20.0,30.0,40.0,50.0,60.0,70.0,80.0
20.0,10.0,0.0,10.0,20.0,30.0,40.0,50.0,60.0,70.0
30.0,20.0,10.0,0.0,10.0,20.0,30.0,40.0,50.0,60.0
40.0,30.0,20.0,10.0,0.0,10.0,20.0,30.0,40.0,50.0
50.0,40.0,30.0,20.0,10.0,0.0,10.0,20.0,30.0,40.0
60.0,50.0,40.0,30.0,20.0,10.0,0.0,10.0,20.0,30.0
70.0,60.0,50.0,40.0,30.0,20.0,10.0,0.0,10.0,20.0
80.0,70.0,60.0,50.0,40.0,30.0,20.0,10.0,0.0,10.0
90.0,80.0,70.0,60.0,50.0,40.0,30.0,20.0,10.0,0.0
450.0,400.0,350.0,300.0,250.0,250.0,300.0,350.0,400.0,450.0
0.0,1.0,2.0,3.0,4.0,5.0,6.0,7.0,8.0,9.0
1.0,0.0,1.0,2.0,3.0,4.0,5.0,6.0,7.0,8.0
2.0,1.0,0.0,1.0,2.0,3.0,4.0,5.0,6.0,7.0
3.0,2.0,1.0,0.0,1.0,2.0,3.0,4.0,5.0,6.0
4.0,3.0,2.0,1.0,0.0,1.0,2.0,3.0,4.0,5.0
5.0,4.0,3.0,2.0,1.0,0.0,1.0,2.0,3.0,4.0
6.0,5.0,4.0,3.0,2.0,1.0,0.0,1.0,2.0,3.0
7.0,6.0,5.0,4.0,3.0,2.0,1.0,0.0,1.0,2.0
8.0,7.0,6.0,5.0,4.0,3.0,2.0,1.0,0.0,1.0
9.0,8.0,7.0,6.0,5.0,4.0,3.0,2.0,1.0,0.0
45.0,40.0,35.0,30.0,25.0,25.0,30.0,35.0,40.0,45.0
34.0,21.0,24.0,26.0,27.0,23.0,28.0,33.0,26.0,27.0,23.0,31.0,36.0,23.0,21.0,35.0,25.0,29.0,31.0,35.0,25.0,31.0,27.0,22.0,31.0,35.0,33.0,41.0,28.0,36.0,37.0,23.0,31.0,25.0,33.0,20.0,25.0,28.0,27.0,25.0,23.0,25.0,23.0,23.0,30.0,40.0,24.0,30.0,32.0,26.0
26.0,22.0,24.0,24.0,37.0,37.0,20.0,32.0,36.0,24.0,38.0,22.0,25.0,20.0,30.0,34.0,27.0,29.0,30.0,27.0,27.0,24.0,30.0,35.0,19.0,28.0,30.0,26.0,24.0,33.0,27.0,27.0,27.0,23.0,30.0,27.0,25.0,18.0,31.0,24.0,33.0,29.0,20.0,27.0,27.0,26.0,30.0,21.0,23.0,29.0
25.0,20.0,30.0,33.0,25.0,25.0,33.0,35.0,28.0,24.0,28.0,31.0,26.0,18.0,21.0,32.0,24.0,27.0,19.0,28.0,25.0,26.0,27.0,30.0,28.0,23.0,34.0,30.0,25.0,41.0,33.0,26.0,29.0,26.0,27.0,26.0,21.0,31.0,27.0,17.0,28.0,27.0,30.0,35.0,22.0,30.0,29.0,29.0,30.0,30.0
32.0,34.0,41.0,29.0,42.0,36.0,33.0,32.0,31.0,35.0,37.0,24.0,29.0,22.0,36.0,28.0,32.0,38.0,33.0,29.0,34.0,26.0,38.0,44.0,36.0,28.0,30.0,37.0,31.0,25.0,41.0,32.0,35.0,32.0,38.0,33.0,31.0,26.0,31.0,40.0,40.0,27.0,35.0,28.0,36.0,38.0,31.0,42.0,41.0,29.0
22.0,25.0,26.0,19.0,21.0,22.0,20.0,30.0,25.0,24.0,19.0,24.0,18.0,16.0,19.0,23.0,32.0,28.0,28.0,26.0,26.0,30.0,21.0,29.0,28.0,24.0,27.0,18.0,16.0,29.0,28.0,25.0,32.0,25.0,23.0,15.0,22.0,21.0,21.0,21.0,22.0,30.0,22.0,27.0,32.0,21.0,28.0,20.0,26.0,20.0
25.0,20.0,32.0,19.0,23.0,22.0,27.0,17.0,19.0,20.0,16.0,21.0,21.0,25.0,18.0,27.0,24.0,24.0,25.0,24.0,27.0,24.0,18.0,25.0,31.0,25.0,27.0,17.0,26.0,24.0,23.0,25.0,23.0,18.0,27.0,21.0,15.0,25.0,25.0,16.0,24.0,23.0,20.0,15.0,20.0,20.0,19.0,37.0,22.0,21.0
40.0,38.0,32.0,38.0,27.0,42.0,33.0,45.0,40.0,19.0,43.0,36.0,38.0,36.0,43.0,33.0,37.0,41.0,35.0,35.0,31.0,33.0,30.0,32.0,31.0,28.0,38.0,31.0,41.0,37.0,41.0,35.0,39.0,28.0,29.0,34.0,24.0,42.0,34.0,44.0,31.0,26.0,34.0,28.0,28.0,34.0,27.0,31.0,38.0,38.0
37.0,40.0,24.0,31.0,33.0,35.0,41.0,29.0,23.0,28.0,25.0,24.0,26.0,16.0,30.0,19.0,36.0,33.0,24.0,22.0,35.0,34.0,34.0,37.0,31.0,38.0,29.0,25.0,36.0,33.0,31.0,31.0,38.0,31.0,37.0,33.0,30.0,39.0,33.0,31.0,28.0,29.0,31.0,25.0,44.0,33.0,35.0,39.0,30.0,38.0
16.0,25.0,31.0,19.0,34.0,32.0,28.0,23.0,27.0,30.0,26.0,34.0,29.0,41.0,29.0,29.0,22.0,24.0,25.0,29.0,34.0,27.0,28.0,33.0,23.0,26.0,30.0,28.0,31.0,28.0,22.0,30.0,32.0,29.0,33.0,15.0,39.0,25.0,31.0,30.0,28.0,36.0,27.0,39.0,27.0,27.0,24.0,26.0,28.0,30.0
19.0,24.0,29.0,20.0,29.0,24.0,30.0,19.0,31.0,23.0,32.0,29.0,20.0,28.0,24.0,23.0,32.0,28.0,33.0,31.0,31.0,21.0,27.0,29.0,27.0,20.0,25.0,31.0,22.0,32.0,23.0,32.0,18.0,27.0,24.0,23.0,25.0,25.0,27.0,22.0,19.0,20.0,27.0,27.0,24.0,33.0,29.0,17.0,37.0,32.0
