10,50,1000
16.852886,19.515141,18.164922,16.935452,19.326805,19.258883,17.876039,15.323462,18.795634,18.053886
5.681699,8.524219,6.870522,9.653318,5.947193,9.778301,5.916785,5.675946,9.632815,6.484938
0.0,10.0,20.0,30.0,40.0,50.0,60.0,70.0,80.0,90.0
10.0,0.0,10.0,20.0,30.0,40.0,50.0,60.0,70.0,80.0
20.0,10.0,0.0,10.0,20.0,30.0,40.0,50.0,60.0,70.0
30.0,20.0,10.0,0.0,10.0,20.0,30.0,40.0,50.0,60.0
40.0,30.0,20.0,10.0,0.0,10.0,20.0,30.0,40.0,50.0
50.0,40.0,30.0,20.0,10.0,0.0,10.0,20.0,30.0,40.0
60.0,50.0,40.0,30.0,20.0,10.0,0.0,10.0,20.0,30.0
70.0,60.0,50.0,40.0,30.0,20.0,10.0,0.0,10.0,20.0
80.0,70.0,60.0,50.0,40.0,30.0,20.0,10.0,0.0,10.0
90.0,80.0,70.0,60.0,50.0,40.0,30.0,20.0,10.0,0.0
450.0,400.0,350.0,300.0,250.0,250.0,300.0,350.0,400.0,450.0
0.0,1.0,2.0,3.0,4.0,5.0,6.0,7.0,8.0,9.0
1.0,0.0,1.0,2.0,3.0,4.0,5.0,6.0,7.0,8.0
2.0,1.0,0.0,1.0,2.0,3.0,4.0,5.0,6.0,7.0
3.0,2.0,1.0,0.0,1.0,2.0,3.0,4.0,5.0,6.0
4.0,3.0,2.0,1.0,0.0,1.0,2.0,3.0,4.0,5.0
5.0,4.0,3.0,2.0,1.0,0.0,1.0,2.0,3.0,4.0
6.0,5.0,4.0,3.0,2.0,1.0,0.0,1.0,2.0,3.0
7.0,6.0,5.0,4.0,3.0,2.0,1.0,0.0,1.0,2.0
8.0,7.0,6.0,5.0,4.0,3.0,2.0,1.0,0.0,1.0
9.0,8.0,7.0,6.0,5.0,4.0,3.0,2.0,1.0,0.0
45.0,40.0,35.0,30.0,25.0,25.0,30.0,35.0,40.0,45.0
18.0,27.0,20.0,18.0,24.0,19.0,31.0,16.0,18.0,21.0,22.0,28.0,39.0,29.0,18.0,21.0,19.0,15.0,29.0,18.0,19.0,23.0,22.0,15.0,21.0,19.0,19.0,26.0,25.0,27.0,33.0,19.0,27.0,19.0,14.0,27.0,13.0,13.0,27.0,21.0,22.0,21.0,25.0,20.0,24.0,23.0,18.0,8.0,19.0,20.0
37.0,33.0,41.0,39.0,38.0,45.0,25.0,25.0,27.0,26.0,31.0,31.0,30.0,27.0,25.0,40.0,41.0,25.0,33.0,38.0,35.0,39.0,30.0,29.0,28.0,35.0,33.0,37.0,31.0,28.0,31.0,30.0,32.0,36.0,33.0,24.0,31.0,25.0,30.0,30.0,35.0,33.0,35.0,34.0,31.0,26.0,48.0,24.0,30.0,30.0
27.0,26.0,31.0,26.0,26.0,21.0,32.0,34.0,25.0,27.0,29.0,27.0,27.0,18.0,25.0,23.0,32.0,31.0,30.0,25.0,24.0,33.0,22.0,35.0,30.0,36.0,30.0,30.0,22.0,33.0,19.0,23.0,28.0,26.0,20.0,31.0,28.0,19.0,23.0,34.0,34.0,37.0,34.0,23.0,26.0,24.0,22.0,26.0,32.0,23.0
35.0,24.0,42.0,14.0,29.0,42.0,32.0,35.0,33.0,30.0,46.0,37.0,36.0,32.0,33.0,41.0,42.0,30.0,32.0,45.0,33.0,34.0,38.0,48.0,44.0,37.0,37.0,37.0,38.0,47.0,45.0,29.0,45.0,34.0,38.0,39.0,39.0,42.0,31.0,25.0,30.0,33.0,30.0,30.0,32.0,31.0,30.0,43.0,36.0,38.0
19.0,24.0,26.0,18.0,32.0,22.0,20.0,33.0,24.0,18.0,27.0,21.0,29.0,33.0,24.0,33.0,15.0,27.0,22.0,29.0,26.0,20.0,22.0,25.0,28.0,19.0,22.0,13.0,28.0,27.0,27.0,20.0,24.0,23.0,25.0,35.0,24.0,23.0,29.0,26.0,29.0,18.0,18.0,26.0,27.0,26.0,26.0,27.0,24.0,21.0
36.0,28.0,36.0,39.0,33.0,49.0,33.0,38.0,33.0,30.0,43.0,35.0,38.0,39.0,26.0,29.0,44.0,33.0,30.0,31.0,40.0,39.0,49.0,41.0,41.0,42.0,48.0,37.0,44.0,39.0,34.0,33.0,27.0,34.0,37.0,44.0,44.0,46.0,40.0,27.0,43.0,41.0,36.0,51.0,35.0,30.0,37.0,40.0,32.0,46.0
31.0,21.0,24.0,19.0,29.0,18.0,20.0,33.0,28.0,23.0,23.0,23.0,21.0,26.0,28.0,24.0,31.0,23.0,33.0,27.0,20.0,25.0,26.0,29.0,25.0,30.0,16.0,26.0,24.0,25.0,19.0,22.0,19.0,26.0,23.0,27.0,18.0,29.0,23.0,27.0,28.0,18.0,25.0,17.0,22.0,16.0,30.0,28.0,31.0,28.0
19.0,21.0,23.0,25.0,25.0,24.0,26.0,28.0,21.0,26.0,21.0,22.0,32.0,13.0,24.0,21.0,21.0,27.0,17.0,15.0,22.0,35.0,15.0,26.0,24.0,39.0,21.0,20.0,13.0,19.0,27.0,25.0,17.0,20.0,23.0,32.0,24.0,19.0,23.0,17.0,22.0,18.0,20.0,22.0,24.0,26.0,16.0,25.0,28.0,16.0
36.0,41.0,36.0,29.0,38.0,32.0,34.0,33.0,45.0,26.0,30.0,41.0,32.0,27.0,39.0,31.0,45.0,38.0,31.0,48.0,32.0,29.0,36.0,41.0,42.0,32.0,42.0,39.0,23.0,33.0,30.0,35.0,38.0,35.0,32.0,32.0,29.0,27.0,37.0,38.0,35.0,26.0,35.0,32.0,36.0,27.0,28.0,46.0,42.0,42.0
27.0,24.0,33.0,30.0,31.0,19.0,18.0,27.0,22.0,29.0,26.0,28.0,25.0,29.0,15.0,27.0,25.0,32.0,24.0,29.0,22.0,22.0,25.0,27.0,22.0,24.0,23.0,16.0,20.0,27.0,35.0,27.0,25.0,26.0,22.0,28.0,36.0,23.0,21.0,25.0,32.0,24.0,36.0,20.0,30.0,36.0,33.0,28.0,35.0,26.0
