10,50,1000
17.375515,17.205929,19.013319,16.992437,19.470927,17.599673,15.414295,18.421483,15.377137,18.466329
5.482294,8.214343,7.579637,5.821027,9.251768,6.741802,7.924304,9.694494,5.245656,7.680396
0.0,10.0,20.0,30.0,40.0,50.0,60.0,70.0,80.0,90.0
10.0,0.0,10.0,20.0,30.0,40.0,50.0,60.0,70.0,80.0
20.0,10.0,0.0,10.0,20.0,30.0,40.0,50.0,60.0,70.0
30.0,20.0,10.0,0.0,10.0,20.0,30.0,40.0,50.0,60.0
40.0,30.0,20.0,10.0,0.0,10.0,20.0,30.0,40.0,50.0
50.0,40.0,30.0,20.0,10.0,0.0,10.0,20.0,30.0,40.0
60.0,50.0,40.0,30.0,20.0,10.0,0.0,10.0,20.0,30.0
70.0,60.0,50.0,40.0,30.0,20.0,10.0,0.0,10.0,20.0
80.0,70.0,60.0,50.0,40.0,30.0,20.0,10.0,0.0,10.0
90.0,80.0,70.0,60.0,50.0,40.0,30.0,20.0,10.0,0.0
450.0,400.0,350.0,300.0,250.0,250.0,300.0,350.0,400.0,450.0
0.0,1.0,2.0,3.0,4.0,5.0,6.0,7.0,8.0,9.0
1.0,0.0,1.0,2.0,3.0,4.0,5.0,6.0,7.0,8.0
2.0,1.0,0.0,1.0,2.0,3.0,4.0,5.0,6.0,7.0
3.0,2.0,1.0,0.0,1.0,2.0,3.0,4.0,5.0,6.0
4.0,3.0,2.0,1.0,0.0,1.0,2.0,3.0,4.0,5.0
5.0,4.0,3.0,2.0,1.0,0.0,1.0,2.0,3.0,4.0
6.0,5.0,4.0,3.0,2.0,1.0,0.0,1.0,2.0,3.0
7.0,6.0,5.0,4.0,3.0,2.0,1.0,0.0,1.0,2.0
8.0,7.0,6.0,5.0,4.0,3.0,2.0,1.0,0.0,1.0
9.0,8.0,7.0,6.0,5.0,4.0,3.0,2.0,1.0,0.0
45.0,40.0,35.0,30.0,25.0,25.0,30.0,35.0,40.0,45.0
20.0,21.0,16.0,20.0,23.0,27.0,30.0,27.0,24.0,21.0,22.0,21.0,24.0,17.0,20.0,23.0,30.0,24.0,15.0,12.0,25.0,37.0,26.0,23.0,21.0,24.0,26.0,17.0,12.0,19.0,18.0,25.0,19.0,17.0,13.0,21.0,20.0,25.0,15.0,23.0,19.0,11.0,31.0,14.0,26.0,19.0,29.0,20.0,25.0,13.0
33.0,28.0,25.0,17.0,35.0,22.0,36.0,43.0,35.0,24.0,28.0,32.0,31.0,40.0,25.0,27.0,25.0,25.0,25.0,36.0,32.0,28.0,23.0,34.0,24.0,41.0,27.0,37.0,25.0,29.0,37.0,22.0,29.0,21.0,39.0,32.0,30.0,26.0,32.0,32.0,37.0,27.0,33.0,31.0,32.0,34.0,27.0,22.0,24.0,32.0
29.0,36.0,22.0,29.0,22.0,39.0,36.0,32.0,27.0,23.0,30.0,25.0,28.0,25.0,27.0,23.0,26.0,26.0,39.0,29.0,28.0,26.0,30.0,28.0,25.0,25.0,28.0,26.0,23.0,22.0,29.0,29.0,27.0,26.0,28.0,34.0,51.0,25.0,34.0,29.0,23.0,41.0,32.0,30.0,34.0,37.0,25.0,36.0,20.0,23.0
28.0,29.0,26.0,17.0,21.0,19.0,20.0,18.0,24.0,31.0,24.0,24.0,33.0,25.0,21.0,20.0,28.0,20.0,16.0,29.0,20.0,26.0,22.0,25.0,17.0,22.0,17.0,18.0,27.0,19.0,26.0,23.0,19.0,20.0,18.0,15.0,19.0,19.0,21.0,27.0,21.0,32.0,35.0,32.0,21.0,27.0,31.0,23.0,32.0,25.0
34.0,36.0,29.0,40.0,34.0,38.0,46.0,35.0,35.0,35.0,38.0,35.0,36.0,43.0,32.0,32.0,29.0,41.0,39.0,34.0,24.0,43.0,37.0,30.0,30.0,36.0,36.0,32.0,31.0,37.0,38.0,44.0,46.0,32.0,44.0,31.0,37.0,36.0,36.0,27.0,42.0,30.0,30.0,35.0,33.0,33.0,35.0,35.0,22.0,32.0
20.0,25.0,24.0,24.0,26.0,24.0,27.0,28.0,23.0,28.0,32.0,37.0,30.0,26.0,17.0,20.0,15.0,31.0,29.0,22.0,29.0,20.0,13.0,31.0,18.0,24.0,22.0,41.0,31.0,34.0,22.0,28.0,31.0,18.0,35.0,24.0,18.0,15.0,38.0,32.0,20.0,30.0,21.0,29.0,28.0,24.0,33.0,27.0,25.0,27.0
26.0,16.0,25.0,29.0,30.0,38.0,18.0,29.0,22.0,28.0,33.0,36.0,24.0,28.0,39.0,22.0,22.0,29.0,29.0,27.0,28.0,33.0,29.0,27.0,26.0,36.0,27.0,33.0,19.0,30.0,18.0,21.0,28.0,38.0,23.0,30.0,26.0,34.0,20.0,31.0,23.0,24.0,28.0,24.0,27.0,29.0,28.0,19.0,30.0,24.0
38.0,32.0,34.0,27.0,41.0,31.0,35.0,42.0,41.0,44.0,40.0,46.0,22.0,37.0,51.0,45.0,29.0,40.0,34.0,32.0,29.0,33.0,39.0,32.0,32.0,29.0,43.0,41.0,38.0,47.0,58.0,40.0,31.0,38.0,32.0,29.0,32.0,34.0,25.0,38.0,38.0,42.0,34.0,40.0,30.0,44.0,27.0,25.0,28.0,51.0
29.0,27.0,22.0,12.0,27.0,25.0,19.0,21.0,25.0,22.0,16.0,29.0,12.0,18.0,25.0,23.0,25.0,20.0,22.0,26.0,27.0,25.0,16.0,15.0,25.0,24.0,22.0,22.0,20.0,19.0,21.0,17.0,25.0,23.0,21.0,21.0,27.0,22.0,17.0,24.0,23.0,20.0,22.0,15.0,32.0,21.0,30.0,15.0,18.0,21.0
40.0,27.0,41.0,30.0,30.0,30.0,38.0,31.0,29.0,27.0,30.0,26.0,22.0,19.0,32.0,46.0,27.0,45.0,28.0,25.0,19.0,28.0,27.0,30.0,35.0,20.0,36.0,36.0,28.0,24.0,34.0,32.0,31.0,25.0,28.0,31.0,31.0,23.0,17.0,26.0,27.0,23.0,38.0,30.0,22.0,26.0,36.0,25.0,24.0,32.0
