10,50,1000
19.883955,19.699774,17.767619,15.200051,15.551207,15.809845,15.001808,15.773467,17.718548,15.834645
6.672715,9.592779,5.384299,6.127123,7.079062,7.277266,8.089143,7.079036,5.827334,8.092445
0.0,10.0,20.0,30.0,40.0,50.0,60.0,70.0,80.0,90.0
10.0,0.0,10.0,20.0,30.0,40.0,50.0,60.0,70.0,80.0
20.0,10.0,0.0,10.0,20.0,30.0,40.0,50.0,60.0,70.0
30.0,20.0,10.0,0.0,10.0,20.0,30.0,40.0,50.0,60.0
40.0,30.0,20.0,10.0,0.0,10.0,20.0,30.0,40.0,50.0
50.0,40.0,30.0,20.0,10.0,0.0,10.0,20.0,30.0,40.0
60.0,50.0,40.0,30.0,20.0,10.0,0.0,10.0,20.0,30.0
70.0,60.0,50.0,40.0,30.0,20.0,10.0,0.0,10.0,20.0
80.0,70.0,60.0,50.0,40.0,30.0,20.0,10.0,0.0,10.0
90.0,80.0,70.0,60.0,50.0,40.0,30.0,20.0,10.0,0.0
450.0,400.0,350.0,300.0,250.0,250.0,300.0,350.0,400.0,450.0
0.0,1.0,2.0,3.0,4.0,5.0,6.0,7.0,8.0,9.0
1.0,0.0,1.0,2.0,3.0,4.0,5.0,6.0,7.0,8.0
2.0,1.0,0.0,1.0,2.0,3.0,4.0,5.0,6.0,7.0
3.0,2.0,1.0,0.0,1.0,2.0,3.0,4.0,5.0,6.0
4.0,3.0,2.0,1.0,0.0,1.0,2.0,3.0,4.0,5.0
5.0,4.0,3.0,2.0,1.0,0.0,1.0,2.0,3.0,4.0
6.0,5.0,4.0,3.0,2.0,1.0,0.0,1.0,2.0,3.0
7.0,6.0,5.0,4.0,3.0,2.0,1.0,0.0,1.0,2.0
8.0,7.0,6.0,5.0,4.0,3.0,2.0,1.0,0.0,1.0
9.0,8.0,7.0,6.0,5.0,4.0,3.0,2.0,1.0,0.0
45.0,40.0,35.0,30.0,25.0,25.0,30.0,35.0,40.0,45.0
28.0,18.0,23.0,30.0,29.0,27.0,23.0,31.0,33.0,24.0,30.0,24.0,23.0,23.0,32.0,24.0,19.0,20.0,25.0,36.0,33.0,24.0,28.0,15.0,35.0,31.0,35.0,28.0,29.0,26.0,28.0,35.0,34.0,28.0,31.0,19.0,36.0,24.0,29.0,35.0,24.0,26.0,32.0,25.0,25.0,25.0,34.0,22.0,27.0,26.0
32.0,40.0,33.0,28.0,30.0,40.0,31.0,33.0,27.0,24.0,38.0,26.0,37.0,33.0,42.0,35.0,34.0,49.0,55.0,33.0,30.0,28.0,33.0,38.0,46.0,41.0,40.0,37.0,41.0,34.0,47.0,32.0,37.0,42.0,25.0,40.0,44.0,39.0,38.0,28.0,23.0,34.0,43.0,36.0,41.0,38.0,35.0,29.0,31.0,42.0
16.0,20.0,27.0,25.0,19.0,11.0,25.0,26.0,20.0,18.0,22.0,20.0,28.0,22.0,13.0,20.0,19.0,24.0,25.0,21.0,15.0,22.0,19.0,12.0,20.0,24.0,28.0,28.0,29.0,24.0,24.0,23.0,27.0,23.0,19.0,21.0,26.0,15.0,22.0,29.0,29.0,18.0,31.0,23.0,26.0,20.0,24.0,22.0,13.0,21.0
22.0,20.0,34.0,16.0,27.0,27.0,19.0,26.0,33.0,21.0,25.0,24.0,28.0,24.0,25.0,27.0,30.0,21.0,24.0,21.0,27.0,21.0,21.0,19.0,17.0,16.0,21.0,19.0,31.0,25.0,31.0,38.0,25.0,23.0,27.0,27.0,25.0,21.0,22.0,24.0,23.0,24.0,19.0,19.0,23.0,26.0,18.0,17.0,15.0,23.0
35.0,24.0,35.0,23.0,30.0,32.0,23.0,24.0,22.0,27.0,30.0,25.0,20.0,20.0,31.0,37.0,38.0,29.0,25.0,19.0,36.0,17.0,33.0,23.0,40.0,28.0,24.0,29.0,24.0,22.0,26.0,21.0,18.0,23.0,25.0,19.0,30.0,30.0,30.0,32.0,22.0,20.0,26.0,25.0,35.0,28.0,26.0,30.0,27.0,26.0
26.0,26.0,32.0,28.0,23.0,21.0,34.0,28.0,30.0,27.0,29.0,27.0,29.0,35.0,23.0,31.0,27.0,26.0,35.0,31.0,25.0,30.0,20.0,24.0,21.0,27.0,20.0,31.0,22.0,21.0,29.0,31.0,33.0,32.0,26.0,26.0,37.0,24.0,29.0,33.0,30.0,33.0,36.0,20.0,26.0,27.0,24.0,24.0,24.0,32.0
32.0,31.0,32.0,27.0,29.0,26.0,25.0,33.0,23.0,33.0,26.0,31.0,33.0,30.0,28.0,27.0,29.0,21.0,25.0,37.0,30.0,23.0,35.0,32.0,38.0,25.0,32.0,30.0,24.0,30.0,38.0,32.0,22.0,32.0,22.0,28.0,42.0,34.0,29.0,25.0,38.0,23.0,29.0,43.0,36.0,29.0,37.0,36.0,34.0,30.0
30.0,36.0,18.0,23.0,28.0,26.0,37.0,36.0,19.0,32.0,36.0,35.0,32.0,43.0,32.0,32.0,21.0,27.0,15.0,25.0,29.0,29.0,26.0,27.0,30.0,20.0,29.0,26.0,33.0,29.0,19.0,22.0,29.0,26.0,29.0,32.0,24.0,19.0,17.0,26.0,23.0,32.0,25.0,24.0,26.0,27.0,25.0,23.0,23.0,25.0
21.0,30.0,19.0,21.0,21.0,18.0,32.0,28.0,22.0,23.0,21.0,19.0,22.0,23.0,27.0,20.0,31.0,12.0,33.0,31.0,25.0,18.0,24.0,31.0,23.0,24.0,20.0,22.0,24.0,27.0,36.0,22.0,32.0,19.0,25.0,20.0,31.0,32.0,31.0,23.0,21.0,17.0,27.0,17.0,23.0,14.0,25.0,22.0,26.0,16.0
34.0,31.0,26.0,34.0,17.0,35.0,31.0,23.0,25.0,29.0,37.0,23.0,25.0,33.0,21.0,31.0,28.0,34.0,34.0,33.0,26.0,38.0,35.0,38.0,28.0,33.0,31.0,26.0,27.0,23.0,31.0,40.0,27.0,40.0,24.0,29.0,45.0,35.0,33.0,23.0,25.0,35.0,32.0,25.0,32.0,26.0,30.0,35.0,34.0,30.0
