10,50,1000
17.255732,15.399065,15.524277,19.384923,17.548716,15.764692,19.010779,19.2394,16.77322,15.661272
9.463393,8.039581,9.531226,6.932198,5.150336,8.574491,7.728795,6.708706,5.520099,8.827006
0.0,10.0,20.0,30.0,40.0,50.0,60.0,70.0,80.0,90.0
10.0,0.0,10.0,20.0,30.0,40.0,50.0,60.0,70.0,80.0
20.0,10.0,0.0,10.0,20.0,30.0,40.0,50.0,60.0,70.0
30.0,20.0,10.0,0.0,10.0,20.0,30.0,40.0,50.0,60.0
40.0,30.0,20.0,10.0,0.0,10.0,20.0,30.0,40.0,50.0
50.0,40.0,30.0,20.0,10.0,0.0,10.0,20.0,30.0,40.0
60.0,50.0,40.0,30.0,20.0,10.0,0.0,10.0,20.0,30.0
70.0,60.0,50.0,40.0,30.0,20.0,10.0,0.0,10.0,20.0
80.0,70.0,60.0,50.0,40.0,30.0,20.0,10.0,0.0,10.0
90.0,80.0,70.0,60.0,50.0,40.0,30.0,20.0,10.0,0.0
450.0,400.0,350.0,300.0,250.0,250.0,300.0,350.0,400.0,450.0
0.0,1.0,2.0,3.0,4.0,5.0,6.0,7.0,8.0,9.0
1.0,0.0,1.0,2.0,3.0,4.0,5.0,6.0,7.0,8.0
2.0,1.0,0.0,1.0,2.0,3.0,4.0,5.0,6.0,7.0
3.0,2.0,1.0,0.0,1.0,2.0,3.0,4.0,5.0,6.0
4.0,3.0,2.0,1.0,0.0,1.0,2.0,3.0,4.0,5.0
5.0,4.0,3.0,2.0,1.0,0.0,1.0,2.0,3.0,4.0
6.0,5.0,4.0,3.0,2.0,1.0,0.0,1.0,2.0,3.0
7.0,6.0,5.0,4.0,3.0,2.0,1.0,0.0,1.0,2.0
8.0,7.0,6.0,5.0,4.0,3.0,2.0,1.0,0.0,1.0
9.0,8.0,7.0,6.0,5.0,4.0,3.0,2.0,1.0,0.0
45.0,40.0,35.0,30.0,25.0,25.0,30.0,35.0,40.0,45.0
32.0,38.0,20.0,32.0,39.0,28.0,42.0,32.0,35.0,31.0,38.0,41.0,33.0,29.0,38.0,34.0,34.0,31.0,39.0,31.0,31.0,33.0,40.0,47.0,28.0,30.0,44.0,39.0,41.0,36.0,42.0,29.0,26.0,40.0,32.0,33.0,27.0,33.0,46.0,35.0,24.0,38.0,26.0,46.0,32.0,34.0,31.0,39.0,28.0,54.0
35.0,31.0,21.0,28.0,34.0,36.0,26.0,44.0,24.0,30.0,27.0,37.0,32.0,25.0,21.0,26.0,27.0,38.0,32.0,38.0,26.0,27.0,30.0,19.0,33.0,25.0,39.0,25.0,27.0,31.0,35.0,26.0,29.0,37.0,32.0,26.0,28.0,36.0,26.0,32.0,33.0,32.0,25.0,35.0,37.0,27.0,36.0,21.0,38.0,34.0
30.0,37.0,35.0,34.0,38.0,41.0,43.0,31.0,38.0,33.0,30.0,54.0,35.0,26.0,34.0,33.0,34.0,29.0,34.0,31.0,35.0,35.0,27.0,34.0,35.0,41.0,42.0,32.0,34.0,35.0,34.0,42.0,43.0,27.0,46.0,33.0,26.0,38.0,38.0,32.0,47.0,45.0,32.0,30.0,27.0,35.0,24.0,40.0,38.0,35.0
31.0,40.0,22.0,27.0,24.0,26.0,25.0,33.0,23.0,29.0,31.0,29.0,23.0,21.0,29.0,30.0,32.0,31.0,31.0,29.0,24.0,32.0,23.0,25.0,31.0,16.0,32.0,26.0,27.0,26.0,33.0,27.0,35.0,35.0,26.0,22.0,29.0,30.0,32.0,26.0,29.0,34.0,29.0,26.0,25.0,26.0,27.0,31.0,28.0,24.0
13.0,19.0,23.0,29.0,19.0,18.0,21.0,23.0,14.0,14.0,21.0,28.0,17.0,22.0,24.0,33.0,13.0,17.0,18.0,14.0,17.0,22.0,18.0,13.0,16.0,19.0,20.0,18.0,29.0,16.0,16.0,22.0,27.0,16.0,19.0,23.0,30.0,29.0,21.0,36.0,16.0,30.0,22.0,27.0,16.0,32.0,18.0,20.0,17.0,13.0
28.0,24.0,29.0,29.0,33.0,33.0,32.0,33.0,33.0,28.0,27.0,30.0,41.0,30.0,33.0,30.0,39.0,27.0,35.0,33.0,36.0,34.0,38.0,30.0,34.0,33.0,33.0,27.0,35.0,30.0,33.0,37.0,25.0,26.0,35.0,37.0,18.0,32.0,29.0,37.0,31.0,34.0,35.0,36.0,50.0,29.0,33.0,27.0,32.0,34.0
25.0,28.0,32.0,24.0,22.0,25.0,22.0,31.0,41.0,20.0,38.0,32.0,29.0,34.0,25.0,28.0,34.0,21.0,30.0,34.0,30.0,44.0,24.0,30.0,28.0,34.0,31.0,24.0,27.0,36.0,22.0,32.0,34.0,29.0,19.0,29.0,24.0,27.0,30.0,36.0,32.0,28.0,40.0,28.0,33.0,22.0,45.0,38.0,37.0,20.0
29.0,38.0,25.0,22.0,32.0,33.0,27.0,28.0,30.0,20.0,34.0,22.0,26.0,21.0,27.0,27.0,28.0,23.0,19.0,25.0,22.0,25.0,35.0,29.0,19.0,21.0,22.0,21.0,23.0,23.0,34.0,28.0,22.0,21.0,22.0,24.0,36.0,28.0,31.0,34.0,29.0,34.0,24.0,27.0,30.0,30.0,27.0,27.0,18.0,21.0
27.0,25.0,22.0,24.0,27.0,25.0,22.0,19.0,18.0,31.0,24.0,20.0,15.0,28.0,17.0,31.0,20.0,18.0,26.0,22.0,24.0,28.0,21.0,22.0,18.0,24.0,13.0,26.0,24.0,31.0,32.0,27.0,18.0,22.0,24.0,26.0,29.0,16.0,24.0,23.0,25.0,30.0,20.0,20.0,26.0,19.0,19.0,16.0,17.0,26.0
33.0,25.0,30.0,34.0,22.0,26.0,33.0,43.0,34.0,33.0,35.0,30.0,19.0,36.0,29.0,24.0,36.0,27.0,35.0,35.0,27.0,42.0,33.0,34.0,27.0,34.0,38.0,25.0,36.0,28.0,30.0,24.0,33.0,36.0,32.0,25.0,37.0,39.0,29.0,28.0,28.0,34.0,32.0,35.0,28.0,29.0,30.0,30.0,32.0,37.0
