10,50,1000
18.862904,19.198482,19.3404,18.685477,15.761395,17.740994,16.831725,16.190362,15.462629,16.074284
9.02393,8.399925,6.017573,7.980213,8.146201,7.879348,9.092491,5.111653,7.663535,9.937043
0.0,10.0,20.0,30.0,40.0,50.0,60.0,70.0,80.0,90.0
10.0,0.0,10.0,20.0,30.0,40.0,50.0,60.0,70.0,80.0
20.0,10.0,0.0,10.0,20.0,30.0,40.0,50.0,60.0,70.0
30.0,20.0,10.0,0.0,10.0,20.0,30.0,40.0,50.0,60.0
40.0,30.0,20.0,10.0,0.0,10.0,20.0,30.0,40.0,50.0
50.0,40.0,30.0,20.0,10.0,0.0,10.0,20.0,30.0,40.0
60.0,50.0,40.0,30.0,20.0,10.0,0.0,10.0,20.0,30.0
70.0,60.0,50.0,40.0,30.0,20.0,10.0,0.0,10.0,20.0
80.0,70.0,60.0,50.0,40.0,30.0,20.0,10.0,0.0,10.0
90.0,80.0,70.0,60.0,50.0,40.0,30.0,20.0,10.0,0.0
450.0,400.0,350.0,300.0,250.0,250.0,300.0,350.0,400.0,450.0
0.0,1.0,2.0,3.0,4.0,5.0,6.0,7.0,8.0,9.0
1.0,0.0,1.0,2.0,3.0,4.0,5.0,6.0,7.0,8.0
2.0,1.0,0.0,1.0,2.0,3.0,4.0,5.0,6.0,7.0
3.0,2.0,1.0,0.0,1.0,2.0,3.0,4.0,5.0,6.0
4.0,3.0,2.0,1.0,0.0,1.0,2.0,3.0,4.0,5.0
5.0,4.0,3.0,2.0,1.0,0.0,1.0,2.0,3.0,4.0
6.0,5.0,4.0,3.0,2.0,1.0,0.0,1.0,2.0,3.0
7.0,6.0,5.0,4.0,3.0,2.0,1.0,0.0,1.0,2.0
8.0,7.0,6.0,5.0,4.0,3.0,2.0,1.0,0.0,1.0
9.0,8.0,7.0,6.0,5.0,4.0,3.0,2.0,1.0,0.0
45.0,40.0,35.0,30.0,25.0,25.0,30.0,35.0,40.0,45.0
31.0,27.0,34.0,42.0,31.0,33.0,24.0,35.0,47.0,23.0,25.0,35.0,29.0,31.0,50.0,33.0,36.0,46.0,27.0,25.0,30.0,28.0,30.0,32.0,41.0,43.0,35.0,28.0,31.0,36.0,38.0,40.0,28.0,28.0,32.0,31.0,32.0,39.0,30.0,31.0,41.0,34.0,46.0,31.0,35.0,41.0,26.0,36.0,37.0,23.0
38.0,31.0,37.0,26.0,43.0,30.0,33.0,29.0,39.0,30.0,34.0,33.0,31.0,35.0,21.0,28.0,30.0,43.0,36.0,27.0,30.0,33.0,39.0,41.0,29.0,20.0,29.0,34.0,24.0,38.0,41.0,35.0,40.0,39.0,33.0,36.0,37.0,30.0,34.0,46.0,30.0,42.0,37.0,31.0,27.0,31.0,33.0,26.0,29.0,32.0
21.0,27.0,23.0,23.0,40.0,26.0,22.0,30.0,21.0,20.0,29.0,25.0,27.0,28.0,29.0,30.0,21.0,38.0,27.0,33.0,26.0,21.0,24.0,30.0,29.0,31.0,16.0,31.0,26.0,22.0,28.0,32.0,19.0,21.0,30.0,28.0,29.0,23.0,26.0,24.0,34.0,29.0,22.0,16.0,37.0,16.0,16.0,25.0,33.0,30.0
34.0,33.0,26.0,35.0,25.0,35.0,35.0,30.0,38.0,24.0,36.0,36.0,30.0,36.0,23.0,40.0,36.0,22.0,34.0,27.0,33.0,30.0,35.0,29.0,39.0,27.0,34.0,38.0,39.0,21.0,39.0,38.0,32.0,31.0,28.0,34.0,26.0,33.0,31.0,33.0,34.0,29.0,40.0,30.0,28.0,32.0,32.0,31.0,37.0,31.0
25.0,27.0,31.0,32.0,21.0,35.0,24.0,40.0,27.0,30.0,31.0,30.0,35.0,28.0,20.0,30.0,33.0,36.0,41.0,24.0,24.0,35.0,37.0,37.0,29.0,37.0,24.0,37.0,23.0,32.0,37.0,34.0,34.0,27.0,25.0,27.0,25.0,22.0,29.0,25.0,28.0,24.0,36.0,31.0,31.0,38.0,32.0,26.0,27.0,37.0
35.0,39.0,25.0,31.0,33.0,28.0,39.0,30.0,25.0,35.0,30.0,39.0,25.0,20.0,26.0,28.0,37.0,32.0,36.0,40.0,23.0,30.0,30.0,34.0,31.0,19.0,21.0,48.0,31.0,32.0,38.0,33.0,34.0,34.0,33.0,25.0,21.0,28.0,25.0,26.0,28.0,31.0,28.0,22.0,34.0,32.0,19.0,19.0,26.0,18.0
28.0,29.0,34.0,37.0,46.0,39.0,40.0,37.0,26.0,38.0,43.0,39.0,37.0,40.0,36.0,28.0,39.0,37.0,35.0,35.0,32.0,27.0,36.0,35.0,31.0,39.0,23.0,22.0,34.0,31.0,30.0,43.0,27.0,37.0,27.0,34.0,39.0,37.0,28.0,45.0,37.0,33.0,30.0,36.0,31.0,27.0,38.0,42.0,27.0,34.0
15.0,22.0,21.0,16.0,20.0,27.0,19.0,25.0,24.0,15.0,26.0,22.0,16.0,24.0,27.0,24.0,27.0,18.0,17.0,22.0,27.0,25.0,18.0,28.0,18.0,16.0,17.0,16.0,26.0,19.0,32.0,20.0,20.0,26.0,23.0,18.0,19.0,23.0,16.0,28.0,25.0,14.0,20.0,26.0,23.0,19.0,21.0,17.0,24.0,19.0
33.0,26.0,22.0,27.0,25.0,34.0,26.0,26.0,18.0,34.0,30.0,39.0,33.0,23.0,21.0,36.0,31.0,31.0,29.0,24.0,36.0,38.0,21.0,35.0,32.0,25.0,30.0,26.0,37.0,35.0,23.0,25.0,27.0,33.0,35.0,26.0,25.0,19.0,45.0,30.0,23.0,27.0,32.0,26.0,38.0,22.0,22.0,30.0,31.0,29.0
31.0,41.0,34.0,42.0,34.0,34.0,43.0,30.0,45.0,35.0,29.0,30.0,33.0,28.0,42.0,24.0,40.0,36.0,23.0,32.0,37.0,38.0,36.0,37.0,21.0,39.0,21.0,38.0,35.0,31.0,26.0,56.0,33.0,44.0,30.0,35.0,43.0,38.0,32.0,32.0,44.0,35.0,38.0,34.0,34.0,40.0,37.0,31.0,29.0,31.0
