10,50,1000
15.051339,18.347836,17.051967,17.109106,17.318932,15.682108,16.513942,18.744081,15.489278,18.257062
9.166964,5.71962,5.460593,6.994512,9.503315,5.13989,8.76989,6.729491,5.74181,8.437068
0.0,10.0,20.0,30.0,40.0,50.0,60.0,70.0,80.0,90.0
10.0,0.0,10.0,20.0,30.0,40.0,50.0,60.0,70.0,80.0
20.0,10.0,0.0,10.0,20.0,30.0,40.0,50.0,60.0,70.0
30.0,20.0,10.0,0.0,10.0,20.0,30.0,40.0,50.0,60.0
40.0,30.0,20.0,10.0,0.0,10.0,20.0,30.0,40.0,50.0
50.0,40.0,30.0,20.0,10.0,0.0,10.0,20.0,30.0,40.0
60.0,50.0,40.0,30.0,20.0,10.0,0.0,10.0,20.0,30.0
70.0,60.0,50.0,40.0,30.0,20.0,10.0,0.0,10.0,20.0
80.0,70.0,60.0,50.0,40.0,30.0,20.0,10.0,0.0,10.0
90.0,80.0,70.0,60.0,50.0,40.0,30.0,20.0,10.0,0.0
450.0,400.0,350.0,300.0,250.0,250.0,300.0,350.0,400.0,450.0
0.0,1.0,2.0,3.0,4.0,5.0,6.0,7.0,8.0,9.0
1.0,0.0,1.0,2.0,3.0,4.0,5.0,6.0,7.0,8.0
2.0,1.0,0.0,1.0,2.0,3.0,4.0,5.0,6.0,7.0
3.0,2.0,1.0,0.0,1.0,2.0,3.0,4.0,5.0,6.0
4.0,3.0,2.0,1.0,0.0,1.0,2.0,3.0,4.0,5.0
5.0,4.0,3.0,2.0,1.0,0.0,1.0,2.0,3.0,4.0
6.0,5.0,4.0,3.0,2.0,1.0,0.0,1.0,2.0,3.0
7.0,6.0,5.0,4.0,3.0,2.0,1.0,0.0,1.0,2.0
8.0,7.0,6.0,5.0,4.0,3.0,2.0,1.0,0.0,1.0
9.0,8.0,7.0,6.0,5.0,4.0,3.0,2.0,1.0,0.0
45.0,40.0,35.0,30.0,25.0,25.0,30.0,35.0,40.0,45.0
36.0,34.0,40.0,38.0,29.0,31.0,39.0,34.0,32.0,26.0,25.0,25.0,30.0,38.0,33.0,31.0,35.0,38.0,37.0,32.0,28.0,28.0,34.0,32.0,29.0,35.0,36.0,25.0,40.0,30.0,40.0,36.0,25.0,34.0,33.0,29.0,36.0,31.0,36.0,33.0,31.0,33.0,36.0,30.0,29.0,32.0,30.0,28.0,29.0,26.0
23.0,19.0,23.0,19.0,26.0,26.0,24.0,17.0,28.0,24.0,20.0,18.0,20.0,21.0,23.0,17.0,20.0,23.0,25.0,18.0,20.0,20.0,21.0,26.0,22.0,24.0,23.0,21.0,31.0,22.0,19.0,19.0,24.0,22.0,24.0,20.0,23.0,19.0,25.0,34.0,19.0,28.0,27.0,23.0,22.0,29.0,19.0,27.0,21.0,16.0
19.0,17.0,28.0,16.0,12.0,20.0,17.0,27.0,35.0,20.0,26.0,21.0,28.0,27.0,19.0,20.0,25.0,22.0,24.0,22.0,18.0,21.0,29.0,23.0,18.0,20.0,22.0,23.0,29.0,21.0,25.0,16.0,14.0,21.0,31.0,24.0,21.0,25.0,28.0,12.0,18.0,22.0,21.0,29.0,26.0,24.0,27.0,14.0,21.0,32.0
22.0,25.0,28.0,23.0,14.0,29.0,26.0,32.0,29.0,29.0,25.0,34.0,25.0,32.0,31.0,28.0,17.0,28.0,19.0,21.0,31.0,22.0,28.0,24.0,30.0,29.0,29.0,40.0,30.0,29.0,28.0,22.0,24.0,31.0,34.0,20.0,27.0,26.0,29.0,23.0,14.0,33.0,28.0,22.0,22.0,25.0,30.0,14.0,27.0,31.0
25.0,49.0,30.0,43.0,37.0,37.0,47.0,34.0,36.0,36.0,34.0,35.0,32.0,45.0,43.0,42.0,41.0,39.0,34.0,35.0,38.0,39.0,37.0,25.0,23.0,34.0,40.0,41.0,46.0,31.0,44.0,37.0,45.0,35.0,28.0,25.0,41.0,28.0,34.0,43.0,46.0,34.0,41.0,36.0,31.0,36.0,34.0,35.0,27.0,35.0
20.0,20.0,18.0,23.0,29.0,21.0,23.0,21.0,15.0,22.0,28.0,22.0,23.0,30.0,22.0,25.0,27.0,21.0,23.0,12.0,23.0,27.0,23.0,24.0,14.0,19.0,12.0,17.0,15.0,30.0,11.0,15.0,18.0,27.0,18.0,25.0,17.0,12.0,14.0,24.0,23.0,16.0,13.0,18.0,19.0,30.0,21.0,22.0,17.0,19.0
28.0,35.0,34.0,30.0,31.0,39.0,34.0,22.0,38.0,29.0,32.0,21.0,24.0,35.0,50.0,30.0,31.0,31.0,34.0,40.0,35.0,33.0,26.0,26.0,28.0,36.0,34.0,31.0,35.0,27.0,29.0,35.0,36.0,27.0,34.0,35.0,38.0,34.0,44.0,36.0,39.0,35.0,34.0,28.0,30.0,37.0,26.0,26.0,30.0,32.0
43.0,30.0,29.0,27.0,34.0,35.0,31.0,29.0,32.0,25.0,23.0,36.0,32.0,28.0,14.0,24.0,20.0,24.0,25.0,29.0,35.0,24.0,21.0,31.0,33.0,28.0,30.0,32.0,26.0,32.0,26.0,25.0,32.0,28.0,32.0,31.0,25.0,23.0,18.0,22.0,32.0,24.0,23.0,31.0,36.0,27.0,21.0,33.0,34.0,28.0
20.0,20.0,21.0,27.0,16.0,17.0,33.0,28.0,21.0,16.0,25.0,18.0,19.0,24.0,28.0,27.0,29.0,18.0,21.0,26.0,38.0,28.0,18.0,21.0,30.0,18.0,27.0,28.0,23.0,26.0,24.0,31.0,23.0,27.0,17.0,10.0,21.0,17.0,20.0,22.0,26.0,24.0,21.0,27.0,16.0,18.0,22.0,23.0,34.0,19.0
31.0,43.0,39.0,25.0,34.0,38.0,29.0,24.0,27.0,32.0,36.0,18.0,24.0,36.0,30.0,37.0,35.0,34.0,34.0,36.0,24.0,44.0,28.0,27.0,43.0,33.0,28.0,36.0,37.0,36.0,30.0,33.0,35.0,26.0,38.0,30.0,26.0,31.0,39.0,33.0,39.0,44.0,26.0,33.0,36.0,21.0,28.0,27.0,39.0,33.0
