10,50,1000
17.644108,16.337561,19.697038,17.341202,15.310152,16.830237,19.15247,15.688905,16.839711,17.541907
6.437627,8.705631,5.17778,7.666499,8.975856,5.838894,7.205354,9.701369,7.170111,9.727076
0.0,10.0,20.0,30.0,40.0,50.0,60.0,70.0,80.0,90.0
10.0,0.0,10.0,20.0,30.0,40.0,50.0,60.0,70.0,80.0
20.0,10.0,0.0,10.0,20.0,30.0,40.0,50.0,60.0,70.0
30.0,20.0,10.0,0.0,10.0,20.0,30.0,40.0,50.0,60.0
40.0,30.0,20.0,10.0,0.0,10.0,20.0,30.0,40.0,50.0
50.0,40.0,30.0,20.0,10.0,0.0,10.0,20.0,30.0,40.0
60.0,50.0,40.0,30.0,20.0,10.0,0.0,10.0,20.0,30.0
70.0,60.0,50.0,40.0,30.0,20.0,10.0,0.0,10.0,20.0
80.0,70.0,60.0,50.0,40.0,30.0,20.0,10.0,0.0,10.0
90.0,80.0,70.0,60.0,50.0,40.0,30.0,20.0,10.0,0.0
450.0,400.0,350.0,300.0,250.0,250.0,300.0,350.0,400.0,450.0
0.0,1.0,2.0,3.0,4.0,5.0,6.0,7.0,8.0,9.0
1.0,0.0,1.0,2.0,3.0,4.0,5.0,6.0,7.0,8.0
2.0,1.0,0.0,1.0,2.0,3.0,4.0,5.0,6.0,7.0
3.0,2.0,1.0,0.0,1.0,2.0,3.0,4.0,5.0,6.0
4.0,3.0,2.0,1.0,0.0,1.0,2.0,3.0,4.0,5.0
5.0,4.0,3.0,2.0,1.0,0.0,1.0,2.0,3.0,4.0
6.0,5.0,4.0,3.0,2.0,1.0,0.0,1.0,2.0,3.0
7.0,6.0,5.0,4.0,3.0,2.0,1.0,0.0,1.0,2.0
8.0,7.0,6.0,5.0,4.0,3.0,2.0,1.0,0.0,1.0
9.0,8.0,7.0,6.0,5.0,4.0,3.0,2.0,1.0,0.0
45.0,40.0,35.0,30.0,25.0,25.0,30.0,35.0,40.0,45.0
16.0,26.0,29.0,26.0,22.0,28.0,12.0,23.0,22.0,31.0,21.0,23.0,16.0,23.0,29.0,20.0,33.0,32.0,33.0,34.0,29.0,22.0,23.0,27.0,25.0,34.0,21.0,30.0,25.0,28.0,18.0,19.0,22.0,38.0,22.0,22.0,30.0,27.0,20.0,25.0,22.0,22.0,26.0,20.0,30.0,27.0,28.0,23.0,24.0,24.0
21.0,26.0,43.0,27.0,39.0,29.0,32.0,23.0,33.0,24.0,34.0,32.0,38.0,27.0,37.0,31.0,32.0,38.0,35.0,23.0,31.0,37.0,33.0,22.0,19.0,30.0,32.0,39.0,31.0,33.0,28.0,27.0,27.0,30.0,33.0,39.0,24.0,29.0,26.0,31.0,41.0,30.0,30.0,42.0,25.0,31.0,34.0,34.0,33.0,33.0
25.0,18.0,19.0,20.0,20.0,19.0,22.0,31.0,30.0,27.0,20.0,17.0,20.0,10.0,27.0,25.0,21.0,18.0,21.0,21.0,22.0,20.0,20.0,28.0,22.0,23.0,24.0,22.0,23.0,17.0,18.0,17.0,21.0,19.0,26.0,20.0,16.0,19.0,29.0,21.0,28.0,21.0,24.0,21.0,22.0,22.0,22.0,20.0,13.0,20.0
26.0,31.0,17.0,23.0,28.0,30.0,24.0,29.0,29.0,25.0,27.0,26.0,26.0,31.0,30.0,37.0,32.0,39.0,38.0,27.0,35.0,27.0,27.0,26.0,30.0,33.0,33.0,29.0,35.0,34.0,32.0,28.0,26.0,26.0,39.0,22.0,30.0,23.0,36.0,33.0,23.0,22.0,32.0,30.0,33.0,41.0,29.0,33.0,30.0,31.0
26.0,36.0,41.0,32.0,38.0,33.0,34.0,35.0,35.0,30.0,39.0,31.0,22.0,27.0,42.0,39.0,39.0,34.0,43.0,44.0,30.0,28.0,35.0,41.0,32.0,31.0,31.0,22.0,40.0,25.0,35.0,38.0,43.0,37.0,30.0,32.0,39.0,31.0,31.0,31.0,40.0,34.0,33.0,33.0,37.0,29.0,22.0,38.0,25.0,28.0
15.0,18.0,18.0,26.0,25.0,20.0,22.0,23.0,25.0,25.0,23.0,21.0,22.0,15.0,15.0,21.0,27.0,20.0,30.0,36.0,35.0,22.0,25.0,25.0,19.0,19.0,20.0,19.0,19.0,23.0,15.0,16.0,25.0,37.0,15.0,22.0,23.0,24.0,23.0,30.0,23.0,27.0,22.0,15.0,21.0,23.0,28.0,13.0,26.0,19.0
24.0,23.0,29.0,28.0,31.0,46.0,39.0,21.0,36.0,20.0,26.0,24.0,26.0,17.0,31.0,28.0,26.0,35.0,36.0,26.0,26.0,30.0,25.0,20.0,23.0,17.0,35.0,39.0,28.0,33.0,29.0,34.0,34.0,31.0,34.0,31.0,24.0,25.0,26.0,36.0,36.0,32.0,31.0,30.0,19.0,33.0,33.0,31.0,18.0,23.0
33.0,36.0,43.0,35.0,37.0,34.0,30.0,27.0,25.0,36.0,36.0,35.0,38.0,28.0,34.0,38.0,30.0,37.0,31.0,33.0,19.0,35.0,41.0,41.0,40.0,33.0,39.0,42.0,36.0,37.0,39.0,36.0,36.0,42.0,31.0,33.0,35.0,38.0,34.0,33.0,29.0,31.0,25.0,26.0,42.0,42.0,37.0,38.0,32.0,44.0
38.0,31.0,35.0,28.0,20.0,23.0,21.0,27.0,28.0,28.0,23.0,26.0,23.0,22.0,27.0,24.0,31.0,25.0,21.0,30.0,30.0,25.0,24.0,38.0,38.0,32.0,22.0,28.0,29.0,27.0,27.0,29.0,38.0,38.0,20.0,23.0,22.0,26.0,33.0,21.0,18.0,38.0,35.0,22.0,27.0,33.0,24.0,24.0,23.0,23.0
39.0,39.0,27.0,36.0,32.0,37.0,47.0,35.0,42.0,47.0,37.0,39.0,46.0,34.0,42.0,28.0,35.0,43.0,30.0,39.0,27.0,41.0,34.0,45.0,39.0,40.0,41.0,43.0,37.0,43.0,43.0,44.0,37.0,41.0,34.0,37.0,37.0,42.0,35.0,42.0,42.0,29.0,39.0,29.0,34.0,29.0,35.0,44.0,29.0,36.0
