10,50,1000
16.612725,16.882422,17.765151,17.140616,16.885342,15.710988,18.042532,16.729001,17.212855,15.152291
5.651492,9.667133,7.362464,7.837264,9.405989,5.17283,8.234523,9.110447,5.15124,8.43194
0.0,10.0,20.0,30.0,40.0,50.0,60.0,70.0,80.0,90.0
10.0,0.0,10.0,20.0,30.0,40.0,50.0,60.0,70.0,80.0
20.0,10.0,0.0,10.0,20.0,30.0,40.0,50.0,60.0,70.0
30.0,20.0,10.0,0.0,10.0,20.0,30.0,40.0,50.0,60.0
40.0,30.0,20.0,10.0,0.0,10.0,20.0,30.0,40.0,50.0
50.0,40.0,30.0,20.0,10.0,0.0,10.0,20.0,30.0,40.0
60.0,50.0,40.0,30.0,20.0,10.0,0.0,10.0,20.0,30.0
70.0,60.0,50.0,40.0,30.0,20.0,10.0,0.0,10.0,20.0
80.0,70.0,60.0,50.0,40.0,30.0,20.0,10.0,0.0,10.0
90.0,80.0,70.0,60.0,50.0,40.0,30.0,20.0,10.0,0.0
450.0,400.0,350.0,300.0,250.0,250.0,300.0,350.0,400.0,450.0
0.0,1.0,2.0,3.0,4.0,5.0,6.0,7.0,8.0,9.0
1.0,0.0,1.0,2.0,3.0,4.0,5.0,6.0,7.0,8.0
2.0,1.0,0.0,1.0,2.0,3.0,4.0,5.0,6.0,7.0
3.0,2.0,1.0,0.0,1.0,2.0,3.0,4.0,5.0,6.0
4.0,3.0,2.0,1.0,0.0,1.0,2.0,3.0,4.0,5.0
5.0,4.0,3.0,2.0,1.0,0.0,1.0,2.0,3.0,4.0
6.0,5.0,4.0,3.0,2.0,1.0,0.0,1.0,2.0,3.0
7.0,6.0,5.0,4.0,3.0,2.0,1.0,0.0,1.0,2.0
8.0,7.0,6.0,5.0,4.0,3.0,2.0,1.0,0.0,1.0
9.0,8.0,7.0,6.0,5.0,4.0,3.0,2.0,1.0,0.0
45.0,40.0,35.0,30.0,25.0,25.0,30.0,35.0,40.0,45.0
30.0,28.0,16.0,24.0,19.0,21.0,20.0,28.0,30.0,28.0,27.0,24.0,26.0,27.0,12.0,25.0,16.0,22.0,27.0,21.0,17.0,23.0,24.0,27.0,18.0,26.0,26.0,24.0,16.0,26.0,35.0,33.0,20.0,23.0,19.0,14.0,22.0,27.0,18.0,33.0,17.0,13.0,19.0,30.0,22.0,23.0,27.0,26.0,20.0,24.0
31.0,45.0,39.0,35.0,51.0,27.0,44.0,24.0,36.0,46.0,35.0,35.0,38.0,30.0,41.0,31.0,39.0,25.0,44.0,36.0,43.0,31.0,41.0,41.0,35.0,29.0,37.0,39.0,35.0,33.0,32.0,41.0,29.0,41.0,30.0,43.0,35.0,38.0,41.0,34.0,36.0,35.0,36.0,47.0,38.0,39.0,30.0,38.0,35.0,23.0
25.0,24.0,27.0,29.0,33.0,33.0,24.0,25.0,30.0,28.0,26.0,27.0,29.0,24.0,31.0,31.0,30.0,34.0,18.0,28.0,30.0,27.0,19.0,30.0,26.0,28.0,37.0,27.0,32.0,41.0,20.0,31.0,24.0,30.0,23.0,22.0,21.0,19.0,24.0,29.0,30.0,39.0,35.0,27.0,27.0,26.0,33.0,39.0,23.0,25.0
32.0,32.0,24.0,32.0,34.0,35.0,27.0,28.0,34.0,25.0,31.0,33.0,43.0,20.0,26.0,25.0,28.0,26.0,28.0,36.0,22.0,27.0,33.0,31.0,28.0,29.0,32.0,31.0,26.0,29.0,24.0,39.0,30.0,22.0,20.0,32.0,24.0,16.0,30.0,34.0,34.0,33.0,30.0,28.0,29.0,33.0,36.0,35.0,31.0,21.0
34.0,31.0,38.0,37.0,43.0,38.0,28.0,45.0,35.0,43.0,37.0,42.0,22.0,34.0,39.0,47.0,35.0,39.0,48.0,26.0,33.0,34.0,35.0,33.0,37.0,24.0,41.0,37.0,27.0,30.0,35.0,48.0,21.0,42.0,38.0,44.0,32.0,28.0,30.0,26.0,33.0,41.0,41.0,36.0,41.0,37.0,35.0,31.0,36.0,42.0
18.0,19.0,25.0,26.0,16.0,31.0,19.0,27.0,21.0,20.0,27.0,18.0,19.0,15.0,18.0,31.0,22.0,33.0,27.0,21.0,24.0,28.0,13.0,22.0,23.0,28.0,22.0,15.0,21.0,25.0,23.0,22.0,18.0,20.0,23.0,17.0,20.0,18.0,20.0,26.0,26.0,29.0,23.0,18.0,17.0,23.0,20.0,14.0,22.0,22.0
30.0,34.0,25.0,35.0,30.0,33.0,29.0,35.0,38.0,27.0,33.0,38.0,27.0,26.0,29.0,42.0,27.0,27.0,31.0,33.0,28.0,33.0,27.0,31.0,26.0,33.0,20.0,26.0,36.0,33.0,31.0,41.0,20.0,39.0,41.0,25.0,22.0,34.0,36.0,24.0,32.0,28.0,28.0,34.0,34.0,35.0,27.0,27.0,30.0,30.0
31.0,26.0,37.0,29.0,38.0,38.0,22.0,36.0,27.0,38.0,42.0,41.0,46.0,39.0,34.0,36.0,44.0,36.0,32.0,33.0,43.0,31.0,36.0,37.0,29.0,29.0,33.0,39.0,35.0,26.0,39.0,38.0,38.0,35.0,42.0,37.0,37.0,36.0,35.0,33.0,35.0,39.0,34.0,32.0,41.0,29.0,31.0,28.0,29.0,28.0
27.0,21.0,18.0,20.0,19.0,22.0,24.0,18.0,29.0,13.0,26.0,19.0,25.0,18.0,19.0,28.0,24.0,29.0,13.0,23.0,26.0,25.0,21.0,18.0,32.0,12.0,13.0,29.0,20.0,23.0,18.0,25.0,16.0,26.0,13.0,17.0,23.0,28.0,22.0,11.0,15.0,20.0,27.0,10.0,14.0,20.0,21.0,20.0,22.0,12.0
30.0,25.0,24.0,31.0,31.0,34.0,24.0,23.0,27.0,26.0,19.0,30.0,35.0,34.0,30.0,27.0,31.0,43.0,19.0,35.0,20.0,25.0,30.0,22.0,40.0,37.0,21.0,32.0,27.0,34.0,31.0,28.0,28.0,28.0,24.0,21.0,38.0,31.0,34.0,21.0,37.0,23.0,28.0,24.0,31.0,35.0,46.0,28.0,30.0,31.0
