10,50,1000
18.496772,17.038155,18.578389,19.8327,18.541204,18.814598,19.278828,15.934268,18.627368,18.559261
7.188273,9.643649,9.651702,7.776872,9.692002,5.120643,5.158553,5.568321,8.473967,9.747538
0.0,10.0,20.0,30.0,40.0,50.0,60.0,70.0,80.0,90.0
10.0,0.0,10.0,20.0,30.0,40.0,50.0,60.0,70.0,80.0
20.0,10.0,0.0,10.0,20.0,30.0,40.0,50.0,60.0,70.0
30.0,20.0,10.0,0.0,10.0,20.0,30.0,40.0,50.0,60.0
40.0,30.0,20.0,10.0,0.0,10.0,20.0,30.0,40.0,50.0
50.0,40.0,30.0,20.0,10.0,0.0,10.0,20.0,30.0,40.0
60.0,50.0,40.0,30.0,20.0,10.0,0.0,10.0,20.0,30.0
70.0,60.0,50.0,40.0,30.0,20.0,10.0,0.0,10.0,20.0
80.0,70.0,60.0,50.0,40.0,30.0,20.0,10.0,0.0,10.0
90.0,80.0,70.0,60.0,50.0,40.0,30.0,20.0,10.0,0.0
450.0,400.0,350.0,300.0,250.0,250.0,300.0,350.0,400.0,450.0
0.0,1.0,2.0,3.0,4.0,5.0,6.0,7.0,8.0,9.0
1.0,0.0,1.0,2.0,3.0,4.0,5.0,6.0,7.0,8.0
2.0,1.0,0.0,1.0,2.0,3.0,4.0,5.0,6.0,7.0
3.0,2.0,1.0,0.0,1.0,2.0,3.0,4.0,5.0,6.0
4.0,3.0,2.0,1.0,0.0,1.0,2.0,3.0,4.0,5.0
5.0,4.0,3.0,2.0,1.0,0.0,1.0,2.0,3.0,4.0
6.0,5.0,4.0,3.0,2.0,1.0,0.0,1.0,2.0,3.0
7.0,6.0,5.0,4.0,3.0,2.0,1.0,0.0,1.0,2.0
8.0,7.0,6.0,5.0,4.0,3.0,2.0,1.0,0.0,1.0
9.0,8.0,7.0,6.0,5.0,4.0,3.0,2.0,1.0,0.0
45.0,40.0,35.0,30.0,25.0,25.0,30.0,35.0,40.0,45.0
34.0,26.0,21.0,19.0,22.0,25.0,39.0,26.0,20.0,29.0,25.0,25.0,28.0,39.0,25.0,31.0,34.0,19.0,43.0,23.0,39.0,32.0,25.0,27.0,23.0,22.0,33.0,24.0,23.0,34.0,24.0,18.0,28.0,34.0,23.0,31.0,28.0,28.0,24.0,24.0,30.0,33.0,21.0,21.0,23.0,31.0,30.0,20.0,27.0,30.0
42.0,44.0,33.0,28.0,37.0,26.0,31.0,39.0,34.0,32.0,40.0,29.0,27.0,45.0,25.0,54.0,37.0,35.0,37.0,32.0,35.0,30.0,45.0,37.0,41.0,40.0,31.0,39.0,30.0,26.0,32.0,26.0,47.0,36.0,39.0,34.0,28.0,33.0,34.0,40.0,42.0,45.0,35.0,31.0,45.0,44.0,46.0,37.0,35.0,25.0
42.0,35.0,44.0,35.0,47.0,38.0,42.0,35.0,32.0,37.0,44.0,36.0,37.0,28.0,35.0,42.0,37.0,32.0,42.0,33.0,39.0,34.0,38.0,41.0,41.0,30.0,44.0,41.0,37.0,33.0,40.0,36.0,36.0,35.0,35.0,36.0,38.0,38.0,48.0,33.0,33.0,41.0,45.0,35.0,38.0,42.0,28.0,33.0,29.0,52.0
31.0,37.0,22.0,21.0,25.0,26.0,29.0,28.0,28.0,27.0,33.0,35.0,36.0,39.0,24.0,29.0,28.0,27.0,34.0,28.0,34.0,32.0,26.0,22.0,25.0,23.0,28.0,28.0,25.0,40.0,29.0,28.0,28.0,27.0,36.0,37.0,26.0,30.0,41.0,36.0,22.0,29.0,36.0,36.0,31.0,25.0,31.0,28.0,35.0,35.0
47.0,49.0,28.0,31.0,36.0,39.0,32.0,34.0,35.0,43.0,35.0,39.0,33.0,45.0,27.0,40.0,56.0,35.0,43.0,38.0,43.0,29.0,41.0,31.0,39.0,35.0,31.0,24.0,35.0,46.0,35.0,26.0,34.0,39.0,32.0,32.0,30.0,35.0,34.0,37.0,30.0,42.0,34.0,30.0,31.0,31.0,32.0,27.0,33.0,46.0
17.0,26.0,30.0,20.0,16.0,25.0,29.0,28.0,25.0,17.0,30.0,21.0,28.0,17.0,20.0,25.0,25.0,25.0,23.0,20.0,23.0,23.0,23.0,14.0,22.0,30.0,34.0,20.0,24.0,24.0,16.0,24.0,21.0,23.0,31.0,15.0,11.0,14.0,21.0,28.0,17.0,12.0,33.0,28.0,15.0,16.0,25.0,14.0,20.0,15.0
15.0,23.0,20.0,21.0,28.0,26.0,23.0,14.0,21.0,24.0,21.0,22.0,16.0,23.0,15.0,27.0,18.0,28.0,21.0,18.0,19.0,27.0,27.0,21.0,25.0,35.0,15.0,13.0,19.0,17.0,23.0,24.0,21.0,12.0,17.0,24.0,27.0,24.0,22.0,17.0,20.0,19.0,18.0,19.0,19.0,19.0,20.0,19.0,20.0,25.0
26.0,17.0,25.0,24.0,26.0,18.0,27.0,14.0,25.0,27.0,22.0,25.0,23.0,27.0,26.0,17.0,18.0,27.0,21.0,19.0,16.0,14.0,18.0,24.0,20.0,15.0,25.0,22.0,18.0,19.0,28.0,30.0,22.0,24.0,23.0,19.0,24.0,23.0,23.0,20.0,25.0,20.0,26.0,21.0,13.0,23.0,20.0,23.0,20.0,19.0
37.0,27.0,35.0,32.0,29.0,36.0,26.0,39.0,29.0,21.0,28.0,32.0,32.0,25.0,25.0,22.0,22.0,38.0,36.0,31.0,28.0,27.0,23.0,27.0,31.0,36.0,33.0,40.0,31.0,23.0,42.0,36.0,31.0,43.0,33.0,34.0,36.0,33.0,42.0,37.0,30.0,30.0,28.0,20.0,28.0,38.0,37.0,27.0,27.0,25.0
42.0,30.0,37.0,33.0,38.0,35.0,28.0,38.0,33.0,36.0,37.0,39.0,41.0,35.0,33.0,30.0,32.0,34.0,33.0,23.0,25.0,39.0,36.0,29.0,47.0,41.0,33.0,41.0,39.0,38.0,36.0,35.0,38.0,39.0,36.0,36.0,33.0,33.0,37.0,34.0,30.0,30.0,35.0,28.0,32.0,37.0,41.0,38.0,41.0,36.0
