10,50,1000
18.129317,17.588108,18.241343,17.805843,18.225977,17.548166,15.456563,17.754637,19.289812,17.160184
5.555925,9.529231,6.513367,5.167877,7.09274,6.613453,9.458063,6.369063,5.368034,5.519334
0.0,10.0,20.0,30.0,40.0,50.0,60.0,70.0,80.0,90.0
10.0,0.0,10.0,20.0,30.0,40.0,50.0,60.0,70.0,80.0
20.0,10.0,0.0,10.0,20.0,30.0,40.0,50.0,60.0,70.0
30.0,20.0,10.0,0.0,10.0,20.0,30.0,40.0,50.0,60.0
40.0,30.0,20.0,10.0,0.0,10.0,20.0,30.0,40.0,50.0
50.0,40.0,30.0,20.0,10.0,0.0,10.0,20.0,30.0,40.0
60.0,50.0,40.0,30.0,20.0,10.0,0.0,10.0,20.0,30.0
70.0,60.0,50.0,40.0,30.0,20.0,10.0,0.0,10.0,20.0
80.0,70.0,60.0,50.0,40.0,30.0,20.0,10.0,0.0,10.0
90.0,80.0,70.0,60.0,50.0,40.0,30.0,20.0,10.0,0.0
450.0,400.0,350.0,300.0,250.0,250.0,300.0,350.0,400.0,450.0
0.0,1.0,2.0,3.0,4.0,5.0,6.0,7.0,8.0,9.0
1.0,0.0,1.0,2.0,3.0,4.0,5.0,6.0,7.0,8.0
2.0,1.0,0.0,1.0,2.0,3.0,4.0,5.0,6.0,7.0
3.0,2.0,1.0,0.0,1.0,2.0,3.0,4.0,5.0,6.0
4.0,3.0,2.0,1.0,0.0,1.0,2.0,3.0,4.0,5.0
5.0,4.0,3.0,2.0,1.0,0.0,1.0,2.0,3.0,4.0
6.0,5.0,4.0,3.0,2.0,1.0,0.0,1.0,2.0,3.0
7.0,6.0,5.0,4.0,3.0,2.0,1.0,0.0,1.0,2.0
8.0,7.0,6.0,5.0,4.0,3.0,2.0,1.0,0.0,1.0
9.0,8.0,7.0,6.0,5.0,4.0,3.0,2.0,1.0,0.0
45.0,40.0,35.0,30.0,25.0,25.0,30.0,35.0,40.0,45.0
22.0,21.0,23.0,24.0,23.0,18.0,24.0,26.0,20.0,23.0,21.0,26.0,30.0,19.0,20.0,26.0,37.0,35.0,29.0,31.0,19.0,15.0,26.0,20.0,24.0,23.0,17.0,29.0,25.0,29.0,22.0,25.0,25.0,18.0,19.0,23.0,24.0,19.0,27.0,22.0,33.0,24.0,21.0,20.0,25.0,20.0,16.0,19.0,17.0,28.0
33.0,39.0,32.0,37.0,31.0,33.0,36.0,35.0,39.0,32.0,34.0,37.0,42.0,34.0,26.0,44.0,30.0,29.0,39.0,33.0,33.0,35.0,37.0,35.0,36.0,38.0,46.0,26.0,29.0,32.0,36.0,51.0,29.0,38.0,33.0,31.0,25.0,31.0,32.0,37.0,39.0,29.0,37.0,46.0,31.0,34.0,49.0,32.0,25.0,19.0
26.0,25.0,26.0,36.0,22.0,36.0,30.0,30.0,34.0,25.0,38.0,23.0,24.0,24.0,35.0,28.0,18.0,22.0,33.0,30.0,19.0,23.0,18.0,18.0,30.0,31.0,28.0,30.0,18.0,31.0,35.0,20.0,22.0,33.0,26.0,25.0,28.0,26.0,19.0,29.0,31.0,21.0,24.0,18.0,33.0,33.0,14.0,16.0,31.0,23.0
23.0,16.0,17.0,16.0,27.0,19.0,20.0,29.0,19.0,20.0,20.0,28.0,22.0,16.0,20.0,24.0,29.0,18.0,18.0,14.0,27.0,15.0,16.0,25.0,19.0,24.0,16.0,22.0,21.0,21.0,22.0,30.0,15.0,23.0,26.0,19.0,18.0,17.0,19.0,26.0,21.0,17.0,32.0,15.0,16.0,26.0,21.0,13.0,18.0,17.0
36.0,28.0,32.0,27.0,30.0,27.0,29.0,32.0,25.0,29.0,31.0,27.0,28.0,37.0,29.0,22.0,30.0,38.0,28.0,30.0,16.0,27.0,33.0,33.0,28.0,31.0,34.0,29.0,30.0,32.0,34.0,29.0,26.0,26.0,21.0,25.0,28.0,26.0,27.0,24.0,27.0,29.0,31.0,16.0,27.0,46.0,26.0,24.0,28.0,25.0
23.0,26.0,27.0,22.0,23.0,27.0,20.0,27.0,32.0,28.0,30.0,29.0,32.0,36.0,25.0,31.0,30.0,29.0,25.0,27.0,26.0,30.0,33.0,24.0,28.0,27.0,34.0,33.0,20.0,28.0,25.0,26.0,21.0,20.0,33.0,32.0,29.0,25.0,29.0,32.0,30.0,19.0,27.0,22.0,25.0,23.0,26.0,29.0,34.0,18.0
33.0,29.0,48.0,31.0,27.0,30.0,34.0,39.0,31.0,40.0,31.0,27.0,27.0,34.0,34.0,25.0,39.0,46.0,37.0,38.0,36.0,27.0,31.0,31.0,43.0,44.0,49.0,22.0,30.0,40.0,44.0,34.0,31.0,29.0,30.0,42.0,29.0,37.0,46.0,32.0,33.0,39.0,26.0,36.0,30.0,25.0,34.0,39.0,33.0,44.0
15.0,24.0,26.0,33.0,28.0,29.0,21.0,23.0,27.0,25.0,20.0,22.0,24.0,20.0,25.0,25.0,23.0,30.0,22.0,24.0,32.0,27.0,27.0,20.0,29.0,26.0,24.0,19.0,24.0,30.0,20.0,19.0,31.0,29.0,23.0,26.0,22.0,34.0,26.0,22.0,27.0,28.0,21.0,31.0,29.0,17.0,27.0,21.0,30.0,26.0
16.0,22.0,19.0,28.0,28.0,30.0,20.0,21.0,18.0,23.0,19.0,16.0,25.0,22.0,29.0,25.0,17.0,25.0,34.0,27.0,22.0,28.0,22.0,22.0,23.0,25.0,19.0,20.0,15.0,19.0,23.0,23.0,23.0,23.0,20.0,23.0,24.0,22.0,25.0,31.0,23.0,26.0,21.0,24.0,13.0,18.0,19.0,22.0,35.0,26.0
24.0,18.0,19.0,26.0,15.0,28.0,18.0,16.0,24.0,20.0,19.0,17.0,19.0,17.0,21.0,30.0,28.0,26.0,20.0,24.0,21.0,19.0,17.0,20.0,20.0,16.0,30.0,16.0,22.0,34.0,24.0,19.0,29.0,36.0,22.0,18.0,26.0,21.0,22.0,16.0,29.0,28.0,22.0,16.0,27.0,25.0,31.0,20.0,21.0,27.0
