10,50,1000
18.069047,16.198257,18.310064,17.906641,15.561204,19.873122,15.780431,17.129079,19.080823,15.34105
9.598607,8.652542,8.56132,6.887208,8.445263,8.262522,6.120763,6.343306,9.07997,8.953937
0.0,10.0,20.0,30.0,40.0,50.0,60.0,70.0,80.0,90.0
10.0,0.0,10.0,20.0,30.0,40.0,50.0,60.0,70.0,80.0
20.0,10.0,0.0,10.0,20.0,30.0,40.0,50.0,60.0,70.0
30.0,20.0,10.0,0.0,10.0,20.0,30.0,40.0,50.0,60.0
40.0,30.0,20.0,10.0,0.0,10.0,20.0,30.0,40.0,50.0
50.0,40.0,30.0,20.0,10.0,0.0,10.0,20.0,30.0,40.0
60.0,50.0,40.0,30.0,20.0,10.0,0.0,10.0,20.0,30.0
70.0,60.0,50.0,40.0,30.0,20.0,10.0,0.0,10.0,20.0
80.0,70.0,60.0,50.0,40.0,30.0,20.0,10.0,0.0,10.0
90.0,80.0,70.0,60.0,50.0,40.0,30.0,20.0,10.0,0.0
450.0,400.0,350.0,300.0,250.0,250.0,300.0,350.0,400.0,450.0
0.0,1.0,2.0,3.0,4.0,5.0,6.0,7.0,8.0,9.0
1.0,0.0,1.0,2.0,3.0,4.0,5.0,6.0,7.0,8.0
2.0,1.0,0.0,1.0,2.0,3.0,4.0,5.0,6.0,7.0
3.0,2.0,1.0,0.0,1.0,2.0,3.0,4.0,5.0,6.0
4.0,3.0,2.0,1.0,0.0,1.0,2.0,3.0,4.0,5.0
5.0,4.0,3.0,2.0,1.0,0.0,1.0,2.0,3.0,4.0
6.0,5.0,4.0,3.0,2.0,1.0,0.0,1.0,2.0,3.0
7.0,6.0,5.0,4.0,3.0,2.0,1.0,0.0,1.0,2.0
8.0,7.0,6.0,5.0,4.0,3.0,2.0,1.0,0.0,1.0
9.0,8.0,7.0,6.0,5.0,4.0,3.0,2.0,1.0,0.0
45.0,40.0,35.0,30.0,25.0,25.0,30.0,35.0,40.0,45.0
33.0,39.0,33.0,35.0,37.0,33.0,43.0,42.0,35.0,43.0,31.0,33.0,44.0,35.0,42.0,42.0,47.0,34.0,26.0,36.0,59.0,32.0,42.0,47.0,26.0,36.0,34.0,34.0,33.0,38.0,48.0,31.0,44.0,49.0,29.0,32.0,30.0,34.0,36.0,21.0,37.0,41.0,34.0,39.0,32.0,43.0,33.0,44.0,39.0,32.0
35.0,30.0,28.0,24.0,37.0,25.0,30.0,33.0,29.0,37.0,33.0,28.0,37.0,22.0,29.0,26.0,27.0,30.0,35.0,26.0,37.0,40.0,23.0,33.0,40.0,26.0,31.0,39.0,31.0,26.0,31.0,42.0,40.0,29.0,35.0,28.0,28.0,31.0,22.0,32.0,34.0,32.0,30.0,36.0,28.0,31.0,35.0,41.0,38.0,36.0
33.0,32.0,31.0,28.0,30.0,23.0,23.0,30.0,30.0,35.0,33.0,34.0,36.0,36.0,33.0,28.0,24.0,30.0,41.0,30.0,30.0,30.0,36.0,38.0,33.0,28.0,42.0,34.0,31.0,27.0,31.0,38.0,34.0,24.0,39.0,37.0,28.0,30.0,30.0,39.0,24.0,35.0,36.0,30.0,29.0,32.0,26.0,18.0,31.0,26.0
28.0,39.0,19.0,32.0,26.0,19.0,26.0,27.0,23.0,23.0,29.0,26.0,28.0,28.0,26.0,29.0,27.0,29.0,25.0,29.0,36.0,20.0,25.0,28.0,28.0,29.0,26.0,28.0,34.0,27.0,25.0,33.0,22.0,31.0,32.0,31.0,39.0,28.0,27.0,25.0,35.0,23.0,21.0,22.0,32.0,35.0,24.0,19.0,31.0,26.0
30.0,26.0,33.0,37.0,32.0,27.0,33.0,29.0,24.0,23.0,23.0,30.0,36.0,29.0,24.0,29.0,27.0,35.0,30.0,36.0,38.0,51.0,27.0,28.0,26.0,30.0,34.0,43.0,18.0,22.0,38.0,22.0,30.0,24.0,24.0,26.0,38.0,40.0,32.0,20.0,30.0,28.0,36.0,24.0,28.0,27.0,29.0,33.0,32.0,24.0
33.0,19.0,40.0,42.0,31.0,26.0,31.0,33.0,27.0,36.0,31.0,37.0,19.0,34.0,32.0,14.0,31.0,33.0,29.0,28.0,36.0,21.0,31.0,26.0,32.0,26.0,35.0,30.0,25.0,32.0,38.0,36.0,26.0,23.0,25.0,36.0,32.0,23.0,26.0,36.0,31.0,29.0,35.0,34.0,30.0,37.0,30.0,38.0,41.0,26.0
25.0,29.0,28.0,23.0,25.0,23.0,21.0,28.0,25.0,27.0,19.0,32.0,27.0,21.0,25.0,23.0,25.0,30.0,30.0,16.0,17.0,27.0,26.0,25.0,15.0,30.0,24.0,25.0,17.0,28.0,30.0,27.0,24.0,33.0,28.0,18.0,26.0,24.0,22.0,28.0,16.0,29.0,30.0,19.0,29.0,20.0,30.0,21.0,29.0,28.0
27.0,17.0,20.0,23.0,25.0,13.0,25.0,25.0,39.0,19.0,24.0,27.0,28.0,22.0,28.0,29.0,24.0,33.0,21.0,30.0,30.0,18.0,23.0,19.0,29.0,32.0,28.0,14.0,21.0,25.0,18.0,24.0,21.0,23.0,24.0,32.0,30.0,23.0,25.0,26.0,31.0,39.0,18.0,23.0,19.0,30.0,20.0,19.0,30.0,31.0
42.0,33.0,33.0,31.0,42.0,42.0,42.0,31.0,41.0,30.0,23.0,31.0,37.0,30.0,34.0,45.0,35.0,38.0,31.0,39.0,23.0,29.0,34.0,22.0,39.0,34.0,29.0,40.0,26.0,36.0,30.0,33.0,24.0,34.0,32.0,40.0,30.0,27.0,33.0,37.0,32.0,34.0,44.0,44.0,23.0,37.0,39.0,32.0,35.0,30.0
34.0,38.0,25.0,36.0,47.0,34.0,33.0,42.0,37.0,28.0,23.0,22.0,44.0,39.0,29.0,26.0,38.0,35.0,40.0,28.0,33.0,42.0,35.0,30.0,28.0,27.0,31.0,32.0,44.0,29.0,30.0,36.0,33.0,25.0,24.0,37.0,29.0,38.0,20.0,27.0,38.0,35.0,30.0,49.0,31.0,32.0,40.0,41.0,43.0,37.0
