10,50,1000
15.35495,15.224944,18.538708,17.77991,18.91117,18.702083,15.624533,16.771958,17.34824,15.442236
8.442625,8.016005,7.510359,5.179675,5.034998,7.989012,9.063249,5.145996,9.276055,9.258968
0.0,10.0,20.0,30.0,40.0,50.0,60.0,70.0,80.0,90.0
10.0,0.0,10.0,20.0,30.0,40.0,50.0,60.0,70.0,80.0
20.0,10.0,0.0,10.0,20.0,30.0,40.0,50.0,60.0,70.0
30.0,20.0,10.0,0.0,10.0,20.0,30.0,40.0,50.0,60.0
40.0,30.0,20.0,10.0,0.0,10.0,20.0,30.0,40.0,50.0
50.0,40.0,30.0,20.0,10.0,0.0,10.0,20.0,30.0,40.0
60.0,50.0,40.0,30.0,20.0,10.0,0.0,10.0,20.0,30.0
70.0,60.0,50.0,40.0,30.0,20.0,10.0,0.0,10.0,20.0
80.0,70.0,60.0,50.0,40.0,30.0,20.0,10.0,0.0,10.0
90.0,80.0,70.0,60.0,50.0,40.0,30.0,20.0,10.0,0.0
450.0,400.0,350.0,300.0,250.0,250.0,300.0,350.0,400.0,450.0
0.0,1.0,2.0,3.0,4.0,5.0,6.0,7.0,8.0,9.0
1.0,0.0,1.0,2.0,3.0,4.0,5.0,6.0,7.0,8.0
2.0,1.0,0.0,1.0,2.0,3.0,4.0,5.0,6.0,7.0
3.0,2.0,1.0,0.0,1.0,2.0,3.0,4.0,5.0,6.0
4.0,3.0,2.0,1.0,0.0,1.0,2.0,3.0,4.0,5.0
5.0,4.0,3.0,2.0,1.0,0.0,1.0,2.0,3.0,4.0
6.0,5.0,4.0,3.0,2.0,1.0,0.0,1.0,2.0,3.0
7.0,6.0,5.0,4.0,3.0,2.0,1.0,0.0,1.0,2.0
8.0,7.0,6.0,5.0,4.0,3.0,2.0,1.0,0.0,1.0
9.0,8.0,7.0,6.0,5.0,4.0,3.0,2.0,1.0,0.0
45.0,40.0,35.0,30.0,25.0,25.0,30.0,35.0,40.0,45.0
26.0,26.0,27.0,36.0,32.0,36.0,35.0,34.0,26.0,25.0,33.0,38.0,34.0,32.0,29.0,28.0,27.0,27.0,20.0,35.0,30.0,26.0,34.0,29.0,35.0,22.0,25.0,30.0,30.0,23.0,26.0,40.0,32.0,41.0,27.0,30.0,31.0,25.0,38.0,30.0,37.0,24.0,29.0,27.0,27.0,34.0,39.0,28.0,31.0,25.0
27.0,26.0,26.0,23.0,28.0,23.0,36.0,31.0,30.0,27.0,28.0,25.0,30.0,43.0,39.0,35.0,35.0,39.0,33.0,28.0,19.0,38.0,35.0,21.0,26.0,23.0,45.0,37.0,24.0,27.0,32.0,30.0,26.0,33.0,25.0,21.0,33.0,28.0,36.0,43.0,29.0,28.0,26.0,32.0,29.0,33.0,35.0,32.0,26.0,24.0
37.0,29.0,21.0,27.0,30.0,34.0,34.0,29.0,27.0,25.0,24.0,23.0,32.0,21.0,24.0,41.0,24.0,28.0,29.0,28.0,30.0,27.0,30.0,34.0,27.0,31.0,22.0,38.0,23.0,31.0,30.0,37.0,31.0,29.0,20.0,23.0,22.0,35.0,28.0,26.0,28.0,29.0,25.0,26.0,27.0,38.0,34.0,35.0,30.0,23.0
27.0,21.0,24.0,23.0,15.0,25.0,17.0,20.0,17.0,17.0,23.0,22.0,28.0,19.0,23.0,29.0,21.0,16.0,15.0,20.0,35.0,17.0,25.0,26.0,17.0,31.0,24.0,27.0,24.0,19.0,26.0,26.0,22.0,25.0,22.0,24.0,21.0,22.0,22.0,22.0,26.0,22.0,21.0,19.0,19.0,25.0,27.0,17.0,19.0,20.0
17.0,21.0,20.0,27.0,14.0,19.0,11.0,22.0,15.0,22.0,28.0,24.0,26.0,21.0,22.0,20.0,13.0,19.0,22.0,16.0,26.0,25.0,22.0,20.0,27.0,19.0,23.0,25.0,24.0,14.0,17.0,26.0,26.0,23.0,33.0,24.0,15.0,21.0,25.0,26.0,24.0,23.0,27.0,18.0,23.0,13.0,20.0,17.0,26.0,20.0
27.0,34.0,32.0,43.0,27.0,33.0,36.0,24.0,26.0,27.0,33.0,31.0,30.0,33.0,32.0,33.0,37.0,35.0,37.0,27.0,31.0,44.0,31.0,36.0,34.0,39.0,33.0,39.0,36.0,37.0,42.0,35.0,33.0,26.0,31.0,21.0,26.0,42.0,37.0,38.0,41.0,23.0,19.0,22.0,30.0,30.0,34.0,28.0,21.0,32.0
38.0,28.0,34.0,28.0,27.0,26.0,35.0,29.0,46.0,30.0,32.0,38.0,29.0,28.0,31.0,33.0,36.0,23.0,29.0,34.0,32.0,31.0,46.0,43.0,36.0,35.0,39.0,26.0,38.0,37.0,24.0,35.0,28.0,25.0,42.0,37.0,34.0,42.0,43.0,31.0,32.0,32.0,27.0,22.0,29.0,30.0,34.0,34.0,24.0,44.0
27.0,17.0,18.0,14.0,22.0,19.0,17.0,23.0,26.0,20.0,25.0,19.0,21.0,28.0,19.0,24.0,15.0,22.0,24.0,21.0,21.0,27.0,20.0,15.0,22.0,22.0,24.0,25.0,22.0,23.0,13.0,21.0,19.0,19.0,19.0,24.0,21.0,34.0,21.0,18.0,28.0,18.0,32.0,33.0,27.0,19.0,21.0,18.0,12.0,19.0
33.0,33.0,28.0,34.0,34.0,35.0,26.0,33.0,29.0,40.0,28.0,35.0,28.0,40.0,40.0,28.0,32.0,33.0,41.0,42.0,46.0,42.0,41.0,40.0,29.0,41.0,38.0,45.0,33.0,40.0,43.0,23.0,40.0,34.0,30.0,27.0,43.0,43.0,44.0,35.0,40.0,36.0,35.0,36.0,34.0,54.0,36.0,44.0,40.0,32.0
35.0,33.0,35.0,32.0,27.0,32.0,36.0,33.0,43.0,32.0,34.0,35.0,34.0,32.0,40.0,47.0,20.0,25.0,32.0,38.0,28.0,31.0,48.0,31.0,34.0,38.0,27.0,27.0,37.0,45.0,41.0,45.0,29.0,36.0,29.0,41.0,36.0,38.0,45.0,30.0,35.0,33.0,32.0,46.0,31.0,30.0,45.0,30.0,35.0,33.0
