10,50,1000
18.585107,18.883586,19.025256,17.06746,18.175286,18.165049,17.175825,17.792183,19.062612,16.029178
6.564685,6.074147,6.245575,5.143846,9.114697,7.935226,6.620866,5.545023,6.726734,8.370072
0.0,10.0,20.0,30.0,40.0,50.0,60.0,70.0,80.0,90.0
10.0,0.0,10.0,20.0,30.0,40.0,50.0,60.0,70.0,80.0
20.0,10.0,0.0,10.0,20.0,30.0,40.0,50.0,60.0,70.0
30.0,20.0,10.0,0.0,10.0,20.0,30.0,40.0,50.0,60.0
40.0,30.0,20.0,10.0,0.0,10.0,20.0,30.0,40.0,50.0
50.0,40.0,30.0,20.0,10.0,0.0,10.0,20.0,30.0,40.0
60.0,50.0,40.0,30.0,20.0,10.0,0.0,10.0,20.0,30.0
70.0,60.0,50.0,40.0,30.0,20.0,10.0,0.0,10.0,20.0
80.0,70.0,60.0,50.0,40.0,30.0,20.0,10.0,0.0,10.0
90.0,80.0,70.0,60.0,50.0,40.0,30.0,20.0,10.0,0.0
450.0,400.0,350.0,300.0,250.0,250.0,300.0,350.0,400.0,450.0
0.0,1.0,2.0,3.0,4.0,5.0,6.0,7.0,8.0,9.0
1.0,0.0,1.0,2.0,3.0,4.0,5.0,6.0,7.0,8.0
2.0,1.0,0.0,1.0,2.0,3.0,4.0,5.0,6.0,7.0
3.0,2.0,1.0,0.0,1.0,2.0,3.0,4.0,5.0,6.0
4.0,3.0,2.0,1.0,0.0,1.0,2.0,3.0,4.0,5.0
5.0,4.0,3.0,2.0,1.0,0.0,1.0,2.0,3.0,4.0
6.0,5.0,4.0,3.0,2.0,1.0,0.0,1.0,2.0,3.0
7.0,6.0,5.0,4.0,3.0,2.0,1.0,0.0,1.0,2.0
8.0,7.0,6.0,5.0,4.0,3.0,2.0,1.0,0.0,1.0
9.0,8.0,7.0,6.0,5.0,4.0,3.0,2.0,1.0,0.0
45.0,40.0,35.0,30.0,25.0,25.0,30.0,35.0,40.0,45.0
32.0,21.0,27.0,28.0,21.0,20.0,38.0,27.0,19.0,22.0,20.0,17.0,26.0,33.0,21.0,24.0,24.0,25.0,29.0,26.0,28.0,26.0,26.0,24.0,29.0,26.0,25.0,32.0,16.0,21.0,26.0,34.0,28.0,17.0,26.0,16.0,26.0,32.0,30.0,28.0,22.0,21.0,33.0,22.0,23.0,24.0,17.0,29.0,28.0,26.0
23.0,22.0,25.0,28.0,22.0,19.0,22.0,29.0,24.0,32.0,28.0,21.0,20.0,25.0,29.0,25.0,24.0,29.0,24.0,27.0,17.0,21.0,30.0,20.0,21.0,31.0,20.0,23.0,19.0,17.0,28.0,22.0,36.0,22.0,24.0,16.0,24.0,27.0,26.0,17.0,33.0,21.0,19.0,24.0,38.0,35.0,32.0,34.0,19.0,24.0
23.0,29.0,15.0,31.0,23.0,24.0,20.0,30.0,24.0,29.0,27.0,24.0,29.0,27.0,22.0,31.0,29.0,31.0,28.0,24.0,25.0,24.0,26.0,19.0,33.0,24.0,26.0,19.0,26.0,32.0,20.0,29.0,25.0,28.0,32.0,33.0,26.0,23.0,28.0,17.0,27.0,19.0,25.0,30.0,22.0,30.0,23.0,29.0,23.0,39.0
23.0,21.0,25.0,32.0,25.0,24.0,14.0,19.0,15.0,21.0,16.0,15.0,20.0,23.0,22.0,29.0,15.0,15.0,29.0,19.0,15.0,19.0,18.0,24.0,20.0,26.0,22.0,19.0,18.0,15.0,26.0,19.0,17.0,16.0,20.0,14.0,24.0,12.0,23.0,22.0,19.0,26.0,20.0,19.0,22.0,17.0,23.0,16.0,29.0,26.0
34.0,38.0,32.0,30.0,28.0,32.0,39.0,28.0,36.0,26.0,28.0,40.0,28.0,37.0,22.0,39.0,32.0,37.0,37.0,26.0,35.0,39.0,33.0,41.0,32.0,28.0,34.0,34.0,40.0,39.0,41.0,30.0,34.0,29.0,30.0,28.0,31.0,29.0,36.0,31.0,31.0,27.0,32.0,20.0,37.0,36.0,30.0,44.0,27.0,28.0
24.0,29.0,33.0,37.0,21.0,27.0,36.0,28.0,27.0,35.0,43.0,30.0,41.0,42.0,29.0,28.0,40.0,38.0,26.0,23.0,26.0,18.0,27.0,38.0,38.0,20.0,23.0,22.0,27.0,24.0,25.0,23.0,35.0,27.0,42.0,16.0,28.0,25.0,38.0,27.0,37.0,28.0,18.0,27.0,21.0,23.0,23.0,28.0,25.0,28.0
39.0,20.0,25.0,26.0,32.0,33.0,32.0,25.0,21.0,28.0,32.0,19.0,33.0,29.0,22.0,29.0,26.0,28.0,30.0,29.0,22.0,26.0,18.0,27.0,31.0,25.0,27.0,30.0,21.0,30.0,23.0,37.0,28.0,23.0,32.0,27.0,16.0,22.0,35.0,23.0,25.0,26.0,31.0,27.0,24.0,22.0,24.0,19.0,32.0,31.0
35.0,20.0,23.0,18.0,22.0,23.0,25.0,26.0,18.0,26.0,18.0,24.0,28.0,23.0,27.0,19.0,35.0,15.0,33.0,30.0,28.0,32.0,22.0,33.0,29.0,20.0,21.0,20.0,31.0,31.0,24.0,17.0,20.0,22.0,23.0,19.0,23.0,28.0,21.0,23.0,20.0,20.0,20.0,22.0,19.0,25.0,29.0,22.0,20.0,26.0
28.0,24.0,27.0,21.0,26.0,21.0,26.0,33.0,27.0,21.0,50.0,31.0,22.0,26.0,26.0,25.0,24.0,29.0,27.0,32.0,19.0,27.0,19.0,35.0,28.0,21.0,22.0,28.0,28.0,23.0,25.0,21.0,35.0,31.0,29.0,33.0,24.0,39.0,35.0,38.0,26.0,17.0,30.0,25.0,20.0,24.0,27.0,28.0,33.0,29.0
31.0,27.0,29.0,37.0,30.0,40.0,26.0,29.0,30.0,27.0,40.0,32.0,29.0,43.0,29.0,28.0,26.0,34.0,30.0,19.0,29.0,26.0,37.0,21.0,29.0,32.0,30.0,26.0,30.0,35.0,28.0,30.0,27.0,25.0,28.0,38.0,31.0,26.0,40.0,32.0,37.0,46.0,34.0,32.0,32.0,23.0,30.0,24.0,32.0,30.0
