10,50,1000
18.739309,17.771753,16.028827,18.3062,19.646061,15.508371,18.276135,16.97883,15.675382,19.767622
8.489689,5.119613,8.405904,7.743343,5.873094,6.811672,9.919783,8.921644,6.375693,6.918892
0.0,10.0,20.0,30.0,40.0,50.0,60.0,70.0,80.0,90.0
10.0,0.0,10.0,20.0,30.0,40.0,50.0,60.0,70.0,80.0
20.0,10.0,0.0,10.0,20.0,30.0,40.0,50.0,60.0,70.0
30.0,20.0,10.0,0.0,10.0,20.0,30.0,40.0,50.0,60.0
40.0,30.0,20.0,10.0,0.0,10.0,20.0,30.0,40.0,50.0
50.0,40.0,30.0,20.0,10.0,0.0,10.0,20.0,30.0,40.0
60.0,50.0,40.0,30.0,20.0,10.0,0.0,10.0,20.0,30.0
70.0,60.0,50.0,40.0,30.0,20.0,10.0,0.0,10.0,20.0
80.0,70.0,60.0,50.0,40.0,30.0,20.0,10.0,0.0,10.0
90.0,80.0,70.0,60.0,50.0,40.0,30.0,20.0,10.0,0.0
450.0,400.0,350.0,300.0,250.0,250.0,300.0,350.0,400.0,450.0
0.0,1.0,2.0,3.0,4.0,5.0,6.0,7.0,8.0,9.0
1.0,0.0,1.0,2.0,3.0,4.0,5.0,6.0,7.0,8.0
2.0,1.0,0.0,1.0,2.0,3.0,4.0,5.0,6.0,7.0
3.0,2.0,1.0,0.0,1.0,2.0,3.0,4.0,5.0,6.0
4.0,3.0,2.0,1.0,0.0,1.0,2.0,3.0,4.0,5.0
5.0,4.0,3.0,2.0,1.0,0.0,1.0,2.0,3.0,4.0
6.0,5.0,4.0,3.0,2.0,1.0,0.0,1.0,2.0,3.0
7.0,6.0,5.0,4.0,3.0,2.0,1.0,0.0,1.0,2.0
8.0,7.0,6.0,5.0,4.0,3.0,2.0,1.0,0.0,1.0
9.0,8.0,7.0,6.0,5.0,4.0,3.0,2.0,1.0,0.0
45.0,40.0,35.0,30.0,25.0,25.0,30.0,35.0,40.0,45.0
29.0,32.0,31.0,23.0,33.0,26.0,36.0,40.0,40.0,29.0,34.0,34.0,30.0,35.0,41.0,28.0,31.0,34.0,37.0,34.0,41.0,28.0,32.0,31.0,26.0,35.0,34.0,28.0,27.0,27.0,27.0,33.0,33.0,33.0,36.0,39.0,28.0,26.0,30.0,25.0,37.0,33.0,43.0,39.0,37.0,38.0,28.0,32.0,35.0,26.0
16.0,21.0,25.0,14.0,19.0,18.0,18.0,21.0,11.0,22.0,21.0,28.0,27.0,26.0,28.0,20.0,12.0,27.0,21.0,24.0,23.0,26.0,21.0,28.0,24.0,22.0,24.0,19.0,19.0,26.0,20.0,19.0,22.0,14.0,19.0,22.0,16.0,15.0,26.0,22.0,17.0,28.0,22.0,26.0,17.0,18.0,16.0,11.0,22.0,17.0
38.0,20.0,25.0,37.0,33.0,31.0,34.0,26.0,31.0,30.0,24.0,24.0,34.0,38.0,26.0,32.0,32.0,33.0,32.0,34.0,30.0,26.0,34.0,28.0,38.0,42.0,32.0,23.0,27.0,27.0,32.0,29.0,38.0,27.0,28.0,27.0,31.0,25.0,34.0,37.0,27.0,33.0,26.0,34.0,33.0,34.0,29.0,27.0,29.0,35.0
22.0,38.0,42.0,27.0,30.0,30.0,33.0,32.0,30.0,25.0,22.0,22.0,35.0,28.0,45.0,28.0,24.0,34.0,22.0,26.0,40.0,33.0,30.0,35.0,34.0,27.0,23.0,38.0,26.0,29.0,37.0,27.0,27.0,25.0,33.0,35.0,39.0,31.0,30.0,31.0,29.0,33.0,25.0,28.0,39.0,31.0,23.0,32.0,29.0,24.0
28.0,22.0,27.0,24.0,27.0,30.0,31.0,21.0,22.0,17.0,27.0,18.0,21.0,20.0,24.0,25.0,38.0,23.0,24.0,24.0,27.0,28.0,23.0,16.0,22.0,27.0,20.0,27.0,22.0,29.0,25.0,18.0,20.0,23.0,24.0,19.0,23.0,24.0,18.0,38.0,22.0,27.0,25.0,27.0,27.0,24.0,23.0,13.0,33.0,28.0
31.0,22.0,25.0,30.0,29.0,32.0,26.0,28.0,25.0,24.0,28.0,24.0,23.0,38.0,29.0,27.0,35.0,28.0,23.0,23.0,22.0,25.0,36.0,21.0,24.0,23.0,21.0,28.0,31.0,15.0,21.0,35.0,35.0,30.0,23.0,29.0,28.0,21.0,31.0,23.0,20.0,34.0,19.0,27.0,22.0,29.0,25.0,27.0,23.0,35.0
34.0,45.0,40.0,47.0,35.0,36.0,44.0,37.0,26.0,29.0,42.0,43.0,36.0,45.0,37.0,38.0,43.0,24.0,43.0,31.0,43.0,41.0,28.0,33.0,30.0,38.0,33.0,29.0,48.0,38.0,41.0,25.0,26.0,42.0,42.0,30.0,24.0,33.0,29.0,43.0,30.0,42.0,39.0,37.0,32.0,41.0,35.0,39.0,40.0,36.0
34.0,32.0,31.0,33.0,42.0,38.0,28.0,37.0,36.0,25.0,23.0,37.0,35.0,20.0,35.0,39.0,30.0,40.0,31.0,29.0,33.0,23.0,21.0,33.0,27.0,35.0,35.0,37.0,40.0,27.0,28.0,25.0,33.0,41.0,33.0,26.0,32.0,20.0,22.0,36.0,37.0,39.0,30.0,35.0,26.0,25.0,32.0,38.0,31.0,42.0
25.0,20.0,36.0,26.0,22.0,31.0,26.0,21.0,22.0,27.0,28.0,18.0,33.0,28.0,22.0,26.0,23.0,24.0,25.0,20.0,20.0,20.0,27.0,32.0,21.0,24.0,23.0,32.0,24.0,20.0,24.0,18.0,28.0,18.0,16.0,35.0,23.0,29.0,24.0,27.0,22.0,28.0,22.0,23.0,23.0,25.0,31.0,26.0,22.0,21.0
23.0,30.0,42.0,25.0,27.0,28.0,20.0,33.0,34.0,24.0,22.0,29.0,36.0,21.0,29.0,26.0,24.0,26.0,33.0,26.0,21.0,34.0,25.0,29.0,29.0,27.0,35.0,28.0,30.0,25.0,25.0,33.0,24.0,24.0,41.0,29.0,18.0,16.0,24.0,33.0,26.0,29.0,28.0,23.0,23.0,23.0,21.0,31.0,39.0,25.0
