10,50,1000
16.70556,17.169288,15.725613,18.144217,15.935159,19.557182,16.796585,15.89979,18.407631,17.11561
5.092427,9.247117,9.888295,7.070402,5.085156,8.057126,9.396839,7.220162,6.482316,6.200293
0.0,10.0,20.0,30.0,40.0,50.0,60.0,70.0,80.0,90.0
10.0,0.0,10.0,20.0,30.0,40.0,50.0,60.0,70.0,80.0
20.0,10.0,0.0,10.0,20.0,30.0,40.0,50.0,60.0,70.0
30.0,20.0,10.0,0.0,10.0,20.0,30.0,40.0,50.0,60.0
40.0,30.0,20.0,10.0,0.0,10.0,20.0,30.0,40.0,50.0
50.0,40.0,30.0,20.0,10.0,0.0,10.0,20.0,30.0,40.0
60.0,50.0,40.0,30.0,20.0,10.0,0.0,10.0,20.0,30.0
70.0,60.0,50.0,40.0,30.0,20.0,10.0,0.0,10.0,20.0
80.0,70.0,60.0,50.0,40.0,30.0,20.0,10.0,0.0,10.0
90.0,80.0,70.0,60.0,50.0,40.0,30.0,20.0,10.0,0.0
450.0,400.0,350.0,300.0,250.0,250.0,300.0,350.0,400.0,450.0
0.0,1.0,2.0,3.0,4.0,5.0,6.0,7.0,8.0,9.0
1.0,0.0,1.0,2.0,3.0,4.0,5.0,6.0,7.0,8.0
2.0,1.0,0.0,1.0,2.0,3.0,4.0,5.0,6.0,7.0
3.0,2.0,1.0,0.0,1.0,2.0,3.0,4.0,5.0,6.0
4.0,3.0,2.0,1.0,0.0,1.0,2.0,3.0,4.0,5.0
5.0,4.0,3.0,2.0,1.0,0.0,1.0,2.0,3.0,4.0
6.0,5.0,4.0,3.0,2.0,1.0,0.0,1.0,2.0,3.0
7.0,6.0,5.0,4.0,3.0,2.0,1.0,0.0,1.0,2.0
8.0,7.0,6.0,5.0,4.0,3.0,2.0,1.0,0.0,1.0
9.0,8.0,7.0,6.0,5.0,4.0,3.0,2.0,1.0,0.0
45.0,40.0,35.0,30.0,25.0,25.0,30.0,35.0,40.0,45.0
19.0,20.0,26.0,14.0,23.0,32.0,22.0,14.0,15.0,22.0,25.0,22.0,28.0,19.0,14.0,22.0,21.0,19.0,30.0,11.0,21.0,27.0,20.0,24.0,13.0,25.0,25.0,24.0,19.0,15.0,21.0,26.0,20.0,24.0,17.0,12.0,23.0,25.0,20.0,20.0,20.0,14.0,22.0,23.0,11.0,17.0,12.0,17.0,19.0,25.0
35.0,31.0,34.0,44.0,37.0,32.0,44.0,45.0,36.0,37.0,29.0,34.0,39.0,33.0,38.0,28.0,35.0,38.0,33.0,33.0,31.0,28.0,42.0,40.0,43.0,44.0,33.0,24.0,42.0,36.0,35.0,41.0,29.0,42.0,25.0,26.0,32.0,34.0,39.0,32.0,38.0,33.0,34.0,30.0,37.0,32.0,32.0,39.0,33.0,30.0
24.0,32.0,41.0,35.0,35.0,33.0,36.0,29.0,36.0,34.0,47.0,41.0,38.0,28.0,36.0,40.0,32.0,29.0,34.0,49.0,41.0,37.0,44.0,32.0,38.0,45.0,47.0,37.0,40.0,35.0,24.0,39.0,36.0,35.0,31.0,38.0,45.0,27.0,32.0,49.0,26.0,36.0,30.0,28.0,26.0,35.0,39.0,34.0,44.0,39.0
17.0,33.0,40.0,26.0,36.0,29.0,19.0,23.0,24.0,33.0,32.0,43.0,25.0,35.0,32.0,23.0,17.0,36.0,14.0,28.0,19.0,29.0,30.0,28.0,26.0,25.0,32.0,38.0,30.0,18.0,40.0,28.0,27.0,30.0,33.0,31.0,21.0,33.0,25.0,38.0,23.0,26.0,32.0,36.0,26.0,25.0,32.0,21.0,32.0,21.0
20.0,22.0,21.0,26.0,23.0,27.0,24.0,16.0,24.0,19.0,18.0,18.0,19.0,29.0,36.0,27.0,27.0,22.0,19.0,16.0,22.0,23.0,15.0,17.0,18.0,31.0,21.0,28.0,23.0,25.0,25.0,15.0,13.0,22.0,24.0,20.0,21.0,23.0,20.0,15.0,19.0,14.0,15.0,26.0,24.0,26.0,13.0,17.0,24.0,18.0
26.0,25.0,20.0,22.0,28.0,39.0,24.0,31.0,22.0,27.0,26.0,34.0,36.0,39.0,28.0,36.0,41.0,26.0,30.0,37.0,25.0,28.0,32.0,32.0,35.0,27.0,32.0,26.0,26.0,36.0,34.0,35.0,35.0,31.0,31.0,31.0,26.0,31.0,39.0,29.0,24.0,30.0,27.0,33.0,23.0,24.0,25.0,38.0,28.0,33.0
31.0,34.0,30.0,36.0,32.0,43.0,43.0,38.0,38.0,40.0,46.0,42.0,22.0,34.0,38.0,46.0,37.0,15.0,39.0,35.0,39.0,29.0,32.0,32.0,27.0,38.0,37.0,39.0,41.0,29.0,37.0,34.0,24.0,34.0,34.0,38.0,33.0,34.0,29.0,36.0,39.0,40.0,32.0,29.0,54.0,37.0,30.0,30.0,36.0,38.0
31.0,33.0,13.0,25.0,27.0,19.0,25.0,29.0,32.0,21.0,22.0,19.0,27.0,29.0,28.0,25.0,39.0,33.0,23.0,22.0,25.0,15.0,19.0,26.0,29.0,30.0,31.0,23.0,34.0,31.0,20.0,23.0,29.0,21.0,31.0,20.0,24.0,22.0,21.0,35.0,24.0,29.0,37.0,31.0,30.0,28.0,31.0,30.0,32.0,28.0
23.0,24.0,24.0,23.0,35.0,32.0,17.0,23.0,32.0,26.0,27.0,21.0,17.0,20.0,25.0,30.0,30.0,15.0,27.0,33.0,27.0,27.0,25.0,33.0,18.0,25.0,34.0,28.0,25.0,30.0,19.0,26.0,33.0,22.0,28.0,26.0,27.0,32.0,26.0,34.0,29.0,24.0,22.0,23.0,17.0,29.0,23.0,22.0,26.0,17.0
33.0,27.0,22.0,32.0,22.0,14.0,20.0,30.0,33.0,20.0,24.0,22.0,21.0,24.0,30.0,27.0,31.0,30.0,29.0,22.0,30.0,18.0,26.0,19.0,22.0,32.0,25.0,23.0,26.0,21.0,37.0,17.0,24.0,22.0,32.0,30.0,22.0,26.0,21.0,23.0,25.0,30.0,27.0,23.0,32.0,21.0,22.0,32.0,24.0,30.0
