10,50,1000
17.424857,19.129732,17.729162,15.334271,17.183544,15.005335,15.891435,19.173172,17.044164,16.475488
7.28344,5.304045,6.992883,9.248717,9.417644,7.573515,8.12843,6.789906,9.555681,9.132037
0.0,10.0,20.0,30.0,40.0,50.0,60.0,70.0,80.0,90.0
10.0,0.0,10.0,20.0,30.0,40.0,50.0,60.0,70.0,80.0
20.0,10.0,0.0,10.0,20.0,30.0,40.0,50.0,60.0,70.0
30.0,20.0,10.0,0.0,10.0,20.0,30.0,40.0,50.0,60.0
40.0,30.0,20.0,10.0,0.0,10.0,20.0,30.0,40.0,50.0
50.0,40.0,30.0,20.0,10.0,0.0,10.0,20.0,30.0,40.0
60.0,50.0,40.0,30.0,20.0,10.0,0.0,10.0,20.0,30.0
70.0,60.0,50.0,40.0,30.0,20.0,10.0,0.0,10.0,20.0
80.0,70.0,60.0,50.0,40.0,30.0,20.0,10.0,0.0,10.0
90.0,80.0,70.0,60.0,50.0,40.0,30.0,20.0,10.0,0.0
450.0,400.0,350.0,300.0,250.0,250.0,300.0,350.0,400.0,450.0
0.0,1.0,2.0,3.0,4.0,5.0,6.0,7.0,8.0,9.0
1.0,0.0,1.0,2.0,3.0,4.0,5.0,6.0,7.0,8.0
2.0,1.0,0.0,1.0,2.0,3.0,4.0,5.0,6.0,7.0
3.0,2.0,1.0,0.0,1.0,2.0,3.0,4.0,5.0,6.0
4.0,3.0,2.0,1.0,0.0,1.0,2.0,3.0,4.0,5.0
5.0,4.0,3.0,2.0,1.0,0.0,1.0,2.0,3.0,4.0
6.0,5.0,4.0,3.0,2.0,1.0,0.0,1.0,2.0,3.0
7.0,6.0,5.0,4.0,3.0,2.0,1.0,0.0,1.0,2.0
8.0,7.0,6.0,5.0,4.0,3.0,2.0,1.0,0.0,1.0
9.0,8.0,7.0,6.0,5.0,4.0,3.0,2.0,1.0,0.0
45.0,40.0,35.0,30.0,25.0,25.0,30.0,35.0,40.0,45.0
20.0,22.0,32.0,26.0,34.0,29.0,27.0,29.0,31.0,19.0,23.0,35.0,35.0,36.0,37.0,24.0,31.0,24.0,27.0,25.0,28.0,32.0,26.0,39.0,18.0,30.0,30.0,32.0,29.0,27.0,36.0,33.0,20.0,29.0,18.0,28.0,22.0,21.0,34.0,32.0,36.0,30.0,21.0,28.0,30.0,29.0,23.0,32.0,33.0,27.0
24.0,25.0,26.0,34.0,28.0,26.0,20.0,16.0,25.0,21.0,21.0,21.0,27.0,20.0,13.0,22.0,23.0,17.0,17.0,17.0,21.0,18.0,20.0,16.0,24.0,23.0,21.0,15.0,20.0,20.0,25.0,25.0,27.0,22.0,25.0,23.0,16.0,22.0,19.0,33.0,15.0,22.0,26.0,20.0,15.0,24.0,23.0,20.0,19.0,25.0
23.0,20.0,21.0,25.0,24.0,41.0,26.0,28.0,28.0,32.0,36.0,22.0,22.0,42.0,27.0,33.0,30.0,31.0,19.0,33.0,26.0,30.0,23.0,29.0,29.0,28.0,27.0,26.0,38.0,27.0,23.0,30.0,19.0,29.0,27.0,35.0,20.0,35.0,31.0,30.0,29.0,31.0,25.0,28.0,18.0,23.0,26.0,28.0,25.0,37.0
28.0,26.0,39.0,36.0,37.0,33.0,37.0,27.0,25.0,31.0,33.0,33.0,22.0,40.0,30.0,34.0,30.0,42.0,35.0,35.0,36.0,25.0,50.0,23.0,34.0,34.0,54.0,32.0,46.0,33.0,36.0,33.0,23.0,38.0,31.0,37.0,30.0,39.0,26.0,31.0,27.0,44.0,38.0,39.0,40.0,34.0,28.0,35.0,37.0,33.0
37.0,38.0,33.0,37.0,22.0,29.0,36.0,28.0,38.0,29.0,36.0,39.0,32.0,33.0,30.0,31.0,46.0,33.0,33.0,28.0,26.0,35.0,29.0,33.0,39.0,30.0,36.0,33.0,38.0,26.0,36.0,39.0,32.0,40.0,31.0,34.0,36.0,30.0,37.0,46.0,34.0,42.0,36.0,31.0,37.0,30.0,38.0,34.0,44.0,38.0
35.0,27.0,20.0,29.0,26.0,30.0,30.0,21.0,27.0,26.0,35.0,31.0,21.0,29.0,31.0,25.0,29.0,30.0,29.0,26.0,24.0,23.0,38.0,25.0,26.0,21.0,36.0,30.0,25.0,32.0,23.0,27.0,26.0,27.0,27.0,37.0,35.0,31.0,31.0,26.0,24.0,29.0,30.0,32.0,23.0,27.0,26.0,24.0,28.0,26.0
25.0,30.0,38.0,30.0,33.0,17.0,27.0,36.0,29.0,41.0,25.0,43.0,29.0,23.0,27.0,23.0,37.0,38.0,36.0,49.0,23.0,35.0,31.0,32.0,29.0,25.0,27.0,25.0,32.0,46.0,34.0,33.0,27.0,26.0,29.0,35.0,31.0,33.0,28.0,30.0,24.0,30.0,38.0,31.0,34.0,38.0,38.0,30.0,35.0,35.0
22.0,35.0,30.0,35.0,32.0,23.0,28.0,30.0,22.0,29.0,35.0,24.0,29.0,36.0,20.0,23.0,22.0,23.0,22.0,18.0,37.0,31.0,32.0,34.0,29.0,27.0,31.0,15.0,33.0,33.0,21.0,33.0,30.0,28.0,28.0,29.0,17.0,28.0,32.0,33.0,23.0,34.0,22.0,34.0,25.0,33.0,29.0,41.0,33.0,19.0
40.0,45.0,37.0,51.0,51.0,34.0,33.0,33.0,32.0,39.0,32.0,28.0,37.0,42.0,30.0,30.0,40.0,27.0,34.0,27.0,41.0,26.0,34.0,39.0,33.0,28.0,33.0,25.0,44.0,35.0,36.0,27.0,30.0,31.0,33.0,33.0,40.0,42.0,35.0,36.0,32.0,36.0,29.0,42.0,32.0,44.0,36.0,28.0,33.0,31.0
38.0,33.0,29.0,29.0,42.0,35.0,33.0,27.0,28.0,44.0,35.0,24.0,36.0,45.0,30.0,27.0,31.0,35.0,38.0,29.0,34.0,38.0,35.0,25.0,28.0,29.0,30.0,29.0,22.0,28.0,28.0,38.0,28.0,28.0,24.0,36.0,38.0,34.0,33.0,31.0,41.0,28.0,35.0,38.0,33.0,34.0,41.0,43.0,32.0,33.0
