10,50,1000
15.817517,16.925539,19.915296,17.940494,15.488284,16.221355,18.277723,16.711821,15.53105,15.039732
9.031035,9.515927,6.632564,7.994393,9.623939,8.640967,7.833143,7.842295,6.177441,6.724479
0.0,10.0,20.0,30.0,40.0,50.0,60.0,70.0,80.0,90.0
10.0,0.0,10.0,20.0,30.0,40.0,50.0,60.0,70.0,80.0
20.0,10.0,0.0,10.0,20.0,30.0,40.0,50.0,60.0,70.0
30.0,20.0,10.0,0.0,10.0,20.0,30.0,40.0,50.0,60.0
40.0,30.0,20.0,10.0,0.0,10.0,20.0,30.0,40.0,50.0
50.0,40.0,30.0,20.0,10.0,0.0,10.0,20.0,30.0,40.0
60.0,50.0,40.0,30.0,20.0,10.0,0.0,10.0,20.0,30.0
70.0,60.0,50.0,40.0,30.0,20.0,10.0,0.0,10.0,20.0
80.0,70.0,60.0,50.0,40.0,30.0,20.0,10.0,0.0,10.0
90.0,80.0,70.0,60.0,50.0,40.0,30.0,20.0,10.0,0.0
450.0,400.0,350.0,300.0,250.0,250.0,300.0,350.0,400.0,450.0
0.0,1.0,2.0,3.0,4.0,5.0,6.0,7.0,8.0,9.0
1.0,0.0,1.0,2.0,3.0,4.0,5.0,6.0,7.0,8.0
2.0,1.0,0.0,1.0,2.0,3.0,4.0,5.0,6.0,7.0
3.0,2.0,1.0,0.0,1.0,2.0,3.0,4.0,5.0,6.0
4.0,3.0,2.0,1.0,0.0,1.0,2.0,3.0,4.0,5.0
5.0,4.0,3.0,2.0,1.0,0.0,1.0,2.0,3.0,4.0
6.0,5.0,4.0,3.0,2.0,1.0,0.0,1.0,2.0,3.0
7.0,6.0,5.0,4.0,3.0,2.0,1.0,0.0,1.0,2.0
8.0,7.0,6.0,5.0,4.0,3.0,2.0,1.0,0.0,1.0
9.0,8.0,7.0,6.0,5.0,4.0,3.0,2.0,1.0,0.0
45.0,40.0,35.0,30.0,25.0,25.0,30.0,35.0,40.0,45.0
29.0,34.0,21.0,33.0,35.0,34.0,30.0,49.0,36.0,23.0,34.0,32.0,40.0,28.0,44.0,37.0,34.0,27.0,38.0,27.0,37.0,28.0,35.0,33.0,25.0,41.0,33.0,25.0,30.0,28.0,36.0,33.0,27.0,32.0,25.0,33.0,35.0,34.0,47.0,27.0,31.0,35.0,37.0,29.0,33.0,32.0,39.0,37.0,36.0,30.0
32.0,38.0,37.0,39.0,33.0,23.0,39.0,35.0,35.0,33.0,40.0,36.0,34.0,46.0,32.0,36.0,28.0,45.0,45.0,36.0,30.0,36.0,35.0,38.0,42.0,37.0,35.0,37.0,36.0,29.0,35.0,31.0,26.0,31.0,31.0,28.0,35.0,43.0,35.0,34.0,36.0,39.0,41.0,41.0,28.0,37.0,39.0,31.0,39.0,35.0
26.0,26.0,29.0,23.0,30.0,32.0,18.0,30.0,21.0,27.0,21.0,26.0,24.0,34.0,26.0,31.0,31.0,29.0,27.0,26.0,31.0,29.0,27.0,29.0,20.0,19.0,22.0,23.0,23.0,24.0,26.0,28.0,22.0,21.0,31.0,30.0,25.0,27.0,20.0,34.0,19.0,23.0,25.0,38.0,25.0,19.0,30.0,23.0,34.0,41.0
34.0,38.0,39.0,40.0,26.0,36.0,34.0,31.0,39.0,20.0,25.0,28.0,31.0,29.0,31.0,28.0,35.0,34.0,30.0,40.0,35.0,31.0,15.0,32.0,30.0,31.0,35.0,30.0,41.0,27.0,23.0,23.0,24.0,38.0,34.0,36.0,28.0,30.0,34.0,35.0,28.0,27.0,27.0,36.0,36.0,24.0,36.0,34.0,25.0,23.0
38.0,38.0,32.0,35.0,19.0,53.0,38.0,29.0,31.0,38.0,31.0,31.0,32.0,30.0,33.0,31.0,34.0,27.0,30.0,35.0,47.0,38.0,36.0,33.0,26.0,54.0,38.0,39.0,32.0,38.0,41.0,30.0,33.0,40.0,39.0,47.0,29.0,36.0,34.0,37.0,34.0,39.0,39.0,39.0,43.0,28.0,29.0,44.0,44.0,34.0
25.0,39.0,36.0,35.0,32.0,34.0,29.0,37.0,25.0,28.0,29.0,39.0,33.0,31.0,41.0,30.0,38.0,35.0,34.0,33.0,29.0,37.0,34.0,38.0,23.0,48.0,29.0,25.0,32.0,33.0,34.0,23.0,35.0,35.0,32.0,34.0,33.0,38.0,30.0,33.0,34.0,38.0,27.0,33.0,32.0,24.0,34.0,21.0,32.0,36.0
39.0,25.0,33.0,29.0,29.0,33.0,27.0,33.0,29.0,23.0,33.0,26.0,30.0,27.0,33.0,25.0,38.0,31.0,25.0,35.0,23.0,23.0,43.0,29.0,29.0,31.0,28.0,27.0,34.0,32.0,39.0,20.0,33.0,36.0,38.0,41.0,24.0,26.0,24.0,27.0,28.0,33.0,15.0,31.0,27.0,40.0,22.0,22.0,36.0,35.0
26.0,35.0,18.0,28.0,17.0,24.0,31.0,23.0,31.0,31.0,42.0,27.0,23.0,30.0,29.0,31.0,27.0,32.0,34.0,33.0,32.0,36.0,24.0,35.0,20.0,25.0,28.0,29.0,24.0,30.0,34.0,38.0,24.0,26.0,29.0,39.0,31.0,25.0,33.0,33.0,41.0,29.0,37.0,32.0,32.0,28.0,33.0,25.0,28.0,26.0
26.0,26.0,25.0,24.0,36.0,15.0,21.0,22.0,21.0,17.0,27.0,26.0,20.0,19.0,24.0,22.0,24.0,20.0,18.0,25.0,24.0,23.0,20.0,28.0,27.0,27.0,23.0,24.0,20.0,28.0,24.0,21.0,22.0,23.0,18.0,32.0,17.0,35.0,23.0,21.0,30.0,17.0,26.0,16.0,23.0,26.0,17.0,21.0,25.0,30.0
26.0,25.0,19.0,30.0,34.0,27.0,23.0,34.0,26.0,19.0,35.0,28.0,35.0,20.0,29.0,25.0,26.0,21.0,31.0,31.0,26.0,27.0,18.0,24.0,24.0,34.0,21.0,28.0,25.0,28.0,16.0,31.0,25.0,28.0,26.0,19.0,36.0,30.0,27.0,24.0,22.0,24.0,27.0,27.0,31.0,27.0,21.0,34.0,31.0,36.0
