10,50,1000
19.266879,16.142265,19.168603,17.45417,17.49575,16.060735,15.442945,18.19667,15.77473,18.430894
7.368002,8.308531,9.439011,8.351614,7.977786,7.035886,8.465177,8.512003,9.214951,7.568269
0.0,10.0,20.0,30.0,40.0,50.0,60.0,70.0,80.0,90.0
10.0,0.0,10.0,20.0,30.0,40.0,50.0,60.0,70.0,80.0
20.0,10.0,0.0,10.0,20.0,30.0,40.0,50.0,60.0,70.0
30.0,20.0,10.0,0.0,10.0,20.0,30.0,40.0,50.0,60.0
40.0,30.0,20.0,10.0,0.0,10.0,20.0,30.0,40.0,50.0
50.0,40.0,30.0,20.0,10.0,0.0,10.0,20.0,30.0,40.0
60.0,50.0,40.0,30.0,20.0,10.0,0.0,10.0,20.0,30.0
70.0,60.0,50.0,40.0,30.0,20.0,10.0,0.0,10.0,20.0
80.0,70.0,60.0,50.0,40.0,30.0,20.0,10.0,0.0,10.0
90.0,80.0,70.0,60.0,50.0,40.0,30.0,20.0,10.0,0.0
450.0,400.0,350.0,300.0,250.0,250.0,300.0,350.0,400.0,450.0
0.0,1.0,2.0,3.0,4.0,5.0,6.0,7.0,8.0,9.0
1.0,0.0,1.0,2.0,3.0,4.0,5.0,6.0,7.0,8.0
2.0,1.0,0.0,1.0,2.0,3.0,4.0,5.0,6.0,7.0
3.0,2.0,1.0,0.0,1.0,2.0,3.0,4.0,5.0,6.0
4.0,3.0,2.0,1.0,0.0,1.0,2.0,3.0,4.0,5.0
5.0,4.0,3.0,2.0,1.0,0.0,1.0,2.0,3.0,4.0
6.0,5.0,4.0,3.0,2.0,1.0,0.0,1.0,2.0,3.0
7.0,6.0,5.0,4.0,3.0,2.0,1.0,0.0,1.0,2.0
8.0,7.0,6.0,5.0,4.0,3.0,2.0,1.0,0.0,1.0
9.0,8.0,7.0,6.0,5.0,4.0,3.0,2.0,1.0,0.0
45.0,40.0,35.0,30.0,25.0,25.0,30.0,35.0,40.0,45.0
25.0,17.0,23.0,23.0,20.0,30.0,33.0,31.0,36.0,32.0,28.0,24.0,25.0,25.0,31.0,30.0,36.0,35.0,22.0,33.0,39.0,33.0,27.0,27.0,25.0,38.0,22.0,32.0,34.0,28.0,30.0,29.0,33.0,30.0,27.0,39.0,27.0,27.0,31.0,29.0,26.0,25.0,33.0,29.0,25.0,34.0,38.0,31.0,32.0,24.0
25.0,28.0,32.0,33.0,35.0,32.0,31.0,40.0,40.0,27.0,32.0,25.0,30.0,38.0,33.0,29.0,36.0,31.0,33.0,34.0,30.0,27.0,37.0,35.0,31.0,26.0,26.0,31.0,41.0,32.0,26.0,26.0,26.0,37.0,29.0,35.0,29.0,32.0,41.0,19.0,29.0,34.0,31.0,37.0,31.0,34.0,30.0,42.0,33.0,39.0
40.0,32.0,40.0,28.0,43.0,39.0,32.0,42.0,35.0,35.0,32.0,31.0,32.0,42.0,37.0,35.0,43.0,39.0,27.0,34.0,38.0,39.0,38.0,38.0,28.0,32.0,31.0,28.0,28.0,41.0,33.0,27.0,36.0,36.0,37.0,32.0,32.0,43.0,23.0,44.0,36.0,31.0,30.0,35.0,33.0,48.0,42.0,32.0,37.0,21.0
30.0,33.0,31.0,30.0,29.0,43.0,36.0,36.0,29.0,39.0,23.0,25.0,33.0,27.0,28.0,25.0,25.0,31.0,21.0,40.0,33.0,19.0,27.0,33.0,24.0,28.0,30.0,37.0,26.0,35.0,25.0,27.0,25.0,25.0,22.0,24.0,39.0,41.0,26.0,32.0,25.0,20.0,31.0,36.0,28.0,33.0,33.0,27.0,35.0,37.0
16.0,32.0,25.0,40.0,24.0,20.0,27.0,40.0,37.0,33.0,37.0,35.0,36.0,30.0,37.0,24.0,28.0,26.0,31.0,25.0,37.0,24.0,27.0,29.0,31.0,31.0,34.0,36.0,23.0,45.0,31.0,13.0,35.0,34.0,21.0,34.0,21.0,31.0,20.0,36.0,32.0,40.0,33.0,30.0,25.0,25.0,29.0,34.0,40.0,30.0
23.0,26.0,22.0,25.0,26.0,22.0,35.0,22.0,25.0,21.0,27.0,22.0,21.0,28.0,22.0,33.0,28.0,14.0,24.0,28.0,28.0,29.0,31.0,35.0,30.0,29.0,19.0,28.0,30.0,34.0,26.0,35.0,27.0,35.0,19.0,25.0,17.0,22.0,23.0,23.0,26.0,28.0,27.0,24.0,29.0,26.0,16.0,35.0,19.0,27.0
35.0,24.0,32.0,35.0,29.0,33.0,33.0,25.0,31.0,37.0,35.0,27.0,31.0,26.0,35.0,37.0,27.0,29.0,25.0,32.0,22.0,30.0,26.0,29.0,26.0,27.0,23.0,30.0,25.0,46.0,41.0,25.0,27.0,35.0,36.0,21.0,24.0,33.0,35.0,27.0,25.0,38.0,33.0,25.0,30.0,34.0,32.0,29.0,28.0,39.0
31.0,34.0,37.0,34.0,40.0,32.0,42.0,28.0,35.0,28.0,34.0,33.0,27.0,30.0,31.0,32.0,43.0,34.0,37.0,34.0,40.0,27.0,26.0,42.0,33.0,32.0,33.0,33.0,33.0,24.0,35.0,36.0,40.0,21.0,35.0,30.0,42.0,33.0,27.0,29.0,33.0,39.0,36.0,29.0,21.0,32.0,23.0,38.0,28.0,31.0
32.0,18.0,25.0,35.0,33.0,46.0,34.0,31.0,36.0,30.0,29.0,24.0,35.0,40.0,40.0,31.0,20.0,29.0,43.0,21.0,37.0,37.0,44.0,37.0,38.0,36.0,29.0,30.0,36.0,32.0,31.0,27.0,34.0,39.0,39.0,28.0,41.0,27.0,31.0,35.0,34.0,27.0,38.0,40.0,39.0,31.0,33.0,45.0,33.0,25.0
33.0,29.0,26.0,25.0,38.0,34.0,29.0,27.0,28.0,31.0,21.0,36.0,24.0,21.0,32.0,27.0,27.0,21.0,33.0,28.0,29.0,35.0,20.0,28.0,29.0,30.0,45.0,21.0,30.0,26.0,36.0,27.0,33.0,34.0,19.0,27.0,23.0,17.0,22.0,36.0,33.0,35.0,37.0,27.0,25.0,27.0,36.0,29.0,29.0,26.0
