10,50,1000
15.655012,16.503395,17.070827,17.978534,17.874131,16.24489,19.946206,19.338156,15.295611,19.232269
7.030383,9.436769,9.088567,6.948286,7.01405,7.706981,6.330464,5.470361,8.533799,8.320127
0.0,10.0,20.0,30.0,40.0,50.0,60.0,70.0,80.0,90.0
10.0,0.0,10.0,20.0,30.0,40.0,50.0,60.0,70.0,80.0
20.0,10.0,0.0,10.0,20.0,30.0,40.0,50.0,60.0,70.0
30.0,20.0,10.0,0.0,10.0,20.0,30.0,40.0,50.0,60.0
40.0,30.0,20.0,10.0,0.0,10.0,20.0,30.0,40.0,50.0
50.0,40.0,30.0,20.0,10.0,0.0,10.0,20.0,30.0,40.0
60.0,50.0,40.0,30.0,20.0,10.0,0.0,10.0,20.0,30.0
70.0,60.0,50.0,40.0,30.0,20.0,10.0,0.0,10.0,20.0
80.0,70.0,60.0,50.0,40.0,30.0,20.0,10.0,0.0,10.0
90.0,80.0,70.0,60.0,50.0,40.0,30.0,20.0,10.0,0.0
450.0,400.0,350.0,300.0,250.0,250.0,300.0,350.0,400.0,450.0
0.0,1.0,2.0,3.0,4.0,5.0,6.0,7.0,8.0,9.0
1.0,0.0,1.0,2.0,3.0,4.0,5.0,6.0,7.0,8.0
2.0,1.0,0.0,1.0,2.0,3.0,4.0,5.0,6.0,7.0
3.0,2.0,1.0,0.0,1.0,2.0,3.0,4.0,5.0,6.0
4.0,3.0,2.0,1.0,0.0,1.0,2.0,3.0,4.0,5.0
5.0,4.0,3.0,2.0,1.0,0.0,1.0,2.0,3.0,4.0
6.0,5.0,4.0,3.0,2.0,1.0,0.0,1.0,2.0,3.0
7.0,6.0,5.0,4.0,3.0,2.0,1.0,0.0,1.0,2.0
8.0,7.0,6.0,5.0,4.0,3.0,2.0,1.0,0.0,1.0
9.0,8.0,7.0,6.0,5.0,4.0,3.0,2.0,1.0,0.0
45.0,40.0,35.0,30.0,25.0,25.0,30.0,35.0,40.0,45.0
29.0,32.0,24.0,28.0,28.0,31.0,30.0,23.0,25.0,20.0,32.0,28.0,14.0,34.0,36.0,29.0,20.0,22.0,29.0,17.0,19.0,24.0,14.0,41.0,25.0,33.0,27.0,20.0,32.0,25.0,20.0,24.0,21.0,28.0,29.0,22.0,21.0,35.0,27.0,27.0,24.0,27.0,41.0,26.0,24.0,14.0,20.0,26.0,24.0,26.0
45.0,35.0,52.0,40.0,30.0,32.0,48.0,34.0,23.0,37.0,40.0,43.0,40.0,43.0,28.0,31.0,30.0,33.0,45.0,29.0,28.0,32.0,39.0,17.0,32.0,26.0,29.0,40.0,36.0,31.0,29.0,26.0,33.0,35.0,30.0,30.0,29.0,37.0,41.0,31.0,30.0,44.0,41.0,36.0,32.0,24.0,26.0,31.0,28.0,31.0
25.0,28.0,39.0,32.0,31.0,40.0,38.0,35.0,30.0,34.0,27.0,29.0,28.0,32.0,35.0,33.0,43.0,23.0,37.0,38.0,30.0,27.0,30.0,38.0,50.0,34.0,29.0,25.0,29.0,34.0,40.0,40.0,30.0,31.0,27.0,34.0,26.0,36.0,36.0,37.0,38.0,38.0,39.0,36.0,42.0,44.0,45.0,37.0,32.0,41.0
28.0,28.0,31.0,29.0,26.0,19.0,30.0,24.0,25.0,31.0,22.0,29.0,31.0,31.0,28.0,23.0,20.0,22.0,25.0,31.0,24.0,24.0,30.0,23.0,25.0,21.0,25.0,23.0,27.0,23.0,23.0,22.0,25.0,21.0,23.0,15.0,38.0,18.0,22.0,30.0,23.0,28.0,24.0,18.0,26.0,23.0,29.0,28.0,19.0,28.0
27.0,40.0,29.0,26.0,25.0,27.0,23.0,33.0,28.0,30.0,28.0,21.0,19.0,18.0,42.0,33.0,20.0,30.0,27.0,32.0,38.0,31.0,19.0,31.0,29.0,22.0,27.0,31.0,33.0,32.0,25.0,35.0,30.0,25.0,22.0,30.0,28.0,41.0,34.0,21.0,30.0,30.0,29.0,24.0,23.0,22.0,26.0,16.0,19.0,42.0
28.0,26.0,31.0,26.0,35.0,20.0,24.0,24.0,31.0,31.0,18.0,23.0,27.0,31.0,26.0,30.0,31.0,20.0,22.0,33.0,29.0,37.0,22.0,33.0,24.0,25.0,33.0,35.0,34.0,31.0,21.0,29.0,29.0,25.0,26.0,35.0,23.0,30.0,26.0,28.0,21.0,33.0,29.0,24.0,31.0,20.0,24.0,36.0,27.0,33.0
34.0,22.0,26.0,24.0,32.0,20.0,19.0,25.0,29.0,26.0,29.0,23.0,39.0,27.0,27.0,31.0,23.0,26.0,33.0,16.0,33.0,25.0,19.0,23.0,31.0,15.0,20.0,24.0,28.0,21.0,30.0,28.0,30.0,17.0,26.0,28.0,28.0,22.0,26.0,24.0,28.0,27.0,35.0,21.0,26.0,25.0,22.0,14.0,16.0,24.0
21.0,25.0,20.0,18.0,27.0,23.0,20.0,24.0,19.0,14.0,20.0,31.0,21.0,20.0,29.0,29.0,36.0,13.0,28.0,21.0,22.0,23.0,20.0,21.0,30.0,25.0,25.0,19.0,24.0,24.0,22.0,13.0,30.0,22.0,20.0,29.0,24.0,18.0,18.0,19.0,25.0,27.0,18.0,21.0,19.0,30.0,24.0,24.0,28.0,21.0
33.0,34.0,26.0,37.0,23.0,30.0,29.0,32.0,37.0,43.0,30.0,29.0,30.0,46.0,29.0,26.0,20.0,29.0,30.0,30.0,32.0,25.0,37.0,32.0,24.0,26.0,34.0,29.0,29.0,34.0,44.0,33.0,27.0,35.0,40.0,34.0,33.0,38.0,21.0,28.0,39.0,35.0,31.0,33.0,26.0,36.0,33.0,32.0,24.0,41.0
27.0,22.0,28.0,28.0,28.0,28.0,32.0,33.0,28.0,32.0,32.0,38.0,34.0,32.0,34.0,28.0,34.0,28.0,23.0,35.0,33.0,29.0,36.0,34.0,27.0,24.0,23.0,21.0,22.0,42.0,32.0,29.0,41.0,33.0,36.0,29.0,33.0,31.0,44.0,37.0,22.0,36.0,35.0,33.0,32.0,33.0,42.0,33.0,27.0,28.0
