10,50,1000
17.363621,15.190609,15.928266,17.810866,18.870789,18.438356,18.624441,16.478104,18.210825,19.313521
9.947506,9.192245,5.578245,7.772551,7.304255,5.250763,9.479046,6.80958,8.734992,6.144535
0.0,10.0,20.0,30.0,40.0,50.0,60.0,70.0,80.0,90.0
10.0,0.0,10.0,20.0,30.0,40.0,50.0,60.0,70.0,80.0
20.0,10.0,0.0,10.0,20.0,30.0,40.0,50.0,60.0,70.0
30.0,20.0,10.0,0.0,10.0,20.0,30.0,40.0,50.0,60.0
40.0,30.0,20.0,10.0,0.0,10.0,20.0,30.0,40.0,50.0
50.0,40.0,30.0,20.0,10.0,0.0,10.0,20.0,30.0,40.0
60.0,50.0,40.0,30.0,20.0,10.0,0.0,10.0,20.0,30.0
70.0,60.0,50.0,40.0,30.0,20.0,10.0,0.0,10.0,20.0
80.0,70.0,60.0,50.0,40.0,30.0,20.0,10.0,0.0,10.0
90.0,80.0,70.0,60.0,50.0,40.0,30.0,20.0,10.0,0.0
450.0,400.0,350.0,300.0,250.0,250.0,300.0,350.0,400.0,450.0
0.0,1.0,2.0,3.0,4.0,5.0,6.0,7.0,8.0,9.0
1.0,0.0,1.0,2.0,3.0,4.0,5.0,6.0,7.0,8.0
2.0,1.0,0.0,1.0,2.0,3.0,4.0,5.0,6.0,7.0
3.0,2.0,1.0,0.0,1.0,2.0,3.0,4.0,5.0,6.0
4.0,3.0,2.0,1.0,0.0,1.0,2.0,3.0,4.0,5.0
5.0,4.0,3.0,2.0,1.0,0.0,1.0,2.0,3.0,4.0
6.0,5.0,4.0,3.0,2.0,1.0,0.0,1.0,2.0,3.0
7.0,6.0,5.0,4.0,3.0,2.0,1.0,0.0,1.0,2.0
8.0,7.0,6.0,5.0,4.0,3.0,2.0,1.0,0.0,1.0
9.0,8.0,7.0,6.0,5.0,4.0,3.0,2.0,1.0,0.0
45.0,40.0,35.0,30.0,25.0,25.0,30.0,35.0,40.0,45.0
39.0,34.0,27.0,38.0,37.0,29.0,36.0,35.0,38.0,33.0,35.0,45.0,30.0,45.0,29.0,38.0,36.0,37.0,30.0,33.0,38.0,28.0,38.0,37.0,31.0,34.0,31.0,33.0,32.0,32.0,35.0,38.0,35.0,33.0,20.0,38.0,46.0,33.0,26.0,40.0,29.0,43.0,35.0,28.0,38.0,29.0,38.0,47.0,37.0,30.0
27.0,40.0,32.0,32.0,29.0,30.0,36.0,44.0,37.0,40.0,36.0,38.0,33.0,26.0,44.0,30.0,29.0,30.0,39.0,38.0,38.0,27.0,34.0,35.0,36.0,29.0,33.0,30.0,27.0,32.0,35.0,43.0,34.0,27.0,17.0,27.0,28.0,23.0,30.0,30.0,34.0,41.0,36.0,37.0,34.0,30.0,24.0,31.0,31.0,32.0
24.0,29.0,27.0,20.0,30.0,28.0,30.0,22.0,17.0,25.0,30.0,31.0,23.0,23.0,17.0,15.0,26.0,23.0,24.0,29.0,24.0,22.0,21.0,26.0,21.0,22.0,27.0,31.0,25.0,16.0,27.0,33.0,22.0,23.0,20.0,26.0,25.0,22.0,20.0,22.0,13.0,20.0,17.0,22.0,26.0,23.0,28.0,29.0,18.0,24.0
33.0,36.0,28.0,29.0,29.0,39.0,27.0,38.0,33.0,36.0,24.0,31.0,20.0,29.0,31.0,28.0,36.0,32.0,33.0,31.0,33.0,39.0,34.0,36.0,32.0,26.0,27.0,33.0,33.0,31.0,28.0,36.0,32.0,28.0,24.0,34.0,36.0,27.0,28.0,28.0,23.0,29.0,27.0,37.0,32.0,29.0,31.0,51.0,36.0,44.0
23.0,27.0,29.0,24.0,24.0,27.0,27.0,31.0,32.0,20.0,20.0,23.0,27.0,28.0,31.0,25.0,36.0,36.0,27.0,28.0,30.0,25.0,27.0,41.0,33.0,24.0,33.0,31.0,35.0,26.0,29.0,34.0,32.0,27.0,23.0,41.0,28.0,28.0,25.0,31.0,34.0,31.0,24.0,28.0,26.0,35.0,27.0,24.0,29.0,22.0
24.0,33.0,19.0,29.0,26.0,26.0,16.0,21.0,23.0,22.0,16.0,23.0,21.0,15.0,19.0,24.0,20.0,19.0,22.0,21.0,23.0,18.0,25.0,26.0,22.0,30.0,17.0,24.0,23.0,19.0,23.0,19.0,18.0,25.0,15.0,20.0,19.0,16.0,20.0,24.0,17.0,24.0,26.0,25.0,21.0,28.0,19.0,22.0,21.0,21.0
32.0,44.0,37.0,40.0,42.0,28.0,49.0,33.0,40.0,41.0,30.0,34.0,41.0,22.0,30.0,37.0,22.0,44.0,28.0,36.0,38.0,32.0,37.0,33.0,32.0,38.0,32.0,38.0,28.0,40.0,27.0,32.0,37.0,39.0,35.0,43.0,32.0,26.0,30.0,45.0,34.0,32.0,33.0,31.0,44.0,41.0,33.0,44.0,30.0,45.0
17.0,31.0,37.0,18.0,19.0,20.0,29.0,26.0,34.0,23.0,28.0,20.0,28.0,27.0,29.0,31.0,20.0,37.0,28.0,27.0,26.0,31.0,26.0,25.0,16.0,22.0,23.0,19.0,29.0,16.0,21.0,27.0,20.0,20.0,25.0,23.0,30.0,26.0,25.0,28.0,24.0,31.0,28.0,33.0,24.0,26.0,16.0,27.0,23.0,23.0
31.0,30.0,34.0,36.0,24.0,36.0,29.0,29.0,28.0,21.0,27.0,33.0,30.0,34.0,30.0,43.0,45.0,25.0,31.0,34.0,24.0,34.0,35.0,29.0,33.0,30.0,27.0,22.0,28.0,36.0,34.0,32.0,27.0,27.0,26.0,41.0,31.0,34.0,39.0,43.0,36.0,23.0,36.0,32.0,32.0,32.0,31.0,42.0,34.0,36.0
32.0,27.0,29.0,26.0,25.0,24.0,21.0,24.0,16.0,34.0,27.0,26.0,33.0,28.0,23.0,22.0,26.0,27.0,27.0,29.0,30.0,23.0,23.0,15.0,31.0,31.0,23.0,28.0,36.0,19.0,34.0,25.0,23.0,32.0,23.0,35.0,16.0,17.0,22.0,22.0,19.0,19.0,26.0,27.0,18.0,26.0,25.0,18.0,24.0,24.0
