10,50,1000
19.522672,19.284022,15.732237,17.690351,16.249932,18.760984,18.413631,16.444116,19.342991,17.286445
9.710489,7.181383,7.258075,8.498993,9.786659,7.898772,7.178067,5.596377,7.439852,9.465621
0.0,10.0,20.0,30.0,40.0,50.0,60.0,70.0,80.0,90.0
10.0,0.0,10.0,20.0,30.0,40.0,50.0,60.0,70.0,80.0
20.0,10.0,0.0,10.0,20.0,30.0,40.0,50.0,60.0,70.0
30.0,20.0,10.0,0.0,10.0,20.0,30.0,40.0,50.0,60.0
40.0,30.0,20.0,10.0,0.0,10.0,20.0,30.0,40.0,50.0
50.0,40.0,30.0,20.0,10.0,0.0,10.0,20.0,30.0,40.0
60.0,50.0,40.0,30.0,20.0,10.0,0.0,10.0,20.0,30.0
70.0,60.0,50.0,40.0,30.0,20.0,10.0,0.0,10.0,20.0
80.0,70.0,60.0,50.0,40.0,30.0,20.0,10.0,0.0,10.0
90.0,80.0,70.0,60.0,50.0,40.0,30.0,20.0,10.0,0.0
450.0,400.0,350.0,300.0,250.0,250.0,300.0,350.0,400.0,450.0
0.0,1.0,2.0,3.0,4.0,5.0,6.0,7.0,8.0,9.0
1.0,0.0,1.0,2.0,3.0,4.0,5.0,6.0,7.0,8.0
2.0,1.0,0.0,1.0,2.0,3.0,4.0,5.0,6.0,7.0
3.0,2.0,1.0,0.0,1.0,2.0,3.0,4.0,5.0,6.0
4.0,3.0,2.0,1.0,0.0,1.0,2.0,3.0,4.0,5.0
5.0,4.0,3.0,2.0,1.0,0.0,1.0,2.0,3.0,4.0
6.0,5.0,4.0,3.0,2.0,1.0,0.0,1.0,2.0,3.0
7.0,6.0,5.0,4.0,3.0,2.0,1.0,0.0,1.0,2.0
8.0,7.0,6.0,5.0,4.0,3.0,2.0,1.0,0.0,1.0
9.0,8.0,7.0,6.0,5.0,4.0,3.0,2.0,1.0,0.0
45.0,40.0,35.0,30.0,25.0,25.0,30.0,35.0,40.0,45.0
44.0,40.0,46.0,42.0,37.0,39.0,47.0,36.0,35.0,40.0,28.0,53.0,31.0,38.0,38.0,25.0,37.0,47.0,42.0,32.0,34.0,41.0,35.0,33.0,25.0,29.0,45.0,29.0,30.0,43.0,39.0,34.0,31.0,23.0,28.0,38.0,42.0,27.0,27.0,41.0,39.0,28.0,34.0,36.0,44.0,38.0,41.0,35.0,41.0,40.0
24.0,16.0,22.0,37.0,30.0,28.0,33.0,31.0,26.0,21.0,29.0,36.0,32.0,36.0,22.0,23.0,30.0,29.0,21.0,33.0,29.0,25.0,30.0,28.0,28.0,33.0,29.0,27.0,25.0,30.0,33.0,28.0,34.0,28.0,25.0,25.0,37.0,30.0,26.0,27.0,26.0,26.0,29.0,25.0,33.0,29.0,34.0,27.0,32.0,18.0
36.0,20.0,39.0,25.0,28.0,32.0,30.0,17.0,25.0,29.0,24.0,19.0,35.0,30.0,29.0,24.0,26.0,21.0,17.0,31.0,24.0,18.0,24.0,21.0,25.0,29.0,20.0,21.0,32.0,21.0,24.0,20.0,27.0,20.0,23.0,29.0,32.0,29.0,25.0,33.0,22.0,20.0,26.0,28.0,25.0,34.0,25.0,27.0,24.0,28.0
30.0,30.0,32.0,24.0,31.0,30.0,32.0,36.0,35.0,34.0,31.0,24.0,37.0,40.0,37.0,34.0,29.0,28.0,31.0,37.0,32.0,37.0,25.0,27.0,26.0,36.0,33.0,24.0,31.0,38.0,46.0,34.0,38.0,33.0,41.0,37.0,29.0,34.0,34.0,29.0,41.0,30.0,37.0,27.0,35.0,21.0,27.0,39.0,31.0,32.0
33.0,45.0,48.0,30.0,34.0,35.0,33.0,35.0,35.0,28.0,23.0,27.0,26.0,36.0,45.0,26.0,31.0,46.0,42.0,32.0,34.0,40.0,37.0,34.0,31.0,24.0,33.0,30.0,38.0,30.0,34.0,40.0,32.0,22.0,41.0,30.0,29.0,25.0,34.0,36.0,35.0,33.0,45.0,43.0,46.0,25.0,48.0,28.0,40.0,37.0
30.0,30.0,35.0,29.0,24.0,33.0,24.0,31.0,31.0,30.0,29.0,25.0,28.0,35.0,26.0,41.0,35.0,25.0,28.0,35.0,29.0,36.0,36.0,33.0,36.0,23.0,28.0,36.0,25.0,31.0,37.0,19.0,30.0,31.0,27.0,30.0,33.0,41.0,24.0,34.0,31.0,21.0,30.0,47.0,33.0,29.0,27.0,35.0,37.0,24.0
27.0,29.0,29.0,22.0,17.0,32.0,31.0,24.0,30.0,23.0,34.0,24.0,25.0,31.0,20.0,38.0,34.0,19.0,27.0,27.0,26.0,19.0,21.0,38.0,33.0,29.0,31.0,24.0,29.0,29.0,36.0,31.0,25.0,33.0,27.0,32.0,38.0,27.0,27.0,25.0,25.0,20.0,31.0,26.0,28.0,29.0,31.0,32.0,34.0,26.0
13.0,23.0,22.0,28.0,19.0,23.0,20.0,17.0,22.0,23.0,28.0,22.0,27.0,24.0,20.0,19.0,31.0,15.0,26.0,20.0,25.0,19.0,16.0,26.0,16.0,16.0,16.0,16.0,19.0,19.0,24.0,25.0,20.0,16.0,20.0,19.0,19.0,18.0,8.0,19.0,13.0,22.0,20.0,24.0,22.0,15.0,18.0,18.0,21.0,25.0
31.0,38.0,28.0,37.0,30.0,27.0,32.0,25.0,32.0,30.0,21.0,28.0,41.0,16.0,27.0,30.0,30.0,25.0,35.0,29.0,30.0,39.0,27.0,30.0,29.0,16.0,27.0,27.0,22.0,22.0,34.0,32.0,24.0,24.0,34.0,26.0,22.0,33.0,23.0,36.0,34.0,30.0,39.0,36.0,25.0,41.0,30.0,22.0,26.0,24.0
33.0,44.0,33.0,39.0,35.0,33.0,28.0,26.0,39.0,33.0,34.0,37.0,27.0,35.0,42.0,36.0,34.0,27.0,41.0,40.0,45.0,29.0,39.0,31.0,35.0,30.0,41.0,31.0,45.0,41.0,24.0,40.0,33.0,39.0,28.0,35.0,38.0,38.0,36.0,32.0,32.0,25.0,35.0,30.0,26.0,37.0,31.0,39.0,35.0,27.0
