10,50,1000
16.787697,15.183875,18.947766,15.369933,17.040704,16.090929,16.402893,19.999611,19.33213,15.269318
6.530097,9.07321,6.452667,6.676706,7.521696,5.300556,7.841806,8.757613,8.039261,9.724826
0.0,10.0,20.0,30.0,40.0,50.0,60.0,70.0,80.0,90.0
10.0,0.0,10.0,20.0,30.0,40.0,50.0,60.0,70.0,80.0
20.0,10.0,0.0,10.0,20.0,30.0,40.0,50.0,60.0,70.0
30.0,20.0,10.0,0.0,10.0,20.0,30.0,40.0,50.0,60.0
40.0,30.0,20.0,10.0,0.0,10.0,20.0,30.0,40.0,50.0
50.0,40.0,30.0,20.0,10.0,0.0,10.0,20.0,30.0,40.0
60.0,50.0,40.0,30.0,20.0,10.0,0.0,10.0,20.0,30.0
70.0,60.0,50.0,40.0,30.0,20.0,10.0,0.0,10.0,20.0
80.0,70.0,60.0,50.0,40.0,30.0,20.0,10.0,0.0,10.0
90.0,80.0,70.0,60.0,50.0,40.0,30.0,20.0,10.0,0.0
450.0,400.0,350.0,300.0,250.0,250.0,300.0,350.0,400.0,450.0
0.0,1.0,2.0,3.0,4.0,5.0,6.0,7.0,8.0,9.0
1.0,0.0,1.0,2.0,3.0,4.0,5.0,6.0,7.0,8.0
2.0,1.0,0.0,1.0,2.0,3.0,4.0,5.0,6.0,7.0
3.0,2.0,1.0,0.0,1.0,2.0,3.0,4.0,5.0,6.0
4.0,3.0,2.0,1.0,0.0,1.0,2.0,3.0,4.0,5.0
5.0,4.0,3.0,2.0,1.0,0.0,1.0,2.0,3.0,4.0
6.0,5.0,4.0,3.0,2.0,1.0,0.0,1.0,2.0,3.0
7.0,6.0,5.0,4.0,3.0,2.0,1.0,0.0,1.0,2.0
8.0,7.0,6.0,5.0,4.0,3.0,2.0,1.0,0.0,1.0
9.0,8.0,7.0,6.0,5.0,4.0,3.0,2.0,1.0,0.0
45.0,40.0,35.0,30.0,25.0,25.0,30.0,35.0,40.0,45.0
24.0,13.0,26.0,22.0,20.0,20.0,26.0,24.0,20.0,26.0,30.0,24.0,33.0,27.0,31.0,18.0,24.0,22.0,23.0,26.0,27.0,27.0,25.0,31.0,25.0,28.0,19.0,20.0,27.0,21.0,22.0,21.0,32.0,15.0,30.0,35.0,26.0,29.0,19.0,32.0,27.0,19.0,24.0,19.0,16.0,31.0,29.0,24.0,24.0,20.0
35.0,42.0,27.0,39.0,23.0,22.0,35.0,35.0,24.0,27.0,36.0,41.0,28.0,22.0,31.0,27.0,35.0,42.0,40.0,29.0,37.0,33.0,37.0,25.0,34.0,34.0,30.0,26.0,27.0,26.0,28.0,32.0,22.0,26.0,35.0,30.0,25.0,31.0,37.0,34.0,34.0,30.0,46.0,29.0,33.0,30.0,36.0,35.0,37.0,32.0
23.0,28.0,23.0,31.0,24.0,23.0,27.0,17.0,27.0,30.0,40.0,20.0,12.0,34.0,32.0,16.0,27.0,30.0,27.0,26.0,33.0,38.0,27.0,19.0,29.0,36.0,36.0,18.0,28.0,26.0,26.0,26.0,22.0,19.0,23.0,24.0,26.0,20.0,18.0,27.0,20.0,32.0,29.0,28.0,29.0,21.0,29.0,29.0,33.0,27.0
30.0,24.0,28.0,39.0,20.0,29.0,28.0,15.0,24.0,28.0,25.0,36.0,23.0,27.0,27.0,26.0,28.0,30.0,26.0,24.0,19.0,20.0,21.0,35.0,31.0,24.0,23.0,25.0,29.0,14.0,25.0,27.0,19.0,20.0,28.0,21.0,26.0,31.0,21.0,27.0,24.0,18.0,29.0,21.0,23.0,35.0,17.0,14.0,29.0,32.0
31.0,25.0,32.0,20.0,26.0,28.0,34.0,19.0,29.0,32.0,23.0,33.0,36.0,26.0,26.0,27.0,36.0,23.0,19.0,32.0,34.0,28.0,29.0,31.0,26.0,24.0,29.0,22.0,33.0,24.0,30.0,23.0,33.0,37.0,25.0,34.0,27.0,30.0,29.0,20.0,19.0,24.0,28.0,36.0,17.0,16.0,34.0,29.0,28.0,30.0
19.0,19.0,20.0,18.0,17.0,30.0,15.0,18.0,23.0,21.0,24.0,28.0,20.0,19.0,25.0,16.0,25.0,21.0,21.0,25.0,24.0,21.0,18.0,24.0,20.0,18.0,15.0,22.0,17.0,19.0,20.0,19.0,26.0,19.0,17.0,17.0,20.0,31.0,17.0,19.0,26.0,22.0,21.0,21.0,16.0,33.0,25.0,20.0,21.0,23.0
30.0,35.0,31.0,27.0,29.0,35.0,20.0,25.0,23.0,24.0,22.0,23.0,32.0,27.0,31.0,34.0,27.0,28.0,25.0,26.0,42.0,41.0,19.0,36.0,35.0,24.0,30.0,33.0,31.0,39.0,29.0,24.0,32.0,27.0,27.0,27.0,28.0,26.0,36.0,43.0,25.0,27.0,34.0,22.0,15.0,36.0,39.0,21.0,25.0,29.0
45.0,32.0,32.0,32.0,37.0,29.0,29.0,31.0,32.0,31.0,37.0,34.0,39.0,43.0,47.0,33.0,30.0,27.0,23.0,34.0,30.0,25.0,31.0,45.0,30.0,29.0,48.0,29.0,28.0,37.0,31.0,53.0,36.0,25.0,30.0,32.0,35.0,38.0,42.0,33.0,43.0,32.0,40.0,50.0,36.0,32.0,35.0,39.0,36.0,35.0
33.0,20.0,36.0,31.0,31.0,30.0,33.0,30.0,40.0,25.0,29.0,34.0,32.0,28.0,27.0,26.0,16.0,32.0,33.0,32.0,32.0,35.0,40.0,30.0,37.0,23.0,32.0,27.0,30.0,23.0,30.0,33.0,35.0,39.0,23.0,32.0,34.0,39.0,29.0,38.0,29.0,40.0,25.0,19.0,36.0,39.0,28.0,40.0,33.0,32.0
39.0,39.0,37.0,36.0,36.0,37.0,43.0,30.0,33.0,30.0,27.0,30.0,43.0,35.0,30.0,31.0,45.0,34.0,37.0,29.0,46.0,23.0,32.0,31.0,41.0,33.0,54.0,39.0,31.0,37.0,25.0,36.0,26.0,46.0,41.0,42.0,33.0,23.0,28.0,36.0,43.0,31.0,42.0,38.0,39.0,33.0,36.0,36.0,42.0,29.0
