10,50,1000
19.98087,16.673706,15.05478,18.67325,16.54424,19.56352,17.490899,15.505007,19.370123,15.334238
5.017219,8.900256,8.175632,7.953932,7.426226,8.795496,5.577651,5.788207,6.406047,5.916512
0.0,10.0,20.0,30.0,40.0,50.0,60.0,70.0,80.0,90.0
10.0,0.0,10.0,20.0,30.0,40.0,50.0,60.0,70.0,80.0
20.0,10.0,0.0,10.0,20.0,30.0,40.0,50.0,60.0,70.0
30.0,20.0,10.0,0.0,10.0,20.0,30.0,40.0,50.0,60.0
40.0,30.0,20.0,10.0,0.0,10.0,20.0,30.0,40.0,50.0
50.0,40.0,30.0,20.0,10.0,0.0,10.0,20.0,30.0,40.0
60.0,50.0,40.0,30.0,20.0,10.0,0.0,10.0,20.0,30.0
70.0,60.0,50.0,40.0,30.0,20.0,10.0,0.0,10.0,20.0
80.0,70.0,60.0,50.0,40.0,30.0,20.0,10.0,0.0,10.0
90.0,80.0,70.0,60.0,50.0,40.0,30.0,20.0,10.0,0.0
450.0,400.0,350.0,300.0,250.0,250.0,300.0,350.0,400.0,450.0
0.0,1.0,2.0,3.0,4.0,5.0,6.0,7.0,8.0,9.0
1.0,0.0,1.0,2.0,3.0,4.0,5.0,6.0,7.0,8.0
2.0,1.0,0.0,1.0,2.0,3.0,4.0,5.0,6.0,7.0
3.0,2.0,1.0,0.0,1.0,2.0,3.0,4.0,5.0,6.0
4.0,3.0,2.0,1.0,0.0,1.0,2.0,3.0,4.0,5.0
5.0,4.0,3.0,2.0,1.0,0.0,1.0,2.0,3.0,4.0
6.0,5.0,4.0,3.0,2.0,1.0,0.0,1.0,2.0,3.0
7.0,6.0,5.0,4.0,3.0,2.0,1.0,0.0,1.0,2.0
8.0,7.0,6.0,5.0,4.0,3.0,2.0,1.0,0.0,1.0
9.0,8.0,7.0,6.0,5.0,4.0,3.0,2.0,1.0,0.0
45.0,40.0,35.0,30.0,25.0,25.0,30.0,35.0,40.0,45.0
9.0,25.0,22.0,25.0,21.0,17.0,18.0,20.0,26.0,32.0,26.0,23.0,18.0,19.0,26.0,25.0,18.0,25.0,20.0,16.0,23.0,20.0,12.0,24.0,21.0,33.0,18.0,16.0,24.0,35.0,19.0,18.0,25.0,19.0,13.0,25.0,17.0,19.0,21.0,18.0,23.0,21.0,28.0,26.0,20.0,23.0,18.0,16.0,17.0,24.0
30.0,26.0,31.0,25.0,31.0,33.0,30.0,36.0,36.0,25.0,28.0,29.0,25.0,22.0,22.0,36.0,25.0,36.0,32.0,35.0,29.0,27.0,31.0,37.0,36.0,28.0,25.0,28.0,24.0,33.0,29.0,27.0,34.0,40.0,33.0,26.0,24.0,30.0,41.0,37.0,29.0,33.0,21.0,33.0,32.0,32.0,40.0,39.0,33.0,27.0
24.0,38.0,33.0,23.0,28.0,35.0,33.0,22.0,27.0,39.0,32.0,25.0,35.0,20.0,35.0,20.0,37.0,38.0,25.0,33.0,39.0,32.0,19.0,25.0,16.0,31.0,44.0,37.0,26.0,22.0,23.0,49.0,26.0,34.0,28.0,25.0,18.0,23.0,13.0,32.0,37.0,35.0,25.0,31.0,28.0,27.0,27.0,22.0,27.0,29.0
27.0,26.0,33.0,40.0,41.0,21.0,38.0,28.0,37.0,27.0,23.0,32.0,33.0,34.0,35.0,28.0,28.0,27.0,28.0,39.0,37.0,26.0,25.0,41.0,32.0,21.0,31.0,30.0,32.0,25.0,27.0,30.0,25.0,35.0,28.0,28.0,32.0,30.0,31.0,19.0,29.0,33.0,35.0,34.0,26.0,26.0,28.0,28.0,35.0,40.0
26.0,31.0,22.0,21.0,30.0,28.0,36.0,27.0,18.0,28.0,30.0,36.0,28.0,30.0,18.0,20.0,20.0,18.0,26.0,38.0,31.0,27.0,27.0,32.0,21.0,34.0,26.0,25.0,18.0,27.0,35.0,36.0,34.0,40.0,21.0,29.0,31.0,26.0,33.0,28.0,24.0,35.0,25.0,22.0,43.0,34.0,22.0,36.0,35.0,26.0
37.0,35.0,37.0,35.0,38.0,39.0,27.0,36.0,32.0,29.0,45.0,37.0,33.0,30.0,21.0,37.0,41.0,38.0,25.0,44.0,43.0,33.0,25.0,33.0,38.0,28.0,22.0,31.0,35.0,37.0,23.0,36.0,35.0,31.0,31.0,37.0,34.0,34.0,35.0,43.0,44.0,26.0,36.0,32.0,37.0,38.0,30.0,39.0,29.0,34.0
17.0,24.0,20.0,24.0,30.0,23.0,32.0,22.0,25.0,39.0,17.0,13.0,17.0,17.0,23.0,25.0,21.0,26.0,21.0,24.0,16.0,15.0,20.0,21.0,19.0,24.0,28.0,23.0,19.0,27.0,22.0,19.0,31.0,23.0,40.0,26.0,32.0,19.0,17.0,33.0,26.0,19.0,25.0,28.0,22.0,20.0,28.0,19.0,21.0,24.0
30.0,16.0,14.0,23.0,22.0,24.0,29.0,24.0,13.0,26.0,28.0,24.0,18.0,25.0,16.0,30.0,23.0,30.0,17.0,25.0,18.0,12.0,33.0,21.0,24.0,26.0,31.0,19.0,16.0,26.0,22.0,18.0,23.0,26.0,20.0,20.0,18.0,33.0,24.0,19.0,23.0,26.0,19.0,16.0,33.0,18.0,22.0,25.0,19.0,20.0
21.0,18.0,25.0,32.0,23.0,27.0,20.0,26.0,26.0,28.0,20.0,19.0,24.0,28.0,27.0,24.0,19.0,27.0,18.0,25.0,26.0,28.0,27.0,29.0,19.0,33.0,21.0,26.0,18.0,18.0,28.0,39.0,26.0,28.0,21.0,22.0,17.0,17.0,35.0,31.0,25.0,29.0,25.0,30.0,19.0,25.0,28.0,23.0,33.0,24.0
19.0,17.0,21.0,18.0,21.0,20.0,31.0,18.0,19.0,26.0,22.0,21.0,14.0,26.0,17.0,21.0,25.0,23.0,24.0,33.0,23.0,28.0,23.0,25.0,21.0,23.0,21.0,21.0,24.0,25.0,18.0,24.0,26.0,23.0,20.0,26.0,23.0,24.0,29.0,26.0,34.0,28.0,19.0,23.0,20.0,19.0,24.0,31.0,25.0,26.0
