10,50,1000
15.867968,15.800324,16.267158,16.178256,17.688838,15.779951,15.39462,18.61849,16.479681,19.648216
5.616546,9.058662,6.905646,5.697087,7.581454,5.96916,9.467032,7.220945,9.95677,6.80859
0.0,10.0,20.0,30.0,40.0,50.0,60.0,70.0,80.0,90.0
10.0,0.0,10.0,20.0,30.0,40.0,50.0,60.0,70.0,80.0
20.0,10.0,0.0,10.0,20.0,30.0,40.0,50.0,60.0,70.0
30.0,20.0,10.0,0.0,10.0,20.0,30.0,40.0,50.0,60.0
40.0,30.0,20.0,10.0,0.0,10.0,20.0,30.0,40.0,50.0
50.0,40.0,30.0,20.0,10.0,0.0,10.0,20.0,30.0,40.0
60.0,50.0,40.0,30.0,20.0,10.0,0.0,10.0,20.0,30.0
70.0,60.0,50.0,40.0,30.0,20.0,10.0,0.0,10.0,20.0
80.0,70.0,60.0,50.0,40.0,30.0,20.0,10.0,0.0,10.0
90.0,80.0,70.0,60.0,50.0,40.0,30.0,20.0,10.0,0.0
450.0,400.0,350.0,300.0,250.0,250.0,300.0,350.0,400.0,450.0
0.0,1.0,2.0,3.0,4.0,5.0,6.0,7.0,8.0,9.0
1.0,0.0,1.0,2.0,3.0,4.0,5.0,6.0,7.0,8.0
2.0,1.0,0.0,1.0,2.0,3.0,4.0,5.0,6.0,7.0
3.0,2.0,1.0,0.0,1.0,2.0,3.0,4.0,5.0,6.0
4.0,3.0,2.0,1.0,0.0,1.0,2.0,3.0,4.0,5.0
5.0,4.0,3.0,2.0,1.0,0.0,1.0,2.0,3.0,4.0
6.0,5.0,4.0,3.0,2.0,1.0,0.0,1.0,2.0,3.0
7.0,6.0,5.0,4.0,3.0,2.0,1.0,0.0,1.0,2.0
8.0,7.0,6.0,5.0,4.0,3.0,2.0,1.0,0.0,1.0
9.0,8.0,7.0,6.0,5.0,4.0,3.0,2.0,1.0,0.0
45.0,40.0,35.0,30.0,25.0,25.0,30.0,35.0,40.0,45.0
17.0,14.0,30.0,26.0,22.0,23.0,29.0,19.0,22.0,30.0,24.0,30.0,21.0,20.0,18.0,16.0,21.0,21.0,22.0,23.0,27.0,22.0,20.0,21.0,24.0,9.0,18.0,23.0,33.0,21.0,17.0,26.0,21.0,20.0,27.0,26.0,13.0,21.0,19.0,23.0,19.0,18.0,20.0,27.0,21.0,17.0,19.0,17.0,25.0,31.0
42.0,24.0,31.0,27.0,36.0,33.0,32.0,42.0,29.0,42.0,42.0,31.0,29.0,32.0,36.0,44.0,32.0,36.0,30.0,43.0,37.0,36.0,36.0,36.0,42.0,30.0,32.0,29.0,27.0,36.0,34.0,31.0,25.0,31.0,29.0,34.0,34.0,30.0,40.0,36.0,37.0,36.0,25.0,30.0,38.0,30.0,25.0,29.0,41.0,28.0
23.0,30.0,22.0,23.0,22.0,28.0,27.0,20.0,32.0,22.0,24.0,18.0,31.0,31.0,29.0,32.0,25.0,36.0,30.0,30.0,21.0,22.0,25.0,32.0,30.0,24.0,20.0,28.0,25.0,20.0,28.0,21.0,33.0,32.0,31.0,18.0,15.0,21.0,21.0,25.0,24.0,20.0,19.0,35.0,25.0,30.0,28.0,33.0,25.0,27.0
25.0,20.0,19.0,30.0,24.0,18.0,16.0,25.0,27.0,23.0,13.0,17.0,25.0,29.0,24.0,25.0,23.0,21.0,23.0,24.0,16.0,16.0,22.0,24.0,24.0,28.0,21.0,25.0,30.0,19.0,18.0,28.0,16.0,26.0,16.0,24.0,30.0,28.0,24.0,20.0,18.0,31.0,24.0,22.0,27.0,19.0,18.0,23.0,18.0,31.0
34.0,19.0,31.0,38.0,26.0,23.0,18.0,28.0,29.0,23.0,22.0,41.0,29.0,27.0,27.0,38.0,32.0,21.0,25.0,30.0,37.0,23.0,20.0,27.0,24.0,33.0,18.0,43.0,31.0,30.0,29.0,25.0,38.0,24.0,35.0,31.0,35.0,23.0,25.0,29.0,24.0,40.0,33.0,28.0,21.0,30.0,30.0,28.0,27.0,27.0
26.0,25.0,20.0,24.0,10.0,19.0,37.0,28.0,32.0,29.0,33.0,24.0,26.0,17.0,25.0,22.0,19.0,27.0,16.0,26.0,22.0,31.0,16.0,17.0,11.0,29.0,28.0,31.0,31.0,18.0,20.0,28.0,23.0,26.0,25.0,39.0,28.0,20.0,26.0,18.0,28.0,17.0,26.0,28.0,22.0,12.0,22.0,31.0,35.0,25.0
34.0,35.0,34.0,30.0,31.0,26.0,33.0,34.0,29.0,42.0,27.0,34.0,28.0,30.0,31.0,35.0,35.0,40.0,38.0,30.0,29.0,46.0,30.0,28.0,42.0,38.0,40.0,31.0,42.0,34.0,26.0,33.0,48.0,35.0,31.0,31.0,33.0,24.0,54.0,30.0,31.0,33.0,28.0,24.0,42.0,27.0,36.0,41.0,30.0,40.0
37.0,29.0,25.0,26.0,23.0,20.0,29.0,31.0,34.0,34.0,31.0,29.0,30.0,27.0,29.0,29.0,25.0,19.0,29.0,17.0,20.0,30.0,26.0,25.0,24.0,25.0,31.0,32.0,25.0,22.0,31.0,33.0,29.0,19.0,28.0,20.0,23.0,35.0,22.0,33.0,22.0,23.0,39.0,19.0,21.0,27.0,33.0,27.0,26.0,33.0
33.0,28.0,32.0,40.0,44.0,40.0,40.0,36.0,36.0,38.0,33.0,42.0,32.0,32.0,32.0,33.0,38.0,27.0,38.0,43.0,38.0,23.0,36.0,30.0,30.0,37.0,32.0,27.0,20.0,37.0,36.0,34.0,40.0,30.0,38.0,32.0,37.0,23.0,35.0,34.0,32.0,31.0,40.0,44.0,39.0,28.0,39.0,40.0,38.0,43.0
23.0,28.0,23.0,43.0,27.0,28.0,30.0,25.0,28.0,22.0,21.0,22.0,34.0,19.0,33.0,26.0,34.0,33.0,33.0,22.0,41.0,29.0,27.0,20.0,29.0,31.0,24.0,26.0,31.0,30.0,28.0,25.0,26.0,24.0,23.0,27.0,26.0,30.0,19.0,27.0,25.0,26.0,23.0,26.0,24.0,30.0,28.0,19.0,28.0,20.0
