10,50,1000
16.498529,16.707101,16.515699,16.636319,19.17643,15.881083,15.735723,15.470929,17.252793,19.497927
8.019309,9.170916,8.063991,6.747752,6.786631,9.125239,6.217764,5.558228,8.093046,7.467207
0.0,10.0,20.0,30.0,40.0,50.0,60.0,70.0,80.0,90.0
10.0,0.0,10.0,20.0,30.0,40.0,50.0,60.0,70.0,80.0
20.0,10.0,0.0,10.0,20.0,30.0,40.0,50.0,60.0,70.0
30.0,20.0,10.0,0.0,10.0,20.0,30.0,40.0,50.0,60.0
40.0,30.0,20.0,10.0,0.0,10.0,20.0,30.0,40.0,50.0
50.0,40.0,30.0,20.0,10.0,0.0,10.0,20.0,30.0,40.0
60.0,50.0,40.0,30.0,20.0,10.0,0.0,10.0,20.0,30.0
70.0,60.0,50.0,40.0,30.0,20.0,10.0,0.0,10.0,20.0
80.0,70.0,60.0,50.0,40.0,30.0,20.0,10.0,0.0,10.0
90.0,80.0,70.0,60.0,50.0,40.0,30.0,20.0,10.0,0.0
450.0,400.0,350.0,300.0,250.0,250.0,300.0,350.0,400.0,450.0
0.0,1.0,2.0,3.0,4.0,5.0,6.0,7.0,8.0,9.0
1.0,0.0,1.0,2.0,3.0,4.0,5.0,6.0,7.0,8.0
2.0,1.0,0.0,1.0,2.0,3.0,4.0,5.0,6.0,7.0
3.0,2.0,1.0,0.0,1.0,2.0,3.0,4.0,5.0,6.0
4.0,3.0,2.0,1.0,0.0,1.0,2.0,3.0,4.0,5.0
5.0,4.0,3.0,2.0,1.0,0.0,1.0,2.0,3.0,4.0
6.0,5.0,4.0,3.0,2.0,1.0,0.0,1.0,2.0,3.0
7.0,6.0,5.0,4.0,3.0,2.0,1.0,0.0,1.0,2.0
8.0,7.0,6.0,5.0,4.0,3.0,2.0,1.0,0.0,1.0
9.0,8.0,7.0,6.0,5.0,4.0,3.0,2.0,1.0,0.0
45.0,40.0,35.0,30.0,25.0,25.0,30.0,35.0,40.0,45.0
27.0,32.0,26.0,30.0,38.0,40.0,26.0,29.0,38.0,30.0,26.0,34.0,25.0,25.0,37.0,23.0,28.0,35.0,24.0,30.0,30.0,32.0,32.0,28.0,37.0,23.0,27.0,38.0,24.0,21.0,37.0,27.0,36.0,31.0,35.0,29.0,36.0,29.0,36.0,26.0,26.0,31.0,31.0,23.0,33.0,24.0,37.0,33.0,34.0,31.0
20.0,39.0,39.0,24.0,32.0,36.0,28.0,43.0,50.0,35.0,38.0,30.0,24.0,30.0,44.0,42.0,30.0,32.0,32.0,34.0,32.0,35.0,46.0,32.0,40.0,30.0,40.0,29.0,32.0,29.0,30.0,36.0,24.0,34.0,37.0,35.0,32.0,41.0,31.0,30.0,32.0,40.0,32.0,37.0,34.0,27.0,31.0,34.0,47.0,31.0
27.0,21.0,35.0,27.0,31.0,33.0,30.0,30.0,48.0,38.0,20.0,36.0,32.0,40.0,26.0,35.0,27.0,35.0,25.0,23.0,32.0,36.0,31.0,26.0,23.0,30.0,31.0,34.0,30.0,31.0,40.0,29.0,21.0,35.0,22.0,22.0,36.0,29.0,30.0,18.0,31.0,21.0,25.0,35.0,28.0,26.0,24.0,37.0,36.0,30.0
17.0,22.0,22.0,27.0,32.0,32.0,20.0,39.0,29.0,25.0,18.0,27.0,27.0,15.0,34.0,29.0,25.0,29.0,23.0,35.0,27.0,20.0,25.0,24.0,28.0,26.0,32.0,26.0,25.0,28.0,34.0,32.0,30.0,28.0,26.0,29.0,30.0,22.0,21.0,26.0,38.0,28.0,23.0,33.0,23.0,33.0,27.0,24.0,21.0,27.0
26.0,34.0,34.0,28.0,26.0,21.0,27.0,29.0,21.0,37.0,29.0,15.0,29.0,28.0,26.0,28.0,21.0,25.0,28.0,19.0,22.0,23.0,27.0,31.0,21.0,28.0,25.0,26.0,26.0,30.0,21.0,29.0,30.0,26.0,25.0,22.0,20.0,24.0,21.0,18.0,26.0,25.0,30.0,26.0,19.0,24.0,18.0,30.0,46.0,31.0
31.0,31.0,26.0,29.0,31.0,33.0,32.0,31.0,29.0,28.0,30.0,34.0,40.0,20.0,30.0,36.0,36.0,40.0,33.0,35.0,36.0,38.0,35.0,25.0,25.0,30.0,32.0,33.0,28.0,30.0,38.0,47.0,30.0,20.0,28.0,21.0,30.0,21.0,27.0,25.0,35.0,35.0,31.0,32.0,43.0,38.0,35.0,25.0,24.0,36.0
23.0,20.0,24.0,22.0,25.0,27.0,19.0,27.0,14.0,29.0,34.0,19.0,25.0,20.0,20.0,23.0,25.0,25.0,17.0,28.0,23.0,21.0,32.0,24.0,20.0,21.0,20.0,19.0,27.0,19.0,28.0,27.0,21.0,25.0,21.0,24.0,26.0,29.0,27.0,22.0,25.0,18.0,26.0,29.0,19.0,24.0,23.0,16.0,28.0,21.0
29.0,18.0,13.0,22.0,15.0,21.0,18.0,29.0,23.0,27.0,30.0,24.0,20.0,10.0,26.0,28.0,19.0,30.0,28.0,21.0,15.0,21.0,22.0,13.0,21.0,31.0,16.0,23.0,21.0,30.0,20.0,25.0,22.0,29.0,14.0,21.0,23.0,23.0,19.0,19.0,21.0,28.0,16.0,20.0,20.0,14.0,21.0,30.0,23.0,25.0
33.0,27.0,24.0,33.0,47.0,30.0,34.0,29.0,32.0,34.0,31.0,34.0,30.0,27.0,27.0,28.0,25.0,27.0,19.0,28.0,29.0,35.0,32.0,42.0,41.0,35.0,42.0,20.0,28.0,30.0,28.0,27.0,31.0,25.0,18.0,34.0,29.0,28.0,27.0,34.0,30.0,33.0,28.0,31.0,30.0,35.0,33.0,30.0,29.0,35.0
32.0,28.0,26.0,21.0,26.0,22.0,29.0,27.0,19.0,28.0,35.0,30.0,25.0,37.0,37.0,30.0,30.0,34.0,40.0,23.0,30.0,29.0,25.0,36.0,33.0,34.0,23.0,33.0,22.0,24.0,30.0,24.0,31.0,31.0,41.0,28.0,38.0,19.0,37.0,29.0,33.0,40.0,24.0,18.0,32.0,26.0,27.0,31.0,30.0,35.0
