10,50,1000
18.114291,19.266123,17.896696,18.942771,16.637943,16.666346,18.518763,19.361486,15.454624,18.946204
7.990512,6.201375,5.649918,5.527007,6.12904,7.31026,9.290097,6.180759,5.452892,7.228687
0.0,10.0,20.0,30.0,40.0,50.0,60.0,70.0,80.0,90.0
10.0,0.0,10.0,20.0,30.0,40.0,50.0,60.0,70.0,80.0
20.0,10.0,0.0,10.0,20.0,30.0,40.0,50.0,60.0,70.0
30.0,20.0,10.0,0.0,10.0,20.0,30.0,40.0,50.0,60.0
40.0,30.0,20.0,10.0,0.0,10.0,20.0,30.0,40.0,50.0
50.0,40.0,30.0,20.0,10.0,0.0,10.0,20.0,30.0,40.0
60.0,50.0,40.0,30.0,20.0,10.0,0.0,10.0,20.0,30.0
70.0,60.0,50.0,40.0,30.0,20.0,10.0,0.0,10.0,20.0
80.0,70.0,60.0,50.0,40.0,30.0,20.0,10.0,0.0,10.0
90.0,80.0,70.0,60.0,50.0,40.0,30.0,20.0,10.0,0.0
450.0,400.0,350.0,300.0,250.0,250.0,300.0,350.0,400.0,450.0
0.0,1.0,2.0,3.0,4.0,5.0,6.0,7.0,8.0,9.0
1.0,0.0,1.0,2.0,3.0,4.0,5.0,6.0,7.0,8.0
2.0,1.0,0.0,1.0,2.0,3.0,4.0,5.0,6.0,7.0
3.0,2.0,1.0,0.0,1.0,2.0,3.0,4.0,5.0,6.0
4.0,3.0,2.0,1.0,0.0,1.0,2.0,3.0,4.0,5.0
5.0,4.0,3.0,2.0,1.0,0.0,1.0,2.0,3.0,4.0
6.0,5.0,4.0,3.0,2.0,1.0,0.0,1.0,2.0,3.0
7.0,6.0,5.0,4.0,3.0,2.0,1.0,0.0,1.0,2.0
8.0,7.0,6.0,5.0,4.0,3.0,2.0,1.0,0.0,1.0
9.0,8.0,7.0,6.0,5.0,4.0,3.0,2.0,1.0,0.0
45.0,40.0,35.0,30.0,25.0,25.0,30.0,35.0,40.0,45.0
33.0,33.0,30.0,32.0,22.0,26.0,28.0,32.0,32.0,15.0,27.0,31.0,23.0,36.0,37.0,30.0,22.0,23.0,30.0,31.0,31.0,50.0,32.0,38.0,23.0,30.0,33.0,24.0,20.0,24.0,34.0,34.0,25.0,33.0,33.0,32.0,27.0,22.0,30.0,38.0,28.0,30.0,30.0,31.0,32.0,28.0,33.0,35.0,32.0,27.0
21.0,33.0,18.0,31.0,29.0,30.0,32.0,17.0,19.0,33.0,42.0,25.0,27.0,20.0,34.0,23.0,24.0,24.0,19.0,23.0,23.0,25.0,24.0,26.0,21.0,27.0,25.0,30.0,34.0,28.0,19.0,25.0,20.0,25.0,27.0,28.0,23.0,27.0,25.0,22.0,24.0,25.0,16.0,14.0,29.0,19.0,28.0,22.0,19.0,28.0
20.0,23.0,20.0,20.0,22.0,25.0,26.0,30.0,25.0,15.0,25.0,22.0,32.0,24.0,22.0,24.0,24.0,22.0,25.0,23.0,23.0,26.0,24.0,13.0,29.0,27.0,19.0,19.0,24.0,18.0,22.0,31.0,32.0,20.0,21.0,18.0,15.0,31.0,30.0,32.0,27.0,19.0,25.0,20.0,16.0,17.0,30.0,28.0,14.0,27.0
22.0,29.0,27.0,19.0,25.0,23.0,28.0,24.0,15.0,20.0,28.0,27.0,19.0,20.0,27.0,21.0,23.0,28.0,30.0,27.0,23.0,19.0,26.0,23.0,25.0,19.0,21.0,22.0,21.0,28.0,20.0,28.0,17.0,30.0,16.0,31.0,31.0,27.0,22.0,20.0,35.0,20.0,27.0,23.0,27.0,27.0,20.0,27.0,29.0,21.0
25.0,22.0,26.0,16.0,20.0,26.0,21.0,26.0,29.0,29.0,23.0,29.0,22.0,27.0,28.0,32.0,24.0,24.0,20.0,18.0,15.0,27.0,24.0,23.0,23.0,22.0,23.0,23.0,27.0,18.0,18.0,18.0,21.0,28.0,19.0,22.0,22.0,21.0,22.0,19.0,22.0,21.0,28.0,23.0,23.0,31.0,27.0,28.0,16.0,19.0
23.0,28.0,21.0,26.0,33.0,25.0,29.0,23.0,24.0,25.0,21.0,20.0,21.0,20.0,27.0,16.0,24.0,30.0,18.0,30.0,32.0,32.0,29.0,26.0,29.0,18.0,30.0,28.0,37.0,30.0,33.0,30.0,23.0,30.0,30.0,28.0,35.0,33.0,26.0,26.0,26.0,27.0,20.0,28.0,23.0,24.0,28.0,36.0,34.0,33.0
36.0,29.0,41.0,26.0,37.0,33.0,46.0,32.0,37.0,42.0,23.0,41.0,24.0,41.0,32.0,36.0,33.0,29.0,37.0,30.0,41.0,31.0,40.0,23.0,27.0,29.0,27.0,32.0,31.0,38.0,27.0,33.0,35.0,43.0,48.0,37.0,32.0,45.0,38.0,40.0,31.0,42.0,41.0,34.0,35.0,29.0,20.0,25.0,25.0,29.0
22.0,14.0,21.0,26.0,37.0,26.0,16.0,29.0,30.0,24.0,27.0,22.0,24.0,27.0,27.0,26.0,26.0,28.0,26.0,22.0,28.0,22.0,28.0,29.0,31.0,26.0,23.0,23.0,30.0,14.0,23.0,20.0,20.0,32.0,24.0,26.0,27.0,28.0,24.0,23.0,28.0,22.0,34.0,21.0,29.0,28.0,19.0,23.0,24.0,21.0
18.0,26.0,13.0,23.0,24.0,24.0,26.0,28.0,28.0,21.0,17.0,25.0,20.0,25.0,19.0,30.0,22.0,28.0,20.0,32.0,26.0,14.0,23.0,20.0,27.0,24.0,23.0,19.0,25.0,29.0,15.0,14.0,18.0,14.0,18.0,18.0,23.0,18.0,18.0,25.0,20.0,21.0,22.0,25.0,19.0,26.0,18.0,21.0,18.0,26.0
30.0,16.0,28.0,24.0,27.0,31.0,24.0,27.0,31.0,28.0,36.0,30.0,23.0,31.0,35.0,31.0,25.0,37.0,26.0,36.0,35.0,25.0,32.0,30.0,25.0,27.0,36.0,26.0,28.0,29.0,27.0,30.0,36.0,26.0,25.0,28.0,39.0,29.0,33.0,31.0,24.0,27.0,28.0,31.0,26.0,35.0,31.0,22.0,31.0,43.0
