10,50,1000
18.839763,15.781311,18.548743,19.968183,15.51081,16.0773,18.738418,15.564235,19.456683,16.038682
6.184244,6.489178,9.810269,8.822078,7.737831,9.106208,5.933966,9.922229,8.862635,5.278384
0.0,10.0,20.0,30.0,40.0,50.0,60.0,70.0,80.0,90.0
10.0,0.0,10.0,20.0,30.0,40.0,50.0,60.0,70.0,80.0
20.0,10.0,0.0,10.0,20.0,30.0,40.0,50.0,60.0,70.0
30.0,20.0,10.0,0.0,10.0,20.0,30.0,40.0,50.0,60.0
40.0,30.0,20.0,10.0,0.0,10.0,20.0,30.0,40.0,50.0
50.0,40.0,30.0,20.0,10.0,0.0,10.0,20.0,30.0,40.0
60.0,50.0,40.0,30.0,20.0,10.0,0.0,10.0,20.0,30.0
70.0,60.0,50.0,40.0,30.0,20.0,10.0,0.0,10.0,20.0
80.0,70.0,60.0,50.0,40.0,30.0,20.0,10.0,0.0,10.0
90.0,80.0,70.0,60.0,50.0,40.0,30.0,20.0,10.0,0.0
450.0,400.0,350.0,300.0,250.0,250.0,300.0,350.0,400.0,450.0
0.0,1.0,2.0,3.0,4.0,5.0,6.0,7.0,8.0,9.0
1.0,0.0,1.0,2.0,3.0,4.0,5.0,6.0,7.0,8.0
2.0,1.0,0.0,1.0,2.0,3.0,4.0,5.0,6.0,7.0
3.0,2.0,1.0,0.0,1.0,2.0,3.0,4.0,5.0,6.0
4.0,3.0,2.0,1.0,0.0,1.0,2.0,3.0,4.0,5.0
5.0,4.0,3.0,2.0,1.0,0.0,1.0,2.0,3.0,4.0
6.0,5.0,4.0,3.0,2.0,1.0,0.0,1.0,2.0,3.0
7.0,6.0,5.0,4.0,3.0,2.0,1.0,0.0,1.0,2.0
8.0,7.0,6.0,5.0,4.0,3.0,2.0,1.0,0.0,1.0
9.0,8.0,7.0,6.0,5.0,4.0,3.0,2.0,1.0,0.0
45.0,40.0,35.0,30.0,25.0,25.0,30.0,35.0,40.0,45.0
35.0,31.0,21.0,33.0,27.0,26.0,18.0,26.0,27.0,32.0,20.0,24.0,24.0,20.0,27.0,17.0,17.0,26.0,24.0,25.0,34.0,27.0,33.0,24.0,34.0,18.0,29.0,22.0,32.0,26.0,15.0,19.0,27.0,21.0,22.0,28.0,31.0,25.0,27.0,22.0,20.0,19.0,25.0,29.0,32.0,17.0,22.0,26.0,29.0,17.0
19.0,23.0,17.0,25.0,19.0,29.0,23.0,20.0,19.0,33.0,18.0,19.0,21.0,25.0,25.0,20.0,32.0,19.0,22.0,24.0,14.0,35.0,17.0,22.0,25.0,23.0,26.0,16.0,25.0,22.0,28.0,28.0,26.0,39.0,35.0,23.0,20.0,27.0,26.0,24.0,24.0,22.0,31.0,35.0,23.0,24.0,20.0,22.0,20.0,42.0
31.0,42.0,28.0,33.0,23.0,44.0,31.0,40.0,39.0,25.0,32.0,37.0,30.0,28.0,29.0,47.0,42.0,37.0,44.0,52.0,43.0,30.0,21.0,29.0,48.0,29.0,33.0,36.0,43.0,39.0,26.0,28.0,36.0,24.0,39.0,41.0,47.0,39.0,34.0,36.0,42.0,31.0,40.0,46.0,33.0,34.0,36.0,37.0,32.0,30.0
32.0,42.0,44.0,31.0,36.0,36.0,37.0,26.0,32.0,34.0,34.0,30.0,38.0,25.0,34.0,20.0,37.0,37.0,48.0,31.0,29.0,42.0,30.0,41.0,36.0,34.0,30.0,34.0,28.0,32.0,42.0,51.0,32.0,28.0,26.0,26.0,29.0,29.0,27.0,25.0,38.0,45.0,31.0,26.0,36.0,34.0,38.0,27.0,34.0,34.0
32.0,19.0,25.0,31.0,21.0,28.0,31.0,17.0,37.0,32.0,31.0,28.0,30.0,23.0,26.0,33.0,39.0,32.0,29.0,26.0,29.0,33.0,35.0,30.0,21.0,33.0,32.0,33.0,24.0,30.0,34.0,21.0,23.0,29.0,29.0,27.0,37.0,39.0,29.0,24.0,22.0,22.0,30.0,32.0,32.0,42.0,23.0,30.0,29.0,28.0
27.0,35.0,46.0,33.0,40.0,35.0,38.0,35.0,37.0,36.0,30.0,25.0,34.0,32.0,29.0,29.0,41.0,19.0,38.0,20.0,25.0,28.0,37.0,34.0,21.0,26.0,24.0,34.0,29.0,37.0,30.0,31.0,33.0,32.0,34.0,35.0,31.0,32.0,34.0,36.0,36.0,37.0,31.0,42.0,41.0,39.0,28.0,30.0,36.0,22.0
30.0,16.0,22.0,29.0,24.0,26.0,15.0,31.0,21.0,27.0,44.0,13.0,31.0,25.0,26.0,25.0,25.0,20.0,23.0,16.0,18.0,28.0,28.0,25.0,28.0,21.0,24.0,22.0,30.0,41.0,26.0,15.0,21.0,26.0,23.0,18.0,32.0,31.0,27.0,21.0,21.0,30.0,22.0,28.0,27.0,19.0,33.0,26.0,23.0,30.0
27.0,31.0,38.0,27.0,39.0,32.0,25.0,44.0,52.0,34.0,34.0,37.0,37.0,41.0,35.0,26.0,40.0,63.0,28.0,40.0,44.0,42.0,30.0,33.0,45.0,30.0,27.0,38.0,36.0,30.0,30.0,49.0,34.0,44.0,38.0,36.0,36.0,35.0,31.0,39.0,37.0,50.0,38.0,39.0,42.0,43.0,40.0,41.0,37.0,42.0
36.0,15.0,33.0,31.0,36.0,32.0,40.0,29.0,36.0,34.0,47.0,42.0,47.0,28.0,31.0,48.0,41.0,32.0,30.0,35.0,31.0,28.0,35.0,40.0,26.0,40.0,37.0,27.0,28.0,43.0,38.0,34.0,29.0,29.0,33.0,41.0,34.0,39.0,39.0,34.0,40.0,34.0,21.0,36.0,34.0,28.0,39.0,29.0,28.0,47.0
23.0,26.0,23.0,20.0,27.0,22.0,17.0,18.0,15.0,23.0,19.0,10.0,19.0,19.0,19.0,19.0,15.0,16.0,11.0,21.0,22.0,21.0,14.0,33.0,22.0,22.0,34.0,16.0,25.0,20.0,20.0,14.0,19.0,20.0,25.0,14.0,28.0,26.0,28.0,21.0,21.0,18.0,21.0,25.0,20.0,25.0,27.0,20.0,17.0,13.0
