10,50,1000
18.000826,16.22801,16.104357,17.19845,17.642399,15.238238,18.662833,18.699207,16.751223,15.658329
9.973549,5.096715,5.358801,8.713271,9.282616,9.994706,7.514069,9.953686,5.470391,6.935702
0.0,10.0,20.0,30.0,40.0,50.0,60.0,70.0,80.0,90.0
10.0,0.0,10.0,20.0,30.0,40.0,50.0,60.0,70.0,80.0
20.0,10.0,0.0,10.0,20.0,30.0,40.0,50.0,60.0,70.0
30.0,20.0,10.0,0.0,10.0,20.0,30.0,40.0,50.0,60.0
40.0,30.0,20.0,10.0,0.0,10.0,20.0,30.0,40.0,50.0
50.0,40.0,30.0,20.0,10.0,0.0,10.0,20.0,30.0,40.0
60.0,50.0,40.0,30.0,20.0,10.0,0.0,10.0,20.0,30.0
70.0,60.0,50.0,40.0,30.0,20.0,10.0,0.0,10.0,20.0
80.0,70.0,60.0,50.0,40.0,30.0,20.0,10.0,0.0,10.0
90.0,80.0,70.0,60.0,50.0,40.0,30.0,20.0,10.0,0.0
450.0,400.0,350.0,300.0,250.0,250.0,300.0,350.0,400.0,450.0
0.0,1.0,2.0,3.0,4.0,5.0,6.0,7.0,8.0,9.0
1.0,0.0,1.0,2.0,3.0,4.0,5.0,6.0,7.0,8.0
2.0,1.0,0.0,1.0,2.0,3.0,4.0,5.0,6.0,7.0
3.0,2.0,1.0,0.0,1.0,2.0,3.0,4.0,5.0,6.0
4.0,3.0,2.0,1.0,0.0,1.0,2.0,3.0,4.0,5.0
5.0,4.0,3.0,2.0,1.0,0.0,1.0,2.0,3.0,4.0
6.0,5.0,4.0,3.0,2.0,1.0,0.0,1.0,2.0,3.0
7.0,6.0,5.0,4.0,3.0,2.0,1.0,0.0,1.0,2.0
8.0,7.0,6.0,5.0,4.0,3.0,2.0,1.0,0.0,1.0
9.0,8.0,7.0,6.0,5.0,4.0,3.0,2.0,1.0,0.0
45.0,40.0,35.0,30.0,25.0,25.0,30.0,35.0,40.0,45.0
39.0,39.0,36.0,34.0,29.0,29.0,31.0,32.0,47.0,39.0,48.0,33.0,30.0,43.0,35.0,40.0,43.0,42.0,34.0,36.0,34.0,34.0,35.0,33.0,40.0,34.0,37.0,33.0,25.0,28.0,34.0,39.0,30.0,29.0,44.0,34.0,28.0,36.0,40.0,37.0,43.0,32.0,27.0,46.0,33.0,41.0,37.0,41.0,28.0,34.0
22.0,16.0,23.0,22.0,21.0,20.0,22.0,28.0,22.0,18.0,18.0,27.0,18.0,22.0,16.0,19.0,16.0,16.0,22.0,20.0,23.0,27.0,27.0,22.0,15.0,18.0,17.0,24.0,24.0,25.0,23.0,23.0,18.0,30.0,18.0,27.0,21.0,16.0,21.0,14.0,32.0,12.0,21.0,30.0,18.0,29.0,20.0,20.0,19.0,25.0
29.0,31.0,26.0,32.0,20.0,20.0,18.0,22.0,16.0,28.0,26.0,16.0,22.0,17.0,24.0,33.0,26.0,16.0,21.0,21.0,27.0,20.0,20.0,18.0,26.0,27.0,24.0,13.0,21.0,30.0,22.0,29.0,18.0,21.0,22.0,28.0,17.0,18.0,14.0,24.0,23.0,14.0,30.0,29.0,22.0,18.0,19.0,20.0,21.0,33.0
31.0,34.0,33.0,32.0,40.0,36.0,31.0,39.0,33.0,32.0,31.0,28.0,42.0,36.0,29.0,31.0,27.0,31.0,39.0,32.0,37.0,31.0,30.0,37.0,42.0,22.0,42.0,31.0,31.0,29.0,30.0,32.0,39.0,38.0,42.0,37.0,24.0,33.0,38.0,34.0,34.0,36.0,20.0,25.0,38.0,26.0,29.0,39.0,38.0,30.0
36.0,31.0,28.0,37.0,41.0,33.0,36.0,33.0,38.0,50.0,43.0,30.0,28.0,37.0,44.0,35.0,26.0,39.0,32.0,38.0,29.0,39.0,33.0,40.0,38.0,35.0,25.0,24.0,31.0,42.0,37.0,36.0,26.0,31.0,38.0,29.0,26.0,26.0,30.0,44.0,29.0,36.0,43.0,40.0,37.0,26.0,30.0,33.0,33.0,26.0
25.0,41.0,39.0,36.0,42.0,38.0,33.0,29.0,33.0,47.0,35.0,29.0,40.0,34.0,33.0,41.0,35.0,52.0,34.0,34.0,36.0,44.0,38.0,44.0,35.0,31.0,32.0,34.0,38.0,45.0,38.0,36.0,35.0,44.0,34.0,35.0,36.0,37.0,38.0,38.0,39.0,33.0,38.0,33.0,37.0,34.0,37.0,25.0,37.0,43.0
27.0,22.0,37.0,25.0,36.0,23.0,31.0,33.0,22.0,26.0,24.0,35.0,29.0,27.0,29.0,24.0,31.0,24.0,23.0,44.0,29.0,30.0,28.0,24.0,23.0,42.0,29.0,29.0,33.0,23.0,30.0,34.0,39.0,33.0,34.0,29.0,30.0,34.0,24.0,28.0,30.0,25.0,26.0,31.0,26.0,27.0,33.0,30.0,25.0,33.0
51.0,43.0,39.0,38.0,35.0,22.0,40.0,43.0,38.0,43.0,28.0,43.0,34.0,37.0,27.0,32.0,23.0,48.0,49.0,37.0,33.0,38.0,29.0,46.0,48.0,45.0,37.0,44.0,41.0,40.0,37.0,42.0,39.0,39.0,44.0,31.0,36.0,39.0,39.0,42.0,36.0,47.0,34.0,37.0,41.0,45.0,43.0,42.0,47.0,37.0
12.0,35.0,29.0,28.0,22.0,21.0,27.0,18.0,22.0,28.0,20.0,23.0,24.0,27.0,17.0,24.0,24.0,19.0,21.0,27.0,16.0,20.0,26.0,18.0,19.0,22.0,21.0,21.0,30.0,17.0,27.0,15.0,22.0,31.0,23.0,17.0,21.0,18.0,20.0,26.0,13.0,20.0,22.0,22.0,27.0,22.0,23.0,17.0,27.0,18.0
24.0,34.0,23.0,33.0,28.0,26.0,29.0,29.0,28.0,31.0,27.0,24.0,25.0,32.0,27.0,22.0,30.0,18.0,20.0,33.0,27.0,28.0,23.0,22.0,26.0,23.0,24.0,32.0,26.0,26.0,27.0,29.0,28.0,30.0,25.0,29.0,22.0,25.0,15.0,24.0,25.0,24.0,31.0,23.0,22.0,17.0,30.0,32.0,17.0,35.0
