10,50,1000
15.346466,19.579151,19.577242,19.842371,15.536242,17.829754,19.774969,17.046559,19.903291,15.261589
5.332624,7.063101,8.969193,8.038089,5.982237,8.201322,9.698012,6.062598,8.712775,7.900272
0.0,10.0,20.0,30.0,40.0,50.0,60.0,70.0,80.0,90.0
10.0,0.0,10.0,20.0,30.0,40.0,50.0,60.0,70.0,80.0
20.0,10.0,0.0,10.0,20.0,30.0,40.0,50.0,60.0,70.0
30.0,20.0,10.0,0.0,10.0,20.0,30.0,40.0,50.0,60.0
40.0,30.0,20.0,10.0,0.0,10.0,20.0,30.0,40.0,50.0
50.0,40.0,30.0,20.0,10.0,0.0,10.0,20.0,30.0,40.0
60.0,50.0,40.0,30.0,20.0,10.0,0.0,10.0,20.0,30.0
70.0,60.0,50.0,40.0,30.0,20.0,10.0,0.0,10.0,20.0
80.0,70.0,60.0,50.0,40.0,30.0,20.0,10.0,0.0,10.0
90.0,80.0,70.0,60.0,50.0,40.0,30.0,20.0,10.0,0.0
450.0,400.0,350.0,300.0,250.0,250.0,300.0,350.0,400.0,450.0
0.0,1.0,2.0,3.0,4.0,5.0,6.0,7.0,8.0,9.0
1.0,0.0,1.0,2.0,3.0,4.0,5.0,6.0,7.0,8.0
2.0,1.0,0.0,1.0,2.0,3.0,4.0,5.0,6.0,7.0
3.0,2.0,1.0,0.0,1.0,2.0,3.0,4.0,5.0,6.0
4.0,3.0,2.0,1.0,0.0,1.0,2.0,3.0,4.0,5.0
5.0,4.0,3.0,2.0,1.0,0.0,1.0,2.0,3.0,4.0
6.0,5.0,4.0,3.0,2.0,1.0,0.0,1.0,2.0,3.0
7.0,6.0,5.0,4.0,3.0,2.0,1.0,0.0,1.0,2.0
8.0,7.0,6.0,5.0,4.0,3.0,2.0,1.0,0.0,1.0
9.0,8.0,7.0,6.0,5.0,4.0,3.0,2.0,1.0,0.0
45.0,40.0,35.0,30.0,25.0,25.0,30.0,35.0,40.0,45.0
21.0,19.0,22.0,14.0,20.0,26.0,22.0,28.0,27.0,28.0,22.0,20.0,9.0,29.0,21.0,27.0,22.0,25.0,26.0,17.0,13.0,25.0,16.0,17.0,25.0,20.0,20.0,20.0,20.0,33.0,18.0,24.0,21.0,25.0,23.0,11.0,27.0,25.0,27.0,21.0,22.0,14.0,26.0,29.0,29.0,15.0,17.0,24.0,25.0,27.0
33.0,31.0,30.0,32.0,31.0,37.0,40.0,30.0,29.0,22.0,26.0,22.0,30.0,27.0,32.0,31.0,23.0,32.0,22.0,31.0,22.0,27.0,24.0,23.0,17.0,26.0,28.0,34.0,23.0,27.0,31.0,24.0,35.0,22.0,30.0,25.0,26.0,18.0,28.0,30.0,28.0,28.0,32.0,28.0,23.0,21.0,31.0,34.0,28.0,28.0
44.0,36.0,38.0,44.0,36.0,37.0,37.0,30.0,39.0,36.0,28.0,35.0,30.0,46.0,34.0,33.0,34.0,28.0,30.0,35.0,28.0,37.0,29.0,34.0,33.0,26.0,30.0,32.0,35.0,39.0,42.0,32.0,34.0,34.0,45.0,33.0,26.0,38.0,36.0,35.0,34.0,37.0,37.0,32.0,41.0,40.0,35.0,25.0,40.0,35.0
30.0,34.0,34.0,27.0,31.0,23.0,31.0,30.0,23.0,30.0,32.0,32.0,21.0,23.0,28.0,32.0,26.0,28.0,39.0,19.0,25.0,30.0,31.0,33.0,36.0,29.0,39.0,45.0,24.0,32.0,25.0,26.0,24.0,31.0,30.0,37.0,32.0,30.0,26.0,33.0,29.0,32.0,32.0,19.0,37.0,32.0,30.0,40.0,36.0,25.0
25.0,21.0,23.0,23.0,23.0,29.0,23.0,24.0,31.0,33.0,26.0,24.0,28.0,23.0,28.0,22.0,15.0,27.0,22.0,23.0,26.0,31.0,21.0,34.0,18.0,23.0,27.0,23.0,23.0,30.0,12.0,24.0,23.0,19.0,26.0,28.0,34.0,25.0,31.0,21.0,22.0,26.0,27.0,21.0,28.0,26.0,25.0,22.0,24.0,31.0
32.0,31.0,37.0,26.0,29.0,27.0,38.0,31.0,36.0,39.0,34.0,30.0,23.0,30.0,38.0,38.0,30.0,31.0,36.0,28.0,32.0,30.0,35.0,28.0,33.0,30.0,19.0,23.0,31.0,34.0,24.0,32.0,18.0,33.0,28.0,30.0,27.0,26.0,28.0,41.0,35.0,24.0,24.0,30.0,25.0,36.0,37.0,36.0,29.0,31.0
33.0,33.0,40.0,37.0,36.0,26.0,35.0,43.0,28.0,41.0,44.0,34.0,37.0,33.0,37.0,43.0,45.0,26.0,24.0,35.0,32.0,37.0,40.0,40.0,45.0,28.0,32.0,36.0,29.0,37.0,35.0,41.0,40.0,49.0,27.0,40.0,38.0,50.0,27.0,24.0,42.0,44.0,36.0,34.0,40.0,34.0,28.0,32.0,35.0,40.0
26.0,23.0,38.0,25.0,17.0,23.0,13.0,25.0,18.0,17.0,17.0,17.0,21.0,24.0,38.0,22.0,20.0,28.0,33.0,38.0,25.0,21.0,23.0,23.0,21.0,23.0,34.0,24.0,21.0,23.0,30.0,20.0,18.0,15.0,28.0,22.0,28.0,32.0,22.0,20.0,25.0,18.0,29.0,33.0,27.0,25.0,27.0,27.0,20.0,28.0
26.0,38.0,42.0,31.0,27.0,30.0,44.0,29.0,27.0,35.0,33.0,35.0,32.0,37.0,33.0,43.0,29.0,30.0,30.0,32.0,30.0,28.0,30.0,30.0,23.0,33.0,39.0,30.0,38.0,34.0,31.0,35.0,36.0,29.0,31.0,27.0,38.0,34.0,39.0,41.0,36.0,45.0,28.0,34.0,23.0,37.0,40.0,38.0,33.0,33.0
28.0,43.0,24.0,32.0,28.0,39.0,29.0,30.0,27.0,16.0,24.0,33.0,44.0,25.0,33.0,28.0,23.0,35.0,24.0,29.0,34.0,30.0,42.0,35.0,27.0,39.0,34.0,24.0,23.0,37.0,32.0,39.0,24.0,32.0,33.0,25.0,29.0,32.0,34.0,38.0,27.0,31.0,21.0,31.0,31.0,34.0,34.0,31.0,26.0,17.0
