10,50,1000
15.483801,19.482227,15.691988,19.138998,16.075722,16.556778,17.208951,15.276749,15.072455,19.458887
6.964079,8.258286,9.502677,7.160054,6.007086,7.260283,5.573333,7.432954,9.455274,5.101314
0.0,10.0,20.0,30.0,40.0,50.0,60.0,70.0,80.0,90.0
10.0,0.0,10.0,20.0,30.0,40.0,50.0,60.0,70.0,80.0
20.0,10.0,0.0,10.0,20.0,30.0,40.0,50.0,60.0,70.0
30.0,20.0,10.0,0.0,10.0,20.0,30.0,40.0,50.0,60.0
40.0,30.0,20.0,10.0,0.0,10.0,20.0,30.0,40.0,50.0
50.0,40.0,30.0,20.0,10.0,0.0,10.0,20.0,30.0,40.0
60.0,50.0,40.0,30.0,20.0,10.0,0.0,10.0,20.0,30.0
70.0,60.0,50.0,40.0,30.0,20.0,10.0,0.0,10.0,20.0
80.0,70.0,60.0,50.0,40.0,30.0,20.0,10.0,0.0,10.0
90.0,80.0,70.0,60.0,50.0,40.0,30.0,20.0,10.0,0.0
450.0,400.0,350.0,300.0,250.0,250.0,300.0,350.0,400.0,450.0
0.0,1.0,2.0,3.0,4.0,5.0,6.0,7.0,8.0,9.0
1.0,0.0,1.0,2.0,3.0,4.0,5.0,6.0,7.0,8.0
2.0,1.0,0.0,1.0,2.0,3.0,4.0,5.0,6.0,7.0
3.0,2.0,1.0,0.0,1.0,2.0,3.0,4.0,5.0,6.0
4.0,3.0,2.0,1.0,0.0,1.0,2.0,3.0,4.0,5.0
5.0,4.0,3.0,2.0,1.0,0.0,1.0,2.0,3.0,4.0
6.0,5.0,4.0,3.0,2.0,1.0,0.0,1.0,2.0,3.0
7.0,6.0,5.0,4.0,3.0,2.0,1.0,0.0,1.0,2.0
8.0,7.0,6.0,5.0,4.0,3.0,2.0,1.0,0.0,1.0
9.0,8.0,7.0,6.0,5.0,4.0,3.0,2.0,1.0,0.0
45.0,40.0,35.0,30.0,25.0,25.0,30.0,35.0,40.0,45.0
27.0,29.0,22.0,31.0,35.0,33.0,34.0,33.0,23.0,27.0,30.0,32.0,16.0,27.0,29.0,25.0,20.0,20.0,38.0,19.0,26.0,29.0,36.0,30.0,36.0,17.0,25.0,21.0,29.0,24.0,31.0,35.0,28.0,33.0,32.0,24.0,24.0,30.0,23.0,16.0,26.0,30.0,23.0,26.0,27.0,25.0,27.0,26.0,23.0,38.0
29.0,43.0,41.0,37.0,37.0,37.0,25.0,35.0,34.0,36.0,39.0,29.0,29.0,34.0,35.0,42.0,35.0,23.0,37.0,25.0,28.0,20.0,25.0,40.0,28.0,31.0,26.0,30.0,31.0,39.0,34.0,26.0,26.0,37.0,30.0,39.0,27.0,26.0,22.0,37.0,31.0,28.0,33.0,40.0,33.0,35.0,30.0,25.0,33.0,29.0
26.0,38.0,48.0,36.0,39.0,37.0,35.0,25.0,27.0,38.0,35.0,53.0,34.0,41.0,41.0,28.0,46.0,32.0,45.0,32.0,38.0,29.0,31.0,28.0,35.0,32.0,26.0,34.0,38.0,29.0,35.0,36.0,45.0,34.0,38.0,41.0,24.0,47.0,40.0,32.0,25.0,33.0,39.0,25.0,38.0,35.0,33.0,34.0,44.0,37.0
28.0,33.0,32.0,30.0,26.0,28.0,25.0,27.0,19.0,29.0,20.0,29.0,24.0,33.0,35.0,33.0,27.0,21.0,34.0,29.0,29.0,21.0,33.0,25.0,17.0,34.0,34.0,25.0,22.0,35.0,28.0,23.0,25.0,27.0,28.0,25.0,25.0,35.0,27.0,30.0,29.0,38.0,33.0,29.0,30.0,27.0,41.0,24.0,22.0,22.0
21.0,26.0,27.0,24.0,29.0,21.0,27.0,25.0,28.0,24.0,31.0,32.0,19.0,30.0,27.0,21.0,32.0,29.0,27.0,31.0,27.0,25.0,28.0,40.0,22.0,16.0,25.0,29.0,22.0,32.0,28.0,25.0,34.0,32.0,22.0,29.0,17.0,20.0,31.0,19.0,25.0,29.0,29.0,18.0,32.0,23.0,18.0,23.0,28.0,24.0
26.0,37.0,21.0,25.0,21.0,29.0,40.0,37.0,25.0,30.0,37.0,28.0,37.0,39.0,32.0,23.0,20.0,33.0,32.0,33.0,29.0,32.0,25.0,21.0,27.0,24.0,27.0,24.0,30.0,27.0,23.0,23.0,19.0,36.0,26.0,25.0,33.0,39.0,25.0,33.0,24.0,21.0,26.0,26.0,33.0,23.0,26.0,39.0,30.0,25.0
18.0,18.0,17.0,29.0,23.0,24.0,19.0,32.0,28.0,24.0,24.0,28.0,27.0,25.0,18.0,25.0,19.0,28.0,29.0,21.0,19.0,21.0,33.0,17.0,21.0,19.0,22.0,20.0,28.0,20.0,30.0,27.0,25.0,29.0,25.0,22.0,25.0,25.0,19.0,23.0,27.0,27.0,30.0,30.0,23.0,31.0,30.0,19.0,19.0,23.0
22.0,29.0,24.0,29.0,31.0,32.0,25.0,22.0,28.0,23.0,16.0,33.0,18.0,24.0,25.0,32.0,28.0,35.0,24.0,19.0,27.0,33.0,28.0,27.0,33.0,35.0,28.0,18.0,35.0,25.0,26.0,38.0,21.0,29.0,36.0,22.0,31.0,25.0,26.0,27.0,33.0,26.0,27.0,14.0,21.0,35.0,39.0,32.0,34.0,33.0
47.0,30.0,32.0,47.0,35.0,28.0,27.0,27.0,39.0,36.0,44.0,39.0,38.0,37.0,34.0,40.0,23.0,25.0,44.0,38.0,38.0,28.0,38.0,35.0,40.0,36.0,39.0,31.0,40.0,27.0,45.0,30.0,25.0,28.0,30.0,37.0,31.0,28.0,35.0,26.0,38.0,36.0,41.0,34.0,39.0,29.0,30.0,33.0,41.0,28.0
24.0,25.0,15.0,25.0,32.0,24.0,14.0,30.0,19.0,16.0,18.0,26.0,18.0,16.0,19.0,21.0,23.0,20.0,22.0,13.0,18.0,17.0,12.0,28.0,16.0,30.0,13.0,22.0,26.0,14.0,25.0,18.0,29.0,20.0,7.0,24.0,27.0,20.0,20.0,17.0,27.0,18.0,23.0,18.0,27.0,23.0,24.0,17.0,22.0,23.0
