10,50,1000
18.251728,16.425085,19.350685,16.264159,15.907163,16.484228,19.084511,18.756708,16.526228,15.58561
9.918406,9.958728,7.746537,6.833541,7.449968,6.977,7.801879,6.507239,8.743202,6.997959
0.0,10.0,20.0,30.0,40.0,50.0,60.0,70.0,80.0,90.0
10.0,0.0,10.0,20.0,30.0,40.0,50.0,60.0,70.0,80.0
20.0,10.0,0.0,10.0,20.0,30.0,40.0,50.0,60.0,70.0
30.0,20.0,10.0,0.0,10.0,20.0,30.0,40.0,50.0,60.0
40.0,30.0,20.0,10.0,0.0,10.0,20.0,30.0,40.0,50.0
50.0,40.0,30.0,20.0,10.0,0.0,10.0,20.0,30.0,40.0
60.0,50.0,40.0,30.0,20.0,10.0,0.0,10.0,20.0,30.0
70.0,60.0,50.0,40.0,30.0,20.0,10.0,0.0,10.0,20.0
80.0,70.0,60.0,50.0,40.0,30.0,20.0,10.0,0.0,10.0
90.0,80.0,70.0,60.0,50.0,40.0,30.0,20.0,10.0,0.0
450.0,400.0,350.0,300.0,250.0,250.0,300.0,350.0,400.0,450.0
0.0,1.0,2.0,3.0,4.0,5.0,6.0,7.0,8.0,9.0
1.0,0.0,1.0,2.0,3.0,4.0,5.0,6.0,7.0,8.0
2.0,1.0,0.0,1.0,2.0,3.0,4.0,5.0,6.0,7.0
3.0,2.0,1.0,0.0,1.0,2.0,3.0,4.0,5.0,6.0
4.0,3.0,2.0,1.0,0.0,1.0,2.0,3.0,4.0,5.0
5.0,4.0,3.0,2.0,1.0,0.0,1.0,2.0,3.0,4.0
6.0,5.0,4.0,3.0,2.0,1.0,0.0,1.0,2.0,3.0
7.0,6.0,5.0,4.0,3.0,2.0,1.0,0.0,1.0,2.0
8.0,7.0,6.0,5.0,4.0,3.0,2.0,1.0,0.0,1.0
9.0,8.0,7.0,6.0,5.0,4.0,3.0,2.0,1.0,0.0
45.0,40.0,35.0,30.0,25.0,25.0,30.0,35.0,40.0,45.0
50.0,34.0,34.0,40.0,32.0,45.0,30.0,43.0,37.0,33.0,28.0,27.0,33.0,39.0,35.0,28.0,32.0,35.0,39.0,45.0,40.0,33.0,37.0,37.0,36.0,35.0,37.0,34.0,34.0,37.0,38.0,35.0,31.0,39.0,40.0,37.0,38.0,37.0,33.0,42.0,40.0,40.0,31.0,33.0,36.0,38.0,41.0,37.0,34.0,34.0
29.0,35.0,48.0,35.0,40.0,32.0,43.0,37.0,39.0,29.0,53.0,38.0,42.0,45.0,37.0,41.0,36.0,45.0,36.0,42.0,26.0,42.0,28.0,26.0,40.0,45.0,20.0,45.0,25.0,37.0,42.0,39.0,39.0,40.0,40.0,37.0,43.0,34.0,30.0,33.0,36.0,31.0,42.0,30.0,39.0,42.0,34.0,39.0,39.0,31.0
27.0,36.0,24.0,31.0,31.0,25.0,41.0,24.0,34.0,32.0,32.0,31.0,35.0,38.0,29.0,33.0,28.0,34.0,27.0,31.0,34.0,31.0,35.0,39.0,32.0,24.0,25.0,34.0,28.0,36.0,24.0,34.0,29.0,19.0,29.0,31.0,26.0,34.0,37.0,15.0,27.0,37.0,27.0,35.0,37.0,39.0,36.0,31.0,33.0,18.0
19.0,25.0,17.0,28.0,22.0,19.0,21.0,25.0,27.0,26.0,23.0,19.0,25.0,25.0,26.0,24.0,15.0,29.0,29.0,27.0,34.0,29.0,32.0,23.0,19.0,33.0,23.0,31.0,31.0,24.0,27.0,27.0,21.0,31.0,35.0,30.0,20.0,25.0,37.0,30.0,25.0,29.0,28.0,22.0,33.0,27.0,21.0,27.0,25.0,25.0
31.0,29.0,24.0,25.0,26.0,29.0,21.0,23.0,32.0,23.0,40.0,32.0,26.0,29.0,22.0,23.0,26.0,28.0,19.0,36.0,24.0,33.0,29.0,29.0,22.0,30.0,24.0,32.0,22.0,35.0,28.0,23.0,24.0,25.0,28.0,31.0,27.0,27.0,34.0,26.0,25.0,32.0,27.0,28.0,35.0,25.0,30.0,16.0,31.0,29.0
26.0,27.0,23.0,30.0,24.0,21.0,28.0,27.0,27.0,28.0,30.0,28.0,28.0,35.0,27.0,21.0,26.0,23.0,28.0,22.0,25.0,28.0,23.0,20.0,28.0,15.0,19.0,34.0,30.0,28.0,29.0,28.0,38.0,25.0,34.0,20.0,20.0,22.0,24.0,21.0,16.0,30.0,21.0,25.0,37.0,25.0,15.0,25.0,29.0,27.0
30.0,31.0,27.0,32.0,27.0,28.0,38.0,34.0,26.0,29.0,27.0,29.0,27.0,32.0,29.0,28.0,27.0,27.0,44.0,29.0,23.0,28.0,39.0,36.0,35.0,33.0,23.0,24.0,23.0,28.0,23.0,38.0,32.0,31.0,39.0,32.0,41.0,26.0,26.0,21.0,35.0,30.0,38.0,18.0,32.0,31.0,39.0,34.0,28.0,32.0
26.0,28.0,21.0,21.0,27.0,24.0,24.0,21.0,30.0,20.0,24.0,19.0,31.0,25.0,17.0,27.0,32.0,18.0,24.0,25.0,32.0,24.0,25.0,30.0,29.0,35.0,26.0,30.0,38.0,35.0,31.0,22.0,36.0,18.0,21.0,23.0,15.0,29.0,26.0,24.0,30.0,21.0,24.0,30.0,20.0,28.0,25.0,28.0,33.0,19.0
33.0,32.0,36.0,30.0,26.0,31.0,32.0,28.0,25.0,38.0,33.0,30.0,18.0,35.0,34.0,22.0,31.0,33.0,28.0,40.0,39.0,33.0,23.0,27.0,42.0,37.0,28.0,27.0,30.0,35.0,21.0,37.0,26.0,36.0,39.0,30.0,37.0,20.0,30.0,37.0,38.0,25.0,40.0,33.0,37.0,31.0,35.0,40.0,23.0,35.0
30.0,35.0,29.0,30.0,31.0,27.0,31.0,27.0,19.0,38.0,26.0,25.0,20.0,27.0,31.0,26.0,29.0,23.0,29.0,28.0,28.0,28.0,37.0,17.0,23.0,30.0,29.0,32.0,30.0,31.0,21.0,30.0,19.0,26.0,23.0,14.0,24.0,30.0,26.0,25.0,23.0,33.0,24.0,28.0,33.0,27.0,33.0,19.0,32.0,23.0
