10,50,1000
16.306399,15.089334,15.769376,18.272957,18.790339,18.144061,16.13304,15.468047,19.551569,17.680424
6.875241,7.581493,9.784719,6.107448,9.235719,5.123595,9.884729,8.144387,9.951374,6.089769
0.0,10.0,20.0,30.0,40.0,50.0,60.0,70.0,80.0,90.0
10.0,0.0,10.0,20.0,30.0,40.0,50.0,60.0,70.0,80.0
20.0,10.0,0.0,10.0,20.0,30.0,40.0,50.0,60.0,70.0
30.0,20.0,10.0,0.0,10.0,20.0,30.0,40.0,50.0,60.0
40.0,30.0,20.0,10.0,0.0,10.0,20.0,30.0,40.0,50.0
50.0,40.0,30.0,20.0,10.0,0.0,10.0,20.0,30.0,40.0
60.0,50.0,40.0,30.0,20.0,10.0,0.0,10.0,20.0,30.0
70.0,60.0,50.0,40.0,30.0,20.0,10.0,0.0,10.0,20.0
80.0,70.0,60.0,50.0,40.0,30.0,20.0,10.0,0.0,10.0
90.0,80.0,70.0,60.0,50.0,40.0,30.0,20.0,10.0,0.0
450.0,400.0,350.0,300.0,250.0,250.0,300.0,350.0,400.0,450.0
0.0,1.0,2.0,3.0,4.0,5.0,6.0,7.0,8.0,9.0
1.0,0.0,1.0,2.0,3.0,4.0,5.0,6.0,7.0,8.0
2.0,1.0,0.0,1.0,2.0,3.0,4.0,5.0,6.0,7.0
3.0,2.0,1.0,0.0,1.0,2.0,3.0,4.0,5.0,6.0
4.0,3.0,2.0,1.0,0.0,1.0,2.0,3.0,4.0,5.0
5.0,4.0,3.0,2.0,1.0,0.0,1.0,2.0,3.0,4.0
6.0,5.0,4.0,3.0,2.0,1.0,0.0,1.0,2.0,3.0
7.0,6.0,5.0,4.0,3.0,2.0,1.0,0.0,1.0,2.0
8.0,7.0,6.0,5.0,4.0,3.0,2.0,1.0,0.0,1.0
9.0,8.0,7.0,6.0,5.0,4.0,3.0,2.0,1.0,0.0
45.0,40.0,35.0,30.0,25.0,25.0,30.0,35.0,40.0,45.0
29.0,24.0,29.0,28.0,23.0,29.0,31.0,23.0,40.0,26.0,29.0,28.0,25.0,17.0,26.0,30.0,20.0,24.0,20.0,18.0,34.0,24.0,23.0,32.0,26.0,25.0,26.0,23.0,21.0,34.0,28.0,20.0,34.0,18.0,31.0,23.0,29.0,20.0,32.0,22.0,28.0,27.0,27.0,34.0,23.0,18.0,23.0,30.0,32.0,34.0
23.0,34.0,31.0,28.0,26.0,24.0,32.0,23.0,23.0,29.0,26.0,29.0,28.0,30.0,31.0,14.0,26.0,32.0,24.0,26.0,26.0,36.0,25.0,29.0,30.0,22.0,40.0,19.0,32.0,32.0,32.0,24.0,35.0,37.0,30.0,37.0,38.0,19.0,34.0,34.0,26.0,33.0,31.0,27.0,31.0,24.0,25.0,32.0,22.0,32.0
32.0,39.0,34.0,35.0,31.0,29.0,35.0,32.0,30.0,28.0,32.0,38.0,36.0,41.0,29.0,39.0,33.0,24.0,30.0,22.0,25.0,35.0,38.0,31.0,42.0,23.0,31.0,29.0,37.0,31.0,41.0,40.0,36.0,48.0,40.0,35.0,36.0,27.0,41.0,43.0,35.0,37.0,33.0,32.0,35.0,26.0,26.0,35.0,32.0,29.0
25.0,19.0,30.0,25.0,20.0,26.0,18.0,24.0,22.0,17.0,22.0,29.0,23.0,26.0,21.0,24.0,26.0,27.0,27.0,18.0,28.0,28.0,22.0,20.0,29.0,30.0,17.0,25.0,21.0,28.0,25.0,21.0,21.0,32.0,31.0,27.0,29.0,28.0,23.0,29.0,10.0,24.0,17.0,27.0,23.0,24.0,37.0,31.0,25.0,24.0
26.0,32.0,29.0,30.0,36.0,28.0,42.0,25.0,38.0,37.0,19.0,34.0,31.0,41.0,45.0,26.0,32.0,29.0,38.0,31.0,35.0,43.0,38.0,37.0,32.0,38.0,32.0,31.0,31.0,31.0,40.0,36.0,36.0,38.0,51.0,37.0,50.0,41.0,31.0,28.0,52.0,31.0,33.0,31.0,32.0,38.0,32.0,31.0,26.0,34.0
20.0,20.0,23.0,22.0,26.0,20.0,23.0,20.0,21.0,23.0,13.0,18.0,16.0,22.0,22.0,16.0,21.0,15.0,29.0,23.0,24.0,15.0,22.0,27.0,13.0,16.0,17.0,25.0,26.0,17.0,20.0,15.0,15.0,18.0,24.0,20.0,17.0,20.0,23.0,21.0,18.0,25.0,11.0,22.0,23.0,18.0,16.0,22.0,24.0,13.0
32.0,44.0,44.0,40.0,29.0,39.0,24.0,42.0,40.0,32.0,43.0,33.0,38.0,41.0,44.0,30.0,35.0,54.0,40.0,49.0,43.0,33.0,29.0,33.0,37.0,38.0,23.0,42.0,33.0,17.0,28.0,46.0,38.0,33.0,33.0,33.0,36.0,39.0,45.0,45.0,31.0,50.0,36.0,30.0,42.0,31.0,57.0,34.0,42.0,25.0
25.0,30.0,34.0,25.0,32.0,24.0,24.0,31.0,28.0,35.0,30.0,18.0,25.0,31.0,35.0,32.0,31.0,25.0,30.0,28.0,19.0,22.0,32.0,41.0,37.0,40.0,19.0,27.0,39.0,27.0,38.0,25.0,26.0,26.0,28.0,29.0,42.0,26.0,42.0,29.0,20.0,19.0,28.0,24.0,23.0,27.0,30.0,29.0,27.0,39.0
35.0,34.0,37.0,42.0,42.0,43.0,27.0,31.0,30.0,38.0,33.0,31.0,35.0,43.0,32.0,40.0,35.0,27.0,36.0,31.0,48.0,37.0,35.0,37.0,38.0,31.0,35.0,39.0,48.0,34.0,40.0,34.0,37.0,38.0,28.0,45.0,33.0,30.0,43.0,32.0,30.0,38.0,39.0,29.0,33.0,39.0,30.0,35.0,40.0,32.0
32.0,20.0,27.0,30.0,28.0,20.0,19.0,23.0,23.0,19.0,14.0,24.0,26.0,26.0,28.0,20.0,22.0,31.0,21.0,19.0,28.0,21.0,22.0,27.0,23.0,32.0,27.0,25.0,19.0,28.0,24.0,21.0,28.0,25.0,27.0,23.0,19.0,29.0,31.0,18.0,29.0,16.0,23.0,20.0,28.0,31.0,17.0,20.0,31.0,22.0
