10,50,1000
16.814867,19.669649,15.479099,15.991508,17.22992,16.480028,19.140006,19.290431,19.745842,15.745959
5.088258,5.544834,9.44423,8.978405,8.274128,8.144898,5.933137,5.438757,9.95815,9.942516
0.0,10.0,20.0,30.0,40.0,50.0,60.0,70.0,80.0,90.0
10.0,0.0,10.0,20.0,30.0,40.0,50.0,60.0,70.0,80.0
20.0,10.0,0.0,10.0,20.0,30.0,40.0,50.0,60.0,70.0
30.0,20.0,10.0,0.0,10.0,20.0,30.0,40.0,50.0,60.0
40.0,30.0,20.0,10.0,0.0,10.0,20.0,30.0,40.0,50.0
50.0,40.0,30.0,20.0,10.0,0.0,10.0,20.0,30.0,40.0
60.0,50.0,40.0,30.0,20.0,10.0,0.0,10.0,20.0,30.0
70.0,60.0,50.0,40.0,30.0,20.0,10.0,0.0,10.0,20.0
80.0,70.0,60.0,50.0,40.0,30.0,20.0,10.0,0.0,10.0
90.0,80.0,70.0,60.0,50.0,40.0,30.0,20.0,10.0,0.0
450.0,400.0,350.0,300.0,250.0,250.0,300.0,350.0,400.0,450.0
0.0,1.0,2.0,3.0,4.0,5.0,6.0,7.0,8.0,9.0
1.0,0.0,1.0,2.0,3.0,4.0,5.0,6.0,7.0,8.0
2.0,1.0,0.0,1.0,2.0,3.0,4.0,5.0,6.0,7.0
3.0,2.0,1.0,0.0,1.0,2.0,3.0,4.0,5.0,6.0
4.0,3.0,2.0,1.0,0.0,1.0,2.0,3.0,4.0,5.0
5.0,4.0,3.0,2.0,1.0,0.0,1.0,2.0,3.0,4.0
6.0,5.0,4.0,3.0,2.0,1.0,0.0,1.0,2.0,3.0
7.0,6.0,5.0,4.0,3.0,2.0,1.0,0.0,1.0,2.0
8.0,7.0,6.0,5.0,4.0,3.0,2.0,1.0,0.0,1.0
9.0,8.0,7.0,6.0,5.0,4.0,3.0,2.0,1.0,0.0
45.0,40.0,35.0,30.0,25.0,25.0,30.0,35.0,40.0,45.0
28.0,23.0,21.0,24.0,27.0,23.0,17.0,26.0,19.0,17.0,18.0,21.0,22.0,21.0,26.0,28.0,19.0,24.0,15.0,21.0,27.0,19.0,21.0,20.0,21.0,15.0,19.0,21.0,19.0,27.0,16.0,22.0,24.0,21.0,21.0,16.0,16.0,24.0,26.0,27.0,19.0,23.0,25.0,19.0,21.0,31.0,27.0,23.0,20.0,13.0
29.0,19.0,17.0,22.0,23.0,25.0,20.0,22.0,20.0,18.0,31.0,28.0,19.0,28.0,18.0,19.0,25.0,32.0,22.0,25.0,29.0,22.0,28.0,29.0,16.0,32.0,20.0,22.0,19.0,24.0,22.0,21.0,26.0,27.0,21.0,28.0,26.0,35.0,32.0,23.0,27.0,16.0,19.0,25.0,25.0,19.0,23.0,19.0,14.0,20.0
32.0,31.0,34.0,28.0,43.0,28.0,29.0,35.0,34.0,33.0,41.0,43.0,31.0,35.0,32.0,42.0,38.0,40.0,30.0,25.0,42.0,31.0,41.0,40.0,34.0,27.0,28.0,35.0,27.0,36.0,41.0,32.0,46.0,28.0,31.0,25.0,33.0,33.0,33.0,30.0,38.0,36.0,36.0,29.0,25.0,40.0,33.0,31.0,36.0,28.0
34.0,36.0,27.0,24.0,34.0,35.0,30.0,33.0,38.0,26.0,35.0,38.0,32.0,38.0,42.0,39.0,33.0,33.0,26.0,28.0,18.0,35.0,34.0,33.0,31.0,29.0,28.0,35.0,24.0,34.0,30.0,34.0,32.0,40.0,44.0,34.0,32.0,30.0,38.0,38.0,43.0,31.0,25.0,53.0,28.0,36.0,33.0,32.0,29.0,37.0
31.0,27.0,25.0,37.0,28.0,32.0,36.0,24.0,27.0,27.0,42.0,23.0,29.0,23.0,26.0,41.0,27.0,27.0,36.0,44.0,31.0,31.0,29.0,25.0,30.0,33.0,29.0,32.0,30.0,34.0,41.0,42.0,33.0,31.0,24.0,36.0,43.0,31.0,19.0,37.0,29.0,31.0,30.0,30.0,24.0,30.0,25.0,36.0,24.0,36.0
39.0,28.0,30.0,37.0,40.0,28.0,35.0,27.0,27.0,29.0,50.0,29.0,37.0,18.0,36.0,35.0,40.0,21.0,34.0,28.0,24.0,27.0,26.0,29.0,37.0,26.0,24.0,28.0,39.0,25.0,25.0,34.0,27.0,31.0,40.0,28.0,34.0,26.0,36.0,28.0,25.0,27.0,29.0,29.0,24.0,25.0,24.0,24.0,28.0,30.0
26.0,28.0,22.0,16.0,22.0,26.0,21.0,19.0,30.0,22.0,22.0,16.0,26.0,20.0,18.0,20.0,24.0,17.0,22.0,30.0,19.0,25.0,15.0,23.0,14.0,19.0,20.0,25.0,28.0,17.0,14.0,21.0,34.0,26.0,25.0,28.0,22.0,29.0,24.0,24.0,25.0,23.0,27.0,21.0,20.0,32.0,27.0,16.0,22.0,25.0
25.0,17.0,21.0,18.0,22.0,18.0,14.0,30.0,21.0,16.0,33.0,25.0,19.0,23.0,28.0,20.0,28.0,25.0,28.0,18.0,31.0,16.0,29.0,18.0,26.0,25.0,27.0,23.0,25.0,25.0,33.0,24.0,21.0,20.0,18.0,21.0,21.0,21.0,33.0,18.0,20.0,18.0,25.0,25.0,27.0,20.0,24.0,26.0,22.0,24.0
44.0,36.0,36.0,28.0,27.0,39.0,38.0,39.0,29.0,40.0,40.0,33.0,42.0,45.0,44.0,32.0,43.0,32.0,41.0,36.0,40.0,36.0,40.0,42.0,31.0,38.0,41.0,35.0,34.0,39.0,46.0,43.0,43.0,39.0,42.0,29.0,28.0,36.0,46.0,35.0,26.0,44.0,36.0,34.0,44.0,32.0,38.0,21.0,31.0,27.0
43.0,42.0,27.0,33.0,35.0,30.0,38.0,27.0,38.0,31.0,29.0,33.0,44.0,45.0,40.0,38.0,52.0,47.0,47.0,35.0,40.0,37.0,29.0,43.0,42.0,37.0,40.0,36.0,35.0,22.0,31.0,34.0,31.0,36.0,36.0,34.0,33.0,33.0,36.0,35.0,36.0,39.0,35.0,36.0,30.0,35.0,37.0,29.0,47.0,28.0
