10,50,1000
18.407618,19.101493,17.628883,16.075537,15.225923,18.708838,15.95717,19.063662,17.034024,19.029485
5.728239,8.921077,7.928296,5.926239,9.878349,5.720882,8.195379,7.092202,5.473629,6.634179
0.0,10.0,20.0,30.0,40.0,50.0,60.0,70.0,80.0,90.0
10.0,0.0,10.0,20.0,30.0,40.0,50.0,60.0,70.0,80.0
20.0,10.0,0.0,10.0,20.0,30.0,40.0,50.0,60.0,70.0
30.0,20.0,10.0,0.0,10.0,20.0,30.0,40.0,50.0,60.0
40.0,30.0,20.0,10.0,0.0,10.0,20.0,30.0,40.0,50.0
50.0,40.0,30.0,20.0,10.0,0.0,10.0,20.0,30.0,40.0
60.0,50.0,40.0,30.0,20.0,10.0,0.0,10.0,20.0,30.0
70.0,60.0,50.0,40.0,30.0,20.0,10.0,0.0,10.0,20.0
80.0,70.0,60.0,50.0,40.0,30.0,20.0,10.0,0.0,10.0
90.0,80.0,70.0,60.0,50.0,40.0,30.0,20.0,10.0,0.0
450.0,400.0,350.0,300.0,250.0,250.0,300.0,350.0,400.0,450.0
0.0,1.0,2.0,3.0,4.0,5.0,6.0,7.0,8.0,9.0
1.0,0.0,1.0,2.0,3.0,4.0,5.0,6.0,7.0,8.0
2.0,1.0,0.0,1.0,2.0,3.0,4.0,5.0,6.0,7.0
3.0,2.0,1.0,0.0,1.0,2.0,3.0,4.0,5.0,6.0
4.0,3.0,2.0,1.0,0.0,1.0,2.0,3.0,4.0,5.0
5.0,4.0,3.0,2.0,1.0,0.0,1.0,2.0,3.0,4.0
6.0,5.0,4.0,3.0,2.0,1.0,0.0,1.0,2.0,3.0
7.0,6.0,5.0,4.0,3.0,2.0,1.0,0.0,1.0,2.0
8.0,7.0,6.0,5.0,4.0,3.0,2.0,1.0,0.0,1.0
9.0,8.0,7.0,6.0,5.0,4.0,3.0,2.0,1.0,0.0
45.0,40.0,35.0,30.0,25.0,25.0,30.0,35.0,40.0,45.0
28.0,30.0,19.0,22.0,25.0,21.0,30.0,21.0,21.0,20.0,31.0,27.0,31.0,18.0,26.0,14.0,24.0,21.0,28.0,27.0,18.0,32.0,22.0,28.0,22.0,25.0,27.0,17.0,25.0,24.0,19.0,30.0,22.0,22.0,14.0,22.0,15.0,22.0,17.0,26.0,30.0,26.0,25.0,34.0,27.0,17.0,15.0,22.0,20.0,20.0
26.0,36.0,36.0,30.0,40.0,37.0,32.0,33.0,37.0,33.0,22.0,36.0,32.0,34.0,36.0,29.0,40.0,23.0,47.0,39.0,35.0,38.0,27.0,34.0,38.0,51.0,43.0,32.0,32.0,33.0,44.0,30.0,48.0,34.0,28.0,30.0,38.0,26.0,36.0,33.0,34.0,46.0,34.0,29.0,36.0,30.0,37.0,37.0,30.0,39.0
26.0,25.0,33.0,36.0,28.0,21.0,32.0,23.0,28.0,27.0,29.0,26.0,34.0,29.0,34.0,30.0,32.0,35.0,35.0,28.0,40.0,28.0,33.0,28.0,26.0,29.0,27.0,30.0,32.0,34.0,21.0,32.0,34.0,32.0,29.0,36.0,29.0,31.0,42.0,29.0,37.0,25.0,35.0,31.0,19.0,29.0,23.0,27.0,28.0,32.0
27.0,24.0,26.0,26.0,30.0,19.0,27.0,23.0,20.0,25.0,24.0,28.0,21.0,26.0,24.0,22.0,20.0,22.0,17.0,25.0,27.0,27.0,18.0,20.0,14.0,27.0,18.0,23.0,20.0,16.0,15.0,22.0,18.0,9.0,28.0,25.0,29.0,19.0,15.0,17.0,22.0,22.0,28.0,21.0,28.0,22.0,22.0,33.0,21.0,26.0
32.0,31.0,26.0,34.0,30.0,33.0,37.0,33.0,44.0,34.0,33.0,31.0,39.0,29.0,47.0,29.0,38.0,42.0,39.0,34.0,46.0,31.0,36.0,32.0,32.0,48.0,35.0,32.0,35.0,29.0,45.0,41.0,46.0,46.0,33.0,34.0,38.0,30.0,35.0,29.0,32.0,38.0,33.0,41.0,26.0,28.0,30.0,42.0,36.0,25.0
26.0,27.0,17.0,22.0,21.0,19.0,27.0,16.0,29.0,30.0,26.0,24.0,22.0,23.0,30.0,26.0,21.0,21.0,20.0,27.0,32.0,17.0,24.0,27.0,25.0,32.0,25.0,27.0,16.0,26.0,22.0,21.0,22.0,22.0,26.0,22.0,24.0,20.0,26.0,25.0,26.0,28.0,30.0,26.0,29.0,23.0,26.0,27.0,24.0,31.0
31.0,38.0,37.0,24.0,19.0,29.0,23.0,29.0,22.0,22.0,29.0,21.0,30.0,30.0,24.0,38.0,37.0,21.0,30.0,33.0,26.0,24.0,31.0,30.0,34.0,37.0,25.0,23.0,40.0,26.0,28.0,40.0,32.0,31.0,28.0,31.0,27.0,23.0,29.0,37.0,34.0,41.0,30.0,29.0,27.0,41.0,31.0,28.0,32.0,18.0
25.0,21.0,23.0,23.0,32.0,32.0,23.0,24.0,29.0,31.0,27.0,28.0,22.0,24.0,30.0,33.0,21.0,29.0,28.0,37.0,27.0,26.0,21.0,27.0,35.0,29.0,35.0,26.0,23.0,32.0,27.0,29.0,26.0,19.0,44.0,30.0,32.0,24.0,34.0,31.0,33.0,22.0,21.0,32.0,30.0,22.0,27.0,31.0,20.0,18.0
21.0,20.0,23.0,21.0,19.0,24.0,16.0,27.0,19.0,14.0,19.0,24.0,19.0,21.0,30.0,19.0,19.0,13.0,15.0,27.0,22.0,22.0,22.0,33.0,35.0,24.0,21.0,24.0,18.0,25.0,25.0,26.0,30.0,25.0,21.0,26.0,24.0,32.0,22.0,18.0,17.0,25.0,17.0,21.0,19.0,27.0,21.0,33.0,22.0,28.0
23.0,30.0,29.0,22.0,28.0,28.0,19.0,36.0,19.0,20.0,29.0,30.0,30.0,20.0,33.0,31.0,29.0,19.0,27.0,28.0,30.0,32.0,22.0,21.0,26.0,29.0,27.0,19.0,24.0,19.0,21.0,24.0,16.0,21.0,30.0,31.0,24.0,27.0,31.0,34.0,25.0,21.0,21.0,25.0,25.0,29.0,31.0,23.0,30.0,30.0
