10,50,1000
19.273548,16.53325,15.103511,19.996902,17.420668,17.296722,18.450176,19.892457,19.433249,19.212993
6.331774,6.019784,8.146757,6.480406,7.07455,5.5486,7.93759,8.46948,5.945154,7.996789
0.0,10.0,20.0,30.0,40.0,50.0,60.0,70.0,80.0,90.0
10.0,0.0,10.0,20.0,30.0,40.0,50.0,60.0,70.0,80.0
20.0,10.0,0.0,10.0,20.0,30.0,40.0,50.0,60.0,70.0
30.0,20.0,10.0,0.0,10.0,20.0,30.0,40.0,50.0,60.0
40.0,30.0,20.0,10.0,0.0,10.0,20.0,30.0,40.0,50.0
50.0,40.0,30.0,20.0,10.0,0.0,10.0,20.0,30.0,40.0
60.0,50.0,40.0,30.0,20.0,10.0,0.0,10.0,20.0,30.0
70.0,60.0,50.0,40.0,30.0,20.0,10.0,0.0,10.0,20.0
80.0,70.0,60.0,50.0,40.0,30.0,20.0,10.0,0.0,10.0
90.0,80.0,70.0,60.0,50.0,40.0,30.0,20.0,10.0,0.0
450.0,400.0,350.0,300.0,250.0,250.0,300.0,350.0,400.0,450.0
0.0,1.0,2.0,3.0,4.0,5.0,6.0,7.0,8.0,9.0
1.0,0.0,1.0,2.0,3.0,4.0,5.0,6.0,7.0,8.0
2.0,1.0,0.0,1.0,2.0,3.0,4.0,5.0,6.0,7.0
3.0,2.0,1.0,0.0,1.0,2.0,3.0,4.0,5.0,6.0
4.0,3.0,2.0,1.0,0.0,1.0,2.0,3.0,4.0,5.0
5.0,4.0,3.0,2.0,1.0,0.0,1.0,2.0,3.0,4.0
6.0,5.0,4.0,3.0,2.0,1.0,0.0,1.0,2.0,3.0
7.0,6.0,5.0,4.0,3.0,2.0,1.0,0.0,1.0,2.0
8.0,7.0,6.0,5.0,4.0,3.0,2.0,1.0,0.0,1.0
9.0,8.0,7.0,6.0,5.0,4.0,3.0,2.0,1.0,0.0
45.0,40.0,35.0,30.0,25.0,25.0,30.0,35.0,40.0,45.0
21.0,22.0,33.0,29.0,18.0,27.0,27.0,21.0,33.0,30.0,23.0,28.0,28.0,34.0,30.0,21.0,23.0,30.0,24.0,25.0,24.0,23.0,37.0,20.0,25.0,21.0,26.0,29.0,21.0,27.0,26.0,14.0,36.0,26.0,25.0,29.0,21.0,31.0,31.0,22.0,22.0,23.0,31.0,27.0,25.0,26.0,25.0,27.0,28.0,31.0
22.0,20.0,28.0,24.0,23.0,21.0,29.0,30.0,18.0,19.0,24.0,30.0,23.0,19.0,18.0,26.0,32.0,20.0,20.0,27.0,15.0,26.0,21.0,27.0,23.0,27.0,27.0,25.0,34.0,18.0,23.0,23.0,35.0,23.0,18.0,19.0,29.0,19.0,21.0,21.0,24.0,19.0,24.0,25.0,32.0,32.0,21.0,21.0,22.0,26.0
30.0,26.0,34.0,24.0,25.0,24.0,30.0,46.0,26.0,37.0,27.0,27.0,35.0,23.0,33.0,30.0,33.0,33.0,29.0,24.0,30.0,30.0,38.0,28.0,35.0,32.0,35.0,24.0,33.0,36.0,29.0,27.0,35.0,28.0,27.0,22.0,31.0,32.0,45.0,26.0,40.0,33.0,22.0,33.0,40.0,32.0,23.0,31.0,28.0,39.0
26.0,30.0,30.0,23.0,35.0,23.0,26.0,27.0,27.0,21.0,15.0,23.0,26.0,23.0,29.0,24.0,27.0,22.0,23.0,25.0,27.0,24.0,31.0,20.0,33.0,32.0,31.0,24.0,18.0,25.0,32.0,22.0,32.0,21.0,28.0,17.0,19.0,16.0,34.0,34.0,26.0,33.0,23.0,29.0,26.0,23.0,29.0,28.0,33.0,24.0
23.0,22.0,40.0,23.0,25.0,36.0,40.0,36.0,26.0,33.0,22.0,19.0,22.0,34.0,31.0,36.0,29.0,26.0,28.0,27.0,39.0,28.0,32.0,30.0,27.0,27.0,28.0,28.0,38.0,35.0,21.0,30.0,25.0,21.0,36.0,32.0,32.0,26.0,13.0,27.0,29.0,27.0,24.0,24.0,25.0,25.0,23.0,28.0,25.0,27.0
21.0,24.0,21.0,19.0,24.0,16.0,21.0,27.0,27.0,16.0,23.0,22.0,18.0,28.0,27.0,29.0,32.0,22.0,21.0,18.0,23.0,31.0,13.0,26.0,32.0,29.0,16.0,17.0,30.0,26.0,17.0,27.0,23.0,34.0,23.0,16.0,19.0,21.0,32.0,25.0,17.0,30.0,23.0,20.0,23.0,32.0,23.0,30.0,26.0,24.0
20.0,30.0,25.0,33.0,36.0,30.0,27.0,36.0,36.0,33.0,18.0,28.0,35.0,37.0,24.0,26.0,37.0,29.0,25.0,44.0,26.0,33.0,38.0,33.0,32.0,25.0,27.0,35.0,24.0,35.0,30.0,26.0,35.0,27.0,31.0,39.0,35.0,27.0,29.0,29.0,21.0,36.0,31.0,30.0,28.0,23.0,28.0,27.0,38.0,43.0
34.0,25.0,33.0,34.0,37.0,23.0,35.0,40.0,41.0,32.0,30.0,35.0,39.0,30.0,39.0,46.0,33.0,44.0,44.0,28.0,34.0,32.0,26.0,33.0,26.0,46.0,29.0,36.0,27.0,27.0,25.0,39.0,31.0,33.0,49.0,30.0,24.0,29.0,25.0,36.0,28.0,28.0,44.0,32.0,35.0,32.0,29.0,32.0,39.0,33.0
28.0,19.0,25.0,34.0,25.0,22.0,20.0,24.0,29.0,26.0,16.0,31.0,19.0,19.0,25.0,29.0,25.0,14.0,24.0,22.0,26.0,17.0,25.0,19.0,28.0,22.0,26.0,23.0,24.0,17.0,31.0,20.0,29.0,26.0,25.0,24.0,30.0,24.0,19.0,25.0,25.0,25.0,22.0,26.0,20.0,16.0,25.0,27.0,24.0,27.0
29.0,25.0,22.0,21.0,21.0,25.0,22.0,35.0,28.0,32.0,41.0,37.0,25.0,27.0,23.0,28.0,24.0,34.0,25.0,34.0,35.0,38.0,19.0,32.0,24.0,39.0,40.0,27.0,34.0,31.0,38.0,35.0,32.0,22.0,31.0,31.0,37.0,29.0,28.0,33.0,34.0,26.0,35.0,28.0,22.0,38.0,24.0,29.0,33.0,27.0
