10,50,1000
16.388609,16.923124,19.494434,17.773797,18.201798,19.274946,15.81947,18.864315,16.742732,19.411103
5.951198,9.203659,5.454114,9.024694,5.186083,6.196535,9.780427,7.822434,8.725627,9.234218
0.0,10.0,20.0,30.0,40.0,50.0,60.0,70.0,80.0,90.0
10.0,0.0,10.0,20.0,30.0,40.0,50.0,60.0,70.0,80.0
20.0,10.0,0.0,10.0,20.0,30.0,40.0,50.0,60.0,70.0
30.0,20.0,10.0,0.0,10.0,20.0,30.0,40.0,50.0,60.0
40.0,30.0,20.0,10.0,0.0,10.0,20.0,30.0,40.0,50.0
50.0,40.0,30.0,20.0,10.0,0.0,10.0,20.0,30.0,40.0
60.0,50.0,40.0,30.0,20.0,10.0,0.0,10.0,20.0,30.0
70.0,60.0,50.0,40.0,30.0,20.0,10.0,0.0,10.0,20.0
80.0,70.0,60.0,50.0,40.0,30.0,20.0,10.0,0.0,10.0
90.0,80.0,70.0,60.0,50.0,40.0,30.0,20.0,10.0,0.0
450.0,400.0,350.0,300.0,250.0,250.0,300.0,350.0,400.0,450.0
0.0,1.0,2.0,3.0,4.0,5.0,6.0,7.0,8.0,9.0
1.0,0.0,1.0,2.0,3.0,4.0,5.0,6.0,7.0,8.0
2.0,1.0,0.0,1.0,2.0,3.0,4.0,5.0,6.0,7.0
3.0,2.0,1.0,0.0,1.0,2.0,3.0,4.0,5.0,6.0
4.0,3.0,2.0,1.0,0.0,1.0,2.0,3.0,4.0,5.0
5.0,4.0,3.0,2.0,1.0,0.0,1.0,2.0,3.0,4.0
6.0,5.0,4.0,3.0,2.0,1.0,0.0,1.0,2.0,3.0
7.0,6.0,5.0,4.0,3.0,2.0,1.0,0.0,1.0,2.0
8.0,7.0,6.0,5.0,4.0,3.0,2.0,1.0,0.0,1.0
9.0,8.0,7.0,6.0,5.0,4.0,3.0,2.0,1.0,0.0
45.0,40.0,35.0,30.0,25.0,25.0,30.0,35.0,40.0,45.0
21.0,12.0,18.0,28.0,30.0,21.0,22.0,20.0,24.0,24.0,32.0,23.0,20.0,23.0,17.0,21.0,25.0,30.0,12.0,21.0,29.0,26.0,24.0,29.0,24.0,23.0,18.0,22.0,16.0,26.0,31.0,28.0,23.0,17.0,14.0,17.0,19.0,26.0,20.0,25.0,23.0,19.0,15.0,19.0,16.0,22.0,27.0,18.0,27.0,23.0
33.0,40.0,31.0,29.0,43.0,33.0,41.0,38.0,35.0,28.0,30.0,34.0,41.0,34.0,38.0,26.0,34.0,33.0,35.0,32.0,23.0,43.0,35.0,35.0,42.0,35.0,33.0,30.0,38.0,27.0,31.0,39.0,37.0,31.0,27.0,37.0,32.0,38.0,28.0,51.0,37.0,29.0,32.0,32.0,47.0,41.0,32.0,30.0,38.0,27.0
21.0,20.0,19.0,18.0,25.0,25.0,30.0,27.0,20.0,27.0,23.0,24.0,18.0,20.0,19.0,27.0,20.0,21.0,21.0,20.0,18.0,23.0,29.0,18.0,26.0,21.0,27.0,26.0,19.0,19.0,21.0,16.0,25.0,23.0,21.0,21.0,27.0,31.0,20.0,17.0,24.0,27.0,22.0,21.0,33.0,28.0,22.0,19.0,23.0,27.0
36.0,32.0,42.0,27.0,32.0,38.0,29.0,34.0,32.0,37.0,39.0,36.0,37.0,33.0,28.0,47.0,34.0,22.0,28.0,31.0,41.0,34.0,39.0,38.0,35.0,42.0,23.0,39.0,30.0,41.0,36.0,26.0,30.0,25.0,40.0,37.0,43.0,32.0,31.0,31.0,36.0,41.0,31.0,31.0,37.0,28.0,49.0,45.0,30.0,39.0
18.0,21.0,24.0,27.0,16.0,24.0,19.0,25.0,19.0,22.0,21.0,22.0,28.0,24.0,16.0,22.0,22.0,17.0,31.0,19.0,25.0,24.0,27.0,30.0,24.0,24.0,30.0,18.0,30.0,29.0,17.0,15.0,15.0,25.0,25.0,31.0,17.0,17.0,28.0,17.0,20.0,33.0,19.0,25.0,23.0,22.0,19.0,18.0,16.0,20.0
19.0,25.0,17.0,25.0,33.0,22.0,20.0,30.0,21.0,24.0,12.0,23.0,20.0,16.0,16.0,22.0,34.0,38.0,20.0,21.0,19.0,24.0,23.0,21.0,30.0,31.0,28.0,29.0,28.0,19.0,16.0,27.0,22.0,18.0,27.0,35.0,20.0,21.0,16.0,32.0,28.0,18.0,31.0,22.0,27.0,18.0,27.0,24.0,19.0,20.0
35.0,48.0,33.0,26.0,29.0,31.0,28.0,31.0,33.0,40.0,41.0,38.0,28.0,30.0,40.0,37.0,29.0,40.0,35.0,46.0,41.0,27.0,45.0,21.0,41.0,37.0,33.0,43.0,34.0,35.0,29.0,30.0,44.0,39.0,30.0,36.0,47.0,37.0,40.0,41.0,35.0,39.0,35.0,37.0,42.0,32.0,32.0,29.0,28.0,34.0
35.0,35.0,22.0,40.0,27.0,29.0,28.0,34.0,33.0,39.0,27.0,23.0,26.0,30.0,33.0,24.0,20.0,25.0,27.0,35.0,28.0,25.0,27.0,28.0,32.0,27.0,38.0,24.0,25.0,27.0,38.0,21.0,28.0,30.0,28.0,31.0,20.0,29.0,28.0,30.0,28.0,27.0,26.0,41.0,31.0,35.0,37.0,28.0,31.0,44.0
31.0,35.0,33.0,34.0,33.0,29.0,39.0,26.0,30.0,33.0,35.0,28.0,31.0,31.0,39.0,44.0,35.0,33.0,36.0,34.0,32.0,28.0,42.0,32.0,29.0,38.0,31.0,29.0,34.0,29.0,27.0,35.0,39.0,30.0,30.0,24.0,32.0,37.0,27.0,34.0,30.0,38.0,34.0,47.0,34.0,39.0,25.0,42.0,30.0,35.0
31.0,36.0,38.0,37.0,36.0,27.0,39.0,27.0,34.0,33.0,37.0,32.0,30.0,37.0,31.0,43.0,34.0,32.0,29.0,42.0,41.0,40.0,33.0,38.0,37.0,36.0,29.0,41.0,30.0,36.0,53.0,33.0,39.0,27.0,36.0,42.0,32.0,41.0,30.0,34.0,41.0,33.0,40.0,33.0,30.0,31.0,36.0,33.0,35.0,35.0
