10,50,1000
17.7514,19.626002,18.638207,17.586281,18.288288,18.032964,15.915937,19.575045,19.018367,17.019072
5.387926,9.318232,8.020383,9.395912,8.968584,5.877389,5.35217,5.175097,6.836254,9.558674
0.0,10.0,20.0,30.0,40.0,50.0,60.0,70.0,80.0,90.0
10.0,0.0,10.0,20.0,30.0,40.0,50.0,60.0,70.0,80.0
20.0,10.0,0.0,10.0,20.0,30.0,40.0,50.0,60.0,70.0
30.0,20.0,10.0,0.0,10.0,20.0,30.0,40.0,50.0,60.0
40.0,30.0,20.0,10.0,0.0,10.0,20.0,30.0,40.0,50.0
50.0,40.0,30.0,20.0,10.0,0.0,10.0,20.0,30.0,40.0
60.0,50.0,40.0,30.0,20.0,10.0,0.0,10.0,20.0,30.0
70.0,60.0,50.0,40.0,30.0,20.0,10.0,0.0,10.0,20.0
80.0,70.0,60.0,50.0,40.0,30.0,20.0,10.0,0.0,10.0
90.0,80.0,70.0,60.0,50.0,40.0,30.0,20.0,10.0,0.0
450.0,400.0,350.0,300.0,250.0,250.0,300.0,350.0,400.0,450.0
0.0,1.0,2.0,3.0,4.0,5.0,6.0,7.0,8.0,9.0
1.0,0.0,1.0,2.0,3.0,4.0,5.0,6.0,7.0,8.0
2.0,1.0,0.0,1.0,2.0,3.0,4.0,5.0,6.0,7.0
3.0,2.0,1.0,0.0,1.0,2.0,3.0,4.0,5.0,6.0
4.0,3.0,2.0,1.0,0.0,1.0,2.0,3.0,4.0,5.0
5.0,4.0,3.0,2.0,1.0,0.0,1.0,2.0,3.0,4.0
6.0,5.0,4.0,3.0,2.0,1.0,0.0,1.0,2.0,3.0
7.0,6.0,5.0,4.0,3.0,2.0,1.0,0.0,1.0,2.0
8.0,7.0,6.0,5.0,4.0,3.0,2.0,1.0,0.0,1.0
9.0,8.0,7.0,6.0,5.0,4.0,3.0,2.0,1.0,0.0
45.0,40.0,35.0,30.0,25.0,25.0,30.0,35.0,40.0,45.0
21.0,26.0,24.0,27.0,21.0,28.0,38.0,16.0,23.0,21.0,17.0,26.0,20.0,24.0,34.0,27.0,16.0,17.0,18.0,18.0,25.0,19.0,27.0,18.0,21.0,30.0,25.0,33.0,26.0,17.0,20.0,21.0,19.0,29.0,21.0,27.0,23.0,26.0,21.0,22.0,14.0,22.0,21.0,18.0,14.0,16.0,23.0,24.0,25.0,15.0
39.0,38.0,45.0,25.0,33.0,38.0,42.0,31.0,30.0,35.0,34.0,22.0,33.0,37.0,24.0,47.0,29.0,34.0,32.0,36.0,44.0,40.0,37.0,40.0,42.0,40.0,34.0,40.0,35.0,32.0,43.0,36.0,45.0,37.0,24.0,38.0,38.0,39.0,25.0,41.0,34.0,28.0,30.0,41.0,31.0,24.0,42.0,45.0,31.0,45.0
40.0,31.0,31.0,32.0,41.0,26.0,39.0,27.0,23.0,25.0,32.0,36.0,24.0,44.0,31.0,43.0,29.0,26.0,26.0,36.0,47.0,24.0,29.0,18.0,26.0,29.0,29.0,36.0,25.0,29.0,31.0,33.0,29.0,39.0,27.0,22.0,33.0,37.0,29.0,31.0,31.0,40.0,35.0,20.0,35.0,25.0,41.0,24.0,18.0,39.0
24.0,34.0,40.0,40.0,36.0,36.0,45.0,38.0,38.0,36.0,37.0,36.0,37.0,39.0,28.0,33.0,30.0,24.0,33.0,34.0,29.0,45.0,29.0,36.0,33.0,35.0,33.0,34.0,37.0,28.0,35.0,39.0,44.0,28.0,35.0,34.0,34.0,40.0,26.0,31.0,45.0,36.0,28.0,38.0,38.0,34.0,30.0,37.0,41.0,31.0
40.0,27.0,28.0,24.0,39.0,41.0,32.0,38.0,37.0,37.0,26.0,30.0,40.0,31.0,28.0,26.0,45.0,36.0,40.0,31.0,27.0,36.0,27.0,32.0,30.0,43.0,30.0,21.0,42.0,22.0,40.0,31.0,36.0,33.0,32.0,26.0,47.0,43.0,38.0,31.0,39.0,38.0,42.0,39.0,35.0,41.0,32.0,34.0,40.0,24.0
39.0,24.0,22.0,30.0,16.0,26.0,17.0,32.0,32.0,30.0,21.0,19.0,35.0,21.0,27.0,29.0,20.0,13.0,25.0,30.0,33.0,32.0,23.0,22.0,27.0,23.0,24.0,21.0,27.0,20.0,32.0,23.0,25.0,30.0,24.0,24.0,23.0,22.0,20.0,23.0,26.0,35.0,20.0,18.0,17.0,21.0,21.0,26.0,29.0,20.0
20.0,17.0,12.0,27.0,19.0,22.0,13.0,25.0,24.0,27.0,21.0,25.0,15.0,21.0,20.0,27.0,23.0,24.0,17.0,22.0,20.0,19.0,17.0,17.0,16.0,22.0,19.0,25.0,24.0,17.0,22.0,24.0,17.0,18.0,18.0,14.0,13.0,14.0,25.0,24.0,22.0,16.0,23.0,21.0,11.0,22.0,23.0,23.0,17.0,13.0
30.0,23.0,17.0,16.0,23.0,24.0,22.0,18.0,16.0,20.0,26.0,27.0,20.0,24.0,23.0,23.0,21.0,20.0,19.0,23.0,28.0,19.0,23.0,19.0,17.0,24.0,19.0,23.0,23.0,21.0,25.0,25.0,28.0,24.0,26.0,27.0,16.0,22.0,25.0,23.0,26.0,27.0,22.0,18.0,24.0,16.0,18.0,29.0,26.0,18.0
32.0,29.0,23.0,33.0,30.0,35.0,30.0,27.0,33.0,29.0,23.0,25.0,23.0,25.0,22.0,17.0,30.0,19.0,24.0,35.0,27.0,21.0,31.0,29.0,27.0,13.0,22.0,26.0,30.0,26.0,26.0,25.0,29.0,24.0,27.0,24.0,21.0,21.0,29.0,28.0,22.0,33.0,21.0,20.0,19.0,31.0,25.0,32.0,35.0,31.0
41.0,27.0,37.0,31.0,30.0,32.0,37.0,37.0,40.0,38.0,34.0,28.0,34.0,43.0,45.0,34.0,37.0,50.0,31.0,37.0,31.0,36.0,25.0,33.0,29.0,36.0,33.0,34.0,33.0,34.0,36.0,40.0,37.0,27.0,39.0,44.0,39.0,27.0,38.0,28.0,49.0,39.0,31.0,25.0,40.0,44.0,30.0,28.0,27.0,23.0
