10,50,1000
15.795717,18.278846,16.508888,16.79844,17.927265,19.685893,17.367464,16.59975,19.505729,16.384252
8.071924,7.359219,6.544302,8.040602,6.274656,9.881132,5.141074,5.332554,6.186818,5.791973
0.0,10.0,20.0,30.0,40.0,50.0,60.0,70.0,80.0,90.0
10.0,0.0,10.0,20.0,30.0,40.0,50.0,60.0,70.0,80.0
20.0,10.0,0.0,10.0,20.0,30.0,40.0,50.0,60.0,70.0
30.0,20.0,10.0,0.0,10.0,20.0,30.0,40.0,50.0,60.0
40.0,30.0,20.0,10.0,0.0,10.0,20.0,30.0,40.0,50.0
50.0,40.0,30.0,20.0,10.0,0.0,10.0,20.0,30.0,40.0
60.0,50.0,40.0,30.0,20.0,10.0,0.0,10.0,20.0,30.0
70.0,60.0,50.0,40.0,30.0,20.0,10.0,0.0,10.0,20.0
80.0,70.0,60.0,50.0,40.0,30.0,20.0,10.0,0.0,10.0
90.0,80.0,70.0,60.0,50.0,40.0,30.0,20.0,10.0,0.0
450.0,400.0,350.0,300.0,250.0,250.0,300.0,350.0,400.0,450.0
0.0,1.0,2.0,3.0,4.0,5.0,6.0,7.0,8.0,9.0
1.0,0.0,1.0,2.0,3.0,4.0,5.0,6.0,7.0,8.0
2.0,1.0,0.0,1.0,2.0,3.0,4.0,5.0,6.0,7.0
3.0,2.0,1.0,0.0,1.0,2.0,3.0,4.0,5.0,6.0
4.0,3.0,2.0,1.0,0.0,1.0,2.0,3.0,4.0,5.0
5.0,4.0,3.0,2.0,1.0,0.0,1.0,2.0,3.0,4.0
6.0,5.0,4.0,3.0,2.0,1.0,0.0,1.0,2.0,3.0
7.0,6.0,5.0,4.0,3.0,2.0,1.0,0.0,1.0,2.0
8.0,7.0,6.0,5.0,4.0,3.0,2.0,1.0,0.0,1.0
9.0,8.0,7.0,6.0,5.0,4.0,3.0,2.0,1.0,0.0
45.0,40.0,35.0,30.0,25.0,25.0,30.0,35.0,40.0,45.0
32.0,27.0,25.0,37.0,27.0,27.0,28.0,27.0,26.0,32.0,35.0,29.0,31.0,39.0,41.0,40.0,22.0,46.0,32.0,30.0,27.0,38.0,32.0,34.0,26.0,28.0,37.0,23.0,40.0,21.0,27.0,40.0,29.0,39.0,29.0,35.0,27.0,27.0,25.0,43.0,25.0,38.0,25.0,25.0,31.0,41.0,29.0,37.0,27.0,27.0
31.0,27.0,33.0,31.0,26.0,27.0,33.0,25.0,38.0,35.0,43.0,41.0,38.0,33.0,27.0,23.0,17.0,25.0,28.0,26.0,32.0,33.0,29.0,32.0,26.0,29.0,25.0,23.0,19.0,28.0,38.0,27.0,24.0,42.0,34.0,21.0,20.0,32.0,33.0,25.0,26.0,36.0,28.0,28.0,24.0,25.0,24.0,23.0,32.0,36.0
29.0,20.0,37.0,16.0,21.0,22.0,15.0,26.0,31.0,19.0,37.0,28.0,34.0,30.0,22.0,20.0,26.0,25.0,40.0,25.0,16.0,26.0,24.0,26.0,33.0,25.0,26.0,22.0,30.0,16.0,24.0,31.0,26.0,26.0,16.0,30.0,18.0,25.0,24.0,25.0,21.0,21.0,30.0,25.0,32.0,27.0,27.0,20.0,27.0,25.0
30.0,31.0,24.0,37.0,29.0,32.0,25.0,32.0,27.0,23.0,31.0,28.0,29.0,26.0,39.0,25.0,30.0,30.0,29.0,29.0,32.0,24.0,30.0,29.0,30.0,31.0,40.0,32.0,25.0,35.0,29.0,32.0,27.0,34.0,28.0,35.0,32.0,36.0,34.0,30.0,29.0,33.0,34.0,27.0,23.0,27.0,26.0,32.0,32.0,30.0
27.0,28.0,32.0,25.0,23.0,31.0,24.0,27.0,27.0,31.0,37.0,36.0,38.0,26.0,26.0,26.0,30.0,17.0,20.0,20.0,19.0,27.0,31.0,28.0,18.0,35.0,37.0,19.0,26.0,19.0,34.0,34.0,23.0,17.0,29.0,28.0,31.0,15.0,22.0,26.0,24.0,24.0,17.0,29.0,35.0,22.0,25.0,23.0,18.0,21.0
40.0,33.0,35.0,36.0,45.0,34.0,23.0,42.0,43.0,30.0,33.0,32.0,51.0,50.0,38.0,35.0,36.0,35.0,40.0,31.0,24.0,32.0,33.0,43.0,33.0,33.0,35.0,47.0,30.0,39.0,28.0,32.0,39.0,35.0,38.0,54.0,40.0,31.0,39.0,39.0,27.0,37.0,41.0,33.0,42.0,29.0,41.0,52.0,38.0,40.0
19.0,22.0,19.0,24.0,19.0,21.0,26.0,25.0,16.0,16.0,24.0,23.0,22.0,29.0,27.0,19.0,26.0,16.0,20.0,19.0,21.0,18.0,17.0,20.0,14.0,25.0,25.0,24.0,25.0,24.0,24.0,24.0,18.0,25.0,21.0,26.0,23.0,17.0,21.0,22.0,14.0,23.0,20.0,24.0,24.0,25.0,26.0,9.0,16.0,26.0
24.0,19.0,21.0,20.0,17.0,24.0,29.0,15.0,21.0,19.0,22.0,10.0,19.0,21.0,24.0,24.0,30.0,23.0,24.0,22.0,23.0,13.0,28.0,29.0,26.0,24.0,28.0,19.0,22.0,20.0,21.0,23.0,17.0,14.0,18.0,22.0,26.0,25.0,19.0,14.0,18.0,20.0,24.0,25.0,24.0,21.0,30.0,17.0,27.0,26.0
21.0,26.0,20.0,30.0,22.0,28.0,22.0,31.0,18.0,24.0,31.0,32.0,27.0,25.0,27.0,25.0,21.0,23.0,32.0,23.0,29.0,22.0,24.0,18.0,19.0,24.0,20.0,29.0,33.0,23.0,27.0,28.0,24.0,27.0,31.0,27.0,28.0,20.0,33.0,24.0,23.0,25.0,16.0,31.0,29.0,24.0,25.0,18.0,25.0,19.0
19.0,19.0,22.0,23.0,31.0,28.0,27.0,21.0,20.0,19.0,20.0,22.0,21.0,15.0,25.0,21.0,27.0,26.0,18.0,29.0,21.0,21.0,30.0,24.0,29.0,24.0,15.0,31.0,21.0,22.0,24.0,24.0,36.0,23.0,21.0,33.0,22.0,28.0,28.0,17.0,29.0,14.0,18.0,24.0,26.0,31.0,20.0,26.0,21.0,32.0
