10,50,1000
15.602911,15.198467,15.802447,15.914355,17.796053,17.027902,16.118846,19.307999,16.315719,19.836565
6.458542,7.646129,6.497197,8.08852,7.407325,5.332104,5.580242,8.345983,6.035116,7.09176
0.0,10.0,20.0,30.0,40.0,50.0,60.0,70.0,80.0,90.0
10.0,0.0,10.0,20.0,30.0,40.0,50.0,60.0,70.0,80.0
20.0,10.0,0.0,10.0,20.0,30.0,40.0,50.0,60.0,70.0
30.0,20.0,10.0,0.0,10.0,20.0,30.0,40.0,50.0,60.0
40.0,30.0,20.0,10.0,0.0,10.0,20.0,30.0,40.0,50.0
50.0,40.0,30.0,20.0,10.0,0.0,10.0,20.0,30.0,40.0
60.0,50.0,40.0,30.0,20.0,10.0,0.0,10.0,20.0,30.0
70.0,60.0,50.0,40.0,30.0,20.0,10.0,0.0,10.0,20.0
80.0,70.0,60.0,50.0,40.0,30.0,20.0,10.0,0.0,10.0
90.0,80.0,70.0,60.0,50.0,40.0,30.0,20.0,10.0,0.0
450.0,400.0,350.0,300.0,250.0,250.0,300.0,350.0,400.0,450.0
0.0,1.0,2.0,3.0,4.0,5.0,6.0,7.0,8.0,9.0
1.0,0.0,1.0,2.0,3.0,4.0,5.0,6.0,7.0,8.0
2.0,1.0,0.0,1.0,2.0,3.0,4.0,5.0,6.0,7.0
3.0,2.0,1.0,0.0,1.0,2.0,3.0,4.0,5.0,6.0
4.0,3.0,2.0,1.0,0.0,1.0,2.0,3.0,4.0,5.0
5.0,4.0,3.0,2.0,1.0,0.0,1.0,2.0,3.0,4.0
6.0,5.0,4.0,3.0,2.0,1.0,0.0,1.0,2.0,3.0
7.0,6.0,5.0,4.0,3.0,2.0,1.0,0.0,1.0,2.0
8.0,7.0,6.0,5.0,4.0,3.0,2.0,1.0,0.0,1.0
9.0,8.0,7.0,6.0,5.0,4.0,3.0,2.0,1.0,0.0
45.0,40.0,35.0,30.0,25.0,25.0,30.0,35.0,40.0,45.0
28.0,25.0,24.0,32.0,14.0,22.0,24.0,20.0,30.0,36.0,29.0,25.0,22.0,29.0,28.0,23.0,25.0,28.0,26.0,26.0,29.0,26.0,19.0,32.0,26.0,26.0,28.0,25.0,27.0,37.0,41.0,22.0,20.0,20.0,30.0,18.0,27.0,23.0,18.0,27.0,23.0,32.0,27.0,31.0,32.0,14.0,17.0,25.0,18.0,23.0
24.0,28.0,28.0,30.0,28.0,31.0,31.0,22.0,28.0,34.0,21.0,24.0,28.0,32.0,31.0,26.0,34.0,35.0,29.0,30.0,30.0,34.0,26.0,33.0,27.0,30.0,23.0,33.0,30.0,26.0,18.0,30.0,16.0,23.0,31.0,22.0,34.0,37.0,32.0,27.0,36.0,21.0,28.0,23.0,37.0,19.0,21.0,28.0,26.0,29.0
16.0,27.0,27.0,28.0,23.0,35.0,18.0,19.0,27.0,23.0,21.0,21.0,30.0,27.0,20.0,24.0,27.0,38.0,23.0,30.0,20.0,24.0,24.0,24.0,26.0,30.0,24.0,21.0,27.0,26.0,26.0,32.0,25.0,28.0,26.0,30.0,21.0,16.0,32.0,24.0,29.0,24.0,32.0,24.0,27.0,36.0,26.0,24.0,26.0,26.0
28.0,31.0,28.0,31.0,28.0,27.0,33.0,22.0,24.0,30.0,37.0,22.0,23.0,21.0,22.0,32.0,42.0,27.0,35.0,40.0,35.0,29.0,19.0,36.0,27.0,35.0,35.0,31.0,32.0,24.0,30.0,31.0,34.0,25.0,34.0,27.0,28.0,33.0,26.0,27.0,23.0,26.0,29.0,32.0,29.0,37.0,39.0,18.0,35.0,30.0
40.0,30.0,16.0,29.0,28.0,35.0,30.0,25.0,32.0,37.0,30.0,25.0,25.0,28.0,42.0,31.0,33.0,40.0,33.0,22.0,25.0,35.0,39.0,26.0,33.0,30.0,30.0,33.0,33.0,31.0,25.0,29.0,33.0,27.0,31.0,14.0,39.0,37.0,30.0,30.0,43.0,32.0,25.0,37.0,32.0,29.0,34.0,28.0,37.0,25.0
23.0,22.0,13.0,19.0,25.0,28.0,32.0,15.0,29.0,19.0,17.0,19.0,23.0,21.0,27.0,25.0,28.0,25.0,20.0,21.0,21.0,30.0,29.0,20.0,22.0,21.0,30.0,27.0,11.0,23.0,25.0,19.0,27.0,13.0,19.0,15.0,27.0,24.0,22.0,22.0,17.0,20.0,28.0,33.0,27.0,22.0,18.0,26.0,20.0,24.0
16.0,24.0,24.0,24.0,27.0,15.0,18.0,25.0,18.0,21.0,15.0,20.0,23.0,27.0,22.0,19.0,22.0,21.0,22.0,22.0,28.0,14.0,19.0,15.0,18.0,21.0,20.0,23.0,25.0,24.0,26.0,21.0,20.0,25.0,28.0,27.0,22.0,32.0,19.0,28.0,24.0,19.0,27.0,23.0,32.0,20.0,25.0,35.0,17.0,19.0
30.0,39.0,26.0,28.0,28.0,35.0,31.0,30.0,34.0,34.0,33.0,32.0,34.0,30.0,37.0,30.0,34.0,31.0,27.0,46.0,38.0,29.0,28.0,29.0,28.0,29.0,32.0,36.0,35.0,31.0,34.0,27.0,29.0,37.0,28.0,21.0,43.0,37.0,29.0,33.0,30.0,31.0,28.0,39.0,26.0,19.0,36.0,29.0,32.0,36.0
18.0,24.0,28.0,27.0,24.0,20.0,35.0,39.0,22.0,27.0,31.0,19.0,33.0,24.0,25.0,20.0,19.0,20.0,19.0,29.0,29.0,27.0,19.0,41.0,19.0,30.0,16.0,26.0,18.0,23.0,21.0,24.0,20.0,20.0,26.0,19.0,25.0,17.0,18.0,23.0,30.0,18.0,31.0,19.0,27.0,28.0,18.0,22.0,19.0,20.0
32.0,20.0,30.0,21.0,36.0,26.0,34.0,16.0,30.0,34.0,28.0,29.0,22.0,29.0,36.0,30.0,29.0,34.0,28.0,32.0,26.0,36.0,23.0,29.0,30.0,27.0,29.0,33.0,30.0,32.0,23.0,26.0,32.0,34.0,34.0,26.0,28.0,24.0,41.0,31.0,26.0,33.0,32.0,20.0,26.0,27.0,27.0,22.0,28.0,26.0
