10,50,1000
15.584913,17.857568,17.194017,17.688639,16.465236,16.865223,17.616078,16.566454,19.897859,16.577899
5.397365,7.946498,5.03087,9.083656,8.808839,8.439687,6.225609,6.311561,6.493205,6.906423
0.0,10.0,20.0,30.0,40.0,50.0,60.0,70.0,80.0,90.0
10.0,0.0,10.0,20.0,30.0,40.0,50.0,60.0,70.0,80.0
20.0,10.0,0.0,10.0,20.0,30.0,40.0,50.0,60.0,70.0
30.0,20.0,10.0,0.0,10.0,20.0,30.0,40.0,50.0,60.0
40.0,30.0,20.0,10.0,0.0,10.0,20.0,30.0,40.0,50.0
50.0,40.0,30.0,20.0,10.0,0.0,10.0,20.0,30.0,40.0
60.0,50.0,40.0,30.0,20.0,10.0,0.0,10.0,20.0,30.0
70.0,60.0,50.0,40.0,30.0,20.0,10.0,0.0,10.0,20.0
80.0,70.0,60.0,50.0,40.0,30.0,20.0,10.0,0.0,10.0
90.0,80.0,70.0,60.0,50.0,40.0,30.0,20.0,10.0,0.0
450.0,400.0,350.0,300.0,250.0,250.0,300.0,350.0,400.0,450.0
0.0,1.0,2.0,3.0,4.0,5.0,6.0,7.0,8.0,9.0
1.0,0.0,1.0,2.0,3.0,4.0,5.0,6.0,7.0,8.0
2.0,1.0,0.0,1.0,2.0,3.0,4.0,5.0,6.0,7.0
3.0,2.0,1.0,0.0,1.0,2.0,3.0,4.0,5.0,6.0
4.0,3.0,2.0,1.0,0.0,1.0,2.0,3.0,4.0,5.0
5.0,4.0,3.0,2.0,1.0,0.0,1.0,2.0,3.0,4.0
6.0,5.0,4.0,3.0,2.0,1.0,0.0,1.0,2.0,3.0
7.0,6.0,5.0,4.0,3.0,2.0,1.0,0.0,1.0,2.0
8.0,7.0,6.0,5.0,4.0,3.0,2.0,1.0,0.0,1.0
9.0,8.0,7.0,6.0,5.0,4.0,3.0,2.0,1.0,0.0
45.0,40.0,35.0,30.0,25.0,25.0,30.0,35.0,40.0,45.0
21.0,15.0,26.0,24.0,21.0,14.0,18.0,18.0,15.0,10.0,18.0,26.0,23.0,28.0,22.0,21.0,14.0,24.0,16.0,29.0,24.0,28.0,20.0,18.0,28.0,18.0,16.0,24.0,20.0,20.0,20.0,20.0,25.0,20.0,25.0,20.0,12.0,22.0,21.0,21.0,24.0,21.0,20.0,21.0,29.0,25.0,13.0,13.0,19.0,21.0
27.0,29.0,27.0,34.0,28.0,31.0,31.0,21.0,38.0,27.0,29.0,35.0,24.0,27.0,36.0,33.0,33.0,31.0,36.0,26.0,30.0,38.0,33.0,32.0,32.0,30.0,25.0,28.0,32.0,42.0,35.0,30.0,33.0,34.0,23.0,24.0,27.0,22.0,42.0,33.0,26.0,28.0,18.0,28.0,27.0,29.0,26.0,30.0,33.0,40.0
27.0,22.0,27.0,22.0,19.0,25.0,17.0,20.0,22.0,24.0,23.0,23.0,29.0,29.0,22.0,23.0,11.0,21.0,25.0,13.0,24.0,30.0,21.0,20.0,23.0,20.0,24.0,23.0,27.0,19.0,28.0,24.0,25.0,23.0,17.0,20.0,23.0,22.0,14.0,26.0,28.0,18.0,24.0,29.0,20.0,28.0,26.0,23.0,16.0,21.0
32.0,40.0,37.0,45.0,32.0,30.0,28.0,28.0,35.0,33.0,45.0,35.0,46.0,35.0,33.0,26.0,38.0,33.0,32.0,31.0,27.0,37.0,34.0,26.0,23.0,34.0,29.0,35.0,30.0,47.0,36.0,31.0,45.0,25.0,38.0,34.0,42.0,42.0,42.0,29.0,38.0,31.0,20.0,36.0,31.0,40.0,36.0,34.0,28.0,25.0
36.0,46.0,26.0,29.0,15.0,35.0,32.0,31.0,29.0,42.0,44.0,32.0,39.0,32.0,43.0,33.0,38.0,33.0,29.0,28.0,43.0,39.0,29.0,30.0,29.0,33.0,33.0,32.0,36.0,26.0,28.0,32.0,24.0,33.0,30.0,39.0,34.0,38.0,27.0,44.0,38.0,37.0,33.0,36.0,36.0,37.0,41.0,41.0,26.0,31.0
24.0,30.0,37.0,38.0,24.0,43.0,36.0,31.0,36.0,33.0,46.0,25.0,19.0,33.0,26.0,35.0,24.0,20.0,29.0,39.0,32.0,29.0,39.0,39.0,29.0,41.0,30.0,18.0,35.0,32.0,30.0,15.0,33.0,28.0,24.0,44.0,34.0,23.0,29.0,41.0,37.0,39.0,30.0,38.0,33.0,24.0,31.0,28.0,33.0,23.0
28.0,29.0,34.0,33.0,33.0,22.0,19.0,26.0,34.0,23.0,23.0,23.0,26.0,20.0,26.0,29.0,21.0,19.0,21.0,24.0,15.0,23.0,16.0,25.0,29.0,19.0,25.0,25.0,28.0,26.0,26.0,25.0,26.0,27.0,28.0,21.0,21.0,19.0,27.0,23.0,26.0,26.0,21.0,30.0,24.0,30.0,17.0,27.0,23.0,25.0
20.0,29.0,33.0,28.0,21.0,30.0,29.0,33.0,29.0,20.0,20.0,19.0,24.0,17.0,33.0,28.0,24.0,22.0,31.0,32.0,14.0,28.0,18.0,27.0,26.0,24.0,13.0,20.0,32.0,23.0,17.0,23.0,25.0,31.0,23.0,18.0,26.0,31.0,36.0,30.0,32.0,24.0,36.0,30.0,22.0,25.0,23.0,32.0,30.0,21.0
31.0,22.0,26.0,30.0,23.0,24.0,30.0,32.0,27.0,31.0,29.0,15.0,23.0,32.0,20.0,27.0,27.0,15.0,21.0,23.0,29.0,28.0,20.0,19.0,27.0,28.0,32.0,30.0,22.0,26.0,23.0,26.0,26.0,26.0,36.0,30.0,27.0,30.0,24.0,31.0,29.0,26.0,20.0,19.0,27.0,34.0,23.0,30.0,22.0,20.0
29.0,35.0,35.0,31.0,30.0,21.0,38.0,23.0,22.0,23.0,24.0,32.0,23.0,21.0,27.0,27.0,25.0,21.0,34.0,36.0,28.0,23.0,16.0,29.0,26.0,24.0,28.0,31.0,30.0,30.0,24.0,30.0,26.0,37.0,33.0,26.0,32.0,29.0,33.0,23.0,26.0,22.0,36.0,31.0,27.0,21.0,28.0,24.0,31.0,25.0
