10,50,1000
18.906459,15.268836,16.135737,15.493994,19.746759,19.215472,16.676244,17.09842,16.761261,17.180678
7.813574,6.656264,6.979833,8.814445,6.243899,9.542439,5.171427,6.426292,8.211453,7.732911
0.0,10.0,20.0,30.0,40.0,50.0,60.0,70.0,80.0,90.0
10.0,0.0,10.0,20.0,30.0,40.0,50.0,60.0,70.0,80.0
20.0,10.0,0.0,10.0,20.0,30.0,40.0,50.0,60.0,70.0
30.0,20.0,10.0,0.0,10.0,20.0,30.0,40.0,50.0,60.0
40.0,30.0,20.0,10.0,0.0,10.0,20.0,30.0,40.0,50.0
50.0,40.0,30.0,20.0,10.0,0.0,10.0,20.0,30.0,40.0
60.0,50.0,40.0,30.0,20.0,10.0,0.0,10.0,20.0,30.0
70.0,60.0,50.0,40.0,30.0,20.0,10.0,0.0,10.0,20.0
80.0,70.0,60.0,50.0,40.0,30.0,20.0,10.0,0.0,10.0
90.0,80.0,70.0,60.0,50.0,40.0,30.0,20.0,10.0,0.0
450.0,400.0,350.0,300.0,250.0,250.0,300.0,350.0,400.0,450.0
0.0,1.0,2.0,3.0,4.0,5.0,6.0,7.0,8.0,9.0
1.0,0.0,1.0,2.0,3.0,4.0,5.0,6.0,7.0,8.0
2.0,1.0,0.0,1.0,2.0,3.0,4.0,5.0,6.0,7.0
3.0,2.0,1.0,0.0,1.0,2.0,3.0,4.0,5.0,6.0
4.0,3.0,2.0,1.0,0.0,1.0,2.0,3.0,4.0,5.0
5.0,4.0,3.0,2.0,1.0,0.0,1.0,2.0,3.0,4.0
6.0,5.0,4.0,3.0,2.0,1.0,0.0,1.0,2.0,3.0
7.0,6.0,5.0,4.0,3.0,2.0,1.0,0.0,1.0,2.0
8.0,7.0,6.0,5.0,4.0,3.0,2.0,1.0,0.0,1.0
9.0,8.0,7.0,6.0,5.0,4.0,3.0,2.0,1.0,0.0
45.0,40.0,35.0,30.0,25.0,25.0,30.0,35.0,40.0,45.0
30.0,33.0,37.0,32.0,22.0,34.0,17.0,34.0,21.0,35.0,29.0,28.0,36.0,35.0,28.0,37.0,20.0,35.0,27.0,28.0,33.0,25.0,27.0,32.0,27.0,31.0,30.0,29.0,25.0,22.0,35.0,24.0,26.0,32.0,15.0,37.0,24.0,33.0,25.0,34.0,28.0,27.0,28.0,38.0,36.0,31.0,27.0,37.0,25.0,33.0
25.0,22.0,22.0,27.0,31.0,30.0,17.0,25.0,30.0,26.0,27.0,27.0,32.0,26.0,21.0,19.0,25.0,32.0,23.0,24.0,23.0,30.0,21.0,28.0,28.0,23.0,31.0,21.0,24.0,28.0,22.0,34.0,28.0,21.0,15.0,24.0,29.0,21.0,35.0,28.0,31.0,24.0,36.0,31.0,27.0,25.0,29.0,27.0,26.0,33.0
32.0,28.0,28.0,22.0,25.0,35.0,25.0,23.0,29.0,20.0,32.0,20.0,32.0,29.0,37.0,23.0,29.0,22.0,31.0,28.0,36.0,35.0,31.0,35.0,24.0,29.0,19.0,30.0,35.0,28.0,25.0,35.0,24.0,26.0,26.0,30.0,32.0,31.0,39.0,26.0,22.0,22.0,27.0,26.0,28.0,31.0,25.0,33.0,21.0,37.0
24.0,33.0,35.0,25.0,27.0,32.0,27.0,33.0,34.0,30.0,32.0,36.0,36.0,26.0,28.0,34.0,34.0,37.0,23.0,31.0,22.0,31.0,34.0,33.0,35.0,32.0,42.0,39.0,40.0,21.0,25.0,34.0,33.0,29.0,28.0,25.0,30.0,31.0,27.0,32.0,37.0,34.0,32.0,26.0,30.0,28.0,33.0,41.0,33.0,38.0
23.0,28.0,16.0,30.0,21.0,20.0,34.0,32.0,24.0,24.0,29.0,22.0,16.0,36.0,30.0,19.0,18.0,30.0,33.0,22.0,19.0,22.0,25.0,22.0,26.0,31.0,27.0,22.0,29.0,28.0,20.0,28.0,31.0,17.0,19.0,22.0,21.0,19.0,24.0,21.0,24.0,23.0,26.0,14.0,27.0,20.0,26.0,24.0,24.0,31.0
45.0,29.0,46.0,42.0,36.0,47.0,32.0,31.0,40.0,30.0,38.0,35.0,40.0,39.0,39.0,29.0,44.0,35.0,40.0,27.0,34.0,41.0,37.0,30.0,39.0,35.0,34.0,35.0,43.0,33.0,37.0,38.0,26.0,37.0,30.0,32.0,34.0,40.0,35.0,38.0,44.0,38.0,47.0,33.0,30.0,31.0,34.0,32.0,35.0,37.0
19.0,13.0,20.0,18.0,23.0,21.0,30.0,19.0,13.0,24.0,21.0,22.0,16.0,23.0,27.0,21.0,26.0,21.0,24.0,19.0,24.0,18.0,23.0,21.0,19.0,21.0,24.0,8.0,22.0,19.0,16.0,19.0,30.0,22.0,28.0,18.0,17.0,31.0,24.0,27.0,32.0,17.0,24.0,16.0,24.0,16.0,25.0,27.0,21.0,26.0
29.0,22.0,23.0,32.0,27.0,24.0,23.0,28.0,20.0,27.0,27.0,35.0,24.0,17.0,20.0,22.0,32.0,26.0,26.0,17.0,22.0,25.0,28.0,24.0,27.0,20.0,28.0,25.0,29.0,23.0,21.0,25.0,24.0,20.0,19.0,20.0,29.0,19.0,23.0,28.0,27.0,20.0,21.0,25.0,23.0,22.0,25.0,25.0,23.0,27.0
29.0,34.0,28.0,31.0,26.0,33.0,26.0,25.0,34.0,26.0,29.0,39.0,32.0,33.0,41.0,36.0,34.0,25.0,25.0,33.0,30.0,29.0,40.0,36.0,31.0,25.0,27.0,31.0,31.0,23.0,39.0,34.0,29.0,31.0,31.0,32.0,21.0,33.0,34.0,33.0,32.0,27.0,40.0,40.0,34.0,39.0,34.0,20.0,30.0,29.0
30.0,28.0,30.0,18.0,40.0,29.0,34.0,38.0,31.0,42.0,30.0,25.0,30.0,41.0,18.0,30.0,33.0,25.0,28.0,30.0,30.0,27.0,28.0,30.0,29.0,27.0,31.0,26.0,26.0,27.0,29.0,33.0,36.0,36.0,29.0,33.0,30.0,27.0,33.0,33.0,32.0,28.0,33.0,28.0,24.0,25.0,33.0,29.0,31.0,40.0
