10,50,1000
19.45828,15.652762,18.106286,17.692421,18.423017,19.659471,19.516584,19.037463,15.550363,17.855836
8.919806,5.995799,8.916904,6.317074,6.175057,5.107686,9.39743,5.88715,5.117103,5.818084
0.0,10.0,20.0,30.0,40.0,50.0,60.0,70.0,80.0,90.0
10.0,0.0,10.0,20.0,30.0,40.0,50.0,60.0,70.0,80.0
20.0,10.0,0.0,10.0,20.0,30.0,40.0,50.0,60.0,70.0
30.0,20.0,10.0,0.0,10.0,20.0,30.0,40.0,50.0,60.0
40.0,30.0,20.0,10.0,0.0,10.0,20.0,30.0,40.0,50.0
50.0,40.0,30.0,20.0,10.0,0.0,10.0,20.0,30.0,40.0
60.0,50.0,40.0,30.0,20.0,10.0,0.0,10.0,20.0,30.0
70.0,60.0,50.0,40.0,30.0,20.0,10.0,0.0,10.0,20.0
80.0,70.0,60.0,50.0,40.0,30.0,20.0,10.0,0.0,10.0
90.0,80.0,70.0,60.0,50.0,40.0,30.0,20.0,10.0,0.0
450.0,400.0,350.0,300.0,250.0,250.0,300.0,350.0,400.0,450.0
0.0,1.0,2.0,3.0,4.0,5.0,6.0,7.0,8.0,9.0
1.0,0.0,1.0,2.0,3.0,4.0,5.0,6.0,7.0,8.0
2.0,1.0,0.0,1.0,2.0,3.0,4.0,5.0,6.0,7.0
3.0,2.0,1.0,0.0,1.0,2.0,3.0,4.0,5.0,6.0
4.0,3.0,2.0,1.0,0.0,1.0,2.0,3.0,4.0,5.0
5.0,4.0,3.0,2.0,1.0,0.0,1.0,2.0,3.0,4.0
6.0,5.0,4.0,3.0,2.0,1.0,0.0,1.0,2.0,3.0
7.0,6.0,5.0,4.0,3.0,2.0,1.0,0.0,1.0,2.0
8.0,7.0,6.0,5.0,4.0,3.0,2.0,1.0,0.0,1.0
9.0,8.0,7.0,6.0,5.0,4.0,3.0,2.0,1.0,0.0
45.0,40.0,35.0,30.0,25.0,25.0,30.0,35.0,40.0,45.0
30.0,34.0,34.0,36.0,45.0,33.0,28.0,31.0,32.0,39.0,39.0,30.0,32.0,33.0,26.0,42.0,39.0,38.0,24.0,32.0,28.0,32.0,34.0,22.0,31.0,42.0,40.0,41.0,31.0,28.0,39.0,42.0,33.0,37.0,40.0,32.0,28.0,32.0,38.0,42.0,34.0,36.0,32.0,30.0,41.0,33.0,29.0,37.0,42.0,31.0
37.0,27.0,15.0,18.0,26.0,18.0,30.0,28.0,18.0,14.0,22.0,22.0,19.0,21.0,23.0,23.0,26.0,20.0,20.0,21.0,22.0,20.0,14.0,22.0,15.0,17.0,21.0,18.0,24.0,28.0,27.0,25.0,21.0,22.0,23.0,21.0,24.0,14.0,19.0,23.0,26.0,22.0,23.0,25.0,18.0,17.0,29.0,25.0,25.0,25.0
32.0,33.0,49.0,21.0,34.0,40.0,37.0,38.0,36.0,38.0,29.0,42.0,31.0,31.0,27.0,30.0,35.0,36.0,41.0,40.0,40.0,31.0,35.0,29.0,22.0,27.0,40.0,34.0,38.0,25.0,39.0,42.0,26.0,38.0,33.0,37.0,20.0,33.0,21.0,29.0,24.0,41.0,40.0,31.0,33.0,31.0,38.0,29.0,27.0,40.0
29.0,23.0,33.0,26.0,34.0,21.0,23.0,26.0,20.0,45.0,26.0,22.0,25.0,21.0,25.0,35.0,34.0,27.0,22.0,21.0,24.0,27.0,16.0,25.0,31.0,27.0,25.0,23.0,24.0,28.0,31.0,24.0,30.0,33.0,27.0,18.0,27.0,26.0,21.0,17.0,25.0,21.0,23.0,32.0,19.0,26.0,21.0,24.0,20.0,17.0
26.0,29.0,14.0,30.0,26.0,22.0,34.0,24.0,24.0,33.0,18.0,32.0,19.0,22.0,25.0,23.0,33.0,16.0,20.0,21.0,27.0,26.0,23.0,24.0,28.0,17.0,19.0,22.0,28.0,32.0,22.0,28.0,26.0,31.0,26.0,27.0,23.0,30.0,22.0,28.0,22.0,14.0,28.0,19.0,28.0,27.0,36.0,27.0,35.0,29.0
24.0,24.0,23.0,30.0,19.0,21.0,22.0,24.0,27.0,18.0,21.0,13.0,20.0,14.0,26.0,31.0,27.0,26.0,24.0,19.0,12.0,16.0,27.0,22.0,18.0,22.0,25.0,25.0,16.0,20.0,25.0,18.0,22.0,25.0,14.0,22.0,22.0,22.0,24.0,16.0,20.0,26.0,24.0,17.0,21.0,28.0,15.0,22.0,22.0,27.0
38.0,40.0,44.0,30.0,29.0,30.0,33.0,33.0,42.0,38.0,32.0,35.0,34.0,28.0,32.0,39.0,36.0,31.0,38.0,34.0,31.0,41.0,40.0,36.0,41.0,32.0,35.0,33.0,46.0,39.0,38.0,35.0,41.0,27.0,26.0,41.0,42.0,47.0,43.0,25.0,25.0,31.0,31.0,42.0,28.0,28.0,39.0,37.0,44.0,39.0
29.0,33.0,26.0,27.0,16.0,24.0,15.0,18.0,27.0,35.0,21.0,23.0,33.0,15.0,27.0,27.0,20.0,19.0,20.0,17.0,25.0,29.0,27.0,30.0,29.0,30.0,20.0,20.0,21.0,27.0,32.0,30.0,30.0,28.0,23.0,22.0,26.0,18.0,14.0,29.0,23.0,18.0,23.0,22.0,27.0,19.0,22.0,15.0,31.0,26.0
22.0,24.0,21.0,18.0,20.0,16.0,10.0,24.0,21.0,26.0,30.0,23.0,17.0,21.0,20.0,18.0,17.0,23.0,18.0,19.0,28.0,24.0,18.0,22.0,15.0,26.0,32.0,26.0,13.0,25.0,19.0,34.0,26.0,18.0,21.0,28.0,13.0,23.0,14.0,20.0,23.0,24.0,28.0,31.0,14.0,19.0,17.0,19.0,19.0,21.0
16.0,26.0,24.0,24.0,26.0,29.0,27.0,18.0,31.0,18.0,22.0,21.0,24.0,30.0,22.0,15.0,29.0,30.0,21.0,23.0,18.0,23.0,18.0,21.0,38.0,22.0,28.0,29.0,22.0,19.0,17.0,20.0,18.0,30.0,24.0,27.0,25.0,22.0,21.0,24.0,20.0,30.0,24.0,14.0,28.0,20.0,30.0,17.0,26.0,24.0
