10,50,1000
19.680099,19.639525,18.408713,16.229074,15.845727,15.80556,16.08139,15.512188,18.028751,19.501159
6.65543,7.993261,7.56427,7.958122,8.256919,6.822352,5.838188,7.710843,8.151435,5.864756
0.0,10.0,20.0,30.0,40.0,50.0,60.0,70.0,80.0,90.0
10.0,0.0,10.0,20.0,30.0,40.0,50.0,60.0,70.0,80.0
20.0,10.0,0.0,10.0,20.0,30.0,40.0,50.0,60.0,70.0
30.0,20.0,10.0,0.0,10.0,20.0,30.0,40.0,50.0,60.0
40.0,30.0,20.0,10.0,0.0,10.0,20.0,30.0,40.0,50.0
50.0,40.0,30.0,20.0,10.0,0.0,10.0,20.0,30.0,40.0
60.0,50.0,40.0,30.0,20.0,10.0,0.0,10.0,20.0,30.0
70.0,60.0,50.0,40.0,30.0,20.0,10.0,0.0,10.0,20.0
80.0,70.0,60.0,50.0,40.0,30.0,20.0,10.0,0.0,10.0
90.0,80.0,70.0,60.0,50.0,40.0,30.0,20.0,10.0,0.0
450.0,400.0,350.0,300.0,250.0,250.0,300.0,350.0,400.0,450.0
0.0,1.0,2.0,3.0,4.0,5.0,6.0,7.0,8.0,9.0
1.0,0.0,1.0,2.0,3.0,4.0,5.0,6.0,7.0,8.0
2.0,1.0,0.0,1.0,2.0,3.0,4.0,5.0,6.0,7.0
3.0,2.0,1.0,0.0,1.0,2.0,3.0,4.0,5.0,6.0
4.0,3.0,2.0,1.0,0.0,1.0,2.0,3.0,4.0,5.0
5.0,4.0,3.0,2.0,1.0,0.0,1.0,2.0,3.0,4.0
6.0,5.0,4.0,3.0,2.0,1.0,0.0,1.0,2.0,3.0
7.0,6.0,5.0,4.0,3.0,2.0,1.0,0.0,1.0,2.0
8.0,7.0,6.0,5.0,4.0,3.0,2.0,1.0,0.0,1.0
9.0,8.0,7.0,6.0,5.0,4.0,3.0,2.0,1.0,0.0
45.0,40.0,35.0,30.0,25.0,25.0,30.0,35.0,40.0,45.0
27.0,36.0,35.0,28.0,32.0,28.0,22.0,18.0,28.0,31.0,27.0,29.0,29.0,32.0,31.0,33.0,27.0,19.0,23.0,27.0,29.0,16.0,25.0,22.0,20.0,26.0,23.0,20.0,34.0,27.0,26.0,31.0,27.0,28.0,32.0,33.0,28.0,23.0,27.0,31.0,21.0,21.0,24.0,26.0,26.0,28.0,33.0,16.0,27.0,24.0
36.0,37.0,28.0,46.0,38.0,39.0,29.0,31.0,28.0,29.0,34.0,29.0,26.0,35.0,35.0,35.0,27.0,29.0,29.0,27.0,32.0,34.0,30.0,29.0,25.0,32.0,32.0,37.0,37.0,30.0,43.0,34.0,38.0,32.0,35.0,37.0,34.0,32.0,40.0,34.0,23.0,41.0,23.0,34.0,32.0,27.0,24.0,26.0,25.0,31.0
20.0,28.0,23.0,33.0,26.0,27.0,31.0,32.0,41.0,22.0,29.0,26.0,30.0,24.0,31.0,28.0,28.0,22.0,28.0,25.0,23.0,27.0,23.0,29.0,21.0,30.0,24.0,38.0,30.0,26.0,27.0,34.0,28.0,31.0,32.0,23.0,25.0,35.0,32.0,32.0,28.0,36.0,38.0,23.0,31.0,30.0,21.0,28.0,35.0,28.0
24.0,35.0,30.0,33.0,33.0,30.0,30.0,22.0,35.0,34.0,33.0,26.0,24.0,31.0,25.0,27.0,28.0,38.0,36.0,42.0,35.0,30.0,29.0,23.0,31.0,32.0,28.0,17.0,32.0,31.0,33.0,26.0,35.0,25.0,28.0,33.0,25.0,30.0,28.0,34.0,40.0,26.0,28.0,34.0,28.0,30.0,26.0,42.0,33.0,31.0
27.0,25.0,35.0,38.0,24.0,29.0,32.0,30.0,38.0,23.0,34.0,27.0,38.0,31.0,27.0,41.0,39.0,44.0,29.0,30.0,27.0,23.0,27.0,37.0,34.0,34.0,31.0,35.0,40.0,33.0,24.0,32.0,32.0,29.0,32.0,23.0,45.0,32.0,25.0,16.0,30.0,32.0,29.0,27.0,27.0,31.0,30.0,31.0,30.0,19.0
29.0,25.0,25.0,21.0,31.0,29.0,21.0,23.0,30.0,29.0,30.0,33.0,25.0,23.0,32.0,30.0,28.0,35.0,30.0,17.0,29.0,28.0,25.0,28.0,31.0,27.0,30.0,29.0,29.0,27.0,29.0,22.0,22.0,16.0,24.0,36.0,25.0,24.0,29.0,29.0,25.0,29.0,22.0,17.0,29.0,29.0,23.0,30.0,33.0,33.0
26.0,26.0,22.0,23.0,24.0,22.0,20.0,13.0,26.0,18.0,17.0,22.0,26.0,28.0,22.0,23.0,28.0,26.0,18.0,23.0,22.0,19.0,21.0,30.0,23.0,14.0,14.0,29.0,16.0,38.0,22.0,26.0,18.0,16.0,18.0,22.0,30.0,23.0,25.0,23.0,19.0,33.0,22.0,24.0,22.0,26.0,25.0,15.0,33.0,26.0
25.0,21.0,35.0,33.0,22.0,26.0,28.0,26.0,31.0,29.0,25.0,32.0,29.0,35.0,34.0,21.0,25.0,27.0,25.0,35.0,26.0,35.0,29.0,35.0,35.0,25.0,30.0,35.0,31.0,34.0,29.0,25.0,22.0,28.0,25.0,21.0,25.0,30.0,31.0,36.0,30.0,27.0,35.0,21.0,29.0,34.0,40.0,26.0,27.0,26.0
20.0,29.0,27.0,34.0,29.0,36.0,26.0,27.0,32.0,26.0,33.0,37.0,36.0,28.0,29.0,33.0,22.0,39.0,20.0,30.0,31.0,23.0,34.0,34.0,35.0,35.0,16.0,30.0,26.0,29.0,25.0,28.0,34.0,25.0,41.0,30.0,32.0,22.0,28.0,27.0,37.0,33.0,30.0,33.0,33.0,27.0,31.0,28.0,32.0,27.0
34.0,21.0,24.0,26.0,24.0,25.0,23.0,23.0,25.0,22.0,27.0,25.0,19.0,21.0,24.0,32.0,27.0,21.0,28.0,25.0,23.0,22.0,27.0,22.0,22.0,22.0,19.0,31.0,18.0,28.0,18.0,17.0,29.0,16.0,30.0,22.0,20.0,26.0,20.0,22.0,23.0,22.0,21.0,22.0,27.0,27.0,23.0,23.0,20.0,22.0
