10,50,1000
18.546152,17.475221,15.074732,19.215063,15.87985,16.365327,19.806778,18.104924,18.520031,15.189852
7.081492,8.873047,6.10372,9.873633,8.680896,7.88173,9.115008,8.336367,9.482941,9.820673
0.0,10.0,20.0,30.0,40.0,50.0,60.0,70.0,80.0,90.0
10.0,0.0,10.0,20.0,30.0,40.0,50.0,60.0,70.0,80.0
20.0,10.0,0.0,10.0,20.0,30.0,40.0,50.0,60.0,70.0
30.0,20.0,10.0,0.0,10.0,20.0,30.0,40.0,50.0,60.0
40.0,30.0,20.0,10.0,0.0,10.0,20.0,30.0,40.0,50.0
50.0,40.0,30.0,20.0,10.0,0.0,10.0,20.0,30.0,40.0
60.0,50.0,40.0,30.0,20.0,10.0,0.0,10.0,20.0,30.0
70.0,60.0,50.0,40.0,30.0,20.0,10.0,0.0,10.0,20.0
80.0,70.0,60.0,50.0,40.0,30.0,20.0,10.0,0.0,10.0
90.0,80.0,70.0,60.0,50.0,40.0,30.0,20.0,10.0,0.0
450.0,400.0,350.0,300.0,250.0,250.0,300.0,350.0,400.0,450.0
0.0,1.0,2.0,3.0,4.0,5.0,6.0,7.0,8.0,9.0
1.0,0.0,1.0,2.0,3.0,4.0,5.0,6.0,7.0,8.0
2.0,1.0,0.0,1.0,2.0,3.0,4.0,5.0,6.0,7.0
3.0,2.0,1.0,0.0,1.0,2.0,3.0,4.0,5.0,6.0
4.0,3.0,2.0,1.0,0.0,1.0,2.0,3.0,4.0,5.0
5.0,4.0,3.0,2.0,1.0,0.0,1.0,2.0,3.0,4.0
6.0,5.0,4.0,3.0,2.0,1.0,0.0,1.0,2.0,3.0
7.0,6.0,5.0,4.0,3.0,2.0,1.0,0.0,1.0,2.0
8.0,7.0,6.0,5.0,4.0,3.0,2.0,1.0,0.0,1.0
9.0,8.0,7.0,6.0,5.0,4.0,3.0,2.0,1.0,0.0
45.0,40.0,35.0,30.0,25.0,25.0,30.0,35.0,40.0,45.0
25.0,32.0,28.0,35.0,29.0,35.0,22.0,24.0,23.0,24.0,23.0,35.0,24.0,29.0,34.0,27.0,34.0,29.0,26.0,30.0,25.0,29.0,29.0,29.0,39.0,24.0,23.0,21.0,22.0,31.0,24.0,31.0,25.0,15.0,30.0,34.0,28.0,37.0,28.0,31.0,24.0,29.0,28.0,25.0,28.0,23.0,22.0,17.0,23.0,24.0
40.0,35.0,26.0,37.0,29.0,40.0,29.0,30.0,27.0,21.0,28.0,30.0,37.0,42.0,32.0,33.0,32.0,33.0,41.0,30.0,21.0,23.0,43.0,45.0,34.0,35.0,24.0,34.0,39.0,31.0,33.0,23.0,49.0,25.0,36.0,34.0,31.0,26.0,36.0,25.0,43.0,29.0,33.0,26.0,28.0,33.0,29.0,33.0,32.0,36.0
28.0,23.0,30.0,21.0,18.0,35.0,29.0,28.0,22.0,21.0,15.0,28.0,24.0,20.0,15.0,20.0,30.0,15.0,29.0,15.0,18.0,12.0,23.0,30.0,23.0,25.0,26.0,20.0,19.0,18.0,28.0,28.0,23.0,21.0,23.0,26.0,22.0,20.0,19.0,29.0,26.0,21.0,17.0,34.0,29.0,29.0,19.0,17.0,23.0,21.0
41.0,34.0,38.0,48.0,48.0,36.0,45.0,52.0,43.0,31.0,37.0,30.0,41.0,46.0,37.0,40.0,48.0,22.0,41.0,38.0,30.0,46.0,38.0,33.0,33.0,41.0,37.0,44.0,40.0,38.0,26.0,37.0,44.0,52.0,32.0,36.0,37.0,50.0,29.0,29.0,27.0,35.0,40.0,51.0,37.0,33.0,44.0,47.0,38.0,35.0
25.0,34.0,27.0,30.0,31.0,35.0,29.0,36.0,31.0,34.0,32.0,33.0,34.0,47.0,26.0,28.0,27.0,30.0,26.0,38.0,36.0,44.0,35.0,30.0,27.0,42.0,30.0,37.0,28.0,28.0,32.0,29.0,34.0,37.0,38.0,39.0,29.0,34.0,31.0,34.0,20.0,30.0,34.0,32.0,31.0,34.0,29.0,24.0,40.0,37.0
29.0,38.0,35.0,28.0,24.0,23.0,22.0,24.0,34.0,28.0,31.0,33.0,31.0,24.0,32.0,26.0,40.0,28.0,33.0,44.0,26.0,34.0,31.0,48.0,39.0,28.0,31.0,33.0,24.0,34.0,32.0,21.0,34.0,22.0,33.0,30.0,34.0,38.0,38.0,20.0,33.0,25.0,16.0,26.0,22.0,34.0,32.0,32.0,28.0,40.0
41.0,36.0,49.0,33.0,35.0,23.0,40.0,40.0,34.0,27.0,38.0,30.0,36.0,41.0,29.0,42.0,37.0,37.0,34.0,32.0,30.0,34.0,31.0,27.0,28.0,32.0,32.0,48.0,37.0,41.0,35.0,28.0,37.0,33.0,31.0,33.0,35.0,37.0,33.0,28.0,32.0,32.0,35.0,35.0,27.0,31.0,40.0,34.0,31.0,34.0
35.0,29.0,31.0,35.0,29.0,32.0,30.0,29.0,29.0,42.0,38.0,33.0,31.0,31.0,32.0,39.0,28.0,39.0,29.0,25.0,23.0,38.0,28.0,30.0,38.0,27.0,39.0,33.0,31.0,46.0,34.0,29.0,38.0,36.0,26.0,34.0,23.0,33.0,39.0,36.0,32.0,25.0,23.0,31.0,39.0,36.0,38.0,24.0,35.0,30.0
35.0,40.0,33.0,31.0,40.0,29.0,30.0,46.0,37.0,37.0,37.0,33.0,32.0,33.0,45.0,32.0,31.0,36.0,33.0,38.0,29.0,29.0,44.0,40.0,47.0,41.0,38.0,38.0,41.0,17.0,29.0,41.0,29.0,31.0,39.0,30.0,21.0,33.0,27.0,33.0,19.0,39.0,31.0,26.0,45.0,29.0,34.0,35.0,26.0,31.0
32.0,32.0,37.0,33.0,31.0,33.0,32.0,42.0,38.0,39.0,31.0,29.0,47.0,38.0,31.0,50.0,27.0,48.0,42.0,26.0,32.0,27.0,34.0,31.0,42.0,32.0,27.0,35.0,36.0,42.0,42.0,42.0,42.0,35.0,34.0,31.0,36.0,33.0,30.0,34.0,37.0,36.0,34.0,32.0,42.0,30.0,33.0,28.0,26.0,36.0
