10,50,1000
19.436691,19.930636,19.529133,18.378034,17.506933,18.805859,15.030326,17.526339,19.068453,18.880457
8.85951,8.291774,7.037913,7.50113,5.619754,9.646381,7.760966,9.35412,8.898267,8.788471
0.0,10.0,20.0,30.0,40.0,50.0,60.0,70.0,80.0,90.0
10.0,0.0,10.0,20.0,30.0,40.0,50.0,60.0,70.0,80.0
20.0,10.0,0.0,10.0,20.0,30.0,40.0,50.0,60.0,70.0
30.0,20.0,10.0,0.0,10.0,20.0,30.0,40.0,50.0,60.0
40.0,30.0,20.0,10.0,0.0,10.0,20.0,30.0,40.0,50.0
50.0,40.0,30.0,20.0,10.0,0.0,10.0,20.0,30.0,40.0
60.0,50.0,40.0,30.0,20.0,10.0,0.0,10.0,20.0,30.0
70.0,60.0,50.0,40.0,30.0,20.0,10.0,0.0,10.0,20.0
80.0,70.0,60.0,50.0,40.0,30.0,20.0,10.0,0.0,10.0
90.0,80.0,70.0,60.0,50.0,40.0,30.0,20.0,10.0,0.0
450.0,400.0,350.0,300.0,250.0,250.0,300.0,350.0,400.0,450.0
0.0,1.0,2.0,3.0,4.0,5.0,6.0,7.0,8.0,9.0
1.0,0.0,1.0,2.0,3.0,4.0,5.0,6.0,7.0,8.0
2.0,1.0,0.0,1.0,2.0,3.0,4.0,5.0,6.0,7.0
3.0,2.0,1.0,0.0,1.0,2.0,3.0,4.0,5.0,6.0
4.0,3.0,2.0,1.0,0.0,1.0,2.0,3.0,4.0,5.0
5.0,4.0,3.0,2.0,1.0,0.0,1.0,2.0,3.0,4.0
6.0,5.0,4.0,3.0,2.0,1.0,0.0,1.0,2.0,3.0
7.0,6.0,5.0,4.0,3.0,2.0,1.0,0.0,1.0,2.0
8.0,7.0,6.0,5.0,4.0,3.0,2.0,1.0,0.0,1.0
9.0,8.0,7.0,6.0,5.0,4.0,3.0,2.0,1.0,0.0
45.0,40.0,35.0,30.0,25.0,25.0,30.0,35.0,40.0,45.0
23.0,22.0,31.0,39.0,35.0,29.0,34.0,36.0,42.0,28.0,23.0,41.0,38.0,33.0,36.0,31.0,31.0,45.0,29.0,38.0,30.0,31.0,32.0,36.0,36.0,26.0,38.0,30.0,42.0,30.0,41.0,28.0,29.0,28.0,34.0,34.0,30.0,37.0,29.0,36.0,33.0,25.0,35.0,35.0,38.0,43.0,32.0,38.0,41.0,30.0
28.0,22.0,31.0,34.0,27.0,39.0,32.0,40.0,29.0,40.0,27.0,23.0,34.0,34.0,30.0,30.0,28.0,27.0,32.0,26.0,30.0,29.0,35.0,26.0,35.0,31.0,30.0,28.0,17.0,30.0,28.0,22.0,39.0,25.0,35.0,33.0,27.0,37.0,27.0,28.0,29.0,27.0,34.0,31.0,27.0,33.0,29.0,35.0,42.0,30.0
23.0,38.0,31.0,27.0,27.0,23.0,34.0,34.0,26.0,31.0,32.0,23.0,27.0,25.0,27.0,41.0,28.0,26.0,27.0,29.0,37.0,36.0,27.0,12.0,29.0,32.0,21.0,33.0,28.0,29.0,27.0,23.0,25.0,37.0,37.0,23.0,29.0,27.0,28.0,20.0,19.0,33.0,32.0,32.0,28.0,31.0,34.0,35.0,31.0,34.0
17.0,36.0,31.0,29.0,32.0,25.0,23.0,29.0,33.0,24.0,29.0,27.0,20.0,25.0,29.0,24.0,36.0,25.0,25.0,30.0,25.0,32.0,24.0,25.0,19.0,18.0,23.0,37.0,26.0,30.0,26.0,28.0,28.0,27.0,28.0,21.0,28.0,30.0,25.0,36.0,26.0,36.0,42.0,33.0,19.0,20.0,34.0,30.0,38.0,21.0
24.0,35.0,14.0,17.0,22.0,14.0,21.0,22.0,22.0,15.0,30.0,22.0,18.0,23.0,34.0,31.0,24.0,25.0,22.0,22.0,18.0,23.0,25.0,18.0,22.0,27.0,24.0,22.0,30.0,15.0,15.0,23.0,29.0,23.0,17.0,22.0,19.0,23.0,18.0,22.0,23.0,23.0,24.0,18.0,21.0,29.0,32.0,25.0,25.0,18.0
41.0,37.0,28.0,34.0,32.0,34.0,40.0,30.0,50.0,29.0,41.0,36.0,34.0,51.0,32.0,36.0,34.0,42.0,34.0,28.0,45.0,53.0,35.0,26.0,37.0,28.0,50.0,54.0,32.0,36.0,49.0,50.0,41.0,50.0,28.0,33.0,29.0,30.0,37.0,25.0,38.0,32.0,33.0,44.0,36.0,37.0,29.0,46.0,45.0,36.0
36.0,41.0,25.0,34.0,22.0,23.0,26.0,32.0,33.0,28.0,23.0,28.0,25.0,24.0,20.0,30.0,23.0,25.0,41.0,20.0,31.0,25.0,22.0,33.0,29.0,23.0,27.0,30.0,40.0,39.0,34.0,24.0,26.0,23.0,34.0,26.0,37.0,22.0,34.0,35.0,33.0,36.0,21.0,35.0,25.0,32.0,35.0,24.0,28.0,25.0
27.0,28.0,34.0,35.0,33.0,27.0,39.0,24.0,31.0,32.0,36.0,37.0,48.0,35.0,36.0,37.0,36.0,38.0,29.0,32.0,43.0,31.0,43.0,31.0,28.0,35.0,28.0,26.0,30.0,36.0,24.0,43.0,27.0,47.0,32.0,36.0,35.0,32.0,43.0,33.0,31.0,43.0,29.0,21.0,37.0,27.0,39.0,43.0,27.0,30.0
42.0,17.0,37.0,42.0,26.0,36.0,39.0,29.0,36.0,22.0,32.0,29.0,36.0,29.0,45.0,34.0,32.0,38.0,36.0,38.0,37.0,37.0,36.0,26.0,39.0,31.0,27.0,42.0,29.0,32.0,36.0,54.0,32.0,35.0,35.0,40.0,27.0,32.0,34.0,29.0,34.0,43.0,43.0,31.0,34.0,39.0,24.0,39.0,37.0,26.0
30.0,43.0,31.0,41.0,41.0,26.0,36.0,39.0,30.0,33.0,21.0,30.0,28.0,32.0,36.0,37.0,29.0,29.0,27.0,34.0,32.0,44.0,29.0,25.0,27.0,33.0,40.0,24.0,41.0,32.0,28.0,35.0,35.0,33.0,26.0,26.0,33.0,27.0,31.0,31.0,36.0,32.0,36.0,37.0,34.0,29.0,30.0,22.0,32.0,28.0
