10,50,1000
17.495848,18.500737,19.26702,19.441669,16.36731,18.071291,16.556914,19.548185,16.959897,17.265285
8.159694,5.476773,6.800991,7.337214,7.258197,7.734853,6.740943,7.482838,5.053705,5.112039
0.0,10.0,20.0,30.0,40.0,50.0,60.0,70.0,80.0,90.0
10.0,0.0,10.0,20.0,30.0,40.0,50.0,60.0,70.0,80.0
20.0,10.0,0.0,10.0,20.0,30.0,40.0,50.0,60.0,70.0
30.0,20.0,10.0,0.0,10.0,20.0,30.0,40.0,50.0,60.0
40.0,30.0,20.0,10.0,0.0,10.0,20.0,30.0,40.0,50.0
50.0,40.0,30.0,20.0,10.0,0.0,10.0,20.0,30.0,40.0
60.0,50.0,40.0,30.0,20.0,10.0,0.0,10.0,20.0,30.0
70.0,60.0,50.0,40.0,30.0,20.0,10.0,0.0,10.0,20.0
80.0,70.0,60.0,50.0,40.0,30.0,20.0,10.0,0.0,10.0
90.0,80.0,70.0,60.0,50.0,40.0,30.0,20.0,10.0,0.0
450.0,400.0,350.0,300.0,250.0,250.0,300.0,350.0,400.0,450.0
0.0,1.0,2.0,3.0,4.0,5.0,6.0,7.0,8.0,9.0
1.0,0.0,1.0,2.0,3.0,4.0,5.0,6.0,7.0,8.0
2.0,1.0,0.0,1.0,2.0,3.0,4.0,5.0,6.0,7.0
3.0,2.0,1.0,0.0,1.0,2.0,3.0,4.0,5.0,6.0
4.0,3.0,2.0,1.0,0.0,1.0,2.0,3.0,4.0,5.0
5.0,4.0,3.0,2.0,1.0,0.0,1.0,2.0,3.0,4.0
6.0,5.0,4.0,3.0,2.0,1.0,0.0,1.0,2.0,3.0
7.0,6.0,5.0,4.0,3.0,2.0,1.0,0.0,1.0,2.0
8.0,7.0,6.0,5.0,4.0,3.0,2.0,1.0,0.0,1.0
9.0,8.0,7.0,6.0,5.0,4.0,3.0,2.0,1.0,0.0
45.0,40.0,35.0,30.0,25.0,25.0,30.0,35.0,40.0,45.0
24.0,36.0,31.0,29.0,37.0,35.0,34.0,32.0,29.0,32.0,28.0,33.0,24.0,35.0,20.0,33.0,33.0,43.0,24.0,25.0,24.0,38.0,32.0,25.0,32.0,37.0,23.0,29.0,22.0,31.0,31.0,35.0,32.0,31.0,24.0,41.0,38.0,32.0,31.0,39.0,29.0,23.0,30.0,27.0,38.0,40.0,36.0,28.0,34.0,39.0
25.0,22.0,18.0,18.0,26.0,28.0,30.0,31.0,22.0,20.0,17.0,26.0,30.0,19.0,22.0,29.0,27.0,17.0,17.0,29.0,21.0,23.0,30.0,24.0,10.0,29.0,17.0,21.0,26.0,21.0,18.0,24.0,28.0,24.0,19.0,22.0,28.0,30.0,18.0,23.0,32.0,28.0,23.0,23.0,15.0,21.0,21.0,22.0,18.0,22.0
24.0,28.0,29.0,23.0,24.0,28.0,31.0,29.0,24.0,33.0,29.0,29.0,23.0,34.0,36.0,36.0,22.0,30.0,35.0,31.0,32.0,29.0,22.0,30.0,36.0,27.0,24.0,21.0,33.0,26.0,19.0,22.0,28.0,36.0,23.0,30.0,24.0,55.0,31.0,36.0,25.0,28.0,21.0,25.0,35.0,24.0,29.0,24.0,23.0,27.0
37.0,20.0,30.0,24.0,29.0,28.0,29.0,23.0,31.0,25.0,33.0,26.0,29.0,25.0,36.0,22.0,30.0,23.0,27.0,28.0,23.0,26.0,22.0,35.0,27.0,31.0,18.0,29.0,36.0,26.0,30.0,30.0,32.0,34.0,34.0,24.0,30.0,24.0,29.0,30.0,23.0,23.0,38.0,28.0,38.0,25.0,38.0,27.0,28.0,26.0
39.0,30.0,27.0,23.0,30.0,34.0,34.0,35.0,26.0,31.0,33.0,23.0,17.0,25.0,24.0,26.0,27.0,26.0,35.0,30.0,28.0,29.0,25.0,26.0,26.0,25.0,25.0,29.0,27.0,28.0,27.0,28.0,25.0,22.0,28.0,31.0,28.0,32.0,21.0,23.0,32.0,25.0,28.0,21.0,25.0,27.0,28.0,26.0,32.0,42.0
29.0,34.0,33.0,36.0,35.0,27.0,26.0,21.0,24.0,39.0,36.0,39.0,24.0,24.0,29.0,38.0,24.0,24.0,29.0,30.0,21.0,20.0,33.0,25.0,24.0,29.0,27.0,30.0,28.0,30.0,30.0,40.0,29.0,35.0,38.0,33.0,40.0,39.0,34.0,26.0,31.0,35.0,39.0,38.0,27.0,33.0,33.0,31.0,28.0,34.0
18.0,20.0,25.0,27.0,32.0,24.0,29.0,28.0,35.0,31.0,27.0,21.0,29.0,29.0,28.0,25.0,30.0,20.0,33.0,27.0,25.0,25.0,28.0,22.0,27.0,20.0,38.0,27.0,28.0,25.0,27.0,26.0,29.0,22.0,22.0,27.0,25.0,23.0,24.0,24.0,23.0,35.0,15.0,18.0,24.0,29.0,22.0,23.0,35.0,26.0
34.0,35.0,33.0,42.0,20.0,29.0,27.0,23.0,33.0,37.0,28.0,32.0,33.0,37.0,20.0,21.0,32.0,34.0,29.0,35.0,29.0,33.0,25.0,21.0,28.0,33.0,28.0,30.0,29.0,34.0,32.0,36.0,45.0,30.0,31.0,28.0,29.0,26.0,30.0,39.0,36.0,23.0,22.0,23.0,25.0,17.0,42.0,27.0,30.0,34.0
17.0,12.0,30.0,29.0,30.0,25.0,15.0,20.0,16.0,20.0,25.0,24.0,23.0,22.0,17.0,22.0,27.0,15.0,16.0,26.0,19.0,19.0,21.0,20.0,9.0,24.0,31.0,26.0,23.0,21.0,18.0,20.0,29.0,18.0,18.0,19.0,19.0,24.0,25.0,22.0,24.0,22.0,20.0,18.0,19.0,29.0,19.0,19.0,17.0,23.0
16.0,24.0,33.0,23.0,18.0,23.0,20.0,26.0,19.0,20.0,27.0,20.0,18.0,22.0,18.0,28.0,23.0,23.0,23.0,17.0,20.0,26.0,22.0,21.0,19.0,24.0,13.0,29.0,17.0,25.0,21.0,29.0,25.0,14.0,17.0,18.0,24.0,20.0,15.0,27.0,18.0,20.0,22.0,17.0,18.0,19.0,25.0,27.0,24.0,28.0
