10,50,1000
15.324682,18.758678,17.751738,16.736506,19.324608,18.168756,16.619599,17.070704,19.295551,15.668482
6.761191,8.164108,7.993216,7.151545,6.214933,9.023615,7.287333,6.871805,8.301537,6.41783
0.0,10.0,20.0,30.0,40.0,50.0,60.0,70.0,80.0,90.0
10.0,0.0,10.0,20.0,30.0,40.0,50.0,60.0,70.0,80.0
20.0,10.0,0.0,10.0,20.0,30.0,40.0,50.0,60.0,70.0
30.0,20.0,10.0,0.0,10.0,20.0,30.0,40.0,50.0,60.0
40.0,30.0,20.0,10.0,0.0,10.0,20.0,30.0,40.0,50.0
50.0,40.0,30.0,20.0,10.0,0.0,10.0,20.0,30.0,40.0
60.0,50.0,40.0,30.0,20.0,10.0,0.0,10.0,20.0,30.0
70.0,60.0,50.0,40.0,30.0,20.0,10.0,0.0,10.0,20.0
80.0,70.0,60.0,50.0,40.0,30.0,20.0,10.0,0.0,10.0
90.0,80.0,70.0,60.0,50.0,40.0,30.0,20.0,10.0,0.0
450.0,400.0,350.0,300.0,250.0,250.0,300.0,350.0,400.0,450.0
0.0,1.0,2.0,3.0,4.0,5.0,6.0,7.0,8.0,9.0
1.0,0.0,1.0,2.0,3.0,4.0,5.0,6.0,7.0,8.0
2.0,1.0,0.0,1.0,2.0,3.0,4.0,5.0,6.0,7.0
3.0,2.0,1.0,0.0,1.0,2.0,3.0,4.0,5.0,6.0
4.0,3.0,2.0,1.0,0.0,1.0,2.0,3.0,4.0,5.0
5.0,4.0,3.0,2.0,1.0,0.0,1.0,2.0,3.0,4.0
6.0,5.0,4.0,3.0,2.0,1.0,0.0,1.0,2.0,3.0
7.0,6.0,5.0,4.0,3.0,2.0,1.0,0.0,1.0,2.0
8.0,7.0,6.0,5.0,4.0,3.0,2.0,1.0,0.0,1.0
9.0,8.0,7.0,6.0,5.0,4.0,3.0,2.0,1.0,0.0
45.0,40.0,35.0,30.0,25.0,25.0,30.0,35.0,40.0,45.0
19.0,23.0,17.0,24.0,24.0,24.0,25.0,22.0,29.0,21.0,23.0,25.0,23.0,22.0,31.0,26.0,26.0,28.0,18.0,25.0,21.0,38.0,25.0,28.0,23.0,21.0,23.0,19.0,28.0,19.0,24.0,20.0,29.0,25.0,22.0,24.0,26.0,21.0,32.0,23.0,21.0,22.0,23.0,25.0,22.0,28.0,25.0,37.0,21.0,18.0
30.0,24.0,38.0,41.0,33.0,32.0,30.0,21.0,29.0,33.0,26.0,25.0,23.0,33.0,37.0,33.0,38.0,26.0,23.0,18.0,33.0,28.0,28.0,31.0,30.0,25.0,20.0,29.0,32.0,31.0,27.0,30.0,36.0,29.0,32.0,30.0,33.0,30.0,26.0,31.0,36.0,42.0,27.0,31.0,32.0,24.0,33.0,36.0,26.0,43.0
30.0,32.0,36.0,30.0,34.0,39.0,42.0,34.0,21.0,28.0,43.0,25.0,24.0,37.0,22.0,32.0,36.0,28.0,33.0,29.0,39.0,29.0,30.0,27.0,37.0,26.0,32.0,36.0,26.0,25.0,31.0,38.0,22.0,32.0,32.0,29.0,24.0,27.0,22.0,29.0,35.0,29.0,30.0,31.0,21.0,35.0,37.0,22.0,24.0,35.0
32.0,30.0,20.0,30.0,31.0,38.0,29.0,22.0,36.0,26.0,20.0,32.0,24.0,25.0,27.0,20.0,25.0,30.0,29.0,35.0,30.0,36.0,25.0,28.0,28.0,24.0,28.0,27.0,30.0,36.0,16.0,23.0,29.0,28.0,37.0,23.0,21.0,25.0,27.0,28.0,32.0,36.0,29.0,24.0,44.0,31.0,21.0,20.0,28.0,19.0
26.0,26.0,14.0,24.0,33.0,25.0,30.0,19.0,26.0,25.0,31.0,25.0,28.0,17.0,16.0,22.0,18.0,26.0,32.0,28.0,23.0,33.0,31.0,25.0,27.0,25.0,35.0,28.0,30.0,25.0,20.0,17.0,27.0,23.0,27.0,32.0,24.0,25.0,20.0,28.0,30.0,23.0,33.0,25.0,20.0,24.0,24.0,20.0,23.0,35.0
34.0,28.0,34.0,34.0,23.0,31.0,31.0,35.0,30.0,35.0,37.0,30.0,33.0,32.0,31.0,31.0,25.0,37.0,44.0,48.0,38.0,47.0,30.0,48.0,35.0,29.0,30.0,38.0,39.0,32.0,38.0,34.0,37.0,41.0,38.0,38.0,36.0,30.0,39.0,33.0,41.0,25.0,43.0,32.0,24.0,34.0,32.0,31.0,31.0,36.0
17.0,31.0,33.0,27.0,26.0,23.0,31.0,26.0,29.0,16.0,21.0,23.0,32.0,31.0,30.0,33.0,33.0,33.0,17.0,27.0,23.0,28.0,25.0,33.0,23.0,29.0,21.0,26.0,24.0,32.0,23.0,21.0,25.0,25.0,31.0,27.0,28.0,25.0,28.0,33.0,29.0,28.0,20.0,25.0,39.0,29.0,34.0,24.0,24.0,20.0
30.0,17.0,32.0,25.0,36.0,31.0,21.0,18.0,29.0,16.0,21.0,21.0,28.0,24.0,19.0,33.0,30.0,22.0,33.0,25.0,28.0,21.0,20.0,16.0,31.0,23.0,31.0,24.0,30.0,17.0,22.0,27.0,33.0,30.0,26.0,32.0,30.0,32.0,28.0,19.0,32.0,35.0,30.0,21.0,33.0,24.0,28.0,23.0,24.0,31.0
40.0,31.0,26.0,33.0,30.0,39.0,30.0,29.0,33.0,35.0,44.0,28.0,31.0,37.0,40.0,27.0,38.0,26.0,33.0,32.0,29.0,36.0,31.0,22.0,23.0,42.0,32.0,24.0,41.0,23.0,42.0,35.0,30.0,26.0,25.0,35.0,33.0,31.0,35.0,30.0,33.0,32.0,30.0,28.0,33.0,22.0,44.0,20.0,28.0,30.0
20.0,33.0,23.0,27.0,29.0,14.0,28.0,29.0,32.0,25.0,26.0,30.0,28.0,18.0,25.0,24.0,26.0,17.0,22.0,20.0,23.0,22.0,28.0,20.0,17.0,23.0,23.0,32.0,17.0,30.0,27.0,28.0,28.0,31.0,33.0,20.0,24.0,16.0,19.0,26.0,18.0,30.0,22.0,27.0,30.0,26.0,17.0,22.0,27.0,14.0
