10,50,1000
16.233138,15.824458,19.918822,17.532018,18.472793,19.889494,16.282636,15.220014,19.43676,18.728093
6.349256,7.198133,8.700278,7.806162,5.865571,5.616721,8.521518,9.823595,6.296767,9.120983
0.0,10.0,20.0,30.0,40.0,50.0,60.0,70.0,80.0,90.0
10.0,0.0,10.0,20.0,30.0,40.0,50.0,60.0,70.0,80.0
20.0,10.0,0.0,10.0,20.0,30.0,40.0,50.0,60.0,70.0
30.0,20.0,10.0,0.0,10.0,20.0,30.0,40.0,50.0,60.0
40.0,30.0,20.0,10.0,0.0,10.0,20.0,30.0,40.0,50.0
50.0,40.0,30.0,20.0,10.0,0.0,10.0,20.0,30.0,40.0
60.0,50.0,40.0,30.0,20.0,10.0,0.0,10.0,20.0,30.0
70.0,60.0,50.0,40.0,30.0,20.0,10.0,0.0,10.0,20.0
80.0,70.0,60.0,50.0,40.0,30.0,20.0,10.0,0.0,10.0
90.0,80.0,70.0,60.0,50.0,40.0,30.0,20.0,10.0,0.0
450.0,400.0,350.0,300.0,250.0,250.0,300.0,350.0,400.0,450.0
0.0,1.0,2.0,3.0,4.0,5.0,6.0,7.0,8.0,9.0
1.0,0.0,1.0,2.0,3.0,4.0,5.0,6.0,7.0,8.0
2.0,1.0,0.0,1.0,2.0,3.0,4.0,5.0,6.0,7.0
3.0,2.0,1.0,0.0,1.0,2.0,3.0,4.0,5.0,6.0
4.0,3.0,2.0,1.0,0.0,1.0,2.0,3.0,4.0,5.0
5.0,4.0,3.0,2.0,1.0,0.0,1.0,2.0,3.0,4.0
6.0,5.0,4.0,3.0,2.0,1.0,0.0,1.0,2.0,3.0
7.0,6.0,5.0,4.0,3.0,2.0,1.0,0.0,1.0,2.0
8.0,7.0,6.0,5.0,4.0,3.0,2.0,1.0,0.0,1.0
9.0,8.0,7.0,6.0,5.0,4.0,3.0,2.0,1.0,0.0
45.0,40.0,35.0,30.0,25.0,25.0,30.0,35.0,40.0,45.0
31.0,22.0,24.0,18.0,24.0,29.0,32.0,26.0,27.0,25.0,25.0,28.0,19.0,25.0,21.0,18.0,21.0,30.0,17.0,22.0,21.0,32.0,20.0,27.0,19.0,26.0,20.0,26.0,24.0,25.0,28.0,17.0,30.0,27.0,18.0,26.0,21.0,21.0,28.0,20.0,24.0,18.0,19.0,20.0,16.0,29.0,38.0,18.0,25.0,19.0
18.0,26.0,17.0,25.0,18.0,31.0,30.0,20.0,26.0,23.0,23.0,21.0,28.0,20.0,30.0,30.0,28.0,24.0,27.0,27.0,25.0,23.0,29.0,31.0,20.0,35.0,29.0,21.0,27.0,23.0,27.0,17.0,22.0,26.0,26.0,40.0,31.0,36.0,20.0,23.0,18.0,34.0,28.0,23.0,31.0,35.0,29.0,36.0,23.0,21.0
26.0,38.0,27.0,33.0,28.0,26.0,32.0,30.0,28.0,36.0,33.0,32.0,35.0,35.0,23.0,26.0,33.0,29.0,24.0,32.0,32.0,38.0,22.0,36.0,27.0,40.0,26.0,27.0,24.0,32.0,25.0,31.0,26.0,37.0,32.0,43.0,40.0,36.0,24.0,33.0,43.0,28.0,28.0,37.0,36.0,30.0,44.0,33.0,34.0,31.0
25.0,29.0,35.0,24.0,25.0,27.0,27.0,25.0,32.0,33.0,29.0,32.0,30.0,24.0,25.0,37.0,28.0,31.0,33.0,21.0,31.0,27.0,25.0,42.0,29.0,31.0,26.0,35.0,32.0,36.0,36.0,42.0,29.0,23.0,34.0,38.0,34.0,33.0,29.0,33.0,24.0,31.0,31.0,28.0,27.0,31.0,30.0,30.0,35.0,28.0
36.0,20.0,19.0,19.0,19.0,22.0,18.0,23.0,19.0,24.0,19.0,26.0,21.0,23.0,21.0,20.0,27.0,28.0,29.0,27.0,19.0,28.0,25.0,22.0,18.0,28.0,23.0,28.0,20.0,26.0,25.0,21.0,26.0,32.0,28.0,25.0,24.0,25.0,14.0,29.0,25.0,21.0,35.0,26.0,24.0,26.0,20.0,15.0,28.0,23.0
19.0,20.0,31.0,27.0,30.0,28.0,17.0,20.0,33.0,21.0,25.0,26.0,18.0,27.0,22.0,21.0,19.0,24.0,25.0,23.0,20.0,22.0,20.0,28.0,18.0,18.0,24.0,23.0,25.0,19.0,17.0,25.0,21.0,27.0,23.0,24.0,26.0,25.0,26.0,29.0,20.0,27.0,21.0,25.0,21.0,17.0,19.0,27.0,24.0,28.0
32.0,40.0,40.0,27.0,27.0,32.0,27.0,18.0,34.0,40.0,40.0,30.0,22.0,38.0,35.0,30.0,37.0,45.0,28.0,43.0,29.0,20.0,41.0,39.0,39.0,31.0,41.0,25.0,25.0,46.0,22.0,36.0,35.0,35.0,34.0,24.0,26.0,41.0,39.0,35.0,41.0,33.0,35.0,37.0,36.0,28.0,23.0,33.0,32.0,36.0
28.0,36.0,41.0,35.0,27.0,33.0,30.0,31.0,45.0,43.0,41.0,31.0,45.0,32.0,34.0,40.0,27.0,35.0,35.0,38.0,27.0,31.0,22.0,40.0,34.0,38.0,35.0,39.0,45.0,36.0,28.0,31.0,40.0,34.0,34.0,41.0,38.0,40.0,44.0,27.0,32.0,29.0,35.0,34.0,36.0,47.0,38.0,27.0,37.0,26.0
21.0,27.0,27.0,33.0,26.0,28.0,34.0,29.0,25.0,23.0,27.0,19.0,28.0,27.0,29.0,25.0,31.0,18.0,17.0,27.0,24.0,21.0,33.0,25.0,23.0,28.0,30.0,26.0,25.0,24.0,32.0,25.0,24.0,26.0,31.0,27.0,29.0,25.0,24.0,28.0,24.0,27.0,27.0,25.0,24.0,35.0,26.0,30.0,23.0,20.0
28.0,31.0,35.0,36.0,31.0,36.0,28.0,54.0,29.0,57.0,33.0,30.0,29.0,39.0,45.0,39.0,24.0,24.0,33.0,43.0,40.0,38.0,43.0,31.0,44.0,33.0,41.0,37.0,36.0,40.0,24.0,30.0,34.0,28.0,26.0,25.0,34.0,35.0,35.0,33.0,24.0,17.0,44.0,28.0,30.0,31.0,32.0,39.0,33.0,34.0
