10,50,1000
19.530151,15.225365,19.808244,18.280684,19.953703,17.294392,16.275854,19.46418,18.020067,16.087458
5.784833,9.185817,6.9406,9.358896,5.717912,6.064598,8.224657,6.318214,6.155453,7.988697
0.0,10.0,20.0,30.0,40.0,50.0,60.0,70.0,80.0,90.0
10.0,0.0,10.0,20.0,30.0,40.0,50.0,60.0,70.0,80.0
20.0,10.0,0.0,10.0,20.0,30.0,40.0,50.0,60.0,70.0
30.0,20.0,10.0,0.0,10.0,20.0,30.0,40.0,50.0,60.0
40.0,30.0,20.0,10.0,0.0,10.0,20.0,30.0,40.0,50.0
50.0,40.0,30.0,20.0,10.0,0.0,10.0,20.0,30.0,40.0
60.0,50.0,40.0,30.0,20.0,10.0,0.0,10.0,20.0,30.0
70.0,60.0,50.0,40.0,30.0,20.0,10.0,0.0,10.0,20.0
80.0,70.0,60.0,50.0,40.0,30.0,20.0,10.0,0.0,10.0
90.0,80.0,70.0,60.0,50.0,40.0,30.0,20.0,10.0,0.0
450.0,400.0,350.0,300.0,250.0,250.0,300.0,350.0,400.0,450.0
0.0,1.0,2.0,3.0,4.0,5.0,6.0,7.0,8.0,9.0
1.0,0.0,1.0,2.0,3.0,4.0,5.0,6.0,7.0,8.0
2.0,1.0,0.0,1.0,2.0,3.0,4.0,5.0,6.0,7.0
3.0,2.0,1.0,0.0,1.0,2.0,3.0,4.0,5.0,6.0
4.0,3.0,2.0,1.0,0.0,1.0,2.0,3.0,4.0,5.0
5.0,4.0,3.0,2.0,1.0,0.0,1.0,2.0,3.0,4.0
6.0,5.0,4.0,3.0,2.0,1.0,0.0,1.0,2.0,3.0
7.0,6.0,5.0,4.0,3.0,2.0,1.0,0.0,1.0,2.0
8.0,7.0,6.0,5.0,4.0,3.0,2.0,1.0,0.0,1.0
9.0,8.0,7.0,6.0,5.0,4.0,3.0,2.0,1.0,0.0
45.0,40.0,35.0,30.0,25.0,25.0,30.0,35.0,40.0,45.0
16.0,20.0,17.0,18.0,25.0,22.0,20.0,23.0,23.0,25.0,22.0,28.0,27.0,29.0,30.0,22.0,32.0,23.0,27.0,31.0,27.0,23.0,34.0,22.0,12.0,22.0,25.0,33.0,22.0,19.0,24.0,26.0,33.0,27.0,27.0,27.0,20.0,28.0,20.0,29.0,21.0,21.0,19.0,28.0,26.0,33.0,20.0,20.0,20.0,29.0
32.0,38.0,32.0,31.0,44.0,35.0,26.0,25.0,38.0,27.0,31.0,29.0,34.0,31.0,22.0,35.0,32.0,27.0,32.0,30.0,35.0,34.0,38.0,26.0,21.0,34.0,30.0,27.0,37.0,28.0,28.0,36.0,32.0,26.0,36.0,31.0,26.0,51.0,35.0,35.0,26.0,35.0,29.0,28.0,47.0,32.0,23.0,28.0,38.0,35.0
29.0,17.0,29.0,28.0,24.0,25.0,16.0,34.0,26.0,32.0,25.0,35.0,27.0,25.0,30.0,34.0,34.0,24.0,30.0,32.0,25.0,26.0,25.0,29.0,24.0,22.0,24.0,22.0,32.0,27.0,24.0,23.0,26.0,27.0,23.0,30.0,27.0,30.0,24.0,20.0,30.0,25.0,32.0,23.0,30.0,24.0,27.0,25.0,29.0,33.0
29.0,46.0,44.0,39.0,21.0,38.0,39.0,39.0,36.0,46.0,28.0,31.0,37.0,42.0,38.0,43.0,39.0,45.0,39.0,31.0,37.0,30.0,28.0,32.0,40.0,37.0,33.0,32.0,35.0,39.0,39.0,39.0,30.0,29.0,33.0,36.0,35.0,35.0,42.0,31.0,33.0,31.0,57.0,25.0,34.0,39.0,34.0,32.0,37.0,26.0
23.0,21.0,19.0,29.0,19.0,25.0,23.0,22.0,23.0,15.0,19.0,28.0,25.0,24.0,22.0,27.0,28.0,20.0,20.0,26.0,27.0,26.0,22.0,23.0,28.0,28.0,29.0,29.0,29.0,29.0,21.0,25.0,26.0,30.0,25.0,22.0,21.0,36.0,21.0,32.0,32.0,28.0,28.0,18.0,23.0,24.0,23.0,24.0,20.0,18.0
25.0,12.0,19.0,27.0,17.0,23.0,29.0,24.0,25.0,35.0,28.0,29.0,28.0,37.0,18.0,21.0,24.0,22.0,23.0,26.0,20.0,29.0,20.0,30.0,21.0,16.0,23.0,34.0,23.0,18.0,27.0,20.0,26.0,25.0,21.0,31.0,20.0,38.0,23.0,17.0,27.0,22.0,19.0,16.0,23.0,16.0,27.0,23.0,24.0,33.0
30.0,46.0,35.0,38.0,36.0,23.0,24.0,30.0,27.0,35.0,27.0,33.0,35.0,35.0,33.0,25.0,27.0,43.0,31.0,34.0,29.0,23.0,35.0,26.0,43.0,22.0,29.0,28.0,23.0,31.0,44.0,39.0,34.0,37.0,30.0,30.0,19.0,23.0,31.0,32.0,35.0,26.0,35.0,26.0,30.0,20.0,22.0,23.0,27.0,35.0
22.0,28.0,27.0,25.0,27.0,27.0,27.0,14.0,24.0,21.0,26.0,22.0,29.0,23.0,28.0,31.0,27.0,24.0,21.0,17.0,28.0,30.0,24.0,21.0,24.0,27.0,33.0,22.0,37.0,25.0,20.0,20.0,29.0,29.0,29.0,25.0,28.0,31.0,20.0,21.0,22.0,16.0,31.0,23.0,33.0,30.0,26.0,26.0,23.0,22.0
33.0,28.0,44.0,25.0,26.0,28.0,30.0,25.0,32.0,27.0,28.0,29.0,24.0,28.0,26.0,22.0,30.0,14.0,20.0,22.0,30.0,21.0,28.0,20.0,21.0,27.0,26.0,27.0,26.0,31.0,22.0,22.0,30.0,16.0,30.0,23.0,23.0,22.0,26.0,25.0,26.0,22.0,29.0,23.0,19.0,12.0,27.0,27.0,28.0,34.0
23.0,19.0,28.0,34.0,38.0,29.0,24.0,33.0,25.0,19.0,32.0,40.0,37.0,33.0,25.0,31.0,25.0,24.0,32.0,28.0,30.0,19.0,25.0,34.0,26.0,22.0,36.0,33.0,29.0,28.0,21.0,34.0,29.0,31.0,28.0,29.0,30.0,36.0,45.0,23.0,40.0,37.0,23.0,27.0,30.0,25.0,35.0,24.0,20.0,23.0
