10,50,1000
19.327302,15.659542,15.457552,17.821155,17.057353,19.969883,19.773554,19.75622,18.681004,15.734381
5.364487,9.653442,5.340766,6.047184,8.561876,7.523709,5.790138,5.357455,7.43046,6.435214
0.0,10.0,20.0,30.0,40.0,50.0,60.0,70.0,80.0,90.0
10.0,0.0,10.0,20.0,30.0,40.0,50.0,60.0,70.0,80.0
20.0,10.0,0.0,10.0,20.0,30.0,40.0,50.0,60.0,70.0
30.0,20.0,10.0,0.0,10.0,20.0,30.0,40.0,50.0,60.0
40.0,30.0,20.0,10.0,0.0,10.0,20.0,30.0,40.0,50.0
50.0,40.0,30.0,20.0,10.0,0.0,10.0,20.0,30.0,40.0
60.0,50.0,40.0,30.0,20.0,10.0,0.0,10.0,20.0,30.0
70.0,60.0,50.0,40.0,30.0,20.0,10.0,0.0,10.0,20.0
80.0,70.0,60.0,50.0,40.0,30.0,20.0,10.0,0.0,10.0
90.0,80.0,70.0,60.0,50.0,40.0,30.0,20.0,10.0,0.0
450.0,400.0,350.0,300.0,250.0,250.0,300.0,350.0,400.0,450.0
0.0,1.0,2.0,3.0,4.0,5.0,6.0,7.0,8.0,9.0
1.0,0.0,1.0,2.0,3.0,4.0,5.0,6.0,7.0,8.0
2.0,1.0,0.0,1.0,2.0,3.0,4.0,5.0,6.0,7.0
3.0,2.0,1.0,0.0,1.0,2.0,3.0,4.0,5.0,6.0
4.0,3.0,2.0,1.0,0.0,1.0,2.0,3.0,4.0,5.0
5.0,4.0,3.0,2.0,1.0,0.0,1.0,2.0,3.0,4.0
6.0,5.0,4.0,3.0,2.0,1.0,0.0,1.0,2.0,3.0
7.0,6.0,5.0,4.0,3.0,2.0,1.0,0.0,1.0,2.0
8.0,7.0,6.0,5.0,4.0,3.0,2.0,1.0,0.0,1.0
9.0,8.0,7.0,6.0,5.0,4.0,3.0,2.0,1.0,0.0
45.0,40.0,35.0,30.0,25.0,25.0,30.0,35.0,40.0,45.0
22.0,19.0,24.0,27.0,21.0,28.0,23.0,20.0,24.0,31.0,25.0,16.0,19.0,35.0,18.0,24.0,21.0,26.0,26.0,23.0,19.0,21.0,23.0,32.0,36.0,26.0,17.0,23.0,20.0,32.0,16.0,25.0,21.0,26.0,24.0,27.0,27.0,21.0,27.0,32.0,27.0,28.0,22.0,23.0,31.0,13.0,13.0,24.0,22.0,21.0
40.0,35.0,39.0,28.0,35.0,34.0,36.0,39.0,47.0,38.0,35.0,38.0,33.0,24.0,38.0,29.0,26.0,19.0,24.0,29.0,32.0,40.0,27.0,26.0,34.0,46.0,47.0,46.0,31.0,43.0,30.0,38.0,47.0,33.0,34.0,25.0,26.0,36.0,27.0,35.0,24.0,34.0,29.0,37.0,22.0,28.0,37.0,37.0,43.0,31.0
13.0,21.0,25.0,20.0,23.0,16.0,16.0,13.0,25.0,24.0,25.0,16.0,25.0,25.0,16.0,27.0,14.0,18.0,27.0,19.0,27.0,18.0,16.0,19.0,22.0,17.0,20.0,15.0,20.0,16.0,17.0,28.0,19.0,24.0,23.0,28.0,21.0,20.0,25.0,26.0,21.0,15.0,26.0,23.0,19.0,27.0,27.0,23.0,27.0,19.0
22.0,26.0,16.0,20.0,23.0,21.0,19.0,26.0,27.0,21.0,24.0,17.0,29.0,24.0,19.0,22.0,25.0,24.0,26.0,25.0,26.0,22.0,15.0,16.0,33.0,25.0,31.0,28.0,28.0,23.0,20.0,24.0,30.0,22.0,32.0,32.0,24.0,22.0,21.0,30.0,30.0,23.0,21.0,21.0,29.0,20.0,22.0,25.0,21.0,14.0
25.0,42.0,33.0,37.0,26.0,33.0,28.0,37.0,32.0,36.0,32.0,40.0,28.0,39.0,32.0,41.0,27.0,24.0,27.0,28.0,30.0,32.0,31.0,26.0,37.0,29.0,39.0,33.0,29.0,27.0,24.0,31.0,31.0,43.0,36.0,29.0,39.0,27.0,46.0,34.0,26.0,33.0,36.0,31.0,35.0,32.0,28.0,26.0,35.0,31.0
26.0,30.0,29.0,36.0,31.0,30.0,30.0,37.0,41.0,35.0,32.0,35.0,34.0,24.0,42.0,25.0,31.0,26.0,30.0,26.0,34.0,30.0,40.0,33.0,40.0,29.0,24.0,25.0,27.0,35.0,24.0,37.0,30.0,39.0,31.0,36.0,42.0,33.0,25.0,27.0,29.0,24.0,22.0,23.0,22.0,40.0,30.0,26.0,32.0,24.0
29.0,27.0,24.0,22.0,19.0,35.0,38.0,24.0,23.0,25.0,23.0,20.0,21.0,24.0,25.0,28.0,12.0,17.0,19.0,18.0,29.0,17.0,36.0,12.0,32.0,33.0,28.0,26.0,26.0,22.0,19.0,28.0,23.0,29.0,25.0,32.0,26.0,21.0,28.0,22.0,19.0,20.0,22.0,15.0,25.0,25.0,25.0,22.0,27.0,27.0
22.0,27.0,28.0,29.0,20.0,22.0,25.0,18.0,29.0,32.0,23.0,23.0,26.0,20.0,23.0,31.0,28.0,17.0,25.0,27.0,21.0,20.0,23.0,15.0,27.0,16.0,30.0,29.0,22.0,27.0,26.0,15.0,17.0,17.0,23.0,26.0,30.0,20.0,18.0,22.0,22.0,21.0,21.0,32.0,24.0,25.0,26.0,25.0,20.0,23.0
22.0,29.0,21.0,30.0,26.0,28.0,34.0,36.0,39.0,25.0,30.0,33.0,24.0,39.0,27.0,27.0,30.0,36.0,32.0,18.0,30.0,29.0,34.0,38.0,27.0,20.0,29.0,21.0,35.0,33.0,30.0,25.0,25.0,30.0,23.0,28.0,31.0,28.0,25.0,33.0,33.0,21.0,28.0,34.0,24.0,22.0,25.0,30.0,38.0,39.0
22.0,23.0,23.0,34.0,25.0,25.0,29.0,23.0,22.0,29.0,26.0,17.0,27.0,16.0,26.0,24.0,28.0,22.0,23.0,20.0,27.0,24.0,22.0,26.0,20.0,20.0,22.0,24.0,24.0,23.0,19.0,20.0,20.0,18.0,28.0,29.0,27.0,33.0,24.0,35.0,27.0,19.0,19.0,21.0,20.0,27.0,25.0,17.0,26.0,33.0
