10,50,1000
18.284288,16.97092,15.916991,18.796448,16.462972,18.439327,19.941117,17.918369,15.161741,15.217244
8.791805,9.716842,8.938073,9.471233,8.659838,7.986226,7.313706,8.143739,8.773299,6.930999
0.0,10.0,20.0,30.0,40.0,50.0,60.0,70.0,80.0,90.0
10.0,0.0,10.0,20.0,30.0,40.0,50.0,60.0,70.0,80.0
20.0,10.0,0.0,10.0,20.0,30.0,40.0,50.0,60.0,70.0
30.0,20.0,10.0,0.0,10.0,20.0,30.0,40.0,50.0,60.0
40.0,30.0,20.0,10.0,0.0,10.0,20.0,30.0,40.0,50.0
50.0,40.0,30.0,20.0,10.0,0.0,10.0,20.0,30.0,40.0
60.0,50.0,40.0,30.0,20.0,10.0,0.0,10.0,20.0,30.0
70.0,60.0,50.0,40.0,30.0,20.0,10.0,0.0,10.0,20.0
80.0,70.0,60.0,50.0,40.0,30.0,20.0,10.0,0.0,10.0
90.0,80.0,70.0,60.0,50.0,40.0,30.0,20.0,10.0,0.0
450.0,400.0,350.0,300.0,250.0,250.0,300.0,350.0,400.0,450.0
0.0,1.0,2.0,3.0,4.0,5.0,6.0,7.0,8.0,9.0
1.0,0.0,1.0,2.0,3.0,4.0,5.0,6.0,7.0,8.0
2.0,1.0,0.0,1.0,2.0,3.0,4.0,5.0,6.0,7.0
3.0,2.0,1.0,0.0,1.0,2.0,3.0,4.0,5.0,6.0
4.0,3.0,2.0,1.0,0.0,1.0,2.0,3.0,4.0,5.0
5.0,4.0,3.0,2.0,1.0,0.0,1.0,2.0,3.0,4.0
6.0,5.0,4.0,3.0,2.0,1.0,0.0,1.0,2.0,3.0
7.0,6.0,5.0,4.0,3.0,2.0,1.0,0.0,1.0,2.0
8.0,7.0,6.0,5.0,4.0,3.0,2.0,1.0,0.0,1.0
9.0,8.0,7.0,6.0,5.0,4.0,3.0,2.0,1.0,0.0
45.0,40.0,35.0,30.0,25.0,25.0,30.0,35.0,40.0,45.0
37.0,32.0,18.0,35.0,35.0,41.0,30.0,30.0,37.0,37.0,34.0,36.0,26.0,32.0,21.0,37.0,39.0,35.0,36.0,29.0,32.0,35.0,37.0,29.0,28.0,26.0,29.0,39.0,22.0,35.0,32.0,20.0,22.0,24.0,42.0,34.0,25.0,37.0,33.0,47.0,25.0,35.0,49.0,32.0,32.0,31.0,36.0,40.0,30.0,30.0
20.0,39.0,38.0,35.0,48.0,27.0,33.0,49.0,43.0,36.0,36.0,33.0,32.0,46.0,29.0,50.0,33.0,40.0,37.0,43.0,32.0,36.0,32.0,34.0,34.0,41.0,37.0,40.0,33.0,34.0,25.0,41.0,28.0,37.0,41.0,50.0,39.0,38.0,33.0,35.0,32.0,34.0,41.0,21.0,40.0,35.0,24.0,41.0,47.0,34.0
26.0,35.0,32.0,34.0,35.0,34.0,34.0,38.0,33.0,35.0,23.0,28.0,29.0,35.0,25.0,38.0,38.0,39.0,30.0,31.0,29.0,41.0,34.0,42.0,34.0,31.0,33.0,33.0,27.0,41.0,38.0,39.0,35.0,38.0,29.0,28.0,38.0,40.0,44.0,24.0,35.0,26.0,34.0,31.0,42.0,31.0,34.0,32.0,30.0,39.0
36.0,51.0,36.0,27.0,38.0,38.0,32.0,31.0,31.0,30.0,31.0,34.0,35.0,27.0,24.0,43.0,29.0,43.0,28.0,36.0,43.0,32.0,25.0,36.0,31.0,43.0,38.0,32.0,34.0,30.0,39.0,35.0,41.0,28.0,31.0,32.0,39.0,37.0,29.0,37.0,40.0,34.0,42.0,32.0,35.0,39.0,32.0,43.0,28.0,37.0
24.0,39.0,41.0,35.0,30.0,35.0,24.0,38.0,27.0,35.0,35.0,34.0,30.0,41.0,34.0,40.0,34.0,31.0,35.0,31.0,21.0,35.0,38.0,33.0,35.0,38.0,27.0,25.0,29.0,42.0,26.0,40.0,34.0,25.0,35.0,26.0,49.0,31.0,25.0,37.0,29.0,32.0,33.0,41.0,35.0,30.0,35.0,40.0,38.0,36.0
24.0,42.0,26.0,32.0,35.0,38.0,32.0,30.0,32.0,32.0,28.0,31.0,42.0,31.0,26.0,28.0,33.0,26.0,31.0,24.0,39.0,39.0,38.0,30.0,22.0,40.0,35.0,36.0,29.0,29.0,28.0,29.0,31.0,35.0,41.0,33.0,30.0,43.0,35.0,28.0,41.0,35.0,25.0,33.0,38.0,36.0,31.0,23.0,25.0,34.0
30.0,29.0,23.0,30.0,36.0,25.0,29.0,36.0,19.0,29.0,36.0,19.0,25.0,29.0,25.0,22.0,32.0,31.0,26.0,38.0,29.0,25.0,32.0,36.0,25.0,28.0,28.0,27.0,26.0,18.0,28.0,27.0,27.0,29.0,43.0,29.0,33.0,31.0,26.0,20.0,25.0,22.0,29.0,28.0,26.0,37.0,31.0,30.0,38.0,38.0
37.0,34.0,23.0,27.0,32.0,44.0,33.0,35.0,22.0,25.0,37.0,31.0,31.0,30.0,39.0,36.0,37.0,31.0,40.0,32.0,37.0,38.0,34.0,27.0,36.0,31.0,34.0,38.0,31.0,28.0,29.0,38.0,37.0,26.0,30.0,32.0,27.0,26.0,36.0,34.0,29.0,30.0,24.0,38.0,29.0,26.0,41.0,28.0,29.0,37.0
40.0,38.0,27.0,35.0,21.0,27.0,29.0,30.0,17.0,34.0,36.0,32.0,36.0,27.0,24.0,36.0,38.0,36.0,27.0,47.0,38.0,37.0,24.0,33.0,31.0,29.0,41.0,34.0,32.0,23.0,35.0,33.0,42.0,26.0,27.0,38.0,25.0,33.0,33.0,38.0,29.0,30.0,31.0,24.0,46.0,31.0,33.0,26.0,19.0,27.0
38.0,31.0,24.0,24.0,20.0,27.0,27.0,23.0,24.0,20.0,18.0,30.0,30.0,26.0,23.0,27.0,19.0,39.0,22.0,25.0,29.0,30.0,28.0,23.0,26.0,28.0,32.0,32.0,29.0,23.0,20.0,27.0,35.0,25.0,18.0,19.0,21.0,20.0,26.0,21.0,24.0,32.0,23.0,21.0,24.0,30.0,22.0,21.0,22.0,20.0
