10,50,1000
17.609794,16.466426,15.748949,16.574958,19.157004,18.965276,19.747702,18.704402,15.21962,17.614729
6.431282,6.70937,5.286068,5.196389,9.980474,7.133854,5.670853,7.74078,8.315906,7.317705
0.0,10.0,20.0,30.0,40.0,50.0,60.0,70.0,80.0,90.0
10.0,0.0,10.0,20.0,30.0,40.0,50.0,60.0,70.0,80.0
20.0,10.0,0.0,10.0,20.0,30.0,40.0,50.0,60.0,70.0
30.0,20.0,10.0,0.0,10.0,20.0,30.0,40.0,50.0,60.0
40.0,30.0,20.0,10.0,0.0,10.0,20.0,30.0,40.0,50.0
50.0,40.0,30.0,20.0,10.0,0.0,10.0,20.0,30.0,40.0
60.0,50.0,40.0,30.0,20.0,10.0,0.0,10.0,20.0,30.0
70.0,60.0,50.0,40.0,30.0,20.0,10.0,0.0,10.0,20.0
80.0,70.0,60.0,50.0,40.0,30.0,20.0,10.0,0.0,10.0
90.0,80.0,70.0,60.0,50.0,40.0,30.0,20.0,10.0,0.0
450.0,400.0,350.0,300.0,250.0,250.0,300.0,350.0,400.0,450.0
0.0,1.0,2.0,3.0,4.0,5.0,6.0,7.0,8.0,9.0
1.0,0.0,1.0,2.0,3.0,4.0,5.0,6.0,7.0,8.0
2.0,1.0,0.0,1.0,2.0,3.0,4.0,5.0,6.0,7.0
3.0,2.0,1.0,0.0,1.0,2.0,3.0,4.0,5.0,6.0
4.0,3.0,2.0,1.0,0.0,1.0,2.0,3.0,4.0,5.0
5.0,4.0,3.0,2.0,1.0,0.0,1.0,2.0,3.0,4.0
6.0,5.0,4.0,3.0,2.0,1.0,0.0,1.0,2.0,3.0
7.0,6.0,5.0,4.0,3.0,2.0,1.0,0.0,1.0,2.0
8.0,7.0,6.0,5.0,4.0,3.0,2.0,1.0,0.0,1.0
9.0,8.0,7.0,6.0,5.0,4.0,3.0,2.0,1.0,0.0
45.0,40.0,35.0,30.0,25.0,25.0,30.0,35.0,40.0,45.0
25.0,25.0,27.0,26.0,26.0,34.0,33.0,24.0,33.0,22.0,25.0,36.0,16.0,15.0,21.0,28.0,25.0,26.0,20.0,27.0,27.0,32.0,30.0,21.0,22.0,22.0,37.0,14.0,30.0,23.0,35.0,26.0,17.0,24.0,30.0,20.0,22.0,31.0,28.0,22.0,27.0,25.0,23.0,28.0,20.0,28.0,17.0,21.0,25.0,31.0
20.0,26.0,28.0,19.0,26.0,28.0,20.0,28.0,26.0,22.0,21.0,34.0,29.0,21.0,30.0,26.0,34.0,26.0,23.0,21.0,39.0,23.0,32.0,32.0,28.0,26.0,24.0,27.0,22.0,29.0,34.0,28.0,40.0,19.0,31.0,25.0,14.0,28.0,31.0,23.0,30.0,19.0,24.0,21.0,22.0,27.0,36.0,22.0,23.0,31.0
16.0,23.0,27.0,19.0,20.0,26.0,16.0,25.0,20.0,17.0,22.0,23.0,24.0,23.0,28.0,22.0,32.0,27.0,20.0,24.0,9.0,31.0,21.0,19.0,13.0,27.0,22.0,25.0,16.0,15.0,20.0,19.0,22.0,20.0,22.0,16.0,17.0,21.0,25.0,15.0,27.0,20.0,16.0,22.0,25.0,24.0,26.0,24.0,23.0,22.0
16.0,15.0,27.0,28.0,17.0,22.0,23.0,13.0,25.0,28.0,14.0,20.0,19.0,22.0,23.0,24.0,22.0,16.0,27.0,27.0,16.0,20.0,20.0,18.0,24.0,26.0,22.0,18.0,26.0,17.0,24.0,20.0,16.0,21.0,24.0,11.0,27.0,17.0,24.0,20.0,12.0,21.0,23.0,21.0,15.0,16.0,14.0,20.0,22.0,27.0
35.0,41.0,41.0,36.0,40.0,34.0,42.0,44.0,29.0,39.0,34.0,34.0,39.0,42.0,24.0,43.0,23.0,29.0,43.0,46.0,37.0,43.0,42.0,33.0,35.0,32.0,30.0,43.0,46.0,40.0,38.0,47.0,41.0,27.0,37.0,30.0,37.0,36.0,37.0,34.0,40.0,54.0,43.0,36.0,39.0,32.0,28.0,40.0,43.0,43.0
19.0,31.0,27.0,29.0,22.0,25.0,32.0,24.0,31.0,21.0,23.0,28.0,26.0,30.0,22.0,27.0,25.0,23.0,29.0,29.0,30.0,27.0,32.0,28.0,32.0,22.0,22.0,27.0,30.0,32.0,27.0,26.0,31.0,29.0,22.0,32.0,33.0,19.0,29.0,32.0,30.0,22.0,34.0,26.0,21.0,32.0,43.0,32.0,19.0,32.0
30.0,22.0,27.0,24.0,32.0,31.0,23.0,23.0,18.0,25.0,22.0,18.0,16.0,19.0,24.0,20.0,24.0,29.0,28.0,27.0,30.0,25.0,28.0,28.0,24.0,30.0,30.0,22.0,24.0,29.0,27.0,22.0,24.0,18.0,21.0,18.0,30.0,16.0,21.0,22.0,27.0,24.0,24.0,23.0,29.0,25.0,30.0,29.0,12.0,20.0
24.0,27.0,33.0,37.0,33.0,29.0,37.0,29.0,41.0,32.0,21.0,44.0,27.0,32.0,38.0,33.0,35.0,28.0,28.0,36.0,36.0,37.0,27.0,32.0,24.0,38.0,34.0,25.0,27.0,29.0,36.0,26.0,26.0,32.0,30.0,27.0,28.0,26.0,24.0,28.0,34.0,30.0,28.0,32.0,30.0,32.0,31.0,28.0,28.0,34.0
36.0,24.0,25.0,32.0,29.0,32.0,33.0,33.0,26.0,33.0,27.0,29.0,32.0,30.0,31.0,30.0,29.0,23.0,28.0,28.0,38.0,28.0,21.0,34.0,37.0,26.0,30.0,21.0,26.0,34.0,28.0,35.0,30.0,22.0,32.0,35.0,31.0,30.0,30.0,38.0,34.0,43.0,39.0,23.0,30.0,35.0,26.0,35.0,33.0,33.0
28.0,27.0,24.0,24.0,26.0,27.0,24.0,25.0,23.0,27.0,32.0,23.0,27.0,31.0,31.0,32.0,24.0,25.0,33.0,36.0,28.0,25.0,31.0,30.0,33.0,30.0,28.0,28.0,29.0,34.0,34.0,20.0,29.0,28.0,35.0,22.0,32.0,26.0,28.0,24.0,26.0,30.0,32.0,32.0,32.0,34.0,25.0,31.0,23.0,27.0
