10,50,1000
18.397402,18.569962,17.387291,15.251077,15.362357,17.47138,18.975883,17.226075,18.722232,19.18405
5.027989,5.807855,5.596139,8.215844,5.505763,6.938879,5.346383,6.180883,7.364273,9.789798
0.0,10.0,20.0,30.0,40.0,50.0,60.0,70.0,80.0,90.0
10.0,0.0,10.0,20.0,30.0,40.0,50.0,60.0,70.0,80.0
20.0,10.0,0.0,10.0,20.0,30.0,40.0,50.0,60.0,70.0
30.0,20.0,10.0,0.0,10.0,20.0,30.0,40.0,50.0,60.0
40.0,30.0,20.0,10.0,0.0,10.0,20.0,30.0,40.0,50.0
50.0,40.0,30.0,20.0,10.0,0.0,10.0,20.0,30.0,40.0
60.0,50.0,40.0,30.0,20.0,10.0,0.0,10.0,20.0,30.0
70.0,60.0,50.0,40.0,30.0,20.0,10.0,0.0,10.0,20.0
80.0,70.0,60.0,50.0,40.0,30.0,20.0,10.0,0.0,10.0
90.0,80.0,70.0,60.0,50.0,40.0,30.0,20.0,10.0,0.0
450.0,400.0,350.0,300.0,250.0,250.0,300.0,350.0,400.0,450.0
0.0,1.0,2.0,3.0,4.0,5.0,6.0,7.0,8.0,9.0
1.0,0.0,1.0,2.0,3.0,4.0,5.0,6.0,7.0,8.0
2.0,1.0,0.0,1.0,2.0,3.0,4.0,5.0,6.0,7.0
3.0,2.0,1.0,0.0,1.0,2.0,3.0,4.0,5.0,6.0
4.0,3.0,2.0,1.0,0.0,1.0,2.0,3.0,4.0,5.0
5.0,4.0,3.0,2.0,1.0,0.0,1.0,2.0,3.0,4.0
6.0,5.0,4.0,3.0,2.0,1.0,0.0,1.0,2.0,3.0
7.0,6.0,5.0,4.0,3.0,2.0,1.0,0.0,1.0,2.0
8.0,7.0,6.0,5.0,4.0,3.0,2.0,1.0,0.0,1.0
9.0,8.0,7.0,6.0,5.0,4.0,3.0,2.0,1.0,0.0
45.0,40.0,35.0,30.0,25.0,25.0,30.0,35.0,40.0,45.0
28.0,24.0,27.0,19.0,18.0,21.0,19.0,13.0,27.0,23.0,27.0,25.0,31.0,18.0,24.0,34.0,27.0,23.0,30.0,16.0,21.0,21.0,26.0,25.0,20.0,22.0,22.0,26.0,27.0,25.0,15.0,21.0,19.0,22.0,23.0,22.0,17.0,21.0,21.0,17.0,21.0,26.0,23.0,21.0,21.0,18.0,10.0,10.0,19.0,24.0
20.0,22.0,27.0,20.0,26.0,18.0,26.0,31.0,25.0,28.0,20.0,28.0,23.0,22.0,26.0,29.0,22.0,21.0,24.0,19.0,26.0,19.0,20.0,23.0,24.0,28.0,19.0,33.0,19.0,28.0,33.0,24.0,21.0,32.0,27.0,14.0,18.0,26.0,37.0,25.0,31.0,19.0,28.0,22.0,23.0,38.0,27.0,15.0,27.0,31.0
20.0,17.0,21.0,18.0,26.0,20.0,22.0,33.0,20.0,25.0,25.0,31.0,17.0,18.0,28.0,23.0,23.0,27.0,26.0,27.0,20.0,15.0,27.0,16.0,23.0,19.0,23.0,28.0,26.0,28.0,24.0,23.0,21.0,13.0,24.0,25.0,24.0,21.0,24.0,18.0,33.0,21.0,20.0,18.0,24.0,30.0,28.0,21.0,22.0,17.0
30.0,43.0,27.0,28.0,22.0,32.0,25.0,29.0,28.0,35.0,29.0,42.0,34.0,28.0,29.0,27.0,27.0,18.0,27.0,23.0,29.0,29.0,23.0,29.0,41.0,27.0,31.0,31.0,30.0,25.0,33.0,27.0,29.0,31.0,34.0,24.0,29.0,25.0,30.0,31.0,26.0,39.0,31.0,33.0,27.0,27.0,34.0,27.0,26.0,30.0
31.0,20.0,18.0,19.0,28.0,26.0,18.0,29.0,23.0,20.0,23.0,18.0,22.0,20.0,24.0,17.0,27.0,19.0,18.0,24.0,21.0,14.0,20.0,26.0,26.0,21.0,24.0,18.0,26.0,18.0,15.0,27.0,21.0,27.0,19.0,43.0,19.0,19.0,30.0,19.0,33.0,22.0,26.0,28.0,27.0,21.0,23.0,20.0,24.0,16.0
20.0,23.0,30.0,23.0,40.0,29.0,33.0,25.0,22.0,38.0,26.0,30.0,23.0,30.0,24.0,33.0,24.0,29.0,22.0,22.0,25.0,29.0,19.0,21.0,25.0,37.0,29.0,33.0,25.0,26.0,27.0,23.0,23.0,23.0,28.0,21.0,23.0,34.0,25.0,25.0,24.0,27.0,27.0,27.0,28.0,21.0,24.0,33.0,27.0,34.0
25.0,19.0,18.0,19.0,21.0,25.0,27.0,21.0,21.0,20.0,28.0,27.0,24.0,27.0,18.0,23.0,29.0,26.0,20.0,18.0,20.0,21.0,31.0,22.0,17.0,24.0,19.0,25.0,24.0,26.0,13.0,25.0,18.0,28.0,21.0,22.0,33.0,22.0,22.0,26.0,23.0,36.0,17.0,16.0,24.0,12.0,26.0,19.0,16.0,19.0
21.0,20.0,24.0,27.0,14.0,17.0,31.0,21.0,24.0,24.0,25.0,16.0,32.0,26.0,30.0,26.0,21.0,20.0,19.0,33.0,24.0,25.0,18.0,27.0,23.0,27.0,22.0,16.0,34.0,27.0,37.0,30.0,27.0,26.0,13.0,19.0,24.0,13.0,24.0,23.0,23.0,23.0,24.0,20.0,22.0,30.0,22.0,30.0,26.0,17.0
42.0,28.0,34.0,35.0,13.0,28.0,40.0,31.0,32.0,24.0,30.0,26.0,36.0,24.0,24.0,24.0,28.0,29.0,22.0,35.0,31.0,35.0,29.0,33.0,20.0,20.0,27.0,25.0,30.0,34.0,25.0,31.0,28.0,24.0,31.0,27.0,31.0,28.0,35.0,29.0,23.0,28.0,28.0,28.0,33.0,24.0,21.0,30.0,29.0,25.0
33.0,30.0,36.0,34.0,34.0,34.0,34.0,36.0,43.0,36.0,30.0,32.0,43.0,39.0,33.0,41.0,37.0,35.0,33.0,36.0,30.0,38.0,41.0,48.0,30.0,35.0,29.0,35.0,31.0,51.0,32.0,41.0,42.0,43.0,27.0,50.0,30.0,32.0,28.0,37.0,37.0,29.0,41.0,26.0,40.0,30.0,34.0,45.0,46.0,37.0
