10,50,1000
15.569182,16.06444,17.022368,19.787007,15.289748,19.877526,17.620517,17.101764,16.352206,17.308657
7.137371,7.270728,7.71323,9.189638,9.593238,6.492466,6.093961,6.225459,9.695076,9.136138
0.0,10.0,20.0,30.0,40.0,50.0,60.0,70.0,80.0,90.0
10.0,0.0,10.0,20.0,30.0,40.0,50.0,60.0,70.0,80.0
20.0,10.0,0.0,10.0,20.0,30.0,40.0,50.0,60.0,70.0
30.0,20.0,10.0,0.0,10.0,20.0,30.0,40.0,50.0,60.0
40.0,30.0,20.0,10.0,0.0,10.0,20.0,30.0,40.0,50.0
50.0,40.0,30.0,20.0,10.0,0.0,10.0,20.0,30.0,40.0
60.0,50.0,40.0,30.0,20.0,10.0,0.0,10.0,20.0,30.0
70.0,60.0,50.0,40.0,30.0,20.0,10.0,0.0,10.0,20.0
80.0,70.0,60.0,50.0,40.0,30.0,20.0,10.0,0.0,10.0
90.0,80.0,70.0,60.0,50.0,40.0,30.0,20.0,10.0,0.0
450.0,400.0,350.0,300.0,250.0,250.0,300.0,350.0,400.0,450.0
0.0,1.0,2.0,3.0,4.0,5.0,6.0,7.0,8.0,9.0
1.0,0.0,1.0,2.0,3.0,4.0,5.0,6.0,7.0,8.0
2.0,1.0,0.0,1.0,2.0,3.0,4.0,5.0,6.0,7.0
3.0,2.0,1.0,0.0,1.0,2.0,3.0,4.0,5.0,6.0
4.0,3.0,2.0,1.0,0.0,1.0,2.0,3.0,4.0,5.0
5.0,4.0,3.0,2.0,1.0,0.0,1.0,2.0,3.0,4.0
6.0,5.0,4.0,3.0,2.0,1.0,0.0,1.0,2.0,3.0
7.0,6.0,5.0,4.0,3.0,2.0,1.0,0.0,1.0,2.0
8.0,7.0,6.0,5.0,4.0,3.0,2.0,1.0,0.0,1.0
9.0,8.0,7.0,6.0,5.0,4.0,3.0,2.0,1.0,0.0
45.0,40.0,35.0,30.0,25.0,25.0,30.0,35.0,40.0,45.0
30.0,27.0,34.0,34.0,28.0,26.0,32.0,26.0,24.0,25.0,33.0,36.0,19.0,32.0,30.0,30.0,26.0,26.0,29.0,23.0,28.0,18.0,28.0,35.0,16.0,27.0,28.0,21.0,31.0,16.0,28.0,25.0,30.0,26.0,32.0,28.0,36.0,33.0,25.0,27.0,29.0,25.0,22.0,26.0,22.0,30.0,22.0,33.0,21.0,21.0
41.0,32.0,37.0,31.0,33.0,33.0,33.0,27.0,28.0,45.0,36.0,33.0,29.0,27.0,26.0,36.0,27.0,26.0,27.0,28.0,25.0,25.0,22.0,39.0,27.0,30.0,29.0,23.0,37.0,28.0,37.0,32.0,24.0,19.0,28.0,24.0,38.0,26.0,37.0,33.0,35.0,27.0,27.0,33.0,25.0,35.0,26.0,26.0,25.0,32.0
33.0,30.0,24.0,29.0,32.0,30.0,25.0,34.0,26.0,28.0,26.0,34.0,27.0,32.0,24.0,37.0,27.0,18.0,33.0,29.0,41.0,28.0,29.0,37.0,42.0,25.0,42.0,33.0,32.0,43.0,32.0,31.0,24.0,23.0,19.0,31.0,31.0,37.0,29.0,25.0,27.0,29.0,37.0,30.0,28.0,38.0,30.0,25.0,26.0,24.0
29.0,28.0,43.0,32.0,29.0,54.0,23.0,41.0,23.0,34.0,28.0,32.0,36.0,50.0,33.0,38.0,43.0,32.0,40.0,35.0,35.0,33.0,43.0,39.0,29.0,31.0,35.0,34.0,39.0,32.0,30.0,48.0,31.0,24.0,39.0,23.0,29.0,22.0,28.0,42.0,33.0,34.0,29.0,35.0,35.0,23.0,40.0,33.0,38.0,29.0
33.0,37.0,37.0,31.0,30.0,38.0,27.0,41.0,33.0,38.0,35.0,32.0,41.0,46.0,30.0,28.0,34.0,35.0,47.0,48.0,43.0,18.0,43.0,33.0,36.0,45.0,35.0,30.0,35.0,24.0,23.0,23.0,41.0,39.0,29.0,42.0,34.0,40.0,46.0,26.0,35.0,34.0,36.0,34.0,36.0,40.0,30.0,36.0,47.0,36.0
25.0,38.0,21.0,34.0,22.0,14.0,25.0,30.0,23.0,30.0,26.0,22.0,34.0,19.0,30.0,35.0,27.0,29.0,22.0,25.0,32.0,22.0,20.0,30.0,19.0,23.0,17.0,24.0,29.0,22.0,33.0,25.0,22.0,27.0,19.0,16.0,26.0,22.0,26.0,20.0,30.0,24.0,21.0,16.0,23.0,30.0,25.0,23.0,25.0,34.0
20.0,18.0,27.0,24.0,23.0,18.0,29.0,34.0,29.0,29.0,22.0,27.0,15.0,34.0,29.0,31.0,18.0,30.0,28.0,22.0,22.0,30.0,27.0,25.0,14.0,24.0,33.0,18.0,34.0,29.0,22.0,28.0,28.0,17.0,20.0,28.0,26.0,18.0,24.0,18.0,29.0,26.0,24.0,28.0,23.0,25.0,16.0,16.0,25.0,21.0
21.0,29.0,29.0,22.0,30.0,32.0,35.0,28.0,19.0,30.0,31.0,29.0,24.0,27.0,22.0,29.0,28.0,23.0,22.0,28.0,26.0,21.0,33.0,27.0,19.0,18.0,26.0,21.0,17.0,22.0,40.0,30.0,25.0,32.0,26.0,30.0,22.0,26.0,26.0,21.0,28.0,28.0,19.0,26.0,18.0,21.0,26.0,21.0,23.0,19.0
27.0,25.0,42.0,38.0,31.0,48.0,46.0,33.0,40.0,31.0,37.0,35.0,27.0,37.0,49.0,43.0,30.0,37.0,45.0,35.0,39.0,38.0,52.0,33.0,33.0,41.0,30.0,43.0,38.0,38.0,37.0,29.0,35.0,30.0,36.0,40.0,29.0,38.0,36.0,35.0,43.0,31.0,37.0,41.0,50.0,34.0,40.0,28.0,36.0,40.0
31.0,40.0,30.0,32.0,38.0,29.0,30.0,44.0,26.0,48.0,43.0,33.0,36.0,31.0,35.0,34.0,30.0,42.0,36.0,28.0,47.0,39.0,33.0,28.0,35.0,30.0,33.0,40.0,34.0,23.0,39.0,36.0,32.0,36.0,36.0,29.0,32.0,25.0,36.0,30.0,28.0,38.0,34.0,29.0,35.0,32.0,32.0,37.0,28.0,31.0
