10,50,1000
19.715164,15.50967,15.192917,18.971727,18.572942,17.269446,18.910118,15.809616,15.475816,18.367088
7.258488,6.559273,9.700609,7.438983,9.602343,6.223402,6.357024,8.559699,9.263997,7.776203
0.0,10.0,20.0,30.0,40.0,50.0,60.0,70.0,80.0,90.0
10.0,0.0,10.0,20.0,30.0,40.0,50.0,60.0,70.0,80.0
20.0,10.0,0.0,10.0,20.0,30.0,40.0,50.0,60.0,70.0
30.0,20.0,10.0,0.0,10.0,20.0,30.0,40.0,50.0,60.0
40.0,30.0,20.0,10.0,0.0,10.0,20.0,30.0,40.0,50.0
50.0,40.0,30.0,20.0,10.0,0.0,10.0,20.0,30.0,40.0
60.0,50.0,40.0,30.0,20.0,10.0,0.0,10.0,20.0,30.0
70.0,60.0,50.0,40.0,30.0,20.0,10.0,0.0,10.0,20.0
80.0,70.0,60.0,50.0,40.0,30.0,20.0,10.0,0.0,10.0
90.0,80.0,70.0,60.0,50.0,40.0,30.0,20.0,10.0,0.0
450.0,400.0,350.0,300.0,250.0,250.0,300.0,350.0,400.0,450.0
0.0,1.0,2.0,3.0,4.0,5.0,6.0,7.0,8.0,9.0
1.0,0.0,1.0,2.0,3.0,4.0,5.0,6.0,7.0,8.0
2.0,1.0,0.0,1.0,2.0,3.0,4.0,5.0,6.0,7.0
3.0,2.0,1.0,0.0,1.0,2.0,3.0,4.0,5.0,6.0
4.0,3.0,2.0,1.0,0.0,1.0,2.0,3.0,4.0,5.0
5.0,4.0,3.0,2.0,1.0,0.0,1.0,2.0,3.0,4.0
6.0,5.0,4.0,3.0,2.0,1.0,0.0,1.0,2.0,3.0
7.0,6.0,5.0,4.0,3.0,2.0,1.0,0.0,1.0,2.0
8.0,7.0,6.0,5.0,4.0,3.0,2.0,1.0,0.0,1.0
9.0,8.0,7.0,6.0,5.0,4.0,3.0,2.0,1.0,0.0
45.0,40.0,35.0,30.0,25.0,25.0,30.0,35.0,40.0,45.0
33.0,32.0,26.0,17.0,26.0,22.0,24.0,24.0,25.0,27.0,26.0,32.0,25.0,24.0,24.0,26.0,30.0,31.0,35.0,31.0,18.0,31.0,34.0,28.0,32.0,28.0,35.0,20.0,27.0,28.0,25.0,30.0,33.0,32.0,38.0,22.0,30.0,34.0,30.0,27.0,37.0,35.0,32.0,25.0,33.0,29.0,25.0,41.0,24.0,39.0
20.0,27.0,22.0,27.0,30.0,34.0,20.0,31.0,34.0,27.0,31.0,29.0,24.0,38.0,31.0,15.0,28.0,15.0,30.0,21.0,24.0,16.0,25.0,20.0,25.0,24.0,32.0,23.0,23.0,30.0,20.0,29.0,30.0,18.0,26.0,36.0,24.0,29.0,30.0,26.0,22.0,31.0,38.0,26.0,21.0,35.0,19.0,21.0,20.0,23.0
35.0,31.0,37.0,29.0,37.0,42.0,34.0,33.0,38.0,40.0,35.0,38.0,28.0,43.0,41.0,42.0,36.0,43.0,40.0,41.0,23.0,32.0,30.0,43.0,47.0,43.0,41.0,33.0,32.0,29.0,35.0,36.0,40.0,48.0,27.0,35.0,38.0,38.0,38.0,33.0,36.0,24.0,30.0,29.0,27.0,32.0,32.0,31.0,36.0,35.0
31.0,26.0,32.0,23.0,42.0,23.0,32.0,31.0,35.0,26.0,26.0,38.0,33.0,38.0,38.0,32.0,42.0,29.0,21.0,27.0,35.0,26.0,27.0,42.0,26.0,23.0,32.0,31.0,20.0,26.0,30.0,28.0,28.0,23.0,32.0,29.0,31.0,34.0,40.0,38.0,20.0,33.0,31.0,38.0,24.0,24.0,37.0,26.0,22.0,38.0
36.0,37.0,36.0,36.0,29.0,46.0,25.0,32.0,33.0,41.0,35.0,30.0,31.0,25.0,34.0,33.0,39.0,51.0,46.0,31.0,30.0,28.0,38.0,49.0,38.0,34.0,37.0,33.0,34.0,28.0,37.0,36.0,48.0,27.0,28.0,34.0,36.0,41.0,34.0,39.0,36.0,31.0,39.0,43.0,28.0,37.0,34.0,40.0,39.0,44.0
23.0,20.0,26.0,26.0,25.0,18.0,28.0,29.0,26.0,24.0,24.0,13.0,19.0,29.0,18.0,21.0,27.0,31.0,30.0,18.0,26.0,35.0,25.0,31.0,25.0,19.0,26.0,28.0,28.0,20.0,24.0,30.0,27.0,29.0,19.0,24.0,18.0,27.0,32.0,31.0,34.0,17.0,33.0,22.0,28.0,28.0,26.0,36.0,25.0,39.0
20.0,24.0,24.0,24.0,23.0,21.0,36.0,33.0,27.0,24.0,27.0,27.0,24.0,25.0,33.0,22.0,27.0,25.0,21.0,36.0,41.0,22.0,30.0,26.0,13.0,21.0,24.0,26.0,20.0,19.0,27.0,31.0,22.0,26.0,29.0,27.0,24.0,29.0,30.0,30.0,22.0,22.0,26.0,26.0,31.0,20.0,42.0,25.0,31.0,12.0
43.0,26.0,31.0,26.0,19.0,25.0,40.0,29.0,20.0,40.0,28.0,35.0,27.0,28.0,25.0,32.0,23.0,39.0,31.0,43.0,28.0,21.0,25.0,23.0,32.0,24.0,36.0,33.0,24.0,32.0,39.0,38.0,34.0,31.0,31.0,36.0,29.0,34.0,32.0,39.0,27.0,23.0,29.0,30.0,27.0,41.0,29.0,32.0,37.0,32.0
32.0,32.0,27.0,34.0,46.0,49.0,34.0,33.0,39.0,34.0,28.0,31.0,43.0,39.0,28.0,25.0,41.0,29.0,31.0,35.0,31.0,32.0,40.0,32.0,17.0,35.0,40.0,44.0,41.0,47.0,41.0,31.0,34.0,26.0,29.0,33.0,34.0,24.0,41.0,29.0,38.0,26.0,42.0,35.0,44.0,39.0,31.0,46.0,40.0,36.0
27.0,27.0,39.0,29.0,34.0,29.0,33.0,35.0,30.0,32.0,28.0,35.0,28.0,24.0,33.0,29.0,36.0,29.0,28.0,27.0,31.0,29.0,34.0,30.0,19.0,30.0,24.0,37.0,20.0,27.0,26.0,31.0,22.0,27.0,29.0,35.0,38.0,38.0,26.0,34.0,19.0,32.0,26.0,31.0,36.0,36.0,24.0,30.0,31.0,35.0
