10,50,1000
18.491169,17.443527,19.698581,19.739811,17.231061,19.689094,18.39898,19.482014,19.486834,19.532933
8.562221,5.315054,5.29756,9.941295,6.143137,8.65663,5.647963,9.633657,5.477531,7.143248
0.0,10.0,20.0,30.0,40.0,50.0,60.0,70.0,80.0,90.0
10.0,0.0,10.0,20.0,30.0,40.0,50.0,60.0,70.0,80.0
20.0,10.0,0.0,10.0,20.0,30.0,40.0,50.0,60.0,70.0
30.0,20.0,10.0,0.0,10.0,20.0,30.0,40.0,50.0,60.0
40.0,30.0,20.0,10.0,0.0,10.0,20.0,30.0,40.0,50.0
50.0,40.0,30.0,20.0,10.0,0.0,10.0,20.0,30.0,40.0
60.0,50.0,40.0,30.0,20.0,10.0,0.0,10.0,20.0,30.0
70.0,60.0,50.0,40.0,30.0,20.0,10.0,0.0,10.0,20.0
80.0,70.0,60.0,50.0,40.0,30.0,20.0,10.0,0.0,10.0
90.0,80.0,70.0,60.0,50.0,40.0,30.0,20.0,10.0,0.0
450.0,400.0,350.0,300.0,250.0,250.0,300.0,350.0,400.0,450.0
0.0,1.0,2.0,3.0,4.0,5.0,6.0,7.0,8.0,9.0
1.0,0.0,1.0,2.0,3.0,4.0,5.0,6.0,7.0,8.0
2.0,1.0,0.0,1.0,2.0,3.0,4.0,5.0,6.0,7.0
3.0,2.0,1.0,0.0,1.0,2.0,3.0,4.0,5.0,6.0
4.0,3.0,2.0,1.0,0.0,1.0,2.0,3.0,4.0,5.0
5.0,4.0,3.0,2.0,1.0,0.0,1.0,2.0,3.0,4.0
6.0,5.0,4.0,3.0,2.0,1.0,0.0,1.0,2.0,3.0
7.0,6.0,5.0,4.0,3.0,2.0,1.0,0.0,1.0,2.0
8.0,7.0,6.0,5.0,4.0,3.0,2.0,1.0,0.0,1.0
9.0,8.0,7.0,6.0,5.0,4.0,3.0,2.0,1.0,0.0
45.0,40.0,35.0,30.0,25.0,25.0,30.0,35.0,40.0,45.0
30.0,32.0,37.0,38.0,34.0,38.0,19.0,35.0,40.0,36.0,28.0,32.0,35.0,33.0,38.0,20.0,29.0,36.0,43.0,33.0,32.0,34.0,28.0,38.0,24.0,36.0,27.0,27.0,32.0,35.0,40.0,37.0,41.0,48.0,29.0,34.0,32.0,33.0,35.0,33.0,36.0,37.0,42.0,37.0,32.0,32.0,34.0,38.0,30.0,31.0
22.0,23.0,26.0,32.0,19.0,20.0,21.0,25.0,29.0,23.0,24.0,21.0,21.0,25.0,22.0,21.0,18.0,20.0,18.0,21.0,31.0,24.0,15.0,16.0,22.0,17.0,14.0,28.0,24.0,22.0,17.0,22.0,16.0,28.0,36.0,13.0,25.0,21.0,21.0,19.0,26.0,27.0,18.0,19.0,25.0,19.0,25.0,22.0,23.0,17.0
23.0,14.0,22.0,23.0,25.0,36.0,29.0,21.0,28.0,23.0,26.0,20.0,17.0,28.0,22.0,20.0,22.0,11.0,25.0,19.0,31.0,16.0,23.0,27.0,22.0,23.0,28.0,12.0,27.0,26.0,23.0,20.0,28.0,30.0,24.0,20.0,25.0,20.0,21.0,24.0,24.0,23.0,20.0,16.0,21.0,25.0,34.0,21.0,18.0,22.0
37.0,35.0,34.0,35.0,31.0,40.0,30.0,39.0,36.0,39.0,31.0,36.0,33.0,39.0,33.0,36.0,27.0,34.0,36.0,36.0,48.0,34.0,42.0,40.0,34.0,32.0,42.0,40.0,36.0,35.0,30.0,41.0,38.0,32.0,35.0,45.0,33.0,36.0,41.0,38.0,43.0,32.0,38.0,44.0,40.0,40.0,27.0,35.0,42.0,32.0
19.0,16.0,19.0,23.0,23.0,24.0,23.0,23.0,26.0,24.0,24.0,18.0,19.0,24.0,26.0,20.0,20.0,23.0,21.0,28.0,21.0,22.0,34.0,26.0,22.0,21.0,19.0,28.0,27.0,28.0,26.0,33.0,22.0,25.0,24.0,23.0,27.0,22.0,20.0,22.0,36.0,30.0,19.0,22.0,16.0,24.0,23.0,24.0,28.0,24.0
40.0,28.0,27.0,29.0,31.0,37.0,39.0,39.0,29.0,23.0,33.0,35.0,31.0,36.0,32.0,51.0,26.0,33.0,27.0,31.0,31.0,26.0,33.0,46.0,27.0,35.0,34.0,36.0,35.0,25.0,34.0,30.0,36.0,26.0,31.0,28.0,34.0,42.0,32.0,24.0,34.0,36.0,44.0,27.0,30.0,29.0,37.0,43.0,25.0,40.0
16.0,17.0,25.0,26.0,23.0,25.0,22.0,20.0,18.0,34.0,27.0,34.0,22.0,28.0,29.0,21.0,18.0,18.0,24.0,19.0,17.0,20.0,26.0,21.0,18.0,22.0,23.0,17.0,22.0,25.0,24.0,21.0,18.0,20.0,24.0,19.0,23.0,33.0,26.0,20.0,30.0,22.0,24.0,28.0,20.0,23.0,23.0,27.0,31.0,17.0
32.0,39.0,28.0,30.0,37.0,43.0,32.0,40.0,38.0,38.0,41.0,29.0,44.0,48.0,49.0,29.0,33.0,23.0,36.0,32.0,32.0,36.0,35.0,29.0,35.0,34.0,32.0,39.0,30.0,45.0,29.0,41.0,44.0,36.0,26.0,26.0,32.0,28.0,30.0,36.0,29.0,41.0,27.0,40.0,34.0,32.0,35.0,27.0,38.0,46.0
41.0,22.0,22.0,20.0,20.0,24.0,20.0,23.0,25.0,30.0,29.0,26.0,30.0,23.0,21.0,25.0,23.0,22.0,22.0,30.0,31.0,12.0,19.0,23.0,13.0,19.0,23.0,24.0,22.0,22.0,28.0,30.0,24.0,17.0,22.0,19.0,21.0,16.0,22.0,24.0,31.0,35.0,20.0,26.0,22.0,22.0,25.0,20.0,21.0,20.0
28.0,33.0,18.0,27.0,22.0,39.0,23.0,25.0,24.0,32.0,25.0,38.0,34.0,28.0,28.0,29.0,25.0,34.0,38.0,23.0,42.0,38.0,22.0,35.0,33.0,28.0,30.0,30.0,42.0,33.0,23.0,39.0,23.0,29.0,19.0,24.0,28.0,39.0,22.0,27.0,28.0,30.0,36.0,19.0,28.0,27.0,36.0,33.0,41.0,22.0
