10,50,1000
17.696773,15.29094,17.173506,15.189153,17.079534,16.434223,16.248043,18.862681,18.438809,18.840644
9.111257,5.231068,7.103546,9.095906,6.601956,5.67893,9.857261,5.977609,5.25297,9.627992
0.0,10.0,20.0,30.0,40.0,50.0,60.0,70.0,80.0,90.0
10.0,0.0,10.0,20.0,30.0,40.0,50.0,60.0,70.0,80.0
20.0,10.0,0.0,10.0,20.0,30.0,40.0,50.0,60.0,70.0
30.0,20.0,10.0,0.0,10.0,20.0,30.0,40.0,50.0,60.0
40.0,30.0,20.0,10.0,0.0,10.0,20.0,30.0,40.0,50.0
50.0,40.0,30.0,20.0,10.0,0.0,10.0,20.0,30.0,40.0
60.0,50.0,40.0,30.0,20.0,10.0,0.0,10.0,20.0,30.0
70.0,60.0,50.0,40.0,30.0,20.0,10.0,0.0,10.0,20.0
80.0,70.0,60.0,50.0,40.0,30.0,20.0,10.0,0.0,10.0
90.0,80.0,70.0,60.0,50.0,40.0,30.0,20.0,10.0,0.0
450.0,400.0,350.0,300.0,250.0,250.0,300.0,350.0,400.0,450.0
0.0,1.0,2.0,3.0,4.0,5.0,6.0,7.0,8.0,9.0
1.0,0.0,1.0,2.0,3.0,4.0,5.0,6.0,7.0,8.0
2.0,1.0,0.0,1.0,2.0,3.0,4.0,5.0,6.0,7.0
3.0,2.0,1.0,0.0,1.0,2.0,3.0,4.0,5.0,6.0
4.0,3.0,2.0,1.0,0.0,1.0,2.0,3.0,4.0,5.0
5.0,4.0,3.0,2.0,1.0,0.0,1.0,2.0,3.0,4.0
6.0,5.0,4.0,3.0,2.0,1.0,0.0,1.0,2.0,3.0
7.0,6.0,5.0,4.0,3.0,2.0,1.0,0.0,1.0,2.0
8.0,7.0,6.0,5.0,4.0,3.0,2.0,1.0,0.0,1.0
9.0,8.0,7.0,6.0,5.0,4.0,3.0,2.0,1.0,0.0
45.0,40.0,35.0,30.0,25.0,25.0,30.0,35.0,40.0,45.0
23.0,34.0,33.0,22.0,28.0,29.0,33.0,34.0,34.0,33.0,39.0,33.0,35.0,38.0,33.0,33.0,28.0,39.0,32.0,35.0,29.0,28.0,29.0,40.0,28.0,35.0,27.0,38.0,36.0,35.0,34.0,41.0,29.0,33.0,41.0,32.0,26.0,36.0,40.0,26.0,39.0,27.0,41.0,37.0,29.0,33.0,43.0,34.0,31.0,38.0
11.0,29.0,22.0,31.0,28.0,22.0,25.0,29.0,22.0,28.0,24.0,20.0,21.0,15.0,15.0,19.0,12.0,30.0,20.0,19.0,31.0,14.0,21.0,15.0,25.0,22.0,17.0,21.0,25.0,14.0,17.0,22.0,20.0,17.0,24.0,25.0,25.0,20.0,33.0,14.0,21.0,16.0,22.0,25.0,22.0,24.0,19.0,9.0,22.0,21.0
14.0,24.0,28.0,32.0,26.0,28.0,22.0,27.0,28.0,27.0,23.0,24.0,29.0,27.0,29.0,27.0,19.0,20.0,19.0,31.0,27.0,26.0,23.0,32.0,25.0,32.0,23.0,30.0,24.0,25.0,30.0,27.0,28.0,27.0,24.0,21.0,36.0,35.0,35.0,24.0,28.0,36.0,34.0,38.0,35.0,20.0,28.0,34.0,30.0,28.0
37.0,35.0,25.0,26.0,36.0,42.0,32.0,37.0,30.0,38.0,39.0,36.0,40.0,22.0,26.0,30.0,24.0,32.0,35.0,35.0,34.0,26.0,24.0,30.0,25.0,32.0,30.0,29.0,33.0,29.0,35.0,32.0,29.0,37.0,32.0,35.0,40.0,30.0,41.0,39.0,38.0,35.0,33.0,36.0,31.0,33.0,28.0,35.0,33.0,36.0
25.0,30.0,21.0,22.0,26.0,19.0,27.0,29.0,25.0,31.0,22.0,35.0,20.0,20.0,21.0,25.0,33.0,32.0,24.0,37.0,32.0,27.0,38.0,25.0,23.0,26.0,22.0,22.0,34.0,27.0,26.0,23.0,27.0,30.0,27.0,27.0,24.0,25.0,23.0,25.0,16.0,24.0,26.0,27.0,21.0,31.0,24.0,31.0,17.0,34.0
24.0,21.0,21.0,31.0,36.0,24.0,25.0,27.0,22.0,15.0,26.0,18.0,18.0,24.0,25.0,17.0,26.0,13.0,26.0,18.0,25.0,25.0,25.0,31.0,24.0,28.0,21.0,21.0,22.0,26.0,23.0,18.0,26.0,22.0,22.0,17.0,18.0,28.0,24.0,19.0,31.0,23.0,11.0,25.0,24.0,26.0,26.0,29.0,19.0,21.0
45.0,35.0,37.0,42.0,37.0,43.0,35.0,35.0,42.0,29.0,34.0,37.0,34.0,32.0,27.0,47.0,33.0,33.0,34.0,40.0,36.0,37.0,47.0,31.0,28.0,35.0,37.0,34.0,30.0,26.0,42.0,36.0,38.0,28.0,41.0,45.0,30.0,33.0,23.0,39.0,32.0,44.0,39.0,39.0,38.0,38.0,41.0,30.0,40.0,32.0
19.0,24.0,27.0,29.0,28.0,33.0,21.0,24.0,25.0,20.0,18.0,32.0,27.0,24.0,23.0,16.0,17.0,25.0,24.0,26.0,20.0,28.0,33.0,16.0,25.0,23.0,26.0,20.0,21.0,27.0,26.0,21.0,20.0,25.0,24.0,25.0,22.0,21.0,31.0,16.0,24.0,27.0,21.0,21.0,24.0,26.0,17.0,23.0,18.0,23.0
18.0,22.0,20.0,19.0,14.0,30.0,28.0,19.0,18.0,23.0,21.0,23.0,24.0,14.0,23.0,25.0,21.0,23.0,19.0,19.0,26.0,19.0,18.0,24.0,19.0,31.0,27.0,30.0,21.0,23.0,20.0,20.0,17.0,26.0,34.0,23.0,17.0,18.0,26.0,20.0,28.0,16.0,27.0,31.0,20.0,24.0,27.0,21.0,21.0,25.0
37.0,33.0,36.0,40.0,34.0,39.0,30.0,43.0,36.0,44.0,49.0,43.0,43.0,31.0,53.0,37.0,35.0,43.0,30.0,37.0,35.0,43.0,36.0,42.0,41.0,37.0,30.0,33.0,35.0,34.0,37.0,39.0,30.0,41.0,36.0,43.0,38.0,28.0,37.0,37.0,38.0,34.0,43.0,34.0,36.0,30.0,32.0,40.0,56.0,31.0
