10,50,1000
17.006725,19.647491,17.577958,18.531909,16.610179,17.228085,18.769477,19.488823,18.155013,17.326993
5.852704,8.425363,5.28351,6.624752,9.654106,8.129295,9.572004,8.577577,6.255507,8.784378
0.0,10.0,20.0,30.0,40.0,50.0,60.0,70.0,80.0,90.0
10.0,0.0,10.0,20.0,30.0,40.0,50.0,60.0,70.0,80.0
20.0,10.0,0.0,10.0,20.0,30.0,40.0,50.0,60.0,70.0
30.0,20.0,10.0,0.0,10.0,20.0,30.0,40.0,50.0,60.0
40.0,30.0,20.0,10.0,0.0,10.0,20.0,30.0,40.0,50.0
50.0,40.0,30.0,20.0,10.0,0.0,10.0,20.0,30.0,40.0
60.0,50.0,40.0,30.0,20.0,10.0,0.0,10.0,20.0,30.0
70.0,60.0,50.0,40.0,30.0,20.0,10.0,0.0,10.0,20.0
80.0,70.0,60.0,50.0,40.0,30.0,20.0,10.0,0.0,10.0
90.0,80.0,70.0,60.0,50.0,40.0,30.0,20.0,10.0,0.0
450.0,400.0,350.0,300.0,250.0,250.0,300.0,350.0,400.0,450.0
0.0,1.0,2.0,3.0,4.0,5.0,6.0,7.0,8.0,9.0
1.0,0.0,1.0,2.0,3.0,4.0,5.0,6.0,7.0,8.0
2.0,1.0,0.0,1.0,2.0,3.0,4.0,5.0,6.0,7.0
3.0,2.0,1.0,0.0,1.0,2.0,3.0,4.0,5.0,6.0
4.0,3.0,2.0,1.0,0.0,1.0,2.0,3.0,4.0,5.0
5.0,4.0,3.0,2.0,1.0,0.0,1.0,2.0,3.0,4.0
6.0,5.0,4.0,3.0,2.0,1.0,0.0,1.0,2.0,3.0
7.0,6.0,5.0,4.0,3.0,2.0,1.0,0.0,1.0,2.0
8.0,7.0,6.0,5.0,4.0,3.0,2.0,1.0,0.0,1.0
9.0,8.0,7.0,6.0,5.0,4.0,3.0,2.0,1.0,0.0
45.0,40.0,35.0,30.0,25.0,25.0,30.0,35.0,40.0,45.0
24.0,25.0,20.0,17.0,17.0,20.0,22.0,21.0,22.0,27.0,33.0,23.0,19.0,25.0,21.0,28.0,22.0,17.0,23.0,24.0,23.0,24.0,20.0,20.0,23.0,24.0,27.0,29.0,26.0,20.0,12.0,18.0,22.0,29.0,16.0,25.0,22.0,17.0,20.0,21.0,26.0,28.0,21.0,17.0,21.0,31.0,23.0,19.0,25.0,26.0
36.0,34.0,29.0,41.0,35.0,30.0,35.0,29.0,40.0,34.0,36.0,37.0,27.0,20.0,40.0,36.0,44.0,33.0,26.0,40.0,38.0,38.0,41.0,36.0,39.0,30.0,35.0,33.0,37.0,52.0,36.0,37.0,34.0,32.0,33.0,29.0,36.0,27.0,42.0,38.0,33.0,30.0,31.0,29.0,32.0,32.0,28.0,35.0,21.0,27.0
18.0,24.0,26.0,18.0,23.0,20.0,24.0,17.0,21.0,22.0,20.0,18.0,24.0,19.0,25.0,20.0,19.0,18.0,21.0,21.0,25.0,22.0,22.0,19.0,11.0,19.0,21.0,18.0,23.0,27.0,17.0,16.0,23.0,31.0,30.0,21.0,26.0,18.0,19.0,27.0,20.0,24.0,17.0,24.0,26.0,19.0,26.0,22.0,16.0,19.0
20.0,22.0,30.0,31.0,26.0,24.0,27.0,26.0,25.0,27.0,27.0,29.0,18.0,23.0,28.0,23.0,25.0,25.0,20.0,22.0,34.0,23.0,24.0,23.0,23.0,23.0,26.0,22.0,33.0,23.0,31.0,37.0,18.0,24.0,33.0,31.0,14.0,22.0,17.0,30.0,26.0,21.0,35.0,23.0,31.0,26.0,24.0,20.0,29.0,20.0
35.0,31.0,35.0,35.0,42.0,33.0,36.0,39.0,33.0,36.0,26.0,37.0,32.0,36.0,25.0,29.0,33.0,44.0,35.0,39.0,33.0,32.0,35.0,26.0,33.0,32.0,34.0,37.0,37.0,42.0,35.0,37.0,38.0,24.0,33.0,56.0,31.0,30.0,32.0,25.0,37.0,36.0,31.0,40.0,36.0,53.0,37.0,23.0,27.0,44.0
23.0,28.0,25.0,27.0,23.0,30.0,34.0,32.0,35.0,23.0,34.0,32.0,34.0,32.0,33.0,25.0,23.0,28.0,30.0,27.0,27.0,35.0,29.0,31.0,34.0,26.0,30.0,36.0,30.0,38.0,40.0,21.0,32.0,33.0,26.0,24.0,25.0,26.0,32.0,22.0,21.0,41.0,20.0,28.0,32.0,38.0,38.0,23.0,30.0,27.0
28.0,27.0,40.0,31.0,39.0,34.0,44.0,44.0,33.0,38.0,47.0,23.0,37.0,29.0,41.0,32.0,43.0,38.0,32.0,38.0,33.0,26.0,33.0,35.0,43.0,49.0,33.0,27.0,36.0,31.0,31.0,32.0,34.0,32.0,32.0,33.0,46.0,28.0,39.0,29.0,29.0,36.0,35.0,31.0,33.0,34.0,42.0,36.0,45.0,33.0
43.0,34.0,34.0,38.0,40.0,37.0,29.0,23.0,41.0,34.0,36.0,30.0,32.0,25.0,34.0,39.0,40.0,32.0,40.0,36.0,34.0,46.0,44.0,23.0,27.0,41.0,24.0,25.0,30.0,45.0,37.0,35.0,41.0,44.0,23.0,42.0,38.0,34.0,27.0,30.0,29.0,36.0,26.0,38.0,36.0,33.0,34.0,33.0,27.0,34.0
19.0,30.0,40.0,30.0,20.0,36.0,27.0,29.0,26.0,32.0,19.0,17.0,27.0,10.0,29.0,32.0,29.0,31.0,16.0,18.0,26.0,26.0,16.0,17.0,32.0,35.0,42.0,28.0,28.0,26.0,23.0,23.0,39.0,27.0,31.0,29.0,28.0,30.0,29.0,17.0,24.0,25.0,25.0,28.0,26.0,19.0,25.0,20.0,30.0,33.0
34.0,28.0,35.0,33.0,27.0,37.0,31.0,37.0,27.0,29.0,18.0,32.0,27.0,28.0,40.0,35.0,34.0,36.0,33.0,29.0,35.0,26.0,46.0,26.0,42.0,29.0,37.0,28.0,38.0,32.0,22.0,34.0,40.0,27.0,40.0,33.0,31.0,28.0,34.0,33.0,34.0,37.0,43.0,25.0,32.0,30.0,31.0,36.0,29.0,34.0
