10,50,1000
19.50604,16.790662,18.317184,15.360512,18.382411,18.684011,16.860698,19.56658,18.373336,16.21479
8.100907,6.748615,9.373058,7.922015,9.958937,6.996504,6.685536,9.352044,6.21126,5.559158
0.0,10.0,20.0,30.0,40.0,50.0,60.0,70.0,80.0,90.0
10.0,0.0,10.0,20.0,30.0,40.0,50.0,60.0,70.0,80.0
20.0,10.0,0.0,10.0,20.0,30.0,40.0,50.0,60.0,70.0
30.0,20.0,10.0,0.0,10.0,20.0,30.0,40.0,50.0,60.0
40.0,30.0,20.0,10.0,0.0,10.0,20.0,30.0,40.0,50.0
50.0,40.0,30.0,20.0,10.0,0.0,10.0,20.0,30.0,40.0
60.0,50.0,40.0,30.0,20.0,10.0,0.0,10.0,20.0,30.0
70.0,60.0,50.0,40.0,30.0,20.0,10.0,0.0,10.0,20.0
80.0,70.0,60.0,50.0,40.0,30.0,20.0,10.0,0.0,10.0
90.0,80.0,70.0,60.0,50.0,40.0,30.0,20.0,10.0,0.0
450.0,400.0,350.0,300.0,250.0,250.0,300.0,350.0,400.0,450.0
0.0,1.0,2.0,3.0,4.0,5.0,6.0,7.0,8.0,9.0
1.0,0.0,1.0,2.0,3.0,4.0,5.0,6.0,7.0,8.0
2.0,1.0,0.0,1.0,2.0,3.0,4.0,5.0,6.0,7.0
3.0,2.0,1.0,0.0,1.0,2.0,3.0,4.0,5.0,6.0
4.0,3.0,2.0,1.0,0.0,1.0,2.0,3.0,4.0,5.0
5.0,4.0,3.0,2.0,1.0,0.0,1.0,2.0,3.0,4.0
6.0,5.0,4.0,3.0,2.0,1.0,0.0,1.0,2.0,3.0
7.0,6.0,5.0,4.0,3.0,2.0,1.0,0.0,1.0,2.0
8.0,7.0,6.0,5.0,4.0,3.0,2.0,1.0,0.0,1.0
9.0,8.0,7.0,6.0,5.0,4.0,3.0,2.0,1.0,0.0
45.0,40.0,35.0,30.0,25.0,25.0,30.0,35.0,40.0,45.0
33.0,23.0,35.0,20.0,27.0,35.0,24.0,38.0,42.0,33.0,33.0,27.0,43.0,30.0,34.0,35.0,35.0,33.0,36.0,32.0,43.0,37.0,34.0,34.0,33.0,30.0,41.0,38.0,27.0,29.0,22.0,30.0,33.0,26.0,42.0,32.0,26.0,32.0,32.0,29.0,25.0,31.0,28.0,36.0,34.0,30.0,30.0,43.0,32.0,25.0
16.0,34.0,24.0,28.0,21.0,27.0,18.0,26.0,25.0,29.0,32.0,25.0,30.0,23.0,20.0,22.0,25.0,18.0,30.0,30.0,29.0,31.0,35.0,27.0,27.0,25.0,31.0,27.0,26.0,25.0,26.0,37.0,34.0,28.0,26.0,22.0,21.0,25.0,24.0,19.0,33.0,28.0,17.0,26.0,24.0,33.0,26.0,35.0,28.0,25.0
44.0,38.0,39.0,33.0,39.0,33.0,24.0,33.0,32.0,26.0,33.0,27.0,40.0,29.0,36.0,33.0,39.0,26.0,23.0,48.0,25.0,39.0,27.0,33.0,43.0,37.0,39.0,45.0,35.0,32.0,35.0,33.0,32.0,42.0,28.0,47.0,51.0,36.0,45.0,36.0,32.0,34.0,26.0,36.0,28.0,37.0,42.0,34.0,40.0,43.0
32.0,25.0,32.0,28.0,33.0,32.0,30.0,33.0,25.0,37.0,26.0,32.0,33.0,37.0,32.0,20.0,39.0,28.0,33.0,26.0,32.0,31.0,35.0,33.0,19.0,28.0,36.0,24.0,27.0,23.0,43.0,24.0,37.0,29.0,30.0,39.0,35.0,32.0,31.0,32.0,40.0,35.0,29.0,30.0,38.0,27.0,25.0,39.0,30.0,31.0
34.0,42.0,35.0,30.0,40.0,29.0,39.0,52.0,32.0,32.0,29.0,40.0,38.0,33.0,36.0,41.0,40.0,28.0,36.0,34.0,39.0,34.0,32.0,38.0,41.0,35.0,40.0,42.0,41.0,35.0,35.0,35.0,32.0,33.0,57.0,32.0,38.0,43.0,45.0,43.0,31.0,32.0,36.0,33.0,39.0,32.0,40.0,33.0,30.0,34.0
19.0,30.0,27.0,25.0,21.0,37.0,21.0,21.0,22.0,31.0,34.0,36.0,25.0,34.0,38.0,36.0,31.0,25.0,29.0,25.0,16.0,34.0,31.0,24.0,26.0,35.0,36.0,22.0,17.0,27.0,28.0,25.0,30.0,28.0,20.0,29.0,21.0,28.0,36.0,40.0,27.0,23.0,30.0,20.0,31.0,27.0,33.0,24.0,21.0,28.0
24.0,23.0,27.0,33.0,22.0,27.0,18.0,27.0,24.0,28.0,27.0,28.0,24.0,26.0,26.0,23.0,28.0,20.0,21.0,30.0,29.0,27.0,31.0,30.0,28.0,17.0,24.0,23.0,25.0,22.0,28.0,24.0,27.0,19.0,26.0,21.0,28.0,30.0,18.0,23.0,28.0,26.0,20.0,23.0,26.0,21.0,24.0,28.0,24.0,23.0
31.0,32.0,37.0,33.0,47.0,40.0,38.0,30.0,33.0,43.0,37.0,30.0,24.0,29.0,40.0,42.0,33.0,35.0,27.0,41.0,37.0,32.0,23.0,41.0,35.0,32.0,32.0,44.0,32.0,43.0,37.0,41.0,37.0,28.0,37.0,41.0,39.0,33.0,31.0,39.0,31.0,30.0,30.0,38.0,34.0,27.0,34.0,37.0,36.0,47.0
32.0,21.0,22.0,21.0,25.0,21.0,32.0,25.0,24.0,24.0,21.0,37.0,22.0,24.0,34.0,24.0,29.0,21.0,23.0,29.0,16.0,27.0,25.0,27.0,21.0,25.0,28.0,21.0,20.0,23.0,36.0,24.0,30.0,18.0,28.0,26.0,25.0,24.0,27.0,26.0,34.0,27.0,26.0,31.0,25.0,27.0,27.0,19.0,32.0,35.0
28.0,17.0,22.0,16.0,27.0,22.0,27.0,16.0,32.0,26.0,22.0,20.0,10.0,25.0,24.0,24.0,24.0,23.0,19.0,26.0,31.0,27.0,23.0,21.0,27.0,20.0,21.0,18.0,22.0,28.0,23.0,26.0,24.0,22.0,19.0,22.0,15.0,16.0,29.0,15.0,20.0,16.0,14.0,22.0,16.0,15.0,28.0,19.0,19.0,23.0
