10,50,1000
18.665788,18.055772,16.623847,17.002406,17.856982,16.186102,17.482249,15.910615,15.767574,15.31748
9.333822,6.586076,7.315289,5.242643,8.919068,7.440905,8.251386,8.413604,9.121439,9.099857
0.0,10.0,20.0,30.0,40.0,50.0,60.0,70.0,80.0,90.0
10.0,0.0,10.0,20.0,30.0,40.0,50.0,60.0,70.0,80.0
20.0,10.0,0.0,10.0,20.0,30.0,40.0,50.0,60.0,70.0
30.0,20.0,10.0,0.0,10.0,20.0,30.0,40.0,50.0,60.0
40.0,30.0,20.0,10.0,0.0,10.0,20.0,30.0,40.0,50.0
50.0,40.0,30.0,20.0,10.0,0.0,10.0,20.0,30.0,40.0
60.0,50.0,40.0,30.0,20.0,10.0,0.0,10.0,20.0,30.0
70.0,60.0,50.0,40.0,30.0,20.0,10.0,0.0,10.0,20.0
80.0,70.0,60.0,50.0,40.0,30.0,20.0,10.0,0.0,10.0
90.0,80.0,70.0,60.0,50.0,40.0,30.0,20.0,10.0,0.0
450.0,400.0,350.0,300.0,250.0,250.0,300.0,350.0,400.0,450.0
0.0,1.0,2.0,3.0,4.0,5.0,6.0,7.0,8.0,9.0
1.0,0.0,1.0,2.0,3.0,4.0,5.0,6.0,7.0,8.0
2.0,1.0,0.0,1.0,2.0,3.0,4.0,5.0,6.0,7.0
3.0,2.0,1.0,0.0,1.0,2.0,3.0,4.0,5.0,6.0
4.0,3.0,2.0,1.0,0.0,1.0,2.0,3.0,4.0,5.0
5.0,4.0,3.0,2.0,1.0,0.0,1.0,2.0,3.0,4.0
6.0,5.0,4.0,3.0,2.0,1.0,0.0,1.0,2.0,3.0
7.0,6.0,5.0,4.0,3.0,2.0,1.0,0.0,1.0,2.0
8.0,7.0,6.0,5.0,4.0,3.0,2.0,1.0,0.0,1.0
9.0,8.0,7.0,6.0,5.0,4.0,3.0,2.0,1.0,0.0
45.0,40.0,35.0,30.0,25.0,25.0,30.0,35.0,40.0,45.0
39.0,29.0,39.0,21.0,32.0,25.0,40.0,35.0,39.0,39.0,40.0,36.0,30.0,32.0,44.0,43.0,33.0,32.0,37.0,46.0,41.0,33.0,32.0,32.0,23.0,34.0,35.0,28.0,31.0,40.0,37.0,38.0,34.0,31.0,34.0,42.0,34.0,43.0,41.0,38.0,37.0,53.0,38.0,40.0,27.0,53.0,38.0,36.0,33.0,37.0
24.0,31.0,29.0,27.0,24.0,21.0,21.0,37.0,25.0,24.0,25.0,20.0,30.0,23.0,29.0,20.0,26.0,16.0,27.0,15.0,25.0,33.0,21.0,27.0,24.0,25.0,32.0,26.0,31.0,21.0,23.0,19.0,23.0,22.0,22.0,25.0,27.0,26.0,19.0,27.0,31.0,16.0,21.0,24.0,18.0,25.0,29.0,23.0,25.0,31.0
26.0,23.0,28.0,36.0,21.0,23.0,26.0,27.0,34.0,28.0,15.0,33.0,28.0,27.0,26.0,31.0,25.0,33.0,32.0,26.0,29.0,27.0,25.0,28.0,24.0,35.0,32.0,23.0,24.0,27.0,37.0,27.0,32.0,31.0,31.0,26.0,31.0,27.0,22.0,33.0,27.0,29.0,28.0,30.0,23.0,25.0,30.0,21.0,32.0,23.0
21.0,21.0,28.0,23.0,19.0,22.0,24.0,20.0,20.0,27.0,20.0,17.0,23.0,17.0,19.0,10.0,16.0,25.0,24.0,18.0,22.0,19.0,21.0,15.0,17.0,23.0,18.0,20.0,21.0,17.0,25.0,21.0,21.0,21.0,19.0,30.0,15.0,15.0,24.0,20.0,20.0,40.0,26.0,26.0,24.0,23.0,19.0,23.0,24.0,19.0
34.0,32.0,34.0,35.0,51.0,41.0,33.0,38.0,27.0,44.0,45.0,31.0,37.0,37.0,36.0,33.0,36.0,28.0,36.0,31.0,39.0,40.0,33.0,32.0,42.0,28.0,29.0,32.0,31.0,38.0,27.0,30.0,38.0,21.0,32.0,30.0,47.0,33.0,25.0,36.0,33.0,29.0,38.0,23.0,37.0,24.0,30.0,37.0,27.0,36.0
33.0,39.0,35.0,34.0,24.0,25.0,22.0,25.0,31.0,21.0,21.0,28.0,20.0,27.0,28.0,34.0,33.0,38.0,26.0,23.0,32.0,26.0,32.0,26.0,32.0,22.0,22.0,29.0,24.0,21.0,37.0,25.0,35.0,23.0,20.0,30.0,15.0,38.0,25.0,33.0,20.0,22.0,16.0,30.0,32.0,23.0,24.0,24.0,35.0,27.0
31.0,39.0,32.0,30.0,31.0,28.0,29.0,31.0,37.0,35.0,25.0,28.0,32.0,37.0,31.0,32.0,21.0,34.0,29.0,32.0,30.0,37.0,25.0,29.0,29.0,37.0,27.0,30.0,25.0,29.0,42.0,33.0,29.0,28.0,31.0,33.0,33.0,40.0,19.0,21.0,23.0,27.0,34.0,37.0,33.0,26.0,38.0,34.0,26.0,33.0
41.0,29.0,39.0,32.0,34.0,43.0,33.0,34.0,41.0,37.0,34.0,29.0,28.0,26.0,33.0,34.0,24.0,41.0,29.0,30.0,33.0,30.0,24.0,29.0,38.0,37.0,33.0,37.0,27.0,35.0,24.0,29.0,40.0,30.0,33.0,25.0,28.0,33.0,24.0,40.0,29.0,33.0,28.0,36.0,23.0,26.0,41.0,29.0,31.0,29.0
30.0,35.0,30.0,40.0,38.0,38.0,31.0,24.0,34.0,34.0,24.0,39.0,17.0,31.0,30.0,36.0,38.0,36.0,31.0,33.0,34.0,25.0,40.0,25.0,24.0,27.0,27.0,28.0,24.0,35.0,30.0,24.0,22.0,22.0,27.0,32.0,38.0,32.0,32.0,32.0,33.0,45.0,32.0,35.0,33.0,32.0,44.0,40.0,34.0,41.0
30.0,29.0,28.0,32.0,29.0,35.0,32.0,51.0,35.0,38.0,28.0,35.0,33.0,33.0,49.0,41.0,30.0,30.0,39.0,31.0,30.0,33.0,17.0,24.0,38.0,32.0,22.0,25.0,25.0,39.0,29.0,36.0,31.0,32.0,28.0,27.0,30.0,33.0,16.0,35.0,37.0,31.0,34.0,29.0,30.0,24.0,39.0,40.0,43.0,42.0
