10,50,1000
15.500411,18.808711,15.804999,16.856805,15.102812,15.731931,16.128825,15.672362,19.194767,19.210983
8.817905,7.139292,8.422555,7.609762,5.9998,5.181122,6.10608,9.722781,7.117255,9.563683
0.0,10.0,20.0,30.0,40.0,50.0,60.0,70.0,80.0,90.0
10.0,0.0,10.0,20.0,30.0,40.0,50.0,60.0,70.0,80.0
20.0,10.0,0.0,10.0,20.0,30.0,40.0,50.0,60.0,70.0
30.0,20.0,10.0,0.0,10.0,20.0,30.0,40.0,50.0,60.0
40.0,30.0,20.0,10.0,0.0,10.0,20.0,30.0,40.0,50.0
50.0,40.0,30.0,20.0,10.0,0.0,10.0,20.0,30.0,40.0
60.0,50.0,40.0,30.0,20.0,10.0,0.0,10.0,20.0,30.0
70.0,60.0,50.0,40.0,30.0,20.0,10.0,0.0,10.0,20.0
80.0,70.0,60.0,50.0,40.0,30.0,20.0,10.0,0.0,10.0
90.0,80.0,70.0,60.0,50.0,40.0,30.0,20.0,10.0,0.0
450.0,400.0,350.0,300.0,250.0,250.0,300.0,350.0,400.0,450.0
0.0,1.0,2.0,3.0,4.0,5.0,6.0,7.0,8.0,9.0
1.0,0.0,1.0,2.0,3.0,4.0,5.0,6.0,7.0,8.0
2.0,1.0,0.0,1.0,2.0,3.0,4.0,5.0,6.0,7.0
3.0,2.0,1.0,0.0,1.0,2.0,3.0,4.0,5.0,6.0
4.0,3.0,2.0,1.0,0.0,1.0,2.0,3.0,4.0,5.0
5.0,4.0,3.0,2.0,1.0,0.0,1.0,2.0,3.0,4.0
6.0,5.0,4.0,3.0,2.0,1.0,0.0,1.0,2.0,3.0
7.0,6.0,5.0,4.0,3.0,2.0,1.0,0.0,1.0,2.0
8.0,7.0,6.0,5.0,4.0,3.0,2.0,1.0,0.0,1.0
9.0,8.0,7.0,6.0,5.0,4.0,3.0,2.0,1.0,0.0
45.0,40.0,35.0,30.0,25.0,25.0,30.0,35.0,40.0,45.0
35.0,31.0,26.0,35.0,30.0,24.0,41.0,37.0,32.0,30.0,32.0,28.0,34.0,36.0,42.0,35.0,31.0,43.0,30.0,38.0,35.0,21.0,32.0,28.0,29.0,34.0,31.0,36.0,37.0,38.0,29.0,39.0,31.0,35.0,34.0,26.0,25.0,36.0,30.0,26.0,32.0,35.0,34.0,39.0,30.0,23.0,34.0,17.0,26.0,31.0
20.0,27.0,28.0,26.0,30.0,21.0,22.0,29.0,25.0,36.0,35.0,27.0,26.0,30.0,32.0,31.0,28.0,28.0,25.0,28.0,28.0,25.0,27.0,19.0,31.0,30.0,29.0,25.0,29.0,23.0,34.0,26.0,31.0,41.0,26.0,25.0,26.0,34.0,28.0,23.0,30.0,33.0,30.0,30.0,26.0,33.0,31.0,22.0,31.0,26.0
38.0,26.0,43.0,35.0,34.0,40.0,24.0,24.0,31.0,32.0,23.0,33.0,19.0,28.0,29.0,27.0,28.0,25.0,22.0,34.0,36.0,27.0,31.0,30.0,25.0,32.0,27.0,24.0,42.0,26.0,41.0,27.0,25.0,33.0,36.0,41.0,29.0,40.0,34.0,33.0,27.0,48.0,41.0,22.0,37.0,29.0,28.0,33.0,30.0,15.0
33.0,37.0,31.0,30.0,29.0,30.0,29.0,28.0,28.0,28.0,37.0,29.0,36.0,20.0,25.0,37.0,31.0,32.0,33.0,25.0,39.0,15.0,30.0,29.0,34.0,28.0,18.0,29.0,21.0,34.0,25.0,33.0,22.0,26.0,31.0,31.0,29.0,23.0,28.0,24.0,24.0,28.0,34.0,25.0,20.0,44.0,31.0,25.0,28.0,38.0
22.0,20.0,25.0,19.0,29.0,27.0,27.0,28.0,25.0,24.0,26.0,26.0,25.0,19.0,24.0,18.0,26.0,31.0,29.0,23.0,22.0,17.0,26.0,21.0,26.0,23.0,26.0,19.0,24.0,18.0,29.0,33.0,31.0,29.0,18.0,24.0,24.0,26.0,32.0,22.0,24.0,24.0,29.0,19.0,26.0,21.0,26.0,23.0,22.0,27.0
25.0,29.0,10.0,27.0,24.0,20.0,19.0,20.0,24.0,26.0,18.0,21.0,14.0,21.0,21.0,29.0,20.0,14.0,22.0,21.0,21.0,10.0,15.0,19.0,22.0,20.0,25.0,24.0,14.0,24.0,34.0,24.0,21.0,22.0,23.0,15.0,27.0,23.0,18.0,26.0,22.0,26.0,20.0,27.0,26.0,14.0,25.0,19.0,16.0,23.0
24.0,22.0,12.0,18.0,19.0,21.0,27.0,18.0,15.0,17.0,28.0,29.0,24.0,23.0,35.0,18.0,23.0,23.0,28.0,21.0,23.0,29.0,25.0,24.0,23.0,18.0,16.0,22.0,26.0,22.0,23.0,24.0,17.0,19.0,18.0,39.0,25.0,21.0,29.0,23.0,24.0,22.0,23.0,21.0,18.0,19.0,27.0,29.0,26.0,25.0
38.0,38.0,32.0,25.0,37.0,40.0,45.0,34.0,32.0,48.0,38.0,34.0,29.0,40.0,34.0,40.0,26.0,31.0,33.0,28.0,32.0,42.0,41.0,35.0,32.0,32.0,43.0,50.0,40.0,28.0,39.0,48.0,39.0,35.0,41.0,41.0,29.0,38.0,35.0,41.0,39.0,30.0,40.0,38.0,36.0,32.0,32.0,34.0,37.0,45.0
34.0,33.0,31.0,37.0,22.0,33.0,28.0,27.0,24.0,33.0,29.0,33.0,22.0,17.0,35.0,24.0,21.0,25.0,40.0,28.0,21.0,24.0,28.0,30.0,29.0,29.0,21.0,32.0,27.0,26.0,18.0,31.0,21.0,28.0,24.0,38.0,22.0,24.0,33.0,27.0,26.0,26.0,32.0,24.0,30.0,28.0,37.0,35.0,27.0,28.0
35.0,32.0,38.0,33.0,32.0,34.0,40.0,41.0,40.0,35.0,22.0,45.0,42.0,39.0,28.0,38.0,40.0,41.0,33.0,43.0,38.0,34.0,34.0,25.0,36.0,34.0,26.0,37.0,43.0,36.0,46.0,37.0,37.0,33.0,22.0,28.0,35.0,37.0,34.0,38.0,18.0,42.0,36.0,34.0,34.0,37.0,31.0,41.0,37.0,41.0
