10,50,1000
17.3755,19.922536,16.341402,19.582821,19.632346,15.83165,18.810418,18.961979,19.166389,19.714434
8.694871,7.431657,9.76058,7.808171,9.685511,8.540245,9.608889,5.247797,8.455017,6.605562
0.0,10.0,20.0,30.0,40.0,50.0,60.0,70.0,80.0,90.0
10.0,0.0,10.0,20.0,30.0,40.0,50.0,60.0,70.0,80.0
20.0,10.0,0.0,10.0,20.0,30.0,40.0,50.0,60.0,70.0
30.0,20.0,10.0,0.0,10.0,20.0,30.0,40.0,50.0,60.0
40.0,30.0,20.0,10.0,0.0,10.0,20.0,30.0,40.0,50.0
50.0,40.0,30.0,20.0,10.0,0.0,10.0,20.0,30.0,40.0
60.0,50.0,40.0,30.0,20.0,10.0,0.0,10.0,20.0,30.0
70.0,60.0,50.0,40.0,30.0,20.0,10.0,0.0,10.0,20.0
80.0,70.0,60.0,50.0,40.0,30.0,20.0,10.0,0.0,10.0
90.0,80.0,70.0,60.0,50.0,40.0,30.0,20.0,10.0,0.0
450.0,400.0,350.0,300.0,250.0,250.0,300.0,350.0,400.0,450.0
0.0,1.0,2.0,3.0,4.0,5.0,6.0,7.0,8.0,9.0
1.0,0.0,1.0,2.0,3.0,4.0,5.0,6.0,7.0,8.0
2.0,1.0,0.0,1.0,2.0,3.0,4.0,5.0,6.0,7.0
3.0,2.0,1.0,0.0,1.0,2.0,3.0,4.0,5.0,6.0
4.0,3.0,2.0,1.0,0.0,1.0,2.0,3.0,4.0,5.0
5.0,4.0,3.0,2.0,1.0,0.0,1.0,2.0,3.0,4.0
6.0,5.0,4.0,3.0,2.0,1.0,0.0,1.0,2.0,3.0
7.0,6.0,5.0,4.0,3.0,2.0,1.0,0.0,1.0,2.0
8.0,7.0,6.0,5.0,4.0,3.0,2.0,1.0,0.0,1.0
9.0,8.0,7.0,6.0,5.0,4.0,3.0,2.0,1.0,0.0
45.0,40.0,35.0,30.0,25.0,25.0,30.0,35.0,40.0,45.0
20.0,31.0,33.0,26.0,36.0,35.0,32.0,42.0,24.0,36.0,30.0,29.0,30.0,42.0,29.0,43.0,25.0,34.0,39.0,36.0,26.0,26.0,23.0,29.0,35.0,39.0,30.0,33.0,42.0,45.0,29.0,42.0,34.0,33.0,31.0,27.0,29.0,33.0,31.0,29.0,25.0,25.0,37.0,34.0,18.0,31.0,43.0,36.0,25.0,29.0
37.0,33.0,27.0,30.0,22.0,29.0,34.0,20.0,25.0,28.0,29.0,46.0,34.0,23.0,21.0,32.0,33.0,20.0,22.0,27.0,29.0,36.0,30.0,26.0,24.0,24.0,29.0,26.0,32.0,33.0,28.0,23.0,25.0,24.0,24.0,32.0,25.0,37.0,25.0,29.0,27.0,39.0,27.0,34.0,32.0,26.0,29.0,21.0,28.0,31.0
40.0,35.0,45.0,34.0,39.0,32.0,37.0,34.0,29.0,29.0,40.0,32.0,37.0,30.0,35.0,38.0,36.0,36.0,47.0,35.0,45.0,34.0,37.0,30.0,33.0,31.0,28.0,38.0,25.0,38.0,31.0,33.0,34.0,37.0,35.0,30.0,21.0,40.0,40.0,34.0,30.0,41.0,39.0,34.0,44.0,41.0,32.0,39.0,48.0,38.0
28.0,35.0,33.0,30.0,26.0,30.0,20.0,31.0,38.0,38.0,24.0,35.0,48.0,39.0,31.0,38.0,32.0,36.0,34.0,31.0,25.0,38.0,30.0,26.0,29.0,29.0,32.0,33.0,24.0,30.0,27.0,30.0,30.0,32.0,27.0,27.0,36.0,28.0,38.0,29.0,34.0,30.0,34.0,31.0,27.0,24.0,35.0,29.0,24.0,27.0
28.0,43.0,31.0,36.0,37.0,40.0,46.0,31.0,35.0,33.0,26.0,39.0,42.0,37.0,32.0,29.0,42.0,44.0,32.0,33.0,34.0,37.0,39.0,42.0,30.0,36.0,45.0,50.0,39.0,35.0,37.0,37.0,32.0,33.0,23.0,29.0,42.0,49.0,33.0,25.0,32.0,39.0,34.0,42.0,51.0,43.0,37.0,35.0,28.0,31.0
22.0,41.0,30.0,37.0,32.0,32.0,39.0,36.0,34.0,36.0,41.0,32.0,47.0,27.0,31.0,32.0,29.0,35.0,24.0,29.0,32.0,29.0,34.0,39.0,31.0,31.0,33.0,35.0,34.0,36.0,33.0,26.0,36.0,38.0,22.0,35.0,30.0,43.0,29.0,23.0,32.0,37.0,29.0,27.0,45.0,34.0,36.0,38.0,29.0,25.0
43.0,39.0,35.0,31.0,36.0,35.0,37.0,34.0,29.0,34.0,47.0,21.0,33.0,33.0,27.0,44.0,42.0,44.0,33.0,39.0,39.0,28.0,32.0,33.0,37.0,45.0,29.0,37.0,43.0,36.0,44.0,42.0,31.0,40.0,41.0,36.0,32.0,35.0,39.0,42.0,34.0,35.0,41.0,40.0,39.0,29.0,34.0,31.0,40.0,26.0
18.0,18.0,33.0,12.0,27.0,15.0,21.0,19.0,22.0,26.0,23.0,16.0,20.0,20.0,25.0,25.0,19.0,21.0,13.0,19.0,14.0,20.0,16.0,16.0,21.0,24.0,17.0,21.0,20.0,23.0,17.0,26.0,22.0,26.0,20.0,25.0,19.0,20.0,23.0,25.0,16.0,28.0,21.0,30.0,22.0,21.0,24.0,24.0,17.0,20.0
27.0,34.0,28.0,33.0,36.0,40.0,45.0,35.0,34.0,33.0,27.0,31.0,37.0,26.0,27.0,32.0,31.0,18.0,31.0,26.0,32.0,39.0,27.0,35.0,35.0,38.0,35.0,26.0,25.0,26.0,32.0,28.0,29.0,23.0,33.0,31.0,28.0,39.0,28.0,31.0,36.0,33.0,35.0,31.0,29.0,34.0,26.0,29.0,32.0,31.0
19.0,30.0,40.0,37.0,22.0,35.0,26.0,38.0,25.0,27.0,25.0,30.0,25.0,33.0,31.0,27.0,25.0,21.0,21.0,27.0,29.0,19.0,25.0,35.0,33.0,19.0,25.0,27.0,23.0,37.0,36.0,30.0,27.0,28.0,25.0,22.0,16.0,30.0,14.0,25.0,23.0,30.0,35.0,21.0,31.0,25.0,27.0,24.0,27.0,27.0
