10,50,1000
17.258426,19.62993,15.782676,18.893375,16.946338,19.507313,15.28911,19.7006,17.849314,18.416696
7.59474,9.839224,5.802881,7.410668,7.119289,5.501646,9.308343,9.053287,6.588839,5.051507
0.0,10.0,20.0,30.0,40.0,50.0,60.0,70.0,80.0,90.0
10.0,0.0,10.0,20.0,30.0,40.0,50.0,60.0,70.0,80.0
20.0,10.0,0.0,10.0,20.0,30.0,40.0,50.0,60.0,70.0
30.0,20.0,10.0,0.0,10.0,20.0,30.0,40.0,50.0,60.0
40.0,30.0,20.0,10.0,0.0,10.0,20.0,30.0,40.0,50.0
50.0,40.0,30.0,20.0,10.0,0.0,10.0,20.0,30.0,40.0
60.0,50.0,40.0,30.0,20.0,10.0,0.0,10.0,20.0,30.0
70.0,60.0,50.0,40.0,30.0,20.0,10.0,0.0,10.0,20.0
80.0,70.0,60.0,50.0,40.0,30.0,20.0,10.0,0.0,10.0
90.0,80.0,70.0,60.0,50.0,40.0,30.0,20.0,10.0,0.0
450.0,400.0,350.0,300.0,250.0,250.0,300.0,350.0,400.0,450.0
0.0,1.0,2.0,3.0,4.0,5.0,6.0,7.0,8.0,9.0
1.0,0.0,1.0,2.0,3.0,4.0,5.0,6.0,7.0,8.0
2.0,1.0,0.0,1.0,2.0,3.0,4.0,5.0,6.0,7.0
3.0,2.0,1.0,0.0,1.0,2.0,3.0,4.0,5.0,6.0
4.0,3.0,2.0,1.0,0.0,1.0,2.0,3.0,4.0,5.0
5.0,4.0,3.0,2.0,1.0,0.0,1.0,2.0,3.0,4.0
6.0,5.0,4.0,3.0,2.0,1.0,0.0,1.0,2.0,3.0
7.0,6.0,5.0,4.0,3.0,2.0,1.0,0.0,1.0,2.0
8.0,7.0,6.0,5.0,4.0,3.0,2.0,1.0,0.0,1.0
9.0,8.0,7.0,6.0,5.0,4.0,3.0,2.0,1.0,0.0
45.0,40.0,35.0,30.0,25.0,25.0,30.0,35.0,40.0,45.0
24.0,33.0,27.0,27.0,30.0,34.0,29.0,30.0,31.0,33.0,29.0,29.0,28.0,30.0,30.0,33.0,17.0,40.0,29.0,28.0,34.0,23.0,29.0,30.0,32.0,26.0,25.0,34.0,29.0,29.0,37.0,38.0,33.0,22.0,24.0,27.0,25.0,17.0,32.0,29.0,31.0,32.0,25.0,30.0,29.0,18.0,36.0,32.0,34.0,38.0
29.0,40.0,39.0,30.0,37.0,30.0,37.0,37.0,30.0,33.0,33.0,39.0,34.0,42.0,37.0,36.0,38.0,31.0,37.0,40.0,36.0,28.0,38.0,33.0,39.0,36.0,36.0,36.0,34.0,36.0,34.0,38.0,45.0,34.0,39.0,24.0,33.0,34.0,39.0,29.0,24.0,43.0,40.0,49.0,44.0,36.0,32.0,47.0,55.0,45.0
25.0,31.0,20.0,23.0,26.0,19.0,25.0,27.0,19.0,22.0,27.0,23.0,28.0,19.0,25.0,26.0,23.0,23.0,21.0,25.0,23.0,15.0,25.0,21.0,18.0,19.0,21.0,24.0,23.0,32.0,25.0,27.0,23.0,26.0,31.0,26.0,28.0,31.0,29.0,29.0,17.0,20.0,29.0,22.0,21.0,22.0,41.0,35.0,26.0,17.0
32.0,30.0,38.0,41.0,33.0,32.0,29.0,34.0,33.0,28.0,22.0,27.0,27.0,33.0,30.0,25.0,34.0,29.0,29.0,30.0,33.0,31.0,36.0,31.0,31.0,33.0,25.0,26.0,29.0,33.0,33.0,30.0,29.0,25.0,33.0,35.0,31.0,32.0,26.0,27.0,26.0,32.0,20.0,41.0,34.0,27.0,32.0,31.0,22.0,24.0
22.0,25.0,29.0,22.0,31.0,20.0,28.0,26.0,21.0,31.0,35.0,28.0,22.0,25.0,24.0,35.0,31.0,37.0,26.0,22.0,24.0,23.0,38.0,27.0,29.0,29.0,22.0,19.0,30.0,27.0,28.0,20.0,27.0,29.0,29.0,38.0,36.0,26.0,24.0,37.0,21.0,33.0,27.0,24.0,25.0,35.0,21.0,35.0,25.0,11.0
35.0,21.0,23.0,27.0,19.0,30.0,22.0,25.0,20.0,17.0,31.0,21.0,27.0,20.0,19.0,18.0,23.0,20.0,23.0,40.0,20.0,19.0,23.0,14.0,22.0,22.0,15.0,24.0,15.0,22.0,17.0,29.0,28.0,25.0,19.0,26.0,21.0,20.0,22.0,33.0,30.0,18.0,26.0,16.0,19.0,26.0,26.0,26.0,22.0,25.0
27.0,34.0,37.0,42.0,33.0,33.0,35.0,23.0,34.0,39.0,32.0,33.0,22.0,36.0,35.0,40.0,36.0,42.0,28.0,24.0,37.0,23.0,29.0,41.0,34.0,29.0,38.0,36.0,30.0,34.0,29.0,37.0,36.0,45.0,46.0,31.0,31.0,40.0,50.0,35.0,37.0,27.0,27.0,42.0,28.0,27.0,44.0,30.0,40.0,38.0
27.0,30.0,27.0,27.0,39.0,42.0,37.0,42.0,31.0,38.0,31.0,30.0,35.0,32.0,41.0,41.0,35.0,26.0,46.0,29.0,32.0,32.0,34.0,37.0,48.0,28.0,25.0,44.0,29.0,30.0,31.0,32.0,34.0,42.0,54.0,28.0,40.0,41.0,42.0,38.0,35.0,28.0,36.0,45.0,29.0,31.0,37.0,28.0,36.0,26.0
33.0,29.0,20.0,28.0,27.0,23.0,25.0,22.0,18.0,32.0,23.0,31.0,21.0,22.0,21.0,38.0,28.0,26.0,26.0,32.0,25.0,23.0,26.0,28.0,20.0,29.0,29.0,23.0,19.0,19.0,18.0,28.0,26.0,30.0,30.0,25.0,20.0,37.0,24.0,34.0,23.0,21.0,21.0,22.0,32.0,26.0,31.0,23.0,23.0,32.0
24.0,19.0,13.0,23.0,17.0,20.0,22.0,19.0,20.0,23.0,28.0,20.0,22.0,24.0,24.0,21.0,20.0,27.0,18.0,27.0,20.0,26.0,19.0,25.0,18.0,19.0,22.0,25.0,27.0,21.0,15.0,17.0,20.0,13.0,17.0,27.0,25.0,19.0,16.0,24.0,19.0,22.0,14.0,27.0,22.0,18.0,17.0,20.0,23.0,15.0
