10,50,1000
15.085234,17.685296,16.824743,15.986956,16.198999,15.327954,17.208735,19.597422,19.994722,15.441077
7.052507,9.866901,5.323353,5.510013,8.311093,7.315342,8.04183,9.678436,5.843142,5.374364
0.0,10.0,20.0,30.0,40.0,50.0,60.0,70.0,80.0,90.0
10.0,0.0,10.0,20.0,30.0,40.0,50.0,60.0,70.0,80.0
20.0,10.0,0.0,10.0,20.0,30.0,40.0,50.0,60.0,70.0
30.0,20.0,10.0,0.0,10.0,20.0,30.0,40.0,50.0,60.0
40.0,30.0,20.0,10.0,0.0,10.0,20.0,30.0,40.0,50.0
50.0,40.0,30.0,20.0,10.0,0.0,10.0,20.0,30.0,40.0
60.0,50.0,40.0,30.0,20.0,10.0,0.0,10.0,20.0,30.0
70.0,60.0,50.0,40.0,30.0,20.0,10.0,0.0,10.0,20.0
80.0,70.0,60.0,50.0,40.0,30.0,20.0,10.0,0.0,10.0
90.0,80.0,70.0,60.0,50.0,40.0,30.0,20.0,10.0,0.0
450.0,400.0,350.0,300.0,250.0,250.0,300.0,350.0,400.0,450.0
0.0,1.0,2.0,3.0,4.0,5.0,6.0,7.0,8.0,9.0
1.0,0.0,1.0,2.0,3.0,4.0,5.0,6.0,7.0,8.0
2.0,1.0,0.0,1.0,2.0,3.0,4.0,5.0,6.0,7.0
3.0,2.0,1.0,0.0,1.0,2.0,3.0,4.0,5.0,6.0
4.0,3.0,2.0,1.0,0.0,1.0,2.0,3.0,4.0,5.0
5.0,4.0,3.0,2.0,1.0,0.0,1.0,2.0,3.0,4.0
6.0,5.0,4.0,3.0,2.0,1.0,0.0,1.0,2.0,3.0
7.0,6.0,5.0,4.0,3.0,2.0,1.0,0.0,1.0,2.0
8.0,7.0,6.0,5.0,4.0,3.0,2.0,1.0,0.0,1.0
9.0,8.0,7.0,6.0,5.0,4.0,3.0,2.0,1.0,0.0
45.0,40.0,35.0,30.0,25.0,25.0,30.0,35.0,40.0,45.0
27.0,26.0,23.0,23.0,25.0,28.0,16.0,21.0,26.0,26.0,25.0,28.0,15.0,21.0,31.0,28.0,24.0,31.0,24.0,23.0,28.0,25.0,28.0,29.0,26.0,18.0,32.0,24.0,30.0,21.0,27.0,26.0,23.0,20.0,29.0,28.0,26.0,30.0,27.0,21.0,30.0,33.0,25.0,25.0,18.0,30.0,29.0,32.0,26.0,39.0
43.0,40.0,26.0,37.0,35.0,26.0,32.0,24.0,32.0,43.0,34.0,33.0,29.0,31.0,32.0,37.0,28.0,36.0,34.0,37.0,36.0,30.0,29.0,36.0,38.0,47.0,35.0,40.0,36.0,33.0,38.0,33.0,42.0,38.0,31.0,35.0,28.0,34.0,37.0,40.0,44.0,36.0,31.0,35.0,39.0,27.0,34.0,44.0,30.0,47.0
16.0,26.0,21.0,21.0,23.0,15.0,26.0,28.0,24.0,28.0,24.0,18.0,20.0,21.0,21.0,21.0,23.0,20.0,23.0,17.0,28.0,21.0,27.0,16.0,26.0,29.0,25.0,17.0,20.0,15.0,17.0,21.0,12.0,20.0,24.0,28.0,19.0,19.0,22.0,17.0,21.0,23.0,19.0,24.0,22.0,23.0,24.0,15.0,22.0,24.0
20.0,21.0,20.0,21.0,27.0,10.0,22.0,22.0,24.0,17.0,21.0,19.0,19.0,21.0,17.0,30.0,20.0,23.0,24.0,22.0,14.0,22.0,28.0,28.0,20.0,24.0,37.0,18.0,27.0,20.0,26.0,25.0,33.0,30.0,31.0,29.0,28.0,20.0,16.0,21.0,25.0,23.0,23.0,23.0,18.0,31.0,20.0,21.0,18.0,19.0
21.0,31.0,31.0,29.0,27.0,24.0,34.0,32.0,34.0,26.0,33.0,38.0,25.0,28.0,33.0,34.0,29.0,34.0,31.0,32.0,43.0,32.0,34.0,37.0,31.0,34.0,28.0,28.0,23.0,28.0,36.0,31.0,32.0,29.0,28.0,27.0,29.0,19.0,33.0,43.0,32.0,25.0,34.0,37.0,28.0,33.0,25.0,32.0,42.0,23.0
24.0,25.0,23.0,26.0,28.0,22.0,24.0,27.0,31.0,39.0,29.0,32.0,23.0,37.0,28.0,26.0,36.0,24.0,21.0,15.0,18.0,35.0,27.0,30.0,27.0,24.0,32.0,29.0,27.0,36.0,25.0,28.0,21.0,27.0,29.0,22.0,29.0,26.0,20.0,34.0,28.0,30.0,24.0,24.0,30.0,21.0,31.0,26.0,27.0,29.0
37.0,31.0,25.0,23.0,42.0,29.0,39.0,41.0,24.0,26.0,34.0,33.0,28.0,26.0,29.0,30.0,29.0,22.0,46.0,28.0,20.0,34.0,26.0,38.0,28.0,22.0,23.0,35.0,31.0,32.0,33.0,22.0,35.0,40.0,30.0,25.0,38.0,25.0,33.0,27.0,28.0,15.0,26.0,30.0,28.0,15.0,30.0,26.0,29.0,14.0
40.0,40.0,38.0,36.0,39.0,34.0,37.0,41.0,40.0,36.0,36.0,27.0,50.0,42.0,49.0,34.0,33.0,41.0,41.0,26.0,36.0,33.0,24.0,31.0,41.0,29.0,29.0,37.0,21.0,37.0,36.0,31.0,51.0,41.0,38.0,31.0,34.0,33.0,48.0,32.0,50.0,39.0,39.0,34.0,42.0,43.0,32.0,42.0,26.0,32.0
19.0,28.0,20.0,22.0,28.0,21.0,26.0,26.0,17.0,21.0,21.0,22.0,28.0,20.0,26.0,33.0,27.0,24.0,15.0,18.0,21.0,25.0,18.0,29.0,25.0,24.0,25.0,30.0,23.0,28.0,19.0,24.0,23.0,24.0,28.0,19.0,25.0,22.0,23.0,26.0,28.0,32.0,24.0,21.0,28.0,34.0,34.0,27.0,27.0,23.0
20.0,20.0,22.0,19.0,18.0,18.0,13.0,17.0,24.0,24.0,18.0,24.0,16.0,14.0,15.0,23.0,20.0,21.0,15.0,20.0,22.0,13.0,23.0,23.0,18.0,21.0,28.0,18.0,27.0,18.0,26.0,24.0,31.0,18.0,24.0,21.0,23.0,16.0,24.0,21.0,20.0,21.0,27.0,23.0,14.0,17.0,13.0,27.0,25.0,16.0
