10,50,1000
18.624521,15.092245,16.922119,15.235264,16.01229,19.923096,17.130997,16.25933,16.177835,18.477966
9.230609,5.196811,9.649647,8.203619,7.552858,6.726692,7.332978,5.194843,5.006981,7.96942
0.0,10.0,20.0,30.0,40.0,50.0,60.0,70.0,80.0,90.0
10.0,0.0,10.0,20.0,30.0,40.0,50.0,60.0,70.0,80.0
20.0,10.0,0.0,10.0,20.0,30.0,40.0,50.0,60.0,70.0
30.0,20.0,10.0,0.0,10.0,20.0,30.0,40.0,50.0,60.0
40.0,30.0,20.0,10.0,0.0,10.0,20.0,30.0,40.0,50.0
50.0,40.0,30.0,20.0,10.0,0.0,10.0,20.0,30.0,40.0
60.0,50.0,40.0,30.0,20.0,10.0,0.0,10.0,20.0,30.0
70.0,60.0,50.0,40.0,30.0,20.0,10.0,0.0,10.0,20.0
80.0,70.0,60.0,50.0,40.0,30.0,20.0,10.0,0.0,10.0
90.0,80.0,70.0,60.0,50.0,40.0,30.0,20.0,10.0,0.0
450.0,400.0,350.0,300.0,250.0,250.0,300.0,350.0,400.0,450.0
0.0,1.0,2.0,3.0,4.0,5.0,6.0,7.0,8.0,9.0
1.0,0.0,1.0,2.0,3.0,4.0,5.0,6.0,7.0,8.0
2.0,1.0,0.0,1.0,2.0,3.0,4.0,5.0,6.0,7.0
3.0,2.0,1.0,0.0,1.0,2.0,3.0,4.0,5.0,6.0
4.0,3.0,2.0,1.0,0.0,1.0,2.0,3.0,4.0,5.0
5.0,4.0,3.0,2.0,1.0,0.0,1.0,2.0,3.0,4.0
6.0,5.0,4.0,3.0,2.0,1.0,0.0,1.0,2.0,3.0
7.0,6.0,5.0,4.0,3.0,2.0,1.0,0.0,1.0,2.0
8.0,7.0,6.0,5.0,4.0,3.0,2.0,1.0,0.0,1.0
9.0,8.0,7.0,6.0,5.0,4.0,3.0,2.0,1.0,0.0
45.0,40.0,35.0,30.0,25.0,25.0,30.0,35.0,40.0,45.0
35.0,30.0,32.0,38.0,31.0,36.0,40.0,40.0,34.0,35.0,48.0,32.0,36.0,32.0,49.0,34.0,38.0,23.0,26.0,35.0,34.0,32.0,31.0,28.0,44.0,25.0,29.0,41.0,27.0,24.0,33.0,38.0,37.0,33.0,39.0,31.0,36.0,34.0,43.0,27.0,42.0,31.0,32.0,31.0,31.0,43.0,36.0,36.0,32.0,37.0
28.0,22.0,20.0,28.0,25.0,18.0,19.0,22.0,19.0,12.0,20.0,23.0,18.0,15.0,21.0,15.0,20.0,17.0,32.0,33.0,24.0,21.0,24.0,23.0,14.0,27.0,22.0,24.0,19.0,21.0,23.0,22.0,13.0,17.0,14.0,11.0,18.0,21.0,16.0,16.0,18.0,21.0,23.0,19.0,29.0,20.0,12.0,20.0,19.0,23.0
38.0,37.0,31.0,35.0,36.0,35.0,42.0,23.0,29.0,21.0,37.0,38.0,43.0,49.0,39.0,33.0,38.0,32.0,33.0,28.0,45.0,43.0,32.0,41.0,30.0,41.0,39.0,23.0,27.0,38.0,40.0,41.0,31.0,31.0,37.0,32.0,35.0,38.0,40.0,39.0,37.0,35.0,38.0,33.0,40.0,30.0,44.0,36.0,38.0,23.0
28.0,33.0,32.0,34.0,42.0,38.0,23.0,31.0,36.0,26.0,38.0,23.0,24.0,28.0,28.0,33.0,37.0,36.0,27.0,29.0,32.0,29.0,28.0,25.0,30.0,34.0,34.0,33.0,26.0,24.0,27.0,30.0,27.0,37.0,30.0,32.0,27.0,34.0,28.0,22.0,35.0,36.0,27.0,22.0,13.0,28.0,38.0,29.0,33.0,28.0
27.0,30.0,32.0,27.0,26.0,31.0,38.0,22.0,23.0,29.0,24.0,33.0,32.0,30.0,27.0,27.0,25.0,33.0,24.0,30.0,34.0,31.0,26.0,24.0,31.0,36.0,22.0,26.0,21.0,35.0,27.0,23.0,29.0,32.0,21.0,35.0,38.0,33.0,28.0,28.0,21.0,31.0,29.0,26.0,32.0,32.0,22.0,24.0,31.0,29.0
29.0,33.0,27.0,28.0,32.0,18.0,30.0,31.0,19.0,36.0,20.0,24.0,27.0,16.0,25.0,24.0,33.0,38.0,24.0,29.0,18.0,20.0,15.0,26.0,30.0,25.0,31.0,28.0,22.0,22.0,21.0,25.0,29.0,22.0,26.0,29.0,25.0,34.0,16.0,23.0,18.0,19.0,27.0,34.0,24.0,25.0,26.0,24.0,26.0,27.0
32.0,25.0,24.0,37.0,31.0,29.0,27.0,28.0,21.0,19.0,29.0,24.0,24.0,18.0,30.0,27.0,31.0,31.0,29.0,23.0,32.0,22.0,29.0,28.0,23.0,27.0,29.0,22.0,32.0,33.0,26.0,35.0,25.0,29.0,26.0,29.0,34.0,26.0,21.0,17.0,30.0,35.0,32.0,24.0,29.0,32.0,25.0,39.0,25.0,38.0
17.0,25.0,18.0,18.0,22.0,28.0,25.0,19.0,19.0,21.0,21.0,17.0,18.0,23.0,17.0,24.0,29.0,22.0,20.0,11.0,16.0,19.0,25.0,15.0,22.0,16.0,24.0,22.0,26.0,13.0,21.0,24.0,21.0,18.0,22.0,26.0,26.0,24.0,21.0,22.0,24.0,17.0,28.0,24.0,14.0,17.0,13.0,20.0,28.0,21.0
17.0,18.0,15.0,16.0,24.0,14.0,14.0,19.0,27.0,27.0,23.0,35.0,24.0,21.0,25.0,22.0,22.0,22.0,28.0,27.0,32.0,18.0,30.0,21.0,28.0,16.0,21.0,26.0,30.0,21.0,18.0,13.0,18.0,20.0,21.0,24.0,12.0,29.0,22.0,15.0,23.0,18.0,19.0,22.0,22.0,20.0,15.0,22.0,19.0,19.0
33.0,28.0,32.0,35.0,30.0,30.0,24.0,29.0,24.0,28.0,32.0,27.0,30.0,29.0,35.0,19.0,29.0,25.0,22.0,32.0,35.0,23.0,29.0,37.0,23.0,30.0,33.0,21.0,24.0,29.0,36.0,27.0,36.0,32.0,25.0,36.0,38.0,24.0,30.0,22.0,27.0,28.0,33.0,36.0,26.0,31.0,31.0,43.0,24.0,33.0
