10,50,1000
18.887436,18.317511,17.960711,16.562927,15.546315,18.608206,16.012728,16.504843,19.795798,18.401755
6.991485,6.059698,5.788585,6.647106,8.664646,8.126305,8.060098,6.271445,8.327013,7.055746
0.0,10.0,20.0,30.0,40.0,50.0,60.0,70.0,80.0,90.0
10.0,0.0,10.0,20.0,30.0,40.0,50.0,60.0,70.0,80.0
20.0,10.0,0.0,10.0,20.0,30.0,40.0,50.0,60.0,70.0
30.0,20.0,10.0,0.0,10.0,20.0,30.0,40.0,50.0,60.0
40.0,30.0,20.0,10.0,0.0,10.0,20.0,30.0,40.0,50.0
50.0,40.0,30.0,20.0,10.0,0.0,10.0,20.0,30.0,40.0
60.0,50.0,40.0,30.0,20.0,10.0,0.0,10.0,20.0,30.0
70.0,60.0,50.0,40.0,30.0,20.0,10.0,0.0,10.0,20.0
80.0,70.0,60.0,50.0,40.0,30.0,20.0,10.0,0.0,10.0
90.0,80.0,70.0,60.0,50.0,40.0,30.0,20.0,10.0,0.0
450.0,400.0,350.0,300.0,250.0,250.0,300.0,350.0,400.0,450.0
0.0,1.0,2.0,3.0,4.0,5.0,6.0,7.0,8.0,9.0
1.0,0.0,1.0,2.0,3.0,4.0,5.0,6.0,7.0,8.0
2.0,1.0,0.0,1.0,2.0,3.0,4.0,5.0,6.0,7.0
3.0,2.0,1.0,0.0,1.0,2.0,3.0,4.0,5.0,6.0
4.0,3.0,2.0,1.0,0.0,1.0,2.0,3.0,4.0,5.0
5.0,4.0,3.0,2.0,1.0,0.0,1.0,2.0,3.0,4.0
6.0,5.0,4.0,3.0,2.0,1.0,0.0,1.0,2.0,3.0
7.0,6.0,5.0,4.0,3.0,2.0,1.0,0.0,1.0,2.0
8.0,7.0,6.0,5.0,4.0,3.0,2.0,1.0,0.0,1.0
9.0,8.0,7.0,6.0,5.0,4.0,3.0,2.0,1.0,0.0
45.0,40.0,35.0,30.0,25.0,25.0,30.0,35.0,40.0,45.0
22.0,33.0,21.0,28.0,32.0,35.0,31.0,26.0,34.0,26.0,32.0,30.0,24.0,32.0,28.0,39.0,25.0,20.0,29.0,35.0,32.0,25.0,36.0,37.0,23.0,25.0,23.0,30.0,26.0,30.0,19.0,26.0,33.0,41.0,40.0,31.0,21.0,29.0,37.0,24.0,36.0,24.0,26.0,24.0,24.0,32.0,23.0,35.0,29.0,27.0
22.0,24.0,18.0,18.0,24.0,25.0,20.0,26.0,27.0,26.0,20.0,32.0,34.0,22.0,22.0,30.0,23.0,30.0,23.0,26.0,16.0,28.0,24.0,20.0,15.0,31.0,36.0,28.0,16.0,22.0,16.0,19.0,28.0,22.0,23.0,26.0,20.0,16.0,15.0,22.0,27.0,25.0,28.0,22.0,24.0,25.0,28.0,23.0,27.0,25.0
30.0,19.0,26.0,22.0,23.0,26.0,12.0,20.0,15.0,22.0,27.0,19.0,27.0,22.0,18.0,23.0,23.0,17.0,32.0,24.0,26.0,20.0,22.0,17.0,19.0,24.0,20.0,13.0,16.0,19.0,16.0,34.0,23.0,16.0,25.0,20.0,27.0,17.0,24.0,22.0,28.0,23.0,35.0,19.0,27.0,23.0,29.0,16.0,19.0,17.0
22.0,24.0,26.0,22.0,23.0,25.0,28.0,31.0,28.0,27.0,25.0,27.0,26.0,26.0,26.0,37.0,22.0,31.0,16.0,22.0,35.0,28.0,22.0,24.0,23.0,22.0,30.0,31.0,25.0,20.0,23.0,26.0,28.0,27.0,25.0,31.0,26.0,28.0,26.0,32.0,24.0,21.0,21.0,25.0,29.0,28.0,25.0,26.0,22.0,25.0
30.0,31.0,32.0,31.0,32.0,22.0,40.0,28.0,40.0,37.0,32.0,31.0,37.0,31.0,30.0,37.0,27.0,30.0,29.0,42.0,45.0,35.0,33.0,29.0,26.0,27.0,37.0,26.0,33.0,35.0,33.0,38.0,31.0,35.0,27.0,30.0,27.0,33.0,32.0,30.0,27.0,29.0,45.0,24.0,36.0,38.0,39.0,38.0,27.0,37.0
24.0,27.0,28.0,33.0,33.0,35.0,32.0,38.0,26.0,29.0,40.0,44.0,38.0,27.0,38.0,31.0,28.0,35.0,28.0,25.0,37.0,33.0,35.0,32.0,34.0,40.0,34.0,36.0,32.0,32.0,27.0,33.0,27.0,24.0,39.0,31.0,30.0,31.0,33.0,38.0,23.0,31.0,26.0,28.0,27.0,33.0,38.0,29.0,30.0,26.0
30.0,21.0,28.0,30.0,28.0,27.0,30.0,31.0,31.0,35.0,36.0,37.0,29.0,31.0,38.0,22.0,38.0,40.0,47.0,26.0,18.0,32.0,26.0,31.0,24.0,21.0,34.0,24.0,28.0,25.0,36.0,30.0,29.0,25.0,26.0,31.0,27.0,33.0,35.0,27.0,25.0,28.0,40.0,33.0,22.0,35.0,21.0,21.0,18.0,30.0
21.0,26.0,25.0,23.0,23.0,25.0,18.0,20.0,16.0,12.0,25.0,28.0,21.0,30.0,25.0,24.0,25.0,24.0,23.0,22.0,26.0,17.0,20.0,24.0,18.0,27.0,31.0,33.0,17.0,27.0,23.0,18.0,23.0,31.0,27.0,21.0,20.0,22.0,23.0,24.0,27.0,20.0,27.0,25.0,24.0,23.0,18.0,22.0,25.0,24.0
35.0,28.0,28.0,25.0,38.0,37.0,32.0,26.0,27.0,24.0,29.0,29.0,25.0,39.0,44.0,26.0,29.0,28.0,36.0,33.0,38.0,21.0,34.0,26.0,40.0,26.0,43.0,30.0,31.0,41.0,42.0,37.0,29.0,38.0,39.0,25.0,34.0,40.0,42.0,28.0,33.0,32.0,23.0,22.0,32.0,34.0,29.0,33.0,37.0,32.0
24.0,29.0,32.0,29.0,31.0,23.0,30.0,33.0,33.0,31.0,31.0,20.0,29.0,31.0,32.0,19.0,28.0,34.0,34.0,25.0,28.0,35.0,28.0,28.0,31.0,24.0,24.0,30.0,27.0,26.0,33.0,25.0,29.0,28.0,39.0,36.0,23.0,20.0,19.0,23.0,26.0,36.0,19.0,23.0,26.0,22.0,37.0,26.0,25.0,30.0
