10,50,1000
19.71889,15.225914,18.105538,16.191822,16.177367,17.888787,15.150606,19.840724,17.544192,15.957154
5.719867,9.714992,7.343277,5.30119,7.616096,9.739424,6.701996,9.165449,6.226879,9.740088
0.0,10.0,20.0,30.0,40.0,50.0,60.0,70.0,80.0,90.0
10.0,0.0,10.0,20.0,30.0,40.0,50.0,60.0,70.0,80.0
20.0,10.0,0.0,10.0,20.0,30.0,40.0,50.0,60.0,70.0
30.0,20.0,10.0,0.0,10.0,20.0,30.0,40.0,50.0,60.0
40.0,30.0,20.0,10.0,0.0,10.0,20.0,30.0,40.0,50.0
50.0,40.0,30.0,20.0,10.0,0.0,10.0,20.0,30.0,40.0
60.0,50.0,40.0,30.0,20.0,10.0,0.0,10.0,20.0,30.0
70.0,60.0,50.0,40.0,30.0,20.0,10.0,0.0,10.0,20.0
80.0,70.0,60.0,50.0,40.0,30.0,20.0,10.0,0.0,10.0
90.0,80.0,70.0,60.0,50.0,40.0,30.0,20.0,10.0,0.0
450.0,400.0,350.0,300.0,250.0,250.0,300.0,350.0,400.0,450.0
0.0,1.0,2.0,3.0,4.0,5.0,6.0,7.0,8.0,9.0
1.0,0.0,1.0,2.0,3.0,4.0,5.0,6.0,7.0,8.0
2.0,1.0,0.0,1.0,2.0,3.0,4.0,5.0,6.0,7.0
3.0,2.0,1.0,0.0,1.0,2.0,3.0,4.0,5.0,6.0
4.0,3.0,2.0,1.0,0.0,1.0,2.0,3.0,4.0,5.0
5.0,4.0,3.0,2.0,1.0,0.0,1.0,2.0,3.0,4.0
6.0,5.0,4.0,3.0,2.0,1.0,0.0,1.0,2.0,3.0
7.0,6.0,5.0,4.0,3.0,2.0,1.0,0.0,1.0,2.0
8.0,7.0,6.0,5.0,4.0,3.0,2.0,1.0,0.0,1.0
9.0,8.0,7.0,6.0,5.0,4.0,3.0,2.0,1.0,0.0
45.0,40.0,35.0,30.0,25.0,25.0,30.0,35.0,40.0,45.0
23.0,23.0,22.0,22.0,26.0,18.0,25.0,30.0,27.0,18.0,23.0,25.0,27.0,20.0,30.0,23.0,29.0,21.0,27.0,21.0,25.0,24.0,20.0,25.0,22.0,17.0,30.0,25.0,22.0,24.0,19.0,23.0,21.0,34.0,33.0,25.0,22.0,25.0,21.0,22.0,15.0,23.0,19.0,24.0,23.0,23.0,25.0,25.0,30.0,20.0
44.0,26.0,39.0,30.0,34.0,42.0,36.0,39.0,25.0,35.0,35.0,47.0,35.0,30.0,34.0,33.0,38.0,27.0,34.0,50.0,42.0,29.0,28.0,33.0,28.0,47.0,30.0,31.0,33.0,37.0,31.0,39.0,35.0,37.0,30.0,39.0,33.0,36.0,41.0,36.0,40.0,29.0,36.0,35.0,39.0,38.0,30.0,49.0,25.0,46.0
33.0,31.0,30.0,25.0,34.0,21.0,32.0,36.0,33.0,42.0,28.0,44.0,38.0,26.0,29.0,32.0,20.0,27.0,30.0,21.0,32.0,34.0,23.0,31.0,22.0,29.0,22.0,22.0,41.0,26.0,25.0,25.0,27.0,27.0,17.0,28.0,24.0,21.0,25.0,42.0,30.0,35.0,23.0,28.0,27.0,30.0,21.0,34.0,26.0,34.0
25.0,19.0,23.0,20.0,24.0,22.0,17.0,24.0,31.0,26.0,18.0,24.0,16.0,22.0,23.0,20.0,25.0,23.0,23.0,16.0,15.0,29.0,21.0,13.0,15.0,18.0,24.0,13.0,20.0,23.0,23.0,25.0,28.0,26.0,20.0,22.0,26.0,12.0,19.0,20.0,16.0,22.0,17.0,20.0,20.0,25.0,17.0,21.0,16.0,23.0
27.0,31.0,32.0,24.0,31.0,20.0,30.0,17.0,35.0,27.0,25.0,26.0,25.0,25.0,28.0,26.0,35.0,30.0,21.0,25.0,27.0,30.0,24.0,22.0,29.0,31.0,32.0,25.0,34.0,23.0,37.0,25.0,29.0,29.0,20.0,41.0,23.0,33.0,24.0,28.0,23.0,23.0,23.0,29.0,34.0,29.0,24.0,22.0,25.0,33.0
38.0,30.0,33.0,27.0,31.0,46.0,37.0,23.0,33.0,42.0,42.0,35.0,34.0,27.0,42.0,31.0,39.0,38.0,49.0,44.0,31.0,39.0,35.0,26.0,53.0,37.0,38.0,31.0,50.0,21.0,30.0,28.0,39.0,34.0,37.0,29.0,32.0,37.0,32.0,35.0,42.0,30.0,36.0,26.0,34.0,30.0,32.0,25.0,34.0,25.0
31.0,22.0,19.0,31.0,30.0,34.0,26.0,17.0,27.0,22.0,25.0,24.0,20.0,24.0,21.0,26.0,20.0,17.0,30.0,21.0,31.0,34.0,14.0,28.0,30.0,30.0,28.0,32.0,28.0,34.0,25.0,23.0,22.0,25.0,20.0,24.0,26.0,18.0,31.0,26.0,32.0,28.0,28.0,23.0,33.0,27.0,28.0,24.0,31.0,22.0
43.0,26.0,39.0,39.0,47.0,35.0,37.0,32.0,28.0,34.0,27.0,40.0,36.0,28.0,30.0,38.0,48.0,34.0,28.0,37.0,29.0,33.0,33.0,37.0,44.0,34.0,36.0,37.0,34.0,33.0,31.0,31.0,37.0,32.0,19.0,39.0,34.0,31.0,44.0,34.0,36.0,28.0,31.0,36.0,40.0,36.0,31.0,35.0,30.0,36.0
24.0,28.0,28.0,20.0,23.0,34.0,19.0,21.0,20.0,26.0,18.0,27.0,34.0,25.0,29.0,24.0,27.0,29.0,24.0,32.0,26.0,21.0,25.0,32.0,24.0,24.0,33.0,21.0,25.0,28.0,28.0,30.0,27.0,28.0,30.0,27.0,31.0,20.0,22.0,24.0,18.0,16.0,22.0,33.0,32.0,19.0,21.0,22.0,28.0,25.0
39.0,32.0,38.0,40.0,36.0,40.0,27.0,30.0,26.0,41.0,29.0,39.0,35.0,34.0,39.0,33.0,31.0,33.0,27.0,41.0,32.0,25.0,47.0,34.0,48.0,35.0,38.0,33.0,39.0,35.0,38.0,31.0,31.0,36.0,41.0,33.0,44.0,32.0,37.0,41.0,21.0,39.0,28.0,35.0,29.0,38.0,40.0,46.0,30.0,38.0
