10,50,1000
18.890174,15.147802,15.595699,16.393383,19.816502,15.595402,16.620204,17.919435,19.546832,17.06239
9.539985,7.06965,6.923667,8.123531,9.585882,5.87785,5.90305,5.167276,5.739139,9.011747
0.0,10.0,20.0,30.0,40.0,50.0,60.0,70.0,80.0,90.0
10.0,0.0,10.0,20.0,30.0,40.0,50.0,60.0,70.0,80.0
20.0,10.0,0.0,10.0,20.0,30.0,40.0,50.0,60.0,70.0
30.0,20.0,10.0,0.0,10.0,20.0,30.0,40.0,50.0,60.0
40.0,30.0,20.0,10.0,0.0,10.0,20.0,30.0,40.0,50.0
50.0,40.0,30.0,20.0,10.0,0.0,10.0,20.0,30.0,40.0
60.0,50.0,40.0,30.0,20.0,10.0,0.0,10.0,20.0,30.0
70.0,60.0,50.0,40.0,30.0,20.0,10.0,0.0,10.0,20.0
80.0,70.0,60.0,50.0,40.0,30.0,20.0,10.0,0.0,10.0
90.0,80.0,70.0,60.0,50.0,40.0,30.0,20.0,10.0,0.0
450.0,400.0,350.0,300.0,250.0,250.0,300.0,350.0,400.0,450.0
0.0,1.0,2.0,3.0,4.0,5.0,6.0,7.0,8.0,9.0
1.0,0.0,1.0,2.0,3.0,4.0,5.0,6.0,7.0,8.0
2.0,1.0,0.0,1.0,2.0,3.0,4.0,5.0,6.0,7.0
3.0,2.0,1.0,0.0,1.0,2.0,3.0,4.0,5.0,6.0
4.0,3.0,2.0,1.0,0.0,1.0,2.0,3.0,4.0,5.0
5.0,4.0,3.0,2.0,1.0,0.0,1.0,2.0,3.0,4.0
6.0,5.0,4.0,3.0,2.0,1.0,0.0,1.0,2.0,3.0
7.0,6.0,5.0,4.0,3.0,2.0,1.0,0.0,1.0,2.0
8.0,7.0,6.0,5.0,4.0,3.0,2.0,1.0,0.0,1.0
9.0,8.0,7.0,6.0,5.0,4.0,3.0,2.0,1.0,0.0
45.0,40.0,35.0,30.0,25.0,25.0,30.0,35.0,40.0,45.0
27.0,33.0,24.0,29.0,39.0,39.0,36.0,31.0,41.0,47.0,28.0,45.0,36.0,40.0,31.0,44.0,27.0,19.0,39.0,33.0,38.0,30.0,47.0,36.0,35.0,32.0,29.0,36.0,41.0,41.0,44.0,30.0,35.0,31.0,28.0,34.0,42.0,40.0,37.0,39.0,40.0,36.0,41.0,41.0,29.0,35.0,36.0,35.0,47.0,36.0
29.0,32.0,18.0,26.0,30.0,28.0,28.0,25.0,29.0,22.0,29.0,25.0,22.0,27.0,31.0,17.0,28.0,31.0,24.0,17.0,27.0,30.0,30.0,36.0,28.0,37.0,28.0,29.0,27.0,35.0,28.0,26.0,22.0,34.0,31.0,30.0,28.0,21.0,32.0,22.0,27.0,30.0,26.0,27.0,35.0,21.0,25.0,36.0,29.0,38.0
33.0,22.0,34.0,31.0,26.0,23.0,28.0,36.0,32.0,24.0,27.0,27.0,30.0,36.0,25.0,37.0,24.0,34.0,26.0,20.0,23.0,29.0,24.0,20.0,29.0,19.0,22.0,24.0,17.0,22.0,28.0,30.0,16.0,33.0,35.0,25.0,29.0,22.0,29.0,27.0,34.0,27.0,17.0,27.0,31.0,16.0,25.0,26.0,28.0,23.0
27.0,37.0,25.0,32.0,26.0,29.0,27.0,30.0,24.0,31.0,42.0,30.0,23.0,37.0,37.0,34.0,37.0,23.0,31.0,33.0,31.0,28.0,28.0,30.0,33.0,28.0,39.0,30.0,25.0,32.0,24.0,30.0,31.0,29.0,31.0,33.0,29.0,38.0,34.0,24.0,34.0,28.0,29.0,26.0,29.0,28.0,30.0,31.0,29.0,28.0
30.0,35.0,35.0,40.0,35.0,30.0,33.0,37.0,33.0,36.0,35.0,30.0,35.0,32.0,37.0,28.0,47.0,39.0,31.0,35.0,43.0,35.0,33.0,31.0,33.0,39.0,36.0,36.0,43.0,30.0,25.0,33.0,37.0,33.0,35.0,36.0,33.0,35.0,34.0,44.0,42.0,41.0,34.0,40.0,36.0,37.0,42.0,33.0,30.0,42.0
24.0,22.0,20.0,21.0,25.0,20.0,28.0,16.0,20.0,17.0,22.0,24.0,31.0,15.0,25.0,24.0,21.0,21.0,16.0,17.0,19.0,21.0,20.0,22.0,18.0,27.0,18.0,25.0,22.0,18.0,32.0,17.0,18.0,24.0,23.0,28.0,25.0,28.0,17.0,25.0,22.0,30.0,26.0,27.0,28.0,21.0,19.0,17.0,22.0,19.0
20.0,20.0,23.0,24.0,18.0,24.0,26.0,17.0,23.0,24.0,17.0,19.0,21.0,24.0,31.0,21.0,18.0,17.0,31.0,20.0,33.0,30.0,24.0,24.0,22.0,22.0,20.0,22.0,14.0,27.0,18.0,22.0,23.0,16.0,21.0,27.0,28.0,13.0,19.0,21.0,17.0,23.0,26.0,29.0,21.0,14.0,31.0,29.0,25.0,23.0
12.0,24.0,24.0,19.0,28.0,21.0,22.0,22.0,22.0,14.0,19.0,20.0,20.0,23.0,20.0,14.0,23.0,23.0,22.0,13.0,25.0,26.0,22.0,26.0,21.0,19.0,29.0,34.0,12.0,28.0,18.0,21.0,21.0,24.0,22.0,18.0,14.0,21.0,28.0,22.0,29.0,23.0,27.0,12.0,15.0,13.0,21.0,27.0,22.0,25.0
24.0,22.0,27.0,16.0,22.0,28.0,22.0,22.0,21.0,24.0,19.0,15.0,16.0,33.0,20.0,16.0,30.0,21.0,26.0,25.0,25.0,25.0,21.0,24.0,26.0,22.0,24.0,30.0,23.0,17.0,33.0,22.0,23.0,21.0,22.0,36.0,23.0,26.0,25.0,27.0,30.0,27.0,21.0,17.0,18.0,32.0,14.0,29.0,25.0,17.0
29.0,41.0,39.0,25.0,29.0,32.0,30.0,32.0,31.0,25.0,36.0,38.0,32.0,26.0,31.0,30.0,35.0,32.0,30.0,38.0,26.0,28.0,31.0,36.0,27.0,32.0,26.0,32.0,33.0,25.0,31.0,29.0,31.0,46.0,36.0,47.0,28.0,44.0,34.0,46.0,32.0,38.0,32.0,42.0,43.0,31.0,27.0,31.0,43.0,33.0
