10,50,1000
17.816439,18.594169,15.349768,15.72916,17.737835,19.164167,17.226123,15.133394,19.27127,15.225659
7.366953,5.063492,5.976309,6.603551,6.577493,7.320935,5.540327,5.306355,6.385493,8.317997
0.0,10.0,20.0,30.0,40.0,50.0,60.0,70.0,80.0,90.0
10.0,0.0,10.0,20.0,30.0,40.0,50.0,60.0,70.0,80.0
20.0,10.0,0.0,10.0,20.0,30.0,40.0,50.0,60.0,70.0
30.0,20.0,10.0,0.0,10.0,20.0,30.0,40.0,50.0,60.0
40.0,30.0,20.0,10.0,0.0,10.0,20.0,30.0,40.0,50.0
50.0,40.0,30.0,20.0,10.0,0.0,10.0,20.0,30.0,40.0
60.0,50.0,40.0,30.0,20.0,10.0,0.0,10.0,20.0,30.0
70.0,60.0,50.0,40.0,30.0,20.0,10.0,0.0,10.0,20.0
80.0,70.0,60.0,50.0,40.0,30.0,20.0,10.0,0.0,10.0
90.0,80.0,70.0,60.0,50.0,40.0,30.0,20.0,10.0,0.0
450.0,400.0,350.0,300.0,250.0,250.0,300.0,350.0,400.0,450.0
0.0,1.0,2.0,3.0,4.0,5.0,6.0,7.0,8.0,9.0
1.0,0.0,1.0,2.0,3.0,4.0,5.0,6.0,7.0,8.0
2.0,1.0,0.0,1.0,2.0,3.0,4.0,5.0,6.0,7.0
3.0,2.0,1.0,0.0,1.0,2.0,3.0,4.0,5.0,6.0
4.0,3.0,2.0,1.0,0.0,1.0,2.0,3.0,4.0,5.0
5.0,4.0,3.0,2.0,1.0,0.0,1.0,2.0,3.0,4.0
6.0,5.0,4.0,3.0,2.0,1.0,0.0,1.0,2.0,3.0
7.0,6.0,5.0,4.0,3.0,2.0,1.0,0.0,1.0,2.0
8.0,7.0,6.0,5.0,4.0,3.0,2.0,1.0,0.0,1.0
9.0,8.0,7.0,6.0,5.0,4.0,3.0,2.0,1.0,0.0
45.0,40.0,35.0,30.0,25.0,25.0,30.0,35.0,40.0,45.0
37.0,30.0,31.0,35.0,32.0,36.0,31.0,30.0,27.0,27.0,27.0,27.0,33.0,27.0,25.0,29.0,28.0,22.0,33.0,28.0,25.0,25.0,28.0,27.0,36.0,30.0,35.0,35.0,25.0,25.0,21.0,25.0,38.0,29.0,31.0,33.0,30.0,33.0,27.0,29.0,28.0,25.0,23.0,36.0,24.0,34.0,35.0,27.0,20.0,30.0
14.0,17.0,21.0,28.0,19.0,22.0,15.0,24.0,17.0,23.0,23.0,12.0,32.0,25.0,26.0,20.0,20.0,21.0,20.0,12.0,13.0,22.0,20.0,25.0,25.0,15.0,21.0,28.0,15.0,20.0,20.0,21.0,17.0,22.0,33.0,22.0,13.0,30.0,25.0,15.0,21.0,26.0,19.0,22.0,25.0,19.0,16.0,22.0,15.0,18.0
28.0,24.0,24.0,16.0,22.0,27.0,20.0,21.0,20.0,23.0,21.0,20.0,29.0,20.0,26.0,31.0,23.0,32.0,20.0,30.0,17.0,23.0,26.0,17.0,20.0,21.0,19.0,29.0,22.0,16.0,27.0,30.0,24.0,26.0,20.0,24.0,29.0,25.0,33.0,20.0,23.0,29.0,24.0,23.0,19.0,21.0,18.0,20.0,33.0,24.0
27.0,30.0,21.0,25.0,28.0,28.0,22.0,21.0,23.0,25.0,19.0,23.0,28.0,28.0,27.0,25.0,27.0,27.0,25.0,14.0,20.0,27.0,27.0,20.0,28.0,35.0,25.0,29.0,25.0,20.0,22.0,23.0,20.0,13.0,31.0,28.0,21.0,23.0,30.0,24.0,22.0,20.0,27.0,29.0,36.0,21.0,18.0,34.0,24.0,22.0
39.0,25.0,28.0,34.0,27.0,29.0,26.0,25.0,27.0,37.0,25.0,29.0,32.0,27.0,27.0,24.0,22.0,25.0,23.0,23.0,29.0,22.0,27.0,26.0,29.0,30.0,22.0,26.0,31.0,35.0,32.0,22.0,23.0,25.0,26.0,38.0,24.0,24.0,27.0,27.0,25.0,24.0,19.0,23.0,28.0,19.0,34.0,26.0,43.0,19.0
35.0,22.0,19.0,23.0,33.0,31.0,31.0,42.0,25.0,28.0,36.0,20.0,37.0,32.0,21.0,24.0,20.0,32.0,21.0,25.0,23.0,28.0,32.0,24.0,25.0,18.0,34.0,34.0,32.0,33.0,30.0,21.0,37.0,22.0,27.0,30.0,29.0,34.0,35.0,31.0,23.0,21.0,33.0,35.0,31.0,19.0,18.0,23.0,25.0,16.0
28.0,31.0,23.0,18.0,26.0,28.0,27.0,17.0,22.0,14.0,32.0,18.0,26.0,22.0,22.0,18.0,25.0,33.0,24.0,14.0,28.0,34.0,31.0,19.0,33.0,28.0,18.0,22.0,19.0,21.0,24.0,24.0,31.0,16.0,30.0,25.0,17.0,14.0,25.0,17.0,18.0,26.0,14.0,24.0,22.0,23.0,18.0,26.0,27.0,22.0
17.0,21.0,10.0,15.0,17.0,16.0,25.0,21.0,16.0,16.0,29.0,19.0,17.0,11.0,20.0,27.0,28.0,23.0,21.0,12.0,25.0,19.0,12.0,12.0,25.0,32.0,16.0,24.0,19.0,21.0,19.0,14.0,21.0,11.0,20.0,17.0,27.0,24.0,27.0,25.0,19.0,23.0,20.0,19.0,19.0,15.0,18.0,29.0,17.0,25.0
23.0,27.0,32.0,27.0,29.0,24.0,35.0,21.0,30.0,32.0,21.0,20.0,17.0,21.0,31.0,28.0,22.0,23.0,20.0,26.0,21.0,25.0,22.0,17.0,34.0,26.0,27.0,24.0,22.0,24.0,29.0,29.0,28.0,25.0,25.0,24.0,22.0,24.0,22.0,31.0,28.0,24.0,20.0,20.0,20.0,28.0,25.0,21.0,30.0,20.0
29.0,25.0,31.0,27.0,30.0,26.0,25.0,34.0,21.0,38.0,25.0,30.0,38.0,29.0,27.0,25.0,33.0,37.0,32.0,38.0,21.0,46.0,35.0,25.0,30.0,26.0,35.0,30.0,22.0,39.0,27.0,26.0,30.0,32.0,30.0,24.0,30.0,29.0,33.0,27.0,30.0,30.0,34.0,34.0,36.0,34.0,36.0,32.0,35.0,35.0
