10,50,1000
15.198193,16.6974,18.136064,17.277761,19.750224,17.409093,16.551983,16.499426,18.038336,18.739143
7.702418,9.899904,6.598611,7.15733,8.069643,8.584158,8.128253,9.055789,9.345069,6.874857
0.0,10.0,20.0,30.0,40.0,50.0,60.0,70.0,80.0,90.0
10.0,0.0,10.0,20.0,30.0,40.0,50.0,60.0,70.0,80.0
20.0,10.0,0.0,10.0,20.0,30.0,40.0,50.0,60.0,70.0
30.0,20.0,10.0,0.0,10.0,20.0,30.0,40.0,50.0,60.0
40.0,30.0,20.0,10.0,0.0,10.0,20.0,30.0,40.0,50.0
50.0,40.0,30.0,20.0,10.0,0.0,10.0,20.0,30.0,40.0
60.0,50.0,40.0,30.0,20.0,10.0,0.0,10.0,20.0,30.0
70.0,60.0,50.0,40.0,30.0,20.0,10.0,0.0,10.0,20.0
80.0,70.0,60.0,50.0,40.0,30.0,20.0,10.0,0.0,10.0
90.0,80.0,70.0,60.0,50.0,40.0,30.0,20.0,10.0,0.0
450.0,400.0,350.0,300.0,250.0,250.0,300.0,350.0,400.0,450.0
0.0,1.0,2.0,3.0,4.0,5.0,6.0,7.0,8.0,9.0
1.0,0.0,1.0,2.0,3.0,4.0,5.0,6.0,7.0,8.0
2.0,1.0,0.0,1.0,2.0,3.0,4.0,5.0,6.0,7.0
3.0,2.0,1.0,0.0,1.0,2.0,3.0,4.0,5.0,6.0
4.0,3.0,2.0,1.0,0.0,1.0,2.0,3.0,4.0,5.0
5.0,4.0,3.0,2.0,1.0,0.0,1.0,2.0,3.0,4.0
6.0,5.0,4.0,3.0,2.0,1.0,0.0,1.0,2.0,3.0
7.0,6.0,5.0,4.0,3.0,2.0,1.0,0.0,1.0,2.0
8.0,7.0,6.0,5.0,4.0,3.0,2.0,1.0,0.0,1.0
9.0,8.0,7.0,6.0,5.0,4.0,3.0,2.0,1.0,0.0
45.0,40.0,35.0,30.0,25.0,25.0,30.0,35.0,40.0,45.0
27.0,27.0,30.0,25.0,30.0,33.0,35.0,26.0,31.0,38.0,35.0,35.0,31.0,30.0,31.0,33.0,24.0,20.0,22.0,34.0,21.0,25.0,38.0,29.0,26.0,25.0,21.0,24.0,24.0,29.0,27.0,21.0,25.0,31.0,28.0,22.0,31.0,21.0,30.0,24.0,27.0,31.0,27.0,29.0,25.0,24.0,30.0,28.0,27.0,32.0
37.0,39.0,36.0,38.0,42.0,31.0,27.0,40.0,36.0,28.0,36.0,41.0,24.0,28.0,50.0,42.0,30.0,39.0,33.0,32.0,26.0,39.0,38.0,33.0,35.0,33.0,30.0,37.0,33.0,43.0,48.0,34.0,31.0,30.0,41.0,48.0,33.0,39.0,31.0,49.0,44.0,35.0,33.0,34.0,39.0,28.0,29.0,29.0,27.0,46.0
27.0,21.0,20.0,36.0,29.0,25.0,24.0,23.0,25.0,23.0,31.0,36.0,20.0,30.0,27.0,27.0,24.0,29.0,27.0,25.0,22.0,31.0,22.0,24.0,18.0,33.0,35.0,26.0,24.0,19.0,24.0,26.0,36.0,29.0,20.0,20.0,29.0,27.0,20.0,38.0,23.0,28.0,23.0,19.0,22.0,23.0,29.0,26.0,29.0,31.0
21.0,25.0,25.0,24.0,29.0,26.0,27.0,23.0,32.0,30.0,26.0,18.0,30.0,22.0,32.0,25.0,31.0,29.0,23.0,29.0,35.0,28.0,34.0,29.0,30.0,36.0,30.0,35.0,27.0,24.0,21.0,32.0,31.0,26.0,21.0,19.0,31.0,23.0,34.0,35.0,36.0,29.0,20.0,21.0,32.0,29.0,38.0,36.0,24.0,26.0
28.0,25.0,34.0,31.0,29.0,33.0,27.0,35.0,25.0,30.0,29.0,24.0,40.0,31.0,36.0,39.0,36.0,28.0,24.0,31.0,25.0,29.0,27.0,35.0,33.0,26.0,28.0,32.0,27.0,19.0,35.0,42.0,29.0,35.0,26.0,30.0,27.0,40.0,25.0,31.0,30.0,31.0,30.0,32.0,37.0,32.0,33.0,29.0,34.0,42.0
32.0,30.0,31.0,29.0,41.0,33.0,30.0,32.0,24.0,47.0,28.0,31.0,36.0,29.0,34.0,38.0,36.0,41.0,30.0,30.0,30.0,34.0,35.0,26.0,32.0,24.0,31.0,23.0,36.0,38.0,37.0,30.0,38.0,34.0,36.0,35.0,33.0,29.0,25.0,25.0,42.0,26.0,37.0,44.0,39.0,34.0,27.0,30.0,23.0,30.0
28.0,31.0,39.0,36.0,35.0,29.0,33.0,27.0,35.0,38.0,31.0,29.0,28.0,22.0,31.0,28.0,33.0,22.0,32.0,27.0,24.0,36.0,30.0,19.0,28.0,31.0,39.0,36.0,41.0,27.0,28.0,28.0,29.0,35.0,31.0,38.0,38.0,31.0,32.0,26.0,36.0,31.0,34.0,26.0,42.0,28.0,25.0,30.0,31.0,41.0
26.0,38.0,26.0,32.0,21.0,29.0,30.0,37.0,47.0,30.0,38.0,35.0,26.0,31.0,30.0,39.0,24.0,40.0,46.0,30.0,41.0,29.0,38.0,30.0,39.0,35.0,32.0,32.0,28.0,33.0,35.0,32.0,30.0,29.0,30.0,31.0,37.0,41.0,39.0,36.0,25.0,40.0,31.0,40.0,29.0,35.0,30.0,38.0,37.0,45.0
31.0,44.0,38.0,39.0,47.0,28.0,26.0,47.0,39.0,40.0,33.0,38.0,24.0,35.0,29.0,36.0,39.0,39.0,42.0,36.0,34.0,36.0,38.0,42.0,38.0,25.0,28.0,34.0,29.0,41.0,28.0,33.0,42.0,33.0,35.0,38.0,38.0,34.0,35.0,31.0,36.0,28.0,37.0,29.0,34.0,27.0,41.0,38.0,34.0,24.0
30.0,40.0,25.0,25.0,20.0,24.0,29.0,25.0,22.0,27.0,31.0,28.0,24.0,31.0,29.0,27.0,28.0,37.0,27.0,29.0,17.0,20.0,28.0,31.0,25.0,24.0,21.0,28.0,29.0,28.0,24.0,36.0,19.0,25.0,22.0,30.0,23.0,25.0,27.0,23.0,22.0,23.0,31.0,14.0,21.0,35.0,26.0,29.0,21.0,20.0
