10,50,1000
17.960834,19.114714,18.827826,19.12011,18.369617,19.945596,15.450847,16.680963,19.525098,18.897845
7.163833,6.582988,5.727687,5.587014,8.268606,9.599351,5.402511,5.904606,5.358203,9.732339
0.0,10.0,20.0,30.0,40.0,50.0,60.0,70.0,80.0,90.0
10.0,0.0,10.0,20.0,30.0,40.0,50.0,60.0,70.0,80.0
20.0,10.0,0.0,10.0,20.0,30.0,40.0,50.0,60.0,70.0
30.0,20.0,10.0,0.0,10.0,20.0,30.0,40.0,50.0,60.0
40.0,30.0,20.0,10.0,0.0,10.0,20.0,30.0,40.0,50.0
50.0,40.0,30.0,20.0,10.0,0.0,10.0,20.0,30.0,40.0
60.0,50.0,40.0,30.0,20.0,10.0,0.0,10.0,20.0,30.0
70.0,60.0,50.0,40.0,30.0,20.0,10.0,0.0,10.0,20.0
80.0,70.0,60.0,50.0,40.0,30.0,20.0,10.0,0.0,10.0
90.0,80.0,70.0,60.0,50.0,40.0,30.0,20.0,10.0,0.0
450.0,400.0,350.0,300.0,250.0,250.0,300.0,350.0,400.0,450.0
0.0,1.0,2.0,3.0,4.0,5.0,6.0,7.0,8.0,9.0
1.0,0.0,1.0,2.0,3.0,4.0,5.0,6.0,7.0,8.0
2.0,1.0,0.0,1.0,2.0,3.0,4.0,5.0,6.0,7.0
3.0,2.0,1.0,0.0,1.0,2.0,3.0,4.0,5.0,6.0
4.0,3.0,2.0,1.0,0.0,1.0,2.0,3.0,4.0,5.0
5.0,4.0,3.0,2.0,1.0,0.0,1.0,2.0,3.0,4.0
6.0,5.0,4.0,3.0,2.0,1.0,0.0,1.0,2.0,3.0
7.0,6.0,5.0,4.0,3.0,2.0,1.0,0.0,1.0,2.0
8.0,7.0,6.0,5.0,4.0,3.0,2.0,1.0,0.0,1.0
9.0,8.0,7.0,6.0,5.0,4.0,3.0,2.0,1.0,0.0
45.0,40.0,35.0,30.0,25.0,25.0,30.0,35.0,40.0,45.0
22.0,30.0,25.0,32.0,35.0,26.0,28.0,29.0,29.0,30.0,33.0,32.0,31.0,24.0,31.0,29.0,34.0,23.0,36.0,27.0,29.0,34.0,30.0,42.0,31.0,33.0,31.0,30.0,34.0,29.0,20.0,34.0,22.0,33.0,26.0,21.0,24.0,29.0,35.0,26.0,22.0,25.0,33.0,27.0,28.0,34.0,24.0,27.0,25.0,23.0
28.0,33.0,32.0,33.0,23.0,25.0,32.0,36.0,29.0,22.0,27.0,25.0,19.0,25.0,26.0,21.0,21.0,32.0,23.0,23.0,23.0,36.0,20.0,20.0,26.0,33.0,23.0,24.0,27.0,27.0,37.0,32.0,24.0,20.0,16.0,24.0,23.0,19.0,17.0,30.0,21.0,33.0,26.0,18.0,25.0,24.0,23.0,19.0,30.0,26.0
21.0,34.0,29.0,21.0,26.0,31.0,22.0,22.0,18.0,19.0,17.0,18.0,38.0,23.0,19.0,24.0,30.0,18.0,23.0,18.0,21.0,20.0,19.0,16.0,24.0,21.0,17.0,19.0,26.0,26.0,15.0,22.0,14.0,25.0,17.0,20.0,28.0,25.0,23.0,27.0,25.0,14.0,26.0,19.0,31.0,25.0,24.0,32.0,18.0,17.0
20.0,15.0,26.0,17.0,21.0,27.0,30.0,27.0,28.0,23.0,25.0,16.0,28.0,13.0,26.0,18.0,18.0,16.0,22.0,23.0,22.0,24.0,18.0,19.0,28.0,17.0,27.0,18.0,14.0,20.0,34.0,25.0,29.0,23.0,25.0,29.0,22.0,23.0,18.0,23.0,30.0,20.0,25.0,22.0,22.0,23.0,26.0,19.0,21.0,24.0
31.0,26.0,23.0,25.0,22.0,30.0,34.0,25.0,33.0,30.0,28.0,26.0,24.0,25.0,38.0,32.0,30.0,23.0,43.0,31.0,35.0,30.0,46.0,30.0,31.0,32.0,27.0,33.0,30.0,40.0,31.0,26.0,27.0,37.0,34.0,29.0,38.0,41.0,31.0,21.0,44.0,36.0,31.0,28.0,33.0,36.0,25.0,26.0,29.0,36.0
38.0,42.0,28.0,36.0,40.0,36.0,41.0,37.0,33.0,45.0,50.0,27.0,31.0,35.0,43.0,38.0,53.0,31.0,33.0,25.0,37.0,36.0,44.0,41.0,30.0,31.0,40.0,42.0,35.0,27.0,35.0,39.0,26.0,32.0,44.0,33.0,50.0,32.0,31.0,40.0,37.0,30.0,41.0,37.0,38.0,35.0,43.0,30.0,36.0,27.0
28.0,23.0,18.0,26.0,23.0,10.0,21.0,25.0,17.0,23.0,20.0,18.0,26.0,19.0,21.0,18.0,19.0,13.0,22.0,19.0,28.0,25.0,20.0,22.0,21.0,28.0,22.0,20.0,26.0,18.0,22.0,22.0,22.0,16.0,17.0,31.0,15.0,20.0,23.0,27.0,11.0,23.0,26.0,19.0,21.0,27.0,16.0,27.0,21.0,26.0
26.0,23.0,26.0,36.0,22.0,30.0,24.0,22.0,19.0,24.0,21.0,17.0,25.0,29.0,16.0,24.0,25.0,25.0,17.0,18.0,27.0,17.0,18.0,10.0,27.0,22.0,23.0,23.0,31.0,25.0,21.0,26.0,27.0,27.0,21.0,19.0,16.0,24.0,28.0,17.0,30.0,23.0,19.0,19.0,20.0,13.0,18.0,19.0,26.0,20.0
24.0,19.0,27.0,22.0,20.0,38.0,17.0,24.0,22.0,35.0,26.0,27.0,28.0,25.0,19.0,22.0,22.0,24.0,25.0,15.0,30.0,15.0,18.0,25.0,20.0,24.0,25.0,29.0,16.0,27.0,30.0,21.0,28.0,26.0,27.0,23.0,22.0,18.0,27.0,21.0,24.0,23.0,34.0,17.0,23.0,14.0,29.0,27.0,23.0,24.0
33.0,36.0,42.0,33.0,28.0,35.0,27.0,30.0,35.0,30.0,33.0,28.0,34.0,35.0,43.0,35.0,33.0,26.0,46.0,35.0,39.0,36.0,39.0,34.0,39.0,30.0,41.0,46.0,47.0,33.0,44.0,29.0,44.0,20.0,36.0,50.0,37.0,29.0,30.0,39.0,41.0,30.0,29.0,39.0,36.0,40.0,40.0,23.0,32.0,41.0
