10,50,1000
19.238293,15.51793,19.534526,19.054904,15.454019,15.368616,16.75879,15.103471,16.344357,19.404148
5.686179,5.711823,5.894235,5.721027,7.699184,6.20504,7.323854,5.273144,6.834808,8.504757
0.0,10.0,20.0,30.0,40.0,50.0,60.0,70.0,80.0,90.0
10.0,0.0,10.0,20.0,30.0,40.0,50.0,60.0,70.0,80.0
20.0,10.0,0.0,10.0,20.0,30.0,40.0,50.0,60.0,70.0
30.0,20.0,10.0,0.0,10.0,20.0,30.0,40.0,50.0,60.0
40.0,30.0,20.0,10.0,0.0,10.0,20.0,30.0,40.0,50.0
50.0,40.0,30.0,20.0,10.0,0.0,10.0,20.0,30.0,40.0
60.0,50.0,40.0,30.0,20.0,10.0,0.0,10.0,20.0,30.0
70.0,60.0,50.0,40.0,30.0,20.0,10.0,0.0,10.0,20.0
80.0,70.0,60.0,50.0,40.0,30.0,20.0,10.0,0.0,10.0
90.0,80.0,70.0,60.0,50.0,40.0,30.0,20.0,10.0,0.0
450.0,400.0,350.0,300.0,250.0,250.0,300.0,350.0,400.0,450.0
0.0,1.0,2.0,3.0,4.0,5.0,6.0,7.0,8.0,9.0
1.0,0.0,1.0,2.0,3.0,4.0,5.0,6.0,7.0,8.0
2.0,1.0,0.0,1.0,2.0,3.0,4.0,5.0,6.0,7.0
3.0,2.0,1.0,0.0,1.0,2.0,3.0,4.0,5.0,6.0
4.0,3.0,2.0,1.0,0.0,1.0,2.0,3.0,4.0,5.0
5.0,4.0,3.0,2.0,1.0,0.0,1.0,2.0,3.0,4.0
6.0,5.0,4.0,3.0,2.0,1.0,0.0,1.0,2.0,3.0
7.0,6.0,5.0,4.0,3.0,2.0,1.0,0.0,1.0,2.0
8.0,7.0,6.0,5.0,4.0,3.0,2.0,1.0,0.0,1.0
9.0,8.0,7.0,6.0,5.0,4.0,3.0,2.0,1.0,0.0
45.0,40.0,35.0,30.0,25.0,25.0,30.0,35.0,40.0,45.0
24.0,19.0,29.0,39.0,22.0,20.0,25.0,24.0,21.0,30.0,25.0,23.0,22.0,23.0,26.0,21.0,26.0,20.0,32.0,29.0,22.0,28.0,22.0,23.0,24.0,23.0,20.0,27.0,16.0,14.0,31.0,36.0,24.0,20.0,28.0,23.0,30.0,31.0,17.0,24.0,26.0,24.0,23.0,24.0,20.0,18.0,21.0,30.0,29.0,19.0
24.0,28.0,35.0,22.0,27.0,18.0,18.0,27.0,36.0,20.0,20.0,19.0,16.0,26.0,22.0,22.0,20.0,27.0,22.0,24.0,29.0,23.0,19.0,22.0,19.0,18.0,21.0,24.0,20.0,28.0,24.0,19.0,21.0,20.0,29.0,19.0,15.0,16.0,21.0,24.0,12.0,29.0,16.0,26.0,25.0,17.0,13.0,25.0,27.0,13.0
25.0,21.0,24.0,21.0,20.0,33.0,16.0,18.0,31.0,27.0,16.0,23.0,27.0,24.0,24.0,28.0,26.0,30.0,23.0,26.0,23.0,23.0,20.0,21.0,40.0,15.0,21.0,27.0,18.0,24.0,23.0,15.0,33.0,28.0,24.0,31.0,13.0,22.0,22.0,30.0,22.0,23.0,23.0,21.0,22.0,29.0,16.0,17.0,18.0,29.0
28.0,26.0,26.0,21.0,28.0,24.0,29.0,27.0,24.0,27.0,22.0,35.0,28.0,28.0,22.0,18.0,25.0,18.0,27.0,30.0,22.0,23.0,29.0,29.0,25.0,26.0,20.0,27.0,21.0,18.0,23.0,21.0,21.0,21.0,24.0,31.0,21.0,26.0,24.0,20.0,26.0,15.0,20.0,26.0,28.0,32.0,22.0,24.0,20.0,23.0
26.0,27.0,34.0,19.0,31.0,31.0,32.0,28.0,27.0,33.0,29.0,32.0,22.0,25.0,33.0,36.0,29.0,19.0,24.0,30.0,23.0,23.0,28.0,29.0,24.0,28.0,32.0,25.0,40.0,30.0,27.0,31.0,27.0,28.0,26.0,30.0,32.0,24.0,38.0,24.0,21.0,33.0,42.0,36.0,34.0,30.0,27.0,41.0,24.0,31.0
20.0,23.0,20.0,28.0,32.0,22.0,26.0,24.0,20.0,13.0,17.0,16.0,23.0,29.0,23.0,31.0,17.0,23.0,19.0,17.0,27.0,29.0,26.0,25.0,27.0,17.0,25.0,23.0,22.0,25.0,28.0,22.0,24.0,29.0,25.0,27.0,23.0,32.0,28.0,21.0,30.0,26.0,23.0,22.0,28.0,16.0,23.0,34.0,17.0,25.0
35.0,26.0,17.0,25.0,29.0,31.0,21.0,32.0,27.0,39.0,25.0,21.0,33.0,16.0,34.0,33.0,27.0,24.0,30.0,22.0,34.0,22.0,34.0,26.0,32.0,33.0,30.0,31.0,33.0,32.0,29.0,23.0,28.0,25.0,30.0,24.0,29.0,36.0,17.0,33.0,30.0,26.0,28.0,20.0,18.0,27.0,38.0,28.0,24.0,34.0
23.0,18.0,22.0,23.0,20.0,23.0,21.0,27.0,21.0,26.0,23.0,23.0,21.0,18.0,29.0,25.0,22.0,17.0,20.0,19.0,25.0,16.0,18.0,20.0,24.0,24.0,14.0,17.0,20.0,21.0,22.0,16.0,18.0,17.0,23.0,28.0,15.0,30.0,15.0,20.0,19.0,13.0,15.0,27.0,20.0,23.0,23.0,33.0,25.0,24.0
24.0,28.0,42.0,22.0,28.0,28.0,26.0,26.0,23.0,37.0,24.0,29.0,24.0,26.0,24.0,40.0,15.0,28.0,21.0,33.0,25.0,24.0,28.0,28.0,23.0,25.0,22.0,24.0,30.0,21.0,33.0,22.0,26.0,23.0,27.0,34.0,20.0,29.0,28.0,32.0,30.0,23.0,23.0,29.0,14.0,23.0,26.0,31.0,26.0,26.0
37.0,23.0,37.0,37.0,36.0,28.0,26.0,38.0,21.0,30.0,26.0,43.0,28.0,30.0,39.0,37.0,34.0,29.0,33.0,27.0,35.0,42.0,38.0,31.0,44.0,42.0,28.0,42.0,26.0,32.0,26.0,43.0,30.0,32.0,40.0,30.0,38.0,49.0,34.0,38.0,30.0,34.0,36.0,34.0,40.0,33.0,42.0,27.0,24.0,30.0
