10,50,1000
16.076277,17.973716,19.011379,19.787847,19.038668,16.440752,17.180663,16.31387,18.606695,18.629542
5.08672,7.2167,5.586802,8.777313,5.275911,7.639405,6.202791,5.266155,8.473745,6.671584
0.0,10.0,20.0,30.0,40.0,50.0,60.0,70.0,80.0,90.0
10.0,0.0,10.0,20.0,30.0,40.0,50.0,60.0,70.0,80.0
20.0,10.0,0.0,10.0,20.0,30.0,40.0,50.0,60.0,70.0
30.0,20.0,10.0,0.0,10.0,20.0,30.0,40.0,50.0,60.0
40.0,30.0,20.0,10.0,0.0,10.0,20.0,30.0,40.0,50.0
50.0,40.0,30.0,20.0,10.0,0.0,10.0,20.0,30.0,40.0
60.0,50.0,40.0,30.0,20.0,10.0,0.0,10.0,20.0,30.0
70.0,60.0,50.0,40.0,30.0,20.0,10.0,0.0,10.0,20.0
80.0,70.0,60.0,50.0,40.0,30.0,20.0,10.0,0.0,10.0
90.0,80.0,70.0,60.0,50.0,40.0,30.0,20.0,10.0,0.0
450.0,400.0,350.0,300.0,250.0,250.0,300.0,350.0,400.0,450.0
0.0,1.0,2.0,3.0,4.0,5.0,6.0,7.0,8.0,9.0
1.0,0.0,1.0,2.0,3.0,4.0,5.0,6.0,7.0,8.0
2.0,1.0,0.0,1.0,2.0,3.0,4.0,5.0,6.0,7.0
3.0,2.0,1.0,0.0,1.0,2.0,3.0,4.0,5.0,6.0
4.0,3.0,2.0,1.0,0.0,1.0,2.0,3.0,4.0,5.0
5.0,4.0,3.0,2.0,1.0,0.0,1.0,2.0,3.0,4.0
6.0,5.0,4.0,3.0,2.0,1.0,0.0,1.0,2.0,3.0
7.0,6.0,5.0,4.0,3.0,2.0,1.0,0.0,1.0,2.0
8.0,7.0,6.0,5.0,4.0,3.0,2.0,1.0,0.0,1.0
9.0,8.0,7.0,6.0,5.0,4.0,3.0,2.0,1.0,0.0
45.0,40.0,35.0,30.0,25.0,25.0,30.0,35.0,40.0,45.0
21.0,20.0,21.0,26.0,24.0,18.0,18.0,19.0,17.0,24.0,20.0,20.0,14.0,14.0,19.0,21.0,26.0,20.0,28.0,20.0,29.0,25.0,24.0,22.0,18.0,21.0,15.0,25.0,19.0,21.0,22.0,13.0,13.0,15.0,28.0,23.0,27.0,19.0,26.0,29.0,21.0,26.0,20.0,20.0,25.0,15.0,25.0,19.0,29.0,30.0
29.0,24.0,26.0,38.0,27.0,18.0,27.0,37.0,30.0,23.0,19.0,29.0,24.0,35.0,26.0,23.0,36.0,21.0,29.0,31.0,25.0,27.0,26.0,29.0,32.0,19.0,21.0,35.0,31.0,35.0,29.0,20.0,38.0,36.0,27.0,26.0,33.0,28.0,20.0,22.0,25.0,24.0,24.0,41.0,16.0,33.0,24.0,20.0,28.0,36.0
20.0,16.0,39.0,25.0,21.0,22.0,33.0,22.0,18.0,21.0,19.0,27.0,18.0,24.0,27.0,15.0,24.0,20.0,22.0,19.0,17.0,25.0,25.0,26.0,20.0,28.0,25.0,21.0,22.0,16.0,23.0,29.0,20.0,26.0,26.0,21.0,12.0,20.0,23.0,21.0,32.0,24.0,18.0,27.0,28.0,22.0,21.0,30.0,27.0,21.0
35.0,40.0,37.0,30.0,34.0,35.0,36.0,34.0,44.0,28.0,30.0,36.0,34.0,23.0,35.0,46.0,37.0,26.0,39.0,33.0,31.0,37.0,33.0,34.0,33.0,28.0,41.0,38.0,27.0,36.0,35.0,32.0,30.0,37.0,37.0,40.0,34.0,32.0,41.0,39.0,32.0,34.0,28.0,25.0,28.0,41.0,51.0,31.0,28.0,33.0
17.0,20.0,15.0,23.0,32.0,16.0,23.0,22.0,24.0,16.0,26.0,25.0,21.0,16.0,24.0,23.0,18.0,24.0,21.0,23.0,26.0,22.0,25.0,20.0,15.0,20.0,24.0,24.0,21.0,26.0,19.0,29.0,20.0,22.0,10.0,19.0,27.0,11.0,16.0,18.0,16.0,21.0,19.0,18.0,23.0,29.0,22.0,22.0,21.0,29.0
22.0,29.0,27.0,33.0,23.0,32.0,45.0,19.0,36.0,25.0,31.0,34.0,28.0,22.0,37.0,39.0,22.0,26.0,43.0,26.0,39.0,35.0,22.0,21.0,27.0,17.0,19.0,25.0,18.0,34.0,32.0,36.0,26.0,25.0,30.0,30.0,21.0,23.0,27.0,33.0,28.0,31.0,23.0,27.0,38.0,39.0,21.0,31.0,27.0,33.0
31.0,21.0,18.0,18.0,23.0,30.0,23.0,17.0,19.0,16.0,22.0,27.0,15.0,28.0,20.0,33.0,26.0,20.0,25.0,37.0,31.0,19.0,21.0,27.0,30.0,28.0,30.0,25.0,18.0,31.0,38.0,32.0,23.0,21.0,31.0,21.0,26.0,24.0,35.0,20.0,31.0,22.0,17.0,17.0,26.0,24.0,20.0,28.0,27.0,26.0
20.0,22.0,15.0,16.0,22.0,22.0,17.0,16.0,18.0,24.0,16.0,12.0,25.0,32.0,27.0,13.0,26.0,32.0,21.0,18.0,17.0,21.0,17.0,14.0,32.0,19.0,25.0,18.0,16.0,16.0,33.0,23.0,14.0,26.0,30.0,25.0,18.0,30.0,14.0,22.0,26.0,26.0,21.0,19.0,25.0,14.0,19.0,17.0,16.0,26.0
27.0,30.0,34.0,27.0,37.0,33.0,29.0,41.0,30.0,34.0,42.0,26.0,31.0,36.0,25.0,25.0,35.0,38.0,36.0,32.0,26.0,36.0,26.0,30.0,46.0,27.0,23.0,34.0,27.0,22.0,28.0,36.0,26.0,26.0,29.0,31.0,26.0,37.0,30.0,25.0,32.0,35.0,22.0,25.0,29.0,32.0,33.0,35.0,31.0,31.0
27.0,23.0,32.0,22.0,29.0,30.0,30.0,25.0,26.0,24.0,33.0,31.0,30.0,24.0,29.0,28.0,25.0,38.0,27.0,21.0,24.0,21.0,24.0,33.0,21.0,36.0,26.0,20.0,24.0,31.0,29.0,26.0,23.0,34.0,22.0,28.0,19.0,28.0,34.0,27.0,26.0,32.0,23.0,22.0,23.0,18.0,23.0,17.0,21.0,26.0
