10,50,1000
16.588903,19.086621,15.786937,19.272614,15.178031,17.384764,16.284058,15.203046,19.550941,17.926256
8.134531,5.397006,5.253173,7.588415,5.645316,7.309759,7.080973,6.612644,6.182681,9.64356
0.0,10.0,20.0,30.0,40.0,50.0,60.0,70.0,80.0,90.0
10.0,0.0,10.0,20.0,30.0,40.0,50.0,60.0,70.0,80.0
20.0,10.0,0.0,10.0,20.0,30.0,40.0,50.0,60.0,70.0
30.0,20.0,10.0,0.0,10.0,20.0,30.0,40.0,50.0,60.0
40.0,30.0,20.0,10.0,0.0,10.0,20.0,30.0,40.0,50.0
50.0,40.0,30.0,20.0,10.0,0.0,10.0,20.0,30.0,40.0
60.0,50.0,40.0,30.0,20.0,10.0,0.0,10.0,20.0,30.0
70.0,60.0,50.0,40.0,30.0,20.0,10.0,0.0,10.0,20.0
80.0,70.0,60.0,50.0,40.0,30.0,20.0,10.0,0.0,10.0
90.0,80.0,70.0,60.0,50.0,40.0,30.0,20.0,10.0,0.0
450.0,400.0,350.0,300.0,250.0,250.0,300.0,350.0,400.0,450.0
0.0,1.0,2.0,3.0,4.0,5.0,6.0,7.0,8.0,9.0
1.0,0.0,1.0,2.0,3.0,4.0,5.0,6.0,7.0,8.0
2.0,1.0,0.0,1.0,2.0,3.0,4.0,5.0,6.0,7.0
3.0,2.0,1.0,0.0,1.0,2.0,3.0,4.0,5.0,6.0
4.0,3.0,2.0,1.0,0.0,1.0,2.0,3.0,4.0,5.0
5.0,4.0,3.0,2.0,1.0,0.0,1.0,2.0,3.0,4.0
6.0,5.0,4.0,3.0,2.0,1.0,0.0,1.0,2.0,3.0
7.0,6.0,5.0,4.0,3.0,2.0,1.0,0.0,1.0,2.0
8.0,7.0,6.0,5.0,4.0,3.0,2.0,1.0,0.0,1.0
9.0,8.0,7.0,6.0,5.0,4.0,3.0,2.0,1.0,0.0
45.0,40.0,35.0,30.0,25.0,25.0,30.0,35.0,40.0,45.0
23.0,29.0,27.0,24.0,23.0,37.0,26.0,30.0,29.0,43.0,40.0,41.0,27.0,20.0,29.0,32.0,29.0,43.0,28.0,31.0,27.0,29.0,46.0,37.0,29.0,31.0,26.0,25.0,24.0,24.0,32.0,26.0,27.0,23.0,36.0,28.0,30.0,35.0,25.0,24.0,34.0,33.0,34.0,26.0,24.0,43.0,27.0,30.0,31.0,24.0
28.0,26.0,26.0,27.0,23.0,24.0,20.0,27.0,24.0,27.0,21.0,25.0,24.0,23.0,17.0,19.0,19.0,21.0,25.0,22.0,19.0,19.0,26.0,24.0,24.0,26.0,26.0,27.0,12.0,30.0,35.0,26.0,19.0,20.0,24.0,22.0,23.0,17.0,17.0,28.0,22.0,30.0,17.0,20.0,23.0,27.0,21.0,24.0,23.0,29.0
26.0,20.0,27.0,18.0,25.0,25.0,19.0,23.0,17.0,21.0,27.0,17.0,26.0,16.0,22.0,20.0,23.0,19.0,23.0,13.0,8.0,23.0,24.0,23.0,18.0,22.0,18.0,20.0,13.0,22.0,23.0,22.0,33.0,28.0,16.0,21.0,21.0,23.0,17.0,25.0,24.0,16.0,22.0,25.0,21.0,15.0,20.0,17.0,25.0,20.0
34.0,32.0,32.0,25.0,34.0,42.0,21.0,34.0,27.0,27.0,30.0,30.0,28.0,35.0,26.0,19.0,33.0,31.0,23.0,48.0,22.0,26.0,22.0,37.0,26.0,37.0,23.0,31.0,35.0,30.0,15.0,24.0,27.0,32.0,26.0,36.0,26.0,40.0,33.0,35.0,26.0,33.0,24.0,33.0,26.0,37.0,19.0,29.0,32.0,26.0
40.0,22.0,16.0,15.0,24.0,18.0,27.0,18.0,17.0,26.0,29.0,22.0,21.0,20.0,19.0,18.0,22.0,17.0,17.0,27.0,26.0,29.0,25.0,23.0,16.0,22.0,22.0,33.0,21.0,21.0,25.0,20.0,14.0,25.0,21.0,19.0,31.0,17.0,24.0,28.0,21.0,17.0,16.0,24.0,19.0,19.0,24.0,17.0,17.0,19.0
27.0,32.0,42.0,24.0,26.0,23.0,31.0,29.0,32.0,33.0,31.0,20.0,32.0,29.0,27.0,38.0,25.0,29.0,31.0,22.0,25.0,29.0,22.0,24.0,40.0,24.0,25.0,33.0,37.0,33.0,31.0,25.0,27.0,28.0,27.0,17.0,29.0,33.0,20.0,23.0,27.0,26.0,29.0,18.0,34.0,28.0,33.0,29.0,31.0,26.0
18.0,20.0,28.0,28.0,24.0,20.0,23.0,28.0,32.0,31.0,25.0,22.0,27.0,30.0,24.0,24.0,25.0,25.0,28.0,22.0,25.0,40.0,25.0,21.0,30.0,21.0,29.0,18.0,39.0,27.0,29.0,25.0,26.0,32.0,28.0,18.0,25.0,20.0,29.0,26.0,24.0,34.0,22.0,26.0,28.0,33.0,32.0,24.0,24.0,22.0
25.0,26.0,18.0,20.0,33.0,23.0,30.0,31.0,27.0,32.0,30.0,26.0,21.0,27.0,20.0,27.0,21.0,25.0,22.0,29.0,34.0,27.0,23.0,22.0,22.0,26.0,18.0,21.0,18.0,29.0,26.0,29.0,19.0,30.0,25.0,25.0,30.0,22.0,18.0,33.0,36.0,20.0,22.0,30.0,29.0,35.0,20.0,29.0,27.0,23.0
23.0,29.0,25.0,20.0,17.0,25.0,22.0,27.0,25.0,30.0,24.0,16.0,30.0,18.0,24.0,31.0,22.0,23.0,32.0,24.0,28.0,19.0,19.0,37.0,32.0,26.0,22.0,25.0,24.0,17.0,26.0,24.0,25.0,29.0,25.0,21.0,25.0,21.0,22.0,37.0,19.0,18.0,36.0,21.0,24.0,23.0,40.0,29.0,23.0,25.0
37.0,30.0,27.0,37.0,40.0,28.0,38.0,31.0,39.0,30.0,27.0,29.0,32.0,38.0,36.0,40.0,35.0,53.0,34.0,38.0,32.0,38.0,39.0,23.0,46.0,35.0,40.0,32.0,34.0,29.0,36.0,33.0,47.0,46.0,36.0,46.0,35.0,34.0,37.0,43.0,43.0,37.0,35.0,51.0,48.0,28.0,40.0,33.0,30.0,41.0
