10,50,1000
18.069913,19.362258,19.93771,18.541591,18.435764,15.216029,18.140026,16.393752,17.790078,15.752757
6.025832,7.926047,9.040874,5.61253,5.025929,6.111684,7.152602,6.881365,6.025202,6.463514
0.0,10.0,20.0,30.0,40.0,50.0,60.0,70.0,80.0,90.0
10.0,0.0,10.0,20.0,30.0,40.0,50.0,60.0,70.0,80.0
20.0,10.0,0.0,10.0,20.0,30.0,40.0,50.0,60.0,70.0
30.0,20.0,10.0,0.0,10.0,20.0,30.0,40.0,50.0,60.0
40.0,30.0,20.0,10.0,0.0,10.0,20.0,30.0,40.0,50.0
50.0,40.0,30.0,20.0,10.0,0.0,10.0,20.0,30.0,40.0
60.0,50.0,40.0,30.0,20.0,10.0,0.0,10.0,20.0,30.0
70.0,60.0,50.0,40.0,30.0,20.0,10.0,0.0,10.0,20.0
80.0,70.0,60.0,50.0,40.0,30.0,20.0,10.0,0.0,10.0
90.0,80.0,70.0,60.0,50.0,40.0,30.0,20.0,10.0,0.0
450.0,400.0,350.0,300.0,250.0,250.0,300.0,350.0,400.0,450.0
0.0,1.0,2.0,3.0,4.0,5.0,6.0,7.0,8.0,9.0
1.0,0.0,1.0,2.0,3.0,4.0,5.0,6.0,7.0,8.0
2.0,1.0,0.0,1.0,2.0,3.0,4.0,5.0,6.0,7.0
3.0,2.0,1.0,0.0,1.0,2.0,3.0,4.0,5.0,6.0
4.0,3.0,2.0,1.0,0.0,1.0,2.0,3.0,4.0,5.0
5.0,4.0,3.0,2.0,1.0,0.0,1.0,2.0,3.0,4.0
6.0,5.0,4.0,3.0,2.0,1.0,0.0,1.0,2.0,3.0
7.0,6.0,5.0,4.0,3.0,2.0,1.0,0.0,1.0,2.0
8.0,7.0,6.0,5.0,4.0,3.0,2.0,1.0,0.0,1.0
9.0,8.0,7.0,6.0,5.0,4.0,3.0,2.0,1.0,0.0
45.0,40.0,35.0,30.0,25.0,25.0,30.0,35.0,40.0,45.0
26.0,26.0,25.0,17.0,25.0,27.0,32.0,19.0,17.0,23.0,26.0,25.0,22.0,15.0,27.0,23.0,32.0,22.0,23.0,20.0,24.0,23.0,24.0,24.0,28.0,17.0,26.0,23.0,29.0,24.0,28.0,26.0,22.0,30.0,26.0,28.0,18.0,21.0,21.0,23.0,24.0,27.0,26.0,29.0,25.0,27.0,21.0,28.0,21.0,22.0
33.0,29.0,27.0,32.0,32.0,34.0,28.0,25.0,36.0,32.0,29.0,42.0,21.0,25.0,19.0,41.0,25.0,29.0,31.0,25.0,32.0,29.0,36.0,28.0,31.0,20.0,34.0,33.0,26.0,33.0,24.0,42.0,32.0,31.0,23.0,25.0,31.0,37.0,28.0,35.0,23.0,32.0,29.0,38.0,26.0,27.0,35.0,28.0,39.0,25.0
37.0,38.0,31.0,29.0,39.0,36.0,32.0,33.0,32.0,35.0,35.0,38.0,42.0,32.0,36.0,26.0,36.0,29.0,42.0,28.0,35.0,33.0,22.0,39.0,25.0,25.0,29.0,35.0,36.0,28.0,33.0,42.0,22.0,31.0,33.0,39.0,28.0,44.0,35.0,30.0,39.0,36.0,29.0,28.0,32.0,32.0,37.0,34.0,34.0,27.0
22.0,34.0,26.0,20.0,28.0,26.0,17.0,31.0,15.0,29.0,21.0,26.0,19.0,19.0,15.0,17.0,25.0,30.0,16.0,25.0,20.0,25.0,24.0,21.0,24.0,19.0,18.0,22.0,16.0,26.0,22.0,21.0,28.0,16.0,24.0,19.0,28.0,18.0,21.0,26.0,18.0,24.0,18.0,29.0,22.0,9.0,17.0,25.0,32.0,26.0
25.0,16.0,17.0,20.0,13.0,26.0,21.0,18.0,19.0,28.0,27.0,14.0,24.0,19.0,13.0,23.0,19.0,16.0,22.0,27.0,21.0,31.0,24.0,19.0,19.0,27.0,27.0,21.0,18.0,23.0,16.0,13.0,28.0,34.0,16.0,17.0,17.0,21.0,25.0,22.0,16.0,20.0,16.0,25.0,18.0,22.0,19.0,18.0,17.0,18.0
25.0,26.0,27.0,23.0,25.0,27.0,20.0,23.0,20.0,24.0,21.0,32.0,27.0,27.0,19.0,23.0,28.0,24.0,23.0,22.0,20.0,16.0,15.0,21.0,25.0,17.0,23.0,28.0,28.0,18.0,23.0,29.0,27.0,26.0,27.0,20.0,25.0,26.0,25.0,26.0,19.0,23.0,23.0,14.0,20.0,18.0,17.0,16.0,34.0,22.0
29.0,24.0,29.0,28.0,31.0,28.0,29.0,33.0,29.0,17.0,19.0,35.0,23.0,19.0,27.0,25.0,23.0,26.0,41.0,35.0,19.0,24.0,22.0,32.0,31.0,30.0,23.0,29.0,44.0,30.0,24.0,21.0,27.0,23.0,27.0,31.0,22.0,25.0,32.0,32.0,33.0,26.0,27.0,30.0,31.0,32.0,27.0,23.0,28.0,34.0
21.0,25.0,26.0,25.0,27.0,17.0,26.0,32.0,22.0,29.0,31.0,22.0,29.0,25.0,25.0,39.0,29.0,35.0,27.0,18.0,28.0,34.0,24.0,39.0,28.0,21.0,33.0,17.0,20.0,29.0,29.0,26.0,21.0,27.0,31.0,25.0,23.0,24.0,30.0,28.0,28.0,21.0,34.0,27.0,19.0,24.0,28.0,24.0,28.0,25.0
23.0,18.0,25.0,24.0,18.0,20.0,20.0,17.0,32.0,23.0,21.0,21.0,23.0,28.0,20.0,21.0,25.0,26.0,17.0,20.0,19.0,23.0,33.0,23.0,21.0,23.0,28.0,25.0,28.0,18.0,22.0,31.0,31.0,33.0,19.0,28.0,26.0,19.0,24.0,25.0,22.0,28.0,23.0,27.0,25.0,28.0,23.0,24.0,17.0,32.0
30.0,31.0,27.0,29.0,24.0,26.0,19.0,21.0,22.0,21.0,14.0,29.0,23.0,20.0,34.0,22.0,29.0,33.0,21.0,21.0,28.0,14.0,24.0,30.0,22.0,32.0,31.0,24.0,36.0,20.0,20.0,30.0,21.0,33.0,18.0,27.0,23.0,23.0,20.0,21.0,19.0,20.0,26.0,29.0,28.0,26.0,20.0,24.0,30.0,19.0
