10,50,1000
17.762665,15.719392,15.967765,18.424567,19.166744,15.222551,17.536677,16.529826,16.414434,19.976266
6.441966,8.578926,8.05251,7.227027,8.099229,6.441854,5.996313,5.47199,5.405962,9.836933
0.0,10.0,20.0,30.0,40.0,50.0,60.0,70.0,80.0,90.0
10.0,0.0,10.0,20.0,30.0,40.0,50.0,60.0,70.0,80.0
20.0,10.0,0.0,10.0,20.0,30.0,40.0,50.0,60.0,70.0
30.0,20.0,10.0,0.0,10.0,20.0,30.0,40.0,50.0,60.0
40.0,30.0,20.0,10.0,0.0,10.0,20.0,30.0,40.0,50.0
50.0,40.0,30.0,20.0,10.0,0.0,10.0,20.0,30.0,40.0
60.0,50.0,40.0,30.0,20.0,10.0,0.0,10.0,20.0,30.0
70.0,60.0,50.0,40.0,30.0,20.0,10.0,0.0,10.0,20.0
80.0,70.0,60.0,50.0,40.0,30.0,20.0,10.0,0.0,10.0
90.0,80.0,70.0,60.0,50.0,40.0,30.0,20.0,10.0,0.0
450.0,400.0,350.0,300.0,250.0,250.0,300.0,350.0,400.0,450.0
0.0,1.0,2.0,3.0,4.0,5.0,6.0,7.0,8.0,9.0
1.0,0.0,1.0,2.0,3.0,4.0,5.0,6.0,7.0,8.0
2.0,1.0,0.0,1.0,2.0,3.0,4.0,5.0,6.0,7.0
3.0,2.0,1.0,0.0,1.0,2.0,3.0,4.0,5.0,6.0
4.0,3.0,2.0,1.0,0.0,1.0,2.0,3.0,4.0,5.0
5.0,4.0,3.0,2.0,1.0,0.0,1.0,2.0,3.0,4.0
6.0,5.0,4.0,3.0,2.0,1.0,0.0,1.0,2.0,3.0
7.0,6.0,5.0,4.0,3.0,2.0,1.0,0.0,1.0,2.0
8.0,7.0,6.0,5.0,4.0,3.0,2.0,1.0,0.0,1.0
9.0,8.0,7.0,6.0,5.0,4.0,3.0,2.0,1.0,0.0
45.0,40.0,35.0,30.0,25.0,25.0,30.0,35.0,40.0,45.0
16.0,38.0,28.0,23.0,24.0,27.0,34.0,20.0,19.0,28.0,26.0,28.0,26.0,24.0,21.0,23.0,28.0,26.0,29.0,27.0,36.0,31.0,21.0,36.0,28.0,28.0,19.0,22.0,28.0,23.0,23.0,28.0,25.0,22.0,24.0,20.0,17.0,25.0,24.0,29.0,25.0,20.0,30.0,34.0,31.0,21.0,17.0,23.0,30.0,21.0
29.0,38.0,40.0,35.0,40.0,30.0,38.0,29.0,25.0,29.0,35.0,41.0,37.0,39.0,43.0,33.0,40.0,36.0,32.0,21.0,43.0,35.0,36.0,24.0,25.0,40.0,35.0,35.0,30.0,36.0,33.0,29.0,29.0,27.0,34.0,38.0,26.0,32.0,28.0,37.0,38.0,35.0,33.0,36.0,31.0,19.0,23.0,38.0,33.0,27.0
26.0,27.0,33.0,28.0,33.0,33.0,25.0,25.0,38.0,20.0,25.0,30.0,22.0,20.0,27.0,43.0,16.0,31.0,35.0,30.0,25.0,25.0,23.0,34.0,25.0,42.0,30.0,27.0,26.0,34.0,23.0,29.0,36.0,31.0,29.0,27.0,31.0,26.0,27.0,23.0,43.0,23.0,27.0,30.0,36.0,31.0,20.0,32.0,36.0,30.0
34.0,28.0,33.0,31.0,28.0,18.0,35.0,24.0,24.0,28.0,25.0,28.0,21.0,27.0,31.0,29.0,24.0,30.0,32.0,31.0,17.0,36.0,30.0,28.0,22.0,33.0,24.0,30.0,39.0,22.0,26.0,35.0,21.0,31.0,21.0,36.0,37.0,29.0,21.0,18.0,22.0,36.0,31.0,23.0,31.0,28.0,26.0,23.0,24.0,25.0
27.0,28.0,28.0,26.0,27.0,33.0,31.0,25.0,36.0,24.0,29.0,37.0,29.0,33.0,29.0,31.0,29.0,26.0,34.0,30.0,28.0,34.0,38.0,29.0,27.0,30.0,33.0,35.0,30.0,38.0,35.0,27.0,30.0,32.0,33.0,27.0,26.0,24.0,25.0,35.0,33.0,31.0,31.0,41.0,21.0,33.0,33.0,40.0,36.0,30.0
13.0,31.0,25.0,24.0,26.0,31.0,20.0,23.0,23.0,28.0,21.0,18.0,21.0,15.0,24.0,22.0,17.0,26.0,32.0,26.0,17.0,23.0,31.0,26.0,25.0,31.0,21.0,23.0,23.0,27.0,27.0,29.0,35.0,25.0,30.0,32.0,20.0,28.0,30.0,23.0,29.0,26.0,31.0,29.0,23.0,20.0,19.0,28.0,21.0,30.0
25.0,20.0,22.0,32.0,28.0,29.0,30.0,16.0,24.0,23.0,21.0,22.0,26.0,29.0,21.0,20.0,23.0,26.0,25.0,31.0,35.0,23.0,15.0,16.0,20.0,21.0,32.0,24.0,25.0,28.0,18.0,16.0,19.0,24.0,18.0,25.0,28.0,29.0,24.0,18.0,23.0,23.0,22.0,30.0,19.0,26.0,21.0,19.0,25.0,28.0
20.0,17.0,34.0,26.0,28.0,21.0,24.0,23.0,13.0,26.0,21.0,21.0,18.0,35.0,27.0,13.0,31.0,10.0,25.0,22.0,23.0,19.0,24.0,21.0,23.0,15.0,18.0,29.0,27.0,19.0,19.0,24.0,19.0,22.0,30.0,26.0,29.0,24.0,18.0,21.0,31.0,28.0,23.0,25.0,24.0,18.0,22.0,22.0,18.0,24.0
16.0,25.0,23.0,18.0,19.0,19.0,26.0,21.0,21.0,22.0,18.0,16.0,23.0,20.0,29.0,12.0,17.0,18.0,28.0,20.0,17.0,21.0,23.0,16.0,25.0,26.0,24.0,25.0,18.0,20.0,24.0,30.0,14.0,24.0,20.0,17.0,20.0,28.0,17.0,20.0,24.0,20.0,20.0,20.0,22.0,16.0,18.0,24.0,24.0,16.0
39.0,33.0,44.0,23.0,42.0,40.0,39.0,28.0,46.0,38.0,41.0,38.0,49.0,40.0,38.0,37.0,33.0,47.0,42.0,38.0,44.0,41.0,40.0,33.0,36.0,38.0,31.0,41.0,34.0,41.0,29.0,39.0,39.0,33.0,46.0,49.0,31.0,29.0,37.0,38.0,33.0,47.0,43.0,42.0,29.0,40.0,35.0,32.0,36.0,42.0
