10,50,1000
18.659912,15.134075,17.858477,16.292436,18.139215,18.292329,17.853193,18.626174,17.487764,17.026367
9.880996,6.960408,9.173793,6.567138,9.931734,6.257147,6.896405,7.417719,9.95912,5.393237
0.0,10.0,20.0,30.0,40.0,50.0,60.0,70.0,80.0,90.0
10.0,0.0,10.0,20.0,30.0,40.0,50.0,60.0,70.0,80.0
20.0,10.0,0.0,10.0,20.0,30.0,40.0,50.0,60.0,70.0
30.0,20.0,10.0,0.0,10.0,20.0,30.0,40.0,50.0,60.0
40.0,30.0,20.0,10.0,0.0,10.0,20.0,30.0,40.0,50.0
50.0,40.0,30.0,20.0,10.0,0.0,10.0,20.0,30.0,40.0
60.0,50.0,40.0,30.0,20.0,10.0,0.0,10.0,20.0,30.0
70.0,60.0,50.0,40.0,30.0,20.0,10.0,0.0,10.0,20.0
80.0,70.0,60.0,50.0,40.0,30.0,20.0,10.0,0.0,10.0
90.0,80.0,70.0,60.0,50.0,40.0,30.0,20.0,10.0,0.0
450.0,400.0,350.0,300.0,250.0,250.0,300.0,350.0,400.0,450.0
0.0,1.0,2.0,3.0,4.0,5.0,6.0,7.0,8.0,9.0
1.0,0.0,1.0,2.0,3.0,4.0,5.0,6.0,7.0,8.0
2.0,1.0,0.0,1.0,2.0,3.0,4.0,5.0,6.0,7.0
3.0,2.0,1.0,0.0,1.0,2.0,3.0,4.0,5.0,6.0
4.0,3.0,2.0,1.0,0.0,1.0,2.0,3.0,4.0,5.0
5.0,4.0,3.0,2.0,1.0,0.0,1.0,2.0,3.0,4.0
6.0,5.0,4.0,3.0,2.0,1.0,0.0,1.0,2.0,3.0
7.0,6.0,5.0,4.0,3.0,2.0,1.0,0.0,1.0,2.0
8.0,7.0,6.0,5.0,4.0,3.0,2.0,1.0,0.0,1.0
9.0,8.0,7.0,6.0,5.0,4.0,3.0,2.0,1.0,0.0
45.0,40.0,35.0,30.0,25.0,25.0,30.0,35.0,40.0,45.0
40.0,32.0,36.0,38.0,29.0,33.0,52.0,33.0,27.0,41.0,31.0,53.0,41.0,41.0,42.0,36.0,35.0,42.0,33.0,38.0,35.0,31.0,34.0,29.0,37.0,42.0,35.0,40.0,45.0,34.0,29.0,39.0,39.0,41.0,48.0,35.0,49.0,44.0,32.0,49.0,36.0,38.0,27.0,36.0,32.0,38.0,34.0,39.0,40.0,33.0
30.0,25.0,32.0,28.0,24.0,21.0,13.0,25.0,20.0,32.0,31.0,25.0,33.0,33.0,22.0,27.0,22.0,25.0,24.0,25.0,24.0,27.0,25.0,29.0,21.0,26.0,20.0,25.0,28.0,30.0,31.0,27.0,22.0,26.0,22.0,33.0,24.0,21.0,25.0,27.0,29.0,26.0,27.0,31.0,29.0,30.0,27.0,22.0,28.0,24.0
42.0,41.0,34.0,43.0,38.0,30.0,38.0,40.0,37.0,32.0,30.0,37.0,34.0,38.0,41.0,35.0,30.0,38.0,26.0,32.0,37.0,36.0,29.0,38.0,44.0,25.0,38.0,38.0,43.0,42.0,32.0,33.0,30.0,32.0,31.0,32.0,41.0,37.0,41.0,35.0,35.0,32.0,38.0,28.0,51.0,32.0,37.0,34.0,41.0,32.0
20.0,18.0,26.0,17.0,20.0,24.0,20.0,30.0,34.0,23.0,23.0,23.0,23.0,16.0,34.0,23.0,20.0,26.0,26.0,17.0,26.0,22.0,23.0,17.0,27.0,27.0,24.0,27.0,19.0,27.0,22.0,24.0,22.0,31.0,28.0,21.0,22.0,25.0,22.0,24.0,30.0,22.0,23.0,21.0,29.0,24.0,18.0,15.0,24.0,30.0
28.0,38.0,39.0,31.0,34.0,28.0,34.0,30.0,37.0,36.0,39.0,31.0,33.0,32.0,33.0,34.0,31.0,27.0,35.0,27.0,37.0,30.0,39.0,36.0,29.0,39.0,37.0,27.0,39.0,35.0,37.0,48.0,31.0,35.0,25.0,49.0,33.0,32.0,46.0,26.0,26.0,43.0,44.0,33.0,40.0,42.0,35.0,34.0,48.0,42.0
26.0,25.0,24.0,17.0,24.0,24.0,26.0,24.0,22.0,23.0,17.0,28.0,24.0,15.0,31.0,22.0,33.0,38.0,30.0,35.0,28.0,29.0,21.0,27.0,21.0,29.0,30.0,26.0,33.0,28.0,24.0,25.0,27.0,24.0,21.0,24.0,29.0,26.0,34.0,27.0,29.0,31.0,29.0,26.0,23.0,25.0,27.0,20.0,20.0,21.0
29.0,19.0,30.0,28.0,29.0,25.0,33.0,21.0,21.0,25.0,24.0,31.0,25.0,34.0,32.0,25.0,39.0,24.0,25.0,30.0,28.0,42.0,21.0,24.0,18.0,23.0,34.0,35.0,19.0,33.0,21.0,21.0,28.0,27.0,32.0,27.0,19.0,24.0,29.0,30.0,18.0,23.0,36.0,29.0,25.0,28.0,33.0,32.0,22.0,36.0
30.0,26.0,18.0,23.0,27.0,31.0,28.0,29.0,35.0,33.0,28.0,25.0,22.0,27.0,28.0,40.0,32.0,25.0,36.0,16.0,36.0,29.0,25.0,28.0,29.0,29.0,37.0,28.0,30.0,16.0,34.0,36.0,20.0,27.0,28.0,22.0,33.0,39.0,25.0,27.0,37.0,25.0,29.0,37.0,25.0,27.0,31.0,36.0,28.0,32.0
43.0,40.0,37.0,33.0,36.0,35.0,29.0,33.0,42.0,37.0,34.0,41.0,31.0,24.0,47.0,57.0,35.0,28.0,22.0,41.0,30.0,35.0,35.0,43.0,41.0,35.0,31.0,39.0,47.0,33.0,33.0,45.0,36.0,35.0,31.0,23.0,39.0,30.0,34.0,39.0,33.0,36.0,35.0,35.0,30.0,39.0,33.0,36.0,37.0,37.0
28.0,11.0,26.0,19.0,18.0,30.0,21.0,24.0,16.0,19.0,21.0,21.0,18.0,32.0,27.0,19.0,20.0,22.0,24.0,29.0,17.0,36.0,24.0,22.0,29.0,20.0,24.0,14.0,23.0,16.0,15.0,29.0,20.0,20.0,18.0,24.0,25.0,22.0,21.0,21.0,22.0,17.0,19.0,32.0,18.0,38.0,19.0,21.0,16.0,26.0
