10,50,1000
15.974222,18.827021,15.30929,19.71291,15.752787,15.711535,19.368738,19.20611,19.926992,16.599627
8.052581,6.264212,6.477449,7.790437,9.624497,9.76887,8.860242,6.308969,6.839342,6.842763
0.0,10.0,20.0,30.0,40.0,50.0,60.0,70.0,80.0,90.0
10.0,0.0,10.0,20.0,30.0,40.0,50.0,60.0,70.0,80.0
20.0,10.0,0.0,10.0,20.0,30.0,40.0,50.0,60.0,70.0
30.0,20.0,10.0,0.0,10.0,20.0,30.0,40.0,50.0,60.0
40.0,30.0,20.0,10.0,0.0,10.0,20.0,30.0,40.0,50.0
50.0,40.0,30.0,20.0,10.0,0.0,10.0,20.0,30.0,40.0
60.0,50.0,40.0,30.0,20.0,10.0,0.0,10.0,20.0,30.0
70.0,60.0,50.0,40.0,30.0,20.0,10.0,0.0,10.0,20.0
80.0,70.0,60.0,50.0,40.0,30.0,20.0,10.0,0.0,10.0
90.0,80.0,70.0,60.0,50.0,40.0,30.0,20.0,10.0,0.0
450.0,400.0,350.0,300.0,250.0,250.0,300.0,350.0,400.0,450.0
0.0,1.0,2.0,3.0,4.0,5.0,6.0,7.0,8.0,9.0
1.0,0.0,1.0,2.0,3.0,4.0,5.0,6.0,7.0,8.0
2.0,1.0,0.0,1.0,2.0,3.0,4.0,5.0,6.0,7.0
3.0,2.0,1.0,0.0,1.0,2.0,3.0,4.0,5.0,6.0
4.0,3.0,2.0,1.0,0.0,1.0,2.0,3.0,4.0,5.0
5.0,4.0,3.0,2.0,1.0,0.0,1.0,2.0,3.0,4.0
6.0,5.0,4.0,3.0,2.0,1.0,0.0,1.0,2.0,3.0
7.0,6.0,5.0,4.0,3.0,2.0,1.0,0.0,1.0,2.0
8.0,7.0,6.0,5.0,4.0,3.0,2.0,1.0,0.0,1.0
9.0,8.0,7.0,6.0,5.0,4.0,3.0,2.0,1.0,0.0
45.0,40.0,35.0,30.0,25.0,25.0,30.0,35.0,40.0,45.0
34.0,34.0,29.0,31.0,27.0,25.0,29.0,30.0,31.0,29.0,45.0,20.0,29.0,27.0,32.0,32.0,31.0,24.0,35.0,33.0,36.0,27.0,30.0,21.0,28.0,28.0,35.0,28.0,30.0,34.0,40.0,34.0,34.0,40.0,30.0,27.0,31.0,38.0,28.0,22.0,29.0,19.0,31.0,30.0,37.0,20.0,25.0,31.0,21.0,22.0
23.0,35.0,24.0,18.0,20.0,17.0,26.0,31.0,27.0,26.0,23.0,17.0,19.0,26.0,18.0,29.0,27.0,28.0,23.0,32.0,26.0,20.0,23.0,21.0,35.0,27.0,24.0,32.0,30.0,20.0,24.0,30.0,28.0,18.0,33.0,27.0,29.0,25.0,23.0,23.0,34.0,24.0,31.0,19.0,31.0,31.0,21.0,29.0,19.0,25.0
19.0,29.0,36.0,19.0,15.0,37.0,26.0,22.0,30.0,20.0,26.0,25.0,24.0,24.0,36.0,23.0,31.0,27.0,24.0,24.0,27.0,22.0,34.0,18.0,29.0,23.0,24.0,25.0,26.0,19.0,27.0,31.0,32.0,12.0,31.0,24.0,19.0,36.0,18.0,35.0,25.0,24.0,14.0,17.0,26.0,30.0,19.0,22.0,32.0,26.0
21.0,40.0,34.0,34.0,25.0,32.0,33.0,31.0,38.0,25.0,27.0,21.0,38.0,36.0,26.0,37.0,28.0,30.0,23.0,26.0,32.0,35.0,27.0,29.0,26.0,26.0,27.0,32.0,27.0,33.0,27.0,29.0,34.0,32.0,29.0,25.0,31.0,33.0,36.0,34.0,36.0,32.0,25.0,20.0,30.0,23.0,31.0,30.0,39.0,35.0
42.0,36.0,46.0,28.0,38.0,35.0,37.0,34.0,29.0,37.0,38.0,37.0,35.0,35.0,24.0,38.0,33.0,31.0,33.0,38.0,27.0,25.0,26.0,43.0,39.0,39.0,33.0,31.0,33.0,40.0,29.0,33.0,40.0,31.0,31.0,35.0,29.0,32.0,28.0,32.0,25.0,30.0,29.0,30.0,33.0,37.0,29.0,33.0,36.0,45.0
39.0,36.0,39.0,39.0,37.0,31.0,26.0,41.0,27.0,33.0,34.0,43.0,31.0,45.0,34.0,37.0,34.0,36.0,28.0,43.0,37.0,34.0,33.0,26.0,49.0,48.0,31.0,32.0,33.0,36.0,31.0,33.0,35.0,36.0,40.0,37.0,39.0,39.0,46.0,31.0,32.0,34.0,24.0,38.0,35.0,34.0,45.0,28.0,45.0,50.0
36.0,37.0,37.0,33.0,40.0,33.0,32.0,38.0,32.0,36.0,32.0,42.0,32.0,24.0,30.0,41.0,33.0,27.0,27.0,28.0,19.0,35.0,40.0,32.0,33.0,38.0,40.0,45.0,40.0,34.0,42.0,34.0,33.0,37.0,52.0,40.0,19.0,33.0,38.0,36.0,45.0,32.0,30.0,38.0,33.0,34.0,29.0,30.0,33.0,38.0
35.0,27.0,30.0,33.0,28.0,26.0,23.0,29.0,26.0,26.0,27.0,28.0,22.0,27.0,18.0,17.0,35.0,27.0,33.0,21.0,35.0,30.0,27.0,23.0,21.0,24.0,23.0,30.0,26.0,29.0,21.0,22.0,29.0,26.0,27.0,19.0,23.0,27.0,22.0,18.0,21.0,20.0,31.0,29.0,36.0,28.0,32.0,19.0,27.0,20.0
28.0,28.0,33.0,22.0,23.0,23.0,20.0,26.0,27.0,24.0,29.0,30.0,21.0,31.0,37.0,25.0,20.0,27.0,30.0,26.0,31.0,32.0,28.0,24.0,41.0,29.0,26.0,22.0,18.0,34.0,28.0,35.0,29.0,18.0,28.0,15.0,27.0,35.0,16.0,21.0,22.0,27.0,31.0,23.0,30.0,24.0,43.0,28.0,28.0,19.0
31.0,31.0,29.0,15.0,26.0,50.0,24.0,23.0,20.0,25.0,12.0,17.0,22.0,25.0,31.0,37.0,28.0,27.0,22.0,28.0,31.0,23.0,28.0,23.0,29.0,23.0,34.0,23.0,17.0,21.0,35.0,27.0,27.0,26.0,33.0,23.0,25.0,25.0,20.0,28.0,25.0,27.0,23.0,23.0,25.0,27.0,26.0,34.0,23.0,26.0
