10,50,1000
17.405743,16.359112,18.548429,15.596184,16.016766,18.562833,17.631871,18.295806,17.731201,17.309813
6.876344,9.641009,9.18955,9.271345,6.289099,7.455716,5.001944,8.945365,7.786829,8.674563
0.0,10.0,20.0,30.0,40.0,50.0,60.0,70.0,80.0,90.0
10.0,0.0,10.0,20.0,30.0,40.0,50.0,60.0,70.0,80.0
20.0,10.0,0.0,10.0,20.0,30.0,40.0,50.0,60.0,70.0
30.0,20.0,10.0,0.0,10.0,20.0,30.0,40.0,50.0,60.0
40.0,30.0,20.0,10.0,0.0,10.0,20.0,30.0,40.0,50.0
50.0,40.0,30.0,20.0,10.0,0.0,10.0,20.0,30.0,40.0
60.0,50.0,40.0,30.0,20.0,10.0,0.0,10.0,20.0,30.0
70.0,60.0,50.0,40.0,30.0,20.0,10.0,0.0,10.0,20.0
80.0,70.0,60.0,50.0,40.0,30.0,20.0,10.0,0.0,10.0
90.0,80.0,70.0,60.0,50.0,40.0,30.0,20.0,10.0,0.0
450.0,400.0,350.0,300.0,250.0,250.0,300.0,350.0,400.0,450.0
0.0,1.0,2.0,3.0,4.0,5.0,6.0,7.0,8.0,9.0
1.0,0.0,1.0,2.0,3.0,4.0,5.0,6.0,7.0,8.0
2.0,1.0,0.0,1.0,2.0,3.0,4.0,5.0,6.0,7.0
3.0,2.0,1.0,0.0,1.0,2.0,3.0,4.0,5.0,6.0
4.0,3.0,2.0,1.0,0.0,1.0,2.0,3.0,4.0,5.0
5.0,4.0,3.0,2.0,1.0,0.0,1.0,2.0,3.0,4.0
6.0,5.0,4.0,3.0,2.0,1.0,0.0,1.0,2.0,3.0
7.0,6.0,5.0,4.0,3.0,2.0,1.0,0.0,1.0,2.0
8.0,7.0,6.0,5.0,4.0,3.0,2.0,1.0,0.0,1.0
9.0,8.0,7.0,6.0,5.0,4.0,3.0,2.0,1.0,0.0
45.0,40.0,35.0,30.0,25.0,25.0,30.0,35.0,40.0,45.0
25.0,22.0,24.0,26.0,27.0,27.0,36.0,34.0,29.0,30.0,22.0,20.0,28.0,34.0,27.0,22.0,30.0,27.0,25.0,29.0,32.0,22.0,24.0,34.0,18.0,19.0,28.0,33.0,24.0,31.0,24.0,40.0,20.0,35.0,32.0,27.0,25.0,33.0,21.0,29.0,26.0,21.0,30.0,30.0,17.0,25.0,25.0,22.0,22.0,36.0
40.0,41.0,39.0,40.0,34.0,34.0,36.0,29.0,35.0,36.0,31.0,28.0,41.0,25.0,34.0,26.0,49.0,36.0,34.0,22.0,39.0,30.0,30.0,37.0,32.0,31.0,30.0,27.0,45.0,30.0,35.0,33.0,42.0,45.0,39.0,28.0,31.0,44.0,30.0,44.0,27.0,36.0,32.0,40.0,27.0,29.0,24.0,41.0,39.0,37.0
38.0,39.0,46.0,39.0,27.0,33.0,27.0,31.0,32.0,35.0,39.0,49.0,26.0,31.0,28.0,41.0,30.0,34.0,40.0,26.0,27.0,25.0,33.0,32.0,33.0,30.0,31.0,34.0,34.0,34.0,26.0,44.0,35.0,31.0,35.0,34.0,29.0,32.0,36.0,42.0,34.0,44.0,29.0,45.0,38.0,45.0,34.0,39.0,31.0,30.0
35.0,36.0,36.0,34.0,36.0,29.0,27.0,38.0,43.0,36.0,35.0,47.0,44.0,26.0,28.0,36.0,28.0,35.0,37.0,35.0,27.0,47.0,32.0,25.0,43.0,25.0,30.0,29.0,50.0,28.0,39.0,35.0,30.0,37.0,27.0,31.0,38.0,36.0,37.0,42.0,38.0,20.0,35.0,25.0,29.0,34.0,47.0,43.0,31.0,31.0
21.0,17.0,22.0,16.0,21.0,21.0,26.0,31.0,18.0,24.0,22.0,21.0,33.0,19.0,26.0,25.0,23.0,28.0,21.0,20.0,24.0,22.0,22.0,25.0,19.0,24.0,24.0,23.0,32.0,22.0,27.0,24.0,28.0,27.0,19.0,30.0,20.0,26.0,14.0,14.0,32.0,23.0,26.0,18.0,25.0,33.0,21.0,24.0,27.0,21.0
26.0,24.0,33.0,27.0,22.0,30.0,26.0,27.0,23.0,27.0,20.0,29.0,32.0,24.0,36.0,27.0,29.0,19.0,32.0,20.0,23.0,27.0,31.0,26.0,37.0,28.0,36.0,24.0,29.0,32.0,33.0,28.0,32.0,26.0,27.0,26.0,23.0,20.0,20.0,35.0,32.0,29.0,25.0,23.0,34.0,31.0,34.0,32.0,37.0,32.0
20.0,15.0,10.0,16.0,32.0,34.0,23.0,27.0,18.0,18.0,22.0,26.0,22.0,16.0,29.0,24.0,11.0,28.0,20.0,21.0,19.0,25.0,28.0,29.0,18.0,22.0,21.0,34.0,21.0,18.0,23.0,28.0,13.0,21.0,23.0,12.0,23.0,18.0,17.0,13.0,23.0,23.0,20.0,21.0,17.0,19.0,17.0,21.0,17.0,17.0
25.0,33.0,28.0,32.0,31.0,29.0,30.0,28.0,33.0,30.0,32.0,25.0,41.0,32.0,33.0,46.0,48.0,30.0,36.0,29.0,25.0,33.0,44.0,33.0,40.0,30.0,20.0,37.0,43.0,39.0,37.0,40.0,32.0,32.0,35.0,36.0,29.0,27.0,45.0,32.0,29.0,34.0,29.0,38.0,28.0,43.0,35.0,31.0,36.0,39.0
33.0,38.0,34.0,23.0,26.0,32.0,31.0,33.0,25.0,32.0,25.0,27.0,28.0,26.0,40.0,36.0,42.0,21.0,28.0,35.0,38.0,34.0,44.0,24.0,27.0,33.0,31.0,30.0,22.0,18.0,33.0,30.0,31.0,33.0,45.0,27.0,36.0,38.0,28.0,27.0,36.0,24.0,25.0,36.0,28.0,35.0,30.0,40.0,30.0,34.0
41.0,36.0,47.0,41.0,30.0,37.0,26.0,41.0,31.0,38.0,34.0,40.0,34.0,42.0,36.0,29.0,27.0,23.0,41.0,28.0,32.0,32.0,27.0,32.0,39.0,26.0,37.0,30.0,32.0,29.0,36.0,31.0,29.0,21.0,29.0,36.0,34.0,33.0,28.0,35.0,38.0,27.0,28.0,29.0,25.0,33.0,21.0,35.0,21.0,32.0
