10,50,1000
17.231093,16.856103,15.589804,16.239656,18.986431,17.979019,15.762408,18.312029,18.231697,19.135019
5.760397,9.721555,6.606726,9.0098,6.591783,7.96976,7.439416,5.560068,6.98262,5.711494
0.0,10.0,20.0,30.0,40.0,50.0,60.0,70.0,80.0,90.0
10.0,0.0,10.0,20.0,30.0,40.0,50.0,60.0,70.0,80.0
20.0,10.0,0.0,10.0,20.0,30.0,40.0,50.0,60.0,70.0
30.0,20.0,10.0,0.0,10.0,20.0,30.0,40.0,50.0,60.0
40.0,30.0,20.0,10.0,0.0,10.0,20.0,30.0,40.0,50.0
50.0,40.0,30.0,20.0,10.0,0.0,10.0,20.0,30.0,40.0
60.0,50.0,40.0,30.0,20.0,10.0,0.0,10.0,20.0,30.0
70.0,60.0,50.0,40.0,30.0,20.0,10.0,0.0,10.0,20.0
80.0,70.0,60.0,50.0,40.0,30.0,20.0,10.0,0.0,10.0
90.0,80.0,70.0,60.0,50.0,40.0,30.0,20.0,10.0,0.0
450.0,400.0,350.0,300.0,250.0,250.0,300.0,350.0,400.0,450.0
0.0,1.0,2.0,3.0,4.0,5.0,6.0,7.0,8.0,9.0
1.0,0.0,1.0,2.0,3.0,4.0,5.0,6.0,7.0,8.0
2.0,1.0,0.0,1.0,2.0,3.0,4.0,5.0,6.0,7.0
3.0,2.0,1.0,0.0,1.0,2.0,3.0,4.0,5.0,6.0
4.0,3.0,2.0,1.0,0.0,1.0,2.0,3.0,4.0,5.0
5.0,4.0,3.0,2.0,1.0,0.0,1.0,2.0,3.0,4.0
6.0,5.0,4.0,3.0,2.0,1.0,0.0,1.0,2.0,3.0
7.0,6.0,5.0,4.0,3.0,2.0,1.0,0.0,1.0,2.0
8.0,7.0,6.0,5.0,4.0,3.0,2.0,1.0,0.0,1.0
9.0,8.0,7.0,6.0,5.0,4.0,3.0,2.0,1.0,0.0
45.0,40.0,35.0,30.0,25.0,25.0,30.0,35.0,40.0,45.0
20.0,32.0,21.0,10.0,21.0,27.0,18.0,17.0,19.0,22.0,25.0,19.0,24.0,25.0,17.0,24.0,22.0,21.0,29.0,15.0,23.0,24.0,17.0,26.0,14.0,29.0,28.0,22.0,27.0,19.0,20.0,21.0,21.0,31.0,21.0,22.0,24.0,26.0,23.0,21.0,23.0,29.0,29.0,15.0,21.0,18.0,25.0,25.0,22.0,29.0
40.0,22.0,33.0,35.0,39.0,36.0,36.0,40.0,46.0,37.0,28.0,39.0,33.0,43.0,31.0,29.0,43.0,41.0,46.0,37.0,46.0,36.0,40.0,43.0,32.0,33.0,36.0,40.0,36.0,37.0,34.0,48.0,43.0,38.0,38.0,35.0,32.0,34.0,38.0,38.0,29.0,35.0,37.0,32.0,46.0,55.0,26.0,38.0,30.0,39.0
21.0,20.0,25.0,33.0,28.0,23.0,29.0,31.0,19.0,22.0,25.0,29.0,23.0,23.0,36.0,24.0,18.0,29.0,23.0,21.0,21.0,24.0,29.0,27.0,26.0,21.0,22.0,28.0,23.0,32.0,28.0,33.0,31.0,28.0,38.0,28.0,25.0,18.0,18.0,24.0,28.0,32.0,23.0,23.0,24.0,24.0,21.0,22.0,25.0,26.0
42.0,29.0,36.0,26.0,32.0,25.0,39.0,24.0,31.0,53.0,28.0,32.0,22.0,38.0,31.0,35.0,30.0,26.0,27.0,30.0,36.0,22.0,27.0,35.0,35.0,31.0,31.0,31.0,26.0,43.0,22.0,42.0,25.0,32.0,32.0,28.0,31.0,33.0,27.0,30.0,43.0,39.0,26.0,35.0,38.0,30.0,44.0,37.0,31.0,45.0
18.0,40.0,32.0,23.0,27.0,28.0,23.0,18.0,28.0,22.0,25.0,16.0,30.0,32.0,18.0,27.0,29.0,30.0,32.0,32.0,26.0,28.0,30.0,33.0,26.0,27.0,25.0,27.0,33.0,27.0,19.0,25.0,21.0,17.0,27.0,34.0,18.0,24.0,36.0,19.0,20.0,33.0,36.0,29.0,22.0,24.0,31.0,25.0,28.0,38.0
37.0,31.0,31.0,39.0,31.0,36.0,34.0,28.0,28.0,41.0,26.0,36.0,28.0,31.0,35.0,35.0,23.0,33.0,36.0,18.0,32.0,27.0,35.0,28.0,38.0,36.0,23.0,31.0,27.0,29.0,31.0,34.0,35.0,39.0,33.0,27.0,26.0,26.0,29.0,30.0,24.0,29.0,27.0,38.0,35.0,30.0,43.0,28.0,30.0,23.0
29.0,26.0,30.0,20.0,31.0,30.0,24.0,32.0,28.0,21.0,28.0,30.0,19.0,24.0,26.0,27.0,21.0,28.0,27.0,32.0,23.0,32.0,21.0,30.0,22.0,31.0,40.0,22.0,31.0,17.0,21.0,27.0,30.0,28.0,25.0,32.0,34.0,31.0,31.0,34.0,20.0,30.0,36.0,42.0,25.0,25.0,23.0,28.0,19.0,26.0
22.0,15.0,23.0,21.0,27.0,25.0,17.0,24.0,22.0,31.0,32.0,23.0,26.0,18.0,20.0,28.0,36.0,26.0,21.0,17.0,22.0,21.0,20.0,21.0,24.0,18.0,25.0,29.0,25.0,17.0,21.0,19.0,20.0,26.0,24.0,32.0,20.0,20.0,19.0,30.0,22.0,17.0,22.0,32.0,18.0,17.0,27.0,30.0,25.0,23.0
30.0,21.0,35.0,30.0,20.0,34.0,26.0,30.0,20.0,36.0,22.0,26.0,33.0,30.0,21.0,26.0,29.0,29.0,21.0,26.0,28.0,21.0,24.0,26.0,39.0,32.0,27.0,24.0,23.0,23.0,12.0,24.0,28.0,36.0,31.0,26.0,21.0,22.0,18.0,25.0,31.0,22.0,29.0,32.0,29.0,24.0,23.0,29.0,23.0,24.0
28.0,32.0,22.0,19.0,31.0,32.0,24.0,29.0,15.0,22.0,22.0,22.0,25.0,27.0,25.0,19.0,24.0,26.0,22.0,24.0,29.0,25.0,25.0,25.0,28.0,19.0,31.0,30.0,17.0,30.0,22.0,17.0,21.0,23.0,27.0,25.0,25.0,26.0,26.0,22.0,21.0,29.0,21.0,22.0,20.0,18.0,16.0,31.0,30.0,20.0
