10,50,1000
17.987528,15.544435,16.031453,15.109682,16.015842,15.956891,17.612236,15.492605,17.992388,17.536708
9.852137,9.93628,9.946161,7.49168,5.784057,5.799026,7.71494,7.609496,5.530729,5.850968
0.0,10.0,20.0,30.0,40.0,50.0,60.0,70.0,80.0,90.0
10.0,0.0,10.0,20.0,30.0,40.0,50.0,60.0,70.0,80.0
20.0,10.0,0.0,10.0,20.0,30.0,40.0,50.0,60.0,70.0
30.0,20.0,10.0,0.0,10.0,20.0,30.0,40.0,50.0,60.0
40.0,30.0,20.0,10.0,0.0,10.0,20.0,30.0,40.0,50.0
50.0,40.0,30.0,20.0,10.0,0.0,10.0,20.0,30.0,40.0
60.0,50.0,40.0,30.0,20.0,10.0,0.0,10.0,20.0,30.0
70.0,60.0,50.0,40.0,30.0,20.0,10.0,0.0,10.0,20.0
80.0,70.0,60.0,50.0,40.0,30.0,20.0,10.0,0.0,10.0
90.0,80.0,70.0,60.0,50.0,40.0,30.0,20.0,10.0,0.0
450.0,400.0,350.0,300.0,250.0,250.0,300.0,350.0,400.0,450.0
0.0,1.0,2.0,3.0,4.0,5.0,6.0,7.0,8.0,9.0
1.0,0.0,1.0,2.0,3.0,4.0,5.0,6.0,7.0,8.0
2.0,1.0,0.0,1.0,2.0,3.0,4.0,5.0,6.0,7.0
3.0,2.0,1.0,0.0,1.0,2.0,3.0,4.0,5.0,6.0
4.0,3.0,2.0,1.0,0.0,1.0,2.0,3.0,4.0,5.0
5.0,4.0,3.0,2.0,1.0,0.0,1.0,2.0,3.0,4.0
6.0,5.0,4.0,3.0,2.0,1.0,0.0,1.0,2.0,3.0
7.0,6.0,5.0,4.0,3.0,2.0,1.0,0.0,1.0,2.0
8.0,7.0,6.0,5.0,4.0,3.0,2.0,1.0,0.0,1.0
9.0,8.0,7.0,6.0,5.0,4.0,3.0,2.0,1.0,0.0
45.0,40.0,35.0,30.0,25.0,25.0,30.0,35.0,40.0,45.0
33.0,28.0,40.0,30.0,38.0,26.0,43.0,39.0,39.0,37.0,24.0,35.0,36.0,39.0,41.0,34.0,43.0,43.0,49.0,46.0,26.0,34.0,42.0,28.0,32.0,34.0,44.0,37.0,24.0,29.0,42.0,33.0,51.0,31.0,40.0,35.0,33.0,32.0,35.0,38.0,37.0,40.0,35.0,36.0,38.0,24.0,46.0,36.0,32.0,41.0
29.0,42.0,35.0,46.0,39.0,32.0,37.0,29.0,34.0,27.0,38.0,40.0,40.0,37.0,34.0,33.0,31.0,34.0,29.0,29.0,36.0,37.0,38.0,34.0,46.0,27.0,30.0,35.0,43.0,37.0,47.0,35.0,36.0,31.0,38.0,33.0,43.0,27.0,39.0,37.0,38.0,28.0,41.0,35.0,34.0,23.0,32.0,40.0,38.0,41.0
33.0,40.0,48.0,33.0,39.0,51.0,29.0,30.0,27.0,33.0,24.0,39.0,29.0,27.0,39.0,44.0,45.0,33.0,25.0,25.0,36.0,28.0,35.0,48.0,30.0,34.0,47.0,36.0,34.0,41.0,20.0,37.0,45.0,37.0,32.0,29.0,34.0,37.0,37.0,37.0,37.0,36.0,33.0,42.0,34.0,41.0,42.0,37.0,51.0,37.0
34.0,29.0,30.0,22.0,29.0,29.0,28.0,19.0,30.0,29.0,40.0,25.0,23.0,23.0,28.0,33.0,39.0,35.0,25.0,19.0,30.0,35.0,27.0,29.0,20.0,18.0,32.0,27.0,19.0,24.0,29.0,24.0,30.0,26.0,30.0,20.0,24.0,34.0,28.0,19.0,24.0,26.0,28.0,32.0,28.0,27.0,25.0,25.0,29.0,27.0
21.0,30.0,26.0,25.0,25.0,23.0,27.0,20.0,31.0,22.0,25.0,23.0,22.0,16.0,25.0,18.0,25.0,24.0,20.0,19.0,22.0,15.0,29.0,23.0,16.0,28.0,28.0,25.0,17.0,13.0,29.0,20.0,37.0,22.0,24.0,22.0,24.0,20.0,28.0,20.0,27.0,20.0,16.0,20.0,25.0,25.0,20.0,27.0,34.0,25.0
17.0,23.0,21.0,17.0,20.0,24.0,26.0,32.0,19.0,28.0,30.0,20.0,18.0,21.0,12.0,17.0,23.0,24.0,29.0,25.0,24.0,16.0,21.0,25.0,22.0,19.0,24.0,24.0,21.0,26.0,31.0,17.0,20.0,27.0,17.0,23.0,24.0,17.0,20.0,15.0,14.0,30.0,17.0,26.0,27.0,27.0,16.0,22.0,19.0,15.0
22.0,19.0,23.0,23.0,27.0,25.0,21.0,30.0,29.0,27.0,31.0,23.0,28.0,20.0,34.0,24.0,28.0,31.0,30.0,36.0,32.0,34.0,29.0,33.0,22.0,32.0,34.0,34.0,31.0,28.0,29.0,18.0,28.0,27.0,28.0,25.0,21.0,35.0,31.0,26.0,25.0,32.0,24.0,25.0,37.0,22.0,29.0,32.0,29.0,22.0
28.0,22.0,31.0,30.0,43.0,18.0,33.0,23.0,23.0,35.0,29.0,21.0,29.0,26.0,24.0,27.0,31.0,17.0,28.0,28.0,21.0,31.0,31.0,28.0,30.0,22.0,31.0,18.0,29.0,36.0,25.0,23.0,29.0,26.0,24.0,27.0,35.0,26.0,24.0,27.0,45.0,32.0,30.0,24.0,26.0,31.0,30.0,21.0,26.0,31.0
21.0,21.0,27.0,35.0,15.0,26.0,19.0,17.0,25.0,21.0,33.0,13.0,23.0,27.0,28.0,20.0,16.0,21.0,25.0,23.0,18.0,25.0,27.0,20.0,10.0,17.0,20.0,32.0,21.0,18.0,22.0,18.0,24.0,22.0,19.0,16.0,29.0,27.0,28.0,19.0,30.0,22.0,25.0,25.0,24.0,24.0,23.0,22.0,32.0,21.0
16.0,13.0,27.0,19.0,26.0,25.0,16.0,25.0,22.0,18.0,29.0,31.0,18.0,26.0,18.0,20.0,31.0,30.0,20.0,29.0,20.0,22.0,23.0,21.0,20.0,21.0,22.0,32.0,25.0,27.0,26.0,42.0,31.0,23.0,24.0,19.0,31.0,22.0,32.0,27.0,26.0,23.0,28.0,29.0,33.0,21.0,22.0,21.0,23.0,28.0
