10,50,1000
16.087586,19.095561,17.698176,15.154876,17.345468,19.033644,19.194561,17.576138,17.552431,19.873736
9.552661,8.567864,7.504333,6.090834,7.508765,9.97972,7.364399,5.259851,5.171196,7.219755
0.0,10.0,20.0,30.0,40.0,50.0,60.0,70.0,80.0,90.0
10.0,0.0,10.0,20.0,30.0,40.0,50.0,60.0,70.0,80.0
20.0,10.0,0.0,10.0,20.0,30.0,40.0,50.0,60.0,70.0
30.0,20.0,10.0,0.0,10.0,20.0,30.0,40.0,50.0,60.0
40.0,30.0,20.0,10.0,0.0,10.0,20.0,30.0,40.0,50.0
50.0,40.0,30.0,20.0,10.0,0.0,10.0,20.0,30.0,40.0
60.0,50.0,40.0,30.0,20.0,10.0,0.0,10.0,20.0,30.0
70.0,60.0,50.0,40.0,30.0,20.0,10.0,0.0,10.0,20.0
80.0,70.0,60.0,50.0,40.0,30.0,20.0,10.0,0.0,10.0
90.0,80.0,70.0,60.0,50.0,40.0,30.0,20.0,10.0,0.0
450.0,400.0,350.0,300.0,250.0,250.0,300.0,350.0,400.0,450.0
0.0,1.0,2.0,3.0,4.0,5.0,6.0,7.0,8.0,9.0
1.0,0.0,1.0,2.0,3.0,4.0,5.0,6.0,7.0,8.0
2.0,1.0,0.0,1.0,2.0,3.0,4.0,5.0,6.0,7.0
3.0,2.0,1.0,0.0,1.0,2.0,3.0,4.0,5.0,6.0
4.0,3.0,2.0,1.0,0.0,1.0,2.0,3.0,4.0,5.0
5.0,4.0,3.0,2.0,1.0,0.0,1.0,2.0,3.0,4.0
6.0,5.0,4.0,3.0,2.0,1.0,0.0,1.0,2.0,3.0
7.0,6.0,5.0,4.0,3.0,2.0,1.0,0.0,1.0,2.0
8.0,7.0,6.0,5.0,4.0,3.0,2.0,1.0,0.0,1.0
9.0,8.0,7.0,6.0,5.0,4.0,3.0,2.0,1.0,0.0
45.0,40.0,35.0,30.0,25.0,25.0,30.0,35.0,40.0,45.0
35.0,38.0,38.0,32.0,32.0,31.0,33.0,35.0,32.0,45.0,38.0,32.0,37.0,30.0,45.0,45.0,30.0,36.0,39.0,36.0,36.0,38.0,33.0,37.0,27.0,33.0,47.0,39.0,28.0,31.0,31.0,40.0,43.0,39.0,36.0,33.0,32.0,39.0,32.0,26.0,49.0,37.0,43.0,46.0,27.0,34.0,38.0,32.0,40.0,35.0
45.0,30.0,18.0,34.0,37.0,38.0,34.0,44.0,43.0,29.0,33.0,37.0,37.0,43.0,31.0,29.0,38.0,37.0,36.0,22.0,42.0,34.0,24.0,38.0,38.0,33.0,37.0,37.0,26.0,28.0,41.0,36.0,33.0,31.0,28.0,32.0,37.0,31.0,40.0,38.0,28.0,53.0,38.0,43.0,38.0,38.0,32.0,43.0,39.0,27.0
29.0,31.0,23.0,27.0,37.0,31.0,26.0,33.0,22.0,33.0,35.0,31.0,25.0,33.0,22.0,31.0,36.0,28.0,43.0,36.0,22.0,31.0,33.0,18.0,35.0,29.0,28.0,17.0,40.0,27.0,30.0,31.0,38.0,35.0,21.0,32.0,27.0,27.0,44.0,24.0,24.0,33.0,31.0,25.0,31.0,37.0,23.0,28.0,28.0,30.0
24.0,29.0,21.0,24.0,30.0,30.0,23.0,21.0,21.0,25.0,21.0,23.0,26.0,22.0,21.0,18.0,23.0,25.0,29.0,22.0,22.0,24.0,33.0,21.0,17.0,32.0,16.0,21.0,28.0,27.0,20.0,20.0,26.0,34.0,26.0,22.0,27.0,22.0,24.0,21.0,20.0,20.0,31.0,29.0,22.0,26.0,21.0,19.0,26.0,19.0
34.0,30.0,38.0,34.0,24.0,35.0,23.0,24.0,22.0,34.0,34.0,38.0,31.0,19.0,24.0,30.0,26.0,23.0,24.0,21.0,19.0,27.0,33.0,35.0,31.0,28.0,30.0,27.0,33.0,23.0,23.0,19.0,31.0,17.0,34.0,30.0,27.0,28.0,26.0,24.0,34.0,25.0,34.0,30.0,30.0,31.0,35.0,35.0,23.0,26.0
29.0,35.0,45.0,42.0,30.0,28.0,32.0,48.0,45.0,41.0,37.0,33.0,42.0,29.0,44.0,29.0,43.0,43.0,45.0,31.0,48.0,35.0,38.0,38.0,33.0,40.0,39.0,33.0,35.0,31.0,35.0,38.0,42.0,35.0,34.0,25.0,35.0,36.0,30.0,36.0,46.0,31.0,33.0,45.0,37.0,35.0,36.0,33.0,33.0,39.0
20.0,21.0,37.0,28.0,29.0,31.0,27.0,29.0,42.0,30.0,36.0,28.0,34.0,35.0,39.0,31.0,28.0,35.0,29.0,28.0,30.0,36.0,34.0,37.0,27.0,30.0,23.0,27.0,33.0,29.0,34.0,24.0,30.0,32.0,40.0,36.0,34.0,30.0,26.0,31.0,25.0,27.0,29.0,29.0,28.0,28.0,34.0,32.0,35.0,32.0
25.0,18.0,16.0,21.0,18.0,22.0,17.0,23.0,18.0,18.0,22.0,17.0,18.0,22.0,20.0,24.0,16.0,19.0,20.0,22.0,30.0,25.0,18.0,20.0,26.0,29.0,15.0,30.0,22.0,11.0,28.0,19.0,24.0,24.0,20.0,31.0,29.0,26.0,22.0,27.0,19.0,17.0,19.0,18.0,24.0,20.0,22.0,28.0,15.0,34.0
15.0,16.0,14.0,19.0,12.0,18.0,24.0,31.0,26.0,15.0,22.0,27.0,18.0,22.0,13.0,17.0,18.0,22.0,25.0,21.0,26.0,21.0,17.0,22.0,15.0,20.0,16.0,18.0,20.0,20.0,11.0,20.0,29.0,19.0,24.0,18.0,19.0,17.0,26.0,21.0,21.0,17.0,15.0,21.0,19.0,20.0,11.0,18.0,15.0,19.0
21.0,32.0,30.0,40.0,25.0,24.0,39.0,29.0,31.0,38.0,30.0,31.0,34.0,36.0,28.0,27.0,34.0,32.0,32.0,36.0,24.0,29.0,31.0,32.0,33.0,27.0,36.0,34.0,35.0,31.0,30.0,34.0,42.0,27.0,37.0,22.0,28.0,30.0,22.0,31.0,25.0,33.0,32.0,34.0,32.0,23.0,30.0,31.0,29.0,35.0
