10,50,1000
19.528225,16.779991,16.21567,18.464984,16.64338,15.025525,19.564292,17.516954,16.990472,19.294239
8.591307,8.338788,5.938916,9.66176,9.957438,5.641978,6.797579,8.003473,9.886947,9.042232
0.0,10.0,20.0,30.0,40.0,50.0,60.0,70.0,80.0,90.0
10.0,0.0,10.0,20.0,30.0,40.0,50.0,60.0,70.0,80.0
20.0,10.0,0.0,10.0,20.0,30.0,40.0,50.0,60.0,70.0
30.0,20.0,10.0,0.0,10.0,20.0,30.0,40.0,50.0,60.0
40.0,30.0,20.0,10.0,0.0,10.0,20.0,30.0,40.0,50.0
50.0,40.0,30.0,20.0,10.0,0.0,10.0,20.0,30.0,40.0
60.0,50.0,40.0,30.0,20.0,10.0,0.0,10.0,20.0,30.0
70.0,60.0,50.0,40.0,30.0,20.0,10.0,0.0,10.0,20.0
80.0,70.0,60.0,50.0,40.0,30.0,20.0,10.0,0.0,10.0
90.0,80.0,70.0,60.0,50.0,40.0,30.0,20.0,10.0,0.0
450.0,400.0,350.0,300.0,250.0,250.0,300.0,350.0,400.0,450.0
0.0,1.0,2.0,3.0,4.0,5.0,6.0,7.0,8.0,9.0
1.0,0.0,1.0,2.0,3.0,4.0,5.0,6.0,7.0,8.0
2.0,1.0,0.0,1.0,2.0,3.0,4.0,5.0,6.0,7.0
3.0,2.0,1.0,0.0,1.0,2.0,3.0,4.0,5.0,6.0
4.0,3.0,2.0,1.0,0.0,1.0,2.0,3.0,4.0,5.0
5.0,4.0,3.0,2.0,1.0,0.0,1.0,2.0,3.0,4.0
6.0,5.0,4.0,3.0,2.0,1.0,0.0,1.0,2.0,3.0
7.0,6.0,5.0,4.0,3.0,2.0,1.0,0.0,1.0,2.0
8.0,7.0,6.0,5.0,4.0,3.0,2.0,1.0,0.0,1.0
9.0,8.0,7.0,6.0,5.0,4.0,3.0,2.0,1.0,0.0
45.0,40.0,35.0,30.0,25.0,25.0,30.0,35.0,40.0,45.0
41.0,31.0,35.0,31.0,21.0,34.0,38.0,36.0,34.0,26.0,25.0,27.0,31.0,28.0,31.0,35.0,41.0,29.0,40.0,30.0,39.0,40.0,38.0,32.0,26.0,35.0,41.0,30.0,37.0,33.0,33.0,35.0,35.0,39.0,29.0,40.0,37.0,33.0,35.0,37.0,35.0,34.0,38.0,32.0,25.0,34.0,26.0,22.0,39.0,38.0
28.0,35.0,33.0,32.0,42.0,34.0,37.0,41.0,37.0,38.0,29.0,29.0,32.0,33.0,31.0,33.0,24.0,40.0,29.0,29.0,29.0,39.0,29.0,29.0,39.0,26.0,32.0,32.0,24.0,36.0,36.0,34.0,31.0,38.0,34.0,33.0,37.0,27.0,24.0,37.0,30.0,25.0,33.0,38.0,24.0,33.0,29.0,26.0,31.0,27.0
20.0,20.0,19.0,21.0,23.0,23.0,21.0,31.0,22.0,28.0,35.0,19.0,21.0,27.0,33.0,18.0,20.0,26.0,27.0,27.0,22.0,20.0,25.0,17.0,11.0,20.0,27.0,24.0,23.0,19.0,12.0,13.0,17.0,28.0,23.0,22.0,19.0,36.0,23.0,27.0,22.0,25.0,26.0,22.0,17.0,21.0,32.0,24.0,17.0,27.0
35.0,46.0,37.0,40.0,39.0,34.0,30.0,24.0,48.0,41.0,50.0,45.0,37.0,34.0,33.0,36.0,27.0,49.0,42.0,32.0,36.0,40.0,46.0,31.0,38.0,36.0,45.0,37.0,37.0,25.0,37.0,33.0,27.0,25.0,37.0,31.0,32.0,36.0,35.0,34.0,37.0,33.0,32.0,33.0,31.0,39.0,32.0,36.0,30.0,53.0
45.0,33.0,36.0,40.0,35.0,33.0,35.0,40.0,32.0,39.0,33.0,27.0,43.0,56.0,34.0,32.0,39.0,44.0,40.0,29.0,37.0,33.0,37.0,37.0,38.0,41.0,36.0,35.0,35.0,40.0,22.0,32.0,28.0,42.0,34.0,32.0,42.0,38.0,31.0,30.0,42.0,38.0,25.0,43.0,36.0,33.0,38.0,41.0,44.0,28.0
13.0,25.0,23.0,31.0,19.0,15.0,26.0,14.0,28.0,24.0,24.0,18.0,32.0,14.0,22.0,23.0,21.0,20.0,22.0,37.0,38.0,26.0,28.0,24.0,23.0,23.0,26.0,24.0,23.0,17.0,11.0,23.0,21.0,19.0,21.0,14.0,23.0,25.0,21.0,30.0,32.0,17.0,23.0,15.0,17.0,23.0,24.0,23.0,31.0,18.0
30.0,26.0,23.0,27.0,17.0,38.0,26.0,22.0,32.0,27.0,24.0,27.0,30.0,28.0,27.0,27.0,28.0,22.0,30.0,24.0,26.0,17.0,25.0,33.0,23.0,32.0,30.0,20.0,25.0,24.0,27.0,31.0,24.0,20.0,43.0,22.0,13.0,19.0,31.0,26.0,33.0,19.0,29.0,25.0,24.0,21.0,21.0,26.0,34.0,26.0
33.0,31.0,43.0,35.0,36.0,26.0,39.0,34.0,26.0,38.0,32.0,24.0,28.0,23.0,31.0,22.0,30.0,35.0,36.0,40.0,24.0,26.0,31.0,31.0,36.0,31.0,25.0,30.0,21.0,33.0,27.0,28.0,41.0,22.0,29.0,29.0,33.0,22.0,27.0,23.0,24.0,35.0,30.0,35.0,33.0,33.0,28.0,29.0,25.0,28.0
36.0,33.0,27.0,23.0,36.0,40.0,49.0,47.0,35.0,35.0,34.0,30.0,42.0,40.0,33.0,32.0,32.0,23.0,50.0,39.0,34.0,33.0,39.0,42.0,43.0,37.0,35.0,32.0,34.0,36.0,27.0,35.0,34.0,37.0,41.0,36.0,41.0,38.0,33.0,36.0,44.0,41.0,43.0,32.0,36.0,40.0,41.0,47.0,33.0,30.0
41.0,33.0,28.0,31.0,38.0,41.0,33.0,37.0,31.0,38.0,24.0,41.0,43.0,31.0,32.0,31.0,33.0,43.0,30.0,42.0,34.0,42.0,31.0,41.0,35.0,34.0,29.0,43.0,36.0,35.0,36.0,29.0,39.0,36.0,37.0,32.0,34.0,27.0,35.0,38.0,48.0,40.0,32.0,41.0,33.0,35.0,20.0,41.0,25.0,32.0
