10,50,1000
17.158279,17.206778,18.836073,19.284437,16.53103,19.287591,16.00694,17.259605,17.417706,19.884815
7.134186,5.34879,5.766042,8.46932,7.890624,5.334708,6.442905,9.621185,9.963199,9.785897
0.0,10.0,20.0,30.0,40.0,50.0,60.0,70.0,80.0,90.0
10.0,0.0,10.0,20.0,30.0,40.0,50.0,60.0,70.0,80.0
20.0,10.0,0.0,10.0,20.0,30.0,40.0,50.0,60.0,70.0
30.0,20.0,10.0,0.0,10.0,20.0,30.0,40.0,50.0,60.0
40.0,30.0,20.0,10.0,0.0,10.0,20.0,30.0,40.0,50.0
50.0,40.0,30.0,20.0,10.0,0.0,10.0,20.0,30.0,40.0
60.0,50.0,40.0,30.0,20.0,10.0,0.0,10.0,20.0,30.0
70.0,60.0,50.0,40.0,30.0,20.0,10.0,0.0,10.0,20.0
80.0,70.0,60.0,50.0,40.0,30.0,20.0,10.0,0.0,10.0
90.0,80.0,70.0,60.0,50.0,40.0,30.0,20.0,10.0,0.0
450.0,400.0,350.0,300.0,250.0,250.0,300.0,350.0,400.0,450.0
0.0,1.0,2.0,3.0,4.0,5.0,6.0,7.0,8.0,9.0
1.0,0.0,1.0,2.0,3.0,4.0,5.0,6.0,7.0,8.0
2.0,1.0,0.0,1.0,2.0,3.0,4.0,5.0,6.0,7.0
3.0,2.0,1.0,0.0,1.0,2.0,3.0,4.0,5.0,6.0
4.0,3.0,2.0,1.0,0.0,1.0,2.0,3.0,4.0,5.0
5.0,4.0,3.0,2.0,1.0,0.0,1.0,2.0,3.0,4.0
6.0,5.0,4.0,3.0,2.0,1.0,0.0,1.0,2.0,3.0
7.0,6.0,5.0,4.0,3.0,2.0,1.0,0.0,1.0,2.0
8.0,7.0,6.0,5.0,4.0,3.0,2.0,1.0,0.0,1.0
9.0,8.0,7.0,6.0,5.0,4.0,3.0,2.0,1.0,0.0
45.0,40.0,35.0,30.0,25.0,25.0,30.0,35.0,40.0,45.0
20.0,29.0,32.0,34.0,31.0,29.0,19.0,21.0,21.0,32.0,33.0,14.0,32.0,27.0,25.0,35.0,19.0,32.0,25.0,29.0,18.0,30.0,22.0,17.0,36.0,24.0,24.0,24.0,21.0,25.0,33.0,25.0,29.0,30.0,25.0,23.0,24.0,24.0,28.0,27.0,33.0,39.0,28.0,23.0,28.0,34.0,27.0,37.0,24.0,25.0
31.0,24.0,18.0,19.0,20.0,17.0,9.0,20.0,30.0,21.0,27.0,13.0,24.0,20.0,20.0,21.0,16.0,16.0,26.0,30.0,27.0,23.0,20.0,21.0,25.0,23.0,23.0,23.0,26.0,19.0,23.0,21.0,12.0,22.0,23.0,16.0,20.0,14.0,17.0,15.0,18.0,24.0,18.0,18.0,26.0,17.0,23.0,15.0,29.0,13.0
20.0,32.0,22.0,24.0,24.0,21.0,23.0,36.0,14.0,25.0,26.0,26.0,22.0,31.0,20.0,25.0,22.0,25.0,19.0,28.0,23.0,16.0,32.0,19.0,26.0,25.0,23.0,31.0,25.0,30.0,29.0,28.0,20.0,21.0,14.0,18.0,23.0,24.0,25.0,24.0,24.0,24.0,26.0,25.0,28.0,24.0,25.0,23.0,18.0,21.0
27.0,39.0,27.0,43.0,33.0,34.0,36.0,26.0,29.0,33.0,28.0,37.0,30.0,31.0,23.0,30.0,33.0,30.0,33.0,30.0,27.0,33.0,24.0,30.0,37.0,29.0,28.0,35.0,25.0,33.0,35.0,32.0,39.0,32.0,40.0,28.0,29.0,25.0,29.0,31.0,36.0,27.0,30.0,32.0,37.0,37.0,36.0,26.0,30.0,28.0
30.0,25.0,22.0,26.0,33.0,31.0,35.0,36.0,24.0,26.0,44.0,37.0,32.0,27.0,27.0,26.0,29.0,36.0,34.0,26.0,32.0,25.0,25.0,32.0,37.0,30.0,27.0,25.0,33.0,38.0,35.0,22.0,32.0,29.0,32.0,31.0,34.0,31.0,30.0,39.0,35.0,42.0,25.0,32.0,29.0,36.0,25.0,20.0,36.0,28.0
23.0,27.0,14.0,21.0,14.0,27.0,27.0,17.0,20.0,19.0,16.0,18.0,24.0,23.0,25.0,18.0,19.0,23.0,12.0,18.0,16.0,27.0,24.0,21.0,26.0,23.0,19.0,24.0,36.0,26.0,27.0,13.0,25.0,25.0,18.0,31.0,26.0,20.0,18.0,16.0,21.0,16.0,19.0,25.0,20.0,20.0,27.0,28.0,29.0,22.0
25.0,14.0,27.0,27.0,23.0,24.0,19.0,29.0,20.0,33.0,25.0,23.0,24.0,24.0,24.0,31.0,23.0,22.0,26.0,16.0,27.0,21.0,26.0,32.0,24.0,22.0,21.0,18.0,25.0,24.0,32.0,25.0,26.0,24.0,27.0,22.0,26.0,25.0,20.0,32.0,29.0,27.0,22.0,24.0,31.0,28.0,24.0,39.0,35.0,25.0
34.0,37.0,26.0,37.0,31.0,42.0,33.0,39.0,44.0,29.0,38.0,33.0,36.0,30.0,31.0,31.0,32.0,31.0,42.0,31.0,32.0,40.0,31.0,29.0,30.0,40.0,35.0,29.0,39.0,47.0,39.0,37.0,30.0,40.0,45.0,25.0,28.0,41.0,30.0,28.0,39.0,32.0,37.0,27.0,31.0,35.0,40.0,36.0,21.0,34.0
42.0,41.0,27.0,41.0,28.0,34.0,37.0,42.0,45.0,49.0,34.0,36.0,45.0,38.0,51.0,30.0,33.0,48.0,38.0,39.0,25.0,35.0,38.0,42.0,35.0,31.0,49.0,35.0,41.0,35.0,33.0,36.0,39.0,40.0,36.0,52.0,40.0,24.0,38.0,51.0,40.0,48.0,33.0,28.0,35.0,41.0,30.0,40.0,47.0,36.0
32.0,55.0,35.0,36.0,32.0,47.0,36.0,29.0,50.0,34.0,40.0,38.0,24.0,37.0,28.0,32.0,43.0,29.0,41.0,45.0,44.0,40.0,36.0,33.0,42.0,41.0,32.0,43.0,38.0,27.0,50.0,42.0,34.0,35.0,35.0,47.0,31.0,43.0,30.0,40.0,38.0,39.0,41.0,35.0,39.0,29.0,37.0,40.0,36.0,42.0
