10,50,1000
17.570747,18.364777,17.022353,18.363665,18.394558,19.750482,16.047121,18.716205,15.082714,19.324875
7.096864,7.994516,8.619198,7.194619,8.800291,8.447098,9.942508,6.54902,6.769834,6.976015
0.0,10.0,20.0,30.0,40.0,50.0,60.0,70.0,80.0,90.0
10.0,0.0,10.0,20.0,30.0,40.0,50.0,60.0,70.0,80.0
20.0,10.0,0.0,10.0,20.0,30.0,40.0,50.0,60.0,70.0
30.0,20.0,10.0,0.0,10.0,20.0,30.0,40.0,50.0,60.0
40.0,30.0,20.0,10.0,0.0,10.0,20.0,30.0,40.0,50.0
50.0,40.0,30.0,20.0,10.0,0.0,10.0,20.0,30.0,40.0
60.0,50.0,40.0,30.0,20.0,10.0,0.0,10.0,20.0,30.0
70.0,60.0,50.0,40.0,30.0,20.0,10.0,0.0,10.0,20.0
80.0,70.0,60.0,50.0,40.0,30.0,20.0,10.0,0.0,10.0
90.0,80.0,70.0,60.0,50.0,40.0,30.0,20.0,10.0,0.0
450.0,400.0,350.0,300.0,250.0,250.0,300.0,350.0,400.0,450.0
0.0,1.0,2.0,3.0,4.0,5.0,6.0,7.0,8.0,9.0
1.0,0.0,1.0,2.0,3.0,4.0,5.0,6.0,7.0,8.0
2.0,1.0,0.0,1.0,2.0,3.0,4.0,5.0,6.0,7.0
3.0,2.0,1.0,0.0,1.0,2.0,3.0,4.0,5.0,6.0
4.0,3.0,2.0,1.0,0.0,1.0,2.0,3.0,4.0,5.0
5.0,4.0,3.0,2.0,1.0,0.0,1.0,2.0,3.0,4.0
6.0,5.0,4.0,3.0,2.0,1.0,0.0,1.0,2.0,3.0
7.0,6.0,5.0,4.0,3.0,2.0,1.0,0.0,1.0,2.0
8.0,7.0,6.0,5.0,4.0,3.0,2.0,1.0,0.0,1.0
9.0,8.0,7.0,6.0,5.0,4.0,3.0,2.0,1.0,0.0
45.0,40.0,35.0,30.0,25.0,25.0,30.0,35.0,40.0,45.0
34.0,29.0,20.0,25.0,19.0,25.0,23.0,29.0,21.0,30.0,27.0,27.0,22.0,22.0,21.0,27.0,30.0,26.0,24.0,28.0,37.0,28.0,34.0,29.0,23.0,27.0,21.0,25.0,37.0,26.0,38.0,29.0,26.0,30.0,31.0,38.0,25.0,26.0,12.0,26.0,23.0,19.0,28.0,32.0,24.0,21.0,26.0,27.0,29.0,21.0
31.0,29.0,22.0,38.0,40.0,31.0,32.0,29.0,25.0,32.0,35.0,33.0,50.0,34.0,40.0,29.0,30.0,21.0,28.0,25.0,37.0,35.0,30.0,31.0,27.0,35.0,27.0,32.0,36.0,28.0,23.0,26.0,33.0,36.0,33.0,25.0,28.0,26.0,22.0,30.0,28.0,41.0,24.0,33.0,33.0,32.0,29.0,30.0,35.0,36.0
30.0,40.0,38.0,34.0,30.0,34.0,41.0,34.0,43.0,27.0,34.0,37.0,32.0,25.0,31.0,32.0,42.0,36.0,30.0,26.0,39.0,24.0,25.0,36.0,30.0,33.0,37.0,32.0,22.0,28.0,28.0,38.0,38.0,35.0,35.0,34.0,39.0,25.0,37.0,21.0,26.0,35.0,26.0,38.0,32.0,19.0,31.0,35.0,34.0,26.0
27.0,29.0,17.0,33.0,27.0,23.0,23.0,25.0,27.0,39.0,24.0,22.0,41.0,32.0,36.0,24.0,28.0,25.0,18.0,24.0,31.0,31.0,22.0,20.0,36.0,24.0,29.0,37.0,34.0,34.0,40.0,30.0,27.0,27.0,32.0,27.0,25.0,21.0,36.0,22.0,32.0,42.0,36.0,23.0,29.0,28.0,30.0,25.0,21.0,26.0
31.0,31.0,23.0,29.0,39.0,36.0,43.0,29.0,33.0,43.0,40.0,30.0,40.0,33.0,33.0,29.0,27.0,39.0,41.0,36.0,36.0,40.0,41.0,27.0,39.0,27.0,36.0,34.0,36.0,24.0,28.0,28.0,28.0,35.0,25.0,28.0,32.0,31.0,37.0,36.0,27.0,28.0,31.0,32.0,29.0,23.0,38.0,23.0,23.0,26.0
24.0,32.0,40.0,22.0,41.0,40.0,35.0,32.0,41.0,29.0,38.0,37.0,31.0,27.0,26.0,31.0,29.0,28.0,28.0,30.0,30.0,36.0,37.0,29.0,28.0,32.0,24.0,29.0,25.0,33.0,31.0,31.0,25.0,31.0,31.0,35.0,31.0,35.0,34.0,30.0,32.0,18.0,17.0,30.0,29.0,38.0,28.0,27.0,28.0,24.0
27.0,28.0,27.0,29.0,37.0,41.0,28.0,41.0,34.0,30.0,41.0,36.0,44.0,38.0,38.0,47.0,42.0,38.0,34.0,36.0,31.0,37.0,36.0,34.0,25.0,36.0,28.0,31.0,43.0,31.0,38.0,41.0,39.0,36.0,26.0,42.0,37.0,39.0,39.0,30.0,39.0,37.0,36.0,25.0,26.0,32.0,30.0,42.0,32.0,36.0
30.0,26.0,34.0,27.0,27.0,30.0,26.0,19.0,22.0,22.0,30.0,19.0,22.0,25.0,20.0,23.0,24.0,38.0,19.0,32.0,26.0,23.0,21.0,26.0,26.0,27.0,30.0,24.0,24.0,24.0,26.0,22.0,17.0,22.0,26.0,23.0,28.0,20.0,26.0,24.0,27.0,24.0,22.0,22.0,25.0,35.0,27.0,22.0,22.0,25.0
21.0,34.0,30.0,30.0,24.0,28.0,27.0,19.0,31.0,22.0,20.0,30.0,29.0,30.0,26.0,24.0,25.0,31.0,26.0,29.0,19.0,33.0,19.0,33.0,29.0,17.0,29.0,27.0,29.0,21.0,18.0,29.0,23.0,30.0,28.0,24.0,23.0,31.0,39.0,30.0,21.0,30.0,25.0,14.0,30.0,23.0,30.0,24.0,22.0,32.0
28.0,30.0,32.0,24.0,32.0,26.0,37.0,28.0,25.0,32.0,35.0,30.0,25.0,15.0,29.0,18.0,31.0,26.0,21.0,30.0,35.0,25.0,33.0,30.0,28.0,31.0,28.0,24.0,37.0,17.0,23.0,32.0,29.0,26.0,32.0,31.0,42.0,24.0,32.0,32.0,25.0,21.0,21.0,28.0,32.0,35.0,21.0,24.0,21.0,27.0
