10,50,1000
18.17964,16.38647,19.511546,18.088983,17.856239,19.725777,16.124015,19.004158,17.372659,16.668411
7.026126,7.813314,7.755868,8.339737,9.231787,7.335171,6.347408,8.571107,8.554345,6.3777
0.0,10.0,20.0,30.0,40.0,50.0,60.0,70.0,80.0,90.0
10.0,0.0,10.0,20.0,30.0,40.0,50.0,60.0,70.0,80.0
20.0,10.0,0.0,10.0,20.0,30.0,40.0,50.0,60.0,70.0
30.0,20.0,10.0,0.0,10.0,20.0,30.0,40.0,50.0,60.0
40.0,30.0,20.0,10.0,0.0,10.0,20.0,30.0,40.0,50.0
50.0,40.0,30.0,20.0,10.0,0.0,10.0,20.0,30.0,40.0
60.0,50.0,40.0,30.0,20.0,10.0,0.0,10.0,20.0,30.0
70.0,60.0,50.0,40.0,30.0,20.0,10.0,0.0,10.0,20.0
80.0,70.0,60.0,50.0,40.0,30.0,20.0,10.0,0.0,10.0
90.0,80.0,70.0,60.0,50.0,40.0,30.0,20.0,10.0,0.0
450.0,400.0,350.0,300.0,250.0,250.0,300.0,350.0,400.0,450.0
0.0,1.0,2.0,3.0,4.0,5.0,6.0,7.0,8.0,9.0
1.0,0.0,1.0,2.0,3.0,4.0,5.0,6.0,7.0,8.0
2.0,1.0,0.0,1.0,2.0,3.0,4.0,5.0,6.0,7.0
3.0,2.0,1.0,0.0,1.0,2.0,3.0,4.0,5.0,6.0
4.0,3.0,2.0,1.0,0.0,1.0,2.0,3.0,4.0,5.0
5.0,4.0,3.0,2.0,1.0,0.0,1.0,2.0,3.0,4.0
6.0,5.0,4.0,3.0,2.0,1.0,0.0,1.0,2.0,3.0
7.0,6.0,5.0,4.0,3.0,2.0,1.0,0.0,1.0,2.0
8.0,7.0,6.0,5.0,4.0,3.0,2.0,1.0,0.0,1.0
9.0,8.0,7.0,6.0,5.0,4.0,3.0,2.0,1.0,0.0
45.0,40.0,35.0,30.0,25.0,25.0,30.0,35.0,40.0,45.0
27.0,31.0,39.0,26.0,30.0,28.0,29.0,25.0,22.0,26.0,24.0,34.0,27.0,23.0,28.0,17.0,28.0,28.0,25.0,26.0,26.0,22.0,23.0,25.0,29.0,23.0,29.0,32.0,26.0,31.0,24.0,31.0,28.0,19.0,37.0,25.0,21.0,37.0,26.0,36.0,30.0,26.0,21.0,23.0,24.0,19.0,22.0,31.0,30.0,30.0
20.0,37.0,30.0,25.0,34.0,27.0,33.0,24.0,28.0,24.0,27.0,28.0,36.0,26.0,42.0,23.0,35.0,30.0,34.0,29.0,28.0,25.0,27.0,28.0,25.0,28.0,24.0,40.0,27.0,43.0,28.0,19.0,33.0,18.0,28.0,34.0,22.0,30.0,29.0,28.0,32.0,28.0,28.0,44.0,28.0,33.0,20.0,38.0,31.0,27.0
33.0,32.0,38.0,35.0,36.0,20.0,30.0,33.0,38.0,37.0,28.0,19.0,18.0,30.0,33.0,30.0,24.0,24.0,32.0,30.0,30.0,35.0,35.0,29.0,39.0,26.0,37.0,38.0,36.0,31.0,18.0,40.0,31.0,30.0,39.0,43.0,23.0,21.0,38.0,19.0,27.0,30.0,34.0,34.0,27.0,38.0,27.0,33.0,31.0,27.0
30.0,29.0,24.0,27.0,34.0,28.0,31.0,37.0,34.0,40.0,35.0,34.0,29.0,36.0,37.0,26.0,45.0,34.0,35.0,32.0,21.0,23.0,39.0,29.0,37.0,32.0,37.0,24.0,35.0,37.0,28.0,31.0,29.0,41.0,26.0,40.0,21.0,28.0,36.0,23.0,31.0,53.0,29.0,31.0,30.0,38.0,32.0,24.0,35.0,30.0
31.0,38.0,31.0,32.0,36.0,38.0,33.0,35.0,26.0,34.0,26.0,31.0,35.0,30.0,32.0,28.0,27.0,32.0,31.0,33.0,35.0,29.0,25.0,34.0,31.0,30.0,38.0,34.0,42.0,45.0,28.0,30.0,25.0,25.0,33.0,41.0,38.0,32.0,30.0,32.0,36.0,29.0,30.0,39.0,43.0,43.0,37.0,29.0,36.0,42.0
28.0,38.0,26.0,30.0,40.0,24.0,20.0,24.0,33.0,35.0,33.0,32.0,23.0,21.0,33.0,36.0,30.0,29.0,22.0,36.0,24.0,32.0,29.0,35.0,22.0,33.0,28.0,22.0,39.0,25.0,38.0,32.0,21.0,26.0,32.0,34.0,30.0,28.0,25.0,39.0,32.0,39.0,32.0,32.0,17.0,26.0,18.0,26.0,29.0,28.0
31.0,27.0,23.0,40.0,23.0,34.0,17.0,17.0,36.0,21.0,23.0,22.0,23.0,21.0,24.0,23.0,32.0,30.0,30.0,28.0,22.0,19.0,24.0,24.0,22.0,24.0,18.0,21.0,25.0,20.0,31.0,28.0,23.0,23.0,35.0,21.0,20.0,20.0,22.0,24.0,24.0,22.0,28.0,29.0,24.0,31.0,31.0,23.0,35.0,24.0
33.0,39.0,36.0,34.0,24.0,43.0,37.0,30.0,41.0,35.0,30.0,34.0,36.0,43.0,42.0,33.0,26.0,34.0,32.0,42.0,28.0,29.0,30.0,27.0,34.0,31.0,38.0,23.0,37.0,35.0,28.0,31.0,30.0,26.0,31.0,32.0,29.0,29.0,34.0,23.0,40.0,33.0,30.0,30.0,40.0,36.0,30.0,39.0,38.0,38.0
31.0,36.0,45.0,27.0,40.0,35.0,25.0,34.0,16.0,24.0,27.0,43.0,35.0,26.0,27.0,31.0,25.0,32.0,37.0,38.0,33.0,32.0,25.0,32.0,42.0,32.0,37.0,25.0,41.0,34.0,34.0,33.0,36.0,42.0,24.0,33.0,25.0,34.0,32.0,28.0,31.0,31.0,20.0,32.0,36.0,32.0,27.0,34.0,27.0,30.0
24.0,21.0,29.0,21.0,21.0,26.0,27.0,31.0,23.0,27.0,29.0,30.0,25.0,16.0,22.0,24.0,24.0,28.0,21.0,30.0,29.0,30.0,28.0,26.0,22.0,27.0,27.0,23.0,25.0,17.0,35.0,18.0,27.0,24.0,26.0,22.0,34.0,20.0,26.0,23.0,25.0,26.0,27.0,21.0,16.0,23.0,25.0,19.0,30.0,17.0
