10,50,1000
17.61387,19.346303,16.22598,17.563994,15.245529,17.723454,18.240672,15.092745,18.736658,15.909515
9.84398,7.276449,8.66346,9.956613,7.022939,8.489676,5.827296,6.672044,7.948719,8.654713
0.0,10.0,20.0,30.0,40.0,50.0,60.0,70.0,80.0,90.0
10.0,0.0,10.0,20.0,30.0,40.0,50.0,60.0,70.0,80.0
20.0,10.0,0.0,10.0,20.0,30.0,40.0,50.0,60.0,70.0
30.0,20.0,10.0,0.0,10.0,20.0,30.0,40.0,50.0,60.0
40.0,30.0,20.0,10.0,0.0,10.0,20.0,30.0,40.0,50.0
50.0,40.0,30.0,20.0,10.0,0.0,10.0,20.0,30.0,40.0
60.0,50.0,40.0,30.0,20.0,10.0,0.0,10.0,20.0,30.0
70.0,60.0,50.0,40.0,30.0,20.0,10.0,0.0,10.0,20.0
80.0,70.0,60.0,50.0,40.0,30.0,20.0,10.0,0.0,10.0
90.0,80.0,70.0,60.0,50.0,40.0,30.0,20.0,10.0,0.0
450.0,400.0,350.0,300.0,250.0,250.0,300.0,350.0,400.0,450.0
0.0,1.0,2.0,3.0,4.0,5.0,6.0,7.0,8.0,9.0
1.0,0.0,1.0,2.0,3.0,4.0,5.0,6.0,7.0,8.0
2.0,1.0,0.0,1.0,2.0,3.0,4.0,5.0,6.0,7.0
3.0,2.0,1.0,0.0,1.0,2.0,3.0,4.0,5.0,6.0
4.0,3.0,2.0,1.0,0.0,1.0,2.0,3.0,4.0,5.0
5.0,4.0,3.0,2.0,1.0,0.0,1.0,2.0,3.0,4.0
6.0,5.0,4.0,3.0,2.0,1.0,0.0,1.0,2.0,3.0
7.0,6.0,5.0,4.0,3.0,2.0,1.0,0.0,1.0,2.0
8.0,7.0,6.0,5.0,4.0,3.0,2.0,1.0,0.0,1.0
9.0,8.0,7.0,6.0,5.0,4.0,3.0,2.0,1.0,0.0
45.0,40.0,35.0,30.0,25.0,25.0,30.0,35.0,40.0,45.0
35.0,23.0,32.0,38.0,36.0,36.0,20.0,44.0,41.0,40.0,28.0,34.0,42.0,37.0,38.0,41.0,36.0,26.0,45.0,32.0,33.0,38.0,33.0,41.0,38.0,37.0,42.0,27.0,35.0,26.0,36.0,38.0,33.0,51.0,28.0,30.0,43.0,39.0,36.0,22.0,36.0,37.0,39.0,28.0,39.0,34.0,41.0,33.0,38.0,40.0
31.0,25.0,39.0,25.0,26.0,26.0,26.0,34.0,26.0,35.0,22.0,35.0,33.0,21.0,25.0,32.0,20.0,20.0,22.0,26.0,26.0,26.0,32.0,39.0,32.0,20.0,26.0,39.0,37.0,27.0,36.0,32.0,28.0,24.0,45.0,26.0,34.0,35.0,24.0,24.0,24.0,26.0,28.0,25.0,27.0,36.0,31.0,36.0,35.0,27.0
30.0,37.0,29.0,39.0,25.0,37.0,33.0,32.0,28.0,26.0,20.0,29.0,36.0,31.0,29.0,33.0,35.0,39.0,29.0,25.0,31.0,18.0,36.0,25.0,31.0,36.0,27.0,28.0,35.0,41.0,46.0,30.0,38.0,32.0,30.0,30.0,20.0,31.0,38.0,34.0,27.0,30.0,34.0,39.0,25.0,29.0,35.0,27.0,31.0,28.0
29.0,31.0,37.0,35.0,35.0,39.0,30.0,45.0,44.0,39.0,40.0,36.0,38.0,37.0,36.0,32.0,38.0,32.0,36.0,34.0,45.0,35.0,39.0,35.0,44.0,26.0,39.0,38.0,33.0,48.0,44.0,44.0,42.0,36.0,35.0,46.0,38.0,34.0,33.0,47.0,36.0,35.0,42.0,35.0,39.0,41.0,40.0,28.0,50.0,37.0
23.0,35.0,30.0,28.0,19.0,27.0,30.0,22.0,29.0,23.0,21.0,31.0,30.0,25.0,27.0,19.0,28.0,32.0,19.0,18.0,23.0,29.0,21.0,36.0,22.0,35.0,25.0,34.0,23.0,36.0,22.0,36.0,20.0,20.0,32.0,26.0,29.0,23.0,31.0,28.0,24.0,30.0,23.0,19.0,23.0,30.0,29.0,23.0,36.0,35.0
33.0,38.0,35.0,35.0,28.0,31.0,33.0,35.0,31.0,33.0,31.0,34.0,22.0,42.0,44.0,30.0,34.0,31.0,35.0,39.0,31.0,26.0,33.0,41.0,30.0,29.0,26.0,31.0,35.0,27.0,37.0,35.0,33.0,30.0,28.0,40.0,27.0,24.0,46.0,32.0,39.0,29.0,27.0,35.0,38.0,32.0,35.0,37.0,30.0,30.0
18.0,27.0,22.0,21.0,25.0,26.0,35.0,28.0,20.0,30.0,23.0,27.0,21.0,27.0,15.0,28.0,29.0,15.0,22.0,27.0,28.0,28.0,31.0,20.0,26.0,30.0,30.0,22.0,26.0,26.0,16.0,14.0,26.0,26.0,19.0,18.0,20.0,37.0,26.0,27.0,27.0,30.0,29.0,22.0,26.0,20.0,32.0,28.0,20.0,25.0
24.0,31.0,34.0,23.0,28.0,25.0,19.0,28.0,26.0,25.0,27.0,26.0,35.0,30.0,25.0,28.0,24.0,27.0,30.0,19.0,29.0,27.0,34.0,32.0,26.0,25.0,27.0,29.0,22.0,22.0,22.0,19.0,35.0,27.0,33.0,19.0,29.0,20.0,26.0,17.0,28.0,28.0,27.0,23.0,33.0,21.0,15.0,22.0,34.0,28.0
36.0,32.0,29.0,25.0,35.0,33.0,26.0,25.0,36.0,34.0,22.0,26.0,29.0,28.0,35.0,35.0,34.0,21.0,28.0,39.0,29.0,31.0,27.0,28.0,26.0,28.0,43.0,31.0,27.0,26.0,34.0,23.0,37.0,32.0,30.0,30.0,34.0,27.0,33.0,39.0,38.0,20.0,28.0,26.0,41.0,28.0,24.0,31.0,25.0,28.0
31.0,42.0,35.0,23.0,27.0,39.0,30.0,39.0,30.0,40.0,33.0,33.0,34.0,49.0,30.0,34.0,34.0,39.0,27.0,45.0,33.0,44.0,35.0,28.0,40.0,35.0,26.0,36.0,28.0,31.0,26.0,42.0,28.0,36.0,42.0,30.0,40.0,41.0,36.0,27.0,24.0,20.0,47.0,34.0,30.0,42.0,34.0,35.0,30.0,33.0
