10,50,1000
19.692434,19.747965,19.116288,19.653425,18.714148,15.064269,15.594372,17.812552,19.137386,16.543742
9.728058,7.385221,7.637411,6.706996,7.179174,8.207657,7.064947,7.144662,9.864858,9.84347
0.0,10.0,20.0,30.0,40.0,50.0,60.0,70.0,80.0,90.0
10.0,0.0,10.0,20.0,30.0,40.0,50.0,60.0,70.0,80.0
20.0,10.0,0.0,10.0,20.0,30.0,40.0,50.0,60.0,70.0
30.0,20.0,10.0,0.0,10.0,20.0,30.0,40.0,50.0,60.0
40.0,30.0,20.0,10.0,0.0,10.0,20.0,30.0,40.0,50.0
50.0,40.0,30.0,20.0,10.0,0.0,10.0,20.0,30.0,40.0
60.0,50.0,40.0,30.0,20.0,10.0,0.0,10.0,20.0,30.0
70.0,60.0,50.0,40.0,30.0,20.0,10.0,0.0,10.0,20.0
80.0,70.0,60.0,50.0,40.0,30.0,20.0,10.0,0.0,10.0
90.0,80.0,70.0,60.0,50.0,40.0,30.0,20.0,10.0,0.0
450.0,400.0,350.0,300.0,250.0,250.0,300.0,350.0,400.0,450.0
0.0,1.0,2.0,3.0,4.0,5.0,6.0,7.0,8.0,9.0
1.0,0.0,1.0,2.0,3.0,4.0,5.0,6.0,7.0,8.0
2.0,1.0,0.0,1.0,2.0,3.0,4.0,5.0,6.0,7.0
3.0,2.0,1.0,0.0,1.0,2.0,3.0,4.0,5.0,6.0
4.0,3.0,2.0,1.0,0.0,1.0,2.0,3.0,4.0,5.0
5.0,4.0,3.0,2.0,1.0,0.0,1.0,2.0,3.0,4.0
6.0,5.0,4.0,3.0,2.0,1.0,0.0,1.0,2.0,3.0
7.0,6.0,5.0,4.0,3.0,2.0,1.0,0.0,1.0,2.0
8.0,7.0,6.0,5.0,4.0,3.0,2.0,1.0,0.0,1.0
9.0,8.0,7.0,6.0,5.0,4.0,3.0,2.0,1.0,0.0
45.0,40.0,35.0,30.0,25.0,25.0,30.0,35.0,40.0,45.0
33.0,37.0,33.0,28.0,34.0,31.0,44.0,34.0,46.0,27.0,42.0,25.0,31.0,35.0,34.0,44.0,49.0,29.0,39.0,42.0,37.0,37.0,37.0,39.0,34.0,36.0,38.0,28.0,39.0,26.0,31.0,45.0,42.0,33.0,33.0,32.0,40.0,37.0,32.0,34.0,42.0,34.0,26.0,49.0,29.0,40.0,37.0,37.0,25.0,32.0
19.0,27.0,32.0,26.0,32.0,26.0,25.0,26.0,27.0,26.0,37.0,32.0,26.0,28.0,30.0,35.0,27.0,30.0,27.0,35.0,33.0,33.0,30.0,36.0,39.0,23.0,32.0,34.0,18.0,20.0,19.0,36.0,20.0,24.0,31.0,27.0,24.0,27.0,32.0,21.0,26.0,31.0,23.0,34.0,26.0,32.0,22.0,27.0,34.0,27.0
43.0,31.0,32.0,29.0,31.0,32.0,33.0,21.0,36.0,29.0,29.0,27.0,23.0,21.0,25.0,36.0,22.0,22.0,30.0,32.0,30.0,35.0,30.0,34.0,26.0,38.0,28.0,32.0,32.0,34.0,31.0,20.0,30.0,34.0,21.0,35.0,21.0,25.0,42.0,32.0,31.0,34.0,27.0,32.0,23.0,22.0,34.0,24.0,29.0,30.0
26.0,38.0,29.0,30.0,33.0,24.0,21.0,30.0,14.0,20.0,32.0,23.0,26.0,27.0,25.0,30.0,27.0,20.0,28.0,33.0,25.0,33.0,20.0,23.0,25.0,22.0,28.0,30.0,34.0,24.0,27.0,24.0,30.0,34.0,27.0,20.0,20.0,20.0,24.0,26.0,24.0,35.0,32.0,26.0,20.0,29.0,31.0,27.0,31.0,34.0
26.0,34.0,27.0,22.0,29.0,40.0,29.0,27.0,26.0,25.0,32.0,29.0,26.0,29.0,22.0,31.0,33.0,23.0,26.0,31.0,20.0,20.0,32.0,48.0,31.0,20.0,33.0,34.0,25.0,29.0,25.0,23.0,22.0,22.0,25.0,25.0,27.0,21.0,34.0,27.0,23.0,20.0,28.0,30.0,26.0,30.0,25.0,26.0,31.0,29.0
22.0,18.0,27.0,34.0,25.0,33.0,34.0,29.0,33.0,36.0,32.0,28.0,32.0,29.0,28.0,18.0,32.0,33.0,28.0,28.0,33.0,23.0,26.0,31.0,22.0,33.0,41.0,29.0,29.0,36.0,27.0,38.0,29.0,33.0,29.0,30.0,25.0,34.0,33.0,21.0,24.0,30.0,22.0,38.0,36.0,44.0,36.0,28.0,33.0,30.0
33.0,35.0,27.0,28.0,27.0,31.0,29.0,26.0,28.0,27.0,33.0,19.0,27.0,18.0,23.0,25.0,25.0,34.0,29.0,32.0,28.0,30.0,25.0,31.0,23.0,35.0,16.0,25.0,23.0,25.0,26.0,27.0,37.0,27.0,18.0,27.0,33.0,27.0,34.0,30.0,31.0,24.0,17.0,23.0,32.0,24.0,24.0,18.0,27.0,21.0
34.0,43.0,21.0,29.0,30.0,19.0,25.0,25.0,27.0,27.0,38.0,33.0,24.0,24.0,30.0,29.0,20.0,33.0,28.0,26.0,28.0,36.0,25.0,22.0,35.0,24.0,20.0,28.0,25.0,25.0,37.0,27.0,25.0,25.0,28.0,24.0,26.0,24.0,31.0,29.0,33.0,25.0,37.0,34.0,21.0,22.0,20.0,30.0,28.0,37.0
32.0,38.0,50.0,42.0,30.0,32.0,30.0,35.0,39.0,39.0,28.0,29.0,35.0,36.0,38.0,28.0,31.0,37.0,29.0,40.0,40.0,41.0,37.0,31.0,32.0,44.0,43.0,60.0,42.0,39.0,39.0,43.0,42.0,54.0,23.0,37.0,24.0,29.0,32.0,36.0,36.0,34.0,47.0,30.0,36.0,41.0,46.0,27.0,31.0,46.0
39.0,37.0,37.0,55.0,31.0,42.0,37.0,34.0,40.0,29.0,36.0,31.0,28.0,39.0,42.0,49.0,41.0,45.0,38.0,46.0,36.0,38.0,35.0,31.0,39.0,36.0,34.0,41.0,36.0,36.0,25.0,46.0,33.0,50.0,30.0,39.0,34.0,25.0,39.0,39.0,33.0,32.0,24.0,38.0,22.0,27.0,49.0,26.0,29.0,33.0
