10,50,1000
15.977762,18.305552,15.847804,19.500035,15.137411,17.355062,16.847491,15.568422,15.854241,18.453216
6.060102,9.141482,5.193217,8.853156,5.298064,6.179473,7.901262,7.756572,8.941685,6.848524
0.0,10.0,20.0,30.0,40.0,50.0,60.0,70.0,80.0,90.0
10.0,0.0,10.0,20.0,30.0,40.0,50.0,60.0,70.0,80.0
20.0,10.0,0.0,10.0,20.0,30.0,40.0,50.0,60.0,70.0
30.0,20.0,10.0,0.0,10.0,20.0,30.0,40.0,50.0,60.0
40.0,30.0,20.0,10.0,0.0,10.0,20.0,30.0,40.0,50.0
50.0,40.0,30.0,20.0,10.0,0.0,10.0,20.0,30.0,40.0
60.0,50.0,40.0,30.0,20.0,10.0,0.0,10.0,20.0,30.0
70.0,60.0,50.0,40.0,30.0,20.0,10.0,0.0,10.0,20.0
80.0,70.0,60.0,50.0,40.0,30.0,20.0,10.0,0.0,10.0
90.0,80.0,70.0,60.0,50.0,40.0,30.0,20.0,10.0,0.0
450.0,400.0,350.0,300.0,250.0,250.0,300.0,350.0,400.0,450.0
0.0,1.0,2.0,3.0,4.0,5.0,6.0,7.0,8.0,9.0
1.0,0.0,1.0,2.0,3.0,4.0,5.0,6.0,7.0,8.0
2.0,1.0,0.0,1.0,2.0,3.0,4.0,5.0,6.0,7.0
3.0,2.0,1.0,0.0,1.0,2.0,3.0,4.0,5.0,6.0
4.0,3.0,2.0,1.0,0.0,1.0,2.0,3.0,4.0,5.0
5.0,4.0,3.0,2.0,1.0,0.0,1.0,2.0,3.0,4.0
6.0,5.0,4.0,3.0,2.0,1.0,0.0,1.0,2.0,3.0
7.0,6.0,5.0,4.0,3.0,2.0,1.0,0.0,1.0,2.0
8.0,7.0,6.0,5.0,4.0,3.0,2.0,1.0,0.0,1.0
9.0,8.0,7.0,6.0,5.0,4.0,3.0,2.0,1.0,0.0
45.0,40.0,35.0,30.0,25.0,25.0,30.0,35.0,40.0,45.0
28.0,19.0,28.0,28.0,35.0,19.0,22.0,22.0,24.0,22.0,19.0,24.0,22.0,27.0,22.0,27.0,33.0,25.0,17.0,26.0,14.0,28.0,25.0,26.0,21.0,17.0,22.0,25.0,28.0,23.0,24.0,28.0,23.0,22.0,25.0,20.0,22.0,26.0,21.0,30.0,20.0,26.0,29.0,22.0,30.0,22.0,21.0,29.0,19.0,16.0
30.0,39.0,40.0,30.0,26.0,40.0,39.0,39.0,30.0,35.0,29.0,25.0,52.0,22.0,28.0,30.0,16.0,28.0,30.0,36.0,34.0,41.0,23.0,23.0,31.0,35.0,30.0,36.0,30.0,31.0,35.0,29.0,21.0,47.0,36.0,31.0,28.0,43.0,31.0,45.0,42.0,30.0,41.0,38.0,23.0,41.0,38.0,33.0,35.0,33.0
21.0,21.0,16.0,16.0,23.0,29.0,20.0,26.0,24.0,23.0,17.0,19.0,24.0,24.0,21.0,18.0,21.0,23.0,23.0,20.0,18.0,21.0,23.0,28.0,19.0,23.0,17.0,18.0,23.0,30.0,14.0,16.0,18.0,14.0,22.0,13.0,14.0,27.0,25.0,20.0,13.0,28.0,21.0,9.0,19.0,19.0,24.0,21.0,12.0,20.0
26.0,36.0,36.0,36.0,42.0,31.0,29.0,41.0,22.0,29.0,25.0,30.0,37.0,33.0,45.0,29.0,30.0,36.0,31.0,30.0,33.0,36.0,45.0,39.0,28.0,30.0,34.0,36.0,29.0,32.0,29.0,38.0,41.0,39.0,41.0,44.0,32.0,34.0,37.0,31.0,36.0,31.0,34.0,35.0,26.0,37.0,34.0,30.0,44.0,37.0
13.0,25.0,23.0,23.0,28.0,18.0,17.0,21.0,29.0,17.0,20.0,24.0,15.0,22.0,23.0,26.0,30.0,22.0,21.0,23.0,21.0,13.0,17.0,20.0,20.0,20.0,28.0,22.0,17.0,22.0,27.0,25.0,19.0,20.0,25.0,21.0,13.0,24.0,20.0,27.0,24.0,22.0,32.0,14.0,24.0,16.0,18.0,16.0,14.0,26.0
25.0,30.0,30.0,20.0,19.0,23.0,24.0,28.0,29.0,26.0,25.0,17.0,32.0,24.0,31.0,33.0,20.0,18.0,29.0,21.0,20.0,33.0,23.0,20.0,17.0,19.0,17.0,27.0,25.0,26.0,32.0,20.0,27.0,22.0,33.0,19.0,19.0,24.0,19.0,17.0,17.0,16.0,22.0,27.0,21.0,20.0,32.0,24.0,20.0,37.0
29.0,22.0,37.0,23.0,19.0,25.0,27.0,35.0,21.0,27.0,29.0,24.0,28.0,34.0,28.0,28.0,25.0,35.0,31.0,28.0,32.0,27.0,26.0,14.0,26.0,27.0,27.0,30.0,26.0,27.0,39.0,33.0,25.0,44.0,34.0,33.0,23.0,26.0,34.0,32.0,35.0,35.0,37.0,24.0,26.0,34.0,28.0,28.0,41.0,34.0
26.0,37.0,36.0,27.0,25.0,22.0,43.0,36.0,33.0,19.0,30.0,30.0,36.0,24.0,23.0,16.0,25.0,33.0,34.0,37.0,32.0,21.0,25.0,26.0,30.0,27.0,23.0,25.0,37.0,40.0,29.0,23.0,29.0,26.0,33.0,30.0,24.0,35.0,24.0,32.0,33.0,26.0,15.0,35.0,36.0,27.0,39.0,30.0,36.0,17.0
31.0,32.0,37.0,29.0,36.0,33.0,34.0,36.0,21.0,41.0,33.0,27.0,30.0,31.0,29.0,32.0,27.0,30.0,29.0,32.0,33.0,31.0,23.0,35.0,30.0,32.0,36.0,38.0,39.0,37.0,30.0,25.0,30.0,30.0,31.0,22.0,37.0,47.0,43.0,33.0,44.0,32.0,46.0,22.0,27.0,32.0,27.0,32.0,43.0,36.0
24.0,39.0,25.0,24.0,31.0,19.0,21.0,26.0,17.0,19.0,26.0,25.0,29.0,17.0,36.0,35.0,29.0,18.0,28.0,28.0,25.0,30.0,21.0,31.0,30.0,24.0,22.0,26.0,20.0,38.0,28.0,18.0,19.0,26.0,21.0,19.0,27.0,30.0,24.0,20.0,18.0,32.0,25.0,32.0,30.0,29.0,33.0,28.0,23.0,22.0
