10,50,1000
17.597975,17.494543,18.533318,15.261964,18.211678,16.918111,17.80656,15.879904,18.331956,17.79522
8.542214,6.401585,8.740555,8.763797,8.28196,5.886704,9.768088,5.263942,5.323083,7.86451
0.0,10.0,20.0,30.0,40.0,50.0,60.0,70.0,80.0,90.0
10.0,0.0,10.0,20.0,30.0,40.0,50.0,60.0,70.0,80.0
20.0,10.0,0.0,10.0,20.0,30.0,40.0,50.0,60.0,70.0
30.0,20.0,10.0,0.0,10.0,20.0,30.0,40.0,50.0,60.0
40.0,30.0,20.0,10.0,0.0,10.0,20.0,30.0,40.0,50.0
50.0,40.0,30.0,20.0,10.0,0.0,10.0,20.0,30.0,40.0
60.0,50.0,40.0,30.0,20.0,10.0,0.0,10.0,20.0,30.0
70.0,60.0,50.0,40.0,30.0,20.0,10.0,0.0,10.0,20.0
80.0,70.0,60.0,50.0,40.0,30.0,20.0,10.0,0.0,10.0
90.0,80.0,70.0,60.0,50.0,40.0,30.0,20.0,10.0,0.0
450.0,400.0,350.0,300.0,250.0,250.0,300.0,350.0,400.0,450.0
0.0,1.0,2.0,3.0,4.0,5.0,6.0,7.0,8.0,9.0
1.0,0.0,1.0,2.0,3.0,4.0,5.0,6.0,7.0,8.0
2.0,1.0,0.0,1.0,2.0,3.0,4.0,5.0,6.0,7.0
3.0,2.0,1.0,0.0,1.0,2.0,3.0,4.0,5.0,6.0
4.0,3.0,2.0,1.0,0.0,1.0,2.0,3.0,4.0,5.0
5.0,4.0,3.0,2.0,1.0,0.0,1.0,2.0,3.0,4.0
6.0,5.0,4.0,3.0,2.0,1.0,0.0,1.0,2.0,3.0
7.0,6.0,5.0,4.0,3.0,2.0,1.0,0.0,1.0,2.0
8.0,7.0,6.0,5.0,4.0,3.0,2.0,1.0,0.0,1.0
9.0,8.0,7.0,6.0,5.0,4.0,3.0,2.0,1.0,0.0
45.0,40.0,35.0,30.0,25.0,25.0,30.0,35.0,40.0,45.0
22.0,36.0,28.0,38.0,35.0,25.0,29.0,33.0,31.0,27.0,40.0,35.0,40.0,25.0,40.0,34.0,39.0,30.0,37.0,35.0,46.0,34.0,41.0,25.0,34.0,30.0,38.0,26.0,25.0,24.0,34.0,33.0,36.0,30.0,33.0,37.0,35.0,28.0,30.0,35.0,28.0,34.0,29.0,36.0,31.0,18.0,35.0,31.0,29.0,37.0
40.0,27.0,29.0,28.0,22.0,24.0,36.0,31.0,23.0,21.0,30.0,19.0,14.0,27.0,32.0,26.0,29.0,29.0,24.0,19.0,34.0,25.0,27.0,38.0,23.0,23.0,22.0,31.0,32.0,23.0,32.0,30.0,23.0,21.0,17.0,29.0,23.0,24.0,31.0,21.0,17.0,33.0,22.0,26.0,32.0,19.0,23.0,20.0,27.0,26.0
34.0,40.0,37.0,29.0,31.0,30.0,34.0,33.0,40.0,37.0,36.0,28.0,28.0,44.0,27.0,31.0,32.0,30.0,31.0,29.0,37.0,33.0,29.0,36.0,33.0,27.0,32.0,41.0,38.0,26.0,39.0,39.0,27.0,36.0,25.0,38.0,30.0,42.0,32.0,28.0,35.0,26.0,25.0,36.0,32.0,29.0,44.0,30.0,24.0,32.0
19.0,37.0,34.0,25.0,28.0,32.0,19.0,28.0,31.0,34.0,23.0,32.0,28.0,32.0,31.0,38.0,33.0,36.0,27.0,27.0,29.0,40.0,36.0,29.0,26.0,40.0,40.0,38.0,27.0,25.0,37.0,34.0,31.0,30.0,42.0,38.0,40.0,39.0,39.0,38.0,34.0,33.0,28.0,25.0,24.0,28.0,25.0,31.0,27.0,40.0
30.0,26.0,31.0,33.0,21.0,26.0,23.0,31.0,26.0,32.0,27.0,26.0,29.0,37.0,25.0,33.0,41.0,26.0,37.0,38.0,32.0,22.0,42.0,26.0,29.0,18.0,25.0,32.0,30.0,27.0,34.0,35.0,32.0,34.0,36.0,25.0,32.0,32.0,23.0,31.0,30.0,36.0,28.0,32.0,34.0,37.0,31.0,30.0,34.0,40.0
24.0,19.0,23.0,27.0,16.0,29.0,19.0,25.0,21.0,25.0,19.0,23.0,19.0,28.0,24.0,23.0,25.0,30.0,26.0,23.0,23.0,22.0,38.0,15.0,19.0,20.0,24.0,28.0,20.0,22.0,19.0,17.0,19.0,25.0,28.0,20.0,24.0,17.0,25.0,22.0,26.0,21.0,37.0,24.0,33.0,17.0,21.0,23.0,17.0,22.0
37.0,36.0,27.0,35.0,43.0,34.0,34.0,39.0,33.0,31.0,20.0,51.0,45.0,47.0,42.0,30.0,24.0,32.0,29.0,39.0,37.0,28.0,32.0,37.0,30.0,32.0,41.0,41.0,41.0,31.0,40.0,32.0,36.0,26.0,40.0,30.0,36.0,44.0,38.0,31.0,45.0,41.0,37.0,33.0,46.0,41.0,38.0,35.0,31.0,31.0
20.0,23.0,17.0,18.0,26.0,27.0,21.0,23.0,23.0,26.0,23.0,27.0,19.0,17.0,22.0,20.0,25.0,21.0,18.0,18.0,14.0,19.0,20.0,16.0,33.0,17.0,20.0,37.0,20.0,18.0,15.0,16.0,21.0,17.0,20.0,24.0,24.0,13.0,29.0,21.0,13.0,30.0,21.0,23.0,25.0,27.0,28.0,23.0,14.0,17.0
23.0,19.0,22.0,18.0,30.0,22.0,22.0,23.0,32.0,29.0,28.0,29.0,19.0,20.0,23.0,26.0,26.0,24.0,16.0,27.0,14.0,24.0,18.0,24.0,30.0,30.0,22.0,15.0,25.0,18.0,23.0,23.0,24.0,20.0,23.0,14.0,20.0,28.0,20.0,27.0,19.0,16.0,25.0,19.0,24.0,14.0,31.0,23.0,13.0,12.0
37.0,26.0,32.0,16.0,18.0,27.0,26.0,34.0,31.0,30.0,29.0,34.0,26.0,26.0,36.0,27.0,47.0,36.0,27.0,29.0,30.0,33.0,26.0,23.0,21.0,23.0,28.0,22.0,19.0,29.0,28.0,33.0,30.0,28.0,41.0,37.0,34.0,25.0,29.0,32.0,24.0,33.0,24.0,30.0,38.0,35.0,32.0,33.0,24.0,28.0
