10,50,1000
18.060318,16.458662,16.262087,15.92169,15.930045,18.384482,18.678533,15.763053,15.861705,19.20817
8.682265,5.950538,7.410951,8.480285,8.840761,5.031,8.402556,9.783453,6.48858,8.172778
0.0,10.0,20.0,30.0,40.0,50.0,60.0,70.0,80.0,90.0
10.0,0.0,10.0,20.0,30.0,40.0,50.0,60.0,70.0,80.0
20.0,10.0,0.0,10.0,20.0,30.0,40.0,50.0,60.0,70.0
30.0,20.0,10.0,0.0,10.0,20.0,30.0,40.0,50.0,60.0
40.0,30.0,20.0,10.0,0.0,10.0,20.0,30.0,40.0,50.0
50.0,40.0,30.0,20.0,10.0,0.0,10.0,20.0,30.0,40.0
60.0,50.0,40.0,30.0,20.0,10.0,0.0,10.0,20.0,30.0
70.0,60.0,50.0,40.0,30.0,20.0,10.0,0.0,10.0,20.0
80.0,70.0,60.0,50.0,40.0,30.0,20.0,10.0,0.0,10.0
90.0,80.0,70.0,60.0,50.0,40.0,30.0,20.0,10.0,0.0
450.0,400.0,350.0,300.0,250.0,250.0,300.0,350.0,400.0,450.0
0.0,1.0,2.0,3.0,4.0,5.0,6.0,7.0,8.0,9.0
1.0,0.0,1.0,2.0,3.0,4.0,5.0,6.0,7.0,8.0
2.0,1.0,0.0,1.0,2.0,3.0,4.0,5.0,6.0,7.0
3.0,2.0,1.0,0.0,1.0,2.0,3.0,4.0,5.0,6.0
4.0,3.0,2.0,1.0,0.0,1.0,2.0,3.0,4.0,5.0
5.0,4.0,3.0,2.0,1.0,0.0,1.0,2.0,3.0,4.0
6.0,5.0,4.0,3.0,2.0,1.0,0.0,1.0,2.0,3.0
7.0,6.0,5.0,4.0,3.0,2.0,1.0,0.0,1.0,2.0
8.0,7.0,6.0,5.0,4.0,3.0,2.0,1.0,0.0,1.0
9.0,8.0,7.0,6.0,5.0,4.0,3.0,2.0,1.0,0.0
45.0,40.0,35.0,30.0,25.0,25.0,30.0,35.0,40.0,45.0
34.0,31.0,43.0,40.0,30.0,41.0,39.0,40.0,34.0,27.0,30.0,32.0,38.0,29.0,35.0,28.0,35.0,38.0,22.0,23.0,31.0,31.0,39.0,39.0,35.0,33.0,31.0,28.0,33.0,35.0,37.0,22.0,38.0,33.0,26.0,29.0,30.0,34.0,33.0,31.0,26.0,30.0,27.0,31.0,33.0,34.0,43.0,40.0,42.0,31.0
23.0,32.0,20.0,19.0,26.0,23.0,32.0,25.0,36.0,26.0,25.0,27.0,22.0,27.0,20.0,24.0,25.0,24.0,29.0,22.0,29.0,15.0,26.0,23.0,32.0,25.0,29.0,29.0,34.0,20.0,30.0,15.0,24.0,31.0,29.0,30.0,24.0,31.0,19.0,21.0,16.0,31.0,18.0,27.0,19.0,20.0,26.0,35.0,16.0,22.0
31.0,19.0,41.0,28.0,29.0,23.0,21.0,32.0,25.0,25.0,20.0,30.0,30.0,31.0,27.0,25.0,20.0,22.0,30.0,29.0,33.0,23.0,32.0,26.0,35.0,20.0,41.0,33.0,18.0,36.0,20.0,26.0,35.0,34.0,23.0,27.0,26.0,28.0,28.0,26.0,24.0,34.0,32.0,23.0,29.0,22.0,27.0,31.0,33.0,26.0
27.0,32.0,32.0,35.0,26.0,26.0,30.0,26.0,30.0,35.0,28.0,43.0,32.0,34.0,25.0,36.0,34.0,26.0,32.0,33.0,33.0,32.0,31.0,41.0,29.0,33.0,33.0,20.0,31.0,31.0,37.0,38.0,32.0,32.0,43.0,32.0,45.0,31.0,29.0,27.0,35.0,33.0,29.0,26.0,37.0,23.0,28.0,18.0,38.0,31.0
39.0,22.0,41.0,24.0,26.0,36.0,24.0,30.0,23.0,31.0,31.0,41.0,26.0,40.0,32.0,34.0,24.0,29.0,35.0,32.0,41.0,30.0,28.0,32.0,30.0,29.0,23.0,42.0,28.0,29.0,29.0,28.0,30.0,46.0,29.0,34.0,23.0,39.0,30.0,32.0,35.0,40.0,34.0,34.0,26.0,30.0,39.0,40.0,30.0,29.0
21.0,14.0,27.0,17.0,12.0,17.0,29.0,17.0,24.0,20.0,16.0,20.0,18.0,15.0,30.0,19.0,12.0,14.0,16.0,22.0,31.0,26.0,30.0,19.0,17.0,17.0,25.0,24.0,15.0,16.0,28.0,25.0,21.0,16.0,16.0,23.0,20.0,20.0,24.0,25.0,31.0,26.0,16.0,13.0,23.0,18.0,29.0,23.0,18.0,24.0
28.0,21.0,38.0,27.0,26.0,23.0,31.0,30.0,31.0,32.0,34.0,27.0,20.0,26.0,32.0,32.0,24.0,40.0,27.0,27.0,34.0,46.0,41.0,32.0,34.0,43.0,38.0,30.0,37.0,32.0,29.0,35.0,30.0,32.0,26.0,39.0,38.0,40.0,32.0,29.0,43.0,37.0,28.0,33.0,30.0,30.0,33.0,35.0,33.0,36.0
52.0,32.0,23.0,28.0,33.0,29.0,24.0,30.0,38.0,27.0,43.0,39.0,32.0,42.0,32.0,37.0,39.0,39.0,41.0,25.0,43.0,37.0,42.0,36.0,29.0,33.0,37.0,37.0,39.0,32.0,31.0,36.0,36.0,27.0,37.0,42.0,43.0,32.0,48.0,27.0,32.0,29.0,45.0,32.0,26.0,32.0,36.0,34.0,28.0,33.0
18.0,22.0,22.0,25.0,23.0,22.0,21.0,21.0,26.0,20.0,30.0,22.0,24.0,25.0,21.0,23.0,26.0,27.0,26.0,37.0,26.0,26.0,28.0,19.0,29.0,28.0,26.0,23.0,24.0,23.0,33.0,18.0,23.0,25.0,29.0,24.0,18.0,25.0,30.0,21.0,29.0,39.0,19.0,29.0,38.0,20.0,27.0,19.0,23.0,19.0
30.0,40.0,22.0,29.0,32.0,37.0,20.0,20.0,26.0,43.0,30.0,36.0,24.0,35.0,27.0,35.0,31.0,37.0,26.0,35.0,27.0,33.0,34.0,24.0,33.0,31.0,31.0,26.0,29.0,34.0,27.0,51.0,37.0,31.0,30.0,32.0,33.0,26.0,24.0,25.0,30.0,22.0,33.0,36.0,41.0,28.0,31.0,28.0,25.0,27.0
