10,50,1000
18.78801,16.696733,15.733891,19.258836,18.04072,19.919822,19.23371,17.875472,16.747775,15.39434
8.271019,9.929023,5.760461,9.914092,8.05562,9.926899,8.807313,6.775895,9.92944,8.483271
0.0,10.0,20.0,30.0,40.0,50.0,60.0,70.0,80.0,90.0
10.0,0.0,10.0,20.0,30.0,40.0,50.0,60.0,70.0,80.0
20.0,10.0,0.0,10.0,20.0,30.0,40.0,50.0,60.0,70.0
30.0,20.0,10.0,0.0,10.0,20.0,30.0,40.0,50.0,60.0
40.0,30.0,20.0,10.0,0.0,10.0,20.0,30.0,40.0,50.0
50.0,40.0,30.0,20.0,10.0,0.0,10.0,20.0,30.0,40.0
60.0,50.0,40.0,30.0,20.0,10.0,0.0,10.0,20.0,30.0
70.0,60.0,50.0,40.0,30.0,20.0,10.0,0.0,10.0,20.0
80.0,70.0,60.0,50.0,40.0,30.0,20.0,10.0,0.0,10.0
90.0,80.0,70.0,60.0,50.0,40.0,30.0,20.0,10.0,0.0
450.0,400.0,350.0,300.0,250.0,250.0,300.0,350.0,400.0,450.0
0.0,1.0,2.0,3.0,4.0,5.0,6.0,7.0,8.0,9.0
1.0,0.0,1.0,2.0,3.0,4.0,5.0,6.0,7.0,8.0
2.0,1.0,0.0,1.0,2.0,3.0,4.0,5.0,6.0,7.0
3.0,2.0,1.0,0.0,1.0,2.0,3.0,4.0,5.0,6.0
4.0,3.0,2.0,1.0,0.0,1.0,2.0,3.0,4.0,5.0
5.0,4.0,3.0,2.0,1.0,0.0,1.0,2.0,3.0,4.0
6.0,5.0,4.0,3.0,2.0,1.0,0.0,1.0,2.0,3.0
7.0,6.0,5.0,4.0,3.0,2.0,1.0,0.0,1.0,2.0
8.0,7.0,6.0,5.0,4.0,3.0,2.0,1.0,0.0,1.0
9.0,8.0,7.0,6.0,5.0,4.0,3.0,2.0,1.0,0.0
45.0,40.0,35.0,30.0,25.0,25.0,30.0,35.0,40.0,45.0
31.0,41.0,38.0,30.0,33.0,41.0,27.0,30.0,42.0,39.0,33.0,37.0,32.0,33.0,40.0,22.0,27.0,36.0,39.0,26.0,40.0,26.0,26.0,25.0,29.0,30.0,27.0,37.0,40.0,29.0,25.0,32.0,24.0,26.0,36.0,24.0,25.0,35.0,23.0,36.0,34.0,32.0,29.0,37.0,32.0,25.0,29.0,36.0,25.0,32.0
32.0,48.0,42.0,41.0,35.0,35.0,31.0,31.0,54.0,24.0,38.0,39.0,29.0,52.0,36.0,44.0,30.0,41.0,39.0,31.0,34.0,41.0,34.0,40.0,46.0,24.0,38.0,45.0,35.0,37.0,35.0,38.0,34.0,39.0,35.0,33.0,32.0,38.0,37.0,38.0,35.0,37.0,40.0,38.0,37.0,34.0,46.0,37.0,38.0,36.0
27.0,23.0,19.0,27.0,33.0,27.0,29.0,22.0,24.0,26.0,16.0,35.0,26.0,12.0,16.0,25.0,23.0,22.0,25.0,23.0,20.0,28.0,26.0,21.0,19.0,22.0,25.0,24.0,19.0,16.0,15.0,22.0,26.0,24.0,17.0,23.0,36.0,24.0,33.0,19.0,36.0,28.0,24.0,16.0,18.0,30.0,25.0,22.0,20.0,26.0
43.0,42.0,47.0,36.0,40.0,37.0,34.0,42.0,32.0,38.0,38.0,35.0,39.0,36.0,32.0,34.0,35.0,48.0,27.0,45.0,28.0,47.0,40.0,39.0,33.0,31.0,37.0,39.0,39.0,36.0,41.0,51.0,32.0,37.0,36.0,32.0,38.0,31.0,34.0,38.0,36.0,41.0,36.0,33.0,35.0,28.0,41.0,37.0,35.0,33.0
32.0,19.0,25.0,22.0,20.0,27.0,30.0,34.0,35.0,33.0,31.0,34.0,27.0,40.0,36.0,27.0,31.0,25.0,32.0,30.0,26.0,29.0,23.0,21.0,35.0,28.0,33.0,32.0,38.0,29.0,23.0,37.0,40.0,28.0,38.0,30.0,28.0,26.0,18.0,22.0,31.0,33.0,32.0,26.0,30.0,27.0,31.0,31.0,24.0,27.0
39.0,49.0,43.0,41.0,45.0,27.0,42.0,32.0,39.0,42.0,33.0,47.0,32.0,52.0,23.0,36.0,40.0,43.0,34.0,46.0,48.0,31.0,34.0,30.0,46.0,36.0,31.0,46.0,41.0,46.0,35.0,34.0,35.0,37.0,39.0,35.0,43.0,33.0,31.0,40.0,42.0,45.0,45.0,48.0,52.0,31.0,49.0,30.0,45.0,48.0
30.0,42.0,34.0,30.0,24.0,35.0,40.0,37.0,33.0,29.0,23.0,39.0,29.0,28.0,30.0,34.0,34.0,34.0,32.0,27.0,28.0,27.0,41.0,25.0,41.0,26.0,50.0,34.0,36.0,40.0,29.0,29.0,34.0,32.0,41.0,33.0,28.0,37.0,39.0,35.0,35.0,30.0,20.0,23.0,39.0,34.0,30.0,33.0,29.0,37.0
24.0,25.0,25.0,35.0,33.0,30.0,21.0,29.0,19.0,31.0,27.0,24.0,30.0,19.0,25.0,28.0,21.0,29.0,30.0,28.0,23.0,21.0,27.0,24.0,27.0,29.0,24.0,31.0,21.0,26.0,23.0,26.0,26.0,36.0,28.0,29.0,23.0,28.0,31.0,34.0,27.0,34.0,27.0,37.0,26.0,24.0,26.0,30.0,30.0,27.0
31.0,47.0,34.0,37.0,36.0,30.0,36.0,37.0,29.0,31.0,44.0,50.0,33.0,41.0,29.0,42.0,33.0,36.0,48.0,31.0,38.0,40.0,29.0,33.0,37.0,44.0,32.0,29.0,44.0,37.0,35.0,35.0,32.0,30.0,31.0,43.0,42.0,36.0,35.0,40.0,34.0,31.0,32.0,38.0,33.0,31.0,45.0,41.0,38.0,55.0
24.0,27.0,21.0,31.0,41.0,32.0,26.0,35.0,28.0,31.0,28.0,31.0,35.0,35.0,27.0,32.0,23.0,25.0,36.0,29.0,43.0,32.0,32.0,41.0,29.0,22.0,21.0,26.0,31.0,26.0,35.0,27.0,32.0,41.0,34.0,34.0,24.0,35.0,19.0,33.0,30.0,34.0,31.0,22.0,34.0,21.0,25.0,29.0,30.0,25.0
