10,50,1000
16.404923,15.055521,15.269004,18.63546,17.923515,15.771389,18.517311,17.187781,16.799378,17.485397
9.00331,5.29376,6.000683,7.945815,7.108241,8.979453,5.328722,6.345853,7.867802,6.179165
0.0,10.0,20.0,30.0,40.0,50.0,60.0,70.0,80.0,90.0
10.0,0.0,10.0,20.0,30.0,40.0,50.0,60.0,70.0,80.0
20.0,10.0,0.0,10.0,20.0,30.0,40.0,50.0,60.0,70.0
30.0,20.0,10.0,0.0,10.0,20.0,30.0,40.0,50.0,60.0
40.0,30.0,20.0,10.0,0.0,10.0,20.0,30.0,40.0,50.0
50.0,40.0,30.0,20.0,10.0,0.0,10.0,20.0,30.0,40.0
60.0,50.0,40.0,30.0,20.0,10.0,0.0,10.0,20.0,30.0
70.0,60.0,50.0,40.0,30.0,20.0,10.0,0.0,10.0,20.0
80.0,70.0,60.0,50.0,40.0,30.0,20.0,10.0,0.0,10.0
90.0,80.0,70.0,60.0,50.0,40.0,30.0,20.0,10.0,0.0
450.0,400.0,350.0,300.0,250.0,250.0,300.0,350.0,400.0,450.0
0.0,1.0,2.0,3.0,4.0,5.0,6.0,7.0,8.0,9.0
1.0,0.0,1.0,2.0,3.0,4.0,5.0,6.0,7.0,8.0
2.0,1.0,0.0,1.0,2.0,3.0,4.0,5.0,6.0,7.0
3.0,2.0,1.0,0.0,1.0,2.0,3.0,4.0,5.0,6.0
4.0,3.0,2.0,1.0,0.0,1.0,2.0,3.0,4.0,5.0
5.0,4.0,3.0,2.0,1.0,0.0,1.0,2.0,3.0,4.0
6.0,5.0,4.0,3.0,2.0,1.0,0.0,1.0,2.0,3.0
7.0,6.0,5.0,4.0,3.0,2.0,1.0,0.0,1.0,2.0
8.0,7.0,6.0,5.0,4.0,3.0,2.0,1.0,0.0,1.0
9.0,8.0,7.0,6.0,5.0,4.0,3.0,2.0,1.0,0.0
45.0,40.0,35.0,30.0,25.0,25.0,30.0,35.0,40.0,45.0
24.0,37.0,30.0,35.0,30.0,38.0,41.0,31.0,35.0,33.0,30.0,32.0,28.0,37.0,35.0,43.0,38.0,42.0,21.0,33.0,35.0,31.0,31.0,18.0,39.0,49.0,39.0,26.0,35.0,35.0,33.0,39.0,29.0,21.0,30.0,34.0,40.0,36.0,35.0,34.0,28.0,35.0,38.0,28.0,32.0,35.0,25.0,49.0,36.0,41.0
21.0,20.0,16.0,23.0,21.0,15.0,27.0,18.0,29.0,19.0,22.0,15.0,19.0,28.0,16.0,20.0,24.0,22.0,22.0,21.0,20.0,24.0,12.0,19.0,21.0,26.0,24.0,12.0,19.0,20.0,21.0,16.0,26.0,26.0,25.0,22.0,18.0,16.0,21.0,25.0,23.0,11.0,15.0,31.0,28.0,28.0,19.0,25.0,23.0,17.0
20.0,31.0,19.0,22.0,20.0,26.0,22.0,29.0,23.0,22.0,24.0,21.0,11.0,21.0,27.0,34.0,20.0,27.0,23.0,27.0,15.0,17.0,30.0,23.0,27.0,27.0,25.0,22.0,18.0,19.0,17.0,24.0,29.0,27.0,21.0,21.0,25.0,30.0,34.0,28.0,18.0,30.0,26.0,18.0,13.0,30.0,20.0,24.0,20.0,24.0
34.0,33.0,40.0,37.0,32.0,30.0,32.0,28.0,28.0,41.0,37.0,25.0,27.0,32.0,29.0,29.0,35.0,30.0,31.0,29.0,34.0,30.0,41.0,28.0,28.0,32.0,26.0,19.0,22.0,29.0,29.0,34.0,24.0,26.0,26.0,26.0,28.0,33.0,29.0,32.0,35.0,33.0,28.0,27.0,36.0,38.0,33.0,25.0,35.0,27.0
24.0,47.0,32.0,31.0,31.0,32.0,23.0,27.0,31.0,23.0,31.0,33.0,22.0,29.0,26.0,33.0,19.0,38.0,25.0,29.0,32.0,23.0,22.0,30.0,26.0,28.0,23.0,28.0,30.0,27.0,23.0,31.0,27.0,32.0,31.0,29.0,21.0,23.0,29.0,29.0,36.0,24.0,39.0,26.0,26.0,35.0,30.0,24.0,36.0,28.0
26.0,23.0,36.0,32.0,27.0,28.0,23.0,37.0,29.0,38.0,29.0,30.0,34.0,40.0,28.0,33.0,36.0,39.0,37.0,33.0,30.0,32.0,30.0,31.0,35.0,39.0,28.0,30.0,34.0,32.0,33.0,31.0,38.0,27.0,38.0,32.0,38.0,27.0,29.0,21.0,31.0,37.0,34.0,34.0,38.0,25.0,31.0,30.0,26.0,27.0
28.0,25.0,23.0,18.0,16.0,24.0,18.0,18.0,19.0,23.0,14.0,32.0,23.0,22.0,29.0,22.0,20.0,26.0,17.0,18.0,28.0,30.0,29.0,23.0,25.0,14.0,23.0,23.0,28.0,15.0,24.0,26.0,23.0,18.0,24.0,18.0,24.0,26.0,22.0,22.0,18.0,23.0,18.0,18.0,19.0,16.0,22.0,27.0,19.0,23.0
26.0,20.0,25.0,33.0,23.0,18.0,39.0,25.0,29.0,24.0,27.0,32.0,29.0,11.0,24.0,29.0,26.0,19.0,28.0,31.0,24.0,24.0,19.0,29.0,27.0,25.0,23.0,25.0,20.0,23.0,31.0,26.0,14.0,18.0,21.0,33.0,18.0,21.0,20.0,18.0,20.0,30.0,33.0,22.0,21.0,23.0,25.0,33.0,27.0,31.0
27.0,19.0,29.0,24.0,20.0,30.0,31.0,36.0,18.0,25.0,24.0,32.0,32.0,31.0,26.0,31.0,36.0,30.0,32.0,35.0,21.0,31.0,23.0,27.0,36.0,32.0,32.0,22.0,37.0,32.0,24.0,29.0,31.0,32.0,32.0,31.0,26.0,36.0,29.0,14.0,23.0,20.0,31.0,29.0,37.0,26.0,19.0,31.0,30.0,25.0
31.0,27.0,28.0,19.0,29.0,22.0,26.0,24.0,20.0,23.0,16.0,22.0,29.0,21.0,29.0,25.0,22.0,18.0,28.0,26.0,18.0,25.0,33.0,21.0,21.0,25.0,29.0,22.0,21.0,27.0,28.0,27.0,22.0,28.0,21.0,18.0,24.0,26.0,28.0,23.0,26.0,31.0,32.0,33.0,32.0,16.0,31.0,22.0,28.0,18.0
