10,50,1000
17.571066,19.753197,19.216711,18.732374,16.512209,19.419775,17.760155,15.550147,16.249532,18.163293
9.840867,8.670524,6.738542,5.440914,9.379587,5.704083,9.613136,9.980572,6.857392,9.10458
0.0,10.0,20.0,30.0,40.0,50.0,60.0,70.0,80.0,90.0
10.0,0.0,10.0,20.0,30.0,40.0,50.0,60.0,70.0,80.0
20.0,10.0,0.0,10.0,20.0,30.0,40.0,50.0,60.0,70.0
30.0,20.0,10.0,0.0,10.0,20.0,30.0,40.0,50.0,60.0
40.0,30.0,20.0,10.0,0.0,10.0,20.0,30.0,40.0,50.0
50.0,40.0,30.0,20.0,10.0,0.0,10.0,20.0,30.0,40.0
60.0,50.0,40.0,30.0,20.0,10.0,0.0,10.0,20.0,30.0
70.0,60.0,50.0,40.0,30.0,20.0,10.0,0.0,10.0,20.0
80.0,70.0,60.0,50.0,40.0,30.0,20.0,10.0,0.0,10.0
90.0,80.0,70.0,60.0,50.0,40.0,30.0,20.0,10.0,0.0
450.0,400.0,350.0,300.0,250.0,250.0,300.0,350.0,400.0,450.0
0.0,1.0,2.0,3.0,4.0,5.0,6.0,7.0,8.0,9.0
1.0,0.0,1.0,2.0,3.0,4.0,5.0,6.0,7.0,8.0
2.0,1.0,0.0,1.0,2.0,3.0,4.0,5.0,6.0,7.0
3.0,2.0,1.0,0.0,1.0,2.0,3.0,4.0,5.0,6.0
4.0,3.0,2.0,1.0,0.0,1.0,2.0,3.0,4.0,5.0
5.0,4.0,3.0,2.0,1.0,0.0,1.0,2.0,3.0,4.0
6.0,5.0,4.0,3.0,2.0,1.0,0.0,1.0,2.0,3.0
7.0,6.0,5.0,4.0,3.0,2.0,1.0,0.0,1.0,2.0
8.0,7.0,6.0,5.0,4.0,3.0,2.0,1.0,0.0,1.0
9.0,8.0,7.0,6.0,5.0,4.0,3.0,2.0,1.0,0.0
45.0,40.0,35.0,30.0,25.0,25.0,30.0,35.0,40.0,45.0
34.0,30.0,22.0,34.0,34.0,44.0,40.0,43.0,41.0,33.0,24.0,41.0,37.0,40.0,28.0,38.0,34.0,32.0,36.0,24.0,37.0,37.0,39.0,30.0,33.0,35.0,32.0,42.0,36.0,30.0,42.0,32.0,35.0,24.0,48.0,23.0,43.0,40.0,34.0,37.0,40.0,37.0,36.0,39.0,42.0,34.0,35.0,29.0,38.0,32.0
30.0,27.0,42.0,47.0,35.0,41.0,32.0,26.0,37.0,38.0,32.0,39.0,39.0,32.0,36.0,43.0,26.0,31.0,45.0,29.0,42.0,37.0,30.0,36.0,25.0,29.0,34.0,39.0,40.0,29.0,43.0,37.0,39.0,29.0,24.0,35.0,31.0,34.0,40.0,32.0,35.0,37.0,40.0,36.0,36.0,36.0,36.0,31.0,33.0,27.0
33.0,34.0,25.0,21.0,23.0,35.0,25.0,29.0,32.0,35.0,23.0,31.0,19.0,28.0,22.0,33.0,37.0,22.0,33.0,25.0,35.0,30.0,39.0,31.0,26.0,34.0,30.0,24.0,29.0,22.0,26.0,34.0,26.0,22.0,23.0,28.0,34.0,28.0,26.0,18.0,20.0,13.0,24.0,28.0,33.0,25.0,24.0,15.0,26.0,26.0
34.0,24.0,21.0,15.0,28.0,28.0,22.0,23.0,17.0,25.0,23.0,22.0,30.0,23.0,20.0,22.0,20.0,30.0,27.0,22.0,18.0,21.0,24.0,23.0,28.0,25.0,26.0,19.0,30.0,21.0,26.0,23.0,28.0,26.0,35.0,17.0,18.0,25.0,18.0,19.0,20.0,31.0,19.0,16.0,21.0,25.0,33.0,17.0,21.0,25.0
29.0,21.0,44.0,39.0,31.0,28.0,32.0,31.0,39.0,24.0,45.0,46.0,27.0,24.0,31.0,43.0,30.0,41.0,40.0,29.0,34.0,37.0,35.0,30.0,35.0,53.0,27.0,39.0,30.0,32.0,26.0,34.0,28.0,32.0,28.0,27.0,33.0,30.0,35.0,42.0,32.0,44.0,32.0,38.0,40.0,38.0,38.0,30.0,37.0,37.0
21.0,22.0,21.0,19.0,23.0,21.0,28.0,26.0,27.0,29.0,19.0,26.0,28.0,26.0,28.0,23.0,26.0,24.0,21.0,25.0,30.0,27.0,30.0,14.0,28.0,34.0,27.0,27.0,23.0,19.0,17.0,33.0,26.0,27.0,22.0,28.0,26.0,32.0,25.0,16.0,26.0,26.0,16.0,20.0,31.0,24.0,17.0,17.0,25.0,23.0
36.0,36.0,26.0,40.0,23.0,35.0,45.0,31.0,40.0,35.0,45.0,25.0,39.0,39.0,31.0,44.0,46.0,40.0,26.0,50.0,38.0,39.0,41.0,31.0,37.0,48.0,34.0,39.0,42.0,33.0,38.0,34.0,44.0,34.0,35.0,37.0,33.0,36.0,33.0,27.0,30.0,24.0,34.0,32.0,31.0,28.0,34.0,38.0,31.0,38.0
30.0,35.0,38.0,35.0,25.0,34.0,28.0,38.0,36.0,22.0,35.0,37.0,37.0,34.0,34.0,40.0,31.0,33.0,31.0,43.0,35.0,31.0,43.0,30.0,41.0,32.0,35.0,37.0,40.0,31.0,38.0,41.0,32.0,32.0,27.0,32.0,40.0,44.0,29.0,51.0,29.0,24.0,36.0,31.0,44.0,43.0,36.0,21.0,33.0,37.0
27.0,19.0,31.0,29.0,17.0,28.0,32.0,32.0,17.0,24.0,29.0,23.0,33.0,26.0,23.0,26.0,23.0,17.0,23.0,23.0,33.0,32.0,31.0,21.0,34.0,27.0,22.0,24.0,34.0,30.0,17.0,30.0,26.0,28.0,32.0,27.0,17.0,29.0,28.0,23.0,29.0,23.0,23.0,22.0,20.0,27.0,25.0,22.0,22.0,23.0
30.0,36.0,31.0,38.0,36.0,28.0,41.0,38.0,36.0,32.0,42.0,32.0,28.0,29.0,33.0,40.0,37.0,25.0,34.0,30.0,42.0,27.0,37.0,42.0,33.0,40.0,36.0,40.0,36.0,43.0,29.0,32.0,43.0,30.0,40.0,35.0,30.0,41.0,36.0,30.0,29.0,35.0,23.0,39.0,50.0,46.0,32.0,37.0,36.0,38.0
