10,50,1000
15.465102,15.239061,18.120003,19.183071,17.565122,18.641891,16.826847,19.607277,15.036838,19.837477
6.702604,8.703972,5.281181,9.123718,8.844682,5.904095,7.74128,7.992981,5.074081,9.736001
0.0,10.0,20.0,30.0,40.0,50.0,60.0,70.0,80.0,90.0
10.0,0.0,10.0,20.0,30.0,40.0,50.0,60.0,70.0,80.0
20.0,10.0,0.0,10.0,20.0,30.0,40.0,50.0,60.0,70.0
30.0,20.0,10.0,0.0,10.0,20.0,30.0,40.0,50.0,60.0
40.0,30.0,20.0,10.0,0.0,10.0,20.0,30.0,40.0,50.0
50.0,40.0,30.0,20.0,10.0,0.0,10.0,20.0,30.0,40.0
60.0,50.0,40.0,30.0,20.0,10.0,0.0,10.0,20.0,30.0
70.0,60.0,50.0,40.0,30.0,20.0,10.0,0.0,10.0,20.0
80.0,70.0,60.0,50.0,40.0,30.0,20.0,10.0,0.0,10.0
90.0,80.0,70.0,60.0,50.0,40.0,30.0,20.0,10.0,0.0
450.0,400.0,350.0,300.0,250.0,250.0,300.0,350.0,400.0,450.0
0.0,1.0,2.0,3.0,4.0,5.0,6.0,7.0,8.0,9.0
1.0,0.0,1.0,2.0,3.0,4.0,5.0,6.0,7.0,8.0
2.0,1.0,0.0,1.0,2.0,3.0,4.0,5.0,6.0,7.0
3.0,2.0,1.0,0.0,1.0,2.0,3.0,4.0,5.0,6.0
4.0,3.0,2.0,1.0,0.0,1.0,2.0,3.0,4.0,5.0
5.0,4.0,3.0,2.0,1.0,0.0,1.0,2.0,3.0,4.0
6.0,5.0,4.0,3.0,2.0,1.0,0.0,1.0,2.0,3.0
7.0,6.0,5.0,4.0,3.0,2.0,1.0,0.0,1.0,2.0
8.0,7.0,6.0,5.0,4.0,3.0,2.0,1.0,0.0,1.0
9.0,8.0,7.0,6.0,5.0,4.0,3.0,2.0,1.0,0.0
45.0,40.0,35.0,30.0,25.0,25.0,30.0,35.0,40.0,45.0
45.0,33.0,28.0,28.0,16.0,27.0,33.0,25.0,29.0,29.0,24.0,28.0,25.0,34.0,27.0,24.0,21.0,27.0,44.0,17.0,34.0,25.0,19.0,21.0,29.0,30.0,28.0,27.0,26.0,29.0,40.0,21.0,23.0,25.0,23.0,37.0,35.0,21.0,37.0,23.0,21.0,30.0,34.0,28.0,23.0,21.0,32.0,21.0,25.0,30.0
30.0,26.0,22.0,22.0,35.0,30.0,32.0,31.0,29.0,26.0,28.0,36.0,30.0,22.0,28.0,41.0,34.0,19.0,41.0,26.0,23.0,36.0,27.0,45.0,35.0,23.0,29.0,34.0,25.0,35.0,38.0,26.0,34.0,36.0,32.0,32.0,21.0,26.0,37.0,38.0,35.0,39.0,35.0,34.0,39.0,30.0,47.0,30.0,34.0,21.0
23.0,18.0,23.0,26.0,20.0,32.0,19.0,22.0,27.0,22.0,24.0,23.0,12.0,24.0,23.0,11.0,17.0,18.0,23.0,15.0,19.0,18.0,15.0,19.0,14.0,22.0,16.0,28.0,20.0,31.0,16.0,25.0,22.0,19.0,20.0,20.0,25.0,17.0,17.0,27.0,22.0,21.0,22.0,22.0,19.0,28.0,23.0,12.0,23.0,12.0
39.0,40.0,32.0,43.0,43.0,21.0,27.0,35.0,28.0,32.0,42.0,32.0,27.0,34.0,28.0,21.0,39.0,36.0,28.0,23.0,31.0,37.0,39.0,26.0,39.0,33.0,29.0,33.0,29.0,34.0,33.0,37.0,31.0,33.0,29.0,39.0,33.0,33.0,35.0,33.0,28.0,32.0,25.0,33.0,30.0,43.0,33.0,23.0,32.0,31.0
38.0,27.0,40.0,34.0,35.0,28.0,36.0,29.0,31.0,33.0,44.0,29.0,29.0,32.0,40.0,41.0,32.0,32.0,30.0,35.0,32.0,18.0,28.0,32.0,35.0,28.0,41.0,45.0,30.0,40.0,23.0,30.0,35.0,34.0,31.0,38.0,37.0,41.0,35.0,35.0,46.0,33.0,29.0,28.0,29.0,39.0,39.0,37.0,32.0,32.0
27.0,17.0,28.0,23.0,24.0,28.0,24.0,17.0,18.0,23.0,24.0,17.0,24.0,34.0,31.0,13.0,24.0,26.0,17.0,28.0,25.0,18.0,26.0,23.0,17.0,24.0,15.0,27.0,14.0,18.0,21.0,26.0,21.0,24.0,22.0,22.0,28.0,21.0,28.0,30.0,39.0,21.0,36.0,23.0,20.0,17.0,18.0,28.0,22.0,31.0
23.0,26.0,25.0,27.0,37.0,25.0,31.0,32.0,26.0,22.0,32.0,28.0,27.0,33.0,28.0,24.0,28.0,33.0,30.0,31.0,21.0,22.0,33.0,27.0,37.0,34.0,38.0,22.0,21.0,31.0,39.0,23.0,21.0,29.0,35.0,36.0,24.0,25.0,33.0,29.0,28.0,28.0,23.0,30.0,21.0,39.0,27.0,31.0,32.0,28.0
26.0,38.0,39.0,22.0,36.0,24.0,37.0,34.0,21.0,31.0,29.0,30.0,30.0,24.0,27.0,30.0,23.0,31.0,29.0,34.0,41.0,30.0,36.0,37.0,22.0,41.0,29.0,40.0,28.0,29.0,28.0,32.0,27.0,27.0,21.0,31.0,32.0,30.0,35.0,30.0,23.0,35.0,25.0,19.0,19.0,36.0,30.0,29.0,35.0,34.0
17.0,16.0,17.0,22.0,15.0,20.0,17.0,18.0,28.0,21.0,27.0,20.0,18.0,20.0,21.0,20.0,19.0,14.0,16.0,18.0,17.0,17.0,18.0,15.0,28.0,23.0,24.0,24.0,23.0,13.0,21.0,19.0,17.0,20.0,26.0,17.0,15.0,23.0,25.0,22.0,15.0,20.0,25.0,16.0,22.0,20.0,18.0,19.0,18.0,18.0
37.0,42.0,37.0,36.0,45.0,32.0,33.0,50.0,38.0,44.0,44.0,35.0,43.0,38.0,33.0,45.0,33.0,33.0,42.0,28.0,41.0,35.0,39.0,39.0,48.0,41.0,42.0,41.0,28.0,32.0,45.0,31.0,43.0,37.0,35.0,36.0,29.0,26.0,38.0,34.0,43.0,41.0,39.0,45.0,41.0,41.0,23.0,33.0,39.0,53.0
