10,50,1000
17.445544,17.939465,16.49487,18.624292,15.496739,16.418437,16.368572,17.443279,15.186644,16.213264
6.223142,9.518369,9.571684,5.109672,7.306496,6.898927,7.854123,8.060712,9.406634,8.654194
0.0,10.0,20.0,30.0,40.0,50.0,60.0,70.0,80.0,90.0
10.0,0.0,10.0,20.0,30.0,40.0,50.0,60.0,70.0,80.0
20.0,10.0,0.0,10.0,20.0,30.0,40.0,50.0,60.0,70.0
30.0,20.0,10.0,0.0,10.0,20.0,30.0,40.0,50.0,60.0
40.0,30.0,20.0,10.0,0.0,10.0,20.0,30.0,40.0,50.0
50.0,40.0,30.0,20.0,10.0,0.0,10.0,20.0,30.0,40.0
60.0,50.0,40.0,30.0,20.0,10.0,0.0,10.0,20.0,30.0
70.0,60.0,50.0,40.0,30.0,20.0,10.0,0.0,10.0,20.0
80.0,70.0,60.0,50.0,40.0,30.0,20.0,10.0,0.0,10.0
90.0,80.0,70.0,60.0,50.0,40.0,30.0,20.0,10.0,0.0
450.0,400.0,350.0,300.0,250.0,250.0,300.0,350.0,400.0,450.0
0.0,1.0,2.0,3.0,4.0,5.0,6.0,7.0,8.0,9.0
1.0,0.0,1.0,2.0,3.0,4.0,5.0,6.0,7.0,8.0
2.0,1.0,0.0,1.0,2.0,3.0,4.0,5.0,6.0,7.0
3.0,2.0,1.0,0.0,1.0,2.0,3.0,4.0,5.0,6.0
4.0,3.0,2.0,1.0,0.0,1.0,2.0,3.0,4.0,5.0
5.0,4.0,3.0,2.0,1.0,0.0,1.0,2.0,3.0,4.0
6.0,5.0,4.0,3.0,2.0,1.0,0.0,1.0,2.0,3.0
7.0,6.0,5.0,4.0,3.0,2.0,1.0,0.0,1.0,2.0
8.0,7.0,6.0,5.0,4.0,3.0,2.0,1.0,0.0,1.0
9.0,8.0,7.0,6.0,5.0,4.0,3.0,2.0,1.0,0.0
45.0,40.0,35.0,30.0,25.0,25.0,30.0,35.0,40.0,45.0
26.0,36.0,20.0,32.0,17.0,25.0,27.0,32.0,27.0,25.0,26.0,23.0,17.0,34.0,32.0,20.0,32.0,19.0,18.0,22.0,30.0,27.0,26.0,15.0,27.0,18.0,29.0,16.0,25.0,31.0,39.0,26.0,29.0,29.0,25.0,16.0,17.0,29.0,33.0,17.0,21.0,35.0,22.0,24.0,28.0,18.0,29.0,13.0,21.0,17.0
41.0,39.0,34.0,36.0,39.0,42.0,24.0,38.0,38.0,28.0,34.0,34.0,27.0,28.0,27.0,32.0,55.0,28.0,35.0,28.0,32.0,45.0,40.0,32.0,32.0,48.0,44.0,33.0,49.0,38.0,38.0,39.0,37.0,36.0,34.0,45.0,34.0,26.0,44.0,32.0,39.0,41.0,30.0,29.0,34.0,43.0,36.0,30.0,29.0,35.0
41.0,39.0,38.0,46.0,35.0,35.0,33.0,37.0,36.0,41.0,37.0,36.0,37.0,54.0,32.0,38.0,37.0,27.0,36.0,33.0,36.0,40.0,38.0,33.0,32.0,37.0,33.0,30.0,41.0,34.0,39.0,41.0,44.0,37.0,41.0,35.0,37.0,38.0,43.0,41.0,32.0,38.0,37.0,36.0,30.0,46.0,29.0,37.0,31.0,33.0
21.0,18.0,22.0,22.0,28.0,20.0,22.0,17.0,15.0,20.0,25.0,19.0,24.0,23.0,18.0,18.0,26.0,33.0,21.0,15.0,18.0,18.0,26.0,21.0,24.0,15.0,23.0,22.0,24.0,31.0,21.0,16.0,23.0,28.0,22.0,17.0,21.0,18.0,20.0,25.0,20.0,29.0,21.0,18.0,31.0,28.0,20.0,17.0,27.0,17.0
23.0,21.0,29.0,25.0,24.0,40.0,27.0,29.0,43.0,20.0,30.0,26.0,33.0,26.0,32.0,33.0,32.0,29.0,26.0,31.0,31.0,32.0,27.0,34.0,29.0,28.0,27.0,35.0,28.0,36.0,39.0,27.0,42.0,24.0,23.0,27.0,37.0,26.0,27.0,30.0,30.0,21.0,33.0,27.0,26.0,29.0,31.0,40.0,24.0,32.0
13.0,32.0,23.0,33.0,36.0,33.0,30.0,32.0,31.0,28.0,27.0,30.0,29.0,14.0,34.0,30.0,22.0,27.0,30.0,33.0,16.0,36.0,30.0,27.0,26.0,27.0,24.0,35.0,20.0,22.0,32.0,22.0,21.0,26.0,16.0,27.0,24.0,30.0,29.0,33.0,24.0,26.0,28.0,29.0,18.0,22.0,38.0,37.0,32.0,22.0
31.0,30.0,22.0,37.0,31.0,31.0,30.0,27.0,33.0,21.0,28.0,35.0,30.0,29.0,30.0,32.0,37.0,29.0,37.0,20.0,29.0,42.0,31.0,36.0,28.0,27.0,25.0,33.0,31.0,29.0,32.0,26.0,37.0,32.0,32.0,36.0,25.0,25.0,30.0,35.0,28.0,27.0,30.0,37.0,25.0,34.0,25.0,33.0,29.0,43.0
32.0,35.0,33.0,27.0,27.0,28.0,26.0,40.0,27.0,28.0,27.0,28.0,31.0,31.0,39.0,39.0,38.0,30.0,26.0,47.0,27.0,29.0,31.0,29.0,24.0,45.0,27.0,26.0,31.0,28.0,32.0,45.0,27.0,25.0,34.0,34.0,34.0,36.0,32.0,32.0,20.0,32.0,41.0,22.0,31.0,39.0,39.0,31.0,30.0,39.0
37.0,31.0,37.0,42.0,33.0,28.0,39.0,33.0,30.0,37.0,38.0,27.0,35.0,25.0,35.0,34.0,37.0,57.0,34.0,31.0,31.0,44.0,20.0,35.0,36.0,32.0,51.0,36.0,41.0,32.0,35.0,30.0,46.0,37.0,27.0,34.0,34.0,33.0,33.0,44.0,29.0,40.0,30.0,32.0,24.0,29.0,33.0,34.0,49.0,32.0
22.0,29.0,27.0,34.0,25.0,31.0,34.0,40.0,36.0,31.0,36.0,30.0,27.0,40.0,29.0,38.0,27.0,30.0,35.0,35.0,36.0,26.0,43.0,34.0,33.0,25.0,26.0,38.0,39.0,29.0,31.0,26.0,27.0,34.0,26.0,36.0,22.0,40.0,29.0,34.0,18.0,36.0,31.0,32.0,45.0,37.0,28.0,35.0,32.0,28.0
