10,50,1000
19.953905,16.471583,15.334844,17.852303,17.934743,16.05252,16.11095,16.936127,16.786731,17.639102
7.025661,7.591469,7.257288,9.05791,9.458122,9.711091,7.057837,5.328171,8.096452,5.324254
0.0,10.0,20.0,30.0,40.0,50.0,60.0,70.0,80.0,90.0
10.0,0.0,10.0,20.0,30.0,40.0,50.0,60.0,70.0,80.0
20.0,10.0,0.0,10.0,20.0,30.0,40.0,50.0,60.0,70.0
30.0,20.0,10.0,0.0,10.0,20.0,30.0,40.0,50.0,60.0
40.0,30.0,20.0,10.0,0.0,10.0,20.0,30.0,40.0,50.0
50.0,40.0,30.0,20.0,10.0,0.0,10.0,20.0,30.0,40.0
60.0,50.0,40.0,30.0,20.0,10.0,0.0,10.0,20.0,30.0
70.0,60.0,50.0,40.0,30.0,20.0,10.0,0.0,10.0,20.0
80.0,70.0,60.0,50.0,40.0,30.0,20.0,10.0,0.0,10.0
90.0,80.0,70.0,60.0,50.0,40.0,30.0,20.0,10.0,0.0
450.0,400.0,350.0,300.0,250.0,250.0,300.0,350.0,400.0,450.0
0.0,1.0,2.0,3.0,4.0,5.0,6.0,7.0,8.0,9.0
1.0,0.0,1.0,2.0,3.0,4.0,5.0,6.0,7.0,8.0
2.0,1.0,0.0,1.0,2.0,3.0,4.0,5.0,6.0,7.0
3.0,2.0,1.0,0.0,1.0,2.0,3.0,4.0,5.0,6.0
4.0,3.0,2.0,1.0,0.0,1.0,2.0,3.0,4.0,5.0
5.0,4.0,3.0,2.0,1.0,0.0,1.0,2.0,3.0,4.0
6.0,5.0,4.0,3.0,2.0,1.0,0.0,1.0,2.0,3.0
7.0,6.0,5.0,4.0,3.0,2.0,1.0,0.0,1.0,2.0
8.0,7.0,6.0,5.0,4.0,3.0,2.0,1.0,0.0,1.0
9.0,8.0,7.0,6.0,5.0,4.0,3.0,2.0,1.0,0.0
45.0,40.0,35.0,30.0,25.0,25.0,30.0,35.0,40.0,45.0
27.0,28.0,37.0,33.0,29.0,24.0,25.0,25.0,39.0,33.0,32.0,22.0,36.0,27.0,27.0,21.0,30.0,25.0,23.0,30.0,28.0,39.0,29.0,26.0,37.0,21.0,26.0,22.0,30.0,24.0,22.0,29.0,32.0,31.0,26.0,30.0,27.0,27.0,24.0,28.0,28.0,33.0,29.0,20.0,29.0,24.0,36.0,33.0,32.0,32.0
20.0,27.0,37.0,26.0,27.0,30.0,36.0,31.0,31.0,31.0,23.0,26.0,31.0,22.0,33.0,34.0,37.0,40.0,25.0,24.0,31.0,34.0,25.0,25.0,41.0,30.0,23.0,26.0,30.0,19.0,26.0,38.0,36.0,30.0,29.0,34.0,27.0,27.0,36.0,34.0,20.0,41.0,24.0,37.0,31.0,30.0,22.0,24.0,23.0,33.0
32.0,15.0,26.0,38.0,27.0,29.0,31.0,36.0,30.0,27.0,35.0,22.0,25.0,32.0,26.0,29.0,23.0,19.0,22.0,31.0,27.0,25.0,28.0,27.0,27.0,32.0,25.0,30.0,20.0,24.0,22.0,23.0,29.0,25.0,30.0,31.0,28.0,34.0,33.0,22.0,28.0,31.0,27.0,29.0,31.0,26.0,24.0,32.0,26.0,37.0
41.0,36.0,28.0,40.0,29.0,36.0,35.0,33.0,37.0,43.0,33.0,40.0,43.0,29.0,26.0,41.0,35.0,31.0,37.0,33.0,25.0,46.0,21.0,28.0,36.0,29.0,27.0,34.0,31.0,34.0,25.0,25.0,41.0,30.0,40.0,35.0,32.0,29.0,42.0,22.0,37.0,40.0,33.0,35.0,35.0,34.0,39.0,34.0,28.0,39.0
35.0,38.0,38.0,34.0,27.0,41.0,40.0,39.0,36.0,32.0,40.0,40.0,34.0,29.0,50.0,39.0,34.0,38.0,23.0,32.0,28.0,22.0,39.0,40.0,35.0,32.0,37.0,35.0,31.0,36.0,36.0,34.0,33.0,34.0,34.0,42.0,36.0,29.0,42.0,36.0,36.0,34.0,29.0,31.0,43.0,38.0,47.0,36.0,35.0,34.0
37.0,30.0,32.0,36.0,30.0,44.0,31.0,32.0,26.0,30.0,34.0,36.0,38.0,52.0,33.0,39.0,34.0,37.0,34.0,45.0,47.0,36.0,31.0,37.0,35.0,47.0,36.0,46.0,37.0,31.0,27.0,39.0,24.0,19.0,33.0,36.0,37.0,35.0,35.0,33.0,33.0,35.0,23.0,42.0,37.0,31.0,36.0,41.0,32.0,30.0
29.0,29.0,29.0,23.0,37.0,20.0,19.0,33.0,25.0,30.0,22.0,28.0,20.0,23.0,28.0,24.0,23.0,26.0,35.0,22.0,31.0,28.0,25.0,26.0,31.0,25.0,24.0,25.0,24.0,30.0,27.0,28.0,29.0,25.0,16.0,27.0,33.0,31.0,32.0,32.0,27.0,18.0,22.0,24.0,33.0,18.0,29.0,29.0,19.0,20.0
11.0,25.0,24.0,26.0,25.0,16.0,20.0,27.0,19.0,12.0,19.0,16.0,22.0,18.0,14.0,30.0,27.0,22.0,23.0,22.0,28.0,17.0,18.0,27.0,24.0,22.0,25.0,27.0,20.0,20.0,20.0,16.0,25.0,25.0,14.0,16.0,25.0,22.0,20.0,16.0,25.0,23.0,13.0,23.0,25.0,16.0,20.0,20.0,22.0,21.0
27.0,33.0,36.0,36.0,34.0,26.0,30.0,32.0,23.0,50.0,40.0,28.0,24.0,28.0,27.0,31.0,36.0,33.0,29.0,32.0,37.0,32.0,36.0,42.0,25.0,35.0,28.0,17.0,30.0,33.0,28.0,26.0,33.0,30.0,32.0,34.0,29.0,28.0,33.0,21.0,26.0,34.0,30.0,30.0,27.0,21.0,39.0,27.0,33.0,22.0
21.0,15.0,26.0,20.0,17.0,19.0,21.0,24.0,18.0,19.0,15.0,23.0,23.0,27.0,19.0,30.0,18.0,22.0,14.0,19.0,25.0,18.0,28.0,22.0,24.0,17.0,24.0,27.0,23.0,16.0,34.0,19.0,15.0,21.0,17.0,20.0,26.0,28.0,25.0,24.0,23.0,19.0,27.0,21.0,19.0,13.0,18.0,25.0,21.0,29.0
