10,50,1000
17.940832,17.901201,17.762781,19.632688,18.257665,18.811697,18.678534,18.31638,17.608251,19.130667
8.669248,8.991515,7.518067,6.222481,9.501035,6.287224,7.162825,8.646991,9.349013,7.758645
0.0,10.0,20.0,30.0,40.0,50.0,60.0,70.0,80.0,90.0
10.0,0.0,10.0,20.0,30.0,40.0,50.0,60.0,70.0,80.0
20.0,10.0,0.0,10.0,20.0,30.0,40.0,50.0,60.0,70.0
30.0,20.0,10.0,0.0,10.0,20.0,30.0,40.0,50.0,60.0
40.0,30.0,20.0,10.0,0.0,10.0,20.0,30.0,40.0,50.0
50.0,40.0,30.0,20.0,10.0,0.0,10.0,20.0,30.0,40.0
60.0,50.0,40.0,30.0,20.0,10.0,0.0,10.0,20.0,30.0
70.0,60.0,50.0,40.0,30.0,20.0,10.0,0.0,10.0,20.0
80.0,70.0,60.0,50.0,40.0,30.0,20.0,10.0,0.0,10.0
90.0,80.0,70.0,60.0,50.0,40.0,30.0,20.0,10.0,0.0
450.0,400.0,350.0,300.0,250.0,250.0,300.0,350.0,400.0,450.0
0.0,1.0,2.0,3.0,4.0,5.0,6.0,7.0,8.0,9.0
1.0,0.0,1.0,2.0,3.0,4.0,5.0,6.0,7.0,8.0
2.0,1.0,0.0,1.0,2.0,3.0,4.0,5.0,6.0,7.0
3.0,2.0,1.0,0.0,1.0,2.0,3.0,4.0,5.0,6.0
4.0,3.0,2.0,1.0,0.0,1.0,2.0,3.0,4.0,5.0
5.0,4.0,3.0,2.0,1.0,0.0,1.0,2.0,3.0,4.0
6.0,5.0,4.0,3.0,2.0,1.0,0.0,1.0,2.0,3.0
7.0,6.0,5.0,4.0,3.0,2.0,1.0,0.0,1.0,2.0
8.0,7.0,6.0,5.0,4.0,3.0,2.0,1.0,0.0,1.0
9.0,8.0,7.0,6.0,5.0,4.0,3.0,2.0,1.0,0.0
45.0,40.0,35.0,30.0,25.0,25.0,30.0,35.0,40.0,45.0
39.0,33.0,25.0,39.0,44.0,36.0,32.0,31.0,24.0,35.0,35.0,43.0,36.0,34.0,33.0,26.0,29.0,33.0,42.0,39.0,22.0,29.0,28.0,27.0,35.0,38.0,30.0,35.0,40.0,24.0,39.0,36.0,32.0,37.0,26.0,39.0,38.0,35.0,31.0,37.0,32.0,34.0,28.0,45.0,36.0,24.0,28.0,35.0,24.0,52.0
46.0,43.0,37.0,37.0,32.0,29.0,41.0,32.0,25.0,42.0,27.0,28.0,29.0,38.0,30.0,28.0,34.0,33.0,44.0,40.0,39.0,33.0,38.0,37.0,37.0,29.0,46.0,42.0,38.0,35.0,35.0,29.0,26.0,49.0,30.0,34.0,38.0,23.0,38.0,22.0,26.0,40.0,30.0,37.0,30.0,33.0,42.0,30.0,37.0,28.0
23.0,35.0,21.0,25.0,34.0,28.0,32.0,27.0,27.0,26.0,33.0,33.0,34.0,37.0,37.0,30.0,29.0,30.0,31.0,31.0,29.0,29.0,35.0,30.0,24.0,29.0,23.0,28.0,34.0,26.0,28.0,28.0,22.0,28.0,35.0,40.0,30.0,36.0,26.0,34.0,33.0,19.0,32.0,21.0,29.0,34.0,21.0,24.0,41.0,21.0
21.0,29.0,23.0,20.0,32.0,27.0,23.0,25.0,24.0,23.0,28.0,20.0,19.0,30.0,31.0,21.0,19.0,20.0,23.0,38.0,26.0,11.0,30.0,24.0,24.0,20.0,18.0,30.0,21.0,21.0,28.0,24.0,32.0,21.0,25.0,23.0,20.0,25.0,15.0,27.0,20.0,28.0,23.0,25.0,27.0,24.0,22.0,19.0,21.0,27.0
43.0,33.0,27.0,28.0,50.0,31.0,35.0,31.0,33.0,26.0,44.0,33.0,32.0,40.0,36.0,31.0,40.0,42.0,29.0,33.0,40.0,44.0,32.0,34.0,31.0,33.0,33.0,30.0,38.0,31.0,45.0,43.0,39.0,43.0,28.0,26.0,28.0,26.0,31.0,38.0,36.0,33.0,34.0,42.0,37.0,29.0,44.0,33.0,42.0,31.0
24.0,26.0,22.0,31.0,23.0,31.0,21.0,21.0,20.0,24.0,23.0,20.0,19.0,27.0,26.0,28.0,18.0,31.0,20.0,15.0,24.0,28.0,21.0,21.0,17.0,27.0,27.0,32.0,25.0,30.0,22.0,29.0,29.0,25.0,26.0,29.0,28.0,23.0,31.0,29.0,20.0,18.0,28.0,27.0,34.0,22.0,27.0,29.0,24.0,32.0
25.0,31.0,20.0,31.0,27.0,30.0,25.0,29.0,26.0,33.0,22.0,34.0,25.0,25.0,28.0,28.0,27.0,18.0,28.0,35.0,27.0,34.0,28.0,21.0,27.0,26.0,26.0,21.0,34.0,41.0,29.0,28.0,32.0,32.0,19.0,18.0,25.0,25.0,32.0,26.0,32.0,30.0,28.0,27.0,24.0,33.0,20.0,32.0,23.0,23.0
43.0,30.0,29.0,33.0,31.0,33.0,34.0,37.0,20.0,32.0,26.0,31.0,37.0,37.0,37.0,32.0,27.0,33.0,29.0,28.0,34.0,39.0,26.0,38.0,26.0,27.0,30.0,33.0,42.0,32.0,25.0,24.0,32.0,23.0,41.0,40.0,29.0,25.0,39.0,28.0,32.0,46.0,40.0,30.0,38.0,29.0,24.0,24.0,34.0,35.0
40.0,40.0,30.0,41.0,35.0,39.0,28.0,34.0,39.0,40.0,45.0,35.0,35.0,29.0,39.0,33.0,37.0,36.0,34.0,36.0,31.0,29.0,32.0,39.0,30.0,31.0,47.0,37.0,41.0,50.0,25.0,33.0,36.0,41.0,30.0,34.0,28.0,47.0,31.0,34.0,43.0,28.0,30.0,35.0,29.0,39.0,34.0,31.0,32.0,43.0
33.0,28.0,42.0,39.0,33.0,29.0,27.0,40.0,30.0,32.0,30.0,32.0,36.0,27.0,28.0,35.0,42.0,34.0,26.0,47.0,35.0,34.0,27.0,33.0,33.0,33.0,29.0,26.0,30.0,28.0,24.0,21.0,32.0,37.0,23.0,31.0,29.0,31.0,29.0,38.0,36.0,31.0,28.0,33.0,28.0,40.0,37.0,35.0,27.0,33.0
