10,50,1000
18.649909,19.440093,17.51183,19.243448,18.163453,16.427711,18.953659,16.153496,19.485754,17.372087
8.144649,9.467373,9.012024,5.727579,9.187073,8.373461,6.990159,8.531408,9.596244,7.65594
0.0,10.0,20.0,30.0,40.0,50.0,60.0,70.0,80.0,90.0
10.0,0.0,10.0,20.0,30.0,40.0,50.0,60.0,70.0,80.0
20.0,10.0,0.0,10.0,20.0,30.0,40.0,50.0,60.0,70.0
30.0,20.0,10.0,0.0,10.0,20.0,30.0,40.0,50.0,60.0
40.0,30.0,20.0,10.0,0.0,10.0,20.0,30.0,40.0,50.0
50.0,40.0,30.0,20.0,10.0,0.0,10.0,20.0,30.0,40.0
60.0,50.0,40.0,30.0,20.0,10.0,0.0,10.0,20.0,30.0
70.0,60.0,50.0,40.0,30.0,20.0,10.0,0.0,10.0,20.0
80.0,70.0,60.0,50.0,40.0,30.0,20.0,10.0,0.0,10.0
90.0,80.0,70.0,60.0,50.0,40.0,30.0,20.0,10.0,0.0
450.0,400.0,350.0,300.0,250.0,250.0,300.0,350.0,400.0,450.0
0.0,1.0,2.0,3.0,4.0,5.0,6.0,7.0,8.0,9.0
1.0,0.0,1.0,2.0,3.0,4.0,5.0,6.0,7.0,8.0
2.0,1.0,0.0,1.0,2.0,3.0,4.0,5.0,6.0,7.0
3.0,2.0,1.0,0.0,1.0,2.0,3.0,4.0,5.0,6.0
4.0,3.0,2.0,1.0,0.0,1.0,2.0,3.0,4.0,5.0
5.0,4.0,3.0,2.0,1.0,0.0,1.0,2.0,3.0,4.0
6.0,5.0,4.0,3.0,2.0,1.0,0.0,1.0,2.0,3.0
7.0,6.0,5.0,4.0,3.0,2.0,1.0,0.0,1.0,2.0
8.0,7.0,6.0,5.0,4.0,3.0,2.0,1.0,0.0,1.0
9.0,8.0,7.0,6.0,5.0,4.0,3.0,2.0,1.0,0.0
45.0,40.0,35.0,30.0,25.0,25.0,30.0,35.0,40.0,45.0
29.0,35.0,31.0,35.0,29.0,39.0,27.0,35.0,38.0,29.0,35.0,30.0,35.0,31.0,25.0,28.0,46.0,30.0,24.0,20.0,36.0,34.0,31.0,28.0,30.0,27.0,31.0,33.0,36.0,33.0,29.0,24.0,38.0,30.0,31.0,24.0,37.0,36.0,27.0,29.0,28.0,25.0,28.0,30.0,31.0,37.0,33.0,28.0,47.0,23.0
20.0,29.0,36.0,36.0,31.0,47.0,32.0,36.0,41.0,39.0,30.0,43.0,36.0,39.0,31.0,30.0,29.0,38.0,41.0,25.0,33.0,42.0,40.0,34.0,37.0,25.0,44.0,37.0,34.0,34.0,47.0,34.0,33.0,40.0,33.0,44.0,41.0,35.0,40.0,23.0,37.0,39.0,36.0,38.0,39.0,39.0,44.0,33.0,29.0,38.0
31.0,46.0,50.0,30.0,37.0,34.0,35.0,36.0,18.0,43.0,25.0,31.0,37.0,29.0,31.0,41.0,33.0,29.0,37.0,35.0,31.0,31.0,25.0,34.0,30.0,34.0,40.0,33.0,31.0,32.0,34.0,30.0,36.0,30.0,35.0,35.0,40.0,35.0,27.0,31.0,32.0,28.0,40.0,40.0,36.0,31.0,27.0,36.0,37.0,39.0
28.0,31.0,28.0,26.0,32.0,24.0,17.0,30.0,18.0,23.0,35.0,26.0,25.0,22.0,17.0,22.0,25.0,27.0,28.0,17.0,23.0,25.0,24.0,21.0,31.0,20.0,20.0,22.0,27.0,25.0,23.0,26.0,25.0,23.0,29.0,22.0,22.0,23.0,24.0,17.0,21.0,27.0,18.0,31.0,24.0,22.0,18.0,22.0,37.0,11.0
33.0,42.0,28.0,36.0,44.0,33.0,42.0,31.0,32.0,31.0,37.0,28.0,28.0,33.0,31.0,35.0,31.0,33.0,24.0,33.0,45.0,33.0,35.0,28.0,36.0,37.0,25.0,30.0,30.0,29.0,39.0,32.0,32.0,28.0,37.0,39.0,33.0,22.0,37.0,29.0,28.0,22.0,26.0,37.0,26.0,44.0,39.0,31.0,24.0,28.0
28.0,23.0,35.0,28.0,38.0,37.0,36.0,38.0,39.0,29.0,28.0,37.0,33.0,24.0,30.0,29.0,39.0,33.0,36.0,32.0,32.0,31.0,32.0,30.0,43.0,34.0,46.0,30.0,20.0,31.0,26.0,25.0,43.0,29.0,31.0,27.0,29.0,25.0,33.0,34.0,40.0,35.0,31.0,32.0,29.0,32.0,31.0,27.0,29.0,33.0
27.0,30.0,27.0,28.0,30.0,22.0,33.0,33.0,33.0,36.0,30.0,27.0,28.0,33.0,25.0,15.0,33.0,35.0,36.0,29.0,29.0,28.0,35.0,23.0,35.0,30.0,35.0,25.0,42.0,18.0,31.0,16.0,19.0,26.0,30.0,34.0,39.0,32.0,21.0,28.0,25.0,34.0,21.0,29.0,25.0,25.0,20.0,20.0,29.0,26.0
22.0,39.0,36.0,29.0,36.0,36.0,34.0,39.0,33.0,34.0,31.0,40.0,31.0,30.0,34.0,32.0,22.0,30.0,42.0,30.0,40.0,41.0,29.0,35.0,18.0,27.0,34.0,37.0,33.0,34.0,37.0,38.0,28.0,33.0,28.0,26.0,35.0,45.0,35.0,27.0,28.0,26.0,35.0,48.0,26.0,32.0,39.0,32.0,27.0,39.0
37.0,40.0,40.0,39.0,39.0,36.0,34.0,32.0,43.0,51.0,29.0,37.0,25.0,37.0,36.0,40.0,33.0,43.0,29.0,41.0,47.0,36.0,32.0,28.0,30.0,33.0,39.0,38.0,44.0,52.0,33.0,43.0,31.0,40.0,42.0,33.0,35.0,28.0,38.0,35.0,35.0,22.0,46.0,32.0,31.0,33.0,29.0,33.0,33.0,27.0
28.0,25.0,22.0,34.0,24.0,31.0,23.0,31.0,35.0,31.0,35.0,25.0,26.0,33.0,23.0,20.0,36.0,24.0,29.0,23.0,27.0,22.0,29.0,23.0,25.0,31.0,32.0,24.0,25.0,28.0,28.0,32.0,41.0,34.0,33.0,22.0,31.0,31.0,36.0,28.0,29.0,20.0,36.0,29.0,27.0,28.0,25.0,19.0,33.0,32.0
