10,50,1000
15.141795,17.450529,17.475054,19.947938,16.582498,15.53602,16.457372,17.764186,17.778205,19.939541
7.878687,8.605742,8.739953,5.447494,8.914072,9.72224,8.507234,5.160611,7.885835,7.129437
0.0,10.0,20.0,30.0,40.0,50.0,60.0,70.0,80.0,90.0
10.0,0.0,10.0,20.0,30.0,40.0,50.0,60.0,70.0,80.0
20.0,10.0,0.0,10.0,20.0,30.0,40.0,50.0,60.0,70.0
30.0,20.0,10.0,0.0,10.0,20.0,30.0,40.0,50.0,60.0
40.0,30.0,20.0,10.0,0.0,10.0,20.0,30.0,40.0,50.0
50.0,40.0,30.0,20.0,10.0,0.0,10.0,20.0,30.0,40.0
60.0,50.0,40.0,30.0,20.0,10.0,0.0,10.0,20.0,30.0
70.0,60.0,50.0,40.0,30.0,20.0,10.0,0.0,10.0,20.0
80.0,70.0,60.0,50.0,40.0,30.0,20.0,10.0,0.0,10.0
90.0,80.0,70.0,60.0,50.0,40.0,30.0,20.0,10.0,0.0
450.0,400.0,350.0,300.0,250.0,250.0,300.0,350.0,400.0,450.0
0.0,1.0,2.0,3.0,4.0,5.0,6.0,7.0,8.0,9.0
1.0,0.0,1.0,2.0,3.0,4.0,5.0,6.0,7.0,8.0
2.0,1.0,0.0,1.0,2.0,3.0,4.0,5.0,6.0,7.0
3.0,2.0,1.0,0.0,1.0,2.0,3.0,4.0,5.0,6.0
4.0,3.0,2.0,1.0,0.0,1.0,2.0,3.0,4.0,5.0
5.0,4.0,3.0,2.0,1.0,0.0,1.0,2.0,3.0,4.0
6.0,5.0,4.0,3.0,2.0,1.0,0.0,1.0,2.0,3.0
7.0,6.0,5.0,4.0,3.0,2.0,1.0,0.0,1.0,2.0
8.0,7.0,6.0,5.0,4.0,3.0,2.0,1.0,0.0,1.0
9.0,8.0,7.0,6.0,5.0,4.0,3.0,2.0,1.0,0.0
45.0,40.0,35.0,30.0,25.0,25.0,30.0,35.0,40.0,45.0
24.0,28.0,37.0,28.0,22.0,28.0,22.0,26.0,28.0,22.0,31.0,30.0,30.0,23.0,33.0,33.0,24.0,38.0,28.0,30.0,29.0,29.0,23.0,36.0,45.0,26.0,25.0,34.0,19.0,29.0,32.0,32.0,26.0,32.0,29.0,40.0,21.0,24.0,34.0,26.0,29.0,44.0,28.0,26.0,33.0,24.0,30.0,23.0,31.0,34.0
27.0,30.0,28.0,33.0,27.0,23.0,31.0,22.0,38.0,42.0,32.0,31.0,35.0,28.0,20.0,35.0,29.0,29.0,26.0,26.0,31.0,34.0,30.0,29.0,30.0,34.0,41.0,34.0,27.0,29.0,44.0,30.0,32.0,30.0,27.0,40.0,34.0,29.0,26.0,43.0,34.0,28.0,26.0,28.0,48.0,30.0,30.0,35.0,23.0,33.0
42.0,30.0,52.0,31.0,31.0,29.0,33.0,34.0,33.0,43.0,24.0,32.0,31.0,41.0,25.0,25.0,26.0,36.0,29.0,34.0,36.0,33.0,33.0,33.0,33.0,35.0,38.0,37.0,40.0,22.0,35.0,31.0,33.0,39.0,35.0,31.0,32.0,36.0,38.0,35.0,35.0,28.0,32.0,33.0,33.0,26.0,24.0,39.0,27.0,40.0
25.0,19.0,22.0,27.0,22.0,23.0,26.0,24.0,26.0,19.0,20.0,24.0,21.0,26.0,17.0,30.0,18.0,29.0,22.0,22.0,20.0,29.0,26.0,26.0,28.0,17.0,25.0,19.0,21.0,33.0,25.0,28.0,27.0,16.0,22.0,26.0,22.0,26.0,18.0,19.0,24.0,18.0,26.0,20.0,28.0,24.0,25.0,20.0,30.0,21.0
33.0,35.0,31.0,37.0,29.0,33.0,31.0,41.0,35.0,26.0,36.0,36.0,32.0,25.0,27.0,23.0,36.0,27.0,51.0,35.0,22.0,35.0,32.0,36.0,39.0,34.0,31.0,28.0,36.0,34.0,38.0,30.0,29.0,30.0,41.0,32.0,36.0,30.0,20.0,27.0,27.0,35.0,44.0,40.0,32.0,25.0,30.0,34.0,38.0,28.0
41.0,32.0,43.0,25.0,35.0,46.0,34.0,30.0,39.0,34.0,31.0,32.0,41.0,37.0,32.0,42.0,28.0,35.0,46.0,30.0,37.0,34.0,26.0,28.0,41.0,39.0,33.0,38.0,26.0,35.0,42.0,28.0,34.0,37.0,39.0,38.0,34.0,37.0,41.0,26.0,40.0,34.0,34.0,35.0,20.0,36.0,43.0,33.0,35.0,35.0
26.0,38.0,31.0,22.0,32.0,31.0,36.0,39.0,28.0,38.0,32.0,33.0,38.0,33.0,21.0,26.0,36.0,23.0,22.0,46.0,22.0,29.0,39.0,32.0,33.0,28.0,28.0,34.0,34.0,29.0,28.0,29.0,30.0,33.0,31.0,34.0,33.0,31.0,25.0,26.0,32.0,35.0,30.0,40.0,32.0,26.0,16.0,24.0,29.0,35.0
24.0,18.0,10.0,20.0,25.0,27.0,14.0,19.0,16.0,19.0,35.0,17.0,18.0,27.0,16.0,14.0,24.0,17.0,18.0,18.0,11.0,33.0,24.0,20.0,16.0,31.0,19.0,17.0,26.0,20.0,21.0,24.0,25.0,16.0,29.0,19.0,20.0,18.0,23.0,26.0,27.0,30.0,12.0,24.0,14.0,26.0,23.0,25.0,21.0,18.0
34.0,27.0,40.0,33.0,29.0,30.0,29.0,36.0,24.0,25.0,18.0,32.0,37.0,40.0,32.0,38.0,35.0,31.0,34.0,31.0,26.0,29.0,26.0,29.0,35.0,24.0,25.0,30.0,25.0,32.0,34.0,32.0,29.0,27.0,29.0,30.0,27.0,31.0,16.0,25.0,23.0,31.0,37.0,31.0,26.0,34.0,32.0,28.0,22.0,29.0
34.0,28.0,35.0,24.0,27.0,24.0,25.0,26.0,31.0,33.0,16.0,25.0,33.0,33.0,25.0,26.0,33.0,21.0,30.0,23.0,32.0,30.0,29.0,38.0,30.0,22.0,26.0,34.0,28.0,37.0,24.0,25.0,29.0,27.0,30.0,28.0,33.0,38.0,27.0,27.0,24.0,25.0,28.0,28.0,37.0,27.0,25.0,29.0,37.0,28.0
