10,50,1000
16.444634,15.312657,19.241014,18.5456,16.875485,17.402392,19.148365,15.462542,16.676718,16.863179
8.904522,5.602043,6.395524,9.730209,6.569511,6.541672,5.121548,8.279327,8.659488,5.422092
0.0,10.0,20.0,30.0,40.0,50.0,60.0,70.0,80.0,90.0
10.0,0.0,10.0,20.0,30.0,40.0,50.0,60.0,70.0,80.0
20.0,10.0,0.0,10.0,20.0,30.0,40.0,50.0,60.0,70.0
30.0,20.0,10.0,0.0,10.0,20.0,30.0,40.0,50.0,60.0
40.0,30.0,20.0,10.0,0.0,10.0,20.0,30.0,40.0,50.0
50.0,40.0,30.0,20.0,10.0,0.0,10.0,20.0,30.0,40.0
60.0,50.0,40.0,30.0,20.0,10.0,0.0,10.0,20.0,30.0
70.0,60.0,50.0,40.0,30.0,20.0,10.0,0.0,10.0,20.0
80.0,70.0,60.0,50.0,40.0,30.0,20.0,10.0,0.0,10.0
90.0,80.0,70.0,60.0,50.0,40.0,30.0,20.0,10.0,0.0
450.0,400.0,350.0,300.0,250.0,250.0,300.0,350.0,400.0,450.0
0.0,1.0,2.0,3.0,4.0,5.0,6.0,7.0,8.0,9.0
1.0,0.0,1.0,2.0,3.0,4.0,5.0,6.0,7.0,8.0
2.0,1.0,0.0,1.0,2.0,3.0,4.0,5.0,6.0,7.0
3.0,2.0,1.0,0.0,1.0,2.0,3.0,4.0,5.0,6.0
4.0,3.0,2.0,1.0,0.0,1.0,2.0,3.0,4.0,5.0
5.0,4.0,3.0,2.0,1.0,0.0,1.0,2.0,3.0,4.0
6.0,5.0,4.0,3.0,2.0,1.0,0.0,1.0,2.0,3.0
7.0,6.0,5.0,4.0,3.0,2.0,1.0,0.0,1.0,2.0
8.0,7.0,6.0,5.0,4.0,3.0,2.0,1.0,0.0,1.0
9.0,8.0,7.0,6.0,5.0,4.0,3.0,2.0,1.0,0.0
45.0,40.0,35.0,30.0,25.0,25.0,30.0,35.0,40.0,45.0
22.0,23.0,30.0,33.0,30.0,28.0,35.0,36.0,22.0,27.0,33.0,51.0,28.0,42.0,31.0,24.0,30.0,35.0,36.0,30.0,35.0,34.0,27.0,29.0,46.0,38.0,31.0,33.0,45.0,32.0,38.0,36.0,33.0,26.0,35.0,33.0,40.0,25.0,22.0,32.0,26.0,33.0,36.0,32.0,41.0,33.0,32.0,29.0,22.0,37.0
32.0,18.0,26.0,17.0,24.0,25.0,15.0,20.0,29.0,16.0,22.0,22.0,24.0,30.0,25.0,21.0,19.0,18.0,20.0,27.0,19.0,24.0,22.0,21.0,18.0,26.0,23.0,33.0,29.0,29.0,27.0,23.0,18.0,11.0,25.0,30.0,28.0,25.0,23.0,19.0,26.0,17.0,23.0,25.0,27.0,20.0,21.0,20.0,16.0,19.0
31.0,26.0,33.0,31.0,28.0,20.0,26.0,32.0,29.0,20.0,27.0,28.0,26.0,25.0,23.0,35.0,25.0,27.0,25.0,29.0,17.0,28.0,23.0,23.0,28.0,29.0,25.0,33.0,19.0,33.0,20.0,26.0,26.0,25.0,27.0,15.0,25.0,29.0,21.0,30.0,32.0,23.0,31.0,33.0,24.0,23.0,30.0,24.0,26.0,26.0
34.0,32.0,25.0,27.0,43.0,35.0,33.0,33.0,35.0,31.0,24.0,34.0,39.0,33.0,27.0,40.0,40.0,47.0,26.0,38.0,25.0,27.0,32.0,43.0,35.0,39.0,43.0,25.0,34.0,28.0,38.0,42.0,35.0,33.0,57.0,31.0,29.0,24.0,31.0,39.0,41.0,33.0,36.0,34.0,42.0,46.0,27.0,35.0,21.0,30.0
32.0,24.0,29.0,25.0,26.0,25.0,25.0,17.0,31.0,29.0,28.0,30.0,27.0,28.0,21.0,31.0,23.0,23.0,18.0,21.0,30.0,22.0,36.0,27.0,24.0,26.0,28.0,32.0,18.0,25.0,27.0,28.0,27.0,30.0,28.0,23.0,24.0,28.0,31.0,27.0,27.0,31.0,30.0,29.0,22.0,32.0,21.0,23.0,27.0,19.0
19.0,30.0,20.0,24.0,31.0,26.0,17.0,31.0,21.0,22.0,28.0,30.0,33.0,17.0,21.0,23.0,30.0,10.0,21.0,25.0,30.0,24.0,26.0,30.0,36.0,20.0,24.0,34.0,26.0,26.0,20.0,27.0,27.0,26.0,22.0,20.0,24.0,25.0,21.0,25.0,23.0,22.0,25.0,25.0,33.0,18.0,27.0,29.0,26.0,25.0
34.0,20.0,17.0,27.0,23.0,21.0,30.0,31.0,20.0,19.0,15.0,20.0,28.0,22.0,21.0,14.0,13.0,19.0,17.0,27.0,19.0,19.0,24.0,21.0,23.0,21.0,22.0,28.0,20.0,23.0,23.0,20.0,16.0,21.0,21.0,19.0,21.0,22.0,28.0,23.0,22.0,29.0,22.0,25.0,18.0,17.0,17.0,14.0,33.0,20.0
28.0,33.0,30.0,37.0,32.0,35.0,33.0,35.0,27.0,33.0,44.0,33.0,41.0,24.0,33.0,22.0,31.0,20.0,34.0,35.0,27.0,40.0,32.0,28.0,43.0,35.0,24.0,41.0,34.0,34.0,22.0,26.0,35.0,34.0,28.0,25.0,13.0,30.0,47.0,32.0,27.0,35.0,43.0,25.0,32.0,39.0,27.0,37.0,35.0,28.0
50.0,32.0,28.0,31.0,31.0,38.0,27.0,40.0,28.0,27.0,40.0,21.0,31.0,25.0,37.0,21.0,40.0,43.0,38.0,31.0,42.0,32.0,29.0,38.0,33.0,39.0,42.0,33.0,32.0,44.0,21.0,36.0,32.0,31.0,31.0,30.0,32.0,26.0,28.0,37.0,28.0,45.0,28.0,17.0,36.0,34.0,27.0,42.0,31.0,30.0
23.0,16.0,26.0,22.0,19.0,21.0,26.0,29.0,21.0,30.0,24.0,24.0,22.0,24.0,22.0,14.0,26.0,20.0,23.0,28.0,22.0,22.0,18.0,21.0,16.0,23.0,20.0,25.0,11.0,21.0,20.0,25.0,19.0,23.0,28.0,25.0,24.0,21.0,28.0,30.0,17.0,31.0,23.0,14.0,19.0,19.0,23.0,31.0,17.0,28.0
