10,50,1000
15.42845,18.216356,15.836237,16.291664,15.340802,18.436727,17.578512,18.264505,18.531916,16.413599
5.205695,9.041041,6.55712,5.582321,8.568166,8.655454,6.793048,5.116504,5.152602,6.444692
0.0,10.0,20.0,30.0,40.0,50.0,60.0,70.0,80.0,90.0
10.0,0.0,10.0,20.0,30.0,40.0,50.0,60.0,70.0,80.0
20.0,10.0,0.0,10.0,20.0,30.0,40.0,50.0,60.0,70.0
30.0,20.0,10.0,0.0,10.0,20.0,30.0,40.0,50.0,60.0
40.0,30.0,20.0,10.0,0.0,10.0,20.0,30.0,40.0,50.0
50.0,40.0,30.0,20.0,10.0,0.0,10.0,20.0,30.0,40.0
60.0,50.0,40.0,30.0,20.0,10.0,0.0,10.0,20.0,30.0
70.0,60.0,50.0,40.0,30.0,20.0,10.0,0.0,10.0,20.0
80.0,70.0,60.0,50.0,40.0,30.0,20.0,10.0,0.0,10.0
90.0,80.0,70.0,60.0,50.0,40.0,30.0,20.0,10.0,0.0
450.0,400.0,350.0,300.0,250.0,250.0,300.0,350.0,400.0,450.0
0.0,1.0,2.0,3.0,4.0,5.0,6.0,7.0,8.0,9.0
1.0,0.0,1.0,2.0,3.0,4.0,5.0,6.0,7.0,8.0
2.0,1.0,0.0,1.0,2.0,3.0,4.0,5.0,6.0,7.0
3.0,2.0,1.0,0.0,1.0,2.0,3.0,4.0,5.0,6.0
4.0,3.0,2.0,1.0,0.0,1.0,2.0,3.0,4.0,5.0
5.0,4.0,3.0,2.0,1.0,0.0,1.0,2.0,3.0,4.0
6.0,5.0,4.0,3.0,2.0,1.0,0.0,1.0,2.0,3.0
7.0,6.0,5.0,4.0,3.0,2.0,1.0,0.0,1.0,2.0
8.0,7.0,6.0,5.0,4.0,3.0,2.0,1.0,0.0,1.0
9.0,8.0,7.0,6.0,5.0,4.0,3.0,2.0,1.0,0.0
45.0,40.0,35.0,30.0,25.0,25.0,30.0,35.0,40.0,45.0
14.0,14.0,15.0,16.0,19.0,26.0,16.0,14.0,19.0,27.0,22.0,28.0,18.0,22.0,21.0,16.0,25.0,14.0,17.0,19.0,24.0,20.0,21.0,19.0,15.0,23.0,19.0,27.0,12.0,22.0,18.0,24.0,15.0,21.0,27.0,18.0,16.0,11.0,26.0,21.0,24.0,24.0,17.0,23.0,24.0,19.0,23.0,19.0,20.0,26.0
29.0,35.0,30.0,37.0,33.0,33.0,44.0,31.0,34.0,33.0,46.0,23.0,30.0,46.0,27.0,30.0,34.0,42.0,28.0,31.0,37.0,38.0,37.0,32.0,34.0,43.0,40.0,34.0,30.0,29.0,30.0,35.0,33.0,26.0,32.0,30.0,34.0,29.0,31.0,33.0,31.0,41.0,30.0,27.0,28.0,35.0,40.0,31.0,33.0,21.0
20.0,20.0,25.0,32.0,27.0,28.0,23.0,20.0,20.0,22.0,17.0,33.0,30.0,30.0,27.0,18.0,27.0,26.0,35.0,24.0,27.0,29.0,28.0,20.0,22.0,26.0,22.0,23.0,22.0,21.0,23.0,26.0,32.0,18.0,26.0,14.0,25.0,16.0,28.0,17.0,17.0,25.0,27.0,26.0,22.0,29.0,31.0,28.0,29.0,24.0
23.0,24.0,25.0,18.0,24.0,26.0,21.0,22.0,31.0,8.0,33.0,19.0,13.0,21.0,17.0,23.0,20.0,19.0,30.0,22.0,17.0,26.0,17.0,24.0,23.0,27.0,30.0,20.0,25.0,24.0,26.0,15.0,18.0,24.0,17.0,16.0,19.0,21.0,14.0,26.0,23.0,28.0,28.0,22.0,21.0,17.0,22.0,25.0,16.0,14.0
26.0,23.0,33.0,39.0,25.0,38.0,23.0,32.0,29.0,23.0,27.0,22.0,35.0,26.0,25.0,35.0,37.0,40.0,36.0,31.0,22.0,27.0,25.0,29.0,24.0,31.0,28.0,24.0,26.0,33.0,40.0,27.0,31.0,37.0,26.0,27.0,39.0,34.0,35.0,26.0,31.0,35.0,35.0,32.0,32.0,38.0,37.0,33.0,31.0,30.0
38.0,41.0,41.0,29.0,30.0,34.0,37.0,31.0,43.0,34.0,35.0,43.0,32.0,30.0,35.0,34.0,30.0,27.0,38.0,28.0,26.0,30.0,36.0,30.0,28.0,40.0,25.0,26.0,35.0,31.0,40.0,38.0,39.0,34.0,31.0,36.0,29.0,27.0,45.0,38.0,27.0,30.0,38.0,32.0,36.0,24.0,24.0,29.0,38.0,32.0
22.0,24.0,47.0,26.0,29.0,20.0,39.0,38.0,31.0,20.0,35.0,27.0,18.0,28.0,26.0,31.0,24.0,26.0,26.0,27.0,25.0,30.0,18.0,25.0,32.0,21.0,24.0,26.0,22.0,39.0,32.0,22.0,23.0,25.0,20.0,18.0,34.0,24.0,32.0,16.0,15.0,31.0,30.0,28.0,23.0,22.0,26.0,26.0,30.0,24.0
16.0,21.0,23.0,19.0,14.0,16.0,17.0,23.0,20.0,24.0,22.0,25.0,32.0,13.0,21.0,23.0,24.0,22.0,35.0,20.0,15.0,24.0,15.0,20.0,22.0,24.0,23.0,19.0,20.0,21.0,19.0,21.0,19.0,22.0,15.0,24.0,12.0,22.0,20.0,21.0,14.0,15.0,16.0,19.0,19.0,22.0,29.0,20.0,15.0,24.0
17.0,30.0,21.0,19.0,15.0,24.0,27.0,19.0,25.0,22.0,17.0,18.0,19.0,23.0,29.0,19.0,18.0,19.0,18.0,29.0,33.0,22.0,21.0,24.0,22.0,18.0,22.0,34.0,22.0,31.0,19.0,15.0,14.0,23.0,19.0,20.0,20.0,23.0,9.0,15.0,17.0,35.0,26.0,20.0,14.0,17.0,17.0,28.0,33.0,22.0
26.0,32.0,24.0,20.0,23.0,24.0,25.0,26.0,28.0,26.0,30.0,27.0,29.0,26.0,27.0,25.0,29.0,26.0,27.0,26.0,22.0,18.0,19.0,26.0,21.0,26.0,28.0,23.0,30.0,26.0,22.0,17.0,25.0,28.0,22.0,19.0,24.0,18.0,34.0,30.0,34.0,22.0,16.0,27.0,27.0,20.0,34.0,29.0,30.0,18.0
