10,50,1000
18.708934,15.080199,16.648126,17.833063,18.421984,15.247078,17.669675,18.790989,18.137574,17.90451
6.7366,8.4146,5.919392,6.841668,6.355526,6.17049,6.504457,5.297725,9.27947,7.441268
0.0,10.0,20.0,30.0,40.0,50.0,60.0,70.0,80.0,90.0
10.0,0.0,10.0,20.0,30.0,40.0,50.0,60.0,70.0,80.0
20.0,10.0,0.0,10.0,20.0,30.0,40.0,50.0,60.0,70.0
30.0,20.0,10.0,0.0,10.0,20.0,30.0,40.0,50.0,60.0
40.0,30.0,20.0,10.0,0.0,10.0,20.0,30.0,40.0,50.0
50.0,40.0,30.0,20.0,10.0,0.0,10.0,20.0,30.0,40.0
60.0,50.0,40.0,30.0,20.0,10.0,0.0,10.0,20.0,30.0
70.0,60.0,50.0,40.0,30.0,20.0,10.0,0.0,10.0,20.0
80.0,70.0,60.0,50.0,40.0,30.0,20.0,10.0,0.0,10.0
90.0,80.0,70.0,60.0,50.0,40.0,30.0,20.0,10.0,0.0
450.0,400.0,350.0,300.0,250.0,250.0,300.0,350.0,400.0,450.0
0.0,1.0,2.0,3.0,4.0,5.0,6.0,7.0,8.0,9.0
1.0,0.0,1.0,2.0,3.0,4.0,5.0,6.0,7.0,8.0
2.0,1.0,0.0,1.0,2.0,3.0,4.0,5.0,6.0,7.0
3.0,2.0,1.0,0.0,1.0,2.0,3.0,4.0,5.0,6.0
4.0,3.0,2.0,1.0,0.0,1.0,2.0,3.0,4.0,5.0
5.0,4.0,3.0,2.0,1.0,0.0,1.0,2.0,3.0,4.0
6.0,5.0,4.0,3.0,2.0,1.0,0.0,1.0,2.0,3.0
7.0,6.0,5.0,4.0,3.0,2.0,1.0,0.0,1.0,2.0
8.0,7.0,6.0,5.0,4.0,3.0,2.0,1.0,0.0,1.0
9.0,8.0,7.0,6.0,5.0,4.0,3.0,2.0,1.0,0.0
45.0,40.0,35.0,30.0,25.0,25.0,30.0,35.0,40.0,45.0
32.0,18.0,20.0,28.0,38.0,32.0,22.0,30.0,28.0,30.0,26.0,29.0,26.0,39.0,18.0,29.0,25.0,37.0,31.0,21.0,24.0,27.0,32.0,33.0,20.0,23.0,29.0,26.0,23.0,25.0,33.0,28.0,28.0,31.0,25.0,31.0,16.0,24.0,30.0,33.0,32.0,30.0,22.0,24.0,25.0,25.0,30.0,27.0,25.0,21.0
40.0,35.0,30.0,27.0,28.0,31.0,27.0,23.0,30.0,35.0,25.0,16.0,27.0,40.0,21.0,23.0,33.0,31.0,32.0,27.0,32.0,46.0,32.0,26.0,31.0,24.0,40.0,31.0,26.0,27.0,30.0,28.0,32.0,38.0,29.0,31.0,36.0,35.0,22.0,35.0,48.0,30.0,27.0,22.0,28.0,32.0,36.0,33.0,28.0,29.0
22.0,25.0,20.0,24.0,23.0,21.0,24.0,15.0,19.0,26.0,22.0,28.0,22.0,36.0,29.0,20.0,23.0,21.0,29.0,24.0,25.0,23.0,25.0,20.0,20.0,24.0,37.0,21.0,16.0,29.0,30.0,34.0,18.0,14.0,32.0,21.0,18.0,17.0,26.0,24.0,26.0,21.0,17.0,23.0,29.0,24.0,21.0,24.0,17.0,22.0
30.0,27.0,22.0,21.0,29.0,25.0,28.0,30.0,25.0,25.0,28.0,35.0,43.0,26.0,22.0,23.0,31.0,29.0,22.0,26.0,20.0,22.0,28.0,32.0,26.0,20.0,31.0,33.0,34.0,27.0,25.0,22.0,31.0,35.0,27.0,25.0,29.0,34.0,27.0,28.0,34.0,32.0,21.0,23.0,31.0,35.0,29.0,26.0,29.0,32.0
27.0,18.0,19.0,25.0,29.0,25.0,19.0,36.0,30.0,21.0,24.0,20.0,26.0,29.0,21.0,23.0,25.0,28.0,33.0,34.0,28.0,22.0,24.0,25.0,24.0,22.0,27.0,20.0,29.0,24.0,26.0,26.0,26.0,28.0,28.0,24.0,16.0,26.0,21.0,19.0,29.0,20.0,27.0,27.0,25.0,19.0,26.0,28.0,38.0,22.0
23.0,32.0,15.0,31.0,18.0,19.0,22.0,15.0,26.0,16.0,23.0,31.0,21.0,25.0,28.0,29.0,26.0,20.0,17.0,29.0,20.0,26.0,21.0,22.0,19.0,17.0,24.0,24.0,31.0,29.0,27.0,23.0,26.0,26.0,21.0,28.0,31.0,30.0,29.0,21.0,32.0,19.0,23.0,16.0,27.0,26.0,27.0,19.0,29.0,27.0
32.0,31.0,24.0,28.0,23.0,31.0,31.0,30.0,38.0,24.0,26.0,31.0,21.0,37.0,22.0,25.0,23.0,22.0,33.0,26.0,25.0,23.0,32.0,35.0,29.0,20.0,26.0,40.0,22.0,23.0,20.0,19.0,25.0,24.0,22.0,17.0,26.0,36.0,31.0,22.0,26.0,30.0,29.0,28.0,27.0,19.0,26.0,27.0,30.0,24.0
16.0,18.0,13.0,17.0,25.0,18.0,23.0,21.0,15.0,15.0,21.0,25.0,19.0,19.0,15.0,23.0,17.0,21.0,24.0,23.0,20.0,22.0,22.0,20.0,18.0,25.0,21.0,26.0,19.0,32.0,18.0,23.0,24.0,22.0,23.0,23.0,27.0,19.0,18.0,26.0,22.0,19.0,27.0,20.0,20.0,22.0,18.0,21.0,21.0,22.0
24.0,33.0,39.0,39.0,41.0,39.0,30.0,34.0,29.0,40.0,34.0,30.0,38.0,29.0,32.0,33.0,32.0,35.0,37.0,39.0,36.0,35.0,33.0,35.0,24.0,43.0,42.0,22.0,26.0,35.0,27.0,30.0,41.0,27.0,49.0,40.0,48.0,32.0,21.0,36.0,34.0,37.0,33.0,41.0,27.0,41.0,36.0,46.0,37.0,38.0
21.0,39.0,32.0,26.0,37.0,33.0,30.0,30.0,24.0,30.0,23.0,27.0,38.0,27.0,29.0,23.0,32.0,25.0,40.0,34.0,37.0,22.0,27.0,34.0,33.0,28.0,32.0,28.0,34.0,31.0,28.0,35.0,34.0,36.0,35.0,32.0,26.0,31.0,27.0,27.0,31.0,33.0,38.0,20.0,31.0,33.0,25.0,35.0,30.0,26.0
