10,50,1000
17.181141,16.805835,19.523684,19.736132,16.687203,16.734391,19.325828,19.138874,16.020423,17.130822
8.56614,6.176821,9.61113,8.525559,9.275117,5.770918,9.258326,9.383595,6.160205,5.65465
0.0,10.0,20.0,30.0,40.0,50.0,60.0,70.0,80.0,90.0
10.0,0.0,10.0,20.0,30.0,40.0,50.0,60.0,70.0,80.0
20.0,10.0,0.0,10.0,20.0,30.0,40.0,50.0,60.0,70.0
30.0,20.0,10.0,0.0,10.0,20.0,30.0,40.0,50.0,60.0
40.0,30.0,20.0,10.0,0.0,10.0,20.0,30.0,40.0,50.0
50.0,40.0,30.0,20.0,10.0,0.0,10.0,20.0,30.0,40.0
60.0,50.0,40.0,30.0,20.0,10.0,0.0,10.0,20.0,30.0
70.0,60.0,50.0,40.0,30.0,20.0,10.0,0.0,10.0,20.0
80.0,70.0,60.0,50.0,40.0,30.0,20.0,10.0,0.0,10.0
90.0,80.0,70.0,60.0,50.0,40.0,30.0,20.0,10.0,0.0
450.0,400.0,350.0,300.0,250.0,250.0,300.0,350.0,400.0,450.0
0.0,1.0,2.0,3.0,4.0,5.0,6.0,7.0,8.0,9.0
1.0,0.0,1.0,2.0,3.0,4.0,5.0,6.0,7.0,8.0
2.0,1.0,0.0,1.0,2.0,3.0,4.0,5.0,6.0,7.0
3.0,2.0,1.0,0.0,1.0,2.0,3.0,4.0,5.0,6.0
4.0,3.0,2.0,1.0,0.0,1.0,2.0,3.0,4.0,5.0
5.0,4.0,3.0,2.0,1.0,0.0,1.0,2.0,3.0,4.0
6.0,5.0,4.0,3.0,2.0,1.0,0.0,1.0,2.0,3.0
7.0,6.0,5.0,4.0,3.0,2.0,1.0,0.0,1.0,2.0
8.0,7.0,6.0,5.0,4.0,3.0,2.0,1.0,0.0,1.0
9.0,8.0,7.0,6.0,5.0,4.0,3.0,2.0,1.0,0.0
45.0,40.0,35.0,30.0,25.0,25.0,30.0,35.0,40.0,45.0
30.0,28.0,35.0,35.0,31.0,45.0,35.0,30.0,26.0,40.0,38.0,39.0,41.0,21.0,28.0,28.0,32.0,24.0,30.0,26.0,45.0,39.0,40.0,25.0,43.0,35.0,32.0,32.0,35.0,25.0,40.0,28.0,24.0,31.0,28.0,32.0,35.0,28.0,32.0,27.0,38.0,26.0,45.0,30.0,31.0,32.0,21.0,29.0,33.0,42.0
24.0,22.0,19.0,14.0,25.0,30.0,20.0,19.0,25.0,13.0,25.0,30.0,29.0,29.0,27.0,37.0,26.0,24.0,15.0,30.0,29.0,27.0,27.0,25.0,27.0,26.0,22.0,21.0,24.0,21.0,26.0,24.0,26.0,19.0,30.0,22.0,16.0,33.0,19.0,23.0,25.0,24.0,19.0,21.0,22.0,20.0,13.0,21.0,27.0,24.0
33.0,36.0,37.0,32.0,43.0,26.0,37.0,36.0,27.0,31.0,37.0,31.0,32.0,41.0,30.0,36.0,38.0,46.0,30.0,29.0,34.0,40.0,36.0,44.0,37.0,39.0,41.0,36.0,29.0,41.0,38.0,42.0,40.0,27.0,46.0,42.0,42.0,44.0,41.0,32.0,39.0,27.0,27.0,49.0,30.0,35.0,42.0,34.0,39.0,44.0
24.0,28.0,35.0,31.0,26.0,38.0,22.0,40.0,38.0,33.0,35.0,32.0,34.0,39.0,31.0,37.0,26.0,31.0,30.0,38.0,39.0,31.0,27.0,37.0,36.0,28.0,31.0,32.0,35.0,31.0,29.0,27.0,38.0,35.0,34.0,33.0,30.0,27.0,31.0,29.0,36.0,32.0,35.0,26.0,28.0,34.0,37.0,33.0,33.0,33.0
38.0,39.0,36.0,27.0,37.0,27.0,38.0,30.0,54.0,46.0,28.0,37.0,30.0,41.0,43.0,34.0,29.0,39.0,23.0,43.0,42.0,47.0,38.0,33.0,32.0,25.0,24.0,35.0,26.0,27.0,31.0,30.0,38.0,38.0,37.0,35.0,37.0,38.0,24.0,43.0,40.0,36.0,51.0,35.0,38.0,38.0,40.0,26.0,29.0,35.0
15.0,22.0,19.0,21.0,21.0,18.0,27.0,23.0,17.0,28.0,23.0,22.0,27.0,16.0,26.0,24.0,22.0,23.0,27.0,23.0,25.0,14.0,24.0,18.0,21.0,22.0,15.0,24.0,32.0,24.0,19.0,26.0,30.0,32.0,17.0,25.0,18.0,29.0,19.0,35.0,23.0,22.0,19.0,25.0,23.0,19.0,24.0,19.0,26.0,11.0
33.0,40.0,46.0,37.0,24.0,42.0,29.0,31.0,34.0,37.0,43.0,33.0,30.0,32.0,33.0,39.0,42.0,42.0,32.0,30.0,30.0,28.0,33.0,43.0,43.0,51.0,37.0,29.0,45.0,39.0,23.0,40.0,41.0,39.0,28.0,34.0,37.0,28.0,43.0,43.0,29.0,39.0,42.0,24.0,40.0,35.0,26.0,45.0,34.0,34.0
32.0,26.0,32.0,48.0,37.0,41.0,32.0,31.0,39.0,32.0,42.0,31.0,38.0,39.0,29.0,38.0,22.0,39.0,29.0,53.0,33.0,33.0,39.0,34.0,32.0,37.0,35.0,39.0,47.0,27.0,45.0,39.0,38.0,35.0,26.0,45.0,32.0,36.0,40.0,45.0,39.0,30.0,34.0,39.0,43.0,39.0,32.0,34.0,32.0,39.0
33.0,30.0,16.0,30.0,22.0,20.0,28.0,24.0,23.0,17.0,19.0,33.0,22.0,27.0,11.0,19.0,23.0,25.0,16.0,27.0,27.0,29.0,22.0,21.0,25.0,28.0,21.0,25.0,24.0,23.0,16.0,20.0,21.0,19.0,21.0,29.0,27.0,28.0,23.0,16.0,35.0,23.0,16.0,24.0,26.0,21.0,21.0,23.0,25.0,23.0
19.0,15.0,18.0,18.0,20.0,25.0,22.0,27.0,21.0,26.0,20.0,25.0,33.0,28.0,16.0,22.0,11.0,23.0,26.0,20.0,20.0,31.0,25.0,31.0,32.0,23.0,20.0,18.0,24.0,17.0,29.0,22.0,23.0,29.0,28.0,25.0,19.0,20.0,20.0,26.0,24.0,22.0,17.0,15.0,23.0,20.0,12.0,25.0,21.0,30.0
