10,50,1000
16.564937,15.570388,16.126152,15.478575,19.227524,17.680715,18.67661,16.336008,19.286481,16.993328
9.497712,5.091804,7.804749,6.002433,5.830153,7.18573,6.710044,7.812151,5.604147,5.882355
0.0,10.0,20.0,30.0,40.0,50.0,60.0,70.0,80.0,90.0
10.0,0.0,10.0,20.0,30.0,40.0,50.0,60.0,70.0,80.0
20.0,10.0,0.0,10.0,20.0,30.0,40.0,50.0,60.0,70.0
30.0,20.0,10.0,0.0,10.0,20.0,30.0,40.0,50.0,60.0
40.0,30.0,20.0,10.0,0.0,10.0,20.0,30.0,40.0,50.0
50.0,40.0,30.0,20.0,10.0,0.0,10.0,20.0,30.0,40.0
60.0,50.0,40.0,30.0,20.0,10.0,0.0,10.0,20.0,30.0
70.0,60.0,50.0,40.0,30.0,20.0,10.0,0.0,10.0,20.0
80.0,70.0,60.0,50.0,40.0,30.0,20.0,10.0,0.0,10.0
90.0,80.0,70.0,60.0,50.0,40.0,30.0,20.0,10.0,0.0
450.0,400.0,350.0,300.0,250.0,250.0,300.0,350.0,400.0,450.0
0.0,1.0,2.0,3.0,4.0,5.0,6.0,7.0,8.0,9.0
1.0,0.0,1.0,2.0,3.0,4.0,5.0,6.0,7.0,8.0
2.0,1.0,0.0,1.0,2.0,3.0,4.0,5.0,6.0,7.0
3.0,2.0,1.0,0.0,1.0,2.0,3.0,4.0,5.0,6.0
4.0,3.0,2.0,1.0,0.0,1.0,2.0,3.0,4.0,5.0
5.0,4.0,3.0,2.0,1.0,0.0,1.0,2.0,3.0,4.0
6.0,5.0,4.0,3.0,2.0,1.0,0.0,1.0,2.0,3.0
7.0,6.0,5.0,4.0,3.0,2.0,1.0,0.0,1.0,2.0
8.0,7.0,6.0,5.0,4.0,3.0,2.0,1.0,0.0,1.0
9.0,8.0,7.0,6.0,5.0,4.0,3.0,2.0,1.0,0.0
45.0,40.0,35.0,30.0,25.0,25.0,30.0,35.0,40.0,45.0
37.0,36.0,45.0,29.0,32.0,31.0,35.0,38.0,42.0,26.0,47.0,34.0,36.0,37.0,27.0,34.0,40.0,30.0,38.0,26.0,35.0,34.0,37.0,35.0,37.0,35.0,35.0,47.0,39.0,34.0,37.0,34.0,27.0,32.0,43.0,33.0,42.0,26.0,40.0,33.0,37.0,33.0,32.0,45.0,42.0,39.0,41.0,22.0,32.0,34.0
30.0,19.0,25.0,16.0,19.0,21.0,23.0,30.0,24.0,18.0,23.0,21.0,25.0,19.0,22.0,19.0,17.0,28.0,19.0,23.0,23.0,21.0,17.0,27.0,13.0,21.0,21.0,17.0,19.0,12.0,21.0,17.0,19.0,22.0,21.0,16.0,14.0,25.0,22.0,17.0,19.0,13.0,12.0,22.0,16.0,26.0,29.0,22.0,21.0,27.0
34.0,40.0,43.0,29.0,21.0,30.0,22.0,33.0,32.0,28.0,30.0,34.0,30.0,36.0,25.0,28.0,34.0,36.0,23.0,25.0,23.0,32.0,37.0,31.0,27.0,25.0,33.0,28.0,32.0,29.0,39.0,24.0,33.0,36.0,30.0,30.0,30.0,33.0,28.0,26.0,24.0,33.0,18.0,29.0,36.0,32.0,24.0,37.0,29.0,30.0
21.0,21.0,25.0,27.0,18.0,19.0,29.0,13.0,19.0,23.0,18.0,23.0,27.0,34.0,29.0,22.0,18.0,26.0,25.0,31.0,23.0,23.0,31.0,17.0,18.0,34.0,19.0,20.0,25.0,25.0,20.0,26.0,24.0,35.0,24.0,18.0,18.0,18.0,19.0,20.0,20.0,26.0,28.0,22.0,18.0,20.0,29.0,19.0,23.0,22.0
22.0,24.0,31.0,19.0,28.0,14.0,17.0,28.0,20.0,31.0,19.0,25.0,17.0,24.0,22.0,25.0,24.0,24.0,15.0,25.0,16.0,25.0,35.0,18.0,23.0,28.0,23.0,29.0,17.0,24.0,22.0,22.0,30.0,26.0,27.0,23.0,21.0,20.0,32.0,28.0,23.0,21.0,20.0,23.0,22.0,26.0,28.0,31.0,26.0,23.0
25.0,37.0,38.0,22.0,28.0,21.0,38.0,26.0,19.0,21.0,25.0,33.0,24.0,25.0,26.0,24.0,27.0,28.0,32.0,32.0,25.0,29.0,34.0,38.0,33.0,37.0,28.0,21.0,31.0,26.0,27.0,28.0,25.0,24.0,20.0,43.0,32.0,32.0,23.0,26.0,25.0,32.0,28.0,29.0,26.0,29.0,30.0,25.0,30.0,28.0
20.0,19.0,28.0,30.0,42.0,26.0,24.0,38.0,31.0,34.0,28.0,25.0,29.0,27.0,28.0,36.0,31.0,34.0,49.0,40.0,36.0,27.0,22.0,27.0,23.0,21.0,37.0,23.0,37.0,30.0,27.0,21.0,26.0,20.0,37.0,29.0,27.0,17.0,32.0,30.0,29.0,29.0,33.0,27.0,21.0,30.0,25.0,33.0,22.0,28.0
20.0,26.0,33.0,24.0,42.0,33.0,31.0,36.0,24.0,24.0,29.0,27.0,28.0,25.0,36.0,31.0,25.0,33.0,29.0,28.0,30.0,29.0,25.0,31.0,27.0,34.0,23.0,29.0,22.0,39.0,27.0,26.0,23.0,25.0,25.0,20.0,31.0,26.0,39.0,26.0,39.0,29.0,23.0,31.0,34.0,29.0,29.0,31.0,23.0,29.0
20.0,20.0,16.0,26.0,22.0,25.0,19.0,30.0,28.0,22.0,23.0,32.0,23.0,18.0,21.0,24.0,22.0,27.0,24.0,21.0,28.0,23.0,34.0,21.0,28.0,22.0,14.0,25.0,21.0,31.0,18.0,17.0,28.0,34.0,33.0,26.0,31.0,23.0,18.0,22.0,32.0,26.0,29.0,19.0,16.0,22.0,21.0,25.0,21.0,18.0
22.0,28.0,26.0,30.0,20.0,23.0,26.0,23.0,24.0,21.0,31.0,31.0,23.0,23.0,26.0,20.0,26.0,24.0,22.0,26.0,19.0,30.0,22.0,15.0,27.0,24.0,25.0,14.0,22.0,21.0,19.0,21.0,20.0,17.0,32.0,27.0,29.0,33.0,20.0,17.0,19.0,27.0,24.0,16.0,17.0,23.0,23.0,30.0,21.0,18.0
