10,50,1000
16.132449,18.97412,15.356209,18.30643,16.242719,19.417929,16.829924,16.134576,17.860594,18.062597
9.534244,6.639728,6.460903,6.126756,5.881724,5.861293,9.459952,5.351565,9.881821,8.016411
0.0,10.0,20.0,30.0,40.0,50.0,60.0,70.0,80.0,90.0
10.0,0.0,10.0,20.0,30.0,40.0,50.0,60.0,70.0,80.0
20.0,10.0,0.0,10.0,20.0,30.0,40.0,50.0,60.0,70.0
30.0,20.0,10.0,0.0,10.0,20.0,30.0,40.0,50.0,60.0
40.0,30.0,20.0,10.0,0.0,10.0,20.0,30.0,40.0,50.0
50.0,40.0,30.0,20.0,10.0,0.0,10.0,20.0,30.0,40.0
60.0,50.0,40.0,30.0,20.0,10.0,0.0,10.0,20.0,30.0
70.0,60.0,50.0,40.0,30.0,20.0,10.0,0.0,10.0,20.0
80.0,70.0,60.0,50.0,40.0,30.0,20.0,10.0,0.0,10.0
90.0,80.0,70.0,60.0,50.0,40.0,30.0,20.0,10.0,0.0
450.0,400.0,350.0,300.0,250.0,250.0,300.0,350.0,400.0,450.0
0.0,1.0,2.0,3.0,4.0,5.0,6.0,7.0,8.0,9.0
1.0,0.0,1.0,2.0,3.0,4.0,5.0,6.0,7.0,8.0
2.0,1.0,0.0,1.0,2.0,3.0,4.0,5.0,6.0,7.0
3.0,2.0,1.0,0.0,1.0,2.0,3.0,4.0,5.0,6.0
4.0,3.0,2.0,1.0,0.0,1.0,2.0,3.0,4.0,5.0
5.0,4.0,3.0,2.0,1.0,0.0,1.0,2.0,3.0,4.0
6.0,5.0,4.0,3.0,2.0,1.0,0.0,1.0,2.0,3.0
7.0,6.0,5.0,4.0,3.0,2.0,1.0,0.0,1.0,2.0
8.0,7.0,6.0,5.0,4.0,3.0,2.0,1.0,0.0,1.0
9.0,8.0,7.0,6.0,5.0,4.0,3.0,2.0,1.0,0.0
45.0,40.0,35.0,30.0,25.0,25.0,30.0,35.0,40.0,45.0
39.0,41.0,34.0,30.0,31.0,37.0,42.0,28.0,50.0,34.0,44.0,37.0,40.0,30.0,38.0,31.0,26.0,29.0,31.0,33.0,49.0,39.0,35.0,38.0,36.0,38.0,33.0,41.0,40.0,35.0,35.0,38.0,28.0,44.0,28.0,33.0,32.0,37.0,37.0,38.0,41.0,38.0,33.0,33.0,31.0,31.0,47.0,32.0,38.0,39.0
24.0,24.0,21.0,32.0,26.0,23.0,29.0,22.0,20.0,27.0,25.0,25.0,21.0,24.0,23.0,29.0,30.0,15.0,23.0,22.0,29.0,30.0,21.0,20.0,22.0,26.0,20.0,23.0,24.0,24.0,20.0,29.0,28.0,26.0,22.0,18.0,21.0,21.0,27.0,32.0,24.0,27.0,16.0,28.0,27.0,25.0,32.0,19.0,28.0,20.0
26.0,18.0,26.0,24.0,28.0,29.0,39.0,24.0,22.0,20.0,20.0,32.0,23.0,28.0,23.0,33.0,22.0,30.0,26.0,26.0,37.0,27.0,24.0,28.0,22.0,24.0,26.0,20.0,25.0,27.0,25.0,31.0,25.0,19.0,26.0,34.0,29.0,20.0,20.0,19.0,29.0,26.0,19.0,24.0,30.0,30.0,27.0,20.0,18.0,24.0
20.0,24.0,29.0,19.0,29.0,26.0,24.0,23.0,15.0,26.0,18.0,22.0,26.0,27.0,21.0,21.0,22.0,25.0,30.0,22.0,31.0,22.0,31.0,23.0,25.0,28.0,26.0,30.0,24.0,16.0,21.0,22.0,22.0,18.0,25.0,27.0,22.0,30.0,24.0,27.0,24.0,24.0,21.0,26.0,26.0,19.0,22.0,31.0,29.0,25.0
20.0,25.0,34.0,25.0,32.0,19.0,22.0,26.0,19.0,24.0,23.0,20.0,21.0,20.0,22.0,22.0,25.0,17.0,22.0,20.0,20.0,21.0,27.0,18.0,10.0,26.0,21.0,25.0,14.0,26.0,19.0,23.0,20.0,28.0,25.0,30.0,28.0,28.0,19.0,28.0,21.0,20.0,33.0,26.0,23.0,31.0,22.0,23.0,28.0,29.0
29.0,25.0,20.0,22.0,25.0,25.0,20.0,20.0,28.0,12.0,15.0,21.0,27.0,21.0,22.0,21.0,23.0,22.0,26.0,31.0,24.0,23.0,27.0,22.0,23.0,24.0,25.0,29.0,19.0,17.0,22.0,23.0,21.0,20.0,28.0,21.0,13.0,21.0,26.0,22.0,22.0,29.0,22.0,23.0,33.0,19.0,17.0,21.0,28.0,20.0
45.0,42.0,31.0,31.0,37.0,33.0,44.0,40.0,29.0,30.0,41.0,35.0,34.0,43.0,35.0,33.0,39.0,30.0,33.0,35.0,35.0,40.0,39.0,35.0,37.0,32.0,36.0,34.0,31.0,36.0,38.0,44.0,24.0,38.0,29.0,37.0,29.0,46.0,34.0,31.0,43.0,36.0,36.0,40.0,31.0,30.0,35.0,33.0,37.0,31.0
28.0,28.0,17.0,18.0,26.0,26.0,20.0,22.0,20.0,24.0,27.0,19.0,26.0,18.0,22.0,19.0,13.0,27.0,23.0,24.0,21.0,11.0,30.0,13.0,21.0,24.0,27.0,19.0,19.0,17.0,14.0,17.0,24.0,17.0,19.0,21.0,29.0,20.0,26.0,19.0,28.0,24.0,19.0,25.0,17.0,19.0,21.0,15.0,14.0,19.0
26.0,30.0,30.0,29.0,48.0,47.0,33.0,37.0,42.0,44.0,39.0,29.0,35.0,33.0,38.0,36.0,45.0,27.0,35.0,36.0,33.0,38.0,30.0,35.0,36.0,44.0,38.0,33.0,30.0,33.0,27.0,40.0,36.0,25.0,35.0,36.0,41.0,36.0,32.0,30.0,45.0,30.0,43.0,37.0,32.0,39.0,33.0,43.0,35.0,29.0
32.0,28.0,33.0,28.0,34.0,34.0,30.0,43.0,33.0,35.0,28.0,31.0,30.0,37.0,37.0,34.0,28.0,36.0,29.0,33.0,24.0,32.0,38.0,36.0,29.0,34.0,36.0,18.0,35.0,38.0,31.0,29.0,31.0,32.0,34.0,32.0,34.0,27.0,32.0,26.0,37.0,22.0,25.0,27.0,30.0,35.0,29.0,25.0,36.0,28.0
