10,50,1000
19.772537,16.35465,17.551599,15.640977,17.072723,19.024575,17.142164,15.499123,17.276998,15.391869
8.61933,7.003912,5.092523,9.15504,5.476393,5.09735,9.305452,7.721325,5.106357,6.262612
0.0,10.0,20.0,30.0,40.0,50.0,60.0,70.0,80.0,90.0
10.0,0.0,10.0,20.0,30.0,40.0,50.0,60.0,70.0,80.0
20.0,10.0,0.0,10.0,20.0,30.0,40.0,50.0,60.0,70.0
30.0,20.0,10.0,0.0,10.0,20.0,30.0,40.0,50.0,60.0
40.0,30.0,20.0,10.0,0.0,10.0,20.0,30.0,40.0,50.0
50.0,40.0,30.0,20.0,10.0,0.0,10.0,20.0,30.0,40.0
60.0,50.0,40.0,30.0,20.0,10.0,0.0,10.0,20.0,30.0
70.0,60.0,50.0,40.0,30.0,20.0,10.0,0.0,10.0,20.0
80.0,70.0,60.0,50.0,40.0,30.0,20.0,10.0,0.0,10.0
90.0,80.0,70.0,60.0,50.0,40.0,30.0,20.0,10.0,0.0
450.0,400.0,350.0,300.0,250.0,250.0,300.0,350.0,400.0,450.0
0.0,1.0,2.0,3.0,4.0,5.0,6.0,7.0,8.0,9.0
1.0,0.0,1.0,2.0,3.0,4.0,5.0,6.0,7.0,8.0
2.0,1.0,0.0,1.0,2.0,3.0,4.0,5.0,6.0,7.0
3.0,2.0,1.0,0.0,1.0,2.0,3.0,4.0,5.0,6.0
4.0,3.0,2.0,1.0,0.0,1.0,2.0,3.0,4.0,5.0
5.0,4.0,3.0,2.0,1.0,0.0,1.0,2.0,3.0,4.0
6.0,5.0,4.0,3.0,2.0,1.0,0.0,1.0,2.0,3.0
7.0,6.0,5.0,4.0,3.0,2.0,1.0,0.0,1.0,2.0
8.0,7.0,6.0,5.0,4.0,3.0,2.0,1.0,0.0,1.0
9.0,8.0,7.0,6.0,5.0,4.0,3.0,2.0,1.0,0.0
45.0,40.0,35.0,30.0,25.0,25.0,30.0,35.0,40.0,45.0
36.0,31.0,42.0,33.0,32.0,28.0,38.0,28.0,33.0,29.0,31.0,45.0,32.0,33.0,27.0,34.0,28.0,41.0,41.0,30.0,33.0,33.0,27.0,32.0,31.0,36.0,35.0,35.0,38.0,32.0,25.0,29.0,35.0,33.0,21.0,26.0,35.0,36.0,24.0,24.0,34.0,29.0,34.0,34.0,33.0,38.0,35.0,36.0,35.0,35.0
30.0,19.0,31.0,29.0,23.0,29.0,23.0,24.0,25.0,25.0,28.0,28.0,28.0,33.0,33.0,32.0,33.0,21.0,32.0,24.0,25.0,29.0,27.0,23.0,25.0,27.0,32.0,21.0,26.0,23.0,17.0,25.0,24.0,32.0,29.0,20.0,29.0,30.0,44.0,25.0,19.0,25.0,29.0,28.0,24.0,38.0,28.0,23.0,26.0,25.0
22.0,14.0,23.0,27.0,28.0,20.0,24.0,14.0,14.0,23.0,15.0,26.0,24.0,17.0,25.0,22.0,16.0,19.0,19.0,19.0,18.0,28.0,21.0,15.0,21.0,31.0,28.0,22.0,20.0,15.0,21.0,24.0,21.0,19.0,23.0,27.0,31.0,27.0,14.0,15.0,24.0,23.0,14.0,19.0,21.0,14.0,23.0,18.0,23.0,17.0
31.0,27.0,27.0,31.0,35.0,37.0,40.0,33.0,31.0,44.0,40.0,23.0,25.0,22.0,31.0,34.0,39.0,23.0,28.0,34.0,33.0,33.0,35.0,41.0,30.0,27.0,40.0,31.0,38.0,35.0,46.0,30.0,38.0,43.0,33.0,28.0,53.0,32.0,33.0,35.0,40.0,24.0,34.0,31.0,31.0,31.0,30.0,36.0,33.0,26.0
23.0,18.0,30.0,25.0,20.0,22.0,28.0,21.0,24.0,28.0,30.0,21.0,17.0,24.0,19.0,15.0,28.0,26.0,20.0,20.0,19.0,13.0,24.0,19.0,26.0,12.0,25.0,27.0,21.0,23.0,20.0,25.0,29.0,20.0,21.0,29.0,23.0,16.0,29.0,25.0,24.0,18.0,19.0,17.0,28.0,18.0,26.0,20.0,37.0,26.0
24.0,24.0,19.0,27.0,18.0,15.0,25.0,14.0,20.0,17.0,16.0,16.0,25.0,23.0,26.0,29.0,15.0,27.0,26.0,28.0,23.0,19.0,27.0,19.0,18.0,26.0,28.0,21.0,28.0,26.0,29.0,20.0,23.0,15.0,19.0,17.0,18.0,22.0,21.0,15.0,23.0,25.0,37.0,25.0,25.0,24.0,15.0,32.0,28.0,22.0
31.0,30.0,36.0,29.0,34.0,45.0,39.0,27.0,37.0,39.0,38.0,27.0,35.0,41.0,26.0,34.0,20.0,44.0,40.0,31.0,27.0,34.0,37.0,31.0,36.0,26.0,33.0,32.0,37.0,35.0,31.0,36.0,33.0,38.0,30.0,24.0,40.0,33.0,31.0,38.0,32.0,37.0,34.0,34.0,33.0,36.0,34.0,41.0,26.0,41.0
33.0,32.0,26.0,34.0,33.0,21.0,29.0,23.0,21.0,41.0,27.0,36.0,23.0,20.0,29.0,32.0,36.0,28.0,30.0,26.0,32.0,26.0,33.0,24.0,21.0,33.0,29.0,44.0,27.0,31.0,27.0,23.0,24.0,28.0,30.0,21.0,24.0,29.0,29.0,39.0,24.0,21.0,27.0,26.0,28.0,30.0,26.0,25.0,24.0,26.0
21.0,22.0,14.0,25.0,20.0,32.0,23.0,23.0,17.0,24.0,13.0,25.0,30.0,24.0,16.0,26.0,29.0,19.0,12.0,27.0,27.0,22.0,17.0,25.0,23.0,21.0,23.0,25.0,22.0,23.0,16.0,26.0,24.0,25.0,21.0,22.0,23.0,17.0,16.0,17.0,22.0,17.0,23.0,16.0,27.0,18.0,19.0,15.0,21.0,25.0
22.0,19.0,32.0,16.0,23.0,24.0,26.0,23.0,24.0,19.0,27.0,22.0,16.0,18.0,22.0,28.0,22.0,29.0,23.0,21.0,23.0,13.0,23.0,22.0,19.0,31.0,35.0,12.0,17.0,26.0,20.0,21.0,25.0,29.0,18.0,22.0,28.0,23.0,25.0,25.0,39.0,23.0,25.0,20.0,32.0,21.0,18.0,36.0,24.0,23.0
