10,50,1000
16.425952,17.660371,19.626125,15.090046,18.771177,16.242902,17.066779,16.040632,17.643199,16.735522
9.418942,9.489184,9.048853,7.70225,8.282853,5.922933,8.907653,9.594415,6.264058,7.40638
0.0,10.0,20.0,30.0,40.0,50.0,60.0,70.0,80.0,90.0
10.0,0.0,10.0,20.0,30.0,40.0,50.0,60.0,70.0,80.0
20.0,10.0,0.0,10.0,20.0,30.0,40.0,50.0,60.0,70.0
30.0,20.0,10.0,0.0,10.0,20.0,30.0,40.0,50.0,60.0
40.0,30.0,20.0,10.0,0.0,10.0,20.0,30.0,40.0,50.0
50.0,40.0,30.0,20.0,10.0,0.0,10.0,20.0,30.0,40.0
60.0,50.0,40.0,30.0,20.0,10.0,0.0,10.0,20.0,30.0
70.0,60.0,50.0,40.0,30.0,20.0,10.0,0.0,10.0,20.0
80.0,70.0,60.0,50.0,40.0,30.0,20.0,10.0,0.0,10.0
90.0,80.0,70.0,60.0,50.0,40.0,30.0,20.0,10.0,0.0
450.0,400.0,350.0,300.0,250.0,250.0,300.0,350.0,400.0,450.0
0.0,1.0,2.0,3.0,4.0,5.0,6.0,7.0,8.0,9.0
1.0,0.0,1.0,2.0,3.0,4.0,5.0,6.0,7.0,8.0
2.0,1.0,0.0,1.0,2.0,3.0,4.0,5.0,6.0,7.0
3.0,2.0,1.0,0.0,1.0,2.0,3.0,4.0,5.0,6.0
4.0,3.0,2.0,1.0,0.0,1.0,2.0,3.0,4.0,5.0
5.0,4.0,3.0,2.0,1.0,0.0,1.0,2.0,3.0,4.0
6.0,5.0,4.0,3.0,2.0,1.0,0.0,1.0,2.0,3.0
7.0,6.0,5.0,4.0,3.0,2.0,1.0,0.0,1.0,2.0
8.0,7.0,6.0,5.0,4.0,3.0,2.0,1.0,0.0,1.0
9.0,8.0,7.0,6.0,5.0,4.0,3.0,2.0,1.0,0.0
45.0,40.0,35.0,30.0,25.0,25.0,30.0,35.0,40.0,45.0
27.0,33.0,37.0,28.0,28.0,40.0,36.0,20.0,29.0,32.0,35.0,31.0,34.0,36.0,31.0,34.0,33.0,23.0,36.0,32.0,33.0,43.0,41.0,35.0,39.0,25.0,38.0,35.0,36.0,28.0,32.0,42.0,35.0,37.0,33.0,31.0,44.0,31.0,29.0,27.0,37.0,35.0,30.0,34.0,35.0,25.0,33.0,34.0,34.0,37.0
47.0,46.0,27.0,33.0,34.0,37.0,35.0,33.0,27.0,40.0,39.0,40.0,37.0,29.0,29.0,37.0,25.0,35.0,30.0,38.0,35.0,39.0,25.0,33.0,41.0,29.0,39.0,37.0,40.0,40.0,33.0,38.0,39.0,41.0,37.0,35.0,27.0,44.0,37.0,51.0,31.0,36.0,42.0,44.0,28.0,38.0,27.0,38.0,29.0,41.0
50.0,40.0,43.0,29.0,35.0,38.0,37.0,37.0,33.0,29.0,35.0,20.0,39.0,37.0,26.0,36.0,37.0,41.0,38.0,29.0,37.0,20.0,48.0,35.0,31.0,37.0,32.0,32.0,41.0,39.0,35.0,33.0,31.0,38.0,37.0,29.0,19.0,30.0,40.0,18.0,29.0,33.0,34.0,34.0,30.0,30.0,32.0,42.0,34.0,33.0
25.0,21.0,17.0,23.0,35.0,19.0,21.0,32.0,27.0,28.0,32.0,26.0,31.0,32.0,37.0,36.0,32.0,34.0,28.0,28.0,22.0,27.0,30.0,22.0,26.0,29.0,28.0,27.0,37.0,30.0,37.0,37.0,29.0,31.0,37.0,30.0,22.0,48.0,29.0,50.0,25.0,20.0,33.0,25.0,28.0,26.0,31.0,30.0,24.0,34.0
34.0,39.0,31.0,35.0,31.0,31.0,42.0,49.0,27.0,33.0,32.0,37.0,32.0,32.0,36.0,35.0,23.0,38.0,31.0,34.0,30.0,36.0,29.0,22.0,40.0,38.0,35.0,28.0,32.0,38.0,37.0,36.0,47.0,29.0,28.0,38.0,35.0,26.0,46.0,26.0,18.0,33.0,31.0,26.0,26.0,28.0,33.0,32.0,32.0,33.0
23.0,16.0,17.0,24.0,24.0,29.0,28.0,17.0,30.0,23.0,23.0,28.0,24.0,17.0,24.0,16.0,20.0,15.0,29.0,26.0,15.0,23.0,25.0,22.0,18.0,25.0,14.0,14.0,21.0,26.0,28.0,40.0,22.0,23.0,29.0,29.0,18.0,22.0,19.0,27.0,23.0,20.0,21.0,22.0,39.0,35.0,20.0,27.0,16.0,29.0
44.0,31.0,38.0,37.0,30.0,22.0,37.0,51.0,38.0,23.0,30.0,36.0,32.0,29.0,32.0,34.0,38.0,37.0,42.0,28.0,36.0,31.0,26.0,34.0,40.0,32.0,34.0,33.0,35.0,33.0,27.0,46.0,41.0,35.0,50.0,37.0,25.0,32.0,28.0,41.0,32.0,28.0,37.0,39.0,31.0,35.0,39.0,32.0,23.0,32.0
31.0,37.0,27.0,41.0,37.0,51.0,36.0,31.0,41.0,32.0,36.0,37.0,35.0,31.0,34.0,40.0,26.0,34.0,31.0,38.0,42.0,36.0,32.0,38.0,28.0,33.0,34.0,31.0,45.0,32.0,33.0,32.0,35.0,27.0,31.0,37.0,31.0,32.0,38.0,27.0,26.0,30.0,30.0,45.0,31.0,38.0,32.0,34.0,31.0,54.0
29.0,28.0,27.0,25.0,32.0,21.0,32.0,22.0,23.0,36.0,24.0,17.0,42.0,24.0,25.0,31.0,22.0,23.0,25.0,23.0,26.0,21.0,15.0,24.0,14.0,17.0,13.0,26.0,20.0,30.0,26.0,20.0,27.0,25.0,25.0,18.0,31.0,31.0,27.0,18.0,22.0,18.0,28.0,24.0,20.0,22.0,25.0,29.0,14.0,23.0
38.0,23.0,23.0,31.0,44.0,30.0,25.0,35.0,23.0,27.0,19.0,28.0,24.0,25.0,32.0,25.0,29.0,27.0,24.0,24.0,26.0,21.0,36.0,34.0,34.0,29.0,22.0,31.0,25.0,31.0,20.0,27.0,30.0,20.0,26.0,38.0,24.0,25.0,23.0,18.0,28.0,27.0,27.0,32.0,30.0,30.0,38.0,22.0,26.0,20.0
