10,50,1000
16.57649,18.930254,17.876473,17.451523,15.423371,18.227098,18.498088,19.396845,15.648269,18.759898
5.028002,7.624266,5.253281,7.016107,5.38345,9.011495,6.881386,5.771228,8.367273,7.438262
0.0,10.0,20.0,30.0,40.0,50.0,60.0,70.0,80.0,90.0
10.0,0.0,10.0,20.0,30.0,40.0,50.0,60.0,70.0,80.0
20.0,10.0,0.0,10.0,20.0,30.0,40.0,50.0,60.0,70.0
30.0,20.0,10.0,0.0,10.0,20.0,30.0,40.0,50.0,60.0
40.0,30.0,20.0,10.0,0.0,10.0,20.0,30.0,40.0,50.0
50.0,40.0,30.0,20.0,10.0,0.0,10.0,20.0,30.0,40.0
60.0,50.0,40.0,30.0,20.0,10.0,0.0,10.0,20.0,30.0
70.0,60.0,50.0,40.0,30.0,20.0,10.0,0.0,10.0,20.0
80.0,70.0,60.0,50.0,40.0,30.0,20.0,10.0,0.0,10.0
90.0,80.0,70.0,60.0,50.0,40.0,30.0,20.0,10.0,0.0
450.0,400.0,350.0,300.0,250.0,250.0,300.0,350.0,400.0,450.0
0.0,1.0,2.0,3.0,4.0,5.0,6.0,7.0,8.0,9.0
1.0,0.0,1.0,2.0,3.0,4.0,5.0,6.0,7.0,8.0
2.0,1.0,0.0,1.0,2.0,3.0,4.0,5.0,6.0,7.0
3.0,2.0,1.0,0.0,1.0,2.0,3.0,4.0,5.0,6.0
4.0,3.0,2.0,1.0,0.0,1.0,2.0,3.0,4.0,5.0
5.0,4.0,3.0,2.0,1.0,0.0,1.0,2.0,3.0,4.0
6.0,5.0,4.0,3.0,2.0,1.0,0.0,1.0,2.0,3.0
7.0,6.0,5.0,4.0,3.0,2.0,1.0,0.0,1.0,2.0
8.0,7.0,6.0,5.0,4.0,3.0,2.0,1.0,0.0,1.0
9.0,8.0,7.0,6.0,5.0,4.0,3.0,2.0,1.0,0.0
45.0,40.0,35.0,30.0,25.0,25.0,30.0,35.0,40.0,45.0
18.0,24.0,35.0,26.0,25.0,23.0,23.0,26.0,21.0,22.0,28.0,15.0,22.0,18.0,16.0,28.0,18.0,31.0,23.0,16.0,22.0,26.0,21.0,23.0,26.0,18.0,27.0,20.0,19.0,25.0,20.0,22.0,13.0,20.0,22.0,17.0,22.0,17.0,17.0,18.0,13.0,18.0,20.0,22.0,21.0,25.0,13.0,18.0,23.0,20.0
30.0,28.0,26.0,33.0,27.0,34.0,27.0,29.0,26.0,34.0,28.0,28.0,18.0,29.0,25.0,32.0,23.0,27.0,34.0,35.0,40.0,27.0,32.0,27.0,27.0,33.0,26.0,36.0,19.0,28.0,25.0,30.0,31.0,23.0,25.0,27.0,34.0,24.0,28.0,37.0,32.0,33.0,33.0,29.0,33.0,33.0,25.0,29.0,27.0,35.0
18.0,23.0,27.0,22.0,24.0,21.0,28.0,21.0,26.0,29.0,21.0,19.0,14.0,19.0,18.0,18.0,19.0,26.0,20.0,17.0,28.0,23.0,23.0,13.0,25.0,21.0,27.0,27.0,17.0,21.0,18.0,26.0,16.0,21.0,25.0,22.0,24.0,26.0,30.0,19.0,31.0,22.0,27.0,27.0,18.0,21.0,24.0,27.0,25.0,24.0
35.0,22.0,26.0,24.0,23.0,27.0,21.0,25.0,29.0,37.0,22.0,25.0,21.0,25.0,18.0,18.0,34.0,37.0,37.0,28.0,32.0,30.0,17.0,37.0,21.0,26.0,36.0,37.0,35.0,27.0,19.0,18.0,30.0,42.0,26.0,22.0,32.0,24.0,25.0,24.0,29.0,20.0,22.0,27.0,30.0,24.0,28.0,20.0,26.0,30.0
17.0,21.0,18.0,22.0,31.0,13.0,23.0,19.0,23.0,17.0,26.0,30.0,20.0,16.0,19.0,15.0,17.0,23.0,19.0,25.0,24.0,25.0,32.0,15.0,16.0,19.0,19.0,17.0,19.0,22.0,18.0,12.0,10.0,22.0,24.0,24.0,21.0,20.0,20.0,14.0,22.0,18.0,12.0,17.0,26.0,25.0,18.0,17.0,20.0,15.0
32.0,30.0,35.0,32.0,34.0,45.0,33.0,40.0,37.0,34.0,29.0,29.0,28.0,30.0,49.0,37.0,33.0,27.0,38.0,34.0,34.0,24.0,41.0,37.0,29.0,33.0,31.0,33.0,40.0,41.0,46.0,45.0,31.0,35.0,33.0,29.0,43.0,33.0,30.0,38.0,36.0,27.0,39.0,43.0,33.0,28.0,35.0,33.0,27.0,26.0
27.0,26.0,29.0,29.0,22.0,24.0,30.0,28.0,33.0,26.0,25.0,33.0,19.0,20.0,25.0,32.0,34.0,24.0,26.0,24.0,35.0,30.0,23.0,34.0,34.0,25.0,28.0,14.0,32.0,26.0,24.0,27.0,23.0,24.0,33.0,19.0,22.0,28.0,26.0,20.0,19.0,20.0,20.0,23.0,22.0,35.0,21.0,28.0,32.0,24.0
21.0,30.0,23.0,24.0,27.0,21.0,24.0,28.0,26.0,20.0,27.0,26.0,30.0,23.0,34.0,25.0,18.0,31.0,27.0,31.0,17.0,23.0,27.0,19.0,23.0,25.0,29.0,19.0,22.0,20.0,27.0,23.0,25.0,21.0,15.0,22.0,24.0,22.0,30.0,19.0,17.0,21.0,26.0,25.0,25.0,26.0,17.0,31.0,22.0,24.0
29.0,26.0,25.0,25.0,43.0,30.0,41.0,24.0,31.0,24.0,30.0,26.0,39.0,29.0,25.0,33.0,38.0,19.0,26.0,29.0,38.0,37.0,30.0,32.0,31.0,32.0,28.0,37.0,26.0,27.0,34.0,29.0,35.0,28.0,32.0,21.0,30.0,29.0,26.0,30.0,38.0,32.0,36.0,41.0,36.0,37.0,38.0,35.0,19.0,28.0
29.0,27.0,29.0,28.0,29.0,27.0,28.0,16.0,34.0,34.0,23.0,34.0,21.0,27.0,37.0,31.0,31.0,38.0,30.0,30.0,29.0,28.0,40.0,26.0,33.0,35.0,27.0,25.0,27.0,29.0,24.0,20.0,32.0,23.0,36.0,25.0,25.0,25.0,20.0,23.0,35.0,20.0,36.0,29.0,34.0,36.0,25.0,35.0,21.0,29.0
