10,50,1000
16.800705,18.948866,15.456486,15.458184,16.012421,17.972979,19.907504,19.848503,17.210029,18.724307
6.361694,6.812953,8.961636,7.69868,8.846012,7.182341,9.865895,8.732764,9.613647,7.86597
0.0,10.0,20.0,30.0,40.0,50.0,60.0,70.0,80.0,90.0
10.0,0.0,10.0,20.0,30.0,40.0,50.0,60.0,70.0,80.0
20.0,10.0,0.0,10.0,20.0,30.0,40.0,50.0,60.0,70.0
30.0,20.0,10.0,0.0,10.0,20.0,30.0,40.0,50.0,60.0
40.0,30.0,20.0,10.0,0.0,10.0,20.0,30.0,40.0,50.0
50.0,40.0,30.0,20.0,10.0,0.0,10.0,20.0,30.0,40.0
60.0,50.0,40.0,30.0,20.0,10.0,0.0,10.0,20.0,30.0
70.0,60.0,50.0,40.0,30.0,20.0,10.0,0.0,10.0,20.0
80.0,70.0,60.0,50.0,40.0,30.0,20.0,10.0,0.0,10.0
90.0,80.0,70.0,60.0,50.0,40.0,30.0,20.0,10.0,0.0
450.0,400.0,350.0,300.0,250.0,250.0,300.0,350.0,400.0,450.0
0.0,1.0,2.0,3.0,4.0,5.0,6.0,7.0,8.0,9.0
1.0,0.0,1.0,2.0,3.0,4.0,5.0,6.0,7.0,8.0
2.0,1.0,0.0,1.0,2.0,3.0,4.0,5.0,6.0,7.0
3.0,2.0,1.0,0.0,1.0,2.0,3.0,4.0,5.0,6.0
4.0,3.0,2.0,1.0,0.0,1.0,2.0,3.0,4.0,5.0
5.0,4.0,3.0,2.0,1.0,0.0,1.0,2.0,3.0,4.0
6.0,5.0,4.0,3.0,2.0,1.0,0.0,1.0,2.0,3.0
7.0,6.0,5.0,4.0,3.0,2.0,1.0,0.0,1.0,2.0
8.0,7.0,6.0,5.0,4.0,3.0,2.0,1.0,0.0,1.0
9.0,8.0,7.0,6.0,5.0,4.0,3.0,2.0,1.0,0.0
45.0,40.0,35.0,30.0,25.0,25.0,30.0,35.0,40.0,45.0
30.0,19.0,21.0,30.0,24.0,23.0,17.0,23.0,21.0,23.0,23.0,24.0,21.0,14.0,30.0,20.0,25.0,28.0,21.0,23.0,23.0,40.0,23.0,21.0,38.0,20.0,26.0,30.0,25.0,26.0,37.0,23.0,29.0,26.0,24.0,30.0,25.0,23.0,25.0,28.0,24.0,35.0,30.0,26.0,18.0,24.0,19.0,27.0,21.0,18.0
29.0,32.0,31.0,29.0,40.0,35.0,30.0,33.0,28.0,33.0,28.0,29.0,29.0,21.0,15.0,29.0,20.0,26.0,24.0,37.0,24.0,26.0,38.0,15.0,22.0,19.0,25.0,20.0,30.0,22.0,35.0,22.0,24.0,36.0,24.0,27.0,17.0,20.0,26.0,31.0,31.0,26.0,34.0,31.0,27.0,24.0,32.0,24.0,30.0,31.0
33.0,41.0,32.0,34.0,37.0,34.0,30.0,24.0,32.0,38.0,38.0,32.0,38.0,33.0,42.0,39.0,41.0,34.0,24.0,26.0,30.0,36.0,29.0,32.0,36.0,25.0,28.0,28.0,25.0,30.0,23.0,36.0,43.0,28.0,40.0,31.0,32.0,43.0,32.0,40.0,26.0,34.0,37.0,38.0,31.0,27.0,32.0,40.0,36.0,31.0
27.0,30.0,30.0,35.0,31.0,17.0,39.0,36.0,26.0,27.0,24.0,31.0,37.0,38.0,36.0,26.0,31.0,34.0,34.0,29.0,18.0,29.0,19.0,34.0,36.0,29.0,26.0,29.0,22.0,24.0,34.0,26.0,26.0,31.0,32.0,41.0,30.0,38.0,23.0,36.0,22.0,32.0,35.0,26.0,32.0,24.0,34.0,25.0,29.0,42.0
22.0,31.0,37.0,31.0,28.0,33.0,35.0,36.0,33.0,27.0,38.0,35.0,28.0,36.0,29.0,35.0,35.0,42.0,39.0,36.0,32.0,34.0,30.0,34.0,21.0,34.0,33.0,39.0,47.0,31.0,42.0,35.0,44.0,29.0,30.0,30.0,44.0,41.0,21.0,35.0,41.0,30.0,28.0,40.0,35.0,38.0,40.0,43.0,28.0,34.0
30.0,25.0,34.0,30.0,28.0,29.0,27.0,37.0,31.0,23.0,28.0,27.0,26.0,24.0,23.0,35.0,22.0,28.0,23.0,23.0,23.0,31.0,24.0,29.0,25.0,21.0,17.0,22.0,33.0,24.0,30.0,24.0,30.0,24.0,36.0,17.0,32.0,34.0,27.0,37.0,36.0,36.0,36.0,26.0,24.0,38.0,31.0,26.0,18.0,32.0
41.0,28.0,54.0,36.0,39.0,42.0,38.0,41.0,45.0,37.0,35.0,35.0,38.0,41.0,40.0,35.0,30.0,35.0,35.0,36.0,37.0,34.0,31.0,39.0,30.0,36.0,35.0,32.0,46.0,36.0,41.0,50.0,40.0,35.0,43.0,35.0,31.0,38.0,30.0,30.0,28.0,40.0,36.0,37.0,35.0,33.0,43.0,49.0,29.0,45.0
29.0,38.0,31.0,34.0,24.0,34.0,42.0,30.0,32.0,34.0,27.0,33.0,33.0,28.0,49.0,29.0,32.0,33.0,34.0,39.0,35.0,26.0,32.0,36.0,25.0,29.0,36.0,28.0,28.0,34.0,33.0,21.0,35.0,22.0,36.0,39.0,27.0,33.0,36.0,30.0,35.0,40.0,36.0,27.0,38.0,33.0,31.0,39.0,39.0,45.0
32.0,38.0,26.0,27.0,30.0,34.0,32.0,41.0,42.0,31.0,46.0,34.0,28.0,37.0,46.0,30.0,37.0,31.0,27.0,36.0,37.0,30.0,46.0,36.0,30.0,45.0,27.0,37.0,30.0,38.0,32.0,39.0,30.0,31.0,34.0,40.0,45.0,33.0,41.0,38.0,31.0,27.0,32.0,38.0,32.0,29.0,39.0,30.0,33.0,29.0
37.0,33.0,29.0,28.0,34.0,34.0,39.0,34.0,24.0,32.0,33.0,26.0,29.0,30.0,31.0,34.0,24.0,27.0,20.0,35.0,24.0,28.0,28.0,22.0,24.0,34.0,24.0,27.0,29.0,33.0,34.0,30.0,28.0,28.0,24.0,37.0,37.0,30.0,32.0,37.0,29.0,31.0,33.0,28.0,31.0,27.0,36.0,33.0,21.0,34.0
