10,50,1000
19.851598,17.898776,19.151489,17.935496,17.299517,19.132468,15.029557,15.507848,17.51588,17.378018
8.378055,9.956661,7.759193,5.280734,8.184172,7.668052,6.952241,5.346875,8.416902,6.312722
0.0,10.0,20.0,30.0,40.0,50.0,60.0,70.0,80.0,90.0
10.0,0.0,10.0,20.0,30.0,40.0,50.0,60.0,70.0,80.0
20.0,10.0,0.0,10.0,20.0,30.0,40.0,50.0,60.0,70.0
30.0,20.0,10.0,0.0,10.0,20.0,30.0,40.0,50.0,60.0
40.0,30.0,20.0,10.0,0.0,10.0,20.0,30.0,40.0,50.0
50.0,40.0,30.0,20.0,10.0,0.0,10.0,20.0,30.0,40.0
60.0,50.0,40.0,30.0,20.0,10.0,0.0,10.0,20.0,30.0
70.0,60.0,50.0,40.0,30.0,20.0,10.0,0.0,10.0,20.0
80.0,70.0,60.0,50.0,40.0,30.0,20.0,10.0,0.0,10.0
90.0,80.0,70.0,60.0,50.0,40.0,30.0,20.0,10.0,0.0
450.0,400.0,350.0,300.0,250.0,250.0,300.0,350.0,400.0,450.0
0.0,1.0,2.0,3.0,4.0,5.0,6.0,7.0,8.0,9.0
1.0,0.0,1.0,2.0,3.0,4.0,5.0,6.0,7.0,8.0
2.0,1.0,0.0,1.0,2.0,3.0,4.0,5.0,6.0,7.0
3.0,2.0,1.0,0.0,1.0,2.0,3.0,4.0,5.0,6.0
4.0,3.0,2.0,1.0,0.0,1.0,2.0,3.0,4.0,5.0
5.0,4.0,3.0,2.0,1.0,0.0,1.0,2.0,3.0,4.0
6.0,5.0,4.0,3.0,2.0,1.0,0.0,1.0,2.0,3.0
7.0,6.0,5.0,4.0,3.0,2.0,1.0,0.0,1.0,2.0
8.0,7.0,6.0,5.0,4.0,3.0,2.0,1.0,0.0,1.0
9.0,8.0,7.0,6.0,5.0,4.0,3.0,2.0,1.0,0.0
45.0,40.0,35.0,30.0,25.0,25.0,30.0,35.0,40.0,45.0
35.0,27.0,34.0,37.0,32.0,24.0,37.0,39.0,21.0,40.0,32.0,37.0,37.0,33.0,27.0,30.0,36.0,27.0,38.0,43.0,25.0,27.0,27.0,39.0,36.0,40.0,39.0,41.0,30.0,28.0,33.0,41.0,25.0,27.0,32.0,22.0,33.0,38.0,33.0,30.0,22.0,29.0,26.0,39.0,29.0,38.0,31.0,35.0,31.0,30.0
41.0,33.0,39.0,41.0,37.0,39.0,41.0,43.0,47.0,49.0,29.0,34.0,36.0,46.0,54.0,39.0,41.0,54.0,43.0,50.0,46.0,34.0,33.0,24.0,46.0,27.0,41.0,30.0,32.0,30.0,40.0,36.0,28.0,30.0,47.0,49.0,36.0,34.0,38.0,31.0,33.0,37.0,31.0,38.0,37.0,42.0,36.0,46.0,29.0,44.0
27.0,22.0,31.0,29.0,32.0,45.0,24.0,28.0,29.0,18.0,30.0,30.0,21.0,33.0,27.0,36.0,33.0,28.0,35.0,32.0,32.0,38.0,25.0,28.0,36.0,32.0,31.0,32.0,22.0,46.0,32.0,30.0,20.0,40.0,28.0,20.0,31.0,26.0,25.0,23.0,26.0,29.0,32.0,31.0,35.0,22.0,24.0,41.0,38.0,27.0
17.0,20.0,21.0,23.0,17.0,23.0,22.0,28.0,22.0,23.0,17.0,28.0,19.0,26.0,28.0,23.0,16.0,31.0,15.0,19.0,20.0,23.0,18.0,19.0,28.0,22.0,22.0,27.0,25.0,13.0,21.0,26.0,19.0,25.0,28.0,22.0,16.0,19.0,19.0,14.0,20.0,17.0,23.0,19.0,15.0,34.0,16.0,11.0,18.0,23.0
29.0,28.0,26.0,38.0,39.0,36.0,24.0,32.0,20.0,22.0,33.0,36.0,33.0,26.0,37.0,33.0,29.0,30.0,27.0,27.0,35.0,30.0,35.0,28.0,40.0,37.0,20.0,32.0,22.0,29.0,31.0,43.0,30.0,20.0,19.0,34.0,37.0,41.0,34.0,43.0,29.0,31.0,27.0,29.0,40.0,36.0,29.0,32.0,20.0,32.0
37.0,37.0,34.0,26.0,26.0,32.0,42.0,40.0,26.0,25.0,39.0,25.0,25.0,28.0,31.0,42.0,24.0,32.0,36.0,38.0,22.0,31.0,30.0,28.0,35.0,30.0,33.0,36.0,29.0,26.0,32.0,26.0,34.0,29.0,32.0,37.0,34.0,28.0,28.0,33.0,39.0,23.0,30.0,41.0,34.0,25.0,18.0,33.0,30.0,28.0
22.0,29.0,30.0,29.0,24.0,17.0,27.0,27.0,23.0,31.0,21.0,19.0,24.0,26.0,28.0,32.0,27.0,34.0,21.0,17.0,34.0,32.0,29.0,26.0,19.0,34.0,21.0,26.0,28.0,30.0,32.0,35.0,31.0,25.0,27.0,35.0,24.0,21.0,36.0,18.0,23.0,23.0,28.0,34.0,24.0,22.0,25.0,30.0,31.0,34.0
20.0,30.0,19.0,23.0,11.0,29.0,25.0,23.0,15.0,19.0,19.0,15.0,24.0,17.0,25.0,27.0,15.0,30.0,25.0,15.0,21.0,18.0,17.0,23.0,16.0,24.0,20.0,26.0,19.0,20.0,17.0,21.0,21.0,23.0,24.0,32.0,22.0,19.0,15.0,24.0,14.0,24.0,18.0,13.0,18.0,21.0,26.0,19.0,20.0,10.0
35.0,36.0,26.0,29.0,31.0,24.0,38.0,22.0,26.0,26.0,33.0,29.0,24.0,30.0,29.0,38.0,49.0,27.0,28.0,30.0,27.0,32.0,32.0,38.0,25.0,42.0,25.0,29.0,37.0,36.0,36.0,32.0,24.0,29.0,38.0,29.0,35.0,29.0,31.0,30.0,34.0,34.0,32.0,30.0,25.0,35.0,36.0,37.0,28.0,33.0
20.0,20.0,21.0,23.0,27.0,27.0,16.0,31.0,30.0,14.0,29.0,28.0,19.0,40.0,37.0,29.0,15.0,31.0,25.0,23.0,26.0,24.0,25.0,27.0,18.0,22.0,21.0,38.0,25.0,19.0,17.0,19.0,26.0,17.0,30.0,21.0,24.0,21.0,27.0,21.0,15.0,21.0,13.0,19.0,33.0,19.0,17.0,25.0,31.0,22.0
