10,50,1000
16.032123,17.529951,16.516941,15.176495,17.712336,18.353674,16.276275,16.014094,19.144387,19.252253
6.260595,9.799605,5.084003,6.130177,9.242506,5.221496,8.14491,9.832158,9.055383,5.370371
0.0,10.0,20.0,30.0,40.0,50.0,60.0,70.0,80.0,90.0
10.0,0.0,10.0,20.0,30.0,40.0,50.0,60.0,70.0,80.0
20.0,10.0,0.0,10.0,20.0,30.0,40.0,50.0,60.0,70.0
30.0,20.0,10.0,0.0,10.0,20.0,30.0,40.0,50.0,60.0
40.0,30.0,20.0,10.0,0.0,10.0,20.0,30.0,40.0,50.0
50.0,40.0,30.0,20.0,10.0,0.0,10.0,20.0,30.0,40.0
60.0,50.0,40.0,30.0,20.0,10.0,0.0,10.0,20.0,30.0
70.0,60.0,50.0,40.0,30.0,20.0,10.0,0.0,10.0,20.0
80.0,70.0,60.0,50.0,40.0,30.0,20.0,10.0,0.0,10.0
90.0,80.0,70.0,60.0,50.0,40.0,30.0,20.0,10.0,0.0
450.0,400.0,350.0,300.0,250.0,250.0,300.0,350.0,400.0,450.0
0.0,1.0,2.0,3.0,4.0,5.0,6.0,7.0,8.0,9.0
1.0,0.0,1.0,2.0,3.0,4.0,5.0,6.0,7.0,8.0
2.0,1.0,0.0,1.0,2.0,3.0,4.0,5.0,6.0,7.0
3.0,2.0,1.0,0.0,1.0,2.0,3.0,4.0,5.0,6.0
4.0,3.0,2.0,1.0,0.0,1.0,2.0,3.0,4.0,5.0
5.0,4.0,3.0,2.0,1.0,0.0,1.0,2.0,3.0,4.0
6.0,5.0,4.0,3.0,2.0,1.0,0.0,1.0,2.0,3.0
7.0,6.0,5.0,4.0,3.0,2.0,1.0,0.0,1.0,2.0
8.0,7.0,6.0,5.0,4.0,3.0,2.0,1.0,0.0,1.0
9.0,8.0,7.0,6.0,5.0,4.0,3.0,2.0,1.0,0.0
45.0,40.0,35.0,30.0,25.0,25.0,30.0,35.0,40.0,45.0
18.0,26.0,25.0,17.0,23.0,19.0,22.0,21.0,26.0,31.0,28.0,24.0,31.0,32.0,26.0,31.0,22.0,15.0,26.0,24.0,22.0,22.0,23.0,24.0,21.0,23.0,23.0,22.0,17.0,27.0,29.0,18.0,26.0,35.0,20.0,36.0,24.0,27.0,19.0,21.0,30.0,23.0,24.0,20.0,25.0,12.0,30.0,22.0,25.0,22.0
40.0,26.0,34.0,34.0,34.0,27.0,42.0,30.0,39.0,37.0,38.0,33.0,37.0,35.0,34.0,40.0,43.0,44.0,32.0,29.0,27.0,34.0,31.0,38.0,27.0,39.0,38.0,28.0,28.0,36.0,39.0,33.0,43.0,32.0,38.0,38.0,33.0,32.0,42.0,33.0,33.0,42.0,55.0,41.0,28.0,33.0,25.0,49.0,39.0,44.0
20.0,30.0,20.0,18.0,21.0,25.0,20.0,30.0,18.0,24.0,28.0,27.0,20.0,9.0,26.0,28.0,21.0,27.0,16.0,20.0,27.0,20.0,18.0,30.0,22.0,33.0,26.0,24.0,19.0,29.0,32.0,18.0,12.0,21.0,17.0,18.0,16.0,24.0,22.0,26.0,16.0,35.0,21.0,26.0,18.0,19.0,15.0,27.0,22.0,21.0
31.0,13.0,26.0,25.0,23.0,19.0,25.0,17.0,30.0,24.0,27.0,22.0,25.0,37.0,26.0,22.0,21.0,24.0,30.0,21.0,24.0,24.0,28.0,20.0,24.0,27.0,17.0,35.0,21.0,26.0,21.0,17.0,21.0,21.0,25.0,22.0,23.0,28.0,17.0,22.0,25.0,20.0,22.0,26.0,27.0,28.0,16.0,19.0,16.0,22.0
31.0,40.0,28.0,27.0,31.0,31.0,38.0,51.0,44.0,24.0,27.0,31.0,40.0,29.0,29.0,30.0,30.0,27.0,32.0,27.0,37.0,28.0,49.0,25.0,37.0,35.0,44.0,39.0,39.0,41.0,45.0,31.0,37.0,37.0,23.0,42.0,33.0,35.0,35.0,35.0,32.0,39.0,38.0,27.0,33.0,35.0,38.0,47.0,37.0,34.0
22.0,22.0,25.0,21.0,13.0,25.0,19.0,21.0,25.0,22.0,18.0,17.0,30.0,14.0,30.0,23.0,22.0,18.0,22.0,17.0,20.0,29.0,23.0,28.0,20.0,24.0,26.0,21.0,20.0,12.0,30.0,24.0,22.0,13.0,17.0,15.0,20.0,13.0,10.0,22.0,23.0,21.0,25.0,15.0,24.0,14.0,23.0,19.0,19.0,29.0
40.0,22.0,35.0,35.0,40.0,25.0,22.0,31.0,28.0,31.0,25.0,31.0,30.0,26.0,32.0,40.0,24.0,26.0,38.0,29.0,39.0,28.0,24.0,38.0,37.0,30.0,30.0,32.0,30.0,32.0,27.0,31.0,51.0,28.0,33.0,32.0,30.0,30.0,33.0,34.0,32.0,36.0,22.0,31.0,21.0,33.0,30.0,34.0,29.0,36.0
39.0,45.0,38.0,40.0,36.0,39.0,39.0,33.0,36.0,34.0,37.0,30.0,26.0,51.0,26.0,47.0,42.0,39.0,39.0,48.0,40.0,37.0,31.0,34.0,29.0,32.0,33.0,26.0,40.0,33.0,35.0,45.0,45.0,44.0,38.0,37.0,37.0,45.0,22.0,33.0,32.0,43.0,37.0,30.0,39.0,38.0,33.0,39.0,32.0,26.0
27.0,43.0,22.0,38.0,41.0,35.0,32.0,38.0,36.0,33.0,32.0,41.0,41.0,35.0,30.0,34.0,33.0,23.0,28.0,40.0,32.0,36.0,38.0,35.0,40.0,36.0,36.0,25.0,39.0,30.0,33.0,38.0,31.0,33.0,31.0,38.0,31.0,35.0,31.0,39.0,31.0,39.0,29.0,43.0,26.0,41.0,43.0,47.0,39.0,37.0
27.0,23.0,18.0,26.0,19.0,25.0,28.0,16.0,22.0,20.0,22.0,24.0,19.0,27.0,34.0,17.0,21.0,19.0,17.0,13.0,32.0,30.0,18.0,15.0,33.0,25.0,17.0,24.0,18.0,13.0,20.0,21.0,18.0,28.0,19.0,23.0,29.0,22.0,21.0,15.0,25.0,20.0,15.0,23.0,32.0,26.0,27.0,22.0,20.0,30.0
