10,50,1000
16.809772,17.538184,19.225562,16.51429,18.925553,19.781873,18.403178,16.776331,15.029654,16.639852
7.644537,7.740286,8.289001,8.485523,5.715678,6.561598,9.434975,6.339732,6.130826,5.518318
0.0,10.0,20.0,30.0,40.0,50.0,60.0,70.0,80.0,90.0
10.0,0.0,10.0,20.0,30.0,40.0,50.0,60.0,70.0,80.0
20.0,10.0,0.0,10.0,20.0,30.0,40.0,50.0,60.0,70.0
30.0,20.0,10.0,0.0,10.0,20.0,30.0,40.0,50.0,60.0
40.0,30.0,20.0,10.0,0.0,10.0,20.0,30.0,40.0,50.0
50.0,40.0,30.0,20.0,10.0,0.0,10.0,20.0,30.0,40.0
60.0,50.0,40.0,30.0,20.0,10.0,0.0,10.0,20.0,30.0
70.0,60.0,50.0,40.0,30.0,20.0,10.0,0.0,10.0,20.0
80.0,70.0,60.0,50.0,40.0,30.0,20.0,10.0,0.0,10.0
90.0,80.0,70.0,60.0,50.0,40.0,30.0,20.0,10.0,0.0
450.0,400.0,350.0,300.0,250.0,250.0,300.0,350.0,400.0,450.0
0.0,1.0,2.0,3.0,4.0,5.0,6.0,7.0,8.0,9.0
1.0,0.0,1.0,2.0,3.0,4.0,5.0,6.0,7.0,8.0
2.0,1.0,0.0,1.0,2.0,3.0,4.0,5.0,6.0,7.0
3.0,2.0,1.0,0.0,1.0,2.0,3.0,4.0,5.0,6.0
4.0,3.0,2.0,1.0,0.0,1.0,2.0,3.0,4.0,5.0
5.0,4.0,3.0,2.0,1.0,0.0,1.0,2.0,3.0,4.0
6.0,5.0,4.0,3.0,2.0,1.0,0.0,1.0,2.0,3.0
7.0,6.0,5.0,4.0,3.0,2.0,1.0,0.0,1.0,2.0
8.0,7.0,6.0,5.0,4.0,3.0,2.0,1.0,0.0,1.0
9.0,8.0,7.0,6.0,5.0,4.0,3.0,2.0,1.0,0.0
45.0,40.0,35.0,30.0,25.0,25.0,30.0,35.0,40.0,45.0
32.0,25.0,36.0,25.0,23.0,37.0,33.0,24.0,29.0,38.0,24.0,42.0,35.0,25.0,39.0,31.0,30.0,24.0,24.0,28.0,38.0,31.0,34.0,32.0,24.0,34.0,32.0,35.0,30.0,29.0,36.0,31.0,30.0,31.0,40.0,38.0,30.0,21.0,38.0,23.0,29.0,33.0,36.0,25.0,32.0,35.0,25.0,28.0,35.0,37.0
29.0,23.0,34.0,45.0,22.0,33.0,29.0,20.0,36.0,21.0,29.0,41.0,29.0,32.0,30.0,33.0,22.0,35.0,28.0,31.0,34.0,26.0,30.0,33.0,30.0,28.0,34.0,42.0,37.0,27.0,30.0,23.0,21.0,30.0,33.0,34.0,25.0,25.0,22.0,37.0,25.0,28.0,36.0,29.0,23.0,22.0,32.0,35.0,23.0,38.0
34.0,37.0,28.0,26.0,37.0,23.0,27.0,25.0,36.0,30.0,25.0,32.0,39.0,33.0,20.0,21.0,22.0,24.0,33.0,33.0,35.0,21.0,34.0,33.0,34.0,34.0,23.0,35.0,31.0,23.0,27.0,49.0,26.0,39.0,39.0,27.0,37.0,39.0,22.0,21.0,37.0,30.0,36.0,33.0,30.0,33.0,26.0,37.0,33.0,35.0
38.0,32.0,30.0,37.0,28.0,40.0,37.0,34.0,34.0,45.0,24.0,38.0,38.0,34.0,31.0,34.0,39.0,25.0,30.0,40.0,36.0,37.0,26.0,37.0,39.0,28.0,31.0,32.0,40.0,31.0,34.0,29.0,28.0,37.0,39.0,26.0,40.0,33.0,27.0,34.0,32.0,21.0,33.0,26.0,34.0,31.0,38.0,33.0,27.0,29.0
32.0,31.0,25.0,19.0,27.0,23.0,21.0,23.0,20.0,19.0,24.0,38.0,27.0,30.0,25.0,28.0,27.0,29.0,24.0,27.0,30.0,24.0,18.0,34.0,25.0,39.0,25.0,25.0,22.0,22.0,20.0,22.0,26.0,16.0,22.0,23.0,25.0,31.0,23.0,23.0,31.0,31.0,16.0,22.0,20.0,17.0,24.0,29.0,18.0,20.0
33.0,30.0,28.0,22.0,22.0,28.0,25.0,28.0,34.0,24.0,36.0,31.0,25.0,27.0,26.0,25.0,24.0,18.0,25.0,27.0,27.0,32.0,19.0,31.0,22.0,40.0,26.0,18.0,29.0,32.0,32.0,24.0,23.0,23.0,37.0,27.0,38.0,29.0,23.0,18.0,28.0,28.0,30.0,26.0,28.0,23.0,28.0,22.0,30.0,17.0
33.0,38.0,40.0,49.0,38.0,36.0,27.0,28.0,35.0,42.0,45.0,30.0,32.0,39.0,35.0,31.0,40.0,45.0,31.0,27.0,38.0,37.0,31.0,38.0,42.0,29.0,34.0,40.0,30.0,33.0,25.0,32.0,27.0,30.0,22.0,41.0,35.0,34.0,40.0,38.0,30.0,43.0,29.0,42.0,41.0,34.0,32.0,29.0,45.0,33.0
26.0,31.0,28.0,20.0,31.0,22.0,24.0,26.0,18.0,27.0,35.0,22.0,25.0,20.0,34.0,22.0,25.0,28.0,20.0,24.0,24.0,28.0,32.0,25.0,31.0,19.0,24.0,21.0,27.0,25.0,25.0,25.0,20.0,34.0,20.0,28.0,19.0,19.0,19.0,37.0,35.0,26.0,20.0,30.0,30.0,30.0,29.0,36.0,21.0,20.0
22.0,24.0,22.0,25.0,25.0,27.0,15.0,16.0,39.0,19.0,23.0,21.0,24.0,26.0,26.0,22.0,19.0,21.0,28.0,22.0,15.0,17.0,18.0,20.0,30.0,27.0,33.0,28.0,24.0,22.0,27.0,22.0,27.0,23.0,21.0,25.0,34.0,27.0,29.0,20.0,33.0,20.0,23.0,27.0,22.0,24.0,29.0,29.0,26.0,19.0
15.0,23.0,12.0,18.0,11.0,23.0,19.0,21.0,14.0,21.0,16.0,20.0,18.0,31.0,20.0,19.0,20.0,25.0,22.0,24.0,29.0,14.0,26.0,34.0,23.0,24.0,19.0,24.0,24.0,24.0,24.0,20.0,22.0,21.0,23.0,14.0,23.0,20.0,15.0,22.0,20.0,18.0,24.0,31.0,23.0,15.0,17.0,26.0,22.0,26.0
