10,50,1000
19.767045,18.244145,15.7449,17.784035,19.832742,19.008411,17.279189,19.05122,16.912392,17.322005
9.714355,8.964714,8.281015,5.475097,5.005701,6.26529,9.608563,6.173081,7.193132,8.515821
0.0,10.0,20.0,30.0,40.0,50.0,60.0,70.0,80.0,90.0
10.0,0.0,10.0,20.0,30.0,40.0,50.0,60.0,70.0,80.0
20.0,10.0,0.0,10.0,20.0,30.0,40.0,50.0,60.0,70.0
30.0,20.0,10.0,0.0,10.0,20.0,30.0,40.0,50.0,60.0
40.0,30.0,20.0,10.0,0.0,10.0,20.0,30.0,40.0,50.0
50.0,40.0,30.0,20.0,10.0,0.0,10.0,20.0,30.0,40.0
60.0,50.0,40.0,30.0,20.0,10.0,0.0,10.0,20.0,30.0
70.0,60.0,50.0,40.0,30.0,20.0,10.0,0.0,10.0,20.0
80.0,70.0,60.0,50.0,40.0,30.0,20.0,10.0,0.0,10.0
90.0,80.0,70.0,60.0,50.0,40.0,30.0,20.0,10.0,0.0
450.0,400.0,350.0,300.0,250.0,250.0,300.0,350.0,400.0,450.0
0.0,1.0,2.0,3.0,4.0,5.0,6.0,7.0,8.0,9.0
1.0,0.0,1.0,2.0,3.0,4.0,5.0,6.0,7.0,8.0
2.0,1.0,0.0,1.0,2.0,3.0,4.0,5.0,6.0,7.0
3.0,2.0,1.0,0.0,1.0,2.0,3.0,4.0,5.0,6.0
4.0,3.0,2.0,1.0,0.0,1.0,2.0,3.0,4.0,5.0
5.0,4.0,3.0,2.0,1.0,0.0,1.0,2.0,3.0,4.0
6.0,5.0,4.0,3.0,2.0,1.0,0.0,1.0,2.0,3.0
7.0,6.0,5.0,4.0,3.0,2.0,1.0,0.0,1.0,2.0
8.0,7.0,6.0,5.0,4.0,3.0,2.0,1.0,0.0,1.0
9.0,8.0,7.0,6.0,5.0,4.0,3.0,2.0,1.0,0.0
45.0,40.0,35.0,30.0,25.0,25.0,30.0,35.0,40.0,45.0
35.0,36.0,36.0,27.0,23.0,36.0,26.0,31.0,37.0,45.0,37.0,34.0,33.0,44.0,30.0,43.0,39.0,32.0,38.0,38.0,36.0,28.0,41.0,45.0,35.0,30.0,38.0,37.0,28.0,39.0,51.0,38.0,33.0,21.0,35.0,31.0,25.0,26.0,34.0,48.0,36.0,43.0,39.0,37.0,42.0,31.0,37.0,31.0,31.0,34.0
33.0,31.0,30.0,38.0,30.0,31.0,44.0,30.0,41.0,27.0,36.0,41.0,35.0,38.0,31.0,36.0,33.0,28.0,29.0,32.0,37.0,27.0,34.0,32.0,36.0,41.0,31.0,33.0,39.0,31.0,38.0,38.0,33.0,37.0,40.0,34.0,36.0,33.0,32.0,35.0,28.0,36.0,38.0,33.0,28.0,43.0,42.0,19.0,30.0,33.0
26.0,29.0,23.0,36.0,39.0,29.0,28.0,28.0,42.0,34.0,23.0,37.0,31.0,24.0,31.0,18.0,34.0,24.0,42.0,28.0,31.0,26.0,27.0,33.0,39.0,27.0,35.0,38.0,37.0,41.0,32.0,34.0,30.0,23.0,41.0,45.0,27.0,38.0,39.0,34.0,30.0,24.0,30.0,34.0,28.0,32.0,29.0,25.0,32.0,30.0
17.0,17.0,21.0,12.0,26.0,16.0,28.0,16.0,29.0,24.0,23.0,18.0,21.0,21.0,25.0,17.0,27.0,18.0,20.0,17.0,25.0,27.0,15.0,21.0,21.0,20.0,20.0,15.0,16.0,22.0,25.0,18.0,16.0,29.0,22.0,15.0,18.0,27.0,20.0,16.0,19.0,21.0,24.0,22.0,24.0,27.0,24.0,18.0,23.0,24.0
29.0,24.0,24.0,20.0,24.0,20.0,24.0,20.0,16.0,14.0,27.0,22.0,19.0,30.0,20.0,25.0,25.0,20.0,19.0,23.0,14.0,23.0,23.0,23.0,13.0,15.0,21.0,18.0,22.0,22.0,19.0,19.0,23.0,22.0,28.0,28.0,20.0,17.0,20.0,23.0,23.0,22.0,27.0,26.0,21.0,13.0,13.0,17.0,29.0,15.0
14.0,23.0,23.0,21.0,17.0,19.0,29.0,27.0,26.0,23.0,25.0,27.0,24.0,24.0,31.0,20.0,36.0,17.0,17.0,19.0,26.0,24.0,24.0,29.0,29.0,13.0,28.0,34.0,20.0,22.0,29.0,27.0,27.0,30.0,27.0,27.0,31.0,27.0,25.0,20.0,25.0,32.0,19.0,30.0,22.0,22.0,34.0,22.0,30.0,21.0
34.0,31.0,45.0,26.0,26.0,31.0,33.0,29.0,31.0,17.0,23.0,38.0,38.0,32.0,39.0,36.0,37.0,30.0,41.0,43.0,30.0,32.0,34.0,24.0,41.0,41.0,40.0,40.0,39.0,36.0,31.0,36.0,27.0,25.0,36.0,27.0,33.0,33.0,42.0,29.0,32.0,31.0,34.0,31.0,34.0,32.0,42.0,30.0,32.0,39.0
36.0,34.0,28.0,26.0,14.0,25.0,21.0,28.0,27.0,21.0,20.0,30.0,18.0,30.0,26.0,31.0,22.0,22.0,25.0,30.0,24.0,32.0,29.0,30.0,20.0,27.0,21.0,27.0,33.0,16.0,32.0,25.0,33.0,19.0,30.0,18.0,31.0,25.0,21.0,23.0,24.0,23.0,26.0,19.0,18.0,23.0,14.0,31.0,17.0,19.0
33.0,36.0,30.0,28.0,29.0,38.0,37.0,30.0,22.0,23.0,21.0,30.0,26.0,31.0,25.0,31.0,32.0,30.0,29.0,21.0,38.0,27.0,28.0,30.0,26.0,31.0,23.0,34.0,19.0,31.0,23.0,35.0,30.0,40.0,29.0,30.0,26.0,28.0,18.0,28.0,30.0,38.0,27.0,18.0,30.0,18.0,29.0,28.0,35.0,27.0
29.0,43.0,31.0,27.0,40.0,39.0,27.0,34.0,30.0,25.0,33.0,29.0,41.0,45.0,28.0,28.0,35.0,30.0,23.0,24.0,36.0,29.0,19.0,31.0,33.0,26.0,25.0,28.0,41.0,41.0,39.0,30.0,32.0,42.0,29.0,38.0,28.0,32.0,27.0,34.0,22.0,37.0,23.0,28.0,30.0,33.0,35.0,29.0,28.0,31.0
