10,50,1000
17.540539,17.854527,16.171855,18.702553,16.534497,15.421413,18.656575,17.616253,17.555325,19.933371
7.994126,8.845248,9.016471,6.729591,5.638182,6.044516,7.122585,7.79109,9.756238,7.057685
0.0,10.0,20.0,30.0,40.0,50.0,60.0,70.0,80.0,90.0
10.0,0.0,10.0,20.0,30.0,40.0,50.0,60.0,70.0,80.0
20.0,10.0,0.0,10.0,20.0,30.0,40.0,50.0,60.0,70.0
30.0,20.0,10.0,0.0,10.0,20.0,30.0,40.0,50.0,60.0
40.0,30.0,20.0,10.0,0.0,10.0,20.0,30.0,40.0,50.0
50.0,40.0,30.0,20.0,10.0,0.0,10.0,20.0,30.0,40.0
60.0,50.0,40.0,30.0,20.0,10.0,0.0,10.0,20.0,30.0
70.0,60.0,50.0,40.0,30.0,20.0,10.0,0.0,10.0,20.0
80.0,70.0,60.0,50.0,40.0,30.0,20.0,10.0,0.0,10.0
90.0,80.0,70.0,60.0,50.0,40.0,30.0,20.0,10.0,0.0
450.0,400.0,350.0,300.0,250.0,250.0,300.0,350.0,400.0,450.0
0.0,1.0,2.0,3.0,4.0,5.0,6.0,7.0,8.0,9.0
1.0,0.0,1.0,2.0,3.0,4.0,5.0,6.0,7.0,8.0
2.0,1.0,0.0,1.0,2.0,3.0,4.0,5.0,6.0,7.0
3.0,2.0,1.0,0.0,1.0,2.0,3.0,4.0,5.0,6.0
4.0,3.0,2.0,1.0,0.0,1.0,2.0,3.0,4.0,5.0
5.0,4.0,3.0,2.0,1.0,0.0,1.0,2.0,3.0,4.0
6.0,5.0,4.0,3.0,2.0,1.0,0.0,1.0,2.0,3.0
7.0,6.0,5.0,4.0,3.0,2.0,1.0,0.0,1.0,2.0
8.0,7.0,6.0,5.0,4.0,3.0,2.0,1.0,0.0,1.0
9.0,8.0,7.0,6.0,5.0,4.0,3.0,2.0,1.0,0.0
45.0,40.0,35.0,30.0,25.0,25.0,30.0,35.0,40.0,45.0
31.0,38.0,23.0,27.0,29.0,22.0,32.0,36.0,26.0,31.0,36.0,26.0,38.0,32.0,30.0,27.0,30.0,28.0,31.0,29.0,39.0,19.0,32.0,25.0,34.0,33.0,32.0,24.0,32.0,23.0,23.0,26.0,30.0,28.0,34.0,19.0,33.0,31.0,38.0,20.0,32.0,30.0,28.0,34.0,26.0,29.0,25.0,31.0,27.0,30.0
37.0,20.0,30.0,24.0,31.0,30.0,31.0,38.0,28.0,40.0,38.0,27.0,34.0,28.0,34.0,33.0,32.0,43.0,30.0,40.0,31.0,31.0,41.0,38.0,27.0,38.0,34.0,42.0,34.0,42.0,35.0,18.0,34.0,38.0,40.0,37.0,31.0,36.0,32.0,38.0,37.0,32.0,33.0,41.0,31.0,36.0,27.0,33.0,35.0,29.0
35.0,42.0,39.0,31.0,37.0,37.0,34.0,40.0,27.0,35.0,31.0,40.0,32.0,36.0,34.0,29.0,36.0,40.0,42.0,34.0,53.0,33.0,35.0,37.0,20.0,35.0,17.0,24.0,40.0,29.0,31.0,29.0,31.0,38.0,46.0,36.0,31.0,29.0,41.0,25.0,37.0,21.0,37.0,30.0,39.0,42.0,35.0,38.0,31.0,39.0
28.0,19.0,31.0,30.0,16.0,25.0,23.0,35.0,29.0,30.0,19.0,31.0,29.0,24.0,34.0,29.0,25.0,31.0,29.0,36.0,30.0,30.0,19.0,36.0,25.0,33.0,34.0,29.0,35.0,26.0,32.0,28.0,27.0,18.0,24.0,24.0,23.0,20.0,31.0,20.0,29.0,26.0,31.0,28.0,21.0,28.0,22.0,32.0,23.0,33.0
17.0,22.0,21.0,22.0,21.0,27.0,29.0,31.0,23.0,14.0,23.0,29.0,23.0,28.0,28.0,18.0,21.0,29.0,28.0,25.0,27.0,21.0,24.0,20.0,23.0,15.0,21.0,18.0,16.0,32.0,21.0,16.0,21.0,17.0,15.0,30.0,24.0,25.0,27.0,25.0,22.0,30.0,22.0,23.0,26.0,23.0,23.0,19.0,22.0,26.0
20.0,31.0,19.0,18.0,30.0,18.0,27.0,31.0,26.0,21.0,32.0,21.0,23.0,16.0,28.0,20.0,18.0,27.0,17.0,23.0,25.0,29.0,16.0,11.0,23.0,12.0,17.0,23.0,24.0,23.0,19.0,21.0,21.0,16.0,24.0,22.0,28.0,21.0,21.0,24.0,17.0,26.0,21.0,20.0,32.0,23.0,21.0,30.0,18.0,22.0
23.0,19.0,33.0,25.0,33.0,26.0,33.0,35.0,26.0,31.0,31.0,35.0,21.0,32.0,27.0,27.0,26.0,25.0,36.0,36.0,34.0,21.0,27.0,20.0,22.0,23.0,24.0,29.0,31.0,39.0,32.0,32.0,18.0,30.0,24.0,29.0,33.0,23.0,28.0,23.0,23.0,34.0,24.0,30.0,21.0,28.0,32.0,31.0,28.0,38.0
34.0,32.0,34.0,27.0,24.0,23.0,26.0,29.0,35.0,38.0,26.0,30.0,29.0,24.0,26.0,45.0,19.0,26.0,27.0,30.0,36.0,23.0,24.0,38.0,21.0,26.0,32.0,45.0,28.0,28.0,28.0,43.0,24.0,26.0,38.0,22.0,31.0,30.0,41.0,32.0,30.0,26.0,37.0,30.0,19.0,32.0,25.0,25.0,31.0,26.0
45.0,31.0,34.0,42.0,35.0,35.0,38.0,41.0,28.0,38.0,36.0,37.0,36.0,31.0,22.0,40.0,32.0,37.0,31.0,44.0,28.0,24.0,34.0,39.0,29.0,28.0,39.0,33.0,31.0,25.0,36.0,30.0,37.0,37.0,39.0,38.0,37.0,39.0,25.0,45.0,31.0,26.0,50.0,29.0,58.0,33.0,33.0,38.0,40.0,33.0
26.0,36.0,26.0,28.0,30.0,30.0,31.0,40.0,29.0,27.0,30.0,31.0,29.0,23.0,28.0,26.0,25.0,40.0,23.0,19.0,18.0,25.0,25.0,43.0,27.0,32.0,31.0,28.0,35.0,30.0,29.0,32.0,29.0,23.0,33.0,43.0,33.0,31.0,34.0,26.0,29.0,23.0,30.0,35.0,24.0,27.0,23.0,23.0,23.0,35.0
