10,50,1000
18.776656,19.507141,17.293666,17.278534,17.477229,17.084554,16.441313,16.816064,16.101407,18.931171
6.02092,9.642846,6.744053,8.87122,5.824394,5.905416,8.303215,7.082002,9.225892,5.703958
0.0,10.0,20.0,30.0,40.0,50.0,60.0,70.0,80.0,90.0
10.0,0.0,10.0,20.0,30.0,40.0,50.0,60.0,70.0,80.0
20.0,10.0,0.0,10.0,20.0,30.0,40.0,50.0,60.0,70.0
30.0,20.0,10.0,0.0,10.0,20.0,30.0,40.0,50.0,60.0
40.0,30.0,20.0,10.0,0.0,10.0,20.0,30.0,40.0,50.0
50.0,40.0,30.0,20.0,10.0,0.0,10.0,20.0,30.0,40.0
60.0,50.0,40.0,30.0,20.0,10.0,0.0,10.0,20.0,30.0
70.0,60.0,50.0,40.0,30.0,20.0,10.0,0.0,10.0,20.0
80.0,70.0,60.0,50.0,40.0,30.0,20.0,10.0,0.0,10.0
90.0,80.0,70.0,60.0,50.0,40.0,30.0,20.0,10.0,0.0
450.0,400.0,350.0,300.0,250.0,250.0,300.0,350.0,400.0,450.0
0.0,1.0,2.0,3.0,4.0,5.0,6.0,7.0,8.0,9.0
1.0,0.0,1.0,2.0,3.0,4.0,5.0,6.0,7.0,8.0
2.0,1.0,0.0,1.0,2.0,3.0,4.0,5.0,6.0,7.0
3.0,2.0,1.0,0.0,1.0,2.0,3.0,4.0,5.0,6.0
4.0,3.0,2.0,1.0,0.0,1.0,2.0,3.0,4.0,5.0
5.0,4.0,3.0,2.0,1.0,0.0,1.0,2.0,3.0,4.0
6.0,5.0,4.0,3.0,2.0,1.0,0.0,1.0,2.0,3.0
7.0,6.0,5.0,4.0,3.0,2.0,1.0,0.0,1.0,2.0
8.0,7.0,6.0,5.0,4.0,3.0,2.0,1.0,0.0,1.0
9.0,8.0,7.0,6.0,5.0,4.0,3.0,2.0,1.0,0.0
45.0,40.0,35.0,30.0,25.0,25.0,30.0,35.0,40.0,45.0
29.0,30.0,23.0,22.0,21.0,25.0,31.0,13.0,33.0,20.0,17.0,30.0,23.0,38.0,19.0,25.0,24.0,27.0,24.0,24.0,15.0,29.0,28.0,29.0,23.0,19.0,25.0,27.0,21.0,23.0,25.0,21.0,29.0,16.0,28.0,20.0,33.0,25.0,32.0,25.0,28.0,18.0,28.0,22.0,21.0,27.0,17.0,30.0,26.0,17.0
24.0,41.0,37.0,37.0,41.0,36.0,45.0,40.0,48.0,29.0,41.0,30.0,41.0,38.0,29.0,40.0,39.0,30.0,39.0,38.0,42.0,35.0,40.0,29.0,27.0,34.0,23.0,31.0,38.0,37.0,32.0,40.0,43.0,35.0,39.0,41.0,36.0,34.0,31.0,29.0,35.0,47.0,28.0,37.0,31.0,24.0,42.0,37.0,45.0,34.0
40.0,25.0,35.0,29.0,19.0,33.0,22.0,32.0,26.0,25.0,20.0,17.0,24.0,27.0,31.0,16.0,33.0,21.0,27.0,29.0,22.0,28.0,17.0,34.0,29.0,31.0,19.0,28.0,22.0,27.0,32.0,28.0,32.0,19.0,29.0,27.0,31.0,26.0,32.0,24.0,32.0,18.0,22.0,26.0,21.0,22.0,26.0,19.0,31.0,26.0
28.0,30.0,37.0,24.0,28.0,25.0,29.0,27.0,24.0,23.0,31.0,36.0,33.0,28.0,30.0,24.0,37.0,40.0,35.0,28.0,26.0,35.0,34.0,32.0,38.0,38.0,40.0,34.0,32.0,35.0,28.0,24.0,29.0,26.0,30.0,31.0,45.0,37.0,34.0,38.0,28.0,36.0,32.0,26.0,23.0,36.0,33.0,33.0,23.0,31.0
19.0,20.0,25.0,18.0,23.0,17.0,21.0,29.0,37.0,19.0,17.0,22.0,17.0,27.0,23.0,22.0,40.0,25.0,24.0,24.0,24.0,25.0,18.0,20.0,22.0,19.0,23.0,18.0,26.0,20.0,25.0,26.0,33.0,32.0,24.0,21.0,24.0,26.0,25.0,22.0,23.0,18.0,27.0,26.0,31.0,22.0,19.0,28.0,18.0,21.0
28.0,26.0,23.0,27.0,15.0,22.0,16.0,18.0,25.0,34.0,15.0,25.0,33.0,26.0,24.0,20.0,18.0,25.0,29.0,29.0,27.0,29.0,33.0,29.0,19.0,25.0,26.0,11.0,38.0,25.0,20.0,26.0,24.0,26.0,23.0,26.0,26.0,24.0,24.0,26.0,18.0,28.0,28.0,30.0,20.0,32.0,29.0,31.0,21.0,29.0
37.0,36.0,34.0,32.0,38.0,41.0,32.0,36.0,26.0,32.0,31.0,37.0,25.0,25.0,38.0,29.0,28.0,42.0,36.0,24.0,42.0,23.0,31.0,35.0,29.0,30.0,46.0,29.0,31.0,33.0,33.0,27.0,34.0,37.0,30.0,37.0,41.0,36.0,28.0,25.0,34.0,31.0,33.0,25.0,35.0,39.0,32.0,36.0,33.0,30.0
25.0,28.0,24.0,23.0,35.0,20.0,40.0,26.0,24.0,31.0,29.0,24.0,26.0,26.0,26.0,27.0,31.0,26.0,34.0,27.0,24.0,24.0,30.0,21.0,23.0,26.0,19.0,26.0,26.0,30.0,19.0,30.0,32.0,34.0,25.0,28.0,22.0,32.0,36.0,23.0,29.0,22.0,26.0,26.0,23.0,25.0,27.0,33.0,28.0,18.0
31.0,36.0,40.0,44.0,30.0,38.0,43.0,36.0,30.0,29.0,34.0,34.0,41.0,40.0,38.0,51.0,32.0,38.0,35.0,35.0,30.0,24.0,28.0,41.0,23.0,30.0,29.0,37.0,27.0,34.0,45.0,30.0,29.0,33.0,35.0,23.0,31.0,31.0,28.0,21.0,34.0,35.0,45.0,43.0,34.0,24.0,36.0,30.0,41.0,24.0
21.0,26.0,28.0,36.0,31.0,29.0,22.0,21.0,25.0,28.0,20.0,23.0,30.0,23.0,25.0,27.0,24.0,29.0,21.0,17.0,27.0,26.0,22.0,22.0,24.0,19.0,22.0,33.0,28.0,21.0,22.0,25.0,22.0,19.0,21.0,25.0,20.0,18.0,25.0,25.0,23.0,23.0,35.0,18.0,17.0,19.0,28.0,28.0,22.0,22.0
