10,50,1000
17.42996,16.731986,19.501813,19.498618,18.412957,19.261658,19.52804,15.886553,16.845794,16.023725
7.374312,5.713764,9.236035,5.708517,6.630446,5.246779,7.160307,6.88263,7.508657,5.46239
0.0,10.0,20.0,30.0,40.0,50.0,60.0,70.0,80.0,90.0
10.0,0.0,10.0,20.0,30.0,40.0,50.0,60.0,70.0,80.0
20.0,10.0,0.0,10.0,20.0,30.0,40.0,50.0,60.0,70.0
30.0,20.0,10.0,0.0,10.0,20.0,30.0,40.0,50.0,60.0
40.0,30.0,20.0,10.0,0.0,10.0,20.0,30.0,40.0,50.0
50.0,40.0,30.0,20.0,10.0,0.0,10.0,20.0,30.0,40.0
60.0,50.0,40.0,30.0,20.0,10.0,0.0,10.0,20.0,30.0
70.0,60.0,50.0,40.0,30.0,20.0,10.0,0.0,10.0,20.0
80.0,70.0,60.0,50.0,40.0,30.0,20.0,10.0,0.0,10.0
90.0,80.0,70.0,60.0,50.0,40.0,30.0,20.0,10.0,0.0
450.0,400.0,350.0,300.0,250.0,250.0,300.0,350.0,400.0,450.0
0.0,1.0,2.0,3.0,4.0,5.0,6.0,7.0,8.0,9.0
1.0,0.0,1.0,2.0,3.0,4.0,5.0,6.0,7.0,8.0
2.0,1.0,0.0,1.0,2.0,3.0,4.0,5.0,6.0,7.0
3.0,2.0,1.0,0.0,1.0,2.0,3.0,4.0,5.0,6.0
4.0,3.0,2.0,1.0,0.0,1.0,2.0,3.0,4.0,5.0
5.0,4.0,3.0,2.0,1.0,0.0,1.0,2.0,3.0,4.0
6.0,5.0,4.0,3.0,2.0,1.0,0.0,1.0,2.0,3.0
7.0,6.0,5.0,4.0,3.0,2.0,1.0,0.0,1.0,2.0
8.0,7.0,6.0,5.0,4.0,3.0,2.0,1.0,0.0,1.0
9.0,8.0,7.0,6.0,5.0,4.0,3.0,2.0,1.0,0.0
45.0,40.0,35.0,30.0,25.0,25.0,30.0,35.0,40.0,45.0
16.0,25.0,32.0,32.0,38.0,28.0,25.0,30.0,38.0,25.0,19.0,25.0,31.0,21.0,29.0,37.0,29.0,22.0,26.0,22.0,24.0,24.0,30.0,26.0,24.0,27.0,29.0,26.0,28.0,21.0,27.0,22.0,32.0,30.0,20.0,19.0,28.0,28.0,24.0,39.0,27.0,23.0,33.0,24.0,38.0,33.0,31.0,39.0,32.0,31.0
19.0,24.0,26.0,20.0,18.0,26.0,21.0,24.0,21.0,29.0,32.0,29.0,24.0,16.0,25.0,19.0,21.0,24.0,22.0,23.0,23.0,24.0,23.0,24.0,30.0,20.0,24.0,25.0,20.0,28.0,23.0,22.0,23.0,21.0,22.0,23.0,29.0,23.0,24.0,25.0,13.0,22.0,24.0,21.0,16.0,26.0,24.0,20.0,19.0,20.0
28.0,41.0,31.0,37.0,37.0,28.0,25.0,39.0,46.0,37.0,30.0,14.0,40.0,35.0,37.0,39.0,35.0,34.0,36.0,34.0,37.0,38.0,50.0,26.0,38.0,47.0,39.0,26.0,33.0,36.0,33.0,41.0,22.0,33.0,29.0,40.0,35.0,23.0,32.0,26.0,41.0,27.0,36.0,34.0,28.0,29.0,42.0,38.0,29.0,38.0
21.0,23.0,21.0,19.0,19.0,18.0,28.0,23.0,22.0,19.0,26.0,28.0,18.0,32.0,19.0,21.0,22.0,14.0,21.0,25.0,23.0,28.0,28.0,19.0,20.0,18.0,27.0,15.0,30.0,24.0,29.0,24.0,13.0,14.0,31.0,22.0,24.0,23.0,27.0,20.0,26.0,25.0,36.0,24.0,24.0,23.0,33.0,25.0,20.0,22.0
23.0,36.0,24.0,27.0,26.0,36.0,17.0,31.0,27.0,34.0,26.0,25.0,29.0,29.0,26.0,27.0,25.0,19.0,19.0,25.0,34.0,26.0,35.0,19.0,21.0,16.0,10.0,33.0,37.0,26.0,24.0,27.0,25.0,24.0,29.0,32.0,23.0,24.0,34.0,29.0,19.0,19.0,17.0,30.0,20.0,22.0,27.0,23.0,29.0,29.0
21.0,27.0,27.0,27.0,11.0,15.0,15.0,24.0,18.0,24.0,17.0,20.0,39.0,37.0,20.0,22.0,25.0,21.0,20.0,19.0,23.0,23.0,25.0,21.0,16.0,17.0,20.0,19.0,27.0,23.0,26.0,33.0,24.0,19.0,20.0,21.0,17.0,24.0,22.0,18.0,18.0,20.0,15.0,23.0,28.0,27.0,18.0,26.0,22.0,19.0
28.0,29.0,31.0,20.0,34.0,28.0,31.0,27.0,18.0,27.0,26.0,26.0,31.0,21.0,31.0,25.0,34.0,27.0,33.0,30.0,19.0,29.0,35.0,19.0,28.0,25.0,33.0,22.0,30.0,30.0,36.0,30.0,19.0,27.0,26.0,30.0,25.0,31.0,30.0,24.0,19.0,34.0,31.0,26.0,29.0,28.0,32.0,23.0,36.0,35.0
30.0,19.0,28.0,22.0,19.0,16.0,29.0,28.0,26.0,22.0,23.0,23.0,26.0,20.0,25.0,19.0,30.0,22.0,31.0,27.0,25.0,31.0,27.0,31.0,27.0,30.0,17.0,21.0,23.0,32.0,28.0,29.0,19.0,22.0,15.0,24.0,23.0,31.0,21.0,23.0,29.0,21.0,31.0,29.0,18.0,38.0,39.0,17.0,38.0,28.0
33.0,30.0,34.0,36.0,24.0,26.0,23.0,35.0,31.0,24.0,22.0,33.0,29.0,26.0,33.0,26.0,36.0,28.0,34.0,35.0,37.0,20.0,25.0,34.0,31.0,26.0,28.0,27.0,34.0,19.0,35.0,31.0,22.0,32.0,23.0,30.0,40.0,36.0,25.0,30.0,28.0,27.0,30.0,15.0,26.0,26.0,27.0,27.0,26.0,25.0
23.0,19.0,21.0,20.0,25.0,29.0,21.0,21.0,22.0,24.0,20.0,28.0,18.0,24.0,20.0,30.0,21.0,15.0,30.0,30.0,18.0,23.0,18.0,20.0,30.0,14.0,18.0,20.0,22.0,26.0,20.0,22.0,30.0,13.0,20.0,29.0,19.0,26.0,14.0,24.0,27.0,11.0,22.0,26.0,25.0,22.0,19.0,28.0,16.0,27.0
