10,50,1000
17.423327,17.536171,15.029278,17.04778,15.018043,18.460243,16.368988,18.853888,16.622025,15.785916
7.099765,9.202482,6.635271,6.718969,9.557465,9.396753,5.230922,5.374975,7.48476,6.416852
0.0,10.0,20.0,30.0,40.0,50.0,60.0,70.0,80.0,90.0
10.0,0.0,10.0,20.0,30.0,40.0,50.0,60.0,70.0,80.0
20.0,10.0,0.0,10.0,20.0,30.0,40.0,50.0,60.0,70.0
30.0,20.0,10.0,0.0,10.0,20.0,30.0,40.0,50.0,60.0
40.0,30.0,20.0,10.0,0.0,10.0,20.0,30.0,40.0,50.0
50.0,40.0,30.0,20.0,10.0,0.0,10.0,20.0,30.0,40.0
60.0,50.0,40.0,30.0,20.0,10.0,0.0,10.0,20.0,30.0
70.0,60.0,50.0,40.0,30.0,20.0,10.0,0.0,10.0,20.0
80.0,70.0,60.0,50.0,40.0,30.0,20.0,10.0,0.0,10.0
90.0,80.0,70.0,60.0,50.0,40.0,30.0,20.0,10.0,0.0
450.0,400.0,350.0,300.0,250.0,250.0,300.0,350.0,400.0,450.0
0.0,1.0,2.0,3.0,4.0,5.0,6.0,7.0,8.0,9.0
1.0,0.0,1.0,2.0,3.0,4.0,5.0,6.0,7.0,8.0
2.0,1.0,0.0,1.0,2.0,3.0,4.0,5.0,6.0,7.0
3.0,2.0,1.0,0.0,1.0,2.0,3.0,4.0,5.0,6.0
4.0,3.0,2.0,1.0,0.0,1.0,2.0,3.0,4.0,5.0
5.0,4.0,3.0,2.0,1.0,0.0,1.0,2.0,3.0,4.0
6.0,5.0,4.0,3.0,2.0,1.0,0.0,1.0,2.0,3.0
7.0,6.0,5.0,4.0,3.0,2.0,1.0,0.0,1.0,2.0
8.0,7.0,6.0,5.0,4.0,3.0,2.0,1.0,0.0,1.0
9.0,8.0,7.0,6.0,5.0,4.0,3.0,2.0,1.0,0.0
45.0,40.0,35.0,30.0,25.0,25.0,30.0,35.0,40.0,45.0
32.0,25.0,23.0,29.0,31.0,24.0,22.0,27.0,30.0,28.0,32.0,32.0,24.0,31.0,29.0,32.0,33.0,29.0,27.0,25.0,23.0,24.0,41.0,24.0,30.0,29.0,31.0,32.0,28.0,26.0,22.0,16.0,25.0,28.0,21.0,28.0,27.0,35.0,27.0,21.0,35.0,20.0,33.0,21.0,25.0,27.0,17.0,26.0,26.0,22.0
19.0,33.0,33.0,28.0,32.0,37.0,36.0,40.0,34.0,30.0,37.0,30.0,37.0,27.0,37.0,30.0,36.0,48.0,26.0,36.0,42.0,30.0,19.0,31.0,27.0,34.0,31.0,33.0,40.0,30.0,40.0,33.0,27.0,32.0,42.0,45.0,36.0,42.0,37.0,29.0,33.0,39.0,37.0,37.0,43.0,35.0,34.0,31.0,30.0,47.0
17.0,18.0,24.0,24.0,20.0,27.0,26.0,25.0,25.0,21.0,19.0,32.0,20.0,30.0,37.0,21.0,22.0,30.0,34.0,38.0,32.0,27.0,35.0,29.0,24.0,20.0,20.0,20.0,29.0,26.0,23.0,27.0,22.0,22.0,26.0,29.0,31.0,27.0,24.0,31.0,25.0,29.0,36.0,28.0,27.0,16.0,28.0,22.0,23.0,24.0
35.0,28.0,24.0,25.0,26.0,22.0,33.0,23.0,18.0,27.0,30.0,21.0,22.0,31.0,22.0,20.0,31.0,30.0,25.0,24.0,20.0,24.0,26.0,26.0,19.0,30.0,22.0,25.0,22.0,28.0,19.0,20.0,18.0,29.0,16.0,19.0,26.0,23.0,23.0,20.0,39.0,37.0,21.0,27.0,24.0,34.0,28.0,24.0,22.0,29.0
36.0,36.0,30.0,39.0,27.0,32.0,29.0,28.0,30.0,34.0,33.0,43.0,40.0,23.0,36.0,33.0,38.0,31.0,34.0,45.0,27.0,33.0,38.0,25.0,46.0,37.0,38.0,34.0,39.0,27.0,39.0,41.0,29.0,31.0,37.0,37.0,33.0,31.0,41.0,38.0,37.0,25.0,21.0,29.0,41.0,35.0,46.0,39.0,25.0,36.0
43.0,27.0,42.0,40.0,28.0,27.0,39.0,40.0,37.0,31.0,37.0,37.0,38.0,29.0,31.0,41.0,22.0,24.0,49.0,33.0,37.0,40.0,36.0,31.0,32.0,28.0,39.0,36.0,38.0,48.0,20.0,19.0,32.0,25.0,38.0,32.0,38.0,36.0,41.0,33.0,48.0,42.0,36.0,35.0,33.0,38.0,37.0,30.0,27.0,30.0
26.0,21.0,21.0,22.0,17.0,16.0,22.0,17.0,23.0,18.0,24.0,21.0,19.0,16.0,24.0,15.0,16.0,18.0,13.0,19.0,23.0,19.0,25.0,19.0,23.0,20.0,24.0,21.0,26.0,22.0,22.0,15.0,14.0,16.0,18.0,25.0,17.0,23.0,20.0,20.0,19.0,18.0,25.0,25.0,19.0,27.0,18.0,21.0,19.0,27.0
16.0,18.0,29.0,12.0,24.0,19.0,19.0,21.0,24.0,21.0,21.0,20.0,23.0,22.0,23.0,34.0,27.0,17.0,29.0,26.0,20.0,25.0,21.0,23.0,32.0,28.0,18.0,19.0,19.0,28.0,17.0,22.0,18.0,21.0,25.0,30.0,19.0,22.0,27.0,18.0,17.0,23.0,15.0,19.0,17.0,25.0,16.0,20.0,30.0,19.0
31.0,21.0,24.0,34.0,32.0,26.0,32.0,19.0,22.0,28.0,29.0,27.0,38.0,24.0,23.0,28.0,24.0,19.0,27.0,28.0,31.0,21.0,23.0,25.0,33.0,27.0,21.0,24.0,22.0,26.0,30.0,31.0,36.0,30.0,37.0,25.0,23.0,29.0,31.0,38.0,40.0,20.0,26.0,37.0,24.0,24.0,29.0,28.0,31.0,31.0
25.0,30.0,33.0,31.0,19.0,21.0,23.0,31.0,26.0,30.0,18.0,29.0,29.0,22.0,39.0,21.0,19.0,17.0,27.0,18.0,29.0,17.0,28.0,30.0,20.0,23.0,24.0,23.0,28.0,23.0,28.0,27.0,30.0,24.0,26.0,20.0,23.0,30.0,23.0,22.0,19.0,25.0,35.0,21.0,18.0,30.0,19.0,31.0,26.0,39.0
