10,50,1000
16.933256,15.573601,16.475186,19.631577,16.547285,19.467135,15.675817,19.500721,19.304453,15.963567
5.212562,6.397991,7.7219,9.459865,5.779485,7.13045,9.875348,5.538002,6.627906,8.720287
0.0,10.0,20.0,30.0,40.0,50.0,60.0,70.0,80.0,90.0
10.0,0.0,10.0,20.0,30.0,40.0,50.0,60.0,70.0,80.0
20.0,10.0,0.0,10.0,20.0,30.0,40.0,50.0,60.0,70.0
30.0,20.0,10.0,0.0,10.0,20.0,30.0,40.0,50.0,60.0
40.0,30.0,20.0,10.0,0.0,10.0,20.0,30.0,40.0,50.0
50.0,40.0,30.0,20.0,10.0,0.0,10.0,20.0,30.0,40.0
60.0,50.0,40.0,30.0,20.0,10.0,0.0,10.0,20.0,30.0
70.0,60.0,50.0,40.0,30.0,20.0,10.0,0.0,10.0,20.0
80.0,70.0,60.0,50.0,40.0,30.0,20.0,10.0,0.0,10.0
90.0,80.0,70.0,60.0,50.0,40.0,30.0,20.0,10.0,0.0
450.0,400.0,350.0,300.0,250.0,250.0,300.0,350.0,400.0,450.0
0.0,1.0,2.0,3.0,4.0,5.0,6.0,7.0,8.0,9.0
1.0,0.0,1.0,2.0,3.0,4.0,5.0,6.0,7.0,8.0
2.0,1.0,0.0,1.0,2.0,3.0,4.0,5.0,6.0,7.0
3.0,2.0,1.0,0.0,1.0,2.0,3.0,4.0,5.0,6.0
4.0,3.0,2.0,1.0,0.0,1.0,2.0,3.0,4.0,5.0
5.0,4.0,3.0,2.0,1.0,0.0,1.0,2.0,3.0,4.0
6.0,5.0,4.0,3.0,2.0,1.0,0.0,1.0,2.0,3.0
7.0,6.0,5.0,4.0,3.0,2.0,1.0,0.0,1.0,2.0
8.0,7.0,6.0,5.0,4.0,3.0,2.0,1.0,0.0,1.0
9.0,8.0,7.0,6.0,5.0,4.0,3.0,2.0,1.0,0.0
45.0,40.0,35.0,30.0,25.0,25.0,30.0,35.0,40.0,45.0
13.0,19.0,16.0,19.0,25.0,20.0,18.0,28.0,27.0,18.0,19.0,21.0,27.0,28.0,15.0,17.0,13.0,14.0,23.0,10.0,17.0,20.0,15.0,20.0,29.0,21.0,28.0,25.0,20.0,28.0,28.0,13.0,26.0,20.0,16.0,24.0,25.0,21.0,20.0,20.0,19.0,25.0,14.0,24.0,20.0,23.0,20.0,25.0,22.0,23.0
28.0,20.0,21.0,30.0,24.0,24.0,20.0,26.0,31.0,24.0,22.0,27.0,31.0,23.0,19.0,26.0,20.0,20.0,38.0,26.0,25.0,25.0,19.0,32.0,22.0,24.0,24.0,30.0,23.0,28.0,31.0,26.0,22.0,23.0,25.0,23.0,15.0,19.0,24.0,28.0,32.0,22.0,31.0,26.0,16.0,27.0,26.0,31.0,20.0,32.0
45.0,19.0,25.0,34.0,35.0,34.0,32.0,24.0,31.0,30.0,22.0,33.0,23.0,19.0,25.0,34.0,29.0,23.0,28.0,19.0,23.0,33.0,28.0,25.0,29.0,24.0,31.0,36.0,39.0,36.0,32.0,25.0,31.0,35.0,25.0,39.0,35.0,36.0,36.0,34.0,38.0,29.0,33.0,24.0,23.0,30.0,25.0,28.0,40.0,28.0
36.0,44.0,46.0,41.0,22.0,31.0,43.0,29.0,26.0,24.0,40.0,38.0,21.0,38.0,28.0,45.0,37.0,38.0,27.0,53.0,45.0,34.0,21.0,38.0,30.0,32.0,39.0,43.0,36.0,35.0,50.0,39.0,31.0,36.0,43.0,52.0,45.0,31.0,35.0,36.0,43.0,31.0,46.0,38.0,28.0,34.0,33.0,43.0,37.0,49.0
25.0,24.0,26.0,32.0,21.0,24.0,13.0,19.0,20.0,25.0,28.0,17.0,16.0,25.0,14.0,23.0,18.0,25.0,21.0,26.0,28.0,25.0,23.0,19.0,28.0,21.0,26.0,18.0,17.0,26.0,22.0,22.0,19.0,22.0,29.0,21.0,19.0,22.0,17.0,24.0,25.0,16.0,23.0,29.0,26.0,27.0,24.0,25.0,25.0,20.0
24.0,20.0,26.0,26.0,29.0,24.0,25.0,23.0,29.0,31.0,34.0,28.0,27.0,33.0,28.0,25.0,29.0,26.0,28.0,37.0,27.0,25.0,28.0,23.0,23.0,34.0,22.0,30.0,30.0,29.0,29.0,22.0,17.0,24.0,35.0,25.0,24.0,20.0,28.0,31.0,34.0,27.0,32.0,24.0,29.0,26.0,18.0,37.0,23.0,31.0
26.0,39.0,27.0,38.0,43.0,34.0,33.0,31.0,35.0,34.0,33.0,41.0,27.0,27.0,30.0,37.0,32.0,35.0,26.0,36.0,28.0,33.0,38.0,35.0,33.0,40.0,45.0,42.0,30.0,34.0,28.0,36.0,30.0,34.0,54.0,40.0,37.0,34.0,35.0,43.0,39.0,32.0,38.0,29.0,38.0,38.0,31.0,32.0,29.0,38.0
21.0,14.0,20.0,19.0,24.0,21.0,19.0,23.0,25.0,20.0,23.0,15.0,23.0,28.0,17.0,25.0,20.0,26.0,18.0,24.0,15.0,28.0,20.0,25.0,27.0,25.0,21.0,21.0,19.0,19.0,16.0,22.0,21.0,21.0,25.0,28.0,23.0,25.0,21.0,27.0,29.0,24.0,14.0,29.0,27.0,24.0,26.0,29.0,18.0,26.0
22.0,24.0,28.0,28.0,31.0,17.0,27.0,14.0,30.0,20.0,25.0,27.0,28.0,38.0,31.0,25.0,26.0,25.0,32.0,26.0,24.0,37.0,25.0,29.0,29.0,33.0,25.0,34.0,30.0,21.0,24.0,17.0,25.0,34.0,42.0,30.0,21.0,33.0,17.0,21.0,37.0,29.0,28.0,25.0,15.0,26.0,25.0,31.0,27.0,33.0
35.0,38.0,38.0,24.0,33.0,28.0,29.0,31.0,40.0,34.0,37.0,26.0,25.0,34.0,23.0,31.0,34.0,27.0,28.0,26.0,47.0,22.0,33.0,48.0,42.0,33.0,31.0,19.0,36.0,37.0,28.0,25.0,33.0,25.0,37.0,23.0,36.0,24.0,30.0,29.0,37.0,38.0,27.0,34.0,28.0,30.0,30.0,30.0,31.0,27.0
