10,50,1000
16.017131,17.75316,16.105378,16.38612,15.361557,15.576796,18.707196,19.366676,17.082388,17.254437
9.278315,5.336796,9.130533,7.048086,8.789366,9.598674,5.980642,8.67603,8.825563,6.817323
0.0,10.0,20.0,30.0,40.0,50.0,60.0,70.0,80.0,90.0
10.0,0.0,10.0,20.0,30.0,40.0,50.0,60.0,70.0,80.0
20.0,10.0,0.0,10.0,20.0,30.0,40.0,50.0,60.0,70.0
30.0,20.0,10.0,0.0,10.0,20.0,30.0,40.0,50.0,60.0
40.0,30.0,20.0,10.0,0.0,10.0,20.0,30.0,40.0,50.0
50.0,40.0,30.0,20.0,10.0,0.0,10.0,20.0,30.0,40.0
60.0,50.0,40.0,30.0,20.0,10.0,0.0,10.0,20.0,30.0
70.0,60.0,50.0,40.0,30.0,20.0,10.0,0.0,10.0,20.0
80.0,70.0,60.0,50.0,40.0,30.0,20.0,10.0,0.0,10.0
90.0,80.0,70.0,60.0,50.0,40.0,30.0,20.0,10.0,0.0
450.0,400.0,350.0,300.0,250.0,250.0,300.0,350.0,400.0,450.0
0.0,1.0,2.0,3.0,4.0,5.0,6.0,7.0,8.0,9.0
1.0,0.0,1.0,2.0,3.0,4.0,5.0,6.0,7.0,8.0
2.0,1.0,0.0,1.0,2.0,3.0,4.0,5.0,6.0,7.0
3.0,2.0,1.0,0.0,1.0,2.0,3.0,4.0,5.0,6.0
4.0,3.0,2.0,1.0,0.0,1.0,2.0,3.0,4.0,5.0
5.0,4.0,3.0,2.0,1.0,0.0,1.0,2.0,3.0,4.0
6.0,5.0,4.0,3.0,2.0,1.0,0.0,1.0,2.0,3.0
7.0,6.0,5.0,4.0,3.0,2.0,1.0,0.0,1.0,2.0
8.0,7.0,6.0,5.0,4.0,3.0,2.0,1.0,0.0,1.0
9.0,8.0,7.0,6.0,5.0,4.0,3.0,2.0,1.0,0.0
45.0,40.0,35.0,30.0,25.0,25.0,30.0,35.0,40.0,45.0
17.0,21.0,33.0,30.0,40.0,36.0,42.0,36.0,26.0,30.0,38.0,29.0,37.0,37.0,30.0,39.0,26.0,35.0,37.0,30.0,36.0,40.0,24.0,23.0,23.0,31.0,39.0,39.0,36.0,33.0,30.0,38.0,33.0,29.0,43.0,42.0,28.0,25.0,27.0,39.0,27.0,27.0,37.0,37.0,36.0,20.0,33.0,37.0,33.0,29.0
24.0,21.0,21.0,17.0,29.0,27.0,22.0,23.0,32.0,22.0,31.0,27.0,20.0,17.0,30.0,19.0,18.0,18.0,22.0,14.0,25.0,19.0,17.0,15.0,18.0,22.0,20.0,16.0,15.0,32.0,30.0,15.0,26.0,21.0,21.0,22.0,25.0,23.0,16.0,26.0,15.0,24.0,26.0,25.0,27.0,24.0,35.0,24.0,29.0,21.0
34.0,31.0,32.0,42.0,28.0,36.0,35.0,32.0,34.0,37.0,30.0,32.0,33.0,26.0,25.0,38.0,30.0,26.0,30.0,37.0,31.0,35.0,32.0,35.0,27.0,28.0,31.0,44.0,38.0,34.0,36.0,24.0,32.0,34.0,38.0,30.0,28.0,36.0,37.0,29.0,29.0,41.0,24.0,31.0,37.0,33.0,33.0,37.0,27.0,32.0
17.0,26.0,31.0,34.0,28.0,24.0,28.0,25.0,21.0,35.0,21.0,29.0,33.0,31.0,21.0,33.0,37.0,18.0,39.0,27.0,27.0,32.0,27.0,25.0,23.0,30.0,29.0,31.0,24.0,25.0,21.0,19.0,25.0,21.0,24.0,27.0,33.0,24.0,26.0,31.0,26.0,27.0,27.0,32.0,35.0,21.0,21.0,28.0,33.0,33.0
31.0,25.0,36.0,24.0,21.0,33.0,33.0,27.0,30.0,45.0,27.0,29.0,27.0,32.0,38.0,33.0,47.0,29.0,28.0,37.0,23.0,32.0,25.0,37.0,35.0,33.0,19.0,36.0,24.0,32.0,33.0,42.0,30.0,35.0,31.0,25.0,35.0,30.0,25.0,38.0,30.0,32.0,32.0,34.0,32.0,42.0,46.0,29.0,40.0,33.0
35.0,38.0,28.0,39.0,40.0,36.0,37.0,34.0,26.0,31.0,31.0,39.0,36.0,51.0,28.0,23.0,34.0,38.0,43.0,34.0,35.0,29.0,40.0,19.0,39.0,31.0,30.0,38.0,38.0,36.0,47.0,33.0,35.0,30.0,38.0,37.0,38.0,35.0,32.0,42.0,35.0,28.0,27.0,37.0,36.0,34.0,36.0,22.0,29.0,31.0
26.0,25.0,31.0,31.0,29.0,25.0,24.0,28.0,23.0,27.0,36.0,25.0,32.0,21.0,25.0,15.0,23.0,42.0,30.0,20.0,27.0,27.0,26.0,23.0,26.0,33.0,22.0,27.0,22.0,19.0,30.0,14.0,28.0,28.0,20.0,30.0,30.0,20.0,26.0,26.0,30.0,17.0,27.0,28.0,26.0,26.0,24.0,20.0,20.0,27.0
24.0,29.0,38.0,35.0,28.0,41.0,29.0,31.0,35.0,32.0,21.0,35.0,24.0,35.0,31.0,39.0,27.0,36.0,38.0,31.0,40.0,33.0,34.0,43.0,33.0,33.0,28.0,30.0,32.0,50.0,33.0,30.0,26.0,27.0,39.0,41.0,30.0,36.0,35.0,32.0,41.0,43.0,35.0,42.0,28.0,35.0,34.0,48.0,34.0,29.0
30.0,44.0,38.0,45.0,26.0,32.0,34.0,30.0,44.0,43.0,33.0,28.0,27.0,43.0,42.0,30.0,38.0,35.0,30.0,26.0,39.0,26.0,38.0,41.0,25.0,35.0,35.0,27.0,30.0,37.0,38.0,23.0,33.0,26.0,26.0,32.0,43.0,35.0,39.0,39.0,24.0,28.0,43.0,21.0,39.0,25.0,27.0,35.0,26.0,32.0
23.0,33.0,35.0,31.0,28.0,24.0,26.0,21.0,28.0,24.0,22.0,28.0,28.0,26.0,27.0,26.0,26.0,26.0,30.0,27.0,20.0,26.0,25.0,16.0,39.0,30.0,18.0,42.0,32.0,39.0,23.0,26.0,30.0,26.0,38.0,26.0,21.0,21.0,24.0,20.0,27.0,26.0,25.0,37.0,25.0,23.0,20.0,19.0,29.0,36.0
