10,50,1000
17.082902,17.213074,19.223422,15.22221,18.444049,16.623519,19.695081,16.02896,16.386084,16.392209
8.678759,5.278852,9.654541,8.13274,9.949697,9.955948,8.002709,7.29389,9.809402,9.569912
0.0,10.0,20.0,30.0,40.0,50.0,60.0,70.0,80.0,90.0
10.0,0.0,10.0,20.0,30.0,40.0,50.0,60.0,70.0,80.0
20.0,10.0,0.0,10.0,20.0,30.0,40.0,50.0,60.0,70.0
30.0,20.0,10.0,0.0,10.0,20.0,30.0,40.0,50.0,60.0
40.0,30.0,20.0,10.0,0.0,10.0,20.0,30.0,40.0,50.0
50.0,40.0,30.0,20.0,10.0,0.0,10.0,20.0,30.0,40.0
60.0,50.0,40.0,30.0,20.0,10.0,0.0,10.0,20.0,30.0
70.0,60.0,50.0,40.0,30.0,20.0,10.0,0.0,10.0,20.0
80.0,70.0,60.0,50.0,40.0,30.0,20.0,10.0,0.0,10.0
90.0,80.0,70.0,60.0,50.0,40.0,30.0,20.0,10.0,0.0
450.0,400.0,350.0,300.0,250.0,250.0,300.0,350.0,400.0,450.0
0.0,1.0,2.0,3.0,4.0,5.0,6.0,7.0,8.0,9.0
1.0,0.0,1.0,2.0,3.0,4.0,5.0,6.0,7.0,8.0
2.0,1.0,0.0,1.0,2.0,3.0,4.0,5.0,6.0,7.0
3.0,2.0,1.0,0.0,1.0,2.0,3.0,4.0,5.0,6.0
4.0,3.0,2.0,1.0,0.0,1.0,2.0,3.0,4.0,5.0
5.0,4.0,3.0,2.0,1.0,0.0,1.0,2.0,3.0,4.0
6.0,5.0,4.0,3.0,2.0,1.0,0.0,1.0,2.0,3.0
7.0,6.0,5.0,4.0,3.0,2.0,1.0,0.0,1.0,2.0
8.0,7.0,6.0,5.0,4.0,3.0,2.0,1.0,0.0,1.0
9.0,8.0,7.0,6.0,5.0,4.0,3.0,2.0,1.0,0.0
45.0,40.0,35.0,30.0,25.0,25.0,30.0,35.0,40.0,45.0
32.0,29.0,38.0,36.0,32.0,29.0,30.0,36.0,18.0,28.0,34.0,26.0,32.0,35.0,28.0,33.0,32.0,25.0,37.0,38.0,31.0,39.0,31.0,25.0,32.0,31.0,37.0,33.0,27.0,29.0,32.0,32.0,24.0,23.0,33.0,29.0,35.0,40.0,28.0,36.0,36.0,29.0,34.0,35.0,28.0,42.0,39.0,33.0,37.0,34.0
24.0,23.0,32.0,24.0,24.0,24.0,26.0,21.0,17.0,18.0,24.0,22.0,22.0,25.0,20.0,28.0,24.0,30.0,18.0,17.0,25.0,25.0,23.0,21.0,27.0,18.0,15.0,18.0,18.0,20.0,24.0,18.0,25.0,24.0,25.0,19.0,20.0,18.0,15.0,22.0,18.0,14.0,27.0,21.0,19.0,25.0,18.0,23.0,26.0,25.0
36.0,41.0,43.0,29.0,32.0,38.0,33.0,37.0,25.0,34.0,43.0,41.0,47.0,33.0,45.0,23.0,40.0,29.0,48.0,33.0,23.0,39.0,35.0,35.0,33.0,43.0,29.0,32.0,33.0,36.0,37.0,35.0,35.0,39.0,36.0,42.0,36.0,46.0,33.0,27.0,25.0,41.0,35.0,29.0,29.0,38.0,33.0,45.0,39.0,35.0
46.0,24.0,33.0,28.0,30.0,24.0,38.0,31.0,35.0,35.0,34.0,32.0,33.0,42.0,33.0,38.0,26.0,20.0,22.0,21.0,36.0,27.0,22.0,21.0,27.0,22.0,37.0,31.0,19.0,31.0,24.0,31.0,29.0,33.0,30.0,15.0,38.0,37.0,29.0,32.0,34.0,36.0,37.0,18.0,25.0,29.0,39.0,33.0,29.0,23.0
37.0,44.0,43.0,35.0,38.0,41.0,50.0,35.0,45.0,31.0,34.0,37.0,43.0,39.0,30.0,39.0,44.0,38.0,46.0,30.0,45.0,39.0,37.0,41.0,27.0,35.0,50.0,40.0,36.0,38.0,37.0,33.0,30.0,39.0,29.0,40.0,44.0,28.0,35.0,47.0,39.0,41.0,39.0,38.0,38.0,34.0,40.0,35.0,42.0,26.0
33.0,39.0,30.0,36.0,37.0,41.0,36.0,32.0,40.0,27.0,43.0,28.0,37.0,38.0,38.0,40.0,39.0,37.0,29.0,31.0,32.0,31.0,44.0,28.0,32.0,32.0,34.0,36.0,34.0,33.0,33.0,29.0,36.0,31.0,35.0,46.0,42.0,31.0,37.0,25.0,33.0,42.0,39.0,36.0,27.0,42.0,33.0,32.0,33.0,31.0
29.0,27.0,28.0,27.0,26.0,25.0,30.0,32.0,31.0,29.0,37.0,43.0,29.0,37.0,35.0,31.0,27.0,35.0,26.0,37.0,29.0,29.0,38.0,34.0,33.0,39.0,34.0,36.0,28.0,25.0,34.0,38.0,31.0,29.0,33.0,41.0,39.0,31.0,38.0,27.0,37.0,32.0,23.0,37.0,30.0,33.0,35.0,26.0,25.0,30.0
28.0,23.0,23.0,26.0,32.0,32.0,32.0,31.0,30.0,32.0,28.0,33.0,27.0,29.0,21.0,24.0,41.0,33.0,31.0,29.0,27.0,29.0,26.0,30.0,23.0,34.0,30.0,27.0,28.0,35.0,28.0,29.0,28.0,22.0,30.0,27.0,28.0,25.0,36.0,23.0,25.0,26.0,20.0,26.0,25.0,29.0,29.0,17.0,27.0,22.0
32.0,46.0,34.0,26.0,28.0,44.0,29.0,30.0,47.0,42.0,24.0,40.0,31.0,37.0,43.0,31.0,36.0,21.0,25.0,45.0,45.0,43.0,30.0,29.0,29.0,38.0,31.0,38.0,38.0,30.0,30.0,38.0,40.0,21.0,37.0,33.0,28.0,44.0,37.0,37.0,34.0,35.0,40.0,35.0,37.0,37.0,34.0,32.0,39.0,30.0
30.0,38.0,42.0,37.0,35.0,47.0,36.0,31.0,40.0,35.0,36.0,30.0,35.0,33.0,47.0,39.0,41.0,44.0,35.0,25.0,40.0,29.0,38.0,47.0,25.0,26.0,34.0,32.0,25.0,29.0,30.0,32.0,45.0,32.0,40.0,42.0,40.0,34.0,35.0,35.0,26.0,34.0,37.0,27.0,26.0,28.0,29.0,34.0,36.0,33.0
