10,50,1000
18.622601,15.246139,15.270985,15.761223,19.238713,19.756416,18.106953,16.599741,19.963951,16.797861
9.615872,6.107447,6.805626,9.379294,5.484569,7.918061,9.210284,6.342495,5.294927,8.439867
0.0,10.0,20.0,30.0,40.0,50.0,60.0,70.0,80.0,90.0
10.0,0.0,10.0,20.0,30.0,40.0,50.0,60.0,70.0,80.0
20.0,10.0,0.0,10.0,20.0,30.0,40.0,50.0,60.0,70.0
30.0,20.0,10.0,0.0,10.0,20.0,30.0,40.0,50.0,60.0
40.0,30.0,20.0,10.0,0.0,10.0,20.0,30.0,40.0,50.0
50.0,40.0,30.0,20.0,10.0,0.0,10.0,20.0,30.0,40.0
60.0,50.0,40.0,30.0,20.0,10.0,0.0,10.0,20.0,30.0
70.0,60.0,50.0,40.0,30.0,20.0,10.0,0.0,10.0,20.0
80.0,70.0,60.0,50.0,40.0,30.0,20.0,10.0,0.0,10.0
90.0,80.0,70.0,60.0,50.0,40.0,30.0,20.0,10.0,0.0
450.0,400.0,350.0,300.0,250.0,250.0,300.0,350.0,400.0,450.0
0.0,1.0,2.0,3.0,4.0,5.0,6.0,7.0,8.0,9.0
1.0,0.0,1.0,2.0,3.0,4.0,5.0,6.0,7.0,8.0
2.0,1.0,0.0,1.0,2.0,3.0,4.0,5.0,6.0,7.0
3.0,2.0,1.0,0.0,1.0,2.0,3.0,4.0,5.0,6.0
4.0,3.0,2.0,1.0,0.0,1.0,2.0,3.0,4.0,5.0
5.0,4.0,3.0,2.0,1.0,0.0,1.0,2.0,3.0,4.0
6.0,5.0,4.0,3.0,2.0,1.0,0.0,1.0,2.0,3.0
7.0,6.0,5.0,4.0,3.0,2.0,1.0,0.0,1.0,2.0
8.0,7.0,6.0,5.0,4.0,3.0,2.0,1.0,0.0,1.0
9.0,8.0,7.0,6.0,5.0,4.0,3.0,2.0,1.0,0.0
45.0,40.0,35.0,30.0,25.0,25.0,30.0,35.0,40.0,45.0
39.0,40.0,37.0,24.0,36.0,33.0,37.0,39.0,43.0,35.0,44.0,41.0,43.0,33.0,29.0,35.0,32.0,33.0,30.0,38.0,30.0,26.0,35.0,43.0,30.0,30.0,37.0,38.0,51.0,23.0,45.0,34.0,29.0,39.0,28.0,31.0,38.0,42.0,32.0,41.0,37.0,32.0,32.0,33.0,27.0,30.0,31.0,33.0,36.0,28.0
17.0,19.0,19.0,20.0,24.0,21.0,32.0,19.0,23.0,18.0,26.0,21.0,26.0,17.0,28.0,20.0,24.0,19.0,25.0,25.0,23.0,15.0,17.0,27.0,23.0,24.0,24.0,20.0,21.0,19.0,25.0,32.0,21.0,34.0,23.0,23.0,26.0,11.0,19.0,20.0,27.0,26.0,25.0,28.0,26.0,17.0,26.0,28.0,17.0,17.0
31.0,23.0,31.0,17.0,33.0,32.0,29.0,28.0,23.0,24.0,22.0,30.0,21.0,30.0,11.0,26.0,19.0,26.0,24.0,25.0,26.0,24.0,26.0,29.0,27.0,14.0,27.0,25.0,30.0,27.0,29.0,21.0,22.0,24.0,31.0,35.0,14.0,22.0,25.0,26.0,30.0,19.0,32.0,25.0,31.0,31.0,29.0,29.0,35.0,17.0
36.0,25.0,41.0,30.0,40.0,34.0,36.0,30.0,32.0,41.0,30.0,37.0,39.0,30.0,42.0,36.0,41.0,29.0,44.0,29.0,33.0,36.0,28.0,34.0,33.0,35.0,34.0,33.0,38.0,35.0,25.0,36.0,38.0,28.0,40.0,29.0,33.0,35.0,34.0,39.0,37.0,34.0,37.0,30.0,41.0,28.0,25.0,35.0,41.0,30.0
29.0,23.0,20.0,22.0,16.0,15.0,21.0,24.0,19.0,26.0,20.0,27.0,16.0,19.0,27.0,20.0,29.0,24.0,16.0,23.0,21.0,18.0,16.0,25.0,21.0,15.0,23.0,19.0,27.0,20.0,26.0,32.0,20.0,20.0,23.0,24.0,15.0,24.0,21.0,18.0,22.0,18.0,25.0,31.0,24.0,27.0,14.0,27.0,22.0,20.0
34.0,36.0,23.0,28.0,33.0,20.0,27.0,33.0,33.0,25.0,36.0,21.0,37.0,30.0,31.0,25.0,28.0,36.0,25.0,27.0,28.0,34.0,17.0,26.0,24.0,37.0,31.0,25.0,27.0,33.0,29.0,36.0,28.0,36.0,35.0,29.0,36.0,30.0,27.0,44.0,31.0,36.0,30.0,31.0,29.0,30.0,34.0,37.0,30.0,30.0
34.0,30.0,34.0,30.0,38.0,31.0,31.0,41.0,28.0,40.0,26.0,35.0,39.0,37.0,46.0,30.0,29.0,33.0,36.0,31.0,35.0,42.0,30.0,31.0,37.0,45.0,39.0,30.0,26.0,40.0,26.0,29.0,45.0,44.0,29.0,28.0,28.0,26.0,39.0,33.0,43.0,44.0,37.0,29.0,23.0,22.0,45.0,37.0,33.0,28.0
30.0,29.0,16.0,21.0,25.0,19.0,22.0,21.0,25.0,31.0,19.0,34.0,31.0,36.0,31.0,25.0,24.0,25.0,30.0,19.0,25.0,22.0,30.0,23.0,30.0,28.0,14.0,32.0,22.0,24.0,23.0,29.0,15.0,25.0,27.0,27.0,22.0,19.0,28.0,21.0,22.0,22.0,15.0,29.0,21.0,33.0,29.0,21.0,22.0,28.0
24.0,22.0,32.0,27.0,23.0,16.0,25.0,26.0,21.0,23.0,23.0,23.0,22.0,19.0,18.0,29.0,24.0,26.0,16.0,23.0,16.0,22.0,28.0,25.0,28.0,21.0,23.0,30.0,23.0,22.0,28.0,23.0,25.0,17.0,19.0,19.0,33.0,13.0,27.0,22.0,25.0,21.0,17.0,24.0,19.0,17.0,23.0,22.0,24.0,20.0
37.0,29.0,27.0,28.0,43.0,28.0,48.0,33.0,33.0,33.0,34.0,35.0,38.0,30.0,35.0,27.0,36.0,28.0,27.0,38.0,30.0,26.0,36.0,32.0,29.0,29.0,36.0,18.0,25.0,41.0,30.0,36.0,35.0,44.0,23.0,29.0,33.0,23.0,33.0,29.0,41.0,37.0,30.0,33.0,36.0,29.0,32.0,28.0,33.0,31.0
