10,50,1000
15.685267,16.326007,18.422416,16.041529,17.453604,16.711712,15.217138,18.349096,16.625255,16.380097
9.309386,7.274559,5.198445,9.465339,8.556123,6.242113,7.068806,8.865952,8.34641,7.943199
0.0,10.0,20.0,30.0,40.0,50.0,60.0,70.0,80.0,90.0
10.0,0.0,10.0,20.0,30.0,40.0,50.0,60.0,70.0,80.0
20.0,10.0,0.0,10.0,20.0,30.0,40.0,50.0,60.0,70.0
30.0,20.0,10.0,0.0,10.0,20.0,30.0,40.0,50.0,60.0
40.0,30.0,20.0,10.0,0.0,10.0,20.0,30.0,40.0,50.0
50.0,40.0,30.0,20.0,10.0,0.0,10.0,20.0,30.0,40.0
60.0,50.0,40.0,30.0,20.0,10.0,0.0,10.0,20.0,30.0
70.0,60.0,50.0,40.0,30.0,20.0,10.0,0.0,10.0,20.0
80.0,70.0,60.0,50.0,40.0,30.0,20.0,10.0,0.0,10.0
90.0,80.0,70.0,60.0,50.0,40.0,30.0,20.0,10.0,0.0
450.0,400.0,350.0,300.0,250.0,250.0,300.0,350.0,400.0,450.0
0.0,1.0,2.0,3.0,4.0,5.0,6.0,7.0,8.0,9.0
1.0,0.0,1.0,2.0,3.0,4.0,5.0,6.0,7.0,8.0
2.0,1.0,0.0,1.0,2.0,3.0,4.0,5.0,6.0,7.0
3.0,2.0,1.0,0.0,1.0,2.0,3.0,4.0,5.0,6.0
4.0,3.0,2.0,1.0,0.0,1.0,2.0,3.0,4.0,5.0
5.0,4.0,3.0,2.0,1.0,0.0,1.0,2.0,3.0,4.0
6.0,5.0,4.0,3.0,2.0,1.0,0.0,1.0,2.0,3.0
7.0,6.0,5.0,4.0,3.0,2.0,1.0,0.0,1.0,2.0
8.0,7.0,6.0,5.0,4.0,3.0,2.0,1.0,0.0,1.0
9.0,8.0,7.0,6.0,5.0,4.0,3.0,2.0,1.0,0.0
45.0,40.0,35.0,30.0,25.0,25.0,30.0,35.0,40.0,45.0
39.0,34.0,36.0,45.0,29.0,38.0,32.0,37.0,33.0,36.0,40.0,31.0,38.0,30.0,26.0,41.0,39.0,37.0,34.0,43.0,35.0,28.0,33.0,32.0,43.0,37.0,25.0,34.0,34.0,39.0,41.0,28.0,32.0,35.0,30.0,39.0,36.0,29.0,33.0,40.0,28.0,26.0,47.0,42.0,32.0,27.0,33.0,33.0,33.0,43.0
29.0,33.0,32.0,32.0,29.0,28.0,38.0,27.0,28.0,27.0,29.0,30.0,32.0,30.0,29.0,36.0,43.0,33.0,32.0,31.0,27.0,36.0,21.0,32.0,30.0,30.0,23.0,28.0,22.0,23.0,31.0,23.0,20.0,23.0,25.0,31.0,24.0,40.0,23.0,27.0,19.0,34.0,21.0,34.0,31.0,29.0,26.0,26.0,36.0,26.0
20.0,21.0,22.0,24.0,28.0,22.0,27.0,17.0,21.0,22.0,21.0,8.0,13.0,27.0,20.0,18.0,16.0,31.0,19.0,21.0,20.0,17.0,32.0,17.0,25.0,18.0,17.0,21.0,20.0,27.0,21.0,15.0,18.0,30.0,21.0,12.0,19.0,16.0,19.0,24.0,22.0,25.0,15.0,24.0,19.0,24.0,20.0,24.0,22.0,21.0
21.0,50.0,35.0,35.0,30.0,46.0,45.0,38.0,29.0,33.0,28.0,37.0,38.0,30.0,30.0,31.0,36.0,30.0,41.0,31.0,23.0,35.0,34.0,45.0,42.0,27.0,25.0,39.0,33.0,31.0,38.0,39.0,34.0,38.0,21.0,34.0,25.0,27.0,32.0,35.0,23.0,36.0,28.0,39.0,32.0,35.0,29.0,36.0,33.0,42.0
32.0,34.0,42.0,31.0,38.0,27.0,35.0,50.0,32.0,43.0,33.0,43.0,22.0,23.0,33.0,24.0,39.0,34.0,32.0,28.0,31.0,22.0,25.0,36.0,26.0,37.0,39.0,31.0,36.0,50.0,26.0,26.0,30.0,43.0,31.0,37.0,32.0,41.0,29.0,36.0,36.0,33.0,38.0,32.0,31.0,35.0,35.0,37.0,33.0,36.0
26.0,21.0,34.0,31.0,21.0,21.0,22.0,19.0,28.0,23.0,30.0,21.0,28.0,31.0,31.0,24.0,23.0,25.0,26.0,30.0,30.0,20.0,19.0,16.0,22.0,21.0,25.0,27.0,24.0,31.0,30.0,30.0,22.0,17.0,17.0,15.0,24.0,23.0,30.0,27.0,26.0,26.0,32.0,21.0,28.0,28.0,16.0,28.0,19.0,19.0
29.0,32.0,29.0,27.0,30.0,26.0,22.0,19.0,26.0,25.0,19.0,31.0,20.0,17.0,26.0,30.0,23.0,32.0,30.0,28.0,26.0,31.0,21.0,29.0,32.0,29.0,37.0,27.0,28.0,33.0,32.0,19.0,26.0,22.0,31.0,30.0,28.0,33.0,27.0,32.0,30.0,24.0,30.0,27.0,36.0,38.0,27.0,24.0,31.0,28.0
35.0,19.0,34.0,37.0,27.0,32.0,27.0,31.0,33.0,37.0,28.0,47.0,29.0,34.0,30.0,31.0,44.0,44.0,48.0,47.0,30.0,30.0,41.0,37.0,34.0,30.0,35.0,34.0,33.0,27.0,32.0,23.0,25.0,42.0,36.0,41.0,32.0,34.0,33.0,38.0,36.0,46.0,22.0,37.0,38.0,34.0,28.0,31.0,24.0,29.0
27.0,23.0,32.0,24.0,34.0,43.0,25.0,28.0,38.0,22.0,31.0,34.0,28.0,32.0,30.0,30.0,39.0,30.0,27.0,35.0,33.0,30.0,35.0,36.0,25.0,34.0,28.0,32.0,29.0,32.0,30.0,26.0,21.0,22.0,28.0,29.0,30.0,26.0,37.0,34.0,31.0,25.0,24.0,32.0,29.0,44.0,32.0,28.0,33.0,28.0
24.0,31.0,26.0,28.0,24.0,27.0,38.0,35.0,34.0,28.0,35.0,35.0,34.0,21.0,21.0,38.0,34.0,20.0,20.0,25.0,31.0,27.0,31.0,31.0,27.0,32.0,29.0,30.0,32.0,26.0,32.0,33.0,28.0,36.0,37.0,39.0,40.0,24.0,31.0,29.0,34.0,28.0,23.0,23.0,29.0,33.0,41.0,25.0,37.0,32.0
