10,50,1000
19.155855,15.140535,19.12608,19.421201,17.134792,17.164285,16.892573,17.667731,16.727723,16.712994
9.506148,6.59211,9.621629,9.517037,8.612085,5.121361,5.4918,8.775653,5.597201,7.822532
0.0,10.0,20.0,30.0,40.0,50.0,60.0,70.0,80.0,90.0
10.0,0.0,10.0,20.0,30.0,40.0,50.0,60.0,70.0,80.0
20.0,10.0,0.0,10.0,20.0,30.0,40.0,50.0,60.0,70.0
30.0,20.0,10.0,0.0,10.0,20.0,30.0,40.0,50.0,60.0
40.0,30.0,20.0,10.0,0.0,10.0,20.0,30.0,40.0,50.0
50.0,40.0,30.0,20.0,10.0,0.0,10.0,20.0,30.0,40.0
60.0,50.0,40.0,30.0,20.0,10.0,0.0,10.0,20.0,30.0
70.0,60.0,50.0,40.0,30.0,20.0,10.0,0.0,10.0,20.0
80.0,70.0,60.0,50.0,40.0,30.0,20.0,10.0,0.0,10.0
90.0,80.0,70.0,60.0,50.0,40.0,30.0,20.0,10.0,0.0
450.0,400.0,350.0,300.0,250.0,250.0,300.0,350.0,400.0,450.0
0.0,1.0,2.0,3.0,4.0,5.0,6.0,7.0,8.0,9.0
1.0,0.0,1.0,2.0,3.0,4.0,5.0,6.0,7.0,8.0
2.0,1.0,0.0,1.0,2.0,3.0,4.0,5.0,6.0,7.0
3.0,2.0,1.0,0.0,1.0,2.0,3.0,4.0,5.0,6.0
4.0,3.0,2.0,1.0,0.0,1.0,2.0,3.0,4.0,5.0
5.0,4.0,3.0,2.0,1.0,0.0,1.0,2.0,3.0,4.0
6.0,5.0,4.0,3.0,2.0,1.0,0.0,1.0,2.0,3.0
7.0,6.0,5.0,4.0,3.0,2.0,1.0,0.0,1.0,2.0
8.0,7.0,6.0,5.0,4.0,3.0,2.0,1.0,0.0,1.0
9.0,8.0,7.0,6.0,5.0,4.0,3.0,2.0,1.0,0.0
45.0,40.0,35.0,30.0,25.0,25.0,30.0,35.0,40.0,45.0
37.0,32.0,45.0,42.0,42.0,39.0,31.0,33.0,37.0,42.0,30.0,31.0,35.0,38.0,36.0,29.0,42.0,37.0,35.0,32.0,32.0,28.0,36.0,38.0,26.0,32.0,44.0,44.0,28.0,47.0,44.0,25.0,32.0,30.0,43.0,38.0,53.0,35.0,25.0,28.0,37.0,35.0,23.0,39.0,39.0,51.0,33.0,30.0,36.0,32.0
32.0,31.0,19.0,28.0,23.0,27.0,33.0,20.0,20.0,32.0,25.0,16.0,18.0,27.0,24.0,33.0,14.0,28.0,32.0,20.0,23.0,16.0,25.0,21.0,29.0,26.0,30.0,24.0,21.0,30.0,32.0,28.0,24.0,25.0,18.0,23.0,27.0,24.0,31.0,21.0,28.0,20.0,23.0,23.0,24.0,26.0,26.0,25.0,21.0,23.0
29.0,32.0,35.0,36.0,22.0,34.0,44.0,42.0,43.0,27.0,37.0,35.0,40.0,46.0,30.0,26.0,28.0,37.0,31.0,29.0,43.0,39.0,42.0,50.0,29.0,38.0,39.0,29.0,39.0,45.0,37.0,41.0,31.0,32.0,32.0,44.0,42.0,42.0,39.0,35.0,30.0,32.0,43.0,35.0,30.0,39.0,38.0,32.0,39.0,34.0
32.0,45.0,27.0,42.0,50.0,33.0,38.0,35.0,40.0,38.0,44.0,27.0,36.0,30.0,49.0,39.0,44.0,39.0,43.0,36.0,36.0,28.0,44.0,40.0,31.0,37.0,34.0,32.0,29.0,34.0,31.0,38.0,40.0,29.0,35.0,39.0,39.0,35.0,33.0,43.0,37.0,37.0,37.0,47.0,39.0,32.0,26.0,40.0,35.0,27.0
37.0,34.0,25.0,32.0,35.0,42.0,35.0,30.0,32.0,23.0,32.0,30.0,36.0,29.0,31.0,45.0,36.0,29.0,24.0,27.0,43.0,39.0,24.0,29.0,37.0,30.0,38.0,41.0,42.0,36.0,45.0,29.0,29.0,29.0,33.0,19.0,44.0,36.0,28.0,38.0,38.0,30.0,22.0,21.0,37.0,36.0,39.0,26.0,36.0,35.0
16.0,18.0,18.0,21.0,13.0,15.0,23.0,21.0,17.0,28.0,19.0,18.0,22.0,23.0,16.0,25.0,27.0,16.0,17.0,16.0,19.0,25.0,35.0,17.0,22.0,22.0,25.0,41.0,22.0,17.0,20.0,24.0,27.0,20.0,17.0,20.0,20.0,20.0,25.0,32.0,13.0,19.0,32.0,19.0,20.0,23.0,24.0,20.0,16.0,18.0
26.0,19.0,16.0,22.0,16.0,23.0,22.0,18.0,21.0,16.0,24.0,16.0,21.0,19.0,20.0,29.0,20.0,24.0,22.0,24.0,21.0,13.0,20.0,23.0,18.0,22.0,19.0,31.0,32.0,24.0,22.0,22.0,17.0,23.0,19.0,20.0,17.0,18.0,16.0,23.0,32.0,24.0,28.0,19.0,29.0,26.0,21.0,12.0,24.0,19.0
28.0,30.0,39.0,37.0,32.0,43.0,24.0,27.0,21.0,32.0,33.0,29.0,34.0,38.0,40.0,45.0,29.0,39.0,28.0,31.0,22.0,33.0,41.0,33.0,42.0,30.0,29.0,29.0,24.0,30.0,34.0,31.0,40.0,25.0,39.0,29.0,30.0,28.0,37.0,30.0,30.0,37.0,30.0,20.0,29.0,44.0,22.0,40.0,38.0,37.0
29.0,21.0,24.0,22.0,29.0,31.0,23.0,28.0,19.0,35.0,23.0,20.0,19.0,26.0,20.0,25.0,13.0,19.0,27.0,26.0,21.0,25.0,19.0,24.0,19.0,13.0,16.0,24.0,22.0,24.0,28.0,19.0,20.0,33.0,20.0,23.0,23.0,24.0,24.0,24.0,22.0,22.0,21.0,19.0,21.0,26.0,15.0,16.0,19.0,14.0
30.0,33.0,33.0,40.0,27.0,34.0,30.0,27.0,29.0,34.0,24.0,23.0,42.0,32.0,25.0,32.0,34.0,21.0,25.0,39.0,36.0,29.0,28.0,26.0,33.0,29.0,24.0,40.0,34.0,32.0,27.0,26.0,39.0,34.0,24.0,29.0,29.0,31.0,37.0,36.0,31.0,38.0,24.0,36.0,30.0,25.0,31.0,22.0,29.0,28.0
