10,50,1000
18.071609,18.356767,18.863467,17.204044,16.877864,16.144134,15.116632,15.720727,15.012168,19.506768
6.579603,5.595976,8.28012,8.454372,8.620983,7.286529,7.716482,7.571181,7.252323,7.505765
0.0,10.0,20.0,30.0,40.0,50.0,60.0,70.0,80.0,90.0
10.0,0.0,10.0,20.0,30.0,40.0,50.0,60.0,70.0,80.0
20.0,10.0,0.0,10.0,20.0,30.0,40.0,50.0,60.0,70.0
30.0,20.0,10.0,0.0,10.0,20.0,30.0,40.0,50.0,60.0
40.0,30.0,20.0,10.0,0.0,10.0,20.0,30.0,40.0,50.0
50.0,40.0,30.0,20.0,10.0,0.0,10.0,20.0,30.0,40.0
60.0,50.0,40.0,30.0,20.0,10.0,0.0,10.0,20.0,30.0
70.0,60.0,50.0,40.0,30.0,20.0,10.0,0.0,10.0,20.0
80.0,70.0,60.0,50.0,40.0,30.0,20.0,10.0,0.0,10.0
90.0,80.0,70.0,60.0,50.0,40.0,30.0,20.0,10.0,0.0
450.0,400.0,350.0,300.0,250.0,250.0,300.0,350.0,400.0,450.0
0.0,1.0,2.0,3.0,4.0,5.0,6.0,7.0,8.0,9.0
1.0,0.0,1.0,2.0,3.0,4.0,5.0,6.0,7.0,8.0
2.0,1.0,0.0,1.0,2.0,3.0,4.0,5.0,6.0,7.0
3.0,2.0,1.0,0.0,1.0,2.0,3.0,4.0,5.0,6.0
4.0,3.0,2.0,1.0,0.0,1.0,2.0,3.0,4.0,5.0
5.0,4.0,3.0,2.0,1.0,0.0,1.0,2.0,3.0,4.0
6.0,5.0,4.0,3.0,2.0,1.0,0.0,1.0,2.0,3.0
7.0,6.0,5.0,4.0,3.0,2.0,1.0,0.0,1.0,2.0
8.0,7.0,6.0,5.0,4.0,3.0,2.0,1.0,0.0,1.0
9.0,8.0,7.0,6.0,5.0,4.0,3.0,2.0,1.0,0.0
45.0,40.0,35.0,30.0,25.0,25.0,30.0,35.0,40.0,45.0
21.0,25.0,31.0,34.0,23.0,24.0,30.0,27.0,34.0,34.0,17.0,26.0,23.0,27.0,20.0,28.0,26.0,20.0,24.0,22.0,28.0,25.0,24.0,34.0,24.0,26.0,25.0,33.0,25.0,15.0,33.0,33.0,27.0,21.0,23.0,23.0,24.0,26.0,22.0,24.0,29.0,24.0,25.0,28.0,31.0,22.0,22.0,24.0,26.0,24.0
18.0,24.0,21.0,21.0,25.0,25.0,20.0,26.0,12.0,29.0,24.0,19.0,18.0,22.0,30.0,25.0,15.0,20.0,24.0,21.0,29.0,17.0,28.0,24.0,18.0,25.0,23.0,25.0,24.0,33.0,31.0,28.0,17.0,22.0,14.0,31.0,20.0,19.0,20.0,23.0,29.0,19.0,30.0,25.0,18.0,26.0,34.0,22.0,21.0,33.0
30.0,35.0,36.0,32.0,37.0,16.0,23.0,27.0,36.0,41.0,28.0,41.0,31.0,40.0,34.0,28.0,31.0,26.0,36.0,35.0,38.0,30.0,31.0,27.0,29.0,38.0,30.0,35.0,32.0,24.0,32.0,36.0,34.0,36.0,29.0,35.0,36.0,24.0,37.0,29.0,29.0,38.0,38.0,22.0,30.0,35.0,33.0,35.0,47.0,24.0
25.0,24.0,41.0,27.0,31.0,33.0,37.0,28.0,40.0,32.0,24.0,32.0,33.0,26.0,31.0,33.0,25.0,45.0,28.0,34.0,29.0,35.0,29.0,33.0,28.0,39.0,40.0,26.0,25.0,36.0,44.0,36.0,36.0,39.0,32.0,30.0,38.0,35.0,38.0,30.0,31.0,25.0,29.0,35.0,36.0,31.0,41.0,32.0,29.0,26.0
33.0,26.0,39.0,28.0,31.0,44.0,37.0,32.0,28.0,32.0,21.0,26.0,36.0,36.0,30.0,32.0,20.0,38.0,30.0,41.0,28.0,39.0,29.0,43.0,27.0,27.0,39.0,28.0,32.0,24.0,29.0,34.0,29.0,35.0,34.0,34.0,34.0,32.0,38.0,29.0,29.0,33.0,28.0,23.0,33.0,42.0,29.0,33.0,37.0,44.0
28.0,37.0,24.0,35.0,32.0,28.0,24.0,42.0,28.0,30.0,42.0,22.0,27.0,21.0,28.0,38.0,32.0,24.0,32.0,15.0,22.0,32.0,37.0,16.0,32.0,26.0,31.0,30.0,19.0,30.0,30.0,14.0,31.0,25.0,33.0,29.0,20.0,20.0,27.0,42.0,28.0,27.0,33.0,36.0,22.0,26.0,28.0,40.0,26.0,28.0
38.0,23.0,33.0,31.0,21.0,23.0,31.0,26.0,33.0,37.0,28.0,31.0,33.0,25.0,32.0,32.0,34.0,27.0,29.0,32.0,17.0,23.0,31.0,24.0,40.0,28.0,22.0,26.0,23.0,19.0,26.0,27.0,33.0,26.0,35.0,38.0,44.0,26.0,29.0,31.0,21.0,29.0,35.0,27.0,27.0,28.0,33.0,26.0,24.0,16.0
23.0,20.0,23.0,21.0,23.0,32.0,30.0,28.0,21.0,24.0,38.0,22.0,29.0,22.0,31.0,22.0,26.0,39.0,34.0,31.0,37.0,16.0,21.0,19.0,27.0,29.0,24.0,23.0,16.0,20.0,25.0,24.0,33.0,23.0,33.0,31.0,26.0,23.0,31.0,33.0,31.0,17.0,26.0,43.0,26.0,54.0,27.0,27.0,26.0,33.0
29.0,27.0,26.0,25.0,27.0,24.0,28.0,30.0,31.0,27.0,42.0,29.0,29.0,25.0,26.0,27.0,28.0,27.0,35.0,31.0,26.0,32.0,20.0,13.0,28.0,29.0,18.0,34.0,29.0,31.0,31.0,21.0,44.0,21.0,27.0,28.0,28.0,28.0,24.0,22.0,25.0,26.0,25.0,30.0,30.0,27.0,28.0,28.0,22.0,30.0
41.0,31.0,33.0,25.0,33.0,27.0,30.0,24.0,30.0,23.0,27.0,27.0,39.0,19.0,29.0,26.0,33.0,28.0,30.0,26.0,17.0,38.0,36.0,34.0,23.0,30.0,25.0,32.0,27.0,26.0,28.0,40.0,35.0,27.0,34.0,30.0,37.0,22.0,27.0,26.0,29.0,22.0,25.0,33.0,29.0,28.0,25.0,17.0,25.0,32.0
