10,50,1000
15.742066,19.949152,15.373349,18.508435,19.619661,16.436617,19.917437,15.306153,19.386039,18.857108
9.904835,7.642612,8.948625,6.49821,8.694223,6.670863,8.591072,6.337477,8.397781,9.791857
0.0,10.0,20.0,30.0,40.0,50.0,60.0,70.0,80.0,90.0
10.0,0.0,10.0,20.0,30.0,40.0,50.0,60.0,70.0,80.0
20.0,10.0,0.0,10.0,20.0,30.0,40.0,50.0,60.0,70.0
30.0,20.0,10.0,0.0,10.0,20.0,30.0,40.0,50.0,60.0
40.0,30.0,20.0,10.0,0.0,10.0,20.0,30.0,40.0,50.0
50.0,40.0,30.0,20.0,10.0,0.0,10.0,20.0,30.0,40.0
60.0,50.0,40.0,30.0,20.0,10.0,0.0,10.0,20.0,30.0
70.0,60.0,50.0,40.0,30.0,20.0,10.0,0.0,10.0,20.0
80.0,70.0,60.0,50.0,40.0,30.0,20.0,10.0,0.0,10.0
90.0,80.0,70.0,60.0,50.0,40.0,30.0,20.0,10.0,0.0
450.0,400.0,350.0,300.0,250.0,250.0,300.0,350.0,400.0,450.0
0.0,1.0,2.0,3.0,4.0,5.0,6.0,7.0,8.0,9.0
1.0,0.0,1.0,2.0,3.0,4.0,5.0,6.0,7.0,8.0
2.0,1.0,0.0,1.0,2.0,3.0,4.0,5.0,6.0,7.0
3.0,2.0,1.0,0.0,1.0,2.0,3.0,4.0,5.0,6.0
4.0,3.0,2.0,1.0,0.0,1.0,2.0,3.0,4.0,5.0
5.0,4.0,3.0,2.0,1.0,0.0,1.0,2.0,3.0,4.0
6.0,5.0,4.0,3.0,2.0,1.0,0.0,1.0,2.0,3.0
7.0,6.0,5.0,4.0,3.0,2.0,1.0,0.0,1.0,2.0
8.0,7.0,6.0,5.0,4.0,3.0,2.0,1.0,0.0,1.0
9.0,8.0,7.0,6.0,5.0,4.0,3.0,2.0,1.0,0.0
45.0,40.0,35.0,30.0,25.0,25.0,30.0,35.0,40.0,45.0
39.0,37.0,43.0,35.0,32.0,39.0,32.0,42.0,45.0,41.0,47.0,35.0,47.0,35.0,47.0,34.0,26.0,34.0,34.0,52.0,30.0,34.0,35.0,22.0,31.0,40.0,46.0,30.0,39.0,30.0,37.0,38.0,27.0,48.0,31.0,38.0,40.0,40.0,35.0,38.0,38.0,45.0,35.0,27.0,37.0,41.0,44.0,41.0,50.0,40.0
39.0,28.0,26.0,17.0,35.0,32.0,41.0,30.0,41.0,22.0,40.0,27.0,27.0,12.0,27.0,40.0,34.0,24.0,24.0,22.0,31.0,28.0,39.0,25.0,27.0,28.0,33.0,27.0,27.0,36.0,35.0,26.0,37.0,20.0,31.0,31.0,30.0,24.0,27.0,28.0,30.0,30.0,29.0,28.0,27.0,43.0,25.0,33.0,32.0,32.0
37.0,35.0,29.0,25.0,35.0,31.0,29.0,32.0,26.0,32.0,27.0,38.0,29.0,29.0,35.0,29.0,44.0,35.0,28.0,38.0,41.0,35.0,34.0,29.0,43.0,33.0,35.0,33.0,44.0,29.0,33.0,43.0,36.0,31.0,32.0,41.0,36.0,28.0,40.0,34.0,23.0,24.0,40.0,40.0,35.0,25.0,31.0,31.0,28.0,36.0
27.0,24.0,31.0,28.0,36.0,16.0,22.0,24.0,28.0,30.0,30.0,29.0,33.0,22.0,27.0,31.0,27.0,26.0,28.0,29.0,21.0,27.0,26.0,25.0,29.0,18.0,20.0,24.0,27.0,31.0,23.0,22.0,28.0,28.0,28.0,20.0,31.0,23.0,31.0,23.0,25.0,18.0,21.0,26.0,34.0,22.0,15.0,36.0,23.0,28.0
23.0,31.0,43.0,28.0,22.0,40.0,39.0,31.0,26.0,35.0,33.0,32.0,39.0,33.0,30.0,35.0,34.0,29.0,31.0,29.0,37.0,27.0,27.0,31.0,28.0,35.0,28.0,38.0,40.0,30.0,37.0,31.0,34.0,37.0,32.0,25.0,36.0,22.0,35.0,27.0,27.0,25.0,30.0,31.0,35.0,30.0,27.0,42.0,24.0,22.0
24.0,27.0,29.0,27.0,25.0,27.0,22.0,20.0,24.0,23.0,23.0,26.0,31.0,36.0,29.0,26.0,31.0,18.0,25.0,33.0,19.0,26.0,18.0,23.0,30.0,28.0,30.0,22.0,20.0,20.0,23.0,29.0,26.0,33.0,25.0,38.0,28.0,26.0,20.0,30.0,26.0,27.0,26.0,29.0,23.0,27.0,25.0,28.0,30.0,25.0
38.0,36.0,37.0,24.0,35.0,32.0,33.0,36.0,21.0,30.0,26.0,43.0,36.0,33.0,27.0,30.0,29.0,26.0,35.0,29.0,36.0,36.0,36.0,25.0,43.0,32.0,28.0,35.0,27.0,37.0,31.0,30.0,35.0,31.0,32.0,38.0,20.0,28.0,28.0,27.0,32.0,30.0,32.0,17.0,29.0,39.0,26.0,33.0,37.0,33.0
25.0,17.0,29.0,25.0,33.0,21.0,22.0,28.0,26.0,26.0,24.0,24.0,20.0,35.0,24.0,26.0,18.0,28.0,16.0,23.0,38.0,28.0,32.0,25.0,22.0,26.0,26.0,22.0,22.0,23.0,35.0,27.0,24.0,23.0,27.0,21.0,32.0,20.0,21.0,17.0,23.0,17.0,31.0,15.0,24.0,24.0,29.0,23.0,25.0,24.0
29.0,34.0,32.0,33.0,26.0,43.0,34.0,37.0,33.0,28.0,26.0,30.0,32.0,27.0,34.0,37.0,34.0,36.0,26.0,33.0,35.0,24.0,27.0,28.0,31.0,31.0,35.0,30.0,38.0,18.0,36.0,32.0,25.0,36.0,28.0,38.0,31.0,20.0,33.0,39.0,32.0,33.0,38.0,34.0,28.0,34.0,32.0,27.0,34.0,34.0
35.0,37.0,31.0,47.0,31.0,29.0,43.0,32.0,40.0,28.0,44.0,34.0,33.0,36.0,36.0,30.0,31.0,27.0,25.0,44.0,32.0,46.0,33.0,51.0,31.0,43.0,31.0,31.0,33.0,41.0,39.0,43.0,39.0,39.0,38.0,32.0,44.0,40.0,37.0,39.0,37.0,30.0,38.0,34.0,32.0,29.0,34.0,36.0,37.0,41.0
