10,50,1000
18.521913,19.388757,16.952586,17.092588,15.238868,15.524015,16.390326,15.715403,16.162515,15.188093
9.058474,7.277374,5.902118,7.926011,6.86542,5.583572,7.976868,9.743764,7.885291,7.208567
0.0,10.0,20.0,30.0,40.0,50.0,60.0,70.0,80.0,90.0
10.0,0.0,10.0,20.0,30.0,40.0,50.0,60.0,70.0,80.0
20.0,10.0,0.0,10.0,20.0,30.0,40.0,50.0,60.0,70.0
30.0,20.0,10.0,0.0,10.0,20.0,30.0,40.0,50.0,60.0
40.0,30.0,20.0,10.0,0.0,10.0,20.0,30.0,40.0,50.0
50.0,40.0,30.0,20.0,10.0,0.0,10.0,20.0,30.0,40.0
60.0,50.0,40.0,30.0,20.0,10.0,0.0,10.0,20.0,30.0
70.0,60.0,50.0,40.0,30.0,20.0,10.0,0.0,10.0,20.0
80.0,70.0,60.0,50.0,40.0,30.0,20.0,10.0,0.0,10.0
90.0,80.0,70.0,60.0,50.0,40.0,30.0,20.0,10.0,0.0
450.0,400.0,350.0,300.0,250.0,250.0,300.0,350.0,400.0,450.0
0.0,1.0,2.0,3.0,4.0,5.0,6.0,7.0,8.0,9.0
1.0,0.0,1.0,2.0,3.0,4.0,5.0,6.0,7.0,8.0
2.0,1.0,0.0,1.0,2.0,3.0,4.0,5.0,6.0,7.0
3.0,2.0,1.0,0.0,1.0,2.0,3.0,4.0,5.0,6.0
4.0,3.0,2.0,1.0,0.0,1.0,2.0,3.0,4.0,5.0
5.0,4.0,3.0,2.0,1.0,0.0,1.0,2.0,3.0,4.0
6.0,5.0,4.0,3.0,2.0,1.0,0.0,1.0,2.0,3.0
7.0,6.0,5.0,4.0,3.0,2.0,1.0,0.0,1.0,2.0
8.0,7.0,6.0,5.0,4.0,3.0,2.0,1.0,0.0,1.0
9.0,8.0,7.0,6.0,5.0,4.0,3.0,2.0,1.0,0.0
45.0,40.0,35.0,30.0,25.0,25.0,30.0,35.0,40.0,45.0
35.0,38.0,37.0,36.0,30.0,31.0,38.0,29.0,36.0,33.0,45.0,45.0,45.0,28.0,31.0,37.0,18.0,22.0,32.0,39.0,29.0,37.0,31.0,34.0,32.0,36.0,28.0,35.0,44.0,34.0,33.0,37.0,35.0,32.0,25.0,37.0,30.0,39.0,20.0,38.0,35.0,32.0,36.0,41.0,35.0,33.0,29.0,32.0,38.0,33.0
21.0,32.0,31.0,26.0,36.0,35.0,25.0,27.0,25.0,24.0,27.0,24.0,28.0,20.0,43.0,28.0,29.0,30.0,40.0,32.0,27.0,34.0,28.0,31.0,35.0,35.0,32.0,24.0,37.0,33.0,28.0,24.0,29.0,27.0,32.0,25.0,30.0,30.0,29.0,26.0,30.0,25.0,23.0,24.0,28.0,23.0,27.0,39.0,24.0,29.0
19.0,15.0,23.0,26.0,22.0,25.0,20.0,16.0,33.0,20.0,24.0,21.0,18.0,29.0,22.0,21.0,21.0,29.0,27.0,27.0,29.0,28.0,20.0,22.0,17.0,20.0,18.0,20.0,18.0,24.0,25.0,27.0,21.0,26.0,25.0,19.0,26.0,29.0,19.0,31.0,22.0,35.0,19.0,28.0,21.0,20.0,22.0,22.0,19.0,29.0
36.0,25.0,30.0,20.0,37.0,37.0,36.0,33.0,21.0,24.0,41.0,23.0,28.0,39.0,20.0,29.0,26.0,40.0,29.0,24.0,31.0,32.0,27.0,28.0,23.0,41.0,35.0,38.0,25.0,33.0,34.0,24.0,25.0,22.0,41.0,36.0,24.0,37.0,40.0,28.0,35.0,31.0,33.0,36.0,25.0,32.0,29.0,29.0,41.0,38.0
14.0,21.0,21.0,25.0,29.0,15.0,33.0,25.0,27.0,24.0,26.0,30.0,22.0,33.0,30.0,29.0,22.0,27.0,30.0,25.0,19.0,35.0,32.0,34.0,20.0,29.0,24.0,27.0,20.0,28.0,30.0,33.0,24.0,23.0,26.0,28.0,21.0,34.0,24.0,29.0,33.0,25.0,22.0,28.0,22.0,29.0,26.0,22.0,29.0,24.0
20.0,23.0,24.0,31.0,19.0,19.0,15.0,28.0,28.0,21.0,26.0,25.0,19.0,26.0,15.0,28.0,23.0,18.0,19.0,14.0,19.0,19.0,17.0,17.0,19.0,25.0,23.0,23.0,17.0,26.0,30.0,20.0,28.0,29.0,20.0,29.0,24.0,15.0,24.0,24.0,26.0,27.0,18.0,17.0,23.0,33.0,27.0,23.0,20.0,27.0
24.0,23.0,34.0,31.0,34.0,31.0,25.0,29.0,31.0,29.0,30.0,37.0,20.0,25.0,27.0,33.0,31.0,32.0,31.0,31.0,37.0,40.0,25.0,25.0,31.0,41.0,34.0,17.0,28.0,30.0,34.0,24.0,39.0,23.0,37.0,25.0,44.0,34.0,29.0,32.0,32.0,33.0,39.0,32.0,29.0,33.0,37.0,27.0,36.0,24.0
26.0,37.0,30.0,41.0,34.0,38.0,30.0,36.0,30.0,38.0,43.0,27.0,30.0,39.0,39.0,46.0,36.0,40.0,34.0,34.0,36.0,36.0,44.0,25.0,22.0,37.0,42.0,27.0,38.0,45.0,45.0,31.0,27.0,31.0,40.0,34.0,27.0,19.0,45.0,30.0,31.0,39.0,29.0,40.0,38.0,34.0,27.0,31.0,35.0,33.0
25.0,28.0,25.0,29.0,26.0,25.0,27.0,22.0,25.0,31.0,32.0,29.0,24.0,32.0,27.0,32.0,36.0,19.0,31.0,30.0,36.0,28.0,35.0,25.0,32.0,27.0,34.0,40.0,29.0,32.0,36.0,28.0,29.0,18.0,27.0,38.0,25.0,36.0,27.0,38.0,27.0,30.0,28.0,36.0,30.0,34.0,23.0,27.0,34.0,23.0
35.0,35.0,25.0,27.0,30.0,24.0,26.0,24.0,24.0,25.0,30.0,21.0,23.0,26.0,19.0,33.0,25.0,40.0,37.0,29.0,24.0,25.0,17.0,26.0,24.0,32.0,24.0,17.0,26.0,23.0,21.0,30.0,19.0,29.0,21.0,43.0,23.0,20.0,20.0,30.0,20.0,31.0,26.0,27.0,34.0,25.0,25.0,37.0,29.0,26.0
