10,50,1000
15.339837,18.268859,15.288293,16.135623,19.406935,18.873732,18.80562,17.860608,16.250257,15.571541
8.759965,5.645031,5.99311,8.738984,7.988671,6.675362,8.80141,8.87278,5.721824,6.622128
0.0,10.0,20.0,30.0,40.0,50.0,60.0,70.0,80.0,90.0
10.0,0.0,10.0,20.0,30.0,40.0,50.0,60.0,70.0,80.0
20.0,10.0,0.0,10.0,20.0,30.0,40.0,50.0,60.0,70.0
30.0,20.0,10.0,0.0,10.0,20.0,30.0,40.0,50.0,60.0
40.0,30.0,20.0,10.0,0.0,10.0,20.0,30.0,40.0,50.0
50.0,40.0,30.0,20.0,10.0,0.0,10.0,20.0,30.0,40.0
60.0,50.0,40.0,30.0,20.0,10.0,0.0,10.0,20.0,30.0
70.0,60.0,50.0,40.0,30.0,20.0,10.0,0.0,10.0,20.0
80.0,70.0,60.0,50.0,40.0,30.0,20.0,10.0,0.0,10.0
90.0,80.0,70.0,60.0,50.0,40.0,30.0,20.0,10.0,0.0
450.0,400.0,350.0,300.0,250.0,250.0,300.0,350.0,400.0,450.0
0.0,1.0,2.0,3.0,4.0,5.0,6.0,7.0,8.0,9.0
1.0,0.0,1.0,2.0,3.0,4.0,5.0,6.0,7.0,8.0
2.0,1.0,0.0,1.0,2.0,3.0,4.0,5.0,6.0,7.0
3.0,2.0,1.0,0.0,1.0,2.0,3.0,4.0,5.0,6.0
4.0,3.0,2.0,1.0,0.0,1.0,2.0,3.0,4.0,5.0
5.0,4.0,3.0,2.0,1.0,0.0,1.0,2.0,3.0,4.0
6.0,5.0,4.0,3.0,2.0,1.0,0.0,1.0,2.0,3.0
7.0,6.0,5.0,4.0,3.0,2.0,1.0,0.0,1.0,2.0
8.0,7.0,6.0,5.0,4.0,3.0,2.0,1.0,0.0,1.0
9.0,8.0,7.0,6.0,5.0,4.0,3.0,2.0,1.0,0.0
45.0,40.0,35.0,30.0,25.0,25.0,30.0,35.0,40.0,45.0
35.0,22.0,34.0,35.0,33.0,28.0,36.0,38.0,31.0,28.0,29.0,30.0,29.0,25.0,24.0,29.0,17.0,32.0,31.0,35.0,27.0,23.0,32.0,34.0,37.0,24.0,39.0,33.0,43.0,31.0,36.0,36.0,34.0,24.0,26.0,30.0,38.0,27.0,39.0,24.0,25.0,30.0,36.0,40.0,32.0,25.0,34.0,25.0,33.0,21.0
19.0,32.0,26.0,25.0,17.0,22.0,18.0,16.0,14.0,25.0,27.0,21.0,16.0,31.0,16.0,19.0,20.0,22.0,18.0,25.0,19.0,19.0,24.0,20.0,19.0,26.0,24.0,26.0,31.0,17.0,14.0,22.0,32.0,25.0,33.0,20.0,23.0,26.0,21.0,29.0,17.0,32.0,17.0,13.0,22.0,20.0,30.0,22.0,21.0,18.0
22.0,18.0,17.0,21.0,23.0,18.0,19.0,13.0,29.0,20.0,27.0,21.0,27.0,28.0,30.0,23.0,29.0,25.0,22.0,27.0,19.0,16.0,18.0,25.0,22.0,25.0,31.0,20.0,23.0,29.0,20.0,27.0,25.0,20.0,28.0,26.0,28.0,15.0,20.0,35.0,13.0,24.0,22.0,25.0,24.0,24.0,21.0,25.0,23.0,25.0
40.0,32.0,22.0,33.0,37.0,24.0,35.0,35.0,29.0,28.0,40.0,30.0,40.0,28.0,30.0,28.0,22.0,28.0,29.0,44.0,25.0,39.0,31.0,31.0,24.0,29.0,29.0,42.0,23.0,22.0,35.0,29.0,37.0,32.0,39.0,24.0,35.0,27.0,32.0,29.0,35.0,29.0,36.0,42.0,27.0,30.0,31.0,35.0,30.0,26.0
37.0,27.0,42.0,31.0,21.0,38.0,33.0,26.0,42.0,29.0,25.0,25.0,39.0,22.0,39.0,37.0,23.0,35.0,32.0,37.0,28.0,34.0,29.0,30.0,29.0,26.0,31.0,35.0,22.0,37.0,27.0,36.0,31.0,36.0,31.0,26.0,34.0,35.0,29.0,33.0,36.0,22.0,38.0,41.0,26.0,35.0,28.0,26.0,29.0,27.0
29.0,31.0,23.0,31.0,23.0,38.0,21.0,20.0,19.0,24.0,23.0,32.0,31.0,30.0,27.0,33.0,23.0,32.0,29.0,22.0,31.0,16.0,24.0,21.0,32.0,25.0,29.0,23.0,29.0,20.0,18.0,20.0,27.0,26.0,32.0,30.0,25.0,22.0,24.0,33.0,24.0,22.0,19.0,26.0,38.0,31.0,28.0,24.0,22.0,34.0
32.0,31.0,31.0,28.0,34.0,39.0,39.0,30.0,37.0,29.0,36.0,22.0,38.0,30.0,33.0,28.0,28.0,23.0,36.0,39.0,35.0,32.0,26.0,31.0,24.0,33.0,27.0,24.0,31.0,29.0,38.0,41.0,29.0,29.0,44.0,41.0,26.0,36.0,42.0,30.0,32.0,27.0,38.0,27.0,40.0,42.0,23.0,29.0,27.0,38.0
31.0,31.0,40.0,41.0,32.0,37.0,33.0,30.0,39.0,35.0,35.0,25.0,39.0,30.0,23.0,32.0,30.0,36.0,25.0,35.0,35.0,28.0,29.0,32.0,23.0,28.0,25.0,49.0,32.0,41.0,33.0,34.0,48.0,32.0,38.0,38.0,30.0,34.0,20.0,31.0,25.0,35.0,26.0,35.0,41.0,33.0,38.0,30.0,42.0,41.0
19.0,23.0,15.0,14.0,30.0,21.0,17.0,19.0,21.0,15.0,24.0,21.0,19.0,17.0,30.0,27.0,22.0,30.0,22.0,22.0,11.0,17.0,19.0,23.0,26.0,29.0,31.0,22.0,34.0,17.0,28.0,28.0,19.0,24.0,19.0,28.0,21.0,23.0,17.0,25.0,24.0,22.0,23.0,21.0,18.0,22.0,19.0,21.0,15.0,14.0
28.0,24.0,18.0,28.0,25.0,19.0,35.0,19.0,23.0,32.0,30.0,23.0,32.0,26.0,29.0,22.0,13.0,21.0,25.0,22.0,29.0,30.0,13.0,32.0,22.0,32.0,25.0,19.0,18.0,20.0,26.0,25.0,37.0,19.0,24.0,31.0,19.0,21.0,24.0,30.0,23.0,20.0,24.0,24.0,19.0,21.0,23.0,24.0,25.0,27.0
