10,50,1000
18.630266,17.933234,16.082139,18.912424,19.337684,17.118966,18.231243,19.050526,17.50619,19.844555
8.558696,6.973405,6.064329,6.534485,9.440402,5.097138,5.717248,5.31137,9.939309,5.513099
0.0,10.0,20.0,30.0,40.0,50.0,60.0,70.0,80.0,90.0
10.0,0.0,10.0,20.0,30.0,40.0,50.0,60.0,70.0,80.0
20.0,10.0,0.0,10.0,20.0,30.0,40.0,50.0,60.0,70.0
30.0,20.0,10.0,0.0,10.0,20.0,30.0,40.0,50.0,60.0
40.0,30.0,20.0,10.0,0.0,10.0,20.0,30.0,40.0,50.0
50.0,40.0,30.0,20.0,10.0,0.0,10.0,20.0,30.0,40.0
60.0,50.0,40.0,30.0,20.0,10.0,0.0,10.0,20.0,30.0
70.0,60.0,50.0,40.0,30.0,20.0,10.0,0.0,10.0,20.0
80.0,70.0,60.0,50.0,40.0,30.0,20.0,10.0,0.0,10.0
90.0,80.0,70.0,60.0,50.0,40.0,30.0,20.0,10.0,0.0
450.0,400.0,350.0,300.0,250.0,250.0,300.0,350.0,400.0,450.0
0.0,1.0,2.0,3.0,4.0,5.0,6.0,7.0,8.0,9.0
1.0,0.0,1.0,2.0,3.0,4.0,5.0,6.0,7.0,8.0
2.0,1.0,0.0,1.0,2.0,3.0,4.0,5.0,6.0,7.0
3.0,2.0,1.0,0.0,1.0,2.0,3.0,4.0,5.0,6.0
4.0,3.0,2.0,1.0,0.0,1.0,2.0,3.0,4.0,5.0
5.0,4.0,3.0,2.0,1.0,0.0,1.0,2.0,3.0,4.0
6.0,5.0,4.0,3.0,2.0,1.0,0.0,1.0,2.0,3.0
7.0,6.0,5.0,4.0,3.0,2.0,1.0,0.0,1.0,2.0
8.0,7.0,6.0,5.0,4.0,3.0,2.0,1.0,0.0,1.0
9.0,8.0,7.0,6.0,5.0,4.0,3.0,2.0,1.0,0.0
45.0,40.0,35.0,30.0,25.0,25.0,30.0,35.0,40.0,45.0
29.0,31.0,27.0,37.0,35.0,33.0,24.0,38.0,29.0,43.0,34.0,35.0,24.0,32.0,26.0,26.0,22.0,30.0,34.0,29.0,38.0,35.0,33.0,17.0,38.0,35.0,21.0,31.0,21.0,37.0,33.0,33.0,40.0,28.0,26.0,27.0,31.0,39.0,21.0,34.0,38.0,35.0,30.0,25.0,23.0,43.0,35.0,31.0,35.0,42.0
25.0,21.0,26.0,29.0,26.0,27.0,34.0,29.0,31.0,27.0,32.0,25.0,22.0,28.0,26.0,30.0,25.0,29.0,23.0,25.0,34.0,28.0,21.0,32.0,36.0,24.0,26.0,26.0,31.0,22.0,32.0,25.0,19.0,40.0,25.0,17.0,28.0,24.0,28.0,30.0,29.0,24.0,22.0,18.0,20.0,27.0,29.0,33.0,31.0,26.0
25.0,20.0,27.0,22.0,27.0,21.0,37.0,19.0,28.0,29.0,34.0,31.0,20.0,21.0,29.0,25.0,25.0,18.0,26.0,29.0,28.0,30.0,31.0,23.0,16.0,18.0,26.0,23.0,24.0,24.0,18.0,25.0,30.0,28.0,28.0,27.0,19.0,30.0,24.0,22.0,21.0,20.0,19.0,20.0,18.0,26.0,22.0,21.0,23.0,25.0
26.0,29.0,24.0,20.0,23.0,22.0,24.0,38.0,27.0,28.0,26.0,22.0,26.0,36.0,24.0,20.0,34.0,27.0,27.0,29.0,24.0,24.0,29.0,23.0,20.0,28.0,31.0,26.0,22.0,37.0,20.0,24.0,27.0,36.0,25.0,33.0,29.0,28.0,30.0,28.0,16.0,23.0,22.0,27.0,25.0,27.0,29.0,26.0,23.0,30.0
35.0,36.0,32.0,33.0,32.0,36.0,33.0,42.0,32.0,37.0,30.0,39.0,24.0,37.0,50.0,45.0,37.0,34.0,40.0,26.0,29.0,23.0,38.0,46.0,28.0,27.0,37.0,49.0,35.0,31.0,46.0,32.0,30.0,37.0,38.0,34.0,41.0,29.0,38.0,43.0,38.0,29.0,28.0,34.0,35.0,38.0,32.0,33.0,32.0,37.0
22.0,22.0,16.0,12.0,26.0,28.0,27.0,16.0,21.0,23.0,16.0,18.0,24.0,27.0,32.0,24.0,25.0,22.0,33.0,19.0,33.0,15.0,33.0,22.0,21.0,27.0,12.0,17.0,21.0,25.0,26.0,17.0,24.0,21.0,21.0,17.0,24.0,16.0,23.0,29.0,26.0,29.0,22.0,24.0,29.0,21.0,15.0,19.0,14.0,19.0
21.0,22.0,23.0,21.0,25.0,21.0,22.0,21.0,23.0,23.0,38.0,30.0,23.0,21.0,27.0,19.0,35.0,30.0,28.0,23.0,25.0,23.0,21.0,24.0,21.0,24.0,26.0,22.0,24.0,25.0,18.0,29.0,27.0,23.0,21.0,24.0,29.0,26.0,24.0,23.0,18.0,20.0,22.0,25.0,28.0,20.0,20.0,24.0,23.0,20.0
15.0,18.0,17.0,19.0,25.0,20.0,25.0,21.0,26.0,23.0,15.0,20.0,21.0,30.0,11.0,16.0,23.0,19.0,28.0,30.0,25.0,21.0,21.0,21.0,21.0,28.0,26.0,17.0,20.0,24.0,32.0,24.0,26.0,21.0,17.0,22.0,19.0,21.0,24.0,23.0,25.0,20.0,20.0,16.0,20.0,18.0,24.0,22.0,27.0,28.0
32.0,35.0,39.0,32.0,26.0,31.0,42.0,42.0,35.0,47.0,34.0,46.0,34.0,29.0,35.0,37.0,36.0,37.0,28.0,44.0,36.0,43.0,35.0,43.0,28.0,41.0,38.0,39.0,30.0,29.0,47.0,34.0,33.0,25.0,43.0,45.0,25.0,29.0,38.0,40.0,30.0,31.0,38.0,42.0,44.0,38.0,41.0,41.0,40.0,34.0
16.0,19.0,23.0,16.0,21.0,23.0,30.0,35.0,22.0,13.0,22.0,17.0,22.0,21.0,26.0,14.0,21.0,17.0,27.0,27.0,20.0,26.0,28.0,22.0,23.0,24.0,22.0,20.0,26.0,24.0,24.0,20.0,24.0,29.0,21.0,18.0,17.0,28.0,21.0,27.0,18.0,24.0,13.0,20.0,29.0,23.0,25.0,19.0,20.0,26.0
