10,50,1000
19.786114,18.250912,18.925157,18.318984,19.893034,17.887968,18.6569,19.343535,17.307197,17.913532
5.161133,5.145662,8.345066,9.456309,6.794209,8.432258,7.872957,9.205834,7.577692,9.343889
0.0,10.0,20.0,30.0,40.0,50.0,60.0,70.0,80.0,90.0
10.0,0.0,10.0,20.0,30.0,40.0,50.0,60.0,70.0,80.0
20.0,10.0,0.0,10.0,20.0,30.0,40.0,50.0,60.0,70.0
30.0,20.0,10.0,0.0,10.0,20.0,30.0,40.0,50.0,60.0
40.0,30.0,20.0,10.0,0.0,10.0,20.0,30.0,40.0,50.0
50.0,40.0,30.0,20.0,10.0,0.0,10.0,20.0,30.0,40.0
60.0,50.0,40.0,30.0,20.0,10.0,0.0,10.0,20.0,30.0
70.0,60.0,50.0,40.0,30.0,20.0,10.0,0.0,10.0,20.0
80.0,70.0,60.0,50.0,40.0,30.0,20.0,10.0,0.0,10.0
90.0,80.0,70.0,60.0,50.0,40.0,30.0,20.0,10.0,0.0
450.0,400.0,350.0,300.0,250.0,250.0,300.0,350.0,400.0,450.0
0.0,1.0,2.0,3.0,4.0,5.0,6.0,7.0,8.0,9.0
1.0,0.0,1.0,2.0,3.0,4.0,5.0,6.0,7.0,8.0
2.0,1.0,0.0,1.0,2.0,3.0,4.0,5.0,6.0,7.0
3.0,2.0,1.0,0.0,1.0,2.0,3.0,4.0,5.0,6.0
4.0,3.0,2.0,1.0,0.0,1.0,2.0,3.0,4.0,5.0
5.0,4.0,3.0,2.0,1.0,0.0,1.0,2.0,3.0,4.0
6.0,5.0,4.0,3.0,2.0,1.0,0.0,1.0,2.0,3.0
7.0,6.0,5.0,4.0,3.0,2.0,1.0,0.0,1.0,2.0
8.0,7.0,6.0,5.0,4.0,3.0,2.0,1.0,0.0,1.0
9.0,8.0,7.0,6.0,5.0,4.0,3.0,2.0,1.0,0.0
45.0,40.0,35.0,30.0,25.0,25.0,30.0,35.0,40.0,45.0
25.0,29.0,19.0,27.0,20.0,18.0,16.0,15.0,23.0,21.0,16.0,27.0,25.0,22.0,18.0,26.0,19.0,21.0,21.0,26.0,31.0,24.0,23.0,18.0,25.0,13.0,27.0,13.0,20.0,21.0,35.0,17.0,17.0,18.0,17.0,25.0,17.0,17.0,22.0,19.0,24.0,28.0,22.0,23.0,25.0,25.0,21.0,23.0,24.0,24.0
21.0,23.0,19.0,21.0,24.0,19.0,22.0,19.0,26.0,26.0,25.0,25.0,16.0,19.0,23.0,18.0,22.0,31.0,19.0,20.0,26.0,22.0,23.0,16.0,22.0,20.0,25.0,19.0,19.0,25.0,25.0,18.0,19.0,11.0,18.0,25.0,25.0,24.0,29.0,20.0,16.0,21.0,19.0,21.0,20.0,22.0,21.0,23.0,20.0,32.0
35.0,40.0,39.0,39.0,31.0,32.0,32.0,34.0,38.0,34.0,34.0,35.0,32.0,32.0,31.0,32.0,28.0,40.0,32.0,35.0,32.0,34.0,32.0,38.0,38.0,31.0,25.0,28.0,36.0,32.0,34.0,22.0,28.0,39.0,44.0,32.0,39.0,38.0,36.0,25.0,30.0,33.0,32.0,23.0,23.0,41.0,26.0,27.0,32.0,41.0
33.0,34.0,43.0,21.0,25.0,35.0,39.0,31.0,39.0,42.0,24.0,29.0,31.0,28.0,36.0,34.0,35.0,30.0,37.0,34.0,27.0,37.0,45.0,40.0,36.0,42.0,26.0,30.0,35.0,42.0,34.0,41.0,29.0,25.0,43.0,47.0,35.0,52.0,30.0,34.0,38.0,32.0,39.0,28.0,30.0,33.0,37.0,30.0,35.0,33.0
26.0,22.0,27.0,26.0,27.0,30.0,23.0,28.0,26.0,28.0,18.0,24.0,34.0,25.0,23.0,22.0,26.0,26.0,44.0,27.0,30.0,36.0,24.0,35.0,21.0,31.0,25.0,21.0,32.0,24.0,32.0,36.0,17.0,30.0,30.0,22.0,32.0,27.0,10.0,17.0,35.0,31.0,29.0,26.0,27.0,31.0,24.0,32.0,16.0,39.0
31.0,30.0,25.0,41.0,35.0,39.0,29.0,27.0,27.0,39.0,28.0,30.0,29.0,29.0,23.0,34.0,44.0,37.0,33.0,32.0,41.0,40.0,30.0,37.0,34.0,24.0,34.0,30.0,39.0,41.0,29.0,30.0,32.0,23.0,40.0,38.0,23.0,43.0,36.0,26.0,39.0,36.0,30.0,32.0,29.0,27.0,31.0,22.0,34.0,43.0
30.0,39.0,24.0,27.0,29.0,25.0,22.0,28.0,29.0,30.0,19.0,27.0,33.0,22.0,46.0,20.0,32.0,35.0,38.0,36.0,29.0,24.0,46.0,29.0,35.0,26.0,26.0,40.0,47.0,31.0,40.0,27.0,30.0,34.0,25.0,23.0,31.0,33.0,24.0,24.0,37.0,33.0,22.0,33.0,35.0,23.0,27.0,24.0,27.0,25.0
38.0,33.0,40.0,29.0,35.0,42.0,29.0,31.0,43.0,44.0,37.0,30.0,43.0,38.0,36.0,30.0,34.0,23.0,28.0,32.0,32.0,23.0,27.0,34.0,42.0,30.0,42.0,36.0,32.0,41.0,30.0,41.0,40.0,31.0,33.0,35.0,32.0,30.0,27.0,28.0,41.0,41.0,36.0,39.0,32.0,37.0,34.0,38.0,40.0,37.0
31.0,24.0,24.0,18.0,33.0,24.0,33.0,28.0,30.0,27.0,33.0,27.0,29.0,26.0,28.0,29.0,28.0,24.0,33.0,31.0,25.0,38.0,34.0,31.0,30.0,28.0,27.0,34.0,27.0,35.0,26.0,21.0,39.0,23.0,34.0,28.0,29.0,26.0,36.0,23.0,31.0,25.0,47.0,36.0,30.0,35.0,23.0,31.0,31.0,20.0
29.0,26.0,32.0,34.0,35.0,31.0,37.0,42.0,32.0,32.0,36.0,31.0,31.0,35.0,30.0,41.0,32.0,35.0,31.0,26.0,33.0,34.0,30.0,34.0,28.0,30.0,43.0,27.0,29.0,38.0,37.0,34.0,43.0,43.0,32.0,40.0,48.0,44.0,44.0,41.0,30.0,24.0,24.0,35.0,39.0,29.0,29.0,32.0,23.0,35.0
