10,50,1000
16.609156,19.056669,16.508356,19.441909,16.933276,15.461177,15.426937,17.885297,18.048777,17.82662
6.390687,9.509846,9.324884,9.165085,8.292685,6.167802,6.674716,7.729534,8.304445,5.670365
0.0,10.0,20.0,30.0,40.0,50.0,60.0,70.0,80.0,90.0
10.0,0.0,10.0,20.0,30.0,40.0,50.0,60.0,70.0,80.0
20.0,10.0,0.0,10.0,20.0,30.0,40.0,50.0,60.0,70.0
30.0,20.0,10.0,0.0,10.0,20.0,30.0,40.0,50.0,60.0
40.0,30.0,20.0,10.0,0.0,10.0,20.0,30.0,40.0,50.0
50.0,40.0,30.0,20.0,10.0,0.0,10.0,20.0,30.0,40.0
60.0,50.0,40.0,30.0,20.0,10.0,0.0,10.0,20.0,30.0
70.0,60.0,50.0,40.0,30.0,20.0,10.0,0.0,10.0,20.0
80.0,70.0,60.0,50.0,40.0,30.0,20.0,10.0,0.0,10.0
90.0,80.0,70.0,60.0,50.0,40.0,30.0,20.0,10.0,0.0
450.0,400.0,350.0,300.0,250.0,250.0,300.0,350.0,400.0,450.0
0.0,1.0,2.0,3.0,4.0,5.0,6.0,7.0,8.0,9.0
1.0,0.0,1.0,2.0,3.0,4.0,5.0,6.0,7.0,8.0
2.0,1.0,0.0,1.0,2.0,3.0,4.0,5.0,6.0,7.0
3.0,2.0,1.0,0.0,1.0,2.0,3.0,4.0,5.0,6.0
4.0,3.0,2.0,1.0,0.0,1.0,2.0,3.0,4.0,5.0
5.0,4.0,3.0,2.0,1.0,0.0,1.0,2.0,3.0,4.0
6.0,5.0,4.0,3.0,2.0,1.0,0.0,1.0,2.0,3.0
7.0,6.0,5.0,4.0,3.0,2.0,1.0,0.0,1.0,2.0
8.0,7.0,6.0,5.0,4.0,3.0,2.0,1.0,0.0,1.0
9.0,8.0,7.0,6.0,5.0,4.0,3.0,2.0,1.0,0.0
45.0,40.0,35.0,30.0,25.0,25.0,30.0,35.0,40.0,45.0
26.0,20.0,19.0,28.0,29.0,19.0,23.0,33.0,22.0,26.0,18.0,19.0,14.0,28.0,31.0,26.0,24.0,28.0,22.0,29.0,34.0,22.0,24.0,29.0,16.0,26.0,23.0,27.0,31.0,25.0,31.0,30.0,21.0,15.0,26.0,31.0,17.0,22.0,29.0,22.0,25.0,19.0,27.0,25.0,26.0,23.0,31.0,26.0,22.0,25.0
36.0,31.0,34.0,34.0,43.0,30.0,43.0,28.0,33.0,34.0,39.0,32.0,33.0,38.0,30.0,35.0,39.0,25.0,32.0,17.0,44.0,35.0,38.0,37.0,29.0,31.0,33.0,28.0,32.0,30.0,35.0,36.0,35.0,35.0,36.0,43.0,30.0,39.0,42.0,36.0,44.0,30.0,36.0,29.0,44.0,41.0,35.0,31.0,45.0,40.0
31.0,40.0,38.0,28.0,35.0,29.0,35.0,41.0,35.0,34.0,42.0,29.0,27.0,42.0,33.0,36.0,29.0,35.0,18.0,37.0,35.0,30.0,42.0,33.0,23.0,37.0,35.0,35.0,42.0,28.0,33.0,39.0,43.0,31.0,37.0,27.0,30.0,35.0,29.0,39.0,35.0,33.0,36.0,24.0,43.0,44.0,25.0,29.0,28.0,34.0
33.0,39.0,40.0,47.0,32.0,38.0,37.0,42.0,32.0,37.0,44.0,39.0,36.0,32.0,34.0,32.0,36.0,27.0,36.0,33.0,40.0,25.0,33.0,39.0,34.0,35.0,40.0,34.0,35.0,33.0,39.0,34.0,31.0,24.0,45.0,38.0,37.0,36.0,40.0,32.0,39.0,33.0,29.0,33.0,34.0,46.0,40.0,37.0,38.0,41.0
29.0,39.0,29.0,27.0,37.0,36.0,21.0,23.0,29.0,29.0,30.0,38.0,26.0,22.0,31.0,43.0,25.0,19.0,33.0,36.0,27.0,27.0,32.0,21.0,22.0,31.0,35.0,30.0,23.0,24.0,38.0,40.0,24.0,28.0,33.0,19.0,26.0,33.0,32.0,29.0,24.0,18.0,24.0,29.0,32.0,33.0,20.0,27.0,32.0,29.0
19.0,29.0,29.0,25.0,21.0,31.0,27.0,17.0,30.0,25.0,24.0,24.0,23.0,29.0,36.0,26.0,25.0,35.0,23.0,24.0,19.0,23.0,25.0,27.0,22.0,27.0,29.0,23.0,17.0,19.0,21.0,28.0,11.0,31.0,23.0,21.0,19.0,24.0,25.0,23.0,25.0,22.0,26.0,29.0,20.0,29.0,33.0,20.0,22.0,24.0
29.0,35.0,19.0,25.0,14.0,22.0,25.0,33.0,25.0,21.0,32.0,19.0,22.0,26.0,33.0,23.0,31.0,24.0,28.0,27.0,28.0,26.0,26.0,23.0,27.0,24.0,22.0,21.0,27.0,26.0,18.0,23.0,25.0,27.0,21.0,37.0,23.0,24.0,27.0,31.0,30.0,24.0,21.0,30.0,18.0,28.0,20.0,25.0,26.0,26.0
25.0,25.0,34.0,46.0,26.0,31.0,22.0,23.0,33.0,24.0,27.0,33.0,37.0,35.0,33.0,24.0,23.0,30.0,35.0,42.0,29.0,27.0,28.0,35.0,31.0,27.0,24.0,31.0,35.0,24.0,29.0,35.0,31.0,31.0,37.0,26.0,24.0,28.0,25.0,34.0,39.0,36.0,34.0,32.0,29.0,27.0,25.0,16.0,40.0,21.0
41.0,46.0,31.0,22.0,29.0,39.0,28.0,32.0,36.0,26.0,24.0,30.0,28.0,27.0,18.0,23.0,32.0,38.0,43.0,26.0,38.0,38.0,33.0,35.0,33.0,40.0,22.0,21.0,30.0,35.0,28.0,32.0,25.0,31.0,30.0,31.0,36.0,33.0,26.0,31.0,32.0,28.0,30.0,33.0,33.0,21.0,27.0,32.0,34.0,33.0
26.0,29.0,22.0,24.0,19.0,13.0,23.0,19.0,13.0,22.0,13.0,29.0,27.0,26.0,31.0,24.0,17.0,18.0,19.0,23.0,18.0,24.0,26.0,22.0,24.0,26.0,23.0,23.0,20.0,34.0,30.0,24.0,29.0,31.0,25.0,22.0,30.0,20.0,27.0,15.0,22.0,23.0,19.0,27.0,25.0,26.0,18.0,22.0,18.0,23.0
