10,50,1000
15.481301,17.607121,19.368479,16.380431,18.182172,16.74304,18.891473,18.153204,16.322552,15.83234
6.762716,5.022032,7.92882,8.158654,7.404478,9.218748,6.186124,9.77604,5.587675,6.812359
0.0,10.0,20.0,30.0,40.0,50.0,60.0,70.0,80.0,90.0
10.0,0.0,10.0,20.0,30.0,40.0,50.0,60.0,70.0,80.0
20.0,10.0,0.0,10.0,20.0,30.0,40.0,50.0,60.0,70.0
30.0,20.0,10.0,0.0,10.0,20.0,30.0,40.0,50.0,60.0
40.0,30.0,20.0,10.0,0.0,10.0,20.0,30.0,40.0,50.0
50.0,40.0,30.0,20.0,10.0,0.0,10.0,20.0,30.0,40.0
60.0,50.0,40.0,30.0,20.0,10.0,0.0,10.0,20.0,30.0
70.0,60.0,50.0,40.0,30.0,20.0,10.0,0.0,10.0,20.0
80.0,70.0,60.0,50.0,40.0,30.0,20.0,10.0,0.0,10.0
90.0,80.0,70.0,60.0,50.0,40.0,30.0,20.0,10.0,0.0
450.0,400.0,350.0,300.0,250.0,250.0,300.0,350.0,400.0,450.0
0.0,1.0,2.0,3.0,4.0,5.0,6.0,7.0,8.0,9.0
1.0,0.0,1.0,2.0,3.0,4.0,5.0,6.0,7.0,8.0
2.0,1.0,0.0,1.0,2.0,3.0,4.0,5.0,6.0,7.0
3.0,2.0,1.0,0.0,1.0,2.0,3.0,4.0,5.0,6.0
4.0,3.0,2.0,1.0,0.0,1.0,2.0,3.0,4.0,5.0
5.0,4.0,3.0,2.0,1.0,0.0,1.0,2.0,3.0,4.0
6.0,5.0,4.0,3.0,2.0,1.0,0.0,1.0,2.0,3.0
7.0,6.0,5.0,4.0,3.0,2.0,1.0,0.0,1.0,2.0
8.0,7.0,6.0,5.0,4.0,3.0,2.0,1.0,0.0,1.0
9.0,8.0,7.0,6.0,5.0,4.0,3.0,2.0,1.0,0.0
45.0,40.0,35.0,30.0,25.0,25.0,30.0,35.0,40.0,45.0
22.0,30.0,23.0,27.0,24.0,29.0,37.0,28.0,24.0,35.0,25.0,31.0,21.0,31.0,30.0,24.0,20.0,35.0,25.0,29.0,32.0,28.0,19.0,24.0,33.0,26.0,20.0,32.0,21.0,25.0,23.0,19.0,24.0,20.0,33.0,22.0,29.0,28.0,24.0,26.0,16.0,21.0,24.0,23.0,30.0,28.0,33.0,25.0,28.0,18.0
19.0,22.0,25.0,24.0,22.0,20.0,22.0,18.0,30.0,18.0,17.0,17.0,22.0,19.0,16.0,20.0,20.0,16.0,29.0,29.0,21.0,25.0,28.0,20.0,20.0,32.0,17.0,18.0,28.0,33.0,24.0,22.0,22.0,16.0,21.0,14.0,20.0,26.0,16.0,22.0,24.0,22.0,18.0,11.0,18.0,16.0,23.0,24.0,19.0,23.0
32.0,31.0,22.0,37.0,30.0,39.0,28.0,39.0,28.0,43.0,28.0,32.0,32.0,32.0,33.0,32.0,34.0,30.0,26.0,33.0,29.0,29.0,36.0,35.0,29.0,30.0,31.0,40.0,35.0,32.0,26.0,34.0,28.0,28.0,37.0,25.0,34.0,32.0,35.0,26.0,28.0,37.0,31.0,31.0,35.0,27.0,29.0,28.0,35.0,21.0
22.0,29.0,27.0,31.0,28.0,27.0,28.0,44.0,27.0,33.0,36.0,21.0,26.0,29.0,37.0,23.0,31.0,27.0,35.0,38.0,41.0,26.0,43.0,42.0,21.0,28.0,25.0,25.0,25.0,36.0,30.0,20.0,28.0,26.0,32.0,24.0,29.0,37.0,32.0,26.0,29.0,29.0,25.0,27.0,24.0,32.0,28.0,24.0,27.0,29.0
19.0,35.0,25.0,30.0,30.0,32.0,22.0,27.0,25.0,37.0,28.0,36.0,24.0,23.0,31.0,27.0,41.0,22.0,29.0,28.0,30.0,23.0,37.0,40.0,31.0,30.0,28.0,29.0,32.0,29.0,25.0,36.0,30.0,31.0,25.0,28.0,25.0,28.0,35.0,28.0,21.0,35.0,16.0,35.0,26.0,31.0,19.0,28.0,28.0,22.0
27.0,36.0,36.0,28.0,36.0,41.0,32.0,39.0,30.0,35.0,30.0,33.0,33.0,28.0,28.0,29.0,45.0,36.0,37.0,30.0,28.0,34.0,42.0,26.0,38.0,41.0,36.0,31.0,33.0,31.0,38.0,36.0,28.0,36.0,31.0,38.0,41.0,54.0,26.0,30.0,39.0,40.0,33.0,41.0,31.0,35.0,36.0,34.0,35.0,27.0
22.0,27.0,34.0,27.0,20.0,23.0,25.0,16.0,18.0,20.0,26.0,24.0,28.0,28.0,32.0,23.0,23.0,24.0,24.0,31.0,18.0,17.0,39.0,25.0,22.0,26.0,24.0,27.0,19.0,20.0,26.0,24.0,23.0,24.0,28.0,19.0,17.0,25.0,26.0,26.0,27.0,31.0,25.0,27.0,24.0,22.0,28.0,24.0,28.0,22.0
25.0,41.0,28.0,36.0,32.0,26.0,32.0,38.0,33.0,31.0,32.0,33.0,30.0,43.0,38.0,35.0,29.0,34.0,36.0,36.0,29.0,47.0,29.0,44.0,39.0,40.0,33.0,23.0,32.0,28.0,31.0,32.0,47.0,34.0,38.0,37.0,33.0,30.0,42.0,28.0,38.0,40.0,34.0,29.0,28.0,42.0,35.0,23.0,21.0,41.0
21.0,17.0,18.0,16.0,17.0,17.0,24.0,30.0,19.0,21.0,17.0,21.0,21.0,28.0,25.0,23.0,20.0,19.0,23.0,22.0,27.0,19.0,28.0,27.0,35.0,22.0,23.0,16.0,29.0,22.0,35.0,22.0,23.0,21.0,13.0,18.0,21.0,22.0,18.0,30.0,33.0,29.0,21.0,28.0,21.0,32.0,26.0,18.0,25.0,27.0
26.0,18.0,25.0,22.0,30.0,33.0,31.0,23.0,26.0,21.0,29.0,30.0,29.0,25.0,28.0,24.0,28.0,24.0,30.0,29.0,30.0,25.0,29.0,23.0,33.0,26.0,26.0,27.0,28.0,30.0,25.0,31.0,22.0,28.0,25.0,26.0,32.0,27.0,31.0,22.0,23.0,29.0,24.0,25.0,22.0,25.0,30.0,19.0,22.0,26.0
