10,50,1000
19.563578,18.208482,16.978345,19.427336,17.657354,19.01709,18.411328,15.362143,17.350077,16.165279
5.269716,8.2535,5.598947,7.456804,7.597256,5.573964,8.182382,8.398003,6.819651,8.695899
0.0,10.0,20.0,30.0,40.0,50.0,60.0,70.0,80.0,90.0
10.0,0.0,10.0,20.0,30.0,40.0,50.0,60.0,70.0,80.0
20.0,10.0,0.0,10.0,20.0,30.0,40.0,50.0,60.0,70.0
30.0,20.0,10.0,0.0,10.0,20.0,30.0,40.0,50.0,60.0
40.0,30.0,20.0,10.0,0.0,10.0,20.0,30.0,40.0,50.0
50.0,40.0,30.0,20.0,10.0,0.0,10.0,20.0,30.0,40.0
60.0,50.0,40.0,30.0,20.0,10.0,0.0,10.0,20.0,30.0
70.0,60.0,50.0,40.0,30.0,20.0,10.0,0.0,10.0,20.0
80.0,70.0,60.0,50.0,40.0,30.0,20.0,10.0,0.0,10.0
90.0,80.0,70.0,60.0,50.0,40.0,30.0,20.0,10.0,0.0
450.0,400.0,350.0,300.0,250.0,250.0,300.0,350.0,400.0,450.0
0.0,1.0,2.0,3.0,4.0,5.0,6.0,7.0,8.0,9.0
1.0,0.0,1.0,2.0,3.0,4.0,5.0,6.0,7.0,8.0
2.0,1.0,0.0,1.0,2.0,3.0,4.0,5.0,6.0,7.0
3.0,2.0,1.0,0.0,1.0,2.0,3.0,4.0,5.0,6.0
4.0,3.0,2.0,1.0,0.0,1.0,2.0,3.0,4.0,5.0
5.0,4.0,3.0,2.0,1.0,0.0,1.0,2.0,3.0,4.0
6.0,5.0,4.0,3.0,2.0,1.0,0.0,1.0,2.0,3.0
7.0,6.0,5.0,4.0,3.0,2.0,1.0,0.0,1.0,2.0
8.0,7.0,6.0,5.0,4.0,3.0,2.0,1.0,0.0,1.0
9.0,8.0,7.0,6.0,5.0,4.0,3.0,2.0,1.0,0.0
45.0,40.0,35.0,30.0,25.0,25.0,30.0,35.0,40.0,45.0
17.0,28.0,18.0,21.0,26.0,23.0,28.0,22.0,17.0,18.0,22.0,16.0,21.0,19.0,19.0,32.0,21.0,27.0,21.0,20.0,32.0,19.0,18.0,27.0,19.0,15.0,24.0,17.0,18.0,25.0,14.0,19.0,20.0,14.0,29.0,21.0,29.0,25.0,26.0,20.0,18.0,16.0,22.0,19.0,30.0,21.0,21.0,26.0,21.0,29.0
29.0,32.0,27.0,32.0,31.0,34.0,31.0,27.0,27.0,20.0,34.0,28.0,35.0,26.0,25.0,32.0,34.0,29.0,34.0,33.0,35.0,39.0,40.0,34.0,33.0,30.0,30.0,46.0,28.0,31.0,28.0,27.0,27.0,33.0,35.0,36.0,27.0,29.0,34.0,42.0,26.0,35.0,31.0,31.0,43.0,28.0,33.0,28.0,27.0,38.0
26.0,17.0,16.0,21.0,22.0,25.0,23.0,28.0,19.0,20.0,16.0,31.0,28.0,19.0,23.0,23.0,21.0,28.0,21.0,24.0,24.0,22.0,12.0,19.0,21.0,26.0,23.0,20.0,26.0,32.0,21.0,18.0,17.0,19.0,24.0,24.0,37.0,22.0,20.0,23.0,24.0,20.0,21.0,18.0,29.0,22.0,23.0,23.0,27.0,26.0
20.0,23.0,28.0,23.0,22.0,28.0,32.0,27.0,20.0,18.0,32.0,37.0,26.0,23.0,24.0,28.0,26.0,27.0,35.0,40.0,35.0,25.0,36.0,26.0,32.0,37.0,25.0,26.0,32.0,41.0,30.0,22.0,27.0,28.0,35.0,26.0,27.0,31.0,31.0,32.0,35.0,30.0,26.0,29.0,29.0,26.0,38.0,16.0,27.0,29.0
30.0,31.0,31.0,36.0,27.0,34.0,21.0,33.0,29.0,20.0,31.0,27.0,36.0,26.0,26.0,31.0,30.0,36.0,36.0,24.0,28.0,30.0,34.0,30.0,39.0,30.0,36.0,22.0,34.0,25.0,25.0,27.0,31.0,25.0,28.0,20.0,31.0,31.0,29.0,32.0,33.0,29.0,25.0,29.0,26.0,25.0,37.0,30.0,14.0,27.0
24.0,24.0,18.0,21.0,16.0,23.0,27.0,22.0,26.0,18.0,23.0,21.0,15.0,22.0,33.0,31.0,24.0,27.0,26.0,28.0,26.0,16.0,25.0,9.0,11.0,19.0,20.0,26.0,15.0,24.0,22.0,27.0,22.0,26.0,26.0,26.0,22.0,23.0,24.0,23.0,29.0,24.0,20.0,18.0,27.0,20.0,24.0,19.0,21.0,26.0
41.0,29.0,24.0,33.0,30.0,43.0,22.0,27.0,25.0,32.0,28.0,35.0,19.0,47.0,29.0,36.0,37.0,28.0,40.0,26.0,32.0,27.0,24.0,33.0,30.0,33.0,29.0,29.0,42.0,30.0,38.0,29.0,33.0,32.0,31.0,35.0,36.0,19.0,26.0,31.0,36.0,30.0,36.0,39.0,38.0,31.0,25.0,36.0,32.0,27.0
28.0,21.0,32.0,39.0,53.0,26.0,28.0,36.0,25.0,33.0,32.0,34.0,36.0,21.0,27.0,31.0,31.0,35.0,29.0,38.0,33.0,31.0,36.0,29.0,30.0,24.0,21.0,26.0,25.0,31.0,34.0,42.0,27.0,31.0,30.0,25.0,30.0,31.0,35.0,33.0,33.0,35.0,43.0,32.0,41.0,30.0,25.0,22.0,23.0,30.0
35.0,29.0,36.0,29.0,31.0,26.0,34.0,32.0,32.0,33.0,27.0,35.0,24.0,39.0,25.0,27.0,22.0,30.0,25.0,29.0,21.0,19.0,23.0,24.0,38.0,26.0,21.0,24.0,36.0,30.0,24.0,33.0,37.0,21.0,23.0,23.0,22.0,32.0,29.0,19.0,27.0,26.0,25.0,21.0,28.0,39.0,30.0,37.0,28.0,21.0
25.0,28.0,48.0,33.0,34.0,31.0,30.0,34.0,27.0,34.0,32.0,31.0,26.0,34.0,31.0,39.0,32.0,40.0,32.0,27.0,28.0,36.0,28.0,28.0,37.0,47.0,36.0,26.0,23.0,30.0,35.0,30.0,34.0,37.0,30.0,41.0,31.0,34.0,32.0,28.0,33.0,29.0,27.0,28.0,31.0,24.0,30.0,31.0,36.0,31.0
