10,50,1000
19.143849,16.585019,18.650143,16.724205,17.808927,16.807447,16.188269,19.082474,15.502687,17.685819
7.293966,5.600593,9.524365,8.248651,6.239263,7.3346,7.955033,8.220225,6.776887,6.378456
0.0,10.0,20.0,30.0,40.0,50.0,60.0,70.0,80.0,90.0
10.0,0.0,10.0,20.0,30.0,40.0,50.0,60.0,70.0,80.0
20.0,10.0,0.0,10.0,20.0,30.0,40.0,50.0,60.0,70.0
30.0,20.0,10.0,0.0,10.0,20.0,30.0,40.0,50.0,60.0
40.0,30.0,20.0,10.0,0.0,10.0,20.0,30.0,40.0,50.0
50.0,40.0,30.0,20.0,10.0,0.0,10.0,20.0,30.0,40.0
60.0,50.0,40.0,30.0,20.0,10.0,0.0,10.0,20.0,30.0
70.0,60.0,50.0,40.0,30.0,20.0,10.0,0.0,10.0,20.0
80.0,70.0,60.0,50.0,40.0,30.0,20.0,10.0,0.0,10.0
90.0,80.0,70.0,60.0,50.0,40.0,30.0,20.0,10.0,0.0
450.0,400.0,350.0,300.0,250.0,250.0,300.0,350.0,400.0,450.0
0.0,1.0,2.0,3.0,4.0,5.0,6.0,7.0,8.0,9.0
1.0,0.0,1.0,2.0,3.0,4.0,5.0,6.0,7.0,8.0
2.0,1.0,0.0,1.0,2.0,3.0,4.0,5.0,6.0,7.0
3.0,2.0,1.0,0.0,1.0,2.0,3.0,4.0,5.0,6.0
4.0,3.0,2.0,1.0,0.0,1.0,2.0,3.0,4.0,5.0
5.0,4.0,3.0,2.0,1.0,0.0,1.0,2.0,3.0,4.0
6.0,5.0,4.0,3.0,2.0,1.0,0.0,1.0,2.0,3.0
7.0,6.0,5.0,4.0,3.0,2.0,1.0,0.0,1.0,2.0
8.0,7.0,6.0,5.0,4.0,3.0,2.0,1.0,0.0,1.0
9.0,8.0,7.0,6.0,5.0,4.0,3.0,2.0,1.0,0.0
45.0,40.0,35.0,30.0,25.0,25.0,30.0,35.0,40.0,45.0
30.0,33.0,25.0,27.0,20.0,24.0,17.0,30.0,25.0,23.0,39.0,27.0,29.0,28.0,33.0,26.0,37.0,29.0,33.0,28.0,35.0,35.0,24.0,34.0,27.0,30.0,29.0,35.0,31.0,26.0,32.0,29.0,33.0,30.0,24.0,24.0,25.0,33.0,37.0,31.0,31.0,37.0,30.0,27.0,27.0,23.0,25.0,28.0,31.0,30.0
12.0,23.0,13.0,28.0,17.0,20.0,18.0,16.0,19.0,24.0,23.0,16.0,26.0,23.0,20.0,17.0,25.0,24.0,28.0,27.0,14.0,14.0,26.0,25.0,17.0,28.0,13.0,24.0,19.0,25.0,18.0,10.0,19.0,24.0,18.0,22.0,27.0,22.0,21.0,22.0,17.0,16.0,21.0,27.0,33.0,24.0,20.0,21.0,22.0,25.0
36.0,25.0,33.0,30.0,27.0,34.0,35.0,39.0,27.0,32.0,39.0,38.0,26.0,35.0,35.0,25.0,36.0,36.0,31.0,42.0,42.0,35.0,41.0,44.0,38.0,37.0,33.0,27.0,43.0,29.0,36.0,34.0,45.0,32.0,32.0,32.0,40.0,30.0,35.0,38.0,39.0,42.0,39.0,26.0,37.0,35.0,25.0,31.0,39.0,37.0
35.0,31.0,39.0,34.0,26.0,36.0,29.0,38.0,26.0,29.0,27.0,26.0,38.0,25.0,27.0,35.0,33.0,32.0,29.0,35.0,26.0,33.0,26.0,27.0,33.0,29.0,31.0,28.0,31.0,24.0,31.0,26.0,28.0,28.0,30.0,30.0,31.0,30.0,36.0,31.0,39.0,28.0,22.0,23.0,35.0,40.0,38.0,32.0,28.0,33.0
27.0,25.0,18.0,19.0,20.0,24.0,21.0,22.0,17.0,25.0,18.0,25.0,23.0,24.0,29.0,26.0,31.0,29.0,34.0,18.0,23.0,25.0,33.0,15.0,19.0,31.0,21.0,36.0,24.0,19.0,37.0,12.0,31.0,23.0,14.0,22.0,27.0,27.0,31.0,32.0,20.0,26.0,29.0,31.0,20.0,28.0,25.0,20.0,29.0,30.0
23.0,32.0,34.0,16.0,36.0,29.0,31.0,33.0,27.0,21.0,32.0,27.0,25.0,25.0,29.0,31.0,30.0,26.0,26.0,25.0,34.0,30.0,30.0,32.0,22.0,33.0,43.0,24.0,35.0,28.0,40.0,29.0,39.0,29.0,22.0,31.0,22.0,18.0,21.0,22.0,25.0,15.0,26.0,14.0,30.0,29.0,28.0,25.0,28.0,29.0
35.0,33.0,30.0,28.0,29.0,25.0,28.0,38.0,29.0,37.0,37.0,30.0,37.0,24.0,38.0,35.0,22.0,26.0,37.0,25.0,31.0,43.0,38.0,27.0,28.0,29.0,28.0,35.0,28.0,30.0,33.0,22.0,31.0,27.0,29.0,24.0,35.0,30.0,44.0,25.0,21.0,37.0,31.0,31.0,31.0,33.0,26.0,33.0,27.0,29.0
44.0,38.0,25.0,19.0,32.0,34.0,36.0,23.0,32.0,21.0,28.0,27.0,36.0,40.0,27.0,30.0,29.0,22.0,37.0,34.0,30.0,34.0,33.0,24.0,41.0,44.0,30.0,32.0,36.0,35.0,48.0,22.0,26.0,24.0,30.0,18.0,20.0,41.0,35.0,33.0,33.0,39.0,37.0,30.0,24.0,28.0,25.0,36.0,31.0,25.0
15.0,29.0,32.0,28.0,24.0,36.0,22.0,29.0,28.0,33.0,28.0,29.0,23.0,31.0,29.0,28.0,24.0,26.0,33.0,32.0,28.0,24.0,22.0,25.0,35.0,23.0,29.0,32.0,26.0,27.0,23.0,26.0,24.0,31.0,25.0,24.0,24.0,25.0,27.0,23.0,31.0,23.0,27.0,23.0,32.0,30.0,27.0,22.0,23.0,26.0
28.0,22.0,21.0,20.0,33.0,27.0,26.0,23.0,24.0,32.0,32.0,24.0,16.0,30.0,15.0,27.0,22.0,28.0,22.0,20.0,21.0,15.0,34.0,28.0,21.0,19.0,27.0,24.0,32.0,21.0,31.0,22.0,21.0,27.0,24.0,29.0,21.0,20.0,29.0,23.0,25.0,21.0,33.0,22.0,14.0,31.0,30.0,18.0,33.0,22.0
