10,50,1000
18.258632,16.084568,16.657423,16.975829,18.453144,17.408394,19.600336,15.763904,18.581175,16.426109
7.306458,8.440299,5.144419,9.236184,7.766532,8.428813,8.500546,8.499757,8.688888,6.386784
0.0,10.0,20.0,30.0,40.0,50.0,60.0,70.0,80.0,90.0
10.0,0.0,10.0,20.0,30.0,40.0,50.0,60.0,70.0,80.0
20.0,10.0,0.0,10.0,20.0,30.0,40.0,50.0,60.0,70.0
30.0,20.0,10.0,0.0,10.0,20.0,30.0,40.0,50.0,60.0
40.0,30.0,20.0,10.0,0.0,10.0,20.0,30.0,40.0,50.0
50.0,40.0,30.0,20.0,10.0,0.0,10.0,20.0,30.0,40.0
60.0,50.0,40.0,30.0,20.0,10.0,0.0,10.0,20.0,30.0
70.0,60.0,50.0,40.0,30.0,20.0,10.0,0.0,10.0,20.0
80.0,70.0,60.0,50.0,40.0,30.0,20.0,10.0,0.0,10.0
90.0,80.0,70.0,60.0,50.0,40.0,30.0,20.0,10.0,0.0
450.0,400.0,350.0,300.0,250.0,250.0,300.0,350.0,400.0,450.0
0.0,1.0,2.0,3.0,4.0,5.0,6.0,7.0,8.0,9.0
1.0,0.0,1.0,2.0,3.0,4.0,5.0,6.0,7.0,8.0
2.0,1.0,0.0,1.0,2.0,3.0,4.0,5.0,6.0,7.0
3.0,2.0,1.0,0.0,1.0,2.0,3.0,4.0,5.0,6.0
4.0,3.0,2.0,1.0,0.0,1.0,2.0,3.0,4.0,5.0
5.0,4.0,3.0,2.0,1.0,0.0,1.0,2.0,3.0,4.0
6.0,5.0,4.0,3.0,2.0,1.0,0.0,1.0,2.0,3.0
7.0,6.0,5.0,4.0,3.0,2.0,1.0,0.0,1.0,2.0
8.0,7.0,6.0,5.0,4.0,3.0,2.0,1.0,0.0,1.0
9.0,8.0,7.0,6.0,5.0,4.0,3.0,2.0,1.0,0.0
45.0,40.0,35.0,30.0,25.0,25.0,30.0,35.0,40.0,45.0
20.0,29.0,23.0,27.0,29.0,27.0,25.0,26.0,29.0,36.0,24.0,23.0,22.0,27.0,28.0,19.0,24.0,37.0,38.0,21.0,37.0,32.0,29.0,25.0,26.0,27.0,32.0,32.0,36.0,17.0,35.0,29.0,23.0,20.0,30.0,40.0,29.0,25.0,38.0,19.0,37.0,21.0,31.0,21.0,23.0,30.0,25.0,32.0,35.0,25.0
32.0,32.0,26.0,26.0,32.0,42.0,32.0,30.0,28.0,23.0,29.0,36.0,37.0,30.0,21.0,25.0,27.0,36.0,40.0,18.0,29.0,38.0,24.0,34.0,30.0,23.0,32.0,34.0,35.0,42.0,38.0,28.0,25.0,24.0,21.0,25.0,29.0,30.0,43.0,22.0,39.0,41.0,43.0,31.0,33.0,25.0,38.0,47.0,32.0,32.0
24.0,21.0,16.0,31.0,21.0,18.0,14.0,24.0,23.0,23.0,26.0,20.0,22.0,24.0,22.0,24.0,20.0,27.0,26.0,19.0,19.0,16.0,13.0,17.0,21.0,18.0,29.0,25.0,22.0,26.0,20.0,13.0,21.0,19.0,25.0,28.0,22.0,20.0,16.0,21.0,19.0,22.0,12.0,22.0,20.0,17.0,25.0,27.0,19.0,15.0
32.0,42.0,33.0,26.0,37.0,39.0,51.0,32.0,27.0,25.0,41.0,32.0,33.0,35.0,25.0,38.0,21.0,33.0,38.0,34.0,32.0,40.0,43.0,32.0,37.0,24.0,29.0,49.0,33.0,26.0,33.0,39.0,37.0,24.0,35.0,36.0,36.0,45.0,37.0,31.0,26.0,41.0,24.0,45.0,40.0,30.0,34.0,28.0,42.0,29.0
29.0,29.0,26.0,37.0,29.0,25.0,25.0,35.0,30.0,33.0,29.0,18.0,24.0,27.0,35.0,31.0,27.0,28.0,30.0,24.0,30.0,31.0,30.0,24.0,33.0,29.0,30.0,24.0,35.0,29.0,28.0,31.0,32.0,36.0,32.0,25.0,34.0,31.0,31.0,27.0,31.0,21.0,26.0,38.0,31.0,49.0,22.0,33.0,35.0,33.0
30.0,40.0,33.0,26.0,37.0,26.0,42.0,30.0,34.0,38.0,28.0,34.0,36.0,21.0,37.0,37.0,32.0,38.0,32.0,32.0,34.0,35.0,31.0,28.0,35.0,32.0,36.0,38.0,23.0,34.0,22.0,41.0,36.0,29.0,34.0,37.0,37.0,36.0,41.0,34.0,30.0,41.0,27.0,21.0,43.0,36.0,32.0,34.0,34.0,36.0
33.0,41.0,42.0,34.0,36.0,35.0,27.0,46.0,28.0,32.0,29.0,25.0,35.0,40.0,40.0,50.0,30.0,38.0,32.0,28.0,24.0,31.0,34.0,31.0,38.0,27.0,40.0,32.0,31.0,23.0,37.0,37.0,45.0,25.0,35.0,35.0,29.0,33.0,38.0,39.0,32.0,34.0,34.0,31.0,29.0,27.0,39.0,37.0,38.0,34.0
22.0,35.0,30.0,30.0,34.0,33.0,31.0,29.0,26.0,36.0,43.0,23.0,29.0,37.0,37.0,36.0,37.0,37.0,29.0,29.0,25.0,30.0,34.0,26.0,22.0,29.0,18.0,24.0,45.0,30.0,28.0,31.0,22.0,29.0,28.0,31.0,37.0,17.0,34.0,37.0,30.0,26.0,22.0,23.0,38.0,33.0,34.0,38.0,44.0,40.0
39.0,32.0,30.0,30.0,42.0,29.0,29.0,30.0,34.0,32.0,32.0,36.0,33.0,38.0,36.0,33.0,36.0,33.0,22.0,38.0,30.0,28.0,28.0,36.0,33.0,38.0,35.0,41.0,43.0,35.0,31.0,33.0,36.0,29.0,34.0,25.0,31.0,39.0,35.0,38.0,30.0,30.0,32.0,28.0,30.0,33.0,32.0,26.0,35.0,34.0
21.0,18.0,24.0,21.0,28.0,28.0,29.0,25.0,17.0,20.0,33.0,32.0,22.0,18.0,24.0,32.0,29.0,20.0,24.0,33.0,35.0,28.0,16.0,26.0,23.0,15.0,27.0,26.0,20.0,23.0,32.0,22.0,21.0,23.0,29.0,16.0,26.0,22.0,20.0,29.0,28.0,26.0,17.0,21.0,32.0,34.0,26.0,26.0,23.0,28.0
