10,50,1000
18.785097,16.668871,17.575365,18.296046,16.675517,18.814301,17.505463,18.647133,18.753073,19.453446
7.033639,5.435656,5.544555,9.220093,8.12963,5.305549,5.034954,8.624422,8.69565,7.447988
0.0,10.0,20.0,30.0,40.0,50.0,60.0,70.0,80.0,90.0
10.0,0.0,10.0,20.0,30.0,40.0,50.0,60.0,70.0,80.0
20.0,10.0,0.0,10.0,20.0,30.0,40.0,50.0,60.0,70.0
30.0,20.0,10.0,0.0,10.0,20.0,30.0,40.0,50.0,60.0
40.0,30.0,20.0,10.0,0.0,10.0,20.0,30.0,40.0,50.0
50.0,40.0,30.0,20.0,10.0,0.0,10.0,20.0,30.0,40.0
60.0,50.0,40.0,30.0,20.0,10.0,0.0,10.0,20.0,30.0
70.0,60.0,50.0,40.0,30.0,20.0,10.0,0.0,10.0,20.0
80.0,70.0,60.0,50.0,40.0,30.0,20.0,10.0,0.0,10.0
90.0,80.0,70.0,60.0,50.0,40.0,30.0,20.0,10.0,0.0
450.0,400.0,350.0,300.0,250.0,250.0,300.0,350.0,400.0,450.0
0.0,1.0,2.0,3.0,4.0,5.0,6.0,7.0,8.0,9.0
1.0,0.0,1.0,2.0,3.0,4.0,5.0,6.0,7.0,8.0
2.0,1.0,0.0,1.0,2.0,3.0,4.0,5.0,6.0,7.0
3.0,2.0,1.0,0.0,1.0,2.0,3.0,4.0,5.0,6.0
4.0,3.0,2.0,1.0,0.0,1.0,2.0,3.0,4.0,5.0
5.0,4.0,3.0,2.0,1.0,0.0,1.0,2.0,3.0,4.0
6.0,5.0,4.0,3.0,2.0,1.0,0.0,1.0,2.0,3.0
7.0,6.0,5.0,4.0,3.0,2.0,1.0,0.0,1.0,2.0
8.0,7.0,6.0,5.0,4.0,3.0,2.0,1.0,0.0,1.0
9.0,8.0,7.0,6.0,5.0,4.0,3.0,2.0,1.0,0.0
45.0,40.0,35.0,30.0,25.0,25.0,30.0,35.0,40.0,45.0
27.0,28.0,33.0,21.0,20.0,33.0,23.0,22.0,34.0,28.0,32.0,24.0,32.0,32.0,24.0,30.0,28.0,17.0,37.0,28.0,37.0,15.0,37.0,32.0,28.0,28.0,21.0,22.0,22.0,39.0,27.0,31.0,26.0,27.0,42.0,35.0,16.0,24.0,32.0,25.0,31.0,34.0,26.0,27.0,30.0,34.0,36.0,29.0,37.0,33.0
21.0,22.0,21.0,19.0,19.0,34.0,20.0,13.0,18.0,11.0,25.0,21.0,19.0,20.0,13.0,26.0,23.0,31.0,17.0,19.0,28.0,21.0,25.0,20.0,19.0,18.0,18.0,18.0,17.0,24.0,22.0,18.0,27.0,14.0,18.0,26.0,20.0,20.0,23.0,21.0,23.0,27.0,27.0,20.0,25.0,17.0,21.0,22.0,22.0,27.0
25.0,17.0,21.0,8.0,27.0,28.0,27.0,21.0,21.0,29.0,24.0,26.0,24.0,25.0,19.0,31.0,21.0,19.0,19.0,22.0,25.0,18.0,17.0,28.0,15.0,29.0,19.0,16.0,19.0,26.0,18.0,22.0,27.0,28.0,29.0,30.0,26.0,16.0,25.0,25.0,20.0,26.0,33.0,21.0,24.0,32.0,18.0,22.0,22.0,26.0
37.0,47.0,29.0,43.0,31.0,31.0,31.0,33.0,35.0,34.0,42.0,40.0,39.0,34.0,28.0,33.0,40.0,35.0,29.0,21.0,42.0,31.0,35.0,38.0,37.0,34.0,36.0,42.0,50.0,26.0,23.0,34.0,35.0,35.0,43.0,20.0,34.0,40.0,44.0,31.0,33.0,31.0,31.0,27.0,32.0,41.0,34.0,31.0,27.0,35.0
27.0,29.0,37.0,28.0,32.0,33.0,23.0,32.0,36.0,33.0,26.0,23.0,29.0,35.0,28.0,34.0,34.0,26.0,22.0,24.0,29.0,37.0,28.0,28.0,37.0,26.0,35.0,28.0,31.0,28.0,32.0,28.0,38.0,31.0,30.0,44.0,24.0,33.0,24.0,27.0,34.0,34.0,24.0,25.0,35.0,36.0,25.0,30.0,32.0,32.0
17.0,23.0,26.0,32.0,18.0,21.0,19.0,25.0,22.0,21.0,20.0,26.0,23.0,16.0,13.0,27.0,17.0,28.0,20.0,19.0,24.0,19.0,24.0,17.0,27.0,27.0,17.0,20.0,21.0,20.0,20.0,24.0,17.0,19.0,23.0,13.0,26.0,25.0,21.0,26.0,23.0,26.0,19.0,13.0,19.0,28.0,29.0,27.0,22.0,20.0
19.0,24.0,21.0,27.0,18.0,25.0,22.0,17.0,20.0,16.0,19.0,19.0,20.0,20.0,22.0,13.0,16.0,15.0,15.0,19.0,19.0,19.0,17.0,20.0,21.0,30.0,29.0,27.0,15.0,24.0,16.0,24.0,22.0,17.0,22.0,24.0,20.0,17.0,21.0,29.0,22.0,17.0,22.0,22.0,20.0,18.0,27.0,18.0,25.0,18.0
30.0,20.0,34.0,30.0,36.0,33.0,38.0,26.0,31.0,34.0,32.0,28.0,31.0,19.0,37.0,28.0,31.0,40.0,31.0,34.0,33.0,37.0,32.0,39.0,35.0,29.0,24.0,42.0,29.0,28.0,31.0,33.0,35.0,25.0,29.0,32.0,27.0,34.0,34.0,34.0,44.0,28.0,36.0,32.0,29.0,36.0,33.0,38.0,34.0,31.0
29.0,27.0,34.0,31.0,37.0,25.0,38.0,41.0,35.0,35.0,28.0,29.0,30.0,30.0,31.0,52.0,39.0,21.0,33.0,29.0,24.0,37.0,42.0,33.0,28.0,29.0,35.0,38.0,36.0,32.0,33.0,32.0,30.0,32.0,34.0,33.0,28.0,41.0,37.0,27.0,42.0,34.0,26.0,32.0,27.0,33.0,39.0,34.0,26.0,34.0
24.0,42.0,21.0,40.0,28.0,31.0,36.0,36.0,47.0,20.0,37.0,26.0,28.0,34.0,31.0,23.0,22.0,21.0,36.0,31.0,33.0,39.0,35.0,24.0,34.0,25.0,22.0,33.0,30.0,24.0,40.0,29.0,28.0,36.0,38.0,19.0,34.0,27.0,27.0,24.0,32.0,33.0,40.0,39.0,34.0,26.0,27.0,26.0,31.0,31.0
