10,50,1000
17.80663,17.189856,18.099333,17.174392,16.511029,15.963043,16.219865,18.930158,19.090008,17.198295
6.359717,9.645436,6.449662,8.675671,6.459776,8.902424,9.232513,5.381003,7.915508,5.847922
0.0,10.0,20.0,30.0,40.0,50.0,60.0,70.0,80.0,90.0
10.0,0.0,10.0,20.0,30.0,40.0,50.0,60.0,70.0,80.0
20.0,10.0,0.0,10.0,20.0,30.0,40.0,50.0,60.0,70.0
30.0,20.0,10.0,0.0,10.0,20.0,30.0,40.0,50.0,60.0
40.0,30.0,20.0,10.0,0.0,10.0,20.0,30.0,40.0,50.0
50.0,40.0,30.0,20.0,10.0,0.0,10.0,20.0,30.0,40.0
60.0,50.0,40.0,30.0,20.0,10.0,0.0,10.0,20.0,30.0
70.0,60.0,50.0,40.0,30.0,20.0,10.0,0.0,10.0,20.0
80.0,70.0,60.0,50.0,40.0,30.0,20.0,10.0,0.0,10.0
90.0,80.0,70.0,60.0,50.0,40.0,30.0,20.0,10.0,0.0
450.0,400.0,350.0,300.0,250.0,250.0,300.0,350.0,400.0,450.0
0.0,1.0,2.0,3.0,4.0,5.0,6.0,7.0,8.0,9.0
1.0,0.0,1.0,2.0,3.0,4.0,5.0,6.0,7.0,8.0
2.0,1.0,0.0,1.0,2.0,3.0,4.0,5.0,6.0,7.0
3.0,2.0,1.0,0.0,1.0,2.0,3.0,4.0,5.0,6.0
4.0,3.0,2.0,1.0,0.0,1.0,2.0,3.0,4.0,5.0
5.0,4.0,3.0,2.0,1.0,0.0,1.0,2.0,3.0,4.0
6.0,5.0,4.0,3.0,2.0,1.0,0.0,1.0,2.0,3.0
7.0,6.0,5.0,4.0,3.0,2.0,1.0,0.0,1.0,2.0
8.0,7.0,6.0,5.0,4.0,3.0,2.0,1.0,0.0,1.0
9.0,8.0,7.0,6.0,5.0,4.0,3.0,2.0,1.0,0.0
45.0,40.0,35.0,30.0,25.0,25.0,30.0,35.0,40.0,45.0
16.0,29.0,28.0,22.0,29.0,25.0,26.0,39.0,26.0,23.0,26.0,21.0,16.0,24.0,22.0,29.0,23.0,31.0,18.0,26.0,26.0,24.0,27.0,29.0,29.0,35.0,16.0,25.0,25.0,27.0,30.0,24.0,17.0,22.0,26.0,29.0,28.0,16.0,29.0,23.0,21.0,25.0,25.0,26.0,24.0,20.0,36.0,29.0,14.0,23.0
47.0,37.0,42.0,39.0,31.0,24.0,34.0,38.0,47.0,34.0,29.0,29.0,35.0,30.0,39.0,35.0,44.0,33.0,44.0,41.0,27.0,40.0,32.0,37.0,45.0,49.0,30.0,16.0,43.0,44.0,41.0,37.0,37.0,29.0,40.0,44.0,33.0,30.0,36.0,24.0,29.0,29.0,31.0,34.0,31.0,49.0,33.0,34.0,46.0,29.0
27.0,27.0,31.0,25.0,23.0,26.0,13.0,21.0,39.0,18.0,30.0,34.0,21.0,18.0,21.0,14.0,24.0,27.0,25.0,21.0,25.0,21.0,22.0,42.0,27.0,43.0,33.0,33.0,23.0,29.0,22.0,22.0,24.0,26.0,23.0,25.0,23.0,21.0,27.0,26.0,32.0,29.0,35.0,31.0,24.0,26.0,25.0,24.0,31.0,32.0
25.0,32.0,36.0,36.0,36.0,30.0,30.0,29.0,37.0,30.0,36.0,21.0,34.0,32.0,25.0,25.0,36.0,27.0,25.0,28.0,37.0,33.0,25.0,27.0,36.0,27.0,35.0,23.0,26.0,30.0,37.0,38.0,35.0,27.0,30.0,27.0,32.0,29.0,42.0,21.0,28.0,30.0,43.0,31.0,23.0,23.0,24.0,23.0,22.0,35.0
27.0,21.0,28.0,25.0,17.0,20.0,28.0,20.0,24.0,30.0,27.0,18.0,15.0,20.0,21.0,22.0,18.0,17.0,40.0,32.0,23.0,19.0,28.0,23.0,22.0,26.0,25.0,34.0,25.0,34.0,28.0,24.0,31.0,15.0,26.0,18.0,29.0,24.0,32.0,28.0,35.0,28.0,27.0,23.0,26.0,29.0,25.0,20.0,24.0,28.0
38.0,37.0,40.0,44.0,37.0,38.0,39.0,33.0,23.0,29.0,37.0,30.0,29.0,31.0,27.0,32.0,44.0,26.0,25.0,34.0,35.0,40.0,30.0,41.0,34.0,33.0,29.0,30.0,33.0,29.0,29.0,26.0,32.0,43.0,37.0,29.0,31.0,38.0,32.0,38.0,30.0,25.0,39.0,31.0,34.0,35.0,36.0,35.0,40.0,28.0
28.0,28.0,27.0,26.0,33.0,39.0,41.0,36.0,40.0,40.0,39.0,33.0,41.0,33.0,36.0,37.0,38.0,24.0,27.0,38.0,31.0,20.0,31.0,26.0,27.0,33.0,35.0,21.0,38.0,22.0,37.0,42.0,30.0,30.0,30.0,36.0,40.0,39.0,47.0,41.0,32.0,40.0,39.0,36.0,29.0,32.0,35.0,36.0,30.0,31.0
26.0,27.0,22.0,20.0,33.0,26.0,20.0,21.0,23.0,17.0,27.0,30.0,28.0,17.0,21.0,18.0,27.0,28.0,22.0,15.0,18.0,19.0,23.0,27.0,30.0,20.0,21.0,23.0,28.0,23.0,25.0,28.0,19.0,28.0,24.0,24.0,29.0,37.0,22.0,25.0,25.0,26.0,16.0,23.0,18.0,16.0,24.0,25.0,23.0,28.0
37.0,36.0,30.0,28.0,33.0,27.0,28.0,28.0,30.0,30.0,37.0,34.0,26.0,28.0,29.0,25.0,38.0,29.0,35.0,31.0,27.0,29.0,35.0,31.0,29.0,39.0,30.0,26.0,35.0,20.0,41.0,30.0,31.0,37.0,27.0,26.0,24.0,23.0,24.0,34.0,24.0,42.0,34.0,31.0,37.0,39.0,25.0,31.0,35.0,30.0
26.0,25.0,30.0,18.0,21.0,21.0,32.0,24.0,24.0,18.0,24.0,27.0,22.0,18.0,26.0,15.0,19.0,29.0,22.0,19.0,21.0,22.0,31.0,17.0,20.0,25.0,18.0,23.0,19.0,21.0,18.0,32.0,12.0,20.0,24.0,17.0,22.0,27.0,27.0,28.0,25.0,35.0,19.0,12.0,32.0,33.0,21.0,18.0,20.0,23.0
