10,50,1000
19.424381,15.593208,16.862392,17.580933,17.113432,16.257006,18.041247,17.207595,15.46445,15.137519
9.96278,9.343458,7.398372,8.143691,5.322093,6.084509,6.457057,8.134743,5.113911,6.660438
0.0,10.0,20.0,30.0,40.0,50.0,60.0,70.0,80.0,90.0
10.0,0.0,10.0,20.0,30.0,40.0,50.0,60.0,70.0,80.0
20.0,10.0,0.0,10.0,20.0,30.0,40.0,50.0,60.0,70.0
30.0,20.0,10.0,0.0,10.0,20.0,30.0,40.0,50.0,60.0
40.0,30.0,20.0,10.0,0.0,10.0,20.0,30.0,40.0,50.0
50.0,40.0,30.0,20.0,10.0,0.0,10.0,20.0,30.0,40.0
60.0,50.0,40.0,30.0,20.0,10.0,0.0,10.0,20.0,30.0
70.0,60.0,50.0,40.0,30.0,20.0,10.0,0.0,10.0,20.0
80.0,70.0,60.0,50.0,40.0,30.0,20.0,10.0,0.0,10.0
90.0,80.0,70.0,60.0,50.0,40.0,30.0,20.0,10.0,0.0
450.0,400.0,350.0,300.0,250.0,250.0,300.0,350.0,400.0,450.0
0.0,1.0,2.0,3.0,4.0,5.0,6.0,7.0,8.0,9.0
1.0,0.0,1.0,2.0,3.0,4.0,5.0,6.0,7.0,8.0
2.0,1.0,0.0,1.0,2.0,3.0,4.0,5.0,6.0,7.0
3.0,2.0,1.0,0.0,1.0,2.0,3.0,4.0,5.0,6.0
4.0,3.0,2.0,1.0,0.0,1.0,2.0,3.0,4.0,5.0
5.0,4.0,3.0,2.0,1.0,0.0,1.0,2.0,3.0,4.0
6.0,5.0,4.0,3.0,2.0,1.0,0.0,1.0,2.0,3.0
7.0,6.0,5.0,4.0,3.0,2.0,1.0,0.0,1.0,2.0
8.0,7.0,6.0,5.0,4.0,3.0,2.0,1.0,0.0,1.0
9.0,8.0,7.0,6.0,5.0,4.0,3.0,2.0,1.0,0.0
45.0,40.0,35.0,30.0,25.0,25.0,30.0,35.0,40.0,45.0
33.0,36.0,42.0,46.0,38.0,27.0,34.0,46.0,40.0,39.0,43.0,33.0,39.0,33.0,37.0,34.0,39.0,39.0,41.0,32.0,45.0,37.0,40.0,29.0,36.0,38.0,30.0,34.0,36.0,41.0,40.0,40.0,40.0,42.0,35.0,42.0,34.0,31.0,40.0,41.0,35.0,29.0,33.0,31.0,31.0,41.0,39.0,31.0,42.0,35.0
44.0,40.0,22.0,39.0,29.0,40.0,27.0,29.0,33.0,29.0,39.0,49.0,34.0,32.0,27.0,37.0,30.0,37.0,33.0,36.0,36.0,33.0,30.0,36.0,35.0,49.0,46.0,35.0,44.0,38.0,38.0,27.0,23.0,39.0,41.0,23.0,33.0,38.0,34.0,37.0,32.0,37.0,21.0,30.0,47.0,40.0,31.0,41.0,29.0,34.0
26.0,28.0,37.0,29.0,27.0,27.0,25.0,26.0,44.0,30.0,27.0,20.0,30.0,23.0,24.0,24.0,30.0,31.0,22.0,28.0,28.0,22.0,31.0,26.0,21.0,37.0,34.0,26.0,40.0,22.0,35.0,25.0,32.0,28.0,32.0,35.0,28.0,23.0,22.0,28.0,24.0,27.0,29.0,31.0,28.0,35.0,27.0,22.0,23.0,25.0
33.0,30.0,37.0,40.0,34.0,29.0,26.0,25.0,38.0,25.0,28.0,30.0,33.0,24.0,25.0,27.0,30.0,42.0,33.0,35.0,27.0,31.0,25.0,27.0,34.0,34.0,23.0,26.0,28.0,29.0,29.0,33.0,30.0,32.0,27.0,29.0,30.0,37.0,28.0,33.0,32.0,30.0,31.0,27.0,42.0,29.0,30.0,38.0,32.0,43.0
16.0,19.0,19.0,28.0,20.0,21.0,27.0,21.0,15.0,15.0,20.0,23.0,25.0,24.0,22.0,21.0,20.0,18.0,25.0,25.0,19.0,20.0,23.0,19.0,16.0,18.0,24.0,14.0,15.0,25.0,20.0,23.0,22.0,15.0,21.0,24.0,16.0,14.0,27.0,16.0,24.0,27.0,13.0,21.0,32.0,17.0,14.0,13.0,32.0,22.0
25.0,20.0,21.0,25.0,30.0,24.0,29.0,30.0,24.0,17.0,21.0,20.0,20.0,20.0,14.0,21.0,28.0,29.0,34.0,20.0,31.0,23.0,21.0,18.0,25.0,22.0,27.0,23.0,22.0,16.0,24.0,24.0,25.0,20.0,19.0,15.0,23.0,25.0,32.0,15.0,28.0,21.0,20.0,17.0,21.0,21.0,24.0,19.0,25.0,16.0
18.0,30.0,23.0,16.0,28.0,35.0,29.0,25.0,30.0,26.0,16.0,24.0,29.0,21.0,27.0,23.0,19.0,28.0,26.0,21.0,24.0,22.0,26.0,20.0,30.0,26.0,24.0,29.0,24.0,31.0,28.0,19.0,29.0,26.0,26.0,24.0,21.0,23.0,25.0,25.0,24.0,20.0,27.0,27.0,24.0,24.0,29.0,29.0,32.0,21.0
28.0,39.0,19.0,30.0,31.0,28.0,31.0,37.0,40.0,37.0,38.0,32.0,32.0,34.0,33.0,32.0,32.0,33.0,22.0,29.0,36.0,33.0,38.0,33.0,40.0,26.0,40.0,31.0,33.0,34.0,32.0,38.0,36.0,40.0,27.0,36.0,22.0,35.0,36.0,41.0,30.0,35.0,28.0,31.0,24.0,32.0,30.0,25.0,31.0,31.0
19.0,20.0,26.0,23.0,17.0,24.0,22.0,16.0,25.0,21.0,15.0,28.0,18.0,19.0,30.0,27.0,23.0,27.0,21.0,23.0,16.0,15.0,18.0,26.0,16.0,22.0,16.0,18.0,20.0,24.0,26.0,16.0,24.0,21.0,28.0,20.0,23.0,19.0,13.0,24.0,33.0,22.0,21.0,27.0,14.0,16.0,29.0,20.0,18.0,21.0
29.0,29.0,19.0,25.0,18.0,22.0,31.0,34.0,27.0,27.0,22.0,31.0,26.0,23.0,19.0,26.0,15.0,34.0,35.0,26.0,34.0,21.0,22.0,19.0,31.0,19.0,24.0,13.0,23.0,28.0,28.0,25.0,18.0,20.0,23.0,19.0,26.0,23.0,18.0,31.0,22.0,20.0,28.0,34.0,26.0,27.0,19.0,25.0,31.0,25.0
