10,50,1000
15.267433,16.609334,18.582799,18.757572,17.047598,19.877116,15.916709,18.128687,15.732124,19.479111
7.415796,6.236261,9.717424,8.923357,9.271141,6.856192,5.066344,9.081384,7.13253,9.54624
0.0,10.0,20.0,30.0,40.0,50.0,60.0,70.0,80.0,90.0
10.0,0.0,10.0,20.0,30.0,40.0,50.0,60.0,70.0,80.0
20.0,10.0,0.0,10.0,20.0,30.0,40.0,50.0,60.0,70.0
30.0,20.0,10.0,0.0,10.0,20.0,30.0,40.0,50.0,60.0
40.0,30.0,20.0,10.0,0.0,10.0,20.0,30.0,40.0,50.0
50.0,40.0,30.0,20.0,10.0,0.0,10.0,20.0,30.0,40.0
60.0,50.0,40.0,30.0,20.0,10.0,0.0,10.0,20.0,30.0
70.0,60.0,50.0,40.0,30.0,20.0,10.0,0.0,10.0,20.0
80.0,70.0,60.0,50.0,40.0,30.0,20.0,10.0,0.0,10.0
90.0,80.0,70.0,60.0,50.0,40.0,30.0,20.0,10.0,0.0
450.0,400.0,350.0,300.0,250.0,250.0,300.0,350.0,400.0,450.0
0.0,1.0,2.0,3.0,4.0,5.0,6.0,7.0,8.0,9.0
1.0,0.0,1.0,2.0,3.0,4.0,5.0,6.0,7.0,8.0
2.0,1.0,0.0,1.0,2.0,3.0,4.0,5.0,6.0,7.0
3.0,2.0,1.0,0.0,1.0,2.0,3.0,4.0,5.0,6.0
4.0,3.0,2.0,1.0,0.0,1.0,2.0,3.0,4.0,5.0
5.0,4.0,3.0,2.0,1.0,0.0,1.0,2.0,3.0,4.0
6.0,5.0,4.0,3.0,2.0,1.0,0.0,1.0,2.0,3.0
7.0,6.0,5.0,4.0,3.0,2.0,1.0,0.0,1.0,2.0
8.0,7.0,6.0,5.0,4.0,3.0,2.0,1.0,0.0,1.0
9.0,8.0,7.0,6.0,5.0,4.0,3.0,2.0,1.0,0.0
45.0,40.0,35.0,30.0,25.0,25.0,30.0,35.0,40.0,45.0
28.0,22.0,23.0,30.0,23.0,27.0,22.0,30.0,28.0,20.0,33.0,28.0,31.0,29.0,32.0,22.0,32.0,32.0,24.0,29.0,23.0,28.0,23.0,31.0,31.0,26.0,32.0,28.0,21.0,31.0,21.0,30.0,17.0,34.0,33.0,32.0,26.0,37.0,36.0,21.0,26.0,18.0,31.0,29.0,34.0,32.0,22.0,30.0,29.0,22.0
26.0,23.0,23.0,24.0,20.0,20.0,17.0,26.0,20.0,33.0,32.0,27.0,36.0,38.0,26.0,27.0,27.0,14.0,21.0,22.0,25.0,33.0,22.0,22.0,9.0,28.0,21.0,26.0,25.0,26.0,17.0,24.0,33.0,19.0,26.0,27.0,20.0,20.0,29.0,21.0,21.0,23.0,33.0,22.0,27.0,20.0,20.0,25.0,21.0,21.0
37.0,36.0,41.0,21.0,37.0,41.0,41.0,32.0,34.0,30.0,34.0,41.0,42.0,36.0,34.0,29.0,34.0,37.0,32.0,37.0,37.0,35.0,30.0,33.0,37.0,31.0,27.0,38.0,31.0,29.0,29.0,37.0,37.0,45.0,32.0,38.0,32.0,30.0,40.0,38.0,22.0,38.0,38.0,38.0,21.0,41.0,31.0,33.0,29.0,35.0
37.0,28.0,36.0,45.0,26.0,34.0,30.0,33.0,35.0,39.0,18.0,44.0,37.0,26.0,32.0,37.0,28.0,31.0,36.0,39.0,30.0,34.0,33.0,41.0,32.0,38.0,28.0,25.0,34.0,35.0,36.0,31.0,36.0,38.0,48.0,38.0,39.0,29.0,41.0,31.0,35.0,35.0,34.0,25.0,40.0,38.0,30.0,33.0,43.0,27.0
37.0,37.0,33.0,41.0,44.0,30.0,36.0,38.0,33.0,28.0,28.0,35.0,34.0,32.0,35.0,34.0,31.0,41.0,37.0,29.0,37.0,35.0,27.0,38.0,32.0,34.0,33.0,43.0,38.0,24.0,37.0,27.0,29.0,32.0,43.0,36.0,30.0,42.0,37.0,32.0,28.0,37.0,20.0,37.0,38.0,29.0,38.0,35.0,35.0,38.0
31.0,32.0,28.0,33.0,28.0,27.0,27.0,34.0,33.0,25.0,17.0,27.0,28.0,29.0,29.0,32.0,30.0,28.0,31.0,26.0,32.0,26.0,28.0,30.0,20.0,24.0,24.0,25.0,25.0,23.0,27.0,29.0,21.0,23.0,28.0,29.0,24.0,24.0,21.0,29.0,33.0,33.0,21.0,22.0,29.0,29.0,21.0,25.0,22.0,28.0
21.0,21.0,16.0,16.0,16.0,22.0,20.0,20.0,23.0,19.0,26.0,24.0,25.0,24.0,27.0,18.0,19.0,20.0,20.0,37.0,22.0,26.0,27.0,19.0,25.0,18.0,16.0,24.0,25.0,28.0,23.0,20.0,20.0,17.0,23.0,11.0,28.0,22.0,28.0,26.0,27.0,14.0,25.0,23.0,22.0,12.0,24.0,21.0,22.0,27.0
22.0,30.0,37.0,36.0,55.0,36.0,36.0,22.0,35.0,23.0,38.0,38.0,26.0,25.0,37.0,41.0,39.0,27.0,30.0,43.0,28.0,37.0,29.0,29.0,39.0,40.0,27.0,31.0,33.0,27.0,38.0,34.0,41.0,26.0,29.0,45.0,37.0,27.0,38.0,34.0,39.0,41.0,40.0,30.0,37.0,34.0,38.0,36.0,34.0,36.0
33.0,28.0,21.0,23.0,35.0,30.0,24.0,24.0,30.0,33.0,21.0,22.0,28.0,26.0,44.0,27.0,18.0,23.0,30.0,36.0,18.0,27.0,26.0,36.0,25.0,27.0,38.0,21.0,31.0,21.0,30.0,25.0,15.0,25.0,32.0,30.0,26.0,29.0,20.0,16.0,30.0,27.0,29.0,25.0,35.0,26.0,32.0,34.0,21.0,19.0
38.0,33.0,37.0,33.0,41.0,26.0,47.0,36.0,33.0,44.0,39.0,47.0,50.0,42.0,32.0,35.0,38.0,32.0,39.0,43.0,41.0,26.0,30.0,33.0,25.0,40.0,36.0,34.0,38.0,44.0,37.0,32.0,42.0,43.0,35.0,29.0,39.0,27.0,34.0,41.0,19.0,37.0,36.0,33.0,33.0,36.0,28.0,40.0,28.0,35.0
