10,50,1000
16.944194,17.368583,16.675739,19.183568,18.049809,15.26389,17.630276,15.989136,18.365061,18.729307
9.858352,8.617042,6.208326,9.117302,6.024569,6.504922,9.801755,9.733717,5.025531,9.119943
0.0,10.0,20.0,30.0,40.0,50.0,60.0,70.0,80.0,90.0
10.0,0.0,10.0,20.0,30.0,40.0,50.0,60.0,70.0,80.0
20.0,10.0,0.0,10.0,20.0,30.0,40.0,50.0,60.0,70.0
30.0,20.0,10.0,0.0,10.0,20.0,30.0,40.0,50.0,60.0
40.0,30.0,20.0,10.0,0.0,10.0,20.0,30.0,40.0,50.0
50.0,40.0,30.0,20.0,10.0,0.0,10.0,20.0,30.0,40.0
60.0,50.0,40.0,30.0,20.0,10.0,0.0,10.0,20.0,30.0
70.0,60.0,50.0,40.0,30.0,20.0,10.0,0.0,10.0,20.0
80.0,70.0,60.0,50.0,40.0,30.0,20.0,10.0,0.0,10.0
90.0,80.0,70.0,60.0,50.0,40.0,30.0,20.0,10.0,0.0
450.0,400.0,350.0,300.0,250.0,250.0,300.0,350.0,400.0,450.0
0.0,1.0,2.0,3.0,4.0,5.0,6.0,7.0,8.0,9.0
1.0,0.0,1.0,2.0,3.0,4.0,5.0,6.0,7.0,8.0
2.0,1.0,0.0,1.0,2.0,3.0,4.0,5.0,6.0,7.0
3.0,2.0,1.0,0.0,1.0,2.0,3.0,4.0,5.0,6.0
4.0,3.0,2.0,1.0,0.0,1.0,2.0,3.0,4.0,5.0
5.0,4.0,3.0,2.0,1.0,0.0,1.0,2.0,3.0,4.0
6.0,5.0,4.0,3.0,2.0,1.0,0.0,1.0,2.0,3.0
7.0,6.0,5.0,4.0,3.0,2.0,1.0,0.0,1.0,2.0
8.0,7.0,6.0,5.0,4.0,3.0,2.0,1.0,0.0,1.0
9.0,8.0,7.0,6.0,5.0,4.0,3.0,2.0,1.0,0.0
45.0,40.0,35.0,30.0,25.0,25.0,30.0,35.0,40.0,45.0
46.0,27.0,32.0,26.0,37.0,34.0,38.0,34.0,44.0,37.0,40.0,30.0,30.0,40.0,29.0,29.0,39.0,40.0,37.0,42.0,33.0,36.0,29.0,35.0,44.0,37.0,40.0,27.0,32.0,44.0,35.0,40.0,36.0,38.0,50.0,32.0,41.0,25.0,39.0,24.0,35.0,33.0,31.0,36.0,33.0,31.0,39.0,37.0,40.0,41.0
30.0,26.0,38.0,35.0,34.0,36.0,39.0,32.0,30.0,32.0,26.0,35.0,30.0,32.0,38.0,21.0,30.0,33.0,34.0,27.0,24.0,42.0,34.0,27.0,28.0,29.0,26.0,29.0,28.0,34.0,31.0,28.0,39.0,19.0,37.0,32.0,23.0,34.0,33.0,35.0,27.0,36.0,50.0,33.0,36.0,35.0,34.0,28.0,24.0,23.0
26.0,20.0,28.0,27.0,31.0,33.0,26.0,33.0,25.0,36.0,17.0,23.0,29.0,24.0,27.0,32.0,18.0,23.0,25.0,21.0,19.0,21.0,25.0,29.0,25.0,16.0,32.0,32.0,21.0,26.0,28.0,15.0,23.0,25.0,20.0,23.0,31.0,25.0,28.0,14.0,24.0,26.0,24.0,18.0,24.0,21.0,20.0,32.0,24.0,26.0
37.0,34.0,31.0,32.0,33.0,37.0,28.0,31.0,29.0,37.0,35.0,38.0,22.0,36.0,32.0,37.0,23.0,31.0,46.0,38.0,28.0,36.0,35.0,40.0,27.0,39.0,29.0,31.0,28.0,31.0,36.0,24.0,33.0,27.0,37.0,32.0,35.0,37.0,42.0,43.0,39.0,29.0,41.0,35.0,26.0,30.0,23.0,32.0,35.0,39.0
20.0,25.0,26.0,27.0,25.0,17.0,26.0,22.0,22.0,22.0,28.0,21.0,17.0,24.0,22.0,21.0,14.0,22.0,27.0,32.0,32.0,28.0,17.0,28.0,23.0,21.0,26.0,27.0,27.0,24.0,27.0,26.0,20.0,25.0,20.0,31.0,21.0,27.0,25.0,17.0,16.0,20.0,28.0,27.0,27.0,24.0,22.0,22.0,26.0,23.0
28.0,23.0,11.0,24.0,14.0,15.0,19.0,30.0,20.0,18.0,22.0,18.0,28.0,32.0,19.0,25.0,24.0,31.0,25.0,28.0,21.0,21.0,18.0,20.0,38.0,32.0,31.0,31.0,31.0,18.0,22.0,23.0,27.0,18.0,23.0,27.0,26.0,30.0,20.0,24.0,26.0,22.0,23.0,19.0,22.0,23.0,27.0,23.0,35.0,26.0
42.0,27.0,34.0,43.0,36.0,35.0,40.0,28.0,33.0,38.0,35.0,34.0,31.0,47.0,32.0,30.0,41.0,34.0,36.0,32.0,41.0,37.0,37.0,44.0,36.0,31.0,38.0,47.0,27.0,28.0,38.0,33.0,42.0,34.0,43.0,29.0,37.0,32.0,46.0,25.0,48.0,27.0,39.0,39.0,38.0,40.0,33.0,31.0,43.0,50.0
29.0,29.0,43.0,33.0,42.0,31.0,31.0,29.0,36.0,39.0,35.0,43.0,30.0,32.0,39.0,40.0,34.0,27.0,30.0,25.0,36.0,21.0,42.0,37.0,31.0,40.0,44.0,28.0,41.0,37.0,36.0,30.0,30.0,32.0,33.0,22.0,28.0,23.0,43.0,39.0,42.0,49.0,33.0,47.0,34.0,41.0,39.0,26.0,40.0,22.0
19.0,22.0,15.0,22.0,21.0,18.0,17.0,23.0,23.0,26.0,16.0,13.0,19.0,19.0,17.0,12.0,25.0,14.0,21.0,23.0,17.0,21.0,22.0,26.0,27.0,20.0,10.0,19.0,16.0,20.0,20.0,28.0,19.0,19.0,18.0,18.0,17.0,20.0,19.0,18.0,22.0,25.0,18.0,14.0,15.0,22.0,21.0,22.0,21.0,26.0
25.0,31.0,25.0,30.0,40.0,43.0,27.0,37.0,28.0,35.0,46.0,33.0,32.0,32.0,34.0,28.0,28.0,31.0,35.0,27.0,40.0,33.0,30.0,43.0,35.0,32.0,40.0,31.0,29.0,32.0,29.0,25.0,31.0,25.0,34.0,43.0,32.0,28.0,32.0,44.0,44.0,25.0,29.0,41.0,32.0,33.0,29.0,37.0,43.0,22.0
