10,50,1000
15.455298,19.062524,18.114361,18.541946,15.318914,19.219291,17.332301,17.452925,15.047041,15.534308
9.155283,6.391379,8.750387,6.628539,9.785821,6.712901,5.251663,5.257196,5.122806,6.214448
0.0,10.0,20.0,30.0,40.0,50.0,60.0,70.0,80.0,90.0
10.0,0.0,10.0,20.0,30.0,40.0,50.0,60.0,70.0,80.0
20.0,10.0,0.0,10.0,20.0,30.0,40.0,50.0,60.0,70.0
30.0,20.0,10.0,0.0,10.0,20.0,30.0,40.0,50.0,60.0
40.0,30.0,20.0,10.0,0.0,10.0,20.0,30.0,40.0,50.0
50.0,40.0,30.0,20.0,10.0,0.0,10.0,20.0,30.0,40.0
60.0,50.0,40.0,30.0,20.0,10.0,0.0,10.0,20.0,30.0
70.0,60.0,50.0,40.0,30.0,20.0,10.0,0.0,10.0,20.0
80.0,70.0,60.0,50.0,40.0,30.0,20.0,10.0,0.0,10.0
90.0,80.0,70.0,60.0,50.0,40.0,30.0,20.0,10.0,0.0
450.0,400.0,350.0,300.0,250.0,250.0,300.0,350.0,400.0,450.0
0.0,1.0,2.0,3.0,4.0,5.0,6.0,7.0,8.0,9.0
1.0,0.0,1.0,2.0,3.0,4.0,5.0,6.0,7.0,8.0
2.0,1.0,0.0,1.0,2.0,3.0,4.0,5.0,6.0,7.0
3.0,2.0,1.0,0.0,1.0,2.0,3.0,4.0,5.0,6.0
4.0,3.0,2.0,1.0,0.0,1.0,2.0,3.0,4.0,5.0
5.0,4.0,3.0,2.0,1.0,0.0,1.0,2.0,3.0,4.0
6.0,5.0,4.0,3.0,2.0,1.0,0.0,1.0,2.0,3.0
7.0,6.0,5.0,4.0,3.0,2.0,1.0,0.0,1.0,2.0
8.0,7.0,6.0,5.0,4.0,3.0,2.0,1.0,0.0,1.0
9.0,8.0,7.0,6.0,5.0,4.0,3.0,2.0,1.0,0.0
45.0,40.0,35.0,30.0,25.0,25.0,30.0,35.0,40.0,45.0
27.0,38.0,34.0,41.0,32.0,34.0,36.0,35.0,43.0,26.0,32.0,38.0,36.0,33.0,40.0,38.0,32.0,32.0,37.0,31.0,30.0,38.0,37.0,35.0,29.0,30.0,41.0,42.0,24.0,30.0,42.0,43.0,32.0,30.0,34.0,30.0,27.0,31.0,32.0,26.0,38.0,33.0,26.0,42.0,43.0,33.0,29.0,32.0,35.0,28.0
38.0,22.0,27.0,23.0,23.0,27.0,28.0,22.0,19.0,25.0,30.0,19.0,29.0,29.0,24.0,23.0,26.0,25.0,33.0,22.0,27.0,26.0,23.0,42.0,23.0,24.0,22.0,29.0,36.0,34.0,23.0,23.0,28.0,26.0,25.0,31.0,24.0,31.0,18.0,20.0,24.0,35.0,17.0,21.0,20.0,34.0,22.0,28.0,24.0,23.0
50.0,27.0,44.0,34.0,36.0,29.0,40.0,28.0,34.0,30.0,41.0,29.0,34.0,40.0,35.0,38.0,30.0,26.0,28.0,24.0,34.0,32.0,36.0,30.0,30.0,28.0,22.0,34.0,33.0,24.0,23.0,36.0,30.0,35.0,31.0,28.0,30.0,34.0,32.0,27.0,27.0,42.0,37.0,28.0,37.0,33.0,42.0,35.0,29.0,30.0
32.0,32.0,26.0,37.0,20.0,23.0,30.0,30.0,32.0,19.0,24.0,27.0,20.0,23.0,23.0,24.0,20.0,31.0,28.0,29.0,25.0,27.0,24.0,25.0,22.0,18.0,29.0,22.0,30.0,27.0,28.0,20.0,24.0,25.0,25.0,34.0,27.0,30.0,24.0,23.0,34.0,29.0,33.0,23.0,26.0,21.0,33.0,24.0,24.0,24.0
32.0,36.0,35.0,33.0,28.0,29.0,49.0,39.0,40.0,26.0,38.0,39.0,42.0,31.0,35.0,44.0,27.0,43.0,36.0,43.0,27.0,36.0,36.0,24.0,42.0,45.0,34.0,29.0,32.0,32.0,36.0,45.0,31.0,39.0,41.0,36.0,31.0,32.0,33.0,35.0,34.0,43.0,28.0,50.0,30.0,35.0,40.0,33.0,30.0,30.0
26.0,32.0,38.0,38.0,27.0,26.0,22.0,31.0,38.0,28.0,22.0,24.0,27.0,34.0,29.0,20.0,25.0,41.0,29.0,31.0,20.0,23.0,26.0,20.0,24.0,26.0,33.0,21.0,29.0,27.0,24.0,22.0,23.0,30.0,33.0,28.0,26.0,26.0,22.0,30.0,18.0,29.0,18.0,31.0,23.0,27.0,33.0,29.0,22.0,23.0
21.0,27.0,19.0,18.0,17.0,16.0,25.0,18.0,17.0,22.0,34.0,34.0,19.0,24.0,17.0,23.0,22.0,27.0,29.0,19.0,27.0,16.0,20.0,23.0,18.0,27.0,31.0,22.0,15.0,18.0,21.0,26.0,22.0,26.0,26.0,17.0,16.0,21.0,14.0,16.0,21.0,15.0,20.0,24.0,17.0,29.0,25.0,19.0,12.0,19.0
21.0,17.0,24.0,17.0,18.0,17.0,23.0,17.0,22.0,18.0,23.0,21.0,24.0,29.0,20.0,20.0,20.0,23.0,21.0,23.0,27.0,29.0,25.0,24.0,16.0,16.0,17.0,24.0,20.0,21.0,18.0,16.0,29.0,26.0,22.0,17.0,21.0,23.0,26.0,17.0,23.0,20.0,15.0,26.0,26.0,17.0,19.0,31.0,28.0,30.0
15.0,24.0,15.0,10.0,19.0,14.0,23.0,16.0,23.0,22.0,17.0,21.0,25.0,13.0,20.0,16.0,17.0,17.0,19.0,22.0,21.0,24.0,21.0,21.0,28.0,10.0,25.0,20.0,16.0,23.0,16.0,26.0,26.0,19.0,23.0,14.0,22.0,19.0,22.0,17.0,14.0,13.0,27.0,17.0,17.0,19.0,29.0,22.0,14.0,21.0
20.0,26.0,20.0,19.0,23.0,23.0,26.0,22.0,17.0,27.0,20.0,23.0,15.0,23.0,18.0,22.0,32.0,26.0,33.0,18.0,28.0,26.0,20.0,24.0,21.0,20.0,18.0,28.0,26.0,28.0,24.0,27.0,22.0,24.0,28.0,21.0,27.0,18.0,22.0,35.0,28.0,20.0,32.0,36.0,21.0,22.0,26.0,21.0,11.0,23.0
