10,50,1000
16.832589,15.330292,16.481146,18.842838,16.623889,17.276748,18.059146,16.261745,17.087914,16.105243
5.323842,5.648233,9.864192,5.836527,7.697344,9.982532,6.832203,5.311806,5.521963,6.166429
0.0,10.0,20.0,30.0,40.0,50.0,60.0,70.0,80.0,90.0
10.0,0.0,10.0,20.0,30.0,40.0,50.0,60.0,70.0,80.0
20.0,10.0,0.0,10.0,20.0,30.0,40.0,50.0,60.0,70.0
30.0,20.0,10.0,0.0,10.0,20.0,30.0,40.0,50.0,60.0
40.0,30.0,20.0,10.0,0.0,10.0,20.0,30.0,40.0,50.0
50.0,40.0,30.0,20.0,10.0,0.0,10.0,20.0,30.0,40.0
60.0,50.0,40.0,30.0,20.0,10.0,0.0,10.0,20.0,30.0
70.0,60.0,50.0,40.0,30.0,20.0,10.0,0.0,10.0,20.0
80.0,70.0,60.0,50.0,40.0,30.0,20.0,10.0,0.0,10.0
90.0,80.0,70.0,60.0,50.0,40.0,30.0,20.0,10.0,0.0
450.0,400.0,350.0,300.0,250.0,250.0,300.0,350.0,400.0,450.0
0.0,1.0,2.0,3.0,4.0,5.0,6.0,7.0,8.0,9.0
1.0,0.0,1.0,2.0,3.0,4.0,5.0,6.0,7.0,8.0
2.0,1.0,0.0,1.0,2.0,3.0,4.0,5.0,6.0,7.0
3.0,2.0,1.0,0.0,1.0,2.0,3.0,4.0,5.0,6.0
4.0,3.0,2.0,1.0,0.0,1.0,2.0,3.0,4.0,5.0
5.0,4.0,3.0,2.0,1.0,0.0,1.0,2.0,3.0,4.0
6.0,5.0,4.0,3.0,2.0,1.0,0.0,1.0,2.0,3.0
7.0,6.0,5.0,4.0,3.0,2.0,1.0,0.0,1.0,2.0
8.0,7.0,6.0,5.0,4.0,3.0,2.0,1.0,0.0,1.0
9.0,8.0,7.0,6.0,5.0,4.0,3.0,2.0,1.0,0.0
45.0,40.0,35.0,30.0,25.0,25.0,30.0,35.0,40.0,45.0
19.0,18.0,23.0,29.0,23.0,22.0,28.0,16.0,23.0,13.0,14.0,21.0,18.0,22.0,27.0,20.0,24.0,21.0,19.0,17.0,15.0,20.0,19.0,29.0,20.0,16.0,16.0,25.0,16.0,29.0,27.0,21.0,22.0,13.0,19.0,20.0,31.0,20.0,24.0,22.0,25.0,17.0,20.0,22.0,32.0,23.0,25.0,28.0,19.0,19.0
21.0,24.0,22.0,24.0,23.0,30.0,23.0,28.0,18.0,24.0,26.0,21.0,28.0,22.0,27.0,28.0,19.0,20.0,26.0,14.0,16.0,22.0,26.0,28.0,19.0,29.0,19.0,13.0,23.0,22.0,19.0,28.0,23.0,23.0,22.0,14.0,25.0,25.0,18.0,19.0,16.0,21.0,25.0,27.0,24.0,26.0,29.0,18.0,13.0,24.0
40.0,30.0,27.0,30.0,30.0,32.0,43.0,33.0,33.0,40.0,38.0,36.0,36.0,38.0,37.0,43.0,36.0,26.0,46.0,41.0,36.0,32.0,41.0,27.0,34.0,36.0,45.0,35.0,38.0,40.0,37.0,25.0,26.0,40.0,38.0,37.0,38.0,33.0,30.0,35.0,39.0,42.0,28.0,36.0,39.0,30.0,31.0,33.0,32.0,29.0
20.0,26.0,31.0,25.0,21.0,32.0,29.0,24.0,24.0,27.0,17.0,19.0,29.0,24.0,27.0,23.0,30.0,31.0,19.0,20.0,19.0,25.0,27.0,26.0,29.0,23.0,21.0,32.0,17.0,28.0,23.0,28.0,19.0,23.0,15.0,28.0,23.0,29.0,30.0,22.0,20.0,15.0,25.0,33.0,30.0,16.0,21.0,24.0,35.0,20.0
28.0,35.0,29.0,26.0,34.0,22.0,34.0,27.0,31.0,32.0,29.0,29.0,35.0,33.0,28.0,31.0,12.0,22.0,25.0,28.0,25.0,26.0,32.0,32.0,34.0,29.0,24.0,37.0,22.0,24.0,22.0,27.0,25.0,33.0,31.0,29.0,29.0,22.0,25.0,25.0,35.0,32.0,20.0,20.0,31.0,24.0,21.0,19.0,34.0,31.0
47.0,48.0,33.0,40.0,44.0,36.0,38.0,29.0,42.0,39.0,32.0,34.0,50.0,34.0,34.0,46.0,42.0,48.0,25.0,35.0,39.0,37.0,43.0,42.0,45.0,39.0,38.0,37.0,36.0,42.0,41.0,38.0,35.0,29.0,44.0,41.0,34.0,32.0,30.0,45.0,40.0,43.0,41.0,29.0,43.0,46.0,42.0,36.0,29.0,35.0
31.0,36.0,28.0,25.0,23.0,24.0,28.0,21.0,31.0,35.0,24.0,24.0,27.0,37.0,24.0,32.0,35.0,23.0,23.0,18.0,33.0,24.0,40.0,37.0,33.0,32.0,22.0,26.0,29.0,19.0,26.0,17.0,30.0,31.0,22.0,33.0,20.0,33.0,36.0,36.0,21.0,29.0,30.0,27.0,28.0,26.0,30.0,35.0,27.0,27.0
20.0,22.0,26.0,26.0,22.0,13.0,27.0,15.0,21.0,22.0,22.0,18.0,28.0,19.0,18.0,23.0,26.0,23.0,23.0,23.0,11.0,16.0,14.0,20.0,19.0,25.0,17.0,15.0,21.0,15.0,22.0,18.0,21.0,19.0,23.0,28.0,30.0,20.0,25.0,19.0,16.0,23.0,25.0,15.0,24.0,28.0,20.0,21.0,22.0,20.0
24.0,22.0,23.0,20.0,25.0,22.0,28.0,16.0,20.0,34.0,26.0,19.0,30.0,25.0,25.0,25.0,24.0,17.0,17.0,10.0,42.0,21.0,18.0,24.0,18.0,19.0,19.0,21.0,21.0,22.0,20.0,20.0,18.0,29.0,20.0,32.0,21.0,20.0,26.0,26.0,28.0,25.0,25.0,25.0,18.0,17.0,21.0,28.0,11.0,15.0
26.0,30.0,20.0,27.0,23.0,22.0,32.0,26.0,23.0,15.0,25.0,33.0,19.0,32.0,29.0,25.0,22.0,22.0,20.0,26.0,17.0,14.0,23.0,24.0,33.0,21.0,25.0,20.0,27.0,29.0,28.0,21.0,31.0,32.0,24.0,20.0,22.0,21.0,20.0,22.0,33.0,29.0,23.0,21.0,17.0,23.0,24.0,21.0,20.0,25.0
