10,50,1000
18.742631,17.660031,18.564795,19.888009,17.064867,19.048138,15.063282,17.496179,15.524678,19.215117
8.68731,9.943623,5.078203,9.53417,9.225953,6.368807,9.704169,5.845622,5.765418,8.184479
0.0,10.0,20.0,30.0,40.0,50.0,60.0,70.0,80.0,90.0
10.0,0.0,10.0,20.0,30.0,40.0,50.0,60.0,70.0,80.0
20.0,10.0,0.0,10.0,20.0,30.0,40.0,50.0,60.0,70.0
30.0,20.0,10.0,0.0,10.0,20.0,30.0,40.0,50.0,60.0
40.0,30.0,20.0,10.0,0.0,10.0,20.0,30.0,40.0,50.0
50.0,40.0,30.0,20.0,10.0,0.0,10.0,20.0,30.0,40.0
60.0,50.0,40.0,30.0,20.0,10.0,0.0,10.0,20.0,30.0
70.0,60.0,50.0,40.0,30.0,20.0,10.0,0.0,10.0,20.0
80.0,70.0,60.0,50.0,40.0,30.0,20.0,10.0,0.0,10.0
90.0,80.0,70.0,60.0,50.0,40.0,30.0,20.0,10.0,0.0
450.0,400.0,350.0,300.0,250.0,250.0,300.0,350.0,400.0,450.0
0.0,1.0,2.0,3.0,4.0,5.0,6.0,7.0,8.0,9.0
1.0,0.0,1.0,2.0,3.0,4.0,5.0,6.0,7.0,8.0
2.0,1.0,0.0,1.0,2.0,3.0,4.0,5.0,6.0,7.0
3.0,2.0,1.0,0.0,1.0,2.0,3.0,4.0,5.0,6.0
4.0,3.0,2.0,1.0,0.0,1.0,2.0,3.0,4.0,5.0
5.0,4.0,3.0,2.0,1.0,0.0,1.0,2.0,3.0,4.0
6.0,5.0,4.0,3.0,2.0,1.0,0.0,1.0,2.0,3.0
7.0,6.0,5.0,4.0,3.0,2.0,1.0,0.0,1.0,2.0
8.0,7.0,6.0,5.0,4.0,3.0,2.0,1.0,0.0,1.0
9.0,8.0,7.0,6.0,5.0,4.0,3.0,2.0,1.0,0.0
45.0,40.0,35.0,30.0,25.0,25.0,30.0,35.0,40.0,45.0
38.0,28.0,42.0,25.0,31.0,37.0,47.0,28.0,26.0,24.0,31.0,35.0,33.0,34.0,29.0,43.0,38.0,40.0,32.0,33.0,30.0,39.0,39.0,32.0,38.0,44.0,37.0,33.0,33.0,43.0,31.0,37.0,37.0,35.0,33.0,31.0,33.0,33.0,39.0,39.0,28.0,21.0,44.0,30.0,29.0,30.0,33.0,29.0,34.0,29.0
37.0,40.0,28.0,23.0,32.0,37.0,31.0,39.0,46.0,47.0,37.0,55.0,25.0,36.0,45.0,36.0,42.0,45.0,36.0,48.0,31.0,29.0,37.0,35.0,51.0,38.0,40.0,38.0,38.0,41.0,39.0,39.0,39.0,38.0,49.0,40.0,28.0,35.0,29.0,32.0,49.0,38.0,30.0,28.0,38.0,25.0,40.0,45.0,29.0,42.0
34.0,10.0,17.0,19.0,19.0,21.0,23.0,22.0,18.0,12.0,20.0,21.0,20.0,22.0,26.0,18.0,13.0,12.0,27.0,23.0,24.0,30.0,17.0,27.0,20.0,23.0,21.0,18.0,17.0,25.0,22.0,26.0,17.0,26.0,18.0,26.0,24.0,18.0,33.0,28.0,21.0,28.0,20.0,15.0,12.0,19.0,21.0,27.0,22.0,26.0
26.0,35.0,25.0,21.0,41.0,35.0,39.0,34.0,31.0,44.0,22.0,27.0,33.0,29.0,33.0,33.0,41.0,40.0,40.0,32.0,35.0,35.0,35.0,34.0,29.0,31.0,29.0,43.0,39.0,32.0,38.0,27.0,31.0,27.0,42.0,30.0,38.0,38.0,44.0,32.0,23.0,33.0,51.0,27.0,43.0,33.0,38.0,40.0,38.0,35.0
38.0,24.0,33.0,51.0,30.0,28.0,41.0,35.0,24.0,31.0,36.0,33.0,42.0,41.0,28.0,32.0,28.0,30.0,30.0,38.0,41.0,28.0,28.0,32.0,32.0,41.0,26.0,38.0,45.0,31.0,31.0,43.0,32.0,34.0,34.0,44.0,30.0,27.0,26.0,23.0,46.0,44.0,47.0,29.0,40.0,32.0,18.0,32.0,36.0,32.0
35.0,20.0,18.0,26.0,23.0,30.0,21.0,21.0,26.0,21.0,29.0,24.0,23.0,20.0,27.0,23.0,29.0,30.0,29.0,30.0,32.0,15.0,15.0,33.0,27.0,23.0,25.0,21.0,33.0,28.0,29.0,24.0,23.0,34.0,30.0,25.0,25.0,22.0,26.0,30.0,29.0,24.0,32.0,29.0,23.0,25.0,25.0,31.0,21.0,29.0
36.0,28.0,44.0,42.0,30.0,38.0,36.0,39.0,44.0,39.0,36.0,36.0,34.0,39.0,30.0,28.0,34.0,32.0,39.0,41.0,30.0,27.0,30.0,34.0,49.0,36.0,40.0,45.0,33.0,42.0,36.0,31.0,35.0,39.0,34.0,35.0,42.0,31.0,32.0,25.0,38.0,37.0,38.0,36.0,41.0,45.0,39.0,38.0,32.0,31.0
26.0,14.0,23.0,21.0,17.0,32.0,25.0,28.0,20.0,17.0,17.0,34.0,27.0,17.0,28.0,17.0,20.0,21.0,16.0,30.0,24.0,31.0,20.0,19.0,24.0,21.0,27.0,31.0,30.0,15.0,18.0,27.0,27.0,19.0,23.0,26.0,21.0,22.0,30.0,20.0,20.0,27.0,25.0,24.0,29.0,23.0,23.0,23.0,17.0,28.0
12.0,21.0,20.0,21.0,22.0,20.0,16.0,25.0,19.0,32.0,21.0,23.0,23.0,20.0,22.0,19.0,27.0,23.0,33.0,19.0,30.0,24.0,18.0,21.0,22.0,16.0,22.0,30.0,21.0,18.0,19.0,30.0,29.0,25.0,27.0,27.0,15.0,25.0,25.0,20.0,27.0,20.0,22.0,23.0,21.0,16.0,26.0,30.0,27.0,21.0
30.0,34.0,30.0,29.0,37.0,31.0,34.0,30.0,29.0,27.0,32.0,26.0,22.0,45.0,26.0,27.0,23.0,46.0,26.0,34.0,34.0,37.0,36.0,32.0,27.0,25.0,25.0,36.0,27.0,26.0,31.0,25.0,33.0,37.0,27.0,29.0,27.0,30.0,20.0,28.0,32.0,25.0,34.0,31.0,32.0,32.0,34.0,31.0,35.0,23.0
