10,50,1000
19.266195,15.238522,17.021626,17.650513,15.188363,15.267578,19.577485,15.558058,15.570643,19.77834
5.116355,6.797686,5.063998,5.511423,7.197131,7.420881,5.234736,7.259652,5.351532,7.788858
0.0,10.0,20.0,30.0,40.0,50.0,60.0,70.0,80.0,90.0
10.0,0.0,10.0,20.0,30.0,40.0,50.0,60.0,70.0,80.0
20.0,10.0,0.0,10.0,20.0,30.0,40.0,50.0,60.0,70.0
30.0,20.0,10.0,0.0,10.0,20.0,30.0,40.0,50.0,60.0
40.0,30.0,20.0,10.0,0.0,10.0,20.0,30.0,40.0,50.0
50.0,40.0,30.0,20.0,10.0,0.0,10.0,20.0,30.0,40.0
60.0,50.0,40.0,30.0,20.0,10.0,0.0,10.0,20.0,30.0
70.0,60.0,50.0,40.0,30.0,20.0,10.0,0.0,10.0,20.0
80.0,70.0,60.0,50.0,40.0,30.0,20.0,10.0,0.0,10.0
90.0,80.0,70.0,60.0,50.0,40.0,30.0,20.0,10.0,0.0
450.0,400.0,350.0,300.0,250.0,250.0,300.0,350.0,400.0,450.0
0.0,1.0,2.0,3.0,4.0,5.0,6.0,7.0,8.0,9.0
1.0,0.0,1.0,2.0,3.0,4.0,5.0,6.0,7.0,8.0
2.0,1.0,0.0,1.0,2.0,3.0,4.0,5.0,6.0,7.0
3.0,2.0,1.0,0.0,1.0,2.0,3.0,4.0,5.0,6.0
4.0,3.0,2.0,1.0,0.0,1.0,2.0,3.0,4.0,5.0
5.0,4.0,3.0,2.0,1.0,0.0,1.0,2.0,3.0,4.0
6.0,5.0,4.0,3.0,2.0,1.0,0.0,1.0,2.0,3.0
7.0,6.0,5.0,4.0,3.0,2.0,1.0,0.0,1.0,2.0
8.0,7.0,6.0,5.0,4.0,3.0,2.0,1.0,0.0,1.0
9.0,8.0,7.0,6.0,5.0,4.0,3.0,2.0,1.0,0.0
45.0,40.0,35.0,30.0,25.0,25.0,30.0,35.0,40.0,45.0
21.0,23.0,25.0,12.0,25.0,26.0,25.0,25.0,16.0,28.0,21.0,20.0,23.0,21.0,21.0,22.0,30.0,25.0,15.0,21.0,21.0,21.0,13.0,27.0,20.0,18.0,20.0,18.0,31.0,27.0,26.0,30.0,26.0,19.0,26.0,18.0,24.0,23.0,30.0,22.0,24.0,21.0,23.0,26.0,20.0,24.0,19.0,13.0,16.0,23.0
24.0,20.0,23.0,26.0,20.0,27.0,20.0,38.0,29.0,25.0,30.0,23.0,33.0,26.0,28.0,28.0,28.0,11.0,22.0,21.0,21.0,27.0,21.0,19.0,25.0,23.0,26.0,19.0,31.0,26.0,29.0,25.0,34.0,22.0,25.0,30.0,22.0,37.0,24.0,18.0,25.0,27.0,37.0,29.0,27.0,18.0,24.0,22.0,21.0,35.0
22.0,14.0,23.0,22.0,26.0,26.0,19.0,21.0,18.0,26.0,16.0,17.0,17.0,18.0,13.0,26.0,24.0,13.0,14.0,23.0,15.0,17.0,29.0,20.0,19.0,28.0,30.0,23.0,20.0,22.0,21.0,30.0,19.0,22.0,18.0,27.0,19.0,16.0,25.0,25.0,26.0,17.0,26.0,26.0,13.0,16.0,20.0,21.0,12.0,19.0
17.0,14.0,25.0,27.0,25.0,23.0,19.0,25.0,18.0,16.0,21.0,21.0,18.0,29.0,24.0,20.0,15.0,29.0,25.0,27.0,22.0,26.0,19.0,17.0,19.0,30.0,17.0,34.0,33.0,24.0,19.0,19.0,20.0,29.0,24.0,22.0,22.0,19.0,15.0,25.0,34.0,14.0,20.0,20.0,31.0,32.0,22.0,28.0,24.0,24.0
28.0,31.0,25.0,30.0,30.0,24.0,19.0,29.0,33.0,21.0,36.0,26.0,30.0,20.0,23.0,23.0,25.0,28.0,23.0,19.0,23.0,39.0,22.0,18.0,27.0,28.0,22.0,28.0,34.0,20.0,26.0,24.0,33.0,24.0,25.0,26.0,33.0,22.0,26.0,28.0,26.0,30.0,36.0,28.0,27.0,27.0,24.0,27.0,30.0,20.0
26.0,25.0,28.0,40.0,33.0,26.0,25.0,25.0,25.0,25.0,35.0,19.0,30.0,26.0,28.0,25.0,22.0,20.0,31.0,31.0,29.0,19.0,39.0,35.0,21.0,21.0,36.0,24.0,25.0,32.0,30.0,24.0,31.0,24.0,25.0,33.0,22.0,25.0,27.0,32.0,35.0,31.0,33.0,24.0,23.0,19.0,31.0,20.0,20.0,35.0
37.0,23.0,24.0,16.0,17.0,30.0,23.0,20.0,28.0,21.0,23.0,22.0,12.0,15.0,25.0,19.0,19.0,21.0,24.0,26.0,25.0,26.0,28.0,31.0,25.0,25.0,23.0,20.0,20.0,25.0,24.0,22.0,39.0,29.0,22.0,26.0,19.0,23.0,22.0,13.0,16.0,27.0,19.0,20.0,18.0,21.0,15.0,25.0,23.0,15.0
20.0,26.0,23.0,22.0,28.0,19.0,27.0,25.0,40.0,27.0,32.0,31.0,31.0,33.0,35.0,30.0,29.0,26.0,20.0,16.0,21.0,30.0,21.0,29.0,22.0,31.0,19.0,26.0,26.0,27.0,31.0,17.0,34.0,18.0,28.0,25.0,20.0,28.0,24.0,19.0,24.0,34.0,38.0,33.0,31.0,20.0,35.0,19.0,30.0,36.0
15.0,18.0,13.0,24.0,24.0,22.0,22.0,20.0,22.0,21.0,22.0,20.0,20.0,12.0,19.0,21.0,26.0,26.0,20.0,25.0,20.0,18.0,24.0,19.0,17.0,25.0,27.0,18.0,28.0,21.0,24.0,13.0,25.0,28.0,22.0,23.0,25.0,22.0,17.0,17.0,20.0,24.0,18.0,19.0,27.0,23.0,20.0,20.0,27.0,19.0
37.0,34.0,27.0,32.0,26.0,34.0,25.0,37.0,30.0,27.0,32.0,29.0,22.0,44.0,36.0,32.0,24.0,38.0,22.0,31.0,31.0,24.0,28.0,26.0,27.0,34.0,21.0,24.0,45.0,25.0,32.0,32.0,31.0,29.0,23.0,23.0,25.0,27.0,26.0,29.0,25.0,34.0,36.0,32.0,24.0,25.0,24.0,34.0,30.0,24.0
