10,50,1000
18.722388,15.958079,19.265252,15.286283,15.108303,15.219322,18.757707,16.750607,15.870823,16.019416
7.325314,6.15391,7.250036,7.859242,5.936651,5.346074,9.196935,7.90152,7.847248,7.104994
0.0,10.0,20.0,30.0,40.0,50.0,60.0,70.0,80.0,90.0
10.0,0.0,10.0,20.0,30.0,40.0,50.0,60.0,70.0,80.0
20.0,10.0,0.0,10.0,20.0,30.0,40.0,50.0,60.0,70.0
30.0,20.0,10.0,0.0,10.0,20.0,30.0,40.0,50.0,60.0
40.0,30.0,20.0,10.0,0.0,10.0,20.0,30.0,40.0,50.0
50.0,40.0,30.0,20.0,10.0,0.0,10.0,20.0,30.0,40.0
60.0,50.0,40.0,30.0,20.0,10.0,0.0,10.0,20.0,30.0
70.0,60.0,50.0,40.0,30.0,20.0,10.0,0.0,10.0,20.0
80.0,70.0,60.0,50.0,40.0,30.0,20.0,10.0,0.0,10.0
90.0,80.0,70.0,60.0,50.0,40.0,30.0,20.0,10.0,0.0
450.0,400.0,350.0,300.0,250.0,250.0,300.0,350.0,400.0,450.0
0.0,1.0,2.0,3.0,4.0,5.0,6.0,7.0,8.0,9.0
1.0,0.0,1.0,2.0,3.0,4.0,5.0,6.0,7.0,8.0
2.0,1.0,0.0,1.0,2.0,3.0,4.0,5.0,6.0,7.0
3.0,2.0,1.0,0.0,1.0,2.0,3.0,4.0,5.0,6.0
4.0,3.0,2.0,1.0,0.0,1.0,2.0,3.0,4.0,5.0
5.0,4.0,3.0,2.0,1.0,0.0,1.0,2.0,3.0,4.0
6.0,5.0,4.0,3.0,2.0,1.0,0.0,1.0,2.0,3.0
7.0,6.0,5.0,4.0,3.0,2.0,1.0,0.0,1.0,2.0
8.0,7.0,6.0,5.0,4.0,3.0,2.0,1.0,0.0,1.0
9.0,8.0,7.0,6.0,5.0,4.0,3.0,2.0,1.0,0.0
45.0,40.0,35.0,30.0,25.0,25.0,30.0,35.0,40.0,45.0
28.0,26.0,28.0,29.0,33.0,34.0,30.0,24.0,24.0,24.0,26.0,26.0,27.0,35.0,35.0,32.0,38.0,31.0,32.0,36.0,31.0,30.0,31.0,33.0,26.0,35.0,29.0,25.0,26.0,22.0,31.0,23.0,36.0,33.0,29.0,25.0,34.0,29.0,25.0,31.0,29.0,26.0,31.0,30.0,23.0,20.0,24.0,20.0,34.0,36.0
27.0,28.0,18.0,23.0,29.0,30.0,23.0,18.0,20.0,21.0,27.0,25.0,32.0,25.0,20.0,22.0,24.0,28.0,20.0,29.0,18.0,25.0,23.0,22.0,20.0,21.0,14.0,24.0,23.0,17.0,27.0,25.0,27.0,30.0,27.0,30.0,30.0,23.0,22.0,18.0,17.0,19.0,19.0,27.0,30.0,20.0,19.0,25.0,26.0,30.0
39.0,23.0,29.0,36.0,26.0,30.0,34.0,34.0,21.0,26.0,32.0,31.0,25.0,26.0,31.0,32.0,31.0,34.0,38.0,37.0,22.0,22.0,26.0,31.0,25.0,45.0,24.0,19.0,20.0,33.0,24.0,27.0,36.0,26.0,31.0,35.0,34.0,27.0,34.0,28.0,35.0,25.0,23.0,35.0,27.0,23.0,26.0,39.0,17.0,29.0
46.0,29.0,29.0,31.0,35.0,36.0,27.0,24.0,30.0,29.0,31.0,30.0,22.0,25.0,27.0,25.0,27.0,34.0,28.0,22.0,25.0,24.0,30.0,28.0,26.0,30.0,24.0,27.0,34.0,28.0,27.0,24.0,25.0,25.0,21.0,27.0,27.0,37.0,13.0,21.0,40.0,21.0,22.0,19.0,32.0,31.0,25.0,27.0,19.0,32.0
33.0,17.0,30.0,22.0,23.0,25.0,22.0,14.0,26.0,18.0,16.0,26.0,18.0,16.0,25.0,20.0,15.0,24.0,21.0,20.0,20.0,26.0,25.0,22.0,21.0,16.0,16.0,23.0,22.0,28.0,27.0,21.0,24.0,26.0,26.0,36.0,27.0,19.0,19.0,26.0,25.0,17.0,28.0,26.0,11.0,24.0,23.0,28.0,20.0,20.0
26.0,26.0,27.0,30.0,18.0,18.0,23.0,23.0,16.0,22.0,22.0,16.0,16.0,16.0,18.0,28.0,19.0,23.0,12.0,25.0,20.0,25.0,19.0,28.0,12.0,26.0,20.0,18.0,28.0,23.0,24.0,30.0,11.0,15.0,15.0,21.0,25.0,22.0,19.0,21.0,21.0,26.0,20.0,22.0,19.0,20.0,16.0,18.0,25.0,17.0
27.0,43.0,41.0,39.0,36.0,30.0,40.0,35.0,41.0,42.0,38.0,35.0,36.0,28.0,32.0,22.0,29.0,36.0,39.0,40.0,27.0,26.0,29.0,21.0,45.0,32.0,39.0,33.0,40.0,35.0,32.0,30.0,39.0,39.0,31.0,37.0,41.0,34.0,31.0,42.0,39.0,33.0,27.0,35.0,51.0,41.0,40.0,46.0,36.0,32.0
37.0,28.0,34.0,33.0,33.0,20.0,28.0,39.0,21.0,29.0,27.0,32.0,30.0,23.0,44.0,29.0,36.0,24.0,45.0,35.0,37.0,40.0,28.0,29.0,27.0,29.0,34.0,31.0,28.0,27.0,30.0,42.0,25.0,22.0,24.0,31.0,29.0,44.0,31.0,38.0,25.0,29.0,24.0,25.0,29.0,31.0,26.0,27.0,26.0,29.0
26.0,29.0,36.0,20.0,21.0,21.0,22.0,29.0,42.0,32.0,29.0,34.0,19.0,28.0,37.0,26.0,23.0,23.0,27.0,27.0,32.0,37.0,30.0,32.0,22.0,26.0,27.0,37.0,26.0,30.0,39.0,27.0,31.0,43.0,24.0,32.0,37.0,35.0,25.0,27.0,30.0,45.0,27.0,33.0,24.0,31.0,28.0,33.0,37.0,31.0
22.0,26.0,36.0,28.0,32.0,17.0,31.0,31.0,26.0,25.0,22.0,25.0,19.0,17.0,25.0,20.0,22.0,24.0,27.0,19.0,26.0,26.0,34.0,23.0,24.0,27.0,20.0,28.0,24.0,29.0,28.0,24.0,32.0,28.0,20.0,30.0,30.0,13.0,24.0,31.0,25.0,26.0,24.0,34.0,28.0,18.0,22.0,37.0,26.0,24.0
