10,50,1000
16.643891,18.808839,16.946191,17.933664,15.732799,19.718825,16.725768,17.165678,17.888066,17.157179
7.003639,7.576812,5.412378,5.485017,7.056652,8.546629,5.231933,5.595117,5.401373,5.890342
0.0,10.0,20.0,30.0,40.0,50.0,60.0,70.0,80.0,90.0
10.0,0.0,10.0,20.0,30.0,40.0,50.0,60.0,70.0,80.0
20.0,10.0,0.0,10.0,20.0,30.0,40.0,50.0,60.0,70.0
30.0,20.0,10.0,0.0,10.0,20.0,30.0,40.0,50.0,60.0
40.0,30.0,20.0,10.0,0.0,10.0,20.0,30.0,40.0,50.0
50.0,40.0,30.0,20.0,10.0,0.0,10.0,20.0,30.0,40.0
60.0,50.0,40.0,30.0,20.0,10.0,0.0,10.0,20.0,30.0
70.0,60.0,50.0,40.0,30.0,20.0,10.0,0.0,10.0,20.0
80.0,70.0,60.0,50.0,40.0,30.0,20.0,10.0,0.0,10.0
90.0,80.0,70.0,60.0,50.0,40.0,30.0,20.0,10.0,0.0
450.0,400.0,350.0,300.0,250.0,250.0,300.0,350.0,400.0,450.0
0.0,1.0,2.0,3.0,4.0,5.0,6.0,7.0,8.0,9.0
1.0,0.0,1.0,2.0,3.0,4.0,5.0,6.0,7.0,8.0
2.0,1.0,0.0,1.0,2.0,3.0,4.0,5.0,6.0,7.0
3.0,2.0,1.0,0.0,1.0,2.0,3.0,4.0,5.0,6.0
4.0,3.0,2.0,1.0,0.0,1.0,2.0,3.0,4.0,5.0
5.0,4.0,3.0,2.0,1.0,0.0,1.0,2.0,3.0,4.0
6.0,5.0,4.0,3.0,2.0,1.0,0.0,1.0,2.0,3.0
7.0,6.0,5.0,4.0,3.0,2.0,1.0,0.0,1.0,2.0
8.0,7.0,6.0,5.0,4.0,3.0,2.0,1.0,0.0,1.0
9.0,8.0,7.0,6.0,5.0,4.0,3.0,2.0,1.0,0.0
45.0,40.0,35.0,30.0,25.0,25.0,30.0,35.0,40.0,45.0
26.0,25.0,31.0,24.0,32.0,18.0,27.0,25.0,30.0,37.0,35.0,21.0,24.0,34.0,17.0,34.0,33.0,31.0,20.0,22.0,33.0,32.0,18.0,30.0,15.0,15.0,36.0,37.0,31.0,28.0,30.0,33.0,21.0,35.0,22.0,37.0,28.0,21.0,31.0,23.0,31.0,25.0,26.0,31.0,26.0,18.0,28.0,26.0,36.0,27.0
26.0,26.0,34.0,29.0,31.0,29.0,26.0,31.0,40.0,24.0,27.0,27.0,25.0,37.0,37.0,30.0,28.0,27.0,37.0,24.0,30.0,31.0,36.0,22.0,36.0,32.0,29.0,30.0,38.0,22.0,24.0,25.0,25.0,32.0,32.0,23.0,29.0,27.0,30.0,33.0,38.0,29.0,43.0,22.0,26.0,28.0,32.0,31.0,22.0,32.0
24.0,28.0,27.0,22.0,28.0,17.0,26.0,24.0,27.0,24.0,18.0,20.0,23.0,28.0,21.0,23.0,26.0,22.0,20.0,17.0,18.0,28.0,15.0,31.0,25.0,22.0,21.0,23.0,21.0,21.0,17.0,16.0,27.0,23.0,30.0,26.0,14.0,20.0,30.0,21.0,30.0,18.0,22.0,18.0,28.0,18.0,21.0,18.0,18.0,18.0
19.0,21.0,24.0,20.0,23.0,28.0,24.0,21.0,14.0,12.0,22.0,23.0,17.0,14.0,25.0,18.0,18.0,27.0,23.0,26.0,22.0,23.0,23.0,29.0,20.0,19.0,20.0,25.0,16.0,22.0,34.0,24.0,20.0,20.0,33.0,18.0,24.0,26.0,19.0,22.0,32.0,27.0,19.0,27.0,26.0,15.0,26.0,16.0,17.0,23.0
25.0,26.0,32.0,25.0,34.0,37.0,27.0,19.0,37.0,26.0,32.0,25.0,24.0,29.0,22.0,25.0,32.0,20.0,28.0,27.0,33.0,23.0,31.0,20.0,36.0,24.0,29.0,30.0,29.0,24.0,28.0,30.0,21.0,28.0,19.0,19.0,21.0,24.0,16.0,33.0,32.0,22.0,22.0,26.0,31.0,31.0,20.0,33.0,32.0,25.0
23.0,30.0,33.0,32.0,38.0,29.0,34.0,43.0,30.0,33.0,35.0,33.0,27.0,38.0,30.0,31.0,23.0,36.0,27.0,31.0,37.0,36.0,27.0,23.0,28.0,34.0,18.0,36.0,29.0,35.0,39.0,31.0,26.0,34.0,27.0,33.0,27.0,27.0,44.0,29.0,28.0,30.0,29.0,32.0,18.0,36.0,31.0,31.0,32.0,27.0
23.0,19.0,24.0,21.0,28.0,13.0,20.0,20.0,20.0,22.0,23.0,25.0,31.0,25.0,23.0,17.0,30.0,18.0,18.0,20.0,16.0,16.0,20.0,16.0,28.0,18.0,22.0,21.0,27.0,16.0,23.0,20.0,22.0,17.0,26.0,16.0,19.0,24.0,18.0,22.0,15.0,24.0,17.0,21.0,16.0,19.0,26.0,17.0,23.0,24.0
26.0,25.0,29.0,19.0,33.0,25.0,30.0,20.0,17.0,24.0,20.0,24.0,15.0,24.0,23.0,19.0,24.0,21.0,21.0,18.0,27.0,24.0,18.0,21.0,24.0,26.0,31.0,22.0,27.0,22.0,26.0,22.0,27.0,28.0,25.0,24.0,24.0,23.0,22.0,26.0,20.0,28.0,20.0,24.0,26.0,20.0,30.0,24.0,14.0,25.0
24.0,29.0,16.0,19.0,23.0,24.0,20.0,18.0,19.0,23.0,17.0,20.0,22.0,26.0,22.0,16.0,28.0,31.0,17.0,24.0,19.0,20.0,18.0,17.0,19.0,27.0,25.0,29.0,34.0,23.0,27.0,26.0,20.0,26.0,22.0,26.0,30.0,31.0,26.0,20.0,20.0,12.0,18.0,12.0,26.0,26.0,23.0,20.0,23.0,25.0
32.0,33.0,19.0,31.0,20.0,19.0,33.0,21.0,23.0,19.0,18.0,22.0,22.0,29.0,26.0,28.0,26.0,18.0,26.0,21.0,26.0,15.0,27.0,19.0,23.0,27.0,29.0,29.0,24.0,25.0,16.0,30.0,25.0,26.0,27.0,27.0,19.0,25.0,22.0,17.0,23.0,23.0,21.0,29.0,19.0,29.0,20.0,21.0,22.0,25.0
