10,50,1000
18.001113,15.880951,18.712378,19.727784,17.812216,17.190056,16.75616,15.138729,15.936944,15.183855
6.46818,5.777058,6.488463,7.97719,7.479696,8.731326,8.804122,7.099865,9.771681,5.520147
0.0,10.0,20.0,30.0,40.0,50.0,60.0,70.0,80.0,90.0
10.0,0.0,10.0,20.0,30.0,40.0,50.0,60.0,70.0,80.0
20.0,10.0,0.0,10.0,20.0,30.0,40.0,50.0,60.0,70.0
30.0,20.0,10.0,0.0,10.0,20.0,30.0,40.0,50.0,60.0
40.0,30.0,20.0,10.0,0.0,10.0,20.0,30.0,40.0,50.0
50.0,40.0,30.0,20.0,10.0,0.0,10.0,20.0,30.0,40.0
60.0,50.0,40.0,30.0,20.0,10.0,0.0,10.0,20.0,30.0
70.0,60.0,50.0,40.0,30.0,20.0,10.0,0.0,10.0,20.0
80.0,70.0,60.0,50.0,40.0,30.0,20.0,10.0,0.0,10.0
90.0,80.0,70.0,60.0,50.0,40.0,30.0,20.0,10.0,0.0
450.0,400.0,350.0,300.0,250.0,250.0,300.0,350.0,400.0,450.0
0.0,1.0,2.0,3.0,4.0,5.0,6.0,7.0,8.0,9.0
1.0,0.0,1.0,2.0,3.0,4.0,5.0,6.0,7.0,8.0
2.0,1.0,0.0,1.0,2.0,3.0,4.0,5.0,6.0,7.0
3.0,2.0,1.0,0.0,1.0,2.0,3.0,4.0,5.0,6.0
4.0,3.0,2.0,1.0,0.0,1.0,2.0,3.0,4.0,5.0
5.0,4.0,3.0,2.0,1.0,0.0,1.0,2.0,3.0,4.0
6.0,5.0,4.0,3.0,2.0,1.0,0.0,1.0,2.0,3.0
7.0,6.0,5.0,4.0,3.0,2.0,1.0,0.0,1.0,2.0
8.0,7.0,6.0,5.0,4.0,3.0,2.0,1.0,0.0,1.0
9.0,8.0,7.0,6.0,5.0,4.0,3.0,2.0,1.0,0.0
45.0,40.0,35.0,30.0,25.0,25.0,30.0,35.0,40.0,45.0
32.0,26.0,23.0,30.0,29.0,22.0,20.0,32.0,28.0,34.0,26.0,26.0,28.0,23.0,18.0,24.0,29.0,29.0,28.0,34.0,31.0,27.0,32.0,29.0,28.0,26.0,32.0,28.0,25.0,26.0,21.0,23.0,35.0,31.0,26.0,26.0,30.0,33.0,25.0,13.0,31.0,26.0,25.0,34.0,19.0,31.0,30.0,29.0,24.0,19.0
22.0,26.0,27.0,20.0,17.0,30.0,22.0,22.0,14.0,27.0,28.0,15.0,25.0,24.0,17.0,26.0,21.0,17.0,27.0,28.0,31.0,23.0,23.0,24.0,27.0,15.0,25.0,24.0,21.0,24.0,24.0,23.0,22.0,28.0,24.0,26.0,24.0,15.0,20.0,22.0,22.0,25.0,31.0,23.0,24.0,21.0,29.0,19.0,20.0,26.0
21.0,25.0,19.0,31.0,19.0,29.0,27.0,21.0,22.0,21.0,19.0,25.0,18.0,20.0,30.0,25.0,22.0,26.0,26.0,23.0,26.0,24.0,36.0,31.0,23.0,20.0,25.0,29.0,27.0,27.0,18.0,27.0,23.0,14.0,31.0,23.0,25.0,31.0,30.0,30.0,25.0,28.0,25.0,20.0,20.0,24.0,26.0,27.0,22.0,27.0
31.0,39.0,39.0,21.0,25.0,35.0,34.0,28.0,41.0,36.0,31.0,27.0,43.0,29.0,43.0,27.0,37.0,32.0,30.0,27.0,32.0,28.0,32.0,31.0,21.0,20.0,26.0,28.0,23.0,38.0,30.0,37.0,36.0,31.0,23.0,31.0,34.0,29.0,33.0,22.0,32.0,37.0,39.0,33.0,24.0,24.0,31.0,26.0,34.0,27.0
34.0,32.0,38.0,25.0,31.0,37.0,24.0,38.0,21.0,22.0,30.0,32.0,17.0,22.0,35.0,28.0,26.0,25.0,30.0,34.0,37.0,39.0,40.0,33.0,29.0,27.0,35.0,26.0,35.0,28.0,37.0,30.0,26.0,21.0,21.0,35.0,39.0,29.0,27.0,33.0,18.0,28.0,29.0,28.0,29.0,36.0,34.0,21.0,39.0,30.0
32.0,24.0,31.0,38.0,33.0,37.0,34.0,33.0,28.0,32.0,28.0,37.0,38.0,29.0,33.0,33.0,27.0,44.0,33.0,29.0,32.0,30.0,35.0,33.0,46.0,19.0,33.0,28.0,44.0,38.0,26.0,26.0,39.0,29.0,33.0,25.0,32.0,32.0,35.0,33.0,29.0,40.0,24.0,21.0,40.0,42.0,43.0,30.0,31.0,30.0
30.0,35.0,37.0,22.0,30.0,35.0,54.0,37.0,41.0,39.0,40.0,33.0,38.0,46.0,33.0,37.0,26.0,41.0,32.0,34.0,34.0,34.0,37.0,37.0,29.0,39.0,37.0,21.0,36.0,36.0,34.0,26.0,27.0,26.0,26.0,34.0,32.0,25.0,26.0,23.0,34.0,38.0,31.0,39.0,34.0,28.0,20.0,30.0,36.0,35.0
29.0,29.0,26.0,28.0,34.0,21.0,31.0,26.0,24.0,33.0,25.0,25.0,22.0,29.0,27.0,13.0,24.0,27.0,31.0,29.0,20.0,22.0,30.0,29.0,27.0,24.0,27.0,32.0,23.0,35.0,28.0,32.0,28.0,25.0,21.0,31.0,30.0,28.0,28.0,21.0,28.0,19.0,25.0,26.0,19.0,32.0,27.0,27.0,26.0,28.0
35.0,31.0,30.0,38.0,44.0,33.0,35.0,41.0,29.0,33.0,43.0,36.0,34.0,40.0,23.0,36.0,43.0,39.0,30.0,29.0,38.0,33.0,39.0,43.0,36.0,42.0,36.0,37.0,37.0,31.0,40.0,27.0,40.0,32.0,41.0,35.0,34.0,33.0,32.0,32.0,32.0,41.0,26.0,31.0,38.0,31.0,38.0,47.0,32.0,52.0
14.0,21.0,22.0,21.0,16.0,22.0,25.0,18.0,40.0,16.0,22.0,16.0,22.0,25.0,13.0,19.0,18.0,32.0,25.0,24.0,21.0,24.0,17.0,17.0,21.0,22.0,21.0,27.0,21.0,27.0,23.0,9.0,19.0,19.0,19.0,11.0,23.0,14.0,30.0,23.0,20.0,25.0,19.0,18.0,14.0,24.0,23.0,25.0,15.0,17.0
