10,50,1000
17.523259,17.526912,15.853515,15.390879,18.748691,19.154176,15.523434,18.625574,19.067696,19.890457
9.372975,7.826365,9.488533,5.673284,8.572833,6.993352,9.193311,6.799454,5.059983,7.822171
0.0,10.0,20.0,30.0,40.0,50.0,60.0,70.0,80.0,90.0
10.0,0.0,10.0,20.0,30.0,40.0,50.0,60.0,70.0,80.0
20.0,10.0,0.0,10.0,20.0,30.0,40.0,50.0,60.0,70.0
30.0,20.0,10.0,0.0,10.0,20.0,30.0,40.0,50.0,60.0
40.0,30.0,20.0,10.0,0.0,10.0,20.0,30.0,40.0,50.0
50.0,40.0,30.0,20.0,10.0,0.0,10.0,20.0,30.0,40.0
60.0,50.0,40.0,30.0,20.0,10.0,0.0,10.0,20.0,30.0
70.0,60.0,50.0,40.0,30.0,20.0,10.0,0.0,10.0,20.0
80.0,70.0,60.0,50.0,40.0,30.0,20.0,10.0,0.0,10.0
90.0,80.0,70.0,60.0,50.0,40.0,30.0,20.0,10.0,0.0
450.0,400.0,350.0,300.0,250.0,250.0,300.0,350.0,400.0,450.0
0.0,1.0,2.0,3.0,4.0,5.0,6.0,7.0,8.0,9.0
1.0,0.0,1.0,2.0,3.0,4.0,5.0,6.0,7.0,8.0
2.0,1.0,0.0,1.0,2.0,3.0,4.0,5.0,6.0,7.0
3.0,2.0,1.0,0.0,1.0,2.0,3.0,4.0,5.0,6.0
4.0,3.0,2.0,1.0,0.0,1.0,2.0,3.0,4.0,5.0
5.0,4.0,3.0,2.0,1.0,0.0,1.0,2.0,3.0,4.0
6.0,5.0,4.0,3.0,2.0,1.0,0.0,1.0,2.0,3.0
7.0,6.0,5.0,4.0,3.0,2.0,1.0,0.0,1.0,2.0
8.0,7.0,6.0,5.0,4.0,3.0,2.0,1.0,0.0,1.0
9.0,8.0,7.0,6.0,5.0,4.0,3.0,2.0,1.0,0.0
45.0,40.0,35.0,30.0,25.0,25.0,30.0,35.0,40.0,45.0
43.0,43.0,29.0,26.0,36.0,42.0,31.0,35.0,32.0,34.0,29.0,34.0,45.0,31.0,30.0,30.0,43.0,40.0,32.0,34.0,25.0,23.0,49.0,38.0,45.0,39.0,33.0,32.0,32.0,36.0,44.0,33.0,33.0,40.0,25.0,33.0,36.0,36.0,37.0,45.0,34.0,44.0,36.0,29.0,40.0,32.0,33.0,37.0,31.0,26.0
27.0,35.0,31.0,29.0,38.0,26.0,25.0,31.0,23.0,29.0,34.0,26.0,39.0,27.0,35.0,36.0,39.0,37.0,24.0,34.0,35.0,26.0,39.0,25.0,37.0,28.0,33.0,35.0,21.0,14.0,43.0,40.0,27.0,27.0,30.0,40.0,37.0,33.0,31.0,28.0,35.0,31.0,22.0,30.0,31.0,29.0,27.0,33.0,29.0,32.0
34.0,30.0,26.0,41.0,29.0,36.0,45.0,33.0,31.0,38.0,40.0,36.0,29.0,28.0,35.0,36.0,45.0,36.0,36.0,29.0,41.0,41.0,25.0,46.0,43.0,29.0,42.0,42.0,30.0,41.0,48.0,40.0,35.0,37.0,32.0,28.0,32.0,39.0,36.0,27.0,29.0,44.0,34.0,46.0,37.0,30.0,34.0,29.0,40.0,37.0
26.0,29.0,20.0,28.0,17.0,26.0,22.0,19.0,17.0,27.0,17.0,24.0,27.0,25.0,23.0,19.0,18.0,19.0,25.0,28.0,27.0,19.0,19.0,21.0,25.0,25.0,19.0,24.0,24.0,18.0,18.0,23.0,19.0,24.0,20.0,23.0,26.0,24.0,23.0,25.0,23.0,26.0,14.0,19.0,17.0,13.0,35.0,30.0,20.0,32.0
35.0,37.0,22.0,37.0,26.0,37.0,27.0,34.0,26.0,27.0,44.0,28.0,39.0,42.0,44.0,24.0,32.0,35.0,39.0,26.0,35.0,44.0,43.0,43.0,43.0,36.0,31.0,37.0,36.0,37.0,28.0,36.0,29.0,31.0,32.0,20.0,40.0,42.0,31.0,30.0,36.0,29.0,40.0,29.0,29.0,39.0,29.0,31.0,23.0,36.0
27.0,33.0,19.0,33.0,32.0,26.0,37.0,28.0,34.0,31.0,31.0,25.0,20.0,21.0,26.0,21.0,28.0,25.0,22.0,35.0,32.0,29.0,22.0,27.0,31.0,25.0,31.0,34.0,24.0,33.0,40.0,32.0,31.0,33.0,28.0,33.0,31.0,26.0,36.0,40.0,31.0,29.0,26.0,26.0,34.0,21.0,26.0,31.0,30.0,26.0
32.0,38.0,38.0,20.0,24.0,42.0,27.0,40.0,31.0,39.0,29.0,30.0,33.0,31.0,24.0,34.0,39.0,32.0,29.0,33.0,32.0,30.0,40.0,31.0,31.0,25.0,35.0,40.0,29.0,30.0,34.0,41.0,45.0,28.0,38.0,25.0,20.0,35.0,39.0,38.0,26.0,25.0,30.0,27.0,39.0,30.0,33.0,24.0,34.0,37.0
27.0,22.0,32.0,34.0,25.0,28.0,25.0,31.0,21.0,35.0,30.0,30.0,32.0,24.0,18.0,28.0,31.0,32.0,30.0,27.0,22.0,32.0,20.0,22.0,31.0,18.0,32.0,24.0,33.0,11.0,22.0,29.0,25.0,24.0,34.0,32.0,23.0,24.0,36.0,25.0,29.0,29.0,28.0,31.0,30.0,31.0,28.0,38.0,29.0,33.0
16.0,20.0,24.0,15.0,20.0,20.0,13.0,26.0,24.0,25.0,19.0,15.0,26.0,16.0,19.0,26.0,26.0,25.0,23.0,10.0,29.0,25.0,24.0,28.0,24.0,20.0,18.0,25.0,23.0,23.0,27.0,23.0,34.0,23.0,22.0,23.0,14.0,23.0,14.0,25.0,20.0,16.0,21.0,23.0,24.0,16.0,22.0,20.0,19.0,13.0
35.0,29.0,32.0,28.0,36.0,31.0,25.0,25.0,25.0,33.0,26.0,26.0,34.0,33.0,37.0,26.0,29.0,31.0,24.0,27.0,21.0,35.0,28.0,38.0,31.0,25.0,36.0,34.0,27.0,36.0,32.0,38.0,31.0,26.0,34.0,40.0,36.0,29.0,36.0,20.0,34.0,37.0,34.0,27.0,33.0,29.0,33.0,33.0,29.0,31.0
