10,50,1000
15.527606,16.148724,18.303283,15.618869,19.212447,16.564401,16.374664,19.614097,19.709523,17.400639
5.077001,6.732723,5.041139,8.569649,6.98427,5.399165,9.590034,7.72956,8.078029,7.622729
0.0,10.0,20.0,30.0,40.0,50.0,60.0,70.0,80.0,90.0
10.0,0.0,10.0,20.0,30.0,40.0,50.0,60.0,70.0,80.0
20.0,10.0,0.0,10.0,20.0,30.0,40.0,50.0,60.0,70.0
30.0,20.0,10.0,0.0,10.0,20.0,30.0,40.0,50.0,60.0
40.0,30.0,20.0,10.0,0.0,10.0,20.0,30.0,40.0,50.0
50.0,40.0,30.0,20.0,10.0,0.0,10.0,20.0,30.0,40.0
60.0,50.0,40.0,30.0,20.0,10.0,0.0,10.0,20.0,30.0
70.0,60.0,50.0,40.0,30.0,20.0,10.0,0.0,10.0,20.0
80.0,70.0,60.0,50.0,40.0,30.0,20.0,10.0,0.0,10.0
90.0,80.0,70.0,60.0,50.0,40.0,30.0,20.0,10.0,0.0
450.0,400.0,350.0,300.0,250.0,250.0,300.0,350.0,400.0,450.0
0.0,1.0,2.0,3.0,4.0,5.0,6.0,7.0,8.0,9.0
1.0,0.0,1.0,2.0,3.0,4.0,5.0,6.0,7.0,8.0
2.0,1.0,0.0,1.0,2.0,3.0,4.0,5.0,6.0,7.0
3.0,2.0,1.0,0.0,1.0,2.0,3.0,4.0,5.0,6.0
4.0,3.0,2.0,1.0,0.0,1.0,2.0,3.0,4.0,5.0
5.0,4.0,3.0,2.0,1.0,0.0,1.0,2.0,3.0,4.0
6.0,5.0,4.0,3.0,2.0,1.0,0.0,1.0,2.0,3.0
7.0,6.0,5.0,4.0,3.0,2.0,1.0,0.0,1.0,2.0
8.0,7.0,6.0,5.0,4.0,3.0,2.0,1.0,0.0,1.0
9.0,8.0,7.0,6.0,5.0,4.0,3.0,2.0,1.0,0.0
45.0,40.0,35.0,30.0,25.0,25.0,30.0,35.0,40.0,45.0
21.0,34.0,17.0,21.0,10.0,22.0,19.0,19.0,18.0,13.0,14.0,20.0,19.0,22.0,22.0,13.0,23.0,24.0,19.0,23.0,18.0,21.0,10.0,16.0,21.0,19.0,19.0,17.0,21.0,12.0,23.0,22.0,26.0,16.0,16.0,22.0,21.0,17.0,24.0,19.0,25.0,21.0,22.0,19.0,25.0,22.0,20.0,15.0,13.0,25.0
24.0,22.0,33.0,17.0,25.0,31.0,27.0,25.0,24.0,28.0,24.0,22.0,21.0,29.0,33.0,25.0,29.0,29.0,15.0,37.0,29.0,24.0,25.0,26.0,28.0,21.0,32.0,23.0,21.0,33.0,22.0,34.0,31.0,28.0,20.0,19.0,16.0,28.0,19.0,26.0,28.0,22.0,26.0,37.0,17.0,15.0,23.0,28.0,24.0,29.0
27.0,23.0,19.0,31.0,26.0,23.0,17.0,23.0,26.0,15.0,19.0,23.0,27.0,22.0,24.0,24.0,20.0,22.0,21.0,14.0,21.0,20.0,23.0,13.0,17.0,24.0,22.0,17.0,12.0,21.0,23.0,22.0,22.0,18.0,22.0,17.0,15.0,27.0,16.0,14.0,16.0,26.0,16.0,14.0,19.0,22.0,21.0,20.0,19.0,13.0
37.0,32.0,31.0,28.0,43.0,33.0,34.0,31.0,38.0,39.0,31.0,38.0,33.0,44.0,31.0,35.0,27.0,31.0,37.0,43.0,37.0,31.0,39.0,46.0,34.0,30.0,31.0,27.0,32.0,29.0,37.0,27.0,27.0,28.0,31.0,31.0,30.0,25.0,32.0,30.0,27.0,35.0,38.0,37.0,28.0,26.0,26.0,23.0,28.0,34.0
30.0,28.0,25.0,36.0,31.0,23.0,28.0,29.0,25.0,26.0,28.0,36.0,26.0,26.0,37.0,24.0,32.0,26.0,24.0,29.0,27.0,37.0,27.0,33.0,23.0,29.0,23.0,29.0,30.0,25.0,32.0,32.0,36.0,26.0,22.0,26.0,34.0,29.0,33.0,30.0,22.0,27.0,32.0,21.0,32.0,27.0,23.0,35.0,30.0,28.0
30.0,23.0,17.0,24.0,12.0,20.0,24.0,20.0,14.0,21.0,15.0,26.0,23.0,24.0,21.0,27.0,22.0,31.0,24.0,29.0,23.0,29.0,18.0,20.0,23.0,27.0,14.0,32.0,19.0,23.0,20.0,13.0,19.0,27.0,24.0,15.0,18.0,20.0,23.0,21.0,18.0,23.0,24.0,28.0,21.0,23.0,22.0,27.0,16.0,24.0
36.0,32.0,38.0,30.0,39.0,40.0,29.0,42.0,34.0,30.0,28.0,32.0,47.0,38.0,39.0,35.0,35.0,30.0,29.0,38.0,35.0,34.0,42.0,35.0,37.0,38.0,33.0,36.0,32.0,37.0,26.0,36.0,42.0,31.0,39.0,35.0,33.0,34.0,39.0,32.0,34.0,46.0,36.0,32.0,35.0,31.0,35.0,39.0,38.0,40.0
37.0,35.0,26.0,29.0,25.0,29.0,22.0,33.0,24.0,23.0,27.0,22.0,25.0,27.0,37.0,37.0,37.0,24.0,28.0,38.0,32.0,21.0,34.0,30.0,32.0,23.0,25.0,24.0,34.0,30.0,32.0,37.0,27.0,27.0,42.0,28.0,23.0,21.0,29.0,27.0,37.0,24.0,22.0,40.0,32.0,28.0,29.0,23.0,29.0,33.0
39.0,32.0,28.0,37.0,20.0,26.0,25.0,25.0,35.0,27.0,22.0,32.0,29.0,33.0,30.0,27.0,25.0,25.0,27.0,37.0,30.0,25.0,33.0,38.0,35.0,39.0,26.0,29.0,31.0,33.0,25.0,35.0,26.0,16.0,30.0,30.0,18.0,35.0,35.0,33.0,38.0,26.0,26.0,25.0,26.0,28.0,29.0,35.0,26.0,42.0
24.0,22.0,34.0,30.0,30.0,25.0,26.0,28.0,32.0,25.0,30.0,30.0,36.0,28.0,24.0,29.0,33.0,26.0,32.0,25.0,27.0,28.0,18.0,29.0,33.0,29.0,28.0,31.0,27.0,38.0,22.0,27.0,32.0,39.0,16.0,33.0,22.0,28.0,23.0,34.0,31.0,24.0,27.0,33.0,33.0,36.0,24.0,32.0,30.0,27.0
