10,50,1000
15.791871,15.62502,17.958796,16.223049,15.80374,19.974611,19.037529,19.087519,16.713635,16.09626
9.81942,5.859616,5.052819,5.753583,8.777146,5.754227,5.396122,9.758089,8.392178,6.223325
0.0,10.0,20.0,30.0,40.0,50.0,60.0,70.0,80.0,90.0
10.0,0.0,10.0,20.0,30.0,40.0,50.0,60.0,70.0,80.0
20.0,10.0,0.0,10.0,20.0,30.0,40.0,50.0,60.0,70.0
30.0,20.0,10.0,0.0,10.0,20.0,30.0,40.0,50.0,60.0
40.0,30.0,20.0,10.0,0.0,10.0,20.0,30.0,40.0,50.0
50.0,40.0,30.0,20.0,10.0,0.0,10.0,20.0,30.0,40.0
60.0,50.0,40.0,30.0,20.0,10.0,0.0,10.0,20.0,30.0
70.0,60.0,50.0,40.0,30.0,20.0,10.0,0.0,10.0,20.0
80.0,70.0,60.0,50.0,40.0,30.0,20.0,10.0,0.0,10.0
90.0,80.0,70.0,60.0,50.0,40.0,30.0,20.0,10.0,0.0
450.0,400.0,350.0,300.0,250.0,250.0,300.0,350.0,400.0,450.0
0.0,1.0,2.0,3.0,4.0,5.0,6.0,7.0,8.0,9.0
1.0,0.0,1.0,2.0,3.0,4.0,5.0,6.0,7.0,8.0
2.0,1.0,0.0,1.0,2.0,3.0,4.0,5.0,6.0,7.0
3.0,2.0,1.0,0.0,1.0,2.0,3.0,4.0,5.0,6.0
4.0,3.0,2.0,1.0,0.0,1.0,2.0,3.0,4.0,5.0
5.0,4.0,3.0,2.0,1.0,0.0,1.0,2.0,3.0,4.0
6.0,5.0,4.0,3.0,2.0,1.0,0.0,1.0,2.0,3.0
7.0,6.0,5.0,4.0,3.0,2.0,1.0,0.0,1.0,2.0
8.0,7.0,6.0,5.0,4.0,3.0,2.0,1.0,0.0,1.0
9.0,8.0,7.0,6.0,5.0,4.0,3.0,2.0,1.0,0.0
45.0,40.0,35.0,30.0,25.0,25.0,30.0,35.0,40.0,45.0
39.0,32.0,27.0,19.0,34.0,41.0,31.0,35.0,35.0,42.0,39.0,40.0,27.0,34.0,45.0,46.0,44.0,43.0,39.0,41.0,48.0,34.0,38.0,30.0,41.0,33.0,38.0,37.0,26.0,37.0,31.0,40.0,36.0,37.0,33.0,42.0,37.0,43.0,33.0,39.0,31.0,40.0,36.0,29.0,37.0,34.0,42.0,36.0,42.0,41.0
26.0,27.0,21.0,16.0,23.0,29.0,18.0,24.0,26.0,25.0,29.0,21.0,23.0,25.0,14.0,24.0,23.0,27.0,19.0,23.0,25.0,35.0,14.0,28.0,24.0,22.0,33.0,34.0,15.0,31.0,20.0,26.0,19.0,32.0,22.0,14.0,26.0,27.0,17.0,17.0,24.0,18.0,20.0,21.0,29.0,17.0,26.0,22.0,18.0,19.0
23.0,26.0,23.0,19.0,19.0,19.0,16.0,19.0,23.0,19.0,18.0,20.0,18.0,20.0,19.0,18.0,23.0,26.0,20.0,20.0,24.0,28.0,17.0,26.0,20.0,20.0,21.0,20.0,21.0,18.0,18.0,25.0,18.0,24.0,21.0,21.0,18.0,25.0,14.0,22.0,25.0,20.0,24.0,20.0,20.0,24.0,26.0,19.0,21.0,22.0
39.0,32.0,16.0,21.0,25.0,19.0,27.0,29.0,23.0,24.0,20.0,23.0,19.0,22.0,23.0,24.0,28.0,18.0,20.0,13.0,21.0,23.0,20.0,27.0,28.0,19.0,15.0,13.0,15.0,18.0,17.0,29.0,24.0,34.0,18.0,24.0,28.0,23.0,11.0,12.0,18.0,24.0,19.0,18.0,28.0,24.0,19.0,23.0,26.0,21.0
28.0,34.0,26.0,29.0,30.0,39.0,33.0,35.0,31.0,24.0,27.0,45.0,32.0,22.0,41.0,30.0,29.0,31.0,41.0,36.0,33.0,36.0,25.0,21.0,27.0,30.0,30.0,34.0,33.0,37.0,40.0,34.0,36.0,27.0,25.0,29.0,29.0,38.0,29.0,35.0,23.0,35.0,28.0,27.0,27.0,26.0,38.0,36.0,42.0,31.0
28.0,24.0,18.0,15.0,19.0,22.0,29.0,24.0,23.0,21.0,32.0,31.0,16.0,22.0,27.0,17.0,20.0,19.0,22.0,20.0,29.0,25.0,22.0,32.0,31.0,29.0,25.0,27.0,21.0,30.0,25.0,24.0,20.0,20.0,20.0,24.0,24.0,24.0,23.0,35.0,23.0,31.0,28.0,33.0,30.0,26.0,19.0,23.0,23.0,30.0
19.0,29.0,34.0,25.0,14.0,17.0,25.0,19.0,14.0,23.0,26.0,23.0,23.0,19.0,17.0,27.0,26.0,14.0,15.0,34.0,20.0,29.0,22.0,25.0,26.0,21.0,24.0,25.0,20.0,17.0,23.0,18.0,17.0,33.0,18.0,20.0,22.0,16.0,25.0,23.0,34.0,23.0,13.0,18.0,22.0,24.0,21.0,29.0,25.0,26.0
29.0,33.0,35.0,34.0,48.0,36.0,43.0,36.0,33.0,30.0,36.0,32.0,43.0,45.0,30.0,42.0,26.0,35.0,35.0,32.0,34.0,32.0,43.0,43.0,35.0,36.0,35.0,23.0,32.0,34.0,41.0,40.0,44.0,36.0,43.0,29.0,45.0,46.0,29.0,42.0,26.0,42.0,39.0,47.0,42.0,32.0,49.0,42.0,30.0,41.0
30.0,23.0,30.0,31.0,34.0,32.0,29.0,41.0,37.0,38.0,35.0,25.0,25.0,27.0,28.0,24.0,30.0,25.0,28.0,27.0,30.0,26.0,35.0,27.0,29.0,27.0,33.0,29.0,37.0,39.0,32.0,32.0,30.0,29.0,29.0,33.0,23.0,27.0,31.0,22.0,19.0,30.0,40.0,28.0,46.0,28.0,33.0,26.0,23.0,30.0
16.0,23.0,19.0,25.0,25.0,26.0,28.0,21.0,26.0,33.0,23.0,20.0,31.0,22.0,27.0,31.0,28.0,25.0,18.0,18.0,20.0,28.0,24.0,18.0,21.0,19.0,24.0,21.0,28.0,19.0,24.0,22.0,21.0,19.0,29.0,22.0,26.0,22.0,20.0,29.0,25.0,18.0,23.0,34.0,25.0,24.0,31.0,25.0,22.0,18.0
