10,50,1000
18.435129,15.81853,17.376657,17.91295,18.147655,19.610333,17.033071,19.725857,18.766336,18.403309
5.264541,5.350195,9.450648,5.93419,5.267037,5.39072,5.381465,6.422381,8.516211,7.507247
0.0,10.0,20.0,30.0,40.0,50.0,60.0,70.0,80.0,90.0
10.0,0.0,10.0,20.0,30.0,40.0,50.0,60.0,70.0,80.0
20.0,10.0,0.0,10.0,20.0,30.0,40.0,50.0,60.0,70.0
30.0,20.0,10.0,0.0,10.0,20.0,30.0,40.0,50.0,60.0
40.0,30.0,20.0,10.0,0.0,10.0,20.0,30.0,40.0,50.0
50.0,40.0,30.0,20.0,10.0,0.0,10.0,20.0,30.0,40.0
60.0,50.0,40.0,30.0,20.0,10.0,0.0,10.0,20.0,30.0
70.0,60.0,50.0,40.0,30.0,20.0,10.0,0.0,10.0,20.0
80.0,70.0,60.0,50.0,40.0,30.0,20.0,10.0,0.0,10.0
90.0,80.0,70.0,60.0,50.0,40.0,30.0,20.0,10.0,0.0
450.0,400.0,350.0,300.0,250.0,250.0,300.0,350.0,400.0,450.0
0.0,1.0,2.0,3.0,4.0,5.0,6.0,7.0,8.0,9.0
1.0,0.0,1.0,2.0,3.0,4.0,5.0,6.0,7.0,8.0
2.0,1.0,0.0,1.0,2.0,3.0,4.0,5.0,6.0,7.0
3.0,2.0,1.0,0.0,1.0,2.0,3.0,4.0,5.0,6.0
4.0,3.0,2.0,1.0,0.0,1.0,2.0,3.0,4.0,5.0
5.0,4.0,3.0,2.0,1.0,0.0,1.0,2.0,3.0,4.0
6.0,5.0,4.0,3.0,2.0,1.0,0.0,1.0,2.0,3.0
7.0,6.0,5.0,4.0,3.0,2.0,1.0,0.0,1.0,2.0
8.0,7.0,6.0,5.0,4.0,3.0,2.0,1.0,0.0,1.0
9.0,8.0,7.0,6.0,5.0,4.0,3.0,2.0,1.0,0.0
45.0,40.0,35.0,30.0,25.0,25.0,30.0,35.0,40.0,45.0
15.0,27.0,25.0,15.0,19.0,23.0,22.0,23.0,20.0,22.0,19.0,24.0,16.0,27.0,19.0,20.0,21.0,21.0,20.0,18.0,18.0,21.0,23.0,22.0,19.0,24.0,29.0,31.0,18.0,21.0,17.0,32.0,18.0,20.0,20.0,17.0,8.0,28.0,18.0,17.0,16.0,24.0,22.0,21.0,29.0,24.0,17.0,25.0,24.0,22.0
19.0,14.0,20.0,14.0,32.0,21.0,21.0,24.0,16.0,24.0,19.0,23.0,10.0,16.0,20.0,16.0,15.0,18.0,22.0,19.0,25.0,20.0,26.0,28.0,16.0,17.0,24.0,18.0,18.0,26.0,20.0,23.0,24.0,21.0,18.0,25.0,24.0,28.0,7.0,21.0,16.0,18.0,24.0,21.0,26.0,20.0,18.0,24.0,16.0,19.0
36.0,42.0,38.0,37.0,45.0,32.0,41.0,37.0,29.0,33.0,33.0,32.0,37.0,31.0,38.0,37.0,24.0,29.0,44.0,35.0,30.0,33.0,28.0,35.0,37.0,36.0,36.0,35.0,34.0,32.0,29.0,45.0,32.0,34.0,41.0,33.0,44.0,33.0,28.0,44.0,43.0,32.0,33.0,36.0,32.0,26.0,37.0,42.0,32.0,32.0
24.0,21.0,27.0,23.0,26.0,29.0,15.0,28.0,20.0,22.0,20.0,27.0,25.0,15.0,31.0,29.0,32.0,26.0,22.0,29.0,28.0,19.0,24.0,25.0,28.0,29.0,30.0,26.0,24.0,17.0,26.0,36.0,27.0,22.0,21.0,20.0,25.0,26.0,30.0,20.0,28.0,19.0,28.0,16.0,26.0,18.0,17.0,22.0,22.0,28.0
17.0,21.0,22.0,25.0,26.0,17.0,16.0,18.0,27.0,26.0,22.0,25.0,25.0,14.0,24.0,25.0,20.0,18.0,20.0,25.0,29.0,21.0,17.0,6.0,16.0,17.0,25.0,25.0,21.0,23.0,29.0,24.0,24.0,25.0,26.0,28.0,15.0,21.0,17.0,15.0,20.0,17.0,21.0,28.0,12.0,18.0,9.0,23.0,16.0,25.0
17.0,26.0,14.0,25.0,25.0,28.0,27.0,25.0,20.0,28.0,20.0,21.0,32.0,20.0,18.0,20.0,15.0,28.0,16.0,14.0,32.0,26.0,26.0,33.0,17.0,20.0,20.0,26.0,17.0,29.0,19.0,23.0,17.0,31.0,22.0,30.0,23.0,24.0,30.0,28.0,15.0,26.0,21.0,16.0,31.0,26.0,19.0,22.0,26.0,21.0
28.0,23.0,15.0,25.0,21.0,17.0,21.0,25.0,32.0,20.0,23.0,27.0,13.0,18.0,24.0,22.0,25.0,21.0,24.0,18.0,27.0,27.0,33.0,20.0,15.0,21.0,26.0,26.0,28.0,16.0,22.0,23.0,23.0,16.0,23.0,27.0,28.0,25.0,21.0,21.0,22.0,19.0,21.0,28.0,23.0,21.0,22.0,17.0,23.0,14.0
27.0,27.0,28.0,31.0,27.0,24.0,18.0,31.0,32.0,21.0,24.0,32.0,22.0,24.0,25.0,28.0,33.0,21.0,29.0,31.0,20.0,34.0,34.0,23.0,34.0,31.0,26.0,21.0,26.0,23.0,28.0,28.0,19.0,24.0,22.0,33.0,12.0,22.0,41.0,33.0,29.0,31.0,24.0,30.0,19.0,40.0,30.0,23.0,25.0,26.0
37.0,32.0,32.0,28.0,29.0,38.0,31.0,28.0,30.0,29.0,33.0,31.0,27.0,38.0,37.0,27.0,29.0,25.0,34.0,35.0,36.0,29.0,27.0,26.0,23.0,29.0,25.0,36.0,29.0,41.0,31.0,28.0,34.0,39.0,29.0,27.0,29.0,38.0,32.0,32.0,39.0,30.0,31.0,26.0,30.0,29.0,36.0,36.0,30.0,33.0
20.0,25.0,28.0,26.0,24.0,35.0,34.0,37.0,30.0,27.0,35.0,31.0,31.0,24.0,33.0,31.0,30.0,26.0,27.0,26.0,28.0,29.0,26.0,33.0,24.0,26.0,35.0,35.0,35.0,36.0,22.0,34.0,28.0,30.0,33.0,22.0,28.0,28.0,20.0,27.0,21.0,32.0,26.0,28.0,25.0,36.0,17.0,38.0,42.0,38.0
