10,50,1000
16.971899,19.301059,15.27317,18.559271,16.597313,17.721662,15.265519,18.06117,15.243286,16.377251
5.216593,8.885186,7.338847,7.09212,7.011182,6.700793,9.923522,5.887677,7.13194,9.895761
0.0,10.0,20.0,30.0,40.0,50.0,60.0,70.0,80.0,90.0
10.0,0.0,10.0,20.0,30.0,40.0,50.0,60.0,70.0,80.0
20.0,10.0,0.0,10.0,20.0,30.0,40.0,50.0,60.0,70.0
30.0,20.0,10.0,0.0,10.0,20.0,30.0,40.0,50.0,60.0
40.0,30.0,20.0,10.0,0.0,10.0,20.0,30.0,40.0,50.0
50.0,40.0,30.0,20.0,10.0,0.0,10.0,20.0,30.0,40.0
60.0,50.0,40.0,30.0,20.0,10.0,0.0,10.0,20.0,30.0
70.0,60.0,50.0,40.0,30.0,20.0,10.0,0.0,10.0,20.0
80.0,70.0,60.0,50.0,40.0,30.0,20.0,10.0,0.0,10.0
90.0,80.0,70.0,60.0,50.0,40.0,30.0,20.0,10.0,0.0
450.0,400.0,350.0,300.0,250.0,250.0,300.0,350.0,400.0,450.0
0.0,1.0,2.0,3.0,4.0,5.0,6.0,7.0,8.0,9.0
1.0,0.0,1.0,2.0,3.0,4.0,5.0,6.0,7.0,8.0
2.0,1.0,0.0,1.0,2.0,3.0,4.0,5.0,6.0,7.0
3.0,2.0,1.0,0.0,1.0,2.0,3.0,4.0,5.0,6.0
4.0,3.0,2.0,1.0,0.0,1.0,2.0,3.0,4.0,5.0
5.0,4.0,3.0,2.0,1.0,0.0,1.0,2.0,3.0,4.0
6.0,5.0,4.0,3.0,2.0,1.0,0.0,1.0,2.0,3.0
7.0,6.0,5.0,4.0,3.0,2.0,1.0,0.0,1.0,2.0
8.0,7.0,6.0,5.0,4.0,3.0,2.0,1.0,0.0,1.0
9.0,8.0,7.0,6.0,5.0,4.0,3.0,2.0,1.0,0.0
45.0,40.0,35.0,30.0,25.0,25.0,30.0,35.0,40.0,45.0
20.0,22.0,22.0,23.0,20.0,15.0,26.0,23.0,16.0,20.0,18.0,23.0,10.0,25.0,25.0,19.0,19.0,13.0,23.0,18.0,28.0,17.0,20.0,26.0,21.0,16.0,16.0,21.0,20.0,19.0,18.0,22.0,24.0,29.0,35.0,21.0,15.0,13.0,21.0,17.0,13.0,24.0,20.0,19.0,19.0,21.0,24.0,18.0,14.0,25.0
32.0,27.0,41.0,47.0,41.0,35.0,45.0,29.0,27.0,43.0,23.0,37.0,33.0,21.0,43.0,29.0,34.0,45.0,30.0,41.0,30.0,35.0,30.0,33.0,36.0,37.0,47.0,26.0,30.0,28.0,44.0,37.0,55.0,29.0,26.0,32.0,29.0,34.0,36.0,34.0,27.0,35.0,37.0,29.0,23.0,31.0,38.0,37.0,32.0,36.0
26.0,31.0,21.0,24.0,22.0,18.0,35.0,28.0,29.0,36.0,27.0,28.0,19.0,36.0,18.0,29.0,31.0,30.0,26.0,36.0,27.0,26.0,28.0,32.0,27.0,21.0,28.0,24.0,41.0,27.0,27.0,37.0,29.0,36.0,15.0,25.0,32.0,31.0,31.0,33.0,18.0,29.0,37.0,25.0,30.0,26.0,27.0,25.0,29.0,31.0
34.0,39.0,26.0,34.0,30.0,35.0,28.0,25.0,29.0,22.0,18.0,24.0,27.0,29.0,23.0,17.0,28.0,24.0,31.0,31.0,18.0,35.0,35.0,31.0,20.0,21.0,30.0,23.0,38.0,29.0,28.0,29.0,29.0,17.0,33.0,29.0,21.0,33.0,22.0,27.0,15.0,26.0,21.0,31.0,32.0,30.0,34.0,23.0,25.0,41.0
32.0,29.0,29.0,35.0,23.0,29.0,26.0,32.0,27.0,20.0,32.0,24.0,18.0,23.0,37.0,24.0,28.0,25.0,30.0,37.0,23.0,20.0,32.0,20.0,30.0,28.0,20.0,33.0,18.0,22.0,35.0,24.0,24.0,18.0,19.0,30.0,22.0,18.0,22.0,21.0,21.0,32.0,30.0,36.0,25.0,21.0,16.0,30.0,25.0,24.0
20.0,29.0,20.0,25.0,33.0,28.0,32.0,25.0,18.0,28.0,24.0,26.0,24.0,28.0,18.0,22.0,32.0,29.0,22.0,23.0,29.0,21.0,22.0,37.0,29.0,35.0,24.0,27.0,28.0,23.0,28.0,21.0,27.0,32.0,26.0,31.0,23.0,27.0,30.0,24.0,25.0,26.0,33.0,36.0,23.0,33.0,18.0,29.0,25.0,22.0
33.0,36.0,34.0,33.0,40.0,38.0,33.0,33.0,29.0,45.0,33.0,41.0,30.0,46.0,33.0,30.0,38.0,35.0,33.0,37.0,36.0,37.0,41.0,33.0,36.0,32.0,45.0,34.0,32.0,26.0,24.0,30.0,40.0,39.0,37.0,36.0,45.0,38.0,38.0,31.0,36.0,36.0,37.0,31.0,37.0,39.0,30.0,39.0,35.0,37.0
28.0,31.0,21.0,20.0,32.0,24.0,22.0,19.0,24.0,21.0,21.0,26.0,26.0,22.0,21.0,28.0,22.0,18.0,22.0,23.0,21.0,26.0,35.0,27.0,16.0,26.0,23.0,14.0,22.0,23.0,33.0,21.0,28.0,19.0,27.0,21.0,32.0,21.0,20.0,34.0,26.0,25.0,26.0,27.0,31.0,20.0,20.0,21.0,26.0,16.0
34.0,27.0,30.0,19.0,18.0,24.0,31.0,31.0,18.0,24.0,25.0,25.0,36.0,27.0,35.0,24.0,32.0,30.0,24.0,20.0,26.0,25.0,34.0,21.0,39.0,32.0,38.0,22.0,29.0,24.0,20.0,25.0,17.0,28.0,33.0,25.0,24.0,28.0,14.0,19.0,33.0,29.0,21.0,31.0,28.0,22.0,28.0,29.0,24.0,30.0
29.0,46.0,32.0,35.0,43.0,31.0,29.0,38.0,33.0,35.0,37.0,39.0,36.0,40.0,38.0,27.0,45.0,32.0,28.0,29.0,38.0,45.0,28.0,48.0,38.0,30.0,30.0,37.0,37.0,34.0,39.0,39.0,41.0,24.0,29.0,45.0,48.0,41.0,45.0,58.0,34.0,29.0,41.0,42.0,33.0,31.0,34.0,36.0,46.0,33.0
