10,50,1000
17.937663,17.285061,16.417912,15.561596,18.262851,17.132007,19.534834,19.441852,19.834275,15.185812
7.175505,6.871698,6.591388,6.005792,5.152214,8.677507,6.543475,5.440902,5.234005,7.751354
0.0,10.0,20.0,30.0,40.0,50.0,60.0,70.0,80.0,90.0
10.0,0.0,10.0,20.0,30.0,40.0,50.0,60.0,70.0,80.0
20.0,10.0,0.0,10.0,20.0,30.0,40.0,50.0,60.0,70.0
30.0,20.0,10.0,0.0,10.0,20.0,30.0,40.0,50.0,60.0
40.0,30.0,20.0,10.0,0.0,10.0,20.0,30.0,40.0,50.0
50.0,40.0,30.0,20.0,10.0,0.0,10.0,20.0,30.0,40.0
60.0,50.0,40.0,30.0,20.0,10.0,0.0,10.0,20.0,30.0
70.0,60.0,50.0,40.0,30.0,20.0,10.0,0.0,10.0,20.0
80.0,70.0,60.0,50.0,40.0,30.0,20.0,10.0,0.0,10.0
90.0,80.0,70.0,60.0,50.0,40.0,30.0,20.0,10.0,0.0
450.0,400.0,350.0,300.0,250.0,250.0,300.0,350.0,400.0,450.0
0.0,1.0,2.0,3.0,4.0,5.0,6.0,7.0,8.0,9.0
1.0,0.0,1.0,2.0,3.0,4.0,5.0,6.0,7.0,8.0
2.0,1.0,0.0,1.0,2.0,3.0,4.0,5.0,6.0,7.0
3.0,2.0,1.0,0.0,1.0,2.0,3.0,4.0,5.0,6.0
4.0,3.0,2.0,1.0,0.0,1.0,2.0,3.0,4.0,5.0
5.0,4.0,3.0,2.0,1.0,0.0,1.0,2.0,3.0,4.0
6.0,5.0,4.0,3.0,2.0,1.0,0.0,1.0,2.0,3.0
7.0,6.0,5.0,4.0,3.0,2.0,1.0,0.0,1.0,2.0
8.0,7.0,6.0,5.0,4.0,3.0,2.0,1.0,0.0,1.0
9.0,8.0,7.0,6.0,5.0,4.0,3.0,2.0,1.0,0.0
45.0,40.0,35.0,30.0,25.0,25.0,30.0,35.0,40.0,45.0
36.0,33.0,24.0,29.0,29.0,31.0,23.0,22.0,25.0,22.0,29.0,31.0,27.0,31.0,25.0,21.0,25.0,32.0,34.0,31.0,23.0,24.0,23.0,37.0,20.0,25.0,32.0,19.0,31.0,21.0,42.0,27.0,21.0,31.0,36.0,34.0,23.0,20.0,27.0,33.0,33.0,30.0,28.0,31.0,25.0,30.0,34.0,25.0,29.0,28.0
34.0,35.0,24.0,31.0,31.0,26.0,25.0,22.0,26.0,35.0,26.0,28.0,27.0,23.0,26.0,25.0,31.0,24.0,33.0,25.0,24.0,20.0,25.0,23.0,28.0,32.0,32.0,20.0,30.0,17.0,27.0,20.0,27.0,26.0,26.0,22.0,28.0,27.0,35.0,26.0,32.0,20.0,18.0,31.0,31.0,25.0,16.0,27.0,25.0,23.0
31.0,25.0,35.0,29.0,30.0,30.0,24.0,30.0,26.0,28.0,32.0,25.0,21.0,32.0,26.0,34.0,33.0,27.0,28.0,27.0,19.0,21.0,37.0,25.0,27.0,20.0,25.0,24.0,29.0,24.0,25.0,27.0,25.0,23.0,27.0,29.0,30.0,28.0,21.0,35.0,25.0,24.0,27.0,27.0,24.0,29.0,31.0,36.0,31.0,30.0
21.0,14.0,17.0,29.0,27.0,23.0,27.0,20.0,27.0,27.0,19.0,22.0,17.0,27.0,24.0,18.0,17.0,25.0,21.0,24.0,25.0,22.0,32.0,23.0,26.0,18.0,27.0,23.0,21.0,29.0,25.0,23.0,22.0,19.0,20.0,26.0,18.0,27.0,21.0,20.0,19.0,23.0,18.0,15.0,32.0,30.0,21.0,21.0,25.0,26.0
21.0,20.0,28.0,22.0,23.0,14.0,28.0,18.0,19.0,24.0,30.0,24.0,34.0,18.0,25.0,19.0,19.0,20.0,27.0,26.0,28.0,25.0,21.0,14.0,30.0,21.0,25.0,18.0,21.0,20.0,25.0,18.0,24.0,23.0,23.0,20.0,23.0,17.0,15.0,26.0,13.0,18.0,27.0,21.0,15.0,24.0,17.0,20.0,21.0,21.0
25.0,37.0,28.0,32.0,26.0,20.0,27.0,30.0,41.0,27.0,27.0,25.0,27.0,36.0,23.0,34.0,45.0,36.0,25.0,25.0,40.0,28.0,34.0,28.0,29.0,38.0,44.0,26.0,31.0,39.0,28.0,30.0,39.0,35.0,33.0,24.0,30.0,35.0,28.0,33.0,35.0,33.0,35.0,39.0,33.0,33.0,32.0,27.0,20.0,31.0
29.0,23.0,34.0,32.0,28.0,24.0,32.0,24.0,31.0,25.0,27.0,24.0,33.0,29.0,32.0,28.0,30.0,24.0,31.0,22.0,34.0,32.0,19.0,31.0,30.0,20.0,30.0,25.0,25.0,26.0,22.0,26.0,39.0,14.0,25.0,25.0,25.0,25.0,30.0,30.0,29.0,28.0,17.0,25.0,28.0,37.0,31.0,29.0,18.0,24.0
16.0,19.0,17.0,20.0,22.0,31.0,22.0,28.0,19.0,22.0,32.0,20.0,16.0,21.0,16.0,17.0,18.0,31.0,22.0,22.0,29.0,27.0,27.0,22.0,23.0,25.0,19.0,25.0,20.0,17.0,25.0,26.0,17.0,21.0,21.0,14.0,22.0,23.0,23.0,21.0,19.0,24.0,29.0,22.0,25.0,19.0,28.0,28.0,20.0,28.0
18.0,26.0,21.0,27.0,19.0,22.0,20.0,25.0,20.0,29.0,27.0,19.0,22.0,18.0,24.0,23.0,21.0,20.0,16.0,22.0,24.0,18.0,24.0,35.0,23.0,23.0,17.0,23.0,25.0,15.0,21.0,27.0,23.0,29.0,23.0,20.0,16.0,20.0,26.0,22.0,26.0,19.0,27.0,30.0,25.0,21.0,21.0,20.0,19.0,21.0
21.0,36.0,31.0,22.0,25.0,37.0,22.0,28.0,28.0,22.0,16.0,28.0,21.0,39.0,25.0,27.0,27.0,28.0,28.0,33.0,19.0,30.0,30.0,32.0,28.0,19.0,27.0,22.0,21.0,28.0,42.0,46.0,28.0,30.0,27.0,30.0,23.0,20.0,36.0,24.0,35.0,35.0,26.0,24.0,33.0,28.0,24.0,27.0,25.0,20.0
