10,50,1000
15.311224,18.04082,19.750616,16.194175,18.446887,16.10991,15.009403,15.379439,16.558264,18.156315
8.491999,9.418211,9.849581,7.755811,5.505599,7.146264,5.657469,6.678135,9.974711,7.202337
0.0,10.0,20.0,30.0,40.0,50.0,60.0,70.0,80.0,90.0
10.0,0.0,10.0,20.0,30.0,40.0,50.0,60.0,70.0,80.0
20.0,10.0,0.0,10.0,20.0,30.0,40.0,50.0,60.0,70.0
30.0,20.0,10.0,0.0,10.0,20.0,30.0,40.0,50.0,60.0
40.0,30.0,20.0,10.0,0.0,10.0,20.0,30.0,40.0,50.0
50.0,40.0,30.0,20.0,10.0,0.0,10.0,20.0,30.0,40.0
60.0,50.0,40.0,30.0,20.0,10.0,0.0,10.0,20.0,30.0
70.0,60.0,50.0,40.0,30.0,20.0,10.0,0.0,10.0,20.0
80.0,70.0,60.0,50.0,40.0,30.0,20.0,10.0,0.0,10.0
90.0,80.0,70.0,60.0,50.0,40.0,30.0,20.0,10.0,0.0
450.0,400.0,350.0,300.0,250.0,250.0,300.0,350.0,400.0,450.0
0.0,1.0,2.0,3.0,4.0,5.0,6.0,7.0,8.0,9.0
1.0,0.0,1.0,2.0,3.0,4.0,5.0,6.0,7.0,8.0
2.0,1.0,0.0,1.0,2.0,3.0,4.0,5.0,6.0,7.0
3.0,2.0,1.0,0.0,1.0,2.0,3.0,4.0,5.0,6.0
4.0,3.0,2.0,1.0,0.0,1.0,2.0,3.0,4.0,5.0
5.0,4.0,3.0,2.0,1.0,0.0,1.0,2.0,3.0,4.0
6.0,5.0,4.0,3.0,2.0,1.0,0.0,1.0,2.0,3.0
7.0,6.0,5.0,4.0,3.0,2.0,1.0,0.0,1.0,2.0
8.0,7.0,6.0,5.0,4.0,3.0,2.0,1.0,0.0,1.0
9.0,8.0,7.0,6.0,5.0,4.0,3.0,2.0,1.0,0.0
45.0,40.0,35.0,30.0,25.0,25.0,30.0,35.0,40.0,45.0
34.0,35.0,34.0,32.0,32.0,35.0,34.0,32.0,21.0,37.0,33.0,40.0,40.0,40.0,31.0,22.0,26.0,26.0,23.0,27.0,26.0,37.0,38.0,28.0,31.0,29.0,25.0,24.0,26.0,40.0,26.0,25.0,39.0,34.0,37.0,29.0,36.0,26.0,44.0,29.0,39.0,27.0,26.0,36.0,21.0,33.0,41.0,23.0,47.0,27.0
40.0,38.0,27.0,30.0,38.0,44.0,33.0,42.0,33.0,35.0,34.0,28.0,31.0,41.0,39.0,43.0,30.0,55.0,31.0,38.0,35.0,35.0,40.0,38.0,31.0,44.0,25.0,48.0,31.0,27.0,38.0,37.0,39.0,42.0,26.0,41.0,43.0,42.0,36.0,42.0,32.0,35.0,41.0,46.0,28.0,46.0,30.0,35.0,34.0,30.0
32.0,38.0,38.0,41.0,36.0,40.0,35.0,32.0,34.0,46.0,26.0,36.0,42.0,35.0,37.0,35.0,32.0,36.0,37.0,34.0,37.0,31.0,45.0,35.0,35.0,35.0,48.0,31.0,38.0,38.0,38.0,31.0,46.0,36.0,38.0,30.0,40.0,34.0,44.0,40.0,39.0,34.0,31.0,40.0,44.0,30.0,36.0,33.0,35.0,33.0
26.0,31.0,32.0,27.0,35.0,32.0,41.0,23.0,32.0,35.0,22.0,30.0,33.0,29.0,27.0,25.0,29.0,28.0,26.0,28.0,22.0,20.0,27.0,27.0,24.0,36.0,42.0,32.0,28.0,33.0,29.0,27.0,26.0,37.0,35.0,22.0,30.0,32.0,29.0,28.0,32.0,31.0,29.0,36.0,27.0,26.0,33.0,28.0,22.0,18.0
16.0,27.0,24.0,22.0,20.0,17.0,20.0,30.0,20.0,15.0,22.0,25.0,28.0,27.0,19.0,21.0,25.0,21.0,28.0,28.0,26.0,25.0,30.0,23.0,23.0,17.0,21.0,23.0,27.0,25.0,27.0,28.0,17.0,15.0,20.0,27.0,20.0,17.0,17.0,27.0,22.0,15.0,33.0,16.0,17.0,20.0,21.0,21.0,28.0,27.0
21.0,25.0,22.0,25.0,30.0,23.0,47.0,26.0,20.0,14.0,32.0,27.0,28.0,29.0,29.0,31.0,28.0,33.0,26.0,29.0,26.0,26.0,19.0,23.0,28.0,27.0,28.0,22.0,23.0,22.0,23.0,18.0,32.0,21.0,23.0,20.0,31.0,28.0,23.0,30.0,30.0,30.0,21.0,31.0,22.0,21.0,24.0,19.0,27.0,31.0
22.0,20.0,16.0,18.0,17.0,34.0,20.0,18.0,27.0,19.0,26.0,22.0,24.0,22.0,20.0,20.0,18.0,24.0,23.0,17.0,28.0,18.0,18.0,25.0,21.0,15.0,19.0,23.0,21.0,25.0,22.0,16.0,18.0,14.0,22.0,24.0,23.0,20.0,24.0,24.0,25.0,20.0,18.0,20.0,23.0,26.0,18.0,25.0,21.0,17.0
24.0,32.0,31.0,30.0,15.0,21.0,26.0,30.0,28.0,30.0,24.0,19.0,30.0,22.0,24.0,19.0,28.0,21.0,23.0,32.0,31.0,19.0,29.0,20.0,28.0,27.0,18.0,31.0,20.0,24.0,16.0,24.0,32.0,22.0,26.0,25.0,32.0,23.0,26.0,25.0,27.0,27.0,32.0,37.0,25.0,37.0,21.0,29.0,27.0,22.0
30.0,27.0,40.0,49.0,52.0,29.0,22.0,34.0,43.0,38.0,38.0,30.0,38.0,39.0,38.0,33.0,38.0,50.0,32.0,43.0,26.0,38.0,35.0,40.0,31.0,44.0,35.0,39.0,31.0,37.0,43.0,29.0,31.0,26.0,36.0,27.0,27.0,27.0,35.0,37.0,35.0,32.0,36.0,48.0,38.0,48.0,34.0,38.0,41.0,46.0
31.0,26.0,37.0,29.0,25.0,36.0,26.0,31.0,31.0,26.0,24.0,26.0,43.0,27.0,21.0,29.0,31.0,27.0,22.0,20.0,23.0,37.0,31.0,33.0,24.0,31.0,26.0,27.0,18.0,23.0,29.0,26.0,27.0,26.0,28.0,35.0,27.0,23.0,28.0,32.0,34.0,33.0,37.0,25.0,24.0,20.0,31.0,27.0,21.0,33.0
