10,50,1000
18.173673,18.273944,18.927665,17.532168,16.018381,17.4516,18.823385,19.362067,16.471585,19.244838
9.826328,7.596255,9.081822,9.741103,8.752404,9.057947,5.552406,9.345442,7.565628,7.532462
0.0,10.0,20.0,30.0,40.0,50.0,60.0,70.0,80.0,90.0
10.0,0.0,10.0,20.0,30.0,40.0,50.0,60.0,70.0,80.0
20.0,10.0,0.0,10.0,20.0,30.0,40.0,50.0,60.0,70.0
30.0,20.0,10.0,0.0,10.0,20.0,30.0,40.0,50.0,60.0
40.0,30.0,20.0,10.0,0.0,10.0,20.0,30.0,40.0,50.0
50.0,40.0,30.0,20.0,10.0,0.0,10.0,20.0,30.0,40.0
60.0,50.0,40.0,30.0,20.0,10.0,0.0,10.0,20.0,30.0
70.0,60.0,50.0,40.0,30.0,20.0,10.0,0.0,10.0,20.0
80.0,70.0,60.0,50.0,40.0,30.0,20.0,10.0,0.0,10.0
90.0,80.0,70.0,60.0,50.0,40.0,30.0,20.0,10.0,0.0
450.0,400.0,350.0,300.0,250.0,250.0,300.0,350.0,400.0,450.0
0.0,1.0,2.0,3.0,4.0,5.0,6.0,7.0,8.0,9.0
1.0,0.0,1.0,2.0,3.0,4.0,5.0,6.0,7.0,8.0
2.0,1.0,0.0,1.0,2.0,3.0,4.0,5.0,6.0,7.0
3.0,2.0,1.0,0.0,1.0,2.0,3.0,4.0,5.0,6.0
4.0,3.0,2.0,1.0,0.0,1.0,2.0,3.0,4.0,5.0
5.0,4.0,3.0,2.0,1.0,0.0,1.0,2.0,3.0,4.0
6.0,5.0,4.0,3.0,2.0,1.0,0.0,1.0,2.0,3.0
7.0,6.0,5.0,4.0,3.0,2.0,1.0,0.0,1.0,2.0
8.0,7.0,6.0,5.0,4.0,3.0,2.0,1.0,0.0,1.0
9.0,8.0,7.0,6.0,5.0,4.0,3.0,2.0,1.0,0.0
45.0,40.0,35.0,30.0,25.0,25.0,30.0,35.0,40.0,45.0
39.0,48.0,30.0,30.0,26.0,35.0,38.0,29.0,34.0,36.0,39.0,40.0,36.0,24.0,40.0,42.0,39.0,35.0,31.0,46.0,39.0,41.0,46.0,45.0,38.0,38.0,33.0,41.0,39.0,58.0,35.0,29.0,32.0,43.0,45.0,25.0,44.0,39.0,33.0,43.0,29.0,47.0,26.0,26.0,36.0,33.0,27.0,39.0,30.0,35.0
35.0,25.0,28.0,33.0,25.0,18.0,23.0,35.0,24.0,23.0,25.0,24.0,24.0,31.0,31.0,38.0,34.0,33.0,29.0,38.0,18.0,19.0,32.0,27.0,37.0,28.0,31.0,39.0,31.0,33.0,22.0,24.0,39.0,34.0,28.0,28.0,26.0,25.0,28.0,26.0,30.0,28.0,30.0,24.0,26.0,26.0,35.0,26.0,32.0,21.0
38.0,40.0,34.0,40.0,31.0,32.0,39.0,37.0,41.0,40.0,41.0,37.0,38.0,36.0,36.0,27.0,39.0,42.0,30.0,26.0,35.0,39.0,28.0,40.0,32.0,30.0,38.0,36.0,36.0,36.0,32.0,31.0,35.0,36.0,35.0,32.0,38.0,23.0,27.0,37.0,24.0,26.0,33.0,31.0,39.0,30.0,35.0,39.0,36.0,38.0
38.0,34.0,27.0,28.0,36.0,32.0,41.0,39.0,26.0,45.0,29.0,42.0,38.0,43.0,38.0,37.0,33.0,27.0,30.0,38.0,34.0,32.0,57.0,44.0,26.0,38.0,34.0,27.0,34.0,41.0,49.0,32.0,29.0,32.0,34.0,37.0,31.0,35.0,29.0,30.0,47.0,37.0,46.0,36.0,31.0,32.0,39.0,36.0,42.0,49.0
38.0,34.0,35.0,31.0,32.0,24.0,28.0,37.0,36.0,31.0,39.0,26.0,26.0,27.0,28.0,28.0,28.0,31.0,39.0,35.0,29.0,41.0,37.0,24.0,20.0,26.0,31.0,27.0,32.0,30.0,30.0,37.0,35.0,36.0,34.0,41.0,37.0,29.0,52.0,27.0,28.0,32.0,30.0,31.0,27.0,36.0,20.0,30.0,38.0,23.0
39.0,38.0,26.0,25.0,22.0,32.0,34.0,33.0,37.0,29.0,32.0,31.0,33.0,31.0,39.0,34.0,44.0,33.0,40.0,37.0,41.0,30.0,36.0,24.0,39.0,30.0,34.0,39.0,22.0,26.0,44.0,30.0,37.0,22.0,35.0,34.0,26.0,41.0,38.0,28.0,31.0,32.0,28.0,29.0,34.0,37.0,32.0,40.0,23.0,33.0
27.0,23.0,22.0,20.0,24.0,26.0,19.0,19.0,29.0,25.0,21.0,30.0,33.0,23.0,20.0,23.0,21.0,15.0,20.0,23.0,20.0,19.0,29.0,25.0,21.0,21.0,16.0,23.0,22.0,30.0,20.0,18.0,22.0,16.0,21.0,26.0,23.0,20.0,29.0,25.0,25.0,25.0,33.0,17.0,20.0,28.0,32.0,24.0,26.0,22.0
39.0,36.0,25.0,50.0,29.0,34.0,36.0,38.0,40.0,35.0,21.0,39.0,41.0,29.0,40.0,24.0,28.0,38.0,34.0,27.0,43.0,29.0,36.0,28.0,31.0,38.0,35.0,32.0,22.0,41.0,36.0,40.0,24.0,36.0,32.0,30.0,33.0,40.0,24.0,36.0,42.0,37.0,45.0,41.0,34.0,28.0,37.0,38.0,40.0,39.0
22.0,27.0,27.0,43.0,42.0,32.0,26.0,33.0,25.0,34.0,30.0,33.0,29.0,23.0,39.0,28.0,31.0,32.0,36.0,26.0,31.0,25.0,24.0,38.0,28.0,29.0,26.0,32.0,39.0,34.0,25.0,29.0,26.0,30.0,30.0,28.0,23.0,23.0,16.0,31.0,25.0,41.0,27.0,33.0,31.0,26.0,30.0,27.0,31.0,32.0
29.0,23.0,19.0,32.0,25.0,33.0,40.0,28.0,37.0,21.0,33.0,36.0,34.0,25.0,26.0,38.0,30.0,28.0,31.0,27.0,29.0,37.0,32.0,24.0,35.0,35.0,31.0,22.0,25.0,44.0,27.0,24.0,25.0,24.0,28.0,25.0,20.0,36.0,29.0,22.0,33.0,23.0,26.0,22.0,24.0,30.0,28.0,34.0,30.0,23.0
