10,50,1000
16.154164,15.857923,15.364905,16.925407,16.565965,17.453959,18.442711,17.32871,19.940602,16.410594
7.256524,6.821772,9.103096,9.381276,5.389735,7.483925,6.363736,7.482227,9.648388,9.275059
0.0,10.0,20.0,30.0,40.0,50.0,60.0,70.0,80.0,90.0
10.0,0.0,10.0,20.0,30.0,40.0,50.0,60.0,70.0,80.0
20.0,10.0,0.0,10.0,20.0,30.0,40.0,50.0,60.0,70.0
30.0,20.0,10.0,0.0,10.0,20.0,30.0,40.0,50.0,60.0
40.0,30.0,20.0,10.0,0.0,10.0,20.0,30.0,40.0,50.0
50.0,40.0,30.0,20.0,10.0,0.0,10.0,20.0,30.0,40.0
60.0,50.0,40.0,30.0,20.0,10.0,0.0,10.0,20.0,30.0
70.0,60.0,50.0,40.0,30.0,20.0,10.0,0.0,10.0,20.0
80.0,70.0,60.0,50.0,40.0,30.0,20.0,10.0,0.0,10.0
90.0,80.0,70.0,60.0,50.0,40.0,30.0,20.0,10.0,0.0
450.0,400.0,350.0,300.0,250.0,250.0,300.0,350.0,400.0,450.0
0.0,1.0,2.0,3.0,4.0,5.0,6.0,7.0,8.0,9.0
1.0,0.0,1.0,2.0,3.0,4.0,5.0,6.0,7.0,8.0
2.0,1.0,0.0,1.0,2.0,3.0,4.0,5.0,6.0,7.0
3.0,2.0,1.0,0.0,1.0,2.0,3.0,4.0,5.0,6.0
4.0,3.0,2.0,1.0,0.0,1.0,2.0,3.0,4.0,5.0
5.0,4.0,3.0,2.0,1.0,0.0,1.0,2.0,3.0,4.0
6.0,5.0,4.0,3.0,2.0,1.0,0.0,1.0,2.0,3.0
7.0,6.0,5.0,4.0,3.0,2.0,1.0,0.0,1.0,2.0
8.0,7.0,6.0,5.0,4.0,3.0,2.0,1.0,0.0,1.0
9.0,8.0,7.0,6.0,5.0,4.0,3.0,2.0,1.0,0.0
45.0,40.0,35.0,30.0,25.0,25.0,30.0,35.0,40.0,45.0
25.0,28.0,24.0,28.0,28.0,41.0,29.0,31.0,24.0,29.0,26.0,23.0,17.0,32.0,29.0,31.0,22.0,49.0,22.0,28.0,25.0,25.0,27.0,28.0,24.0,23.0,25.0,24.0,31.0,26.0,28.0,37.0,30.0,24.0,31.0,22.0,26.0,27.0,37.0,26.0,27.0,27.0,38.0,18.0,20.0,17.0,20.0,21.0,34.0,28.0
22.0,42.0,25.0,27.0,22.0,29.0,28.0,23.0,21.0,19.0,29.0,28.0,29.0,26.0,29.0,30.0,19.0,20.0,29.0,19.0,27.0,24.0,31.0,20.0,27.0,41.0,26.0,24.0,19.0,24.0,24.0,28.0,18.0,35.0,20.0,18.0,24.0,23.0,21.0,29.0,39.0,24.0,19.0,13.0,22.0,17.0,16.0,25.0,35.0,31.0
36.0,32.0,38.0,30.0,35.0,26.0,31.0,20.0,24.0,31.0,35.0,34.0,30.0,42.0,21.0,31.0,30.0,28.0,34.0,39.0,26.0,37.0,42.0,26.0,27.0,26.0,32.0,25.0,35.0,34.0,31.0,34.0,38.0,33.0,37.0,34.0,26.0,47.0,33.0,38.0,33.0,31.0,35.0,38.0,30.0,36.0,25.0,34.0,26.0,25.0
30.0,30.0,41.0,36.0,33.0,37.0,45.0,22.0,38.0,48.0,39.0,34.0,29.0,33.0,39.0,29.0,22.0,42.0,32.0,34.0,35.0,42.0,28.0,48.0,29.0,34.0,35.0,41.0,41.0,32.0,30.0,29.0,44.0,30.0,29.0,29.0,36.0,34.0,26.0,26.0,35.0,34.0,39.0,31.0,42.0,35.0,35.0,38.0,31.0,35.0
22.0,25.0,20.0,35.0,12.0,26.0,23.0,25.0,27.0,17.0,29.0,22.0,28.0,20.0,19.0,21.0,20.0,15.0,19.0,23.0,24.0,23.0,16.0,26.0,28.0,26.0,26.0,25.0,16.0,25.0,19.0,22.0,17.0,25.0,28.0,20.0,24.0,23.0,29.0,22.0,22.0,19.0,23.0,18.0,28.0,23.0,18.0,21.0,22.0,27.0
34.0,36.0,30.0,27.0,28.0,25.0,36.0,32.0,24.0,29.0,33.0,18.0,31.0,34.0,23.0,35.0,32.0,26.0,24.0,28.0,25.0,29.0,28.0,37.0,36.0,37.0,29.0,37.0,35.0,31.0,26.0,22.0,34.0,23.0,27.0,27.0,23.0,30.0,26.0,27.0,29.0,23.0,29.0,28.0,26.0,25.0,36.0,33.0,26.0,27.0
24.0,23.0,16.0,31.0,28.0,17.0,27.0,22.0,19.0,17.0,15.0,19.0,25.0,17.0,24.0,26.0,19.0,29.0,24.0,25.0,20.0,27.0,35.0,31.0,14.0,22.0,21.0,27.0,24.0,20.0,22.0,25.0,24.0,23.0,25.0,31.0,30.0,23.0,17.0,25.0,32.0,40.0,24.0,24.0,31.0,26.0,24.0,22.0,21.0,36.0
31.0,21.0,32.0,32.0,32.0,28.0,31.0,35.0,29.0,36.0,30.0,25.0,33.0,38.0,32.0,18.0,36.0,24.0,24.0,31.0,29.0,40.0,25.0,36.0,37.0,26.0,34.0,37.0,23.0,25.0,31.0,27.0,27.0,32.0,34.0,28.0,25.0,28.0,47.0,26.0,30.0,27.0,29.0,27.0,25.0,25.0,22.0,25.0,24.0,28.0
37.0,42.0,25.0,43.0,39.0,41.0,46.0,43.0,39.0,46.0,29.0,42.0,45.0,22.0,32.0,36.0,30.0,28.0,37.0,41.0,37.0,41.0,38.0,35.0,28.0,29.0,33.0,40.0,44.0,33.0,31.0,28.0,38.0,28.0,35.0,29.0,21.0,41.0,39.0,30.0,48.0,32.0,47.0,27.0,40.0,28.0,34.0,28.0,53.0,34.0
40.0,32.0,30.0,44.0,35.0,41.0,18.0,40.0,39.0,33.0,30.0,38.0,47.0,35.0,36.0,25.0,34.0,26.0,41.0,37.0,35.0,27.0,30.0,34.0,35.0,27.0,36.0,44.0,32.0,32.0,30.0,28.0,39.0,33.0,39.0,32.0,37.0,44.0,30.0,41.0,36.0,26.0,30.0,37.0,22.0,35.0,32.0,40.0,38.0,22.0
