10,50,1000
15.49192,17.541503,17.11245,18.180774,17.430905,16.884687,16.298663,19.453962,18.637606,17.213897
9.840025,6.151873,9.880947,6.26795,7.671113,5.71347,7.065594,8.461251,8.043068,8.456821
0.0,10.0,20.0,30.0,40.0,50.0,60.0,70.0,80.0,90.0
10.0,0.0,10.0,20.0,30.0,40.0,50.0,60.0,70.0,80.0
20.0,10.0,0.0,10.0,20.0,30.0,40.0,50.0,60.0,70.0
30.0,20.0,10.0,0.0,10.0,20.0,30.0,40.0,50.0,60.0
40.0,30.0,20.0,10.0,0.0,10.0,20.0,30.0,40.0,50.0
50.0,40.0,30.0,20.0,10.0,0.0,10.0,20.0,30.0,40.0
60.0,50.0,40.0,30.0,20.0,10.0,0.0,10.0,20.0,30.0
70.0,60.0,50.0,40.0,30.0,20.0,10.0,0.0,10.0,20.0
80.0,70.0,60.0,50.0,40.0,30.0,20.0,10.0,0.0,10.0
90.0,80.0,70.0,60.0,50.0,40.0,30.0,20.0,10.0,0.0
450.0,400.0,350.0,300.0,250.0,250.0,300.0,350.0,400.0,450.0
0.0,1.0,2.0,3.0,4.0,5.0,6.0,7.0,8.0,9.0
1.0,0.0,1.0,2.0,3.0,4.0,5.0,6.0,7.0,8.0
2.0,1.0,0.0,1.0,2.0,3.0,4.0,5.0,6.0,7.0
3.0,2.0,1.0,0.0,1.0,2.0,3.0,4.0,5.0,6.0
4.0,3.0,2.0,1.0,0.0,1.0,2.0,3.0,4.0,5.0
5.0,4.0,3.0,2.0,1.0,0.0,1.0,2.0,3.0,4.0
6.0,5.0,4.0,3.0,2.0,1.0,0.0,1.0,2.0,3.0
7.0,6.0,5.0,4.0,3.0,2.0,1.0,0.0,1.0,2.0
8.0,7.0,6.0,5.0,4.0,3.0,2.0,1.0,0.0,1.0
9.0,8.0,7.0,6.0,5.0,4.0,3.0,2.0,1.0,0.0
45.0,40.0,35.0,30.0,25.0,25.0,30.0,35.0,40.0,45.0
43.0,46.0,33.0,37.0,37.0,44.0,39.0,44.0,40.0,40.0,37.0,44.0,40.0,34.0,34.0,26.0,31.0,39.0,29.0,28.0,43.0,34.0,33.0,43.0,41.0,36.0,31.0,41.0,36.0,38.0,34.0,35.0,28.0,29.0,26.0,49.0,43.0,44.0,28.0,32.0,33.0,40.0,47.0,41.0,34.0,36.0,40.0,42.0,38.0,31.0
27.0,19.0,27.0,24.0,29.0,28.0,27.0,27.0,40.0,21.0,30.0,16.0,29.0,23.0,33.0,30.0,14.0,29.0,30.0,28.0,22.0,20.0,27.0,25.0,18.0,21.0,25.0,22.0,29.0,27.0,25.0,30.0,32.0,26.0,21.0,40.0,19.0,19.0,14.0,25.0,24.0,20.0,30.0,31.0,22.0,29.0,27.0,30.0,22.0,34.0
34.0,42.0,45.0,32.0,28.0,42.0,32.0,24.0,41.0,35.0,33.0,33.0,40.0,37.0,35.0,26.0,31.0,33.0,40.0,41.0,35.0,49.0,40.0,41.0,37.0,27.0,44.0,35.0,37.0,37.0,29.0,43.0,33.0,22.0,25.0,34.0,29.0,39.0,29.0,35.0,41.0,31.0,22.0,50.0,41.0,43.0,37.0,35.0,45.0,35.0
28.0,24.0,17.0,17.0,25.0,22.0,28.0,29.0,16.0,22.0,32.0,38.0,25.0,17.0,26.0,17.0,23.0,17.0,30.0,26.0,22.0,26.0,20.0,27.0,15.0,27.0,23.0,34.0,28.0,20.0,30.0,29.0,19.0,29.0,21.0,22.0,34.0,28.0,22.0,20.0,22.0,23.0,35.0,19.0,31.0,27.0,24.0,27.0,26.0,18.0
35.0,35.0,18.0,34.0,26.0,23.0,30.0,24.0,26.0,40.0,38.0,34.0,34.0,21.0,22.0,25.0,27.0,31.0,24.0,24.0,27.0,28.0,31.0,29.0,18.0,31.0,38.0,32.0,39.0,29.0,25.0,34.0,29.0,33.0,38.0,37.0,31.0,33.0,27.0,26.0,39.0,36.0,36.0,30.0,20.0,23.0,39.0,39.0,26.0,26.0
23.0,24.0,27.0,25.0,22.0,21.0,23.0,17.0,29.0,25.0,21.0,14.0,21.0,22.0,26.0,21.0,22.0,20.0,28.0,27.0,22.0,20.0,20.0,16.0,33.0,28.0,19.0,29.0,21.0,16.0,20.0,16.0,26.0,20.0,21.0,14.0,26.0,21.0,13.0,14.0,18.0,19.0,31.0,31.0,33.0,26.0,16.0,25.0,26.0,18.0
24.0,22.0,24.0,20.0,23.0,19.0,37.0,29.0,30.0,20.0,32.0,30.0,29.0,27.0,32.0,33.0,20.0,31.0,25.0,29.0,26.0,18.0,25.0,34.0,27.0,23.0,28.0,27.0,24.0,27.0,22.0,25.0,25.0,30.0,21.0,15.0,35.0,30.0,27.0,18.0,18.0,28.0,32.0,25.0,36.0,28.0,26.0,28.0,32.0,27.0
34.0,29.0,33.0,30.0,34.0,31.0,23.0,35.0,34.0,29.0,41.0,36.0,28.0,33.0,31.0,33.0,26.0,28.0,28.0,29.0,37.0,20.0,44.0,27.0,40.0,32.0,30.0,32.0,38.0,36.0,42.0,29.0,21.0,40.0,38.0,35.0,38.0,34.0,33.0,44.0,23.0,35.0,28.0,42.0,21.0,36.0,33.0,31.0,34.0,36.0
24.0,29.0,32.0,24.0,27.0,30.0,26.0,31.0,34.0,23.0,33.0,35.0,40.0,35.0,35.0,20.0,28.0,22.0,42.0,25.0,31.0,30.0,38.0,35.0,32.0,33.0,37.0,28.0,26.0,22.0,36.0,27.0,34.0,31.0,29.0,41.0,35.0,38.0,39.0,35.0,32.0,39.0,34.0,24.0,26.0,31.0,34.0,34.0,32.0,34.0
31.0,27.0,41.0,29.0,32.0,25.0,36.0,40.0,29.0,36.0,35.0,38.0,38.0,35.0,28.0,27.0,33.0,30.0,28.0,30.0,30.0,20.0,35.0,42.0,28.0,28.0,35.0,26.0,37.0,27.0,34.0,21.0,38.0,39.0,30.0,32.0,24.0,41.0,27.0,42.0,37.0,31.0,36.0,35.0,41.0,35.0,24.0,25.0,28.0,30.0
