10,50,1000
16.191583,16.460845,17.36812,19.256383,16.747732,18.299843,19.789759,17.78917,18.093947,19.296138
8.299321,5.095021,5.290489,6.489973,5.151643,9.841973,7.984566,9.34989,7.21387,8.322781
0.0,10.0,20.0,30.0,40.0,50.0,60.0,70.0,80.0,90.0
10.0,0.0,10.0,20.0,30.0,40.0,50.0,60.0,70.0,80.0
20.0,10.0,0.0,10.0,20.0,30.0,40.0,50.0,60.0,70.0
30.0,20.0,10.0,0.0,10.0,20.0,30.0,40.0,50.0,60.0
40.0,30.0,20.0,10.0,0.0,10.0,20.0,30.0,40.0,50.0
50.0,40.0,30.0,20.0,10.0,0.0,10.0,20.0,30.0,40.0
60.0,50.0,40.0,30.0,20.0,10.0,0.0,10.0,20.0,30.0
70.0,60.0,50.0,40.0,30.0,20.0,10.0,0.0,10.0,20.0
80.0,70.0,60.0,50.0,40.0,30.0,20.0,10.0,0.0,10.0
90.0,80.0,70.0,60.0,50.0,40.0,30.0,20.0,10.0,0.0
450.0,400.0,350.0,300.0,250.0,250.0,300.0,350.0,400.0,450.0
0.0,1.0,2.0,3.0,4.0,5.0,6.0,7.0,8.0,9.0
1.0,0.0,1.0,2.0,3.0,4.0,5.0,6.0,7.0,8.0
2.0,1.0,0.0,1.0,2.0,3.0,4.0,5.0,6.0,7.0
3.0,2.0,1.0,0.0,1.0,2.0,3.0,4.0,5.0,6.0
4.0,3.0,2.0,1.0,0.0,1.0,2.0,3.0,4.0,5.0
5.0,4.0,3.0,2.0,1.0,0.0,1.0,2.0,3.0,4.0
6.0,5.0,4.0,3.0,2.0,1.0,0.0,1.0,2.0,3.0
7.0,6.0,5.0,4.0,3.0,2.0,1.0,0.0,1.0,2.0
8.0,7.0,6.0,5.0,4.0,3.0,2.0,1.0,0.0,1.0
9.0,8.0,7.0,6.0,5.0,4.0,3.0,2.0,1.0,0.0
45.0,40.0,35.0,30.0,25.0,25.0,30.0,35.0,40.0,45.0
26.0,36.0,36.0,28.0,25.0,29.0,34.0,37.0,24.0,24.0,32.0,27.0,24.0,36.0,28.0,38.0,35.0,31.0,27.0,37.0,30.0,29.0,22.0,30.0,29.0,34.0,23.0,19.0,33.0,34.0,29.0,37.0,32.0,28.0,32.0,29.0,28.0,17.0,27.0,26.0,30.0,24.0,27.0,34.0,25.0,33.0,24.0,27.0,32.0,38.0
17.0,24.0,19.0,22.0,21.0,24.0,12.0,13.0,28.0,24.0,12.0,11.0,26.0,21.0,15.0,19.0,26.0,25.0,30.0,22.0,16.0,15.0,18.0,19.0,22.0,18.0,20.0,21.0,20.0,20.0,15.0,32.0,24.0,22.0,30.0,30.0,18.0,20.0,25.0,12.0,26.0,19.0,29.0,27.0,27.0,19.0,17.0,28.0,26.0,20.0
20.0,28.0,21.0,18.0,17.0,19.0,34.0,30.0,21.0,34.0,25.0,17.0,22.0,16.0,21.0,17.0,20.0,26.0,20.0,21.0,23.0,18.0,22.0,31.0,33.0,19.0,35.0,25.0,22.0,23.0,19.0,24.0,25.0,18.0,21.0,26.0,19.0,25.0,18.0,20.0,36.0,21.0,22.0,24.0,21.0,34.0,27.0,22.0,14.0,17.0
28.0,22.0,25.0,32.0,24.0,30.0,27.0,30.0,31.0,24.0,29.0,22.0,21.0,24.0,27.0,31.0,25.0,29.0,25.0,21.0,27.0,26.0,20.0,26.0,26.0,29.0,21.0,28.0,29.0,25.0,23.0,24.0,33.0,19.0,21.0,31.0,21.0,29.0,22.0,25.0,23.0,32.0,21.0,36.0,25.0,30.0,26.0,28.0,39.0,27.0
15.0,13.0,12.0,18.0,21.0,24.0,26.0,20.0,14.0,15.0,29.0,16.0,17.0,15.0,24.0,19.0,15.0,22.0,20.0,14.0,24.0,20.0,24.0,14.0,24.0,20.0,23.0,18.0,21.0,15.0,13.0,19.0,13.0,13.0,21.0,15.0,23.0,18.0,24.0,17.0,20.0,25.0,18.0,22.0,23.0,25.0,21.0,23.0,24.0,26.0
35.0,46.0,41.0,32.0,33.0,33.0,34.0,33.0,47.0,42.0,27.0,37.0,41.0,33.0,30.0,32.0,40.0,46.0,28.0,36.0,39.0,31.0,41.0,40.0,35.0,27.0,32.0,48.0,38.0,26.0,34.0,34.0,27.0,27.0,42.0,45.0,38.0,42.0,36.0,41.0,35.0,39.0,30.0,34.0,38.0,33.0,35.0,28.0,32.0,34.0
32.0,32.0,31.0,29.0,33.0,31.0,33.0,39.0,26.0,29.0,36.0,29.0,24.0,33.0,30.0,32.0,26.0,41.0,18.0,25.0,24.0,32.0,32.0,38.0,35.0,32.0,36.0,19.0,32.0,33.0,35.0,22.0,19.0,40.0,33.0,22.0,25.0,28.0,27.0,27.0,20.0,29.0,27.0,32.0,44.0,35.0,27.0,30.0,37.0,31.0
41.0,26.0,38.0,34.0,32.0,34.0,29.0,38.0,35.0,32.0,36.0,49.0,46.0,41.0,38.0,33.0,34.0,40.0,34.0,33.0,42.0,40.0,33.0,30.0,31.0,34.0,40.0,28.0,35.0,27.0,31.0,33.0,31.0,28.0,40.0,39.0,40.0,41.0,34.0,38.0,32.0,36.0,33.0,28.0,33.0,41.0,45.0,29.0,28.0,32.0
29.0,25.0,28.0,26.0,31.0,29.0,26.0,31.0,23.0,19.0,38.0,29.0,24.0,28.0,33.0,26.0,33.0,30.0,21.0,30.0,21.0,29.0,34.0,19.0,25.0,30.0,29.0,21.0,30.0,28.0,30.0,28.0,36.0,21.0,21.0,26.0,20.0,12.0,25.0,33.0,32.0,23.0,26.0,16.0,24.0,41.0,32.0,29.0,20.0,25.0
30.0,27.0,24.0,24.0,44.0,36.0,33.0,43.0,32.0,27.0,36.0,24.0,44.0,28.0,34.0,31.0,34.0,32.0,40.0,37.0,32.0,29.0,37.0,27.0,28.0,33.0,35.0,35.0,36.0,27.0,37.0,25.0,29.0,37.0,33.0,41.0,33.0,32.0,28.0,40.0,35.0,36.0,41.0,27.0,26.0,32.0,33.0,19.0,37.0,35.0
