10,50,1000
19.660561,17.380185,19.111755,18.475078,19.316459,15.134158,18.947572,19.369465,17.187102,18.723377
6.733891,8.306264,7.260335,7.369359,8.31307,8.61698,9.998616,6.197591,5.692832,8.825522
0.0,10.0,20.0,30.0,40.0,50.0,60.0,70.0,80.0,90.0
10.0,0.0,10.0,20.0,30.0,40.0,50.0,60.0,70.0,80.0
20.0,10.0,0.0,10.0,20.0,30.0,40.0,50.0,60.0,70.0
30.0,20.0,10.0,0.0,10.0,20.0,30.0,40.0,50.0,60.0
40.0,30.0,20.0,10.0,0.0,10.0,20.0,30.0,40.0,50.0
50.0,40.0,30.0,20.0,10.0,0.0,10.0,20.0,30.0,40.0
60.0,50.0,40.0,30.0,20.0,10.0,0.0,10.0,20.0,30.0
70.0,60.0,50.0,40.0,30.0,20.0,10.0,0.0,10.0,20.0
80.0,70.0,60.0,50.0,40.0,30.0,20.0,10.0,0.0,10.0
90.0,80.0,70.0,60.0,50.0,40.0,30.0,20.0,10.0,0.0
450.0,400.0,350.0,300.0,250.0,250.0,300.0,350.0,400.0,450.0
0.0,1.0,2.0,3.0,4.0,5.0,6.0,7.0,8.0,9.0
1.0,0.0,1.0,2.0,3.0,4.0,5.0,6.0,7.0,8.0
2.0,1.0,0.0,1.0,2.0,3.0,4.0,5.0,6.0,7.0
3.0,2.0,1.0,0.0,1.0,2.0,3.0,4.0,5.0,6.0
4.0,3.0,2.0,1.0,0.0,1.0,2.0,3.0,4.0,5.0
5.0,4.0,3.0,2.0,1.0,0.0,1.0,2.0,3.0,4.0
6.0,5.0,4.0,3.0,2.0,1.0,0.0,1.0,2.0,3.0
7.0,6.0,5.0,4.0,3.0,2.0,1.0,0.0,1.0,2.0
8.0,7.0,6.0,5.0,4.0,3.0,2.0,1.0,0.0,1.0
9.0,8.0,7.0,6.0,5.0,4.0,3.0,2.0,1.0,0.0
45.0,40.0,35.0,30.0,25.0,25.0,30.0,35.0,40.0,45.0
23.0,24.0,28.0,26.0,23.0,25.0,25.0,32.0,24.0,27.0,25.0,33.0,27.0,26.0,26.0,30.0,30.0,40.0,21.0,24.0,31.0,28.0,28.0,33.0,24.0,24.0,28.0,26.0,27.0,32.0,27.0,20.0,26.0,30.0,24.0,28.0,32.0,23.0,25.0,17.0,27.0,27.0,23.0,27.0,24.0,24.0,26.0,27.0,30.0,29.0
34.0,27.0,30.0,34.0,28.0,27.0,37.0,39.0,29.0,36.0,36.0,29.0,32.0,28.0,34.0,30.0,32.0,33.0,34.0,28.0,28.0,30.0,35.0,26.0,28.0,28.0,21.0,26.0,35.0,32.0,38.0,37.0,32.0,32.0,34.0,27.0,24.0,27.0,29.0,28.0,32.0,37.0,27.0,30.0,20.0,36.0,30.0,35.0,31.0,40.0
27.0,35.0,26.0,29.0,33.0,28.0,29.0,23.0,23.0,32.0,35.0,29.0,34.0,26.0,38.0,21.0,30.0,25.0,35.0,35.0,29.0,29.0,33.0,27.0,37.0,28.0,28.0,24.0,29.0,29.0,25.0,35.0,32.0,31.0,34.0,26.0,25.0,27.0,22.0,30.0,25.0,31.0,25.0,34.0,24.0,25.0,43.0,29.0,33.0,28.0
34.0,29.0,36.0,36.0,34.0,39.0,26.0,27.0,23.0,35.0,31.0,30.0,28.0,24.0,30.0,35.0,30.0,30.0,29.0,27.0,34.0,39.0,29.0,26.0,38.0,28.0,28.0,31.0,28.0,35.0,17.0,31.0,26.0,31.0,31.0,32.0,26.0,29.0,33.0,29.0,25.0,36.0,35.0,32.0,34.0,32.0,29.0,18.0,24.0,28.0
32.0,33.0,27.0,32.0,41.0,40.0,26.0,27.0,30.0,31.0,40.0,26.0,31.0,28.0,30.0,29.0,28.0,29.0,31.0,31.0,30.0,39.0,31.0,28.0,36.0,36.0,24.0,32.0,27.0,37.0,26.0,33.0,32.0,36.0,24.0,24.0,27.0,26.0,25.0,36.0,27.0,29.0,32.0,31.0,29.0,27.0,34.0,32.0,34.0,23.0
42.0,37.0,32.0,30.0,38.0,29.0,35.0,38.0,32.0,30.0,29.0,21.0,38.0,35.0,33.0,37.0,32.0,39.0,28.0,29.0,35.0,27.0,31.0,24.0,35.0,36.0,21.0,39.0,40.0,33.0,22.0,37.0,43.0,33.0,37.0,30.0,27.0,28.0,39.0,31.0,27.0,42.0,37.0,32.0,28.0,32.0,33.0,25.0,21.0,31.0
30.0,41.0,44.0,39.0,37.0,43.0,36.0,38.0,40.0,32.0,44.0,42.0,29.0,36.0,33.0,25.0,65.0,23.0,30.0,36.0,29.0,40.0,41.0,38.0,39.0,43.0,43.0,43.0,35.0,33.0,31.0,40.0,46.0,30.0,38.0,32.0,42.0,39.0,44.0,36.0,40.0,34.0,27.0,34.0,32.0,37.0,34.0,41.0,37.0,28.0
19.0,26.0,13.0,34.0,21.0,29.0,32.0,20.0,31.0,39.0,30.0,32.0,27.0,27.0,25.0,22.0,31.0,21.0,19.0,25.0,30.0,26.0,28.0,27.0,24.0,28.0,14.0,25.0,22.0,18.0,23.0,27.0,30.0,14.0,24.0,27.0,26.0,26.0,29.0,25.0,31.0,28.0,32.0,26.0,31.0,23.0,28.0,26.0,20.0,24.0
19.0,15.0,24.0,23.0,32.0,16.0,12.0,27.0,18.0,14.0,28.0,20.0,25.0,25.0,13.0,24.0,27.0,26.0,16.0,27.0,27.0,21.0,27.0,24.0,18.0,25.0,32.0,28.0,21.0,29.0,26.0,27.0,25.0,20.0,29.0,19.0,26.0,24.0,35.0,19.0,24.0,18.0,26.0,13.0,20.0,27.0,31.0,27.0,21.0,19.0
31.0,26.0,25.0,37.0,41.0,32.0,34.0,41.0,38.0,35.0,31.0,41.0,26.0,24.0,39.0,33.0,26.0,32.0,33.0,48.0,33.0,33.0,31.0,40.0,34.0,33.0,30.0,38.0,24.0,32.0,33.0,29.0,45.0,28.0,30.0,22.0,35.0,34.0,29.0,30.0,38.0,27.0,48.0,29.0,34.0,26.0,44.0,25.0,39.0,30.0
