10,50,1000
18.398079,17.88847,16.229653,19.811615,18.589864,18.329446,16.511402,15.31783,19.880609,18.983517
7.76177,7.641043,9.123109,7.949438,7.058133,8.375199,7.719729,9.673892,6.766272,6.908036
0.0,10.0,20.0,30.0,40.0,50.0,60.0,70.0,80.0,90.0
10.0,0.0,10.0,20.0,30.0,40.0,50.0,60.0,70.0,80.0
20.0,10.0,0.0,10.0,20.0,30.0,40.0,50.0,60.0,70.0
30.0,20.0,10.0,0.0,10.0,20.0,30.0,40.0,50.0,60.0
40.0,30.0,20.0,10.0,0.0,10.0,20.0,30.0,40.0,50.0
50.0,40.0,30.0,20.0,10.0,0.0,10.0,20.0,30.0,40.0
60.0,50.0,40.0,30.0,20.0,10.0,0.0,10.0,20.0,30.0
70.0,60.0,50.0,40.0,30.0,20.0,10.0,0.0,10.0,20.0
80.0,70.0,60.0,50.0,40.0,30.0,20.0,10.0,0.0,10.0
90.0,80.0,70.0,60.0,50.0,40.0,30.0,20.0,10.0,0.0
450.0,400.0,350.0,300.0,250.0,250.0,300.0,350.0,400.0,450.0
0.0,1.0,2.0,3.0,4.0,5.0,6.0,7.0,8.0,9.0
1.0,0.0,1.0,2.0,3.0,4.0,5.0,6.0,7.0,8.0
2.0,1.0,0.0,1.0,2.0,3.0,4.0,5.0,6.0,7.0
3.0,2.0,1.0,0.0,1.0,2.0,3.0,4.0,5.0,6.0
4.0,3.0,2.0,1.0,0.0,1.0,2.0,3.0,4.0,5.0
5.0,4.0,3.0,2.0,1.0,0.0,1.0,2.0,3.0,4.0
6.0,5.0,4.0,3.0,2.0,1.0,0.0,1.0,2.0,3.0
7.0,6.0,5.0,4.0,3.0,2.0,1.0,0.0,1.0,2.0
8.0,7.0,6.0,5.0,4.0,3.0,2.0,1.0,0.0,1.0
9.0,8.0,7.0,6.0,5.0,4.0,3.0,2.0,1.0,0.0
45.0,40.0,35.0,30.0,25.0,25.0,30.0,35.0,40.0,45.0
41.0,24.0,32.0,28.0,30.0,35.0,26.0,35.0,24.0,29.0,26.0,21.0,32.0,37.0,31.0,26.0,32.0,33.0,27.0,32.0,34.0,32.0,37.0,41.0,23.0,28.0,28.0,32.0,34.0,27.0,32.0,18.0,33.0,19.0,38.0,42.0,30.0,26.0,29.0,30.0,31.0,30.0,31.0,22.0,28.0,22.0,31.0,28.0,39.0,24.0
29.0,26.0,19.0,26.0,32.0,20.0,38.0,31.0,24.0,32.0,26.0,27.0,31.0,24.0,33.0,38.0,36.0,30.0,33.0,28.0,30.0,41.0,35.0,32.0,27.0,34.0,31.0,22.0,22.0,29.0,18.0,24.0,25.0,18.0,27.0,29.0,32.0,33.0,26.0,26.0,29.0,31.0,35.0,31.0,27.0,31.0,30.0,25.0,25.0,26.0
28.0,34.0,29.0,32.0,42.0,41.0,30.0,41.0,40.0,36.0,44.0,39.0,32.0,39.0,25.0,31.0,36.0,34.0,35.0,34.0,45.0,33.0,35.0,27.0,36.0,40.0,27.0,47.0,31.0,49.0,32.0,39.0,34.0,38.0,30.0,40.0,28.0,35.0,30.0,45.0,27.0,32.0,36.0,38.0,34.0,33.0,28.0,29.0,35.0,42.0
31.0,42.0,27.0,30.0,35.0,24.0,33.0,38.0,36.0,39.0,29.0,25.0,25.0,34.0,21.0,30.0,26.0,41.0,24.0,38.0,32.0,40.0,37.0,30.0,34.0,27.0,35.0,30.0,33.0,28.0,21.0,26.0,27.0,31.0,31.0,24.0,39.0,32.0,26.0,32.0,35.0,27.0,18.0,31.0,40.0,31.0,32.0,40.0,28.0,19.0
20.0,34.0,22.0,21.0,27.0,34.0,31.0,30.0,38.0,22.0,32.0,29.0,28.0,28.0,32.0,29.0,30.0,26.0,23.0,26.0,32.0,24.0,17.0,25.0,22.0,26.0,32.0,25.0,25.0,30.0,31.0,33.0,36.0,20.0,26.0,23.0,23.0,26.0,33.0,37.0,33.0,33.0,35.0,28.0,28.0,27.0,28.0,27.0,19.0,30.0
36.0,50.0,44.0,30.0,29.0,29.0,24.0,26.0,24.0,32.0,26.0,35.0,28.0,40.0,33.0,31.0,22.0,33.0,34.0,32.0,40.0,34.0,31.0,24.0,29.0,31.0,36.0,30.0,28.0,29.0,26.0,30.0,32.0,30.0,46.0,29.0,25.0,36.0,28.0,35.0,34.0,37.0,26.0,41.0,24.0,27.0,34.0,30.0,30.0,35.0
34.0,27.0,30.0,31.0,35.0,19.0,41.0,29.0,25.0,35.0,25.0,27.0,28.0,25.0,24.0,27.0,28.0,30.0,33.0,31.0,25.0,27.0,23.0,27.0,25.0,17.0,30.0,20.0,29.0,33.0,27.0,20.0,33.0,32.0,45.0,30.0,26.0,35.0,30.0,28.0,35.0,22.0,36.0,35.0,33.0,30.0,26.0,25.0,34.0,27.0
34.0,36.0,27.0,39.0,38.0,34.0,40.0,37.0,26.0,38.0,38.0,36.0,34.0,39.0,27.0,46.0,42.0,31.0,33.0,42.0,45.0,32.0,31.0,40.0,36.0,39.0,33.0,33.0,29.0,27.0,39.0,32.0,39.0,30.0,40.0,37.0,44.0,38.0,30.0,39.0,32.0,39.0,28.0,26.0,29.0,28.0,38.0,31.0,37.0,30.0
34.0,24.0,28.0,29.0,31.0,27.0,27.0,18.0,22.0,28.0,27.0,38.0,29.0,35.0,29.0,26.0,22.0,34.0,32.0,32.0,28.0,27.0,30.0,26.0,30.0,21.0,23.0,25.0,22.0,17.0,24.0,29.0,21.0,27.0,29.0,24.0,22.0,23.0,30.0,35.0,30.0,33.0,25.0,26.0,20.0,34.0,24.0,16.0,32.0,27.0
32.0,24.0,25.0,33.0,31.0,24.0,33.0,23.0,32.0,33.0,26.0,23.0,27.0,22.0,26.0,27.0,23.0,29.0,26.0,21.0,29.0,19.0,22.0,22.0,24.0,35.0,32.0,33.0,32.0,32.0,17.0,27.0,27.0,28.0,30.0,26.0,27.0,27.0,26.0,24.0,19.0,21.0,29.0,24.0,22.0,22.0,25.0,29.0,22.0,21.0
