10,50,1000
16.081854,15.57995,15.37538,18.235833,15.375566,15.987933,19.783446,16.857313,18.479573,17.777885
5.64864,8.872973,9.698526,5.038674,6.027779,8.392416,9.25514,9.304262,8.379375,5.3445
0.0,10.0,20.0,30.0,40.0,50.0,60.0,70.0,80.0,90.0
10.0,0.0,10.0,20.0,30.0,40.0,50.0,60.0,70.0,80.0
20.0,10.0,0.0,10.0,20.0,30.0,40.0,50.0,60.0,70.0
30.0,20.0,10.0,0.0,10.0,20.0,30.0,40.0,50.0,60.0
40.0,30.0,20.0,10.0,0.0,10.0,20.0,30.0,40.0,50.0
50.0,40.0,30.0,20.0,10.0,0.0,10.0,20.0,30.0,40.0
60.0,50.0,40.0,30.0,20.0,10.0,0.0,10.0,20.0,30.0
70.0,60.0,50.0,40.0,30.0,20.0,10.0,0.0,10.0,20.0
80.0,70.0,60.0,50.0,40.0,30.0,20.0,10.0,0.0,10.0
90.0,80.0,70.0,60.0,50.0,40.0,30.0,20.0,10.0,0.0
450.0,400.0,350.0,300.0,250.0,250.0,300.0,350.0,400.0,450.0
0.0,1.0,2.0,3.0,4.0,5.0,6.0,7.0,8.0,9.0
1.0,0.0,1.0,2.0,3.0,4.0,5.0,6.0,7.0,8.0
2.0,1.0,0.0,1.0,2.0,3.0,4.0,5.0,6.0,7.0
3.0,2.0,1.0,0.0,1.0,2.0,3.0,4.0,5.0,6.0
4.0,3.0,2.0,1.0,0.0,1.0,2.0,3.0,4.0,5.0
5.0,4.0,3.0,2.0,1.0,0.0,1.0,2.0,3.0,4.0
6.0,5.0,4.0,3.0,2.0,1.0,0.0,1.0,2.0,3.0
7.0,6.0,5.0,4.0,3.0,2.0,1.0,0.0,1.0,2.0
8.0,7.0,6.0,5.0,4.0,3.0,2.0,1.0,0.0,1.0
9.0,8.0,7.0,6.0,5.0,4.0,3.0,2.0,1.0,0.0
45.0,40.0,35.0,30.0,25.0,25.0,30.0,35.0,40.0,45.0
14.0,23.0,21.0,21.0,23.0,21.0,25.0,16.0,24.0,17.0,20.0,25.0,23.0,22.0,23.0,31.0,20.0,29.0,31.0,25.0,19.0,16.0,26.0,21.0,21.0,25.0,24.0,21.0,25.0,22.0,18.0,12.0,28.0,29.0,16.0,22.0,24.0,12.0,31.0,17.0,30.0,21.0,28.0,12.0,17.0,22.0,29.0,21.0,28.0,23.0
32.0,35.0,37.0,33.0,39.0,35.0,27.0,26.0,37.0,36.0,26.0,33.0,41.0,24.0,29.0,30.0,48.0,36.0,35.0,29.0,28.0,37.0,28.0,38.0,30.0,35.0,41.0,30.0,32.0,36.0,31.0,30.0,30.0,32.0,33.0,34.0,36.0,43.0,42.0,33.0,30.0,32.0,34.0,27.0,31.0,32.0,33.0,31.0,41.0,39.0
36.0,34.0,31.0,33.0,35.0,38.0,21.0,42.0,40.0,49.0,39.0,32.0,31.0,41.0,36.0,30.0,43.0,36.0,33.0,43.0,34.0,27.0,25.0,28.0,38.0,35.0,35.0,36.0,49.0,31.0,33.0,31.0,36.0,37.0,33.0,29.0,38.0,40.0,34.0,32.0,34.0,34.0,40.0,49.0,27.0,38.0,38.0,36.0,27.0,31.0
18.0,19.0,24.0,17.0,17.0,23.0,18.0,17.0,20.0,23.0,25.0,21.0,14.0,15.0,21.0,26.0,19.0,26.0,18.0,20.0,16.0,19.0,17.0,14.0,19.0,21.0,25.0,14.0,20.0,21.0,21.0,23.0,18.0,18.0,24.0,24.0,24.0,24.0,30.0,23.0,23.0,28.0,27.0,26.0,14.0,20.0,17.0,16.0,23.0,24.0
26.0,23.0,14.0,21.0,29.0,27.0,19.0,22.0,26.0,17.0,24.0,29.0,19.0,23.0,24.0,28.0,26.0,18.0,34.0,22.0,26.0,30.0,19.0,22.0,19.0,23.0,24.0,17.0,27.0,20.0,26.0,18.0,21.0,25.0,27.0,25.0,23.0,30.0,26.0,25.0,23.0,20.0,18.0,26.0,15.0,22.0,26.0,28.0,23.0,29.0
36.0,24.0,32.0,33.0,26.0,30.0,22.0,27.0,33.0,45.0,29.0,30.0,35.0,20.0,29.0,30.0,30.0,27.0,26.0,43.0,36.0,27.0,32.0,22.0,40.0,39.0,28.0,27.0,31.0,22.0,33.0,27.0,32.0,28.0,37.0,32.0,36.0,27.0,36.0,20.0,37.0,35.0,37.0,34.0,31.0,32.0,29.0,29.0,26.0,31.0
29.0,41.0,35.0,38.0,31.0,51.0,44.0,31.0,29.0,43.0,34.0,31.0,25.0,33.0,52.0,34.0,34.0,24.0,43.0,25.0,57.0,40.0,45.0,43.0,32.0,35.0,40.0,41.0,36.0,32.0,47.0,40.0,37.0,32.0,34.0,34.0,40.0,43.0,39.0,37.0,39.0,28.0,28.0,38.0,48.0,35.0,33.0,33.0,37.0,39.0
34.0,43.0,37.0,30.0,25.0,26.0,39.0,22.0,28.0,33.0,32.0,27.0,38.0,32.0,35.0,25.0,34.0,32.0,48.0,26.0,43.0,37.0,28.0,27.0,31.0,30.0,35.0,26.0,34.0,32.0,30.0,27.0,33.0,31.0,30.0,33.0,30.0,26.0,34.0,33.0,40.0,39.0,27.0,33.0,30.0,28.0,39.0,35.0,31.0,34.0
25.0,27.0,29.0,32.0,29.0,33.0,35.0,32.0,25.0,30.0,24.0,23.0,37.0,36.0,38.0,27.0,34.0,25.0,35.0,29.0,27.0,31.0,39.0,24.0,35.0,32.0,30.0,42.0,47.0,23.0,30.0,27.0,41.0,29.0,32.0,32.0,37.0,30.0,33.0,30.0,27.0,39.0,32.0,20.0,36.0,21.0,32.0,34.0,36.0,33.0
34.0,24.0,26.0,26.0,30.0,23.0,16.0,20.0,20.0,22.0,29.0,18.0,11.0,18.0,19.0,17.0,16.0,29.0,24.0,19.0,27.0,34.0,17.0,25.0,22.0,21.0,17.0,19.0,19.0,28.0,15.0,26.0,18.0,19.0,23.0,30.0,21.0,30.0,23.0,18.0,13.0,21.0,29.0,19.0,23.0,26.0,30.0,32.0,28.0,15.0
