10,50,1000
16.707681,17.328806,15.22697,18.749334,15.529844,17.237036,17.753152,17.483317,18.307823,19.544521
8.525806,9.124679,8.014853,5.195252,9.445081,7.054124,9.166987,5.443426,6.360271,8.314246
0.0,10.0,20.0,30.0,40.0,50.0,60.0,70.0,80.0,90.0
10.0,0.0,10.0,20.0,30.0,40.0,50.0,60.0,70.0,80.0
20.0,10.0,0.0,10.0,20.0,30.0,40.0,50.0,60.0,70.0
30.0,20.0,10.0,0.0,10.0,20.0,30.0,40.0,50.0,60.0
40.0,30.0,20.0,10.0,0.0,10.0,20.0,30.0,40.0,50.0
50.0,40.0,30.0,20.0,10.0,0.0,10.0,20.0,30.0,40.0
60.0,50.0,40.0,30.0,20.0,10.0,0.0,10.0,20.0,30.0
70.0,60.0,50.0,40.0,30.0,20.0,10.0,0.0,10.0,20.0
80.0,70.0,60.0,50.0,40.0,30.0,20.0,10.0,0.0,10.0
90.0,80.0,70.0,60.0,50.0,40.0,30.0,20.0,10.0,0.0
450.0,400.0,350.0,300.0,250.0,250.0,300.0,350.0,400.0,450.0
0.0,1.0,2.0,3.0,4.0,5.0,6.0,7.0,8.0,9.0
1.0,0.0,1.0,2.0,3.0,4.0,5.0,6.0,7.0,8.0
2.0,1.0,0.0,1.0,2.0,3.0,4.0,5.0,6.0,7.0
3.0,2.0,1.0,0.0,1.0,2.0,3.0,4.0,5.0,6.0
4.0,3.0,2.0,1.0,0.0,1.0,2.0,3.0,4.0,5.0
5.0,4.0,3.0,2.0,1.0,0.0,1.0,2.0,3.0,4.0
6.0,5.0,4.0,3.0,2.0,1.0,0.0,1.0,2.0,3.0
7.0,6.0,5.0,4.0,3.0,2.0,1.0,0.0,1.0,2.0
8.0,7.0,6.0,5.0,4.0,3.0,2.0,1.0,0.0,1.0
9.0,8.0,7.0,6.0,5.0,4.0,3.0,2.0,1.0,0.0
45.0,40.0,35.0,30.0,25.0,25.0,30.0,35.0,40.0,45.0
26.0,37.0,29.0,29.0,36.0,24.0,28.0,31.0,31.0,38.0,29.0,30.0,27.0,31.0,26.0,32.0,44.0,31.0,28.0,36.0,24.0,18.0,29.0,29.0,24.0,28.0,34.0,31.0,27.0,33.0,27.0,33.0,25.0,38.0,31.0,34.0,39.0,31.0,34.0,36.0,34.0,24.0,37.0,37.0,33.0,32.0,37.0,27.0,30.0,18.0
34.0,34.0,34.0,24.0,31.0,26.0,41.0,30.0,32.0,22.0,24.0,33.0,28.0,36.0,37.0,43.0,34.0,36.0,40.0,40.0,32.0,40.0,32.0,30.0,45.0,40.0,53.0,40.0,31.0,32.0,43.0,30.0,26.0,32.0,29.0,33.0,34.0,30.0,37.0,39.0,42.0,36.0,19.0,29.0,38.0,24.0,34.0,30.0,33.0,36.0
28.0,31.0,31.0,36.0,31.0,29.0,18.0,32.0,39.0,20.0,39.0,41.0,31.0,36.0,38.0,29.0,36.0,29.0,26.0,33.0,27.0,20.0,28.0,27.0,31.0,25.0,24.0,36.0,34.0,38.0,32.0,36.0,27.0,30.0,33.0,22.0,23.0,28.0,20.0,38.0,30.0,31.0,35.0,35.0,30.0,25.0,23.0,36.0,25.0,32.0
26.0,21.0,18.0,22.0,23.0,22.0,19.0,26.0,21.0,18.0,23.0,22.0,14.0,31.0,18.0,17.0,17.0,17.0,24.0,18.0,23.0,20.0,21.0,26.0,22.0,19.0,21.0,21.0,23.0,22.0,19.0,14.0,18.0,18.0,25.0,20.0,24.0,13.0,18.0,12.0,26.0,21.0,24.0,28.0,21.0,21.0,25.0,27.0,22.0,23.0
39.0,32.0,35.0,27.0,35.0,28.0,17.0,31.0,29.0,29.0,38.0,34.0,34.0,32.0,41.0,25.0,24.0,27.0,24.0,37.0,39.0,34.0,39.0,41.0,35.0,34.0,37.0,37.0,32.0,36.0,27.0,37.0,26.0,29.0,34.0,31.0,42.0,25.0,37.0,45.0,29.0,36.0,36.0,24.0,30.0,19.0,28.0,34.0,35.0,32.0
21.0,31.0,26.0,26.0,28.0,29.0,34.0,27.0,34.0,31.0,24.0,28.0,29.0,27.0,18.0,31.0,31.0,25.0,18.0,26.0,24.0,19.0,28.0,32.0,32.0,30.0,27.0,25.0,25.0,25.0,23.0,28.0,27.0,25.0,25.0,20.0,21.0,22.0,34.0,31.0,25.0,23.0,37.0,22.0,21.0,27.0,27.0,30.0,38.0,18.0
29.0,47.0,34.0,28.0,45.0,36.0,41.0,38.0,39.0,30.0,36.0,36.0,33.0,33.0,26.0,36.0,37.0,45.0,37.0,36.0,29.0,28.0,35.0,35.0,27.0,32.0,36.0,33.0,30.0,27.0,27.0,19.0,32.0,30.0,35.0,37.0,33.0,36.0,29.0,28.0,40.0,32.0,29.0,32.0,33.0,33.0,40.0,20.0,35.0,26.0
27.0,24.0,19.0,23.0,25.0,21.0,21.0,12.0,23.0,19.0,28.0,24.0,18.0,21.0,21.0,23.0,22.0,18.0,16.0,25.0,14.0,23.0,31.0,25.0,28.0,19.0,26.0,17.0,20.0,22.0,21.0,22.0,21.0,25.0,15.0,21.0,19.0,20.0,20.0,24.0,25.0,30.0,22.0,17.0,23.0,26.0,19.0,26.0,10.0,21.0
25.0,22.0,15.0,26.0,24.0,32.0,27.0,23.0,10.0,22.0,25.0,23.0,27.0,27.0,24.0,24.0,24.0,37.0,27.0,26.0,31.0,21.0,28.0,29.0,29.0,24.0,20.0,25.0,30.0,26.0,21.0,20.0,26.0,26.0,19.0,26.0,24.0,32.0,18.0,22.0,26.0,20.0,24.0,28.0,19.0,23.0,14.0,25.0,30.0,22.0
35.0,33.0,44.0,37.0,34.0,28.0,23.0,44.0,26.0,39.0,35.0,31.0,38.0,32.0,36.0,32.0,28.0,30.0,27.0,38.0,26.0,42.0,28.0,33.0,35.0,34.0,33.0,33.0,41.0,37.0,27.0,25.0,24.0,33.0,27.0,35.0,40.0,31.0,28.0,32.0,41.0,37.0,40.0,40.0,25.0,31.0,27.0,34.0,29.0,40.0
