10,50,1000
15.912501,19.208494,16.247197,18.746353,18.62418,17.30206,17.804384,17.018856,19.925145,15.856557
5.697755,9.054341,8.80538,7.040665,5.32675,5.492904,5.217967,9.58964,6.651341,8.464992
0.0,10.0,20.0,30.0,40.0,50.0,60.0,70.0,80.0,90.0
10.0,0.0,10.0,20.0,30.0,40.0,50.0,60.0,70.0,80.0
20.0,10.0,0.0,10.0,20.0,30.0,40.0,50.0,60.0,70.0
30.0,20.0,10.0,0.0,10.0,20.0,30.0,40.0,50.0,60.0
40.0,30.0,20.0,10.0,0.0,10.0,20.0,30.0,40.0,50.0
50.0,40.0,30.0,20.0,10.0,0.0,10.0,20.0,30.0,40.0
60.0,50.0,40.0,30.0,20.0,10.0,0.0,10.0,20.0,30.0
70.0,60.0,50.0,40.0,30.0,20.0,10.0,0.0,10.0,20.0
80.0,70.0,60.0,50.0,40.0,30.0,20.0,10.0,0.0,10.0
90.0,80.0,70.0,60.0,50.0,40.0,30.0,20.0,10.0,0.0
450.0,400.0,350.0,300.0,250.0,250.0,300.0,350.0,400.0,450.0
0.0,1.0,2.0,3.0,4.0,5.0,6.0,7.0,8.0,9.0
1.0,0.0,1.0,2.0,3.0,4.0,5.0,6.0,7.0,8.0
2.0,1.0,0.0,1.0,2.0,3.0,4.0,5.0,6.0,7.0
3.0,2.0,1.0,0.0,1.0,2.0,3.0,4.0,5.0,6.0
4.0,3.0,2.0,1.0,0.0,1.0,2.0,3.0,4.0,5.0
5.0,4.0,3.0,2.0,1.0,0.0,1.0,2.0,3.0,4.0
6.0,5.0,4.0,3.0,2.0,1.0,0.0,1.0,2.0,3.0
7.0,6.0,5.0,4.0,3.0,2.0,1.0,0.0,1.0,2.0
8.0,7.0,6.0,5.0,4.0,3.0,2.0,1.0,0.0,1.0
9.0,8.0,7.0,6.0,5.0,4.0,3.0,2.0,1.0,0.0
45.0,40.0,35.0,30.0,25.0,25.0,30.0,35.0,40.0,45.0
24.0,33.0,25.0,21.0,20.0,24.0,19.0,16.0,21.0,26.0,23.0,20.0,25.0,21.0,20.0,27.0,19.0,27.0,28.0,22.0,16.0,23.0,22.0,29.0,23.0,22.0,21.0,23.0,24.0,18.0,31.0,22.0,25.0,32.0,29.0,23.0,17.0,21.0,29.0,19.0,17.0,11.0,16.0,22.0,20.0,31.0,24.0,21.0,18.0,20.0
37.0,34.0,30.0,39.0,40.0,37.0,35.0,51.0,23.0,34.0,39.0,38.0,34.0,43.0,32.0,43.0,33.0,36.0,36.0,39.0,24.0,28.0,31.0,34.0,24.0,46.0,33.0,26.0,38.0,31.0,32.0,35.0,21.0,36.0,31.0,41.0,38.0,30.0,33.0,44.0,32.0,41.0,31.0,33.0,28.0,31.0,22.0,41.0,42.0,19.0
26.0,34.0,22.0,21.0,24.0,32.0,36.0,40.0,30.0,31.0,29.0,31.0,26.0,21.0,41.0,32.0,40.0,30.0,46.0,43.0,41.0,42.0,37.0,31.0,27.0,23.0,36.0,30.0,29.0,42.0,29.0,30.0,27.0,25.0,31.0,36.0,28.0,26.0,42.0,25.0,23.0,28.0,23.0,20.0,30.0,36.0,22.0,28.0,37.0,31.0
22.0,26.0,35.0,27.0,29.0,32.0,24.0,25.0,32.0,35.0,28.0,27.0,33.0,36.0,16.0,35.0,24.0,34.0,27.0,29.0,25.0,27.0,23.0,26.0,32.0,34.0,28.0,25.0,18.0,23.0,32.0,27.0,32.0,20.0,37.0,27.0,26.0,30.0,26.0,26.0,32.0,28.0,29.0,25.0,21.0,26.0,30.0,30.0,26.0,22.0
15.0,19.0,15.0,24.0,14.0,22.0,28.0,24.0,17.0,22.0,18.0,22.0,23.0,20.0,24.0,23.0,18.0,24.0,21.0,17.0,18.0,25.0,33.0,25.0,19.0,14.0,17.0,18.0,13.0,17.0,33.0,27.0,21.0,19.0,23.0,19.0,18.0,27.0,16.0,23.0,31.0,20.0,10.0,21.0,18.0,25.0,18.0,19.0,25.0,25.0
21.0,13.0,17.0,28.0,21.0,22.0,20.0,23.0,20.0,26.0,20.0,23.0,21.0,19.0,13.0,22.0,24.0,16.0,16.0,29.0,18.0,16.0,24.0,24.0,18.0,18.0,25.0,11.0,23.0,16.0,18.0,14.0,20.0,23.0,23.0,23.0,29.0,18.0,33.0,18.0,20.0,23.0,26.0,23.0,30.0,25.0,17.0,18.0,22.0,13.0
24.0,28.0,23.0,22.0,30.0,20.0,29.0,17.0,27.0,13.0,31.0,26.0,29.0,27.0,20.0,22.0,22.0,17.0,26.0,28.0,27.0,24.0,22.0,24.0,18.0,16.0,26.0,22.0,23.0,24.0,20.0,24.0,24.0,21.0,23.0,19.0,25.0,24.0,14.0,23.0,24.0,16.0,21.0,30.0,26.0,23.0,24.0,43.0,12.0,22.0
27.0,21.0,28.0,39.0,24.0,39.0,36.0,35.0,40.0,29.0,26.0,24.0,33.0,39.0,29.0,33.0,36.0,27.0,25.0,25.0,26.0,27.0,32.0,28.0,45.0,43.0,42.0,30.0,41.0,42.0,35.0,47.0,38.0,44.0,34.0,42.0,36.0,32.0,35.0,37.0,33.0,40.0,39.0,36.0,41.0,34.0,45.0,32.0,29.0,34.0
30.0,37.0,17.0,27.0,23.0,31.0,35.0,31.0,26.0,32.0,28.0,20.0,28.0,30.0,26.0,23.0,24.0,21.0,32.0,34.0,30.0,23.0,20.0,22.0,27.0,23.0,29.0,28.0,26.0,19.0,32.0,29.0,19.0,27.0,16.0,39.0,26.0,32.0,30.0,23.0,33.0,29.0,20.0,28.0,30.0,28.0,23.0,25.0,28.0,25.0
29.0,36.0,27.0,27.0,39.0,31.0,51.0,37.0,34.0,31.0,33.0,32.0,28.0,28.0,15.0,36.0,22.0,41.0,34.0,38.0,33.0,33.0,19.0,31.0,23.0,39.0,35.0,40.0,32.0,29.0,22.0,30.0,23.0,30.0,28.0,27.0,26.0,44.0,34.0,34.0,33.0,30.0,37.0,37.0,38.0,33.0,19.0,24.0,24.0,28.0
