10,50,1000
18.948035,18.855078,16.712626,17.33823,17.531803,15.158385,19.666527,16.803915,15.453411,17.125936
7.247048,5.43971,6.157417,6.550629,7.932457,8.027734,6.97815,9.744621,7.778209,9.746012
0.0,10.0,20.0,30.0,40.0,50.0,60.0,70.0,80.0,90.0
10.0,0.0,10.0,20.0,30.0,40.0,50.0,60.0,70.0,80.0
20.0,10.0,0.0,10.0,20.0,30.0,40.0,50.0,60.0,70.0
30.0,20.0,10.0,0.0,10.0,20.0,30.0,40.0,50.0,60.0
40.0,30.0,20.0,10.0,0.0,10.0,20.0,30.0,40.0,50.0
50.0,40.0,30.0,20.0,10.0,0.0,10.0,20.0,30.0,40.0
60.0,50.0,40.0,30.0,20.0,10.0,0.0,10.0,20.0,30.0
70.0,60.0,50.0,40.0,30.0,20.0,10.0,0.0,10.0,20.0
80.0,70.0,60.0,50.0,40.0,30.0,20.0,10.0,0.0,10.0
90.0,80.0,70.0,60.0,50.0,40.0,30.0,20.0,10.0,0.0
450.0,400.0,350.0,300.0,250.0,250.0,300.0,350.0,400.0,450.0
0.0,1.0,2.0,3.0,4.0,5.0,6.0,7.0,8.0,9.0
1.0,0.0,1.0,2.0,3.0,4.0,5.0,6.0,7.0,8.0
2.0,1.0,0.0,1.0,2.0,3.0,4.0,5.0,6.0,7.0
3.0,2.0,1.0,0.0,1.0,2.0,3.0,4.0,5.0,6.0
4.0,3.0,2.0,1.0,0.0,1.0,2.0,3.0,4.0,5.0
5.0,4.0,3.0,2.0,1.0,0.0,1.0,2.0,3.0,4.0
6.0,5.0,4.0,3.0,2.0,1.0,0.0,1.0,2.0,3.0
7.0,6.0,5.0,4.0,3.0,2.0,1.0,0.0,1.0,2.0
8.0,7.0,6.0,5.0,4.0,3.0,2.0,1.0,0.0,1.0
9.0,8.0,7.0,6.0,5.0,4.0,3.0,2.0,1.0,0.0
45.0,40.0,35.0,30.0,25.0,25.0,30.0,35.0,40.0,45.0
30.0,34.0,27.0,35.0,33.0,21.0,46.0,33.0,26.0,26.0,19.0,19.0,30.0,37.0,32.0,34.0,34.0,25.0,25.0,23.0,27.0,23.0,22.0,25.0,25.0,30.0,34.0,31.0,25.0,29.0,30.0,22.0,39.0,26.0,22.0,20.0,21.0,31.0,26.0,28.0,24.0,31.0,24.0,37.0,28.0,29.0,39.0,26.0,28.0,25.0
23.0,24.0,17.0,28.0,24.0,23.0,30.0,18.0,20.0,19.0,27.0,28.0,25.0,20.0,29.0,18.0,28.0,30.0,19.0,25.0,22.0,24.0,22.0,25.0,28.0,23.0,23.0,27.0,26.0,24.0,19.0,24.0,33.0,18.0,24.0,25.0,13.0,23.0,19.0,24.0,29.0,18.0,28.0,23.0,24.0,18.0,37.0,26.0,21.0,27.0
28.0,19.0,28.0,31.0,20.0,25.0,20.0,16.0,21.0,28.0,18.0,19.0,22.0,23.0,26.0,37.0,28.0,20.0,26.0,30.0,28.0,27.0,27.0,23.0,16.0,34.0,26.0,24.0,20.0,16.0,22.0,17.0,21.0,21.0,35.0,47.0,23.0,31.0,25.0,27.0,27.0,22.0,17.0,16.0,18.0,30.0,18.0,30.0,31.0,29.0
22.0,22.0,27.0,28.0,25.0,24.0,32.0,26.0,18.0,21.0,23.0,18.0,18.0,20.0,31.0,27.0,15.0,20.0,26.0,23.0,24.0,36.0,31.0,29.0,32.0,19.0,26.0,33.0,27.0,22.0,25.0,23.0,20.0,20.0,14.0,24.0,24.0,21.0,26.0,30.0,38.0,28.0,22.0,27.0,18.0,26.0,31.0,30.0,30.0,26.0
26.0,37.0,20.0,31.0,17.0,22.0,34.0,28.0,32.0,25.0,37.0,30.0,37.0,28.0,24.0,26.0,30.0,33.0,21.0,29.0,29.0,27.0,41.0,34.0,30.0,23.0,36.0,32.0,24.0,40.0,26.0,28.0,31.0,32.0,28.0,37.0,35.0,23.0,32.0,34.0,31.0,33.0,28.0,30.0,24.0,35.0,26.0,36.0,28.0,25.0
40.0,37.0,21.0,34.0,33.0,31.0,35.0,36.0,28.0,28.0,28.0,31.0,33.0,39.0,30.0,28.0,27.0,21.0,30.0,30.0,22.0,33.0,31.0,38.0,30.0,31.0,31.0,29.0,30.0,26.0,28.0,31.0,26.0,29.0,34.0,31.0,25.0,29.0,29.0,30.0,31.0,27.0,27.0,34.0,21.0,30.0,27.0,23.0,40.0,29.0
27.0,31.0,19.0,38.0,35.0,33.0,36.0,38.0,17.0,21.0,26.0,24.0,26.0,23.0,24.0,31.0,20.0,24.0,23.0,41.0,23.0,31.0,33.0,25.0,27.0,34.0,26.0,26.0,35.0,37.0,24.0,32.0,30.0,39.0,25.0,23.0,26.0,28.0,22.0,22.0,30.0,26.0,35.0,33.0,23.0,27.0,35.0,32.0,27.0,23.0
42.0,38.0,38.0,38.0,35.0,36.0,47.0,35.0,39.0,31.0,38.0,37.0,42.0,47.0,30.0,35.0,38.0,37.0,34.0,35.0,28.0,30.0,32.0,43.0,39.0,43.0,36.0,37.0,44.0,24.0,41.0,32.0,37.0,49.0,36.0,43.0,46.0,29.0,35.0,29.0,40.0,36.0,48.0,33.0,42.0,40.0,33.0,43.0,36.0,34.0
28.0,21.0,29.0,28.0,23.0,33.0,34.0,32.0,28.0,17.0,24.0,29.0,26.0,31.0,25.0,33.0,20.0,23.0,30.0,23.0,22.0,31.0,33.0,29.0,29.0,26.0,35.0,25.0,16.0,30.0,31.0,25.0,23.0,41.0,30.0,29.0,31.0,32.0,31.0,36.0,30.0,24.0,29.0,33.0,27.0,19.0,29.0,26.0,29.0,39.0
50.0,33.0,34.0,39.0,36.0,33.0,36.0,45.0,34.0,27.0,46.0,45.0,39.0,39.0,41.0,36.0,39.0,49.0,40.0,28.0,29.0,33.0,28.0,36.0,34.0,37.0,42.0,24.0,40.0,32.0,48.0,42.0,42.0,30.0,39.0,28.0,28.0,34.0,37.0,29.0,39.0,43.0,39.0,38.0,37.0,40.0,46.0,27.0,38.0,36.0
