10,50,1000
15.609878,19.999034,15.000769,16.667186,18.300841,19.971749,16.885602,17.724125,15.73964,16.790244
7.387583,9.216108,7.635989,5.778249,6.47107,8.5623,7.590688,7.508589,7.925095,9.45592
0.0,10.0,20.0,30.0,40.0,50.0,60.0,70.0,80.0,90.0
10.0,0.0,10.0,20.0,30.0,40.0,50.0,60.0,70.0,80.0
20.0,10.0,0.0,10.0,20.0,30.0,40.0,50.0,60.0,70.0
30.0,20.0,10.0,0.0,10.0,20.0,30.0,40.0,50.0,60.0
40.0,30.0,20.0,10.0,0.0,10.0,20.0,30.0,40.0,50.0
50.0,40.0,30.0,20.0,10.0,0.0,10.0,20.0,30.0,40.0
60.0,50.0,40.0,30.0,20.0,10.0,0.0,10.0,20.0,30.0
70.0,60.0,50.0,40.0,30.0,20.0,10.0,0.0,10.0,20.0
80.0,70.0,60.0,50.0,40.0,30.0,20.0,10.0,0.0,10.0
90.0,80.0,70.0,60.0,50.0,40.0,30.0,20.0,10.0,0.0
450.0,400.0,350.0,300.0,250.0,250.0,300.0,350.0,400.0,450.0
0.0,1.0,2.0,3.0,4.0,5.0,6.0,7.0,8.0,9.0
1.0,0.0,1.0,2.0,3.0,4.0,5.0,6.0,7.0,8.0
2.0,1.0,0.0,1.0,2.0,3.0,4.0,5.0,6.0,7.0
3.0,2.0,1.0,0.0,1.0,2.0,3.0,4.0,5.0,6.0
4.0,3.0,2.0,1.0,0.0,1.0,2.0,3.0,4.0,5.0
5.0,4.0,3.0,2.0,1.0,0.0,1.0,2.0,3.0,4.0
6.0,5.0,4.0,3.0,2.0,1.0,0.0,1.0,2.0,3.0
7.0,6.0,5.0,4.0,3.0,2.0,1.0,0.0,1.0,2.0
8.0,7.0,6.0,5.0,4.0,3.0,2.0,1.0,0.0,1.0
9.0,8.0,7.0,6.0,5.0,4.0,3.0,2.0,1.0,0.0
45.0,40.0,35.0,30.0,25.0,25.0,30.0,35.0,40.0,45.0
24.0,22.0,27.0,30.0,24.0,30.0,20.0,20.0,25.0,34.0,23.0,22.0,32.0,35.0,35.0,20.0,30.0,28.0,20.0,26.0,27.0,36.0,31.0,31.0,21.0,29.0,27.0,16.0,20.0,36.0,23.0,25.0,26.0,31.0,22.0,35.0,34.0,31.0,26.0,30.0,31.0,26.0,34.0,35.0,31.0,19.0,35.0,37.0,24.0,21.0
32.0,48.0,26.0,29.0,41.0,37.0,25.0,32.0,37.0,42.0,38.0,38.0,45.0,37.0,40.0,30.0,36.0,37.0,37.0,45.0,40.0,38.0,31.0,35.0,33.0,39.0,27.0,42.0,43.0,49.0,37.0,41.0,40.0,30.0,31.0,38.0,26.0,25.0,33.0,38.0,32.0,40.0,30.0,40.0,29.0,36.0,42.0,34.0,31.0,49.0
32.0,12.0,32.0,28.0,40.0,22.0,35.0,23.0,22.0,34.0,33.0,36.0,29.0,23.0,33.0,36.0,29.0,21.0,41.0,40.0,25.0,22.0,28.0,36.0,35.0,14.0,25.0,34.0,28.0,22.0,32.0,30.0,17.0,36.0,31.0,24.0,43.0,28.0,24.0,36.0,24.0,30.0,32.0,37.0,32.0,28.0,32.0,24.0,29.0,35.0
16.0,20.0,24.0,26.0,20.0,16.0,23.0,22.0,34.0,26.0,25.0,16.0,23.0,27.0,29.0,23.0,22.0,21.0,16.0,13.0,24.0,29.0,22.0,27.0,23.0,30.0,27.0,24.0,24.0,26.0,21.0,22.0,15.0,28.0,28.0,26.0,26.0,27.0,23.0,12.0,21.0,26.0,21.0,22.0,23.0,20.0,27.0,18.0,20.0,22.0
29.0,26.0,26.0,20.0,31.0,30.0,32.0,23.0,22.0,27.0,24.0,23.0,27.0,31.0,29.0,25.0,27.0,23.0,37.0,30.0,31.0,22.0,32.0,30.0,25.0,23.0,21.0,34.0,21.0,26.0,25.0,27.0,26.0,36.0,31.0,30.0,24.0,17.0,27.0,31.0,19.0,43.0,26.0,22.0,26.0,21.0,25.0,25.0,20.0,25.0
42.0,31.0,33.0,38.0,26.0,41.0,27.0,38.0,23.0,39.0,26.0,32.0,34.0,35.0,27.0,26.0,30.0,23.0,29.0,39.0,33.0,42.0,32.0,33.0,31.0,32.0,38.0,36.0,32.0,40.0,38.0,31.0,35.0,33.0,43.0,38.0,35.0,47.0,37.0,22.0,38.0,49.0,17.0,40.0,42.0,32.0,25.0,32.0,26.0,42.0
16.0,35.0,28.0,24.0,29.0,25.0,22.0,24.0,35.0,26.0,33.0,29.0,29.0,35.0,38.0,35.0,31.0,32.0,31.0,33.0,16.0,29.0,17.0,29.0,26.0,36.0,31.0,28.0,30.0,24.0,27.0,30.0,32.0,34.0,27.0,37.0,28.0,24.0,27.0,29.0,32.0,30.0,24.0,30.0,23.0,36.0,30.0,21.0,25.0,35.0
30.0,23.0,21.0,20.0,27.0,23.0,29.0,34.0,29.0,28.0,28.0,21.0,26.0,30.0,21.0,27.0,31.0,36.0,27.0,31.0,36.0,25.0,27.0,26.0,23.0,26.0,23.0,31.0,30.0,24.0,36.0,21.0,29.0,23.0,39.0,24.0,33.0,35.0,25.0,44.0,25.0,27.0,31.0,32.0,27.0,30.0,30.0,30.0,30.0,23.0
29.0,32.0,33.0,26.0,31.0,28.0,30.0,36.0,27.0,28.0,29.0,34.0,30.0,26.0,35.0,28.0,32.0,25.0,29.0,24.0,26.0,32.0,28.0,34.0,28.0,23.0,32.0,35.0,35.0,27.0,33.0,33.0,37.0,31.0,30.0,21.0,32.0,29.0,38.0,22.0,30.0,30.0,35.0,29.0,31.0,23.0,37.0,35.0,33.0,30.0
42.0,25.0,33.0,35.0,27.0,31.0,28.0,33.0,35.0,34.0,37.0,33.0,40.0,33.0,32.0,40.0,33.0,40.0,39.0,28.0,36.0,39.0,35.0,42.0,44.0,26.0,28.0,47.0,34.0,42.0,32.0,35.0,39.0,41.0,36.0,50.0,34.0,40.0,36.0,37.0,47.0,36.0,41.0,38.0,34.0,37.0,41.0,34.0,49.0,40.0
