10,50,1000
15.560692,18.26085,19.368875,19.307177,15.791709,19.450084,16.977968,17.180078,17.537718,19.017731
6.822121,6.897169,5.453821,6.567294,8.86123,5.053594,9.054383,6.036065,8.911026,8.337667
0.0,10.0,20.0,30.0,40.0,50.0,60.0,70.0,80.0,90.0
10.0,0.0,10.0,20.0,30.0,40.0,50.0,60.0,70.0,80.0
20.0,10.0,0.0,10.0,20.0,30.0,40.0,50.0,60.0,70.0
30.0,20.0,10.0,0.0,10.0,20.0,30.0,40.0,50.0,60.0
40.0,30.0,20.0,10.0,0.0,10.0,20.0,30.0,40.0,50.0
50.0,40.0,30.0,20.0,10.0,0.0,10.0,20.0,30.0,40.0
60.0,50.0,40.0,30.0,20.0,10.0,0.0,10.0,20.0,30.0
70.0,60.0,50.0,40.0,30.0,20.0,10.0,0.0,10.0,20.0
80.0,70.0,60.0,50.0,40.0,30.0,20.0,10.0,0.0,10.0
90.0,80.0,70.0,60.0,50.0,40.0,30.0,20.0,10.0,0.0
450.0,400.0,350.0,300.0,250.0,250.0,300.0,350.0,400.0,450.0
0.0,1.0,2.0,3.0,4.0,5.0,6.0,7.0,8.0,9.0
1.0,0.0,1.0,2.0,3.0,4.0,5.0,6.0,7.0,8.0
2.0,1.0,0.0,1.0,2.0,3.0,4.0,5.0,6.0,7.0
3.0,2.0,1.0,0.0,1.0,2.0,3.0,4.0,5.0,6.0
4.0,3.0,2.0,1.0,0.0,1.0,2.0,3.0,4.0,5.0
5.0,4.0,3.0,2.0,1.0,0.0,1.0,2.0,3.0,4.0
6.0,5.0,4.0,3.0,2.0,1.0,0.0,1.0,2.0,3.0
7.0,6.0,5.0,4.0,3.0,2.0,1.0,0.0,1.0,2.0
8.0,7.0,6.0,5.0,4.0,3.0,2.0,1.0,0.0,1.0
9.0,8.0,7.0,6.0,5.0,4.0,3.0,2.0,1.0,0.0
45.0,40.0,35.0,30.0,25.0,25.0,30.0,35.0,40.0,45.0
29.0,24.0,20.0,21.0,20.0,27.0,29.0,25.0,24.0,37.0,26.0,25.0,24.0,26.0,28.0,26.0,34.0,28.0,40.0,25.0,24.0,28.0,16.0,29.0,31.0,19.0,30.0,27.0,26.0,21.0,36.0,23.0,21.0,28.0,27.0,17.0,21.0,27.0,33.0,30.0,30.0,28.0,21.0,31.0,25.0,36.0,28.0,32.0,22.0,31.0
24.0,24.0,28.0,33.0,27.0,26.0,26.0,26.0,22.0,18.0,30.0,20.0,29.0,31.0,28.0,34.0,16.0,20.0,30.0,23.0,37.0,28.0,23.0,23.0,28.0,22.0,28.0,23.0,17.0,30.0,27.0,24.0,26.0,26.0,33.0,26.0,30.0,24.0,17.0,18.0,27.0,38.0,23.0,31.0,26.0,37.0,32.0,21.0,20.0,29.0
23.0,22.0,20.0,18.0,15.0,21.0,26.0,20.0,19.0,17.0,28.0,22.0,27.0,25.0,24.0,33.0,21.0,19.0,22.0,29.0,19.0,16.0,23.0,31.0,21.0,23.0,18.0,18.0,20.0,21.0,17.0,29.0,34.0,16.0,18.0,23.0,28.0,26.0,16.0,16.0,21.0,19.0,14.0,25.0,24.0,24.0,25.0,14.0,34.0,26.0
29.0,31.0,23.0,25.0,22.0,19.0,21.0,25.0,23.0,29.0,26.0,16.0,31.0,26.0,25.0,26.0,32.0,21.0,24.0,33.0,33.0,24.0,28.0,28.0,21.0,26.0,19.0,23.0,29.0,27.0,33.0,37.0,25.0,25.0,25.0,31.0,23.0,22.0,30.0,20.0,24.0,16.0,28.0,24.0,19.0,33.0,28.0,24.0,26.0,20.0
33.0,29.0,41.0,42.0,33.0,32.0,27.0,28.0,41.0,40.0,26.0,36.0,29.0,42.0,42.0,39.0,42.0,37.0,32.0,34.0,32.0,31.0,34.0,40.0,29.0,36.0,28.0,32.0,25.0,27.0,36.0,33.0,26.0,34.0,35.0,36.0,25.0,35.0,42.0,30.0,30.0,32.0,36.0,33.0,27.0,27.0,50.0,34.0,23.0,31.0
20.0,21.0,24.0,28.0,16.0,22.0,30.0,17.0,20.0,24.0,25.0,19.0,30.0,10.0,23.0,20.0,33.0,15.0,24.0,18.0,23.0,25.0,21.0,27.0,19.0,21.0,23.0,19.0,24.0,23.0,26.0,24.0,26.0,32.0,26.0,17.0,20.0,27.0,19.0,31.0,26.0,17.0,20.0,23.0,19.0,22.0,16.0,27.0,25.0,29.0
32.0,29.0,28.0,24.0,35.0,35.0,32.0,37.0,35.0,32.0,27.0,23.0,32.0,34.0,34.0,36.0,26.0,34.0,44.0,31.0,31.0,42.0,42.0,35.0,28.0,28.0,42.0,49.0,35.0,38.0,36.0,37.0,26.0,42.0,27.0,38.0,37.0,28.0,34.0,38.0,42.0,23.0,29.0,29.0,41.0,46.0,42.0,30.0,28.0,28.0
19.0,20.0,28.0,28.0,24.0,30.0,20.0,27.0,20.0,35.0,28.0,20.0,18.0,22.0,31.0,25.0,15.0,20.0,16.0,17.0,16.0,26.0,20.0,20.0,20.0,32.0,17.0,27.0,36.0,19.0,23.0,25.0,25.0,27.0,26.0,33.0,22.0,24.0,22.0,18.0,33.0,33.0,31.0,28.0,24.0,24.0,22.0,19.0,20.0,30.0
35.0,35.0,37.0,37.0,34.0,38.0,39.0,36.0,37.0,26.0,33.0,36.0,29.0,38.0,29.0,34.0,41.0,19.0,35.0,24.0,22.0,25.0,35.0,34.0,41.0,40.0,23.0,28.0,41.0,35.0,43.0,29.0,45.0,32.0,44.0,28.0,34.0,33.0,28.0,35.0,32.0,37.0,28.0,29.0,28.0,31.0,41.0,37.0,36.0,35.0
38.0,38.0,41.0,38.0,25.0,40.0,36.0,33.0,34.0,30.0,28.0,36.0,29.0,23.0,40.0,27.0,30.0,29.0,39.0,40.0,37.0,45.0,38.0,40.0,34.0,20.0,35.0,42.0,40.0,30.0,25.0,23.0,37.0,25.0,41.0,25.0,35.0,30.0,37.0,27.0,30.0,27.0,30.0,37.0,29.0,39.0,35.0,27.0,27.0,25.0
