10,50,1000
15.956265,19.019543,19.097279,19.556535,19.634116,19.578613,17.741522,18.006348,18.469658,19.255728
9.937899,8.921759,8.6349,8.478358,6.166366,5.503097,5.094489,9.089947,5.198079,6.903272
0.0,10.0,20.0,30.0,40.0,50.0,60.0,70.0,80.0,90.0
10.0,0.0,10.0,20.0,30.0,40.0,50.0,60.0,70.0,80.0
20.0,10.0,0.0,10.0,20.0,30.0,40.0,50.0,60.0,70.0
30.0,20.0,10.0,0.0,10.0,20.0,30.0,40.0,50.0,60.0
40.0,30.0,20.0,10.0,0.0,10.0,20.0,30.0,40.0,50.0
50.0,40.0,30.0,20.0,10.0,0.0,10.0,20.0,30.0,40.0
60.0,50.0,40.0,30.0,20.0,10.0,0.0,10.0,20.0,30.0
70.0,60.0,50.0,40.0,30.0,20.0,10.0,0.0,10.0,20.0
80.0,70.0,60.0,50.0,40.0,30.0,20.0,10.0,0.0,10.0
90.0,80.0,70.0,60.0,50.0,40.0,30.0,20.0,10.0,0.0
450.0,400.0,350.0,300.0,250.0,250.0,300.0,350.0,400.0,450.0
0.0,1.0,2.0,3.0,4.0,5.0,6.0,7.0,8.0,9.0
1.0,0.0,1.0,2.0,3.0,4.0,5.0,6.0,7.0,8.0
2.0,1.0,0.0,1.0,2.0,3.0,4.0,5.0,6.0,7.0
3.0,2.0,1.0,0.0,1.0,2.0,3.0,4.0,5.0,6.0
4.0,3.0,2.0,1.0,0.0,1.0,2.0,3.0,4.0,5.0
5.0,4.0,3.0,2.0,1.0,0.0,1.0,2.0,3.0,4.0
6.0,5.0,4.0,3.0,2.0,1.0,0.0,1.0,2.0,3.0
7.0,6.0,5.0,4.0,3.0,2.0,1.0,0.0,1.0,2.0
8.0,7.0,6.0,5.0,4.0,3.0,2.0,1.0,0.0,1.0
9.0,8.0,7.0,6.0,5.0,4.0,3.0,2.0,1.0,0.0
45.0,40.0,35.0,30.0,25.0,25.0,30.0,35.0,40.0,45.0
46.0,34.0,24.0,39.0,29.0,29.0,34.0,36.0,32.0,40.0,25.0,34.0,40.0,39.0,35.0,36.0,28.0,38.0,38.0,42.0,23.0,26.0,42.0,36.0,36.0,34.0,38.0,41.0,43.0,35.0,38.0,37.0,31.0,42.0,28.0,38.0,49.0,32.0,33.0,31.0,30.0,33.0,43.0,29.0,24.0,28.0,27.0,50.0,36.0,38.0
30.0,36.0,33.0,27.0,30.0,34.0,32.0,33.0,35.0,42.0,39.0,35.0,36.0,34.0,30.0,36.0,44.0,32.0,34.0,39.0,27.0,33.0,38.0,45.0,37.0,26.0,30.0,28.0,35.0,33.0,28.0,27.0,38.0,35.0,35.0,33.0,42.0,30.0,33.0,38.0,29.0,34.0,31.0,33.0,36.0,36.0,34.0,33.0,36.0,29.0
33.0,31.0,34.0,35.0,31.0,31.0,26.0,32.0,36.0,36.0,30.0,35.0,26.0,33.0,33.0,38.0,34.0,40.0,44.0,20.0,35.0,41.0,28.0,31.0,38.0,38.0,42.0,25.0,36.0,31.0,29.0,34.0,29.0,39.0,30.0,36.0,22.0,32.0,24.0,37.0,27.0,27.0,33.0,35.0,30.0,29.0,40.0,36.0,35.0,32.0
32.0,35.0,33.0,29.0,33.0,29.0,28.0,38.0,24.0,30.0,36.0,38.0,20.0,29.0,32.0,30.0,42.0,42.0,26.0,32.0,47.0,32.0,33.0,32.0,28.0,31.0,40.0,34.0,35.0,38.0,27.0,38.0,35.0,33.0,36.0,35.0,29.0,26.0,32.0,35.0,34.0,21.0,40.0,31.0,30.0,33.0,26.0,23.0,31.0,32.0
25.0,28.0,25.0,27.0,18.0,31.0,25.0,30.0,32.0,22.0,27.0,20.0,26.0,35.0,24.0,26.0,21.0,25.0,26.0,32.0,17.0,32.0,27.0,27.0,36.0,26.0,23.0,27.0,30.0,24.0,28.0,23.0,27.0,26.0,27.0,33.0,18.0,17.0,20.0,30.0,17.0,24.0,22.0,25.0,23.0,26.0,23.0,25.0,21.0,31.0
23.0,19.0,26.0,19.0,26.0,20.0,20.0,20.0,29.0,19.0,21.0,29.0,19.0,14.0,18.0,28.0,26.0,22.0,26.0,15.0,27.0,20.0,16.0,13.0,26.0,21.0,24.0,27.0,30.0,28.0,18.0,31.0,29.0,18.0,21.0,23.0,18.0,13.0,27.0,19.0,18.0,20.0,21.0,18.0,18.0,30.0,21.0,17.0,17.0,20.0
24.0,19.0,24.0,15.0,21.0,20.0,18.0,22.0,14.0,28.0,26.0,16.0,28.0,16.0,16.0,17.0,19.0,22.0,12.0,28.0,20.0,17.0,24.0,22.0,28.0,22.0,22.0,19.0,18.0,21.0,23.0,18.0,24.0,24.0,24.0,23.0,8.0,27.0,22.0,23.0,31.0,25.0,18.0,20.0,21.0,20.0,24.0,18.0,23.0,18.0
31.0,31.0,31.0,36.0,38.0,33.0,34.0,29.0,36.0,32.0,36.0,31.0,42.0,43.0,29.0,30.0,31.0,30.0,52.0,30.0,43.0,33.0,39.0,28.0,33.0,25.0,29.0,42.0,39.0,28.0,39.0,31.0,34.0,46.0,27.0,32.0,34.0,28.0,32.0,32.0,33.0,37.0,38.0,34.0,44.0,41.0,27.0,42.0,24.0,34.0
16.0,27.0,16.0,21.0,21.0,26.0,26.0,21.0,16.0,16.0,22.0,22.0,24.0,29.0,25.0,21.0,21.0,20.0,26.0,21.0,22.0,13.0,25.0,22.0,20.0,24.0,22.0,27.0,12.0,27.0,23.0,16.0,23.0,28.0,28.0,28.0,17.0,27.0,19.0,18.0,21.0,25.0,25.0,23.0,25.0,33.0,18.0,32.0,24.0,16.0
27.0,27.0,25.0,27.0,26.0,24.0,23.0,26.0,35.0,21.0,33.0,30.0,22.0,30.0,22.0,30.0,36.0,32.0,38.0,42.0,24.0,39.0,24.0,33.0,37.0,26.0,33.0,29.0,21.0,16.0,28.0,24.0,30.0,24.0,26.0,37.0,25.0,25.0,31.0,29.0,24.0,22.0,39.0,20.0,17.0,23.0,22.0,32.0,24.0,25.0
