10,50,1000
17.413897,16.341515,19.363103,16.087003,19.508432,17.849757,15.961067,18.076303,17.978366,16.836833
7.042622,7.268016,5.091731,8.431436,8.088347,5.494416,9.391421,6.057224,6.678326,5.301475
0.0,10.0,20.0,30.0,40.0,50.0,60.0,70.0,80.0,90.0
10.0,0.0,10.0,20.0,30.0,40.0,50.0,60.0,70.0,80.0
20.0,10.0,0.0,10.0,20.0,30.0,40.0,50.0,60.0,70.0
30.0,20.0,10.0,0.0,10.0,20.0,30.0,40.0,50.0,60.0
40.0,30.0,20.0,10.0,0.0,10.0,20.0,30.0,40.0,50.0
50.0,40.0,30.0,20.0,10.0,0.0,10.0,20.0,30.0,40.0
60.0,50.0,40.0,30.0,20.0,10.0,0.0,10.0,20.0,30.0
70.0,60.0,50.0,40.0,30.0,20.0,10.0,0.0,10.0,20.0
80.0,70.0,60.0,50.0,40.0,30.0,20.0,10.0,0.0,10.0
90.0,80.0,70.0,60.0,50.0,40.0,30.0,20.0,10.0,0.0
450.0,400.0,350.0,300.0,250.0,250.0,300.0,350.0,400.0,450.0
0.0,1.0,2.0,3.0,4.0,5.0,6.0,7.0,8.0,9.0
1.0,0.0,1.0,2.0,3.0,4.0,5.0,6.0,7.0,8.0
2.0,1.0,0.0,1.0,2.0,3.0,4.0,5.0,6.0,7.0
3.0,2.0,1.0,0.0,1.0,2.0,3.0,4.0,5.0,6.0
4.0,3.0,2.0,1.0,0.0,1.0,2.0,3.0,4.0,5.0
5.0,4.0,3.0,2.0,1.0,0.0,1.0,2.0,3.0,4.0
6.0,5.0,4.0,3.0,2.0,1.0,0.0,1.0,2.0,3.0
7.0,6.0,5.0,4.0,3.0,2.0,1.0,0.0,1.0,2.0
8.0,7.0,6.0,5.0,4.0,3.0,2.0,1.0,0.0,1.0
9.0,8.0,7.0,6.0,5.0,4.0,3.0,2.0,1.0,0.0
45.0,40.0,35.0,30.0,25.0,25.0,30.0,35.0,40.0,45.0
26.0,25.0,22.0,27.0,18.0,30.0,16.0,18.0,24.0,26.0,19.0,32.0,20.0,27.0,23.0,22.0,22.0,31.0,25.0,25.0,35.0,24.0,24.0,20.0,31.0,24.0,37.0,19.0,26.0,32.0,28.0,23.0,24.0,35.0,28.0,24.0,32.0,31.0,22.0,20.0,23.0,20.0,24.0,27.0,31.0,22.0,30.0,25.0,24.0,21.0
23.0,31.0,24.0,24.0,26.0,29.0,26.0,37.0,31.0,22.0,30.0,26.0,25.0,33.0,23.0,21.0,26.0,22.0,27.0,26.0,24.0,30.0,22.0,27.0,30.0,35.0,29.0,30.0,30.0,28.0,26.0,15.0,34.0,38.0,27.0,21.0,22.0,29.0,25.0,25.0,31.0,21.0,25.0,27.0,18.0,39.0,30.0,23.0,24.0,27.0
20.0,27.0,17.0,29.0,34.0,17.0,17.0,23.0,17.0,20.0,23.0,17.0,20.0,26.0,16.0,25.0,27.0,17.0,17.0,16.0,23.0,21.0,22.0,15.0,19.0,16.0,18.0,28.0,22.0,26.0,27.0,20.0,21.0,14.0,28.0,22.0,19.0,27.0,21.0,29.0,22.0,24.0,17.0,25.0,22.0,21.0,22.0,24.0,17.0,16.0
40.0,26.0,25.0,29.0,34.0,29.0,35.0,34.0,34.0,35.0,33.0,28.0,28.0,29.0,29.0,24.0,26.0,24.0,35.0,42.0,38.0,38.0,29.0,33.0,20.0,25.0,48.0,24.0,28.0,28.0,24.0,41.0,22.0,38.0,32.0,26.0,33.0,33.0,26.0,37.0,28.0,54.0,23.0,35.0,24.0,33.0,35.0,29.0,31.0,31.0
37.0,36.0,30.0,32.0,27.0,34.0,32.0,35.0,28.0,32.0,37.0,23.0,36.0,38.0,23.0,24.0,33.0,29.0,23.0,32.0,32.0,35.0,27.0,20.0,26.0,20.0,35.0,27.0,23.0,29.0,44.0,34.0,28.0,37.0,28.0,44.0,30.0,23.0,34.0,28.0,33.0,36.0,39.0,38.0,23.0,35.0,40.0,28.0,36.0,29.0
24.0,31.0,23.0,27.0,14.0,24.0,25.0,24.0,25.0,24.0,16.0,25.0,19.0,30.0,13.0,17.0,35.0,16.0,26.0,22.0,29.0,18.0,25.0,26.0,17.0,21.0,20.0,22.0,22.0,20.0,20.0,30.0,17.0,29.0,21.0,23.0,30.0,29.0,26.0,29.0,18.0,14.0,22.0,33.0,29.0,24.0,26.0,26.0,23.0,24.0
38.0,31.0,35.0,43.0,37.0,38.0,37.0,42.0,29.0,30.0,37.0,37.0,29.0,33.0,31.0,37.0,38.0,28.0,38.0,37.0,34.0,36.0,35.0,24.0,19.0,37.0,46.0,41.0,36.0,26.0,37.0,36.0,28.0,46.0,40.0,41.0,32.0,43.0,27.0,37.0,32.0,24.0,32.0,35.0,31.0,41.0,29.0,41.0,38.0,35.0
17.0,28.0,27.0,26.0,19.0,24.0,15.0,35.0,31.0,34.0,15.0,23.0,17.0,31.0,29.0,27.0,27.0,39.0,23.0,28.0,22.0,28.0,16.0,20.0,17.0,30.0,26.0,22.0,27.0,21.0,20.0,34.0,14.0,22.0,24.0,29.0,24.0,34.0,21.0,32.0,22.0,24.0,14.0,20.0,21.0,24.0,23.0,17.0,21.0,25.0
35.0,22.0,32.0,32.0,28.0,25.0,26.0,36.0,26.0,33.0,30.0,27.0,28.0,26.0,22.0,25.0,34.0,25.0,28.0,22.0,27.0,21.0,22.0,29.0,22.0,29.0,17.0,30.0,25.0,25.0,29.0,28.0,21.0,19.0,22.0,25.0,30.0,21.0,24.0,23.0,17.0,30.0,19.0,28.0,33.0,23.0,27.0,30.0,25.0,20.0
21.0,26.0,21.0,26.0,14.0,21.0,19.0,20.0,27.0,25.0,22.0,17.0,26.0,25.0,11.0,21.0,19.0,24.0,28.0,26.0,17.0,20.0,28.0,14.0,14.0,22.0,19.0,24.0,20.0,21.0,21.0,31.0,22.0,21.0,11.0,9.0,17.0,23.0,27.0,25.0,17.0,19.0,27.0,28.0,17.0,23.0,29.0,22.0,18.0,28.0
