10,50,1000
19.817471,19.725697,17.487635,17.073441,18.152728,16.491578,18.74295,18.751436,19.326713,15.889102
6.244664,5.985154,5.69392,7.951632,7.070315,7.788147,8.696118,5.675696,5.721832,8.036642
0.0,10.0,20.0,30.0,40.0,50.0,60.0,70.0,80.0,90.0
10.0,0.0,10.0,20.0,30.0,40.0,50.0,60.0,70.0,80.0
20.0,10.0,0.0,10.0,20.0,30.0,40.0,50.0,60.0,70.0
30.0,20.0,10.0,0.0,10.0,20.0,30.0,40.0,50.0,60.0
40.0,30.0,20.0,10.0,0.0,10.0,20.0,30.0,40.0,50.0
50.0,40.0,30.0,20.0,10.0,0.0,10.0,20.0,30.0,40.0
60.0,50.0,40.0,30.0,20.0,10.0,0.0,10.0,20.0,30.0
70.0,60.0,50.0,40.0,30.0,20.0,10.0,0.0,10.0,20.0
80.0,70.0,60.0,50.0,40.0,30.0,20.0,10.0,0.0,10.0
90.0,80.0,70.0,60.0,50.0,40.0,30.0,20.0,10.0,0.0
450.0,400.0,350.0,300.0,250.0,250.0,300.0,350.0,400.0,450.0
0.0,1.0,2.0,3.0,4.0,5.0,6.0,7.0,8.0,9.0
1.0,0.0,1.0,2.0,3.0,4.0,5.0,6.0,7.0,8.0
2.0,1.0,0.0,1.0,2.0,3.0,4.0,5.0,6.0,7.0
3.0,2.0,1.0,0.0,1.0,2.0,3.0,4.0,5.0,6.0
4.0,3.0,2.0,1.0,0.0,1.0,2.0,3.0,4.0,5.0
5.0,4.0,3.0,2.0,1.0,0.0,1.0,2.0,3.0,4.0
6.0,5.0,4.0,3.0,2.0,1.0,0.0,1.0,2.0,3.0
7.0,6.0,5.0,4.0,3.0,2.0,1.0,0.0,1.0,2.0
8.0,7.0,6.0,5.0,4.0,3.0,2.0,1.0,0.0,1.0
9.0,8.0,7.0,6.0,5.0,4.0,3.0,2.0,1.0,0.0
45.0,40.0,35.0,30.0,25.0,25.0,30.0,35.0,40.0,45.0
25.0,31.0,17.0,26.0,26.0,27.0,26.0,17.0,19.0,25.0,24.0,28.0,21.0,22.0,17.0,19.0,35.0,31.0,33.0,33.0,28.0,35.0,19.0,18.0,30.0,32.0,26.0,24.0,21.0,30.0,30.0,23.0,39.0,28.0,30.0,22.0,27.0,32.0,27.0,18.0,21.0,21.0,26.0,22.0,25.0,27.0,16.0,25.0,30.0,25.0
31.0,24.0,33.0,22.0,30.0,21.0,17.0,24.0,26.0,30.0,34.0,24.0,21.0,24.0,31.0,23.0,34.0,23.0,30.0,21.0,24.0,23.0,35.0,22.0,18.0,20.0,26.0,21.0,31.0,22.0,27.0,21.0,23.0,34.0,27.0,18.0,26.0,34.0,22.0,28.0,22.0,24.0,23.0,24.0,24.0,23.0,22.0,25.0,30.0,24.0
22.0,26.0,27.0,16.0,25.0,26.0,23.0,16.0,23.0,21.0,30.0,16.0,26.0,27.0,29.0,22.0,30.0,25.0,15.0,30.0,32.0,16.0,20.0,28.0,19.0,17.0,21.0,20.0,27.0,18.0,23.0,16.0,25.0,22.0,28.0,22.0,23.0,22.0,22.0,12.0,26.0,26.0,19.0,20.0,16.0,25.0,21.0,31.0,24.0,21.0
34.0,38.0,20.0,40.0,31.0,43.0,26.0,36.0,37.0,34.0,39.0,27.0,31.0,23.0,36.0,26.0,22.0,32.0,41.0,34.0,35.0,26.0,32.0,27.0,27.0,26.0,35.0,29.0,38.0,33.0,34.0,24.0,27.0,29.0,35.0,30.0,41.0,27.0,28.0,41.0,33.0,25.0,28.0,39.0,30.0,26.0,29.0,34.0,32.0,39.0
29.0,33.0,32.0,19.0,32.0,29.0,27.0,26.0,27.0,26.0,26.0,28.0,20.0,26.0,31.0,22.0,27.0,24.0,22.0,12.0,22.0,26.0,29.0,32.0,25.0,23.0,32.0,24.0,28.0,31.0,25.0,30.0,29.0,36.0,31.0,29.0,25.0,21.0,34.0,37.0,32.0,34.0,28.0,26.0,31.0,25.0,19.0,29.0,26.0,25.0
34.0,24.0,25.0,28.0,26.0,29.0,39.0,22.0,22.0,30.0,24.0,26.0,26.0,24.0,38.0,28.0,26.0,29.0,27.0,24.0,28.0,17.0,32.0,36.0,35.0,28.0,24.0,36.0,32.0,35.0,32.0,24.0,34.0,30.0,23.0,29.0,35.0,25.0,22.0,32.0,19.0,30.0,32.0,26.0,34.0,21.0,25.0,24.0,36.0,31.0
28.0,33.0,31.0,26.0,40.0,30.0,39.0,33.0,31.0,31.0,30.0,29.0,37.0,44.0,32.0,34.0,36.0,39.0,40.0,31.0,30.0,36.0,34.0,37.0,29.0,33.0,27.0,34.0,39.0,33.0,34.0,28.0,33.0,34.0,30.0,25.0,29.0,36.0,39.0,32.0,23.0,47.0,39.0,40.0,44.0,41.0,35.0,30.0,25.0,39.0
16.0,28.0,18.0,25.0,21.0,29.0,21.0,16.0,22.0,18.0,14.0,24.0,22.0,20.0,21.0,19.0,16.0,27.0,27.0,12.0,23.0,27.0,21.0,21.0,32.0,23.0,24.0,28.0,20.0,23.0,21.0,20.0,32.0,29.0,33.0,20.0,32.0,22.0,28.0,23.0,31.0,22.0,16.0,21.0,27.0,21.0,22.0,20.0,24.0,24.0
25.0,27.0,24.0,25.0,15.0,29.0,22.0,22.0,17.0,29.0,27.0,27.0,33.0,36.0,32.0,20.0,24.0,27.0,25.0,27.0,26.0,22.0,24.0,19.0,26.0,21.0,25.0,36.0,23.0,18.0,20.0,18.0,24.0,26.0,27.0,23.0,18.0,26.0,21.0,29.0,24.0,15.0,24.0,26.0,20.0,22.0,19.0,26.0,29.0,25.0
36.0,31.0,33.0,15.0,32.0,16.0,24.0,23.0,32.0,33.0,31.0,27.0,33.0,35.0,39.0,28.0,27.0,35.0,35.0,40.0,22.0,27.0,41.0,24.0,24.0,37.0,36.0,24.0,36.0,30.0,36.0,28.0,25.0,24.0,29.0,32.0,28.0,26.0,33.0,28.0,29.0,32.0,35.0,32.0,32.0,29.0,21.0,23.0,16.0,26.0
