10,50,1000
15.851945,17.882627,17.268746,19.559515,15.077458,15.826762,15.586819,16.33644,16.67765,17.745303
6.851505,5.320221,9.29696,8.074947,7.623902,8.724894,7.420272,7.486459,8.886934,5.228679
0.0,10.0,20.0,30.0,40.0,50.0,60.0,70.0,80.0,90.0
10.0,0.0,10.0,20.0,30.0,40.0,50.0,60.0,70.0,80.0
20.0,10.0,0.0,10.0,20.0,30.0,40.0,50.0,60.0,70.0
30.0,20.0,10.0,0.0,10.0,20.0,30.0,40.0,50.0,60.0
40.0,30.0,20.0,10.0,0.0,10.0,20.0,30.0,40.0,50.0
50.0,40.0,30.0,20.0,10.0,0.0,10.0,20.0,30.0,40.0
60.0,50.0,40.0,30.0,20.0,10.0,0.0,10.0,20.0,30.0
70.0,60.0,50.0,40.0,30.0,20.0,10.0,0.0,10.0,20.0
80.0,70.0,60.0,50.0,40.0,30.0,20.0,10.0,0.0,10.0
90.0,80.0,70.0,60.0,50.0,40.0,30.0,20.0,10.0,0.0
450.0,400.0,350.0,300.0,250.0,250.0,300.0,350.0,400.0,450.0
0.0,1.0,2.0,3.0,4.0,5.0,6.0,7.0,8.0,9.0
1.0,0.0,1.0,2.0,3.0,4.0,5.0,6.0,7.0,8.0
2.0,1.0,0.0,1.0,2.0,3.0,4.0,5.0,6.0,7.0
3.0,2.0,1.0,0.0,1.0,2.0,3.0,4.0,5.0,6.0
4.0,3.0,2.0,1.0,0.0,1.0,2.0,3.0,4.0,5.0
5.0,4.0,3.0,2.0,1.0,0.0,1.0,2.0,3.0,4.0
6.0,5.0,4.0,3.0,2.0,1.0,0.0,1.0,2.0,3.0
7.0,6.0,5.0,4.0,3.0,2.0,1.0,0.0,1.0,2.0
8.0,7.0,6.0,5.0,4.0,3.0,2.0,1.0,0.0,1.0
9.0,8.0,7.0,6.0,5.0,4.0,3.0,2.0,1.0,0.0
45.0,40.0,35.0,30.0,25.0,25.0,30.0,35.0,40.0,45.0
33.0,33.0,24.0,32.0,23.0,18.0,31.0,22.0,36.0,29.0,29.0,29.0,31.0,23.0,28.0,19.0,37.0,18.0,29.0,21.0,25.0,32.0,31.0,23.0,32.0,26.0,26.0,35.0,26.0,16.0,20.0,26.0,34.0,29.0,17.0,22.0,27.0,12.0,24.0,24.0,22.0,22.0,36.0,29.0,29.0,35.0,27.0,27.0,28.0,23.0
24.0,22.0,33.0,14.0,25.0,24.0,26.0,23.0,19.0,21.0,29.0,17.0,11.0,20.0,24.0,26.0,23.0,21.0,23.0,19.0,27.0,25.0,24.0,21.0,22.0,20.0,20.0,17.0,24.0,19.0,16.0,20.0,21.0,20.0,28.0,14.0,27.0,24.0,20.0,22.0,22.0,13.0,21.0,31.0,15.0,27.0,20.0,23.0,26.0,35.0
42.0,32.0,30.0,30.0,45.0,29.0,30.0,30.0,45.0,38.0,40.0,26.0,32.0,43.0,39.0,28.0,35.0,31.0,35.0,31.0,32.0,38.0,43.0,41.0,40.0,35.0,28.0,29.0,44.0,19.0,31.0,32.0,43.0,24.0,31.0,43.0,47.0,25.0,40.0,32.0,37.0,32.0,47.0,36.0,43.0,37.0,27.0,27.0,36.0,32.0
28.0,38.0,30.0,25.0,30.0,28.0,30.0,26.0,31.0,30.0,36.0,26.0,24.0,31.0,25.0,22.0,39.0,28.0,34.0,23.0,28.0,20.0,23.0,26.0,33.0,32.0,42.0,31.0,33.0,28.0,32.0,26.0,44.0,32.0,20.0,28.0,28.0,31.0,38.0,29.0,38.0,33.0,40.0,29.0,32.0,29.0,31.0,32.0,32.0,34.0
36.0,37.0,34.0,34.0,19.0,23.0,36.0,24.0,27.0,23.0,20.0,26.0,38.0,26.0,22.0,24.0,24.0,24.0,24.0,24.0,25.0,42.0,29.0,26.0,21.0,23.0,33.0,34.0,29.0,28.0,43.0,32.0,22.0,31.0,28.0,38.0,25.0,23.0,20.0,38.0,26.0,26.0,15.0,24.0,23.0,35.0,42.0,28.0,32.0,21.0
35.0,30.0,32.0,34.0,33.0,18.0,26.0,31.0,40.0,22.0,32.0,31.0,37.0,40.0,25.0,31.0,28.0,32.0,41.0,28.0,43.0,34.0,40.0,36.0,37.0,26.0,32.0,22.0,29.0,30.0,30.0,41.0,31.0,35.0,37.0,30.0,26.0,30.0,36.0,31.0,30.0,26.0,25.0,33.0,30.0,25.0,28.0,25.0,38.0,27.0
29.0,27.0,28.0,23.0,29.0,30.0,28.0,18.0,25.0,25.0,17.0,35.0,33.0,27.0,32.0,24.0,26.0,28.0,26.0,24.0,30.0,22.0,23.0,25.0,31.0,26.0,33.0,28.0,28.0,25.0,23.0,30.0,25.0,29.0,28.0,28.0,28.0,28.0,24.0,28.0,31.0,23.0,27.0,27.0,26.0,24.0,27.0,24.0,25.0,38.0
19.0,29.0,31.0,27.0,28.0,32.0,30.0,33.0,19.0,27.0,32.0,25.0,27.0,18.0,25.0,22.0,40.0,24.0,25.0,17.0,27.0,27.0,31.0,27.0,32.0,30.0,29.0,27.0,27.0,26.0,40.0,24.0,37.0,25.0,23.0,26.0,29.0,27.0,31.0,29.0,24.0,30.0,33.0,28.0,24.0,15.0,20.0,44.0,30.0,36.0
35.0,41.0,24.0,36.0,43.0,27.0,38.0,31.0,36.0,22.0,32.0,37.0,38.0,35.0,39.0,32.0,22.0,27.0,40.0,34.0,36.0,33.0,33.0,25.0,31.0,37.0,29.0,31.0,27.0,30.0,36.0,36.0,21.0,37.0,29.0,34.0,33.0,31.0,19.0,26.0,38.0,35.0,51.0,40.0,40.0,31.0,30.0,23.0,33.0,36.0
18.0,20.0,28.0,22.0,21.0,21.0,19.0,22.0,25.0,16.0,20.0,28.0,24.0,28.0,22.0,26.0,23.0,21.0,25.0,26.0,23.0,25.0,21.0,16.0,14.0,24.0,25.0,23.0,28.0,28.0,20.0,19.0,24.0,14.0,19.0,28.0,29.0,24.0,25.0,20.0,30.0,16.0,23.0,14.0,28.0,20.0,20.0,26.0,26.0,31.0
