10,50,1000
17.141935,18.64126,15.307429,16.722521,18.177261,19.45296,17.87598,18.203748,17.345226,19.989239
8.558615,9.027583,8.883447,8.100752,5.483203,7.789195,6.909438,5.289072,8.933745,9.967089
0.0,10.0,20.0,30.0,40.0,50.0,60.0,70.0,80.0,90.0
10.0,0.0,10.0,20.0,30.0,40.0,50.0,60.0,70.0,80.0
20.0,10.0,0.0,10.0,20.0,30.0,40.0,50.0,60.0,70.0
30.0,20.0,10.0,0.0,10.0,20.0,30.0,40.0,50.0,60.0
40.0,30.0,20.0,10.0,0.0,10.0,20.0,30.0,40.0,50.0
50.0,40.0,30.0,20.0,10.0,0.0,10.0,20.0,30.0,40.0
60.0,50.0,40.0,30.0,20.0,10.0,0.0,10.0,20.0,30.0
70.0,60.0,50.0,40.0,30.0,20.0,10.0,0.0,10.0,20.0
80.0,70.0,60.0,50.0,40.0,30.0,20.0,10.0,0.0,10.0
90.0,80.0,70.0,60.0,50.0,40.0,30.0,20.0,10.0,0.0
450.0,400.0,350.0,300.0,250.0,250.0,300.0,350.0,400.0,450.0
0.0,1.0,2.0,3.0,4.0,5.0,6.0,7.0,8.0,9.0
1.0,0.0,1.0,2.0,3.0,4.0,5.0,6.0,7.0,8.0
2.0,1.0,0.0,1.0,2.0,3.0,4.0,5.0,6.0,7.0
3.0,2.0,1.0,0.0,1.0,2.0,3.0,4.0,5.0,6.0
4.0,3.0,2.0,1.0,0.0,1.0,2.0,3.0,4.0,5.0
5.0,4.0,3.0,2.0,1.0,0.0,1.0,2.0,3.0,4.0
6.0,5.0,4.0,3.0,2.0,1.0,0.0,1.0,2.0,3.0
7.0,6.0,5.0,4.0,3.0,2.0,1.0,0.0,1.0,2.0
8.0,7.0,6.0,5.0,4.0,3.0,2.0,1.0,0.0,1.0
9.0,8.0,7.0,6.0,5.0,4.0,3.0,2.0,1.0,0.0
45.0,40.0,35.0,30.0,25.0,25.0,30.0,35.0,40.0,45.0
38.0,33.0,28.0,48.0,27.0,37.0,47.0,41.0,37.0,28.0,34.0,25.0,42.0,38.0,33.0,38.0,38.0,28.0,32.0,28.0,34.0,29.0,43.0,41.0,30.0,34.0,32.0,37.0,37.0,27.0,47.0,38.0,21.0,28.0,35.0,39.0,38.0,34.0,31.0,38.0,30.0,32.0,30.0,35.0,38.0,35.0,32.0,27.0,35.0,23.0
35.0,41.0,43.0,22.0,35.0,37.0,27.0,40.0,27.0,44.0,33.0,37.0,30.0,40.0,33.0,38.0,32.0,27.0,27.0,33.0,35.0,42.0,35.0,32.0,40.0,39.0,20.0,27.0,34.0,32.0,37.0,40.0,36.0,33.0,37.0,30.0,34.0,37.0,34.0,31.0,31.0,37.0,28.0,47.0,35.0,40.0,30.0,43.0,31.0,33.0
31.0,23.0,36.0,24.0,39.0,32.0,38.0,50.0,25.0,31.0,27.0,37.0,32.0,28.0,32.0,32.0,40.0,27.0,28.0,33.0,24.0,30.0,39.0,19.0,35.0,28.0,30.0,28.0,42.0,24.0,29.0,35.0,36.0,36.0,28.0,32.0,30.0,28.0,31.0,34.0,26.0,29.0,27.0,34.0,35.0,40.0,26.0,33.0,15.0,28.0
28.0,30.0,33.0,29.0,34.0,31.0,38.0,31.0,33.0,24.0,25.0,25.0,39.0,26.0,32.0,36.0,41.0,34.0,33.0,22.0,24.0,28.0,30.0,35.0,28.0,29.0,24.0,23.0,36.0,26.0,21.0,36.0,30.0,28.0,25.0,32.0,31.0,29.0,27.0,30.0,22.0,21.0,21.0,29.0,36.0,26.0,31.0,37.0,32.0,33.0
15.0,24.0,26.0,27.0,23.0,31.0,16.0,23.0,26.0,36.0,24.0,26.0,23.0,17.0,29.0,28.0,22.0,25.0,14.0,24.0,28.0,25.0,16.0,16.0,27.0,27.0,25.0,25.0,19.0,33.0,22.0,20.0,14.0,23.0,14.0,27.0,22.0,17.0,24.0,18.0,20.0,27.0,14.0,22.0,25.0,31.0,24.0,17.0,24.0,21.0
35.0,27.0,38.0,23.0,32.0,26.0,41.0,32.0,33.0,31.0,30.0,29.0,26.0,20.0,21.0,35.0,33.0,27.0,23.0,33.0,31.0,34.0,42.0,27.0,25.0,34.0,36.0,19.0,30.0,31.0,32.0,25.0,29.0,32.0,28.0,26.0,28.0,30.0,34.0,30.0,21.0,25.0,23.0,25.0,23.0,38.0,35.0,26.0,31.0,26.0
30.0,28.0,26.0,24.0,26.0,29.0,18.0,30.0,16.0,30.0,22.0,33.0,21.0,31.0,33.0,38.0,20.0,27.0,30.0,26.0,30.0,32.0,27.0,24.0,30.0,32.0,24.0,17.0,28.0,20.0,26.0,20.0,28.0,24.0,22.0,31.0,26.0,21.0,30.0,20.0,27.0,24.0,25.0,39.0,18.0,23.0,22.0,18.0,33.0,25.0
26.0,16.0,24.0,28.0,25.0,18.0,21.0,17.0,21.0,23.0,22.0,19.0,27.0,21.0,27.0,23.0,22.0,22.0,17.0,21.0,19.0,17.0,21.0,16.0,18.0,31.0,23.0,34.0,28.0,21.0,16.0,22.0,25.0,11.0,22.0,16.0,28.0,22.0,28.0,21.0,14.0,25.0,23.0,24.0,21.0,23.0,25.0,14.0,22.0,17.0
33.0,38.0,28.0,32.0,42.0,23.0,30.0,25.0,34.0,39.0,33.0,27.0,29.0,32.0,40.0,38.0,24.0,27.0,47.0,26.0,25.0,43.0,39.0,38.0,34.0,36.0,37.0,45.0,30.0,36.0,33.0,31.0,22.0,36.0,27.0,26.0,39.0,24.0,28.0,26.0,35.0,31.0,26.0,29.0,29.0,25.0,26.0,29.0,30.0,22.0
36.0,25.0,34.0,43.0,45.0,42.0,37.0,31.0,35.0,37.0,37.0,46.0,36.0,37.0,33.0,27.0,43.0,35.0,36.0,37.0,34.0,49.0,29.0,36.0,42.0,40.0,42.0,45.0,34.0,40.0,40.0,43.0,44.0,39.0,26.0,27.0,35.0,44.0,34.0,38.0,50.0,36.0,27.0,33.0,36.0,34.0,33.0,36.0,32.0,52.0
