10,50,1000
18.605857,19.105032,19.701387,19.833661,19.12831,17.404554,18.418089,19.554554,16.863114,16.183134
6.714151,7.354871,7.135193,7.673207,7.705438,7.599357,5.56419,9.697831,9.300409,6.009054
0.0,10.0,20.0,30.0,40.0,50.0,60.0,70.0,80.0,90.0
10.0,0.0,10.0,20.0,30.0,40.0,50.0,60.0,70.0,80.0
20.0,10.0,0.0,10.0,20.0,30.0,40.0,50.0,60.0,70.0
30.0,20.0,10.0,0.0,10.0,20.0,30.0,40.0,50.0,60.0
40.0,30.0,20.0,10.0,0.0,10.0,20.0,30.0,40.0,50.0
50.0,40.0,30.0,20.0,10.0,0.0,10.0,20.0,30.0,40.0
60.0,50.0,40.0,30.0,20.0,10.0,0.0,10.0,20.0,30.0
70.0,60.0,50.0,40.0,30.0,20.0,10.0,0.0,10.0,20.0
80.0,70.0,60.0,50.0,40.0,30.0,20.0,10.0,0.0,10.0
90.0,80.0,70.0,60.0,50.0,40.0,30.0,20.0,10.0,0.0
450.0,400.0,350.0,300.0,250.0,250.0,300.0,350.0,400.0,450.0
0.0,1.0,2.0,3.0,4.0,5.0,6.0,7.0,8.0,9.0
1.0,0.0,1.0,2.0,3.0,4.0,5.0,6.0,7.0,8.0
2.0,1.0,0.0,1.0,2.0,3.0,4.0,5.0,6.0,7.0
3.0,2.0,1.0,0.0,1.0,2.0,3.0,4.0,5.0,6.0
4.0,3.0,2.0,1.0,0.0,1.0,2.0,3.0,4.0,5.0
5.0,4.0,3.0,2.0,1.0,0.0,1.0,2.0,3.0,4.0
6.0,5.0,4.0,3.0,2.0,1.0,0.0,1.0,2.0,3.0
7.0,6.0,5.0,4.0,3.0,2.0,1.0,0.0,1.0,2.0
8.0,7.0,6.0,5.0,4.0,3.0,2.0,1.0,0.0,1.0
9.0,8.0,7.0,6.0,5.0,4.0,3.0,2.0,1.0,0.0
45.0,40.0,35.0,30.0,25.0,25.0,30.0,35.0,40.0,45.0
28.0,27.0,21.0,19.0,33.0,23.0,21.0,29.0,24.0,26.0,33.0,16.0,26.0,23.0,34.0,26.0,38.0,29.0,21.0,20.0,30.0,30.0,36.0,27.0,21.0,30.0,31.0,29.0,25.0,21.0,23.0,19.0,20.0,28.0,26.0,31.0,29.0,18.0,27.0,28.0,30.0,26.0,28.0,35.0,32.0,19.0,22.0,25.0,28.0,23.0
22.0,34.0,31.0,18.0,34.0,24.0,35.0,38.0,22.0,28.0,35.0,33.0,31.0,38.0,29.0,23.0,26.0,29.0,26.0,36.0,36.0,32.0,36.0,31.0,39.0,38.0,36.0,23.0,28.0,27.0,26.0,38.0,29.0,31.0,21.0,33.0,38.0,34.0,40.0,32.0,22.0,30.0,27.0,30.0,25.0,33.0,26.0,28.0,32.0,32.0
31.0,29.0,25.0,26.0,36.0,22.0,21.0,22.0,24.0,27.0,14.0,35.0,27.0,34.0,29.0,27.0,32.0,25.0,24.0,27.0,31.0,28.0,29.0,25.0,22.0,39.0,28.0,21.0,30.0,35.0,32.0,24.0,25.0,31.0,34.0,30.0,25.0,22.0,28.0,26.0,25.0,19.0,30.0,29.0,24.0,25.0,31.0,17.0,22.0,34.0
30.0,25.0,30.0,23.0,25.0,32.0,29.0,27.0,25.0,33.0,28.0,33.0,36.0,32.0,40.0,26.0,28.0,28.0,25.0,23.0,38.0,34.0,33.0,30.0,35.0,36.0,35.0,36.0,27.0,30.0,34.0,30.0,23.0,30.0,35.0,30.0,29.0,29.0,26.0,32.0,31.0,29.0,47.0,25.0,36.0,23.0,35.0,36.0,35.0,29.0
35.0,27.0,26.0,32.0,28.0,32.0,26.0,31.0,38.0,39.0,31.0,32.0,35.0,35.0,24.0,27.0,28.0,30.0,29.0,30.0,27.0,35.0,35.0,35.0,28.0,28.0,29.0,30.0,23.0,24.0,30.0,32.0,34.0,30.0,25.0,30.0,22.0,33.0,27.0,23.0,31.0,35.0,33.0,29.0,32.0,32.0,23.0,28.0,30.0,32.0
43.0,28.0,29.0,30.0,28.0,32.0,31.0,27.0,27.0,24.0,21.0,38.0,34.0,33.0,34.0,35.0,29.0,21.0,31.0,23.0,30.0,37.0,25.0,36.0,37.0,31.0,35.0,37.0,23.0,27.0,32.0,27.0,23.0,30.0,31.0,32.0,34.0,31.0,34.0,39.0,25.0,18.0,33.0,33.0,30.0,22.0,38.0,19.0,24.0,17.0
25.0,27.0,23.0,37.0,20.0,13.0,21.0,21.0,21.0,19.0,31.0,28.0,16.0,28.0,15.0,21.0,17.0,15.0,17.0,27.0,21.0,27.0,20.0,30.0,24.0,22.0,16.0,28.0,24.0,18.0,22.0,22.0,23.0,27.0,24.0,24.0,28.0,23.0,27.0,24.0,17.0,22.0,25.0,19.0,25.0,23.0,21.0,19.0,22.0,24.0
23.0,30.0,29.0,28.0,39.0,40.0,30.0,23.0,38.0,42.0,41.0,34.0,37.0,53.0,26.0,39.0,38.0,43.0,38.0,37.0,30.0,51.0,43.0,38.0,33.0,37.0,26.0,28.0,42.0,34.0,28.0,41.0,44.0,31.0,27.0,44.0,35.0,37.0,40.0,36.0,23.0,31.0,27.0,25.0,48.0,35.0,28.0,39.0,31.0,30.0
31.0,32.0,33.0,30.0,42.0,29.0,45.0,34.0,34.0,33.0,25.0,34.0,36.0,27.0,47.0,37.0,39.0,23.0,37.0,36.0,34.0,38.0,20.0,35.0,34.0,35.0,42.0,34.0,38.0,34.0,31.0,33.0,38.0,26.0,46.0,46.0,26.0,34.0,35.0,30.0,40.0,39.0,40.0,27.0,35.0,29.0,34.0,28.0,40.0,35.0
23.0,25.0,16.0,24.0,20.0,24.0,24.0,33.0,27.0,21.0,25.0,29.0,20.0,27.0,18.0,27.0,27.0,31.0,24.0,25.0,23.0,24.0,30.0,28.0,22.0,24.0,25.0,26.0,21.0,28.0,28.0,33.0,30.0,29.0,20.0,36.0,25.0,19.0,26.0,18.0,32.0,22.0,27.0,20.0,18.0,25.0,31.0,22.0,17.0,23.0
