10,50,1000
16.303757,18.54095,18.29113,19.421254,15.125433,17.01848,17.92567,17.289087,17.539157,17.591853
8.592154,8.872537,5.338932,6.165274,6.733533,9.903869,9.312641,8.510357,6.499667,8.65283
0.0,10.0,20.0,30.0,40.0,50.0,60.0,70.0,80.0,90.0
10.0,0.0,10.0,20.0,30.0,40.0,50.0,60.0,70.0,80.0
20.0,10.0,0.0,10.0,20.0,30.0,40.0,50.0,60.0,70.0
30.0,20.0,10.0,0.0,10.0,20.0,30.0,40.0,50.0,60.0
40.0,30.0,20.0,10.0,0.0,10.0,20.0,30.0,40.0,50.0
50.0,40.0,30.0,20.0,10.0,0.0,10.0,20.0,30.0,40.0
60.0,50.0,40.0,30.0,20.0,10.0,0.0,10.0,20.0,30.0
70.0,60.0,50.0,40.0,30.0,20.0,10.0,0.0,10.0,20.0
80.0,70.0,60.0,50.0,40.0,30.0,20.0,10.0,0.0,10.0
90.0,80.0,70.0,60.0,50.0,40.0,30.0,20.0,10.0,0.0
450.0,400.0,350.0,300.0,250.0,250.0,300.0,350.0,400.0,450.0
0.0,1.0,2.0,3.0,4.0,5.0,6.0,7.0,8.0,9.0
1.0,0.0,1.0,2.0,3.0,4.0,5.0,6.0,7.0,8.0
2.0,1.0,0.0,1.0,2.0,3.0,4.0,5.0,6.0,7.0
3.0,2.0,1.0,0.0,1.0,2.0,3.0,4.0,5.0,6.0
4.0,3.0,2.0,1.0,0.0,1.0,2.0,3.0,4.0,5.0
5.0,4.0,3.0,2.0,1.0,0.0,1.0,2.0,3.0,4.0
6.0,5.0,4.0,3.0,2.0,1.0,0.0,1.0,2.0,3.0
7.0,6.0,5.0,4.0,3.0,2.0,1.0,0.0,1.0,2.0
8.0,7.0,6.0,5.0,4.0,3.0,2.0,1.0,0.0,1.0
9.0,8.0,7.0,6.0,5.0,4.0,3.0,2.0,1.0,0.0
45.0,40.0,35.0,30.0,25.0,25.0,30.0,35.0,40.0,45.0
38.0,29.0,32.0,37.0,29.0,30.0,30.0,39.0,30.0,30.0,33.0,36.0,33.0,25.0,24.0,28.0,36.0,30.0,29.0,41.0,27.0,21.0,35.0,35.0,28.0,40.0,32.0,35.0,42.0,37.0,33.0,30.0,38.0,28.0,33.0,32.0,23.0,34.0,25.0,42.0,26.0,30.0,34.0,25.0,26.0,42.0,35.0,39.0,33.0,28.0
31.0,30.0,33.0,36.0,36.0,42.0,36.0,27.0,35.0,43.0,36.0,31.0,35.0,39.0,36.0,28.0,34.0,37.0,25.0,35.0,27.0,36.0,38.0,25.0,18.0,34.0,28.0,36.0,41.0,35.0,39.0,33.0,30.0,28.0,35.0,30.0,32.0,41.0,33.0,22.0,32.0,36.0,33.0,36.0,24.0,34.0,29.0,29.0,29.0,28.0
18.0,18.0,18.0,19.0,23.0,20.0,21.0,27.0,14.0,20.0,20.0,17.0,24.0,14.0,33.0,26.0,17.0,14.0,18.0,26.0,14.0,24.0,18.0,28.0,20.0,11.0,20.0,15.0,25.0,16.0,18.0,20.0,18.0,22.0,22.0,23.0,26.0,31.0,18.0,18.0,25.0,14.0,21.0,25.0,27.0,23.0,22.0,28.0,26.0,17.0
21.0,18.0,22.0,30.0,27.0,24.0,36.0,26.0,27.0,21.0,31.0,25.0,24.0,25.0,23.0,30.0,27.0,16.0,22.0,27.0,27.0,26.0,17.0,30.0,26.0,31.0,23.0,23.0,24.0,29.0,25.0,26.0,19.0,35.0,32.0,20.0,24.0,24.0,24.0,27.0,26.0,22.0,25.0,30.0,26.0,30.0,14.0,21.0,21.0,21.0
20.0,29.0,31.0,26.0,34.0,29.0,19.0,20.0,30.0,32.0,25.0,22.0,19.0,32.0,20.0,26.0,24.0,27.0,29.0,26.0,22.0,28.0,20.0,28.0,31.0,26.0,28.0,31.0,28.0,27.0,23.0,17.0,17.0,27.0,23.0,22.0,25.0,41.0,27.0,30.0,23.0,29.0,19.0,34.0,33.0,24.0,21.0,30.0,29.0,20.0
34.0,41.0,35.0,44.0,40.0,42.0,47.0,30.0,30.0,44.0,37.0,39.0,45.0,30.0,54.0,47.0,42.0,30.0,28.0,28.0,37.0,41.0,22.0,60.0,35.0,32.0,34.0,30.0,37.0,36.0,37.0,36.0,26.0,30.0,34.0,36.0,30.0,33.0,33.0,34.0,31.0,40.0,32.0,41.0,32.0,35.0,35.0,23.0,42.0,51.0
31.0,36.0,41.0,33.0,38.0,34.0,31.0,34.0,43.0,42.0,30.0,36.0,37.0,29.0,34.0,26.0,39.0,33.0,35.0,35.0,33.0,36.0,38.0,40.0,26.0,47.0,31.0,39.0,35.0,32.0,41.0,27.0,35.0,42.0,23.0,33.0,30.0,36.0,34.0,32.0,32.0,28.0,29.0,47.0,24.0,38.0,42.0,28.0,41.0,41.0
35.0,29.0,35.0,36.0,23.0,25.0,28.0,26.0,18.0,46.0,31.0,24.0,25.0,35.0,31.0,32.0,29.0,26.0,43.0,39.0,31.0,27.0,36.0,33.0,28.0,32.0,44.0,27.0,33.0,34.0,38.0,33.0,32.0,22.0,30.0,36.0,33.0,24.0,38.0,34.0,27.0,29.0,29.0,22.0,23.0,32.0,27.0,28.0,18.0,35.0
30.0,25.0,24.0,24.0,32.0,18.0,27.0,23.0,29.0,25.0,32.0,24.0,27.0,28.0,23.0,18.0,27.0,30.0,25.0,16.0,17.0,38.0,32.0,32.0,24.0,24.0,20.0,13.0,32.0,23.0,24.0,30.0,23.0,21.0,16.0,21.0,36.0,22.0,18.0,29.0,30.0,16.0,24.0,21.0,26.0,22.0,22.0,25.0,23.0,24.0
27.0,35.0,25.0,45.0,27.0,30.0,29.0,32.0,30.0,18.0,34.0,35.0,29.0,34.0,33.0,34.0,23.0,27.0,32.0,45.0,39.0,31.0,32.0,24.0,32.0,32.0,34.0,28.0,26.0,34.0,32.0,34.0,24.0,32.0,40.0,29.0,23.0,29.0,26.0,29.0,34.0,29.0,29.0,41.0,28.0,40.0,31.0,32.0,33.0,39.0
