10,50,1000
18.755072,16.505497,18.22514,18.354583,18.975043,17.135846,18.032846,19.150813,16.964885,17.462602
5.636342,5.371136,5.382893,5.471368,8.110426,7.316265,8.796185,9.986509,5.619032,6.40558
0.0,10.0,20.0,30.0,40.0,50.0,60.0,70.0,80.0,90.0
10.0,0.0,10.0,20.0,30.0,40.0,50.0,60.0,70.0,80.0
20.0,10.0,0.0,10.0,20.0,30.0,40.0,50.0,60.0,70.0
30.0,20.0,10.0,0.0,10.0,20.0,30.0,40.0,50.0,60.0
40.0,30.0,20.0,10.0,0.0,10.0,20.0,30.0,40.0,50.0
50.0,40.0,30.0,20.0,10.0,0.0,10.0,20.0,30.0,40.0
60.0,50.0,40.0,30.0,20.0,10.0,0.0,10.0,20.0,30.0
70.0,60.0,50.0,40.0,30.0,20.0,10.0,0.0,10.0,20.0
80.0,70.0,60.0,50.0,40.0,30.0,20.0,10.0,0.0,10.0
90.0,80.0,70.0,60.0,50.0,40.0,30.0,20.0,10.0,0.0
450.0,400.0,350.0,300.0,250.0,250.0,300.0,350.0,400.0,450.0
0.0,1.0,2.0,3.0,4.0,5.0,6.0,7.0,8.0,9.0
1.0,0.0,1.0,2.0,3.0,4.0,5.0,6.0,7.0,8.0
2.0,1.0,0.0,1.0,2.0,3.0,4.0,5.0,6.0,7.0
3.0,2.0,1.0,0.0,1.0,2.0,3.0,4.0,5.0,6.0
4.0,3.0,2.0,1.0,0.0,1.0,2.0,3.0,4.0,5.0
5.0,4.0,3.0,2.0,1.0,0.0,1.0,2.0,3.0,4.0
6.0,5.0,4.0,3.0,2.0,1.0,0.0,1.0,2.0,3.0
7.0,6.0,5.0,4.0,3.0,2.0,1.0,0.0,1.0,2.0
8.0,7.0,6.0,5.0,4.0,3.0,2.0,1.0,0.0,1.0
9.0,8.0,7.0,6.0,5.0,4.0,3.0,2.0,1.0,0.0
45.0,40.0,35.0,30.0,25.0,25.0,30.0,35.0,40.0,45.0
23.0,26.0,15.0,20.0,25.0,26.0,17.0,18.0,24.0,26.0,26.0,20.0,20.0,25.0,27.0,24.0,28.0,23.0,25.0,20.0,18.0,36.0,26.0,18.0,30.0,26.0,25.0,27.0,25.0,25.0,30.0,16.0,24.0,26.0,29.0,19.0,23.0,27.0,24.0,21.0,22.0,18.0,21.0,27.0,23.0,17.0,20.0,19.0,24.0,18.0
21.0,21.0,20.0,30.0,16.0,24.0,19.0,26.0,16.0,29.0,21.0,28.0,22.0,28.0,26.0,22.0,29.0,26.0,27.0,16.0,26.0,28.0,24.0,20.0,25.0,23.0,18.0,26.0,19.0,24.0,33.0,25.0,16.0,24.0,25.0,25.0,20.0,14.0,13.0,28.0,15.0,27.0,19.0,21.0,29.0,19.0,24.0,23.0,20.0,25.0
20.0,23.0,22.0,15.0,24.0,22.0,19.0,23.0,25.0,17.0,21.0,22.0,17.0,17.0,35.0,18.0,19.0,20.0,28.0,16.0,31.0,32.0,25.0,23.0,21.0,23.0,23.0,28.0,15.0,26.0,18.0,20.0,25.0,26.0,22.0,18.0,19.0,26.0,29.0,15.0,28.0,19.0,17.0,17.0,26.0,16.0,24.0,17.0,27.0,24.0
26.0,24.0,19.0,22.0,24.0,22.0,27.0,20.0,24.0,30.0,30.0,26.0,21.0,23.0,18.0,22.0,19.0,17.0,30.0,21.0,20.0,30.0,29.0,15.0,25.0,21.0,23.0,29.0,21.0,28.0,26.0,26.0,22.0,22.0,17.0,19.0,29.0,15.0,15.0,33.0,15.0,20.0,28.0,24.0,17.0,22.0,24.0,22.0,29.0,23.0
30.0,34.0,29.0,38.0,28.0,32.0,33.0,45.0,30.0,32.0,32.0,32.0,28.0,31.0,30.0,25.0,25.0,25.0,35.0,29.0,22.0,24.0,30.0,33.0,29.0,31.0,30.0,26.0,29.0,26.0,29.0,35.0,38.0,27.0,29.0,36.0,45.0,26.0,27.0,42.0,30.0,21.0,32.0,34.0,32.0,39.0,42.0,41.0,26.0,24.0
39.0,29.0,28.0,26.0,31.0,21.0,25.0,22.0,40.0,18.0,33.0,35.0,26.0,27.0,35.0,15.0,27.0,18.0,26.0,26.0,23.0,24.0,19.0,31.0,25.0,30.0,28.0,26.0,27.0,20.0,27.0,30.0,30.0,30.0,19.0,24.0,27.0,34.0,31.0,34.0,24.0,31.0,35.0,27.0,36.0,24.0,32.0,26.0,22.0,21.0
23.0,30.0,43.0,24.0,36.0,39.0,28.0,29.0,50.0,30.0,31.0,29.0,33.0,39.0,20.0,35.0,25.0,31.0,29.0,30.0,28.0,30.0,30.0,26.0,34.0,26.0,33.0,46.0,35.0,36.0,40.0,33.0,39.0,25.0,31.0,23.0,31.0,25.0,26.0,32.0,31.0,33.0,30.0,42.0,31.0,44.0,27.0,42.0,37.0,23.0
36.0,39.0,40.0,32.0,42.0,39.0,37.0,38.0,42.0,46.0,42.0,29.0,41.0,35.0,44.0,29.0,34.0,31.0,26.0,37.0,35.0,45.0,35.0,37.0,24.0,37.0,26.0,35.0,37.0,45.0,34.0,40.0,28.0,28.0,35.0,45.0,33.0,42.0,45.0,36.0,33.0,43.0,40.0,48.0,35.0,35.0,38.0,42.0,41.0,36.0
23.0,26.0,26.0,28.0,23.0,18.0,16.0,19.0,20.0,27.0,29.0,31.0,19.0,19.0,33.0,17.0,27.0,19.0,20.0,25.0,20.0,27.0,22.0,17.0,24.0,29.0,24.0,23.0,23.0,16.0,29.0,17.0,24.0,27.0,29.0,20.0,15.0,24.0,18.0,26.0,27.0,28.0,23.0,18.0,18.0,29.0,22.0,21.0,27.0,20.0
35.0,20.0,22.0,23.0,18.0,34.0,22.0,27.0,25.0,35.0,31.0,17.0,24.0,33.0,28.0,28.0,22.0,21.0,19.0,24.0,25.0,19.0,25.0,33.0,29.0,25.0,27.0,34.0,23.0,20.0,25.0,23.0,30.0,21.0,29.0,35.0,30.0,16.0,26.0,23.0,22.0,28.0,26.0,19.0,28.0,21.0,14.0,19.0,17.0,28.0
