10,50,1000
18.709626,15.041776,18.175189,15.828917,18.647976,16.196569,15.88542,16.935929,19.207616,16.863227
7.633828,5.591399,7.168682,6.428774,9.631831,8.202425,8.753391,7.987017,9.809881,9.648622
0.0,10.0,20.0,30.0,40.0,50.0,60.0,70.0,80.0,90.0
10.0,0.0,10.0,20.0,30.0,40.0,50.0,60.0,70.0,80.0
20.0,10.0,0.0,10.0,20.0,30.0,40.0,50.0,60.0,70.0
30.0,20.0,10.0,0.0,10.0,20.0,30.0,40.0,50.0,60.0
40.0,30.0,20.0,10.0,0.0,10.0,20.0,30.0,40.0,50.0
50.0,40.0,30.0,20.0,10.0,0.0,10.0,20.0,30.0,40.0
60.0,50.0,40.0,30.0,20.0,10.0,0.0,10.0,20.0,30.0
70.0,60.0,50.0,40.0,30.0,20.0,10.0,0.0,10.0,20.0
80.0,70.0,60.0,50.0,40.0,30.0,20.0,10.0,0.0,10.0
90.0,80.0,70.0,60.0,50.0,40.0,30.0,20.0,10.0,0.0
450.0,400.0,350.0,300.0,250.0,250.0,300.0,350.0,400.0,450.0
0.0,1.0,2.0,3.0,4.0,5.0,6.0,7.0,8.0,9.0
1.0,0.0,1.0,2.0,3.0,4.0,5.0,6.0,7.0,8.0
2.0,1.0,0.0,1.0,2.0,3.0,4.0,5.0,6.0,7.0
3.0,2.0,1.0,0.0,1.0,2.0,3.0,4.0,5.0,6.0
4.0,3.0,2.0,1.0,0.0,1.0,2.0,3.0,4.0,5.0
5.0,4.0,3.0,2.0,1.0,0.0,1.0,2.0,3.0,4.0
6.0,5.0,4.0,3.0,2.0,1.0,0.0,1.0,2.0,3.0
7.0,6.0,5.0,4.0,3.0,2.0,1.0,0.0,1.0,2.0
8.0,7.0,6.0,5.0,4.0,3.0,2.0,1.0,0.0,1.0
9.0,8.0,7.0,6.0,5.0,4.0,3.0,2.0,1.0,0.0
45.0,40.0,35.0,30.0,25.0,25.0,30.0,35.0,40.0,45.0
37.0,38.0,24.0,27.0,34.0,20.0,35.0,43.0,31.0,24.0,36.0,36.0,35.0,29.0,23.0,36.0,30.0,39.0,20.0,25.0,21.0,35.0,27.0,28.0,29.0,25.0,30.0,23.0,35.0,28.0,31.0,38.0,21.0,20.0,27.0,25.0,33.0,36.0,36.0,32.0,32.0,28.0,24.0,31.0,28.0,32.0,29.0,21.0,33.0,29.0
23.0,20.0,20.0,34.0,12.0,27.0,23.0,16.0,21.0,22.0,16.0,15.0,19.0,20.0,21.0,25.0,19.0,27.0,20.0,29.0,23.0,19.0,24.0,21.0,19.0,21.0,27.0,29.0,15.0,25.0,22.0,16.0,20.0,24.0,25.0,25.0,25.0,19.0,23.0,27.0,20.0,18.0,27.0,28.0,15.0,25.0,25.0,18.0,17.0,23.0
26.0,26.0,35.0,32.0,29.0,28.0,30.0,27.0,27.0,33.0,34.0,34.0,22.0,26.0,20.0,31.0,22.0,29.0,26.0,19.0,29.0,29.0,34.0,24.0,24.0,19.0,23.0,37.0,14.0,24.0,29.0,19.0,38.0,34.0,32.0,30.0,19.0,31.0,31.0,32.0,28.0,24.0,30.0,31.0,31.0,26.0,34.0,26.0,15.0,24.0
19.0,32.0,26.0,33.0,27.0,30.0,25.0,21.0,19.0,28.0,21.0,27.0,18.0,27.0,25.0,20.0,20.0,13.0,24.0,23.0,23.0,32.0,19.0,32.0,22.0,37.0,21.0,30.0,25.0,19.0,22.0,23.0,27.0,26.0,27.0,31.0,26.0,23.0,28.0,23.0,17.0,21.0,30.0,29.0,26.0,36.0,24.0,25.0,19.0,23.0
34.0,42.0,33.0,28.0,40.0,36.0,42.0,35.0,34.0,32.0,50.0,31.0,30.0,45.0,40.0,29.0,31.0,27.0,37.0,31.0,36.0,40.0,43.0,58.0,36.0,39.0,39.0,44.0,27.0,41.0,32.0,27.0,35.0,36.0,37.0,41.0,39.0,21.0,44.0,41.0,40.0,34.0,33.0,31.0,38.0,22.0,37.0,31.0,42.0,33.0
37.0,25.0,25.0,30.0,27.0,39.0,28.0,28.0,26.0,39.0,38.0,36.0,31.0,30.0,30.0,42.0,33.0,26.0,29.0,28.0,28.0,27.0,32.0,24.0,29.0,31.0,35.0,34.0,39.0,24.0,38.0,32.0,26.0,39.0,38.0,35.0,42.0,30.0,29.0,31.0,35.0,27.0,27.0,29.0,27.0,26.0,25.0,28.0,32.0,21.0
32.0,20.0,33.0,26.0,36.0,38.0,32.0,31.0,20.0,26.0,39.0,18.0,35.0,30.0,32.0,28.0,40.0,27.0,22.0,21.0,28.0,34.0,33.0,28.0,38.0,27.0,37.0,25.0,30.0,32.0,30.0,35.0,32.0,39.0,28.0,43.0,32.0,29.0,33.0,34.0,30.0,35.0,37.0,48.0,31.0,33.0,30.0,32.0,26.0,42.0
33.0,33.0,35.0,32.0,31.0,36.0,29.0,21.0,33.0,29.0,33.0,38.0,25.0,32.0,27.0,43.0,31.0,41.0,38.0,33.0,30.0,42.0,39.0,29.0,31.0,31.0,34.0,24.0,36.0,26.0,39.0,33.0,34.0,30.0,27.0,30.0,31.0,29.0,30.0,18.0,41.0,35.0,29.0,30.0,24.0,34.0,34.0,32.0,27.0,18.0
40.0,41.0,40.0,33.0,39.0,32.0,30.0,39.0,41.0,33.0,34.0,44.0,43.0,36.0,33.0,41.0,42.0,32.0,40.0,43.0,36.0,29.0,41.0,34.0,34.0,42.0,44.0,30.0,33.0,29.0,42.0,31.0,37.0,46.0,51.0,36.0,40.0,42.0,32.0,46.0,34.0,39.0,34.0,34.0,36.0,36.0,29.0,38.0,36.0,39.0
44.0,36.0,29.0,36.0,34.0,37.0,28.0,26.0,29.0,39.0,38.0,30.0,29.0,41.0,37.0,28.0,30.0,46.0,30.0,41.0,36.0,32.0,32.0,36.0,28.0,35.0,39.0,36.0,36.0,43.0,32.0,44.0,38.0,33.0,25.0,32.0,35.0,34.0,29.0,36.0,35.0,35.0,44.0,37.0,44.0,27.0,36.0,33.0,29.0,33.0
