10,50,1000
16.592812,17.349602,16.436104,17.487752,15.196862,19.592886,15.952148,19.811281,18.281834,15.47498
9.737191,5.391275,8.062261,5.330716,7.424324,5.871963,6.587598,8.154728,6.07847,5.376866
0.0,10.0,20.0,30.0,40.0,50.0,60.0,70.0,80.0,90.0
10.0,0.0,10.0,20.0,30.0,40.0,50.0,60.0,70.0,80.0
20.0,10.0,0.0,10.0,20.0,30.0,40.0,50.0,60.0,70.0
30.0,20.0,10.0,0.0,10.0,20.0,30.0,40.0,50.0,60.0
40.0,30.0,20.0,10.0,0.0,10.0,20.0,30.0,40.0,50.0
50.0,40.0,30.0,20.0,10.0,0.0,10.0,20.0,30.0,40.0
60.0,50.0,40.0,30.0,20.0,10.0,0.0,10.0,20.0,30.0
70.0,60.0,50.0,40.0,30.0,20.0,10.0,0.0,10.0,20.0
80.0,70.0,60.0,50.0,40.0,30.0,20.0,10.0,0.0,10.0
90.0,80.0,70.0,60.0,50.0,40.0,30.0,20.0,10.0,0.0
450.0,400.0,350.0,300.0,250.0,250.0,300.0,350.0,400.0,450.0
0.0,1.0,2.0,3.0,4.0,5.0,6.0,7.0,8.0,9.0
1.0,0.0,1.0,2.0,3.0,4.0,5.0,6.0,7.0,8.0
2.0,1.0,0.0,1.0,2.0,3.0,4.0,5.0,6.0,7.0
3.0,2.0,1.0,0.0,1.0,2.0,3.0,4.0,5.0,6.0
4.0,3.0,2.0,1.0,0.0,1.0,2.0,3.0,4.0,5.0
5.0,4.0,3.0,2.0,1.0,0.0,1.0,2.0,3.0,4.0
6.0,5.0,4.0,3.0,2.0,1.0,0.0,1.0,2.0,3.0
7.0,6.0,5.0,4.0,3.0,2.0,1.0,0.0,1.0,2.0
8.0,7.0,6.0,5.0,4.0,3.0,2.0,1.0,0.0,1.0
9.0,8.0,7.0,6.0,5.0,4.0,3.0,2.0,1.0,0.0
45.0,40.0,35.0,30.0,25.0,25.0,30.0,35.0,40.0,45.0
39.0,39.0,46.0,31.0,29.0,40.0,33.0,46.0,32.0,42.0,35.0,35.0,34.0,33.0,37.0,31.0,36.0,44.0,34.0,41.0,27.0,42.0,40.0,35.0,30.0,35.0,52.0,27.0,36.0,24.0,33.0,48.0,32.0,28.0,33.0,37.0,30.0,22.0,32.0,33.0,44.0,44.0,37.0,44.0,40.0,36.0,27.0,33.0,27.0,30.0
16.0,28.0,25.0,25.0,17.0,18.0,24.0,31.0,15.0,15.0,24.0,17.0,25.0,22.0,22.0,27.0,21.0,22.0,18.0,18.0,29.0,16.0,19.0,19.0,26.0,26.0,19.0,23.0,17.0,27.0,23.0,24.0,25.0,24.0,28.0,21.0,22.0,26.0,35.0,16.0,23.0,25.0,18.0,16.0,25.0,24.0,28.0,15.0,27.0,17.0
29.0,35.0,36.0,32.0,37.0,27.0,29.0,30.0,25.0,30.0,35.0,34.0,33.0,33.0,41.0,40.0,22.0,38.0,19.0,28.0,37.0,31.0,35.0,25.0,26.0,35.0,19.0,23.0,20.0,33.0,27.0,33.0,29.0,34.0,28.0,33.0,43.0,32.0,29.0,41.0,27.0,25.0,26.0,30.0,41.0,41.0,32.0,44.0,24.0,26.0
12.0,30.0,22.0,17.0,22.0,20.0,25.0,24.0,21.0,22.0,21.0,36.0,23.0,32.0,18.0,20.0,17.0,22.0,23.0,26.0,24.0,18.0,22.0,17.0,20.0,29.0,28.0,33.0,14.0,23.0,23.0,24.0,19.0,24.0,18.0,23.0,18.0,24.0,30.0,22.0,20.0,32.0,33.0,20.0,23.0,17.0,20.0,14.0,16.0,26.0
22.0,34.0,33.0,36.0,30.0,25.0,23.0,22.0,33.0,27.0,28.0,21.0,25.0,23.0,22.0,34.0,22.0,37.0,24.0,29.0,26.0,26.0,27.0,24.0,18.0,27.0,32.0,25.0,31.0,28.0,37.0,28.0,26.0,34.0,20.0,26.0,33.0,27.0,33.0,29.0,19.0,28.0,34.0,23.0,24.0,21.0,28.0,24.0,20.0,26.0
16.0,23.0,27.0,30.0,20.0,18.0,29.0,21.0,26.0,22.0,29.0,15.0,24.0,23.0,17.0,17.0,18.0,20.0,25.0,22.0,26.0,18.0,28.0,30.0,22.0,17.0,24.0,22.0,24.0,20.0,30.0,23.0,21.0,23.0,21.0,15.0,17.0,29.0,36.0,16.0,23.0,20.0,21.0,21.0,22.0,26.0,19.0,29.0,22.0,24.0
23.0,19.0,23.0,22.0,26.0,24.0,16.0,30.0,27.0,27.0,23.0,24.0,16.0,27.0,29.0,33.0,32.0,24.0,36.0,26.0,26.0,27.0,31.0,24.0,31.0,19.0,29.0,19.0,25.0,32.0,25.0,26.0,22.0,21.0,26.0,31.0,22.0,34.0,24.0,17.0,32.0,21.0,27.0,27.0,21.0,24.0,29.0,28.0,24.0,28.0
30.0,33.0,37.0,28.0,21.0,32.0,26.0,39.0,30.0,34.0,27.0,37.0,40.0,34.0,36.0,24.0,41.0,29.0,31.0,32.0,32.0,33.0,32.0,30.0,28.0,32.0,30.0,33.0,29.0,40.0,34.0,41.0,34.0,39.0,39.0,38.0,32.0,29.0,34.0,21.0,24.0,28.0,36.0,31.0,24.0,41.0,34.0,41.0,43.0,31.0
27.0,31.0,20.0,17.0,27.0,23.0,26.0,22.0,27.0,35.0,25.0,16.0,27.0,22.0,17.0,23.0,31.0,15.0,27.0,24.0,34.0,26.0,17.0,24.0,29.0,23.0,26.0,26.0,20.0,23.0,33.0,21.0,27.0,24.0,24.0,29.0,21.0,25.0,21.0,24.0,15.0,30.0,28.0,24.0,24.0,18.0,28.0,22.0,30.0,16.0
13.0,21.0,17.0,19.0,21.0,20.0,21.0,16.0,28.0,19.0,16.0,24.0,19.0,21.0,24.0,25.0,21.0,21.0,26.0,23.0,13.0,23.0,29.0,14.0,16.0,33.0,24.0,23.0,18.0,17.0,21.0,14.0,18.0,24.0,21.0,22.0,24.0,19.0,22.0,17.0,22.0,22.0,20.0,21.0,18.0,16.0,19.0,28.0,26.0,25.0
