10,50,1000
19.061701,19.472493,19.026808,15.828689,19.242193,19.444464,19.187165,17.288384,16.124068,16.893947
5.468767,5.633482,8.288113,5.275764,9.027457,9.762604,7.082769,6.449616,8.447115,9.269087
0.0,10.0,20.0,30.0,40.0,50.0,60.0,70.0,80.0,90.0
10.0,0.0,10.0,20.0,30.0,40.0,50.0,60.0,70.0,80.0
20.0,10.0,0.0,10.0,20.0,30.0,40.0,50.0,60.0,70.0
30.0,20.0,10.0,0.0,10.0,20.0,30.0,40.0,50.0,60.0
40.0,30.0,20.0,10.0,0.0,10.0,20.0,30.0,40.0,50.0
50.0,40.0,30.0,20.0,10.0,0.0,10.0,20.0,30.0,40.0
60.0,50.0,40.0,30.0,20.0,10.0,0.0,10.0,20.0,30.0
70.0,60.0,50.0,40.0,30.0,20.0,10.0,0.0,10.0,20.0
80.0,70.0,60.0,50.0,40.0,30.0,20.0,10.0,0.0,10.0
90.0,80.0,70.0,60.0,50.0,40.0,30.0,20.0,10.0,0.0
450.0,400.0,350.0,300.0,250.0,250.0,300.0,350.0,400.0,450.0
0.0,1.0,2.0,3.0,4.0,5.0,6.0,7.0,8.0,9.0
1.0,0.0,1.0,2.0,3.0,4.0,5.0,6.0,7.0,8.0
2.0,1.0,0.0,1.0,2.0,3.0,4.0,5.0,6.0,7.0
3.0,2.0,1.0,0.0,1.0,2.0,3.0,4.0,5.0,6.0
4.0,3.0,2.0,1.0,0.0,1.0,2.0,3.0,4.0,5.0
5.0,4.0,3.0,2.0,1.0,0.0,1.0,2.0,3.0,4.0
6.0,5.0,4.0,3.0,2.0,1.0,0.0,1.0,2.0,3.0
7.0,6.0,5.0,4.0,3.0,2.0,1.0,0.0,1.0,2.0
8.0,7.0,6.0,5.0,4.0,3.0,2.0,1.0,0.0,1.0
9.0,8.0,7.0,6.0,5.0,4.0,3.0,2.0,1.0,0.0
45.0,40.0,35.0,30.0,25.0,25.0,30.0,35.0,40.0,45.0
15.0,22.0,26.0,26.0,28.0,25.0,19.0,21.0,19.0,21.0,19.0,21.0,23.0,26.0,27.0,29.0,32.0,29.0,22.0,33.0,25.0,24.0,25.0,27.0,20.0,27.0,30.0,23.0,30.0,22.0,28.0,18.0,22.0,19.0,26.0,20.0,14.0,23.0,20.0,28.0,25.0,26.0,15.0,25.0,41.0,21.0,25.0,18.0,23.0,29.0
21.0,26.0,17.0,23.0,20.0,15.0,26.0,17.0,21.0,28.0,23.0,18.0,12.0,23.0,19.0,19.0,22.0,28.0,20.0,22.0,26.0,16.0,22.0,25.0,28.0,25.0,11.0,29.0,21.0,17.0,30.0,25.0,31.0,22.0,33.0,10.0,20.0,27.0,20.0,23.0,23.0,23.0,23.0,21.0,23.0,25.0,20.0,27.0,20.0,29.0
26.0,34.0,21.0,33.0,26.0,39.0,32.0,35.0,34.0,43.0,31.0,40.0,26.0,34.0,30.0,30.0,28.0,32.0,39.0,38.0,28.0,31.0,36.0,31.0,34.0,28.0,30.0,32.0,21.0,44.0,29.0,30.0,38.0,40.0,42.0,33.0,39.0,31.0,34.0,25.0,32.0,45.0,27.0,34.0,33.0,33.0,31.0,32.0,33.0,23.0
19.0,22.0,18.0,17.0,18.0,22.0,13.0,24.0,29.0,18.0,25.0,21.0,23.0,21.0,19.0,21.0,24.0,20.0,17.0,28.0,29.0,18.0,19.0,19.0,14.0,24.0,23.0,19.0,14.0,26.0,35.0,23.0,19.0,15.0,21.0,26.0,17.0,26.0,18.0,14.0,24.0,24.0,20.0,26.0,18.0,24.0,16.0,20.0,17.0,28.0
33.0,31.0,33.0,37.0,36.0,29.0,40.0,26.0,36.0,30.0,26.0,50.0,29.0,45.0,33.0,38.0,23.0,38.0,28.0,38.0,33.0,30.0,40.0,28.0,38.0,37.0,30.0,35.0,52.0,31.0,37.0,38.0,22.0,32.0,36.0,28.0,35.0,29.0,30.0,32.0,37.0,43.0,35.0,28.0,26.0,42.0,42.0,32.0,28.0,27.0
41.0,44.0,33.0,27.0,35.0,43.0,27.0,37.0,31.0,48.0,43.0,29.0,32.0,44.0,30.0,32.0,36.0,50.0,38.0,47.0,42.0,37.0,49.0,38.0,34.0,41.0,37.0,31.0,34.0,34.0,35.0,40.0,32.0,50.0,34.0,25.0,40.0,34.0,43.0,29.0,31.0,36.0,27.0,37.0,27.0,31.0,42.0,45.0,38.0,40.0
28.0,27.0,31.0,30.0,28.0,22.0,21.0,25.0,28.0,30.0,27.0,25.0,25.0,29.0,31.0,31.0,28.0,33.0,34.0,34.0,30.0,31.0,36.0,35.0,33.0,35.0,27.0,20.0,30.0,31.0,33.0,28.0,26.0,25.0,25.0,16.0,28.0,36.0,25.0,26.0,28.0,33.0,24.0,24.0,24.0,32.0,17.0,28.0,29.0,27.0
28.0,32.0,21.0,23.0,29.0,18.0,31.0,26.0,37.0,23.0,31.0,20.0,22.0,24.0,25.0,24.0,19.0,27.0,23.0,23.0,33.0,14.0,23.0,17.0,23.0,19.0,28.0,28.0,29.0,17.0,30.0,25.0,35.0,17.0,18.0,25.0,20.0,29.0,21.0,28.0,24.0,27.0,30.0,25.0,15.0,26.0,30.0,24.0,24.0,20.0
33.0,26.0,24.0,25.0,40.0,28.0,31.0,35.0,32.0,27.0,29.0,32.0,32.0,27.0,23.0,22.0,32.0,31.0,28.0,28.0,36.0,35.0,31.0,27.0,34.0,33.0,22.0,39.0,33.0,41.0,33.0,29.0,32.0,37.0,22.0,24.0,34.0,29.0,30.0,22.0,34.0,26.0,33.0,28.0,29.0,37.0,32.0,38.0,42.0,34.0
31.0,35.0,33.0,34.0,33.0,27.0,45.0,22.0,42.0,36.0,24.0,40.0,33.0,37.0,32.0,33.0,42.0,40.0,44.0,30.0,21.0,32.0,34.0,37.0,35.0,25.0,29.0,40.0,37.0,22.0,28.0,42.0,39.0,33.0,42.0,41.0,20.0,28.0,35.0,39.0,28.0,30.0,29.0,34.0,37.0,27.0,32.0,30.0,46.0,33.0
