10,50,1000
18.33035,16.239708,19.363566,17.934129,15.94383,17.468215,15.281702,17.38558,19.902415,16.703768
8.68754,5.389268,5.677595,6.669719,8.374661,7.585179,9.94786,9.366471,6.222511,6.736727
0.0,10.0,20.0,30.0,40.0,50.0,60.0,70.0,80.0,90.0
10.0,0.0,10.0,20.0,30.0,40.0,50.0,60.0,70.0,80.0
20.0,10.0,0.0,10.0,20.0,30.0,40.0,50.0,60.0,70.0
30.0,20.0,10.0,0.0,10.0,20.0,30.0,40.0,50.0,60.0
40.0,30.0,20.0,10.0,0.0,10.0,20.0,30.0,40.0,50.0
50.0,40.0,30.0,20.0,10.0,0.0,10.0,20.0,30.0,40.0
60.0,50.0,40.0,30.0,20.0,10.0,0.0,10.0,20.0,30.0
70.0,60.0,50.0,40.0,30.0,20.0,10.0,0.0,10.0,20.0
80.0,70.0,60.0,50.0,40.0,30.0,20.0,10.0,0.0,10.0
90.0,80.0,70.0,60.0,50.0,40.0,30.0,20.0,10.0,0.0
450.0,400.0,350.0,300.0,250.0,250.0,300.0,350.0,400.0,450.0
0.0,1.0,2.0,3.0,4.0,5.0,6.0,7.0,8.0,9.0
1.0,0.0,1.0,2.0,3.0,4.0,5.0,6.0,7.0,8.0
2.0,1.0,0.0,1.0,2.0,3.0,4.0,5.0,6.0,7.0
3.0,2.0,1.0,0.0,1.0,2.0,3.0,4.0,5.0,6.0
4.0,3.0,2.0,1.0,0.0,1.0,2.0,3.0,4.0,5.0
5.0,4.0,3.0,2.0,1.0,0.0,1.0,2.0,3.0,4.0
6.0,5.0,4.0,3.0,2.0,1.0,0.0,1.0,2.0,3.0
7.0,6.0,5.0,4.0,3.0,2.0,1.0,0.0,1.0,2.0
8.0,7.0,6.0,5.0,4.0,3.0,2.0,1.0,0.0,1.0
9.0,8.0,7.0,6.0,5.0,4.0,3.0,2.0,1.0,0.0
45.0,40.0,35.0,30.0,25.0,25.0,30.0,35.0,40.0,45.0
37.0,26.0,37.0,26.0,26.0,36.0,31.0,30.0,39.0,33.0,37.0,34.0,38.0,28.0,27.0,30.0,25.0,20.0,25.0,27.0,22.0,37.0,47.0,25.0,41.0,28.0,41.0,26.0,35.0,30.0,36.0,25.0,30.0,31.0,26.0,38.0,36.0,27.0,25.0,31.0,38.0,37.0,30.0,38.0,27.0,45.0,39.0,43.0,31.0,30.0
30.0,30.0,16.0,17.0,29.0,20.0,32.0,21.0,16.0,27.0,19.0,20.0,25.0,18.0,25.0,15.0,21.0,23.0,21.0,23.0,20.0,28.0,26.0,25.0,22.0,19.0,25.0,21.0,23.0,23.0,24.0,15.0,11.0,21.0,29.0,17.0,22.0,18.0,25.0,18.0,19.0,17.0,21.0,19.0,11.0,22.0,25.0,25.0,19.0,20.0
26.0,33.0,21.0,15.0,33.0,19.0,22.0,27.0,26.0,21.0,32.0,30.0,21.0,24.0,24.0,22.0,26.0,26.0,27.0,29.0,30.0,21.0,22.0,20.0,30.0,29.0,25.0,25.0,23.0,31.0,13.0,19.0,29.0,22.0,17.0,26.0,25.0,25.0,21.0,31.0,25.0,30.0,22.0,20.0,19.0,24.0,29.0,22.0,18.0,31.0
21.0,24.0,27.0,34.0,27.0,25.0,23.0,32.0,31.0,27.0,22.0,30.0,22.0,23.0,24.0,29.0,29.0,20.0,27.0,28.0,30.0,35.0,25.0,30.0,31.0,18.0,24.0,25.0,33.0,22.0,21.0,26.0,20.0,28.0,38.0,33.0,23.0,35.0,36.0,34.0,20.0,19.0,35.0,23.0,25.0,23.0,18.0,28.0,18.0,24.0
36.0,25.0,24.0,35.0,27.0,32.0,31.0,42.0,18.0,25.0,38.0,33.0,30.0,28.0,28.0,31.0,28.0,27.0,34.0,29.0,28.0,30.0,23.0,43.0,29.0,40.0,26.0,31.0,33.0,39.0,32.0,32.0,36.0,32.0,24.0,32.0,38.0,26.0,27.0,37.0,39.0,35.0,21.0,32.0,29.0,35.0,30.0,30.0,34.0,31.0
27.0,34.0,26.0,22.0,30.0,27.0,36.0,39.0,29.0,31.0,26.0,32.0,26.0,18.0,32.0,21.0,33.0,23.0,29.0,25.0,33.0,33.0,24.0,23.0,20.0,29.0,25.0,31.0,29.0,24.0,25.0,33.0,23.0,23.0,29.0,41.0,31.0,27.0,31.0,27.0,26.0,23.0,48.0,34.0,26.0,23.0,31.0,25.0,23.0,21.0
45.0,28.0,38.0,26.0,38.0,34.0,43.0,16.0,31.0,33.0,40.0,45.0,45.0,44.0,40.0,33.0,28.0,32.0,52.0,34.0,27.0,30.0,42.0,41.0,38.0,31.0,33.0,42.0,34.0,39.0,31.0,38.0,34.0,34.0,36.0,42.0,40.0,37.0,44.0,24.0,48.0,35.0,36.0,41.0,36.0,41.0,28.0,32.0,27.0,31.0
30.0,41.0,34.0,36.0,38.0,34.0,35.0,35.0,33.0,36.0,35.0,36.0,31.0,45.0,25.0,33.0,42.0,37.0,31.0,39.0,34.0,29.0,36.0,44.0,37.0,23.0,29.0,38.0,31.0,36.0,29.0,36.0,34.0,40.0,34.0,32.0,45.0,44.0,44.0,42.0,39.0,26.0,33.0,33.0,44.0,39.0,36.0,38.0,37.0,38.0
34.0,28.0,23.0,30.0,17.0,23.0,25.0,22.0,25.0,18.0,18.0,26.0,22.0,23.0,25.0,24.0,19.0,24.0,30.0,29.0,20.0,24.0,19.0,28.0,34.0,26.0,30.0,21.0,34.0,25.0,21.0,20.0,17.0,23.0,21.0,28.0,32.0,28.0,29.0,21.0,25.0,33.0,26.0,24.0,27.0,26.0,26.0,18.0,31.0,26.0
24.0,24.0,28.0,29.0,30.0,25.0,35.0,22.0,25.0,34.0,32.0,23.0,30.0,28.0,21.0,27.0,31.0,33.0,25.0,34.0,20.0,24.0,24.0,23.0,28.0,22.0,28.0,21.0,23.0,23.0,23.0,27.0,31.0,29.0,34.0,27.0,30.0,24.0,24.0,30.0,25.0,17.0,30.0,22.0,25.0,24.0,25.0,25.0,35.0,21.0
