10,50,1000
18.799796,15.340275,15.053337,15.614991,15.138216,18.816651,19.400903,18.336139,17.2517,17.877053
9.362181,7.818915,8.551846,5.162901,7.350402,6.114202,9.022471,5.421447,5.453148,6.44113
0.0,10.0,20.0,30.0,40.0,50.0,60.0,70.0,80.0,90.0
10.0,0.0,10.0,20.0,30.0,40.0,50.0,60.0,70.0,80.0
20.0,10.0,0.0,10.0,20.0,30.0,40.0,50.0,60.0,70.0
30.0,20.0,10.0,0.0,10.0,20.0,30.0,40.0,50.0,60.0
40.0,30.0,20.0,10.0,0.0,10.0,20.0,30.0,40.0,50.0
50.0,40.0,30.0,20.0,10.0,0.0,10.0,20.0,30.0,40.0
60.0,50.0,40.0,30.0,20.0,10.0,0.0,10.0,20.0,30.0
70.0,60.0,50.0,40.0,30.0,20.0,10.0,0.0,10.0,20.0
80.0,70.0,60.0,50.0,40.0,30.0,20.0,10.0,0.0,10.0
90.0,80.0,70.0,60.0,50.0,40.0,30.0,20.0,10.0,0.0
450.0,400.0,350.0,300.0,250.0,250.0,300.0,350.0,400.0,450.0
0.0,1.0,2.0,3.0,4.0,5.0,6.0,7.0,8.0,9.0
1.0,0.0,1.0,2.0,3.0,4.0,5.0,6.0,7.0,8.0
2.0,1.0,0.0,1.0,2.0,3.0,4.0,5.0,6.0,7.0
3.0,2.0,1.0,0.0,1.0,2.0,3.0,4.0,5.0,6.0
4.0,3.0,2.0,1.0,0.0,1.0,2.0,3.0,4.0,5.0
5.0,4.0,3.0,2.0,1.0,0.0,1.0,2.0,3.0,4.0
6.0,5.0,4.0,3.0,2.0,1.0,0.0,1.0,2.0,3.0
7.0,6.0,5.0,4.0,3.0,2.0,1.0,0.0,1.0,2.0
8.0,7.0,6.0,5.0,4.0,3.0,2.0,1.0,0.0,1.0
9.0,8.0,7.0,6.0,5.0,4.0,3.0,2.0,1.0,0.0
45.0,40.0,35.0,30.0,25.0,25.0,30.0,35.0,40.0,45.0
32.0,53.0,37.0,33.0,43.0,29.0,34.0,39.0,41.0,37.0,55.0,32.0,32.0,23.0,42.0,36.0,28.0,38.0,32.0,30.0,43.0,32.0,35.0,25.0,22.0,28.0,27.0,30.0,39.0,25.0,35.0,32.0,35.0,36.0,28.0,41.0,33.0,41.0,42.0,39.0,39.0,37.0,34.0,37.0,34.0,41.0,35.0,28.0,38.0,21.0
23.0,33.0,33.0,24.0,34.0,31.0,28.0,23.0,26.0,35.0,32.0,32.0,38.0,20.0,40.0,28.0,29.0,29.0,25.0,42.0,28.0,30.0,45.0,33.0,30.0,25.0,27.0,31.0,26.0,14.0,28.0,37.0,28.0,33.0,25.0,31.0,19.0,30.0,30.0,31.0,34.0,33.0,30.0,31.0,28.0,26.0,24.0,21.0,22.0,32.0
37.0,29.0,32.0,37.0,29.0,38.0,27.0,23.0,28.0,37.0,26.0,29.0,32.0,36.0,38.0,21.0,36.0,26.0,29.0,27.0,29.0,28.0,28.0,37.0,33.0,28.0,19.0,36.0,28.0,30.0,34.0,34.0,29.0,20.0,32.0,34.0,39.0,29.0,37.0,30.0,28.0,21.0,31.0,41.0,29.0,30.0,44.0,35.0,30.0,29.0
19.0,24.0,24.0,17.0,25.0,22.0,29.0,24.0,19.0,24.0,22.0,24.0,29.0,25.0,27.0,20.0,28.0,20.0,18.0,27.0,23.0,17.0,20.0,24.0,26.0,27.0,17.0,22.0,29.0,25.0,21.0,15.0,26.0,19.0,16.0,18.0,16.0,21.0,25.0,18.0,26.0,22.0,16.0,21.0,13.0,29.0,21.0,22.0,23.0,13.0
24.0,26.0,29.0,31.0,41.0,30.0,23.0,31.0,23.0,29.0,25.0,25.0,35.0,26.0,33.0,28.0,19.0,26.0,28.0,46.0,32.0,28.0,36.0,33.0,34.0,23.0,24.0,18.0,24.0,29.0,35.0,32.0,26.0,32.0,17.0,25.0,29.0,29.0,24.0,34.0,36.0,19.0,26.0,32.0,37.0,24.0,19.0,30.0,38.0,24.0
24.0,26.0,24.0,28.0,37.0,30.0,22.0,21.0,21.0,32.0,20.0,20.0,28.0,24.0,26.0,27.0,27.0,22.0,33.0,26.0,21.0,20.0,28.0,26.0,29.0,16.0,24.0,26.0,20.0,31.0,31.0,26.0,16.0,28.0,27.0,29.0,28.0,33.0,32.0,16.0,21.0,33.0,25.0,22.0,29.0,31.0,20.0,24.0,25.0,24.0
35.0,45.0,38.0,33.0,45.0,38.0,38.0,31.0,33.0,27.0,35.0,38.0,28.0,35.0,39.0,35.0,30.0,34.0,27.0,42.0,39.0,31.0,31.0,31.0,31.0,38.0,42.0,31.0,27.0,34.0,32.0,22.0,33.0,41.0,28.0,36.0,42.0,41.0,33.0,36.0,34.0,35.0,31.0,37.0,33.0,31.0,39.0,43.0,45.0,35.0
22.0,20.0,18.0,16.0,18.0,31.0,25.0,25.0,25.0,20.0,25.0,13.0,23.0,17.0,21.0,20.0,28.0,30.0,28.0,14.0,24.0,23.0,23.0,20.0,22.0,25.0,25.0,23.0,25.0,18.0,19.0,14.0,32.0,22.0,21.0,22.0,25.0,15.0,18.0,23.0,33.0,30.0,20.0,17.0,21.0,21.0,25.0,17.0,24.0,28.0
25.0,21.0,20.0,18.0,23.0,14.0,26.0,27.0,29.0,21.0,22.0,26.0,18.0,19.0,20.0,19.0,20.0,17.0,18.0,22.0,19.0,22.0,24.0,25.0,26.0,30.0,15.0,25.0,25.0,22.0,16.0,26.0,17.0,16.0,18.0,28.0,20.0,24.0,16.0,23.0,17.0,20.0,22.0,22.0,31.0,23.0,27.0,27.0,19.0,24.0
21.0,32.0,33.0,26.0,28.0,24.0,28.0,22.0,29.0,24.0,15.0,32.0,35.0,27.0,31.0,26.0,30.0,28.0,30.0,19.0,22.0,29.0,30.0,25.0,24.0,24.0,28.0,24.0,21.0,25.0,23.0,25.0,20.0,28.0,17.0,27.0,28.0,28.0,24.0,28.0,24.0,25.0,35.0,32.0,20.0,25.0,28.0,30.0,23.0,22.0
