10,50,1000
15.376894,18.37774,15.944822,17.893834,16.934816,17.282537,15.909784,18.327045,19.677781,15.539139
6.515676,7.78042,8.947833,8.486616,6.431124,9.977218,7.11839,8.888375,6.171615,5.738287
0.0,10.0,20.0,30.0,40.0,50.0,60.0,70.0,80.0,90.0
10.0,0.0,10.0,20.0,30.0,40.0,50.0,60.0,70.0,80.0
20.0,10.0,0.0,10.0,20.0,30.0,40.0,50.0,60.0,70.0
30.0,20.0,10.0,0.0,10.0,20.0,30.0,40.0,50.0,60.0
40.0,30.0,20.0,10.0,0.0,10.0,20.0,30.0,40.0,50.0
50.0,40.0,30.0,20.0,10.0,0.0,10.0,20.0,30.0,40.0
60.0,50.0,40.0,30.0,20.0,10.0,0.0,10.0,20.0,30.0
70.0,60.0,50.0,40.0,30.0,20.0,10.0,0.0,10.0,20.0
80.0,70.0,60.0,50.0,40.0,30.0,20.0,10.0,0.0,10.0
90.0,80.0,70.0,60.0,50.0,40.0,30.0,20.0,10.0,0.0
450.0,400.0,350.0,300.0,250.0,250.0,300.0,350.0,400.0,450.0
0.0,1.0,2.0,3.0,4.0,5.0,6.0,7.0,8.0,9.0
1.0,0.0,1.0,2.0,3.0,4.0,5.0,6.0,7.0,8.0
2.0,1.0,0.0,1.0,2.0,3.0,4.0,5.0,6.0,7.0
3.0,2.0,1.0,0.0,1.0,2.0,3.0,4.0,5.0,6.0
4.0,3.0,2.0,1.0,0.0,1.0,2.0,3.0,4.0,5.0
5.0,4.0,3.0,2.0,1.0,0.0,1.0,2.0,3.0,4.0
6.0,5.0,4.0,3.0,2.0,1.0,0.0,1.0,2.0,3.0
7.0,6.0,5.0,4.0,3.0,2.0,1.0,0.0,1.0,2.0
8.0,7.0,6.0,5.0,4.0,3.0,2.0,1.0,0.0,1.0
9.0,8.0,7.0,6.0,5.0,4.0,3.0,2.0,1.0,0.0
45.0,40.0,35.0,30.0,25.0,25.0,30.0,35.0,40.0,45.0
16.0,19.0,34.0,23.0,23.0,27.0,26.0,19.0,23.0,30.0,26.0,24.0,17.0,32.0,25.0,23.0,21.0,22.0,20.0,28.0,28.0,29.0,20.0,32.0,33.0,21.0,24.0,27.0,27.0,29.0,27.0,29.0,26.0,25.0,27.0,24.0,24.0,18.0,23.0,30.0,33.0,31.0,26.0,29.0,31.0,25.0,23.0,21.0,24.0,25.0
27.0,29.0,24.0,32.0,32.0,24.0,37.0,36.0,28.0,25.0,29.0,39.0,29.0,22.0,31.0,35.0,30.0,23.0,34.0,29.0,27.0,27.0,32.0,24.0,38.0,32.0,22.0,36.0,24.0,25.0,29.0,36.0,27.0,30.0,39.0,32.0,20.0,22.0,33.0,30.0,34.0,31.0,34.0,35.0,25.0,22.0,30.0,35.0,32.0,40.0
34.0,29.0,36.0,34.0,28.0,34.0,42.0,34.0,36.0,32.0,32.0,28.0,32.0,30.0,37.0,33.0,31.0,30.0,34.0,29.0,41.0,26.0,27.0,33.0,34.0,30.0,36.0,30.0,41.0,38.0,41.0,35.0,32.0,25.0,44.0,32.0,34.0,38.0,29.0,28.0,37.0,32.0,31.0,35.0,36.0,36.0,36.0,31.0,22.0,29.0
21.0,33.0,21.0,31.0,37.0,34.0,37.0,37.0,42.0,38.0,32.0,22.0,29.0,22.0,32.0,23.0,34.0,29.0,27.0,28.0,39.0,32.0,40.0,37.0,29.0,38.0,25.0,43.0,35.0,22.0,22.0,39.0,33.0,23.0,37.0,25.0,41.0,38.0,24.0,35.0,37.0,17.0,37.0,38.0,34.0,33.0,30.0,33.0,39.0,35.0
21.0,29.0,22.0,27.0,21.0,20.0,32.0,23.0,20.0,28.0,29.0,24.0,20.0,20.0,28.0,34.0,29.0,17.0,22.0,25.0,23.0,18.0,23.0,23.0,23.0,23.0,26.0,22.0,28.0,25.0,22.0,27.0,25.0,22.0,29.0,28.0,20.0,24.0,28.0,22.0,24.0,24.0,22.0,30.0,23.0,31.0,24.0,27.0,31.0,22.0
32.0,35.0,28.0,40.0,45.0,33.0,49.0,35.0,26.0,41.0,39.0,45.0,49.0,27.0,46.0,49.0,41.0,46.0,34.0,40.0,41.0,38.0,45.0,36.0,43.0,41.0,38.0,49.0,40.0,47.0,29.0,36.0,43.0,41.0,41.0,39.0,38.0,41.0,38.0,32.0,33.0,40.0,37.0,40.0,35.0,25.0,37.0,46.0,45.0,26.0
27.0,19.0,32.0,29.0,34.0,27.0,18.0,29.0,27.0,19.0,28.0,19.0,42.0,26.0,25.0,25.0,27.0,28.0,24.0,34.0,30.0,28.0,25.0,41.0,32.0,27.0,27.0,22.0,19.0,38.0,35.0,35.0,34.0,30.0,26.0,27.0,21.0,44.0,23.0,16.0,29.0,32.0,33.0,25.0,26.0,32.0,30.0,26.0,24.0,25.0
32.0,25.0,27.0,39.0,38.0,42.0,37.0,39.0,35.0,34.0,31.0,33.0,34.0,33.0,42.0,23.0,29.0,35.0,29.0,44.0,27.0,33.0,39.0,35.0,33.0,33.0,29.0,32.0,29.0,36.0,42.0,36.0,39.0,34.0,39.0,40.0,40.0,30.0,39.0,37.0,29.0,27.0,41.0,29.0,33.0,39.0,28.0,31.0,39.0,32.0
24.0,29.0,20.0,40.0,23.0,28.0,23.0,22.0,20.0,27.0,27.0,31.0,26.0,28.0,15.0,18.0,20.0,25.0,19.0,24.0,17.0,31.0,25.0,23.0,22.0,25.0,23.0,28.0,28.0,19.0,15.0,23.0,31.0,22.0,33.0,22.0,28.0,29.0,26.0,25.0,27.0,30.0,26.0,20.0,30.0,32.0,23.0,26.0,27.0,34.0
16.0,26.0,32.0,28.0,25.0,26.0,21.0,17.0,19.0,22.0,25.0,28.0,21.0,28.0,25.0,20.0,24.0,29.0,25.0,17.0,26.0,32.0,25.0,23.0,25.0,26.0,19.0,21.0,22.0,34.0,29.0,26.0,22.0,19.0,27.0,16.0,20.0,27.0,19.0,28.0,28.0,20.0,24.0,15.0,23.0,17.0,20.0,20.0,29.0,26.0
