10,50,1000
15.823992,16.472505,16.104909,17.344784,18.803652,19.152986,16.555181,19.081766,17.977241,15.868664
9.059987,6.098661,6.580698,6.499705,6.783543,5.352081,6.227728,9.710522,9.497061,8.29812
0.0,10.0,20.0,30.0,40.0,50.0,60.0,70.0,80.0,90.0
10.0,0.0,10.0,20.0,30.0,40.0,50.0,60.0,70.0,80.0
20.0,10.0,0.0,10.0,20.0,30.0,40.0,50.0,60.0,70.0
30.0,20.0,10.0,0.0,10.0,20.0,30.0,40.0,50.0,60.0
40.0,30.0,20.0,10.0,0.0,10.0,20.0,30.0,40.0,50.0
50.0,40.0,30.0,20.0,10.0,0.0,10.0,20.0,30.0,40.0
60.0,50.0,40.0,30.0,20.0,10.0,0.0,10.0,20.0,30.0
70.0,60.0,50.0,40.0,30.0,20.0,10.0,0.0,10.0,20.0
80.0,70.0,60.0,50.0,40.0,30.0,20.0,10.0,0.0,10.0
90.0,80.0,70.0,60.0,50.0,40.0,30.0,20.0,10.0,0.0
450.0,400.0,350.0,300.0,250.0,250.0,300.0,350.0,400.0,450.0
0.0,1.0,2.0,3.0,4.0,5.0,6.0,7.0,8.0,9.0
1.0,0.0,1.0,2.0,3.0,4.0,5.0,6.0,7.0,8.0
2.0,1.0,0.0,1.0,2.0,3.0,4.0,5.0,6.0,7.0
3.0,2.0,1.0,0.0,1.0,2.0,3.0,4.0,5.0,6.0
4.0,3.0,2.0,1.0,0.0,1.0,2.0,3.0,4.0,5.0
5.0,4.0,3.0,2.0,1.0,0.0,1.0,2.0,3.0,4.0
6.0,5.0,4.0,3.0,2.0,1.0,0.0,1.0,2.0,3.0
7.0,6.0,5.0,4.0,3.0,2.0,1.0,0.0,1.0,2.0
8.0,7.0,6.0,5.0,4.0,3.0,2.0,1.0,0.0,1.0
9.0,8.0,7.0,6.0,5.0,4.0,3.0,2.0,1.0,0.0
45.0,40.0,35.0,30.0,25.0,25.0,30.0,35.0,40.0,45.0
30.0,42.0,45.0,36.0,39.0,45.0,27.0,30.0,38.0,28.0,32.0,40.0,28.0,24.0,36.0,34.0,28.0,28.0,29.0,29.0,28.0,29.0,31.0,39.0,32.0,33.0,34.0,41.0,29.0,38.0,31.0,32.0,40.0,35.0,38.0,24.0,22.0,38.0,27.0,26.0,28.0,20.0,31.0,32.0,33.0,43.0,33.0,25.0,35.0,35.0
17.0,27.0,26.0,26.0,38.0,28.0,19.0,22.0,35.0,21.0,28.0,21.0,17.0,25.0,17.0,24.0,21.0,22.0,28.0,24.0,29.0,25.0,27.0,24.0,23.0,25.0,27.0,25.0,25.0,19.0,24.0,38.0,27.0,36.0,29.0,20.0,22.0,24.0,17.0,16.0,21.0,28.0,24.0,21.0,24.0,22.0,21.0,29.0,29.0,22.0
25.0,33.0,27.0,27.0,25.0,29.0,16.0,20.0,25.0,24.0,29.0,27.0,22.0,20.0,18.0,23.0,15.0,26.0,32.0,28.0,28.0,26.0,34.0,25.0,29.0,18.0,19.0,23.0,21.0,36.0,22.0,24.0,18.0,18.0,24.0,21.0,16.0,24.0,24.0,20.0,21.0,18.0,29.0,25.0,31.0,25.0,26.0,31.0,24.0,34.0
33.0,28.0,27.0,30.0,30.0,24.0,18.0,33.0,23.0,25.0,23.0,21.0,26.0,27.0,23.0,30.0,28.0,27.0,18.0,22.0,26.0,22.0,17.0,31.0,25.0,20.0,29.0,31.0,31.0,31.0,31.0,24.0,20.0,19.0,28.0,26.0,27.0,27.0,32.0,32.0,34.0,15.0,28.0,26.0,22.0,15.0,21.0,27.0,32.0,24.0
28.0,34.0,33.0,23.0,31.0,28.0,21.0,17.0,27.0,24.0,18.0,26.0,23.0,27.0,23.0,29.0,27.0,22.0,17.0,20.0,29.0,27.0,23.0,24.0,27.0,23.0,24.0,36.0,25.0,32.0,24.0,32.0,30.0,30.0,22.0,25.0,23.0,26.0,28.0,33.0,16.0,28.0,27.0,27.0,28.0,28.0,24.0,24.0,29.0,26.0
18.0,27.0,17.0,18.0,33.0,23.0,26.0,23.0,27.0,21.0,26.0,21.0,28.0,20.0,28.0,27.0,29.0,26.0,19.0,20.0,22.0,15.0,24.0,29.0,23.0,30.0,12.0,30.0,29.0,23.0,31.0,28.0,22.0,19.0,17.0,20.0,26.0,28.0,27.0,26.0,25.0,23.0,19.0,25.0,21.0,22.0,20.0,25.0,27.0,26.0
25.0,22.0,25.0,22.0,28.0,23.0,27.0,23.0,23.0,27.0,24.0,26.0,24.0,34.0,23.0,28.0,22.0,23.0,24.0,24.0,21.0,20.0,24.0,20.0,18.0,12.0,29.0,20.0,19.0,14.0,22.0,26.0,16.0,30.0,20.0,24.0,25.0,23.0,22.0,15.0,35.0,21.0,27.0,22.0,22.0,31.0,28.0,23.0,30.0,29.0
35.0,45.0,41.0,31.0,38.0,26.0,45.0,33.0,46.0,45.0,35.0,32.0,39.0,31.0,38.0,43.0,49.0,32.0,46.0,39.0,39.0,35.0,46.0,37.0,35.0,36.0,41.0,42.0,31.0,39.0,40.0,46.0,27.0,28.0,35.0,44.0,33.0,37.0,27.0,28.0,34.0,41.0,47.0,36.0,31.0,33.0,41.0,41.0,31.0,34.0
30.0,49.0,41.0,34.0,40.0,32.0,29.0,40.0,31.0,43.0,37.0,30.0,35.0,38.0,29.0,28.0,46.0,35.0,40.0,34.0,31.0,31.0,28.0,30.0,32.0,25.0,27.0,28.0,36.0,38.0,37.0,35.0,36.0,33.0,27.0,43.0,29.0,28.0,27.0,38.0,31.0,33.0,40.0,32.0,31.0,26.0,38.0,42.0,30.0,24.0
26.0,39.0,29.0,39.0,35.0,26.0,21.0,35.0,34.0,25.0,37.0,30.0,34.0,40.0,27.0,25.0,24.0,31.0,29.0,29.0,28.0,28.0,28.0,28.0,31.0,32.0,44.0,28.0,44.0,19.0,31.0,33.0,29.0,37.0,45.0,28.0,30.0,31.0,30.0,31.0,42.0,33.0,31.0,30.0,27.0,33.0,27.0,29.0,30.0,28.0
