10,50,1000
16.197503,16.318835,17.258895,18.441566,18.901766,18.925518,19.409541,15.741683,18.626375,19.500417
8.335219,6.010647,7.310092,8.994382,5.203243,7.134625,6.516998,5.707054,5.119863,6.694854
0.0,10.0,20.0,30.0,40.0,50.0,60.0,70.0,80.0,90.0
10.0,0.0,10.0,20.0,30.0,40.0,50.0,60.0,70.0,80.0
20.0,10.0,0.0,10.0,20.0,30.0,40.0,50.0,60.0,70.0
30.0,20.0,10.0,0.0,10.0,20.0,30.0,40.0,50.0,60.0
40.0,30.0,20.0,10.0,0.0,10.0,20.0,30.0,40.0,50.0
50.0,40.0,30.0,20.0,10.0,0.0,10.0,20.0,30.0,40.0
60.0,50.0,40.0,30.0,20.0,10.0,0.0,10.0,20.0,30.0
70.0,60.0,50.0,40.0,30.0,20.0,10.0,0.0,10.0,20.0
80.0,70.0,60.0,50.0,40.0,30.0,20.0,10.0,0.0,10.0
90.0,80.0,70.0,60.0,50.0,40.0,30.0,20.0,10.0,0.0
450.0,400.0,350.0,300.0,250.0,250.0,300.0,350.0,400.0,450.0
0.0,1.0,2.0,3.0,4.0,5.0,6.0,7.0,8.0,9.0
1.0,0.0,1.0,2.0,3.0,4.0,5.0,6.0,7.0,8.0
2.0,1.0,0.0,1.0,2.0,3.0,4.0,5.0,6.0,7.0
3.0,2.0,1.0,0.0,1.0,2.0,3.0,4.0,5.0,6.0
4.0,3.0,2.0,1.0,0.0,1.0,2.0,3.0,4.0,5.0
5.0,4.0,3.0,2.0,1.0,0.0,1.0,2.0,3.0,4.0
6.0,5.0,4.0,3.0,2.0,1.0,0.0,1.0,2.0,3.0
7.0,6.0,5.0,4.0,3.0,2.0,1.0,0.0,1.0,2.0
8.0,7.0,6.0,5.0,4.0,3.0,2.0,1.0,0.0,1.0
9.0,8.0,7.0,6.0,5.0,4.0,3.0,2.0,1.0,0.0
45.0,40.0,35.0,30.0,25.0,25.0,30.0,35.0,40.0,45.0
37.0,23.0,23.0,32.0,43.0,32.0,32.0,37.0,29.0,29.0,23.0,25.0,34.0,26.0,33.0,33.0,34.0,33.0,32.0,26.0,32.0,21.0,24.0,32.0,31.0,25.0,31.0,29.0,27.0,34.0,37.0,29.0,31.0,33.0,30.0,26.0,35.0,37.0,34.0,36.0,25.0,32.0,30.0,26.0,28.0,29.0,40.0,35.0,30.0,29.0
25.0,24.0,25.0,21.0,33.0,26.0,18.0,21.0,24.0,19.0,26.0,28.0,29.0,27.0,16.0,25.0,27.0,32.0,22.0,23.0,27.0,26.0,27.0,29.0,25.0,22.0,23.0,31.0,23.0,25.0,37.0,16.0,18.0,19.0,23.0,23.0,28.0,23.0,24.0,28.0,28.0,26.0,21.0,26.0,22.0,26.0,23.0,20.0,25.0,23.0
23.0,33.0,30.0,26.0,20.0,28.0,25.0,29.0,25.0,21.0,31.0,25.0,29.0,26.0,31.0,32.0,33.0,32.0,34.0,26.0,33.0,21.0,29.0,27.0,26.0,26.0,39.0,31.0,28.0,33.0,23.0,30.0,30.0,30.0,22.0,26.0,22.0,28.0,23.0,25.0,31.0,38.0,46.0,24.0,27.0,28.0,25.0,24.0,38.0,21.0
43.0,34.0,27.0,41.0,36.0,33.0,37.0,31.0,29.0,31.0,36.0,31.0,38.0,38.0,42.0,27.0,33.0,32.0,38.0,34.0,44.0,30.0,35.0,36.0,38.0,36.0,28.0,39.0,39.0,33.0,25.0,33.0,31.0,34.0,30.0,34.0,36.0,31.0,36.0,28.0,33.0,44.0,38.0,44.0,42.0,31.0,42.0,28.0,35.0,28.0
23.0,25.0,15.0,24.0,23.0,21.0,22.0,24.0,22.0,16.0,22.0,22.0,22.0,19.0,22.0,18.0,31.0,17.0,20.0,22.0,16.0,18.0,15.0,21.0,22.0,21.0,17.0,22.0,25.0,20.0,21.0,17.0,21.0,15.0,19.0,20.0,15.0,22.0,26.0,22.0,20.0,19.0,21.0,17.0,36.0,18.0,21.0,24.0,33.0,17.0
31.0,30.0,24.0,41.0,20.0,30.0,29.0,29.0,22.0,27.0,22.0,29.0,23.0,18.0,32.0,25.0,28.0,30.0,28.0,27.0,30.0,31.0,28.0,27.0,35.0,18.0,24.0,30.0,29.0,18.0,29.0,24.0,34.0,27.0,41.0,28.0,28.0,16.0,27.0,27.0,28.0,33.0,40.0,23.0,27.0,34.0,30.0,27.0,25.0,36.0
26.0,24.0,23.0,34.0,25.0,28.0,25.0,21.0,24.0,24.0,29.0,24.0,24.0,20.0,32.0,27.0,26.0,25.0,27.0,18.0,23.0,24.0,28.0,26.0,33.0,19.0,34.0,28.0,17.0,26.0,24.0,31.0,18.0,27.0,30.0,22.0,28.0,23.0,25.0,22.0,40.0,24.0,35.0,31.0,24.0,23.0,22.0,32.0,25.0,35.0
25.0,21.0,22.0,33.0,16.0,19.0,18.0,20.0,31.0,25.0,18.0,25.0,24.0,27.0,19.0,24.0,27.0,22.0,20.0,31.0,25.0,21.0,19.0,32.0,17.0,16.0,34.0,26.0,15.0,22.0,21.0,31.0,16.0,28.0,31.0,28.0,29.0,23.0,29.0,27.0,28.0,21.0,19.0,23.0,20.0,25.0,23.0,34.0,11.0,25.0
33.0,21.0,19.0,19.0,20.0,13.0,15.0,34.0,23.0,19.0,23.0,24.0,27.0,11.0,22.0,21.0,21.0,17.0,23.0,21.0,22.0,29.0,20.0,23.0,31.0,18.0,32.0,26.0,23.0,19.0,16.0,16.0,21.0,14.0,24.0,19.0,24.0,24.0,34.0,23.0,34.0,26.0,23.0,21.0,23.0,25.0,19.0,16.0,23.0,20.0
41.0,29.0,23.0,21.0,31.0,34.0,26.0,28.0,40.0,29.0,26.0,21.0,22.0,28.0,35.0,18.0,28.0,31.0,27.0,33.0,25.0,32.0,31.0,32.0,38.0,30.0,24.0,34.0,33.0,24.0,27.0,25.0,20.0,32.0,25.0,31.0,31.0,29.0,28.0,27.0,33.0,32.0,32.0,21.0,25.0,24.0,22.0,33.0,22.0,20.0
