10,50,1000
19.21693,17.934999,15.622953,19.764572,17.100347,15.39663,18.220388,19.705623,19.692089,18.777111
6.136161,8.515047,7.251736,7.772935,7.96188,7.209139,6.983334,5.847157,7.029053,8.225819
0.0,10.0,20.0,30.0,40.0,50.0,60.0,70.0,80.0,90.0
10.0,0.0,10.0,20.0,30.0,40.0,50.0,60.0,70.0,80.0
20.0,10.0,0.0,10.0,20.0,30.0,40.0,50.0,60.0,70.0
30.0,20.0,10.0,0.0,10.0,20.0,30.0,40.0,50.0,60.0
40.0,30.0,20.0,10.0,0.0,10.0,20.0,30.0,40.0,50.0
50.0,40.0,30.0,20.0,10.0,0.0,10.0,20.0,30.0,40.0
60.0,50.0,40.0,30.0,20.0,10.0,0.0,10.0,20.0,30.0
70.0,60.0,50.0,40.0,30.0,20.0,10.0,0.0,10.0,20.0
80.0,70.0,60.0,50.0,40.0,30.0,20.0,10.0,0.0,10.0
90.0,80.0,70.0,60.0,50.0,40.0,30.0,20.0,10.0,0.0
450.0,400.0,350.0,300.0,250.0,250.0,300.0,350.0,400.0,450.0
0.0,1.0,2.0,3.0,4.0,5.0,6.0,7.0,8.0,9.0
1.0,0.0,1.0,2.0,3.0,4.0,5.0,6.0,7.0,8.0
2.0,1.0,0.0,1.0,2.0,3.0,4.0,5.0,6.0,7.0
3.0,2.0,1.0,0.0,1.0,2.0,3.0,4.0,5.0,6.0
4.0,3.0,2.0,1.0,0.0,1.0,2.0,3.0,4.0,5.0
5.0,4.0,3.0,2.0,1.0,0.0,1.0,2.0,3.0,4.0
6.0,5.0,4.0,3.0,2.0,1.0,0.0,1.0,2.0,3.0
7.0,6.0,5.0,4.0,3.0,2.0,1.0,0.0,1.0,2.0
8.0,7.0,6.0,5.0,4.0,3.0,2.0,1.0,0.0,1.0
9.0,8.0,7.0,6.0,5.0,4.0,3.0,2.0,1.0,0.0
45.0,40.0,35.0,30.0,25.0,25.0,30.0,35.0,40.0,45.0
32.0,25.0,24.0,21.0,22.0,22.0,29.0,23.0,29.0,26.0,30.0,23.0,18.0,18.0,22.0,23.0,27.0,23.0,35.0,29.0,25.0,24.0,27.0,27.0,28.0,24.0,18.0,21.0,21.0,34.0,32.0,29.0,41.0,26.0,29.0,31.0,33.0,33.0,31.0,30.0,31.0,30.0,18.0,27.0,28.0,24.0,33.0,23.0,28.0,29.0
24.0,26.0,32.0,36.0,28.0,27.0,30.0,17.0,42.0,37.0,28.0,25.0,36.0,30.0,35.0,30.0,27.0,38.0,38.0,36.0,36.0,26.0,31.0,36.0,52.0,20.0,27.0,24.0,45.0,39.0,33.0,31.0,32.0,33.0,31.0,44.0,37.0,28.0,25.0,31.0,33.0,32.0,34.0,29.0,31.0,37.0,34.0,27.0,22.0,18.0
34.0,34.0,24.0,24.0,22.0,28.0,29.0,29.0,24.0,28.0,29.0,18.0,24.0,26.0,32.0,23.0,24.0,31.0,24.0,28.0,28.0,34.0,27.0,23.0,28.0,27.0,25.0,27.0,26.0,24.0,28.0,31.0,34.0,28.0,22.0,32.0,26.0,25.0,39.0,17.0,30.0,34.0,24.0,35.0,24.0,29.0,30.0,30.0,25.0,31.0
43.0,31.0,37.0,28.0,36.0,27.0,33.0,32.0,48.0,34.0,29.0,27.0,39.0,21.0,25.0,18.0,37.0,26.0,23.0,37.0,31.0,30.0,25.0,35.0,29.0,32.0,29.0,29.0,30.0,28.0,23.0,26.0,29.0,27.0,29.0,23.0,36.0,33.0,29.0,23.0,27.0,24.0,26.0,29.0,23.0,40.0,28.0,32.0,23.0,29.0
29.0,25.0,27.0,29.0,32.0,31.0,27.0,25.0,20.0,30.0,22.0,38.0,29.0,25.0,30.0,26.0,30.0,34.0,37.0,25.0,31.0,32.0,28.0,16.0,25.0,32.0,31.0,25.0,28.0,34.0,31.0,26.0,31.0,28.0,37.0,37.0,33.0,21.0,30.0,31.0,26.0,30.0,36.0,28.0,32.0,22.0,31.0,30.0,34.0,39.0
17.0,16.0,26.0,29.0,20.0,31.0,22.0,24.0,23.0,24.0,21.0,25.0,33.0,19.0,32.0,21.0,26.0,16.0,22.0,25.0,23.0,31.0,31.0,28.0,29.0,29.0,26.0,26.0,22.0,27.0,26.0,29.0,28.0,25.0,27.0,23.0,34.0,35.0,31.0,27.0,33.0,26.0,37.0,25.0,29.0,29.0,19.0,28.0,26.0,37.0
32.0,21.0,26.0,24.0,22.0,24.0,28.0,26.0,23.0,27.0,26.0,25.0,29.0,19.0,29.0,23.0,29.0,33.0,24.0,29.0,17.0,14.0,25.0,22.0,28.0,33.0,28.0,24.0,22.0,36.0,27.0,27.0,19.0,33.0,28.0,39.0,27.0,35.0,19.0,36.0,33.0,31.0,28.0,35.0,30.0,32.0,26.0,25.0,26.0,24.0
32.0,28.0,30.0,30.0,19.0,33.0,20.0,23.0,26.0,19.0,24.0,22.0,25.0,18.0,21.0,24.0,27.0,31.0,23.0,25.0,31.0,22.0,20.0,29.0,21.0,16.0,25.0,18.0,26.0,24.0,20.0,24.0,26.0,21.0,21.0,24.0,26.0,32.0,18.0,24.0,17.0,20.0,26.0,23.0,42.0,20.0,20.0,23.0,21.0,21.0
32.0,38.0,29.0,22.0,36.0,24.0,21.0,32.0,28.0,35.0,28.0,27.0,32.0,31.0,16.0,33.0,35.0,36.0,29.0,24.0,27.0,31.0,39.0,28.0,23.0,32.0,24.0,29.0,29.0,31.0,22.0,30.0,21.0,27.0,27.0,25.0,27.0,25.0,29.0,22.0,32.0,34.0,32.0,30.0,25.0,21.0,33.0,24.0,35.0,29.0
32.0,27.0,36.0,26.0,24.0,29.0,24.0,35.0,27.0,23.0,30.0,31.0,25.0,31.0,37.0,36.0,29.0,31.0,20.0,35.0,33.0,36.0,33.0,29.0,44.0,20.0,30.0,18.0,32.0,39.0,41.0,33.0,44.0,38.0,25.0,32.0,27.0,32.0,32.0,28.0,30.0,21.0,31.0,34.0,25.0,40.0,30.0,23.0,35.0,33.0
