10,50,1000
18.513314,18.335505,15.09879,16.244092,16.279362,18.736059,15.580661,17.485423,16.581913,19.099104
6.966304,8.439025,9.617659,8.15399,9.677026,7.751422,5.023214,6.393114,9.584237,5.185556
0.0,10.0,20.0,30.0,40.0,50.0,60.0,70.0,80.0,90.0
10.0,0.0,10.0,20.0,30.0,40.0,50.0,60.0,70.0,80.0
20.0,10.0,0.0,10.0,20.0,30.0,40.0,50.0,60.0,70.0
30.0,20.0,10.0,0.0,10.0,20.0,30.0,40.0,50.0,60.0
40.0,30.0,20.0,10.0,0.0,10.0,20.0,30.0,40.0,50.0
50.0,40.0,30.0,20.0,10.0,0.0,10.0,20.0,30.0,40.0
60.0,50.0,40.0,30.0,20.0,10.0,0.0,10.0,20.0,30.0
70.0,60.0,50.0,40.0,30.0,20.0,10.0,0.0,10.0,20.0
80.0,70.0,60.0,50.0,40.0,30.0,20.0,10.0,0.0,10.0
90.0,80.0,70.0,60.0,50.0,40.0,30.0,20.0,10.0,0.0
450.0,400.0,350.0,300.0,250.0,250.0,300.0,350.0,400.0,450.0
0.0,1.0,2.0,3.0,4.0,5.0,6.0,7.0,8.0,9.0
1.0,0.0,1.0,2.0,3.0,4.0,5.0,6.0,7.0,8.0
2.0,1.0,0.0,1.0,2.0,3.0,4.0,5.0,6.0,7.0
3.0,2.0,1.0,0.0,1.0,2.0,3.0,4.0,5.0,6.0
4.0,3.0,2.0,1.0,0.0,1.0,2.0,3.0,4.0,5.0
5.0,4.0,3.0,2.0,1.0,0.0,1.0,2.0,3.0,4.0
6.0,5.0,4.0,3.0,2.0,1.0,0.0,1.0,2.0,3.0
7.0,6.0,5.0,4.0,3.0,2.0,1.0,0.0,1.0,2.0
8.0,7.0,6.0,5.0,4.0,3.0,2.0,1.0,0.0,1.0
9.0,8.0,7.0,6.0,5.0,4.0,3.0,2.0,1.0,0.0
45.0,40.0,35.0,30.0,25.0,25.0,30.0,35.0,40.0,45.0
32.0,30.0,29.0,19.0,34.0,23.0,36.0,26.0,24.0,20.0,27.0,20.0,26.0,33.0,26.0,41.0,26.0,24.0,45.0,23.0,25.0,34.0,25.0,23.0,13.0,30.0,23.0,25.0,28.0,18.0,17.0,24.0,14.0,26.0,29.0,22.0,24.0,19.0,28.0,26.0,25.0,32.0,28.0,26.0,31.0,19.0,34.0,33.0,30.0,29.0
34.0,35.0,27.0,25.0,38.0,29.0,34.0,34.0,33.0,31.0,31.0,27.0,34.0,30.0,32.0,39.0,38.0,34.0,33.0,29.0,44.0,27.0,33.0,29.0,34.0,34.0,28.0,38.0,36.0,36.0,26.0,40.0,29.0,36.0,39.0,33.0,39.0,27.0,32.0,36.0,36.0,29.0,31.0,31.0,40.0,20.0,31.0,37.0,35.0,31.0
37.0,42.0,32.0,31.0,35.0,41.0,28.0,19.0,44.0,30.0,40.0,39.0,32.0,37.0,36.0,32.0,41.0,32.0,28.0,29.0,35.0,32.0,35.0,37.0,31.0,31.0,40.0,41.0,43.0,33.0,31.0,47.0,30.0,31.0,26.0,39.0,35.0,39.0,26.0,38.0,37.0,41.0,43.0,19.0,27.0,37.0,35.0,38.0,38.0,42.0
27.0,37.0,37.0,24.0,28.0,34.0,39.0,31.0,30.0,32.0,29.0,30.0,47.0,26.0,22.0,38.0,27.0,27.0,36.0,33.0,38.0,29.0,34.0,37.0,31.0,24.0,27.0,34.0,22.0,22.0,26.0,33.0,31.0,25.0,28.0,33.0,18.0,21.0,32.0,31.0,33.0,31.0,32.0,36.0,30.0,27.0,23.0,36.0,26.0,35.0
46.0,28.0,33.0,29.0,39.0,25.0,20.0,34.0,41.0,43.0,37.0,29.0,35.0,32.0,32.0,39.0,36.0,30.0,37.0,35.0,24.0,29.0,32.0,31.0,30.0,21.0,24.0,34.0,26.0,38.0,37.0,35.0,45.0,40.0,25.0,40.0,31.0,36.0,33.0,32.0,39.0,30.0,35.0,31.0,32.0,26.0,41.0,26.0,46.0,36.0
32.0,31.0,30.0,33.0,37.0,24.0,32.0,36.0,25.0,33.0,30.0,33.0,30.0,42.0,24.0,28.0,28.0,31.0,23.0,25.0,31.0,28.0,28.0,30.0,35.0,34.0,31.0,38.0,39.0,30.0,31.0,29.0,33.0,24.0,29.0,25.0,36.0,26.0,37.0,38.0,31.0,27.0,38.0,30.0,31.0,38.0,26.0,29.0,37.0,26.0
20.0,12.0,24.0,18.0,13.0,19.0,14.0,20.0,25.0,14.0,17.0,31.0,20.0,20.0,15.0,19.0,19.0,27.0,17.0,20.0,24.0,17.0,20.0,16.0,14.0,25.0,15.0,22.0,12.0,22.0,15.0,18.0,20.0,22.0,19.0,23.0,19.0,17.0,15.0,10.0,18.0,20.0,19.0,27.0,17.0,19.0,28.0,24.0,20.0,21.0
32.0,27.0,35.0,27.0,24.0,25.0,21.0,20.0,28.0,27.0,22.0,19.0,26.0,27.0,24.0,18.0,19.0,19.0,20.0,28.0,21.0,30.0,16.0,28.0,19.0,22.0,24.0,15.0,19.0,27.0,24.0,30.0,30.0,24.0,20.0,30.0,27.0,20.0,22.0,24.0,21.0,30.0,35.0,19.0,24.0,15.0,31.0,19.0,20.0,24.0
39.0,29.0,44.0,41.0,40.0,26.0,31.0,40.0,38.0,36.0,33.0,30.0,28.0,27.0,29.0,45.0,30.0,36.0,29.0,36.0,39.0,33.0,28.0,30.0,40.0,38.0,35.0,35.0,30.0,26.0,29.0,43.0,38.0,35.0,28.0,39.0,37.0,29.0,38.0,43.0,37.0,33.0,36.0,34.0,29.0,34.0,37.0,42.0,26.0,32.0
22.0,24.0,29.0,24.0,15.0,28.0,27.0,20.0,18.0,33.0,25.0,17.0,19.0,31.0,18.0,28.0,27.0,20.0,21.0,21.0,18.0,26.0,27.0,23.0,22.0,19.0,20.0,13.0,28.0,31.0,21.0,24.0,28.0,25.0,24.0,19.0,25.0,21.0,28.0,20.0,20.0,22.0,17.0,23.0,25.0,28.0,14.0,19.0,18.0,14.0
