10,50,1000
15.534146,19.438969,17.800549,15.992665,17.767391,18.810495,15.052376,15.443274,17.759028,17.749167
8.739475,8.668116,8.911103,9.075806,5.302248,9.632733,9.427678,7.916679,9.482069,5.928206
0.0,10.0,20.0,30.0,40.0,50.0,60.0,70.0,80.0,90.0
10.0,0.0,10.0,20.0,30.0,40.0,50.0,60.0,70.0,80.0
20.0,10.0,0.0,10.0,20.0,30.0,40.0,50.0,60.0,70.0
30.0,20.0,10.0,0.0,10.0,20.0,30.0,40.0,50.0,60.0
40.0,30.0,20.0,10.0,0.0,10.0,20.0,30.0,40.0,50.0
50.0,40.0,30.0,20.0,10.0,0.0,10.0,20.0,30.0,40.0
60.0,50.0,40.0,30.0,20.0,10.0,0.0,10.0,20.0,30.0
70.0,60.0,50.0,40.0,30.0,20.0,10.0,0.0,10.0,20.0
80.0,70.0,60.0,50.0,40.0,30.0,20.0,10.0,0.0,10.0
90.0,80.0,70.0,60.0,50.0,40.0,30.0,20.0,10.0,0.0
450.0,400.0,350.0,300.0,250.0,250.0,300.0,350.0,400.0,450.0
0.0,1.0,2.0,3.0,4.0,5.0,6.0,7.0,8.0,9.0
1.0,0.0,1.0,2.0,3.0,4.0,5.0,6.0,7.0,8.0
2.0,1.0,0.0,1.0,2.0,3.0,4.0,5.0,6.0,7.0
3.0,2.0,1.0,0.0,1.0,2.0,3.0,4.0,5.0,6.0
4.0,3.0,2.0,1.0,0.0,1.0,2.0,3.0,4.0,5.0
5.0,4.0,3.0,2.0,1.0,0.0,1.0,2.0,3.0,4.0
6.0,5.0,4.0,3.0,2.0,1.0,0.0,1.0,2.0,3.0
7.0,6.0,5.0,4.0,3.0,2.0,1.0,0.0,1.0,2.0
8.0,7.0,6.0,5.0,4.0,3.0,2.0,1.0,0.0,1.0
9.0,8.0,7.0,6.0,5.0,4.0,3.0,2.0,1.0,0.0
45.0,40.0,35.0,30.0,25.0,25.0,30.0,35.0,40.0,45.0
32.0,36.0,33.0,25.0,32.0,37.0,38.0,32.0,28.0,27.0,29.0,36.0,38.0,31.0,20.0,31.0,37.0,26.0,37.0,35.0,32.0,28.0,40.0,36.0,29.0,32.0,31.0,27.0,33.0,41.0,36.0,39.0,40.0,33.0,30.0,26.0,35.0,36.0,26.0,37.0,35.0,53.0,24.0,20.0,31.0,27.0,34.0,36.0,30.0,31.0
23.0,27.0,32.0,33.0,38.0,29.0,36.0,36.0,36.0,35.0,34.0,25.0,34.0,30.0,27.0,33.0,37.0,41.0,35.0,30.0,28.0,37.0,34.0,36.0,39.0,42.0,30.0,31.0,36.0,34.0,36.0,24.0,30.0,43.0,36.0,25.0,24.0,36.0,39.0,38.0,28.0,43.0,38.0,29.0,41.0,29.0,25.0,37.0,32.0,29.0
35.0,43.0,30.0,36.0,27.0,22.0,27.0,31.0,32.0,32.0,33.0,33.0,33.0,26.0,35.0,44.0,31.0,22.0,32.0,35.0,42.0,34.0,36.0,36.0,47.0,29.0,37.0,41.0,26.0,34.0,31.0,28.0,26.0,23.0,27.0,30.0,32.0,31.0,39.0,45.0,27.0,37.0,36.0,41.0,32.0,34.0,24.0,31.0,35.0,38.0
35.0,34.0,41.0,36.0,32.0,35.0,34.0,39.0,40.0,33.0,29.0,22.0,36.0,32.0,34.0,44.0,26.0,32.0,40.0,32.0,30.0,37.0,29.0,31.0,34.0,33.0,39.0,41.0,42.0,29.0,33.0,38.0,40.0,35.0,28.0,29.0,41.0,27.0,31.0,33.0,31.0,28.0,29.0,32.0,29.0,32.0,27.0,40.0,29.0,37.0
19.0,18.0,28.0,22.0,26.0,23.0,16.0,23.0,21.0,13.0,19.0,31.0,15.0,22.0,21.0,19.0,26.0,22.0,29.0,12.0,26.0,22.0,33.0,16.0,25.0,16.0,27.0,20.0,21.0,18.0,29.0,25.0,29.0,26.0,24.0,20.0,26.0,26.0,21.0,19.0,20.0,30.0,22.0,18.0,22.0,17.0,23.0,30.0,34.0,13.0
29.0,44.0,39.0,43.0,29.0,28.0,27.0,43.0,29.0,29.0,31.0,42.0,44.0,34.0,41.0,33.0,44.0,50.0,30.0,29.0,43.0,34.0,40.0,33.0,33.0,39.0,36.0,39.0,33.0,41.0,38.0,27.0,35.0,50.0,33.0,36.0,36.0,43.0,43.0,39.0,30.0,37.0,36.0,42.0,32.0,37.0,39.0,32.0,33.0,35.0
43.0,39.0,34.0,21.0,29.0,35.0,34.0,23.0,28.0,32.0,29.0,26.0,20.0,42.0,32.0,31.0,37.0,37.0,29.0,31.0,37.0,48.0,30.0,33.0,35.0,22.0,42.0,33.0,30.0,28.0,28.0,32.0,36.0,33.0,37.0,40.0,31.0,40.0,28.0,34.0,38.0,37.0,36.0,44.0,29.0,31.0,29.0,46.0,40.0,33.0
35.0,28.0,26.0,34.0,34.0,36.0,22.0,27.0,30.0,38.0,32.0,26.0,26.0,33.0,31.0,42.0,28.0,28.0,46.0,32.0,37.0,27.0,32.0,32.0,28.0,29.0,33.0,25.0,22.0,27.0,29.0,28.0,20.0,31.0,29.0,30.0,29.0,36.0,28.0,17.0,39.0,30.0,33.0,37.0,31.0,29.0,29.0,31.0,21.0,44.0
39.0,37.0,30.0,39.0,31.0,45.0,33.0,38.0,40.0,34.0,35.0,36.0,38.0,32.0,38.0,26.0,41.0,32.0,22.0,33.0,30.0,32.0,30.0,28.0,35.0,33.0,31.0,31.0,30.0,37.0,30.0,27.0,28.0,37.0,37.0,41.0,34.0,41.0,35.0,32.0,33.0,42.0,33.0,30.0,35.0,31.0,43.0,35.0,29.0,26.0
18.0,18.0,28.0,25.0,22.0,26.0,22.0,30.0,31.0,18.0,27.0,22.0,24.0,22.0,17.0,14.0,29.0,25.0,22.0,26.0,37.0,14.0,16.0,22.0,15.0,23.0,16.0,21.0,28.0,19.0,25.0,23.0,23.0,17.0,29.0,18.0,17.0,20.0,19.0,20.0,17.0,25.0,19.0,27.0,22.0,18.0,25.0,22.0,25.0,24.0
