10,50,1000
15.888198,18.328026,19.172944,16.562985,19.403038,15.940604,15.921973,18.054378,18.332777,16.013277
9.677689,8.559636,5.238223,9.58642,7.425699,7.646074,7.872664,8.666844,6.925754,6.128102
0.0,10.0,20.0,30.0,40.0,50.0,60.0,70.0,80.0,90.0
10.0,0.0,10.0,20.0,30.0,40.0,50.0,60.0,70.0,80.0
20.0,10.0,0.0,10.0,20.0,30.0,40.0,50.0,60.0,70.0
30.0,20.0,10.0,0.0,10.0,20.0,30.0,40.0,50.0,60.0
40.0,30.0,20.0,10.0,0.0,10.0,20.0,30.0,40.0,50.0
50.0,40.0,30.0,20.0,10.0,0.0,10.0,20.0,30.0,40.0
60.0,50.0,40.0,30.0,20.0,10.0,0.0,10.0,20.0,30.0
70.0,60.0,50.0,40.0,30.0,20.0,10.0,0.0,10.0,20.0
80.0,70.0,60.0,50.0,40.0,30.0,20.0,10.0,0.0,10.0
90.0,80.0,70.0,60.0,50.0,40.0,30.0,20.0,10.0,0.0
450.0,400.0,350.0,300.0,250.0,250.0,300.0,350.0,400.0,450.0
0.0,1.0,2.0,3.0,4.0,5.0,6.0,7.0,8.0,9.0
1.0,0.0,1.0,2.0,3.0,4.0,5.0,6.0,7.0,8.0
2.0,1.0,0.0,1.0,2.0,3.0,4.0,5.0,6.0,7.0
3.0,2.0,1.0,0.0,1.0,2.0,3.0,4.0,5.0,6.0
4.0,3.0,2.0,1.0,0.0,1.0,2.0,3.0,4.0,5.0
5.0,4.0,3.0,2.0,1.0,0.0,1.0,2.0,3.0,4.0
6.0,5.0,4.0,3.0,2.0,1.0,0.0,1.0,2.0,3.0
7.0,6.0,5.0,4.0,3.0,2.0,1.0,0.0,1.0,2.0
8.0,7.0,6.0,5.0,4.0,3.0,2.0,1.0,0.0,1.0
9.0,8.0,7.0,6.0,5.0,4.0,3.0,2.0,1.0,0.0
45.0,40.0,35.0,30.0,25.0,25.0,30.0,35.0,40.0,45.0
36.0,33.0,52.0,20.0,34.0,35.0,26.0,40.0,30.0,39.0,25.0,45.0,40.0,44.0,31.0,36.0,24.0,31.0,36.0,40.0,41.0,41.0,34.0,33.0,30.0,37.0,39.0,30.0,42.0,32.0,46.0,39.0,51.0,42.0,34.0,37.0,33.0,42.0,39.0,31.0,43.0,34.0,27.0,25.0,28.0,43.0,38.0,32.0,43.0,34.0
20.0,37.0,28.0,23.0,35.0,35.0,22.0,23.0,31.0,31.0,47.0,34.0,35.0,31.0,31.0,30.0,33.0,34.0,30.0,38.0,32.0,35.0,36.0,23.0,28.0,37.0,24.0,31.0,28.0,41.0,34.0,20.0,24.0,17.0,42.0,36.0,22.0,23.0,24.0,38.0,31.0,43.0,31.0,30.0,36.0,29.0,38.0,41.0,40.0,23.0
17.0,28.0,31.0,24.0,28.0,24.0,16.0,25.0,21.0,15.0,28.0,11.0,17.0,16.0,16.0,20.0,20.0,20.0,27.0,15.0,27.0,26.0,18.0,17.0,27.0,20.0,29.0,23.0,18.0,30.0,24.0,22.0,22.0,25.0,25.0,37.0,20.0,18.0,31.0,25.0,13.0,17.0,17.0,23.0,27.0,28.0,24.0,28.0,16.0,31.0
43.0,31.0,41.0,40.0,29.0,36.0,29.0,32.0,32.0,32.0,25.0,33.0,44.0,27.0,28.0,37.0,36.0,33.0,34.0,35.0,36.0,35.0,34.0,35.0,25.0,37.0,30.0,25.0,27.0,40.0,25.0,38.0,30.0,42.0,39.0,34.0,33.0,36.0,39.0,32.0,25.0,53.0,26.0,36.0,39.0,35.0,42.0,37.0,40.0,42.0
31.0,39.0,29.0,29.0,29.0,25.0,38.0,29.0,23.0,30.0,23.0,25.0,35.0,31.0,30.0,18.0,25.0,27.0,32.0,21.0,26.0,36.0,32.0,27.0,27.0,29.0,30.0,36.0,19.0,37.0,26.0,28.0,23.0,25.0,19.0,40.0,26.0,36.0,27.0,23.0,26.0,33.0,32.0,30.0,22.0,25.0,28.0,23.0,27.0,28.0
26.0,31.0,20.0,33.0,21.0,24.0,29.0,23.0,26.0,28.0,27.0,21.0,28.0,41.0,24.0,22.0,23.0,26.0,26.0,26.0,27.0,28.0,24.0,28.0,28.0,37.0,32.0,28.0,45.0,37.0,31.0,37.0,28.0,25.0,26.0,27.0,31.0,32.0,22.0,42.0,33.0,30.0,27.0,33.0,36.0,26.0,32.0,26.0,25.0,24.0
23.0,35.0,34.0,42.0,26.0,26.0,27.0,27.0,27.0,35.0,25.0,21.0,30.0,33.0,25.0,25.0,37.0,29.0,16.0,36.0,22.0,27.0,23.0,25.0,34.0,33.0,29.0,31.0,20.0,29.0,25.0,21.0,30.0,36.0,29.0,39.0,36.0,31.0,29.0,33.0,27.0,23.0,31.0,31.0,26.0,26.0,24.0,35.0,27.0,37.0
46.0,27.0,40.0,32.0,38.0,26.0,25.0,29.0,26.0,29.0,29.0,31.0,39.0,32.0,20.0,26.0,43.0,37.0,37.0,28.0,26.0,38.0,34.0,42.0,33.0,38.0,21.0,21.0,33.0,44.0,34.0,32.0,30.0,41.0,36.0,44.0,35.0,33.0,39.0,30.0,39.0,32.0,28.0,35.0,37.0,27.0,48.0,29.0,34.0,29.0
32.0,32.0,22.0,21.0,23.0,26.0,38.0,27.0,22.0,32.0,35.0,34.0,32.0,20.0,14.0,27.0,28.0,26.0,22.0,30.0,24.0,27.0,34.0,24.0,32.0,33.0,28.0,25.0,29.0,23.0,26.0,20.0,28.0,34.0,33.0,29.0,23.0,26.0,29.0,23.0,27.0,38.0,31.0,23.0,30.0,29.0,25.0,30.0,23.0,32.0
20.0,20.0,28.0,26.0,23.0,21.0,27.0,29.0,33.0,26.0,22.0,25.0,26.0,26.0,18.0,20.0,23.0,28.0,41.0,13.0,24.0,22.0,26.0,19.0,20.0,18.0,18.0,15.0,30.0,23.0,18.0,22.0,33.0,21.0,19.0,26.0,26.0,19.0,27.0,29.0,26.0,20.0,24.0,22.0,29.0,26.0,27.0,24.0,17.0,24.0
