10,50,1000
18.768739,16.182642,15.533582,15.641372,18.738762,19.823362,17.81088,19.494846,17.745488,18.128962
9.684492,5.935272,7.677275,9.63017,6.662764,8.174975,7.760658,6.307506,5.431117,8.602126
0.0,10.0,20.0,30.0,40.0,50.0,60.0,70.0,80.0,90.0
10.0,0.0,10.0,20.0,30.0,40.0,50.0,60.0,70.0,80.0
20.0,10.0,0.0,10.0,20.0,30.0,40.0,50.0,60.0,70.0
30.0,20.0,10.0,0.0,10.0,20.0,30.0,40.0,50.0,60.0
40.0,30.0,20.0,10.0,0.0,10.0,20.0,30.0,40.0,50.0
50.0,40.0,30.0,20.0,10.0,0.0,10.0,20.0,30.0,40.0
60.0,50.0,40.0,30.0,20.0,10.0,0.0,10.0,20.0,30.0
70.0,60.0,50.0,40.0,30.0,20.0,10.0,0.0,10.0,20.0
80.0,70.0,60.0,50.0,40.0,30.0,20.0,10.0,0.0,10.0
90.0,80.0,70.0,60.0,50.0,40.0,30.0,20.0,10.0,0.0
450.0,400.0,350.0,300.0,250.0,250.0,300.0,350.0,400.0,450.0
0.0,1.0,2.0,3.0,4.0,5.0,6.0,7.0,8.0,9.0
1.0,0.0,1.0,2.0,3.0,4.0,5.0,6.0,7.0,8.0
2.0,1.0,0.0,1.0,2.0,3.0,4.0,5.0,6.0,7.0
3.0,2.0,1.0,0.0,1.0,2.0,3.0,4.0,5.0,6.0
4.0,3.0,2.0,1.0,0.0,1.0,2.0,3.0,4.0,5.0
5.0,4.0,3.0,2.0,1.0,0.0,1.0,2.0,3.0,4.0
6.0,5.0,4.0,3.0,2.0,1.0,0.0,1.0,2.0,3.0
7.0,6.0,5.0,4.0,3.0,2.0,1.0,0.0,1.0,2.0
8.0,7.0,6.0,5.0,4.0,3.0,2.0,1.0,0.0,1.0
9.0,8.0,7.0,6.0,5.0,4.0,3.0,2.0,1.0,0.0
45.0,40.0,35.0,30.0,25.0,25.0,30.0,35.0,40.0,45.0
36.0,32.0,33.0,29.0,33.0,31.0,24.0,30.0,28.0,43.0,39.0,39.0,29.0,37.0,36.0,50.0,39.0,38.0,41.0,35.0,28.0,31.0,36.0,38.0,39.0,37.0,34.0,40.0,34.0,37.0,35.0,35.0,28.0,41.0,31.0,35.0,36.0,33.0,29.0,28.0,24.0,40.0,29.0,30.0,36.0,44.0,31.0,31.0,37.0,37.0
30.0,23.0,23.0,18.0,26.0,21.0,21.0,30.0,22.0,22.0,21.0,24.0,23.0,16.0,28.0,23.0,20.0,17.0,19.0,24.0,21.0,27.0,23.0,23.0,21.0,32.0,19.0,19.0,13.0,19.0,15.0,21.0,17.0,24.0,26.0,16.0,16.0,29.0,27.0,23.0,18.0,28.0,19.0,24.0,29.0,23.0,26.0,17.0,27.0,26.0
34.0,28.0,21.0,22.0,39.0,25.0,32.0,21.0,32.0,27.0,25.0,34.0,30.0,34.0,28.0,30.0,31.0,31.0,25.0,35.0,22.0,35.0,25.0,37.0,29.0,34.0,21.0,34.0,33.0,24.0,38.0,18.0,33.0,29.0,21.0,24.0,23.0,36.0,35.0,25.0,26.0,25.0,36.0,36.0,29.0,27.0,29.0,33.0,33.0,28.0
31.0,46.0,34.0,43.0,40.0,44.0,34.0,36.0,34.0,24.0,26.0,31.0,24.0,40.0,35.0,27.0,45.0,30.0,34.0,33.0,32.0,27.0,35.0,41.0,36.0,29.0,53.0,37.0,43.0,38.0,29.0,41.0,30.0,39.0,21.0,32.0,24.0,36.0,33.0,36.0,34.0,31.0,31.0,49.0,38.0,31.0,37.0,38.0,28.0,35.0
30.0,35.0,29.0,25.0,27.0,26.0,25.0,28.0,21.0,28.0,25.0,25.0,31.0,29.0,25.0,31.0,27.0,31.0,33.0,28.0,29.0,34.0,20.0,13.0,33.0,24.0,18.0,25.0,24.0,18.0,23.0,25.0,29.0,28.0,26.0,18.0,35.0,29.0,27.0,27.0,25.0,23.0,33.0,24.0,25.0,20.0,19.0,25.0,27.0,24.0
35.0,40.0,35.0,27.0,28.0,30.0,24.0,25.0,32.0,33.0,29.0,38.0,31.0,28.0,36.0,38.0,38.0,32.0,30.0,26.0,41.0,40.0,38.0,38.0,35.0,35.0,36.0,37.0,34.0,26.0,25.0,39.0,31.0,26.0,32.0,31.0,37.0,31.0,29.0,30.0,33.0,35.0,29.0,29.0,32.0,36.0,26.0,38.0,29.0,41.0
24.0,39.0,28.0,22.0,24.0,32.0,28.0,36.0,31.0,32.0,29.0,23.0,36.0,22.0,34.0,35.0,33.0,26.0,33.0,33.0,35.0,24.0,31.0,37.0,31.0,32.0,25.0,36.0,32.0,30.0,28.0,32.0,27.0,30.0,38.0,25.0,26.0,32.0,34.0,21.0,23.0,33.0,36.0,24.0,26.0,22.0,38.0,29.0,32.0,34.0
31.0,27.0,20.0,24.0,25.0,17.0,21.0,25.0,19.0,37.0,25.0,23.0,24.0,16.0,31.0,38.0,25.0,26.0,22.0,23.0,20.0,28.0,26.0,26.0,28.0,29.0,17.0,22.0,26.0,24.0,22.0,31.0,20.0,37.0,18.0,25.0,17.0,25.0,31.0,30.0,22.0,30.0,30.0,18.0,22.0,29.0,25.0,29.0,25.0,24.0
26.0,11.0,15.0,17.0,22.0,16.0,24.0,14.0,24.0,17.0,17.0,16.0,19.0,25.0,22.0,24.0,17.0,21.0,23.0,28.0,27.0,16.0,25.0,24.0,17.0,23.0,27.0,18.0,21.0,26.0,22.0,23.0,27.0,24.0,26.0,25.0,27.0,29.0,23.0,26.0,22.0,29.0,31.0,20.0,11.0,26.0,19.0,21.0,21.0,19.0
40.0,29.0,44.0,29.0,25.0,30.0,36.0,32.0,25.0,30.0,30.0,27.0,28.0,16.0,35.0,35.0,36.0,33.0,32.0,37.0,18.0,24.0,27.0,29.0,32.0,43.0,30.0,33.0,41.0,33.0,36.0,19.0,45.0,24.0,28.0,30.0,30.0,33.0,38.0,36.0,34.0,29.0,28.0,34.0,28.0,29.0,27.0,31.0,36.0,36.0
