10,50,1000
18.36827,19.810742,19.626945,15.980784,16.854897,15.680455,18.016476,17.638729,17.044758,17.30671
8.200691,6.838302,6.327105,7.207289,6.270052,8.835939,6.099015,9.247048,7.261117,9.471659
0.0,10.0,20.0,30.0,40.0,50.0,60.0,70.0,80.0,90.0
10.0,0.0,10.0,20.0,30.0,40.0,50.0,60.0,70.0,80.0
20.0,10.0,0.0,10.0,20.0,30.0,40.0,50.0,60.0,70.0
30.0,20.0,10.0,0.0,10.0,20.0,30.0,40.0,50.0,60.0
40.0,30.0,20.0,10.0,0.0,10.0,20.0,30.0,40.0,50.0
50.0,40.0,30.0,20.0,10.0,0.0,10.0,20.0,30.0,40.0
60.0,50.0,40.0,30.0,20.0,10.0,0.0,10.0,20.0,30.0
70.0,60.0,50.0,40.0,30.0,20.0,10.0,0.0,10.0,20.0
80.0,70.0,60.0,50.0,40.0,30.0,20.0,10.0,0.0,10.0
90.0,80.0,70.0,60.0,50.0,40.0,30.0,20.0,10.0,0.0
450.0,400.0,350.0,300.0,250.0,250.0,300.0,350.0,400.0,450.0
0.0,1.0,2.0,3.0,4.0,5.0,6.0,7.0,8.0,9.0
1.0,0.0,1.0,2.0,3.0,4.0,5.0,6.0,7.0,8.0
2.0,1.0,0.0,1.0,2.0,3.0,4.0,5.0,6.0,7.0
3.0,2.0,1.0,0.0,1.0,2.0,3.0,4.0,5.0,6.0
4.0,3.0,2.0,1.0,0.0,1.0,2.0,3.0,4.0,5.0
5.0,4.0,3.0,2.0,1.0,0.0,1.0,2.0,3.0,4.0
6.0,5.0,4.0,3.0,2.0,1.0,0.0,1.0,2.0,3.0
7.0,6.0,5.0,4.0,3.0,2.0,1.0,0.0,1.0,2.0
8.0,7.0,6.0,5.0,4.0,3.0,2.0,1.0,0.0,1.0
9.0,8.0,7.0,6.0,5.0,4.0,3.0,2.0,1.0,0.0
45.0,40.0,35.0,30.0,25.0,25.0,30.0,35.0,40.0,45.0
26.0,21.0,31.0,43.0,38.0,36.0,30.0,33.0,35.0,28.0,39.0,24.0,31.0,29.0,28.0,31.0,24.0,18.0,22.0,36.0,38.0,27.0,25.0,28.0,28.0,22.0,36.0,46.0,29.0,34.0,25.0,30.0,41.0,36.0,26.0,27.0,31.0,34.0,34.0,35.0,37.0,35.0,32.0,34.0,38.0,37.0,29.0,28.0,37.0,26.0
32.0,23.0,26.0,32.0,24.0,27.0,26.0,33.0,23.0,30.0,25.0,20.0,30.0,30.0,27.0,23.0,29.0,37.0,22.0,24.0,18.0,21.0,26.0,29.0,31.0,34.0,32.0,30.0,27.0,40.0,28.0,24.0,24.0,25.0,27.0,23.0,27.0,25.0,21.0,36.0,20.0,30.0,32.0,24.0,30.0,30.0,26.0,19.0,27.0,28.0
36.0,27.0,26.0,24.0,27.0,21.0,37.0,24.0,26.0,14.0,27.0,19.0,22.0,29.0,32.0,29.0,27.0,24.0,29.0,27.0,21.0,22.0,20.0,34.0,29.0,27.0,30.0,25.0,23.0,32.0,27.0,25.0,25.0,14.0,30.0,32.0,27.0,23.0,27.0,33.0,26.0,22.0,28.0,24.0,32.0,21.0,33.0,27.0,24.0,21.0
25.0,36.0,26.0,23.0,25.0,39.0,25.0,24.0,27.0,29.0,34.0,29.0,31.0,26.0,24.0,22.0,25.0,26.0,43.0,29.0,33.0,31.0,23.0,24.0,27.0,24.0,26.0,25.0,34.0,26.0,25.0,23.0,28.0,34.0,24.0,24.0,37.0,24.0,26.0,43.0,25.0,23.0,24.0,31.0,32.0,26.0,28.0,21.0,24.0,31.0
23.0,31.0,21.0,24.0,17.0,35.0,30.0,23.0,23.0,26.0,15.0,22.0,32.0,26.0,26.0,23.0,26.0,20.0,22.0,19.0,35.0,22.0,23.0,21.0,22.0,23.0,26.0,28.0,22.0,30.0,26.0,34.0,29.0,24.0,28.0,30.0,31.0,25.0,20.0,28.0,36.0,39.0,24.0,21.0,20.0,27.0,26.0,25.0,25.0,19.0
29.0,32.0,26.0,32.0,36.0,32.0,25.0,36.0,30.0,32.0,32.0,35.0,31.0,23.0,26.0,32.0,19.0,28.0,30.0,28.0,29.0,37.0,29.0,33.0,21.0,38.0,26.0,33.0,31.0,30.0,35.0,27.0,36.0,26.0,37.0,32.0,24.0,30.0,32.0,35.0,39.0,31.0,35.0,28.0,32.0,28.0,33.0,29.0,23.0,29.0
30.0,18.0,25.0,19.0,21.0,20.0,23.0,23.0,21.0,20.0,20.0,25.0,29.0,29.0,36.0,14.0,27.0,28.0,17.0,26.0,19.0,21.0,25.0,24.0,30.0,23.0,30.0,15.0,26.0,24.0,21.0,22.0,26.0,25.0,26.0,28.0,17.0,28.0,27.0,24.0,26.0,18.0,27.0,24.0,23.0,30.0,39.0,25.0,20.0,21.0
27.0,34.0,39.0,33.0,33.0,33.0,46.0,28.0,32.0,35.0,32.0,37.0,43.0,27.0,39.0,41.0,43.0,25.0,31.0,42.0,27.0,30.0,35.0,30.0,45.0,40.0,36.0,40.0,34.0,40.0,50.0,33.0,28.0,34.0,40.0,40.0,40.0,33.0,27.0,49.0,31.0,38.0,41.0,37.0,27.0,30.0,37.0,31.0,40.0,33.0
27.0,24.0,25.0,33.0,26.0,40.0,33.0,25.0,31.0,25.0,28.0,39.0,34.0,19.0,26.0,23.0,35.0,29.0,23.0,31.0,24.0,28.0,32.0,28.0,26.0,34.0,24.0,24.0,29.0,30.0,35.0,20.0,24.0,23.0,29.0,22.0,26.0,27.0,22.0,26.0,33.0,30.0,22.0,36.0,26.0,19.0,44.0,25.0,38.0,32.0
40.0,41.0,31.0,36.0,37.0,42.0,29.0,35.0,41.0,31.0,37.0,39.0,28.0,29.0,26.0,33.0,42.0,31.0,35.0,32.0,48.0,36.0,39.0,32.0,31.0,30.0,40.0,35.0,36.0,33.0,38.0,31.0,33.0,33.0,40.0,25.0,29.0,27.0,26.0,45.0,39.0,44.0,39.0,43.0,36.0,33.0,33.0,32.0,36.0,30.0
