10,50,1000
19.062008,17.611231,18.143518,18.186124,15.11865,16.511174,15.807816,15.594114,16.977385,15.300117
6.978578,7.628133,8.652765,5.513484,7.082074,6.223058,9.710348,7.38634,9.491327,8.661625
0.0,10.0,20.0,30.0,40.0,50.0,60.0,70.0,80.0,90.0
10.0,0.0,10.0,20.0,30.0,40.0,50.0,60.0,70.0,80.0
20.0,10.0,0.0,10.0,20.0,30.0,40.0,50.0,60.0,70.0
30.0,20.0,10.0,0.0,10.0,20.0,30.0,40.0,50.0,60.0
40.0,30.0,20.0,10.0,0.0,10.0,20.0,30.0,40.0,50.0
50.0,40.0,30.0,20.0,10.0,0.0,10.0,20.0,30.0,40.0
60.0,50.0,40.0,30.0,20.0,10.0,0.0,10.0,20.0,30.0
70.0,60.0,50.0,40.0,30.0,20.0,10.0,0.0,10.0,20.0
80.0,70.0,60.0,50.0,40.0,30.0,20.0,10.0,0.0,10.0
90.0,80.0,70.0,60.0,50.0,40.0,30.0,20.0,10.0,0.0
450.0,400.0,350.0,300.0,250.0,250.0,300.0,350.0,400.0,450.0
0.0,1.0,2.0,3.0,4.0,5.0,6.0,7.0,8.0,9.0
1.0,0.0,1.0,2.0,3.0,4.0,5.0,6.0,7.0,8.0
2.0,1.0,0.0,1.0,2.0,3.0,4.0,5.0,6.0,7.0
3.0,2.0,1.0,0.0,1.0,2.0,3.0,4.0,5.0,6.0
4.0,3.0,2.0,1.0,0.0,1.0,2.0,3.0,4.0,5.0
5.0,4.0,3.0,2.0,1.0,0.0,1.0,2.0,3.0,4.0
6.0,5.0,4.0,3.0,2.0,1.0,0.0,1.0,2.0,3.0
7.0,6.0,5.0,4.0,3.0,2.0,1.0,0.0,1.0,2.0
8.0,7.0,6.0,5.0,4.0,3.0,2.0,1.0,0.0,1.0
9.0,8.0,7.0,6.0,5.0,4.0,3.0,2.0,1.0,0.0
45.0,40.0,35.0,30.0,25.0,25.0,30.0,35.0,40.0,45.0
24.0,32.0,24.0,24.0,36.0,32.0,27.0,34.0,24.0,30.0,37.0,27.0,27.0,27.0,23.0,27.0,28.0,31.0,24.0,34.0,34.0,23.0,36.0,27.0,32.0,28.0,26.0,30.0,23.0,25.0,28.0,33.0,34.0,30.0,19.0,28.0,16.0,27.0,27.0,28.0,26.0,30.0,33.0,30.0,28.0,28.0,31.0,31.0,30.0,29.0
28.0,29.0,30.0,39.0,24.0,36.0,20.0,22.0,31.0,33.0,33.0,38.0,38.0,19.0,26.0,25.0,29.0,27.0,35.0,15.0,25.0,40.0,31.0,33.0,28.0,29.0,29.0,27.0,27.0,19.0,44.0,26.0,41.0,39.0,35.0,23.0,29.0,25.0,27.0,26.0,27.0,37.0,27.0,22.0,21.0,30.0,29.0,27.0,25.0,21.0
29.0,29.0,34.0,27.0,33.0,36.0,33.0,28.0,32.0,35.0,31.0,33.0,28.0,32.0,30.0,30.0,26.0,28.0,40.0,28.0,40.0,36.0,37.0,37.0,38.0,34.0,38.0,28.0,39.0,33.0,33.0,34.0,40.0,29.0,35.0,38.0,36.0,28.0,33.0,33.0,35.0,37.0,37.0,35.0,39.0,42.0,28.0,27.0,39.0,41.0
23.0,16.0,28.0,19.0,26.0,29.0,19.0,20.0,20.0,21.0,20.0,20.0,22.0,18.0,22.0,15.0,33.0,26.0,19.0,27.0,16.0,18.0,22.0,27.0,23.0,18.0,29.0,21.0,32.0,25.0,20.0,20.0,27.0,17.0,28.0,18.0,16.0,21.0,22.0,15.0,25.0,23.0,24.0,32.0,22.0,24.0,18.0,14.0,20.0,29.0
25.0,26.0,30.0,21.0,28.0,26.0,32.0,27.0,28.0,16.0,21.0,23.0,34.0,32.0,35.0,23.0,33.0,19.0,23.0,27.0,19.0,23.0,21.0,30.0,28.0,27.0,28.0,27.0,18.0,33.0,35.0,33.0,29.0,33.0,31.0,36.0,21.0,41.0,27.0,23.0,27.0,28.0,21.0,20.0,22.0,28.0,25.0,23.0,30.0,28.0
25.0,22.0,28.0,26.0,27.0,26.0,26.0,27.0,26.0,17.0,39.0,16.0,26.0,22.0,20.0,26.0,24.0,15.0,23.0,26.0,21.0,26.0,20.0,23.0,25.0,28.0,24.0,35.0,20.0,27.0,25.0,24.0,25.0,17.0,25.0,29.0,27.0,24.0,33.0,22.0,24.0,25.0,23.0,26.0,24.0,30.0,26.0,14.0,31.0,30.0
31.0,29.0,32.0,43.0,41.0,36.0,29.0,24.0,40.0,34.0,29.0,36.0,32.0,45.0,36.0,33.0,43.0,34.0,31.0,46.0,34.0,38.0,30.0,26.0,32.0,42.0,26.0,37.0,34.0,37.0,42.0,36.0,30.0,33.0,41.0,25.0,30.0,36.0,34.0,34.0,34.0,31.0,40.0,35.0,36.0,36.0,32.0,33.0,38.0,23.0
32.0,34.0,28.0,37.0,32.0,23.0,30.0,23.0,23.0,37.0,35.0,25.0,32.0,26.0,29.0,33.0,25.0,23.0,31.0,23.0,28.0,26.0,31.0,29.0,31.0,24.0,23.0,27.0,29.0,43.0,28.0,21.0,16.0,27.0,23.0,24.0,18.0,25.0,24.0,18.0,27.0,33.0,29.0,25.0,35.0,30.0,24.0,33.0,39.0,35.0
31.0,40.0,27.0,31.0,32.0,29.0,42.0,24.0,29.0,47.0,34.0,41.0,32.0,40.0,36.0,33.0,37.0,38.0,36.0,30.0,41.0,41.0,40.0,42.0,39.0,34.0,33.0,42.0,38.0,41.0,37.0,29.0,38.0,24.0,29.0,43.0,41.0,30.0,27.0,30.0,24.0,42.0,45.0,44.0,37.0,39.0,35.0,29.0,40.0,31.0
37.0,39.0,41.0,34.0,30.0,25.0,29.0,22.0,39.0,36.0,30.0,25.0,26.0,23.0,26.0,22.0,32.0,28.0,35.0,40.0,29.0,30.0,30.0,36.0,35.0,25.0,30.0,27.0,25.0,21.0,42.0,31.0,33.0,32.0,26.0,37.0,34.0,36.0,35.0,32.0,30.0,31.0,28.0,31.0,31.0,32.0,20.0,28.0,28.0,32.0
