10,50,1000
17.989605,16.26253,16.401835,19.564226,19.474594,18.315738,18.342588,16.159685,18.354658,19.66082
9.299557,8.266443,5.386944,7.216379,7.014066,8.213409,7.206645,6.433039,8.988976,6.150304
0.0,10.0,20.0,30.0,40.0,50.0,60.0,70.0,80.0,90.0
10.0,0.0,10.0,20.0,30.0,40.0,50.0,60.0,70.0,80.0
20.0,10.0,0.0,10.0,20.0,30.0,40.0,50.0,60.0,70.0
30.0,20.0,10.0,0.0,10.0,20.0,30.0,40.0,50.0,60.0
40.0,30.0,20.0,10.0,0.0,10.0,20.0,30.0,40.0,50.0
50.0,40.0,30.0,20.0,10.0,0.0,10.0,20.0,30.0,40.0
60.0,50.0,40.0,30.0,20.0,10.0,0.0,10.0,20.0,30.0
70.0,60.0,50.0,40.0,30.0,20.0,10.0,0.0,10.0,20.0
80.0,70.0,60.0,50.0,40.0,30.0,20.0,10.0,0.0,10.0
90.0,80.0,70.0,60.0,50.0,40.0,30.0,20.0,10.0,0.0
450.0,400.0,350.0,300.0,250.0,250.0,300.0,350.0,400.0,450.0
0.0,1.0,2.0,3.0,4.0,5.0,6.0,7.0,8.0,9.0
1.0,0.0,1.0,2.0,3.0,4.0,5.0,6.0,7.0,8.0
2.0,1.0,0.0,1.0,2.0,3.0,4.0,5.0,6.0,7.0
3.0,2.0,1.0,0.0,1.0,2.0,3.0,4.0,5.0,6.0
4.0,3.0,2.0,1.0,0.0,1.0,2.0,3.0,4.0,5.0
5.0,4.0,3.0,2.0,1.0,0.0,1.0,2.0,3.0,4.0
6.0,5.0,4.0,3.0,2.0,1.0,0.0,1.0,2.0,3.0
7.0,6.0,5.0,4.0,3.0,2.0,1.0,0.0,1.0,2.0
8.0,7.0,6.0,5.0,4.0,3.0,2.0,1.0,0.0,1.0
9.0,8.0,7.0,6.0,5.0,4.0,3.0,2.0,1.0,0.0
45.0,40.0,35.0,30.0,25.0,25.0,30.0,35.0,40.0,45.0
47.0,35.0,35.0,23.0,37.0,42.0,39.0,32.0,39.0,45.0,44.0,35.0,29.0,35.0,34.0,42.0,48.0,30.0,30.0,32.0,39.0,36.0,33.0,30.0,33.0,32.0,37.0,41.0,30.0,42.0,38.0,30.0,42.0,32.0,35.0,33.0,40.0,38.0,30.0,38.0,36.0,34.0,41.0,26.0,42.0,39.0,36.0,38.0,39.0,36.0
27.0,25.0,36.0,33.0,29.0,29.0,31.0,36.0,31.0,26.0,37.0,26.0,33.0,30.0,36.0,36.0,25.0,38.0,27.0,30.0,28.0,33.0,29.0,38.0,31.0,42.0,30.0,31.0,24.0,29.0,37.0,41.0,26.0,40.0,28.0,29.0,23.0,30.0,25.0,25.0,28.0,34.0,31.0,25.0,33.0,30.0,34.0,34.0,36.0,23.0
27.0,10.0,22.0,20.0,17.0,21.0,19.0,22.0,25.0,22.0,21.0,22.0,25.0,25.0,20.0,23.0,22.0,34.0,18.0,31.0,28.0,18.0,23.0,10.0,25.0,29.0,19.0,26.0,21.0,16.0,23.0,31.0,19.0,21.0,25.0,25.0,20.0,22.0,28.0,23.0,21.0,22.0,27.0,20.0,22.0,20.0,27.0,22.0,21.0,19.0
27.0,38.0,32.0,27.0,31.0,24.0,31.0,32.0,26.0,29.0,28.0,25.0,44.0,31.0,35.0,31.0,31.0,36.0,36.0,41.0,25.0,19.0,31.0,22.0,26.0,36.0,30.0,25.0,24.0,31.0,25.0,32.0,25.0,34.0,29.0,29.0,26.0,24.0,30.0,29.0,24.0,22.0,22.0,28.0,32.0,23.0,27.0,25.0,36.0,24.0
28.0,33.0,26.0,31.0,21.0,27.0,26.0,27.0,25.0,24.0,22.0,27.0,26.0,25.0,21.0,32.0,25.0,37.0,30.0,16.0,24.0,41.0,25.0,27.0,30.0,37.0,32.0,26.0,33.0,38.0,21.0,30.0,32.0,23.0,33.0,37.0,25.0,23.0,28.0,31.0,28.0,31.0,31.0,28.0,21.0,25.0,18.0,19.0,28.0,22.0
35.0,25.0,34.0,29.0,26.0,35.0,31.0,24.0,24.0,43.0,27.0,27.0,26.0,26.0,36.0,20.0,25.0,37.0,29.0,17.0,36.0,32.0,29.0,26.0,35.0,27.0,38.0,41.0,39.0,20.0,28.0,33.0,29.0,40.0,27.0,35.0,37.0,29.0,37.0,35.0,25.0,39.0,30.0,29.0,31.0,35.0,30.0,24.0,25.0,29.0
38.0,28.0,29.0,22.0,31.0,25.0,25.0,31.0,34.0,19.0,17.0,28.0,32.0,31.0,34.0,24.0,26.0,33.0,24.0,25.0,29.0,27.0,30.0,26.0,25.0,29.0,22.0,27.0,14.0,31.0,29.0,35.0,33.0,32.0,35.0,35.0,28.0,25.0,24.0,21.0,26.0,26.0,33.0,30.0,31.0,30.0,24.0,30.0,38.0,34.0
21.0,18.0,21.0,29.0,30.0,14.0,30.0,37.0,24.0,23.0,21.0,23.0,29.0,27.0,31.0,26.0,29.0,29.0,34.0,30.0,31.0,31.0,23.0,20.0,22.0,35.0,22.0,26.0,23.0,26.0,27.0,25.0,18.0,32.0,22.0,20.0,22.0,16.0,24.0,22.0,27.0,30.0,31.0,15.0,18.0,25.0,26.0,30.0,23.0,21.0
35.0,42.0,32.0,25.0,46.0,35.0,34.0,33.0,29.0,32.0,39.0,33.0,36.0,45.0,38.0,28.0,39.0,49.0,42.0,33.0,30.0,36.0,29.0,37.0,31.0,31.0,27.0,34.0,33.0,44.0,30.0,40.0,35.0,37.0,32.0,29.0,27.0,38.0,38.0,36.0,41.0,30.0,35.0,36.0,39.0,30.0,23.0,34.0,37.0,43.0
24.0,30.0,18.0,28.0,26.0,31.0,28.0,29.0,18.0,22.0,21.0,19.0,24.0,25.0,26.0,20.0,24.0,28.0,26.0,20.0,28.0,26.0,21.0,25.0,27.0,23.0,21.0,29.0,27.0,21.0,34.0,28.0,20.0,20.0,27.0,19.0,19.0,21.0,16.0,22.0,18.0,16.0,26.0,26.0,21.0,30.0,21.0,23.0,23.0,28.0
