10,50,1000
18.263763,17.349139,19.344514,15.48956,16.86693,17.915954,19.289722,17.433501,15.014568,19.039106
9.090821,6.336354,6.738416,8.367156,6.343799,5.162673,8.152541,6.553156,9.847426,8.821372
0.0,10.0,20.0,30.0,40.0,50.0,60.0,70.0,80.0,90.0
10.0,0.0,10.0,20.0,30.0,40.0,50.0,60.0,70.0,80.0
20.0,10.0,0.0,10.0,20.0,30.0,40.0,50.0,60.0,70.0
30.0,20.0,10.0,0.0,10.0,20.0,30.0,40.0,50.0,60.0
40.0,30.0,20.0,10.0,0.0,10.0,20.0,30.0,40.0,50.0
50.0,40.0,30.0,20.0,10.0,0.0,10.0,20.0,30.0,40.0
60.0,50.0,40.0,30.0,20.0,10.0,0.0,10.0,20.0,30.0
70.0,60.0,50.0,40.0,30.0,20.0,10.0,0.0,10.0,20.0
80.0,70.0,60.0,50.0,40.0,30.0,20.0,10.0,0.0,10.0
90.0,80.0,70.0,60.0,50.0,40.0,30.0,20.0,10.0,0.0
450.0,400.0,350.0,300.0,250.0,250.0,300.0,350.0,400.0,450.0
0.0,1.0,2.0,3.0,4.0,5.0,6.0,7.0,8.0,9.0
1.0,0.0,1.0,2.0,3.0,4.0,5.0,6.0,7.0,8.0
2.0,1.0,0.0,1.0,2.0,3.0,4.0,5.0,6.0,7.0
3.0,2.0,1.0,0.0,1.0,2.0,3.0,4.0,5.0,6.0
4.0,3.0,2.0,1.0,0.0,1.0,2.0,3.0,4.0,5.0
5.0,4.0,3.0,2.0,1.0,0.0,1.0,2.0,3.0,4.0
6.0,5.0,4.0,3.0,2.0,1.0,0.0,1.0,2.0,3.0
7.0,6.0,5.0,4.0,3.0,2.0,1.0,0.0,1.0,2.0
8.0,7.0,6.0,5.0,4.0,3.0,2.0,1.0,0.0,1.0
9.0,8.0,7.0,6.0,5.0,4.0,3.0,2.0,1.0,0.0
45.0,40.0,35.0,30.0,25.0,25.0,30.0,35.0,40.0,45.0
32.0,35.0,33.0,39.0,28.0,27.0,37.0,27.0,34.0,40.0,36.0,24.0,38.0,35.0,39.0,33.0,27.0,40.0,28.0,28.0,29.0,25.0,38.0,24.0,37.0,34.0,28.0,25.0,30.0,32.0,26.0,30.0,35.0,43.0,36.0,36.0,32.0,32.0,35.0,22.0,31.0,28.0,23.0,24.0,31.0,37.0,32.0,40.0,43.0,40.0
22.0,20.0,22.0,24.0,26.0,23.0,20.0,25.0,26.0,25.0,20.0,31.0,30.0,14.0,29.0,29.0,26.0,35.0,25.0,26.0,21.0,34.0,27.0,33.0,24.0,24.0,24.0,28.0,24.0,36.0,16.0,30.0,22.0,19.0,25.0,28.0,36.0,32.0,18.0,22.0,28.0,23.0,21.0,25.0,18.0,24.0,27.0,25.0,20.0,28.0
23.0,26.0,34.0,23.0,37.0,28.0,22.0,30.0,27.0,29.0,31.0,24.0,27.0,26.0,34.0,23.0,22.0,28.0,38.0,21.0,25.0,25.0,34.0,28.0,29.0,35.0,28.0,25.0,29.0,37.0,21.0,26.0,20.0,18.0,23.0,24.0,31.0,18.0,27.0,31.0,18.0,25.0,26.0,32.0,38.0,26.0,25.0,32.0,23.0,24.0
25.0,30.0,33.0,38.0,27.0,18.0,25.0,26.0,30.0,29.0,38.0,27.0,33.0,31.0,24.0,30.0,24.0,35.0,37.0,22.0,28.0,32.0,32.0,39.0,32.0,30.0,28.0,34.0,29.0,35.0,20.0,22.0,26.0,29.0,25.0,31.0,50.0,30.0,28.0,43.0,24.0,29.0,25.0,33.0,27.0,32.0,33.0,28.0,31.0,42.0
28.0,21.0,26.0,22.0,29.0,31.0,19.0,36.0,29.0,23.0,29.0,20.0,20.0,25.0,25.0,22.0,21.0,34.0,17.0,27.0,23.0,24.0,24.0,32.0,21.0,30.0,24.0,20.0,18.0,29.0,19.0,20.0,31.0,24.0,28.0,23.0,28.0,25.0,18.0,25.0,28.0,32.0,27.0,25.0,28.0,32.0,24.0,27.0,22.0,29.0
20.0,28.0,27.0,30.0,17.0,23.0,20.0,19.0,21.0,21.0,19.0,11.0,19.0,27.0,18.0,10.0,24.0,22.0,16.0,23.0,21.0,19.0,18.0,16.0,18.0,16.0,25.0,17.0,28.0,21.0,21.0,18.0,26.0,12.0,17.0,22.0,19.0,19.0,20.0,17.0,26.0,13.0,23.0,18.0,22.0,21.0,21.0,21.0,18.0,18.0
18.0,27.0,39.0,32.0,29.0,36.0,34.0,36.0,34.0,31.0,45.0,38.0,26.0,30.0,33.0,37.0,31.0,30.0,30.0,28.0,35.0,25.0,32.0,36.0,28.0,30.0,30.0,24.0,34.0,40.0,29.0,32.0,36.0,27.0,28.0,36.0,35.0,24.0,36.0,33.0,20.0,43.0,26.0,37.0,30.0,34.0,40.0,30.0,32.0,24.0
25.0,27.0,21.0,25.0,22.0,34.0,26.0,22.0,15.0,25.0,22.0,22.0,36.0,29.0,21.0,21.0,29.0,30.0,25.0,21.0,29.0,21.0,24.0,27.0,16.0,24.0,29.0,27.0,28.0,32.0,21.0,30.0,24.0,30.0,21.0,21.0,34.0,34.0,32.0,23.0,28.0,31.0,23.0,30.0,35.0,21.0,28.0,21.0,23.0,24.0
38.0,35.0,34.0,38.0,30.0,46.0,43.0,34.0,30.0,32.0,33.0,41.0,33.0,28.0,38.0,43.0,41.0,25.0,34.0,32.0,34.0,43.0,29.0,30.0,40.0,39.0,27.0,32.0,33.0,39.0,31.0,41.0,28.0,21.0,35.0,44.0,34.0,26.0,37.0,28.0,34.0,31.0,36.0,33.0,30.0,32.0,34.0,39.0,36.0,36.0
36.0,30.0,33.0,29.0,23.0,29.0,31.0,32.0,51.0,42.0,44.0,42.0,35.0,29.0,35.0,31.0,29.0,35.0,44.0,38.0,35.0,22.0,33.0,37.0,23.0,44.0,29.0,40.0,24.0,34.0,32.0,26.0,34.0,35.0,27.0,29.0,30.0,35.0,40.0,38.0,33.0,31.0,33.0,35.0,39.0,20.0,40.0,39.0,24.0,28.0
