10,50,1000
16.511487,18.367691,15.230233,15.188028,18.766218,17.146752,17.697778,19.798541,17.673557,16.680109
6.587975,7.424079,9.99003,7.428337,7.977083,9.584529,9.56631,5.909403,6.911846,8.565057
0.0,10.0,20.0,30.0,40.0,50.0,60.0,70.0,80.0,90.0
10.0,0.0,10.0,20.0,30.0,40.0,50.0,60.0,70.0,80.0
20.0,10.0,0.0,10.0,20.0,30.0,40.0,50.0,60.0,70.0
30.0,20.0,10.0,0.0,10.0,20.0,30.0,40.0,50.0,60.0
40.0,30.0,20.0,10.0,0.0,10.0,20.0,30.0,40.0,50.0
50.0,40.0,30.0,20.0,10.0,0.0,10.0,20.0,30.0,40.0
60.0,50.0,40.0,30.0,20.0,10.0,0.0,10.0,20.0,30.0
70.0,60.0,50.0,40.0,30.0,20.0,10.0,0.0,10.0,20.0
80.0,70.0,60.0,50.0,40.0,30.0,20.0,10.0,0.0,10.0
90.0,80.0,70.0,60.0,50.0,40.0,30.0,20.0,10.0,0.0
450.0,400.0,350.0,300.0,250.0,250.0,300.0,350.0,400.0,450.0
0.0,1.0,2.0,3.0,4.0,5.0,6.0,7.0,8.0,9.0
1.0,0.0,1.0,2.0,3.0,4.0,5.0,6.0,7.0,8.0
2.0,1.0,0.0,1.0,2.0,3.0,4.0,5.0,6.0,7.0
3.0,2.0,1.0,0.0,1.0,2.0,3.0,4.0,5.0,6.0
4.0,3.0,2.0,1.0,0.0,1.0,2.0,3.0,4.0,5.0
5.0,4.0,3.0,2.0,1.0,0.0,1.0,2.0,3.0,4.0
6.0,5.0,4.0,3.0,2.0,1.0,0.0,1.0,2.0,3.0
7.0,6.0,5.0,4.0,3.0,2.0,1.0,0.0,1.0,2.0
8.0,7.0,6.0,5.0,4.0,3.0,2.0,1.0,0.0,1.0
9.0,8.0,7.0,6.0,5.0,4.0,3.0,2.0,1.0,0.0
45.0,40.0,35.0,30.0,25.0,25.0,30.0,35.0,40.0,45.0
26.0,34.0,26.0,27.0,33.0,17.0,23.0,25.0,16.0,24.0,32.0,32.0,24.0,38.0,30.0,20.0,19.0,22.0,29.0,22.0,25.0,25.0,27.0,23.0,26.0,19.0,30.0,25.0,34.0,34.0,23.0,19.0,24.0,29.0,24.0,30.0,29.0,18.0,27.0,24.0,29.0,18.0,24.0,26.0,24.0,23.0,17.0,34.0,28.0,16.0
29.0,35.0,22.0,29.0,32.0,25.0,23.0,35.0,35.0,20.0,24.0,24.0,37.0,28.0,24.0,35.0,30.0,25.0,31.0,39.0,26.0,36.0,29.0,30.0,26.0,22.0,27.0,22.0,22.0,29.0,20.0,34.0,24.0,16.0,34.0,21.0,24.0,28.0,30.0,35.0,38.0,26.0,25.0,27.0,36.0,42.0,27.0,33.0,23.0,31.0
38.0,34.0,35.0,36.0,42.0,34.0,29.0,36.0,26.0,43.0,45.0,28.0,44.0,36.0,39.0,39.0,37.0,43.0,30.0,39.0,43.0,32.0,39.0,33.0,31.0,34.0,42.0,31.0,44.0,45.0,28.0,45.0,52.0,32.0,31.0,36.0,27.0,23.0,37.0,39.0,46.0,30.0,41.0,30.0,41.0,30.0,37.0,41.0,37.0,30.0
25.0,21.0,34.0,34.0,25.0,15.0,38.0,22.0,23.0,33.0,26.0,22.0,18.0,35.0,30.0,25.0,31.0,28.0,33.0,29.0,22.0,25.0,31.0,26.0,26.0,38.0,23.0,27.0,30.0,34.0,28.0,32.0,21.0,25.0,27.0,32.0,23.0,30.0,29.0,27.0,28.0,27.0,27.0,24.0,28.0,24.0,30.0,31.0,30.0,30.0
30.0,18.0,36.0,25.0,31.0,21.0,29.0,25.0,31.0,39.0,45.0,30.0,22.0,31.0,26.0,25.0,36.0,37.0,27.0,28.0,37.0,38.0,28.0,39.0,29.0,38.0,38.0,20.0,38.0,27.0,37.0,40.0,37.0,36.0,28.0,26.0,26.0,25.0,21.0,33.0,28.0,31.0,31.0,44.0,33.0,35.0,35.0,32.0,31.0,28.0
36.0,30.0,31.0,32.0,49.0,31.0,41.0,35.0,30.0,37.0,39.0,30.0,46.0,31.0,44.0,42.0,41.0,32.0,36.0,36.0,43.0,41.0,31.0,41.0,33.0,35.0,47.0,45.0,37.0,38.0,33.0,47.0,29.0,49.0,28.0,33.0,25.0,26.0,46.0,30.0,41.0,36.0,23.0,38.0,24.0,34.0,31.0,43.0,37.0,38.0
26.0,33.0,35.0,30.0,42.0,37.0,29.0,37.0,36.0,30.0,31.0,37.0,42.0,38.0,41.0,44.0,33.0,37.0,30.0,37.0,41.0,34.0,34.0,36.0,37.0,24.0,32.0,40.0,39.0,33.0,32.0,31.0,35.0,23.0,34.0,27.0,33.0,33.0,33.0,34.0,31.0,44.0,38.0,30.0,38.0,25.0,33.0,39.0,38.0,26.0
17.0,20.0,20.0,31.0,18.0,25.0,31.0,25.0,23.0,26.0,19.0,24.0,31.0,26.0,19.0,29.0,24.0,19.0,25.0,25.0,26.0,27.0,28.0,26.0,25.0,25.0,21.0,19.0,25.0,29.0,20.0,20.0,24.0,19.0,24.0,28.0,29.0,20.0,14.0,15.0,20.0,23.0,27.0,21.0,26.0,21.0,32.0,23.0,30.0,26.0
22.0,25.0,24.0,22.0,31.0,24.0,30.0,38.0,40.0,33.0,29.0,29.0,29.0,24.0,31.0,30.0,22.0,28.0,27.0,24.0,30.0,27.0,32.0,30.0,23.0,26.0,27.0,27.0,31.0,23.0,24.0,23.0,31.0,21.0,25.0,24.0,34.0,23.0,26.0,25.0,25.0,33.0,31.0,24.0,30.0,22.0,26.0,21.0,30.0,22.0
32.0,31.0,40.0,27.0,35.0,40.0,37.0,33.0,36.0,27.0,36.0,36.0,28.0,39.0,30.0,33.0,35.0,38.0,39.0,24.0,36.0,29.0,32.0,33.0,46.0,33.0,33.0,21.0,35.0,45.0,33.0,38.0,40.0,32.0,29.0,35.0,33.0,35.0,36.0,29.0,31.0,27.0,26.0,31.0,34.0,29.0,32.0,39.0,32.0,23.0
