10,50,1000
16.106181,19.042088,19.143856,15.510843,17.374741,18.86211,18.804755,18.130646,16.862289,17.440407
8.375206,9.898626,5.848025,5.212257,5.760827,6.0552,9.265668,5.222975,5.981779,6.101063
0.0,10.0,20.0,30.0,40.0,50.0,60.0,70.0,80.0,90.0
10.0,0.0,10.0,20.0,30.0,40.0,50.0,60.0,70.0,80.0
20.0,10.0,0.0,10.0,20.0,30.0,40.0,50.0,60.0,70.0
30.0,20.0,10.0,0.0,10.0,20.0,30.0,40.0,50.0,60.0
40.0,30.0,20.0,10.0,0.0,10.0,20.0,30.0,40.0,50.0
50.0,40.0,30.0,20.0,10.0,0.0,10.0,20.0,30.0,40.0
60.0,50.0,40.0,30.0,20.0,10.0,0.0,10.0,20.0,30.0
70.0,60.0,50.0,40.0,30.0,20.0,10.0,0.0,10.0,20.0
80.0,70.0,60.0,50.0,40.0,30.0,20.0,10.0,0.0,10.0
90.0,80.0,70.0,60.0,50.0,40.0,30.0,20.0,10.0,0.0
450.0,400.0,350.0,300.0,250.0,250.0,300.0,350.0,400.0,450.0
0.0,1.0,2.0,3.0,4.0,5.0,6.0,7.0,8.0,9.0
1.0,0.0,1.0,2.0,3.0,4.0,5.0,6.0,7.0,8.0
2.0,1.0,0.0,1.0,2.0,3.0,4.0,5.0,6.0,7.0
3.0,2.0,1.0,0.0,1.0,2.0,3.0,4.0,5.0,6.0
4.0,3.0,2.0,1.0,0.0,1.0,2.0,3.0,4.0,5.0
5.0,4.0,3.0,2.0,1.0,0.0,1.0,2.0,3.0,4.0
6.0,5.0,4.0,3.0,2.0,1.0,0.0,1.0,2.0,3.0
7.0,6.0,5.0,4.0,3.0,2.0,1.0,0.0,1.0,2.0
8.0,7.0,6.0,5.0,4.0,3.0,2.0,1.0,0.0,1.0
9.0,8.0,7.0,6.0,5.0,4.0,3.0,2.0,1.0,0.0
45.0,40.0,35.0,30.0,25.0,25.0,30.0,35.0,40.0,45.0
42.0,24.0,26.0,27.0,24.0,32.0,23.0,27.0,26.0,35.0,29.0,30.0,36.0,25.0,33.0,47.0,37.0,33.0,29.0,42.0,28.0,33.0,36.0,35.0,29.0,34.0,27.0,26.0,30.0,35.0,39.0,26.0,24.0,32.0,22.0,30.0,39.0,29.0,34.0,29.0,29.0,34.0,31.0,36.0,30.0,31.0,39.0,31.0,32.0,35.0
38.0,47.0,37.0,37.0,38.0,41.0,37.0,36.0,34.0,35.0,43.0,47.0,35.0,37.0,36.0,36.0,34.0,49.0,32.0,43.0,30.0,35.0,33.0,28.0,34.0,31.0,36.0,34.0,36.0,37.0,48.0,31.0,34.0,45.0,35.0,48.0,31.0,36.0,51.0,42.0,38.0,37.0,37.0,42.0,40.0,42.0,41.0,46.0,36.0,37.0
21.0,22.0,26.0,19.0,26.0,26.0,12.0,29.0,18.0,16.0,18.0,25.0,17.0,25.0,27.0,26.0,23.0,27.0,21.0,27.0,17.0,27.0,14.0,23.0,34.0,30.0,18.0,24.0,23.0,22.0,27.0,19.0,32.0,29.0,23.0,18.0,25.0,24.0,30.0,25.0,26.0,27.0,23.0,24.0,16.0,21.0,15.0,20.0,22.0,34.0
23.0,19.0,18.0,14.0,23.0,14.0,23.0,15.0,15.0,19.0,26.0,22.0,23.0,13.0,19.0,25.0,26.0,13.0,21.0,26.0,28.0,22.0,21.0,25.0,15.0,33.0,16.0,25.0,16.0,16.0,25.0,28.0,21.0,13.0,24.0,10.0,20.0,21.0,28.0,15.0,17.0,19.0,20.0,20.0,21.0,26.0,23.0,15.0,23.0,9.0
20.0,21.0,28.0,10.0,18.0,20.0,29.0,24.0,29.0,30.0,22.0,14.0,26.0,26.0,22.0,25.0,27.0,22.0,20.0,23.0,31.0,22.0,23.0,16.0,29.0,29.0,27.0,17.0,33.0,17.0,28.0,19.0,30.0,24.0,20.0,15.0,20.0,30.0,29.0,18.0,14.0,19.0,30.0,20.0,17.0,16.0,19.0,28.0,28.0,18.0
29.0,21.0,23.0,19.0,24.0,28.0,19.0,19.0,21.0,28.0,37.0,28.0,25.0,27.0,24.0,25.0,23.0,31.0,18.0,18.0,20.0,25.0,26.0,25.0,21.0,25.0,25.0,24.0,23.0,26.0,25.0,21.0,24.0,27.0,24.0,30.0,26.0,18.0,20.0,21.0,26.0,25.0,21.0,24.0,31.0,26.0,16.0,32.0,27.0,33.0
38.0,34.0,38.0,37.0,33.0,27.0,24.0,30.0,29.0,28.0,39.0,28.0,28.0,42.0,44.0,40.0,41.0,35.0,31.0,26.0,38.0,34.0,45.0,44.0,44.0,25.0,46.0,34.0,32.0,37.0,31.0,33.0,35.0,38.0,31.0,30.0,38.0,39.0,39.0,22.0,40.0,20.0,37.0,31.0,30.0,29.0,30.0,41.0,36.0,30.0
23.0,17.0,17.0,19.0,25.0,18.0,22.0,23.0,31.0,18.0,29.0,31.0,23.0,23.0,23.0,22.0,16.0,22.0,25.0,25.0,18.0,24.0,21.0,27.0,23.0,23.0,22.0,19.0,24.0,20.0,29.0,16.0,24.0,19.0,23.0,21.0,27.0,25.0,25.0,25.0,9.0,23.0,19.0,23.0,21.0,18.0,23.0,28.0,20.0,13.0
23.0,23.0,31.0,30.0,21.0,23.0,28.0,21.0,27.0,25.0,23.0,25.0,24.0,28.0,17.0,28.0,25.0,21.0,16.0,23.0,25.0,23.0,26.0,27.0,24.0,14.0,30.0,16.0,24.0,25.0,20.0,23.0,25.0,30.0,23.0,15.0,24.0,29.0,22.0,22.0,24.0,25.0,25.0,21.0,18.0,19.0,20.0,31.0,22.0,22.0
23.0,26.0,23.0,24.0,27.0,17.0,21.0,14.0,17.0,21.0,34.0,30.0,27.0,28.0,25.0,37.0,23.0,25.0,21.0,20.0,20.0,17.0,17.0,19.0,27.0,27.0,32.0,23.0,28.0,24.0,16.0,32.0,33.0,26.0,29.0,23.0,28.0,17.0,20.0,34.0,25.0,24.0,27.0,31.0,36.0,15.0,25.0,25.0,23.0,21.0
