10,50,1000
16.129448,17.515793,18.968242,17.423238,15.024325,17.736512,17.927322,17.933544,19.330039,16.783023
8.642725,5.534868,9.684573,7.952071,5.924987,8.721646,6.980758,5.895072,8.418537,7.850667
0.0,10.0,20.0,30.0,40.0,50.0,60.0,70.0,80.0,90.0
10.0,0.0,10.0,20.0,30.0,40.0,50.0,60.0,70.0,80.0
20.0,10.0,0.0,10.0,20.0,30.0,40.0,50.0,60.0,70.0
30.0,20.0,10.0,0.0,10.0,20.0,30.0,40.0,50.0,60.0
40.0,30.0,20.0,10.0,0.0,10.0,20.0,30.0,40.0,50.0
50.0,40.0,30.0,20.0,10.0,0.0,10.0,20.0,30.0,40.0
60.0,50.0,40.0,30.0,20.0,10.0,0.0,10.0,20.0,30.0
70.0,60.0,50.0,40.0,30.0,20.0,10.0,0.0,10.0,20.0
80.0,70.0,60.0,50.0,40.0,30.0,20.0,10.0,0.0,10.0
90.0,80.0,70.0,60.0,50.0,40.0,30.0,20.0,10.0,0.0
450.0,400.0,350.0,300.0,250.0,250.0,300.0,350.0,400.0,450.0
0.0,1.0,2.0,3.0,4.0,5.0,6.0,7.0,8.0,9.0
1.0,0.0,1.0,2.0,3.0,4.0,5.0,6.0,7.0,8.0
2.0,1.0,0.0,1.0,2.0,3.0,4.0,5.0,6.0,7.0
3.0,2.0,1.0,0.0,1.0,2.0,3.0,4.0,5.0,6.0
4.0,3.0,2.0,1.0,0.0,1.0,2.0,3.0,4.0,5.0
5.0,4.0,3.0,2.0,1.0,0.0,1.0,2.0,3.0,4.0
6.0,5.0,4.0,3.0,2.0,1.0,0.0,1.0,2.0,3.0
7.0,6.0,5.0,4.0,3.0,2.0,1.0,0.0,1.0,2.0
8.0,7.0,6.0,5.0,4.0,3.0,2.0,1.0,0.0,1.0
9.0,8.0,7.0,6.0,5.0,4.0,3.0,2.0,1.0,0.0
45.0,40.0,35.0,30.0,25.0,25.0,30.0,35.0,40.0,45.0
23.0,39.0,38.0,18.0,33.0,38.0,25.0,38.0,39.0,33.0,39.0,34.0,36.0,34.0,33.0,31.0,40.0,32.0,35.0,38.0,38.0,34.0,35.0,28.0,32.0,44.0,35.0,28.0,28.0,34.0,34.0,30.0,30.0,34.0,43.0,34.0,43.0,37.0,37.0,33.0,39.0,32.0,32.0,30.0,40.0,28.0,34.0,34.0,30.0,29.0
19.0,16.0,24.0,17.0,27.0,24.0,23.0,21.0,23.0,20.0,22.0,24.0,25.0,20.0,23.0,19.0,28.0,11.0,25.0,24.0,26.0,24.0,23.0,20.0,20.0,25.0,19.0,27.0,29.0,18.0,23.0,21.0,22.0,23.0,21.0,24.0,35.0,30.0,28.0,21.0,23.0,22.0,17.0,18.0,19.0,21.0,15.0,17.0,25.0,28.0
31.0,43.0,35.0,26.0,52.0,29.0,26.0,49.0,39.0,33.0,44.0,37.0,34.0,35.0,32.0,38.0,34.0,29.0,51.0,38.0,38.0,35.0,38.0,28.0,27.0,32.0,45.0,33.0,36.0,36.0,44.0,35.0,38.0,52.0,32.0,32.0,38.0,40.0,45.0,43.0,42.0,29.0,37.0,32.0,38.0,34.0,47.0,42.0,34.0,41.0
28.0,42.0,29.0,31.0,32.0,30.0,28.0,27.0,30.0,27.0,41.0,24.0,27.0,29.0,28.0,32.0,30.0,37.0,20.0,29.0,30.0,27.0,34.0,27.0,29.0,33.0,32.0,36.0,27.0,28.0,29.0,28.0,24.0,27.0,36.0,32.0,22.0,29.0,27.0,29.0,30.0,31.0,32.0,32.0,27.0,30.0,34.0,34.0,38.0,29.0
21.0,14.0,22.0,26.0,22.0,19.0,24.0,24.0,21.0,19.0,19.0,27.0,24.0,22.0,16.0,25.0,23.0,22.0,22.0,24.0,22.0,29.0,19.0,23.0,23.0,23.0,31.0,23.0,23.0,26.0,21.0,15.0,22.0,19.0,17.0,20.0,25.0,19.0,29.0,31.0,15.0,17.0,28.0,11.0,20.0,27.0,33.0,19.0,19.0,33.0
35.0,34.0,33.0,37.0,38.0,38.0,26.0,35.0,27.0,32.0,39.0,27.0,40.0,30.0,33.0,32.0,33.0,26.0,28.0,32.0,34.0,31.0,27.0,39.0,27.0,37.0,34.0,32.0,31.0,28.0,32.0,37.0,29.0,35.0,36.0,29.0,38.0,32.0,30.0,40.0,38.0,36.0,29.0,35.0,29.0,31.0,27.0,25.0,27.0,38.0
27.0,28.0,27.0,27.0,18.0,36.0,33.0,24.0,29.0,30.0,24.0,36.0,26.0,24.0,27.0,32.0,22.0,25.0,26.0,35.0,27.0,27.0,26.0,25.0,29.0,27.0,29.0,34.0,23.0,28.0,15.0,28.0,35.0,26.0,34.0,31.0,22.0,16.0,19.0,23.0,37.0,27.0,27.0,26.0,20.0,34.0,26.0,26.0,25.0,29.0
27.0,28.0,22.0,30.0,29.0,26.0,27.0,35.0,16.0,21.0,20.0,23.0,23.0,27.0,25.0,22.0,19.0,26.0,17.0,24.0,19.0,23.0,22.0,22.0,27.0,25.0,23.0,33.0,28.0,25.0,18.0,25.0,23.0,21.0,21.0,17.0,28.0,21.0,17.0,19.0,25.0,20.0,28.0,23.0,26.0,15.0,33.0,33.0,26.0,30.0
33.0,31.0,43.0,38.0,30.0,24.0,23.0,37.0,24.0,25.0,34.0,42.0,35.0,32.0,28.0,34.0,29.0,36.0,29.0,28.0,35.0,25.0,35.0,32.0,33.0,39.0,29.0,39.0,36.0,40.0,41.0,30.0,33.0,33.0,44.0,32.0,30.0,27.0,29.0,29.0,43.0,34.0,35.0,34.0,27.0,24.0,32.0,39.0,31.0,38.0
28.0,41.0,26.0,41.0,33.0,28.0,27.0,26.0,33.0,30.0,27.0,38.0,35.0,24.0,22.0,34.0,38.0,33.0,30.0,36.0,22.0,35.0,35.0,31.0,37.0,29.0,35.0,25.0,33.0,29.0,27.0,27.0,37.0,26.0,37.0,26.0,34.0,36.0,46.0,26.0,36.0,29.0,25.0,23.0,26.0,34.0,24.0,27.0,33.0,26.0
