10,50,1000
18.955554,18.529811,17.177083,15.817433,16.262224,16.218975,18.927834,16.89566,19.201275,16.724136
9.28068,8.440921,9.700329,9.237913,6.932746,7.813085,5.323434,5.391738,6.644247,8.48229
0.0,10.0,20.0,30.0,40.0,50.0,60.0,70.0,80.0,90.0
10.0,0.0,10.0,20.0,30.0,40.0,50.0,60.0,70.0,80.0
20.0,10.0,0.0,10.0,20.0,30.0,40.0,50.0,60.0,70.0
30.0,20.0,10.0,0.0,10.0,20.0,30.0,40.0,50.0,60.0
40.0,30.0,20.0,10.0,0.0,10.0,20.0,30.0,40.0,50.0
50.0,40.0,30.0,20.0,10.0,0.0,10.0,20.0,30.0,40.0
60.0,50.0,40.0,30.0,20.0,10.0,0.0,10.0,20.0,30.0
70.0,60.0,50.0,40.0,30.0,20.0,10.0,0.0,10.0,20.0
80.0,70.0,60.0,50.0,40.0,30.0,20.0,10.0,0.0,10.0
90.0,80.0,70.0,60.0,50.0,40.0,30.0,20.0,10.0,0.0
450.0,400.0,350.0,300.0,250.0,250.0,300.0,350.0,400.0,450.0
0.0,1.0,2.0,3.0,4.0,5.0,6.0,7.0,8.0,9.0
1.0,0.0,1.0,2.0,3.0,4.0,5.0,6.0,7.0,8.0
2.0,1.0,0.0,1.0,2.0,3.0,4.0,5.0,6.0,7.0
3.0,2.0,1.0,0.0,1.0,2.0,3.0,4.0,5.0,6.0
4.0,3.0,2.0,1.0,0.0,1.0,2.0,3.0,4.0,5.0
5.0,4.0,3.0,2.0,1.0,0.0,1.0,2.0,3.0,4.0
6.0,5.0,4.0,3.0,2.0,1.0,0.0,1.0,2.0,3.0
7.0,6.0,5.0,4.0,3.0,2.0,1.0,0.0,1.0,2.0
8.0,7.0,6.0,5.0,4.0,3.0,2.0,1.0,0.0,1.0
9.0,8.0,7.0,6.0,5.0,4.0,3.0,2.0,1.0,0.0
45.0,40.0,35.0,30.0,25.0,25.0,30.0,35.0,40.0,45.0
36.0,35.0,50.0,37.0,33.0,48.0,39.0,34.0,33.0,31.0,26.0,35.0,26.0,37.0,44.0,35.0,42.0,43.0,40.0,39.0,35.0,35.0,42.0,46.0,33.0,31.0,28.0,44.0,28.0,34.0,29.0,27.0,33.0,26.0,37.0,31.0,36.0,38.0,31.0,33.0,33.0,36.0,50.0,31.0,41.0,35.0,32.0,28.0,39.0,30.0
30.0,27.0,43.0,23.0,32.0,28.0,29.0,30.0,28.0,29.0,34.0,39.0,27.0,23.0,31.0,31.0,22.0,25.0,21.0,30.0,35.0,29.0,23.0,37.0,28.0,43.0,36.0,28.0,33.0,26.0,28.0,25.0,26.0,37.0,27.0,25.0,29.0,23.0,31.0,29.0,26.0,35.0,30.0,42.0,39.0,25.0,26.0,24.0,34.0,31.0
40.0,37.0,37.0,31.0,41.0,39.0,33.0,44.0,44.0,41.0,29.0,36.0,38.0,36.0,31.0,24.0,42.0,30.0,30.0,37.0,52.0,33.0,32.0,44.0,37.0,28.0,27.0,30.0,28.0,41.0,27.0,30.0,31.0,32.0,32.0,38.0,33.0,28.0,41.0,30.0,41.0,29.0,21.0,38.0,35.0,35.0,44.0,34.0,26.0,37.0
30.0,36.0,26.0,40.0,35.0,35.0,37.0,45.0,37.0,34.0,31.0,40.0,39.0,37.0,22.0,24.0,40.0,33.0,37.0,34.0,41.0,35.0,38.0,24.0,44.0,38.0,27.0,31.0,32.0,39.0,28.0,31.0,29.0,38.0,43.0,30.0,34.0,34.0,34.0,43.0,28.0,33.0,29.0,40.0,37.0,25.0,42.0,45.0,39.0,33.0
20.0,29.0,26.0,25.0,26.0,21.0,27.0,33.0,24.0,30.0,21.0,17.0,31.0,23.0,26.0,31.0,24.0,27.0,24.0,28.0,32.0,30.0,28.0,34.0,23.0,25.0,20.0,38.0,23.0,29.0,31.0,32.0,16.0,33.0,22.0,25.0,23.0,29.0,27.0,20.0,25.0,32.0,32.0,36.0,27.0,26.0,23.0,22.0,24.0,30.0
21.0,24.0,31.0,19.0,20.0,41.0,28.0,24.0,23.0,36.0,31.0,30.0,29.0,38.0,38.0,36.0,34.0,15.0,30.0,17.0,27.0,34.0,31.0,29.0,33.0,20.0,24.0,26.0,30.0,25.0,27.0,23.0,33.0,29.0,17.0,30.0,22.0,27.0,38.0,27.0,36.0,28.0,37.0,31.0,31.0,28.0,30.0,23.0,25.0,38.0
27.0,23.0,27.0,25.0,24.0,21.0,24.0,22.0,23.0,24.0,34.0,27.0,15.0,27.0,23.0,17.0,25.0,28.0,19.0,21.0,17.0,28.0,21.0,29.0,16.0,28.0,24.0,21.0,23.0,24.0,21.0,19.0,22.0,19.0,21.0,30.0,13.0,27.0,20.0,35.0,25.0,15.0,26.0,15.0,31.0,23.0,22.0,24.0,17.0,14.0
14.0,24.0,22.0,19.0,16.0,24.0,17.0,24.0,20.0,21.0,25.0,22.0,25.0,23.0,25.0,22.0,24.0,26.0,20.0,15.0,16.0,24.0,17.0,21.0,14.0,22.0,28.0,18.0,27.0,20.0,21.0,30.0,15.0,16.0,16.0,28.0,22.0,24.0,20.0,16.0,15.0,28.0,11.0,18.0,33.0,22.0,20.0,20.0,20.0,17.0
30.0,35.0,19.0,31.0,23.0,20.0,23.0,23.0,29.0,29.0,21.0,21.0,27.0,21.0,25.0,19.0,19.0,36.0,18.0,34.0,26.0,25.0,27.0,26.0,28.0,28.0,30.0,28.0,27.0,31.0,24.0,26.0,24.0,25.0,40.0,25.0,26.0,19.0,25.0,23.0,19.0,34.0,26.0,22.0,24.0,24.0,33.0,26.0,28.0,25.0
32.0,38.0,31.0,29.0,36.0,27.0,34.0,30.0,33.0,35.0,37.0,27.0,34.0,30.0,24.0,27.0,32.0,31.0,32.0,38.0,37.0,24.0,35.0,40.0,33.0,30.0,36.0,34.0,24.0,36.0,30.0,25.0,42.0,24.0,39.0,33.0,30.0,38.0,32.0,31.0,32.0,32.0,29.0,28.0,29.0,34.0,31.0,39.0,33.0,24.0
