10,50,1000
15.576028,19.873067,15.896235,16.705649,19.735436,19.161921,15.526963,17.08689,16.633343,17.319578
8.266678,6.100124,9.108725,5.221307,9.425843,8.744058,8.906923,6.190803,9.901941,9.391539
0.0,10.0,20.0,30.0,40.0,50.0,60.0,70.0,80.0,90.0
10.0,0.0,10.0,20.0,30.0,40.0,50.0,60.0,70.0,80.0
20.0,10.0,0.0,10.0,20.0,30.0,40.0,50.0,60.0,70.0
30.0,20.0,10.0,0.0,10.0,20.0,30.0,40.0,50.0,60.0
40.0,30.0,20.0,10.0,0.0,10.0,20.0,30.0,40.0,50.0
50.0,40.0,30.0,20.0,10.0,0.0,10.0,20.0,30.0,40.0
60.0,50.0,40.0,30.0,20.0,10.0,0.0,10.0,20.0,30.0
70.0,60.0,50.0,40.0,30.0,20.0,10.0,0.0,10.0,20.0
80.0,70.0,60.0,50.0,40.0,30.0,20.0,10.0,0.0,10.0
90.0,80.0,70.0,60.0,50.0,40.0,30.0,20.0,10.0,0.0
450.0,400.0,350.0,300.0,250.0,250.0,300.0,350.0,400.0,450.0
0.0,1.0,2.0,3.0,4.0,5.0,6.0,7.0,8.0,9.0
1.0,0.0,1.0,2.0,3.0,4.0,5.0,6.0,7.0,8.0
2.0,1.0,0.0,1.0,2.0,3.0,4.0,5.0,6.0,7.0
3.0,2.0,1.0,0.0,1.0,2.0,3.0,4.0,5.0,6.0
4.0,3.0,2.0,1.0,0.0,1.0,2.0,3.0,4.0,5.0
5.0,4.0,3.0,2.0,1.0,0.0,1.0,2.0,3.0,4.0
6.0,5.0,4.0,3.0,2.0,1.0,0.0,1.0,2.0,3.0
7.0,6.0,5.0,4.0,3.0,2.0,1.0,0.0,1.0,2.0
8.0,7.0,6.0,5.0,4.0,3.0,2.0,1.0,0.0,1.0
9.0,8.0,7.0,6.0,5.0,4.0,3.0,2.0,1.0,0.0
45.0,40.0,35.0,30.0,25.0,25.0,30.0,35.0,40.0,45.0
31.0,32.0,32.0,28.0,39.0,39.0,25.0,31.0,30.0,28.0,29.0,32.0,26.0,28.0,31.0,35.0,33.0,41.0,32.0,34.0,25.0,36.0,32.0,16.0,23.0,36.0,43.0,25.0,24.0,32.0,28.0,30.0,34.0,31.0,40.0,18.0,37.0,26.0,31.0,38.0,33.0,30.0,19.0,24.0,38.0,31.0,39.0,30.0,32.0,30.0
26.0,28.0,21.0,29.0,19.0,20.0,19.0,26.0,15.0,22.0,29.0,29.0,25.0,23.0,28.0,29.0,23.0,21.0,22.0,22.0,16.0,24.0,30.0,18.0,35.0,33.0,20.0,28.0,31.0,15.0,23.0,36.0,22.0,26.0,28.0,27.0,26.0,25.0,22.0,27.0,27.0,25.0,23.0,25.0,28.0,30.0,21.0,31.0,21.0,26.0
22.0,25.0,30.0,32.0,28.0,40.0,28.0,26.0,34.0,32.0,38.0,27.0,31.0,28.0,34.0,36.0,40.0,30.0,39.0,37.0,31.0,25.0,26.0,49.0,29.0,37.0,28.0,40.0,38.0,39.0,33.0,30.0,37.0,34.0,40.0,38.0,32.0,25.0,32.0,37.0,23.0,35.0,40.0,39.0,23.0,38.0,36.0,29.0,29.0,37.0
20.0,15.0,22.0,21.0,27.0,19.0,21.0,18.0,18.0,19.0,16.0,22.0,23.0,17.0,20.0,18.0,24.0,18.0,21.0,26.0,24.0,20.0,26.0,22.0,21.0,24.0,27.0,23.0,24.0,9.0,23.0,22.0,18.0,16.0,19.0,21.0,18.0,19.0,24.0,19.0,25.0,27.0,22.0,22.0,21.0,23.0,23.0,25.0,19.0,20.0
29.0,24.0,41.0,49.0,31.0,42.0,52.0,37.0,36.0,41.0,26.0,33.0,39.0,44.0,35.0,52.0,28.0,50.0,49.0,44.0,41.0,34.0,43.0,33.0,35.0,37.0,37.0,42.0,43.0,41.0,39.0,38.0,44.0,32.0,35.0,36.0,52.0,24.0,39.0,38.0,31.0,32.0,28.0,35.0,35.0,37.0,29.0,35.0,30.0,37.0
32.0,35.0,29.0,36.0,31.0,33.0,43.0,35.0,29.0,40.0,33.0,41.0,33.0,30.0,33.0,32.0,28.0,31.0,32.0,35.0,31.0,33.0,41.0,39.0,26.0,36.0,40.0,22.0,37.0,32.0,41.0,41.0,32.0,38.0,35.0,27.0,23.0,30.0,37.0,25.0,34.0,32.0,37.0,37.0,27.0,36.0,34.0,33.0,38.0,35.0
39.0,27.0,36.0,32.0,32.0,36.0,28.0,41.0,19.0,40.0,38.0,33.0,35.0,40.0,28.0,34.0,33.0,35.0,29.0,33.0,39.0,35.0,35.0,35.0,38.0,33.0,39.0,39.0,30.0,36.0,33.0,36.0,32.0,32.0,40.0,41.0,30.0,41.0,36.0,35.0,30.0,32.0,28.0,33.0,39.0,33.0,35.0,30.0,24.0,29.0
34.0,24.0,30.0,22.0,23.0,27.0,25.0,20.0,34.0,25.0,35.0,25.0,35.0,21.0,28.0,22.0,18.0,26.0,31.0,21.0,25.0,32.0,23.0,20.0,27.0,20.0,21.0,21.0,26.0,23.0,25.0,19.0,20.0,24.0,22.0,22.0,25.0,24.0,19.0,21.0,21.0,29.0,20.0,24.0,22.0,27.0,32.0,29.0,25.0,28.0
33.0,33.0,26.0,34.0,45.0,35.0,30.0,44.0,31.0,24.0,37.0,31.0,41.0,43.0,46.0,38.0,33.0,40.0,32.0,39.0,28.0,47.0,29.0,43.0,32.0,37.0,52.0,36.0,34.0,32.0,44.0,40.0,33.0,30.0,28.0,33.0,30.0,39.0,27.0,34.0,44.0,36.0,38.0,36.0,35.0,31.0,32.0,40.0,26.0,41.0
33.0,33.0,38.0,38.0,32.0,31.0,25.0,41.0,27.0,33.0,27.0,29.0,32.0,39.0,28.0,35.0,28.0,37.0,30.0,41.0,41.0,35.0,29.0,30.0,40.0,37.0,32.0,20.0,27.0,41.0,31.0,34.0,24.0,43.0,29.0,30.0,34.0,34.0,30.0,36.0,32.0,34.0,30.0,34.0,41.0,35.0,38.0,33.0,35.0,39.0
