10,50,1000
19.995451,19.875026,18.932809,16.957358,17.071142,18.334878,18.097214,18.594972,19.678571,18.236978
9.319975,9.467275,6.368551,7.902243,5.074484,6.242562,7.924567,8.591825,6.550791,8.703684
0.0,10.0,20.0,30.0,40.0,50.0,60.0,70.0,80.0,90.0
10.0,0.0,10.0,20.0,30.0,40.0,50.0,60.0,70.0,80.0
20.0,10.0,0.0,10.0,20.0,30.0,40.0,50.0,60.0,70.0
30.0,20.0,10.0,0.0,10.0,20.0,30.0,40.0,50.0,60.0
40.0,30.0,20.0,10.0,0.0,10.0,20.0,30.0,40.0,50.0
50.0,40.0,30.0,20.0,10.0,0.0,10.0,20.0,30.0,40.0
60.0,50.0,40.0,30.0,20.0,10.0,0.0,10.0,20.0,30.0
70.0,60.0,50.0,40.0,30.0,20.0,10.0,0.0,10.0,20.0
80.0,70.0,60.0,50.0,40.0,30.0,20.0,10.0,0.0,10.0
90.0,80.0,70.0,60.0,50.0,40.0,30.0,20.0,10.0,0.0
450.0,400.0,350.0,300.0,250.0,250.0,300.0,350.0,400.0,450.0
0.0,1.0,2.0,3.0,4.0,5.0,6.0,7.0,8.0,9.0
1.0,0.0,1.0,2.0,3.0,4.0,5.0,6.0,7.0,8.0
2.0,1.0,0.0,1.0,2.0,3.0,4.0,5.0,6.0,7.0
3.0,2.0,1.0,0.0,1.0,2.0,3.0,4.0,5.0,6.0
4.0,3.0,2.0,1.0,0.0,1.0,2.0,3.0,4.0,5.0
5.0,4.0,3.0,2.0,1.0,0.0,1.0,2.0,3.0,4.0
6.0,5.0,4.0,3.0,2.0,1.0,0.0,1.0,2.0,3.0
7.0,6.0,5.0,4.0,3.0,2.0,1.0,0.0,1.0,2.0
8.0,7.0,6.0,5.0,4.0,3.0,2.0,1.0,0.0,1.0
9.0,8.0,7.0,6.0,5.0,4.0,3.0,2.0,1.0,0.0
45.0,40.0,35.0,30.0,25.0,25.0,30.0,35.0,40.0,45.0
42.0,42.0,32.0,32.0,45.0,38.0,40.0,34.0,32.0,45.0,47.0,41.0,34.0,35.0,44.0,32.0,51.0,35.0,33.0,39.0,32.0,39.0,31.0,33.0,36.0,31.0,28.0,42.0,35.0,31.0,30.0,34.0,43.0,32.0,37.0,30.0,31.0,26.0,38.0,31.0,34.0,32.0,41.0,33.0,27.0,38.0,37.0,29.0,35.0,39.0
36.0,38.0,33.0,35.0,32.0,45.0,37.0,39.0,48.0,38.0,36.0,37.0,39.0,35.0,36.0,32.0,30.0,49.0,45.0,39.0,45.0,28.0,31.0,28.0,34.0,33.0,40.0,33.0,46.0,38.0,41.0,35.0,30.0,21.0,35.0,44.0,32.0,30.0,38.0,33.0,33.0,42.0,39.0,27.0,47.0,37.0,32.0,38.0,28.0,35.0
28.0,40.0,21.0,25.0,22.0,25.0,25.0,21.0,29.0,27.0,21.0,23.0,22.0,20.0,21.0,26.0,32.0,35.0,15.0,33.0,16.0,30.0,29.0,17.0,14.0,26.0,22.0,31.0,30.0,29.0,29.0,25.0,24.0,29.0,25.0,25.0,22.0,32.0,28.0,23.0,24.0,29.0,26.0,20.0,23.0,34.0,22.0,28.0,31.0,20.0
24.0,37.0,33.0,31.0,34.0,36.0,30.0,29.0,34.0,25.0,20.0,34.0,25.0,26.0,30.0,30.0,34.0,26.0,33.0,39.0,40.0,27.0,24.0,33.0,28.0,34.0,29.0,23.0,32.0,37.0,35.0,40.0,38.0,30.0,23.0,27.0,26.0,27.0,18.0,40.0,34.0,25.0,36.0,29.0,23.0,39.0,24.0,30.0,32.0,31.0
16.0,22.0,18.0,26.0,19.0,17.0,23.0,19.0,22.0,23.0,29.0,29.0,26.0,25.0,22.0,21.0,17.0,20.0,21.0,22.0,21.0,20.0,25.0,20.0,16.0,18.0,21.0,10.0,22.0,22.0,23.0,27.0,17.0,27.0,18.0,15.0,20.0,13.0,33.0,21.0,15.0,27.0,25.0,13.0,23.0,19.0,25.0,21.0,26.0,21.0
19.0,30.0,22.0,22.0,30.0,19.0,19.0,22.0,18.0,25.0,36.0,28.0,22.0,26.0,25.0,33.0,31.0,28.0,34.0,23.0,17.0,21.0,21.0,21.0,24.0,21.0,22.0,33.0,24.0,26.0,28.0,36.0,27.0,16.0,23.0,27.0,30.0,28.0,19.0,33.0,28.0,26.0,27.0,18.0,26.0,18.0,23.0,20.0,30.0,35.0
32.0,28.0,35.0,25.0,30.0,27.0,25.0,30.0,29.0,32.0,22.0,31.0,24.0,36.0,24.0,24.0,26.0,34.0,40.0,28.0,35.0,33.0,25.0,25.0,30.0,30.0,33.0,33.0,27.0,27.0,30.0,32.0,27.0,30.0,22.0,34.0,27.0,27.0,20.0,22.0,24.0,31.0,36.0,26.0,34.0,30.0,31.0,31.0,32.0,32.0
37.0,41.0,25.0,41.0,36.0,34.0,33.0,34.0,36.0,28.0,43.0,37.0,31.0,35.0,23.0,27.0,32.0,35.0,38.0,33.0,32.0,25.0,33.0,26.0,32.0,32.0,28.0,30.0,39.0,31.0,36.0,35.0,31.0,32.0,42.0,27.0,22.0,34.0,22.0,32.0,31.0,32.0,32.0,33.0,34.0,29.0,36.0,42.0,31.0,26.0
20.0,30.0,29.0,22.0,28.0,24.0,29.0,41.0,28.0,42.0,24.0,17.0,26.0,35.0,31.0,21.0,33.0,28.0,24.0,17.0,31.0,26.0,21.0,23.0,36.0,22.0,52.0,25.0,27.0,32.0,25.0,33.0,27.0,24.0,14.0,29.0,27.0,28.0,24.0,18.0,25.0,23.0,33.0,21.0,34.0,33.0,26.0,21.0,19.0,27.0
31.0,32.0,35.0,31.0,26.0,34.0,32.0,32.0,33.0,32.0,24.0,32.0,24.0,22.0,27.0,31.0,27.0,35.0,45.0,37.0,28.0,35.0,30.0,26.0,24.0,34.0,32.0,31.0,30.0,35.0,26.0,37.0,44.0,37.0,48.0,32.0,32.0,32.0,31.0,32.0,41.0,36.0,50.0,35.0,37.0,32.0,22.0,25.0,40.0,23.0
