10,50,1000
17.431647,15.850769,17.019452,15.746695,15.199021,17.93493,19.270133,18.446934,16.119981,18.767323
6.836093,6.974022,6.413009,9.551266,9.378187,7.056023,6.846709,9.248689,7.827743,5.752383
0.0,10.0,20.0,30.0,40.0,50.0,60.0,70.0,80.0,90.0
10.0,0.0,10.0,20.0,30.0,40.0,50.0,60.0,70.0,80.0
20.0,10.0,0.0,10.0,20.0,30.0,40.0,50.0,60.0,70.0
30.0,20.0,10.0,0.0,10.0,20.0,30.0,40.0,50.0,60.0
40.0,30.0,20.0,10.0,0.0,10.0,20.0,30.0,40.0,50.0
50.0,40.0,30.0,20.0,10.0,0.0,10.0,20.0,30.0,40.0
60.0,50.0,40.0,30.0,20.0,10.0,0.0,10.0,20.0,30.0
70.0,60.0,50.0,40.0,30.0,20.0,10.0,0.0,10.0,20.0
80.0,70.0,60.0,50.0,40.0,30.0,20.0,10.0,0.0,10.0
90.0,80.0,70.0,60.0,50.0,40.0,30.0,20.0,10.0,0.0
450.0,400.0,350.0,300.0,250.0,250.0,300.0,350.0,400.0,450.0
0.0,1.0,2.0,3.0,4.0,5.0,6.0,7.0,8.0,9.0
1.0,0.0,1.0,2.0,3.0,4.0,5.0,6.0,7.0,8.0
2.0,1.0,0.0,1.0,2.0,3.0,4.0,5.0,6.0,7.0
3.0,2.0,1.0,0.0,1.0,2.0,3.0,4.0,5.0,6.0
4.0,3.0,2.0,1.0,0.0,1.0,2.0,3.0,4.0,5.0
5.0,4.0,3.0,2.0,1.0,0.0,1.0,2.0,3.0,4.0
6.0,5.0,4.0,3.0,2.0,1.0,0.0,1.0,2.0,3.0
7.0,6.0,5.0,4.0,3.0,2.0,1.0,0.0,1.0,2.0
8.0,7.0,6.0,5.0,4.0,3.0,2.0,1.0,0.0,1.0
9.0,8.0,7.0,6.0,5.0,4.0,3.0,2.0,1.0,0.0
45.0,40.0,35.0,30.0,25.0,25.0,30.0,35.0,40.0,45.0
20.0,29.0,28.0,32.0,25.0,26.0,26.0,38.0,29.0,21.0,33.0,19.0,23.0,32.0,23.0,30.0,26.0,30.0,33.0,39.0,28.0,30.0,22.0,27.0,26.0,24.0,28.0,23.0,19.0,32.0,21.0,23.0,24.0,31.0,34.0,21.0,28.0,30.0,29.0,22.0,28.0,33.0,26.0,31.0,29.0,31.0,19.0,34.0,26.0,26.0
24.0,26.0,24.0,29.0,20.0,28.0,27.0,33.0,25.0,26.0,23.0,14.0,26.0,23.0,19.0,33.0,28.0,32.0,26.0,33.0,29.0,26.0,31.0,30.0,24.0,18.0,34.0,30.0,34.0,29.0,31.0,16.0,26.0,29.0,25.0,28.0,20.0,34.0,31.0,24.0,37.0,31.0,23.0,26.0,18.0,18.0,23.0,26.0,28.0,22.0
26.0,25.0,29.0,16.0,33.0,25.0,25.0,22.0,21.0,29.0,27.0,28.0,19.0,26.0,26.0,21.0,27.0,19.0,23.0,19.0,20.0,27.0,28.0,24.0,37.0,25.0,24.0,12.0,28.0,25.0,28.0,30.0,28.0,27.0,21.0,29.0,25.0,29.0,25.0,22.0,16.0,23.0,21.0,25.0,23.0,27.0,29.0,20.0,27.0,22.0
33.0,33.0,34.0,37.0,38.0,37.0,31.0,37.0,36.0,41.0,39.0,40.0,31.0,32.0,32.0,31.0,32.0,39.0,49.0,35.0,42.0,27.0,43.0,31.0,36.0,37.0,37.0,36.0,37.0,36.0,36.0,39.0,37.0,37.0,43.0,35.0,44.0,56.0,42.0,41.0,31.0,30.0,31.0,33.0,35.0,30.0,37.0,36.0,40.0,27.0
30.0,43.0,28.0,29.0,23.0,42.0,42.0,33.0,23.0,37.0,23.0,25.0,26.0,37.0,26.0,29.0,29.0,39.0,38.0,39.0,23.0,39.0,36.0,37.0,32.0,31.0,26.0,33.0,38.0,32.0,32.0,38.0,34.0,38.0,37.0,41.0,45.0,47.0,31.0,34.0,32.0,26.0,30.0,32.0,29.0,38.0,24.0,46.0,29.0,35.0
22.0,28.0,31.0,31.0,26.0,34.0,34.0,33.0,30.0,22.0,33.0,20.0,27.0,26.0,31.0,27.0,30.0,30.0,24.0,33.0,24.0,21.0,23.0,22.0,28.0,27.0,18.0,20.0,37.0,34.0,30.0,30.0,21.0,26.0,27.0,32.0,24.0,28.0,29.0,24.0,29.0,20.0,30.0,41.0,21.0,32.0,35.0,21.0,24.0,21.0
26.0,26.0,22.0,24.0,26.0,22.0,20.0,28.0,38.0,28.0,25.0,24.0,27.0,33.0,28.0,23.0,19.0,21.0,25.0,28.0,37.0,19.0,23.0,18.0,20.0,28.0,31.0,24.0,27.0,20.0,23.0,33.0,22.0,23.0,27.0,17.0,17.0,22.0,21.0,32.0,32.0,32.0,34.0,34.0,22.0,33.0,28.0,18.0,19.0,21.0
40.0,29.0,34.0,23.0,30.0,33.0,33.0,35.0,35.0,30.0,34.0,28.0,24.0,34.0,31.0,49.0,37.0,38.0,43.0,48.0,31.0,43.0,41.0,39.0,30.0,27.0,31.0,41.0,26.0,41.0,41.0,30.0,44.0,27.0,38.0,33.0,34.0,22.0,38.0,30.0,30.0,39.0,35.0,43.0,47.0,28.0,31.0,26.0,27.0,44.0
31.0,35.0,43.0,32.0,29.0,27.0,29.0,27.0,24.0,37.0,35.0,35.0,27.0,26.0,22.0,36.0,32.0,30.0,32.0,25.0,17.0,24.0,24.0,28.0,29.0,24.0,26.0,28.0,29.0,26.0,32.0,36.0,32.0,42.0,34.0,34.0,27.0,30.0,22.0,30.0,17.0,25.0,36.0,33.0,30.0,24.0,28.0,31.0,25.0,23.0
30.0,19.0,32.0,26.0,30.0,29.0,18.0,23.0,29.0,18.0,28.0,24.0,24.0,18.0,24.0,24.0,28.0,24.0,22.0,23.0,28.0,25.0,22.0,15.0,14.0,25.0,32.0,23.0,15.0,29.0,27.0,19.0,20.0,27.0,20.0,25.0,16.0,29.0,34.0,23.0,20.0,17.0,17.0,34.0,27.0,34.0,25.0,16.0,23.0,19.0
