10,50,1000
18.936374,17.237736,18.3505,19.290215,16.694001,17.684655,16.768499,19.260314,19.052799,17.442417
8.564361,9.057814,8.066152,5.589715,8.2339,6.475258,5.019463,6.324387,9.183993,5.469786
0.0,10.0,20.0,30.0,40.0,50.0,60.0,70.0,80.0,90.0
10.0,0.0,10.0,20.0,30.0,40.0,50.0,60.0,70.0,80.0
20.0,10.0,0.0,10.0,20.0,30.0,40.0,50.0,60.0,70.0
30.0,20.0,10.0,0.0,10.0,20.0,30.0,40.0,50.0,60.0
40.0,30.0,20.0,10.0,0.0,10.0,20.0,30.0,40.0,50.0
50.0,40.0,30.0,20.0,10.0,0.0,10.0,20.0,30.0,40.0
60.0,50.0,40.0,30.0,20.0,10.0,0.0,10.0,20.0,30.0
70.0,60.0,50.0,40.0,30.0,20.0,10.0,0.0,10.0,20.0
80.0,70.0,60.0,50.0,40.0,30.0,20.0,10.0,0.0,10.0
90.0,80.0,70.0,60.0,50.0,40.0,30.0,20.0,10.0,0.0
450.0,400.0,350.0,300.0,250.0,250.0,300.0,350.0,400.0,450.0
0.0,1.0,2.0,3.0,4.0,5.0,6.0,7.0,8.0,9.0
1.0,0.0,1.0,2.0,3.0,4.0,5.0,6.0,7.0,8.0
2.0,1.0,0.0,1.0,2.0,3.0,4.0,5.0,6.0,7.0
3.0,2.0,1.0,0.0,1.0,2.0,3.0,4.0,5.0,6.0
4.0,3.0,2.0,1.0,0.0,1.0,2.0,3.0,4.0,5.0
5.0,4.0,3.0,2.0,1.0,0.0,1.0,2.0,3.0,4.0
6.0,5.0,4.0,3.0,2.0,1.0,0.0,1.0,2.0,3.0
7.0,6.0,5.0,4.0,3.0,2.0,1.0,0.0,1.0,2.0
8.0,7.0,6.0,5.0,4.0,3.0,2.0,1.0,0.0,1.0
9.0,8.0,7.0,6.0,5.0,4.0,3.0,2.0,1.0,0.0
45.0,40.0,35.0,30.0,25.0,25.0,30.0,35.0,40.0,45.0
48.0,38.0,36.0,33.0,31.0,28.0,34.0,42.0,23.0,40.0,34.0,31.0,29.0,35.0,37.0,32.0,37.0,37.0,25.0,26.0,24.0,23.0,27.0,26.0,44.0,30.0,32.0,37.0,29.0,46.0,30.0,30.0,34.0,30.0,33.0,32.0,34.0,34.0,33.0,32.0,33.0,27.0,36.0,26.0,26.0,23.0,24.0,42.0,40.0,31.0
34.0,33.0,32.0,41.0,34.0,31.0,39.0,23.0,37.0,31.0,27.0,28.0,35.0,30.0,27.0,35.0,30.0,24.0,34.0,30.0,38.0,32.0,49.0,45.0,33.0,39.0,31.0,31.0,27.0,27.0,33.0,43.0,45.0,32.0,38.0,30.0,38.0,48.0,35.0,37.0,39.0,31.0,38.0,37.0,38.0,41.0,40.0,35.0,28.0,45.0
32.0,38.0,31.0,28.0,25.0,37.0,26.0,34.0,32.0,33.0,20.0,37.0,29.0,27.0,29.0,32.0,30.0,25.0,27.0,34.0,24.0,28.0,27.0,25.0,34.0,26.0,28.0,36.0,25.0,27.0,36.0,27.0,35.0,32.0,25.0,27.0,31.0,33.0,30.0,28.0,38.0,27.0,27.0,32.0,26.0,28.0,30.0,24.0,21.0,32.0
20.0,18.0,27.0,22.0,19.0,26.0,19.0,16.0,21.0,23.0,26.0,24.0,31.0,27.0,23.0,20.0,25.0,19.0,18.0,24.0,18.0,20.0,18.0,30.0,34.0,19.0,17.0,20.0,24.0,18.0,31.0,18.0,28.0,22.0,24.0,24.0,27.0,24.0,20.0,25.0,23.0,18.0,11.0,19.0,26.0,23.0,23.0,26.0,27.0,25.0
25.0,27.0,27.0,18.0,23.0,30.0,29.0,37.0,25.0,35.0,26.0,28.0,28.0,27.0,32.0,28.0,22.0,33.0,38.0,38.0,34.0,29.0,46.0,29.0,34.0,26.0,29.0,27.0,23.0,20.0,29.0,24.0,29.0,34.0,40.0,36.0,34.0,35.0,27.0,29.0,32.0,37.0,28.0,35.0,28.0,25.0,30.0,30.0,35.0,31.0
18.0,32.0,30.0,27.0,20.0,29.0,19.0,26.0,21.0,31.0,29.0,34.0,35.0,23.0,21.0,30.0,32.0,26.0,24.0,26.0,29.0,24.0,20.0,28.0,13.0,26.0,25.0,25.0,26.0,26.0,20.0,21.0,20.0,28.0,26.0,39.0,26.0,28.0,25.0,30.0,41.0,29.0,33.0,24.0,28.0,25.0,27.0,26.0,27.0,23.0
28.0,20.0,16.0,28.0,20.0,20.0,26.0,24.0,15.0,23.0,26.0,24.0,20.0,17.0,16.0,18.0,15.0,17.0,16.0,16.0,29.0,19.0,25.0,19.0,19.0,15.0,22.0,21.0,17.0,20.0,28.0,20.0,17.0,20.0,24.0,26.0,16.0,20.0,16.0,12.0,17.0,26.0,15.0,25.0,25.0,22.0,16.0,25.0,17.0,19.0
24.0,29.0,25.0,21.0,21.0,18.0,23.0,20.0,22.0,30.0,32.0,22.0,21.0,23.0,26.0,32.0,33.0,24.0,26.0,27.0,25.0,20.0,26.0,23.0,32.0,21.0,25.0,25.0,31.0,20.0,28.0,23.0,32.0,25.0,25.0,31.0,21.0,29.0,29.0,19.0,14.0,29.0,32.0,22.0,26.0,24.0,29.0,27.0,27.0,27.0
39.0,24.0,41.0,41.0,24.0,33.0,38.0,38.0,34.0,30.0,40.0,40.0,29.0,33.0,34.0,31.0,34.0,41.0,37.0,32.0,35.0,42.0,34.0,30.0,28.0,41.0,31.0,38.0,47.0,51.0,27.0,38.0,36.0,28.0,25.0,34.0,36.0,41.0,34.0,28.0,29.0,39.0,19.0,49.0,26.0,35.0,29.0,35.0,28.0,46.0
20.0,20.0,25.0,14.0,29.0,25.0,26.0,20.0,22.0,20.0,18.0,25.0,24.0,26.0,22.0,22.0,24.0,22.0,26.0,20.0,24.0,26.0,23.0,22.0,21.0,33.0,24.0,23.0,23.0,34.0,32.0,22.0,14.0,24.0,20.0,20.0,16.0,25.0,17.0,10.0,20.0,14.0,25.0,29.0,17.0,23.0,23.0,25.0,19.0,25.0
