10,50,1000
18.128996,15.415343,19.588469,18.571369,19.680349,18.935044,19.452628,18.931216,19.632212,16.910998
9.156274,8.657474,9.209428,9.741021,6.234685,8.761886,9.675692,5.98934,8.627818,5.583739
0.0,10.0,20.0,30.0,40.0,50.0,60.0,70.0,80.0,90.0
10.0,0.0,10.0,20.0,30.0,40.0,50.0,60.0,70.0,80.0
20.0,10.0,0.0,10.0,20.0,30.0,40.0,50.0,60.0,70.0
30.0,20.0,10.0,0.0,10.0,20.0,30.0,40.0,50.0,60.0
40.0,30.0,20.0,10.0,0.0,10.0,20.0,30.0,40.0,50.0
50.0,40.0,30.0,20.0,10.0,0.0,10.0,20.0,30.0,40.0
60.0,50.0,40.0,30.0,20.0,10.0,0.0,10.0,20.0,30.0
70.0,60.0,50.0,40.0,30.0,20.0,10.0,0.0,10.0,20.0
80.0,70.0,60.0,50.0,40.0,30.0,20.0,10.0,0.0,10.0
90.0,80.0,70.0,60.0,50.0,40.0,30.0,20.0,10.0,0.0
450.0,400.0,350.0,300.0,250.0,250.0,300.0,350.0,400.0,450.0
0.0,1.0,2.0,3.0,4.0,5.0,6.0,7.0,8.0,9.0
1.0,0.0,1.0,2.0,3.0,4.0,5.0,6.0,7.0,8.0
2.0,1.0,0.0,1.0,2.0,3.0,4.0,5.0,6.0,7.0
3.0,2.0,1.0,0.0,1.0,2.0,3.0,4.0,5.0,6.0
4.0,3.0,2.0,1.0,0.0,1.0,2.0,3.0,4.0,5.0
5.0,4.0,3.0,2.0,1.0,0.0,1.0,2.0,3.0,4.0
6.0,5.0,4.0,3.0,2.0,1.0,0.0,1.0,2.0,3.0
7.0,6.0,5.0,4.0,3.0,2.0,1.0,0.0,1.0,2.0
8.0,7.0,6.0,5.0,4.0,3.0,2.0,1.0,0.0,1.0
9.0,8.0,7.0,6.0,5.0,4.0,3.0,2.0,1.0,0.0
45.0,40.0,35.0,30.0,25.0,25.0,30.0,35.0,40.0,45.0
25.0,28.0,33.0,38.0,40.0,34.0,34.0,32.0,39.0,39.0,21.0,36.0,36.0,35.0,40.0,26.0,32.0,37.0,29.0,33.0,29.0,41.0,35.0,35.0,35.0,33.0,35.0,37.0,35.0,29.0,25.0,35.0,27.0,35.0,35.0,35.0,35.0,35.0,27.0,32.0,32.0,43.0,31.0,28.0,32.0,27.0,35.0,43.0,36.0,25.0
35.0,31.0,40.0,27.0,29.0,32.0,28.0,31.0,36.0,38.0,30.0,36.0,30.0,41.0,37.0,31.0,38.0,33.0,31.0,33.0,36.0,31.0,40.0,36.0,32.0,40.0,31.0,28.0,40.0,38.0,30.0,24.0,26.0,33.0,30.0,26.0,29.0,33.0,26.0,33.0,31.0,42.0,31.0,35.0,35.0,38.0,32.0,30.0,32.0,42.0
26.0,43.0,38.0,34.0,41.0,31.0,40.0,43.0,26.0,37.0,24.0,28.0,28.0,31.0,40.0,37.0,32.0,30.0,31.0,36.0,28.0,39.0,40.0,44.0,35.0,35.0,36.0,32.0,30.0,37.0,39.0,32.0,36.0,29.0,28.0,41.0,38.0,34.0,28.0,33.0,36.0,45.0,40.0,27.0,38.0,26.0,38.0,27.0,36.0,42.0
35.0,42.0,35.0,46.0,41.0,27.0,29.0,36.0,40.0,37.0,38.0,34.0,39.0,29.0,32.0,40.0,37.0,41.0,32.0,34.0,35.0,49.0,35.0,35.0,31.0,33.0,31.0,33.0,47.0,34.0,39.0,31.0,35.0,35.0,35.0,39.0,35.0,43.0,39.0,49.0,32.0,36.0,32.0,44.0,37.0,37.0,36.0,44.0,30.0,33.0
29.0,28.0,26.0,27.0,29.0,18.0,24.0,27.0,26.0,24.0,23.0,26.0,24.0,25.0,22.0,22.0,31.0,25.0,20.0,23.0,27.0,25.0,17.0,17.0,28.0,30.0,27.0,34.0,14.0,18.0,15.0,26.0,27.0,27.0,26.0,30.0,24.0,23.0,22.0,26.0,28.0,30.0,30.0,31.0,22.0,29.0,20.0,22.0,24.0,21.0
41.0,30.0,39.0,35.0,30.0,20.0,28.0,26.0,35.0,29.0,34.0,30.0,30.0,31.0,30.0,22.0,33.0,29.0,24.0,36.0,39.0,37.0,31.0,37.0,37.0,34.0,30.0,25.0,29.0,28.0,29.0,33.0,34.0,34.0,25.0,24.0,28.0,33.0,32.0,30.0,23.0,39.0,33.0,32.0,38.0,33.0,36.0,28.0,38.0,28.0
32.0,33.0,41.0,37.0,41.0,45.0,35.0,42.0,43.0,32.0,31.0,39.0,38.0,33.0,29.0,43.0,32.0,45.0,39.0,31.0,38.0,34.0,35.0,35.0,39.0,32.0,26.0,38.0,38.0,45.0,36.0,40.0,27.0,41.0,37.0,47.0,29.0,36.0,22.0,35.0,34.0,29.0,32.0,23.0,32.0,44.0,36.0,29.0,35.0,37.0
24.0,26.0,17.0,20.0,11.0,33.0,21.0,25.0,27.0,35.0,17.0,25.0,31.0,15.0,17.0,23.0,23.0,27.0,20.0,23.0,21.0,28.0,23.0,20.0,23.0,14.0,27.0,22.0,21.0,22.0,20.0,28.0,24.0,21.0,35.0,23.0,28.0,16.0,21.0,23.0,19.0,33.0,24.0,22.0,24.0,20.0,30.0,32.0,21.0,25.0
32.0,33.0,28.0,35.0,30.0,34.0,40.0,40.0,34.0,36.0,34.0,31.0,37.0,30.0,29.0,30.0,27.0,38.0,45.0,38.0,32.0,29.0,23.0,35.0,32.0,32.0,33.0,35.0,23.0,38.0,22.0,35.0,37.0,43.0,40.0,32.0,38.0,36.0,26.0,26.0,32.0,44.0,28.0,41.0,45.0,35.0,34.0,36.0,31.0,34.0
21.0,25.0,24.0,25.0,20.0,19.0,20.0,27.0,19.0,25.0,25.0,27.0,18.0,21.0,24.0,29.0,26.0,19.0,24.0,22.0,15.0,19.0,31.0,20.0,29.0,22.0,24.0,21.0,27.0,26.0,26.0,18.0,26.0,20.0,25.0,18.0,17.0,21.0,26.0,28.0,19.0,23.0,22.0,25.0,39.0,22.0,24.0,30.0,27.0,26.0
