10,50,1000
18.432144,17.620586,18.922649,17.82179,19.779403,19.573467,16.108321,19.134911,17.141313,16.446606
7.55675,9.757491,7.617874,9.343406,9.158062,7.236618,5.339536,5.512095,6.799762,5.498723
0.0,10.0,20.0,30.0,40.0,50.0,60.0,70.0,80.0,90.0
10.0,0.0,10.0,20.0,30.0,40.0,50.0,60.0,70.0,80.0
20.0,10.0,0.0,10.0,20.0,30.0,40.0,50.0,60.0,70.0
30.0,20.0,10.0,0.0,10.0,20.0,30.0,40.0,50.0,60.0
40.0,30.0,20.0,10.0,0.0,10.0,20.0,30.0,40.0,50.0
50.0,40.0,30.0,20.0,10.0,0.0,10.0,20.0,30.0,40.0
60.0,50.0,40.0,30.0,20.0,10.0,0.0,10.0,20.0,30.0
70.0,60.0,50.0,40.0,30.0,20.0,10.0,0.0,10.0,20.0
80.0,70.0,60.0,50.0,40.0,30.0,20.0,10.0,0.0,10.0
90.0,80.0,70.0,60.0,50.0,40.0,30.0,20.0,10.0,0.0
450.0,400.0,350.0,300.0,250.0,250.0,300.0,350.0,400.0,450.0
0.0,1.0,2.0,3.0,4.0,5.0,6.0,7.0,8.0,9.0
1.0,0.0,1.0,2.0,3.0,4.0,5.0,6.0,7.0,8.0
2.0,1.0,0.0,1.0,2.0,3.0,4.0,5.0,6.0,7.0
3.0,2.0,1.0,0.0,1.0,2.0,3.0,4.0,5.0,6.0
4.0,3.0,2.0,1.0,0.0,1.0,2.0,3.0,4.0,5.0
5.0,4.0,3.0,2.0,1.0,0.0,1.0,2.0,3.0,4.0
6.0,5.0,4.0,3.0,2.0,1.0,0.0,1.0,2.0,3.0
7.0,6.0,5.0,4.0,3.0,2.0,1.0,0.0,1.0,2.0
8.0,7.0,6.0,5.0,4.0,3.0,2.0,1.0,0.0,1.0
9.0,8.0,7.0,6.0,5.0,4.0,3.0,2.0,1.0,0.0
45.0,40.0,35.0,30.0,25.0,25.0,30.0,35.0,40.0,45.0
29.0,29.0,31.0,30.0,27.0,29.0,31.0,39.0,34.0,29.0,28.0,31.0,24.0,34.0,28.0,30.0,28.0,30.0,35.0,16.0,31.0,33.0,35.0,29.0,36.0,29.0,28.0,35.0,30.0,32.0,25.0,31.0,23.0,24.0,38.0,19.0,34.0,29.0,38.0,31.0,32.0,35.0,33.0,27.0,30.0,26.0,35.0,36.0,23.0,38.0
34.0,38.0,34.0,32.0,35.0,24.0,43.0,40.0,38.0,52.0,38.0,33.0,40.0,29.0,50.0,40.0,31.0,34.0,39.0,36.0,47.0,33.0,47.0,39.0,29.0,40.0,29.0,29.0,33.0,36.0,37.0,32.0,37.0,39.0,30.0,25.0,30.0,36.0,42.0,39.0,33.0,34.0,41.0,27.0,25.0,37.0,30.0,38.0,43.0,33.0
32.0,23.0,29.0,31.0,25.0,32.0,26.0,36.0,15.0,15.0,28.0,23.0,30.0,29.0,20.0,27.0,29.0,29.0,23.0,29.0,27.0,29.0,24.0,32.0,29.0,42.0,20.0,39.0,21.0,26.0,28.0,23.0,29.0,40.0,31.0,33.0,27.0,25.0,26.0,23.0,22.0,29.0,35.0,33.0,26.0,35.0,30.0,37.0,30.0,31.0
37.0,26.0,41.0,39.0,34.0,41.0,33.0,30.0,39.0,24.0,36.0,25.0,34.0,46.0,49.0,34.0,30.0,41.0,41.0,36.0,31.0,37.0,31.0,38.0,39.0,34.0,32.0,32.0,39.0,38.0,31.0,30.0,31.0,25.0,36.0,40.0,37.0,40.0,29.0,41.0,29.0,32.0,47.0,35.0,26.0,30.0,30.0,26.0,38.0,34.0
32.0,37.0,26.0,34.0,31.0,38.0,43.0,39.0,30.0,37.0,42.0,26.0,44.0,29.0,35.0,37.0,28.0,43.0,30.0,37.0,32.0,43.0,37.0,31.0,31.0,33.0,39.0,35.0,28.0,26.0,32.0,33.0,41.0,38.0,31.0,44.0,39.0,34.0,26.0,37.0,40.0,40.0,34.0,31.0,35.0,30.0,43.0,30.0,44.0,38.0
31.0,31.0,37.0,31.0,27.0,37.0,28.0,28.0,25.0,25.0,36.0,22.0,25.0,28.0,27.0,27.0,27.0,34.0,25.0,27.0,23.0,19.0,26.0,33.0,29.0,32.0,34.0,37.0,39.0,33.0,26.0,30.0,28.0,25.0,29.0,23.0,25.0,26.0,32.0,22.0,29.0,29.0,27.0,27.0,31.0,32.0,16.0,32.0,30.0,28.0
27.0,27.0,16.0,23.0,22.0,20.0,14.0,23.0,25.0,29.0,20.0,32.0,14.0,22.0,25.0,20.0,14.0,15.0,19.0,17.0,14.0,20.0,23.0,24.0,19.0,21.0,18.0,26.0,22.0,21.0,22.0,23.0,21.0,25.0,29.0,20.0,13.0,15.0,20.0,27.0,13.0,20.0,27.0,20.0,21.0,15.0,22.0,20.0,17.0,22.0
18.0,31.0,22.0,21.0,31.0,17.0,21.0,22.0,21.0,19.0,18.0,27.0,24.0,24.0,25.0,29.0,26.0,24.0,20.0,17.0,22.0,27.0,19.0,25.0,26.0,25.0,23.0,14.0,16.0,29.0,24.0,25.0,21.0,26.0,27.0,26.0,20.0,17.0,30.0,22.0,25.0,22.0,19.0,24.0,27.0,26.0,22.0,21.0,23.0,23.0
29.0,49.0,17.0,24.0,33.0,26.0,22.0,21.0,23.0,22.0,19.0,22.0,32.0,22.0,21.0,24.0,33.0,27.0,25.0,24.0,30.0,38.0,33.0,37.0,34.0,26.0,27.0,26.0,19.0,27.0,24.0,23.0,34.0,29.0,30.0,32.0,32.0,38.0,21.0,32.0,24.0,31.0,25.0,19.0,28.0,15.0,33.0,21.0,25.0,36.0
17.0,18.0,24.0,25.0,31.0,15.0,21.0,16.0,20.0,20.0,21.0,24.0,24.0,22.0,24.0,24.0,22.0,20.0,15.0,24.0,21.0,23.0,24.0,21.0,26.0,26.0,23.0,13.0,27.0,16.0,30.0,28.0,20.0,33.0,27.0,20.0,15.0,33.0,28.0,27.0,19.0,25.0,17.0,16.0,20.0,16.0,22.0,20.0,18.0,22.0
