10,50,1000
17.040791,18.834889,18.734469,18.143791,15.210902,19.55768,15.883493,15.605156,19.811721,19.765516
8.57067,7.869078,5.799397,7.778608,7.361978,5.040448,5.505547,8.018158,8.681083,8.76923
0.0,10.0,20.0,30.0,40.0,50.0,60.0,70.0,80.0,90.0
10.0,0.0,10.0,20.0,30.0,40.0,50.0,60.0,70.0,80.0
20.0,10.0,0.0,10.0,20.0,30.0,40.0,50.0,60.0,70.0
30.0,20.0,10.0,0.0,10.0,20.0,30.0,40.0,50.0,60.0
40.0,30.0,20.0,10.0,0.0,10.0,20.0,30.0,40.0,50.0
50.0,40.0,30.0,20.0,10.0,0.0,10.0,20.0,30.0,40.0
60.0,50.0,40.0,30.0,20.0,10.0,0.0,10.0,20.0,30.0
70.0,60.0,50.0,40.0,30.0,20.0,10.0,0.0,10.0,20.0
80.0,70.0,60.0,50.0,40.0,30.0,20.0,10.0,0.0,10.0
90.0,80.0,70.0,60.0,50.0,40.0,30.0,20.0,10.0,0.0
450.0,400.0,350.0,300.0,250.0,250.0,300.0,350.0,400.0,450.0
0.0,1.0,2.0,3.0,4.0,5.0,6.0,7.0,8.0,9.0
1.0,0.0,1.0,2.0,3.0,4.0,5.0,6.0,7.0,8.0
2.0,1.0,0.0,1.0,2.0,3.0,4.0,5.0,6.0,7.0
3.0,2.0,1.0,0.0,1.0,2.0,3.0,4.0,5.0,6.0
4.0,3.0,2.0,1.0,0.0,1.0,2.0,3.0,4.0,5.0
5.0,4.0,3.0,2.0,1.0,0.0,1.0,2.0,3.0,4.0
6.0,5.0,4.0,3.0,2.0,1.0,0.0,1.0,2.0,3.0
7.0,6.0,5.0,4.0,3.0,2.0,1.0,0.0,1.0,2.0
8.0,7.0,6.0,5.0,4.0,3.0,2.0,1.0,0.0,1.0
9.0,8.0,7.0,6.0,5.0,4.0,3.0,2.0,1.0,0.0
45.0,40.0,35.0,30.0,25.0,25.0,30.0,35.0,40.0,45.0
31.0,31.0,32.0,39.0,27.0,26.0,32.0,31.0,22.0,27.0,38.0,29.0,36.0,27.0,39.0,29.0,33.0,27.0,42.0,31.0,25.0,23.0,33.0,35.0,39.0,34.0,29.0,31.0,33.0,45.0,35.0,28.0,37.0,32.0,32.0,34.0,30.0,35.0,29.0,39.0,30.0,30.0,41.0,33.0,25.0,35.0,33.0,26.0,39.0,21.0
33.0,25.0,24.0,20.0,25.0,28.0,31.0,34.0,36.0,21.0,29.0,25.0,22.0,25.0,30.0,22.0,30.0,34.0,29.0,27.0,27.0,22.0,27.0,23.0,32.0,27.0,25.0,34.0,29.0,38.0,32.0,31.0,26.0,37.0,38.0,34.0,19.0,17.0,27.0,29.0,26.0,32.0,33.0,27.0,41.0,27.0,31.0,27.0,30.0,33.0
16.0,30.0,23.0,22.0,24.0,29.0,25.0,22.0,22.0,22.0,22.0,17.0,27.0,28.0,25.0,23.0,25.0,20.0,23.0,24.0,26.0,23.0,32.0,21.0,20.0,21.0,25.0,24.0,28.0,25.0,28.0,28.0,26.0,26.0,17.0,21.0,23.0,18.0,32.0,17.0,21.0,21.0,22.0,21.0,28.0,23.0,25.0,22.0,28.0,32.0
27.0,27.0,27.0,32.0,35.0,24.0,29.0,29.0,32.0,29.0,26.0,36.0,26.0,29.0,33.0,23.0,43.0,30.0,32.0,39.0,37.0,19.0,32.0,34.0,29.0,28.0,28.0,33.0,20.0,33.0,30.0,28.0,20.0,28.0,40.0,32.0,28.0,32.0,25.0,27.0,25.0,33.0,24.0,32.0,28.0,29.0,33.0,26.0,28.0,33.0
38.0,22.0,37.0,23.0,32.0,27.0,38.0,36.0,18.0,29.0,28.0,30.0,30.0,32.0,34.0,27.0,28.0,20.0,24.0,25.0,36.0,20.0,28.0,27.0,22.0,22.0,33.0,29.0,36.0,17.0,34.0,30.0,22.0,24.0,26.0,26.0,34.0,22.0,24.0,21.0,33.0,36.0,28.0,28.0,28.0,42.0,35.0,25.0,25.0,22.0
21.0,19.0,25.0,27.0,28.0,21.0,22.0,23.0,24.0,17.0,24.0,24.0,19.0,18.0,23.0,25.0,25.0,17.0,10.0,32.0,22.0,22.0,19.0,20.0,21.0,19.0,26.0,24.0,20.0,23.0,24.0,27.0,29.0,28.0,15.0,22.0,13.0,22.0,22.0,20.0,21.0,31.0,32.0,25.0,18.0,28.0,30.0,23.0,20.0,19.0
31.0,24.0,22.0,15.0,24.0,28.0,14.0,17.0,22.0,16.0,19.0,21.0,24.0,24.0,31.0,23.0,24.0,24.0,21.0,15.0,23.0,18.0,28.0,21.0,17.0,16.0,26.0,17.0,19.0,12.0,15.0,19.0,24.0,33.0,14.0,21.0,25.0,17.0,28.0,19.0,19.0,23.0,30.0,29.0,33.0,25.0,27.0,19.0,24.0,23.0
25.0,27.0,29.0,29.0,20.0,29.0,23.0,30.0,28.0,27.0,35.0,27.0,21.0,38.0,35.0,28.0,23.0,26.0,30.0,29.0,29.0,23.0,28.0,40.0,24.0,34.0,35.0,39.0,33.0,37.0,37.0,29.0,21.0,26.0,26.0,30.0,33.0,24.0,20.0,22.0,28.0,29.0,32.0,35.0,39.0,25.0,30.0,20.0,23.0,21.0
31.0,38.0,34.0,31.0,22.0,36.0,38.0,33.0,32.0,33.0,38.0,25.0,42.0,27.0,40.0,26.0,45.0,20.0,39.0,26.0,33.0,32.0,38.0,27.0,32.0,36.0,46.0,24.0,29.0,36.0,27.0,25.0,19.0,33.0,24.0,24.0,33.0,29.0,39.0,34.0,35.0,25.0,39.0,38.0,31.0,33.0,32.0,23.0,36.0,29.0
48.0,35.0,44.0,26.0,39.0,25.0,35.0,34.0,41.0,29.0,43.0,35.0,31.0,27.0,36.0,27.0,30.0,42.0,38.0,36.0,33.0,37.0,29.0,45.0,30.0,40.0,32.0,30.0,38.0,27.0,32.0,32.0,26.0,37.0,36.0,26.0,28.0,29.0,30.0,30.0,35.0,47.0,46.0,32.0,29.0,26.0,35.0,39.0,37.0,29.0
