10,50,1000
17.734904,18.027568,19.347146,15.462092,16.709949,19.281464,17.227355,18.673135,19.250911,17.454417
8.951443,7.741337,7.54832,7.179741,8.685111,5.93166,7.273133,6.602421,6.365337,6.032264
0.0,10.0,20.0,30.0,40.0,50.0,60.0,70.0,80.0,90.0
10.0,0.0,10.0,20.0,30.0,40.0,50.0,60.0,70.0,80.0
20.0,10.0,0.0,10.0,20.0,30.0,40.0,50.0,60.0,70.0
30.0,20.0,10.0,0.0,10.0,20.0,30.0,40.0,50.0,60.0
40.0,30.0,20.0,10.0,0.0,10.0,20.0,30.0,40.0,50.0
50.0,40.0,30.0,20.0,10.0,0.0,10.0,20.0,30.0,40.0
60.0,50.0,40.0,30.0,20.0,10.0,0.0,10.0,20.0,30.0
70.0,60.0,50.0,40.0,30.0,20.0,10.0,0.0,10.0,20.0
80.0,70.0,60.0,50.0,40.0,30.0,20.0,10.0,0.0,10.0
90.0,80.0,70.0,60.0,50.0,40.0,30.0,20.0,10.0,0.0
450.0,400.0,350.0,300.0,250.0,250.0,300.0,350.0,400.0,450.0
0.0,1.0,2.0,3.0,4.0,5.0,6.0,7.0,8.0,9.0
1.0,0.0,1.0,2.0,3.0,4.0,5.0,6.0,7.0,8.0
2.0,1.0,0.0,1.0,2.0,3.0,4.0,5.0,6.0,7.0
3.0,2.0,1.0,0.0,1.0,2.0,3.0,4.0,5.0,6.0
4.0,3.0,2.0,1.0,0.0,1.0,2.0,3.0,4.0,5.0
5.0,4.0,3.0,2.0,1.0,0.0,1.0,2.0,3.0,4.0
6.0,5.0,4.0,3.0,2.0,1.0,0.0,1.0,2.0,3.0
7.0,6.0,5.0,4.0,3.0,2.0,1.0,0.0,1.0,2.0
8.0,7.0,6.0,5.0,4.0,3.0,2.0,1.0,0.0,1.0
9.0,8.0,7.0,6.0,5.0,4.0,3.0,2.0,1.0,0.0
45.0,40.0,35.0,30.0,25.0,25.0,30.0,35.0,40.0,45.0
23.0,27.0,38.0,32.0,34.0,26.0,44.0,32.0,33.0,20.0,21.0,31.0,45.0,33.0,31.0,42.0,45.0,37.0,42.0,29.0,36.0,38.0,39.0,30.0,33.0,27.0,33.0,33.0,32.0,35.0,36.0,24.0,30.0,40.0,33.0,29.0,23.0,38.0,35.0,27.0,26.0,29.0,36.0,26.0,42.0,39.0,35.0,27.0,23.0,36.0
36.0,23.0,34.0,33.0,33.0,32.0,30.0,23.0,29.0,27.0,25.0,26.0,24.0,25.0,31.0,26.0,38.0,33.0,35.0,25.0,34.0,24.0,20.0,37.0,38.0,35.0,25.0,21.0,24.0,30.0,39.0,36.0,37.0,13.0,27.0,26.0,37.0,20.0,20.0,39.0,19.0,32.0,27.0,34.0,24.0,23.0,28.0,35.0,38.0,23.0
23.0,27.0,32.0,30.0,31.0,28.0,35.0,26.0,37.0,29.0,31.0,33.0,36.0,21.0,30.0,19.0,24.0,31.0,42.0,36.0,37.0,31.0,29.0,23.0,23.0,26.0,23.0,32.0,36.0,23.0,32.0,35.0,34.0,20.0,28.0,35.0,27.0,33.0,29.0,40.0,31.0,28.0,26.0,25.0,33.0,32.0,28.0,28.0,30.0,26.0
32.0,26.0,32.0,26.0,24.0,28.0,24.0,25.0,33.0,27.0,29.0,27.0,29.0,22.0,26.0,12.0,26.0,25.0,25.0,27.0,24.0,30.0,26.0,37.0,26.0,30.0,35.0,26.0,24.0,37.0,28.0,18.0,20.0,40.0,29.0,28.0,33.0,20.0,18.0,27.0,17.0,26.0,35.0,34.0,33.0,26.0,39.0,25.0,31.0,27.0
37.0,24.0,29.0,33.0,26.0,28.0,19.0,37.0,39.0,24.0,31.0,34.0,26.0,30.0,33.0,31.0,33.0,37.0,29.0,35.0,23.0,24.0,29.0,36.0,37.0,35.0,30.0,23.0,29.0,30.0,30.0,38.0,25.0,31.0,27.0,32.0,35.0,32.0,31.0,38.0,30.0,32.0,33.0,36.0,38.0,31.0,32.0,39.0,36.0,30.0
28.0,28.0,24.0,25.0,24.0,24.0,31.0,25.0,28.0,31.0,20.0,22.0,27.0,27.0,23.0,22.0,24.0,18.0,32.0,27.0,26.0,18.0,28.0,28.0,30.0,17.0,18.0,19.0,22.0,20.0,22.0,21.0,15.0,21.0,33.0,26.0,20.0,22.0,25.0,23.0,18.0,16.0,20.0,25.0,23.0,23.0,17.0,30.0,24.0,24.0
35.0,32.0,21.0,26.0,40.0,21.0,24.0,23.0,30.0,28.0,25.0,23.0,26.0,32.0,29.0,32.0,21.0,32.0,31.0,26.0,32.0,30.0,17.0,25.0,27.0,19.0,23.0,27.0,23.0,25.0,26.0,26.0,22.0,22.0,25.0,23.0,25.0,27.0,20.0,28.0,24.0,30.0,27.0,26.0,29.0,31.0,19.0,16.0,23.0,25.0
39.0,27.0,32.0,24.0,23.0,31.0,30.0,10.0,21.0,22.0,22.0,32.0,21.0,27.0,24.0,33.0,22.0,21.0,18.0,24.0,28.0,29.0,34.0,27.0,21.0,25.0,28.0,27.0,35.0,21.0,44.0,30.0,33.0,23.0,32.0,28.0,30.0,23.0,39.0,23.0,20.0,28.0,12.0,36.0,28.0,23.0,21.0,28.0,28.0,21.0
30.0,27.0,28.0,24.0,32.0,24.0,29.0,26.0,31.0,28.0,21.0,29.0,26.0,17.0,21.0,23.0,22.0,22.0,40.0,25.0,25.0,32.0,25.0,17.0,27.0,35.0,33.0,21.0,23.0,40.0,26.0,34.0,35.0,34.0,36.0,30.0,30.0,19.0,25.0,26.0,33.0,37.0,36.0,33.0,25.0,24.0,30.0,22.0,30.0,22.0
20.0,22.0,25.0,25.0,22.0,26.0,17.0,25.0,30.0,23.0,30.0,21.0,26.0,18.0,21.0,22.0,16.0,22.0,22.0,22.0,25.0,20.0,23.0,20.0,19.0,24.0,27.0,25.0,21.0,24.0,14.0,13.0,25.0,21.0,23.0,33.0,28.0,27.0,16.0,37.0,20.0,23.0,20.0,23.0,24.0,15.0,25.0,22.0,24.0,23.0
