10,50,1000
19.702712,19.136717,18.42784,16.718373,18.648648,18.936096,18.64863,17.697334,17.825563,16.532649
6.530294,5.180311,7.177508,5.155873,9.545278,8.183317,9.997933,8.158105,7.727853,8.856503
0.0,10.0,20.0,30.0,40.0,50.0,60.0,70.0,80.0,90.0
10.0,0.0,10.0,20.0,30.0,40.0,50.0,60.0,70.0,80.0
20.0,10.0,0.0,10.0,20.0,30.0,40.0,50.0,60.0,70.0
30.0,20.0,10.0,0.0,10.0,20.0,30.0,40.0,50.0,60.0
40.0,30.0,20.0,10.0,0.0,10.0,20.0,30.0,40.0,50.0
50.0,40.0,30.0,20.0,10.0,0.0,10.0,20.0,30.0,40.0
60.0,50.0,40.0,30.0,20.0,10.0,0.0,10.0,20.0,30.0
70.0,60.0,50.0,40.0,30.0,20.0,10.0,0.0,10.0,20.0
80.0,70.0,60.0,50.0,40.0,30.0,20.0,10.0,0.0,10.0
90.0,80.0,70.0,60.0,50.0,40.0,30.0,20.0,10.0,0.0
450.0,400.0,350.0,300.0,250.0,250.0,300.0,350.0,400.0,450.0
0.0,1.0,2.0,3.0,4.0,5.0,6.0,7.0,8.0,9.0
1.0,0.0,1.0,2.0,3.0,4.0,5.0,6.0,7.0,8.0
2.0,1.0,0.0,1.0,2.0,3.0,4.0,5.0,6.0,7.0
3.0,2.0,1.0,0.0,1.0,2.0,3.0,4.0,5.0,6.0
4.0,3.0,2.0,1.0,0.0,1.0,2.0,3.0,4.0,5.0
5.0,4.0,3.0,2.0,1.0,0.0,1.0,2.0,3.0,4.0
6.0,5.0,4.0,3.0,2.0,1.0,0.0,1.0,2.0,3.0
7.0,6.0,5.0,4.0,3.0,2.0,1.0,0.0,1.0,2.0
8.0,7.0,6.0,5.0,4.0,3.0,2.0,1.0,0.0,1.0
9.0,8.0,7.0,6.0,5.0,4.0,3.0,2.0,1.0,0.0
45.0,40.0,35.0,30.0,25.0,25.0,30.0,35.0,40.0,45.0
33.0,25.0,25.0,28.0,32.0,23.0,33.0,27.0,24.0,30.0,33.0,23.0,23.0,24.0,29.0,27.0,21.0,25.0,24.0,35.0,35.0,26.0,22.0,26.0,29.0,31.0,25.0,21.0,35.0,28.0,32.0,27.0,18.0,29.0,28.0,15.0,26.0,31.0,32.0,28.0,15.0,35.0,28.0,32.0,26.0,29.0,24.0,38.0,26.0,27.0
22.0,15.0,19.0,26.0,28.0,27.0,31.0,16.0,24.0,26.0,26.0,30.0,18.0,15.0,24.0,20.0,25.0,25.0,17.0,21.0,23.0,14.0,16.0,25.0,21.0,21.0,20.0,24.0,26.0,26.0,19.0,25.0,23.0,20.0,23.0,25.0,25.0,23.0,23.0,26.0,19.0,23.0,22.0,23.0,28.0,18.0,21.0,17.0,30.0,26.0
14.0,33.0,22.0,34.0,24.0,31.0,24.0,27.0,27.0,23.0,35.0,22.0,27.0,28.0,32.0,38.0,24.0,24.0,15.0,30.0,31.0,22.0,20.0,34.0,27.0,28.0,39.0,28.0,30.0,24.0,26.0,25.0,29.0,29.0,29.0,31.0,27.0,28.0,18.0,29.0,36.0,27.0,22.0,27.0,27.0,27.0,30.0,28.0,25.0,22.0
19.0,17.0,28.0,20.0,13.0,22.0,12.0,18.0,16.0,22.0,18.0,16.0,24.0,23.0,19.0,17.0,23.0,21.0,21.0,11.0,21.0,14.0,26.0,27.0,24.0,20.0,18.0,21.0,23.0,26.0,23.0,22.0,14.0,27.0,19.0,16.0,27.0,26.0,14.0,24.0,25.0,19.0,16.0,18.0,27.0,26.0,19.0,12.0,22.0,27.0
50.0,30.0,29.0,34.0,45.0,40.0,31.0,43.0,33.0,29.0,29.0,42.0,32.0,38.0,45.0,28.0,38.0,26.0,39.0,39.0,35.0,30.0,42.0,37.0,29.0,36.0,37.0,31.0,32.0,37.0,19.0,37.0,33.0,41.0,41.0,45.0,37.0,36.0,36.0,44.0,31.0,31.0,27.0,40.0,26.0,41.0,39.0,45.0,45.0,25.0
34.0,34.0,33.0,28.0,24.0,29.0,27.0,32.0,30.0,20.0,37.0,29.0,39.0,30.0,37.0,38.0,38.0,43.0,22.0,23.0,40.0,33.0,32.0,41.0,38.0,32.0,38.0,28.0,35.0,38.0,32.0,31.0,30.0,31.0,35.0,35.0,37.0,31.0,30.0,31.0,41.0,25.0,26.0,29.0,36.0,34.0,30.0,42.0,28.0,31.0
39.0,48.0,32.0,32.0,22.0,33.0,47.0,34.0,35.0,32.0,38.0,29.0,39.0,34.0,30.0,33.0,35.0,30.0,30.0,28.0,51.0,48.0,46.0,42.0,33.0,34.0,36.0,54.0,48.0,44.0,34.0,39.0,30.0,31.0,40.0,46.0,42.0,37.0,37.0,36.0,40.0,46.0,42.0,23.0,35.0,36.0,54.0,41.0,44.0,27.0
27.0,37.0,28.0,40.0,29.0,39.0,28.0,28.0,38.0,32.0,29.0,31.0,31.0,34.0,31.0,32.0,40.0,35.0,33.0,33.0,34.0,28.0,40.0,39.0,24.0,26.0,26.0,36.0,35.0,18.0,25.0,27.0,29.0,38.0,36.0,30.0,23.0,29.0,22.0,32.0,31.0,40.0,32.0,28.0,22.0,31.0,35.0,33.0,36.0,26.0
25.0,42.0,34.0,29.0,24.0,29.0,31.0,27.0,27.0,34.0,27.0,37.0,29.0,26.0,33.0,20.0,28.0,29.0,23.0,25.0,27.0,34.0,25.0,37.0,32.0,40.0,32.0,36.0,22.0,34.0,25.0,33.0,17.0,33.0,24.0,21.0,23.0,37.0,32.0,30.0,23.0,31.0,28.0,21.0,33.0,39.0,26.0,27.0,32.0,24.0
38.0,40.0,20.0,35.0,29.0,47.0,34.0,31.0,31.0,38.0,36.0,28.0,38.0,30.0,26.0,28.0,33.0,25.0,29.0,38.0,31.0,35.0,37.0,41.0,33.0,41.0,28.0,27.0,41.0,24.0,33.0,35.0,31.0,40.0,32.0,26.0,27.0,34.0,30.0,35.0,32.0,33.0,32.0,25.0,20.0,36.0,40.0,36.0,28.0,29.0
