10,50,1000
17.623142,15.660329,17.454384,17.824685,18.087613,19.287491,18.177707,16.354754,15.750582,16.441565
7.614985,5.545228,6.691917,8.095195,9.905092,7.626158,6.477798,8.278573,7.550493,8.742295
0.0,10.0,20.0,30.0,40.0,50.0,60.0,70.0,80.0,90.0
10.0,0.0,10.0,20.0,30.0,40.0,50.0,60.0,70.0,80.0
20.0,10.0,0.0,10.0,20.0,30.0,40.0,50.0,60.0,70.0
30.0,20.0,10.0,0.0,10.0,20.0,30.0,40.0,50.0,60.0
40.0,30.0,20.0,10.0,0.0,10.0,20.0,30.0,40.0,50.0
50.0,40.0,30.0,20.0,10.0,0.0,10.0,20.0,30.0,40.0
60.0,50.0,40.0,30.0,20.0,10.0,0.0,10.0,20.0,30.0
70.0,60.0,50.0,40.0,30.0,20.0,10.0,0.0,10.0,20.0
80.0,70.0,60.0,50.0,40.0,30.0,20.0,10.0,0.0,10.0
90.0,80.0,70.0,60.0,50.0,40.0,30.0,20.0,10.0,0.0
450.0,400.0,350.0,300.0,250.0,250.0,300.0,350.0,400.0,450.0
0.0,1.0,2.0,3.0,4.0,5.0,6.0,7.0,8.0,9.0
1.0,0.0,1.0,2.0,3.0,4.0,5.0,6.0,7.0,8.0
2.0,1.0,0.0,1.0,2.0,3.0,4.0,5.0,6.0,7.0
3.0,2.0,1.0,0.0,1.0,2.0,3.0,4.0,5.0,6.0
4.0,3.0,2.0,1.0,0.0,1.0,2.0,3.0,4.0,5.0
5.0,4.0,3.0,2.0,1.0,0.0,1.0,2.0,3.0,4.0
6.0,5.0,4.0,3.0,2.0,1.0,0.0,1.0,2.0,3.0
7.0,6.0,5.0,4.0,3.0,2.0,1.0,0.0,1.0,2.0
8.0,7.0,6.0,5.0,4.0,3.0,2.0,1.0,0.0,1.0
9.0,8.0,7.0,6.0,5.0,4.0,3.0,2.0,1.0,0.0
45.0,40.0,35.0,30.0,25.0,25.0,30.0,35.0,40.0,45.0
30.0,21.0,32.0,28.0,30.0,32.0,21.0,32.0,17.0,22.0,31.0,37.0,26.0,26.0,27.0,34.0,36.0,35.0,28.0,29.0,14.0,32.0,24.0,34.0,19.0,29.0,32.0,36.0,39.0,33.0,9.0,19.0,24.0,25.0,29.0,28.0,29.0,22.0,30.0,29.0,28.0,30.0,48.0,26.0,27.0,32.0,33.0,33.0,30.0,29.0
22.0,28.0,24.0,22.0,33.0,21.0,21.0,31.0,27.0,22.0,26.0,30.0,29.0,18.0,24.0,23.0,30.0,26.0,31.0,26.0,18.0,27.0,22.0,15.0,26.0,24.0,20.0,14.0,22.0,23.0,21.0,31.0,19.0,22.0,19.0,27.0,14.0,22.0,23.0,21.0,20.0,19.0,17.0,21.0,15.0,20.0,19.0,17.0,21.0,15.0
32.0,23.0,22.0,22.0,21.0,28.0,26.0,31.0,21.0,21.0,37.0,17.0,32.0,28.0,27.0,19.0,20.0,24.0,28.0,30.0,21.0,28.0,26.0,27.0,15.0,27.0,29.0,24.0,25.0,27.0,26.0,28.0,35.0,19.0,30.0,18.0,24.0,26.0,32.0,25.0,18.0,25.0,27.0,14.0,23.0,26.0,18.0,23.0,29.0,21.0
22.0,29.0,37.0,30.0,36.0,35.0,35.0,32.0,37.0,28.0,28.0,33.0,27.0,35.0,23.0,33.0,34.0,26.0,35.0,28.0,33.0,26.0,36.0,28.0,24.0,23.0,24.0,45.0,33.0,36.0,28.0,30.0,36.0,24.0,28.0,36.0,40.0,40.0,37.0,31.0,34.0,33.0,34.0,26.0,32.0,32.0,29.0,45.0,35.0,26.0
29.0,36.0,37.0,40.0,36.0,34.0,36.0,27.0,40.0,39.0,45.0,37.0,26.0,38.0,36.0,36.0,37.0,40.0,38.0,31.0,32.0,46.0,41.0,42.0,51.0,40.0,26.0,29.0,29.0,29.0,37.0,36.0,36.0,33.0,31.0,32.0,31.0,34.0,36.0,31.0,39.0,39.0,43.0,32.0,50.0,28.0,37.0,52.0,28.0,33.0
33.0,30.0,28.0,29.0,20.0,39.0,33.0,22.0,24.0,39.0,23.0,26.0,23.0,36.0,33.0,24.0,21.0,20.0,29.0,29.0,31.0,26.0,24.0,35.0,47.0,37.0,22.0,26.0,32.0,27.0,33.0,32.0,27.0,30.0,27.0,30.0,43.0,27.0,22.0,32.0,29.0,26.0,37.0,31.0,28.0,41.0,34.0,31.0,23.0,24.0
16.0,22.0,15.0,28.0,25.0,28.0,24.0,24.0,34.0,17.0,15.0,23.0,30.0,29.0,28.0,40.0,24.0,33.0,29.0,30.0,19.0,19.0,18.0,29.0,23.0,22.0,31.0,23.0,26.0,24.0,23.0,15.0,16.0,14.0,21.0,22.0,24.0,20.0,27.0,33.0,29.0,23.0,29.0,28.0,37.0,27.0,28.0,21.0,25.0,18.0
27.0,33.0,26.0,29.0,29.0,33.0,34.0,29.0,36.0,31.0,24.0,28.0,32.0,35.0,31.0,33.0,32.0,27.0,24.0,35.0,21.0,28.0,32.0,37.0,32.0,26.0,36.0,29.0,34.0,28.0,29.0,21.0,28.0,32.0,36.0,32.0,33.0,30.0,38.0,30.0,34.0,33.0,29.0,33.0,29.0,23.0,26.0,35.0,26.0,37.0
30.0,34.0,33.0,23.0,28.0,27.0,17.0,21.0,33.0,25.0,32.0,29.0,34.0,29.0,32.0,32.0,27.0,28.0,28.0,29.0,24.0,30.0,23.0,32.0,29.0,20.0,19.0,31.0,21.0,31.0,33.0,35.0,35.0,28.0,30.0,33.0,26.0,31.0,31.0,27.0,24.0,30.0,28.0,29.0,28.0,29.0,32.0,23.0,24.0,33.0
34.0,31.0,25.0,29.0,38.0,21.0,35.0,30.0,35.0,35.0,34.0,33.0,28.0,37.0,24.0,32.0,24.0,38.0,34.0,27.0,33.0,33.0,28.0,18.0,35.0,31.0,39.0,36.0,25.0,22.0,37.0,29.0,36.0,26.0,38.0,45.0,29.0,34.0,23.0,27.0,32.0,27.0,35.0,31.0,27.0,21.0,29.0,36.0,38.0,30.0
