10,50,1000
16.583218,19.928535,15.876455,16.370167,16.034867,17.674585,18.018208,16.40605,16.700249,18.496602
6.544044,5.21916,5.624549,6.020218,5.601111,7.398887,5.841347,5.269975,5.434911,8.9636
0.0,10.0,20.0,30.0,40.0,50.0,60.0,70.0,80.0,90.0
10.0,0.0,10.0,20.0,30.0,40.0,50.0,60.0,70.0,80.0
20.0,10.0,0.0,10.0,20.0,30.0,40.0,50.0,60.0,70.0
30.0,20.0,10.0,0.0,10.0,20.0,30.0,40.0,50.0,60.0
40.0,30.0,20.0,10.0,0.0,10.0,20.0,30.0,40.0,50.0
50.0,40.0,30.0,20.0,10.0,0.0,10.0,20.0,30.0,40.0
60.0,50.0,40.0,30.0,20.0,10.0,0.0,10.0,20.0,30.0
70.0,60.0,50.0,40.0,30.0,20.0,10.0,0.0,10.0,20.0
80.0,70.0,60.0,50.0,40.0,30.0,20.0,10.0,0.0,10.0
90.0,80.0,70.0,60.0,50.0,40.0,30.0,20.0,10.0,0.0
450.0,400.0,350.0,300.0,250.0,250.0,300.0,350.0,400.0,450.0
0.0,1.0,2.0,3.0,4.0,5.0,6.0,7.0,8.0,9.0
1.0,0.0,1.0,2.0,3.0,4.0,5.0,6.0,7.0,8.0
2.0,1.0,0.0,1.0,2.0,3.0,4.0,5.0,6.0,7.0
3.0,2.0,1.0,0.0,1.0,2.0,3.0,4.0,5.0,6.0
4.0,3.0,2.0,1.0,0.0,1.0,2.0,3.0,4.0,5.0
5.0,4.0,3.0,2.0,1.0,0.0,1.0,2.0,3.0,4.0
6.0,5.0,4.0,3.0,2.0,1.0,0.0,1.0,2.0,3.0
7.0,6.0,5.0,4.0,3.0,2.0,1.0,0.0,1.0,2.0
8.0,7.0,6.0,5.0,4.0,3.0,2.0,1.0,0.0,1.0
9.0,8.0,7.0,6.0,5.0,4.0,3.0,2.0,1.0,0.0
45.0,40.0,35.0,30.0,25.0,25.0,30.0,35.0,40.0,45.0
20.0,23.0,32.0,24.0,26.0,25.0,26.0,25.0,17.0,26.0,17.0,29.0,20.0,30.0,16.0,21.0,30.0,28.0,29.0,34.0,25.0,21.0,22.0,22.0,29.0,29.0,26.0,29.0,24.0,25.0,28.0,23.0,27.0,27.0,25.0,30.0,26.0,31.0,26.0,28.0,26.0,32.0,36.0,33.0,25.0,29.0,22.0,27.0,23.0,28.0
30.0,16.0,23.0,18.0,28.0,27.0,26.0,18.0,27.0,17.0,14.0,19.0,16.0,24.0,24.0,28.0,25.0,24.0,24.0,21.0,19.0,26.0,23.0,19.0,22.0,20.0,29.0,16.0,16.0,29.0,19.0,13.0,24.0,21.0,22.0,11.0,20.0,22.0,23.0,22.0,22.0,22.0,23.0,16.0,18.0,11.0,19.0,20.0,21.0,20.0
21.0,21.0,14.0,15.0,18.0,16.0,19.0,25.0,17.0,24.0,11.0,14.0,24.0,20.0,12.0,25.0,19.0,24.0,16.0,22.0,22.0,13.0,23.0,15.0,18.0,27.0,19.0,19.0,29.0,20.0,18.0,22.0,32.0,14.0,26.0,26.0,12.0,15.0,18.0,23.0,26.0,10.0,19.0,17.0,23.0,16.0,26.0,20.0,28.0,18.0
23.0,19.0,25.0,26.0,30.0,20.0,22.0,27.0,24.0,27.0,30.0,27.0,17.0,20.0,20.0,23.0,18.0,24.0,32.0,20.0,17.0,23.0,21.0,20.0,28.0,23.0,27.0,20.0,22.0,25.0,30.0,24.0,28.0,24.0,23.0,18.0,22.0,25.0,24.0,22.0,21.0,30.0,25.0,21.0,25.0,33.0,19.0,22.0,23.0,17.0
20.0,16.0,31.0,35.0,19.0,30.0,24.0,19.0,20.0,23.0,22.0,36.0,17.0,24.0,16.0,15.0,24.0,22.0,17.0,18.0,21.0,27.0,23.0,21.0,37.0,22.0,17.0,26.0,19.0,15.0,18.0,19.0,33.0,15.0,23.0,18.0,19.0,35.0,24.0,19.0,17.0,22.0,23.0,24.0,25.0,23.0,27.0,25.0,21.0,26.0
24.0,21.0,35.0,26.0,19.0,40.0,23.0,28.0,27.0,34.0,30.0,29.0,26.0,26.0,22.0,25.0,34.0,26.0,26.0,22.0,19.0,29.0,20.0,28.0,21.0,27.0,31.0,28.0,30.0,38.0,29.0,27.0,25.0,28.0,49.0,21.0,21.0,27.0,24.0,27.0,34.0,22.0,25.0,23.0,17.0,31.0,33.0,27.0,25.0,31.0
17.0,31.0,21.0,32.0,17.0,24.0,31.0,32.0,22.0,28.0,36.0,28.0,24.0,16.0,25.0,32.0,28.0,26.0,31.0,29.0,27.0,26.0,29.0,28.0,23.0,24.0,30.0,19.0,21.0,23.0,22.0,22.0,28.0,20.0,17.0,24.0,21.0,26.0,20.0,27.0,18.0,28.0,27.0,15.0,19.0,32.0,27.0,28.0,14.0,25.0
23.0,25.0,22.0,15.0,13.0,24.0,20.0,20.0,25.0,24.0,23.0,18.0,21.0,23.0,18.0,18.0,23.0,22.0,31.0,28.0,13.0,30.0,24.0,21.0,16.0,19.0,15.0,28.0,20.0,19.0,24.0,23.0,16.0,24.0,22.0,21.0,13.0,19.0,23.0,15.0,22.0,15.0,17.0,19.0,21.0,18.0,18.0,22.0,25.0,20.0
17.0,19.0,24.0,21.0,27.0,21.0,25.0,17.0,20.0,23.0,21.0,27.0,17.0,33.0,23.0,33.0,22.0,23.0,24.0,18.0,15.0,25.0,29.0,19.0,17.0,23.0,27.0,17.0,27.0,15.0,9.0,23.0,20.0,27.0,11.0,27.0,19.0,20.0,16.0,26.0,23.0,17.0,18.0,12.0,25.0,24.0,24.0,20.0,21.0,23.0
36.0,37.0,38.0,37.0,31.0,41.0,38.0,19.0,38.0,21.0,21.0,31.0,32.0,26.0,33.0,34.0,39.0,31.0,37.0,30.0,41.0,31.0,39.0,51.0,41.0,42.0,34.0,25.0,40.0,33.0,35.0,36.0,37.0,35.0,25.0,33.0,38.0,30.0,42.0,31.0,37.0,38.0,34.0,39.0,33.0,43.0,45.0,32.0,39.0,35.0
