10,50,1000
16.043533,19.76069,18.699337,19.487588,19.715616,16.601009,17.23397,17.56174,16.918244,16.389858
7.31717,6.827983,6.205468,6.646275,5.968673,5.617978,7.275643,5.186287,7.933649,6.925632
0.0,10.0,20.0,30.0,40.0,50.0,60.0,70.0,80.0,90.0
10.0,0.0,10.0,20.0,30.0,40.0,50.0,60.0,70.0,80.0
20.0,10.0,0.0,10.0,20.0,30.0,40.0,50.0,60.0,70.0
30.0,20.0,10.0,0.0,10.0,20.0,30.0,40.0,50.0,60.0
40.0,30.0,20.0,10.0,0.0,10.0,20.0,30.0,40.0,50.0
50.0,40.0,30.0,20.0,10.0,0.0,10.0,20.0,30.0,40.0
60.0,50.0,40.0,30.0,20.0,10.0,0.0,10.0,20.0,30.0
70.0,60.0,50.0,40.0,30.0,20.0,10.0,0.0,10.0,20.0
80.0,70.0,60.0,50.0,40.0,30.0,20.0,10.0,0.0,10.0
90.0,80.0,70.0,60.0,50.0,40.0,30.0,20.0,10.0,0.0
450.0,400.0,350.0,300.0,250.0,250.0,300.0,350.0,400.0,450.0
0.0,1.0,2.0,3.0,4.0,5.0,6.0,7.0,8.0,9.0
1.0,0.0,1.0,2.0,3.0,4.0,5.0,6.0,7.0,8.0
2.0,1.0,0.0,1.0,2.0,3.0,4.0,5.0,6.0,7.0
3.0,2.0,1.0,0.0,1.0,2.0,3.0,4.0,5.0,6.0
4.0,3.0,2.0,1.0,0.0,1.0,2.0,3.0,4.0,5.0
5.0,4.0,3.0,2.0,1.0,0.0,1.0,2.0,3.0,4.0
6.0,5.0,4.0,3.0,2.0,1.0,0.0,1.0,2.0,3.0
7.0,6.0,5.0,4.0,3.0,2.0,1.0,0.0,1.0,2.0
8.0,7.0,6.0,5.0,4.0,3.0,2.0,1.0,0.0,1.0
9.0,8.0,7.0,6.0,5.0,4.0,3.0,2.0,1.0,0.0
45.0,40.0,35.0,30.0,25.0,25.0,30.0,35.0,40.0,45.0
24.0,35.0,22.0,23.0,21.0,33.0,27.0,25.0,13.0,33.0,23.0,27.0,25.0,27.0,30.0,31.0,23.0,30.0,21.0,33.0,28.0,23.0,26.0,17.0,27.0,18.0,34.0,23.0,28.0,30.0,34.0,22.0,24.0,26.0,32.0,26.0,29.0,27.0,30.0,25.0,31.0,19.0,25.0,21.0,29.0,27.0,30.0,22.0,27.0,30.0
24.0,24.0,20.0,13.0,30.0,33.0,19.0,25.0,29.0,27.0,29.0,31.0,25.0,24.0,22.0,30.0,26.0,44.0,29.0,28.0,27.0,29.0,38.0,29.0,20.0,30.0,27.0,21.0,37.0,27.0,23.0,23.0,33.0,29.0,25.0,36.0,26.0,27.0,27.0,30.0,35.0,25.0,30.0,21.0,21.0,29.0,28.0,24.0,23.0,29.0
25.0,24.0,19.0,26.0,21.0,29.0,25.0,32.0,19.0,32.0,32.0,23.0,30.0,25.0,33.0,19.0,24.0,21.0,21.0,27.0,18.0,19.0,31.0,15.0,24.0,25.0,20.0,26.0,30.0,19.0,24.0,29.0,25.0,24.0,31.0,15.0,20.0,24.0,24.0,21.0,24.0,27.0,24.0,25.0,31.0,20.0,28.0,22.0,29.0,18.0
21.0,25.0,32.0,31.0,29.0,37.0,21.0,25.0,23.0,35.0,38.0,28.0,17.0,29.0,28.0,23.0,19.0,32.0,33.0,21.0,21.0,27.0,30.0,34.0,34.0,31.0,25.0,27.0,22.0,22.0,19.0,30.0,34.0,25.0,30.0,40.0,37.0,24.0,30.0,26.0,28.0,31.0,21.0,32.0,29.0,34.0,29.0,22.0,33.0,23.0
27.0,20.0,25.0,31.0,21.0,21.0,22.0,32.0,28.0,16.0,27.0,32.0,29.0,19.0,22.0,31.0,22.0,17.0,32.0,27.0,25.0,14.0,20.0,24.0,29.0,34.0,23.0,22.0,29.0,14.0,28.0,26.0,26.0,21.0,22.0,29.0,25.0,40.0,23.0,37.0,18.0,22.0,27.0,26.0,23.0,22.0,19.0,25.0,30.0,22.0
24.0,25.0,23.0,20.0,24.0,26.0,28.0,28.0,22.0,22.0,31.0,19.0,26.0,20.0,23.0,21.0,18.0,20.0,21.0,20.0,27.0,26.0,24.0,19.0,21.0,19.0,23.0,21.0,32.0,32.0,26.0,24.0,20.0,25.0,33.0,27.0,20.0,26.0,22.0,23.0,25.0,16.0,25.0,21.0,28.0,21.0,21.0,22.0,15.0,21.0
30.0,26.0,31.0,29.0,22.0,27.0,29.0,27.0,28.0,32.0,32.0,32.0,30.0,29.0,20.0,31.0,33.0,33.0,29.0,41.0,37.0,21.0,36.0,21.0,30.0,14.0,18.0,29.0,17.0,30.0,28.0,16.0,27.0,31.0,28.0,28.0,26.0,31.0,30.0,26.0,30.0,22.0,28.0,26.0,18.0,27.0,27.0,23.0,25.0,23.0
26.0,18.0,28.0,17.0,22.0,23.0,20.0,29.0,18.0,26.0,20.0,19.0,21.0,15.0,27.0,21.0,26.0,21.0,22.0,30.0,16.0,20.0,20.0,24.0,26.0,24.0,23.0,20.0,21.0,20.0,34.0,16.0,27.0,18.0,28.0,23.0,24.0,23.0,15.0,25.0,11.0,20.0,29.0,15.0,29.0,21.0,20.0,26.0,17.0,15.0
30.0,22.0,23.0,34.0,24.0,18.0,28.0,24.0,25.0,20.0,35.0,27.0,31.0,33.0,32.0,21.0,25.0,37.0,32.0,30.0,20.0,32.0,24.0,37.0,28.0,22.0,26.0,24.0,32.0,33.0,22.0,19.0,27.0,36.0,34.0,31.0,30.0,24.0,18.0,23.0,32.0,42.0,31.0,25.0,22.0,31.0,33.0,37.0,22.0,23.0
18.0,26.0,26.0,31.0,21.0,19.0,31.0,28.0,24.0,23.0,18.0,24.0,25.0,23.0,39.0,37.0,29.0,25.0,23.0,31.0,29.0,27.0,30.0,25.0,28.0,34.0,31.0,37.0,21.0,28.0,24.0,21.0,36.0,32.0,18.0,25.0,25.0,32.0,23.0,21.0,22.0,26.0,23.0,33.0,18.0,28.0,20.0,26.0,27.0,20.0
