10,50,1000
18.995877,19.085899,17.239838,18.37939,16.173917,19.447014,16.014762,15.796356,19.127499,19.334189
7.819964,9.228594,9.444983,7.71958,7.904782,5.317133,8.843239,7.321546,7.669991,5.444686
0.0,10.0,20.0,30.0,40.0,50.0,60.0,70.0,80.0,90.0
10.0,0.0,10.0,20.0,30.0,40.0,50.0,60.0,70.0,80.0
20.0,10.0,0.0,10.0,20.0,30.0,40.0,50.0,60.0,70.0
30.0,20.0,10.0,0.0,10.0,20.0,30.0,40.0,50.0,60.0
40.0,30.0,20.0,10.0,0.0,10.0,20.0,30.0,40.0,50.0
50.0,40.0,30.0,20.0,10.0,0.0,10.0,20.0,30.0,40.0
60.0,50.0,40.0,30.0,20.0,10.0,0.0,10.0,20.0,30.0
70.0,60.0,50.0,40.0,30.0,20.0,10.0,0.0,10.0,20.0
80.0,70.0,60.0,50.0,40.0,30.0,20.0,10.0,0.0,10.0
90.0,80.0,70.0,60.0,50.0,40.0,30.0,20.0,10.0,0.0
450.0,400.0,350.0,300.0,250.0,250.0,300.0,350.0,400.0,450.0
0.0,1.0,2.0,3.0,4.0,5.0,6.0,7.0,8.0,9.0
1.0,0.0,1.0,2.0,3.0,4.0,5.0,6.0,7.0,8.0
2.0,1.0,0.0,1.0,2.0,3.0,4.0,5.0,6.0,7.0
3.0,2.0,1.0,0.0,1.0,2.0,3.0,4.0,5.0,6.0
4.0,3.0,2.0,1.0,0.0,1.0,2.0,3.0,4.0,5.0
5.0,4.0,3.0,2.0,1.0,0.0,1.0,2.0,3.0,4.0
6.0,5.0,4.0,3.0,2.0,1.0,0.0,1.0,2.0,3.0
7.0,6.0,5.0,4.0,3.0,2.0,1.0,0.0,1.0,2.0
8.0,7.0,6.0,5.0,4.0,3.0,2.0,1.0,0.0,1.0
9.0,8.0,7.0,6.0,5.0,4.0,3.0,2.0,1.0,0.0
45.0,40.0,35.0,30.0,25.0,25.0,30.0,35.0,40.0,45.0
30.0,27.0,28.0,24.0,32.0,25.0,32.0,27.0,26.0,26.0,27.0,32.0,30.0,21.0,38.0,33.0,20.0,21.0,26.0,22.0,24.0,33.0,27.0,32.0,31.0,25.0,35.0,23.0,35.0,32.0,32.0,32.0,24.0,36.0,30.0,32.0,37.0,34.0,29.0,38.0,33.0,31.0,33.0,18.0,19.0,31.0,26.0,25.0,30.0,28.0
36.0,31.0,37.0,24.0,24.0,33.0,38.0,35.0,39.0,30.0,24.0,27.0,20.0,43.0,32.0,31.0,42.0,41.0,40.0,45.0,36.0,28.0,36.0,43.0,36.0,45.0,34.0,24.0,34.0,44.0,30.0,33.0,39.0,28.0,43.0,34.0,49.0,28.0,31.0,30.0,29.0,43.0,38.0,32.0,31.0,35.0,45.0,38.0,29.0,33.0
36.0,39.0,35.0,31.0,29.0,40.0,27.0,26.0,41.0,38.0,40.0,32.0,25.0,37.0,35.0,40.0,32.0,32.0,31.0,33.0,38.0,32.0,38.0,42.0,41.0,36.0,34.0,35.0,24.0,23.0,27.0,30.0,28.0,32.0,27.0,30.0,43.0,27.0,28.0,45.0,35.0,26.0,44.0,42.0,42.0,42.0,34.0,45.0,34.0,27.0
30.0,32.0,32.0,27.0,34.0,36.0,22.0,26.0,27.0,31.0,33.0,20.0,30.0,29.0,44.0,45.0,27.0,30.0,34.0,32.0,34.0,35.0,37.0,21.0,30.0,38.0,37.0,33.0,34.0,43.0,35.0,39.0,25.0,21.0,39.0,26.0,31.0,31.0,32.0,30.0,33.0,30.0,35.0,31.0,34.0,30.0,26.0,32.0,33.0,28.0
21.0,25.0,45.0,40.0,32.0,28.0,31.0,18.0,29.0,27.0,32.0,35.0,23.0,26.0,44.0,31.0,30.0,27.0,28.0,33.0,29.0,30.0,21.0,23.0,31.0,31.0,31.0,29.0,33.0,24.0,35.0,30.0,32.0,37.0,37.0,20.0,30.0,22.0,23.0,29.0,27.0,24.0,23.0,35.0,27.0,29.0,31.0,30.0,24.0,34.0
33.0,25.0,24.0,25.0,24.0,30.0,25.0,19.0,19.0,14.0,16.0,16.0,23.0,24.0,16.0,20.0,23.0,12.0,27.0,15.0,27.0,23.0,17.0,15.0,28.0,17.0,19.0,22.0,29.0,25.0,23.0,27.0,21.0,23.0,15.0,32.0,23.0,16.0,22.0,25.0,32.0,18.0,27.0,22.0,31.0,24.0,23.0,14.0,14.0,20.0
40.0,23.0,31.0,32.0,39.0,36.0,39.0,30.0,34.0,24.0,28.0,31.0,28.0,34.0,32.0,35.0,36.0,32.0,37.0,42.0,33.0,29.0,21.0,29.0,37.0,27.0,38.0,30.0,40.0,32.0,32.0,27.0,33.0,31.0,33.0,29.0,35.0,30.0,29.0,30.0,30.0,25.0,27.0,40.0,28.0,34.0,22.0,38.0,21.0,30.0
16.0,40.0,36.0,29.0,28.0,35.0,35.0,21.0,31.0,26.0,26.0,29.0,31.0,31.0,34.0,34.0,22.0,29.0,18.0,21.0,20.0,29.0,33.0,43.0,24.0,38.0,32.0,36.0,37.0,27.0,32.0,24.0,28.0,45.0,32.0,30.0,21.0,36.0,30.0,29.0,35.0,30.0,22.0,30.0,24.0,27.0,27.0,22.0,26.0,32.0
33.0,33.0,39.0,23.0,31.0,32.0,28.0,37.0,29.0,30.0,25.0,37.0,29.0,17.0,36.0,37.0,33.0,44.0,18.0,35.0,46.0,26.0,26.0,22.0,27.0,21.0,31.0,27.0,25.0,38.0,37.0,28.0,27.0,28.0,32.0,34.0,33.0,39.0,35.0,24.0,25.0,38.0,21.0,28.0,27.0,29.0,35.0,40.0,32.0,31.0
21.0,33.0,23.0,20.0,20.0,20.0,24.0,16.0,25.0,19.0,25.0,22.0,34.0,29.0,22.0,27.0,18.0,29.0,24.0,20.0,32.0,21.0,25.0,24.0,16.0,19.0,24.0,21.0,24.0,27.0,24.0,19.0,37.0,18.0,30.0,25.0,19.0,25.0,25.0,22.0,24.0,24.0,22.0,21.0,30.0,24.0,30.0,17.0,17.0,16.0
