10,50,1000
15.875034,19.034806,15.755603,15.441504,17.746229,17.775732,18.564708,18.755001,15.600013,19.895265
5.791572,8.77419,5.359247,9.861461,7.240446,5.627896,6.649086,5.587978,7.378517,6.508725
0.0,10.0,20.0,30.0,40.0,50.0,60.0,70.0,80.0,90.0
10.0,0.0,10.0,20.0,30.0,40.0,50.0,60.0,70.0,80.0
20.0,10.0,0.0,10.0,20.0,30.0,40.0,50.0,60.0,70.0
30.0,20.0,10.0,0.0,10.0,20.0,30.0,40.0,50.0,60.0
40.0,30.0,20.0,10.0,0.0,10.0,20.0,30.0,40.0,50.0
50.0,40.0,30.0,20.0,10.0,0.0,10.0,20.0,30.0,40.0
60.0,50.0,40.0,30.0,20.0,10.0,0.0,10.0,20.0,30.0
70.0,60.0,50.0,40.0,30.0,20.0,10.0,0.0,10.0,20.0
80.0,70.0,60.0,50.0,40.0,30.0,20.0,10.0,0.0,10.0
90.0,80.0,70.0,60.0,50.0,40.0,30.0,20.0,10.0,0.0
450.0,400.0,350.0,300.0,250.0,250.0,300.0,350.0,400.0,450.0
0.0,1.0,2.0,3.0,4.0,5.0,6.0,7.0,8.0,9.0
1.0,0.0,1.0,2.0,3.0,4.0,5.0,6.0,7.0,8.0
2.0,1.0,0.0,1.0,2.0,3.0,4.0,5.0,6.0,7.0
3.0,2.0,1.0,0.0,1.0,2.0,3.0,4.0,5.0,6.0
4.0,3.0,2.0,1.0,0.0,1.0,2.0,3.0,4.0,5.0
5.0,4.0,3.0,2.0,1.0,0.0,1.0,2.0,3.0,4.0
6.0,5.0,4.0,3.0,2.0,1.0,0.0,1.0,2.0,3.0
7.0,6.0,5.0,4.0,3.0,2.0,1.0,0.0,1.0,2.0
8.0,7.0,6.0,5.0,4.0,3.0,2.0,1.0,0.0,1.0
9.0,8.0,7.0,6.0,5.0,4.0,3.0,2.0,1.0,0.0
45.0,40.0,35.0,30.0,25.0,25.0,30.0,35.0,40.0,45.0
19.0,27.0,24.0,19.0,26.0,18.0,18.0,21.0,13.0,24.0,26.0,25.0,15.0,29.0,21.0,24.0,18.0,29.0,22.0,21.0,18.0,25.0,25.0,23.0,25.0,20.0,20.0,20.0,19.0,28.0,16.0,23.0,18.0,16.0,22.0,15.0,24.0,19.0,23.0,28.0,20.0,19.0,14.0,27.0,17.0,27.0,17.0,28.0,23.0,19.0
29.0,44.0,33.0,30.0,30.0,19.0,26.0,31.0,29.0,31.0,32.0,32.0,37.0,39.0,29.0,31.0,30.0,52.0,26.0,31.0,26.0,39.0,39.0,36.0,37.0,29.0,35.0,35.0,39.0,33.0,32.0,24.0,20.0,40.0,27.0,47.0,37.0,29.0,30.0,40.0,38.0,43.0,35.0,27.0,31.0,35.0,31.0,37.0,34.0,29.0
26.0,24.0,16.0,21.0,20.0,22.0,26.0,24.0,24.0,23.0,22.0,24.0,22.0,28.0,19.0,16.0,24.0,22.0,17.0,21.0,22.0,18.0,35.0,18.0,25.0,18.0,24.0,21.0,17.0,32.0,16.0,23.0,24.0,14.0,32.0,19.0,20.0,26.0,19.0,16.0,20.0,24.0,22.0,31.0,21.0,28.0,27.0,14.0,18.0,20.0
29.0,34.0,36.0,33.0,28.0,43.0,40.0,36.0,40.0,33.0,37.0,31.0,47.0,37.0,32.0,46.0,38.0,42.0,26.0,48.0,41.0,36.0,41.0,41.0,36.0,32.0,43.0,44.0,35.0,32.0,48.0,36.0,34.0,37.0,30.0,39.0,34.0,30.0,35.0,36.0,35.0,24.0,32.0,27.0,49.0,36.0,41.0,30.0,32.0,37.0
25.0,38.0,27.0,18.0,21.0,27.0,25.0,25.0,34.0,22.0,22.0,33.0,29.0,33.0,20.0,21.0,24.0,30.0,25.0,32.0,26.0,28.0,32.0,24.0,26.0,30.0,23.0,22.0,23.0,26.0,25.0,26.0,25.0,27.0,39.0,18.0,34.0,29.0,26.0,30.0,29.0,33.0,32.0,25.0,31.0,30.0,18.0,39.0,23.0,31.0
15.0,17.0,16.0,21.0,31.0,19.0,23.0,24.0,19.0,22.0,21.0,16.0,20.0,17.0,25.0,23.0,22.0,25.0,19.0,23.0,20.0,20.0,24.0,21.0,17.0,28.0,17.0,26.0,23.0,21.0,16.0,37.0,14.0,32.0,21.0,23.0,19.0,22.0,21.0,26.0,28.0,27.0,17.0,30.0,21.0,18.0,24.0,15.0,30.0,18.0
28.0,35.0,36.0,19.0,25.0,23.0,25.0,35.0,27.0,28.0,19.0,24.0,22.0,21.0,26.0,27.0,22.0,25.0,28.0,20.0,23.0,33.0,26.0,27.0,28.0,24.0,20.0,26.0,29.0,28.0,23.0,24.0,15.0,20.0,29.0,17.0,24.0,26.0,24.0,28.0,23.0,28.0,28.0,26.0,27.0,24.0,24.0,22.0,38.0,25.0
25.0,22.0,28.0,12.0,25.0,27.0,24.0,9.0,30.0,23.0,26.0,19.0,17.0,24.0,23.0,20.0,25.0,29.0,20.0,20.0,23.0,21.0,27.0,19.0,19.0,20.0,24.0,32.0,25.0,24.0,28.0,21.0,20.0,27.0,18.0,24.0,20.0,33.0,23.0,17.0,21.0,17.0,23.0,21.0,27.0,18.0,22.0,25.0,17.0,20.0
28.0,34.0,25.0,39.0,24.0,24.0,29.0,19.0,19.0,25.0,24.0,21.0,32.0,33.0,32.0,28.0,23.0,27.0,31.0,30.0,20.0,27.0,24.0,26.0,32.0,30.0,32.0,21.0,35.0,30.0,31.0,30.0,16.0,29.0,28.0,30.0,25.0,22.0,24.0,29.0,36.0,22.0,38.0,32.0,32.0,30.0,26.0,28.0,16.0,29.0
13.0,33.0,24.0,30.0,22.0,31.0,33.0,32.0,31.0,36.0,30.0,20.0,26.0,21.0,21.0,28.0,25.0,20.0,26.0,18.0,21.0,15.0,36.0,32.0,24.0,33.0,31.0,26.0,29.0,32.0,24.0,23.0,24.0,23.0,27.0,21.0,16.0,31.0,19.0,19.0,27.0,22.0,26.0,22.0,26.0,22.0,27.0,17.0,34.0,35.0
