10,50,1000
16.253555,17.27843,16.561484,15.85598,17.453155,18.893421,16.753972,18.742962,17.494208,19.466645
8.926572,8.001369,9.561298,6.055682,8.973157,6.303306,6.347859,9.459615,6.223406,8.845336
0.0,10.0,20.0,30.0,40.0,50.0,60.0,70.0,80.0,90.0
10.0,0.0,10.0,20.0,30.0,40.0,50.0,60.0,70.0,80.0
20.0,10.0,0.0,10.0,20.0,30.0,40.0,50.0,60.0,70.0
30.0,20.0,10.0,0.0,10.0,20.0,30.0,40.0,50.0,60.0
40.0,30.0,20.0,10.0,0.0,10.0,20.0,30.0,40.0,50.0
50.0,40.0,30.0,20.0,10.0,0.0,10.0,20.0,30.0,40.0
60.0,50.0,40.0,30.0,20.0,10.0,0.0,10.0,20.0,30.0
70.0,60.0,50.0,40.0,30.0,20.0,10.0,0.0,10.0,20.0
80.0,70.0,60.0,50.0,40.0,30.0,20.0,10.0,0.0,10.0
90.0,80.0,70.0,60.0,50.0,40.0,30.0,20.0,10.0,0.0
450.0,400.0,350.0,300.0,250.0,250.0,300.0,350.0,400.0,450.0
0.0,1.0,2.0,3.0,4.0,5.0,6.0,7.0,8.0,9.0
1.0,0.0,1.0,2.0,3.0,4.0,5.0,6.0,7.0,8.0
2.0,1.0,0.0,1.0,2.0,3.0,4.0,5.0,6.0,7.0
3.0,2.0,1.0,0.0,1.0,2.0,3.0,4.0,5.0,6.0
4.0,3.0,2.0,1.0,0.0,1.0,2.0,3.0,4.0,5.0
5.0,4.0,3.0,2.0,1.0,0.0,1.0,2.0,3.0,4.0
6.0,5.0,4.0,3.0,2.0,1.0,0.0,1.0,2.0,3.0
7.0,6.0,5.0,4.0,3.0,2.0,1.0,0.0,1.0,2.0
8.0,7.0,6.0,5.0,4.0,3.0,2.0,1.0,0.0,1.0
9.0,8.0,7.0,6.0,5.0,4.0,3.0,2.0,1.0,0.0
45.0,40.0,35.0,30.0,25.0,25.0,30.0,35.0,40.0,45.0
34.0,29.0,24.0,37.0,21.0,39.0,29.0,35.0,28.0,38.0,25.0,29.0,41.0,37.0,35.0,39.0,42.0,29.0,32.0,38.0,35.0,38.0,36.0,34.0,31.0,33.0,23.0,44.0,26.0,30.0,30.0,40.0,32.0,35.0,33.0,30.0,31.0,33.0,34.0,38.0,32.0,34.0,34.0,31.0,28.0,28.0,34.0,26.0,35.0,31.0
24.0,24.0,27.0,23.0,28.0,26.0,32.0,39.0,39.0,37.0,33.0,34.0,26.0,39.0,27.0,39.0,27.0,30.0,29.0,22.0,35.0,34.0,35.0,31.0,29.0,32.0,39.0,27.0,32.0,29.0,21.0,35.0,35.0,27.0,27.0,26.0,38.0,27.0,28.0,18.0,40.0,30.0,34.0,29.0,26.0,31.0,40.0,25.0,33.0,31.0
35.0,29.0,36.0,32.0,33.0,27.0,33.0,42.0,21.0,30.0,42.0,38.0,36.0,39.0,35.0,40.0,29.0,26.0,27.0,34.0,42.0,30.0,37.0,44.0,30.0,28.0,40.0,42.0,40.0,36.0,26.0,38.0,38.0,58.0,38.0,33.0,33.0,34.0,37.0,28.0,35.0,34.0,38.0,28.0,39.0,34.0,36.0,35.0,45.0,42.0
22.0,27.0,30.0,20.0,19.0,26.0,19.0,23.0,27.0,16.0,13.0,31.0,22.0,29.0,19.0,24.0,19.0,23.0,25.0,27.0,32.0,30.0,24.0,29.0,22.0,23.0,29.0,34.0,18.0,29.0,27.0,20.0,27.0,27.0,29.0,17.0,32.0,27.0,22.0,26.0,23.0,21.0,22.0,25.0,22.0,21.0,15.0,26.0,19.0,17.0
40.0,31.0,25.0,30.0,30.0,28.0,28.0,28.0,25.0,36.0,32.0,37.0,26.0,32.0,35.0,34.0,31.0,45.0,38.0,38.0,32.0,27.0,32.0,44.0,35.0,30.0,31.0,46.0,28.0,33.0,19.0,31.0,35.0,23.0,34.0,28.0,40.0,29.0,32.0,39.0,32.0,40.0,30.0,26.0,39.0,29.0,34.0,31.0,44.0,35.0
21.0,32.0,24.0,27.0,32.0,32.0,19.0,35.0,24.0,36.0,33.0,27.0,28.0,24.0,20.0,22.0,25.0,25.0,29.0,44.0,25.0,20.0,17.0,21.0,30.0,7.0,22.0,27.0,31.0,20.0,22.0,22.0,21.0,23.0,15.0,27.0,31.0,35.0,26.0,28.0,26.0,23.0,22.0,22.0,25.0,20.0,26.0,23.0,27.0,17.0
20.0,23.0,25.0,21.0,30.0,24.0,29.0,20.0,21.0,21.0,23.0,25.0,34.0,21.0,32.0,22.0,27.0,23.0,29.0,23.0,23.0,27.0,25.0,26.0,30.0,23.0,21.0,12.0,32.0,35.0,22.0,31.0,28.0,20.0,19.0,20.0,28.0,32.0,18.0,33.0,30.0,17.0,38.0,30.0,37.0,28.0,22.0,23.0,28.0,23.0
35.0,43.0,41.0,28.0,25.0,26.0,36.0,29.0,27.0,41.0,39.0,31.0,34.0,29.0,38.0,32.0,34.0,31.0,41.0,37.0,31.0,30.0,37.0,45.0,37.0,31.0,42.0,28.0,42.0,32.0,40.0,37.0,30.0,26.0,33.0,38.0,42.0,32.0,38.0,36.0,40.0,22.0,38.0,40.0,41.0,34.0,41.0,29.0,43.0,32.0
26.0,22.0,23.0,24.0,16.0,26.0,29.0,20.0,25.0,26.0,15.0,24.0,23.0,17.0,22.0,31.0,22.0,27.0,18.0,25.0,31.0,18.0,32.0,21.0,20.0,23.0,20.0,31.0,23.0,24.0,21.0,24.0,24.0,21.0,35.0,16.0,35.0,28.0,23.0,16.0,22.0,22.0,18.0,22.0,27.0,38.0,22.0,17.0,16.0,21.0
37.0,42.0,30.0,34.0,26.0,32.0,46.0,36.0,32.0,33.0,32.0,33.0,31.0,26.0,26.0,31.0,31.0,34.0,37.0,33.0,27.0,29.0,33.0,39.0,38.0,34.0,24.0,31.0,31.0,34.0,27.0,43.0,30.0,38.0,37.0,25.0,30.0,31.0,37.0,32.0,31.0,49.0,41.0,26.0,35.0,37.0,30.0,38.0,22.0,34.0
