10,50,1000
19.080291,16.759516,19.272997,19.093933,19.89596,17.911334,15.898158,16.341067,19.060637,17.783287
5.367159,7.968587,7.104651,5.899525,8.716047,5.496898,9.942744,7.162913,9.384555,6.738218
0.0,10.0,20.0,30.0,40.0,50.0,60.0,70.0,80.0,90.0
10.0,0.0,10.0,20.0,30.0,40.0,50.0,60.0,70.0,80.0
20.0,10.0,0.0,10.0,20.0,30.0,40.0,50.0,60.0,70.0
30.0,20.0,10.0,0.0,10.0,20.0,30.0,40.0,50.0,60.0
40.0,30.0,20.0,10.0,0.0,10.0,20.0,30.0,40.0,50.0
50.0,40.0,30.0,20.0,10.0,0.0,10.0,20.0,30.0,40.0
60.0,50.0,40.0,30.0,20.0,10.0,0.0,10.0,20.0,30.0
70.0,60.0,50.0,40.0,30.0,20.0,10.0,0.0,10.0,20.0
80.0,70.0,60.0,50.0,40.0,30.0,20.0,10.0,0.0,10.0
90.0,80.0,70.0,60.0,50.0,40.0,30.0,20.0,10.0,0.0
450.0,400.0,350.0,300.0,250.0,250.0,300.0,350.0,400.0,450.0
0.0,1.0,2.0,3.0,4.0,5.0,6.0,7.0,8.0,9.0
1.0,0.0,1.0,2.0,3.0,4.0,5.0,6.0,7.0,8.0
2.0,1.0,0.0,1.0,2.0,3.0,4.0,5.0,6.0,7.0
3.0,2.0,1.0,0.0,1.0,2.0,3.0,4.0,5.0,6.0
4.0,3.0,2.0,1.0,0.0,1.0,2.0,3.0,4.0,5.0
5.0,4.0,3.0,2.0,1.0,0.0,1.0,2.0,3.0,4.0
6.0,5.0,4.0,3.0,2.0,1.0,0.0,1.0,2.0,3.0
7.0,6.0,5.0,4.0,3.0,2.0,1.0,0.0,1.0,2.0
8.0,7.0,6.0,5.0,4.0,3.0,2.0,1.0,0.0,1.0
9.0,8.0,7.0,6.0,5.0,4.0,3.0,2.0,1.0,0.0
45.0,40.0,35.0,30.0,25.0,25.0,30.0,35.0,40.0,45.0
20.0,24.0,20.0,21.0,29.0,26.0,34.0,16.0,26.0,26.0,30.0,15.0,32.0,30.0,28.0,27.0,27.0,29.0,28.0,24.0,21.0,33.0,15.0,30.0,30.0,14.0,17.0,22.0,26.0,23.0,23.0,20.0,24.0,40.0,24.0,28.0,29.0,29.0,24.0,21.0,29.0,16.0,29.0,26.0,14.0,33.0,16.0,20.0,26.0,25.0
35.0,39.0,34.0,34.0,28.0,31.0,29.0,33.0,29.0,26.0,42.0,20.0,33.0,27.0,30.0,27.0,23.0,34.0,27.0,26.0,30.0,34.0,30.0,31.0,42.0,20.0,23.0,26.0,34.0,29.0,31.0,29.0,32.0,36.0,41.0,35.0,26.0,35.0,29.0,33.0,28.0,27.0,30.0,28.0,27.0,32.0,28.0,30.0,31.0,27.0
32.0,32.0,22.0,36.0,18.0,36.0,31.0,35.0,26.0,24.0,22.0,31.0,19.0,27.0,19.0,27.0,25.0,29.0,36.0,28.0,25.0,23.0,18.0,28.0,28.0,27.0,34.0,30.0,28.0,39.0,28.0,25.0,24.0,33.0,28.0,21.0,29.0,21.0,34.0,32.0,29.0,39.0,30.0,23.0,25.0,30.0,27.0,29.0,20.0,31.0
24.0,26.0,33.0,21.0,21.0,29.0,21.0,25.0,23.0,25.0,22.0,30.0,28.0,18.0,30.0,25.0,24.0,35.0,26.0,21.0,26.0,32.0,27.0,20.0,18.0,27.0,22.0,25.0,23.0,20.0,24.0,26.0,23.0,25.0,20.0,20.0,25.0,26.0,15.0,25.0,28.0,16.0,31.0,30.0,25.0,29.0,27.0,25.0,20.0,26.0
37.0,37.0,39.0,28.0,44.0,29.0,25.0,31.0,30.0,29.0,31.0,40.0,33.0,37.0,33.0,33.0,43.0,34.0,34.0,24.0,34.0,29.0,28.0,29.0,27.0,34.0,37.0,41.0,23.0,34.0,31.0,28.0,23.0,32.0,34.0,38.0,50.0,31.0,39.0,43.0,34.0,31.0,47.0,28.0,25.0,33.0,26.0,26.0,37.0,37.0
23.0,28.0,25.0,23.0,19.0,32.0,23.0,19.0,20.0,16.0,28.0,13.0,29.0,14.0,21.0,17.0,19.0,15.0,28.0,24.0,28.0,20.0,29.0,29.0,20.0,19.0,20.0,17.0,27.0,20.0,22.0,23.0,26.0,26.0,34.0,31.0,24.0,18.0,18.0,30.0,25.0,24.0,25.0,27.0,18.0,23.0,24.0,22.0,23.0,25.0
52.0,46.0,27.0,29.0,28.0,35.0,40.0,32.0,47.0,31.0,52.0,32.0,37.0,31.0,27.0,36.0,24.0,30.0,36.0,41.0,34.0,37.0,41.0,38.0,35.0,40.0,28.0,29.0,39.0,30.0,38.0,41.0,26.0,28.0,33.0,40.0,41.0,32.0,42.0,47.0,33.0,35.0,36.0,35.0,35.0,36.0,40.0,36.0,26.0,38.0
26.0,27.0,30.0,27.0,30.0,24.0,27.0,26.0,25.0,25.0,29.0,20.0,27.0,28.0,29.0,24.0,25.0,28.0,28.0,28.0,29.0,25.0,25.0,35.0,24.0,34.0,33.0,23.0,23.0,29.0,29.0,26.0,50.0,22.0,25.0,22.0,23.0,28.0,29.0,33.0,26.0,28.0,37.0,30.0,38.0,29.0,26.0,21.0,34.0,32.0
27.0,33.0,37.0,37.0,32.0,36.0,30.0,30.0,29.0,30.0,34.0,33.0,31.0,32.0,34.0,43.0,34.0,32.0,33.0,22.0,45.0,39.0,34.0,35.0,34.0,29.0,35.0,39.0,27.0,36.0,44.0,34.0,41.0,31.0,42.0,30.0,46.0,46.0,40.0,33.0,38.0,44.0,35.0,34.0,32.0,32.0,32.0,35.0,29.0,38.0
19.0,26.0,33.0,27.0,27.0,25.0,27.0,32.0,26.0,30.0,31.0,29.0,25.0,25.0,16.0,26.0,21.0,21.0,32.0,25.0,26.0,33.0,27.0,31.0,23.0,25.0,34.0,20.0,22.0,34.0,23.0,22.0,24.0,22.0,36.0,19.0,26.0,23.0,29.0,24.0,26.0,29.0,27.0,22.0,26.0,35.0,25.0,30.0,23.0,28.0
