10,50,1000
19.911211,19.331481,16.179878,16.531436,18.980945,16.845964,19.073563,19.013769,15.451989,16.946874
5.548821,8.228384,8.148475,5.142852,6.102812,7.292239,9.043542,6.365759,7.980291,7.493736
0.0,10.0,20.0,30.0,40.0,50.0,60.0,70.0,80.0,90.0
10.0,0.0,10.0,20.0,30.0,40.0,50.0,60.0,70.0,80.0
20.0,10.0,0.0,10.0,20.0,30.0,40.0,50.0,60.0,70.0
30.0,20.0,10.0,0.0,10.0,20.0,30.0,40.0,50.0,60.0
40.0,30.0,20.0,10.0,0.0,10.0,20.0,30.0,40.0,50.0
50.0,40.0,30.0,20.0,10.0,0.0,10.0,20.0,30.0,40.0
60.0,50.0,40.0,30.0,20.0,10.0,0.0,10.0,20.0,30.0
70.0,60.0,50.0,40.0,30.0,20.0,10.0,0.0,10.0,20.0
80.0,70.0,60.0,50.0,40.0,30.0,20.0,10.0,0.0,10.0
90.0,80.0,70.0,60.0,50.0,40.0,30.0,20.0,10.0,0.0
450.0,400.0,350.0,300.0,250.0,250.0,300.0,350.0,400.0,450.0
0.0,1.0,2.0,3.0,4.0,5.0,6.0,7.0,8.0,9.0
1.0,0.0,1.0,2.0,3.0,4.0,5.0,6.0,7.0,8.0
2.0,1.0,0.0,1.0,2.0,3.0,4.0,5.0,6.0,7.0
3.0,2.0,1.0,0.0,1.0,2.0,3.0,4.0,5.0,6.0
4.0,3.0,2.0,1.0,0.0,1.0,2.0,3.0,4.0,5.0
5.0,4.0,3.0,2.0,1.0,0.0,1.0,2.0,3.0,4.0
6.0,5.0,4.0,3.0,2.0,1.0,0.0,1.0,2.0,3.0
7.0,6.0,5.0,4.0,3.0,2.0,1.0,0.0,1.0,2.0
8.0,7.0,6.0,5.0,4.0,3.0,2.0,1.0,0.0,1.0
9.0,8.0,7.0,6.0,5.0,4.0,3.0,2.0,1.0,0.0
45.0,40.0,35.0,30.0,25.0,25.0,30.0,35.0,40.0,45.0
24.0,33.0,21.0,24.0,19.0,19.0,14.0,15.0,27.0,29.0,21.0,18.0,20.0,22.0,33.0,28.0,13.0,28.0,33.0,24.0,23.0,21.0,24.0,28.0,25.0,21.0,13.0,21.0,29.0,25.0,20.0,34.0,22.0,23.0,19.0,30.0,23.0,20.0,27.0,26.0,23.0,24.0,19.0,20.0,20.0,23.0,25.0,20.0,23.0,26.0
38.0,30.0,40.0,29.0,32.0,26.0,31.0,30.0,37.0,26.0,28.0,37.0,31.0,30.0,30.0,36.0,33.0,39.0,42.0,27.0,29.0,37.0,34.0,33.0,25.0,21.0,31.0,29.0,34.0,33.0,44.0,36.0,34.0,39.0,45.0,26.0,28.0,30.0,37.0,16.0,29.0,30.0,28.0,18.0,35.0,33.0,36.0,33.0,36.0,29.0
30.0,27.0,38.0,26.0,26.0,33.0,26.0,34.0,29.0,25.0,36.0,28.0,41.0,33.0,29.0,26.0,30.0,33.0,35.0,24.0,32.0,33.0,32.0,26.0,43.0,24.0,40.0,20.0,27.0,26.0,34.0,36.0,31.0,25.0,18.0,30.0,31.0,28.0,33.0,30.0,21.0,28.0,36.0,26.0,32.0,33.0,37.0,33.0,27.0,22.0
26.0,21.0,24.0,23.0,19.0,14.0,21.0,22.0,23.0,22.0,20.0,22.0,20.0,20.0,26.0,24.0,15.0,21.0,32.0,23.0,25.0,24.0,24.0,15.0,12.0,25.0,28.0,22.0,22.0,21.0,7.0,13.0,23.0,25.0,19.0,23.0,22.0,23.0,23.0,24.0,24.0,24.0,25.0,19.0,21.0,17.0,20.0,19.0,19.0,20.0
26.0,26.0,33.0,30.0,32.0,27.0,23.0,21.0,23.0,23.0,27.0,24.0,29.0,27.0,32.0,38.0,24.0,26.0,28.0,18.0,32.0,20.0,26.0,31.0,23.0,22.0,27.0,30.0,27.0,27.0,27.0,30.0,21.0,25.0,33.0,17.0,19.0,18.0,16.0,25.0,26.0,26.0,18.0,20.0,21.0,32.0,19.0,25.0,22.0,30.0
28.0,21.0,30.0,26.0,32.0,34.0,27.0,35.0,23.0,25.0,21.0,27.0,34.0,36.0,28.0,14.0,13.0,29.0,20.0,28.0,19.0,27.0,28.0,28.0,26.0,27.0,24.0,30.0,28.0,20.0,25.0,29.0,32.0,26.0,21.0,24.0,28.0,23.0,29.0,26.0,27.0,20.0,27.0,34.0,28.0,20.0,29.0,25.0,32.0,30.0
29.0,47.0,33.0,26.0,33.0,43.0,24.0,27.0,41.0,45.0,34.0,35.0,20.0,29.0,42.0,43.0,34.0,34.0,36.0,41.0,46.0,42.0,38.0,39.0,32.0,34.0,36.0,32.0,27.0,38.0,33.0,35.0,29.0,31.0,26.0,36.0,37.0,40.0,41.0,28.0,39.0,42.0,34.0,29.0,33.0,37.0,34.0,29.0,34.0,37.0
24.0,29.0,22.0,22.0,27.0,30.0,31.0,30.0,22.0,30.0,20.0,26.0,17.0,32.0,30.0,34.0,29.0,33.0,23.0,35.0,27.0,25.0,24.0,17.0,22.0,23.0,31.0,30.0,26.0,28.0,27.0,22.0,19.0,31.0,25.0,29.0,18.0,26.0,26.0,29.0,23.0,27.0,31.0,20.0,31.0,29.0,25.0,23.0,19.0,33.0
32.0,30.0,34.0,34.0,31.0,30.0,22.0,30.0,25.0,36.0,19.0,26.0,28.0,31.0,20.0,36.0,31.0,38.0,26.0,32.0,30.0,30.0,19.0,33.0,39.0,27.0,32.0,22.0,29.0,32.0,21.0,47.0,37.0,24.0,21.0,24.0,35.0,29.0,26.0,38.0,20.0,28.0,23.0,38.0,38.0,31.0,16.0,22.0,29.0,23.0
34.0,23.0,36.0,29.0,37.0,35.0,32.0,25.0,22.0,34.0,25.0,27.0,25.0,28.0,31.0,24.0,25.0,24.0,25.0,25.0,24.0,27.0,31.0,43.0,29.0,27.0,30.0,33.0,27.0,31.0,26.0,31.0,31.0,17.0,21.0,30.0,23.0,23.0,23.0,19.0,35.0,24.0,23.0,24.0,40.0,33.0,36.0,46.0,23.0,21.0
