10,50,1000
18.454936,16.981311,18.634785,16.698602,17.357245,19.48914,19.3532,19.68714,15.384043,19.149216
9.869213,8.206761,8.356938,6.813917,9.058493,8.859002,5.436352,9.056841,8.020604,9.939975
0.0,10.0,20.0,30.0,40.0,50.0,60.0,70.0,80.0,90.0
10.0,0.0,10.0,20.0,30.0,40.0,50.0,60.0,70.0,80.0
20.0,10.0,0.0,10.0,20.0,30.0,40.0,50.0,60.0,70.0
30.0,20.0,10.0,0.0,10.0,20.0,30.0,40.0,50.0,60.0
40.0,30.0,20.0,10.0,0.0,10.0,20.0,30.0,40.0,50.0
50.0,40.0,30.0,20.0,10.0,0.0,10.0,20.0,30.0,40.0
60.0,50.0,40.0,30.0,20.0,10.0,0.0,10.0,20.0,30.0
70.0,60.0,50.0,40.0,30.0,20.0,10.0,0.0,10.0,20.0
80.0,70.0,60.0,50.0,40.0,30.0,20.0,10.0,0.0,10.0
90.0,80.0,70.0,60.0,50.0,40.0,30.0,20.0,10.0,0.0
450.0,400.0,350.0,300.0,250.0,250.0,300.0,350.0,400.0,450.0
0.0,1.0,2.0,3.0,4.0,5.0,6.0,7.0,8.0,9.0
1.0,0.0,1.0,2.0,3.0,4.0,5.0,6.0,7.0,8.0
2.0,1.0,0.0,1.0,2.0,3.0,4.0,5.0,6.0,7.0
3.0,2.0,1.0,0.0,1.0,2.0,3.0,4.0,5.0,6.0
4.0,3.0,2.0,1.0,0.0,1.0,2.0,3.0,4.0,5.0
5.0,4.0,3.0,2.0,1.0,0.0,1.0,2.0,3.0,4.0
6.0,5.0,4.0,3.0,2.0,1.0,0.0,1.0,2.0,3.0
7.0,6.0,5.0,4.0,3.0,2.0,1.0,0.0,1.0,2.0
8.0,7.0,6.0,5.0,4.0,3.0,2.0,1.0,0.0,1.0
9.0,8.0,7.0,6.0,5.0,4.0,3.0,2.0,1.0,0.0
45.0,40.0,35.0,30.0,25.0,25.0,30.0,35.0,40.0,45.0
40.0,33.0,30.0,39.0,43.0,33.0,35.0,30.0,36.0,29.0,35.0,34.0,50.0,34.0,38.0,37.0,32.0,39.0,40.0,34.0,30.0,33.0,32.0,44.0,35.0,33.0,35.0,35.0,38.0,42.0,36.0,47.0,44.0,37.0,45.0,29.0,37.0,35.0,39.0,30.0,34.0,35.0,30.0,26.0,32.0,41.0,38.0,53.0,45.0,31.0
31.0,29.0,28.0,31.0,28.0,34.0,32.0,29.0,34.0,27.0,26.0,25.0,38.0,40.0,32.0,33.0,29.0,37.0,39.0,24.0,36.0,31.0,29.0,32.0,33.0,29.0,30.0,28.0,34.0,26.0,32.0,23.0,36.0,26.0,27.0,40.0,32.0,31.0,34.0,31.0,28.0,35.0,37.0,28.0,29.0,29.0,34.0,39.0,32.0,26.0
40.0,33.0,30.0,23.0,24.0,25.0,33.0,40.0,26.0,36.0,25.0,33.0,22.0,29.0,31.0,29.0,34.0,31.0,29.0,33.0,33.0,32.0,24.0,27.0,27.0,39.0,37.0,19.0,29.0,41.0,29.0,36.0,47.0,31.0,31.0,28.0,24.0,34.0,34.0,23.0,36.0,37.0,35.0,38.0,31.0,30.0,38.0,27.0,42.0,35.0
20.0,20.0,36.0,25.0,24.0,30.0,20.0,28.0,37.0,16.0,27.0,38.0,32.0,21.0,30.0,25.0,33.0,24.0,35.0,29.0,24.0,29.0,25.0,44.0,18.0,21.0,31.0,31.0,29.0,31.0,23.0,20.0,28.0,22.0,26.0,24.0,17.0,30.0,20.0,21.0,32.0,30.0,22.0,24.0,29.0,30.0,23.0,27.0,22.0,24.0
39.0,46.0,31.0,34.0,33.0,22.0,34.0,37.0,40.0,29.0,47.0,34.0,35.0,42.0,25.0,32.0,34.0,40.0,43.0,41.0,35.0,39.0,38.0,36.0,36.0,23.0,44.0,38.0,42.0,47.0,44.0,25.0,32.0,27.0,37.0,42.0,32.0,34.0,35.0,35.0,38.0,30.0,38.0,37.0,34.0,37.0,39.0,36.0,35.0,32.0
37.0,48.0,33.0,33.0,23.0,31.0,25.0,44.0,30.0,32.0,32.0,22.0,23.0,29.0,36.0,29.0,33.0,23.0,37.0,35.0,32.0,43.0,36.0,25.0,27.0,35.0,31.0,29.0,37.0,45.0,45.0,42.0,45.0,49.0,38.0,41.0,39.0,33.0,31.0,34.0,46.0,35.0,33.0,32.0,35.0,30.0,25.0,30.0,39.0,29.0
19.0,21.0,25.0,28.0,32.0,21.0,20.0,15.0,21.0,28.0,15.0,20.0,22.0,27.0,26.0,25.0,27.0,25.0,31.0,27.0,20.0,25.0,23.0,21.0,21.0,27.0,25.0,24.0,26.0,24.0,23.0,23.0,25.0,30.0,15.0,19.0,15.0,26.0,20.0,25.0,22.0,36.0,24.0,21.0,29.0,18.0,18.0,20.0,21.0,29.0
46.0,35.0,31.0,29.0,41.0,36.0,32.0,32.0,32.0,32.0,44.0,28.0,31.0,41.0,34.0,29.0,37.0,38.0,27.0,25.0,19.0,20.0,28.0,22.0,31.0,39.0,35.0,20.0,34.0,37.0,33.0,25.0,31.0,30.0,40.0,32.0,30.0,36.0,50.0,36.0,38.0,38.0,44.0,32.0,39.0,43.0,46.0,33.0,35.0,34.0
29.0,29.0,26.0,25.0,34.0,32.0,48.0,39.0,28.0,26.0,28.0,34.0,25.0,20.0,32.0,29.0,32.0,32.0,21.0,26.0,40.0,41.0,30.0,29.0,29.0,43.0,28.0,26.0,29.0,29.0,39.0,35.0,23.0,24.0,36.0,31.0,27.0,34.0,27.0,29.0,46.0,34.0,34.0,37.0,19.0,29.0,33.0,39.0,34.0,24.0
41.0,38.0,39.0,30.0,34.0,48.0,38.0,29.0,34.0,42.0,34.0,32.0,34.0,26.0,49.0,31.0,37.0,35.0,43.0,59.0,40.0,29.0,32.0,42.0,29.0,40.0,45.0,36.0,23.0,23.0,40.0,35.0,41.0,38.0,31.0,37.0,46.0,33.0,32.0,36.0,32.0,28.0,37.0,40.0,40.0,30.0,35.0,47.0,25.0,32.0
