10,50,1000
19.459287,15.646339,16.085393,19.605913,17.538767,15.66137,19.575104,15.475554,18.879436,15.196876
9.129946,5.649272,8.441563,5.223815,6.61896,8.358289,6.677081,8.419121,7.010548,6.469818
0.0,10.0,20.0,30.0,40.0,50.0,60.0,70.0,80.0,90.0
10.0,0.0,10.0,20.0,30.0,40.0,50.0,60.0,70.0,80.0
20.0,10.0,0.0,10.0,20.0,30.0,40.0,50.0,60.0,70.0
30.0,20.0,10.0,0.0,10.0,20.0,30.0,40.0,50.0,60.0
40.0,30.0,20.0,10.0,0.0,10.0,20.0,30.0,40.0,50.0
50.0,40.0,30.0,20.0,10.0,0.0,10.0,20.0,30.0,40.0
60.0,50.0,40.0,30.0,20.0,10.0,0.0,10.0,20.0,30.0
70.0,60.0,50.0,40.0,30.0,20.0,10.0,0.0,10.0,20.0
80.0,70.0,60.0,50.0,40.0,30.0,20.0,10.0,0.0,10.0
90.0,80.0,70.0,60.0,50.0,40.0,30.0,20.0,10.0,0.0
450.0,400.0,350.0,300.0,250.0,250.0,300.0,350.0,400.0,450.0
0.0,1.0,2.0,3.0,4.0,5.0,6.0,7.0,8.0,9.0
1.0,0.0,1.0,2.0,3.0,4.0,5.0,6.0,7.0,8.0
2.0,1.0,0.0,1.0,2.0,3.0,4.0,5.0,6.0,7.0
3.0,2.0,1.0,0.0,1.0,2.0,3.0,4.0,5.0,6.0
4.0,3.0,2.0,1.0,0.0,1.0,2.0,3.0,4.0,5.0
5.0,4.0,3.0,2.0,1.0,0.0,1.0,2.0,3.0,4.0
6.0,5.0,4.0,3.0,2.0,1.0,0.0,1.0,2.0,3.0
7.0,6.0,5.0,4.0,3.0,2.0,1.0,0.0,1.0,2.0
8.0,7.0,6.0,5.0,4.0,3.0,2.0,1.0,0.0,1.0
9.0,8.0,7.0,6.0,5.0,4.0,3.0,2.0,1.0,0.0
45.0,40.0,35.0,30.0,25.0,25.0,30.0,35.0,40.0,45.0
44.0,30.0,30.0,30.0,28.0,40.0,23.0,31.0,28.0,41.0,45.0,43.0,39.0,25.0,44.0,33.0,35.0,29.0,31.0,34.0,25.0,29.0,31.0,24.0,35.0,42.0,39.0,32.0,30.0,34.0,30.0,38.0,31.0,44.0,33.0,30.0,33.0,39.0,24.0,40.0,28.0,26.0,30.0,39.0,31.0,34.0,30.0,30.0,50.0,36.0
24.0,26.0,22.0,25.0,14.0,21.0,16.0,26.0,17.0,15.0,15.0,35.0,21.0,28.0,18.0,22.0,24.0,21.0,20.0,21.0,17.0,20.0,14.0,18.0,25.0,23.0,21.0,22.0,27.0,26.0,17.0,21.0,22.0,24.0,22.0,16.0,26.0,33.0,31.0,22.0,32.0,25.0,19.0,25.0,32.0,20.0,28.0,24.0,25.0,25.0
21.0,23.0,38.0,38.0,38.0,37.0,21.0,24.0,26.0,34.0,31.0,26.0,33.0,32.0,34.0,29.0,33.0,32.0,32.0,30.0,30.0,34.0,23.0,25.0,25.0,44.0,36.0,32.0,29.0,27.0,30.0,36.0,32.0,25.0,52.0,31.0,31.0,36.0,28.0,28.0,36.0,34.0,46.0,34.0,36.0,32.0,44.0,32.0,37.0,31.0
22.0,19.0,26.0,20.0,22.0,22.0,17.0,25.0,23.0,20.0,20.0,23.0,28.0,10.0,24.0,23.0,22.0,29.0,15.0,22.0,21.0,26.0,19.0,24.0,20.0,27.0,21.0,19.0,24.0,20.0,21.0,31.0,18.0,22.0,17.0,17.0,18.0,22.0,27.0,20.0,28.0,23.0,23.0,23.0,20.0,14.0,24.0,22.0,22.0,19.0
21.0,26.0,23.0,21.0,26.0,27.0,32.0,27.0,24.0,31.0,26.0,37.0,41.0,23.0,22.0,29.0,30.0,30.0,33.0,24.0,27.0,25.0,17.0,33.0,28.0,25.0,27.0,30.0,21.0,18.0,25.0,26.0,39.0,23.0,23.0,26.0,24.0,28.0,30.0,30.0,22.0,29.0,25.0,25.0,24.0,19.0,26.0,30.0,25.0,30.0
31.0,38.0,26.0,31.0,31.0,33.0,23.0,40.0,29.0,30.0,27.0,39.0,31.0,31.0,25.0,22.0,25.0,24.0,37.0,27.0,33.0,38.0,36.0,23.0,23.0,25.0,22.0,29.0,27.0,22.0,28.0,38.0,36.0,22.0,32.0,34.0,44.0,30.0,37.0,29.0,36.0,32.0,28.0,33.0,37.0,29.0,17.0,36.0,33.0,38.0
27.0,27.0,34.0,34.0,30.0,25.0,34.0,20.0,26.0,29.0,19.0,32.0,26.0,29.0,18.0,35.0,25.0,22.0,30.0,27.0,21.0,27.0,29.0,34.0,29.0,26.0,31.0,22.0,29.0,29.0,21.0,31.0,19.0,34.0,21.0,24.0,29.0,21.0,30.0,21.0,14.0,32.0,26.0,21.0,21.0,26.0,30.0,22.0,29.0,24.0
39.0,31.0,33.0,39.0,35.0,29.0,29.0,25.0,33.0,30.0,46.0,29.0,27.0,18.0,32.0,24.0,34.0,29.0,26.0,39.0,31.0,31.0,27.0,27.0,30.0,27.0,31.0,26.0,25.0,29.0,25.0,26.0,31.0,33.0,27.0,35.0,38.0,32.0,35.0,30.0,35.0,40.0,26.0,34.0,30.0,30.0,35.0,29.0,39.0,37.0
18.0,24.0,30.0,32.0,26.0,16.0,34.0,32.0,26.0,26.0,20.0,39.0,24.0,26.0,32.0,27.0,39.0,34.0,29.0,24.0,29.0,35.0,29.0,27.0,36.0,29.0,34.0,25.0,29.0,29.0,22.0,42.0,30.0,20.0,15.0,30.0,29.0,27.0,39.0,25.0,30.0,33.0,22.0,30.0,25.0,25.0,34.0,33.0,28.0,26.0
22.0,25.0,21.0,20.0,20.0,19.0,24.0,22.0,22.0,27.0,28.0,22.0,29.0,23.0,24.0,20.0,29.0,25.0,23.0,17.0,27.0,29.0,31.0,29.0,28.0,26.0,27.0,26.0,29.0,29.0,25.0,22.0,27.0,33.0,28.0,23.0,26.0,25.0,30.0,29.0,23.0,27.0,22.0,21.0,27.0,22.0,31.0,32.0,27.0,17.0
