10,50,1000
15.02363,19.966503,18.425606,16.820921,16.807694,15.573572,15.584835,19.395688,17.969473,17.34074
7.988549,9.776787,7.087885,9.482394,9.560606,7.92802,9.90951,7.384443,8.026225,5.55449
0.0,10.0,20.0,30.0,40.0,50.0,60.0,70.0,80.0,90.0
10.0,0.0,10.0,20.0,30.0,40.0,50.0,60.0,70.0,80.0
20.0,10.0,0.0,10.0,20.0,30.0,40.0,50.0,60.0,70.0
30.0,20.0,10.0,0.0,10.0,20.0,30.0,40.0,50.0,60.0
40.0,30.0,20.0,10.0,0.0,10.0,20.0,30.0,40.0,50.0
50.0,40.0,30.0,20.0,10.0,0.0,10.0,20.0,30.0,40.0
60.0,50.0,40.0,30.0,20.0,10.0,0.0,10.0,20.0,30.0
70.0,60.0,50.0,40.0,30.0,20.0,10.0,0.0,10.0,20.0
80.0,70.0,60.0,50.0,40.0,30.0,20.0,10.0,0.0,10.0
90.0,80.0,70.0,60.0,50.0,40.0,30.0,20.0,10.0,0.0
450.0,400.0,350.0,300.0,250.0,250.0,300.0,350.0,400.0,450.0
0.0,1.0,2.0,3.0,4.0,5.0,6.0,7.0,8.0,9.0
1.0,0.0,1.0,2.0,3.0,4.0,5.0,6.0,7.0,8.0
2.0,1.0,0.0,1.0,2.0,3.0,4.0,5.0,6.0,7.0
3.0,2.0,1.0,0.0,1.0,2.0,3.0,4.0,5.0,6.0
4.0,3.0,2.0,1.0,0.0,1.0,2.0,3.0,4.0,5.0
5.0,4.0,3.0,2.0,1.0,0.0,1.0,2.0,3.0,4.0
6.0,5.0,4.0,3.0,2.0,1.0,0.0,1.0,2.0,3.0
7.0,6.0,5.0,4.0,3.0,2.0,1.0,0.0,1.0,2.0
8.0,7.0,6.0,5.0,4.0,3.0,2.0,1.0,0.0,1.0
9.0,8.0,7.0,6.0,5.0,4.0,3.0,2.0,1.0,0.0
45.0,40.0,35.0,30.0,25.0,25.0,30.0,35.0,40.0,45.0
36.0,27.0,30.0,40.0,39.0,33.0,34.0,36.0,24.0,30.0,37.0,23.0,22.0,26.0,23.0,32.0,22.0,16.0,32.0,34.0,21.0,39.0,22.0,24.0,35.0,25.0,38.0,36.0,28.0,30.0,26.0,29.0,44.0,26.0,26.0,27.0,34.0,26.0,25.0,35.0,30.0,27.0,32.0,40.0,31.0,30.0,26.0,36.0,28.0,28.0
50.0,32.0,33.0,39.0,32.0,48.0,35.0,43.0,35.0,27.0,39.0,50.0,35.0,46.0,30.0,35.0,37.0,37.0,38.0,44.0,41.0,32.0,36.0,41.0,37.0,50.0,28.0,37.0,39.0,35.0,48.0,30.0,33.0,25.0,29.0,27.0,39.0,41.0,49.0,40.0,34.0,41.0,41.0,39.0,42.0,27.0,33.0,31.0,39.0,51.0
38.0,22.0,28.0,30.0,27.0,23.0,26.0,37.0,31.0,30.0,26.0,27.0,24.0,22.0,25.0,28.0,35.0,23.0,32.0,24.0,22.0,35.0,29.0,23.0,30.0,24.0,34.0,32.0,30.0,23.0,25.0,32.0,26.0,27.0,34.0,28.0,22.0,28.0,20.0,34.0,27.0,19.0,30.0,32.0,25.0,23.0,30.0,28.0,29.0,36.0
33.0,26.0,32.0,47.0,33.0,36.0,40.0,29.0,42.0,34.0,36.0,28.0,38.0,31.0,27.0,42.0,43.0,34.0,30.0,35.0,23.0,38.0,40.0,38.0,42.0,50.0,47.0,32.0,38.0,35.0,29.0,28.0,27.0,41.0,43.0,51.0,28.0,35.0,40.0,22.0,35.0,40.0,23.0,48.0,35.0,26.0,41.0,49.0,34.0,31.0
39.0,48.0,42.0,25.0,34.0,29.0,37.0,49.0,36.0,29.0,33.0,36.0,30.0,40.0,35.0,35.0,41.0,26.0,26.0,36.0,37.0,29.0,40.0,43.0,29.0,33.0,30.0,33.0,41.0,30.0,36.0,35.0,36.0,31.0,32.0,28.0,35.0,32.0,32.0,29.0,33.0,30.0,38.0,38.0,38.0,42.0,28.0,27.0,38.0,26.0
35.0,32.0,23.0,39.0,27.0,28.0,30.0,27.0,36.0,27.0,39.0,27.0,25.0,37.0,32.0,31.0,25.0,34.0,37.0,25.0,28.0,31.0,32.0,27.0,22.0,30.0,33.0,30.0,33.0,24.0,31.0,29.0,27.0,36.0,26.0,26.0,27.0,37.0,21.0,32.0,33.0,32.0,33.0,28.0,28.0,22.0,20.0,27.0,28.0,29.0
44.0,29.0,31.0,35.0,33.0,19.0,51.0,28.0,27.0,43.0,44.0,45.0,25.0,43.0,32.0,33.0,44.0,44.0,35.0,32.0,26.0,30.0,50.0,40.0,27.0,32.0,34.0,25.0,34.0,45.0,28.0,45.0,31.0,31.0,42.0,52.0,35.0,30.0,48.0,45.0,25.0,30.0,44.0,37.0,41.0,32.0,32.0,33.0,35.0,29.0
29.0,30.0,24.0,18.0,27.0,30.0,26.0,25.0,34.0,31.0,27.0,33.0,23.0,26.0,32.0,45.0,33.0,30.0,24.0,36.0,26.0,26.0,24.0,32.0,30.0,38.0,28.0,28.0,13.0,31.0,33.0,36.0,28.0,25.0,24.0,21.0,30.0,17.0,30.0,26.0,27.0,40.0,28.0,24.0,38.0,21.0,28.0,25.0,33.0,31.0
34.0,29.0,45.0,30.0,28.0,36.0,38.0,34.0,32.0,34.0,31.0,23.0,33.0,35.0,28.0,37.0,31.0,34.0,33.0,40.0,33.0,27.0,36.0,34.0,24.0,26.0,19.0,43.0,38.0,38.0,23.0,35.0,17.0,32.0,32.0,30.0,27.0,42.0,35.0,30.0,27.0,30.0,25.0,30.0,38.0,28.0,34.0,30.0,32.0,26.0
25.0,26.0,21.0,16.0,33.0,18.0,34.0,22.0,21.0,25.0,19.0,19.0,26.0,28.0,24.0,30.0,27.0,19.0,21.0,19.0,32.0,25.0,27.0,21.0,23.0,20.0,16.0,17.0,25.0,21.0,16.0,17.0,31.0,27.0,19.0,24.0,22.0,30.0,20.0,25.0,27.0,24.0,21.0,19.0,22.0,25.0,23.0,19.0,27.0,27.0
