10,50,1000
17.170093,17.993712,16.874392,16.487801,16.792548,17.698597,15.564413,18.14994,17.256893,18.029144
7.644393,9.645011,6.880975,9.603119,7.815161,8.048751,5.323432,6.903462,7.50759,5.62499
0.0,10.0,20.0,30.0,40.0,50.0,60.0,70.0,80.0,90.0
10.0,0.0,10.0,20.0,30.0,40.0,50.0,60.0,70.0,80.0
20.0,10.0,0.0,10.0,20.0,30.0,40.0,50.0,60.0,70.0
30.0,20.0,10.0,0.0,10.0,20.0,30.0,40.0,50.0,60.0
40.0,30.0,20.0,10.0,0.0,10.0,20.0,30.0,40.0,50.0
50.0,40.0,30.0,20.0,10.0,0.0,10.0,20.0,30.0,40.0
60.0,50.0,40.0,30.0,20.0,10.0,0.0,10.0,20.0,30.0
70.0,60.0,50.0,40.0,30.0,20.0,10.0,0.0,10.0,20.0
80.0,70.0,60.0,50.0,40.0,30.0,20.0,10.0,0.0,10.0
90.0,80.0,70.0,60.0,50.0,40.0,30.0,20.0,10.0,0.0
450.0,400.0,350.0,300.0,250.0,250.0,300.0,350.0,400.0,450.0
0.0,1.0,2.0,3.0,4.0,5.0,6.0,7.0,8.0,9.0
1.0,0.0,1.0,2.0,3.0,4.0,5.0,6.0,7.0,8.0
2.0,1.0,0.0,1.0,2.0,3.0,4.0,5.0,6.0,7.0
3.0,2.0,1.0,0.0,1.0,2.0,3.0,4.0,5.0,6.0
4.0,3.0,2.0,1.0,0.0,1.0,2.0,3.0,4.0,5.0
5.0,4.0,3.0,2.0,1.0,0.0,1.0,2.0,3.0,4.0
6.0,5.0,4.0,3.0,2.0,1.0,0.0,1.0,2.0,3.0
7.0,6.0,5.0,4.0,3.0,2.0,1.0,0.0,1.0,2.0
8.0,7.0,6.0,5.0,4.0,3.0,2.0,1.0,0.0,1.0
9.0,8.0,7.0,6.0,5.0,4.0,3.0,2.0,1.0,0.0
45.0,40.0,35.0,30.0,25.0,25.0,30.0,35.0,40.0,45.0
25.0,32.0,25.0,28.0,29.0,30.0,32.0,27.0,31.0,34.0,35.0,35.0,29.0,32.0,34.0,27.0,22.0,26.0,20.0,38.0,26.0,22.0,29.0,21.0,29.0,30.0,34.0,31.0,27.0,33.0,22.0,35.0,33.0,35.0,32.0,32.0,32.0,14.0,32.0,25.0,33.0,25.0,27.0,32.0,27.0,35.0,28.0,23.0,31.0,36.0
34.0,24.0,35.0,32.0,40.0,54.0,41.0,31.0,26.0,30.0,38.0,36.0,43.0,44.0,27.0,35.0,39.0,38.0,41.0,34.0,36.0,32.0,34.0,33.0,33.0,42.0,27.0,39.0,35.0,36.0,31.0,36.0,37.0,34.0,38.0,34.0,33.0,36.0,32.0,37.0,38.0,35.0,34.0,29.0,42.0,40.0,34.0,39.0,41.0,37.0
29.0,25.0,25.0,32.0,21.0,27.0,19.0,25.0,17.0,30.0,30.0,32.0,35.0,21.0,22.0,33.0,16.0,20.0,24.0,23.0,38.0,27.0,28.0,28.0,22.0,26.0,21.0,30.0,27.0,23.0,23.0,27.0,29.0,33.0,23.0,36.0,30.0,32.0,14.0,25.0,31.0,28.0,23.0,31.0,34.0,41.0,30.0,24.0,37.0,24.0
25.0,37.0,29.0,32.0,15.0,41.0,30.0,44.0,43.0,17.0,38.0,23.0,36.0,37.0,42.0,43.0,33.0,41.0,38.0,41.0,33.0,34.0,26.0,33.0,30.0,26.0,32.0,30.0,37.0,42.0,18.0,38.0,39.0,32.0,41.0,39.0,35.0,23.0,29.0,30.0,29.0,40.0,31.0,30.0,35.0,44.0,36.0,38.0,27.0,42.0
28.0,47.0,22.0,27.0,34.0,25.0,31.0,34.0,27.0,36.0,26.0,22.0,18.0,21.0,25.0,30.0,37.0,28.0,30.0,43.0,37.0,28.0,33.0,28.0,37.0,37.0,26.0,36.0,34.0,35.0,21.0,28.0,26.0,27.0,26.0,24.0,30.0,29.0,35.0,37.0,33.0,24.0,27.0,38.0,22.0,32.0,25.0,35.0,22.0,37.0
22.0,22.0,41.0,35.0,39.0,33.0,28.0,39.0,35.0,30.0,33.0,30.0,37.0,33.0,33.0,23.0,37.0,40.0,45.0,30.0,31.0,23.0,30.0,41.0,33.0,22.0,45.0,40.0,15.0,32.0,28.0,34.0,29.0,32.0,29.0,33.0,29.0,27.0,32.0,38.0,25.0,23.0,33.0,39.0,35.0,34.0,39.0,34.0,37.0,46.0
24.0,26.0,23.0,21.0,17.0,29.0,20.0,21.0,26.0,19.0,23.0,20.0,22.0,27.0,25.0,24.0,23.0,25.0,19.0,19.0,22.0,14.0,18.0,12.0,24.0,18.0,9.0,25.0,32.0,24.0,29.0,29.0,20.0,25.0,26.0,20.0,23.0,19.0,20.0,13.0,13.0,21.0,17.0,18.0,23.0,20.0,18.0,18.0,20.0,17.0
33.0,31.0,25.0,25.0,21.0,25.0,21.0,21.0,29.0,24.0,29.0,31.0,25.0,24.0,25.0,21.0,26.0,26.0,35.0,34.0,28.0,30.0,19.0,17.0,26.0,28.0,29.0,37.0,23.0,23.0,30.0,29.0,38.0,22.0,16.0,24.0,27.0,29.0,31.0,19.0,26.0,26.0,22.0,19.0,23.0,33.0,27.0,20.0,21.0,27.0
28.0,20.0,26.0,27.0,36.0,29.0,28.0,19.0,35.0,31.0,22.0,26.0,24.0,25.0,33.0,30.0,28.0,29.0,33.0,29.0,31.0,25.0,22.0,37.0,28.0,33.0,35.0,33.0,28.0,28.0,37.0,35.0,32.0,32.0,27.0,19.0,31.0,23.0,29.0,25.0,30.0,14.0,22.0,20.0,24.0,36.0,28.0,27.0,33.0,31.0
20.0,29.0,33.0,12.0,25.0,21.0,26.0,17.0,23.0,23.0,33.0,25.0,26.0,28.0,25.0,21.0,26.0,17.0,26.0,26.0,18.0,23.0,29.0,18.0,30.0,18.0,17.0,28.0,35.0,27.0,29.0,22.0,29.0,31.0,26.0,17.0,16.0,28.0,30.0,28.0,28.0,32.0,26.0,19.0,29.0,27.0,17.0,24.0,21.0,20.0
