10,50,1000
18.887059,15.165309,16.017457,17.092682,19.495946,19.39227,17.321056,16.851429,16.148683,19.909193
9.529131,8.325401,8.057396,5.763876,7.038682,8.066538,6.259892,9.886441,8.413676,6.041863
0.0,10.0,20.0,30.0,40.0,50.0,60.0,70.0,80.0,90.0
10.0,0.0,10.0,20.0,30.0,40.0,50.0,60.0,70.0,80.0
20.0,10.0,0.0,10.0,20.0,30.0,40.0,50.0,60.0,70.0
30.0,20.0,10.0,0.0,10.0,20.0,30.0,40.0,50.0,60.0
40.0,30.0,20.0,10.0,0.0,10.0,20.0,30.0,40.0,50.0
50.0,40.0,30.0,20.0,10.0,0.0,10.0,20.0,30.0,40.0
60.0,50.0,40.0,30.0,20.0,10.0,0.0,10.0,20.0,30.0
70.0,60.0,50.0,40.0,30.0,20.0,10.0,0.0,10.0,20.0
80.0,70.0,60.0,50.0,40.0,30.0,20.0,10.0,0.0,10.0
90.0,80.0,70.0,60.0,50.0,40.0,30.0,20.0,10.0,0.0
450.0,400.0,350.0,300.0,250.0,250.0,300.0,350.0,400.0,450.0
0.0,1.0,2.0,3.0,4.0,5.0,6.0,7.0,8.0,9.0
1.0,0.0,1.0,2.0,3.0,4.0,5.0,6.0,7.0,8.0
2.0,1.0,0.0,1.0,2.0,3.0,4.0,5.0,6.0,7.0
3.0,2.0,1.0,0.0,1.0,2.0,3.0,4.0,5.0,6.0
4.0,3.0,2.0,1.0,0.0,1.0,2.0,3.0,4.0,5.0
5.0,4.0,3.0,2.0,1.0,0.0,1.0,2.0,3.0,4.0
6.0,5.0,4.0,3.0,2.0,1.0,0.0,1.0,2.0,3.0
7.0,6.0,5.0,4.0,3.0,2.0,1.0,0.0,1.0,2.0
8.0,7.0,6.0,5.0,4.0,3.0,2.0,1.0,0.0,1.0
9.0,8.0,7.0,6.0,5.0,4.0,3.0,2.0,1.0,0.0
45.0,40.0,35.0,30.0,25.0,25.0,30.0,35.0,40.0,45.0
28.0,35.0,48.0,29.0,33.0,43.0,41.0,31.0,36.0,37.0,35.0,25.0,47.0,35.0,43.0,36.0,37.0,31.0,34.0,37.0,53.0,34.0,37.0,25.0,46.0,43.0,39.0,30.0,48.0,31.0,32.0,32.0,36.0,34.0,34.0,41.0,21.0,31.0,30.0,46.0,41.0,35.0,41.0,50.0,41.0,30.0,34.0,38.0,31.0,38.0
24.0,31.0,31.0,35.0,26.0,26.0,28.0,27.0,42.0,29.0,35.0,31.0,37.0,25.0,44.0,34.0,33.0,27.0,29.0,29.0,25.0,37.0,27.0,39.0,27.0,25.0,41.0,27.0,29.0,23.0,28.0,30.0,37.0,26.0,28.0,48.0,39.0,31.0,26.0,31.0,27.0,35.0,29.0,37.0,21.0,29.0,34.0,28.0,33.0,24.0
31.0,21.0,38.0,26.0,34.0,27.0,20.0,38.0,35.0,39.0,43.0,34.0,32.0,43.0,29.0,37.0,29.0,34.0,28.0,29.0,27.0,32.0,32.0,30.0,26.0,33.0,29.0,35.0,31.0,31.0,36.0,30.0,32.0,34.0,25.0,34.0,33.0,23.0,28.0,33.0,35.0,34.0,28.0,24.0,22.0,27.0,36.0,37.0,26.0,23.0
25.0,22.0,29.0,22.0,28.0,26.0,20.0,23.0,29.0,22.0,25.0,15.0,23.0,25.0,23.0,18.0,26.0,24.0,24.0,22.0,28.0,30.0,22.0,19.0,29.0,28.0,26.0,18.0,26.0,23.0,25.0,19.0,20.0,32.0,34.0,23.0,17.0,20.0,26.0,17.0,25.0,22.0,16.0,31.0,23.0,30.0,16.0,18.0,17.0,24.0
32.0,24.0,14.0,28.0,33.0,31.0,26.0,38.0,29.0,19.0,29.0,35.0,32.0,29.0,26.0,29.0,36.0,29.0,23.0,19.0,22.0,35.0,33.0,26.0,30.0,33.0,34.0,23.0,17.0,30.0,24.0,24.0,19.0,30.0,30.0,30.0,23.0,24.0,20.0,23.0,32.0,29.0,30.0,24.0,27.0,35.0,24.0,19.0,32.0,23.0
32.0,32.0,38.0,38.0,38.0,33.0,25.0,28.0,35.0,32.0,36.0,34.0,26.0,37.0,32.0,26.0,29.0,35.0,22.0,44.0,28.0,32.0,30.0,28.0,34.0,25.0,31.0,27.0,40.0,32.0,33.0,41.0,16.0,33.0,33.0,25.0,31.0,31.0,27.0,36.0,38.0,44.0,33.0,34.0,28.0,28.0,38.0,26.0,25.0,33.0
26.0,21.0,23.0,25.0,20.0,28.0,27.0,27.0,17.0,21.0,29.0,18.0,26.0,20.0,28.0,25.0,20.0,18.0,26.0,33.0,15.0,33.0,13.0,26.0,25.0,30.0,27.0,22.0,31.0,17.0,22.0,30.0,20.0,33.0,26.0,27.0,19.0,23.0,26.0,28.0,35.0,27.0,24.0,28.0,17.0,28.0,24.0,40.0,22.0,27.0
31.0,37.0,37.0,37.0,42.0,27.0,46.0,33.0,35.0,35.0,41.0,44.0,38.0,47.0,41.0,44.0,38.0,35.0,42.0,30.0,43.0,31.0,41.0,26.0,43.0,24.0,32.0,35.0,33.0,34.0,37.0,35.0,30.0,43.0,43.0,34.0,32.0,38.0,31.0,36.0,35.0,39.0,30.0,34.0,37.0,32.0,35.0,35.0,33.0,27.0
35.0,33.0,31.0,48.0,37.0,32.0,33.0,24.0,23.0,30.0,25.0,27.0,22.0,31.0,33.0,36.0,22.0,33.0,37.0,24.0,37.0,28.0,31.0,33.0,38.0,44.0,31.0,33.0,33.0,39.0,32.0,34.0,28.0,43.0,34.0,30.0,32.0,27.0,31.0,37.0,31.0,22.0,29.0,39.0,26.0,33.0,29.0,34.0,32.0,23.0
33.0,28.0,26.0,25.0,29.0,36.0,21.0,27.0,22.0,24.0,23.0,23.0,29.0,20.0,27.0,31.0,20.0,30.0,30.0,21.0,23.0,29.0,15.0,25.0,16.0,28.0,29.0,18.0,34.0,32.0,20.0,27.0,21.0,32.0,21.0,27.0,32.0,14.0,17.0,20.0,36.0,25.0,28.0,20.0,22.0,30.0,20.0,27.0,28.0,19.0
