10,50,1000
15.087756,19.585998,17.513414,17.516591,15.534134,18.287234,15.376431,15.249336,16.761806,18.25787
5.283082,5.463481,7.069904,6.786929,6.301205,8.48229,6.545848,9.683486,8.048162,5.73636
0.0,10.0,20.0,30.0,40.0,50.0,60.0,70.0,80.0,90.0
10.0,0.0,10.0,20.0,30.0,40.0,50.0,60.0,70.0,80.0
20.0,10.0,0.0,10.0,20.0,30.0,40.0,50.0,60.0,70.0
30.0,20.0,10.0,0.0,10.0,20.0,30.0,40.0,50.0,60.0
40.0,30.0,20.0,10.0,0.0,10.0,20.0,30.0,40.0,50.0
50.0,40.0,30.0,20.0,10.0,0.0,10.0,20.0,30.0,40.0
60.0,50.0,40.0,30.0,20.0,10.0,0.0,10.0,20.0,30.0
70.0,60.0,50.0,40.0,30.0,20.0,10.0,0.0,10.0,20.0
80.0,70.0,60.0,50.0,40.0,30.0,20.0,10.0,0.0,10.0
90.0,80.0,70.0,60.0,50.0,40.0,30.0,20.0,10.0,0.0
450.0,400.0,350.0,300.0,250.0,250.0,300.0,350.0,400.0,450.0
0.0,1.0,2.0,3.0,4.0,5.0,6.0,7.0,8.0,9.0
1.0,0.0,1.0,2.0,3.0,4.0,5.0,6.0,7.0,8.0
2.0,1.0,0.0,1.0,2.0,3.0,4.0,5.0,6.0,7.0
3.0,2.0,1.0,0.0,1.0,2.0,3.0,4.0,5.0,6.0
4.0,3.0,2.0,1.0,0.0,1.0,2.0,3.0,4.0,5.0
5.0,4.0,3.0,2.0,1.0,0.0,1.0,2.0,3.0,4.0
6.0,5.0,4.0,3.0,2.0,1.0,0.0,1.0,2.0,3.0
7.0,6.0,5.0,4.0,3.0,2.0,1.0,0.0,1.0,2.0
8.0,7.0,6.0,5.0,4.0,3.0,2.0,1.0,0.0,1.0
9.0,8.0,7.0,6.0,5.0,4.0,3.0,2.0,1.0,0.0
45.0,40.0,35.0,30.0,25.0,25.0,30.0,35.0,40.0,45.0
25.0,13.0,16.0,21.0,25.0,16.0,23.0,21.0,22.0,31.0,21.0,16.0,15.0,17.0,25.0,20.0,27.0,21.0,16.0,21.0,18.0,17.0,20.0,19.0,23.0,25.0,22.0,17.0,25.0,18.0,15.0,21.0,21.0,15.0,19.0,28.0,15.0,24.0,31.0,21.0,15.0,24.0,11.0,27.0,10.0,22.0,27.0,19.0,20.0,17.0
24.0,20.0,23.0,34.0,20.0,29.0,22.0,24.0,21.0,25.0,30.0,34.0,24.0,19.0,21.0,24.0,17.0,16.0,24.0,13.0,17.0,31.0,19.0,25.0,23.0,26.0,23.0,22.0,22.0,32.0,27.0,25.0,19.0,16.0,21.0,29.0,16.0,23.0,26.0,21.0,24.0,33.0,19.0,32.0,25.0,20.0,22.0,17.0,28.0,13.0
27.0,25.0,31.0,22.0,38.0,25.0,16.0,25.0,28.0,29.0,26.0,35.0,23.0,30.0,16.0,24.0,19.0,23.0,25.0,27.0,25.0,26.0,33.0,30.0,24.0,25.0,24.0,28.0,30.0,29.0,30.0,22.0,18.0,32.0,19.0,42.0,34.0,19.0,29.0,21.0,35.0,27.0,21.0,27.0,17.0,29.0,27.0,33.0,16.0,31.0
26.0,23.0,27.0,22.0,24.0,21.0,37.0,23.0,26.0,30.0,25.0,30.0,24.0,23.0,23.0,24.0,27.0,26.0,37.0,35.0,30.0,24.0,26.0,31.0,30.0,21.0,30.0,17.0,37.0,37.0,24.0,27.0,25.0,23.0,25.0,27.0,26.0,32.0,29.0,26.0,20.0,21.0,25.0,37.0,30.0,29.0,26.0,28.0,28.0,24.0
22.0,28.0,19.0,31.0,29.0,27.0,24.0,20.0,28.0,23.0,29.0,21.0,26.0,27.0,24.0,16.0,25.0,34.0,18.0,23.0,12.0,29.0,29.0,23.0,20.0,31.0,33.0,17.0,29.0,18.0,26.0,15.0,31.0,26.0,20.0,29.0,22.0,25.0,23.0,32.0,32.0,31.0,22.0,25.0,22.0,23.0,40.0,31.0,17.0,30.0
25.0,37.0,27.0,30.0,41.0,36.0,27.0,43.0,34.0,34.0,36.0,28.0,28.0,35.0,36.0,44.0,52.0,32.0,30.0,36.0,27.0,30.0,31.0,24.0,36.0,35.0,40.0,43.0,29.0,34.0,24.0,39.0,37.0,21.0,28.0,34.0,23.0,26.0,35.0,22.0,37.0,27.0,33.0,31.0,28.0,28.0,30.0,31.0,36.0,33.0
22.0,25.0,29.0,21.0,20.0,31.0,27.0,33.0,18.0,24.0,18.0,20.0,35.0,17.0,21.0,30.0,26.0,25.0,20.0,18.0,21.0,26.0,30.0,25.0,24.0,24.0,22.0,24.0,23.0,26.0,25.0,21.0,21.0,29.0,20.0,22.0,35.0,25.0,29.0,24.0,28.0,29.0,34.0,20.0,23.0,18.0,24.0,20.0,26.0,31.0
34.0,39.0,33.0,33.0,46.0,40.0,40.0,34.0,39.0,42.0,22.0,31.0,35.0,44.0,31.0,31.0,30.0,38.0,36.0,31.0,31.0,31.0,40.0,34.0,30.0,33.0,32.0,33.0,34.0,33.0,34.0,41.0,37.0,29.0,29.0,36.0,49.0,37.0,34.0,42.0,37.0,33.0,37.0,38.0,34.0,38.0,35.0,37.0,28.0,38.0
23.0,24.0,19.0,32.0,26.0,37.0,29.0,20.0,23.0,23.0,31.0,37.0,35.0,40.0,25.0,23.0,39.0,32.0,27.0,39.0,31.0,32.0,35.0,43.0,32.0,26.0,26.0,31.0,24.0,32.0,38.0,27.0,32.0,30.0,22.0,21.0,20.0,24.0,24.0,26.0,24.0,31.0,39.0,37.0,21.0,26.0,24.0,23.0,27.0,28.0
21.0,24.0,27.0,25.0,19.0,24.0,24.0,20.0,33.0,26.0,17.0,22.0,24.0,26.0,24.0,21.0,23.0,29.0,22.0,24.0,14.0,22.0,27.0,27.0,28.0,24.0,22.0,20.0,30.0,21.0,22.0,17.0,13.0,25.0,33.0,23.0,18.0,21.0,25.0,15.0,30.0,30.0,20.0,25.0,21.0,21.0,35.0,26.0,28.0,23.0
