10,50,1000
15.258787,19.158602,15.99508,15.473549,18.573127,17.077463,17.423935,16.919728,16.477725,17.619006
9.989783,6.882299,5.307061,5.182369,7.669267,8.530246,8.567956,5.240048,8.776334,8.269221
0.0,10.0,20.0,30.0,40.0,50.0,60.0,70.0,80.0,90.0
10.0,0.0,10.0,20.0,30.0,40.0,50.0,60.0,70.0,80.0
20.0,10.0,0.0,10.0,20.0,30.0,40.0,50.0,60.0,70.0
30.0,20.0,10.0,0.0,10.0,20.0,30.0,40.0,50.0,60.0
40.0,30.0,20.0,10.0,0.0,10.0,20.0,30.0,40.0,50.0
50.0,40.0,30.0,20.0,10.0,0.0,10.0,20.0,30.0,40.0
60.0,50.0,40.0,30.0,20.0,10.0,0.0,10.0,20.0,30.0
70.0,60.0,50.0,40.0,30.0,20.0,10.0,0.0,10.0,20.0
80.0,70.0,60.0,50.0,40.0,30.0,20.0,10.0,0.0,10.0
90.0,80.0,70.0,60.0,50.0,40.0,30.0,20.0,10.0,0.0
450.0,400.0,350.0,300.0,250.0,250.0,300.0,350.0,400.0,450.0
0.0,1.0,2.0,3.0,4.0,5.0,6.0,7.0,8.0,9.0
1.0,0.0,1.0,2.0,3.0,4.0,5.0,6.0,7.0,8.0
2.0,1.0,0.0,1.0,2.0,3.0,4.0,5.0,6.0,7.0
3.0,2.0,1.0,0.0,1.0,2.0,3.0,4.0,5.0,6.0
4.0,3.0,2.0,1.0,0.0,1.0,2.0,3.0,4.0,5.0
5.0,4.0,3.0,2.0,1.0,0.0,1.0,2.0,3.0,4.0
6.0,5.0,4.0,3.0,2.0,1.0,0.0,1.0,2.0,3.0
7.0,6.0,5.0,4.0,3.0,2.0,1.0,0.0,1.0,2.0
8.0,7.0,6.0,5.0,4.0,3.0,2.0,1.0,0.0,1.0
9.0,8.0,7.0,6.0,5.0,4.0,3.0,2.0,1.0,0.0
45.0,40.0,35.0,30.0,25.0,25.0,30.0,35.0,40.0,45.0
43.0,28.0,36.0,46.0,48.0,38.0,42.0,43.0,30.0,35.0,40.0,46.0,38.0,37.0,40.0,32.0,34.0,35.0,33.0,27.0,40.0,39.0,36.0,39.0,39.0,29.0,28.0,33.0,40.0,47.0,34.0,37.0,28.0,33.0,37.0,43.0,33.0,30.0,32.0,38.0,31.0,31.0,36.0,31.0,37.0,39.0,42.0,36.0,55.0,41.0
34.0,37.0,36.0,27.0,35.0,32.0,23.0,31.0,23.0,23.0,28.0,16.0,30.0,22.0,23.0,32.0,21.0,27.0,19.0,21.0,23.0,21.0,29.0,28.0,31.0,29.0,23.0,29.0,21.0,25.0,33.0,29.0,41.0,27.0,23.0,28.0,32.0,30.0,32.0,27.0,27.0,30.0,24.0,33.0,31.0,27.0,27.0,26.0,30.0,36.0
21.0,17.0,28.0,26.0,18.0,21.0,15.0,22.0,13.0,25.0,33.0,25.0,28.0,22.0,17.0,28.0,20.0,27.0,22.0,22.0,22.0,22.0,27.0,15.0,23.0,21.0,26.0,24.0,23.0,19.0,23.0,19.0,26.0,22.0,18.0,22.0,21.0,18.0,15.0,23.0,14.0,18.0,16.0,13.0,24.0,21.0,24.0,19.0,30.0,18.0
30.0,17.0,20.0,29.0,21.0,23.0,16.0,30.0,23.0,19.0,12.0,19.0,14.0,31.0,24.0,19.0,20.0,21.0,20.0,28.0,21.0,17.0,24.0,26.0,29.0,21.0,26.0,25.0,34.0,20.0,18.0,29.0,19.0,25.0,11.0,26.0,23.0,32.0,19.0,17.0,20.0,22.0,22.0,28.0,15.0,17.0,27.0,12.0,28.0,21.0
25.0,21.0,39.0,24.0,27.0,38.0,33.0,33.0,27.0,22.0,31.0,26.0,29.0,36.0,32.0,35.0,32.0,33.0,30.0,37.0,35.0,25.0,24.0,33.0,36.0,32.0,22.0,31.0,24.0,36.0,37.0,22.0,36.0,25.0,26.0,37.0,26.0,31.0,30.0,26.0,42.0,18.0,36.0,26.0,22.0,29.0,27.0,31.0,23.0,24.0
38.0,32.0,35.0,38.0,24.0,26.0,38.0,30.0,27.0,26.0,34.0,37.0,21.0,31.0,38.0,33.0,24.0,30.0,38.0,29.0,36.0,23.0,42.0,29.0,28.0,31.0,34.0,31.0,19.0,26.0,29.0,32.0,42.0,34.0,30.0,34.0,34.0,29.0,36.0,33.0,23.0,38.0,35.0,25.0,26.0,31.0,25.0,33.0,32.0,35.0
25.0,34.0,28.0,41.0,39.0,36.0,36.0,28.0,31.0,30.0,31.0,28.0,31.0,31.0,35.0,38.0,23.0,35.0,22.0,34.0,32.0,24.0,34.0,16.0,43.0,43.0,31.0,32.0,39.0,30.0,41.0,24.0,35.0,30.0,33.0,38.0,30.0,26.0,28.0,27.0,32.0,43.0,27.0,34.0,30.0,41.0,32.0,32.0,43.0,26.0
23.0,24.0,18.0,28.0,12.0,24.0,20.0,17.0,33.0,30.0,20.0,15.0,21.0,21.0,21.0,19.0,15.0,25.0,34.0,28.0,22.0,22.0,23.0,25.0,22.0,21.0,28.0,20.0,8.0,23.0,20.0,19.0,20.0,14.0,29.0,26.0,17.0,26.0,20.0,17.0,20.0,19.0,23.0,20.0,25.0,10.0,17.0,23.0,27.0,27.0
33.0,27.0,30.0,38.0,37.0,38.0,40.0,27.0,23.0,36.0,25.0,33.0,19.0,25.0,32.0,34.0,31.0,36.0,32.0,35.0,35.0,16.0,30.0,35.0,39.0,31.0,27.0,33.0,34.0,30.0,32.0,28.0,45.0,26.0,37.0,31.0,40.0,33.0,26.0,37.0,35.0,36.0,35.0,29.0,35.0,31.0,39.0,34.0,41.0,44.0
28.0,28.0,26.0,24.0,29.0,32.0,29.0,35.0,22.0,23.0,35.0,32.0,25.0,35.0,43.0,25.0,32.0,25.0,34.0,33.0,32.0,35.0,26.0,34.0,39.0,30.0,38.0,28.0,34.0,20.0,31.0,35.0,33.0,29.0,33.0,46.0,31.0,33.0,33.0,31.0,29.0,35.0,30.0,33.0,27.0,32.0,26.0,27.0,38.0,29.0
