10,50,1000
16.959382,15.486986,16.017058,19.083366,19.433822,19.667378,15.625793,17.927974,17.244215,17.881876
7.179305,5.916493,5.44224,5.583585,7.575269,8.022044,8.094642,7.949387,9.488097,8.564561
0.0,10.0,20.0,30.0,40.0,50.0,60.0,70.0,80.0,90.0
10.0,0.0,10.0,20.0,30.0,40.0,50.0,60.0,70.0,80.0
20.0,10.0,0.0,10.0,20.0,30.0,40.0,50.0,60.0,70.0
30.0,20.0,10.0,0.0,10.0,20.0,30.0,40.0,50.0,60.0
40.0,30.0,20.0,10.0,0.0,10.0,20.0,30.0,40.0,50.0
50.0,40.0,30.0,20.0,10.0,0.0,10.0,20.0,30.0,40.0
60.0,50.0,40.0,30.0,20.0,10.0,0.0,10.0,20.0,30.0
70.0,60.0,50.0,40.0,30.0,20.0,10.0,0.0,10.0,20.0
80.0,70.0,60.0,50.0,40.0,30.0,20.0,10.0,0.0,10.0
90.0,80.0,70.0,60.0,50.0,40.0,30.0,20.0,10.0,0.0
450.0,400.0,350.0,300.0,250.0,250.0,300.0,350.0,400.0,450.0
0.0,1.0,2.0,3.0,4.0,5.0,6.0,7.0,8.0,9.0
1.0,0.0,1.0,2.0,3.0,4.0,5.0,6.0,7.0,8.0
2.0,1.0,0.0,1.0,2.0,3.0,4.0,5.0,6.0,7.0
3.0,2.0,1.0,0.0,1.0,2.0,3.0,4.0,5.0,6.0
4.0,3.0,2.0,1.0,0.0,1.0,2.0,3.0,4.0,5.0
5.0,4.0,3.0,2.0,1.0,0.0,1.0,2.0,3.0,4.0
6.0,5.0,4.0,3.0,2.0,1.0,0.0,1.0,2.0,3.0
7.0,6.0,5.0,4.0,3.0,2.0,1.0,0.0,1.0,2.0
8.0,7.0,6.0,5.0,4.0,3.0,2.0,1.0,0.0,1.0
9.0,8.0,7.0,6.0,5.0,4.0,3.0,2.0,1.0,0.0
45.0,40.0,35.0,30.0,25.0,25.0,30.0,35.0,40.0,45.0
25.0,31.0,21.0,22.0,36.0,24.0,25.0,32.0,16.0,26.0,30.0,28.0,21.0,24.0,28.0,26.0,34.0,24.0,39.0,30.0,26.0,22.0,23.0,33.0,23.0,22.0,29.0,25.0,27.0,34.0,22.0,23.0,20.0,18.0,28.0,24.0,26.0,19.0,29.0,29.0,25.0,31.0,32.0,33.0,28.0,21.0,31.0,35.0,26.0,21.0
27.0,18.0,16.0,24.0,23.0,22.0,20.0,24.0,20.0,26.0,26.0,26.0,25.0,24.0,16.0,20.0,22.0,32.0,31.0,27.0,15.0,20.0,24.0,23.0,26.0,18.0,26.0,21.0,33.0,22.0,37.0,25.0,35.0,20.0,26.0,28.0,25.0,28.0,26.0,13.0,29.0,26.0,25.0,21.0,24.0,23.0,16.0,27.0,15.0,22.0
16.0,19.0,23.0,18.0,18.0,18.0,22.0,18.0,14.0,25.0,21.0,30.0,24.0,21.0,25.0,22.0,19.0,19.0,27.0,27.0,25.0,21.0,17.0,23.0,24.0,28.0,21.0,18.0,21.0,23.0,19.0,23.0,29.0,26.0,22.0,26.0,19.0,17.0,18.0,26.0,27.0,19.0,15.0,12.0,21.0,15.0,23.0,22.0,23.0,17.0
21.0,17.0,12.0,20.0,26.0,24.0,16.0,29.0,21.0,25.0,25.0,24.0,19.0,26.0,19.0,26.0,17.0,17.0,14.0,20.0,25.0,22.0,24.0,23.0,20.0,34.0,19.0,24.0,31.0,24.0,20.0,23.0,20.0,17.0,26.0,21.0,26.0,30.0,20.0,18.0,21.0,22.0,31.0,22.0,16.0,16.0,28.0,28.0,19.0,25.0
31.0,28.0,37.0,28.0,25.0,26.0,26.0,36.0,34.0,31.0,32.0,31.0,31.0,32.0,30.0,28.0,27.0,39.0,27.0,44.0,28.0,28.0,36.0,22.0,27.0,23.0,35.0,28.0,33.0,30.0,26.0,32.0,23.0,33.0,22.0,35.0,32.0,21.0,32.0,31.0,35.0,28.0,35.0,35.0,33.0,37.0,27.0,22.0,31.0,34.0
22.0,31.0,30.0,34.0,34.0,33.0,33.0,33.0,21.0,32.0,22.0,33.0,28.0,30.0,25.0,31.0,44.0,26.0,26.0,16.0,34.0,31.0,36.0,34.0,43.0,26.0,28.0,33.0,31.0,32.0,34.0,36.0,30.0,28.0,32.0,30.0,37.0,32.0,34.0,38.0,35.0,30.0,29.0,34.0,33.0,29.0,31.0,30.0,33.0,27.0
37.0,17.0,34.0,31.0,32.0,24.0,27.0,25.0,26.0,27.0,36.0,32.0,31.0,38.0,28.0,37.0,28.0,25.0,36.0,34.0,32.0,41.0,25.0,40.0,29.0,29.0,21.0,26.0,34.0,25.0,34.0,25.0,23.0,24.0,32.0,31.0,35.0,50.0,28.0,31.0,30.0,22.0,27.0,26.0,38.0,35.0,31.0,26.0,30.0,40.0
23.0,33.0,31.0,33.0,33.0,35.0,29.0,21.0,26.0,32.0,25.0,31.0,21.0,34.0,25.0,31.0,28.0,22.0,31.0,34.0,26.0,38.0,38.0,39.0,19.0,31.0,26.0,31.0,36.0,29.0,33.0,41.0,25.0,24.0,31.0,32.0,27.0,31.0,25.0,34.0,29.0,27.0,24.0,35.0,29.0,28.0,25.0,26.0,31.0,26.0
35.0,43.0,32.0,33.0,33.0,35.0,38.0,40.0,21.0,33.0,43.0,37.0,39.0,50.0,30.0,30.0,24.0,35.0,31.0,31.0,35.0,28.0,38.0,25.0,36.0,31.0,29.0,29.0,29.0,44.0,33.0,25.0,47.0,25.0,39.0,26.0,35.0,41.0,37.0,36.0,34.0,33.0,25.0,34.0,34.0,35.0,30.0,35.0,37.0,27.0
36.0,44.0,34.0,33.0,27.0,39.0,30.0,27.0,39.0,32.0,27.0,29.0,18.0,30.0,29.0,40.0,26.0,37.0,35.0,37.0,25.0,31.0,25.0,38.0,29.0,28.0,30.0,21.0,34.0,25.0,29.0,34.0,30.0,23.0,35.0,25.0,35.0,26.0,31.0,38.0,25.0,38.0,21.0,35.0,41.0,31.0,29.0,35.0,26.0,29.0
