10,50,1000
16.006462,15.556442,15.502563,19.461252,17.080474,17.617632,18.020076,19.261976,16.659378,19.104201
5.986741,6.006303,7.752625,8.199212,7.327926,9.245177,9.678485,5.388358,6.923978,6.608104
0.0,10.0,20.0,30.0,40.0,50.0,60.0,70.0,80.0,90.0
10.0,0.0,10.0,20.0,30.0,40.0,50.0,60.0,70.0,80.0
20.0,10.0,0.0,10.0,20.0,30.0,40.0,50.0,60.0,70.0
30.0,20.0,10.0,0.0,10.0,20.0,30.0,40.0,50.0,60.0
40.0,30.0,20.0,10.0,0.0,10.0,20.0,30.0,40.0,50.0
50.0,40.0,30.0,20.0,10.0,0.0,10.0,20.0,30.0,40.0
60.0,50.0,40.0,30.0,20.0,10.0,0.0,10.0,20.0,30.0
70.0,60.0,50.0,40.0,30.0,20.0,10.0,0.0,10.0,20.0
80.0,70.0,60.0,50.0,40.0,30.0,20.0,10.0,0.0,10.0
90.0,80.0,70.0,60.0,50.0,40.0,30.0,20.0,10.0,0.0
450.0,400.0,350.0,300.0,250.0,250.0,300.0,350.0,400.0,450.0
0.0,1.0,2.0,3.0,4.0,5.0,6.0,7.0,8.0,9.0
1.0,0.0,1.0,2.0,3.0,4.0,5.0,6.0,7.0,8.0
2.0,1.0,0.0,1.0,2.0,3.0,4.0,5.0,6.0,7.0
3.0,2.0,1.0,0.0,1.0,2.0,3.0,4.0,5.0,6.0
4.0,3.0,2.0,1.0,0.0,1.0,2.0,3.0,4.0,5.0
5.0,4.0,3.0,2.0,1.0,0.0,1.0,2.0,3.0,4.0
6.0,5.0,4.0,3.0,2.0,1.0,0.0,1.0,2.0,3.0
7.0,6.0,5.0,4.0,3.0,2.0,1.0,0.0,1.0,2.0
8.0,7.0,6.0,5.0,4.0,3.0,2.0,1.0,0.0,1.0
9.0,8.0,7.0,6.0,5.0,4.0,3.0,2.0,1.0,0.0
45.0,40.0,35.0,30.0,25.0,25.0,30.0,35.0,40.0,45.0
30.0,18.0,20.0,18.0,20.0,25.0,28.0,36.0,21.0,19.0,19.0,22.0,29.0,18.0,26.0,23.0,20.0,17.0,34.0,19.0,24.0,16.0,23.0,15.0,21.0,25.0,27.0,26.0,25.0,17.0,31.0,24.0,19.0,30.0,22.0,30.0,21.0,21.0,14.0,22.0,26.0,27.0,19.0,24.0,23.0,28.0,17.0,19.0,17.0,24.0
20.0,21.0,27.0,18.0,25.0,15.0,14.0,13.0,31.0,15.0,12.0,25.0,20.0,30.0,26.0,19.0,31.0,21.0,22.0,19.0,23.0,19.0,18.0,23.0,31.0,22.0,29.0,30.0,20.0,21.0,21.0,25.0,20.0,26.0,24.0,23.0,23.0,23.0,28.0,25.0,26.0,27.0,25.0,17.0,19.0,21.0,19.0,19.0,22.0,23.0
25.0,31.0,34.0,23.0,26.0,27.0,32.0,31.0,34.0,23.0,36.0,35.0,28.0,30.0,30.0,35.0,29.0,31.0,32.0,29.0,25.0,32.0,37.0,29.0,33.0,40.0,31.0,23.0,35.0,25.0,21.0,38.0,25.0,32.0,25.0,25.0,23.0,38.0,28.0,28.0,23.0,17.0,26.0,25.0,27.0,28.0,28.0,28.0,32.0,26.0
28.0,34.0,42.0,25.0,22.0,39.0,38.0,37.0,34.0,32.0,26.0,29.0,30.0,29.0,32.0,32.0,40.0,40.0,31.0,35.0,27.0,28.0,27.0,27.0,37.0,28.0,35.0,33.0,36.0,34.0,35.0,33.0,33.0,21.0,22.0,33.0,34.0,24.0,32.0,40.0,37.0,17.0,36.0,32.0,34.0,39.0,20.0,27.0,28.0,34.0
28.0,25.0,32.0,22.0,26.0,36.0,19.0,29.0,28.0,31.0,26.0,25.0,25.0,21.0,35.0,25.0,29.0,33.0,25.0,24.0,19.0,35.0,28.0,31.0,33.0,23.0,27.0,35.0,29.0,21.0,15.0,32.0,18.0,35.0,23.0,35.0,29.0,34.0,34.0,24.0,36.0,21.0,31.0,25.0,31.0,30.0,26.0,27.0,30.0,36.0
32.0,48.0,37.0,25.0,29.0,37.0,40.0,28.0,34.0,31.0,34.0,31.0,22.0,32.0,28.0,38.0,36.0,31.0,30.0,35.0,37.0,38.0,41.0,34.0,28.0,43.0,32.0,26.0,38.0,40.0,36.0,34.0,28.0,38.0,44.0,44.0,28.0,37.0,44.0,34.0,30.0,25.0,28.0,25.0,42.0,40.0,37.0,37.0,43.0,28.0
38.0,31.0,32.0,40.0,37.0,35.0,35.0,28.0,29.0,35.0,51.0,38.0,30.0,26.0,32.0,29.0,33.0,33.0,44.0,26.0,33.0,30.0,31.0,40.0,38.0,38.0,34.0,37.0,36.0,37.0,35.0,29.0,36.0,30.0,32.0,34.0,34.0,36.0,41.0,41.0,39.0,32.0,34.0,27.0,44.0,41.0,41.0,37.0,44.0,37.0
23.0,25.0,18.0,33.0,29.0,23.0,29.0,26.0,25.0,23.0,31.0,30.0,28.0,22.0,22.0,24.0,15.0,29.0,23.0,34.0,16.0,22.0,23.0,30.0,17.0,25.0,23.0,24.0,25.0,30.0,18.0,21.0,33.0,25.0,16.0,16.0,18.0,29.0,24.0,22.0,30.0,28.0,28.0,21.0,33.0,24.0,23.0,17.0,17.0,24.0
23.0,27.0,28.0,31.0,32.0,30.0,22.0,28.0,32.0,32.0,22.0,38.0,30.0,36.0,20.0,36.0,33.0,25.0,25.0,23.0,32.0,25.0,25.0,20.0,24.0,29.0,31.0,35.0,23.0,21.0,30.0,37.0,19.0,30.0,29.0,26.0,32.0,29.0,32.0,34.0,28.0,20.0,32.0,29.0,27.0,32.0,33.0,32.0,22.0,29.0
23.0,20.0,28.0,28.0,24.0,28.0,25.0,32.0,27.0,29.0,26.0,24.0,21.0,23.0,22.0,37.0,33.0,27.0,32.0,32.0,26.0,25.0,21.0,25.0,22.0,31.0,20.0,22.0,33.0,26.0,19.0,21.0,32.0,28.0,23.0,31.0,26.0,23.0,28.0,24.0,29.0,19.0,25.0,17.0,17.0,25.0,29.0,33.0,27.0,25.0
