10,50,1000
19.66675,15.818887,16.158091,18.016311,15.919209,17.25434,19.01435,15.343432,17.897127,18.323639
5.788784,6.45771,5.446969,7.208484,5.570091,7.721373,7.595612,6.350391,5.084675,7.207993
0.0,10.0,20.0,30.0,40.0,50.0,60.0,70.0,80.0,90.0
10.0,0.0,10.0,20.0,30.0,40.0,50.0,60.0,70.0,80.0
20.0,10.0,0.0,10.0,20.0,30.0,40.0,50.0,60.0,70.0
30.0,20.0,10.0,0.0,10.0,20.0,30.0,40.0,50.0,60.0
40.0,30.0,20.0,10.0,0.0,10.0,20.0,30.0,40.0,50.0
50.0,40.0,30.0,20.0,10.0,0.0,10.0,20.0,30.0,40.0
60.0,50.0,40.0,30.0,20.0,10.0,0.0,10.0,20.0,30.0
70.0,60.0,50.0,40.0,30.0,20.0,10.0,0.0,10.0,20.0
80.0,70.0,60.0,50.0,40.0,30.0,20.0,10.0,0.0,10.0
90.0,80.0,70.0,60.0,50.0,40.0,30.0,20.0,10.0,0.0
450.0,400.0,350.0,300.0,250.0,250.0,300.0,350.0,400.0,450.0
0.0,1.0,2.0,3.0,4.0,5.0,6.0,7.0,8.0,9.0
1.0,0.0,1.0,2.0,3.0,4.0,5.0,6.0,7.0,8.0
2.0,1.0,0.0,1.0,2.0,3.0,4.0,5.0,6.0,7.0
3.0,2.0,1.0,0.0,1.0,2.0,3.0,4.0,5.0,6.0
4.0,3.0,2.0,1.0,0.0,1.0,2.0,3.0,4.0,5.0
5.0,4.0,3.0,2.0,1.0,0.0,1.0,2.0,3.0,4.0
6.0,5.0,4.0,3.0,2.0,1.0,0.0,1.0,2.0,3.0
7.0,6.0,5.0,4.0,3.0,2.0,1.0,0.0,1.0,2.0
8.0,7.0,6.0,5.0,4.0,3.0,2.0,1.0,0.0,1.0
9.0,8.0,7.0,6.0,5.0,4.0,3.0,2.0,1.0,0.0
45.0,40.0,35.0,30.0,25.0,25.0,30.0,35.0,40.0,45.0
24.0,26.0,19.0,36.0,25.0,25.0,24.0,18.0,18.0,26.0,25.0,27.0,25.0,33.0,25.0,24.0,30.0,20.0,28.0,29.0,32.0,20.0,36.0,14.0,26.0,22.0,29.0,24.0,21.0,22.0,25.0,24.0,16.0,35.0,22.0,21.0,25.0,26.0,25.0,28.0,27.0,24.0,28.0,16.0,19.0,24.0,19.0,20.0,26.0,22.0
33.0,32.0,33.0,32.0,21.0,22.0,26.0,25.0,24.0,26.0,28.0,39.0,32.0,17.0,23.0,27.0,20.0,11.0,24.0,23.0,22.0,30.0,30.0,23.0,17.0,30.0,33.0,26.0,20.0,18.0,34.0,20.0,31.0,21.0,20.0,21.0,26.0,28.0,22.0,23.0,27.0,23.0,36.0,24.0,25.0,27.0,29.0,25.0,21.0,27.0
24.0,24.0,36.0,23.0,26.0,17.0,24.0,20.0,22.0,25.0,24.0,26.0,29.0,25.0,15.0,26.0,21.0,25.0,29.0,21.0,13.0,17.0,26.0,21.0,22.0,26.0,18.0,29.0,27.0,22.0,15.0,32.0,27.0,13.0,24.0,21.0,18.0,24.0,17.0,24.0,27.0,19.0,30.0,22.0,24.0,20.0,25.0,17.0,22.0,25.0
26.0,32.0,27.0,24.0,27.0,27.0,25.0,33.0,19.0,29.0,26.0,38.0,34.0,31.0,22.0,30.0,21.0,30.0,34.0,27.0,36.0,21.0,25.0,25.0,30.0,33.0,30.0,31.0,30.0,29.0,22.0,35.0,31.0,24.0,26.0,28.0,30.0,25.0,38.0,28.0,22.0,27.0,25.0,30.0,31.0,30.0,27.0,26.0,32.0,37.0
27.0,25.0,21.0,25.0,22.0,19.0,27.0,27.0,24.0,16.0,32.0,14.0,24.0,21.0,24.0,19.0,18.0,21.0,17.0,15.0,19.0,21.0,19.0,19.0,24.0,22.0,21.0,23.0,25.0,16.0,20.0,34.0,15.0,23.0,29.0,12.0,23.0,25.0,22.0,23.0,25.0,22.0,27.0,12.0,21.0,16.0,22.0,14.0,20.0,30.0
31.0,28.0,33.0,31.0,30.0,34.0,30.0,25.0,34.0,19.0,39.0,23.0,28.0,43.0,25.0,38.0,27.0,29.0,17.0,40.0,32.0,24.0,28.0,34.0,30.0,15.0,22.0,28.0,26.0,23.0,29.0,33.0,20.0,27.0,27.0,20.0,29.0,23.0,26.0,28.0,22.0,28.0,34.0,43.0,28.0,32.0,35.0,30.0,22.0,31.0
28.0,21.0,31.0,34.0,17.0,39.0,30.0,32.0,28.0,31.0,29.0,25.0,31.0,29.0,23.0,32.0,31.0,24.0,26.0,31.0,24.0,34.0,36.0,29.0,22.0,30.0,35.0,34.0,23.0,29.0,29.0,22.0,23.0,38.0,31.0,25.0,24.0,27.0,24.0,32.0,26.0,33.0,36.0,39.0,21.0,25.0,27.0,36.0,35.0,25.0
24.0,21.0,15.0,19.0,17.0,16.0,18.0,17.0,22.0,27.0,19.0,24.0,34.0,24.0,26.0,19.0,24.0,27.0,29.0,23.0,24.0,25.0,24.0,32.0,31.0,35.0,16.0,24.0,17.0,22.0,20.0,23.0,21.0,19.0,23.0,30.0,24.0,18.0,22.0,17.0,22.0,24.0,19.0,20.0,22.0,24.0,19.0,26.0,19.0,21.0
18.0,19.0,18.0,25.0,27.0,27.0,21.0,23.0,20.0,23.0,23.0,19.0,26.0,22.0,22.0,23.0,26.0,19.0,22.0,25.0,29.0,27.0,26.0,22.0,11.0,18.0,25.0,13.0,23.0,18.0,13.0,24.0,25.0,24.0,21.0,29.0,21.0,16.0,16.0,24.0,19.0,25.0,29.0,15.0,21.0,18.0,21.0,23.0,17.0,24.0
33.0,39.0,25.0,31.0,23.0,34.0,32.0,27.0,29.0,31.0,31.0,22.0,27.0,18.0,28.0,33.0,29.0,32.0,33.0,31.0,31.0,26.0,34.0,33.0,24.0,33.0,32.0,27.0,25.0,27.0,38.0,26.0,35.0,17.0,22.0,31.0,29.0,29.0,26.0,26.0,30.0,21.0,38.0,18.0,32.0,38.0,30.0,28.0,23.0,27.0
