10,50,1000
15.298605,17.761415,18.908451,16.527996,15.407908,16.347528,16.541652,15.46615,15.355364,15.191056
7.178328,8.505261,8.270834,6.951089,5.26339,6.578315,9.120991,7.470958,6.381934,7.357013
0.0,10.0,20.0,30.0,40.0,50.0,60.0,70.0,80.0,90.0
10.0,0.0,10.0,20.0,30.0,40.0,50.0,60.0,70.0,80.0
20.0,10.0,0.0,10.0,20.0,30.0,40.0,50.0,60.0,70.0
30.0,20.0,10.0,0.0,10.0,20.0,30.0,40.0,50.0,60.0
40.0,30.0,20.0,10.0,0.0,10.0,20.0,30.0,40.0,50.0
50.0,40.0,30.0,20.0,10.0,0.0,10.0,20.0,30.0,40.0
60.0,50.0,40.0,30.0,20.0,10.0,0.0,10.0,20.0,30.0
70.0,60.0,50.0,40.0,30.0,20.0,10.0,0.0,10.0,20.0
80.0,70.0,60.0,50.0,40.0,30.0,20.0,10.0,0.0,10.0
90.0,80.0,70.0,60.0,50.0,40.0,30.0,20.0,10.0,0.0
450.0,400.0,350.0,300.0,250.0,250.0,300.0,350.0,400.0,450.0
0.0,1.0,2.0,3.0,4.0,5.0,6.0,7.0,8.0,9.0
1.0,0.0,1.0,2.0,3.0,4.0,5.0,6.0,7.0,8.0
2.0,1.0,0.0,1.0,2.0,3.0,4.0,5.0,6.0,7.0
3.0,2.0,1.0,0.0,1.0,2.0,3.0,4.0,5.0,6.0
4.0,3.0,2.0,1.0,0.0,1.0,2.0,3.0,4.0,5.0
5.0,4.0,3.0,2.0,1.0,0.0,1.0,2.0,3.0,4.0
6.0,5.0,4.0,3.0,2.0,1.0,0.0,1.0,2.0,3.0
7.0,6.0,5.0,4.0,3.0,2.0,1.0,0.0,1.0,2.0
8.0,7.0,6.0,5.0,4.0,3.0,2.0,1.0,0.0,1.0
9.0,8.0,7.0,6.0,5.0,4.0,3.0,2.0,1.0,0.0
45.0,40.0,35.0,30.0,25.0,25.0,30.0,35.0,40.0,45.0
37.0,27.0,33.0,26.0,20.0,21.0,33.0,25.0,26.0,19.0,34.0,21.0,24.0,37.0,30.0,28.0,36.0,25.0,25.0,32.0,25.0,31.0,31.0,30.0,30.0,31.0,22.0,24.0,30.0,21.0,24.0,34.0,23.0,29.0,26.0,25.0,25.0,34.0,18.0,36.0,29.0,29.0,22.0,34.0,14.0,30.0,29.0,29.0,22.0,23.0
28.0,27.0,41.0,33.0,26.0,25.0,36.0,36.0,32.0,36.0,38.0,29.0,33.0,25.0,31.0,20.0,27.0,37.0,35.0,40.0,36.0,34.0,37.0,34.0,44.0,43.0,39.0,31.0,27.0,42.0,30.0,31.0,39.0,36.0,24.0,39.0,34.0,39.0,22.0,30.0,31.0,26.0,34.0,38.0,24.0,52.0,26.0,38.0,33.0,40.0
38.0,32.0,32.0,56.0,30.0,30.0,32.0,38.0,30.0,34.0,36.0,36.0,30.0,41.0,37.0,28.0,29.0,28.0,27.0,39.0,28.0,31.0,35.0,25.0,22.0,29.0,20.0,33.0,34.0,31.0,28.0,23.0,35.0,26.0,26.0,25.0,25.0,26.0,31.0,30.0,24.0,27.0,43.0,41.0,37.0,28.0,32.0,31.0,24.0,43.0
22.0,28.0,35.0,31.0,17.0,18.0,22.0,33.0,25.0,27.0,28.0,25.0,28.0,33.0,29.0,22.0,17.0,19.0,31.0,30.0,20.0,26.0,23.0,28.0,27.0,22.0,24.0,23.0,26.0,29.0,29.0,17.0,28.0,27.0,38.0,27.0,26.0,31.0,25.0,30.0,21.0,43.0,26.0,16.0,32.0,28.0,34.0,34.0,32.0,14.0
19.0,20.0,27.0,20.0,24.0,19.0,18.0,19.0,17.0,19.0,24.0,21.0,21.0,18.0,21.0,22.0,17.0,17.0,14.0,19.0,17.0,30.0,23.0,20.0,20.0,19.0,20.0,28.0,24.0,35.0,24.0,17.0,26.0,29.0,15.0,22.0,21.0,18.0,30.0,19.0,14.0,17.0,20.0,13.0,19.0,26.0,23.0,17.0,14.0,35.0
36.0,23.0,29.0,39.0,20.0,27.0,30.0,22.0,19.0,20.0,26.0,18.0,13.0,19.0,33.0,17.0,22.0,38.0,24.0,16.0,32.0,20.0,23.0,29.0,25.0,31.0,18.0,23.0,26.0,23.0,19.0,26.0,16.0,31.0,18.0,28.0,25.0,24.0,25.0,23.0,23.0,25.0,27.0,20.0,28.0,28.0,28.0,17.0,27.0,21.0
42.0,39.0,35.0,40.0,33.0,33.0,29.0,22.0,34.0,39.0,32.0,41.0,45.0,37.0,23.0,28.0,38.0,39.0,36.0,23.0,35.0,42.0,36.0,49.0,28.0,35.0,36.0,32.0,25.0,44.0,31.0,35.0,25.0,34.0,37.0,26.0,22.0,40.0,37.0,35.0,34.0,39.0,37.0,37.0,36.0,35.0,36.0,31.0,38.0,31.0
31.0,26.0,35.0,32.0,21.0,31.0,30.0,22.0,38.0,25.0,26.0,29.0,29.0,32.0,26.0,29.0,27.0,18.0,34.0,32.0,42.0,27.0,23.0,26.0,31.0,23.0,22.0,29.0,23.0,24.0,18.0,28.0,26.0,24.0,34.0,22.0,29.0,30.0,24.0,22.0,27.0,34.0,25.0,33.0,36.0,25.0,35.0,33.0,35.0,29.0
27.0,24.0,33.0,21.0,22.0,19.0,19.0,26.0,21.0,24.0,22.0,27.0,25.0,25.0,33.0,33.0,23.0,23.0,16.0,20.0,26.0,29.0,27.0,25.0,23.0,29.0,27.0,20.0,25.0,30.0,27.0,26.0,16.0,23.0,23.0,30.0,26.0,25.0,22.0,20.0,24.0,28.0,26.0,27.0,31.0,29.0,26.0,19.0,22.0,20.0
30.0,26.0,36.0,30.0,28.0,24.0,34.0,24.0,25.0,24.0,26.0,25.0,30.0,26.0,27.0,27.0,26.0,39.0,31.0,32.0,26.0,23.0,23.0,27.0,36.0,26.0,28.0,29.0,27.0,28.0,33.0,18.0,32.0,21.0,33.0,20.0,31.0,27.0,30.0,21.0,20.0,31.0,30.0,30.0,28.0,22.0,24.0,22.0,27.0,33.0
