10,50,1000
15.952798,16.485752,16.103559,18.192849,17.37668,17.939808,18.188837,18.994183,15.900549,16.690698
7.822881,8.675677,5.002723,6.415836,8.897303,9.986938,8.294787,8.511072,8.444711,6.046412
0.0,10.0,20.0,30.0,40.0,50.0,60.0,70.0,80.0,90.0
10.0,0.0,10.0,20.0,30.0,40.0,50.0,60.0,70.0,80.0
20.0,10.0,0.0,10.0,20.0,30.0,40.0,50.0,60.0,70.0
30.0,20.0,10.0,0.0,10.0,20.0,30.0,40.0,50.0,60.0
40.0,30.0,20.0,10.0,0.0,10.0,20.0,30.0,40.0,50.0
50.0,40.0,30.0,20.0,10.0,0.0,10.0,20.0,30.0,40.0
60.0,50.0,40.0,30.0,20.0,10.0,0.0,10.0,20.0,30.0
70.0,60.0,50.0,40.0,30.0,20.0,10.0,0.0,10.0,20.0
80.0,70.0,60.0,50.0,40.0,30.0,20.0,10.0,0.0,10.0
90.0,80.0,70.0,60.0,50.0,40.0,30.0,20.0,10.0,0.0
450.0,400.0,350.0,300.0,250.0,250.0,300.0,350.0,400.0,450.0
0.0,1.0,2.0,3.0,4.0,5.0,6.0,7.0,8.0,9.0
1.0,0.0,1.0,2.0,3.0,4.0,5.0,6.0,7.0,8.0
2.0,1.0,0.0,1.0,2.0,3.0,4.0,5.0,6.0,7.0
3.0,2.0,1.0,0.0,1.0,2.0,3.0,4.0,5.0,6.0
4.0,3.0,2.0,1.0,0.0,1.0,2.0,3.0,4.0,5.0
5.0,4.0,3.0,2.0,1.0,0.0,1.0,2.0,3.0,4.0
6.0,5.0,4.0,3.0,2.0,1.0,0.0,1.0,2.0,3.0
7.0,6.0,5.0,4.0,3.0,2.0,1.0,0.0,1.0,2.0
8.0,7.0,6.0,5.0,4.0,3.0,2.0,1.0,0.0,1.0
9.0,8.0,7.0,6.0,5.0,4.0,3.0,2.0,1.0,0.0
45.0,40.0,35.0,30.0,25.0,25.0,30.0,35.0,40.0,45.0
18.0,42.0,37.0,27.0,37.0,20.0,23.0,36.0,32.0,17.0,26.0,42.0,24.0,23.0,30.0,36.0,37.0,31.0,28.0,23.0,20.0,28.0,33.0,25.0,19.0,24.0,23.0,29.0,41.0,23.0,29.0,22.0,19.0,34.0,25.0,22.0,28.0,35.0,36.0,26.0,37.0,26.0,40.0,16.0,27.0,29.0,29.0,25.0,27.0,34.0
46.0,33.0,29.0,36.0,30.0,34.0,22.0,39.0,33.0,32.0,31.0,26.0,29.0,33.0,28.0,26.0,35.0,30.0,28.0,34.0,36.0,37.0,36.0,31.0,27.0,33.0,33.0,34.0,31.0,31.0,45.0,26.0,33.0,27.0,35.0,41.0,36.0,29.0,38.0,23.0,32.0,27.0,34.0,32.0,33.0,31.0,30.0,34.0,35.0,33.0
21.0,19.0,14.0,17.0,22.0,26.0,21.0,24.0,26.0,18.0,21.0,20.0,17.0,17.0,12.0,13.0,17.0,19.0,19.0,27.0,29.0,21.0,24.0,21.0,12.0,24.0,19.0,21.0,22.0,24.0,25.0,21.0,26.0,23.0,15.0,21.0,25.0,18.0,21.0,22.0,19.0,21.0,16.0,21.0,25.0,19.0,17.0,16.0,18.0,26.0
31.0,26.0,24.0,27.0,17.0,37.0,25.0,33.0,22.0,31.0,35.0,20.0,27.0,24.0,15.0,33.0,28.0,27.0,16.0,27.0,32.0,20.0,23.0,35.0,23.0,23.0,24.0,33.0,35.0,29.0,25.0,27.0,16.0,17.0,24.0,23.0,23.0,31.0,30.0,27.0,25.0,24.0,28.0,32.0,18.0,31.0,25.0,26.0,23.0,24.0
31.0,33.0,23.0,32.0,31.0,37.0,31.0,28.0,39.0,31.0,35.0,29.0,37.0,40.0,41.0,32.0,29.0,34.0,33.0,35.0,34.0,37.0,27.0,30.0,31.0,37.0,29.0,29.0,27.0,31.0,30.0,30.0,35.0,32.0,28.0,30.0,25.0,33.0,24.0,32.0,36.0,22.0,41.0,36.0,29.0,37.0,23.0,36.0,37.0,40.0
37.0,51.0,38.0,43.0,35.0,34.0,30.0,31.0,41.0,44.0,27.0,29.0,39.0,33.0,36.0,41.0,35.0,26.0,30.0,37.0,44.0,32.0,38.0,41.0,21.0,40.0,39.0,51.0,39.0,30.0,33.0,32.0,44.0,40.0,43.0,38.0,33.0,37.0,24.0,42.0,30.0,27.0,35.0,36.0,39.0,39.0,33.0,35.0,38.0,38.0
30.0,31.0,12.0,32.0,28.0,28.0,34.0,34.0,29.0,38.0,34.0,37.0,30.0,32.0,40.0,28.0,33.0,28.0,32.0,41.0,26.0,32.0,34.0,31.0,40.0,24.0,32.0,27.0,34.0,34.0,22.0,38.0,33.0,29.0,23.0,36.0,32.0,23.0,28.0,43.0,36.0,21.0,27.0,44.0,25.0,32.0,34.0,30.0,28.0,34.0
26.0,26.0,41.0,35.0,31.0,23.0,32.0,30.0,21.0,27.0,28.0,22.0,41.0,39.0,23.0,36.0,31.0,40.0,25.0,25.0,35.0,39.0,28.0,24.0,34.0,35.0,34.0,39.0,37.0,45.0,26.0,35.0,33.0,35.0,32.0,30.0,27.0,27.0,40.0,35.0,29.0,38.0,21.0,46.0,26.0,32.0,32.0,39.0,26.0,36.0
33.0,34.0,40.0,28.0,27.0,32.0,43.0,19.0,26.0,30.0,32.0,34.0,31.0,31.0,31.0,34.0,30.0,25.0,25.0,28.0,30.0,32.0,34.0,33.0,24.0,27.0,27.0,31.0,37.0,33.0,28.0,40.0,41.0,37.0,30.0,26.0,27.0,39.0,23.0,33.0,27.0,25.0,28.0,32.0,29.0,36.0,23.0,31.0,30.0,29.0
25.0,17.0,39.0,19.0,20.0,26.0,23.0,29.0,14.0,21.0,24.0,21.0,26.0,29.0,16.0,14.0,18.0,25.0,25.0,25.0,30.0,21.0,22.0,30.0,27.0,26.0,24.0,21.0,22.0,21.0,28.0,31.0,33.0,22.0,28.0,27.0,24.0,15.0,28.0,16.0,17.0,27.0,30.0,22.0,18.0,25.0,22.0,25.0,16.0,23.0
