10,50,1000
17.702262,19.190191,15.327988,17.752532,17.660023,18.891976,17.238025,17.840295,17.663334,18.693528
6.028951,8.437322,9.700425,8.862447,5.12421,5.317725,8.408411,5.795369,5.83506,8.249155
0.0,10.0,20.0,30.0,40.0,50.0,60.0,70.0,80.0,90.0
10.0,0.0,10.0,20.0,30.0,40.0,50.0,60.0,70.0,80.0
20.0,10.0,0.0,10.0,20.0,30.0,40.0,50.0,60.0,70.0
30.0,20.0,10.0,0.0,10.0,20.0,30.0,40.0,50.0,60.0
40.0,30.0,20.0,10.0,0.0,10.0,20.0,30.0,40.0,50.0
50.0,40.0,30.0,20.0,10.0,0.0,10.0,20.0,30.0,40.0
60.0,50.0,40.0,30.0,20.0,10.0,0.0,10.0,20.0,30.0
70.0,60.0,50.0,40.0,30.0,20.0,10.0,0.0,10.0,20.0
80.0,70.0,60.0,50.0,40.0,30.0,20.0,10.0,0.0,10.0
90.0,80.0,70.0,60.0,50.0,40.0,30.0,20.0,10.0,0.0
450.0,400.0,350.0,300.0,250.0,250.0,300.0,350.0,400.0,450.0
0.0,1.0,2.0,3.0,4.0,5.0,6.0,7.0,8.0,9.0
1.0,0.0,1.0,2.0,3.0,4.0,5.0,6.0,7.0,8.0
2.0,1.0,0.0,1.0,2.0,3.0,4.0,5.0,6.0,7.0
3.0,2.0,1.0,0.0,1.0,2.0,3.0,4.0,5.0,6.0
4.0,3.0,2.0,1.0,0.0,1.0,2.0,3.0,4.0,5.0
5.0,4.0,3.0,2.0,1.0,0.0,1.0,2.0,3.0,4.0
6.0,5.0,4.0,3.0,2.0,1.0,0.0,1.0,2.0,3.0
7.0,6.0,5.0,4.0,3.0,2.0,1.0,0.0,1.0,2.0
8.0,7.0,6.0,5.0,4.0,3.0,2.0,1.0,0.0,1.0
9.0,8.0,7.0,6.0,5.0,4.0,3.0,2.0,1.0,0.0
45.0,40.0,35.0,30.0,25.0,25.0,30.0,35.0,40.0,45.0
17.0,23.0,23.0,24.0,21.0,18.0,14.0,23.0,33.0,29.0,25.0,23.0,25.0,19.0,29.0,32.0,37.0,29.0,25.0,25.0,26.0,17.0,24.0,27.0,22.0,27.0,23.0,22.0,24.0,16.0,24.0,24.0,20.0,29.0,23.0,37.0,20.0,27.0,28.0,25.0,22.0,25.0,26.0,22.0,18.0,30.0,25.0,23.0,14.0,30.0
23.0,33.0,35.0,26.0,29.0,28.0,21.0,33.0,34.0,34.0,30.0,41.0,33.0,36.0,26.0,33.0,34.0,30.0,42.0,33.0,37.0,31.0,27.0,29.0,31.0,31.0,31.0,35.0,32.0,42.0,35.0,32.0,36.0,39.0,30.0,30.0,29.0,41.0,33.0,26.0,25.0,27.0,34.0,30.0,30.0,30.0,36.0,30.0,31.0,31.0
38.0,40.0,27.0,30.0,39.0,29.0,35.0,39.0,45.0,26.0,40.0,38.0,31.0,30.0,35.0,33.0,30.0,29.0,37.0,31.0,31.0,28.0,30.0,25.0,43.0,24.0,32.0,37.0,38.0,38.0,33.0,38.0,40.0,39.0,38.0,41.0,25.0,33.0,46.0,29.0,27.0,33.0,38.0,41.0,27.0,44.0,38.0,32.0,32.0,37.0
27.0,38.0,34.0,32.0,29.0,31.0,26.0,44.0,32.0,32.0,33.0,43.0,31.0,25.0,36.0,30.0,27.0,40.0,34.0,36.0,27.0,27.0,31.0,31.0,37.0,36.0,29.0,36.0,27.0,37.0,41.0,22.0,44.0,35.0,46.0,35.0,32.0,30.0,40.0,41.0,36.0,39.0,36.0,38.0,36.0,30.0,35.0,32.0,39.0,39.0
17.0,30.0,15.0,23.0,23.0,20.0,24.0,17.0,22.0,18.0,22.0,24.0,19.0,24.0,21.0,19.0,17.0,23.0,17.0,23.0,19.0,25.0,17.0,14.0,14.0,16.0,28.0,21.0,16.0,16.0,14.0,17.0,14.0,17.0,22.0,25.0,21.0,15.0,27.0,15.0,18.0,23.0,12.0,22.0,20.0,14.0,22.0,30.0,26.0,18.0
19.0,29.0,17.0,27.0,18.0,18.0,23.0,18.0,18.0,30.0,17.0,24.0,20.0,22.0,32.0,17.0,25.0,28.0,16.0,17.0,19.0,21.0,23.0,21.0,30.0,26.0,19.0,32.0,22.0,24.0,25.0,27.0,28.0,26.0,18.0,28.0,25.0,26.0,11.0,25.0,20.0,22.0,14.0,20.0,26.0,23.0,27.0,21.0,19.0,25.0
34.0,33.0,36.0,26.0,38.0,22.0,39.0,27.0,33.0,37.0,28.0,30.0,26.0,25.0,34.0,29.0,41.0,22.0,33.0,36.0,30.0,25.0,41.0,39.0,31.0,24.0,24.0,31.0,36.0,48.0,32.0,35.0,34.0,41.0,37.0,37.0,30.0,37.0,36.0,31.0,31.0,32.0,29.0,31.0,29.0,35.0,39.0,27.0,20.0,29.0
22.0,19.0,21.0,19.0,23.0,36.0,20.0,21.0,17.0,25.0,27.0,26.0,25.0,22.0,22.0,28.0,23.0,26.0,18.0,20.0,28.0,24.0,26.0,16.0,27.0,20.0,23.0,19.0,25.0,25.0,19.0,24.0,22.0,22.0,29.0,21.0,25.0,20.0,21.0,18.0,20.0,27.0,20.0,27.0,17.0,24.0,21.0,21.0,21.0,20.0
15.0,23.0,28.0,21.0,20.0,16.0,22.0,19.0,28.0,36.0,20.0,22.0,23.0,26.0,23.0,19.0,21.0,24.0,25.0,25.0,23.0,24.0,23.0,22.0,19.0,22.0,26.0,25.0,30.0,19.0,24.0,28.0,31.0,25.0,29.0,23.0,22.0,27.0,22.0,26.0,26.0,26.0,23.0,29.0,28.0,34.0,31.0,26.0,15.0,26.0
26.0,39.0,35.0,34.0,22.0,23.0,23.0,29.0,29.0,27.0,17.0,30.0,27.0,26.0,34.0,33.0,33.0,39.0,28.0,30.0,31.0,28.0,23.0,28.0,31.0,26.0,32.0,37.0,40.0,37.0,35.0,21.0,32.0,29.0,22.0,30.0,38.0,26.0,31.0,26.0,29.0,33.0,27.0,32.0,31.0,40.0,29.0,34.0,30.0,36.0
