10,50,1000
15.480786,18.739323,16.518888,16.180143,15.109935,15.469114,17.965356,18.139026,18.716184,18.757341
8.795318,9.367328,8.783587,5.419729,6.776148,5.496824,6.756352,7.131249,8.862787,5.470738
0.0,10.0,20.0,30.0,40.0,50.0,60.0,70.0,80.0,90.0
10.0,0.0,10.0,20.0,30.0,40.0,50.0,60.0,70.0,80.0
20.0,10.0,0.0,10.0,20.0,30.0,40.0,50.0,60.0,70.0
30.0,20.0,10.0,0.0,10.0,20.0,30.0,40.0,50.0,60.0
40.0,30.0,20.0,10.0,0.0,10.0,20.0,30.0,40.0,50.0
50.0,40.0,30.0,20.0,10.0,0.0,10.0,20.0,30.0,40.0
60.0,50.0,40.0,30.0,20.0,10.0,0.0,10.0,20.0,30.0
70.0,60.0,50.0,40.0,30.0,20.0,10.0,0.0,10.0,20.0
80.0,70.0,60.0,50.0,40.0,30.0,20.0,10.0,0.0,10.0
90.0,80.0,70.0,60.0,50.0,40.0,30.0,20.0,10.0,0.0
450.0,400.0,350.0,300.0,250.0,250.0,300.0,350.0,400.0,450.0
0.0,1.0,2.0,3.0,4.0,5.0,6.0,7.0,8.0,9.0
1.0,0.0,1.0,2.0,3.0,4.0,5.0,6.0,7.0,8.0
2.0,1.0,0.0,1.0,2.0,3.0,4.0,5.0,6.0,7.0
3.0,2.0,1.0,0.0,1.0,2.0,3.0,4.0,5.0,6.0
4.0,3.0,2.0,1.0,0.0,1.0,2.0,3.0,4.0,5.0
5.0,4.0,3.0,2.0,1.0,0.0,1.0,2.0,3.0,4.0
6.0,5.0,4.0,3.0,2.0,1.0,0.0,1.0,2.0,3.0
7.0,6.0,5.0,4.0,3.0,2.0,1.0,0.0,1.0,2.0
8.0,7.0,6.0,5.0,4.0,3.0,2.0,1.0,0.0,1.0
9.0,8.0,7.0,6.0,5.0,4.0,3.0,2.0,1.0,0.0
45.0,40.0,35.0,30.0,25.0,25.0,30.0,35.0,40.0,45.0
30.0,31.0,42.0,34.0,34.0,28.0,38.0,25.0,34.0,24.0,29.0,26.0,21.0,39.0,39.0,39.0,27.0,28.0,43.0,25.0,27.0,40.0,30.0,28.0,29.0,35.0,36.0,22.0,32.0,31.0,37.0,28.0,46.0,38.0,36.0,31.0,32.0,37.0,33.0,27.0,31.0,26.0,22.0,31.0,22.0,37.0,21.0,40.0,34.0,36.0
33.0,44.0,29.0,39.0,30.0,29.0,43.0,41.0,28.0,36.0,57.0,33.0,33.0,36.0,49.0,29.0,36.0,39.0,34.0,42.0,38.0,35.0,33.0,31.0,19.0,36.0,33.0,39.0,35.0,29.0,33.0,35.0,37.0,40.0,38.0,35.0,36.0,34.0,31.0,34.0,33.0,36.0,41.0,32.0,38.0,35.0,48.0,44.0,45.0,35.0
22.0,27.0,25.0,34.0,46.0,36.0,28.0,36.0,30.0,43.0,39.0,22.0,28.0,28.0,26.0,37.0,51.0,30.0,41.0,33.0,28.0,35.0,38.0,33.0,38.0,26.0,36.0,30.0,33.0,34.0,35.0,20.0,29.0,45.0,33.0,29.0,27.0,23.0,37.0,34.0,29.0,30.0,33.0,30.0,33.0,28.0,34.0,32.0,29.0,34.0
26.0,17.0,25.0,24.0,30.0,16.0,24.0,31.0,16.0,21.0,24.0,15.0,25.0,27.0,21.0,18.0,17.0,23.0,24.0,23.0,23.0,24.0,17.0,23.0,20.0,30.0,20.0,26.0,24.0,20.0,21.0,29.0,21.0,17.0,22.0,20.0,19.0,24.0,22.0,24.0,14.0,25.0,23.0,26.0,18.0,15.0,28.0,31.0,33.0,27.0
28.0,31.0,29.0,22.0,28.0,22.0,27.0,33.0,27.0,24.0,31.0,34.0,28.0,29.0,30.0,24.0,24.0,28.0,24.0,16.0,35.0,16.0,27.0,32.0,33.0,28.0,21.0,27.0,19.0,26.0,26.0,31.0,21.0,18.0,17.0,24.0,25.0,29.0,21.0,19.0,29.0,35.0,33.0,29.0,21.0,24.0,24.0,33.0,30.0,36.0
24.0,27.0,16.0,23.0,17.0,20.0,30.0,22.0,24.0,18.0,28.0,23.0,28.0,27.0,21.0,21.0,20.0,26.0,22.0,25.0,24.0,27.0,28.0,18.0,25.0,31.0,20.0,24.0,18.0,30.0,20.0,16.0,20.0,26.0,23.0,33.0,21.0,19.0,22.0,20.0,18.0,25.0,24.0,23.0,23.0,17.0,21.0,29.0,27.0,29.0
36.0,17.0,32.0,21.0,21.0,31.0,25.0,28.0,31.0,21.0,22.0,28.0,18.0,41.0,18.0,26.0,26.0,25.0,28.0,28.0,18.0,35.0,33.0,27.0,32.0,29.0,28.0,24.0,32.0,24.0,17.0,33.0,34.0,28.0,29.0,32.0,24.0,24.0,27.0,30.0,33.0,25.0,21.0,35.0,24.0,31.0,28.0,25.0,32.0,29.0
26.0,32.0,21.0,25.0,24.0,20.0,18.0,22.0,34.0,31.0,22.0,28.0,22.0,33.0,32.0,27.0,33.0,28.0,21.0,24.0,38.0,24.0,28.0,33.0,29.0,34.0,35.0,25.0,25.0,27.0,24.0,23.0,22.0,21.0,29.0,33.0,21.0,29.0,29.0,22.0,26.0,33.0,29.0,27.0,34.0,33.0,23.0,38.0,36.0,34.0
41.0,49.0,39.0,36.0,30.0,26.0,39.0,29.0,30.0,45.0,32.0,30.0,32.0,33.0,43.0,38.0,40.0,35.0,34.0,47.0,31.0,22.0,26.0,25.0,33.0,34.0,55.0,28.0,34.0,36.0,46.0,32.0,32.0,30.0,36.0,37.0,28.0,28.0,37.0,34.0,26.0,35.0,31.0,29.0,28.0,34.0,36.0,28.0,28.0,36.0
34.0,21.0,24.0,28.0,18.0,25.0,19.0,17.0,23.0,29.0,24.0,18.0,23.0,22.0,25.0,18.0,19.0,28.0,24.0,18.0,21.0,31.0,23.0,25.0,16.0,23.0,15.0,27.0,37.0,29.0,20.0,29.0,21.0,27.0,28.0,23.0,34.0,19.0,31.0,34.0,22.0,20.0,28.0,15.0,26.0,18.0,19.0,25.0,28.0,24.0
