10,50,1000
16.778473,16.43783,17.243172,17.506088,15.391103,19.514808,16.85045,18.189519,16.504022,17.462611
8.201493,6.123771,9.886814,6.628756,6.065163,6.238423,7.034524,8.624286,5.01457,6.432674
0.0,10.0,20.0,30.0,40.0,50.0,60.0,70.0,80.0,90.0
10.0,0.0,10.0,20.0,30.0,40.0,50.0,60.0,70.0,80.0
20.0,10.0,0.0,10.0,20.0,30.0,40.0,50.0,60.0,70.0
30.0,20.0,10.0,0.0,10.0,20.0,30.0,40.0,50.0,60.0
40.0,30.0,20.0,10.0,0.0,10.0,20.0,30.0,40.0,50.0
50.0,40.0,30.0,20.0,10.0,0.0,10.0,20.0,30.0,40.0
60.0,50.0,40.0,30.0,20.0,10.0,0.0,10.0,20.0,30.0
70.0,60.0,50.0,40.0,30.0,20.0,10.0,0.0,10.0,20.0
80.0,70.0,60.0,50.0,40.0,30.0,20.0,10.0,0.0,10.0
90.0,80.0,70.0,60.0,50.0,40.0,30.0,20.0,10.0,0.0
450.0,400.0,350.0,300.0,250.0,250.0,300.0,350.0,400.0,450.0
0.0,1.0,2.0,3.0,4.0,5.0,6.0,7.0,8.0,9.0
1.0,0.0,1.0,2.0,3.0,4.0,5.0,6.0,7.0,8.0
2.0,1.0,0.0,1.0,2.0,3.0,4.0,5.0,6.0,7.0
3.0,2.0,1.0,0.0,1.0,2.0,3.0,4.0,5.0,6.0
4.0,3.0,2.0,1.0,0.0,1.0,2.0,3.0,4.0,5.0
5.0,4.0,3.0,2.0,1.0,0.0,1.0,2.0,3.0,4.0
6.0,5.0,4.0,3.0,2.0,1.0,0.0,1.0,2.0,3.0
7.0,6.0,5.0,4.0,3.0,2.0,1.0,0.0,1.0,2.0
8.0,7.0,6.0,5.0,4.0,3.0,2.0,1.0,0.0,1.0
9.0,8.0,7.0,6.0,5.0,4.0,3.0,2.0,1.0,0.0
45.0,40.0,35.0,30.0,25.0,25.0,30.0,35.0,40.0,45.0
29.0,36.0,25.0,28.0,35.0,29.0,29.0,32.0,29.0,38.0,32.0,30.0,25.0,31.0,24.0,24.0,27.0,32.0,38.0,40.0,35.0,21.0,36.0,26.0,32.0,34.0,30.0,33.0,18.0,31.0,28.0,25.0,32.0,37.0,26.0,27.0,27.0,32.0,37.0,21.0,29.0,21.0,28.0,29.0,37.0,23.0,30.0,22.0,43.0,31.0
27.0,30.0,28.0,29.0,31.0,26.0,25.0,27.0,26.0,32.0,26.0,17.0,27.0,28.0,37.0,22.0,21.0,30.0,31.0,27.0,31.0,21.0,29.0,28.0,24.0,37.0,23.0,29.0,16.0,20.0,19.0,29.0,20.0,24.0,19.0,19.0,17.0,26.0,25.0,22.0,21.0,16.0,18.0,27.0,29.0,22.0,21.0,21.0,26.0,21.0
36.0,31.0,45.0,35.0,42.0,40.0,40.0,31.0,32.0,48.0,33.0,45.0,29.0,33.0,38.0,43.0,32.0,35.0,46.0,40.0,41.0,34.0,28.0,33.0,38.0,34.0,35.0,39.0,36.0,25.0,44.0,28.0,24.0,31.0,33.0,36.0,30.0,31.0,24.0,46.0,26.0,34.0,36.0,35.0,41.0,40.0,37.0,38.0,25.0,38.0
31.0,30.0,23.0,38.0,26.0,27.0,28.0,22.0,28.0,36.0,22.0,26.0,28.0,27.0,19.0,25.0,29.0,29.0,28.0,28.0,27.0,23.0,26.0,18.0,26.0,20.0,30.0,31.0,32.0,26.0,22.0,35.0,18.0,27.0,27.0,36.0,36.0,27.0,23.0,22.0,22.0,16.0,37.0,38.0,20.0,31.0,30.0,22.0,21.0,24.0
25.0,25.0,23.0,26.0,26.0,20.0,32.0,25.0,25.0,19.0,20.0,23.0,23.0,21.0,28.0,24.0,21.0,21.0,18.0,36.0,21.0,28.0,28.0,17.0,28.0,22.0,19.0,17.0,19.0,25.0,17.0,17.0,24.0,24.0,24.0,23.0,22.0,22.0,26.0,19.0,30.0,13.0,18.0,27.0,20.0,26.0,25.0,22.0,22.0,19.0
30.0,37.0,17.0,24.0,33.0,24.0,25.0,24.0,22.0,21.0,30.0,19.0,26.0,19.0,19.0,15.0,28.0,29.0,26.0,23.0,25.0,27.0,23.0,22.0,29.0,27.0,22.0,29.0,36.0,21.0,27.0,23.0,30.0,34.0,32.0,20.0,32.0,24.0,27.0,25.0,28.0,30.0,22.0,32.0,29.0,25.0,24.0,21.0,22.0,25.0
20.0,26.0,24.0,19.0,22.0,24.0,26.0,23.0,32.0,22.0,32.0,28.0,31.0,36.0,22.0,20.0,34.0,17.0,22.0,32.0,25.0,26.0,35.0,22.0,33.0,26.0,19.0,24.0,38.0,27.0,23.0,26.0,30.0,20.0,35.0,22.0,21.0,27.0,25.0,24.0,28.0,32.0,26.0,19.0,28.0,27.0,27.0,45.0,33.0,20.0
23.0,28.0,30.0,34.0,41.0,27.0,25.0,31.0,24.0,22.0,33.0,33.0,33.0,37.0,34.0,39.0,39.0,34.0,36.0,26.0,32.0,26.0,29.0,36.0,35.0,46.0,29.0,45.0,33.0,37.0,38.0,38.0,41.0,23.0,40.0,22.0,33.0,43.0,34.0,25.0,40.0,16.0,27.0,25.0,32.0,31.0,31.0,33.0,40.0,36.0
16.0,19.0,24.0,25.0,14.0,20.0,30.0,29.0,24.0,18.0,16.0,31.0,22.0,29.0,11.0,26.0,20.0,19.0,14.0,27.0,21.0,25.0,19.0,16.0,26.0,20.0,26.0,17.0,19.0,14.0,21.0,24.0,18.0,22.0,23.0,17.0,21.0,18.0,22.0,23.0,19.0,27.0,24.0,18.0,15.0,25.0,23.0,23.0,28.0,17.0
27.0,26.0,29.0,17.0,23.0,19.0,28.0,27.0,30.0,23.0,18.0,28.0,29.0,29.0,23.0,26.0,30.0,22.0,30.0,26.0,18.0,25.0,26.0,29.0,23.0,23.0,24.0,34.0,28.0,25.0,13.0,26.0,32.0,19.0,27.0,29.0,29.0,34.0,33.0,19.0,21.0,28.0,29.0,16.0,27.0,29.0,22.0,31.0,18.0,24.0
