10,50,1000
15.623657,19.22979,18.377565,18.999687,17.083406,17.114868,15.021235,18.304162,17.783603,18.972488
9.816724,5.398999,7.483132,9.788155,7.048441,5.846969,6.47275,7.237883,5.854821,9.55243
0.0,10.0,20.0,30.0,40.0,50.0,60.0,70.0,80.0,90.0
10.0,0.0,10.0,20.0,30.0,40.0,50.0,60.0,70.0,80.0
20.0,10.0,0.0,10.0,20.0,30.0,40.0,50.0,60.0,70.0
30.0,20.0,10.0,0.0,10.0,20.0,30.0,40.0,50.0,60.0
40.0,30.0,20.0,10.0,0.0,10.0,20.0,30.0,40.0,50.0
50.0,40.0,30.0,20.0,10.0,0.0,10.0,20.0,30.0,40.0
60.0,50.0,40.0,30.0,20.0,10.0,0.0,10.0,20.0,30.0
70.0,60.0,50.0,40.0,30.0,20.0,10.0,0.0,10.0,20.0
80.0,70.0,60.0,50.0,40.0,30.0,20.0,10.0,0.0,10.0
90.0,80.0,70.0,60.0,50.0,40.0,30.0,20.0,10.0,0.0
450.0,400.0,350.0,300.0,250.0,250.0,300.0,350.0,400.0,450.0
0.0,1.0,2.0,3.0,4.0,5.0,6.0,7.0,8.0,9.0
1.0,0.0,1.0,2.0,3.0,4.0,5.0,6.0,7.0,8.0
2.0,1.0,0.0,1.0,2.0,3.0,4.0,5.0,6.0,7.0
3.0,2.0,1.0,0.0,1.0,2.0,3.0,4.0,5.0,6.0
4.0,3.0,2.0,1.0,0.0,1.0,2.0,3.0,4.0,5.0
5.0,4.0,3.0,2.0,1.0,0.0,1.0,2.0,3.0,4.0
6.0,5.0,4.0,3.0,2.0,1.0,0.0,1.0,2.0,3.0
7.0,6.0,5.0,4.0,3.0,2.0,1.0,0.0,1.0,2.0
8.0,7.0,6.0,5.0,4.0,3.0,2.0,1.0,0.0,1.0
9.0,8.0,7.0,6.0,5.0,4.0,3.0,2.0,1.0,0.0
45.0,40.0,35.0,30.0,25.0,25.0,30.0,35.0,40.0,45.0
34.0,47.0,42.0,34.0,36.0,28.0,40.0,39.0,26.0,25.0,34.0,37.0,33.0,35.0,25.0,41.0,37.0,33.0,34.0,33.0,39.0,38.0,23.0,43.0,41.0,27.0,32.0,35.0,35.0,32.0,32.0,28.0,23.0,36.0,31.0,37.0,37.0,36.0,40.0,48.0,39.0,42.0,31.0,30.0,36.0,33.0,36.0,31.0,36.0,48.0
23.0,26.0,25.0,31.0,28.0,22.0,26.0,18.0,24.0,21.0,26.0,26.0,24.0,25.0,25.0,27.0,27.0,25.0,27.0,19.0,26.0,28.0,22.0,24.0,26.0,22.0,24.0,40.0,12.0,32.0,25.0,21.0,17.0,26.0,23.0,27.0,28.0,20.0,17.0,26.0,25.0,29.0,21.0,23.0,27.0,27.0,18.0,28.0,18.0,25.0
22.0,39.0,32.0,24.0,35.0,23.0,28.0,24.0,35.0,33.0,28.0,31.0,33.0,26.0,25.0,37.0,31.0,34.0,39.0,32.0,35.0,23.0,25.0,21.0,26.0,31.0,27.0,23.0,29.0,26.0,36.0,20.0,41.0,42.0,25.0,36.0,22.0,34.0,31.0,27.0,29.0,21.0,29.0,34.0,29.0,26.0,29.0,30.0,32.0,25.0
40.0,34.0,40.0,36.0,29.0,34.0,32.0,38.0,37.0,34.0,39.0,39.0,35.0,43.0,45.0,40.0,33.0,37.0,30.0,32.0,29.0,37.0,41.0,31.0,38.0,28.0,24.0,32.0,36.0,30.0,46.0,40.0,31.0,55.0,26.0,38.0,28.0,37.0,43.0,37.0,41.0,29.0,49.0,34.0,37.0,36.0,41.0,42.0,38.0,40.0
26.0,34.0,33.0,25.0,22.0,25.0,31.0,28.0,34.0,29.0,23.0,17.0,28.0,21.0,29.0,29.0,32.0,34.0,15.0,32.0,24.0,23.0,28.0,21.0,33.0,33.0,25.0,24.0,22.0,19.0,26.0,35.0,25.0,36.0,29.0,21.0,31.0,26.0,25.0,26.0,21.0,29.0,31.0,24.0,17.0,25.0,28.0,26.0,27.0,26.0
15.0,17.0,25.0,18.0,23.0,26.0,28.0,19.0,27.0,28.0,20.0,14.0,22.0,20.0,22.0,22.0,24.0,21.0,29.0,28.0,23.0,13.0,15.0,19.0,25.0,31.0,29.0,25.0,29.0,20.0,21.0,24.0,23.0,29.0,22.0,23.0,16.0,17.0,23.0,29.0,24.0,13.0,19.0,27.0,21.0,23.0,22.0,16.0,27.0,24.0
17.0,23.0,29.0,30.0,21.0,23.0,35.0,20.0,35.0,25.0,22.0,31.0,28.0,26.0,25.0,21.0,24.0,33.0,28.0,25.0,32.0,37.0,22.0,27.0,21.0,19.0,29.0,25.0,31.0,38.0,22.0,28.0,27.0,26.0,22.0,21.0,21.0,22.0,24.0,25.0,19.0,33.0,31.0,31.0,26.0,22.0,17.0,28.0,30.0,30.0
22.0,22.0,37.0,18.0,29.0,23.0,33.0,33.0,29.0,23.0,20.0,30.0,30.0,20.0,23.0,20.0,25.0,33.0,25.0,25.0,34.0,35.0,26.0,24.0,39.0,29.0,32.0,27.0,27.0,30.0,19.0,30.0,27.0,28.0,29.0,26.0,25.0,23.0,26.0,30.0,23.0,29.0,19.0,28.0,36.0,23.0,22.0,24.0,27.0,25.0
25.0,21.0,22.0,21.0,27.0,17.0,21.0,19.0,22.0,21.0,26.0,27.0,27.0,19.0,24.0,21.0,22.0,26.0,21.0,32.0,29.0,28.0,23.0,33.0,24.0,29.0,26.0,30.0,28.0,21.0,17.0,22.0,20.0,20.0,22.0,24.0,28.0,24.0,24.0,23.0,19.0,27.0,20.0,27.0,25.0,21.0,34.0,23.0,35.0,14.0
33.0,27.0,30.0,19.0,27.0,42.0,31.0,38.0,39.0,31.0,38.0,37.0,29.0,29.0,27.0,34.0,37.0,29.0,44.0,43.0,41.0,36.0,40.0,40.0,42.0,36.0,36.0,37.0,43.0,26.0,38.0,36.0,33.0,40.0,30.0,35.0,41.0,41.0,35.0,38.0,42.0,33.0,30.0,42.0,30.0,40.0,28.0,26.0,38.0,30.0
