10,50,1000
19.186755,17.717617,16.647396,15.421387,15.034584,18.472046,19.393669,19.379863,15.401775,17.783008
6.270156,5.51641,6.859885,6.956012,7.973469,6.711986,9.54112,7.860709,9.387277,9.013983
0.0,10.0,20.0,30.0,40.0,50.0,60.0,70.0,80.0,90.0
10.0,0.0,10.0,20.0,30.0,40.0,50.0,60.0,70.0,80.0
20.0,10.0,0.0,10.0,20.0,30.0,40.0,50.0,60.0,70.0
30.0,20.0,10.0,0.0,10.0,20.0,30.0,40.0,50.0,60.0
40.0,30.0,20.0,10.0,0.0,10.0,20.0,30.0,40.0,50.0
50.0,40.0,30.0,20.0,10.0,0.0,10.0,20.0,30.0,40.0
60.0,50.0,40.0,30.0,20.0,10.0,0.0,10.0,20.0,30.0
70.0,60.0,50.0,40.0,30.0,20.0,10.0,0.0,10.0,20.0
80.0,70.0,60.0,50.0,40.0,30.0,20.0,10.0,0.0,10.0
90.0,80.0,70.0,60.0,50.0,40.0,30.0,20.0,10.0,0.0
450.0,400.0,350.0,300.0,250.0,250.0,300.0,350.0,400.0,450.0
0.0,1.0,2.0,3.0,4.0,5.0,6.0,7.0,8.0,9.0
1.0,0.0,1.0,2.0,3.0,4.0,5.0,6.0,7.0,8.0
2.0,1.0,0.0,1.0,2.0,3.0,4.0,5.0,6.0,7.0
3.0,2.0,1.0,0.0,1.0,2.0,3.0,4.0,5.0,6.0
4.0,3.0,2.0,1.0,0.0,1.0,2.0,3.0,4.0,5.0
5.0,4.0,3.0,2.0,1.0,0.0,1.0,2.0,3.0,4.0
6.0,5.0,4.0,3.0,2.0,1.0,0.0,1.0,2.0,3.0
7.0,6.0,5.0,4.0,3.0,2.0,1.0,0.0,1.0,2.0
8.0,7.0,6.0,5.0,4.0,3.0,2.0,1.0,0.0,1.0
9.0,8.0,7.0,6.0,5.0,4.0,3.0,2.0,1.0,0.0
45.0,40.0,35.0,30.0,25.0,25.0,30.0,35.0,40.0,45.0
29.0,28.0,32.0,22.0,21.0,21.0,18.0,27.0,25.0,28.0,28.0,25.0,33.0,22.0,19.0,23.0,23.0,23.0,29.0,23.0,32.0,32.0,25.0,23.0,37.0,32.0,30.0,26.0,29.0,22.0,24.0,18.0,27.0,21.0,28.0,31.0,35.0,16.0,22.0,27.0,11.0,25.0,21.0,26.0,22.0,30.0,32.0,37.0,9.0,28.0
22.0,27.0,22.0,22.0,25.0,23.0,21.0,28.0,28.0,17.0,24.0,25.0,20.0,20.0,23.0,32.0,22.0,22.0,21.0,31.0,18.0,18.0,28.0,18.0,16.0,25.0,19.0,22.0,27.0,16.0,20.0,21.0,29.0,32.0,14.0,21.0,21.0,23.0,27.0,19.0,27.0,13.0,24.0,20.0,28.0,27.0,21.0,15.0,30.0,19.0
26.0,31.0,17.0,19.0,15.0,30.0,25.0,26.0,21.0,28.0,23.0,20.0,27.0,23.0,29.0,30.0,16.0,16.0,32.0,29.0,20.0,19.0,30.0,27.0,30.0,22.0,16.0,19.0,24.0,28.0,21.0,37.0,23.0,29.0,27.0,23.0,27.0,30.0,32.0,19.0,26.0,27.0,30.0,25.0,29.0,30.0,28.0,33.0,20.0,28.0
38.0,31.0,19.0,15.0,25.0,29.0,35.0,23.0,28.0,18.0,21.0,21.0,25.0,36.0,24.0,24.0,23.0,28.0,17.0,27.0,18.0,26.0,22.0,23.0,29.0,19.0,27.0,29.0,24.0,24.0,25.0,26.0,30.0,30.0,37.0,20.0,24.0,21.0,31.0,26.0,22.0,28.0,19.0,38.0,22.0,19.0,30.0,25.0,32.0,28.0
25.0,28.0,24.0,28.0,30.0,33.0,26.0,34.0,24.0,31.0,26.0,30.0,24.0,27.0,36.0,25.0,35.0,34.0,37.0,28.0,25.0,35.0,34.0,25.0,30.0,23.0,18.0,28.0,27.0,28.0,32.0,22.0,30.0,26.0,24.0,25.0,30.0,26.0,25.0,25.0,27.0,28.0,31.0,16.0,31.0,23.0,33.0,29.0,30.0,36.0
10.0,32.0,27.0,25.0,28.0,23.0,28.0,32.0,33.0,26.0,37.0,22.0,35.0,24.0,23.0,28.0,24.0,36.0,29.0,23.0,31.0,32.0,19.0,31.0,39.0,26.0,29.0,23.0,21.0,31.0,36.0,30.0,18.0,28.0,30.0,29.0,32.0,23.0,22.0,21.0,23.0,29.0,22.0,23.0,28.0,28.0,31.0,22.0,23.0,31.0
24.0,46.0,40.0,37.0,31.0,37.0,30.0,23.0,31.0,42.0,32.0,30.0,46.0,28.0,29.0,35.0,39.0,38.0,38.0,31.0,37.0,37.0,44.0,34.0,31.0,43.0,47.0,40.0,24.0,35.0,42.0,34.0,47.0,38.0,33.0,32.0,42.0,26.0,41.0,45.0,40.0,40.0,51.0,32.0,28.0,39.0,38.0,32.0,23.0,36.0
30.0,26.0,28.0,39.0,26.0,34.0,30.0,26.0,33.0,27.0,30.0,20.0,33.0,30.0,30.0,31.0,37.0,22.0,31.0,29.0,31.0,25.0,39.0,31.0,29.0,31.0,30.0,29.0,26.0,27.0,25.0,31.0,30.0,37.0,23.0,18.0,30.0,22.0,34.0,33.0,30.0,37.0,22.0,23.0,24.0,27.0,33.0,35.0,32.0,33.0
37.0,22.0,34.0,26.0,26.0,33.0,34.0,42.0,37.0,34.0,30.0,33.0,36.0,35.0,32.0,26.0,33.0,44.0,35.0,27.0,30.0,21.0,34.0,28.0,40.0,38.0,28.0,34.0,24.0,42.0,30.0,32.0,40.0,34.0,43.0,36.0,30.0,25.0,28.0,43.0,42.0,38.0,21.0,43.0,25.0,38.0,41.0,40.0,42.0,37.0
34.0,29.0,31.0,34.0,47.0,36.0,37.0,37.0,34.0,35.0,34.0,38.0,29.0,27.0,23.0,22.0,25.0,36.0,40.0,36.0,26.0,25.0,35.0,37.0,34.0,35.0,41.0,28.0,30.0,26.0,23.0,38.0,34.0,39.0,52.0,25.0,39.0,33.0,31.0,28.0,32.0,40.0,28.0,31.0,36.0,28.0,35.0,45.0,30.0,43.0
