10,50,1000
18.566879,19.459839,19.800688,18.077403,19.181155,15.108217,16.324579,17.360503,17.164556,19.744496
8.700798,5.049361,9.832193,5.374554,8.886174,5.543116,6.040759,9.793494,6.979612,9.676711
0.0,10.0,20.0,30.0,40.0,50.0,60.0,70.0,80.0,90.0
10.0,0.0,10.0,20.0,30.0,40.0,50.0,60.0,70.0,80.0
20.0,10.0,0.0,10.0,20.0,30.0,40.0,50.0,60.0,70.0
30.0,20.0,10.0,0.0,10.0,20.0,30.0,40.0,50.0,60.0
40.0,30.0,20.0,10.0,0.0,10.0,20.0,30.0,40.0,50.0
50.0,40.0,30.0,20.0,10.0,0.0,10.0,20.0,30.0,40.0
60.0,50.0,40.0,30.0,20.0,10.0,0.0,10.0,20.0,30.0
70.0,60.0,50.0,40.0,30.0,20.0,10.0,0.0,10.0,20.0
80.0,70.0,60.0,50.0,40.0,30.0,20.0,10.0,0.0,10.0
90.0,80.0,70.0,60.0,50.0,40.0,30.0,20.0,10.0,0.0
450.0,400.0,350.0,300.0,250.0,250.0,300.0,350.0,400.0,450.0
0.0,1.0,2.0,3.0,4.0,5.0,6.0,7.0,8.0,9.0
1.0,0.0,1.0,2.0,3.0,4.0,5.0,6.0,7.0,8.0
2.0,1.0,0.0,1.0,2.0,3.0,4.0,5.0,6.0,7.0
3.0,2.0,1.0,0.0,1.0,2.0,3.0,4.0,5.0,6.0
4.0,3.0,2.0,1.0,0.0,1.0,2.0,3.0,4.0,5.0
5.0,4.0,3.0,2.0,1.0,0.0,1.0,2.0,3.0,4.0
6.0,5.0,4.0,3.0,2.0,1.0,0.0,1.0,2.0,3.0
7.0,6.0,5.0,4.0,3.0,2.0,1.0,0.0,1.0,2.0
8.0,7.0,6.0,5.0,4.0,3.0,2.0,1.0,0.0,1.0
9.0,8.0,7.0,6.0,5.0,4.0,3.0,2.0,1.0,0.0
45.0,40.0,35.0,30.0,25.0,25.0,30.0,35.0,40.0,45.0
42.0,40.0,39.0,32.0,32.0,28.0,32.0,30.0,27.0,35.0,27.0,30.0,29.0,36.0,39.0,36.0,32.0,25.0,35.0,38.0,33.0,32.0,31.0,26.0,41.0,42.0,33.0,37.0,31.0,30.0,30.0,34.0,25.0,24.0,29.0,28.0,44.0,31.0,38.0,35.0,39.0,38.0,31.0,25.0,33.0,28.0,35.0,29.0,32.0,32.0
24.0,25.0,21.0,17.0,29.0,28.0,25.0,15.0,22.0,15.0,24.0,28.0,25.0,20.0,28.0,22.0,19.0,16.0,23.0,31.0,27.0,20.0,26.0,23.0,22.0,19.0,29.0,25.0,18.0,23.0,29.0,25.0,19.0,27.0,21.0,16.0,17.0,24.0,24.0,28.0,16.0,14.0,23.0,16.0,27.0,24.0,25.0,20.0,17.0,18.0
38.0,40.0,36.0,44.0,32.0,41.0,38.0,31.0,36.0,38.0,34.0,37.0,44.0,35.0,50.0,34.0,43.0,35.0,40.0,40.0,44.0,27.0,36.0,32.0,37.0,42.0,28.0,29.0,33.0,45.0,43.0,46.0,36.0,42.0,31.0,41.0,36.0,37.0,34.0,31.0,34.0,45.0,33.0,37.0,47.0,32.0,54.0,36.0,40.0,38.0
20.0,16.0,21.0,18.0,21.0,23.0,21.0,15.0,22.0,19.0,20.0,25.0,22.0,22.0,26.0,23.0,22.0,21.0,22.0,21.0,27.0,23.0,10.0,20.0,21.0,18.0,30.0,23.0,21.0,30.0,28.0,31.0,21.0,11.0,23.0,14.0,21.0,18.0,17.0,10.0,15.0,21.0,32.0,24.0,28.0,25.0,21.0,14.0,28.0,29.0
39.0,26.0,33.0,44.0,35.0,27.0,38.0,25.0,35.0,32.0,35.0,24.0,38.0,40.0,43.0,41.0,41.0,27.0,26.0,32.0,32.0,33.0,31.0,33.0,26.0,41.0,40.0,28.0,26.0,30.0,31.0,41.0,35.0,24.0,33.0,42.0,26.0,30.0,38.0,28.0,26.0,37.0,33.0,25.0,35.0,35.0,36.0,42.0,28.0,33.0
14.0,22.0,19.0,28.0,32.0,22.0,28.0,21.0,23.0,19.0,15.0,20.0,31.0,22.0,24.0,21.0,18.0,32.0,24.0,21.0,17.0,13.0,21.0,21.0,26.0,21.0,23.0,23.0,27.0,26.0,21.0,20.0,27.0,32.0,17.0,22.0,25.0,18.0,16.0,24.0,25.0,25.0,23.0,19.0,23.0,17.0,25.0,18.0,26.0,28.0
18.0,23.0,20.0,25.0,29.0,25.0,25.0,26.0,30.0,21.0,13.0,23.0,18.0,24.0,18.0,26.0,20.0,24.0,25.0,18.0,24.0,20.0,26.0,25.0,32.0,24.0,25.0,16.0,21.0,30.0,27.0,21.0,26.0,17.0,17.0,25.0,27.0,27.0,25.0,24.0,30.0,21.0,24.0,26.0,28.0,23.0,15.0,19.0,33.0,18.0
39.0,42.0,21.0,39.0,30.0,38.0,39.0,23.0,38.0,31.0,33.0,25.0,32.0,31.0,33.0,37.0,38.0,38.0,36.0,36.0,33.0,38.0,38.0,42.0,31.0,37.0,44.0,41.0,38.0,38.0,42.0,45.0,50.0,46.0,38.0,46.0,35.0,39.0,50.0,29.0,31.0,37.0,36.0,40.0,37.0,39.0,36.0,42.0,37.0,42.0
28.0,26.0,19.0,25.0,26.0,30.0,20.0,26.0,19.0,21.0,29.0,29.0,23.0,33.0,28.0,21.0,35.0,33.0,24.0,25.0,22.0,28.0,28.0,32.0,31.0,30.0,28.0,28.0,27.0,32.0,19.0,24.0,32.0,35.0,28.0,22.0,33.0,20.0,25.0,28.0,29.0,25.0,32.0,20.0,25.0,33.0,28.0,24.0,33.0,23.0
38.0,33.0,36.0,31.0,35.0,32.0,43.0,37.0,33.0,40.0,41.0,43.0,36.0,39.0,42.0,40.0,40.0,53.0,37.0,41.0,38.0,37.0,34.0,47.0,32.0,33.0,29.0,35.0,37.0,45.0,39.0,32.0,39.0,23.0,34.0,25.0,40.0,44.0,42.0,32.0,43.0,27.0,41.0,25.0,33.0,51.0,47.0,31.0,29.0,37.0
