10,50,1000
19.700872,15.650376,19.501849,18.459004,17.55474,16.437007,19.055433,16.279378,16.093205,15.033979
9.891897,8.672904,9.557746,6.794047,5.428983,8.704958,7.048849,8.881957,5.758413,5.591043
0.0,10.0,20.0,30.0,40.0,50.0,60.0,70.0,80.0,90.0
10.0,0.0,10.0,20.0,30.0,40.0,50.0,60.0,70.0,80.0
20.0,10.0,0.0,10.0,20.0,30.0,40.0,50.0,60.0,70.0
30.0,20.0,10.0,0.0,10.0,20.0,30.0,40.0,50.0,60.0
40.0,30.0,20.0,10.0,0.0,10.0,20.0,30.0,40.0,50.0
50.0,40.0,30.0,20.0,10.0,0.0,10.0,20.0,30.0,40.0
60.0,50.0,40.0,30.0,20.0,10.0,0.0,10.0,20.0,30.0
70.0,60.0,50.0,40.0,30.0,20.0,10.0,0.0,10.0,20.0
80.0,70.0,60.0,50.0,40.0,30.0,20.0,10.0,0.0,10.0
90.0,80.0,70.0,60.0,50.0,40.0,30.0,20.0,10.0,0.0
450.0,400.0,350.0,300.0,250.0,250.0,300.0,350.0,400.0,450.0
0.0,1.0,2.0,3.0,4.0,5.0,6.0,7.0,8.0,9.0
1.0,0.0,1.0,2.0,3.0,4.0,5.0,6.0,7.0,8.0
2.0,1.0,0.0,1.0,2.0,3.0,4.0,5.0,6.0,7.0
3.0,2.0,1.0,0.0,1.0,2.0,3.0,4.0,5.0,6.0
4.0,3.0,2.0,1.0,0.0,1.0,2.0,3.0,4.0,5.0
5.0,4.0,3.0,2.0,1.0,0.0,1.0,2.0,3.0,4.0
6.0,5.0,4.0,3.0,2.0,1.0,0.0,1.0,2.0,3.0
7.0,6.0,5.0,4.0,3.0,2.0,1.0,0.0,1.0,2.0
8.0,7.0,6.0,5.0,4.0,3.0,2.0,1.0,0.0,1.0
9.0,8.0,7.0,6.0,5.0,4.0,3.0,2.0,1.0,0.0
45.0,40.0,35.0,30.0,25.0,25.0,30.0,35.0,40.0,45.0
32.0,28.0,39.0,38.0,32.0,37.0,31.0,32.0,31.0,40.0,35.0,40.0,42.0,31.0,36.0,38.0,39.0,29.0,33.0,34.0,37.0,41.0,32.0,45.0,41.0,31.0,35.0,39.0,38.0,46.0,45.0,31.0,44.0,25.0,29.0,32.0,31.0,47.0,35.0,36.0,34.0,40.0,33.0,45.0,39.0,26.0,37.0,33.0,31.0,37.0
38.0,36.0,30.0,33.0,33.0,22.0,31.0,51.0,27.0,28.0,33.0,37.0,30.0,28.0,35.0,46.0,39.0,24.0,33.0,27.0,29.0,31.0,16.0,39.0,41.0,23.0,40.0,38.0,34.0,26.0,20.0,24.0,36.0,37.0,33.0,25.0,25.0,25.0,43.0,26.0,37.0,33.0,28.0,29.0,34.0,34.0,23.0,38.0,25.0,30.0
32.0,35.0,40.0,32.0,27.0,29.0,41.0,37.0,31.0,31.0,26.0,41.0,32.0,29.0,37.0,35.0,34.0,39.0,34.0,43.0,40.0,34.0,41.0,33.0,19.0,37.0,32.0,38.0,40.0,47.0,24.0,32.0,35.0,40.0,47.0,32.0,37.0,32.0,32.0,29.0,43.0,42.0,34.0,41.0,40.0,42.0,41.0,30.0,42.0,31.0
21.0,28.0,29.0,38.0,17.0,31.0,18.0,24.0,30.0,32.0,27.0,22.0,31.0,25.0,26.0,29.0,23.0,29.0,23.0,28.0,22.0,29.0,22.0,29.0,24.0,24.0,27.0,28.0,26.0,25.0,26.0,21.0,23.0,32.0,30.0,25.0,29.0,15.0,28.0,23.0,26.0,24.0,32.0,26.0,31.0,20.0,30.0,19.0,29.0,16.0
25.0,27.0,32.0,24.0,18.0,22.0,17.0,21.0,17.0,16.0,21.0,17.0,17.0,21.0,27.0,14.0,26.0,24.0,23.0,22.0,26.0,24.0,28.0,24.0,26.0,27.0,16.0,27.0,19.0,23.0,13.0,25.0,38.0,24.0,17.0,17.0,23.0,23.0,21.0,28.0,26.0,25.0,20.0,21.0,27.0,21.0,20.0,31.0,24.0,22.0
27.0,37.0,38.0,22.0,33.0,22.0,31.0,35.0,37.0,27.0,27.0,34.0,24.0,37.0,33.0,44.0,30.0,46.0,38.0,34.0,25.0,27.0,29.0,17.0,27.0,35.0,31.0,32.0,34.0,34.0,26.0,37.0,35.0,37.0,27.0,45.0,34.0,32.0,46.0,29.0,30.0,40.0,28.0,23.0,25.0,28.0,36.0,23.0,26.0,30.0
31.0,31.0,31.0,30.0,38.0,29.0,28.0,42.0,30.0,21.0,23.0,24.0,43.0,35.0,33.0,21.0,25.0,29.0,42.0,21.0,28.0,34.0,31.0,27.0,40.0,26.0,41.0,33.0,34.0,25.0,32.0,28.0,35.0,38.0,30.0,26.0,18.0,26.0,34.0,28.0,26.0,26.0,40.0,22.0,32.0,34.0,25.0,24.0,33.0,24.0
30.0,23.0,28.0,41.0,32.0,29.0,32.0,42.0,22.0,33.0,42.0,31.0,34.0,27.0,37.0,30.0,28.0,33.0,31.0,41.0,30.0,21.0,36.0,32.0,41.0,36.0,25.0,35.0,34.0,36.0,35.0,26.0,36.0,35.0,27.0,33.0,29.0,36.0,25.0,34.0,28.0,26.0,31.0,29.0,29.0,30.0,39.0,45.0,34.0,21.0
21.0,25.0,22.0,19.0,20.0,23.0,21.0,17.0,25.0,29.0,21.0,25.0,20.0,16.0,26.0,31.0,15.0,21.0,28.0,23.0,22.0,16.0,18.0,21.0,29.0,24.0,17.0,26.0,25.0,25.0,28.0,26.0,27.0,20.0,35.0,21.0,28.0,14.0,31.0,27.0,20.0,25.0,17.0,25.0,30.0,17.0,19.0,17.0,23.0,28.0
21.0,21.0,28.0,22.0,20.0,25.0,26.0,17.0,18.0,17.0,29.0,35.0,21.0,23.0,21.0,21.0,28.0,20.0,22.0,26.0,26.0,21.0,21.0,25.0,29.0,23.0,26.0,23.0,22.0,20.0,20.0,16.0,30.0,20.0,21.0,26.0,19.0,14.0,11.0,19.0,25.0,18.0,26.0,14.0,19.0,23.0,18.0,23.0,24.0,23.0
