10,50,1000
17.328107,16.003115,19.294081,17.486185,15.6788,17.233757,19.899685,19.588971,19.617253,19.752016
7.764013,7.244041,7.562702,6.327172,5.522061,6.408127,6.269285,7.625341,7.514867,8.04504
0.0,10.0,20.0,30.0,40.0,50.0,60.0,70.0,80.0,90.0
10.0,0.0,10.0,20.0,30.0,40.0,50.0,60.0,70.0,80.0
20.0,10.0,0.0,10.0,20.0,30.0,40.0,50.0,60.0,70.0
30.0,20.0,10.0,0.0,10.0,20.0,30.0,40.0,50.0,60.0
40.0,30.0,20.0,10.0,0.0,10.0,20.0,30.0,40.0,50.0
50.0,40.0,30.0,20.0,10.0,0.0,10.0,20.0,30.0,40.0
60.0,50.0,40.0,30.0,20.0,10.0,0.0,10.0,20.0,30.0
70.0,60.0,50.0,40.0,30.0,20.0,10.0,0.0,10.0,20.0
80.0,70.0,60.0,50.0,40.0,30.0,20.0,10.0,0.0,10.0
90.0,80.0,70.0,60.0,50.0,40.0,30.0,20.0,10.0,0.0
450.0,400.0,350.0,300.0,250.0,250.0,300.0,350.0,400.0,450.0
0.0,1.0,2.0,3.0,4.0,5.0,6.0,7.0,8.0,9.0
1.0,0.0,1.0,2.0,3.0,4.0,5.0,6.0,7.0,8.0
2.0,1.0,0.0,1.0,2.0,3.0,4.0,5.0,6.0,7.0
3.0,2.0,1.0,0.0,1.0,2.0,3.0,4.0,5.0,6.0
4.0,3.0,2.0,1.0,0.0,1.0,2.0,3.0,4.0,5.0
5.0,4.0,3.0,2.0,1.0,0.0,1.0,2.0,3.0,4.0
6.0,5.0,4.0,3.0,2.0,1.0,0.0,1.0,2.0,3.0
7.0,6.0,5.0,4.0,3.0,2.0,1.0,0.0,1.0,2.0
8.0,7.0,6.0,5.0,4.0,3.0,2.0,1.0,0.0,1.0
9.0,8.0,7.0,6.0,5.0,4.0,3.0,2.0,1.0,0.0
45.0,40.0,35.0,30.0,25.0,25.0,30.0,35.0,40.0,45.0
30.0,37.0,29.0,24.0,33.0,37.0,30.0,32.0,33.0,18.0,37.0,25.0,23.0,30.0,34.0,29.0,22.0,28.0,34.0,36.0,31.0,36.0,39.0,20.0,21.0,14.0,35.0,22.0,40.0,25.0,27.0,35.0,36.0,33.0,33.0,32.0,35.0,30.0,29.0,26.0,40.0,26.0,39.0,28.0,33.0,26.0,38.0,32.0,30.0,31.0
34.0,33.0,37.0,27.0,24.0,26.0,36.0,22.0,16.0,29.0,20.0,28.0,21.0,25.0,30.0,35.0,21.0,22.0,31.0,23.0,23.0,17.0,25.0,29.0,33.0,30.0,26.0,25.0,28.0,43.0,31.0,23.0,25.0,24.0,25.0,26.0,32.0,28.0,38.0,17.0,30.0,28.0,25.0,15.0,26.0,36.0,24.0,20.0,39.0,32.0
29.0,22.0,31.0,34.0,35.0,26.0,35.0,34.0,33.0,33.0,27.0,31.0,35.0,36.0,37.0,32.0,36.0,25.0,26.0,21.0,31.0,33.0,29.0,29.0,30.0,36.0,27.0,30.0,24.0,38.0,23.0,29.0,37.0,32.0,29.0,25.0,24.0,25.0,34.0,20.0,25.0,24.0,28.0,27.0,26.0,28.0,30.0,34.0,37.0,22.0
23.0,28.0,44.0,29.0,25.0,24.0,31.0,27.0,29.0,25.0,25.0,33.0,21.0,22.0,23.0,23.0,32.0,23.0,37.0,22.0,23.0,23.0,29.0,20.0,29.0,32.0,23.0,17.0,22.0,24.0,20.0,30.0,25.0,14.0,27.0,31.0,20.0,22.0,24.0,22.0,29.0,22.0,21.0,23.0,25.0,32.0,27.0,30.0,17.0,22.0
20.0,17.0,12.0,15.0,27.0,22.0,30.0,25.0,29.0,18.0,21.0,20.0,11.0,31.0,22.0,35.0,27.0,22.0,21.0,21.0,23.0,16.0,29.0,13.0,16.0,23.0,25.0,21.0,21.0,27.0,19.0,32.0,18.0,19.0,19.0,24.0,17.0,20.0,20.0,23.0,25.0,21.0,20.0,25.0,17.0,25.0,21.0,22.0,23.0,19.0
26.0,18.0,29.0,28.0,23.0,27.0,21.0,19.0,24.0,31.0,29.0,28.0,31.0,24.0,19.0,19.0,31.0,31.0,25.0,22.0,27.0,19.0,42.0,35.0,21.0,20.0,19.0,12.0,30.0,24.0,32.0,29.0,21.0,27.0,17.0,33.0,20.0,27.0,21.0,18.0,29.0,15.0,26.0,31.0,25.0,24.0,33.0,23.0,30.0,21.0
23.0,22.0,20.0,20.0,30.0,37.0,23.0,19.0,24.0,29.0,29.0,18.0,27.0,16.0,34.0,29.0,23.0,24.0,26.0,26.0,23.0,24.0,23.0,20.0,30.0,33.0,29.0,18.0,34.0,18.0,33.0,16.0,20.0,27.0,32.0,34.0,25.0,15.0,22.0,24.0,26.0,30.0,22.0,32.0,20.0,24.0,22.0,30.0,22.0,21.0
31.0,42.0,28.0,26.0,20.0,30.0,40.0,24.0,27.0,30.0,24.0,36.0,31.0,25.0,37.0,33.0,33.0,27.0,34.0,20.0,24.0,20.0,22.0,25.0,31.0,33.0,25.0,38.0,28.0,35.0,25.0,42.0,30.0,27.0,28.0,21.0,27.0,27.0,23.0,37.0,29.0,30.0,42.0,31.0,33.0,33.0,34.0,32.0,44.0,29.0
36.0,28.0,21.0,31.0,18.0,28.0,25.0,33.0,26.0,30.0,37.0,34.0,34.0,34.0,23.0,33.0,26.0,35.0,37.0,30.0,30.0,31.0,30.0,28.0,33.0,26.0,29.0,20.0,25.0,25.0,35.0,18.0,23.0,26.0,31.0,20.0,21.0,37.0,30.0,33.0,24.0,27.0,33.0,38.0,30.0,29.0,17.0,27.0,37.0,27.0
38.0,38.0,31.0,32.0,26.0,40.0,23.0,25.0,25.0,31.0,25.0,28.0,31.0,29.0,33.0,23.0,35.0,32.0,37.0,30.0,30.0,31.0,22.0,33.0,28.0,33.0,27.0,24.0,35.0,39.0,37.0,18.0,33.0,33.0,39.0,40.0,38.0,22.0,32.0,34.0,31.0,27.0,32.0,33.0,30.0,30.0,25.0,43.0,22.0,36.0
