10,50,1000
15.107238,17.593957,19.529968,15.512549,16.93689,16.196274,19.909992,19.979991,15.041039,17.544333
9.345252,5.232528,9.696673,7.020526,7.697719,7.753885,6.749447,5.186561,9.951426,5.111993
0.0,10.0,20.0,30.0,40.0,50.0,60.0,70.0,80.0,90.0
10.0,0.0,10.0,20.0,30.0,40.0,50.0,60.0,70.0,80.0
20.0,10.0,0.0,10.0,20.0,30.0,40.0,50.0,60.0,70.0
30.0,20.0,10.0,0.0,10.0,20.0,30.0,40.0,50.0,60.0
40.0,30.0,20.0,10.0,0.0,10.0,20.0,30.0,40.0,50.0
50.0,40.0,30.0,20.0,10.0,0.0,10.0,20.0,30.0,40.0
60.0,50.0,40.0,30.0,20.0,10.0,0.0,10.0,20.0,30.0
70.0,60.0,50.0,40.0,30.0,20.0,10.0,0.0,10.0,20.0
80.0,70.0,60.0,50.0,40.0,30.0,20.0,10.0,0.0,10.0
90.0,80.0,70.0,60.0,50.0,40.0,30.0,20.0,10.0,0.0
450.0,400.0,350.0,300.0,250.0,250.0,300.0,350.0,400.0,450.0
0.0,1.0,2.0,3.0,4.0,5.0,6.0,7.0,8.0,9.0
1.0,0.0,1.0,2.0,3.0,4.0,5.0,6.0,7.0,8.0
2.0,1.0,0.0,1.0,2.0,3.0,4.0,5.0,6.0,7.0
3.0,2.0,1.0,0.0,1.0,2.0,3.0,4.0,5.0,6.0
4.0,3.0,2.0,1.0,0.0,1.0,2.0,3.0,4.0,5.0
5.0,4.0,3.0,2.0,1.0,0.0,1.0,2.0,3.0,4.0
6.0,5.0,4.0,3.0,2.0,1.0,0.0,1.0,2.0,3.0
7.0,6.0,5.0,4.0,3.0,2.0,1.0,0.0,1.0,2.0
8.0,7.0,6.0,5.0,4.0,3.0,2.0,1.0,0.0,1.0
9.0,8.0,7.0,6.0,5.0,4.0,3.0,2.0,1.0,0.0
45.0,40.0,35.0,30.0,25.0,25.0,30.0,35.0,40.0,45.0
20.0,37.0,29.0,30.0,33.0,28.0,41.0,31.0,36.0,27.0,34.0,31.0,43.0,38.0,32.0,32.0,27.0,29.0,41.0,36.0,30.0,24.0,38.0,29.0,30.0,47.0,31.0,28.0,34.0,26.0,34.0,45.0,39.0,28.0,44.0,43.0,39.0,33.0,39.0,41.0,43.0,51.0,38.0,28.0,40.0,33.0,36.0,46.0,41.0,33.0
20.0,21.0,11.0,27.0,26.0,22.0,24.0,18.0,17.0,23.0,24.0,26.0,23.0,17.0,25.0,22.0,26.0,25.0,12.0,19.0,23.0,25.0,27.0,31.0,20.0,23.0,24.0,21.0,26.0,23.0,20.0,22.0,23.0,22.0,17.0,19.0,25.0,18.0,27.0,25.0,24.0,26.0,22.0,17.0,18.0,17.0,14.0,20.0,13.0,27.0
40.0,33.0,36.0,41.0,37.0,33.0,30.0,42.0,32.0,50.0,34.0,28.0,37.0,40.0,38.0,32.0,34.0,35.0,34.0,37.0,39.0,37.0,32.0,44.0,33.0,46.0,42.0,35.0,36.0,41.0,23.0,33.0,37.0,34.0,37.0,45.0,36.0,30.0,44.0,44.0,39.0,38.0,30.0,42.0,38.0,43.0,29.0,36.0,42.0,56.0
16.0,24.0,36.0,28.0,24.0,27.0,34.0,28.0,21.0,23.0,24.0,30.0,35.0,28.0,28.0,35.0,23.0,21.0,26.0,30.0,25.0,30.0,22.0,26.0,29.0,23.0,35.0,24.0,23.0,28.0,25.0,30.0,22.0,23.0,29.0,27.0,28.0,28.0,26.0,37.0,20.0,30.0,27.0,18.0,34.0,31.0,26.0,29.0,36.0,26.0
21.0,27.0,36.0,23.0,26.0,26.0,18.0,26.0,33.0,34.0,31.0,36.0,31.0,28.0,29.0,27.0,30.0,38.0,26.0,39.0,25.0,25.0,24.0,29.0,40.0,23.0,26.0,23.0,31.0,27.0,18.0,28.0,26.0,26.0,31.0,38.0,30.0,30.0,42.0,24.0,38.0,26.0,24.0,27.0,20.0,28.0,24.0,37.0,35.0,40.0
27.0,34.0,24.0,38.0,37.0,40.0,21.0,32.0,30.0,42.0,26.0,25.0,22.0,33.0,26.0,29.0,29.0,25.0,30.0,34.0,27.0,31.0,32.0,43.0,30.0,30.0,27.0,14.0,38.0,25.0,31.0,32.0,27.0,30.0,30.0,35.0,17.0,35.0,33.0,35.0,27.0,26.0,33.0,29.0,29.0,33.0,36.0,36.0,23.0,26.0
27.0,19.0,24.0,37.0,30.0,24.0,25.0,27.0,26.0,23.0,32.0,20.0,30.0,42.0,30.0,23.0,25.0,34.0,24.0,22.0,22.0,24.0,21.0,34.0,28.0,27.0,20.0,27.0,31.0,35.0,23.0,18.0,24.0,31.0,32.0,26.0,24.0,18.0,30.0,17.0,19.0,22.0,30.0,27.0,29.0,23.0,29.0,28.0,33.0,36.0
18.0,23.0,26.0,20.0,21.0,17.0,15.0,29.0,23.0,13.0,17.0,22.0,31.0,22.0,29.0,22.0,25.0,20.0,29.0,21.0,28.0,22.0,33.0,17.0,18.0,15.0,23.0,18.0,26.0,19.0,24.0,26.0,21.0,23.0,20.0,21.0,28.0,20.0,20.0,14.0,24.0,16.0,24.0,22.0,23.0,15.0,21.0,28.0,22.0,20.0
46.0,27.0,40.0,36.0,28.0,27.0,51.0,39.0,40.0,35.0,36.0,39.0,40.0,36.0,31.0,23.0,39.0,36.0,34.0,28.0,33.0,41.0,46.0,42.0,36.0,25.0,26.0,39.0,42.0,39.0,25.0,32.0,49.0,42.0,26.0,34.0,36.0,32.0,44.0,35.0,38.0,47.0,31.0,26.0,36.0,35.0,43.0,30.0,35.0,37.0
18.0,20.0,18.0,17.0,17.0,30.0,24.0,13.0,23.0,22.0,15.0,20.0,14.0,18.0,13.0,19.0,27.0,18.0,27.0,27.0,21.0,17.0,20.0,20.0,24.0,14.0,32.0,20.0,17.0,25.0,14.0,26.0,22.0,21.0,19.0,26.0,24.0,19.0,24.0,20.0,10.0,22.0,19.0,12.0,22.0,19.0,20.0,17.0,15.0,21.0
