10,50,1000
19.646299,15.652559,17.102875,15.336004,16.766728,19.27703,17.844877,18.613404,16.086589,15.769075
7.405018,8.243563,6.629881,5.547304,6.876334,6.920768,5.697388,6.23165,9.75569,8.461701
0.0,10.0,20.0,30.0,40.0,50.0,60.0,70.0,80.0,90.0
10.0,0.0,10.0,20.0,30.0,40.0,50.0,60.0,70.0,80.0
20.0,10.0,0.0,10.0,20.0,30.0,40.0,50.0,60.0,70.0
30.0,20.0,10.0,0.0,10.0,20.0,30.0,40.0,50.0,60.0
40.0,30.0,20.0,10.0,0.0,10.0,20.0,30.0,40.0,50.0
50.0,40.0,30.0,20.0,10.0,0.0,10.0,20.0,30.0,40.0
60.0,50.0,40.0,30.0,20.0,10.0,0.0,10.0,20.0,30.0
70.0,60.0,50.0,40.0,30.0,20.0,10.0,0.0,10.0,20.0
80.0,70.0,60.0,50.0,40.0,30.0,20.0,10.0,0.0,10.0
90.0,80.0,70.0,60.0,50.0,40.0,30.0,20.0,10.0,0.0
450.0,400.0,350.0,300.0,250.0,250.0,300.0,350.0,400.0,450.0
0.0,1.0,2.0,3.0,4.0,5.0,6.0,7.0,8.0,9.0
1.0,0.0,1.0,2.0,3.0,4.0,5.0,6.0,7.0,8.0
2.0,1.0,0.0,1.0,2.0,3.0,4.0,5.0,6.0,7.0
3.0,2.0,1.0,0.0,1.0,2.0,3.0,4.0,5.0,6.0
4.0,3.0,2.0,1.0,0.0,1.0,2.0,3.0,4.0,5.0
5.0,4.0,3.0,2.0,1.0,0.0,1.0,2.0,3.0,4.0
6.0,5.0,4.0,3.0,2.0,1.0,0.0,1.0,2.0,3.0
7.0,6.0,5.0,4.0,3.0,2.0,1.0,0.0,1.0,2.0
8.0,7.0,6.0,5.0,4.0,3.0,2.0,1.0,0.0,1.0
9.0,8.0,7.0,6.0,5.0,4.0,3.0,2.0,1.0,0.0
45.0,40.0,35.0,30.0,25.0,25.0,30.0,35.0,40.0,45.0
33.0,21.0,30.0,28.0,28.0,35.0,30.0,23.0,38.0,25.0,23.0,22.0,38.0,34.0,24.0,29.0,32.0,28.0,31.0,26.0,21.0,42.0,32.0,30.0,37.0,25.0,29.0,40.0,31.0,31.0,24.0,36.0,25.0,31.0,27.0,28.0,23.0,29.0,25.0,34.0,29.0,21.0,25.0,27.0,38.0,34.0,29.0,34.0,43.0,38.0
26.0,37.0,28.0,26.0,41.0,21.0,29.0,26.0,31.0,39.0,34.0,32.0,32.0,39.0,23.0,28.0,31.0,33.0,38.0,37.0,28.0,37.0,28.0,24.0,39.0,39.0,33.0,34.0,16.0,29.0,42.0,32.0,39.0,34.0,39.0,22.0,36.0,36.0,30.0,31.0,20.0,31.0,27.0,29.0,27.0,38.0,25.0,29.0,33.0,28.0
27.0,26.0,24.0,31.0,26.0,32.0,23.0,20.0,35.0,27.0,30.0,26.0,18.0,31.0,31.0,27.0,22.0,34.0,27.0,30.0,26.0,27.0,22.0,31.0,30.0,27.0,24.0,21.0,27.0,16.0,21.0,27.0,28.0,22.0,17.0,37.0,22.0,17.0,30.0,29.0,24.0,25.0,27.0,21.0,30.0,28.0,29.0,18.0,23.0,24.0
25.0,23.0,27.0,18.0,23.0,19.0,26.0,27.0,14.0,28.0,18.0,31.0,28.0,25.0,21.0,19.0,19.0,28.0,17.0,30.0,24.0,19.0,27.0,23.0,22.0,18.0,29.0,20.0,21.0,27.0,22.0,27.0,22.0,22.0,19.0,17.0,22.0,23.0,15.0,25.0,21.0,23.0,20.0,23.0,21.0,19.0,22.0,25.0,27.0,15.0
42.0,36.0,26.0,25.0,24.0,27.0,36.0,29.0,27.0,32.0,20.0,29.0,22.0,28.0,24.0,22.0,42.0,26.0,28.0,25.0,23.0,30.0,26.0,35.0,17.0,28.0,27.0,24.0,33.0,28.0,29.0,28.0,35.0,23.0,21.0,24.0,27.0,27.0,25.0,29.0,35.0,35.0,29.0,16.0,26.0,29.0,30.0,28.0,32.0,29.0
29.0,28.0,29.0,22.0,34.0,27.0,28.0,30.0,32.0,25.0,30.0,28.0,25.0,22.0,30.0,30.0,24.0,22.0,31.0,21.0,28.0,34.0,25.0,29.0,34.0,25.0,35.0,23.0,29.0,26.0,30.0,31.0,26.0,29.0,25.0,31.0,26.0,24.0,25.0,32.0,26.0,31.0,28.0,35.0,43.0,23.0,37.0,31.0,31.0,23.0
22.0,16.0,20.0,20.0,26.0,18.0,27.0,23.0,29.0,26.0,29.0,24.0,20.0,18.0,25.0,22.0,18.0,28.0,27.0,15.0,21.0,24.0,23.0,19.0,27.0,28.0,26.0,26.0,21.0,13.0,21.0,26.0,26.0,36.0,21.0,22.0,23.0,25.0,23.0,19.0,19.0,20.0,20.0,22.0,30.0,22.0,24.0,33.0,23.0,23.0
31.0,32.0,19.0,26.0,25.0,32.0,25.0,20.0,28.0,35.0,25.0,23.0,34.0,23.0,25.0,23.0,18.0,31.0,26.0,25.0,25.0,27.0,28.0,28.0,20.0,24.0,24.0,23.0,28.0,24.0,24.0,19.0,33.0,29.0,27.0,25.0,28.0,31.0,18.0,26.0,25.0,31.0,32.0,15.0,30.0,30.0,30.0,32.0,23.0,26.0
46.0,52.0,32.0,31.0,39.0,37.0,40.0,39.0,24.0,40.0,33.0,27.0,36.0,45.0,35.0,46.0,37.0,18.0,40.0,43.0,26.0,44.0,27.0,33.0,32.0,33.0,40.0,33.0,52.0,43.0,41.0,30.0,32.0,30.0,39.0,30.0,32.0,35.0,37.0,31.0,28.0,33.0,38.0,40.0,26.0,40.0,36.0,44.0,26.0,25.0
27.0,32.0,37.0,33.0,30.0,19.0,30.0,29.0,23.0,31.0,39.0,37.0,25.0,32.0,21.0,30.0,29.0,40.0,37.0,33.0,26.0,36.0,29.0,34.0,29.0,23.0,28.0,33.0,35.0,27.0,26.0,29.0,31.0,32.0,44.0,26.0,26.0,28.0,35.0,28.0,36.0,26.0,38.0,35.0,26.0,25.0,39.0,43.0,22.0,26.0
