10,50,1000
17.962856,16.788546,15.348738,17.018417,19.26455,18.838827,17.552355,17.814782,19.107531,19.368413
9.817638,5.838385,8.977887,5.956642,6.547648,8.534464,5.871235,8.99897,9.417705,7.677842
0.0,10.0,20.0,30.0,40.0,50.0,60.0,70.0,80.0,90.0
10.0,0.0,10.0,20.0,30.0,40.0,50.0,60.0,70.0,80.0
20.0,10.0,0.0,10.0,20.0,30.0,40.0,50.0,60.0,70.0
30.0,20.0,10.0,0.0,10.0,20.0,30.0,40.0,50.0,60.0
40.0,30.0,20.0,10.0,0.0,10.0,20.0,30.0,40.0,50.0
50.0,40.0,30.0,20.0,10.0,0.0,10.0,20.0,30.0,40.0
60.0,50.0,40.0,30.0,20.0,10.0,0.0,10.0,20.0,30.0
70.0,60.0,50.0,40.0,30.0,20.0,10.0,0.0,10.0,20.0
80.0,70.0,60.0,50.0,40.0,30.0,20.0,10.0,0.0,10.0
90.0,80.0,70.0,60.0,50.0,40.0,30.0,20.0,10.0,0.0
450.0,400.0,350.0,300.0,250.0,250.0,300.0,350.0,400.0,450.0
0.0,1.0,2.0,3.0,4.0,5.0,6.0,7.0,8.0,9.0
1.0,0.0,1.0,2.0,3.0,4.0,5.0,6.0,7.0,8.0
2.0,1.0,0.0,1.0,2.0,3.0,4.0,5.0,6.0,7.0
3.0,2.0,1.0,0.0,1.0,2.0,3.0,4.0,5.0,6.0
4.0,3.0,2.0,1.0,0.0,1.0,2.0,3.0,4.0,5.0
5.0,4.0,3.0,2.0,1.0,0.0,1.0,2.0,3.0,4.0
6.0,5.0,4.0,3.0,2.0,1.0,0.0,1.0,2.0,3.0
7.0,6.0,5.0,4.0,3.0,2.0,1.0,0.0,1.0,2.0
8.0,7.0,6.0,5.0,4.0,3.0,2.0,1.0,0.0,1.0
9.0,8.0,7.0,6.0,5.0,4.0,3.0,2.0,1.0,0.0
45.0,40.0,35.0,30.0,25.0,25.0,30.0,35.0,40.0,45.0
34.0,31.0,33.0,39.0,19.0,40.0,44.0,41.0,36.0,40.0,35.0,33.0,33.0,37.0,26.0,33.0,34.0,38.0,43.0,35.0,36.0,38.0,48.0,47.0,39.0,20.0,31.0,25.0,41.0,34.0,27.0,43.0,50.0,35.0,38.0,36.0,26.0,31.0,39.0,24.0,42.0,45.0,24.0,35.0,40.0,43.0,40.0,25.0,33.0,53.0
21.0,21.0,22.0,21.0,28.0,18.0,24.0,26.0,28.0,18.0,21.0,20.0,29.0,24.0,21.0,28.0,21.0,34.0,22.0,35.0,28.0,34.0,16.0,17.0,27.0,18.0,23.0,20.0,23.0,27.0,21.0,21.0,25.0,23.0,30.0,24.0,22.0,23.0,23.0,22.0,21.0,12.0,16.0,31.0,22.0,26.0,27.0,32.0,23.0,25.0
33.0,32.0,33.0,34.0,33.0,31.0,33.0,38.0,31.0,25.0,33.0,31.0,28.0,32.0,25.0,30.0,34.0,36.0,24.0,36.0,34.0,28.0,48.0,29.0,35.0,30.0,29.0,30.0,28.0,30.0,32.0,42.0,39.0,34.0,21.0,28.0,33.0,32.0,34.0,32.0,32.0,31.0,38.0,29.0,34.0,31.0,27.0,36.0,37.0,34.0
23.0,26.0,24.0,25.0,24.0,23.0,26.0,24.0,27.0,33.0,26.0,18.0,23.0,25.0,31.0,26.0,22.0,24.0,25.0,21.0,22.0,36.0,23.0,25.0,28.0,33.0,18.0,22.0,19.0,27.0,23.0,14.0,22.0,21.0,22.0,28.0,29.0,29.0,15.0,26.0,33.0,22.0,33.0,27.0,22.0,31.0,27.0,22.0,18.0,29.0
30.0,16.0,26.0,25.0,22.0,30.0,16.0,27.0,25.0,26.0,26.0,36.0,27.0,26.0,34.0,24.0,31.0,26.0,34.0,28.0,27.0,29.0,28.0,20.0,28.0,23.0,31.0,21.0,20.0,19.0,20.0,20.0,27.0,27.0,26.0,23.0,19.0,17.0,24.0,24.0,21.0,24.0,28.0,30.0,29.0,34.0,26.0,20.0,25.0,35.0
25.0,42.0,31.0,33.0,29.0,28.0,30.0,37.0,30.0,46.0,36.0,47.0,29.0,26.0,25.0,35.0,34.0,30.0,44.0,36.0,22.0,39.0,27.0,36.0,32.0,26.0,33.0,25.0,32.0,36.0,22.0,31.0,31.0,31.0,38.0,31.0,40.0,30.0,28.0,32.0,35.0,40.0,30.0,36.0,38.0,36.0,24.0,36.0,38.0,34.0
26.0,32.0,26.0,23.0,19.0,22.0,21.0,21.0,27.0,31.0,30.0,22.0,19.0,35.0,18.0,20.0,33.0,30.0,30.0,18.0,28.0,19.0,19.0,17.0,20.0,22.0,34.0,32.0,20.0,21.0,21.0,21.0,34.0,24.0,32.0,28.0,41.0,28.0,24.0,20.0,26.0,26.0,27.0,20.0,29.0,28.0,22.0,25.0,22.0,19.0
31.0,37.0,36.0,36.0,34.0,33.0,24.0,46.0,31.0,28.0,42.0,27.0,30.0,36.0,36.0,32.0,38.0,29.0,38.0,41.0,32.0,38.0,49.0,39.0,21.0,25.0,26.0,30.0,27.0,40.0,36.0,37.0,30.0,44.0,37.0,41.0,33.0,41.0,34.0,34.0,38.0,50.0,31.0,32.0,35.0,31.0,30.0,34.0,34.0,28.0
38.0,34.0,34.0,38.0,44.0,34.0,34.0,30.0,29.0,36.0,48.0,27.0,41.0,32.0,36.0,33.0,33.0,34.0,33.0,40.0,26.0,34.0,36.0,27.0,47.0,39.0,36.0,31.0,38.0,33.0,42.0,30.0,32.0,41.0,35.0,45.0,33.0,39.0,41.0,40.0,38.0,31.0,32.0,39.0,26.0,40.0,37.0,42.0,25.0,37.0
37.0,32.0,32.0,38.0,29.0,28.0,31.0,28.0,38.0,36.0,26.0,29.0,33.0,29.0,26.0,27.0,22.0,31.0,33.0,32.0,25.0,26.0,29.0,25.0,29.0,22.0,28.0,29.0,34.0,24.0,27.0,31.0,24.0,32.0,25.0,33.0,33.0,31.0,25.0,31.0,27.0,31.0,31.0,27.0,28.0,23.0,36.0,30.0,23.0,38.0
