10,50,1000
17.809707,17.39459,19.751864,16.321486,19.346619,18.288517,16.255972,19.439332,17.79794,19.111359
6.56611,5.595088,9.093098,7.583948,8.487513,9.317837,5.420091,8.073813,7.596262,8.106971
0.0,10.0,20.0,30.0,40.0,50.0,60.0,70.0,80.0,90.0
10.0,0.0,10.0,20.0,30.0,40.0,50.0,60.0,70.0,80.0
20.0,10.0,0.0,10.0,20.0,30.0,40.0,50.0,60.0,70.0
30.0,20.0,10.0,0.0,10.0,20.0,30.0,40.0,50.0,60.0
40.0,30.0,20.0,10.0,0.0,10.0,20.0,30.0,40.0,50.0
50.0,40.0,30.0,20.0,10.0,0.0,10.0,20.0,30.0,40.0
60.0,50.0,40.0,30.0,20.0,10.0,0.0,10.0,20.0,30.0
70.0,60.0,50.0,40.0,30.0,20.0,10.0,0.0,10.0,20.0
80.0,70.0,60.0,50.0,40.0,30.0,20.0,10.0,0.0,10.0
90.0,80.0,70.0,60.0,50.0,40.0,30.0,20.0,10.0,0.0
450.0,400.0,350.0,300.0,250.0,250.0,300.0,350.0,400.0,450.0
0.0,1.0,2.0,3.0,4.0,5.0,6.0,7.0,8.0,9.0
1.0,0.0,1.0,2.0,3.0,4.0,5.0,6.0,7.0,8.0
2.0,1.0,0.0,1.0,2.0,3.0,4.0,5.0,6.0,7.0
3.0,2.0,1.0,0.0,1.0,2.0,3.0,4.0,5.0,6.0
4.0,3.0,2.0,1.0,0.0,1.0,2.0,3.0,4.0,5.0
5.0,4.0,3.0,2.0,1.0,0.0,1.0,2.0,3.0,4.0
6.0,5.0,4.0,3.0,2.0,1.0,0.0,1.0,2.0,3.0
7.0,6.0,5.0,4.0,3.0,2.0,1.0,0.0,1.0,2.0
8.0,7.0,6.0,5.0,4.0,3.0,2.0,1.0,0.0,1.0
9.0,8.0,7.0,6.0,5.0,4.0,3.0,2.0,1.0,0.0
45.0,40.0,35.0,30.0,25.0,25.0,30.0,35.0,40.0,45.0
25.0,26.0,25.0,30.0,28.0,27.0,26.0,30.0,27.0,20.0,26.0,24.0,29.0,20.0,29.0,22.0,23.0,32.0,29.0,25.0,23.0,19.0,23.0,32.0,31.0,25.0,36.0,23.0,22.0,35.0,25.0,14.0,26.0,31.0,38.0,30.0,22.0,30.0,25.0,23.0,31.0,23.0,26.0,26.0,24.0,31.0,14.0,23.0,25.0,20.0
25.0,16.0,22.0,27.0,28.0,26.0,19.0,21.0,20.0,31.0,15.0,21.0,22.0,29.0,27.0,28.0,23.0,23.0,19.0,28.0,25.0,21.0,28.0,26.0,18.0,21.0,22.0,15.0,24.0,22.0,26.0,26.0,24.0,20.0,24.0,23.0,16.0,25.0,17.0,30.0,28.0,24.0,23.0,27.0,20.0,27.0,17.0,22.0,30.0,27.0
29.0,32.0,33.0,42.0,33.0,23.0,29.0,37.0,33.0,35.0,31.0,32.0,27.0,24.0,46.0,39.0,37.0,43.0,43.0,36.0,48.0,41.0,34.0,33.0,39.0,38.0,40.0,39.0,30.0,46.0,39.0,40.0,51.0,39.0,40.0,30.0,42.0,37.0,40.0,28.0,40.0,40.0,38.0,28.0,27.0,26.0,28.0,41.0,37.0,44.0
26.0,29.0,37.0,33.0,28.0,24.0,33.0,26.0,28.0,31.0,24.0,13.0,30.0,34.0,28.0,34.0,30.0,31.0,33.0,33.0,26.0,25.0,33.0,39.0,26.0,25.0,23.0,31.0,27.0,18.0,36.0,32.0,29.0,33.0,26.0,30.0,36.0,28.0,44.0,27.0,20.0,27.0,29.0,34.0,35.0,27.0,27.0,22.0,29.0,29.0
27.0,36.0,29.0,39.0,35.0,22.0,35.0,33.0,27.0,29.0,34.0,32.0,25.0,34.0,37.0,36.0,29.0,34.0,20.0,31.0,36.0,35.0,28.0,29.0,21.0,22.0,34.0,36.0,27.0,50.0,49.0,49.0,28.0,36.0,29.0,25.0,27.0,29.0,33.0,30.0,28.0,35.0,36.0,25.0,35.0,28.0,43.0,32.0,29.0,41.0
37.0,26.0,39.0,36.0,23.0,36.0,26.0,24.0,40.0,46.0,41.0,44.0,36.0,36.0,50.0,30.0,35.0,33.0,24.0,34.0,34.0,31.0,36.0,23.0,35.0,46.0,33.0,35.0,31.0,31.0,25.0,49.0,39.0,35.0,30.0,41.0,23.0,26.0,32.0,36.0,36.0,38.0,29.0,39.0,37.0,27.0,24.0,33.0,33.0,33.0
14.0,16.0,22.0,22.0,25.0,19.0,23.0,28.0,13.0,14.0,18.0,22.0,22.0,12.0,29.0,28.0,26.0,18.0,27.0,28.0,24.0,28.0,17.0,22.0,22.0,28.0,21.0,15.0,21.0,26.0,26.0,16.0,27.0,18.0,24.0,18.0,31.0,29.0,29.0,22.0,26.0,19.0,28.0,24.0,25.0,23.0,21.0,30.0,14.0,26.0
37.0,29.0,36.0,25.0,37.0,24.0,26.0,31.0,25.0,31.0,42.0,37.0,27.0,30.0,41.0,34.0,28.0,25.0,29.0,34.0,15.0,34.0,38.0,35.0,28.0,23.0,24.0,33.0,23.0,36.0,25.0,30.0,28.0,28.0,30.0,25.0,31.0,34.0,31.0,21.0,39.0,28.0,34.0,37.0,38.0,31.0,28.0,22.0,31.0,37.0
23.0,20.0,26.0,34.0,35.0,30.0,28.0,29.0,35.0,24.0,29.0,34.0,23.0,30.0,31.0,35.0,39.0,29.0,27.0,33.0,23.0,28.0,28.0,23.0,22.0,27.0,24.0,20.0,29.0,34.0,27.0,31.0,19.0,26.0,30.0,31.0,22.0,23.0,30.0,31.0,20.0,26.0,36.0,22.0,14.0,30.0,33.0,34.0,23.0,24.0
40.0,31.0,23.0,31.0,33.0,24.0,35.0,33.0,35.0,30.0,39.0,23.0,34.0,37.0,24.0,32.0,30.0,37.0,16.0,38.0,37.0,37.0,26.0,45.0,27.0,39.0,24.0,37.0,46.0,23.0,32.0,47.0,30.0,27.0,27.0,32.0,25.0,27.0,37.0,25.0,28.0,22.0,20.0,36.0,28.0,30.0,26.0,35.0,30.0,26.0
