10,50,1000
18.790858,17.100113,18.471125,18.998383,15.211154,18.847047,15.971704,15.460145,18.012373,19.985573
8.960179,6.593067,9.394727,7.557541,7.048564,6.034753,6.271962,6.058368,9.676062,6.493864
0.0,10.0,20.0,30.0,40.0,50.0,60.0,70.0,80.0,90.0
10.0,0.0,10.0,20.0,30.0,40.0,50.0,60.0,70.0,80.0
20.0,10.0,0.0,10.0,20.0,30.0,40.0,50.0,60.0,70.0
30.0,20.0,10.0,0.0,10.0,20.0,30.0,40.0,50.0,60.0
40.0,30.0,20.0,10.0,0.0,10.0,20.0,30.0,40.0,50.0
50.0,40.0,30.0,20.0,10.0,0.0,10.0,20.0,30.0,40.0
60.0,50.0,40.0,30.0,20.0,10.0,0.0,10.0,20.0,30.0
70.0,60.0,50.0,40.0,30.0,20.0,10.0,0.0,10.0,20.0
80.0,70.0,60.0,50.0,40.0,30.0,20.0,10.0,0.0,10.0
90.0,80.0,70.0,60.0,50.0,40.0,30.0,20.0,10.0,0.0
450.0,400.0,350.0,300.0,250.0,250.0,300.0,350.0,400.0,450.0
0.0,1.0,2.0,3.0,4.0,5.0,6.0,7.0,8.0,9.0
1.0,0.0,1.0,2.0,3.0,4.0,5.0,6.0,7.0,8.0
2.0,1.0,0.0,1.0,2.0,3.0,4.0,5.0,6.0,7.0
3.0,2.0,1.0,0.0,1.0,2.0,3.0,4.0,5.0,6.0
4.0,3.0,2.0,1.0,0.0,1.0,2.0,3.0,4.0,5.0
5.0,4.0,3.0,2.0,1.0,0.0,1.0,2.0,3.0,4.0
6.0,5.0,4.0,3.0,2.0,1.0,0.0,1.0,2.0,3.0
7.0,6.0,5.0,4.0,3.0,2.0,1.0,0.0,1.0,2.0
8.0,7.0,6.0,5.0,4.0,3.0,2.0,1.0,0.0,1.0
9.0,8.0,7.0,6.0,5.0,4.0,3.0,2.0,1.0,0.0
45.0,40.0,35.0,30.0,25.0,25.0,30.0,35.0,40.0,45.0
34.0,32.0,20.0,35.0,32.0,31.0,29.0,44.0,26.0,32.0,37.0,28.0,37.0,34.0,33.0,26.0,31.0,31.0,44.0,26.0,29.0,28.0,29.0,35.0,27.0,27.0,28.0,33.0,24.0,36.0,41.0,27.0,49.0,24.0,27.0,40.0,36.0,43.0,40.0,35.0,35.0,35.0,27.0,40.0,39.0,41.0,35.0,29.0,33.0,45.0
22.0,26.0,36.0,30.0,32.0,30.0,22.0,24.0,23.0,27.0,25.0,22.0,24.0,20.0,32.0,23.0,32.0,25.0,22.0,25.0,24.0,23.0,26.0,22.0,29.0,19.0,23.0,28.0,32.0,32.0,23.0,19.0,26.0,31.0,26.0,28.0,29.0,41.0,35.0,28.0,29.0,34.0,31.0,19.0,26.0,34.0,24.0,28.0,26.0,36.0
26.0,30.0,29.0,35.0,36.0,36.0,40.0,45.0,33.0,33.0,39.0,36.0,35.0,35.0,24.0,44.0,40.0,31.0,31.0,30.0,43.0,43.0,27.0,28.0,41.0,32.0,29.0,29.0,44.0,35.0,37.0,41.0,35.0,38.0,33.0,34.0,45.0,26.0,35.0,33.0,41.0,32.0,37.0,35.0,38.0,30.0,29.0,42.0,38.0,32.0
27.0,30.0,26.0,29.0,26.0,32.0,28.0,27.0,32.0,28.0,26.0,25.0,26.0,28.0,25.0,30.0,30.0,27.0,28.0,23.0,34.0,24.0,22.0,32.0,31.0,37.0,19.0,34.0,25.0,21.0,25.0,32.0,32.0,20.0,32.0,33.0,29.0,24.0,26.0,24.0,23.0,32.0,26.0,30.0,39.0,28.0,26.0,31.0,34.0,42.0
17.0,23.0,25.0,24.0,28.0,24.0,27.0,32.0,29.0,31.0,20.0,23.0,27.0,23.0,26.0,27.0,31.0,8.0,32.0,28.0,27.0,20.0,19.0,28.0,24.0,24.0,11.0,36.0,37.0,28.0,20.0,22.0,30.0,25.0,25.0,33.0,24.0,25.0,27.0,23.0,24.0,25.0,25.0,20.0,31.0,32.0,25.0,23.0,27.0,22.0
27.0,27.0,23.0,19.0,19.0,23.0,33.0,26.0,24.0,28.0,25.0,16.0,18.0,26.0,27.0,17.0,28.0,29.0,20.0,32.0,26.0,27.0,23.0,29.0,21.0,24.0,27.0,21.0,36.0,21.0,38.0,18.0,24.0,34.0,27.0,23.0,20.0,22.0,25.0,28.0,30.0,23.0,25.0,24.0,19.0,22.0,26.0,25.0,31.0,20.0
17.0,20.0,18.0,23.0,33.0,22.0,19.0,28.0,23.0,20.0,22.0,25.0,21.0,26.0,27.0,30.0,16.0,29.0,21.0,22.0,23.0,31.0,22.0,23.0,34.0,27.0,17.0,21.0,31.0,22.0,13.0,23.0,21.0,31.0,22.0,30.0,20.0,24.0,29.0,29.0,37.0,20.0,28.0,34.0,23.0,26.0,25.0,28.0,18.0,21.0
22.0,27.0,26.0,22.0,20.0,26.0,22.0,15.0,21.0,31.0,27.0,15.0,32.0,21.0,23.0,23.0,21.0,18.0,16.0,18.0,17.0,25.0,23.0,28.0,21.0,23.0,24.0,25.0,27.0,27.0,22.0,20.0,25.0,26.0,24.0,27.0,37.0,26.0,16.0,15.0,18.0,25.0,28.0,23.0,17.0,25.0,27.0,28.0,19.0,28.0
41.0,30.0,31.0,31.0,35.0,32.0,35.0,31.0,31.0,39.0,37.0,43.0,30.0,43.0,38.0,37.0,42.0,38.0,47.0,42.0,44.0,44.0,43.0,37.0,29.0,33.0,34.0,34.0,40.0,47.0,42.0,33.0,40.0,30.0,48.0,29.0,40.0,36.0,29.0,32.0,31.0,34.0,44.0,22.0,46.0,41.0,32.0,44.0,39.0,35.0
24.0,28.0,28.0,24.0,27.0,26.0,21.0,28.0,28.0,28.0,33.0,29.0,26.0,32.0,23.0,31.0,25.0,28.0,31.0,20.0,20.0,18.0,34.0,29.0,33.0,30.0,23.0,25.0,26.0,29.0,37.0,21.0,20.0,27.0,33.0,25.0,17.0,32.0,24.0,36.0,21.0,25.0,25.0,20.0,22.0,28.0,22.0,28.0,25.0,23.0
