10,50,1000
16.749301,16.013659,16.372241,17.01394,19.084999,17.92931,17.50088,17.610745,16.512599,16.63986
6.598608,6.960726,6.770307,9.116033,6.639166,5.371032,5.385991,9.476027,6.011973,9.340159
0.0,10.0,20.0,30.0,40.0,50.0,60.0,70.0,80.0,90.0
10.0,0.0,10.0,20.0,30.0,40.0,50.0,60.0,70.0,80.0
20.0,10.0,0.0,10.0,20.0,30.0,40.0,50.0,60.0,70.0
30.0,20.0,10.0,0.0,10.0,20.0,30.0,40.0,50.0,60.0
40.0,30.0,20.0,10.0,0.0,10.0,20.0,30.0,40.0,50.0
50.0,40.0,30.0,20.0,10.0,0.0,10.0,20.0,30.0,40.0
60.0,50.0,40.0,30.0,20.0,10.0,0.0,10.0,20.0,30.0
70.0,60.0,50.0,40.0,30.0,20.0,10.0,0.0,10.0,20.0
80.0,70.0,60.0,50.0,40.0,30.0,20.0,10.0,0.0,10.0
90.0,80.0,70.0,60.0,50.0,40.0,30.0,20.0,10.0,0.0
450.0,400.0,350.0,300.0,250.0,250.0,300.0,350.0,400.0,450.0
0.0,1.0,2.0,3.0,4.0,5.0,6.0,7.0,8.0,9.0
1.0,0.0,1.0,2.0,3.0,4.0,5.0,6.0,7.0,8.0
2.0,1.0,0.0,1.0,2.0,3.0,4.0,5.0,6.0,7.0
3.0,2.0,1.0,0.0,1.0,2.0,3.0,4.0,5.0,6.0
4.0,3.0,2.0,1.0,0.0,1.0,2.0,3.0,4.0,5.0
5.0,4.0,3.0,2.0,1.0,0.0,1.0,2.0,3.0,4.0
6.0,5.0,4.0,3.0,2.0,1.0,0.0,1.0,2.0,3.0
7.0,6.0,5.0,4.0,3.0,2.0,1.0,0.0,1.0,2.0
8.0,7.0,6.0,5.0,4.0,3.0,2.0,1.0,0.0,1.0
9.0,8.0,7.0,6.0,5.0,4.0,3.0,2.0,1.0,0.0
45.0,40.0,35.0,30.0,25.0,25.0,30.0,35.0,40.0,45.0
27.0,27.0,31.0,20.0,25.0,18.0,22.0,28.0,26.0,30.0,30.0,26.0,26.0,28.0,28.0,16.0,28.0,18.0,31.0,28.0,24.0,34.0,24.0,27.0,32.0,30.0,31.0,29.0,32.0,22.0,35.0,23.0,19.0,23.0,30.0,24.0,26.0,27.0,19.0,25.0,29.0,42.0,15.0,20.0,23.0,25.0,23.0,23.0,30.0,18.0
31.0,30.0,24.0,41.0,18.0,25.0,22.0,23.0,20.0,33.0,29.0,23.0,24.0,32.0,22.0,30.0,21.0,24.0,28.0,29.0,22.0,26.0,27.0,26.0,35.0,21.0,22.0,25.0,34.0,25.0,31.0,17.0,22.0,31.0,30.0,34.0,22.0,29.0,34.0,20.0,24.0,23.0,18.0,28.0,34.0,39.0,33.0,25.0,24.0,33.0
26.0,30.0,24.0,28.0,32.0,31.0,18.0,32.0,24.0,26.0,24.0,25.0,26.0,23.0,18.0,27.0,24.0,34.0,20.0,21.0,21.0,23.0,21.0,17.0,30.0,34.0,24.0,27.0,27.0,33.0,21.0,34.0,32.0,32.0,19.0,29.0,29.0,22.0,22.0,35.0,25.0,27.0,24.0,25.0,28.0,30.0,22.0,29.0,23.0,30.0
27.0,43.0,41.0,28.0,33.0,38.0,36.0,34.0,50.0,36.0,29.0,34.0,35.0,35.0,47.0,28.0,31.0,26.0,35.0,29.0,29.0,31.0,43.0,41.0,33.0,37.0,34.0,38.0,37.0,30.0,35.0,33.0,29.0,34.0,33.0,28.0,32.0,34.0,30.0,30.0,25.0,33.0,37.0,37.0,40.0,34.0,29.0,38.0,32.0,38.0
36.0,24.0,29.0,26.0,25.0,31.0,23.0,31.0,34.0,30.0,27.0,24.0,29.0,37.0,31.0,22.0,28.0,24.0,28.0,24.0,31.0,33.0,23.0,27.0,25.0,30.0,26.0,28.0,24.0,25.0,24.0,29.0,22.0,26.0,18.0,23.0,30.0,29.0,34.0,32.0,26.0,24.0,32.0,28.0,25.0,23.0,23.0,34.0,26.0,26.0
24.0,22.0,33.0,12.0,19.0,15.0,17.0,18.0,17.0,25.0,23.0,21.0,21.0,21.0,33.0,21.0,20.0,27.0,14.0,22.0,24.0,18.0,15.0,19.0,35.0,23.0,19.0,30.0,24.0,14.0,29.0,25.0,27.0,15.0,20.0,23.0,29.0,31.0,18.0,21.0,24.0,14.0,27.0,26.0,17.0,20.0,22.0,24.0,29.0,25.0
24.0,28.0,15.0,15.0,23.0,25.0,18.0,18.0,21.0,30.0,14.0,20.0,21.0,22.0,17.0,18.0,17.0,24.0,28.0,29.0,19.0,20.0,24.0,22.0,21.0,29.0,18.0,19.0,19.0,29.0,22.0,23.0,24.0,20.0,21.0,25.0,22.0,20.0,18.0,35.0,19.0,15.0,23.0,27.0,21.0,21.0,27.0,22.0,17.0,30.0
25.0,31.0,34.0,19.0,40.0,34.0,34.0,27.0,39.0,33.0,25.0,38.0,35.0,31.0,34.0,33.0,37.0,46.0,37.0,36.0,39.0,38.0,44.0,39.0,39.0,48.0,40.0,31.0,38.0,29.0,35.0,34.0,36.0,36.0,36.0,34.0,41.0,34.0,39.0,42.0,35.0,35.0,42.0,35.0,33.0,46.0,26.0,43.0,26.0,39.0
21.0,30.0,19.0,31.0,22.0,21.0,21.0,29.0,23.0,23.0,23.0,29.0,25.0,26.0,24.0,14.0,26.0,17.0,26.0,30.0,22.0,25.0,19.0,26.0,22.0,30.0,22.0,22.0,29.0,31.0,22.0,30.0,30.0,27.0,32.0,21.0,19.0,27.0,26.0,30.0,26.0,18.0,28.0,20.0,19.0,21.0,20.0,24.0,24.0,32.0
39.0,41.0,32.0,37.0,24.0,42.0,39.0,51.0,26.0,39.0,32.0,35.0,32.0,30.0,40.0,36.0,29.0,29.0,31.0,35.0,40.0,45.0,40.0,31.0,29.0,29.0,28.0,38.0,34.0,32.0,35.0,43.0,34.0,26.0,35.0,36.0,41.0,38.0,37.0,27.0,36.0,29.0,42.0,37.0,38.0,24.0,36.0,30.0,43.0,38.0
