10,50,1000
17.184958,18.455887,19.168121,18.408876,16.142093,15.712777,17.943542,16.284005,19.858992,15.313598
6.895559,7.28761,5.705405,9.228947,6.598452,5.762762,5.468134,5.740317,7.786858,6.12571
0.0,10.0,20.0,30.0,40.0,50.0,60.0,70.0,80.0,90.0
10.0,0.0,10.0,20.0,30.0,40.0,50.0,60.0,70.0,80.0
20.0,10.0,0.0,10.0,20.0,30.0,40.0,50.0,60.0,70.0
30.0,20.0,10.0,0.0,10.0,20.0,30.0,40.0,50.0,60.0
40.0,30.0,20.0,10.0,0.0,10.0,20.0,30.0,40.0,50.0
50.0,40.0,30.0,20.0,10.0,0.0,10.0,20.0,30.0,40.0
60.0,50.0,40.0,30.0,20.0,10.0,0.0,10.0,20.0,30.0
70.0,60.0,50.0,40.0,30.0,20.0,10.0,0.0,10.0,20.0
80.0,70.0,60.0,50.0,40.0,30.0,20.0,10.0,0.0,10.0
90.0,80.0,70.0,60.0,50.0,40.0,30.0,20.0,10.0,0.0
450.0,400.0,350.0,300.0,250.0,250.0,300.0,350.0,400.0,450.0
0.0,1.0,2.0,3.0,4.0,5.0,6.0,7.0,8.0,9.0
1.0,0.0,1.0,2.0,3.0,4.0,5.0,6.0,7.0,8.0
2.0,1.0,0.0,1.0,2.0,3.0,4.0,5.0,6.0,7.0
3.0,2.0,1.0,0.0,1.0,2.0,3.0,4.0,5.0,6.0
4.0,3.0,2.0,1.0,0.0,1.0,2.0,3.0,4.0,5.0
5.0,4.0,3.0,2.0,1.0,0.0,1.0,2.0,3.0,4.0
6.0,5.0,4.0,3.0,2.0,1.0,0.0,1.0,2.0,3.0
7.0,6.0,5.0,4.0,3.0,2.0,1.0,0.0,1.0,2.0
8.0,7.0,6.0,5.0,4.0,3.0,2.0,1.0,0.0,1.0
9.0,8.0,7.0,6.0,5.0,4.0,3.0,2.0,1.0,0.0
45.0,40.0,35.0,30.0,25.0,25.0,30.0,35.0,40.0,45.0
27.0,33.0,32.0,26.0,27.0,21.0,36.0,33.0,36.0,21.0,32.0,28.0,22.0,21.0,24.0,29.0,32.0,22.0,25.0,32.0,31.0,26.0,18.0,37.0,23.0,38.0,27.0,29.0,29.0,28.0,29.0,17.0,27.0,28.0,27.0,25.0,23.0,27.0,30.0,22.0,22.0,28.0,27.0,28.0,28.0,27.0,24.0,29.0,26.0,26.0
27.0,23.0,28.0,25.0,23.0,26.0,16.0,29.0,32.0,17.0,30.0,31.0,34.0,23.0,30.0,29.0,27.0,33.0,31.0,24.0,24.0,21.0,30.0,27.0,28.0,25.0,30.0,31.0,29.0,22.0,28.0,21.0,27.0,31.0,31.0,25.0,38.0,39.0,27.0,22.0,30.0,31.0,28.0,36.0,29.0,19.0,21.0,28.0,28.0,25.0
30.0,26.0,27.0,26.0,17.0,24.0,29.0,24.0,24.0,26.0,23.0,22.0,22.0,32.0,25.0,20.0,31.0,26.0,36.0,24.0,32.0,29.0,18.0,23.0,26.0,18.0,23.0,28.0,18.0,18.0,19.0,24.0,22.0,27.0,22.0,20.0,23.0,26.0,20.0,21.0,18.0,21.0,23.0,27.0,26.0,18.0,18.0,22.0,23.0,18.0
40.0,38.0,33.0,37.0,34.0,46.0,37.0,41.0,44.0,33.0,34.0,31.0,42.0,35.0,36.0,46.0,35.0,39.0,32.0,29.0,28.0,37.0,32.0,28.0,37.0,41.0,36.0,41.0,31.0,31.0,34.0,38.0,29.0,37.0,36.0,26.0,30.0,42.0,28.0,31.0,34.0,33.0,46.0,34.0,31.0,47.0,34.0,31.0,38.0,33.0
16.0,22.0,25.0,24.0,30.0,23.0,19.0,16.0,26.0,23.0,32.0,33.0,36.0,32.0,26.0,17.0,28.0,36.0,25.0,18.0,37.0,24.0,21.0,34.0,31.0,28.0,30.0,36.0,29.0,27.0,23.0,24.0,21.0,25.0,20.0,24.0,20.0,19.0,27.0,29.0,28.0,17.0,25.0,22.0,27.0,34.0,21.0,20.0,25.0,21.0
25.0,17.0,24.0,22.0,26.0,17.0,15.0,22.0,21.0,19.0,17.0,33.0,15.0,23.0,19.0,26.0,22.0,26.0,20.0,26.0,25.0,20.0,21.0,27.0,12.0,20.0,31.0,21.0,20.0,23.0,22.0,19.0,22.0,19.0,16.0,30.0,19.0,22.0,29.0,21.0,20.0,17.0,24.0,22.0,18.0,24.0,27.0,19.0,24.0,17.0
26.0,22.0,17.0,17.0,20.0,20.0,15.0,21.0,25.0,25.0,23.0,21.0,18.0,14.0,28.0,25.0,18.0,21.0,14.0,13.0,15.0,18.0,24.0,22.0,24.0,24.0,14.0,18.0,22.0,25.0,24.0,29.0,27.0,19.0,19.0,38.0,13.0,26.0,33.0,40.0,27.0,32.0,24.0,14.0,17.0,24.0,21.0,28.0,28.0,20.0
21.0,24.0,27.0,16.0,18.0,27.0,29.0,19.0,15.0,20.0,23.0,19.0,30.0,33.0,22.0,28.0,17.0,22.0,20.0,28.0,22.0,18.0,24.0,23.0,22.0,23.0,28.0,28.0,15.0,22.0,25.0,23.0,29.0,21.0,29.0,18.0,22.0,22.0,26.0,20.0,15.0,13.0,22.0,20.0,26.0,21.0,36.0,28.0,19.0,17.0
19.0,28.0,37.0,32.0,35.0,34.0,27.0,28.0,21.0,24.0,26.0,32.0,32.0,40.0,35.0,37.0,35.0,34.0,27.0,24.0,28.0,31.0,32.0,31.0,31.0,29.0,23.0,31.0,24.0,26.0,42.0,24.0,34.0,21.0,37.0,29.0,41.0,27.0,35.0,27.0,36.0,34.0,24.0,46.0,21.0,39.0,32.0,33.0,33.0,44.0
26.0,25.0,24.0,29.0,23.0,26.0,16.0,25.0,23.0,13.0,32.0,23.0,29.0,22.0,23.0,25.0,22.0,21.0,27.0,27.0,34.0,18.0,14.0,33.0,24.0,19.0,24.0,26.0,20.0,22.0,29.0,29.0,21.0,25.0,15.0,34.0,26.0,23.0,19.0,22.0,19.0,19.0,21.0,21.0,26.0,25.0,23.0,21.0,27.0,22.0
