10,50,1000
18.662614,19.153305,19.459828,17.928603,18.54866,17.125075,19.249698,15.59025,17.23281,16.914106
8.181066,9.691238,8.736598,9.118371,7.9183,6.127259,8.583117,6.155912,7.136726,8.189378
0.0,10.0,20.0,30.0,40.0,50.0,60.0,70.0,80.0,90.0
10.0,0.0,10.0,20.0,30.0,40.0,50.0,60.0,70.0,80.0
20.0,10.0,0.0,10.0,20.0,30.0,40.0,50.0,60.0,70.0
30.0,20.0,10.0,0.0,10.0,20.0,30.0,40.0,50.0,60.0
40.0,30.0,20.0,10.0,0.0,10.0,20.0,30.0,40.0,50.0
50.0,40.0,30.0,20.0,10.0,0.0,10.0,20.0,30.0,40.0
60.0,50.0,40.0,30.0,20.0,10.0,0.0,10.0,20.0,30.0
70.0,60.0,50.0,40.0,30.0,20.0,10.0,0.0,10.0,20.0
80.0,70.0,60.0,50.0,40.0,30.0,20.0,10.0,0.0,10.0
90.0,80.0,70.0,60.0,50.0,40.0,30.0,20.0,10.0,0.0
450.0,400.0,350.0,300.0,250.0,250.0,300.0,350.0,400.0,450.0
0.0,1.0,2.0,3.0,4.0,5.0,6.0,7.0,8.0,9.0
1.0,0.0,1.0,2.0,3.0,4.0,5.0,6.0,7.0,8.0
2.0,1.0,0.0,1.0,2.0,3.0,4.0,5.0,6.0,7.0
3.0,2.0,1.0,0.0,1.0,2.0,3.0,4.0,5.0,6.0
4.0,3.0,2.0,1.0,0.0,1.0,2.0,3.0,4.0,5.0
5.0,4.0,3.0,2.0,1.0,0.0,1.0,2.0,3.0,4.0
6.0,5.0,4.0,3.0,2.0,1.0,0.0,1.0,2.0,3.0
7.0,6.0,5.0,4.0,3.0,2.0,1.0,0.0,1.0,2.0
8.0,7.0,6.0,5.0,4.0,3.0,2.0,1.0,0.0,1.0
9.0,8.0,7.0,6.0,5.0,4.0,3.0,2.0,1.0,0.0
45.0,40.0,35.0,30.0,25.0,25.0,30.0,35.0,40.0,45.0
32.0,30.0,30.0,33.0,38.0,29.0,30.0,23.0,42.0,46.0,33.0,30.0,19.0,29.0,31.0,33.0,29.0,39.0,23.0,24.0,37.0,29.0,30.0,28.0,31.0,37.0,35.0,26.0,34.0,31.0,29.0,27.0,29.0,35.0,24.0,31.0,31.0,25.0,25.0,35.0,35.0,34.0,31.0,27.0,34.0,27.0,25.0,40.0,31.0,31.0
40.0,38.0,32.0,42.0,39.0,40.0,38.0,42.0,33.0,41.0,41.0,30.0,35.0,49.0,33.0,32.0,41.0,39.0,40.0,40.0,45.0,48.0,30.0,28.0,40.0,36.0,38.0,40.0,31.0,34.0,41.0,31.0,33.0,40.0,29.0,35.0,42.0,28.0,40.0,32.0,35.0,40.0,42.0,31.0,36.0,28.0,33.0,33.0,32.0,31.0
28.0,47.0,29.0,28.0,31.0,25.0,28.0,35.0,34.0,29.0,45.0,37.0,31.0,29.0,40.0,30.0,26.0,24.0,32.0,36.0,34.0,35.0,31.0,27.0,29.0,40.0,36.0,33.0,39.0,32.0,23.0,34.0,31.0,31.0,20.0,30.0,29.0,49.0,42.0,38.0,32.0,35.0,26.0,38.0,36.0,40.0,25.0,33.0,25.0,31.0
39.0,38.0,36.0,33.0,37.0,31.0,39.0,32.0,42.0,25.0,41.0,29.0,29.0,20.0,51.0,43.0,31.0,34.0,34.0,45.0,41.0,34.0,25.0,29.0,39.0,30.0,41.0,30.0,40.0,32.0,32.0,29.0,35.0,34.0,40.0,45.0,38.0,38.0,27.0,34.0,27.0,32.0,42.0,33.0,41.0,29.0,32.0,43.0,36.0,36.0
28.0,25.0,26.0,32.0,29.0,29.0,25.0,29.0,28.0,26.0,38.0,39.0,23.0,26.0,34.0,34.0,19.0,34.0,32.0,30.0,28.0,21.0,36.0,27.0,26.0,32.0,33.0,31.0,30.0,23.0,24.0,36.0,30.0,35.0,30.0,36.0,29.0,30.0,18.0,21.0,24.0,28.0,35.0,33.0,27.0,25.0,33.0,30.0,30.0,28.0
31.0,24.0,24.0,32.0,27.0,30.0,22.0,29.0,22.0,31.0,21.0,22.0,24.0,17.0,25.0,20.0,25.0,17.0,24.0,22.0,30.0,35.0,26.0,20.0,21.0,24.0,19.0,25.0,26.0,31.0,25.0,24.0,22.0,14.0,31.0,26.0,21.0,23.0,22.0,30.0,18.0,27.0,39.0,28.0,26.0,25.0,20.0,27.0,27.0,20.0
34.0,21.0,38.0,26.0,37.0,29.0,27.0,26.0,28.0,49.0,29.0,30.0,33.0,31.0,39.0,31.0,30.0,30.0,40.0,27.0,38.0,25.0,43.0,35.0,27.0,31.0,33.0,25.0,38.0,34.0,28.0,45.0,40.0,25.0,29.0,35.0,32.0,38.0,33.0,31.0,26.0,37.0,29.0,34.0,33.0,31.0,24.0,23.0,31.0,31.0
21.0,25.0,33.0,18.0,21.0,15.0,23.0,26.0,25.0,24.0,30.0,31.0,28.0,26.0,20.0,18.0,27.0,22.0,28.0,28.0,22.0,28.0,21.0,22.0,22.0,19.0,31.0,24.0,18.0,23.0,25.0,21.0,17.0,19.0,31.0,26.0,26.0,11.0,26.0,15.0,21.0,19.0,20.0,30.0,21.0,20.0,23.0,27.0,36.0,24.0
30.0,30.0,22.0,26.0,25.0,25.0,23.0,15.0,30.0,19.0,25.0,29.0,17.0,28.0,32.0,29.0,27.0,31.0,30.0,31.0,22.0,38.0,20.0,30.0,29.0,21.0,27.0,24.0,29.0,24.0,24.0,34.0,35.0,33.0,36.0,29.0,33.0,27.0,25.0,34.0,26.0,27.0,33.0,26.0,40.0,27.0,30.0,24.0,32.0,32.0
22.0,34.0,34.0,39.0,27.0,32.0,28.0,37.0,34.0,30.0,27.0,28.0,39.0,33.0,37.0,37.0,30.0,29.0,22.0,33.0,28.0,22.0,33.0,25.0,27.0,29.0,29.0,24.0,28.0,26.0,31.0,31.0,20.0,21.0,28.0,29.0,31.0,28.0,33.0,23.0,33.0,23.0,24.0,27.0,29.0,33.0,32.0,34.0,36.0,29.0
