10,50,1000
18.294977,18.085334,15.445509,15.609489,15.50297,16.898385,19.768282,15.571419,18.080328,15.494339
6.199065,7.185647,7.343937,8.596144,5.269372,7.623498,5.07605,6.369586,8.262201,5.542837
0.0,10.0,20.0,30.0,40.0,50.0,60.0,70.0,80.0,90.0
10.0,0.0,10.0,20.0,30.0,40.0,50.0,60.0,70.0,80.0
20.0,10.0,0.0,10.0,20.0,30.0,40.0,50.0,60.0,70.0
30.0,20.0,10.0,0.0,10.0,20.0,30.0,40.0,50.0,60.0
40.0,30.0,20.0,10.0,0.0,10.0,20.0,30.0,40.0,50.0
50.0,40.0,30.0,20.0,10.0,0.0,10.0,20.0,30.0,40.0
60.0,50.0,40.0,30.0,20.0,10.0,0.0,10.0,20.0,30.0
70.0,60.0,50.0,40.0,30.0,20.0,10.0,0.0,10.0,20.0
80.0,70.0,60.0,50.0,40.0,30.0,20.0,10.0,0.0,10.0
90.0,80.0,70.0,60.0,50.0,40.0,30.0,20.0,10.0,0.0
450.0,400.0,350.0,300.0,250.0,250.0,300.0,350.0,400.0,450.0
0.0,1.0,2.0,3.0,4.0,5.0,6.0,7.0,8.0,9.0
1.0,0.0,1.0,2.0,3.0,4.0,5.0,6.0,7.0,8.0
2.0,1.0,0.0,1.0,2.0,3.0,4.0,5.0,6.0,7.0
3.0,2.0,1.0,0.0,1.0,2.0,3.0,4.0,5.0,6.0
4.0,3.0,2.0,1.0,0.0,1.0,2.0,3.0,4.0,5.0
5.0,4.0,3.0,2.0,1.0,0.0,1.0,2.0,3.0,4.0
6.0,5.0,4.0,3.0,2.0,1.0,0.0,1.0,2.0,3.0
7.0,6.0,5.0,4.0,3.0,2.0,1.0,0.0,1.0,2.0
8.0,7.0,6.0,5.0,4.0,3.0,2.0,1.0,0.0,1.0
9.0,8.0,7.0,6.0,5.0,4.0,3.0,2.0,1.0,0.0
45.0,40.0,35.0,30.0,25.0,25.0,30.0,35.0,40.0,45.0
27.0,27.0,23.0,31.0,12.0,29.0,16.0,27.0,26.0,22.0,27.0,27.0,26.0,26.0,27.0,29.0,39.0,25.0,22.0,15.0,21.0,26.0,19.0,31.0,22.0,24.0,27.0,24.0,22.0,21.0,14.0,33.0,23.0,25.0,22.0,37.0,24.0,39.0,26.0,26.0,25.0,25.0,22.0,20.0,29.0,30.0,35.0,20.0,23.0,29.0
31.0,29.0,43.0,23.0,24.0,26.0,18.0,29.0,16.0,30.0,22.0,27.0,26.0,24.0,31.0,21.0,26.0,31.0,34.0,26.0,31.0,31.0,15.0,27.0,26.0,21.0,35.0,31.0,22.0,24.0,25.0,19.0,29.0,31.0,36.0,32.0,20.0,24.0,31.0,19.0,29.0,36.0,26.0,29.0,20.0,28.0,27.0,34.0,34.0,34.0
29.0,31.0,22.0,31.0,27.0,18.0,22.0,22.0,26.0,18.0,30.0,30.0,30.0,24.0,24.0,23.0,43.0,27.0,29.0,24.0,21.0,24.0,24.0,25.0,21.0,29.0,34.0,28.0,23.0,33.0,36.0,27.0,31.0,30.0,28.0,23.0,28.0,19.0,30.0,29.0,30.0,32.0,38.0,35.0,30.0,25.0,30.0,28.0,31.0,30.0
40.0,35.0,39.0,28.0,31.0,34.0,28.0,34.0,29.0,32.0,33.0,31.0,31.0,43.0,31.0,36.0,39.0,29.0,34.0,31.0,32.0,35.0,33.0,36.0,34.0,35.0,29.0,34.0,38.0,28.0,34.0,38.0,37.0,23.0,37.0,37.0,34.0,37.0,31.0,41.0,30.0,32.0,34.0,30.0,29.0,24.0,33.0,27.0,41.0,25.0
17.0,12.0,23.0,18.0,20.0,25.0,15.0,19.0,16.0,25.0,11.0,22.0,15.0,23.0,20.0,20.0,24.0,21.0,18.0,13.0,10.0,24.0,24.0,20.0,24.0,22.0,12.0,24.0,31.0,20.0,20.0,28.0,25.0,19.0,17.0,18.0,10.0,18.0,27.0,23.0,17.0,21.0,18.0,26.0,16.0,22.0,30.0,15.0,25.0,28.0
36.0,24.0,26.0,29.0,33.0,24.0,23.0,31.0,35.0,28.0,27.0,25.0,32.0,25.0,30.0,38.0,32.0,25.0,30.0,29.0,31.0,22.0,19.0,29.0,26.0,30.0,30.0,28.0,25.0,31.0,22.0,34.0,29.0,26.0,37.0,25.0,38.0,46.0,21.0,26.0,28.0,26.0,26.0,34.0,26.0,40.0,34.0,28.0,34.0,31.0
19.0,25.0,24.0,21.0,22.0,33.0,20.0,12.0,25.0,23.0,24.0,19.0,22.0,28.0,20.0,29.0,26.0,19.0,28.0,23.0,18.0,17.0,23.0,18.0,22.0,22.0,30.0,14.0,20.0,25.0,27.0,18.0,18.0,26.0,23.0,25.0,23.0,21.0,25.0,19.0,27.0,26.0,23.0,23.0,24.0,12.0,28.0,18.0,18.0,18.0
26.0,26.0,24.0,30.0,33.0,25.0,21.0,21.0,22.0,23.0,25.0,28.0,17.0,31.0,24.0,21.0,25.0,21.0,23.0,23.0,25.0,25.0,16.0,35.0,16.0,27.0,30.0,21.0,24.0,23.0,16.0,29.0,31.0,17.0,25.0,18.0,23.0,27.0,29.0,27.0,23.0,34.0,32.0,19.0,27.0,24.0,11.0,27.0,19.0,31.0
33.0,30.0,25.0,26.0,31.0,32.0,25.0,31.0,35.0,32.0,32.0,29.0,28.0,29.0,42.0,22.0,30.0,34.0,21.0,37.0,33.0,30.0,30.0,34.0,29.0,28.0,28.0,36.0,33.0,23.0,39.0,25.0,31.0,26.0,34.0,21.0,33.0,20.0,31.0,41.0,23.0,32.0,33.0,30.0,36.0,20.0,33.0,28.0,40.0,25.0
22.0,16.0,25.0,27.0,26.0,18.0,22.0,18.0,25.0,21.0,24.0,30.0,12.0,16.0,18.0,25.0,21.0,29.0,17.0,20.0,27.0,20.0,24.0,21.0,21.0,13.0,26.0,21.0,15.0,34.0,23.0,24.0,21.0,14.0,30.0,24.0,16.0,28.0,20.0,26.0,24.0,20.0,21.0,20.0,16.0,14.0,30.0,19.0,20.0,24.0
