10,50,1000
15.338408,18.4081,19.703699,15.466502,15.567842,19.172473,17.837376,17.012538,15.569506,18.405511
9.010493,8.266083,7.896446,9.233935,5.957007,6.90601,8.709017,9.786176,6.735689,7.230923
0.0,10.0,20.0,30.0,40.0,50.0,60.0,70.0,80.0,90.0
10.0,0.0,10.0,20.0,30.0,40.0,50.0,60.0,70.0,80.0
20.0,10.0,0.0,10.0,20.0,30.0,40.0,50.0,60.0,70.0
30.0,20.0,10.0,0.0,10.0,20.0,30.0,40.0,50.0,60.0
40.0,30.0,20.0,10.0,0.0,10.0,20.0,30.0,40.0,50.0
50.0,40.0,30.0,20.0,10.0,0.0,10.0,20.0,30.0,40.0
60.0,50.0,40.0,30.0,20.0,10.0,0.0,10.0,20.0,30.0
70.0,60.0,50.0,40.0,30.0,20.0,10.0,0.0,10.0,20.0
80.0,70.0,60.0,50.0,40.0,30.0,20.0,10.0,0.0,10.0
90.0,80.0,70.0,60.0,50.0,40.0,30.0,20.0,10.0,0.0
450.0,400.0,350.0,300.0,250.0,250.0,300.0,350.0,400.0,450.0
0.0,1.0,2.0,3.0,4.0,5.0,6.0,7.0,8.0,9.0
1.0,0.0,1.0,2.0,3.0,4.0,5.0,6.0,7.0,8.0
2.0,1.0,0.0,1.0,2.0,3.0,4.0,5.0,6.0,7.0
3.0,2.0,1.0,0.0,1.0,2.0,3.0,4.0,5.0,6.0
4.0,3.0,2.0,1.0,0.0,1.0,2.0,3.0,4.0,5.0
5.0,4.0,3.0,2.0,1.0,0.0,1.0,2.0,3.0,4.0
6.0,5.0,4.0,3.0,2.0,1.0,0.0,1.0,2.0,3.0
7.0,6.0,5.0,4.0,3.0,2.0,1.0,0.0,1.0,2.0
8.0,7.0,6.0,5.0,4.0,3.0,2.0,1.0,0.0,1.0
9.0,8.0,7.0,6.0,5.0,4.0,3.0,2.0,1.0,0.0
45.0,40.0,35.0,30.0,25.0,25.0,30.0,35.0,40.0,45.0
36.0,28.0,40.0,33.0,30.0,31.0,36.0,41.0,38.0,32.0,35.0,33.0,35.0,42.0,18.0,40.0,32.0,34.0,41.0,29.0,36.0,38.0,27.0,29.0,28.0,40.0,29.0,34.0,38.0,40.0,39.0,35.0,25.0,36.0,35.0,39.0,37.0,34.0,22.0,28.0,32.0,30.0,30.0,44.0,36.0,35.0,36.0,42.0,26.0,29.0
33.0,25.0,32.0,37.0,32.0,27.0,27.0,21.0,37.0,35.0,31.0,36.0,35.0,37.0,33.0,23.0,28.0,35.0,33.0,42.0,30.0,43.0,28.0,34.0,28.0,42.0,24.0,29.0,29.0,33.0,30.0,37.0,29.0,38.0,31.0,28.0,22.0,30.0,21.0,30.0,29.0,30.0,27.0,32.0,29.0,24.0,42.0,36.0,40.0,36.0
30.0,33.0,34.0,31.0,28.0,26.0,35.0,31.0,28.0,22.0,28.0,32.0,38.0,34.0,28.0,31.0,31.0,31.0,22.0,26.0,36.0,36.0,35.0,23.0,28.0,29.0,31.0,29.0,18.0,36.0,23.0,22.0,30.0,20.0,24.0,26.0,26.0,37.0,34.0,26.0,28.0,26.0,33.0,32.0,35.0,27.0,30.0,37.0,36.0,30.0
41.0,35.0,35.0,30.0,31.0,40.0,29.0,39.0,39.0,43.0,38.0,37.0,45.0,28.0,34.0,34.0,29.0,43.0,32.0,33.0,30.0,35.0,41.0,39.0,37.0,31.0,31.0,33.0,36.0,39.0,31.0,32.0,28.0,31.0,41.0,25.0,30.0,34.0,42.0,46.0,36.0,30.0,33.0,32.0,28.0,33.0,41.0,30.0,32.0,23.0
22.0,25.0,25.0,19.0,23.0,18.0,25.0,23.0,26.0,28.0,28.0,25.0,20.0,20.0,21.0,32.0,21.0,25.0,22.0,25.0,27.0,18.0,29.0,18.0,28.0,23.0,18.0,24.0,18.0,28.0,21.0,26.0,22.0,20.0,26.0,31.0,23.0,26.0,20.0,22.0,19.0,27.0,21.0,30.0,21.0,21.0,23.0,19.0,28.0,19.0
28.0,32.0,25.0,33.0,23.0,29.0,25.0,21.0,35.0,24.0,23.0,22.0,39.0,34.0,34.0,25.0,21.0,23.0,34.0,26.0,30.0,23.0,22.0,21.0,19.0,23.0,44.0,23.0,32.0,25.0,28.0,35.0,22.0,34.0,35.0,27.0,33.0,37.0,20.0,28.0,21.0,30.0,18.0,31.0,26.0,21.0,21.0,18.0,33.0,27.0
27.0,36.0,39.0,47.0,30.0,41.0,30.0,36.0,20.0,32.0,28.0,34.0,38.0,33.0,31.0,32.0,39.0,22.0,39.0,30.0,29.0,31.0,44.0,27.0,35.0,37.0,26.0,31.0,31.0,29.0,26.0,35.0,36.0,32.0,33.0,29.0,39.0,36.0,31.0,31.0,41.0,34.0,27.0,26.0,38.0,36.0,33.0,27.0,32.0,41.0
37.0,31.0,44.0,34.0,32.0,42.0,43.0,44.0,39.0,45.0,31.0,29.0,46.0,34.0,34.0,44.0,32.0,37.0,34.0,37.0,43.0,40.0,33.0,33.0,27.0,42.0,26.0,33.0,34.0,32.0,26.0,36.0,33.0,49.0,42.0,37.0,48.0,37.0,46.0,41.0,39.0,33.0,30.0,36.0,34.0,37.0,33.0,35.0,43.0,34.0
26.0,30.0,29.0,28.0,28.0,28.0,27.0,30.0,26.0,25.0,23.0,30.0,33.0,33.0,23.0,40.0,27.0,21.0,31.0,31.0,28.0,23.0,29.0,23.0,25.0,26.0,23.0,33.0,27.0,39.0,25.0,19.0,26.0,24.0,27.0,34.0,20.0,22.0,19.0,27.0,23.0,25.0,21.0,23.0,25.0,29.0,20.0,26.0,29.0,26.0
32.0,26.0,31.0,25.0,26.0,33.0,24.0,24.0,29.0,35.0,21.0,34.0,27.0,42.0,28.0,21.0,30.0,27.0,27.0,27.0,24.0,32.0,27.0,37.0,26.0,22.0,24.0,33.0,32.0,34.0,26.0,33.0,31.0,29.0,30.0,28.0,23.0,30.0,31.0,25.0,28.0,22.0,26.0,24.0,24.0,33.0,20.0,24.0,21.0,25.0
