10,50,1000
16.374304,18.217347,17.715033,15.138939,16.342385,15.263657,18.136157,17.74563,17.814896,19.038582
5.632889,9.403116,5.926923,5.111182,6.983169,9.778733,9.762706,7.110389,6.809995,5.566277
0.0,10.0,20.0,30.0,40.0,50.0,60.0,70.0,80.0,90.0
10.0,0.0,10.0,20.0,30.0,40.0,50.0,60.0,70.0,80.0
20.0,10.0,0.0,10.0,20.0,30.0,40.0,50.0,60.0,70.0
30.0,20.0,10.0,0.0,10.0,20.0,30.0,40.0,50.0,60.0
40.0,30.0,20.0,10.0,0.0,10.0,20.0,30.0,40.0,50.0
50.0,40.0,30.0,20.0,10.0,0.0,10.0,20.0,30.0,40.0
60.0,50.0,40.0,30.0,20.0,10.0,0.0,10.0,20.0,30.0
70.0,60.0,50.0,40.0,30.0,20.0,10.0,0.0,10.0,20.0
80.0,70.0,60.0,50.0,40.0,30.0,20.0,10.0,0.0,10.0
90.0,80.0,70.0,60.0,50.0,40.0,30.0,20.0,10.0,0.0
450.0,400.0,350.0,300.0,250.0,250.0,300.0,350.0,400.0,450.0
0.0,1.0,2.0,3.0,4.0,5.0,6.0,7.0,8.0,9.0
1.0,0.0,1.0,2.0,3.0,4.0,5.0,6.0,7.0,8.0
2.0,1.0,0.0,1.0,2.0,3.0,4.0,5.0,6.0,7.0
3.0,2.0,1.0,0.0,1.0,2.0,3.0,4.0,5.0,6.0
4.0,3.0,2.0,1.0,0.0,1.0,2.0,3.0,4.0,5.0
5.0,4.0,3.0,2.0,1.0,0.0,1.0,2.0,3.0,4.0
6.0,5.0,4.0,3.0,2.0,1.0,0.0,1.0,2.0,3.0
7.0,6.0,5.0,4.0,3.0,2.0,1.0,0.0,1.0,2.0
8.0,7.0,6.0,5.0,4.0,3.0,2.0,1.0,0.0,1.0
9.0,8.0,7.0,6.0,5.0,4.0,3.0,2.0,1.0,0.0
45.0,40.0,35.0,30.0,25.0,25.0,30.0,35.0,40.0,45.0
22.0,18.0,23.0,15.0,20.0,21.0,26.0,17.0,14.0,21.0,26.0,16.0,18.0,20.0,22.0,20.0,23.0,23.0,28.0,20.0,25.0,23.0,24.0,21.0,15.0,28.0,24.0,20.0,30.0,22.0,19.0,24.0,24.0,18.0,18.0,19.0,33.0,29.0,28.0,16.0,20.0,25.0,33.0,25.0,15.0,25.0,31.0,28.0,27.0,24.0
41.0,25.0,44.0,33.0,40.0,39.0,40.0,33.0,39.0,33.0,36.0,34.0,25.0,32.0,46.0,30.0,53.0,33.0,30.0,34.0,41.0,45.0,44.0,39.0,41.0,33.0,33.0,29.0,34.0,41.0,42.0,28.0,34.0,36.0,34.0,35.0,38.0,37.0,34.0,31.0,37.0,50.0,40.0,32.0,26.0,18.0,35.0,40.0,38.0,30.0
22.0,16.0,29.0,19.0,17.0,28.0,25.0,24.0,19.0,20.0,25.0,21.0,20.0,26.0,21.0,29.0,18.0,21.0,21.0,20.0,28.0,30.0,22.0,20.0,19.0,23.0,28.0,27.0,26.0,19.0,23.0,26.0,10.0,25.0,25.0,19.0,24.0,28.0,20.0,29.0,21.0,19.0,28.0,25.0,15.0,26.0,12.0,13.0,27.0,24.0
21.0,19.0,21.0,31.0,17.0,25.0,26.0,20.0,27.0,19.0,16.0,22.0,15.0,22.0,16.0,17.0,25.0,18.0,22.0,20.0,18.0,19.0,20.0,19.0,26.0,20.0,28.0,24.0,14.0,19.0,24.0,24.0,12.0,24.0,17.0,27.0,22.0,7.0,20.0,21.0,12.0,17.0,24.0,25.0,29.0,26.0,10.0,27.0,23.0,18.0
26.0,26.0,44.0,21.0,24.0,23.0,22.0,22.0,25.0,33.0,30.0,37.0,17.0,26.0,28.0,29.0,43.0,19.0,40.0,32.0,34.0,28.0,22.0,34.0,27.0,35.0,28.0,32.0,31.0,25.0,20.0,35.0,24.0,28.0,27.0,16.0,37.0,19.0,26.0,37.0,22.0,23.0,36.0,30.0,32.0,18.0,30.0,36.0,25.0,20.0
41.0,43.0,34.0,31.0,42.0,25.0,47.0,31.0,38.0,27.0,36.0,31.0,33.0,34.0,37.0,34.0,36.0,32.0,37.0,31.0,31.0,37.0,32.0,40.0,32.0,34.0,43.0,25.0,37.0,21.0,44.0,29.0,41.0,36.0,43.0,45.0,41.0,35.0,31.0,35.0,31.0,29.0,31.0,31.0,26.0,42.0,39.0,36.0,31.0,29.0
32.0,38.0,22.0,45.0,43.0,37.0,39.0,36.0,38.0,36.0,26.0,31.0,33.0,54.0,37.0,33.0,29.0,47.0,36.0,29.0,27.0,44.0,31.0,33.0,41.0,29.0,23.0,36.0,40.0,42.0,36.0,38.0,37.0,32.0,34.0,34.0,36.0,45.0,41.0,38.0,47.0,34.0,36.0,39.0,31.0,41.0,38.0,36.0,36.0,32.0
33.0,29.0,27.0,24.0,25.0,23.0,38.0,19.0,31.0,30.0,36.0,28.0,29.0,27.0,28.0,35.0,26.0,32.0,22.0,26.0,26.0,29.0,29.0,25.0,32.0,36.0,19.0,30.0,27.0,30.0,30.0,23.0,36.0,33.0,30.0,28.0,26.0,28.0,23.0,30.0,33.0,20.0,39.0,25.0,41.0,31.0,22.0,33.0,19.0,29.0
31.0,27.0,34.0,22.0,37.0,28.0,32.0,25.0,28.0,29.0,25.0,30.0,29.0,35.0,25.0,30.0,27.0,37.0,27.0,23.0,32.0,23.0,32.0,22.0,29.0,36.0,16.0,31.0,29.0,34.0,23.0,27.0,35.0,19.0,32.0,26.0,23.0,32.0,26.0,20.0,27.0,21.0,34.0,21.0,30.0,26.0,27.0,29.0,25.0,33.0
32.0,23.0,23.0,26.0,21.0,19.0,15.0,27.0,28.0,27.0,25.0,22.0,28.0,22.0,26.0,21.0,29.0,22.0,26.0,23.0,23.0,31.0,21.0,31.0,23.0,24.0,25.0,27.0,22.0,22.0,18.0,25.0,21.0,22.0,17.0,27.0,30.0,30.0,29.0,21.0,19.0,25.0,21.0,20.0,27.0,29.0,16.0,21.0,34.0,24.0
