10,50,1000
17.034554,17.274214,16.12514,16.234047,19.165622,16.061691,19.089731,15.90165,19.038088,17.548542
7.106064,8.531323,8.844513,7.477992,5.401445,7.342708,5.933117,7.998157,7.832732,8.847013
0.0,10.0,20.0,30.0,40.0,50.0,60.0,70.0,80.0,90.0
10.0,0.0,10.0,20.0,30.0,40.0,50.0,60.0,70.0,80.0
20.0,10.0,0.0,10.0,20.0,30.0,40.0,50.0,60.0,70.0
30.0,20.0,10.0,0.0,10.0,20.0,30.0,40.0,50.0,60.0
40.0,30.0,20.0,10.0,0.0,10.0,20.0,30.0,40.0,50.0
50.0,40.0,30.0,20.0,10.0,0.0,10.0,20.0,30.0,40.0
60.0,50.0,40.0,30.0,20.0,10.0,0.0,10.0,20.0,30.0
70.0,60.0,50.0,40.0,30.0,20.0,10.0,0.0,10.0,20.0
80.0,70.0,60.0,50.0,40.0,30.0,20.0,10.0,0.0,10.0
90.0,80.0,70.0,60.0,50.0,40.0,30.0,20.0,10.0,0.0
450.0,400.0,350.0,300.0,250.0,250.0,300.0,350.0,400.0,450.0
0.0,1.0,2.0,3.0,4.0,5.0,6.0,7.0,8.0,9.0
1.0,0.0,1.0,2.0,3.0,4.0,5.0,6.0,7.0,8.0
2.0,1.0,0.0,1.0,2.0,3.0,4.0,5.0,6.0,7.0
3.0,2.0,1.0,0.0,1.0,2.0,3.0,4.0,5.0,6.0
4.0,3.0,2.0,1.0,0.0,1.0,2.0,3.0,4.0,5.0
5.0,4.0,3.0,2.0,1.0,0.0,1.0,2.0,3.0,4.0
6.0,5.0,4.0,3.0,2.0,1.0,0.0,1.0,2.0,3.0
7.0,6.0,5.0,4.0,3.0,2.0,1.0,0.0,1.0,2.0
8.0,7.0,6.0,5.0,4.0,3.0,2.0,1.0,0.0,1.0
9.0,8.0,7.0,6.0,5.0,4.0,3.0,2.0,1.0,0.0
45.0,40.0,35.0,30.0,25.0,25.0,30.0,35.0,40.0,45.0
27.0,35.0,28.0,29.0,24.0,28.0,28.0,25.0,27.0,28.0,22.0,29.0,28.0,25.0,24.0,25.0,34.0,36.0,16.0,28.0,22.0,19.0,32.0,29.0,37.0,35.0,26.0,33.0,20.0,43.0,33.0,24.0,20.0,26.0,21.0,29.0,29.0,20.0,28.0,20.0,19.0,22.0,33.0,27.0,20.0,28.0,44.0,41.0,28.0,19.0
40.0,25.0,31.0,37.0,36.0,29.0,27.0,28.0,30.0,37.0,24.0,28.0,24.0,28.0,31.0,37.0,39.0,33.0,43.0,28.0,40.0,36.0,43.0,26.0,27.0,31.0,24.0,31.0,36.0,35.0,38.0,35.0,31.0,27.0,34.0,36.0,20.0,33.0,29.0,24.0,32.0,24.0,31.0,35.0,40.0,35.0,31.0,25.0,30.0,36.0
29.0,28.0,29.0,39.0,36.0,36.0,28.0,33.0,35.0,25.0,29.0,30.0,41.0,30.0,38.0,25.0,32.0,31.0,30.0,36.0,42.0,31.0,45.0,44.0,26.0,25.0,34.0,29.0,43.0,31.0,34.0,28.0,36.0,23.0,31.0,28.0,29.0,36.0,36.0,42.0,30.0,34.0,28.0,24.0,39.0,44.0,36.0,41.0,40.0,26.0
27.0,27.0,30.0,27.0,28.0,22.0,23.0,25.0,26.0,25.0,23.0,25.0,22.0,30.0,26.0,35.0,27.0,27.0,21.0,28.0,24.0,30.0,33.0,26.0,31.0,17.0,41.0,42.0,27.0,33.0,23.0,23.0,27.0,35.0,37.0,39.0,34.0,39.0,30.0,19.0,25.0,23.0,38.0,19.0,32.0,23.0,35.0,27.0,34.0,26.0
24.0,30.0,33.0,17.0,26.0,20.0,16.0,15.0,20.0,28.0,25.0,19.0,24.0,15.0,20.0,22.0,23.0,24.0,21.0,25.0,25.0,26.0,16.0,22.0,22.0,25.0,23.0,17.0,24.0,20.0,32.0,24.0,26.0,17.0,26.0,24.0,20.0,23.0,30.0,21.0,21.0,26.0,23.0,20.0,23.0,22.0,19.0,19.0,21.0,23.0
28.0,26.0,42.0,33.0,27.0,16.0,17.0,36.0,23.0,32.0,28.0,37.0,26.0,28.0,29.0,32.0,23.0,31.0,25.0,22.0,28.0,25.0,33.0,36.0,29.0,33.0,27.0,29.0,33.0,26.0,27.0,30.0,17.0,22.0,29.0,22.0,27.0,29.0,43.0,26.0,28.0,27.0,25.0,24.0,35.0,25.0,23.0,27.0,24.0,29.0
21.0,27.0,28.0,21.0,29.0,32.0,30.0,27.0,26.0,22.0,20.0,26.0,20.0,20.0,20.0,30.0,18.0,20.0,22.0,32.0,20.0,24.0,28.0,24.0,31.0,18.0,25.0,19.0,23.0,24.0,24.0,18.0,31.0,25.0,18.0,24.0,23.0,17.0,17.0,12.0,18.0,17.0,18.0,28.0,29.0,35.0,21.0,22.0,24.0,26.0
33.0,33.0,30.0,36.0,31.0,35.0,28.0,29.0,22.0,39.0,36.0,27.0,32.0,27.0,39.0,31.0,30.0,28.0,38.0,26.0,22.0,19.0,30.0,30.0,39.0,31.0,23.0,29.0,32.0,27.0,32.0,27.0,32.0,22.0,32.0,33.0,27.0,28.0,28.0,28.0,31.0,22.0,39.0,33.0,17.0,19.0,26.0,25.0,26.0,31.0
43.0,34.0,28.0,27.0,25.0,31.0,20.0,37.0,21.0,33.0,31.0,34.0,39.0,41.0,29.0,36.0,39.0,27.0,23.0,32.0,24.0,33.0,38.0,30.0,37.0,33.0,20.0,33.0,30.0,25.0,20.0,31.0,31.0,22.0,36.0,25.0,41.0,27.0,31.0,37.0,39.0,25.0,41.0,38.0,27.0,34.0,31.0,34.0,36.0,37.0
35.0,43.0,29.0,36.0,38.0,35.0,45.0,44.0,38.0,27.0,39.0,32.0,34.0,38.0,39.0,33.0,36.0,40.0,42.0,34.0,32.0,24.0,29.0,40.0,32.0,30.0,36.0,37.0,31.0,30.0,39.0,31.0,24.0,37.0,38.0,41.0,38.0,31.0,28.0,39.0,27.0,34.0,25.0,40.0,26.0,33.0,42.0,25.0,40.0,45.0
