10,50,1000
18.919152,16.898076,18.738348,17.412277,18.493309,15.174367,16.813907,19.846492,17.420631,17.641739
7.66653,5.003404,9.079935,6.253055,8.724249,7.356945,5.895704,7.056807,6.096835,8.275365
0.0,10.0,20.0,30.0,40.0,50.0,60.0,70.0,80.0,90.0
10.0,0.0,10.0,20.0,30.0,40.0,50.0,60.0,70.0,80.0
20.0,10.0,0.0,10.0,20.0,30.0,40.0,50.0,60.0,70.0
30.0,20.0,10.0,0.0,10.0,20.0,30.0,40.0,50.0,60.0
40.0,30.0,20.0,10.0,0.0,10.0,20.0,30.0,40.0,50.0
50.0,40.0,30.0,20.0,10.0,0.0,10.0,20.0,30.0,40.0
60.0,50.0,40.0,30.0,20.0,10.0,0.0,10.0,20.0,30.0
70.0,60.0,50.0,40.0,30.0,20.0,10.0,0.0,10.0,20.0
80.0,70.0,60.0,50.0,40.0,30.0,20.0,10.0,0.0,10.0
90.0,80.0,70.0,60.0,50.0,40.0,30.0,20.0,10.0,0.0
450.0,400.0,350.0,300.0,250.0,250.0,300.0,350.0,400.0,450.0
0.0,1.0,2.0,3.0,4.0,5.0,6.0,7.0,8.0,9.0
1.0,0.0,1.0,2.0,3.0,4.0,5.0,6.0,7.0,8.0
2.0,1.0,0.0,1.0,2.0,3.0,4.0,5.0,6.0,7.0
3.0,2.0,1.0,0.0,1.0,2.0,3.0,4.0,5.0,6.0
4.0,3.0,2.0,1.0,0.0,1.0,2.0,3.0,4.0,5.0
5.0,4.0,3.0,2.0,1.0,0.0,1.0,2.0,3.0,4.0
6.0,5.0,4.0,3.0,2.0,1.0,0.0,1.0,2.0,3.0
7.0,6.0,5.0,4.0,3.0,2.0,1.0,0.0,1.0,2.0
8.0,7.0,6.0,5.0,4.0,3.0,2.0,1.0,0.0,1.0
9.0,8.0,7.0,6.0,5.0,4.0,3.0,2.0,1.0,0.0
45.0,40.0,35.0,30.0,25.0,25.0,30.0,35.0,40.0,45.0
28.0,20.0,37.0,24.0,21.0,33.0,30.0,31.0,31.0,24.0,35.0,36.0,26.0,32.0,19.0,26.0,28.0,28.0,20.0,25.0,35.0,32.0,32.0,24.0,32.0,28.0,26.0,27.0,23.0,35.0,34.0,24.0,26.0,27.0,28.0,25.0,40.0,37.0,29.0,23.0,43.0,33.0,23.0,26.0,31.0,30.0,31.0,27.0,30.0,35.0
27.0,23.0,25.0,21.0,22.0,15.0,30.0,25.0,37.0,20.0,31.0,23.0,18.0,28.0,22.0,20.0,26.0,15.0,23.0,26.0,11.0,26.0,19.0,18.0,21.0,18.0,23.0,24.0,11.0,27.0,18.0,20.0,19.0,22.0,24.0,28.0,18.0,23.0,27.0,18.0,17.0,21.0,17.0,20.0,29.0,18.0,21.0,19.0,25.0,20.0
32.0,35.0,30.0,19.0,20.0,38.0,36.0,43.0,38.0,36.0,36.0,38.0,25.0,28.0,30.0,28.0,26.0,46.0,43.0,39.0,40.0,35.0,26.0,38.0,41.0,27.0,28.0,38.0,32.0,35.0,42.0,37.0,39.0,35.0,36.0,36.0,26.0,40.0,33.0,40.0,28.0,31.0,43.0,37.0,33.0,31.0,33.0,53.0,34.0,28.0
18.0,31.0,28.0,20.0,23.0,28.0,17.0,24.0,26.0,26.0,18.0,30.0,21.0,23.0,25.0,15.0,33.0,28.0,27.0,23.0,29.0,29.0,26.0,34.0,24.0,15.0,17.0,28.0,22.0,25.0,26.0,31.0,29.0,27.0,24.0,16.0,31.0,20.0,17.0,25.0,27.0,25.0,14.0,22.0,25.0,20.0,15.0,31.0,30.0,21.0
28.0,28.0,30.0,26.0,27.0,41.0,29.0,35.0,36.0,30.0,41.0,39.0,36.0,32.0,28.0,29.0,32.0,23.0,29.0,32.0,36.0,32.0,31.0,42.0,33.0,30.0,40.0,38.0,30.0,36.0,32.0,33.0,42.0,22.0,26.0,31.0,31.0,35.0,26.0,43.0,41.0,28.0,31.0,34.0,37.0,34.0,33.0,29.0,29.0,25.0
26.0,22.0,34.0,23.0,21.0,41.0,23.0,36.0,23.0,23.0,30.0,24.0,30.0,22.0,33.0,25.0,25.0,20.0,27.0,25.0,26.0,23.0,25.0,40.0,20.0,28.0,21.0,34.0,35.0,31.0,39.0,30.0,18.0,26.0,19.0,26.0,24.0,22.0,24.0,32.0,22.0,36.0,32.0,33.0,29.0,26.0,24.0,31.0,26.0,27.0
16.0,18.0,26.0,29.0,19.0,24.0,28.0,21.0,21.0,25.0,24.0,21.0,15.0,25.0,21.0,26.0,25.0,20.0,24.0,28.0,28.0,18.0,27.0,25.0,23.0,26.0,31.0,18.0,18.0,19.0,17.0,23.0,29.0,30.0,27.0,27.0,25.0,29.0,19.0,26.0,20.0,17.0,27.0,28.0,19.0,27.0,31.0,23.0,16.0,22.0
31.0,35.0,31.0,25.0,26.0,34.0,29.0,28.0,27.0,29.0,27.0,26.0,28.0,28.0,30.0,39.0,30.0,45.0,28.0,28.0,24.0,28.0,27.0,29.0,21.0,26.0,30.0,32.0,19.0,35.0,26.0,29.0,17.0,32.0,31.0,27.0,13.0,23.0,23.0,17.0,32.0,34.0,14.0,31.0,23.0,28.0,29.0,29.0,29.0,30.0
15.0,26.0,25.0,30.0,28.0,18.0,31.0,24.0,20.0,23.0,26.0,29.0,26.0,21.0,19.0,29.0,27.0,15.0,26.0,25.0,31.0,21.0,25.0,24.0,23.0,22.0,15.0,23.0,18.0,24.0,28.0,29.0,23.0,25.0,28.0,24.0,27.0,19.0,21.0,18.0,21.0,26.0,27.0,34.0,28.0,19.0,20.0,24.0,21.0,20.0
30.0,37.0,35.0,33.0,36.0,32.0,25.0,32.0,42.0,27.0,29.0,30.0,39.0,26.0,38.0,37.0,31.0,21.0,38.0,33.0,29.0,27.0,30.0,28.0,27.0,31.0,22.0,20.0,27.0,40.0,24.0,32.0,25.0,37.0,19.0,20.0,32.0,28.0,31.0,26.0,33.0,31.0,29.0,24.0,29.0,32.0,35.0,17.0,31.0,40.0
