10,50,1000
15.012505,15.469153,16.106796,18.420465,15.288134,19.433254,16.672083,19.1606,18.854154,18.497902
9.579449,5.007508,7.771846,8.293169,9.066856,8.527588,5.649769,5.959146,9.873219,5.807377
0.0,10.0,20.0,30.0,40.0,50.0,60.0,70.0,80.0,90.0
10.0,0.0,10.0,20.0,30.0,40.0,50.0,60.0,70.0,80.0
20.0,10.0,0.0,10.0,20.0,30.0,40.0,50.0,60.0,70.0
30.0,20.0,10.0,0.0,10.0,20.0,30.0,40.0,50.0,60.0
40.0,30.0,20.0,10.0,0.0,10.0,20.0,30.0,40.0,50.0
50.0,40.0,30.0,20.0,10.0,0.0,10.0,20.0,30.0,40.0
60.0,50.0,40.0,30.0,20.0,10.0,0.0,10.0,20.0,30.0
70.0,60.0,50.0,40.0,30.0,20.0,10.0,0.0,10.0,20.0
80.0,70.0,60.0,50.0,40.0,30.0,20.0,10.0,0.0,10.0
90.0,80.0,70.0,60.0,50.0,40.0,30.0,20.0,10.0,0.0
450.0,400.0,350.0,300.0,250.0,250.0,300.0,350.0,400.0,450.0
0.0,1.0,2.0,3.0,4.0,5.0,6.0,7.0,8.0,9.0
1.0,0.0,1.0,2.0,3.0,4.0,5.0,6.0,7.0,8.0
2.0,1.0,0.0,1.0,2.0,3.0,4.0,5.0,6.0,7.0
3.0,2.0,1.0,0.0,1.0,2.0,3.0,4.0,5.0,6.0
4.0,3.0,2.0,1.0,0.0,1.0,2.0,3.0,4.0,5.0
5.0,4.0,3.0,2.0,1.0,0.0,1.0,2.0,3.0,4.0
6.0,5.0,4.0,3.0,2.0,1.0,0.0,1.0,2.0,3.0
7.0,6.0,5.0,4.0,3.0,2.0,1.0,0.0,1.0,2.0
8.0,7.0,6.0,5.0,4.0,3.0,2.0,1.0,0.0,1.0
9.0,8.0,7.0,6.0,5.0,4.0,3.0,2.0,1.0,0.0
45.0,40.0,35.0,30.0,25.0,25.0,30.0,35.0,40.0,45.0
40.0,18.0,25.0,39.0,40.0,25.0,24.0,28.0,38.0,31.0,36.0,33.0,40.0,30.0,41.0,31.0,37.0,31.0,39.0,33.0,51.0,38.0,42.0,16.0,35.0,31.0,29.0,33.0,32.0,30.0,43.0,31.0,29.0,36.0,26.0,40.0,32.0,38.0,28.0,31.0,39.0,29.0,38.0,41.0,30.0,41.0,48.0,30.0,41.0,36.0
30.0,15.0,20.0,19.0,27.0,17.0,23.0,16.0,21.0,19.0,19.0,19.0,26.0,23.0,17.0,25.0,17.0,20.0,16.0,28.0,19.0,23.0,21.0,17.0,17.0,23.0,14.0,21.0,9.0,18.0,21.0,21.0,19.0,24.0,18.0,13.0,22.0,26.0,22.0,14.0,20.0,19.0,15.0,20.0,24.0,16.0,16.0,20.0,21.0,23.0
36.0,29.0,25.0,27.0,25.0,34.0,37.0,34.0,25.0,29.0,39.0,30.0,47.0,23.0,26.0,23.0,38.0,37.0,30.0,46.0,29.0,30.0,21.0,35.0,25.0,25.0,40.0,28.0,21.0,26.0,27.0,27.0,36.0,32.0,21.0,33.0,37.0,38.0,30.0,26.0,27.0,35.0,28.0,34.0,34.0,34.0,24.0,21.0,22.0,26.0
35.0,27.0,40.0,32.0,31.0,29.0,23.0,27.0,31.0,31.0,26.0,31.0,48.0,41.0,37.0,23.0,36.0,34.0,24.0,26.0,31.0,49.0,43.0,24.0,30.0,29.0,31.0,34.0,29.0,31.0,27.0,35.0,28.0,26.0,31.0,36.0,20.0,26.0,30.0,45.0,31.0,29.0,38.0,35.0,37.0,30.0,35.0,36.0,32.0,21.0
31.0,28.0,39.0,37.0,35.0,34.0,25.0,31.0,41.0,31.0,21.0,38.0,36.0,37.0,33.0,26.0,29.0,33.0,29.0,25.0,33.0,27.0,34.0,43.0,36.0,35.0,31.0,27.0,44.0,39.0,30.0,34.0,43.0,38.0,29.0,29.0,42.0,33.0,34.0,21.0,34.0,30.0,36.0,44.0,34.0,32.0,39.0,30.0,22.0,26.0
34.0,38.0,28.0,28.0,36.0,30.0,30.0,30.0,34.0,35.0,39.0,26.0,32.0,39.0,38.0,34.0,36.0,35.0,41.0,27.0,30.0,27.0,33.0,33.0,32.0,24.0,37.0,26.0,33.0,41.0,39.0,27.0,22.0,39.0,35.0,26.0,41.0,32.0,36.0,43.0,32.0,41.0,40.0,34.0,29.0,32.0,43.0,41.0,29.0,32.0
28.0,27.0,16.0,21.0,23.0,30.0,31.0,19.0,16.0,17.0,20.0,26.0,24.0,22.0,22.0,19.0,22.0,17.0,18.0,24.0,21.0,27.0,27.0,31.0,16.0,23.0,42.0,17.0,29.0,13.0,15.0,21.0,25.0,20.0,24.0,30.0,22.0,22.0,22.0,27.0,17.0,21.0,28.0,17.0,23.0,25.0,22.0,22.0,35.0,28.0
28.0,20.0,25.0,30.0,27.0,25.0,24.0,20.0,22.0,31.0,27.0,25.0,27.0,21.0,26.0,22.0,27.0,18.0,15.0,23.0,32.0,23.0,30.0,22.0,30.0,23.0,24.0,27.0,26.0,27.0,25.0,30.0,20.0,28.0,29.0,28.0,25.0,22.0,24.0,27.0,25.0,23.0,26.0,23.0,23.0,33.0,22.0,20.0,21.0,17.0
44.0,37.0,35.0,43.0,25.0,49.0,43.0,40.0,53.0,44.0,32.0,37.0,48.0,41.0,25.0,51.0,35.0,41.0,42.0,47.0,36.0,55.0,41.0,43.0,44.0,39.0,31.0,42.0,37.0,35.0,39.0,47.0,38.0,32.0,25.0,34.0,37.0,45.0,39.0,35.0,33.0,43.0,35.0,49.0,31.0,32.0,29.0,37.0,34.0,26.0
22.0,24.0,35.0,22.0,21.0,17.0,25.0,24.0,24.0,22.0,19.0,20.0,25.0,20.0,26.0,37.0,19.0,24.0,22.0,20.0,15.0,19.0,23.0,23.0,30.0,19.0,19.0,23.0,26.0,29.0,24.0,23.0,23.0,26.0,15.0,20.0,23.0,32.0,26.0,18.0,21.0,22.0,22.0,19.0,25.0,19.0,18.0,25.0,20.0,27.0
