10,50,1000
16.57233,19.015097,19.331159,19.796287,15.27853,18.165501,18.158939,17.660788,18.196688,16.353835
8.6395,5.75576,8.147976,6.517734,5.954938,9.229159,5.244637,5.24086,5.205897,6.577354
0.0,10.0,20.0,30.0,40.0,50.0,60.0,70.0,80.0,90.0
10.0,0.0,10.0,20.0,30.0,40.0,50.0,60.0,70.0,80.0
20.0,10.0,0.0,10.0,20.0,30.0,40.0,50.0,60.0,70.0
30.0,20.0,10.0,0.0,10.0,20.0,30.0,40.0,50.0,60.0
40.0,30.0,20.0,10.0,0.0,10.0,20.0,30.0,40.0,50.0
50.0,40.0,30.0,20.0,10.0,0.0,10.0,20.0,30.0,40.0
60.0,50.0,40.0,30.0,20.0,10.0,0.0,10.0,20.0,30.0
70.0,60.0,50.0,40.0,30.0,20.0,10.0,0.0,10.0,20.0
80.0,70.0,60.0,50.0,40.0,30.0,20.0,10.0,0.0,10.0
90.0,80.0,70.0,60.0,50.0,40.0,30.0,20.0,10.0,0.0
450.0,400.0,350.0,300.0,250.0,250.0,300.0,350.0,400.0,450.0
0.0,1.0,2.0,3.0,4.0,5.0,6.0,7.0,8.0,9.0
1.0,0.0,1.0,2.0,3.0,4.0,5.0,6.0,7.0,8.0
2.0,1.0,0.0,1.0,2.0,3.0,4.0,5.0,6.0,7.0
3.0,2.0,1.0,0.0,1.0,2.0,3.0,4.0,5.0,6.0
4.0,3.0,2.0,1.0,0.0,1.0,2.0,3.0,4.0,5.0
5.0,4.0,3.0,2.0,1.0,0.0,1.0,2.0,3.0,4.0
6.0,5.0,4.0,3.0,2.0,1.0,0.0,1.0,2.0,3.0
7.0,6.0,5.0,4.0,3.0,2.0,1.0,0.0,1.0,2.0
8.0,7.0,6.0,5.0,4.0,3.0,2.0,1.0,0.0,1.0
9.0,8.0,7.0,6.0,5.0,4.0,3.0,2.0,1.0,0.0
45.0,40.0,35.0,30.0,25.0,25.0,30.0,35.0,40.0,45.0
42.0,25.0,40.0,37.0,29.0,41.0,28.0,39.0,31.0,26.0,23.0,33.0,33.0,22.0,29.0,35.0,40.0,30.0,30.0,38.0,34.0,36.0,32.0,26.0,26.0,33.0,29.0,35.0,20.0,36.0,34.0,22.0,29.0,31.0,28.0,25.0,20.0,28.0,31.0,30.0,31.0,25.0,31.0,31.0,28.0,18.0,32.0,29.0,31.0,33.0
25.0,25.0,18.0,25.0,18.0,23.0,21.0,21.0,33.0,29.0,26.0,20.0,14.0,26.0,31.0,30.0,22.0,12.0,21.0,21.0,29.0,30.0,23.0,23.0,12.0,26.0,18.0,16.0,25.0,16.0,23.0,32.0,27.0,27.0,24.0,21.0,27.0,21.0,27.0,17.0,21.0,17.0,17.0,31.0,28.0,20.0,26.0,25.0,23.0,27.0
18.0,27.0,16.0,39.0,28.0,26.0,38.0,35.0,32.0,26.0,26.0,34.0,38.0,20.0,30.0,26.0,26.0,33.0,36.0,43.0,33.0,40.0,17.0,25.0,34.0,43.0,31.0,33.0,25.0,25.0,46.0,29.0,26.0,29.0,22.0,23.0,37.0,31.0,38.0,23.0,28.0,30.0,49.0,24.0,27.0,24.0,38.0,27.0,31.0,41.0
33.0,27.0,24.0,35.0,24.0,21.0,25.0,22.0,27.0,27.0,25.0,22.0,20.0,22.0,27.0,25.0,24.0,22.0,21.0,26.0,34.0,28.0,20.0,20.0,20.0,27.0,26.0,29.0,25.0,26.0,27.0,34.0,27.0,21.0,30.0,26.0,13.0,29.0,17.0,21.0,26.0,24.0,25.0,30.0,22.0,27.0,23.0,18.0,23.0,27.0
23.0,23.0,28.0,21.0,21.0,12.0,17.0,26.0,26.0,24.0,24.0,26.0,25.0,26.0,18.0,27.0,26.0,23.0,26.0,25.0,31.0,31.0,32.0,16.0,22.0,30.0,16.0,22.0,25.0,26.0,27.0,24.0,24.0,21.0,23.0,20.0,22.0,22.0,19.0,30.0,26.0,29.0,21.0,21.0,25.0,22.0,22.0,24.0,18.0,16.0
32.0,37.0,41.0,41.0,35.0,38.0,31.0,35.0,43.0,31.0,30.0,35.0,44.0,38.0,34.0,26.0,34.0,37.0,43.0,37.0,38.0,42.0,39.0,42.0,25.0,34.0,49.0,25.0,28.0,38.0,39.0,57.0,27.0,30.0,28.0,22.0,29.0,26.0,30.0,37.0,39.0,32.0,35.0,30.0,36.0,27.0,31.0,37.0,28.0,31.0
16.0,28.0,30.0,28.0,25.0,26.0,28.0,14.0,15.0,17.0,15.0,23.0,24.0,23.0,19.0,24.0,14.0,24.0,15.0,25.0,20.0,17.0,13.0,20.0,32.0,24.0,18.0,22.0,26.0,23.0,20.0,23.0,16.0,24.0,23.0,23.0,21.0,23.0,17.0,27.0,24.0,26.0,23.0,24.0,20.0,18.0,17.0,26.0,12.0,17.0
16.0,35.0,20.0,18.0,22.0,26.0,15.0,17.0,24.0,27.0,23.0,27.0,18.0,15.0,29.0,20.0,28.0,29.0,17.0,13.0,16.0,26.0,28.0,18.0,26.0,19.0,23.0,14.0,17.0,14.0,15.0,20.0,29.0,27.0,15.0,26.0,18.0,32.0,30.0,26.0,29.0,28.0,12.0,15.0,20.0,18.0,21.0,17.0,11.0,26.0
21.0,23.0,29.0,23.0,21.0,25.0,17.0,25.0,21.0,21.0,18.0,24.0,19.0,19.0,22.0,20.0,22.0,25.0,15.0,29.0,25.0,14.0,17.0,26.0,21.0,26.0,23.0,17.0,20.0,31.0,27.0,23.0,25.0,14.0,20.0,26.0,20.0,21.0,13.0,27.0,30.0,17.0,14.0,21.0,22.0,16.0,24.0,19.0,23.0,19.0
24.0,27.0,23.0,29.0,29.0,21.0,18.0,23.0,24.0,26.0,24.0,26.0,14.0,25.0,29.0,27.0,24.0,33.0,25.0,30.0,26.0,14.0,17.0,27.0,25.0,27.0,21.0,28.0,28.0,20.0,26.0,24.0,18.0,31.0,23.0,25.0,23.0,33.0,22.0,19.0,18.0,23.0,15.0,22.0,17.0,19.0,26.0,23.0,17.0,29.0
