10,50,1000
17.821031,16.721736,19.95162,18.235942,15.880626,17.348235,19.106738,18.236816,15.075528,19.891229
7.012253,8.230697,6.68139,9.396553,5.165358,5.684342,8.481031,9.592818,9.398409,6.921592
0.0,10.0,20.0,30.0,40.0,50.0,60.0,70.0,80.0,90.0
10.0,0.0,10.0,20.0,30.0,40.0,50.0,60.0,70.0,80.0
20.0,10.0,0.0,10.0,20.0,30.0,40.0,50.0,60.0,70.0
30.0,20.0,10.0,0.0,10.0,20.0,30.0,40.0,50.0,60.0
40.0,30.0,20.0,10.0,0.0,10.0,20.0,30.0,40.0,50.0
50.0,40.0,30.0,20.0,10.0,0.0,10.0,20.0,30.0,40.0
60.0,50.0,40.0,30.0,20.0,10.0,0.0,10.0,20.0,30.0
70.0,60.0,50.0,40.0,30.0,20.0,10.0,0.0,10.0,20.0
80.0,70.0,60.0,50.0,40.0,30.0,20.0,10.0,0.0,10.0
90.0,80.0,70.0,60.0,50.0,40.0,30.0,20.0,10.0,0.0
450.0,400.0,350.0,300.0,250.0,250.0,300.0,350.0,400.0,450.0
0.0,1.0,2.0,3.0,4.0,5.0,6.0,7.0,8.0,9.0
1.0,0.0,1.0,2.0,3.0,4.0,5.0,6.0,7.0,8.0
2.0,1.0,0.0,1.0,2.0,3.0,4.0,5.0,6.0,7.0
3.0,2.0,1.0,0.0,1.0,2.0,3.0,4.0,5.0,6.0
4.0,3.0,2.0,1.0,0.0,1.0,2.0,3.0,4.0,5.0
5.0,4.0,3.0,2.0,1.0,0.0,1.0,2.0,3.0,4.0
6.0,5.0,4.0,3.0,2.0,1.0,0.0,1.0,2.0,3.0
7.0,6.0,5.0,4.0,3.0,2.0,1.0,0.0,1.0,2.0
8.0,7.0,6.0,5.0,4.0,3.0,2.0,1.0,0.0,1.0
9.0,8.0,7.0,6.0,5.0,4.0,3.0,2.0,1.0,0.0
45.0,40.0,35.0,30.0,25.0,25.0,30.0,35.0,40.0,45.0
24.0,45.0,24.0,32.0,25.0,23.0,27.0,18.0,28.0,29.0,30.0,16.0,26.0,24.0,28.0,20.0,36.0,23.0,30.0,37.0,22.0,26.0,28.0,22.0,32.0,26.0,29.0,35.0,38.0,29.0,21.0,30.0,33.0,29.0,32.0,25.0,26.0,34.0,26.0,16.0,25.0,30.0,27.0,28.0,30.0,28.0,27.0,33.0,36.0,24.0
42.0,30.0,31.0,28.0,30.0,27.0,38.0,27.0,34.0,33.0,36.0,30.0,28.0,34.0,42.0,27.0,33.0,22.0,28.0,34.0,25.0,36.0,44.0,32.0,32.0,34.0,37.0,38.0,46.0,26.0,36.0,27.0,23.0,25.0,36.0,24.0,24.0,31.0,30.0,36.0,32.0,23.0,30.0,40.0,25.0,36.0,39.0,28.0,33.0,23.0
20.0,36.0,23.0,34.0,21.0,21.0,30.0,22.0,30.0,36.0,35.0,31.0,23.0,31.0,28.0,30.0,34.0,31.0,27.0,16.0,25.0,27.0,24.0,29.0,25.0,33.0,27.0,22.0,33.0,32.0,23.0,26.0,34.0,16.0,25.0,30.0,29.0,18.0,26.0,23.0,27.0,26.0,27.0,21.0,28.0,26.0,25.0,24.0,24.0,29.0
35.0,28.0,27.0,38.0,36.0,29.0,26.0,40.0,34.0,31.0,44.0,29.0,31.0,27.0,31.0,38.0,40.0,31.0,45.0,41.0,38.0,34.0,35.0,40.0,37.0,36.0,43.0,29.0,39.0,43.0,38.0,39.0,38.0,26.0,39.0,44.0,29.0,33.0,39.0,30.0,26.0,35.0,26.0,41.0,34.0,36.0,30.0,39.0,29.0,52.0
22.0,29.0,23.0,27.0,23.0,23.0,21.0,23.0,23.0,19.0,13.0,21.0,19.0,26.0,22.0,20.0,15.0,25.0,24.0,17.0,30.0,14.0,12.0,22.0,19.0,22.0,18.0,20.0,19.0,17.0,22.0,14.0,15.0,19.0,28.0,26.0,11.0,20.0,19.0,16.0,14.0,24.0,16.0,26.0,19.0,28.0,23.0,20.0,21.0,21.0
29.0,33.0,23.0,28.0,31.0,17.0,22.0,21.0,18.0,13.0,31.0,19.0,23.0,15.0,22.0,22.0,27.0,31.0,24.0,25.0,23.0,14.0,22.0,18.0,20.0,23.0,26.0,28.0,33.0,20.0,17.0,15.0,20.0,19.0,23.0,31.0,28.0,21.0,24.0,20.0,23.0,23.0,29.0,30.0,19.0,31.0,30.0,24.0,21.0,23.0
45.0,21.0,25.0,19.0,37.0,31.0,37.0,27.0,33.0,34.0,27.0,36.0,36.0,29.0,29.0,25.0,33.0,25.0,40.0,34.0,35.0,26.0,21.0,32.0,35.0,28.0,40.0,34.0,29.0,30.0,32.0,34.0,33.0,34.0,36.0,35.0,37.0,26.0,32.0,29.0,26.0,30.0,41.0,42.0,37.0,31.0,28.0,30.0,33.0,29.0
28.0,32.0,35.0,46.0,30.0,27.0,42.0,40.0,34.0,42.0,41.0,42.0,42.0,37.0,48.0,40.0,33.0,35.0,32.0,32.0,33.0,23.0,37.0,41.0,34.0,36.0,32.0,35.0,28.0,35.0,29.0,47.0,35.0,29.0,28.0,30.0,32.0,43.0,39.0,48.0,39.0,32.0,41.0,27.0,29.0,39.0,44.0,36.0,40.0,22.0
32.0,35.0,27.0,30.0,31.0,35.0,28.0,34.0,46.0,30.0,37.0,34.0,32.0,30.0,35.0,34.0,41.0,26.0,34.0,33.0,35.0,32.0,29.0,36.0,28.0,22.0,25.0,42.0,39.0,33.0,34.0,39.0,33.0,36.0,32.0,30.0,40.0,34.0,35.0,31.0,26.0,26.0,32.0,33.0,32.0,36.0,37.0,32.0,32.0,34.0
39.0,29.0,22.0,28.0,34.0,18.0,29.0,38.0,28.0,29.0,33.0,34.0,31.0,29.0,25.0,26.0,26.0,26.0,18.0,36.0,20.0,20.0,21.0,19.0,32.0,41.0,26.0,36.0,30.0,33.0,23.0,33.0,30.0,18.0,29.0,22.0,22.0,42.0,15.0,22.0,38.0,25.0,21.0,25.0,38.0,35.0,35.0,33.0,22.0,16.0
