10,50,1000
19.995956,19.856547,17.51471,15.657006,17.017892,16.202654,17.677218,15.199405,16.549457,16.929199
5.436194,6.858715,9.069266,5.277196,7.629094,8.566203,5.323705,8.618441,9.980513,8.738388
0.0,10.0,20.0,30.0,40.0,50.0,60.0,70.0,80.0,90.0
10.0,0.0,10.0,20.0,30.0,40.0,50.0,60.0,70.0,80.0
20.0,10.0,0.0,10.0,20.0,30.0,40.0,50.0,60.0,70.0
30.0,20.0,10.0,0.0,10.0,20.0,30.0,40.0,50.0,60.0
40.0,30.0,20.0,10.0,0.0,10.0,20.0,30.0,40.0,50.0
50.0,40.0,30.0,20.0,10.0,0.0,10.0,20.0,30.0,40.0
60.0,50.0,40.0,30.0,20.0,10.0,0.0,10.0,20.0,30.0
70.0,60.0,50.0,40.0,30.0,20.0,10.0,0.0,10.0,20.0
80.0,70.0,60.0,50.0,40.0,30.0,20.0,10.0,0.0,10.0
90.0,80.0,70.0,60.0,50.0,40.0,30.0,20.0,10.0,0.0
450.0,400.0,350.0,300.0,250.0,250.0,300.0,350.0,400.0,450.0
0.0,1.0,2.0,3.0,4.0,5.0,6.0,7.0,8.0,9.0
1.0,0.0,1.0,2.0,3.0,4.0,5.0,6.0,7.0,8.0
2.0,1.0,0.0,1.0,2.0,3.0,4.0,5.0,6.0,7.0
3.0,2.0,1.0,0.0,1.0,2.0,3.0,4.0,5.0,6.0
4.0,3.0,2.0,1.0,0.0,1.0,2.0,3.0,4.0,5.0
5.0,4.0,3.0,2.0,1.0,0.0,1.0,2.0,3.0,4.0
6.0,5.0,4.0,3.0,2.0,1.0,0.0,1.0,2.0,3.0
7.0,6.0,5.0,4.0,3.0,2.0,1.0,0.0,1.0,2.0
8.0,7.0,6.0,5.0,4.0,3.0,2.0,1.0,0.0,1.0
9.0,8.0,7.0,6.0,5.0,4.0,3.0,2.0,1.0,0.0
45.0,40.0,35.0,30.0,25.0,25.0,30.0,35.0,40.0,45.0
26.0,24.0,16.0,15.0,21.0,22.0,23.0,22.0,20.0,26.0,39.0,21.0,28.0,18.0,22.0,25.0,20.0,26.0,23.0,24.0,24.0,21.0,24.0,24.0,21.0,21.0,27.0,24.0,16.0,26.0,24.0,23.0,24.0,23.0,26.0,23.0,20.0,25.0,20.0,18.0,18.0,23.0,25.0,24.0,14.0,26.0,21.0,21.0,26.0,21.0
28.0,24.0,19.0,35.0,25.0,17.0,32.0,34.0,24.0,42.0,22.0,25.0,29.0,35.0,28.0,37.0,28.0,23.0,35.0,25.0,24.0,29.0,26.0,18.0,35.0,18.0,24.0,29.0,23.0,34.0,18.0,22.0,26.0,25.0,26.0,37.0,22.0,27.0,31.0,20.0,31.0,25.0,28.0,26.0,32.0,18.0,32.0,26.0,35.0,24.0
38.0,24.0,35.0,28.0,37.0,32.0,35.0,33.0,26.0,30.0,28.0,29.0,28.0,28.0,29.0,39.0,38.0,36.0,32.0,38.0,27.0,24.0,32.0,32.0,32.0,34.0,42.0,34.0,31.0,39.0,37.0,39.0,46.0,27.0,45.0,36.0,23.0,27.0,30.0,43.0,36.0,29.0,28.0,33.0,27.0,43.0,25.0,37.0,35.0,35.0
24.0,19.0,30.0,19.0,25.0,19.0,20.0,17.0,19.0,23.0,19.0,20.0,24.0,18.0,17.0,24.0,27.0,21.0,23.0,21.0,14.0,19.0,17.0,26.0,20.0,15.0,22.0,16.0,19.0,12.0,26.0,21.0,14.0,13.0,23.0,24.0,28.0,15.0,25.0,20.0,22.0,20.0,31.0,21.0,18.0,24.0,11.0,13.0,30.0,33.0
37.0,28.0,32.0,22.0,29.0,27.0,34.0,30.0,24.0,34.0,22.0,20.0,28.0,19.0,28.0,28.0,29.0,28.0,28.0,35.0,20.0,22.0,28.0,34.0,25.0,33.0,19.0,30.0,31.0,25.0,34.0,34.0,31.0,21.0,22.0,36.0,18.0,35.0,30.0,20.0,26.0,28.0,33.0,26.0,34.0,31.0,33.0,31.0,30.0,21.0
38.0,30.0,25.0,40.0,29.0,28.0,31.0,37.0,39.0,27.0,36.0,20.0,25.0,31.0,37.0,29.0,31.0,31.0,38.0,33.0,28.0,34.0,37.0,26.0,26.0,27.0,26.0,34.0,27.0,33.0,27.0,31.0,27.0,31.0,30.0,42.0,30.0,29.0,32.0,39.0,38.0,36.0,33.0,28.0,29.0,34.0,44.0,25.0,31.0,33.0
29.0,21.0,22.0,19.0,18.0,22.0,22.0,14.0,17.0,18.0,17.0,21.0,22.0,24.0,26.0,30.0,22.0,28.0,20.0,23.0,26.0,27.0,19.0,17.0,19.0,28.0,18.0,18.0,34.0,16.0,19.0,19.0,35.0,24.0,14.0,33.0,23.0,27.0,28.0,24.0,23.0,20.0,21.0,21.0,20.0,26.0,27.0,23.0,38.0,30.0
25.0,23.0,37.0,33.0,31.0,36.0,24.0,36.0,28.0,35.0,37.0,32.0,36.0,36.0,43.0,39.0,34.0,29.0,33.0,22.0,39.0,25.0,33.0,36.0,26.0,35.0,30.0,35.0,23.0,28.0,25.0,24.0,35.0,31.0,36.0,31.0,35.0,27.0,32.0,43.0,34.0,29.0,35.0,35.0,33.0,26.0,34.0,43.0,28.0,28.0
33.0,37.0,37.0,37.0,37.0,29.0,38.0,30.0,35.0,40.0,42.0,26.0,24.0,30.0,41.0,31.0,44.0,36.0,38.0,34.0,43.0,34.0,37.0,36.0,40.0,44.0,31.0,31.0,30.0,34.0,36.0,41.0,27.0,39.0,30.0,33.0,36.0,38.0,38.0,31.0,44.0,33.0,36.0,37.0,40.0,31.0,18.0,41.0,42.0,37.0
31.0,35.0,31.0,35.0,38.0,23.0,34.0,36.0,30.0,42.0,33.0,36.0,27.0,28.0,43.0,30.0,32.0,25.0,31.0,35.0,27.0,31.0,29.0,39.0,36.0,28.0,34.0,32.0,25.0,31.0,35.0,28.0,25.0,20.0,21.0,33.0,35.0,35.0,29.0,27.0,40.0,40.0,27.0,37.0,33.0,35.0,33.0,30.0,30.0,34.0
