10,50,1000
18.402376,18.149991,16.702692,18.029411,17.562548,17.014614,16.833174,16.490832,16.17418,19.054596
7.150294,8.020015,9.750149,9.334471,5.541575,9.418535,6.276598,7.267043,6.141231,5.923292
0.0,10.0,20.0,30.0,40.0,50.0,60.0,70.0,80.0,90.0
10.0,0.0,10.0,20.0,30.0,40.0,50.0,60.0,70.0,80.0
20.0,10.0,0.0,10.0,20.0,30.0,40.0,50.0,60.0,70.0
30.0,20.0,10.0,0.0,10.0,20.0,30.0,40.0,50.0,60.0
40.0,30.0,20.0,10.0,0.0,10.0,20.0,30.0,40.0,50.0
50.0,40.0,30.0,20.0,10.0,0.0,10.0,20.0,30.0,40.0
60.0,50.0,40.0,30.0,20.0,10.0,0.0,10.0,20.0,30.0
70.0,60.0,50.0,40.0,30.0,20.0,10.0,0.0,10.0,20.0
80.0,70.0,60.0,50.0,40.0,30.0,20.0,10.0,0.0,10.0
90.0,80.0,70.0,60.0,50.0,40.0,30.0,20.0,10.0,0.0
450.0,400.0,350.0,300.0,250.0,250.0,300.0,350.0,400.0,450.0
0.0,1.0,2.0,3.0,4.0,5.0,6.0,7.0,8.0,9.0
1.0,0.0,1.0,2.0,3.0,4.0,5.0,6.0,7.0,8.0
2.0,1.0,0.0,1.0,2.0,3.0,4.0,5.0,6.0,7.0
3.0,2.0,1.0,0.0,1.0,2.0,3.0,4.0,5.0,6.0
4.0,3.0,2.0,1.0,0.0,1.0,2.0,3.0,4.0,5.0
5.0,4.0,3.0,2.0,1.0,0.0,1.0,2.0,3.0,4.0
6.0,5.0,4.0,3.0,2.0,1.0,0.0,1.0,2.0,3.0
7.0,6.0,5.0,4.0,3.0,2.0,1.0,0.0,1.0,2.0
8.0,7.0,6.0,5.0,4.0,3.0,2.0,1.0,0.0,1.0
9.0,8.0,7.0,6.0,5.0,4.0,3.0,2.0,1.0,0.0
45.0,40.0,35.0,30.0,25.0,25.0,30.0,35.0,40.0,45.0
26.0,26.0,28.0,33.0,40.0,43.0,24.0,26.0,20.0,30.0,28.0,34.0,29.0,30.0,25.0,26.0,33.0,27.0,31.0,31.0,27.0,34.0,27.0,26.0,26.0,26.0,31.0,27.0,28.0,24.0,31.0,35.0,19.0,28.0,33.0,24.0,26.0,30.0,23.0,30.0,27.0,35.0,28.0,29.0,23.0,20.0,24.0,28.0,29.0,22.0
29.0,42.0,28.0,33.0,33.0,33.0,29.0,28.0,31.0,34.0,32.0,33.0,29.0,31.0,27.0,33.0,29.0,29.0,29.0,31.0,28.0,33.0,27.0,30.0,23.0,27.0,38.0,29.0,32.0,32.0,30.0,38.0,37.0,34.0,30.0,24.0,27.0,47.0,33.0,30.0,24.0,34.0,28.0,31.0,35.0,26.0,31.0,29.0,29.0,25.0
40.0,29.0,33.0,27.0,46.0,46.0,32.0,34.0,39.0,32.0,35.0,34.0,26.0,38.0,34.0,53.0,36.0,45.0,39.0,37.0,47.0,49.0,29.0,33.0,39.0,34.0,33.0,29.0,40.0,40.0,26.0,33.0,28.0,40.0,37.0,33.0,33.0,41.0,24.0,38.0,35.0,40.0,36.0,32.0,38.0,38.0,25.0,34.0,24.0,37.0
40.0,36.0,31.0,39.0,35.0,58.0,38.0,36.0,35.0,30.0,41.0,36.0,34.0,33.0,32.0,40.0,33.0,32.0,42.0,45.0,26.0,29.0,34.0,36.0,45.0,32.0,32.0,35.0,29.0,40.0,25.0,43.0,45.0,42.0,37.0,33.0,39.0,31.0,29.0,37.0,42.0,38.0,32.0,38.0,35.0,30.0,29.0,42.0,31.0,35.0
23.0,18.0,21.0,19.0,17.0,20.0,32.0,15.0,22.0,12.0,29.0,28.0,17.0,22.0,18.0,18.0,27.0,27.0,22.0,21.0,24.0,17.0,19.0,21.0,23.0,21.0,15.0,19.0,27.0,21.0,26.0,32.0,23.0,12.0,27.0,29.0,24.0,30.0,16.0,24.0,26.0,18.0,21.0,19.0,27.0,27.0,22.0,33.0,22.0,14.0
40.0,41.0,37.0,20.0,31.0,37.0,27.0,24.0,36.0,30.0,32.0,38.0,22.0,32.0,30.0,29.0,34.0,27.0,41.0,41.0,42.0,33.0,30.0,33.0,26.0,31.0,34.0,40.0,41.0,43.0,35.0,29.0,35.0,39.0,37.0,29.0,33.0,30.0,32.0,28.0,33.0,25.0,36.0,36.0,35.0,41.0,27.0,37.0,32.0,47.0
32.0,19.0,34.0,24.0,23.0,22.0,36.0,22.0,24.0,30.0,30.0,24.0,31.0,23.0,25.0,29.0,28.0,26.0,25.0,24.0,29.0,25.0,27.0,18.0,31.0,25.0,32.0,22.0,23.0,26.0,26.0,36.0,25.0,20.0,24.0,22.0,21.0,28.0,31.0,18.0,23.0,36.0,33.0,29.0,30.0,17.0,14.0,26.0,26.0,18.0
28.0,30.0,26.0,36.0,26.0,21.0,27.0,27.0,32.0,24.0,22.0,24.0,24.0,26.0,28.0,27.0,27.0,31.0,31.0,20.0,21.0,31.0,33.0,34.0,37.0,24.0,24.0,29.0,30.0,36.0,32.0,36.0,30.0,26.0,27.0,21.0,30.0,27.0,31.0,30.0,22.0,33.0,27.0,29.0,31.0,33.0,25.0,26.0,26.0,27.0
29.0,30.0,20.0,26.0,18.0,16.0,17.0,19.0,21.0,15.0,21.0,26.0,26.0,16.0,26.0,29.0,27.0,23.0,22.0,24.0,22.0,25.0,12.0,22.0,24.0,26.0,20.0,23.0,16.0,25.0,37.0,26.0,32.0,32.0,26.0,18.0,23.0,21.0,32.0,28.0,37.0,23.0,22.0,27.0,21.0,23.0,22.0,15.0,24.0,24.0
26.0,16.0,13.0,27.0,17.0,23.0,23.0,22.0,31.0,20.0,29.0,20.0,23.0,29.0,24.0,26.0,25.0,18.0,19.0,21.0,32.0,27.0,17.0,22.0,24.0,20.0,17.0,17.0,22.0,19.0,26.0,20.0,20.0,22.0,20.0,20.0,16.0,15.0,19.0,31.0,32.0,25.0,25.0,30.0,29.0,22.0,20.0,22.0,33.0,23.0
