10,50,1000
18.763136,18.750218,17.792663,16.122861,15.447134,19.284382,15.18713,16.047475,18.068641,19.180232
7.160382,6.737989,5.982828,8.965208,8.920513,8.019991,9.581431,6.908615,7.287958,7.797914
0.0,10.0,20.0,30.0,40.0,50.0,60.0,70.0,80.0,90.0
10.0,0.0,10.0,20.0,30.0,40.0,50.0,60.0,70.0,80.0
20.0,10.0,0.0,10.0,20.0,30.0,40.0,50.0,60.0,70.0
30.0,20.0,10.0,0.0,10.0,20.0,30.0,40.0,50.0,60.0
40.0,30.0,20.0,10.0,0.0,10.0,20.0,30.0,40.0,50.0
50.0,40.0,30.0,20.0,10.0,0.0,10.0,20.0,30.0,40.0
60.0,50.0,40.0,30.0,20.0,10.0,0.0,10.0,20.0,30.0
70.0,60.0,50.0,40.0,30.0,20.0,10.0,0.0,10.0,20.0
80.0,70.0,60.0,50.0,40.0,30.0,20.0,10.0,0.0,10.0
90.0,80.0,70.0,60.0,50.0,40.0,30.0,20.0,10.0,0.0
450.0,400.0,350.0,300.0,250.0,250.0,300.0,350.0,400.0,450.0
0.0,1.0,2.0,3.0,4.0,5.0,6.0,7.0,8.0,9.0
1.0,0.0,1.0,2.0,3.0,4.0,5.0,6.0,7.0,8.0
2.0,1.0,0.0,1.0,2.0,3.0,4.0,5.0,6.0,7.0
3.0,2.0,1.0,0.0,1.0,2.0,3.0,4.0,5.0,6.0
4.0,3.0,2.0,1.0,0.0,1.0,2.0,3.0,4.0,5.0
5.0,4.0,3.0,2.0,1.0,0.0,1.0,2.0,3.0,4.0
6.0,5.0,4.0,3.0,2.0,1.0,0.0,1.0,2.0,3.0
7.0,6.0,5.0,4.0,3.0,2.0,1.0,0.0,1.0,2.0
8.0,7.0,6.0,5.0,4.0,3.0,2.0,1.0,0.0,1.0
9.0,8.0,7.0,6.0,5.0,4.0,3.0,2.0,1.0,0.0
45.0,40.0,35.0,30.0,25.0,25.0,30.0,35.0,40.0,45.0
29.0,34.0,29.0,31.0,32.0,22.0,30.0,28.0,24.0,28.0,36.0,25.0,34.0,34.0,40.0,23.0,26.0,28.0,28.0,20.0,32.0,30.0,24.0,23.0,30.0,36.0,31.0,35.0,27.0,34.0,23.0,24.0,31.0,25.0,22.0,38.0,34.0,26.0,26.0,27.0,24.0,24.0,26.0,37.0,22.0,20.0,20.0,23.0,33.0,29.0
31.0,31.0,20.0,19.0,23.0,30.0,36.0,30.0,31.0,34.0,28.0,35.0,25.0,23.0,29.0,28.0,21.0,29.0,24.0,27.0,30.0,27.0,27.0,24.0,25.0,27.0,24.0,22.0,20.0,33.0,23.0,28.0,25.0,33.0,33.0,24.0,26.0,31.0,29.0,30.0,26.0,21.0,28.0,41.0,22.0,29.0,17.0,29.0,22.0,25.0
19.0,18.0,27.0,23.0,30.0,23.0,20.0,24.0,24.0,25.0,30.0,38.0,22.0,30.0,17.0,28.0,27.0,26.0,28.0,30.0,22.0,17.0,28.0,21.0,38.0,31.0,26.0,24.0,27.0,21.0,22.0,24.0,24.0,19.0,27.0,26.0,32.0,24.0,24.0,22.0,29.0,26.0,27.0,27.0,24.0,28.0,29.0,29.0,21.0,19.0
29.0,30.0,35.0,27.0,40.0,30.0,46.0,27.0,38.0,29.0,32.0,36.0,44.0,43.0,30.0,30.0,25.0,41.0,40.0,29.0,36.0,28.0,26.0,33.0,29.0,38.0,42.0,33.0,28.0,29.0,27.0,35.0,44.0,37.0,26.0,38.0,29.0,29.0,31.0,33.0,44.0,35.0,23.0,34.0,37.0,32.0,35.0,30.0,41.0,27.0
34.0,30.0,26.0,31.0,33.0,46.0,30.0,33.0,32.0,34.0,34.0,36.0,34.0,42.0,34.0,33.0,39.0,27.0,34.0,32.0,37.0,37.0,40.0,39.0,48.0,20.0,30.0,28.0,26.0,37.0,27.0,35.0,31.0,29.0,45.0,40.0,28.0,32.0,41.0,39.0,34.0,30.0,32.0,31.0,29.0,29.0,33.0,24.0,32.0,31.0
33.0,21.0,34.0,32.0,38.0,31.0,26.0,32.0,26.0,31.0,33.0,30.0,34.0,36.0,28.0,36.0,29.0,35.0,37.0,32.0,35.0,16.0,27.0,32.0,32.0,33.0,28.0,41.0,31.0,27.0,30.0,31.0,30.0,30.0,28.0,26.0,27.0,37.0,37.0,31.0,20.0,27.0,30.0,23.0,35.0,25.0,32.0,40.0,24.0,24.0
38.0,46.0,31.0,39.0,38.0,45.0,45.0,40.0,37.0,37.0,31.0,28.0,40.0,44.0,38.0,40.0,44.0,40.0,35.0,46.0,32.0,47.0,27.0,40.0,32.0,39.0,27.0,33.0,38.0,33.0,34.0,34.0,43.0,26.0,41.0,37.0,37.0,38.0,46.0,33.0,36.0,32.0,34.0,44.0,30.0,38.0,39.0,44.0,30.0,41.0
20.0,22.0,24.0,25.0,25.0,24.0,25.0,37.0,27.0,23.0,17.0,25.0,25.0,23.0,27.0,26.0,24.0,26.0,40.0,35.0,25.0,18.0,24.0,30.0,33.0,33.0,29.0,9.0,22.0,28.0,20.0,26.0,20.0,20.0,25.0,31.0,22.0,26.0,23.0,30.0,31.0,30.0,27.0,28.0,25.0,35.0,31.0,21.0,27.0,25.0
38.0,17.0,31.0,36.0,34.0,18.0,23.0,34.0,30.0,22.0,25.0,27.0,33.0,26.0,30.0,17.0,24.0,25.0,24.0,23.0,20.0,24.0,25.0,26.0,35.0,25.0,26.0,39.0,41.0,32.0,23.0,32.0,35.0,28.0,30.0,25.0,33.0,24.0,25.0,31.0,34.0,26.0,28.0,33.0,37.0,26.0,23.0,30.0,35.0,32.0
26.0,20.0,34.0,23.0,37.0,28.0,22.0,29.0,35.0,33.0,34.0,29.0,31.0,35.0,40.0,23.0,17.0,33.0,40.0,26.0,26.0,26.0,32.0,37.0,27.0,24.0,34.0,25.0,32.0,32.0,36.0,24.0,27.0,31.0,35.0,28.0,36.0,35.0,21.0,34.0,40.0,24.0,31.0,28.0,23.0,26.0,21.0,22.0,35.0,30.0
