10,50,1000
16.064933,18.801929,19.462466,16.220152,15.351312,18.964406,16.880379,19.344917,16.907823,17.716503
9.084592,7.13311,8.657704,6.846796,8.204303,9.066349,6.208151,9.67049,8.35643,8.199908
0.0,10.0,20.0,30.0,40.0,50.0,60.0,70.0,80.0,90.0
10.0,0.0,10.0,20.0,30.0,40.0,50.0,60.0,70.0,80.0
20.0,10.0,0.0,10.0,20.0,30.0,40.0,50.0,60.0,70.0
30.0,20.0,10.0,0.0,10.0,20.0,30.0,40.0,50.0,60.0
40.0,30.0,20.0,10.0,0.0,10.0,20.0,30.0,40.0,50.0
50.0,40.0,30.0,20.0,10.0,0.0,10.0,20.0,30.0,40.0
60.0,50.0,40.0,30.0,20.0,10.0,0.0,10.0,20.0,30.0
70.0,60.0,50.0,40.0,30.0,20.0,10.0,0.0,10.0,20.0
80.0,70.0,60.0,50.0,40.0,30.0,20.0,10.0,0.0,10.0
90.0,80.0,70.0,60.0,50.0,40.0,30.0,20.0,10.0,0.0
450.0,400.0,350.0,300.0,250.0,250.0,300.0,350.0,400.0,450.0
0.0,1.0,2.0,3.0,4.0,5.0,6.0,7.0,8.0,9.0
1.0,0.0,1.0,2.0,3.0,4.0,5.0,6.0,7.0,8.0
2.0,1.0,0.0,1.0,2.0,3.0,4.0,5.0,6.0,7.0
3.0,2.0,1.0,0.0,1.0,2.0,3.0,4.0,5.0,6.0
4.0,3.0,2.0,1.0,0.0,1.0,2.0,3.0,4.0,5.0
5.0,4.0,3.0,2.0,1.0,0.0,1.0,2.0,3.0,4.0
6.0,5.0,4.0,3.0,2.0,1.0,0.0,1.0,2.0,3.0
7.0,6.0,5.0,4.0,3.0,2.0,1.0,0.0,1.0,2.0
8.0,7.0,6.0,5.0,4.0,3.0,2.0,1.0,0.0,1.0
9.0,8.0,7.0,6.0,5.0,4.0,3.0,2.0,1.0,0.0
45.0,40.0,35.0,30.0,25.0,25.0,30.0,35.0,40.0,45.0
28.0,39.0,40.0,34.0,39.0,34.0,35.0,30.0,38.0,38.0,35.0,30.0,32.0,28.0,35.0,42.0,24.0,38.0,49.0,33.0,27.0,28.0,30.0,30.0,27.0,29.0,42.0,33.0,37.0,40.0,41.0,21.0,37.0,50.0,30.0,27.0,25.0,29.0,28.0,27.0,24.0,34.0,34.0,34.0,37.0,37.0,30.0,32.0,29.0,32.0
32.0,18.0,29.0,30.0,28.0,28.0,18.0,30.0,23.0,30.0,22.0,23.0,23.0,32.0,28.0,33.0,34.0,27.0,28.0,28.0,36.0,34.0,33.0,27.0,26.0,30.0,31.0,29.0,17.0,43.0,33.0,31.0,27.0,23.0,24.0,21.0,28.0,26.0,31.0,27.0,36.0,25.0,24.0,22.0,30.0,18.0,38.0,20.0,21.0,32.0
32.0,33.0,37.0,26.0,39.0,30.0,27.0,38.0,32.0,33.0,28.0,30.0,29.0,27.0,32.0,37.0,30.0,36.0,33.0,34.0,31.0,40.0,35.0,32.0,36.0,43.0,31.0,34.0,31.0,30.0,32.0,21.0,32.0,36.0,33.0,37.0,28.0,29.0,41.0,37.0,33.0,39.0,36.0,31.0,22.0,28.0,25.0,32.0,34.0,37.0
31.0,27.0,23.0,33.0,18.0,27.0,22.0,23.0,28.0,23.0,30.0,21.0,25.0,21.0,31.0,21.0,27.0,20.0,24.0,27.0,19.0,30.0,23.0,23.0,26.0,19.0,20.0,29.0,34.0,33.0,23.0,26.0,25.0,30.0,28.0,24.0,32.0,29.0,19.0,31.0,37.0,31.0,20.0,15.0,29.0,20.0,29.0,30.0,32.0,28.0
27.0,28.0,33.0,34.0,30.0,28.0,34.0,21.0,30.0,32.0,25.0,31.0,40.0,36.0,29.0,38.0,39.0,35.0,31.0,23.0,37.0,41.0,38.0,27.0,31.0,29.0,30.0,33.0,30.0,26.0,43.0,30.0,21.0,25.0,32.0,33.0,31.0,27.0,32.0,45.0,39.0,26.0,21.0,33.0,30.0,29.0,29.0,33.0,41.0,40.0
42.0,28.0,29.0,30.0,36.0,33.0,41.0,35.0,28.0,39.0,34.0,39.0,28.0,29.0,43.0,36.0,39.0,41.0,31.0,37.0,36.0,42.0,38.0,27.0,38.0,35.0,39.0,36.0,40.0,43.0,38.0,32.0,35.0,43.0,24.0,29.0,34.0,37.0,37.0,44.0,27.0,36.0,44.0,38.0,34.0,34.0,36.0,49.0,24.0,33.0
23.0,14.0,26.0,29.0,30.0,17.0,25.0,28.0,22.0,23.0,32.0,21.0,24.0,27.0,30.0,17.0,16.0,24.0,23.0,27.0,21.0,25.0,22.0,30.0,23.0,29.0,22.0,24.0,18.0,23.0,29.0,19.0,32.0,23.0,17.0,36.0,28.0,26.0,37.0,24.0,17.0,26.0,18.0,26.0,18.0,11.0,29.0,30.0,19.0,19.0
30.0,41.0,46.0,26.0,29.0,41.0,37.0,37.0,43.0,30.0,32.0,39.0,35.0,49.0,40.0,24.0,37.0,36.0,39.0,37.0,44.0,31.0,36.0,39.0,34.0,24.0,41.0,30.0,37.0,45.0,37.0,27.0,47.0,35.0,34.0,27.0,37.0,42.0,31.0,35.0,41.0,39.0,38.0,33.0,45.0,44.0,39.0,32.0,36.0,27.0
36.0,30.0,28.0,25.0,35.0,25.0,35.0,38.0,40.0,24.0,28.0,36.0,31.0,38.0,30.0,23.0,26.0,32.0,33.0,27.0,29.0,37.0,29.0,33.0,35.0,26.0,28.0,33.0,32.0,30.0,31.0,37.0,27.0,19.0,24.0,29.0,25.0,26.0,28.0,31.0,34.0,36.0,24.0,22.0,25.0,20.0,41.0,39.0,27.0,16.0
30.0,29.0,25.0,24.0,32.0,30.0,34.0,25.0,26.0,26.0,19.0,17.0,26.0,28.0,38.0,31.0,37.0,41.0,27.0,26.0,33.0,27.0,29.0,30.0,42.0,28.0,29.0,37.0,27.0,31.0,37.0,27.0,34.0,30.0,33.0,27.0,24.0,24.0,29.0,26.0,30.0,30.0,30.0,33.0,31.0,31.0,25.0,37.0,30.0,32.0
