10,50,1000
17.335931,17.466411,18.068997,16.767862,17.644809,19.614899,19.474228,17.89461,19.403991,15.743968
8.695997,9.543719,9.503455,8.416773,9.744177,7.724099,5.135259,8.048384,9.914631,9.626731
0.0,10.0,20.0,30.0,40.0,50.0,60.0,70.0,80.0,90.0
10.0,0.0,10.0,20.0,30.0,40.0,50.0,60.0,70.0,80.0
20.0,10.0,0.0,10.0,20.0,30.0,40.0,50.0,60.0,70.0
30.0,20.0,10.0,0.0,10.0,20.0,30.0,40.0,50.0,60.0
40.0,30.0,20.0,10.0,0.0,10.0,20.0,30.0,40.0,50.0
50.0,40.0,30.0,20.0,10.0,0.0,10.0,20.0,30.0,40.0
60.0,50.0,40.0,30.0,20.0,10.0,0.0,10.0,20.0,30.0
70.0,60.0,50.0,40.0,30.0,20.0,10.0,0.0,10.0,20.0
80.0,70.0,60.0,50.0,40.0,30.0,20.0,10.0,0.0,10.0
90.0,80.0,70.0,60.0,50.0,40.0,30.0,20.0,10.0,0.0
450.0,400.0,350.0,300.0,250.0,250.0,300.0,350.0,400.0,450.0
0.0,1.0,2.0,3.0,4.0,5.0,6.0,7.0,8.0,9.0
1.0,0.0,1.0,2.0,3.0,4.0,5.0,6.0,7.0,8.0
2.0,1.0,0.0,1.0,2.0,3.0,4.0,5.0,6.0,7.0
3.0,2.0,1.0,0.0,1.0,2.0,3.0,4.0,5.0,6.0
4.0,3.0,2.0,1.0,0.0,1.0,2.0,3.0,4.0,5.0
5.0,4.0,3.0,2.0,1.0,0.0,1.0,2.0,3.0,4.0
6.0,5.0,4.0,3.0,2.0,1.0,0.0,1.0,2.0,3.0
7.0,6.0,5.0,4.0,3.0,2.0,1.0,0.0,1.0,2.0
8.0,7.0,6.0,5.0,4.0,3.0,2.0,1.0,0.0,1.0
9.0,8.0,7.0,6.0,5.0,4.0,3.0,2.0,1.0,0.0
45.0,40.0,35.0,30.0,25.0,25.0,30.0,35.0,40.0,45.0
34.0,33.0,30.0,21.0,30.0,26.0,17.0,32.0,26.0,29.0,33.0,31.0,37.0,22.0,24.0,36.0,31.0,37.0,48.0,32.0,20.0,44.0,36.0,38.0,32.0,45.0,30.0,28.0,29.0,25.0,41.0,32.0,29.0,28.0,39.0,31.0,36.0,26.0,20.0,34.0,31.0,31.0,34.0,21.0,33.0,27.0,24.0,29.0,31.0,28.0
39.0,41.0,28.0,46.0,50.0,38.0,32.0,33.0,40.0,34.0,39.0,33.0,38.0,27.0,39.0,37.0,38.0,31.0,39.0,38.0,36.0,43.0,34.0,31.0,43.0,40.0,39.0,30.0,31.0,31.0,38.0,38.0,34.0,34.0,40.0,34.0,41.0,36.0,38.0,47.0,40.0,48.0,36.0,39.0,26.0,33.0,29.0,36.0,36.0,25.0
38.0,31.0,31.0,35.0,35.0,47.0,33.0,35.0,32.0,44.0,27.0,39.0,40.0,30.0,41.0,31.0,39.0,29.0,31.0,34.0,43.0,33.0,27.0,35.0,33.0,43.0,21.0,42.0,31.0,34.0,33.0,39.0,26.0,29.0,19.0,45.0,34.0,35.0,27.0,24.0,47.0,46.0,42.0,35.0,45.0,25.0,31.0,33.0,34.0,29.0
38.0,25.0,33.0,36.0,30.0,20.0,31.0,19.0,27.0,36.0,27.0,39.0,26.0,26.0,32.0,25.0,27.0,40.0,30.0,26.0,29.0,32.0,28.0,37.0,37.0,31.0,38.0,34.0,31.0,29.0,35.0,31.0,34.0,30.0,32.0,24.0,33.0,33.0,31.0,31.0,30.0,31.0,32.0,33.0,29.0,25.0,29.0,24.0,27.0,24.0
28.0,29.0,43.0,52.0,28.0,36.0,38.0,40.0,31.0,38.0,38.0,40.0,34.0,38.0,47.0,40.0,39.0,29.0,33.0,33.0,31.0,40.0,41.0,39.0,33.0,53.0,28.0,44.0,35.0,30.0,31.0,30.0,33.0,36.0,34.0,38.0,38.0,37.0,44.0,34.0,39.0,39.0,38.0,28.0,36.0,27.0,38.0,27.0,36.0,44.0
25.0,28.0,35.0,35.0,36.0,28.0,24.0,19.0,44.0,23.0,36.0,32.0,24.0,34.0,32.0,24.0,33.0,29.0,28.0,29.0,28.0,31.0,33.0,41.0,39.0,24.0,33.0,30.0,42.0,30.0,36.0,38.0,38.0,35.0,21.0,30.0,30.0,34.0,23.0,32.0,29.0,28.0,29.0,29.0,32.0,22.0,33.0,24.0,27.0,35.0
34.0,20.0,16.0,24.0,22.0,22.0,20.0,25.0,23.0,22.0,15.0,17.0,20.0,16.0,27.0,29.0,24.0,21.0,19.0,16.0,21.0,28.0,16.0,29.0,28.0,15.0,22.0,13.0,17.0,30.0,23.0,27.0,26.0,24.0,16.0,21.0,21.0,24.0,27.0,18.0,21.0,22.0,35.0,30.0,13.0,22.0,17.0,20.0,24.0,25.0
40.0,25.0,20.0,34.0,30.0,28.0,31.0,36.0,29.0,26.0,29.0,27.0,30.0,28.0,39.0,39.0,26.0,37.0,33.0,32.0,35.0,24.0,31.0,26.0,28.0,32.0,40.0,27.0,33.0,36.0,27.0,33.0,27.0,34.0,35.0,22.0,26.0,25.0,31.0,29.0,26.0,24.0,31.0,27.0,32.0,28.0,37.0,29.0,24.0,32.0
36.0,30.0,42.0,35.0,36.0,29.0,40.0,27.0,32.0,35.0,44.0,34.0,36.0,33.0,34.0,40.0,38.0,41.0,41.0,44.0,40.0,37.0,33.0,34.0,43.0,31.0,34.0,36.0,40.0,29.0,37.0,34.0,45.0,31.0,40.0,37.0,43.0,33.0,34.0,34.0,38.0,44.0,41.0,46.0,29.0,40.0,39.0,27.0,37.0,34.0
34.0,42.0,51.0,39.0,38.0,32.0,36.0,33.0,43.0,33.0,40.0,38.0,39.0,32.0,32.0,33.0,31.0,36.0,35.0,28.0,32.0,35.0,37.0,31.0,29.0,45.0,38.0,34.0,38.0,31.0,42.0,32.0,30.0,43.0,37.0,40.0,42.0,39.0,32.0,35.0,35.0,43.0,40.0,38.0,35.0,25.0,34.0,40.0,32.0,30.0
