10,50,1000
16.031669,16.8483,15.836801,15.824879,19.250555,19.482221,19.463855,15.111707,19.880881,17.931066
5.690778,7.338765,8.731883,7.106281,7.662139,8.809424,9.258184,7.110842,6.538161,8.739118
0.0,10.0,20.0,30.0,40.0,50.0,60.0,70.0,80.0,90.0
10.0,0.0,10.0,20.0,30.0,40.0,50.0,60.0,70.0,80.0
20.0,10.0,0.0,10.0,20.0,30.0,40.0,50.0,60.0,70.0
30.0,20.0,10.0,0.0,10.0,20.0,30.0,40.0,50.0,60.0
40.0,30.0,20.0,10.0,0.0,10.0,20.0,30.0,40.0,50.0
50.0,40.0,30.0,20.0,10.0,0.0,10.0,20.0,30.0,40.0
60.0,50.0,40.0,30.0,20.0,10.0,0.0,10.0,20.0,30.0
70.0,60.0,50.0,40.0,30.0,20.0,10.0,0.0,10.0,20.0
80.0,70.0,60.0,50.0,40.0,30.0,20.0,10.0,0.0,10.0
90.0,80.0,70.0,60.0,50.0,40.0,30.0,20.0,10.0,0.0
450.0,400.0,350.0,300.0,250.0,250.0,300.0,350.0,400.0,450.0
0.0,1.0,2.0,3.0,4.0,5.0,6.0,7.0,8.0,9.0
1.0,0.0,1.0,2.0,3.0,4.0,5.0,6.0,7.0,8.0
2.0,1.0,0.0,1.0,2.0,3.0,4.0,5.0,6.0,7.0
3.0,2.0,1.0,0.0,1.0,2.0,3.0,4.0,5.0,6.0
4.0,3.0,2.0,1.0,0.0,1.0,2.0,3.0,4.0,5.0
5.0,4.0,3.0,2.0,1.0,0.0,1.0,2.0,3.0,4.0
6.0,5.0,4.0,3.0,2.0,1.0,0.0,1.0,2.0,3.0
7.0,6.0,5.0,4.0,3.0,2.0,1.0,0.0,1.0,2.0
8.0,7.0,6.0,5.0,4.0,3.0,2.0,1.0,0.0,1.0
9.0,8.0,7.0,6.0,5.0,4.0,3.0,2.0,1.0,0.0
45.0,40.0,35.0,30.0,25.0,25.0,30.0,35.0,40.0,45.0
22.0,19.0,21.0,22.0,27.0,16.0,26.0,30.0,30.0,23.0,21.0,23.0,19.0,21.0,31.0,27.0,22.0,20.0,29.0,17.0,14.0,25.0,22.0,23.0,15.0,24.0,17.0,27.0,16.0,18.0,16.0,32.0,20.0,36.0,24.0,22.0,13.0,27.0,24.0,31.0,23.0,27.0,16.0,28.0,23.0,19.0,18.0,22.0,21.0,21.0
27.0,25.0,19.0,27.0,25.0,25.0,26.0,26.0,33.0,38.0,41.0,22.0,32.0,30.0,27.0,34.0,33.0,25.0,28.0,35.0,36.0,19.0,36.0,24.0,30.0,37.0,28.0,27.0,25.0,24.0,35.0,29.0,27.0,31.0,26.0,34.0,31.0,23.0,29.0,36.0,22.0,18.0,21.0,19.0,28.0,25.0,24.0,26.0,30.0,32.0
30.0,30.0,26.0,25.0,33.0,37.0,33.0,29.0,31.0,28.0,34.0,30.0,39.0,30.0,29.0,31.0,34.0,40.0,27.0,33.0,42.0,29.0,34.0,38.0,29.0,40.0,37.0,26.0,30.0,23.0,35.0,34.0,38.0,27.0,42.0,36.0,27.0,37.0,37.0,33.0,36.0,36.0,34.0,29.0,32.0,35.0,40.0,35.0,30.0,27.0
28.0,26.0,17.0,28.0,28.0,21.0,25.0,29.0,33.0,31.0,25.0,18.0,20.0,29.0,24.0,22.0,23.0,30.0,26.0,23.0,30.0,29.0,25.0,28.0,31.0,26.0,29.0,31.0,26.0,21.0,33.0,20.0,28.0,29.0,25.0,28.0,24.0,26.0,27.0,30.0,33.0,23.0,29.0,27.0,19.0,23.0,27.0,28.0,23.0,30.0
33.0,27.0,33.0,25.0,28.0,37.0,31.0,16.0,19.0,26.0,29.0,36.0,35.0,45.0,24.0,31.0,32.0,37.0,35.0,36.0,23.0,24.0,25.0,33.0,31.0,30.0,32.0,38.0,27.0,30.0,30.0,28.0,31.0,37.0,37.0,23.0,31.0,46.0,20.0,25.0,21.0,28.0,20.0,28.0,28.0,18.0,29.0,30.0,30.0,38.0
33.0,29.0,34.0,36.0,32.0,35.0,37.0,32.0,39.0,32.0,33.0,28.0,32.0,25.0,30.0,36.0,33.0,45.0,31.0,34.0,38.0,37.0,39.0,33.0,30.0,29.0,52.0,29.0,33.0,43.0,43.0,38.0,34.0,35.0,32.0,30.0,38.0,28.0,45.0,26.0,39.0,36.0,32.0,43.0,33.0,33.0,32.0,44.0,33.0,36.0
40.0,31.0,28.0,37.0,39.0,31.0,38.0,31.0,34.0,32.0,29.0,33.0,37.0,35.0,35.0,22.0,29.0,41.0,52.0,40.0,27.0,43.0,41.0,41.0,28.0,39.0,33.0,33.0,34.0,40.0,43.0,36.0,31.0,31.0,41.0,25.0,38.0,33.0,45.0,22.0,28.0,37.0,36.0,37.0,34.0,35.0,30.0,29.0,34.0,40.0
33.0,27.0,32.0,32.0,32.0,30.0,23.0,27.0,24.0,23.0,29.0,31.0,24.0,30.0,26.0,26.0,26.0,35.0,27.0,28.0,26.0,26.0,19.0,22.0,27.0,31.0,25.0,34.0,26.0,26.0,26.0,35.0,26.0,25.0,16.0,25.0,29.0,27.0,32.0,21.0,31.0,23.0,30.0,22.0,29.0,28.0,23.0,19.0,25.0,25.0
19.0,24.0,25.0,27.0,34.0,24.0,26.0,20.0,22.0,28.0,34.0,27.0,24.0,20.0,22.0,23.0,26.0,36.0,24.0,32.0,27.0,23.0,23.0,23.0,23.0,32.0,26.0,31.0,30.0,19.0,33.0,26.0,25.0,18.0,26.0,20.0,28.0,26.0,23.0,27.0,22.0,26.0,23.0,30.0,24.0,25.0,27.0,24.0,28.0,35.0
24.0,34.0,29.0,38.0,44.0,36.0,45.0,34.0,37.0,36.0,46.0,33.0,27.0,32.0,25.0,37.0,39.0,28.0,37.0,37.0,31.0,30.0,32.0,34.0,31.0,36.0,29.0,28.0,36.0,35.0,29.0,27.0,21.0,33.0,41.0,27.0,31.0,26.0,28.0,25.0,25.0,33.0,32.0,26.0,30.0,35.0,37.0,42.0,27.0,26.0
