10,50,1000
15.624284,19.19951,18.043615,15.109521,16.39947,17.149535,15.656031,19.182527,17.802107,17.30888
7.800309,8.031125,7.695694,6.097941,9.14303,6.036238,5.520003,9.783726,9.396928,5.554339
0.0,10.0,20.0,30.0,40.0,50.0,60.0,70.0,80.0,90.0
10.0,0.0,10.0,20.0,30.0,40.0,50.0,60.0,70.0,80.0
20.0,10.0,0.0,10.0,20.0,30.0,40.0,50.0,60.0,70.0
30.0,20.0,10.0,0.0,10.0,20.0,30.0,40.0,50.0,60.0
40.0,30.0,20.0,10.0,0.0,10.0,20.0,30.0,40.0,50.0
50.0,40.0,30.0,20.0,10.0,0.0,10.0,20.0,30.0,40.0
60.0,50.0,40.0,30.0,20.0,10.0,0.0,10.0,20.0,30.0
70.0,60.0,50.0,40.0,30.0,20.0,10.0,0.0,10.0,20.0
80.0,70.0,60.0,50.0,40.0,30.0,20.0,10.0,0.0,10.0
90.0,80.0,70.0,60.0,50.0,40.0,30.0,20.0,10.0,0.0
450.0,400.0,350.0,300.0,250.0,250.0,300.0,350.0,400.0,450.0
0.0,1.0,2.0,3.0,4.0,5.0,6.0,7.0,8.0,9.0
1.0,0.0,1.0,2.0,3.0,4.0,5.0,6.0,7.0,8.0
2.0,1.0,0.0,1.0,2.0,3.0,4.0,5.0,6.0,7.0
3.0,2.0,1.0,0.0,1.0,2.0,3.0,4.0,5.0,6.0
4.0,3.0,2.0,1.0,0.0,1.0,2.0,3.0,4.0,5.0
5.0,4.0,3.0,2.0,1.0,0.0,1.0,2.0,3.0,4.0
6.0,5.0,4.0,3.0,2.0,1.0,0.0,1.0,2.0,3.0
7.0,6.0,5.0,4.0,3.0,2.0,1.0,0.0,1.0,2.0
8.0,7.0,6.0,5.0,4.0,3.0,2.0,1.0,0.0,1.0
9.0,8.0,7.0,6.0,5.0,4.0,3.0,2.0,1.0,0.0
45.0,40.0,35.0,30.0,25.0,25.0,30.0,35.0,40.0,45.0
23.0,23.0,25.0,30.0,24.0,30.0,38.0,27.0,32.0,21.0,29.0,36.0,16.0,29.0,31.0,26.0,30.0,33.0,32.0,23.0,21.0,27.0,33.0,25.0,20.0,34.0,29.0,21.0,32.0,29.0,35.0,31.0,28.0,25.0,31.0,27.0,25.0,27.0,29.0,28.0,24.0,28.0,38.0,26.0,26.0,26.0,35.0,20.0,31.0,28.0
33.0,20.0,36.0,39.0,31.0,27.0,33.0,38.0,33.0,42.0,35.0,31.0,34.0,29.0,36.0,37.0,36.0,22.0,30.0,20.0,26.0,41.0,32.0,39.0,37.0,36.0,37.0,31.0,25.0,39.0,34.0,25.0,35.0,37.0,31.0,31.0,31.0,33.0,27.0,28.0,36.0,36.0,27.0,27.0,27.0,38.0,35.0,32.0,29.0,22.0
27.0,25.0,25.0,35.0,26.0,39.0,25.0,25.0,24.0,28.0,34.0,21.0,28.0,32.0,35.0,35.0,35.0,30.0,22.0,33.0,25.0,37.0,27.0,47.0,29.0,39.0,30.0,38.0,28.0,36.0,32.0,28.0,33.0,40.0,30.0,27.0,27.0,27.0,28.0,27.0,30.0,25.0,28.0,30.0,23.0,27.0,29.0,29.0,28.0,32.0
25.0,30.0,19.0,24.0,19.0,24.0,24.0,26.0,28.0,24.0,25.0,32.0,24.0,22.0,23.0,24.0,24.0,14.0,30.0,30.0,21.0,21.0,38.0,29.0,25.0,24.0,23.0,21.0,27.0,27.0,20.0,18.0,27.0,26.0,22.0,23.0,22.0,24.0,25.0,20.0,22.0,29.0,19.0,17.0,15.0,25.0,29.0,31.0,22.0,20.0
35.0,41.0,27.0,36.0,35.0,36.0,42.0,31.0,43.0,29.0,32.0,30.0,29.0,25.0,27.0,29.0,28.0,35.0,25.0,33.0,36.0,27.0,36.0,26.0,42.0,34.0,29.0,38.0,45.0,40.0,21.0,35.0,45.0,31.0,37.0,29.0,30.0,39.0,42.0,28.0,29.0,28.0,34.0,28.0,30.0,25.0,48.0,37.0,41.0,38.0
23.0,27.0,27.0,25.0,29.0,28.0,18.0,19.0,21.0,28.0,29.0,22.0,13.0,23.0,24.0,25.0,23.0,31.0,35.0,18.0,29.0,25.0,26.0,18.0,18.0,28.0,18.0,32.0,17.0,26.0,32.0,24.0,24.0,27.0,25.0,26.0,29.0,19.0,25.0,33.0,24.0,20.0,24.0,15.0,26.0,26.0,24.0,21.0,26.0,23.0
24.0,28.0,18.0,26.0,24.0,31.0,19.0,22.0,33.0,14.0,27.0,25.0,28.0,24.0,11.0,20.0,24.0,19.0,20.0,19.0,16.0,23.0,18.0,17.0,17.0,17.0,29.0,23.0,20.0,23.0,23.0,26.0,18.0,18.0,21.0,20.0,28.0,23.0,20.0,21.0,27.0,17.0,21.0,21.0,30.0,19.0,21.0,20.0,15.0,23.0
31.0,41.0,30.0,33.0,26.0,44.0,36.0,32.0,29.0,36.0,40.0,32.0,40.0,30.0,38.0,47.0,33.0,35.0,39.0,37.0,39.0,45.0,31.0,30.0,39.0,33.0,45.0,36.0,40.0,42.0,46.0,29.0,37.0,34.0,24.0,43.0,31.0,41.0,47.0,30.0,30.0,37.0,40.0,32.0,39.0,30.0,32.0,25.0,26.0,42.0
35.0,45.0,20.0,40.0,29.0,40.0,36.0,32.0,39.0,33.0,33.0,33.0,42.0,29.0,25.0,37.0,30.0,44.0,41.0,35.0,29.0,35.0,20.0,36.0,39.0,26.0,39.0,41.0,32.0,34.0,40.0,35.0,31.0,37.0,38.0,31.0,37.0,34.0,42.0,33.0,43.0,34.0,40.0,39.0,29.0,28.0,38.0,33.0,43.0,38.0
18.0,17.0,25.0,23.0,24.0,15.0,27.0,20.0,17.0,32.0,22.0,26.0,21.0,23.0,27.0,22.0,23.0,26.0,29.0,25.0,25.0,22.0,28.0,25.0,22.0,31.0,29.0,22.0,24.0,16.0,18.0,29.0,25.0,21.0,24.0,16.0,17.0,20.0,21.0,18.0,21.0,21.0,27.0,21.0,36.0,18.0,7.0,18.0,20.0,26.0
