10,50,1000
17.242756,19.152623,15.466743,17.108006,15.556714,17.990293,19.214868,16.016244,16.207124,18.883246
9.344612,7.81924,5.521688,7.901173,6.85795,8.910882,9.460677,9.548512,9.0746,8.513122
0.0,10.0,20.0,30.0,40.0,50.0,60.0,70.0,80.0,90.0
10.0,0.0,10.0,20.0,30.0,40.0,50.0,60.0,70.0,80.0
20.0,10.0,0.0,10.0,20.0,30.0,40.0,50.0,60.0,70.0
30.0,20.0,10.0,0.0,10.0,20.0,30.0,40.0,50.0,60.0
40.0,30.0,20.0,10.0,0.0,10.0,20.0,30.0,40.0,50.0
50.0,40.0,30.0,20.0,10.0,0.0,10.0,20.0,30.0,40.0
60.0,50.0,40.0,30.0,20.0,10.0,0.0,10.0,20.0,30.0
70.0,60.0,50.0,40.0,30.0,20.0,10.0,0.0,10.0,20.0
80.0,70.0,60.0,50.0,40.0,30.0,20.0,10.0,0.0,10.0
90.0,80.0,70.0,60.0,50.0,40.0,30.0,20.0,10.0,0.0
450.0,400.0,350.0,300.0,250.0,250.0,300.0,350.0,400.0,450.0
0.0,1.0,2.0,3.0,4.0,5.0,6.0,7.0,8.0,9.0
1.0,0.0,1.0,2.0,3.0,4.0,5.0,6.0,7.0,8.0
2.0,1.0,0.0,1.0,2.0,3.0,4.0,5.0,6.0,7.0
3.0,2.0,1.0,0.0,1.0,2.0,3.0,4.0,5.0,6.0
4.0,3.0,2.0,1.0,0.0,1.0,2.0,3.0,4.0,5.0
5.0,4.0,3.0,2.0,1.0,0.0,1.0,2.0,3.0,4.0
6.0,5.0,4.0,3.0,2.0,1.0,0.0,1.0,2.0,3.0
7.0,6.0,5.0,4.0,3.0,2.0,1.0,0.0,1.0,2.0
8.0,7.0,6.0,5.0,4.0,3.0,2.0,1.0,0.0,1.0
9.0,8.0,7.0,6.0,5.0,4.0,3.0,2.0,1.0,0.0
45.0,40.0,35.0,30.0,25.0,25.0,30.0,35.0,40.0,45.0
43.0,33.0,29.0,36.0,35.0,32.0,33.0,34.0,26.0,31.0,39.0,34.0,36.0,34.0,30.0,30.0,35.0,47.0,30.0,31.0,38.0,33.0,32.0,36.0,39.0,25.0,31.0,42.0,38.0,24.0,35.0,26.0,34.0,33.0,34.0,27.0,30.0,34.0,36.0,30.0,39.0,28.0,29.0,30.0,28.0,35.0,33.0,39.0,33.0,33.0
37.0,33.0,27.0,31.0,27.0,24.0,26.0,32.0,28.0,26.0,36.0,22.0,29.0,27.0,35.0,27.0,20.0,34.0,29.0,32.0,26.0,34.0,30.0,37.0,26.0,31.0,29.0,26.0,25.0,33.0,30.0,22.0,31.0,26.0,27.0,20.0,33.0,31.0,30.0,31.0,34.0,23.0,31.0,26.0,35.0,32.0,32.0,26.0,26.0,48.0
25.0,21.0,20.0,21.0,16.0,19.0,31.0,19.0,24.0,21.0,25.0,17.0,23.0,19.0,21.0,19.0,16.0,14.0,23.0,24.0,16.0,20.0,20.0,16.0,25.0,14.0,23.0,18.0,20.0,32.0,27.0,23.0,21.0,25.0,27.0,15.0,21.0,28.0,21.0,25.0,22.0,22.0,35.0,24.0,19.0,15.0,22.0,27.0,26.0,22.0
26.0,26.0,29.0,35.0,26.0,33.0,37.0,21.0,30.0,18.0,35.0,26.0,26.0,37.0,31.0,31.0,42.0,27.0,30.0,34.0,31.0,40.0,36.0,32.0,18.0,26.0,26.0,32.0,22.0,32.0,31.0,40.0,40.0,30.0,34.0,29.0,28.0,25.0,29.0,28.0,25.0,26.0,28.0,27.0,26.0,29.0,22.0,27.0,28.0,23.0
32.0,25.0,31.0,26.0,17.0,20.0,28.0,28.0,29.0,25.0,29.0,24.0,17.0,30.0,25.0,21.0,28.0,36.0,24.0,27.0,20.0,24.0,23.0,25.0,21.0,29.0,26.0,24.0,33.0,17.0,22.0,30.0,23.0,21.0,19.0,24.0,29.0,27.0,17.0,32.0,27.0,14.0,27.0,21.0,20.0,39.0,26.0,27.0,23.0,36.0
34.0,37.0,31.0,30.0,32.0,36.0,40.0,31.0,30.0,35.0,37.0,29.0,36.0,23.0,30.0,42.0,31.0,26.0,39.0,31.0,31.0,32.0,29.0,29.0,29.0,26.0,34.0,30.0,29.0,35.0,33.0,34.0,28.0,31.0,29.0,29.0,32.0,27.0,40.0,33.0,33.0,31.0,36.0,40.0,34.0,27.0,26.0,32.0,30.0,27.0
25.0,43.0,37.0,36.0,34.0,35.0,47.0,35.0,37.0,33.0,28.0,44.0,33.0,38.0,35.0,41.0,34.0,37.0,32.0,33.0,31.0,40.0,26.0,26.0,33.0,24.0,31.0,40.0,33.0,33.0,36.0,36.0,37.0,43.0,46.0,32.0,34.0,25.0,30.0,28.0,39.0,29.0,38.0,38.0,34.0,42.0,39.0,32.0,31.0,32.0
42.0,27.0,36.0,30.0,29.0,31.0,25.0,31.0,25.0,32.0,38.0,39.0,27.0,38.0,45.0,37.0,46.0,29.0,34.0,31.0,26.0,33.0,36.0,34.0,50.0,39.0,31.0,47.0,40.0,29.0,40.0,22.0,34.0,46.0,37.0,33.0,27.0,38.0,27.0,44.0,31.0,39.0,29.0,26.0,35.0,35.0,43.0,30.0,38.0,38.0
38.0,29.0,29.0,30.0,34.0,28.0,30.0,24.0,22.0,20.0,31.0,34.0,37.0,34.0,39.0,35.0,26.0,31.0,38.0,34.0,34.0,31.0,30.0,34.0,42.0,33.0,39.0,34.0,30.0,31.0,31.0,33.0,28.0,32.0,34.0,29.0,31.0,33.0,28.0,43.0,37.0,26.0,33.0,40.0,28.0,36.0,22.0,25.0,28.0,35.0
31.0,38.0,34.0,44.0,35.0,37.0,25.0,30.0,29.0,40.0,36.0,27.0,32.0,38.0,34.0,37.0,36.0,37.0,35.0,43.0,33.0,35.0,28.0,29.0,30.0,27.0,34.0,30.0,34.0,32.0,35.0,26.0,39.0,29.0,44.0,27.0,30.0,40.0,43.0,32.0,34.0,20.0,32.0,30.0,23.0,21.0,23.0,34.0,23.0,37.0
