10,50,1000
15.315427,15.528131,19.476446,18.662058,15.30672,16.230513,16.43872,17.393187,16.067848,18.726439
9.553848,5.15917,5.567627,5.017891,7.462908,7.455927,7.621163,9.701666,9.555312,8.394038
0.0,10.0,20.0,30.0,40.0,50.0,60.0,70.0,80.0,90.0
10.0,0.0,10.0,20.0,30.0,40.0,50.0,60.0,70.0,80.0
20.0,10.0,0.0,10.0,20.0,30.0,40.0,50.0,60.0,70.0
30.0,20.0,10.0,0.0,10.0,20.0,30.0,40.0,50.0,60.0
40.0,30.0,20.0,10.0,0.0,10.0,20.0,30.0,40.0,50.0
50.0,40.0,30.0,20.0,10.0,0.0,10.0,20.0,30.0,40.0
60.0,50.0,40.0,30.0,20.0,10.0,0.0,10.0,20.0,30.0
70.0,60.0,50.0,40.0,30.0,20.0,10.0,0.0,10.0,20.0
80.0,70.0,60.0,50.0,40.0,30.0,20.0,10.0,0.0,10.0
90.0,80.0,70.0,60.0,50.0,40.0,30.0,20.0,10.0,0.0
450.0,400.0,350.0,300.0,250.0,250.0,300.0,350.0,400.0,450.0
0.0,1.0,2.0,3.0,4.0,5.0,6.0,7.0,8.0,9.0
1.0,0.0,1.0,2.0,3.0,4.0,5.0,6.0,7.0,8.0
2.0,1.0,0.0,1.0,2.0,3.0,4.0,5.0,6.0,7.0
3.0,2.0,1.0,0.0,1.0,2.0,3.0,4.0,5.0,6.0
4.0,3.0,2.0,1.0,0.0,1.0,2.0,3.0,4.0,5.0
5.0,4.0,3.0,2.0,1.0,0.0,1.0,2.0,3.0,4.0
6.0,5.0,4.0,3.0,2.0,1.0,0.0,1.0,2.0,3.0
7.0,6.0,5.0,4.0,3.0,2.0,1.0,0.0,1.0,2.0
8.0,7.0,6.0,5.0,4.0,3.0,2.0,1.0,0.0,1.0
9.0,8.0,7.0,6.0,5.0,4.0,3.0,2.0,1.0,0.0
45.0,40.0,35.0,30.0,25.0,25.0,30.0,35.0,40.0,45.0
34.0,26.0,32.0,36.0,34.0,34.0,37.0,42.0,33.0,35.0,37.0,52.0,29.0,41.0,43.0,38.0,39.0,30.0,38.0,36.0,21.0,36.0,31.0,45.0,33.0,31.0,38.0,35.0,23.0,31.0,50.0,45.0,38.0,35.0,39.0,41.0,35.0,31.0,44.0,31.0,31.0,40.0,39.0,34.0,33.0,29.0,31.0,27.0,37.0,38.0
16.0,22.0,17.0,19.0,14.0,21.0,17.0,21.0,17.0,13.0,25.0,8.0,16.0,24.0,18.0,25.0,27.0,17.0,24.0,20.0,16.0,22.0,22.0,21.0,33.0,21.0,26.0,22.0,27.0,16.0,23.0,15.0,21.0,27.0,27.0,30.0,17.0,17.0,23.0,20.0,19.0,21.0,18.0,27.0,17.0,15.0,27.0,23.0,24.0,17.0
21.0,26.0,32.0,26.0,19.0,16.0,23.0,26.0,22.0,18.0,22.0,23.0,26.0,30.0,30.0,18.0,24.0,15.0,22.0,30.0,19.0,23.0,17.0,21.0,18.0,28.0,15.0,34.0,25.0,23.0,23.0,26.0,25.0,23.0,12.0,22.0,24.0,32.0,29.0,13.0,29.0,18.0,22.0,21.0,18.0,36.0,22.0,16.0,24.0,17.0
31.0,15.0,25.0,15.0,33.0,22.0,16.0,28.0,16.0,17.0,22.0,26.0,22.0,18.0,13.0,22.0,24.0,25.0,26.0,18.0,24.0,26.0,20.0,16.0,26.0,18.0,26.0,24.0,23.0,22.0,11.0,17.0,17.0,30.0,13.0,13.0,19.0,23.0,28.0,17.0,17.0,17.0,21.0,16.0,26.0,18.0,24.0,14.0,17.0,18.0
43.0,32.0,31.0,21.0,31.0,32.0,30.0,31.0,32.0,29.0,32.0,26.0,33.0,29.0,44.0,24.0,36.0,29.0,23.0,17.0,33.0,27.0,25.0,30.0,42.0,23.0,23.0,38.0,33.0,24.0,30.0,35.0,27.0,29.0,31.0,38.0,34.0,25.0,27.0,22.0,34.0,26.0,23.0,39.0,20.0,24.0,27.0,29.0,20.0,25.0
22.0,28.0,33.0,30.0,25.0,28.0,35.0,27.0,24.0,27.0,34.0,23.0,23.0,24.0,35.0,36.0,31.0,35.0,34.0,34.0,24.0,30.0,37.0,34.0,26.0,36.0,29.0,25.0,40.0,37.0,29.0,33.0,26.0,28.0,28.0,26.0,30.0,37.0,33.0,33.0,30.0,21.0,22.0,28.0,33.0,46.0,39.0,26.0,30.0,26.0
38.0,34.0,36.0,25.0,23.0,27.0,35.0,31.0,27.0,25.0,19.0,24.0,29.0,32.0,28.0,38.0,33.0,31.0,18.0,15.0,22.0,30.0,28.0,36.0,35.0,31.0,36.0,38.0,28.0,36.0,37.0,27.0,26.0,29.0,30.0,32.0,26.0,30.0,42.0,22.0,30.0,28.0,26.0,37.0,30.0,39.0,33.0,28.0,31.0,31.0
25.0,38.0,34.0,43.0,40.0,38.0,32.0,38.0,34.0,46.0,44.0,40.0,39.0,33.0,35.0,34.0,42.0,45.0,39.0,50.0,43.0,36.0,36.0,33.0,29.0,37.0,40.0,32.0,45.0,35.0,34.0,33.0,33.0,23.0,26.0,42.0,54.0,46.0,40.0,44.0,25.0,38.0,47.0,47.0,33.0,38.0,33.0,38.0,45.0,21.0
34.0,34.0,38.0,34.0,34.0,37.0,35.0,29.0,34.0,39.0,32.0,33.0,34.0,36.0,31.0,37.0,41.0,29.0,31.0,27.0,41.0,51.0,29.0,33.0,32.0,30.0,45.0,38.0,39.0,39.0,42.0,32.0,45.0,29.0,34.0,27.0,37.0,37.0,40.0,20.0,31.0,40.0,34.0,39.0,32.0,29.0,37.0,33.0,41.0,38.0
29.0,22.0,44.0,33.0,20.0,21.0,27.0,32.0,36.0,31.0,32.0,35.0,28.0,38.0,28.0,29.0,29.0,32.0,44.0,30.0,28.0,34.0,39.0,32.0,32.0,36.0,28.0,32.0,32.0,28.0,28.0,37.0,35.0,34.0,38.0,32.0,31.0,34.0,34.0,43.0,28.0,24.0,26.0,33.0,34.0,33.0,27.0,24.0,31.0,32.0
