10,50,1000
16.794097,18.603766,16.663948,15.029032,16.144449,19.905154,18.720093,16.061306,17.146387,18.57867
9.745641,8.639388,6.97679,7.508138,9.428032,6.850903,7.441374,6.185791,6.398172,8.288029
0.0,10.0,20.0,30.0,40.0,50.0,60.0,70.0,80.0,90.0
10.0,0.0,10.0,20.0,30.0,40.0,50.0,60.0,70.0,80.0
20.0,10.0,0.0,10.0,20.0,30.0,40.0,50.0,60.0,70.0
30.0,20.0,10.0,0.0,10.0,20.0,30.0,40.0,50.0,60.0
40.0,30.0,20.0,10.0,0.0,10.0,20.0,30.0,40.0,50.0
50.0,40.0,30.0,20.0,10.0,0.0,10.0,20.0,30.0,40.0
60.0,50.0,40.0,30.0,20.0,10.0,0.0,10.0,20.0,30.0
70.0,60.0,50.0,40.0,30.0,20.0,10.0,0.0,10.0,20.0
80.0,70.0,60.0,50.0,40.0,30.0,20.0,10.0,0.0,10.0
90.0,80.0,70.0,60.0,50.0,40.0,30.0,20.0,10.0,0.0
450.0,400.0,350.0,300.0,250.0,250.0,300.0,350.0,400.0,450.0
0.0,1.0,2.0,3.0,4.0,5.0,6.0,7.0,8.0,9.0
1.0,0.0,1.0,2.0,3.0,4.0,5.0,6.0,7.0,8.0
2.0,1.0,0.0,1.0,2.0,3.0,4.0,5.0,6.0,7.0
3.0,2.0,1.0,0.0,1.0,2.0,3.0,4.0,5.0,6.0
4.0,3.0,2.0,1.0,0.0,1.0,2.0,3.0,4.0,5.0
5.0,4.0,3.0,2.0,1.0,0.0,1.0,2.0,3.0,4.0
6.0,5.0,4.0,3.0,2.0,1.0,0.0,1.0,2.0,3.0
7.0,6.0,5.0,4.0,3.0,2.0,1.0,0.0,1.0,2.0
8.0,7.0,6.0,5.0,4.0,3.0,2.0,1.0,0.0,1.0
9.0,8.0,7.0,6.0,5.0,4.0,3.0,2.0,1.0,0.0
45.0,40.0,35.0,30.0,25.0,25.0,30.0,35.0,40.0,45.0
35.0,32.0,41.0,40.0,36.0,37.0,36.0,42.0,48.0,36.0,37.0,30.0,32.0,43.0,40.0,35.0,28.0,50.0,40.0,30.0,45.0,33.0,32.0,41.0,26.0,31.0,28.0,37.0,26.0,37.0,37.0,37.0,28.0,31.0,38.0,41.0,42.0,40.0,32.0,31.0,36.0,39.0,47.0,35.0,39.0,45.0,37.0,30.0,27.0,39.0
37.0,37.0,40.0,31.0,15.0,41.0,23.0,29.0,34.0,27.0,33.0,34.0,39.0,31.0,33.0,22.0,37.0,39.0,38.0,31.0,33.0,34.0,23.0,27.0,44.0,31.0,31.0,34.0,31.0,33.0,38.0,30.0,23.0,24.0,28.0,45.0,31.0,41.0,36.0,35.0,32.0,35.0,36.0,34.0,24.0,35.0,22.0,43.0,24.0,37.0
29.0,29.0,30.0,24.0,26.0,15.0,29.0,27.0,32.0,27.0,34.0,23.0,28.0,28.0,22.0,26.0,29.0,34.0,34.0,33.0,22.0,28.0,18.0,27.0,21.0,24.0,22.0,27.0,33.0,19.0,24.0,28.0,30.0,28.0,22.0,32.0,22.0,39.0,36.0,22.0,17.0,30.0,26.0,25.0,31.0,25.0,23.0,27.0,21.0,30.0
30.0,28.0,21.0,27.0,29.0,37.0,18.0,33.0,25.0,22.0,32.0,36.0,30.0,25.0,28.0,19.0,31.0,22.0,26.0,26.0,25.0,31.0,24.0,34.0,29.0,30.0,17.0,26.0,19.0,38.0,27.0,32.0,28.0,20.0,21.0,34.0,27.0,22.0,25.0,35.0,28.0,32.0,27.0,21.0,32.0,37.0,23.0,30.0,30.0,32.0
36.0,28.0,51.0,35.0,34.0,30.0,37.0,39.0,35.0,25.0,31.0,43.0,27.0,41.0,39.0,33.0,26.0,30.0,31.0,37.0,42.0,26.0,35.0,45.0,30.0,32.0,30.0,35.0,31.0,47.0,27.0,25.0,38.0,42.0,28.0,35.0,31.0,28.0,30.0,27.0,36.0,29.0,34.0,35.0,42.0,32.0,45.0,42.0,36.0,29.0
30.0,35.0,29.0,30.0,32.0,30.0,33.0,23.0,25.0,20.0,29.0,16.0,24.0,26.0,31.0,35.0,30.0,28.0,20.0,22.0,30.0,32.0,27.0,21.0,28.0,34.0,26.0,32.0,31.0,20.0,22.0,26.0,27.0,26.0,23.0,25.0,31.0,24.0,32.0,39.0,37.0,26.0,39.0,25.0,24.0,20.0,30.0,27.0,29.0,21.0
23.0,42.0,32.0,27.0,33.0,25.0,32.0,28.0,33.0,34.0,36.0,37.0,16.0,39.0,21.0,30.0,32.0,35.0,19.0,22.0,33.0,33.0,30.0,38.0,25.0,28.0,23.0,33.0,27.0,28.0,31.0,40.0,33.0,24.0,30.0,32.0,34.0,24.0,21.0,36.0,29.0,24.0,30.0,32.0,45.0,21.0,20.0,31.0,36.0,23.0
16.0,19.0,20.0,22.0,23.0,24.0,28.0,22.0,33.0,18.0,26.0,25.0,16.0,22.0,25.0,20.0,21.0,33.0,24.0,22.0,22.0,28.0,23.0,27.0,15.0,24.0,30.0,25.0,22.0,23.0,27.0,23.0,32.0,32.0,21.0,26.0,21.0,30.0,28.0,18.0,16.0,23.0,27.0,31.0,25.0,20.0,23.0,20.0,26.0,17.0
23.0,19.0,22.0,24.0,15.0,32.0,24.0,16.0,30.0,32.0,25.0,30.0,29.0,28.0,18.0,20.0,22.0,27.0,34.0,21.0,26.0,24.0,27.0,26.0,14.0,36.0,30.0,38.0,31.0,24.0,24.0,16.0,35.0,22.0,32.0,25.0,27.0,28.0,28.0,22.0,27.0,27.0,28.0,27.0,24.0,33.0,21.0,29.0,21.0,18.0
32.0,37.0,35.0,33.0,32.0,40.0,38.0,38.0,41.0,34.0,30.0,35.0,32.0,30.0,27.0,40.0,40.0,19.0,41.0,28.0,40.0,40.0,20.0,38.0,31.0,31.0,27.0,28.0,32.0,33.0,27.0,33.0,28.0,26.0,21.0,42.0,27.0,32.0,32.0,30.0,30.0,32.0,37.0,35.0,27.0,39.0,36.0,34.0,33.0,26.0
