10,50,1000
17.092866,16.183969,15.085106,19.570435,16.386528,16.156476,18.157311,17.476779,18.565021,18.09101
8.394967,8.833827,6.576328,5.415765,5.30527,6.557654,7.771003,5.198766,6.689359,5.11189
0.0,10.0,20.0,30.0,40.0,50.0,60.0,70.0,80.0,90.0
10.0,0.0,10.0,20.0,30.0,40.0,50.0,60.0,70.0,80.0
20.0,10.0,0.0,10.0,20.0,30.0,40.0,50.0,60.0,70.0
30.0,20.0,10.0,0.0,10.0,20.0,30.0,40.0,50.0,60.0
40.0,30.0,20.0,10.0,0.0,10.0,20.0,30.0,40.0,50.0
50.0,40.0,30.0,20.0,10.0,0.0,10.0,20.0,30.0,40.0
60.0,50.0,40.0,30.0,20.0,10.0,0.0,10.0,20.0,30.0
70.0,60.0,50.0,40.0,30.0,20.0,10.0,0.0,10.0,20.0
80.0,70.0,60.0,50.0,40.0,30.0,20.0,10.0,0.0,10.0
90.0,80.0,70.0,60.0,50.0,40.0,30.0,20.0,10.0,0.0
450.0,400.0,350.0,300.0,250.0,250.0,300.0,350.0,400.0,450.0
0.0,1.0,2.0,3.0,4.0,5.0,6.0,7.0,8.0,9.0
1.0,0.0,1.0,2.0,3.0,4.0,5.0,6.0,7.0,8.0
2.0,1.0,0.0,1.0,2.0,3.0,4.0,5.0,6.0,7.0
3.0,2.0,1.0,0.0,1.0,2.0,3.0,4.0,5.0,6.0
4.0,3.0,2.0,1.0,0.0,1.0,2.0,3.0,4.0,5.0
5.0,4.0,3.0,2.0,1.0,0.0,1.0,2.0,3.0,4.0
6.0,5.0,4.0,3.0,2.0,1.0,0.0,1.0,2.0,3.0
7.0,6.0,5.0,4.0,3.0,2.0,1.0,0.0,1.0,2.0
8.0,7.0,6.0,5.0,4.0,3.0,2.0,1.0,0.0,1.0
9.0,8.0,7.0,6.0,5.0,4.0,3.0,2.0,1.0,0.0
45.0,40.0,35.0,30.0,25.0,25.0,30.0,35.0,40.0,45.0
30.0,32.0,30.0,29.0,23.0,33.0,37.0,34.0,30.0,39.0,26.0,39.0,37.0,32.0,35.0,35.0,29.0,41.0,41.0,37.0,24.0,37.0,38.0,31.0,35.0,34.0,32.0,31.0,24.0,24.0,22.0,26.0,28.0,36.0,31.0,40.0,33.0,36.0,26.0,26.0,31.0,27.0,31.0,33.0,22.0,31.0,27.0,35.0,38.0,32.0
30.0,28.0,39.0,26.0,35.0,30.0,32.0,31.0,30.0,29.0,35.0,39.0,37.0,43.0,35.0,38.0,29.0,32.0,25.0,29.0,27.0,29.0,26.0,29.0,38.0,39.0,45.0,37.0,31.0,41.0,34.0,34.0,39.0,25.0,30.0,32.0,40.0,30.0,34.0,27.0,34.0,29.0,33.0,41.0,40.0,34.0,32.0,35.0,30.0,42.0
27.0,20.0,28.0,13.0,21.0,20.0,33.0,21.0,29.0,23.0,33.0,27.0,32.0,26.0,20.0,22.0,18.0,22.0,21.0,11.0,33.0,26.0,30.0,28.0,18.0,19.0,26.0,31.0,19.0,24.0,25.0,28.0,32.0,23.0,28.0,23.0,26.0,28.0,30.0,24.0,21.0,25.0,20.0,29.0,29.0,22.0,28.0,24.0,26.0,30.0
18.0,23.0,22.0,23.0,37.0,20.0,27.0,24.0,15.0,14.0,26.0,17.0,37.0,22.0,22.0,25.0,16.0,24.0,23.0,27.0,26.0,26.0,26.0,21.0,18.0,17.0,13.0,28.0,20.0,24.0,26.0,26.0,25.0,21.0,22.0,21.0,27.0,15.0,32.0,27.0,27.0,18.0,13.0,28.0,24.0,32.0,28.0,25.0,17.0,22.0
30.0,20.0,21.0,34.0,12.0,29.0,24.0,18.0,12.0,23.0,17.0,16.0,16.0,17.0,23.0,26.0,20.0,27.0,26.0,22.0,14.0,19.0,17.0,22.0,23.0,20.0,17.0,18.0,20.0,14.0,25.0,25.0,18.0,19.0,23.0,24.0,19.0,26.0,15.0,21.0,17.0,22.0,13.0,22.0,17.0,18.0,22.0,19.0,19.0,18.0
29.0,22.0,17.0,30.0,28.0,20.0,24.0,23.0,22.0,23.0,20.0,25.0,18.0,14.0,29.0,33.0,20.0,19.0,28.0,26.0,30.0,22.0,32.0,22.0,19.0,26.0,28.0,34.0,26.0,26.0,23.0,32.0,15.0,21.0,24.0,33.0,18.0,28.0,23.0,23.0,25.0,20.0,24.0,24.0,29.0,22.0,23.0,36.0,32.0,27.0
31.0,34.0,32.0,36.0,38.0,22.0,25.0,24.0,32.0,28.0,26.0,24.0,28.0,24.0,31.0,38.0,40.0,21.0,36.0,32.0,28.0,23.0,37.0,36.0,28.0,34.0,28.0,31.0,30.0,29.0,34.0,42.0,23.0,27.0,34.0,19.0,37.0,25.0,28.0,38.0,24.0,25.0,40.0,34.0,30.0,35.0,32.0,36.0,35.0,30.0
17.0,24.0,18.0,18.0,14.0,23.0,30.0,26.0,24.0,30.0,21.0,22.0,17.0,13.0,21.0,16.0,24.0,29.0,24.0,28.0,19.0,23.0,21.0,19.0,23.0,21.0,17.0,16.0,20.0,20.0,22.0,17.0,16.0,22.0,16.0,15.0,12.0,21.0,15.0,28.0,25.0,27.0,15.0,20.0,20.0,19.0,16.0,19.0,23.0,17.0
41.0,30.0,25.0,19.0,26.0,30.0,27.0,35.0,23.0,19.0,32.0,31.0,36.0,28.0,21.0,22.0,21.0,27.0,24.0,19.0,24.0,26.0,26.0,25.0,28.0,30.0,25.0,23.0,24.0,28.0,31.0,21.0,33.0,32.0,23.0,27.0,28.0,22.0,27.0,29.0,23.0,26.0,28.0,18.0,28.0,21.0,34.0,26.0,27.0,28.0
25.0,23.0,23.0,17.0,18.0,16.0,19.0,24.0,15.0,23.0,13.0,28.0,26.0,27.0,17.0,20.0,19.0,18.0,20.0,27.0,20.0,16.0,18.0,15.0,24.0,18.0,16.0,21.0,12.0,19.0,18.0,19.0,13.0,23.0,15.0,17.0,20.0,22.0,25.0,27.0,23.0,19.0,21.0,20.0,26.0,15.0,20.0,27.0,20.0,13.0
