10,50,1000
17.409761,17.341331,18.658218,16.352782,17.803487,17.670277,18.106638,16.901667,16.306392,15.367808
5.857691,5.16082,5.931197,9.465071,5.929734,8.153388,6.814288,7.192277,6.37977,6.994577
0.0,10.0,20.0,30.0,40.0,50.0,60.0,70.0,80.0,90.0
10.0,0.0,10.0,20.0,30.0,40.0,50.0,60.0,70.0,80.0
20.0,10.0,0.0,10.0,20.0,30.0,40.0,50.0,60.0,70.0
30.0,20.0,10.0,0.0,10.0,20.0,30.0,40.0,50.0,60.0
40.0,30.0,20.0,10.0,0.0,10.0,20.0,30.0,40.0,50.0
50.0,40.0,30.0,20.0,10.0,0.0,10.0,20.0,30.0,40.0
60.0,50.0,40.0,30.0,20.0,10.0,0.0,10.0,20.0,30.0
70.0,60.0,50.0,40.0,30.0,20.0,10.0,0.0,10.0,20.0
80.0,70.0,60.0,50.0,40.0,30.0,20.0,10.0,0.0,10.0
90.0,80.0,70.0,60.0,50.0,40.0,30.0,20.0,10.0,0.0
450.0,400.0,350.0,300.0,250.0,250.0,300.0,350.0,400.0,450.0
0.0,1.0,2.0,3.0,4.0,5.0,6.0,7.0,8.0,9.0
1.0,0.0,1.0,2.0,3.0,4.0,5.0,6.0,7.0,8.0
2.0,1.0,0.0,1.0,2.0,3.0,4.0,5.0,6.0,7.0
3.0,2.0,1.0,0.0,1.0,2.0,3.0,4.0,5.0,6.0
4.0,3.0,2.0,1.0,0.0,1.0,2.0,3.0,4.0,5.0
5.0,4.0,3.0,2.0,1.0,0.0,1.0,2.0,3.0,4.0
6.0,5.0,4.0,3.0,2.0,1.0,0.0,1.0,2.0,3.0
7.0,6.0,5.0,4.0,3.0,2.0,1.0,0.0,1.0,2.0
8.0,7.0,6.0,5.0,4.0,3.0,2.0,1.0,0.0,1.0
9.0,8.0,7.0,6.0,5.0,4.0,3.0,2.0,1.0,0.0
45.0,40.0,35.0,30.0,25.0,25.0,30.0,35.0,40.0,45.0
16.0,38.0,31.0,26.0,28.0,16.0,19.0,31.0,18.0,20.0,23.0,22.0,24.0,21.0,28.0,17.0,27.0,25.0,22.0,21.0,24.0,24.0,23.0,24.0,27.0,18.0,20.0,35.0,22.0,22.0,22.0,24.0,20.0,24.0,29.0,29.0,30.0,29.0,16.0,28.0,20.0,20.0,24.0,27.0,30.0,32.0,12.0,31.0,22.0,16.0
19.0,20.0,18.0,17.0,17.0,24.0,27.0,14.0,29.0,29.0,30.0,16.0,21.0,16.0,32.0,23.0,25.0,25.0,30.0,20.0,10.0,14.0,26.0,18.0,17.0,16.0,26.0,31.0,27.0,21.0,18.0,26.0,18.0,26.0,22.0,19.0,22.0,17.0,22.0,17.0,20.0,18.0,15.0,21.0,25.0,19.0,15.0,23.0,22.0,19.0
26.0,20.0,16.0,20.0,18.0,25.0,27.0,18.0,21.0,25.0,24.0,25.0,20.0,21.0,31.0,25.0,18.0,28.0,28.0,26.0,23.0,20.0,32.0,34.0,18.0,20.0,23.0,19.0,26.0,22.0,26.0,14.0,18.0,25.0,25.0,30.0,25.0,29.0,27.0,25.0,37.0,17.0,32.0,25.0,25.0,19.0,24.0,18.0,21.0,25.0
44.0,32.0,41.0,37.0,36.0,37.0,34.0,40.0,34.0,41.0,26.0,40.0,46.0,41.0,35.0,24.0,29.0,35.0,41.0,31.0,27.0,40.0,31.0,34.0,41.0,41.0,39.0,43.0,42.0,28.0,29.0,31.0,31.0,35.0,27.0,33.0,38.0,34.0,31.0,36.0,30.0,37.0,29.0,39.0,29.0,42.0,37.0,26.0,34.0,33.0
27.0,24.0,27.0,39.0,24.0,27.0,22.0,28.0,28.0,25.0,17.0,30.0,23.0,26.0,20.0,23.0,19.0,35.0,22.0,25.0,36.0,32.0,30.0,26.0,23.0,19.0,24.0,22.0,21.0,28.0,23.0,23.0,26.0,31.0,23.0,19.0,19.0,27.0,22.0,26.0,21.0,27.0,22.0,29.0,20.0,14.0,25.0,27.0,20.0,22.0
27.0,26.0,37.0,23.0,32.0,32.0,29.0,40.0,30.0,34.0,36.0,25.0,47.0,34.0,28.0,43.0,19.0,37.0,42.0,28.0,23.0,24.0,24.0,23.0,32.0,19.0,30.0,22.0,29.0,25.0,27.0,30.0,35.0,20.0,38.0,41.0,37.0,32.0,26.0,33.0,38.0,54.0,30.0,40.0,28.0,27.0,36.0,34.0,27.0,37.0
24.0,33.0,32.0,18.0,43.0,22.0,24.0,23.0,29.0,25.0,26.0,23.0,35.0,26.0,22.0,32.0,24.0,28.0,25.0,31.0,31.0,30.0,28.0,25.0,28.0,23.0,33.0,22.0,29.0,36.0,39.0,20.0,29.0,43.0,28.0,25.0,26.0,28.0,20.0,30.0,20.0,27.0,37.0,31.0,34.0,29.0,24.0,24.0,26.0,27.0
32.0,28.0,28.0,32.0,49.0,36.0,44.0,27.0,26.0,28.0,34.0,26.0,25.0,27.0,28.0,26.0,22.0,32.0,31.0,25.0,27.0,17.0,31.0,20.0,23.0,31.0,31.0,27.0,23.0,21.0,18.0,33.0,32.0,31.0,34.0,20.0,33.0,26.0,34.0,27.0,26.0,24.0,30.0,25.0,36.0,34.0,22.0,19.0,25.0,24.0
17.0,25.0,22.0,15.0,40.0,26.0,24.0,22.0,15.0,20.0,34.0,27.0,36.0,18.0,30.0,31.0,21.0,25.0,14.0,20.0,27.0,22.0,18.0,23.0,25.0,27.0,27.0,17.0,30.0,21.0,25.0,28.0,26.0,26.0,23.0,28.0,24.0,22.0,24.0,16.0,27.0,30.0,25.0,22.0,23.0,33.0,22.0,21.0,27.0,27.0
36.0,29.0,29.0,23.0,24.0,25.0,36.0,26.0,28.0,30.0,24.0,23.0,36.0,20.0,28.0,30.0,32.0,27.0,26.0,21.0,28.0,27.0,38.0,32.0,27.0,23.0,32.0,34.0,24.0,16.0,29.0,27.0,33.0,24.0,31.0,34.0,34.0,30.0,27.0,28.0,24.0,27.0,35.0,27.0,38.0,19.0,22.0,18.0,28.0,28.0
