10,50,1000
16.640405,15.154957,16.799529,19.48131,15.938732,15.047166,17.159347,16.775602,17.67823,19.420908
7.011793,8.673228,9.1917,6.523912,8.169136,9.007202,9.760519,6.346931,9.815535,6.667974
0.0,10.0,20.0,30.0,40.0,50.0,60.0,70.0,80.0,90.0
10.0,0.0,10.0,20.0,30.0,40.0,50.0,60.0,70.0,80.0
20.0,10.0,0.0,10.0,20.0,30.0,40.0,50.0,60.0,70.0
30.0,20.0,10.0,0.0,10.0,20.0,30.0,40.0,50.0,60.0
40.0,30.0,20.0,10.0,0.0,10.0,20.0,30.0,40.0,50.0
50.0,40.0,30.0,20.0,10.0,0.0,10.0,20.0,30.0,40.0
60.0,50.0,40.0,30.0,20.0,10.0,0.0,10.0,20.0,30.0
70.0,60.0,50.0,40.0,30.0,20.0,10.0,0.0,10.0,20.0
80.0,70.0,60.0,50.0,40.0,30.0,20.0,10.0,0.0,10.0
90.0,80.0,70.0,60.0,50.0,40.0,30.0,20.0,10.0,0.0
450.0,400.0,350.0,300.0,250.0,250.0,300.0,350.0,400.0,450.0
0.0,1.0,2.0,3.0,4.0,5.0,6.0,7.0,8.0,9.0
1.0,0.0,1.0,2.0,3.0,4.0,5.0,6.0,7.0,8.0
2.0,1.0,0.0,1.0,2.0,3.0,4.0,5.0,6.0,7.0
3.0,2.0,1.0,0.0,1.0,2.0,3.0,4.0,5.0,6.0
4.0,3.0,2.0,1.0,0.0,1.0,2.0,3.0,4.0,5.0
5.0,4.0,3.0,2.0,1.0,0.0,1.0,2.0,3.0,4.0
6.0,5.0,4.0,3.0,2.0,1.0,0.0,1.0,2.0,3.0
7.0,6.0,5.0,4.0,3.0,2.0,1.0,0.0,1.0,2.0
8.0,7.0,6.0,5.0,4.0,3.0,2.0,1.0,0.0,1.0
9.0,8.0,7.0,6.0,5.0,4.0,3.0,2.0,1.0,0.0
45.0,40.0,35.0,30.0,25.0,25.0,30.0,35.0,40.0,45.0
30.0,27.0,24.0,28.0,30.0,36.0,30.0,30.0,30.0,33.0,20.0,34.0,34.0,21.0,24.0,35.0,22.0,22.0,27.0,27.0,20.0,24.0,25.0,34.0,30.0,24.0,19.0,21.0,18.0,25.0,26.0,28.0,18.0,28.0,29.0,26.0,21.0,22.0,36.0,26.0,23.0,29.0,29.0,31.0,22.0,22.0,24.0,19.0,30.0,18.0
44.0,44.0,34.0,40.0,35.0,33.0,28.0,33.0,25.0,28.0,34.0,31.0,29.0,23.0,31.0,36.0,40.0,32.0,32.0,38.0,30.0,41.0,29.0,36.0,31.0,37.0,34.0,24.0,36.0,33.0,37.0,31.0,29.0,25.0,37.0,32.0,23.0,23.0,29.0,28.0,28.0,37.0,33.0,27.0,32.0,35.0,37.0,32.0,30.0,34.0
30.0,27.0,33.0,36.0,36.0,44.0,29.0,33.0,37.0,38.0,41.0,32.0,43.0,35.0,34.0,40.0,34.0,37.0,35.0,34.0,44.0,37.0,38.0,28.0,32.0,26.0,32.0,35.0,36.0,36.0,35.0,37.0,34.0,18.0,35.0,34.0,32.0,37.0,32.0,48.0,33.0,32.0,29.0,34.0,36.0,25.0,33.0,32.0,27.0,49.0
27.0,22.0,28.0,20.0,30.0,25.0,26.0,30.0,29.0,33.0,25.0,31.0,31.0,28.0,27.0,29.0,36.0,24.0,30.0,25.0,28.0,27.0,27.0,30.0,28.0,27.0,29.0,28.0,18.0,15.0,28.0,16.0,17.0,24.0,21.0,32.0,36.0,25.0,22.0,25.0,14.0,26.0,16.0,23.0,28.0,23.0,24.0,24.0,23.0,16.0
39.0,31.0,21.0,38.0,28.0,33.0,27.0,35.0,36.0,32.0,33.0,31.0,37.0,26.0,32.0,28.0,24.0,43.0,27.0,25.0,35.0,35.0,32.0,38.0,26.0,30.0,41.0,31.0,23.0,21.0,26.0,24.0,31.0,37.0,33.0,29.0,35.0,17.0,21.0,24.0,31.0,33.0,26.0,29.0,40.0,40.0,36.0,29.0,32.0,14.0
31.0,42.0,37.0,33.0,37.0,39.0,45.0,27.0,37.0,30.0,29.0,33.0,27.0,40.0,22.0,44.0,26.0,32.0,32.0,33.0,33.0,31.0,35.0,36.0,30.0,38.0,28.0,30.0,37.0,39.0,37.0,37.0,40.0,23.0,40.0,42.0,32.0,35.0,41.0,37.0,30.0,38.0,29.0,40.0,34.0,30.0,30.0,28.0,36.0,39.0
35.0,45.0,41.0,38.0,36.0,37.0,41.0,35.0,28.0,33.0,31.0,37.0,32.0,26.0,29.0,34.0,43.0,36.0,27.0,31.0,40.0,33.0,44.0,31.0,40.0,40.0,47.0,34.0,43.0,36.0,35.0,34.0,49.0,30.0,42.0,31.0,48.0,34.0,28.0,34.0,31.0,42.0,38.0,36.0,32.0,38.0,42.0,33.0,39.0,39.0
31.0,27.0,18.0,21.0,23.0,22.0,17.0,29.0,24.0,27.0,29.0,30.0,26.0,21.0,19.0,33.0,22.0,22.0,24.0,30.0,19.0,22.0,22.0,25.0,23.0,24.0,35.0,30.0,20.0,24.0,23.0,27.0,24.0,25.0,24.0,18.0,28.0,24.0,33.0,23.0,29.0,28.0,29.0,19.0,21.0,28.0,28.0,25.0,25.0,20.0
29.0,37.0,37.0,31.0,32.0,42.0,37.0,43.0,44.0,38.0,37.0,54.0,37.0,34.0,43.0,38.0,46.0,35.0,42.0,42.0,43.0,39.0,38.0,36.0,45.0,38.0,29.0,32.0,34.0,45.0,40.0,33.0,40.0,41.0,39.0,49.0,35.0,38.0,47.0,29.0,26.0,29.0,34.0,33.0,52.0,40.0,35.0,31.0,44.0,32.0
29.0,25.0,29.0,26.0,30.0,28.0,25.0,22.0,25.0,26.0,30.0,23.0,29.0,33.0,18.0,29.0,30.0,32.0,26.0,23.0,16.0,36.0,27.0,19.0,23.0,24.0,27.0,30.0,33.0,22.0,26.0,27.0,26.0,20.0,29.0,35.0,30.0,26.0,26.0,19.0,24.0,27.0,25.0,32.0,24.0,25.0,26.0,32.0,27.0,24.0
