10,50,1000
16.450612,15.762871,16.430773,19.420875,15.436254,15.949485,19.79153,17.134523,17.007939,15.440003
9.557128,7.059476,5.523186,7.266563,7.728616,9.981695,8.665997,9.882895,5.16721,5.237573
0.0,10.0,20.0,30.0,40.0,50.0,60.0,70.0,80.0,90.0
10.0,0.0,10.0,20.0,30.0,40.0,50.0,60.0,70.0,80.0
20.0,10.0,0.0,10.0,20.0,30.0,40.0,50.0,60.0,70.0
30.0,20.0,10.0,0.0,10.0,20.0,30.0,40.0,50.0,60.0
40.0,30.0,20.0,10.0,0.0,10.0,20.0,30.0,40.0,50.0
50.0,40.0,30.0,20.0,10.0,0.0,10.0,20.0,30.0,40.0
60.0,50.0,40.0,30.0,20.0,10.0,0.0,10.0,20.0,30.0
70.0,60.0,50.0,40.0,30.0,20.0,10.0,0.0,10.0,20.0
80.0,70.0,60.0,50.0,40.0,30.0,20.0,10.0,0.0,10.0
90.0,80.0,70.0,60.0,50.0,40.0,30.0,20.0,10.0,0.0
450.0,400.0,350.0,300.0,250.0,250.0,300.0,350.0,400.0,450.0
0.0,1.0,2.0,3.0,4.0,5.0,6.0,7.0,8.0,9.0
1.0,0.0,1.0,2.0,3.0,4.0,5.0,6.0,7.0,8.0
2.0,1.0,0.0,1.0,2.0,3.0,4.0,5.0,6.0,7.0
3.0,2.0,1.0,0.0,1.0,2.0,3.0,4.0,5.0,6.0
4.0,3.0,2.0,1.0,0.0,1.0,2.0,3.0,4.0,5.0
5.0,4.0,3.0,2.0,1.0,0.0,1.0,2.0,3.0,4.0
6.0,5.0,4.0,3.0,2.0,1.0,0.0,1.0,2.0,3.0
7.0,6.0,5.0,4.0,3.0,2.0,1.0,0.0,1.0,2.0
8.0,7.0,6.0,5.0,4.0,3.0,2.0,1.0,0.0,1.0
9.0,8.0,7.0,6.0,5.0,4.0,3.0,2.0,1.0,0.0
45.0,40.0,35.0,30.0,25.0,25.0,30.0,35.0,40.0,45.0
23.0,29.0,38.0,42.0,40.0,32.0,45.0,35.0,32.0,48.0,35.0,37.0,41.0,37.0,44.0,35.0,32.0,40.0,39.0,33.0,26.0,32.0,26.0,27.0,43.0,39.0,31.0,37.0,47.0,34.0,27.0,30.0,47.0,32.0,38.0,44.0,32.0,26.0,32.0,31.0,29.0,31.0,31.0,29.0,40.0,31.0,36.0,31.0,34.0,23.0
29.0,27.0,22.0,33.0,30.0,21.0,29.0,24.0,25.0,16.0,40.0,32.0,27.0,31.0,28.0,32.0,29.0,18.0,26.0,23.0,18.0,37.0,32.0,21.0,26.0,31.0,24.0,27.0,30.0,31.0,30.0,23.0,32.0,28.0,27.0,22.0,28.0,29.0,26.0,25.0,26.0,38.0,18.0,23.0,38.0,16.0,25.0,28.0,25.0,35.0
31.0,25.0,30.0,15.0,20.0,19.0,16.0,27.0,27.0,25.0,19.0,28.0,23.0,17.0,25.0,20.0,27.0,20.0,14.0,20.0,16.0,28.0,19.0,20.0,23.0,28.0,24.0,24.0,32.0,31.0,25.0,19.0,16.0,30.0,24.0,21.0,12.0,17.0,16.0,24.0,28.0,17.0,17.0,30.0,27.0,21.0,21.0,25.0,23.0,22.0
25.0,18.0,29.0,22.0,31.0,23.0,32.0,31.0,30.0,36.0,33.0,32.0,21.0,32.0,20.0,19.0,27.0,17.0,31.0,30.0,29.0,33.0,33.0,32.0,26.0,30.0,37.0,34.0,26.0,29.0,28.0,29.0,27.0,36.0,32.0,34.0,28.0,23.0,26.0,28.0,28.0,27.0,29.0,31.0,25.0,24.0,36.0,29.0,28.0,31.0
30.0,29.0,22.0,26.0,27.0,34.0,28.0,33.0,36.0,34.0,36.0,32.0,32.0,23.0,22.0,29.0,31.0,25.0,27.0,31.0,25.0,26.0,26.0,20.0,27.0,29.0,27.0,42.0,33.0,32.0,22.0,32.0,34.0,28.0,25.0,32.0,29.0,34.0,31.0,28.0,28.0,31.0,33.0,29.0,31.0,33.0,20.0,20.0,27.0,35.0
41.0,35.0,39.0,38.0,39.0,44.0,33.0,28.0,26.0,28.0,30.0,31.0,33.0,43.0,41.0,41.0,29.0,37.0,26.0,30.0,39.0,37.0,35.0,39.0,31.0,40.0,35.0,46.0,48.0,43.0,34.0,37.0,29.0,35.0,30.0,36.0,37.0,21.0,24.0,33.0,45.0,33.0,26.0,33.0,46.0,37.0,49.0,38.0,34.0,37.0
41.0,41.0,29.0,30.0,30.0,33.0,41.0,34.0,34.0,29.0,34.0,34.0,31.0,39.0,41.0,31.0,23.0,35.0,26.0,26.0,33.0,33.0,39.0,33.0,30.0,22.0,37.0,37.0,26.0,35.0,33.0,41.0,23.0,30.0,38.0,36.0,32.0,37.0,32.0,27.0,30.0,34.0,36.0,34.0,37.0,27.0,22.0,22.0,26.0,29.0
31.0,31.0,33.0,42.0,31.0,39.0,36.0,28.0,32.0,43.0,39.0,31.0,37.0,34.0,36.0,34.0,28.0,40.0,43.0,30.0,43.0,40.0,40.0,34.0,35.0,33.0,33.0,33.0,50.0,40.0,41.0,38.0,33.0,39.0,32.0,38.0,36.0,27.0,48.0,32.0,26.0,41.0,34.0,42.0,26.0,40.0,47.0,42.0,41.0,33.0
19.0,21.0,18.0,12.0,23.0,26.0,16.0,19.0,26.0,9.0,17.0,26.0,19.0,25.0,21.0,17.0,20.0,17.0,28.0,27.0,22.0,23.0,26.0,17.0,18.0,25.0,22.0,20.0,21.0,28.0,26.0,29.0,19.0,21.0,23.0,25.0,23.0,18.0,27.0,26.0,16.0,19.0,26.0,18.0,31.0,23.0,15.0,21.0,25.0,21.0
25.0,21.0,15.0,28.0,28.0,20.0,31.0,14.0,16.0,16.0,18.0,23.0,28.0,15.0,25.0,21.0,18.0,21.0,23.0,22.0,28.0,21.0,26.0,12.0,20.0,20.0,21.0,21.0,21.0,20.0,23.0,26.0,25.0,25.0,17.0,22.0,15.0,20.0,21.0,25.0,24.0,15.0,18.0,23.0,24.0,19.0,19.0,17.0,16.0,20.0
