10,50,1000
18.329291,17.052468,17.83161,17.206135,18.958058,19.575365,16.937628,16.18809,18.839863,18.333258
7.770297,6.416644,6.464775,5.996095,8.918878,8.744182,9.79592,5.68534,6.312438,9.615501
0.0,10.0,20.0,30.0,40.0,50.0,60.0,70.0,80.0,90.0
10.0,0.0,10.0,20.0,30.0,40.0,50.0,60.0,70.0,80.0
20.0,10.0,0.0,10.0,20.0,30.0,40.0,50.0,60.0,70.0
30.0,20.0,10.0,0.0,10.0,20.0,30.0,40.0,50.0,60.0
40.0,30.0,20.0,10.0,0.0,10.0,20.0,30.0,40.0,50.0
50.0,40.0,30.0,20.0,10.0,0.0,10.0,20.0,30.0,40.0
60.0,50.0,40.0,30.0,20.0,10.0,0.0,10.0,20.0,30.0
70.0,60.0,50.0,40.0,30.0,20.0,10.0,0.0,10.0,20.0
80.0,70.0,60.0,50.0,40.0,30.0,20.0,10.0,0.0,10.0
90.0,80.0,70.0,60.0,50.0,40.0,30.0,20.0,10.0,0.0
450.0,400.0,350.0,300.0,250.0,250.0,300.0,350.0,400.0,450.0
0.0,1.0,2.0,3.0,4.0,5.0,6.0,7.0,8.0,9.0
1.0,0.0,1.0,2.0,3.0,4.0,5.0,6.0,7.0,8.0
2.0,1.0,0.0,1.0,2.0,3.0,4.0,5.0,6.0,7.0
3.0,2.0,1.0,0.0,1.0,2.0,3.0,4.0,5.0,6.0
4.0,3.0,2.0,1.0,0.0,1.0,2.0,3.0,4.0,5.0
5.0,4.0,3.0,2.0,1.0,0.0,1.0,2.0,3.0,4.0
6.0,5.0,4.0,3.0,2.0,1.0,0.0,1.0,2.0,3.0
7.0,6.0,5.0,4.0,3.0,2.0,1.0,0.0,1.0,2.0
8.0,7.0,6.0,5.0,4.0,3.0,2.0,1.0,0.0,1.0
9.0,8.0,7.0,6.0,5.0,4.0,3.0,2.0,1.0,0.0
45.0,40.0,35.0,30.0,25.0,25.0,30.0,35.0,40.0,45.0
34.0,29.0,33.0,26.0,30.0,25.0,39.0,28.0,26.0,22.0,19.0,37.0,44.0,25.0,25.0,28.0,34.0,33.0,34.0,27.0,31.0,28.0,22.0,27.0,28.0,37.0,26.0,24.0,38.0,32.0,38.0,27.0,40.0,38.0,30.0,22.0,30.0,27.0,27.0,28.0,21.0,32.0,29.0,37.0,25.0,29.0,32.0,27.0,29.0,28.0
17.0,31.0,25.0,27.0,31.0,32.0,27.0,29.0,28.0,23.0,27.0,25.0,22.0,16.0,27.0,27.0,23.0,27.0,19.0,26.0,20.0,16.0,24.0,23.0,22.0,25.0,29.0,33.0,23.0,23.0,26.0,25.0,21.0,31.0,29.0,30.0,21.0,32.0,27.0,26.0,20.0,33.0,31.0,19.0,26.0,26.0,31.0,24.0,26.0,23.0
17.0,20.0,24.0,28.0,26.0,29.0,29.0,24.0,26.0,19.0,18.0,24.0,31.0,24.0,26.0,23.0,23.0,29.0,24.0,30.0,23.0,27.0,24.0,24.0,29.0,29.0,23.0,24.0,24.0,28.0,24.0,24.0,27.0,31.0,28.0,28.0,25.0,30.0,31.0,21.0,23.0,28.0,32.0,22.0,33.0,27.0,24.0,27.0,36.0,29.0
21.0,23.0,31.0,21.0,17.0,23.0,25.0,22.0,37.0,29.0,28.0,24.0,32.0,28.0,20.0,15.0,29.0,27.0,20.0,24.0,18.0,24.0,21.0,34.0,33.0,28.0,32.0,26.0,20.0,29.0,21.0,23.0,24.0,28.0,24.0,32.0,24.0,31.0,18.0,15.0,23.0,27.0,32.0,19.0,15.0,19.0,30.0,27.0,26.0,26.0
43.0,40.0,27.0,32.0,32.0,42.0,35.0,38.0,34.0,30.0,31.0,27.0,29.0,23.0,38.0,34.0,31.0,38.0,39.0,28.0,33.0,36.0,33.0,39.0,42.0,29.0,34.0,42.0,31.0,33.0,31.0,29.0,35.0,38.0,39.0,36.0,35.0,36.0,37.0,32.0,25.0,41.0,32.0,24.0,39.0,33.0,31.0,31.0,32.0,29.0
33.0,38.0,34.0,30.0,33.0,34.0,31.0,28.0,32.0,30.0,38.0,33.0,38.0,26.0,39.0,37.0,32.0,23.0,32.0,31.0,27.0,27.0,22.0,37.0,32.0,32.0,39.0,32.0,30.0,34.0,37.0,32.0,23.0,30.0,43.0,41.0,33.0,20.0,30.0,31.0,22.0,34.0,37.0,34.0,32.0,28.0,30.0,32.0,37.0,34.0
32.0,39.0,40.0,37.0,37.0,20.0,36.0,19.0,42.0,30.0,35.0,43.0,43.0,39.0,39.0,41.0,26.0,28.0,43.0,29.0,43.0,34.0,38.0,27.0,42.0,46.0,29.0,32.0,36.0,41.0,38.0,27.0,44.0,27.0,36.0,32.0,41.0,35.0,48.0,57.0,33.0,28.0,34.0,29.0,35.0,26.0,34.0,42.0,37.0,33.0
19.0,29.0,24.0,21.0,19.0,21.0,15.0,15.0,19.0,25.0,11.0,18.0,15.0,29.0,25.0,17.0,20.0,18.0,25.0,28.0,27.0,23.0,21.0,22.0,21.0,22.0,19.0,24.0,33.0,26.0,25.0,21.0,29.0,22.0,20.0,25.0,15.0,15.0,13.0,17.0,23.0,25.0,22.0,27.0,23.0,12.0,23.0,30.0,13.0,24.0
25.0,18.0,25.0,24.0,21.0,30.0,28.0,17.0,29.0,23.0,22.0,23.0,26.0,26.0,24.0,25.0,20.0,26.0,28.0,21.0,27.0,27.0,23.0,18.0,17.0,30.0,21.0,17.0,23.0,32.0,22.0,22.0,16.0,20.0,29.0,27.0,31.0,32.0,24.0,27.0,16.0,21.0,21.0,29.0,17.0,27.0,30.0,26.0,32.0,28.0
35.0,39.0,45.0,40.0,35.0,41.0,38.0,36.0,30.0,40.0,44.0,41.0,30.0,34.0,34.0,35.0,33.0,38.0,39.0,40.0,33.0,28.0,32.0,20.0,32.0,29.0,30.0,23.0,24.0,38.0,31.0,48.0,31.0,41.0,28.0,33.0,40.0,29.0,33.0,44.0,35.0,22.0,28.0,40.0,54.0,33.0,31.0,39.0,35.0,40.0
