10,50,1000
18.044903,18.890561,15.586498,16.397482,16.992129,15.4779,18.405132,18.295291,16.516045,15.290727
8.468497,7.297899,9.514721,6.365943,9.481317,9.18928,7.409544,7.683295,7.751694,9.340102
0.0,10.0,20.0,30.0,40.0,50.0,60.0,70.0,80.0,90.0
10.0,0.0,10.0,20.0,30.0,40.0,50.0,60.0,70.0,80.0
20.0,10.0,0.0,10.0,20.0,30.0,40.0,50.0,60.0,70.0
30.0,20.0,10.0,0.0,10.0,20.0,30.0,40.0,50.0,60.0
40.0,30.0,20.0,10.0,0.0,10.0,20.0,30.0,40.0,50.0
50.0,40.0,30.0,20.0,10.0,0.0,10.0,20.0,30.0,40.0
60.0,50.0,40.0,30.0,20.0,10.0,0.0,10.0,20.0,30.0
70.0,60.0,50.0,40.0,30.0,20.0,10.0,0.0,10.0,20.0
80.0,70.0,60.0,50.0,40.0,30.0,20.0,10.0,0.0,10.0
90.0,80.0,70.0,60.0,50.0,40.0,30.0,20.0,10.0,0.0
450.0,400.0,350.0,300.0,250.0,250.0,300.0,350.0,400.0,450.0
0.0,1.0,2.0,3.0,4.0,5.0,6.0,7.0,8.0,9.0
1.0,0.0,1.0,2.0,3.0,4.0,5.0,6.0,7.0,8.0
2.0,1.0,0.0,1.0,2.0,3.0,4.0,5.0,6.0,7.0
3.0,2.0,1.0,0.0,1.0,2.0,3.0,4.0,5.0,6.0
4.0,3.0,2.0,1.0,0.0,1.0,2.0,3.0,4.0,5.0
5.0,4.0,3.0,2.0,1.0,0.0,1.0,2.0,3.0,4.0
6.0,5.0,4.0,3.0,2.0,1.0,0.0,1.0,2.0,3.0
7.0,6.0,5.0,4.0,3.0,2.0,1.0,0.0,1.0,2.0
8.0,7.0,6.0,5.0,4.0,3.0,2.0,1.0,0.0,1.0
9.0,8.0,7.0,6.0,5.0,4.0,3.0,2.0,1.0,0.0
45.0,40.0,35.0,30.0,25.0,25.0,30.0,35.0,40.0,45.0
26.0,30.0,31.0,46.0,32.0,23.0,28.0,27.0,36.0,26.0,36.0,30.0,33.0,44.0,35.0,34.0,42.0,26.0,33.0,28.0,29.0,33.0,33.0,28.0,30.0,40.0,38.0,41.0,23.0,33.0,33.0,28.0,23.0,43.0,25.0,30.0,29.0,34.0,39.0,32.0,33.0,19.0,20.0,34.0,28.0,26.0,32.0,41.0,21.0,23.0
35.0,29.0,37.0,24.0,30.0,31.0,37.0,34.0,29.0,31.0,25.0,25.0,22.0,36.0,31.0,32.0,20.0,27.0,32.0,39.0,29.0,18.0,37.0,26.0,36.0,29.0,28.0,34.0,30.0,29.0,23.0,29.0,27.0,25.0,33.0,11.0,27.0,23.0,24.0,28.0,16.0,26.0,35.0,38.0,32.0,26.0,25.0,18.0,25.0,31.0
34.0,40.0,25.0,29.0,34.0,30.0,38.0,27.0,38.0,29.0,43.0,31.0,29.0,36.0,40.0,37.0,29.0,30.0,40.0,38.0,33.0,30.0,37.0,32.0,49.0,47.0,41.0,35.0,43.0,22.0,44.0,35.0,40.0,50.0,37.0,43.0,43.0,46.0,29.0,33.0,33.0,52.0,38.0,35.0,32.0,34.0,37.0,26.0,26.0,26.0
25.0,26.0,25.0,28.0,27.0,27.0,25.0,24.0,23.0,18.0,34.0,27.0,23.0,34.0,27.0,25.0,22.0,21.0,28.0,24.0,26.0,24.0,24.0,26.0,21.0,20.0,27.0,19.0,17.0,23.0,29.0,34.0,29.0,26.0,21.0,22.0,28.0,19.0,25.0,28.0,24.0,33.0,27.0,27.0,24.0,31.0,25.0,32.0,29.0,27.0
47.0,43.0,31.0,31.0,41.0,33.0,29.0,28.0,38.0,34.0,37.0,33.0,36.0,38.0,40.0,40.0,34.0,39.0,30.0,34.0,42.0,34.0,37.0,33.0,42.0,39.0,36.0,35.0,32.0,35.0,33.0,26.0,38.0,29.0,36.0,32.0,51.0,36.0,35.0,39.0,39.0,20.0,37.0,32.0,26.0,24.0,26.0,31.0,33.0,40.0
25.0,33.0,34.0,39.0,27.0,33.0,38.0,40.0,45.0,44.0,28.0,34.0,39.0,36.0,36.0,32.0,28.0,34.0,31.0,31.0,31.0,31.0,41.0,35.0,29.0,40.0,35.0,23.0,35.0,31.0,37.0,30.0,28.0,35.0,31.0,28.0,41.0,35.0,40.0,28.0,27.0,32.0,26.0,36.0,35.0,34.0,44.0,40.0,30.0,31.0
22.0,26.0,28.0,20.0,28.0,29.0,30.0,29.0,29.0,28.0,28.0,32.0,22.0,23.0,26.0,34.0,19.0,28.0,30.0,34.0,36.0,32.0,31.0,34.0,29.0,31.0,31.0,36.0,29.0,31.0,35.0,20.0,28.0,35.0,39.0,27.0,26.0,35.0,31.0,25.0,25.0,28.0,24.0,29.0,46.0,30.0,32.0,17.0,25.0,32.0
30.0,39.0,35.0,33.0,26.0,24.0,33.0,41.0,28.0,39.0,40.0,35.0,26.0,40.0,29.0,27.0,31.0,28.0,32.0,35.0,29.0,31.0,31.0,22.0,25.0,39.0,39.0,25.0,43.0,31.0,27.0,35.0,35.0,25.0,25.0,22.0,35.0,27.0,34.0,37.0,24.0,27.0,21.0,25.0,27.0,30.0,41.0,30.0,35.0,37.0
22.0,30.0,15.0,26.0,27.0,32.0,31.0,22.0,32.0,30.0,30.0,34.0,31.0,30.0,29.0,33.0,35.0,34.0,35.0,32.0,34.0,34.0,35.0,23.0,24.0,32.0,19.0,30.0,31.0,30.0,29.0,28.0,33.0,26.0,32.0,30.0,25.0,31.0,32.0,27.0,30.0,24.0,31.0,24.0,34.0,32.0,39.0,33.0,34.0,19.0
26.0,33.0,34.0,32.0,32.0,30.0,30.0,37.0,43.0,33.0,42.0,30.0,35.0,27.0,30.0,38.0,34.0,30.0,37.0,38.0,40.0,34.0,43.0,30.0,39.0,42.0,34.0,36.0,34.0,39.0,38.0,33.0,31.0,23.0,32.0,37.0,43.0,28.0,37.0,32.0,48.0,34.0,33.0,31.0,41.0,35.0,38.0,38.0,34.0,37.0
