10,50,1000
17.799567,18.804533,18.982974,16.209981,16.15494,18.032042,18.254713,19.47856,19.599498,17.084343
5.3028,6.908899,5.141644,8.603676,5.428653,6.428288,9.010082,5.900518,6.44302,8.32943
0.0,10.0,20.0,30.0,40.0,50.0,60.0,70.0,80.0,90.0
10.0,0.0,10.0,20.0,30.0,40.0,50.0,60.0,70.0,80.0
20.0,10.0,0.0,10.0,20.0,30.0,40.0,50.0,60.0,70.0
30.0,20.0,10.0,0.0,10.0,20.0,30.0,40.0,50.0,60.0
40.0,30.0,20.0,10.0,0.0,10.0,20.0,30.0,40.0,50.0
50.0,40.0,30.0,20.0,10.0,0.0,10.0,20.0,30.0,40.0
60.0,50.0,40.0,30.0,20.0,10.0,0.0,10.0,20.0,30.0
70.0,60.0,50.0,40.0,30.0,20.0,10.0,0.0,10.0,20.0
80.0,70.0,60.0,50.0,40.0,30.0,20.0,10.0,0.0,10.0
90.0,80.0,70.0,60.0,50.0,40.0,30.0,20.0,10.0,0.0
450.0,400.0,350.0,300.0,250.0,250.0,300.0,350.0,400.0,450.0
0.0,1.0,2.0,3.0,4.0,5.0,6.0,7.0,8.0,9.0
1.0,0.0,1.0,2.0,3.0,4.0,5.0,6.0,7.0,8.0
2.0,1.0,0.0,1.0,2.0,3.0,4.0,5.0,6.0,7.0
3.0,2.0,1.0,0.0,1.0,2.0,3.0,4.0,5.0,6.0
4.0,3.0,2.0,1.0,0.0,1.0,2.0,3.0,4.0,5.0
5.0,4.0,3.0,2.0,1.0,0.0,1.0,2.0,3.0,4.0
6.0,5.0,4.0,3.0,2.0,1.0,0.0,1.0,2.0,3.0
7.0,6.0,5.0,4.0,3.0,2.0,1.0,0.0,1.0,2.0
8.0,7.0,6.0,5.0,4.0,3.0,2.0,1.0,0.0,1.0
9.0,8.0,7.0,6.0,5.0,4.0,3.0,2.0,1.0,0.0
45.0,40.0,35.0,30.0,25.0,25.0,30.0,35.0,40.0,45.0
24.0,18.0,18.0,18.0,25.0,22.0,21.0,16.0,22.0,22.0,17.0,22.0,25.0,32.0,24.0,21.0,24.0,20.0,30.0,24.0,14.0,19.0,32.0,14.0,28.0,19.0,16.0,18.0,17.0,29.0,17.0,24.0,22.0,24.0,26.0,18.0,17.0,24.0,22.0,17.0,24.0,21.0,33.0,22.0,27.0,22.0,22.0,22.0,30.0,26.0
29.0,30.0,34.0,21.0,23.0,38.0,27.0,22.0,31.0,35.0,37.0,32.0,31.0,29.0,23.0,29.0,33.0,26.0,24.0,28.0,24.0,24.0,35.0,22.0,24.0,26.0,30.0,26.0,25.0,33.0,26.0,31.0,28.0,30.0,26.0,20.0,33.0,18.0,27.0,20.0,22.0,27.0,24.0,34.0,32.0,31.0,24.0,33.0,23.0,18.0
25.0,24.0,19.0,19.0,32.0,20.0,22.0,25.0,21.0,22.0,15.0,22.0,23.0,22.0,23.0,27.0,29.0,18.0,18.0,40.0,36.0,19.0,17.0,26.0,32.0,29.0,18.0,24.0,19.0,25.0,23.0,20.0,27.0,27.0,23.0,22.0,28.0,17.0,21.0,17.0,28.0,24.0,23.0,12.0,27.0,29.0,20.0,15.0,25.0,21.0
26.0,39.0,33.0,42.0,23.0,26.0,31.0,33.0,34.0,28.0,34.0,35.0,40.0,27.0,30.0,30.0,23.0,35.0,42.0,39.0,36.0,26.0,33.0,37.0,36.0,29.0,32.0,35.0,21.0,33.0,30.0,33.0,29.0,39.0,32.0,27.0,18.0,30.0,33.0,37.0,31.0,33.0,30.0,38.0,33.0,38.0,41.0,30.0,34.0,38.0
24.0,16.0,20.0,25.0,19.0,29.0,21.0,28.0,28.0,30.0,20.0,22.0,21.0,21.0,27.0,14.0,21.0,17.0,27.0,21.0,26.0,18.0,27.0,25.0,27.0,17.0,22.0,22.0,26.0,27.0,30.0,28.0,16.0,26.0,20.0,16.0,28.0,22.0,21.0,28.0,22.0,25.0,21.0,22.0,25.0,17.0,21.0,22.0,19.0,22.0
30.0,20.0,32.0,27.0,32.0,37.0,21.0,22.0,18.0,30.0,21.0,26.0,24.0,29.0,21.0,20.0,23.0,24.0,32.0,17.0,24.0,27.0,23.0,36.0,25.0,28.0,20.0,18.0,27.0,26.0,21.0,17.0,33.0,26.0,32.0,32.0,26.0,17.0,37.0,26.0,42.0,28.0,32.0,28.0,20.0,26.0,31.0,19.0,32.0,33.0
39.0,30.0,55.0,38.0,36.0,45.0,23.0,31.0,29.0,30.0,27.0,31.0,36.0,36.0,35.0,40.0,38.0,39.0,46.0,34.0,30.0,26.0,31.0,37.0,40.0,33.0,37.0,33.0,34.0,26.0,36.0,40.0,33.0,39.0,40.0,34.0,46.0,34.0,37.0,40.0,54.0,30.0,28.0,34.0,36.0,37.0,33.0,43.0,33.0,31.0
31.0,22.0,18.0,24.0,20.0,29.0,16.0,16.0,23.0,16.0,27.0,27.0,26.0,32.0,24.0,23.0,19.0,19.0,20.0,19.0,29.0,28.0,20.0,22.0,28.0,21.0,23.0,28.0,20.0,35.0,33.0,22.0,19.0,25.0,18.0,23.0,17.0,30.0,23.0,20.0,29.0,22.0,24.0,20.0,18.0,17.0,23.0,27.0,24.0,17.0
31.0,27.0,31.0,22.0,26.0,25.0,21.0,21.0,21.0,26.0,32.0,30.0,19.0,30.0,28.0,32.0,30.0,24.0,19.0,38.0,26.0,26.0,26.0,21.0,24.0,28.0,20.0,20.0,29.0,24.0,32.0,26.0,28.0,25.0,25.0,31.0,25.0,28.0,25.0,28.0,20.0,25.0,29.0,30.0,27.0,28.0,18.0,27.0,32.0,31.0
26.0,27.0,24.0,32.0,26.0,33.0,17.0,35.0,24.0,28.0,27.0,36.0,27.0,30.0,33.0,30.0,41.0,40.0,36.0,17.0,37.0,28.0,35.0,29.0,31.0,24.0,41.0,27.0,33.0,34.0,39.0,40.0,30.0,25.0,33.0,36.0,34.0,36.0,24.0,30.0,32.0,28.0,35.0,38.0,22.0,24.0,39.0,30.0,34.0,39.0
