10,50,1000
17.142737,16.63669,19.142574,16.448041,17.016916,16.321141,16.672213,15.401112,15.415139,19.108182
6.324986,5.453982,8.29298,9.212163,5.266243,6.21952,7.847722,9.609622,9.660784,6.315379
0.0,10.0,20.0,30.0,40.0,50.0,60.0,70.0,80.0,90.0
10.0,0.0,10.0,20.0,30.0,40.0,50.0,60.0,70.0,80.0
20.0,10.0,0.0,10.0,20.0,30.0,40.0,50.0,60.0,70.0
30.0,20.0,10.0,0.0,10.0,20.0,30.0,40.0,50.0,60.0
40.0,30.0,20.0,10.0,0.0,10.0,20.0,30.0,40.0,50.0
50.0,40.0,30.0,20.0,10.0,0.0,10.0,20.0,30.0,40.0
60.0,50.0,40.0,30.0,20.0,10.0,0.0,10.0,20.0,30.0
70.0,60.0,50.0,40.0,30.0,20.0,10.0,0.0,10.0,20.0
80.0,70.0,60.0,50.0,40.0,30.0,20.0,10.0,0.0,10.0
90.0,80.0,70.0,60.0,50.0,40.0,30.0,20.0,10.0,0.0
450.0,400.0,350.0,300.0,250.0,250.0,300.0,350.0,400.0,450.0
0.0,1.0,2.0,3.0,4.0,5.0,6.0,7.0,8.0,9.0
1.0,0.0,1.0,2.0,3.0,4.0,5.0,6.0,7.0,8.0
2.0,1.0,0.0,1.0,2.0,3.0,4.0,5.0,6.0,7.0
3.0,2.0,1.0,0.0,1.0,2.0,3.0,4.0,5.0,6.0
4.0,3.0,2.0,1.0,0.0,1.0,2.0,3.0,4.0,5.0
5.0,4.0,3.0,2.0,1.0,0.0,1.0,2.0,3.0,4.0
6.0,5.0,4.0,3.0,2.0,1.0,0.0,1.0,2.0,3.0
7.0,6.0,5.0,4.0,3.0,2.0,1.0,0.0,1.0,2.0
8.0,7.0,6.0,5.0,4.0,3.0,2.0,1.0,0.0,1.0
9.0,8.0,7.0,6.0,5.0,4.0,3.0,2.0,1.0,0.0
45.0,40.0,35.0,30.0,25.0,25.0,30.0,35.0,40.0,45.0
14.0,22.0,20.0,24.0,31.0,26.0,18.0,23.0,26.0,29.0,23.0,29.0,29.0,19.0,26.0,28.0,20.0,27.0,33.0,22.0,19.0,23.0,25.0,24.0,29.0,27.0,30.0,25.0,26.0,24.0,25.0,25.0,27.0,24.0,22.0,29.0,18.0,25.0,21.0,29.0,28.0,28.0,26.0,25.0,24.0,22.0,23.0,29.0,27.0,19.0
20.0,23.0,29.0,26.0,22.0,21.0,24.0,21.0,16.0,20.0,29.0,24.0,22.0,21.0,20.0,28.0,23.0,13.0,30.0,18.0,23.0,24.0,18.0,13.0,22.0,17.0,21.0,13.0,25.0,20.0,22.0,33.0,33.0,22.0,25.0,29.0,18.0,18.0,22.0,23.0,16.0,23.0,16.0,25.0,23.0,21.0,18.0,19.0,19.0,26.0
33.0,33.0,26.0,36.0,39.0,30.0,34.0,31.0,31.0,37.0,34.0,22.0,36.0,31.0,34.0,29.0,35.0,35.0,27.0,33.0,27.0,34.0,34.0,38.0,24.0,25.0,33.0,37.0,28.0,43.0,38.0,43.0,26.0,43.0,25.0,33.0,30.0,34.0,28.0,30.0,35.0,31.0,33.0,37.0,24.0,34.0,33.0,26.0,27.0,30.0
41.0,37.0,28.0,37.0,32.0,34.0,36.0,40.0,36.0,20.0,38.0,29.0,23.0,29.0,30.0,39.0,38.0,37.0,31.0,38.0,31.0,32.0,31.0,37.0,35.0,37.0,28.0,26.0,27.0,39.0,36.0,35.0,28.0,37.0,34.0,34.0,39.0,28.0,35.0,35.0,33.0,46.0,28.0,29.0,43.0,38.0,30.0,29.0,37.0,36.0
23.0,13.0,18.0,25.0,34.0,17.0,30.0,23.0,31.0,17.0,20.0,19.0,14.0,28.0,18.0,22.0,13.0,16.0,32.0,18.0,19.0,21.0,22.0,27.0,20.0,29.0,23.0,22.0,17.0,25.0,24.0,25.0,24.0,20.0,27.0,28.0,19.0,21.0,18.0,13.0,19.0,17.0,15.0,24.0,28.0,21.0,22.0,14.0,14.0,20.0
31.0,21.0,15.0,28.0,29.0,18.0,20.0,19.0,24.0,24.0,20.0,13.0,23.0,21.0,32.0,30.0,23.0,22.0,35.0,29.0,27.0,26.0,24.0,26.0,28.0,32.0,21.0,21.0,26.0,13.0,25.0,22.0,18.0,28.0,30.0,25.0,24.0,35.0,30.0,26.0,24.0,29.0,27.0,24.0,25.0,29.0,30.0,26.0,21.0,26.0
27.0,28.0,44.0,28.0,26.0,28.0,38.0,34.0,24.0,24.0,34.0,26.0,32.0,30.0,21.0,32.0,17.0,34.0,22.0,30.0,49.0,31.0,30.0,30.0,26.0,40.0,37.0,42.0,36.0,34.0,21.0,31.0,34.0,27.0,37.0,31.0,22.0,28.0,19.0,44.0,30.0,21.0,33.0,23.0,35.0,32.0,40.0,44.0,23.0,39.0
40.0,34.0,37.0,37.0,35.0,29.0,24.0,22.0,30.0,29.0,45.0,37.0,38.0,39.0,37.0,38.0,33.0,30.0,34.0,38.0,31.0,28.0,34.0,31.0,37.0,31.0,35.0,37.0,39.0,30.0,28.0,36.0,35.0,35.0,32.0,44.0,48.0,33.0,32.0,37.0,31.0,36.0,31.0,32.0,41.0,46.0,35.0,35.0,40.0,34.0
33.0,42.0,37.0,36.0,42.0,35.0,38.0,29.0,39.0,42.0,36.0,35.0,29.0,36.0,38.0,28.0,22.0,27.0,38.0,36.0,30.0,26.0,42.0,42.0,38.0,39.0,27.0,20.0,29.0,38.0,30.0,27.0,39.0,29.0,32.0,29.0,27.0,32.0,39.0,31.0,35.0,46.0,38.0,40.0,41.0,39.0,37.0,33.0,37.0,38.0
28.0,25.0,26.0,36.0,27.0,24.0,42.0,35.0,33.0,36.0,19.0,23.0,26.0,30.0,29.0,30.0,28.0,30.0,22.0,18.0,21.0,22.0,22.0,29.0,36.0,29.0,26.0,27.0,31.0,27.0,19.0,28.0,20.0,34.0,16.0,24.0,30.0,28.0,26.0,25.0,28.0,25.0,24.0,21.0,38.0,19.0,25.0,29.0,17.0,21.0
