10,50,1000
18.121662,16.221687,18.691416,16.470634,15.421955,18.572673,19.731357,19.009584,16.670864,17.595577
8.312405,5.501225,8.137021,9.806171,5.466835,7.442916,7.20441,9.581102,5.962496,9.683545
0.0,10.0,20.0,30.0,40.0,50.0,60.0,70.0,80.0,90.0
10.0,0.0,10.0,20.0,30.0,40.0,50.0,60.0,70.0,80.0
20.0,10.0,0.0,10.0,20.0,30.0,40.0,50.0,60.0,70.0
30.0,20.0,10.0,0.0,10.0,20.0,30.0,40.0,50.0,60.0
40.0,30.0,20.0,10.0,0.0,10.0,20.0,30.0,40.0,50.0
50.0,40.0,30.0,20.0,10.0,0.0,10.0,20.0,30.0,40.0
60.0,50.0,40.0,30.0,20.0,10.0,0.0,10.0,20.0,30.0
70.0,60.0,50.0,40.0,30.0,20.0,10.0,0.0,10.0,20.0
80.0,70.0,60.0,50.0,40.0,30.0,20.0,10.0,0.0,10.0
90.0,80.0,70.0,60.0,50.0,40.0,30.0,20.0,10.0,0.0
450.0,400.0,350.0,300.0,250.0,250.0,300.0,350.0,400.0,450.0
0.0,1.0,2.0,3.0,4.0,5.0,6.0,7.0,8.0,9.0
1.0,0.0,1.0,2.0,3.0,4.0,5.0,6.0,7.0,8.0
2.0,1.0,0.0,1.0,2.0,3.0,4.0,5.0,6.0,7.0
3.0,2.0,1.0,0.0,1.0,2.0,3.0,4.0,5.0,6.0
4.0,3.0,2.0,1.0,0.0,1.0,2.0,3.0,4.0,5.0
5.0,4.0,3.0,2.0,1.0,0.0,1.0,2.0,3.0,4.0
6.0,5.0,4.0,3.0,2.0,1.0,0.0,1.0,2.0,3.0
7.0,6.0,5.0,4.0,3.0,2.0,1.0,0.0,1.0,2.0
8.0,7.0,6.0,5.0,4.0,3.0,2.0,1.0,0.0,1.0
9.0,8.0,7.0,6.0,5.0,4.0,3.0,2.0,1.0,0.0
45.0,40.0,35.0,30.0,25.0,25.0,30.0,35.0,40.0,45.0
33.0,32.0,35.0,31.0,34.0,21.0,36.0,34.0,32.0,30.0,27.0,32.0,26.0,22.0,38.0,33.0,44.0,27.0,25.0,36.0,36.0,26.0,26.0,34.0,36.0,26.0,43.0,19.0,31.0,27.0,33.0,31.0,30.0,26.0,35.0,30.0,27.0,29.0,38.0,40.0,38.0,29.0,42.0,32.0,43.0,38.0,20.0,28.0,29.0,25.0
26.0,19.0,24.0,23.0,20.0,26.0,27.0,21.0,22.0,21.0,27.0,16.0,18.0,21.0,26.0,29.0,24.0,17.0,24.0,26.0,24.0,21.0,27.0,24.0,29.0,26.0,26.0,17.0,25.0,28.0,20.0,28.0,22.0,20.0,22.0,20.0,16.0,18.0,24.0,26.0,24.0,20.0,16.0,21.0,22.0,23.0,24.0,22.0,29.0,26.0
25.0,28.0,43.0,23.0,25.0,27.0,32.0,24.0,28.0,30.0,20.0,25.0,40.0,31.0,32.0,22.0,27.0,33.0,31.0,44.0,29.0,29.0,27.0,28.0,33.0,46.0,36.0,22.0,33.0,23.0,23.0,26.0,31.0,23.0,31.0,32.0,37.0,26.0,32.0,34.0,25.0,38.0,31.0,23.0,26.0,19.0,35.0,34.0,33.0,32.0
30.0,36.0,30.0,40.0,35.0,33.0,32.0,35.0,32.0,32.0,37.0,39.0,22.0,37.0,34.0,43.0,34.0,37.0,30.0,31.0,41.0,35.0,25.0,33.0,35.0,40.0,40.0,39.0,32.0,38.0,26.0,39.0,35.0,39.0,26.0,29.0,36.0,44.0,27.0,39.0,39.0,29.0,33.0,30.0,40.0,42.0,43.0,38.0,31.0,42.0
25.0,26.0,17.0,17.0,29.0,17.0,21.0,15.0,21.0,23.0,25.0,18.0,18.0,25.0,24.0,19.0,15.0,26.0,22.0,20.0,20.0,19.0,23.0,23.0,12.0,21.0,36.0,28.0,19.0,21.0,26.0,29.0,30.0,21.0,28.0,24.0,29.0,20.0,21.0,26.0,22.0,17.0,22.0,29.0,23.0,27.0,16.0,22.0,14.0,18.0
33.0,36.0,27.0,30.0,37.0,29.0,27.0,30.0,29.0,40.0,23.0,39.0,33.0,36.0,35.0,29.0,33.0,25.0,34.0,27.0,30.0,28.0,26.0,25.0,28.0,25.0,28.0,24.0,26.0,35.0,23.0,43.0,25.0,37.0,33.0,33.0,20.0,28.0,29.0,28.0,33.0,28.0,26.0,29.0,32.0,31.0,25.0,32.0,31.0,31.0
14.0,24.0,28.0,32.0,34.0,24.0,33.0,28.0,33.0,31.0,28.0,29.0,33.0,31.0,31.0,27.0,32.0,25.0,28.0,32.0,33.0,27.0,29.0,24.0,26.0,25.0,27.0,26.0,45.0,27.0,29.0,29.0,30.0,30.0,34.0,31.0,29.0,34.0,25.0,32.0,32.0,30.0,15.0,34.0,30.0,31.0,36.0,22.0,25.0,31.0
31.0,49.0,44.0,41.0,35.0,36.0,40.0,40.0,36.0,44.0,33.0,33.0,36.0,33.0,41.0,38.0,29.0,42.0,34.0,34.0,37.0,36.0,38.0,46.0,34.0,30.0,38.0,33.0,34.0,42.0,41.0,35.0,25.0,45.0,33.0,30.0,33.0,36.0,31.0,29.0,35.0,31.0,44.0,40.0,36.0,29.0,41.0,33.0,39.0,35.0
22.0,25.0,26.0,37.0,24.0,25.0,25.0,36.0,20.0,17.0,21.0,19.0,19.0,21.0,18.0,18.0,21.0,41.0,17.0,20.0,25.0,36.0,29.0,26.0,21.0,25.0,23.0,25.0,17.0,24.0,18.0,11.0,17.0,18.0,17.0,20.0,28.0,33.0,32.0,32.0,20.0,16.0,32.0,38.0,18.0,23.0,20.0,22.0,26.0,26.0
28.0,42.0,40.0,31.0,35.0,32.0,27.0,32.0,35.0,30.0,29.0,42.0,44.0,30.0,33.0,26.0,42.0,32.0,25.0,22.0,41.0,30.0,31.0,39.0,37.0,39.0,42.0,38.0,28.0,32.0,30.0,43.0,37.0,38.0,37.0,35.0,40.0,39.0,32.0,44.0,45.0,32.0,41.0,44.0,34.0,39.0,36.0,35.0,32.0,31.0
