10,50,1000
16.565558,16.339229,18.224766,19.541038,16.421212,19.215233,17.994836,18.710693,19.102532,15.02812
7.912388,8.34977,9.944819,7.699727,7.028824,5.782291,8.261054,5.618803,7.283705,8.448361
0.0,10.0,20.0,30.0,40.0,50.0,60.0,70.0,80.0,90.0
10.0,0.0,10.0,20.0,30.0,40.0,50.0,60.0,70.0,80.0
20.0,10.0,0.0,10.0,20.0,30.0,40.0,50.0,60.0,70.0
30.0,20.0,10.0,0.0,10.0,20.0,30.0,40.0,50.0,60.0
40.0,30.0,20.0,10.0,0.0,10.0,20.0,30.0,40.0,50.0
50.0,40.0,30.0,20.0,10.0,0.0,10.0,20.0,30.0,40.0
60.0,50.0,40.0,30.0,20.0,10.0,0.0,10.0,20.0,30.0
70.0,60.0,50.0,40.0,30.0,20.0,10.0,0.0,10.0,20.0
80.0,70.0,60.0,50.0,40.0,30.0,20.0,10.0,0.0,10.0
90.0,80.0,70.0,60.0,50.0,40.0,30.0,20.0,10.0,0.0
450.0,400.0,350.0,300.0,250.0,250.0,300.0,350.0,400.0,450.0
0.0,1.0,2.0,3.0,4.0,5.0,6.0,7.0,8.0,9.0
1.0,0.0,1.0,2.0,3.0,4.0,5.0,6.0,7.0,8.0
2.0,1.0,0.0,1.0,2.0,3.0,4.0,5.0,6.0,7.0
3.0,2.0,1.0,0.0,1.0,2.0,3.0,4.0,5.0,6.0
4.0,3.0,2.0,1.0,0.0,1.0,2.0,3.0,4.0,5.0
5.0,4.0,3.0,2.0,1.0,0.0,1.0,2.0,3.0,4.0
6.0,5.0,4.0,3.0,2.0,1.0,0.0,1.0,2.0,3.0
7.0,6.0,5.0,4.0,3.0,2.0,1.0,0.0,1.0,2.0
8.0,7.0,6.0,5.0,4.0,3.0,2.0,1.0,0.0,1.0
9.0,8.0,7.0,6.0,5.0,4.0,3.0,2.0,1.0,0.0
45.0,40.0,35.0,30.0,25.0,25.0,30.0,35.0,40.0,45.0
35.0,26.0,15.0,28.0,29.0,30.0,24.0,25.0,30.0,34.0,34.0,26.0,29.0,30.0,42.0,21.0,28.0,35.0,40.0,38.0,35.0,36.0,26.0,23.0,33.0,16.0,34.0,34.0,30.0,37.0,24.0,29.0,35.0,35.0,37.0,45.0,26.0,49.0,31.0,34.0,32.0,19.0,36.0,25.0,23.0,30.0,39.0,28.0,23.0,32.0
23.0,32.0,27.0,31.0,34.0,19.0,27.0,37.0,28.0,32.0,46.0,34.0,25.0,33.0,46.0,33.0,21.0,31.0,33.0,34.0,33.0,30.0,41.0,27.0,37.0,28.0,24.0,27.0,29.0,28.0,22.0,32.0,33.0,35.0,21.0,34.0,25.0,27.0,25.0,26.0,42.0,30.0,28.0,17.0,35.0,25.0,32.0,24.0,26.0,35.0
37.0,43.0,40.0,45.0,40.0,45.0,31.0,29.0,38.0,33.0,48.0,33.0,38.0,33.0,36.0,45.0,18.0,38.0,39.0,39.0,43.0,40.0,31.0,47.0,55.0,38.0,46.0,29.0,39.0,29.0,32.0,30.0,27.0,42.0,34.0,40.0,38.0,43.0,43.0,42.0,46.0,37.0,32.0,33.0,30.0,29.0,38.0,37.0,37.0,41.0
33.0,24.0,26.0,23.0,38.0,24.0,28.0,34.0,30.0,33.0,34.0,23.0,27.0,37.0,28.0,28.0,33.0,23.0,30.0,33.0,27.0,30.0,26.0,31.0,33.0,29.0,25.0,32.0,28.0,30.0,32.0,34.0,36.0,35.0,29.0,26.0,36.0,33.0,28.0,33.0,31.0,25.0,29.0,32.0,39.0,23.0,32.0,32.0,30.0,29.0
30.0,26.0,34.0,36.0,27.0,21.0,26.0,21.0,38.0,29.0,25.0,21.0,27.0,18.0,32.0,28.0,23.0,27.0,27.0,25.0,25.0,25.0,33.0,30.0,31.0,28.0,18.0,31.0,36.0,31.0,25.0,32.0,31.0,30.0,27.0,24.0,29.0,32.0,25.0,31.0,30.0,25.0,21.0,26.0,26.0,25.0,24.0,28.0,27.0,33.0
23.0,24.0,28.0,26.0,22.0,23.0,28.0,20.0,21.0,21.0,22.0,20.0,29.0,27.0,17.0,23.0,22.0,21.0,16.0,22.0,25.0,24.0,38.0,21.0,20.0,16.0,19.0,23.0,31.0,27.0,26.0,22.0,24.0,23.0,24.0,17.0,24.0,22.0,26.0,24.0,20.0,29.0,24.0,22.0,20.0,19.0,22.0,27.0,28.0,26.0
42.0,28.0,27.0,37.0,31.0,29.0,33.0,32.0,36.0,35.0,28.0,33.0,25.0,33.0,25.0,30.0,36.0,31.0,26.0,24.0,26.0,31.0,29.0,32.0,26.0,33.0,43.0,49.0,22.0,36.0,19.0,36.0,30.0,25.0,30.0,26.0,37.0,33.0,35.0,33.0,38.0,36.0,28.0,32.0,33.0,27.0,25.0,37.0,24.0,29.0
17.0,22.0,23.0,28.0,15.0,24.0,22.0,22.0,20.0,26.0,27.0,18.0,21.0,21.0,23.0,22.0,17.0,23.0,28.0,20.0,23.0,19.0,18.0,23.0,25.0,18.0,21.0,22.0,19.0,26.0,23.0,30.0,16.0,21.0,28.0,18.0,28.0,16.0,24.0,16.0,19.0,33.0,19.0,32.0,21.0,21.0,15.0,20.0,24.0,17.0
38.0,28.0,35.0,26.0,32.0,32.0,24.0,32.0,30.0,27.0,34.0,30.0,27.0,19.0,37.0,30.0,29.0,41.0,38.0,19.0,35.0,22.0,25.0,35.0,33.0,32.0,21.0,27.0,36.0,31.0,21.0,17.0,21.0,23.0,32.0,29.0,28.0,37.0,31.0,30.0,30.0,32.0,32.0,23.0,28.0,22.0,27.0,19.0,33.0,28.0
25.0,34.0,41.0,26.0,24.0,29.0,29.0,28.0,32.0,35.0,29.0,27.0,31.0,34.0,30.0,29.0,19.0,48.0,23.0,28.0,36.0,32.0,38.0,28.0,23.0,38.0,37.0,24.0,30.0,29.0,32.0,39.0,25.0,22.0,32.0,36.0,32.0,30.0,31.0,26.0,28.0,25.0,26.0,26.0,39.0,36.0,39.0,30.0,34.0,39.0
