10,50,1000
18.078777,16.355077,15.357763,17.045937,18.262805,16.270839,16.778887,19.153508,16.242632,17.512592
7.290483,9.456645,7.561942,8.857618,8.604149,8.806973,9.260009,9.258873,9.582318,8.892755
0.0,10.0,20.0,30.0,40.0,50.0,60.0,70.0,80.0,90.0
10.0,0.0,10.0,20.0,30.0,40.0,50.0,60.0,70.0,80.0
20.0,10.0,0.0,10.0,20.0,30.0,40.0,50.0,60.0,70.0
30.0,20.0,10.0,0.0,10.0,20.0,30.0,40.0,50.0,60.0
40.0,30.0,20.0,10.0,0.0,10.0,20.0,30.0,40.0,50.0
50.0,40.0,30.0,20.0,10.0,0.0,10.0,20.0,30.0,40.0
60.0,50.0,40.0,30.0,20.0,10.0,0.0,10.0,20.0,30.0
70.0,60.0,50.0,40.0,30.0,20.0,10.0,0.0,10.0,20.0
80.0,70.0,60.0,50.0,40.0,30.0,20.0,10.0,0.0,10.0
90.0,80.0,70.0,60.0,50.0,40.0,30.0,20.0,10.0,0.0
450.0,400.0,350.0,300.0,250.0,250.0,300.0,350.0,400.0,450.0
0.0,1.0,2.0,3.0,4.0,5.0,6.0,7.0,8.0,9.0
1.0,0.0,1.0,2.0,3.0,4.0,5.0,6.0,7.0,8.0
2.0,1.0,0.0,1.0,2.0,3.0,4.0,5.0,6.0,7.0
3.0,2.0,1.0,0.0,1.0,2.0,3.0,4.0,5.0,6.0
4.0,3.0,2.0,1.0,0.0,1.0,2.0,3.0,4.0,5.0
5.0,4.0,3.0,2.0,1.0,0.0,1.0,2.0,3.0,4.0
6.0,5.0,4.0,3.0,2.0,1.0,0.0,1.0,2.0,3.0
7.0,6.0,5.0,4.0,3.0,2.0,1.0,0.0,1.0,2.0
8.0,7.0,6.0,5.0,4.0,3.0,2.0,1.0,0.0,1.0
9.0,8.0,7.0,6.0,5.0,4.0,3.0,2.0,1.0,0.0
45.0,40.0,35.0,30.0,25.0,25.0,30.0,35.0,40.0,45.0
28.0,34.0,30.0,31.0,28.0,18.0,28.0,32.0,20.0,28.0,20.0,22.0,21.0,22.0,31.0,30.0,40.0,19.0,27.0,20.0,19.0,25.0,28.0,30.0,22.0,18.0,28.0,38.0,22.0,29.0,33.0,33.0,31.0,36.0,23.0,43.0,28.0,20.0,34.0,29.0,27.0,26.0,24.0,24.0,34.0,27.0,28.0,26.0,29.0,26.0
39.0,33.0,35.0,32.0,47.0,41.0,38.0,49.0,29.0,41.0,41.0,35.0,34.0,38.0,37.0,33.0,35.0,36.0,40.0,36.0,41.0,38.0,34.0,37.0,32.0,31.0,37.0,36.0,37.0,43.0,33.0,39.0,33.0,36.0,31.0,43.0,35.0,31.0,27.0,30.0,42.0,29.0,24.0,37.0,32.0,35.0,25.0,36.0,30.0,38.0
28.0,26.0,36.0,29.0,20.0,30.0,29.0,26.0,27.0,20.0,26.0,19.0,25.0,22.0,29.0,29.0,24.0,49.0,28.0,22.0,22.0,30.0,33.0,29.0,31.0,23.0,30.0,26.0,27.0,35.0,26.0,26.0,23.0,30.0,19.0,30.0,25.0,43.0,25.0,29.0,26.0,36.0,35.0,25.0,24.0,36.0,38.0,21.0,30.0,22.0
20.0,36.0,31.0,29.0,29.0,30.0,36.0,44.0,27.0,30.0,38.0,26.0,40.0,31.0,37.0,39.0,42.0,27.0,29.0,33.0,28.0,27.0,30.0,34.0,26.0,35.0,29.0,31.0,30.0,29.0,33.0,34.0,42.0,27.0,33.0,38.0,39.0,27.0,40.0,27.0,34.0,38.0,32.0,31.0,22.0,29.0,25.0,40.0,47.0,33.0
29.0,41.0,37.0,43.0,35.0,27.0,34.0,32.0,27.0,25.0,34.0,30.0,27.0,23.0,27.0,34.0,32.0,45.0,27.0,40.0,25.0,37.0,24.0,23.0,30.0,28.0,30.0,22.0,31.0,44.0,32.0,28.0,35.0,25.0,27.0,38.0,27.0,27.0,41.0,30.0,39.0,27.0,29.0,26.0,25.0,32.0,24.0,27.0,41.0,23.0
39.0,39.0,26.0,34.0,28.0,35.0,26.0,27.0,27.0,20.0,30.0,36.0,27.0,32.0,32.0,34.0,27.0,22.0,47.0,30.0,42.0,28.0,23.0,40.0,23.0,26.0,25.0,33.0,33.0,29.0,40.0,24.0,32.0,24.0,33.0,41.0,32.0,28.0,34.0,34.0,29.0,34.0,29.0,31.0,23.0,33.0,33.0,35.0,40.0,30.0
30.0,39.0,36.0,39.0,31.0,35.0,20.0,41.0,27.0,37.0,36.0,33.0,37.0,28.0,32.0,44.0,39.0,31.0,43.0,45.0,41.0,31.0,32.0,37.0,43.0,32.0,42.0,24.0,33.0,31.0,24.0,38.0,35.0,38.0,44.0,30.0,33.0,30.0,31.0,32.0,31.0,34.0,32.0,34.0,34.0,32.0,32.0,32.0,19.0,39.0
39.0,35.0,34.0,38.0,40.0,32.0,32.0,42.0,38.0,44.0,32.0,30.0,29.0,26.0,32.0,39.0,26.0,35.0,28.0,39.0,38.0,33.0,25.0,35.0,31.0,34.0,34.0,36.0,20.0,35.0,39.0,25.0,39.0,24.0,35.0,26.0,28.0,33.0,39.0,42.0,19.0,27.0,37.0,30.0,35.0,36.0,34.0,28.0,30.0,31.0
33.0,32.0,34.0,32.0,25.0,36.0,33.0,31.0,39.0,36.0,31.0,41.0,26.0,36.0,35.0,37.0,27.0,27.0,39.0,30.0,43.0,32.0,29.0,35.0,43.0,29.0,35.0,46.0,35.0,29.0,36.0,35.0,27.0,38.0,34.0,53.0,31.0,39.0,33.0,30.0,37.0,28.0,35.0,31.0,38.0,36.0,34.0,34.0,40.0,44.0
28.0,36.0,37.0,28.0,26.0,36.0,30.0,32.0,37.0,26.0,21.0,38.0,32.0,32.0,38.0,36.0,32.0,20.0,25.0,33.0,36.0,35.0,30.0,30.0,30.0,31.0,30.0,27.0,20.0,37.0,33.0,37.0,26.0,33.0,26.0,30.0,27.0,40.0,35.0,30.0,33.0,32.0,41.0,33.0,34.0,32.0,33.0,39.0,38.0,39.0
