10,50,1000
17.396854,15.332971,16.549033,18.884635,19.694671,19.841011,18.170907,19.840382,18.697177,17.86445
7.581405,5.199528,6.245691,9.535179,6.140138,8.867893,5.620285,8.213267,5.300229,8.526115
0.0,10.0,20.0,30.0,40.0,50.0,60.0,70.0,80.0,90.0
10.0,0.0,10.0,20.0,30.0,40.0,50.0,60.0,70.0,80.0
20.0,10.0,0.0,10.0,20.0,30.0,40.0,50.0,60.0,70.0
30.0,20.0,10.0,0.0,10.0,20.0,30.0,40.0,50.0,60.0
40.0,30.0,20.0,10.0,0.0,10.0,20.0,30.0,40.0,50.0
50.0,40.0,30.0,20.0,10.0,0.0,10.0,20.0,30.0,40.0
60.0,50.0,40.0,30.0,20.0,10.0,0.0,10.0,20.0,30.0
70.0,60.0,50.0,40.0,30.0,20.0,10.0,0.0,10.0,20.0
80.0,70.0,60.0,50.0,40.0,30.0,20.0,10.0,0.0,10.0
90.0,80.0,70.0,60.0,50.0,40.0,30.0,20.0,10.0,0.0
450.0,400.0,350.0,300.0,250.0,250.0,300.0,350.0,400.0,450.0
0.0,1.0,2.0,3.0,4.0,5.0,6.0,7.0,8.0,9.0
1.0,0.0,1.0,2.0,3.0,4.0,5.0,6.0,7.0,8.0
2.0,1.0,0.0,1.0,2.0,3.0,4.0,5.0,6.0,7.0
3.0,2.0,1.0,0.0,1.0,2.0,3.0,4.0,5.0,6.0
4.0,3.0,2.0,1.0,0.0,1.0,2.0,3.0,4.0,5.0
5.0,4.0,3.0,2.0,1.0,0.0,1.0,2.0,3.0,4.0
6.0,5.0,4.0,3.0,2.0,1.0,0.0,1.0,2.0,3.0
7.0,6.0,5.0,4.0,3.0,2.0,1.0,0.0,1.0,2.0
8.0,7.0,6.0,5.0,4.0,3.0,2.0,1.0,0.0,1.0
9.0,8.0,7.0,6.0,5.0,4.0,3.0,2.0,1.0,0.0
45.0,40.0,35.0,30.0,25.0,25.0,30.0,35.0,40.0,45.0
14.0,29.0,20.0,34.0,32.0,24.0,38.0,31.0,34.0,32.0,25.0,27.0,32.0,36.0,39.0,21.0,28.0,33.0,27.0,36.0,32.0,32.0,45.0,28.0,30.0,16.0,29.0,47.0,24.0,27.0,41.0,29.0,27.0,21.0,28.0,28.0,16.0,25.0,31.0,30.0,27.0,41.0,32.0,27.0,29.0,33.0,31.0,25.0,35.0,19.0
20.0,21.0,31.0,23.0,18.0,25.0,22.0,18.0,34.0,19.0,22.0,27.0,21.0,23.0,15.0,23.0,23.0,26.0,16.0,22.0,23.0,20.0,22.0,26.0,17.0,23.0,24.0,30.0,19.0,14.0,12.0,21.0,15.0,28.0,28.0,19.0,24.0,15.0,27.0,21.0,16.0,23.0,22.0,15.0,20.0,25.0,21.0,27.0,14.0,23.0
26.0,25.0,38.0,18.0,24.0,23.0,30.0,30.0,19.0,26.0,35.0,28.0,28.0,27.0,21.0,27.0,23.0,22.0,20.0,31.0,26.0,25.0,23.0,27.0,15.0,29.0,28.0,34.0,20.0,16.0,18.0,28.0,23.0,30.0,28.0,21.0,24.0,23.0,23.0,24.0,17.0,23.0,33.0,24.0,17.0,23.0,27.0,29.0,28.0,34.0
41.0,36.0,36.0,33.0,41.0,42.0,42.0,28.0,36.0,28.0,40.0,38.0,28.0,35.0,34.0,35.0,29.0,33.0,31.0,38.0,43.0,34.0,46.0,49.0,38.0,32.0,46.0,39.0,31.0,47.0,37.0,29.0,35.0,27.0,37.0,39.0,37.0,37.0,32.0,43.0,42.0,40.0,40.0,32.0,30.0,41.0,43.0,30.0,36.0,32.0
24.0,25.0,30.0,27.0,19.0,28.0,27.0,26.0,24.0,33.0,27.0,15.0,33.0,14.0,29.0,36.0,19.0,30.0,29.0,23.0,21.0,23.0,28.0,17.0,22.0,20.0,20.0,26.0,22.0,19.0,20.0,26.0,20.0,21.0,25.0,24.0,28.0,28.0,26.0,16.0,31.0,22.0,20.0,23.0,18.0,26.0,17.0,28.0,21.0,11.0
27.0,41.0,33.0,36.0,39.0,35.0,36.0,30.0,31.0,36.0,35.0,28.0,35.0,43.0,28.0,35.0,35.0,29.0,42.0,33.0,44.0,39.0,34.0,30.0,38.0,35.0,32.0,37.0,34.0,27.0,30.0,35.0,26.0,28.0,27.0,52.0,31.0,28.0,36.0,30.0,27.0,39.0,41.0,31.0,29.0,37.0,33.0,41.0,41.0,46.0
28.0,29.0,25.0,25.0,13.0,18.0,21.0,26.0,20.0,25.0,25.0,18.0,32.0,27.0,27.0,33.0,25.0,35.0,20.0,20.0,24.0,20.0,25.0,24.0,23.0,23.0,35.0,22.0,25.0,24.0,18.0,20.0,21.0,28.0,19.0,26.0,22.0,23.0,18.0,16.0,29.0,17.0,20.0,22.0,21.0,24.0,13.0,25.0,24.0,20.0
31.0,34.0,30.0,30.0,34.0,41.0,24.0,34.0,33.0,39.0,31.0,38.0,18.0,32.0,35.0,36.0,35.0,27.0,43.0,29.0,44.0,34.0,39.0,32.0,38.0,38.0,32.0,33.0,34.0,38.0,28.0,35.0,30.0,38.0,37.0,34.0,35.0,27.0,34.0,36.0,30.0,33.0,38.0,34.0,37.0,26.0,27.0,33.0,33.0,33.0
17.0,23.0,17.0,21.0,22.0,17.0,20.0,22.0,16.0,30.0,24.0,30.0,25.0,23.0,25.0,21.0,28.0,27.0,24.0,28.0,30.0,28.0,28.0,22.0,19.0,26.0,23.0,26.0,19.0,26.0,19.0,18.0,21.0,20.0,25.0,18.0,18.0,34.0,20.0,12.0,15.0,19.0,21.0,26.0,23.0,22.0,21.0,20.0,23.0,28.0
29.0,35.0,27.0,43.0,27.0,22.0,29.0,42.0,32.0,33.0,24.0,32.0,30.0,35.0,30.0,29.0,35.0,33.0,37.0,38.0,29.0,35.0,26.0,34.0,30.0,40.0,28.0,27.0,33.0,25.0,40.0,45.0,35.0,35.0,40.0,32.0,42.0,36.0,25.0,32.0,32.0,32.0,27.0,35.0,29.0,31.0,36.0,33.0,28.0,32.0
