10,50,1000
17.816894,19.866407,18.65277,15.81809,19.885071,15.655654,15.386309,19.009447,15.669162,16.512978
9.867528,9.912975,5.504706,8.157246,7.362929,8.608315,8.081364,5.984972,5.187814,5.707042
0.0,10.0,20.0,30.0,40.0,50.0,60.0,70.0,80.0,90.0
10.0,0.0,10.0,20.0,30.0,40.0,50.0,60.0,70.0,80.0
20.0,10.0,0.0,10.0,20.0,30.0,40.0,50.0,60.0,70.0
30.0,20.0,10.0,0.0,10.0,20.0,30.0,40.0,50.0,60.0
40.0,30.0,20.0,10.0,0.0,10.0,20.0,30.0,40.0,50.0
50.0,40.0,30.0,20.0,10.0,0.0,10.0,20.0,30.0,40.0
60.0,50.0,40.0,30.0,20.0,10.0,0.0,10.0,20.0,30.0
70.0,60.0,50.0,40.0,30.0,20.0,10.0,0.0,10.0,20.0
80.0,70.0,60.0,50.0,40.0,30.0,20.0,10.0,0.0,10.0
90.0,80.0,70.0,60.0,50.0,40.0,30.0,20.0,10.0,0.0
450.0,400.0,350.0,300.0,250.0,250.0,300.0,350.0,400.0,450.0
0.0,1.0,2.0,3.0,4.0,5.0,6.0,7.0,8.0,9.0
1.0,0.0,1.0,2.0,3.0,4.0,5.0,6.0,7.0,8.0
2.0,1.0,0.0,1.0,2.0,3.0,4.0,5.0,6.0,7.0
3.0,2.0,1.0,0.0,1.0,2.0,3.0,4.0,5.0,6.0
4.0,3.0,2.0,1.0,0.0,1.0,2.0,3.0,4.0,5.0
5.0,4.0,3.0,2.0,1.0,0.0,1.0,2.0,3.0,4.0
6.0,5.0,4.0,3.0,2.0,1.0,0.0,1.0,2.0,3.0
7.0,6.0,5.0,4.0,3.0,2.0,1.0,0.0,1.0,2.0
8.0,7.0,6.0,5.0,4.0,3.0,2.0,1.0,0.0,1.0
9.0,8.0,7.0,6.0,5.0,4.0,3.0,2.0,1.0,0.0
45.0,40.0,35.0,30.0,25.0,25.0,30.0,35.0,40.0,45.0
37.0,24.0,35.0,30.0,42.0,36.0,38.0,42.0,24.0,47.0,26.0,41.0,50.0,42.0,28.0,31.0,38.0,26.0,35.0,28.0,30.0,36.0,43.0,42.0,31.0,38.0,36.0,50.0,30.0,45.0,38.0,34.0,25.0,45.0,37.0,27.0,32.0,49.0,43.0,36.0,41.0,36.0,30.0,39.0,40.0,36.0,37.0,33.0,26.0,28.0
41.0,30.0,34.0,39.0,30.0,30.0,44.0,24.0,38.0,41.0,45.0,37.0,25.0,40.0,28.0,36.0,50.0,30.0,47.0,44.0,40.0,36.0,33.0,52.0,45.0,38.0,24.0,42.0,35.0,39.0,40.0,29.0,44.0,26.0,29.0,38.0,47.0,40.0,42.0,41.0,37.0,34.0,42.0,36.0,51.0,28.0,46.0,38.0,36.0,36.0
13.0,20.0,10.0,25.0,35.0,22.0,22.0,32.0,21.0,19.0,23.0,23.0,17.0,26.0,22.0,19.0,26.0,21.0,23.0,28.0,30.0,16.0,16.0,40.0,33.0,30.0,20.0,13.0,32.0,22.0,21.0,24.0,20.0,32.0,20.0,16.0,32.0,17.0,26.0,20.0,19.0,25.0,23.0,21.0,23.0,23.0,19.0,23.0,18.0,21.0
33.0,22.0,34.0,30.0,32.0,31.0,24.0,31.0,39.0,28.0,26.0,30.0,32.0,26.0,28.0,22.0,30.0,31.0,33.0,27.0,32.0,29.0,23.0,43.0,23.0,26.0,37.0,30.0,23.0,39.0,24.0,24.0,34.0,33.0,28.0,37.0,34.0,26.0,29.0,24.0,30.0,33.0,29.0,40.0,40.0,30.0,28.0,31.0,33.0,27.0
30.0,25.0,35.0,30.0,27.0,34.0,33.0,26.0,31.0,24.0,25.0,27.0,30.0,33.0,24.0,32.0,34.0,31.0,22.0,28.0,32.0,21.0,36.0,31.0,27.0,31.0,22.0,33.0,31.0,31.0,27.0,29.0,35.0,26.0,25.0,14.0,23.0,32.0,27.0,24.0,35.0,32.0,26.0,31.0,34.0,28.0,28.0,33.0,27.0,22.0
27.0,25.0,35.0,33.0,35.0,34.0,30.0,31.0,36.0,28.0,26.0,32.0,38.0,41.0,31.0,35.0,34.0,24.0,24.0,33.0,37.0,30.0,31.0,27.0,21.0,29.0,38.0,32.0,28.0,36.0,41.0,30.0,24.0,40.0,37.0,34.0,39.0,30.0,30.0,34.0,29.0,29.0,34.0,31.0,24.0,28.0,33.0,35.0,36.0,30.0
27.0,34.0,35.0,27.0,31.0,26.0,35.0,39.0,28.0,32.0,31.0,19.0,33.0,29.0,45.0,24.0,40.0,35.0,23.0,32.0,32.0,19.0,25.0,33.0,27.0,33.0,31.0,34.0,29.0,36.0,29.0,35.0,19.0,32.0,32.0,38.0,28.0,36.0,31.0,32.0,31.0,26.0,31.0,27.0,25.0,32.0,29.0,38.0,24.0,32.0
17.0,23.0,30.0,22.0,18.0,22.0,22.0,15.0,21.0,18.0,32.0,29.0,24.0,22.0,28.0,24.0,27.0,20.0,17.0,24.0,20.0,27.0,20.0,26.0,26.0,28.0,23.0,18.0,19.0,23.0,21.0,32.0,25.0,26.0,16.0,23.0,26.0,28.0,25.0,18.0,19.0,27.0,24.0,22.0,23.0,29.0,19.0,25.0,19.0,16.0
23.0,22.0,25.0,18.0,20.0,16.0,27.0,17.0,20.0,22.0,21.0,20.0,14.0,23.0,21.0,23.0,18.0,24.0,25.0,21.0,22.0,24.0,25.0,22.0,33.0,25.0,19.0,24.0,12.0,27.0,18.0,21.0,24.0,20.0,24.0,18.0,37.0,17.0,21.0,16.0,23.0,20.0,25.0,15.0,22.0,26.0,22.0,16.0,20.0,21.0
17.0,25.0,20.0,19.0,23.0,24.0,20.0,24.0,30.0,15.0,33.0,18.0,23.0,29.0,19.0,22.0,18.0,19.0,23.0,11.0,17.0,22.0,21.0,26.0,21.0,25.0,26.0,21.0,35.0,18.0,20.0,17.0,27.0,27.0,27.0,31.0,21.0,26.0,14.0,23.0,25.0,24.0,27.0,23.0,19.0,19.0,28.0,29.0,24.0,26.0
