10,50,1000
17.476478,19.972416,16.649351,19.136995,15.498234,19.247899,19.894037,18.373572,16.033679,15.620903
7.261155,9.563759,7.693876,8.888974,6.957206,7.242008,7.166707,7.571526,7.640089,6.84437
0.0,10.0,20.0,30.0,40.0,50.0,60.0,70.0,80.0,90.0
10.0,0.0,10.0,20.0,30.0,40.0,50.0,60.0,70.0,80.0
20.0,10.0,0.0,10.0,20.0,30.0,40.0,50.0,60.0,70.0
30.0,20.0,10.0,0.0,10.0,20.0,30.0,40.0,50.0,60.0
40.0,30.0,20.0,10.0,0.0,10.0,20.0,30.0,40.0,50.0
50.0,40.0,30.0,20.0,10.0,0.0,10.0,20.0,30.0,40.0
60.0,50.0,40.0,30.0,20.0,10.0,0.0,10.0,20.0,30.0
70.0,60.0,50.0,40.0,30.0,20.0,10.0,0.0,10.0,20.0
80.0,70.0,60.0,50.0,40.0,30.0,20.0,10.0,0.0,10.0
90.0,80.0,70.0,60.0,50.0,40.0,30.0,20.0,10.0,0.0
450.0,400.0,350.0,300.0,250.0,250.0,300.0,350.0,400.0,450.0
0.0,1.0,2.0,3.0,4.0,5.0,6.0,7.0,8.0,9.0
1.0,0.0,1.0,2.0,3.0,4.0,5.0,6.0,7.0,8.0
2.0,1.0,0.0,1.0,2.0,3.0,4.0,5.0,6.0,7.0
3.0,2.0,1.0,0.0,1.0,2.0,3.0,4.0,5.0,6.0
4.0,3.0,2.0,1.0,0.0,1.0,2.0,3.0,4.0,5.0
5.0,4.0,3.0,2.0,1.0,0.0,1.0,2.0,3.0,4.0
6.0,5.0,4.0,3.0,2.0,1.0,0.0,1.0,2.0,3.0
7.0,6.0,5.0,4.0,3.0,2.0,1.0,0.0,1.0,2.0
8.0,7.0,6.0,5.0,4.0,3.0,2.0,1.0,0.0,1.0
9.0,8.0,7.0,6.0,5.0,4.0,3.0,2.0,1.0,0.0
45.0,40.0,35.0,30.0,25.0,25.0,30.0,35.0,40.0,45.0
27.0,35.0,25.0,30.0,28.0,34.0,24.0,29.0,31.0,36.0,17.0,34.0,30.0,24.0,27.0,25.0,28.0,24.0,26.0,32.0,40.0,22.0,30.0,27.0,29.0,24.0,24.0,28.0,34.0,26.0,30.0,27.0,30.0,28.0,20.0,27.0,28.0,29.0,34.0,28.0,29.0,22.0,24.0,25.0,26.0,27.0,31.0,20.0,29.0,27.0
28.0,42.0,39.0,34.0,36.0,26.0,26.0,38.0,36.0,36.0,41.0,39.0,36.0,47.0,33.0,35.0,35.0,40.0,30.0,47.0,40.0,31.0,24.0,31.0,43.0,31.0,39.0,29.0,33.0,38.0,23.0,35.0,39.0,22.0,30.0,27.0,39.0,26.0,20.0,34.0,43.0,39.0,38.0,35.0,45.0,31.0,36.0,49.0,26.0,31.0
21.0,24.0,38.0,35.0,30.0,24.0,29.0,32.0,30.0,41.0,29.0,33.0,30.0,22.0,21.0,27.0,27.0,35.0,30.0,25.0,32.0,27.0,26.0,31.0,25.0,25.0,39.0,33.0,24.0,26.0,41.0,27.0,25.0,24.0,26.0,27.0,35.0,27.0,31.0,27.0,25.0,23.0,27.0,28.0,34.0,35.0,40.0,21.0,29.0,27.0
33.0,31.0,32.0,42.0,21.0,33.0,35.0,31.0,31.0,37.0,34.0,32.0,44.0,27.0,31.0,29.0,36.0,42.0,31.0,34.0,27.0,33.0,31.0,29.0,38.0,34.0,42.0,35.0,41.0,28.0,34.0,33.0,37.0,34.0,36.0,28.0,22.0,38.0,30.0,37.0,30.0,35.0,44.0,28.0,31.0,23.0,42.0,29.0,29.0,28.0
21.0,36.0,29.0,26.0,24.0,30.0,31.0,31.0,33.0,26.0,37.0,28.0,27.0,25.0,33.0,35.0,18.0,21.0,18.0,25.0,21.0,27.0,22.0,30.0,25.0,25.0,18.0,18.0,24.0,25.0,32.0,23.0,31.0,31.0,24.0,27.0,24.0,24.0,28.0,28.0,27.0,24.0,24.0,23.0,26.0,29.0,20.0,32.0,27.0,23.0
27.0,25.0,35.0,26.0,26.0,24.0,34.0,21.0,29.0,27.0,21.0,19.0,34.0,24.0,30.0,21.0,31.0,31.0,38.0,30.0,20.0,38.0,25.0,22.0,30.0,28.0,22.0,40.0,24.0,38.0,35.0,34.0,35.0,30.0,25.0,29.0,32.0,22.0,17.0,28.0,26.0,28.0,25.0,26.0,23.0,27.0,32.0,30.0,31.0,35.0
27.0,21.0,26.0,25.0,28.0,29.0,27.0,22.0,24.0,28.0,35.0,32.0,19.0,21.0,39.0,23.0,32.0,24.0,42.0,24.0,31.0,26.0,25.0,27.0,32.0,31.0,32.0,28.0,35.0,35.0,32.0,24.0,21.0,26.0,23.0,22.0,32.0,26.0,26.0,32.0,31.0,29.0,32.0,23.0,19.0,30.0,28.0,25.0,31.0,27.0
31.0,28.0,20.0,32.0,23.0,34.0,29.0,34.0,29.0,29.0,38.0,27.0,33.0,35.0,42.0,29.0,26.0,36.0,35.0,22.0,31.0,24.0,29.0,31.0,31.0,30.0,25.0,21.0,20.0,33.0,30.0,34.0,20.0,30.0,39.0,37.0,23.0,24.0,33.0,24.0,25.0,31.0,25.0,30.0,32.0,22.0,28.0,40.0,26.0,36.0
24.0,32.0,37.0,30.0,29.0,40.0,34.0,35.0,22.0,24.0,26.0,28.0,19.0,27.0,43.0,33.0,21.0,26.0,30.0,27.0,31.0,32.0,32.0,14.0,26.0,23.0,24.0,32.0,27.0,28.0,19.0,26.0,24.0,33.0,29.0,38.0,24.0,33.0,26.0,42.0,17.0,34.0,28.0,27.0,28.0,29.0,33.0,27.0,26.0,34.0
27.0,26.0,29.0,31.0,37.0,23.0,23.0,23.0,23.0,29.0,33.0,26.0,26.0,19.0,26.0,30.0,20.0,22.0,30.0,26.0,27.0,22.0,23.0,26.0,17.0,31.0,28.0,29.0,27.0,28.0,26.0,20.0,21.0,30.0,20.0,19.0,28.0,26.0,29.0,29.0,26.0,25.0,27.0,31.0,28.0,34.0,30.0,24.0,27.0,25.0
