10,50,1000
18.893756,15.77957,15.659678,17.518335,19.18334,19.655212,17.08319,15.70574,18.030602,17.792215
9.086494,9.19841,8.002988,6.364421,5.54815,5.685735,7.66422,7.409046,7.669281,9.06916
0.0,10.0,20.0,30.0,40.0,50.0,60.0,70.0,80.0,90.0
10.0,0.0,10.0,20.0,30.0,40.0,50.0,60.0,70.0,80.0
20.0,10.0,0.0,10.0,20.0,30.0,40.0,50.0,60.0,70.0
30.0,20.0,10.0,0.0,10.0,20.0,30.0,40.0,50.0,60.0
40.0,30.0,20.0,10.0,0.0,10.0,20.0,30.0,40.0,50.0
50.0,40.0,30.0,20.0,10.0,0.0,10.0,20.0,30.0,40.0
60.0,50.0,40.0,30.0,20.0,10.0,0.0,10.0,20.0,30.0
70.0,60.0,50.0,40.0,30.0,20.0,10.0,0.0,10.0,20.0
80.0,70.0,60.0,50.0,40.0,30.0,20.0,10.0,0.0,10.0
90.0,80.0,70.0,60.0,50.0,40.0,30.0,20.0,10.0,0.0
450.0,400.0,350.0,300.0,250.0,250.0,300.0,350.0,400.0,450.0
0.0,1.0,2.0,3.0,4.0,5.0,6.0,7.0,8.0,9.0
1.0,0.0,1.0,2.0,3.0,4.0,5.0,6.0,7.0,8.0
2.0,1.0,0.0,1.0,2.0,3.0,4.0,5.0,6.0,7.0
3.0,2.0,1.0,0.0,1.0,2.0,3.0,4.0,5.0,6.0
4.0,3.0,2.0,1.0,0.0,1.0,2.0,3.0,4.0,5.0
5.0,4.0,3.0,2.0,1.0,0.0,1.0,2.0,3.0,4.0
6.0,5.0,4.0,3.0,2.0,1.0,0.0,1.0,2.0,3.0
7.0,6.0,5.0,4.0,3.0,2.0,1.0,0.0,1.0,2.0
8.0,7.0,6.0,5.0,4.0,3.0,2.0,1.0,0.0,1.0
9.0,8.0,7.0,6.0,5.0,4.0,3.0,2.0,1.0,0.0
45.0,40.0,35.0,30.0,25.0,25.0,30.0,35.0,40.0,45.0
26.0,35.0,30.0,34.0,23.0,32.0,30.0,35.0,33.0,24.0,25.0,46.0,34.0,23.0,29.0,32.0,37.0,33.0,36.0,36.0,37.0,42.0,43.0,32.0,26.0,43.0,25.0,31.0,34.0,36.0,31.0,35.0,37.0,30.0,37.0,34.0,46.0,34.0,45.0,36.0,29.0,30.0,36.0,30.0,36.0,35.0,37.0,30.0,45.0,45.0
29.0,34.0,43.0,36.0,36.0,31.0,29.0,35.0,28.0,39.0,30.0,28.0,34.0,35.0,28.0,35.0,36.0,38.0,35.0,33.0,22.0,35.0,37.0,38.0,35.0,33.0,26.0,36.0,39.0,40.0,35.0,29.0,33.0,29.0,31.0,39.0,38.0,30.0,26.0,41.0,30.0,27.0,37.0,28.0,23.0,44.0,30.0,35.0,28.0,31.0
42.0,31.0,24.0,29.0,42.0,26.0,33.0,26.0,18.0,29.0,28.0,28.0,33.0,29.0,37.0,33.0,38.0,27.0,24.0,23.0,29.0,31.0,31.0,32.0,32.0,31.0,42.0,23.0,28.0,49.0,35.0,41.0,27.0,28.0,25.0,23.0,25.0,28.0,41.0,27.0,28.0,36.0,26.0,30.0,26.0,29.0,25.0,24.0,36.0,31.0
25.0,23.0,19.0,25.0,28.0,23.0,26.0,26.0,28.0,26.0,22.0,23.0,22.0,25.0,18.0,23.0,25.0,25.0,24.0,22.0,21.0,14.0,25.0,22.0,24.0,32.0,27.0,24.0,26.0,29.0,19.0,20.0,31.0,22.0,22.0,26.0,22.0,20.0,27.0,18.0,25.0,23.0,27.0,24.0,32.0,31.0,25.0,21.0,31.0,21.0
15.0,23.0,15.0,21.0,23.0,22.0,25.0,28.0,27.0,17.0,22.0,26.0,15.0,30.0,18.0,22.0,25.0,30.0,28.0,21.0,23.0,14.0,25.0,20.0,23.0,28.0,25.0,24.0,22.0,27.0,26.0,22.0,27.0,18.0,22.0,15.0,24.0,18.0,22.0,13.0,19.0,21.0,25.0,15.0,17.0,31.0,22.0,24.0,28.0,12.0
21.0,29.0,18.0,23.0,33.0,19.0,23.0,26.0,28.0,24.0,22.0,21.0,25.0,27.0,24.0,22.0,23.0,24.0,16.0,28.0,34.0,23.0,25.0,28.0,36.0,21.0,26.0,25.0,29.0,33.0,21.0,14.0,26.0,18.0,23.0,22.0,15.0,19.0,19.0,18.0,21.0,25.0,19.0,34.0,29.0,31.0,22.0,24.0,17.0,29.0
35.0,29.0,32.0,27.0,33.0,32.0,38.0,33.0,26.0,24.0,31.0,37.0,25.0,23.0,25.0,22.0,30.0,20.0,20.0,31.0,33.0,27.0,28.0,36.0,28.0,30.0,29.0,30.0,27.0,28.0,34.0,27.0,36.0,28.0,27.0,23.0,25.0,36.0,23.0,36.0,19.0,29.0,26.0,23.0,26.0,31.0,22.0,29.0,31.0,29.0
24.0,31.0,31.0,35.0,33.0,40.0,21.0,24.0,28.0,27.0,24.0,36.0,28.0,29.0,23.0,29.0,32.0,29.0,31.0,30.0,33.0,31.0,34.0,23.0,24.0,23.0,18.0,31.0,22.0,36.0,40.0,34.0,26.0,26.0,28.0,33.0,24.0,21.0,25.0,23.0,23.0,25.0,18.0,31.0,36.0,31.0,24.0,32.0,23.0,19.0
36.0,30.0,24.0,30.0,34.0,35.0,18.0,32.0,33.0,21.0,31.0,26.0,34.0,49.0,34.0,25.0,23.0,36.0,47.0,33.0,36.0,35.0,24.0,33.0,23.0,32.0,34.0,26.0,35.0,18.0,31.0,36.0,34.0,33.0,32.0,22.0,20.0,20.0,26.0,33.0,32.0,25.0,28.0,30.0,31.0,25.0,35.0,34.0,32.0,26.0
51.0,21.0,32.0,40.0,26.0,40.0,29.0,35.0,41.0,36.0,42.0,33.0,31.0,41.0,29.0,48.0,41.0,35.0,42.0,34.0,36.0,45.0,35.0,40.0,44.0,33.0,39.0,35.0,40.0,33.0,31.0,34.0,36.0,27.0,31.0,43.0,38.0,41.0,37.0,34.0,32.0,39.0,32.0,32.0,34.0,43.0,28.0,41.0,30.0,37.0
