10,50,1000
18.935619,16.013768,19.983697,19.909876,16.351714,15.450833,17.67917,17.875995,17.156175,17.144346
6.01067,6.519622,9.568876,8.157156,9.794196,7.899544,5.778172,9.9727,9.662956,8.205683
0.0,10.0,20.0,30.0,40.0,50.0,60.0,70.0,80.0,90.0
10.0,0.0,10.0,20.0,30.0,40.0,50.0,60.0,70.0,80.0
20.0,10.0,0.0,10.0,20.0,30.0,40.0,50.0,60.0,70.0
30.0,20.0,10.0,0.0,10.0,20.0,30.0,40.0,50.0,60.0
40.0,30.0,20.0,10.0,0.0,10.0,20.0,30.0,40.0,50.0
50.0,40.0,30.0,20.0,10.0,0.0,10.0,20.0,30.0,40.0
60.0,50.0,40.0,30.0,20.0,10.0,0.0,10.0,20.0,30.0
70.0,60.0,50.0,40.0,30.0,20.0,10.0,0.0,10.0,20.0
80.0,70.0,60.0,50.0,40.0,30.0,20.0,10.0,0.0,10.0
90.0,80.0,70.0,60.0,50.0,40.0,30.0,20.0,10.0,0.0
450.0,400.0,350.0,300.0,250.0,250.0,300.0,350.0,400.0,450.0
0.0,1.0,2.0,3.0,4.0,5.0,6.0,7.0,8.0,9.0
1.0,0.0,1.0,2.0,3.0,4.0,5.0,6.0,7.0,8.0
2.0,1.0,0.0,1.0,2.0,3.0,4.0,5.0,6.0,7.0
3.0,2.0,1.0,0.0,1.0,2.0,3.0,4.0,5.0,6.0
4.0,3.0,2.0,1.0,0.0,1.0,2.0,3.0,4.0,5.0
5.0,4.0,3.0,2.0,1.0,0.0,1.0,2.0,3.0,4.0
6.0,5.0,4.0,3.0,2.0,1.0,0.0,1.0,2.0,3.0
7.0,6.0,5.0,4.0,3.0,2.0,1.0,0.0,1.0,2.0
8.0,7.0,6.0,5.0,4.0,3.0,2.0,1.0,0.0,1.0
9.0,8.0,7.0,6.0,5.0,4.0,3.0,2.0,1.0,0.0
45.0,40.0,35.0,30.0,25.0,25.0,30.0,35.0,40.0,45.0
27.0,25.0,29.0,23.0,23.0,22.0,25.0,25.0,22.0,25.0,25.0,24.0,20.0,26.0,34.0,31.0,23.0,27.0,26.0,25.0,19.0,24.0,24.0,25.0,26.0,20.0,17.0,24.0,16.0,27.0,31.0,19.0,26.0,26.0,19.0,22.0,27.0,20.0,18.0,33.0,16.0,32.0,23.0,21.0,19.0,24.0,29.0,18.0,15.0,27.0
22.0,12.0,27.0,23.0,25.0,33.0,28.0,28.0,23.0,27.0,28.0,27.0,27.0,26.0,15.0,31.0,24.0,16.0,19.0,31.0,25.0,21.0,34.0,22.0,27.0,29.0,32.0,32.0,30.0,23.0,28.0,23.0,17.0,22.0,30.0,20.0,28.0,23.0,21.0,30.0,31.0,21.0,20.0,26.0,22.0,21.0,28.0,13.0,24.0,26.0
41.0,34.0,32.0,26.0,40.0,30.0,50.0,35.0,35.0,30.0,34.0,29.0,38.0,34.0,34.0,34.0,37.0,37.0,25.0,39.0,31.0,41.0,39.0,30.0,36.0,33.0,27.0,29.0,31.0,37.0,36.0,37.0,43.0,41.0,49.0,32.0,46.0,32.0,35.0,30.0,43.0,39.0,26.0,39.0,27.0,31.0,39.0,43.0,32.0,38.0
28.0,39.0,21.0,21.0,32.0,43.0,37.0,33.0,35.0,36.0,37.0,29.0,29.0,33.0,33.0,31.0,33.0,27.0,34.0,31.0,34.0,29.0,35.0,23.0,25.0,29.0,40.0,46.0,26.0,27.0,38.0,40.0,37.0,28.0,30.0,34.0,30.0,42.0,27.0,32.0,35.0,31.0,37.0,43.0,33.0,24.0,35.0,37.0,27.0,29.0
44.0,21.0,36.0,39.0,33.0,32.0,37.0,35.0,39.0,41.0,37.0,44.0,30.0,45.0,36.0,39.0,39.0,34.0,43.0,41.0,37.0,30.0,35.0,41.0,34.0,26.0,33.0,32.0,36.0,27.0,43.0,29.0,37.0,32.0,36.0,38.0,36.0,44.0,33.0,29.0,28.0,31.0,42.0,32.0,42.0,30.0,33.0,31.0,31.0,29.0
35.0,31.0,23.0,32.0,33.0,33.0,25.0,34.0,32.0,35.0,25.0,35.0,35.0,30.0,21.0,23.0,21.0,21.0,30.0,29.0,31.0,28.0,28.0,25.0,32.0,39.0,36.0,29.0,22.0,21.0,29.0,30.0,19.0,32.0,22.0,33.0,30.0,29.0,23.0,31.0,37.0,21.0,20.0,30.0,28.0,28.0,29.0,36.0,28.0,26.0
14.0,22.0,31.0,24.0,17.0,23.0,25.0,22.0,19.0,23.0,18.0,19.0,16.0,36.0,19.0,22.0,18.0,19.0,22.0,19.0,15.0,26.0,22.0,25.0,26.0,15.0,24.0,34.0,26.0,21.0,20.0,20.0,20.0,16.0,25.0,18.0,15.0,18.0,15.0,35.0,21.0,29.0,29.0,18.0,29.0,19.0,23.0,28.0,14.0,16.0
29.0,41.0,44.0,43.0,45.0,42.0,33.0,40.0,25.0,28.0,32.0,33.0,25.0,40.0,40.0,39.0,36.0,38.0,35.0,46.0,49.0,40.0,42.0,44.0,35.0,37.0,35.0,35.0,33.0,34.0,39.0,45.0,37.0,36.0,37.0,34.0,42.0,57.0,37.0,32.0,39.0,46.0,39.0,41.0,47.0,31.0,40.0,39.0,40.0,36.0
26.0,40.0,34.0,43.0,32.0,30.0,29.0,39.0,36.0,34.0,43.0,37.0,27.0,36.0,28.0,29.0,27.0,27.0,26.0,27.0,34.0,27.0,36.0,33.0,43.0,36.0,26.0,37.0,38.0,44.0,36.0,41.0,39.0,38.0,38.0,36.0,19.0,26.0,46.0,37.0,34.0,28.0,24.0,39.0,32.0,34.0,37.0,44.0,29.0,47.0
38.0,37.0,22.0,27.0,28.0,34.0,29.0,23.0,29.0,23.0,26.0,22.0,28.0,37.0,23.0,21.0,41.0,33.0,37.0,29.0,34.0,24.0,29.0,29.0,33.0,34.0,35.0,39.0,32.0,27.0,29.0,16.0,27.0,32.0,32.0,29.0,30.0,35.0,31.0,42.0,29.0,25.0,30.0,29.0,37.0,27.0,23.0,23.0,25.0,19.0
