10,50,1000
15.931046,15.848886,17.137284,15.344907,19.238263,19.855366,15.05118,18.781393,16.267525,17.665632
8.758397,8.695345,6.965457,6.263779,5.349863,5.932235,6.786985,5.484056,5.653359,8.781583
0.0,10.0,20.0,30.0,40.0,50.0,60.0,70.0,80.0,90.0
10.0,0.0,10.0,20.0,30.0,40.0,50.0,60.0,70.0,80.0
20.0,10.0,0.0,10.0,20.0,30.0,40.0,50.0,60.0,70.0
30.0,20.0,10.0,0.0,10.0,20.0,30.0,40.0,50.0,60.0
40.0,30.0,20.0,10.0,0.0,10.0,20.0,30.0,40.0,50.0
50.0,40.0,30.0,20.0,10.0,0.0,10.0,20.0,30.0,40.0
60.0,50.0,40.0,30.0,20.0,10.0,0.0,10.0,20.0,30.0
70.0,60.0,50.0,40.0,30.0,20.0,10.0,0.0,10.0,20.0
80.0,70.0,60.0,50.0,40.0,30.0,20.0,10.0,0.0,10.0
90.0,80.0,70.0,60.0,50.0,40.0,30.0,20.0,10.0,0.0
450.0,400.0,350.0,300.0,250.0,250.0,300.0,350.0,400.0,450.0
0.0,1.0,2.0,3.0,4.0,5.0,6.0,7.0,8.0,9.0
1.0,0.0,1.0,2.0,3.0,4.0,5.0,6.0,7.0,8.0
2.0,1.0,0.0,1.0,2.0,3.0,4.0,5.0,6.0,7.0
3.0,2.0,1.0,0.0,1.0,2.0,3.0,4.0,5.0,6.0
4.0,3.0,2.0,1.0,0.0,1.0,2.0,3.0,4.0,5.0
5.0,4.0,3.0,2.0,1.0,0.0,1.0,2.0,3.0,4.0
6.0,5.0,4.0,3.0,2.0,1.0,0.0,1.0,2.0,3.0
7.0,6.0,5.0,4.0,3.0,2.0,1.0,0.0,1.0,2.0
8.0,7.0,6.0,5.0,4.0,3.0,2.0,1.0,0.0,1.0
9.0,8.0,7.0,6.0,5.0,4.0,3.0,2.0,1.0,0.0
45.0,40.0,35.0,30.0,25.0,25.0,30.0,35.0,40.0,45.0
35.0,28.0,29.0,31.0,26.0,36.0,29.0,35.0,32.0,37.0,35.0,31.0,33.0,33.0,22.0,34.0,38.0,26.0,30.0,42.0,35.0,32.0,30.0,28.0,32.0,32.0,24.0,32.0,34.0,25.0,32.0,37.0,32.0,34.0,38.0,35.0,43.0,32.0,24.0,27.0,40.0,33.0,33.0,25.0,31.0,34.0,36.0,21.0,26.0,24.0
28.0,26.0,34.0,31.0,26.0,31.0,32.0,44.0,37.0,38.0,27.0,25.0,43.0,38.0,35.0,35.0,34.0,27.0,35.0,23.0,31.0,31.0,31.0,40.0,25.0,36.0,20.0,38.0,25.0,35.0,21.0,33.0,22.0,39.0,19.0,35.0,32.0,31.0,30.0,28.0,32.0,29.0,27.0,32.0,32.0,30.0,38.0,30.0,29.0,31.0
35.0,31.0,32.0,28.0,25.0,27.0,29.0,25.0,26.0,24.0,39.0,22.0,33.0,30.0,23.0,35.0,32.0,19.0,32.0,23.0,20.0,32.0,34.0,24.0,31.0,30.0,36.0,24.0,19.0,27.0,24.0,33.0,26.0,32.0,19.0,23.0,35.0,29.0,20.0,34.0,28.0,30.0,36.0,33.0,25.0,30.0,26.0,22.0,32.0,16.0
26.0,19.0,15.0,22.0,24.0,24.0,15.0,26.0,14.0,20.0,20.0,32.0,25.0,28.0,29.0,26.0,26.0,15.0,21.0,20.0,28.0,19.0,20.0,23.0,32.0,22.0,19.0,33.0,19.0,21.0,21.0,25.0,26.0,26.0,20.0,25.0,25.0,26.0,22.0,27.0,26.0,27.0,18.0,24.0,16.0,21.0,24.0,22.0,27.0,22.0
23.0,20.0,27.0,28.0,25.0,28.0,33.0,32.0,21.0,22.0,20.0,20.0,23.0,22.0,17.0,24.0,29.0,27.0,19.0,23.0,28.0,24.0,21.0,20.0,14.0,19.0,20.0,19.0,27.0,11.0,26.0,23.0,21.0,28.0,24.0,20.0,27.0,24.0,21.0,22.0,19.0,22.0,21.0,19.0,20.0,24.0,29.0,16.0,23.0,18.0
21.0,29.0,23.0,18.0,16.0,30.0,24.0,25.0,31.0,17.0,27.0,19.0,18.0,25.0,27.0,30.0,22.0,24.0,26.0,23.0,27.0,30.0,30.0,32.0,23.0,24.0,14.0,23.0,21.0,27.0,30.0,27.0,29.0,25.0,30.0,25.0,23.0,22.0,21.0,22.0,23.0,14.0,29.0,27.0,17.0,21.0,30.0,34.0,21.0,25.0
24.0,35.0,26.0,33.0,26.0,20.0,21.0,19.0,32.0,18.0,22.0,26.0,24.0,30.0,27.0,29.0,24.0,23.0,27.0,21.0,20.0,19.0,20.0,33.0,23.0,26.0,31.0,33.0,33.0,37.0,25.0,31.0,26.0,35.0,17.0,22.0,31.0,23.0,24.0,33.0,28.0,25.0,32.0,22.0,22.0,28.0,31.0,24.0,38.0,18.0
29.0,22.0,25.0,17.0,24.0,30.0,30.0,18.0,20.0,22.0,30.0,22.0,14.0,26.0,18.0,19.0,24.0,18.0,25.0,28.0,22.0,27.0,19.0,16.0,19.0,25.0,24.0,28.0,34.0,19.0,30.0,21.0,22.0,26.0,25.0,24.0,25.0,18.0,22.0,23.0,18.0,27.0,21.0,25.0,29.0,21.0,27.0,19.0,22.0,22.0
19.0,22.0,14.0,24.0,21.0,31.0,21.0,18.0,16.0,20.0,21.0,29.0,26.0,18.0,16.0,22.0,31.0,28.0,34.0,22.0,25.0,30.0,18.0,41.0,21.0,23.0,23.0,21.0,23.0,28.0,25.0,17.0,23.0,30.0,28.0,24.0,20.0,22.0,22.0,14.0,28.0,22.0,31.0,23.0,20.0,25.0,21.0,25.0,19.0,22.0
33.0,31.0,21.0,33.0,39.0,33.0,30.0,28.0,37.0,41.0,26.0,38.0,29.0,38.0,33.0,32.0,34.0,37.0,38.0,33.0,30.0,33.0,32.0,26.0,28.0,29.0,33.0,25.0,30.0,40.0,29.0,40.0,34.0,35.0,32.0,38.0,30.0,28.0,33.0,34.0,30.0,39.0,32.0,34.0,21.0,43.0,40.0,40.0,35.0,25.0
