10,50,1000
18.150955,16.826614,17.349835,16.563064,17.497081,15.364362,17.424591,19.578649,17.241717,17.957968
9.598768,8.766487,5.257957,9.926207,8.109705,9.708407,5.184148,6.997133,7.795946,7.576293
0.0,10.0,20.0,30.0,40.0,50.0,60.0,70.0,80.0,90.0
10.0,0.0,10.0,20.0,30.0,40.0,50.0,60.0,70.0,80.0
20.0,10.0,0.0,10.0,20.0,30.0,40.0,50.0,60.0,70.0
30.0,20.0,10.0,0.0,10.0,20.0,30.0,40.0,50.0,60.0
40.0,30.0,20.0,10.0,0.0,10.0,20.0,30.0,40.0,50.0
50.0,40.0,30.0,20.0,10.0,0.0,10.0,20.0,30.0,40.0
60.0,50.0,40.0,30.0,20.0,10.0,0.0,10.0,20.0,30.0
70.0,60.0,50.0,40.0,30.0,20.0,10.0,0.0,10.0,20.0
80.0,70.0,60.0,50.0,40.0,30.0,20.0,10.0,0.0,10.0
90.0,80.0,70.0,60.0,50.0,40.0,30.0,20.0,10.0,0.0
450.0,400.0,350.0,300.0,250.0,250.0,300.0,350.0,400.0,450.0
0.0,1.0,2.0,3.0,4.0,5.0,6.0,7.0,8.0,9.0
1.0,0.0,1.0,2.0,3.0,4.0,5.0,6.0,7.0,8.0
2.0,1.0,0.0,1.0,2.0,3.0,4.0,5.0,6.0,7.0
3.0,2.0,1.0,0.0,1.0,2.0,3.0,4.0,5.0,6.0
4.0,3.0,2.0,1.0,0.0,1.0,2.0,3.0,4.0,5.0
5.0,4.0,3.0,2.0,1.0,0.0,1.0,2.0,3.0,4.0
6.0,5.0,4.0,3.0,2.0,1.0,0.0,1.0,2.0,3.0
7.0,6.0,5.0,4.0,3.0,2.0,1.0,0.0,1.0,2.0
8.0,7.0,6.0,5.0,4.0,3.0,2.0,1.0,0.0,1.0
9.0,8.0,7.0,6.0,5.0,4.0,3.0,2.0,1.0,0.0
45.0,40.0,35.0,30.0,25.0,25.0,30.0,35.0,40.0,45.0
35.0,36.0,31.0,38.0,35.0,36.0,35.0,39.0,31.0,25.0,43.0,43.0,40.0,29.0,32.0,31.0,39.0,24.0,37.0,36.0,50.0,36.0,42.0,37.0,32.0,41.0,42.0,47.0,40.0,38.0,35.0,25.0,44.0,41.0,36.0,37.0,38.0,35.0,39.0,34.0,32.0,29.0,29.0,38.0,50.0,37.0,36.0,32.0,34.0,39.0
36.0,40.0,38.0,28.0,25.0,28.0,28.0,33.0,33.0,28.0,39.0,29.0,38.0,32.0,36.0,34.0,38.0,41.0,19.0,29.0,27.0,27.0,30.0,35.0,42.0,33.0,32.0,26.0,40.0,28.0,47.0,38.0,23.0,32.0,33.0,31.0,33.0,36.0,34.0,26.0,27.0,41.0,37.0,36.0,32.0,43.0,32.0,44.0,39.0,34.0
26.0,21.0,18.0,27.0,14.0,23.0,28.0,14.0,19.0,25.0,19.0,21.0,23.0,23.0,26.0,26.0,29.0,30.0,26.0,21.0,23.0,22.0,20.0,27.0,19.0,23.0,26.0,18.0,19.0,23.0,21.0,23.0,21.0,20.0,17.0,28.0,21.0,24.0,18.0,15.0,28.0,29.0,26.0,25.0,21.0,23.0,12.0,16.0,19.0,25.0
44.0,49.0,32.0,41.0,37.0,43.0,38.0,33.0,49.0,36.0,37.0,47.0,39.0,38.0,33.0,27.0,26.0,26.0,22.0,34.0,33.0,34.0,43.0,30.0,33.0,47.0,33.0,26.0,35.0,36.0,42.0,34.0,30.0,38.0,39.0,41.0,35.0,28.0,29.0,28.0,37.0,48.0,37.0,37.0,32.0,43.0,27.0,24.0,22.0,36.0
26.0,30.0,28.0,32.0,33.0,29.0,41.0,31.0,29.0,32.0,19.0,25.0,34.0,24.0,34.0,35.0,32.0,26.0,34.0,29.0,35.0,31.0,25.0,30.0,27.0,38.0,35.0,30.0,36.0,39.0,36.0,36.0,37.0,18.0,27.0,29.0,30.0,38.0,23.0,27.0,29.0,35.0,29.0,25.0,22.0,32.0,25.0,24.0,28.0,30.0
29.0,40.0,26.0,32.0,37.0,34.0,36.0,42.0,34.0,35.0,39.0,39.0,43.0,38.0,42.0,50.0,48.0,37.0,36.0,35.0,33.0,36.0,35.0,25.0,32.0,26.0,23.0,38.0,28.0,43.0,37.0,34.0,36.0,35.0,32.0,48.0,33.0,32.0,34.0,36.0,38.0,40.0,24.0,30.0,38.0,27.0,39.0,33.0,38.0,28.0
26.0,15.0,16.0,20.0,23.0,19.0,33.0,22.0,15.0,18.0,22.0,16.0,22.0,22.0,19.0,28.0,23.0,19.0,21.0,18.0,15.0,11.0,18.0,32.0,20.0,24.0,19.0,16.0,29.0,19.0,14.0,26.0,27.0,18.0,23.0,23.0,21.0,24.0,22.0,15.0,25.0,21.0,23.0,27.0,24.0,18.0,17.0,14.0,26.0,24.0
26.0,29.0,20.0,25.0,30.0,31.0,24.0,24.0,26.0,26.0,32.0,40.0,31.0,26.0,29.0,40.0,24.0,24.0,26.0,29.0,28.0,33.0,24.0,28.0,31.0,30.0,35.0,24.0,30.0,23.0,35.0,25.0,31.0,27.0,29.0,34.0,34.0,27.0,41.0,28.0,21.0,29.0,31.0,22.0,26.0,28.0,24.0,29.0,25.0,42.0
37.0,33.0,22.0,24.0,29.0,34.0,32.0,27.0,15.0,30.0,28.0,22.0,34.0,32.0,30.0,30.0,32.0,31.0,30.0,26.0,32.0,44.0,35.0,26.0,27.0,34.0,38.0,29.0,32.0,35.0,24.0,35.0,42.0,24.0,35.0,34.0,32.0,29.0,33.0,26.0,32.0,35.0,43.0,33.0,24.0,25.0,23.0,17.0,27.0,28.0
24.0,20.0,21.0,32.0,22.0,31.0,38.0,26.0,26.0,28.0,28.0,27.0,34.0,46.0,27.0,30.0,22.0,33.0,29.0,24.0,33.0,26.0,36.0,30.0,34.0,35.0,34.0,23.0,26.0,29.0,27.0,24.0,25.0,23.0,26.0,25.0,29.0,35.0,22.0,26.0,32.0,25.0,37.0,36.0,25.0,37.0,24.0,30.0,32.0,39.0
