10,50,1000
17.678064,16.866098,16.694896,15.651222,18.709813,15.301865,16.908055,16.532662,16.890022,19.903598
7.406912,7.709472,5.949465,5.025296,7.501711,5.507574,7.117213,9.362287,7.273488,6.554107
0.0,10.0,20.0,30.0,40.0,50.0,60.0,70.0,80.0,90.0
10.0,0.0,10.0,20.0,30.0,40.0,50.0,60.0,70.0,80.0
20.0,10.0,0.0,10.0,20.0,30.0,40.0,50.0,60.0,70.0
30.0,20.0,10.0,0.0,10.0,20.0,30.0,40.0,50.0,60.0
40.0,30.0,20.0,10.0,0.0,10.0,20.0,30.0,40.0,50.0
50.0,40.0,30.0,20.0,10.0,0.0,10.0,20.0,30.0,40.0
60.0,50.0,40.0,30.0,20.0,10.0,0.0,10.0,20.0,30.0
70.0,60.0,50.0,40.0,30.0,20.0,10.0,0.0,10.0,20.0
80.0,70.0,60.0,50.0,40.0,30.0,20.0,10.0,0.0,10.0
90.0,80.0,70.0,60.0,50.0,40.0,30.0,20.0,10.0,0.0
450.0,400.0,350.0,300.0,250.0,250.0,300.0,350.0,400.0,450.0
0.0,1.0,2.0,3.0,4.0,5.0,6.0,7.0,8.0,9.0
1.0,0.0,1.0,2.0,3.0,4.0,5.0,6.0,7.0,8.0
2.0,1.0,0.0,1.0,2.0,3.0,4.0,5.0,6.0,7.0
3.0,2.0,1.0,0.0,1.0,2.0,3.0,4.0,5.0,6.0
4.0,3.0,2.0,1.0,0.0,1.0,2.0,3.0,4.0,5.0
5.0,4.0,3.0,2.0,1.0,0.0,1.0,2.0,3.0,4.0
6.0,5.0,4.0,3.0,2.0,1.0,0.0,1.0,2.0,3.0
7.0,6.0,5.0,4.0,3.0,2.0,1.0,0.0,1.0,2.0
8.0,7.0,6.0,5.0,4.0,3.0,2.0,1.0,0.0,1.0
9.0,8.0,7.0,6.0,5.0,4.0,3.0,2.0,1.0,0.0
45.0,40.0,35.0,30.0,25.0,25.0,30.0,35.0,40.0,45.0
25.0,30.0,25.0,31.0,31.0,27.0,22.0,26.0,23.0,34.0,34.0,36.0,22.0,31.0,31.0,27.0,31.0,34.0,31.0,26.0,26.0,31.0,16.0,28.0,26.0,34.0,39.0,28.0,33.0,30.0,30.0,32.0,31.0,28.0,31.0,32.0,25.0,23.0,20.0,15.0,37.0,28.0,22.0,26.0,20.0,42.0,23.0,23.0,25.0,38.0
28.0,28.0,21.0,22.0,38.0,29.0,27.0,30.0,30.0,29.0,27.0,29.0,33.0,27.0,23.0,27.0,30.0,27.0,23.0,26.0,22.0,20.0,25.0,27.0,27.0,26.0,44.0,26.0,24.0,24.0,41.0,37.0,33.0,27.0,32.0,25.0,33.0,30.0,20.0,36.0,29.0,28.0,33.0,33.0,25.0,19.0,32.0,22.0,22.0,31.0
20.0,24.0,24.0,22.0,22.0,27.0,19.0,24.0,21.0,25.0,19.0,30.0,22.0,21.0,31.0,21.0,12.0,28.0,26.0,30.0,25.0,21.0,21.0,23.0,22.0,31.0,20.0,26.0,21.0,26.0,19.0,23.0,28.0,24.0,24.0,27.0,25.0,27.0,25.0,30.0,17.0,21.0,25.0,31.0,22.0,18.0,22.0,14.0,31.0,23.0
21.0,23.0,25.0,20.0,19.0,14.0,17.0,27.0,22.0,19.0,24.0,15.0,22.0,22.0,10.0,26.0,18.0,17.0,25.0,18.0,14.0,16.0,25.0,20.0,18.0,17.0,13.0,25.0,22.0,20.0,20.0,18.0,26.0,21.0,19.0,21.0,16.0,13.0,21.0,17.0,26.0,16.0,21.0,19.0,20.0,21.0,23.0,22.0,20.0,25.0
34.0,29.0,25.0,29.0,26.0,32.0,21.0,30.0,28.0,29.0,20.0,22.0,25.0,24.0,32.0,28.0,29.0,18.0,33.0,42.0,24.0,33.0,30.0,34.0,33.0,30.0,24.0,34.0,36.0,29.0,32.0,25.0,31.0,16.0,39.0,28.0,33.0,27.0,38.0,29.0,34.0,18.0,29.0,35.0,28.0,25.0,31.0,20.0,24.0,35.0
28.0,22.0,26.0,26.0,14.0,23.0,23.0,17.0,24.0,23.0,21.0,23.0,21.0,19.0,18.0,26.0,22.0,21.0,18.0,20.0,17.0,26.0,28.0,19.0,26.0,21.0,20.0,27.0,28.0,17.0,24.0,16.0,24.0,20.0,27.0,25.0,18.0,15.0,15.0,17.0,23.0,20.0,19.0,20.0,21.0,27.0,19.0,25.0,19.0,23.0
17.0,19.0,30.0,29.0,27.0,32.0,25.0,32.0,28.0,17.0,26.0,29.0,39.0,29.0,30.0,25.0,27.0,25.0,27.0,31.0,34.0,25.0,29.0,25.0,30.0,23.0,29.0,27.0,22.0,26.0,36.0,22.0,27.0,23.0,18.0,28.0,21.0,23.0,29.0,30.0,21.0,17.0,35.0,38.0,35.0,25.0,33.0,28.0,23.0,28.0
45.0,37.0,34.0,39.0,41.0,32.0,38.0,31.0,36.0,28.0,36.0,50.0,35.0,34.0,38.0,43.0,37.0,28.0,22.0,28.0,43.0,38.0,41.0,37.0,28.0,36.0,38.0,34.0,30.0,32.0,36.0,30.0,25.0,36.0,38.0,32.0,35.0,36.0,37.0,25.0,45.0,43.0,38.0,39.0,38.0,34.0,28.0,34.0,31.0,33.0
35.0,25.0,25.0,34.0,18.0,37.0,27.0,35.0,31.0,33.0,27.0,29.0,23.0,27.0,23.0,31.0,20.0,29.0,34.0,34.0,38.0,23.0,40.0,36.0,33.0,34.0,28.0,22.0,28.0,29.0,26.0,23.0,31.0,28.0,25.0,23.0,32.0,39.0,29.0,30.0,26.0,32.0,26.0,29.0,31.0,31.0,22.0,19.0,20.0,29.0
31.0,24.0,26.0,31.0,25.0,31.0,34.0,28.0,35.0,25.0,31.0,24.0,33.0,28.0,40.0,31.0,23.0,28.0,29.0,24.0,37.0,25.0,26.0,33.0,34.0,33.0,21.0,27.0,38.0,27.0,22.0,41.0,22.0,31.0,25.0,35.0,30.0,18.0,33.0,38.0,40.0,28.0,26.0,25.0,31.0,23.0,35.0,24.0,41.0,32.0
