10,50,1000
18.68272,18.55517,17.604272,16.032772,16.648983,17.814595,16.863785,17.077213,16.958553,16.187927
6.409823,7.923774,7.721339,6.312077,5.18108,9.910739,9.615156,6.527254,5.824843,5.147781
0.0,10.0,20.0,30.0,40.0,50.0,60.0,70.0,80.0,90.0
10.0,0.0,10.0,20.0,30.0,40.0,50.0,60.0,70.0,80.0
20.0,10.0,0.0,10.0,20.0,30.0,40.0,50.0,60.0,70.0
30.0,20.0,10.0,0.0,10.0,20.0,30.0,40.0,50.0,60.0
40.0,30.0,20.0,10.0,0.0,10.0,20.0,30.0,40.0,50.0
50.0,40.0,30.0,20.0,10.0,0.0,10.0,20.0,30.0,40.0
60.0,50.0,40.0,30.0,20.0,10.0,0.0,10.0,20.0,30.0
70.0,60.0,50.0,40.0,30.0,20.0,10.0,0.0,10.0,20.0
80.0,70.0,60.0,50.0,40.0,30.0,20.0,10.0,0.0,10.0
90.0,80.0,70.0,60.0,50.0,40.0,30.0,20.0,10.0,0.0
450.0,400.0,350.0,300.0,250.0,250.0,300.0,350.0,400.0,450.0
0.0,1.0,2.0,3.0,4.0,5.0,6.0,7.0,8.0,9.0
1.0,0.0,1.0,2.0,3.0,4.0,5.0,6.0,7.0,8.0
2.0,1.0,0.0,1.0,2.0,3.0,4.0,5.0,6.0,7.0
3.0,2.0,1.0,0.0,1.0,2.0,3.0,4.0,5.0,6.0
4.0,3.0,2.0,1.0,0.0,1.0,2.0,3.0,4.0,5.0
5.0,4.0,3.0,2.0,1.0,0.0,1.0,2.0,3.0,4.0
6.0,5.0,4.0,3.0,2.0,1.0,0.0,1.0,2.0,3.0
7.0,6.0,5.0,4.0,3.0,2.0,1.0,0.0,1.0,2.0
8.0,7.0,6.0,5.0,4.0,3.0,2.0,1.0,0.0,1.0
9.0,8.0,7.0,6.0,5.0,4.0,3.0,2.0,1.0,0.0
45.0,40.0,35.0,30.0,25.0,25.0,30.0,35.0,40.0,45.0
20.0,28.0,28.0,22.0,30.0,23.0,24.0,24.0,31.0,19.0,29.0,23.0,26.0,17.0,35.0,22.0,19.0,28.0,29.0,30.0,28.0,22.0,32.0,19.0,26.0,36.0,29.0,17.0,20.0,30.0,28.0,24.0,23.0,28.0,24.0,26.0,24.0,26.0,27.0,19.0,24.0,22.0,34.0,36.0,30.0,22.0,21.0,26.0,23.0,22.0
38.0,20.0,23.0,24.0,38.0,26.0,40.0,31.0,27.0,39.0,30.0,30.0,24.0,33.0,27.0,36.0,31.0,35.0,31.0,28.0,33.0,25.0,34.0,25.0,29.0,34.0,32.0,30.0,30.0,39.0,35.0,36.0,28.0,37.0,28.0,32.0,25.0,38.0,33.0,35.0,32.0,25.0,28.0,26.0,31.0,30.0,33.0,33.0,24.0,28.0
31.0,26.0,23.0,19.0,29.0,29.0,29.0,35.0,35.0,31.0,33.0,28.0,28.0,31.0,26.0,32.0,38.0,29.0,27.0,25.0,32.0,30.0,32.0,23.0,24.0,24.0,31.0,33.0,29.0,27.0,25.0,34.0,25.0,23.0,24.0,20.0,16.0,28.0,30.0,28.0,26.0,29.0,32.0,28.0,32.0,30.0,25.0,26.0,32.0,26.0
12.0,37.0,25.0,22.0,25.0,26.0,21.0,17.0,23.0,24.0,24.0,34.0,20.0,19.0,27.0,31.0,22.0,26.0,22.0,26.0,24.0,11.0,24.0,28.0,31.0,27.0,19.0,28.0,28.0,33.0,34.0,34.0,33.0,22.0,29.0,30.0,24.0,38.0,34.0,33.0,15.0,21.0,26.0,30.0,30.0,28.0,19.0,31.0,20.0,27.0
15.0,19.0,22.0,24.0,26.0,15.0,12.0,17.0,18.0,18.0,20.0,26.0,15.0,15.0,21.0,28.0,24.0,28.0,16.0,20.0,20.0,27.0,19.0,17.0,16.0,22.0,17.0,21.0,19.0,25.0,21.0,18.0,14.0,22.0,21.0,22.0,20.0,20.0,23.0,24.0,18.0,24.0,18.0,19.0,17.0,25.0,17.0,20.0,14.0,19.0
35.0,30.0,24.0,37.0,32.0,36.0,41.0,42.0,33.0,31.0,31.0,28.0,29.0,33.0,36.0,31.0,39.0,30.0,36.0,31.0,42.0,39.0,28.0,37.0,43.0,44.0,37.0,53.0,35.0,32.0,23.0,39.0,45.0,31.0,29.0,28.0,25.0,35.0,40.0,39.0,37.0,32.0,35.0,54.0,26.0,55.0,41.0,43.0,25.0,42.0
24.0,23.0,31.0,30.0,31.0,26.0,40.0,36.0,33.0,40.0,37.0,36.0,34.0,33.0,34.0,42.0,32.0,43.0,34.0,32.0,36.0,40.0,38.0,37.0,36.0,27.0,35.0,39.0,52.0,35.0,39.0,40.0,34.0,23.0,39.0,31.0,28.0,43.0,29.0,35.0,41.0,31.0,25.0,35.0,40.0,36.0,40.0,31.0,30.0,31.0
29.0,24.0,37.0,20.0,27.0,18.0,24.0,24.0,19.0,26.0,27.0,28.0,30.0,18.0,27.0,19.0,37.0,17.0,27.0,30.0,21.0,28.0,28.0,26.0,26.0,22.0,28.0,27.0,19.0,27.0,23.0,28.0,23.0,30.0,24.0,24.0,20.0,30.0,18.0,24.0,24.0,18.0,20.0,20.0,18.0,23.0,18.0,30.0,28.0,28.0
20.0,21.0,24.0,22.0,32.0,23.0,20.0,25.0,20.0,23.0,26.0,22.0,20.0,28.0,29.0,13.0,30.0,18.0,17.0,19.0,33.0,23.0,29.0,20.0,31.0,26.0,23.0,17.0,22.0,20.0,22.0,22.0,19.0,30.0,21.0,24.0,26.0,22.0,28.0,25.0,25.0,26.0,24.0,28.0,16.0,28.0,19.0,14.0,27.0,28.0
17.0,20.0,26.0,23.0,17.0,18.0,26.0,26.0,27.0,20.0,18.0,25.0,19.0,18.0,18.0,22.0,14.0,26.0,21.0,31.0,17.0,21.0,25.0,15.0,26.0,24.0,24.0,19.0,31.0,14.0,24.0,23.0,20.0,12.0,20.0,17.0,32.0,24.0,21.0,15.0,21.0,17.0,25.0,20.0,20.0,18.0,16.0,12.0,21.0,24.0
