10,50,1000
15.916586,17.63684,18.513979,17.957974,16.881893,17.706779,19.282957,17.090515,19.16513,19.54026
8.356179,8.091081,5.165181,8.292254,9.312521,7.634441,6.387449,8.915926,9.508139,7.573075
0.0,10.0,20.0,30.0,40.0,50.0,60.0,70.0,80.0,90.0
10.0,0.0,10.0,20.0,30.0,40.0,50.0,60.0,70.0,80.0
20.0,10.0,0.0,10.0,20.0,30.0,40.0,50.0,60.0,70.0
30.0,20.0,10.0,0.0,10.0,20.0,30.0,40.0,50.0,60.0
40.0,30.0,20.0,10.0,0.0,10.0,20.0,30.0,40.0,50.0
50.0,40.0,30.0,20.0,10.0,0.0,10.0,20.0,30.0,40.0
60.0,50.0,40.0,30.0,20.0,10.0,0.0,10.0,20.0,30.0
70.0,60.0,50.0,40.0,30.0,20.0,10.0,0.0,10.0,20.0
80.0,70.0,60.0,50.0,40.0,30.0,20.0,10.0,0.0,10.0
90.0,80.0,70.0,60.0,50.0,40.0,30.0,20.0,10.0,0.0
450.0,400.0,350.0,300.0,250.0,250.0,300.0,350.0,400.0,450.0
0.0,1.0,2.0,3.0,4.0,5.0,6.0,7.0,8.0,9.0
1.0,0.0,1.0,2.0,3.0,4.0,5.0,6.0,7.0,8.0
2.0,1.0,0.0,1.0,2.0,3.0,4.0,5.0,6.0,7.0
3.0,2.0,1.0,0.0,1.0,2.0,3.0,4.0,5.0,6.0
4.0,3.0,2.0,1.0,0.0,1.0,2.0,3.0,4.0,5.0
5.0,4.0,3.0,2.0,1.0,0.0,1.0,2.0,3.0,4.0
6.0,5.0,4.0,3.0,2.0,1.0,0.0,1.0,2.0,3.0
7.0,6.0,5.0,4.0,3.0,2.0,1.0,0.0,1.0,2.0
8.0,7.0,6.0,5.0,4.0,3.0,2.0,1.0,0.0,1.0
9.0,8.0,7.0,6.0,5.0,4.0,3.0,2.0,1.0,0.0
45.0,40.0,35.0,30.0,25.0,25.0,30.0,35.0,40.0,45.0
29.0,36.0,28.0,24.0,31.0,28.0,32.0,39.0,24.0,33.0,32.0,34.0,32.0,37.0,32.0,37.0,37.0,24.0,31.0,35.0,30.0,28.0,30.0,23.0,27.0,37.0,29.0,37.0,34.0,24.0,27.0,39.0,50.0,35.0,33.0,27.0,35.0,31.0,35.0,39.0,26.0,33.0,25.0,32.0,31.0,38.0,24.0,33.0,38.0,27.0
25.0,37.0,33.0,27.0,33.0,37.0,34.0,38.0,31.0,26.0,38.0,26.0,31.0,31.0,25.0,28.0,34.0,30.0,26.0,37.0,28.0,42.0,33.0,29.0,33.0,26.0,31.0,36.0,33.0,28.0,40.0,22.0,40.0,35.0,34.0,46.0,32.0,37.0,30.0,31.0,34.0,23.0,39.0,37.0,29.0,30.0,23.0,29.0,27.0,30.0
22.0,17.0,12.0,23.0,14.0,17.0,26.0,18.0,10.0,20.0,20.0,24.0,20.0,27.0,16.0,18.0,24.0,25.0,25.0,19.0,20.0,17.0,28.0,25.0,23.0,10.0,16.0,27.0,19.0,17.0,24.0,22.0,20.0,26.0,26.0,24.0,22.0,17.0,33.0,24.0,21.0,23.0,16.0,23.0,22.0,28.0,25.0,23.0,29.0,24.0
42.0,37.0,26.0,34.0,38.0,27.0,33.0,34.0,18.0,31.0,39.0,23.0,33.0,24.0,28.0,30.0,33.0,36.0,30.0,31.0,28.0,31.0,27.0,29.0,26.0,30.0,27.0,33.0,19.0,33.0,27.0,38.0,24.0,26.0,19.0,31.0,46.0,40.0,26.0,26.0,34.0,39.0,42.0,35.0,30.0,28.0,28.0,29.0,29.0,36.0
42.0,30.0,33.0,39.0,34.0,26.0,35.0,34.0,29.0,32.0,43.0,39.0,39.0,39.0,38.0,33.0,35.0,27.0,41.0,44.0,30.0,38.0,35.0,29.0,31.0,29.0,44.0,38.0,34.0,32.0,42.0,45.0,20.0,34.0,39.0,24.0,31.0,32.0,40.0,37.0,27.0,33.0,30.0,37.0,30.0,30.0,28.0,29.0,23.0,30.0
39.0,28.0,37.0,29.0,28.0,21.0,32.0,26.0,34.0,31.0,20.0,32.0,23.0,31.0,33.0,30.0,25.0,25.0,29.0,31.0,29.0,30.0,25.0,28.0,29.0,27.0,35.0,26.0,29.0,15.0,23.0,27.0,28.0,19.0,31.0,27.0,19.0,27.0,30.0,26.0,34.0,38.0,28.0,33.0,29.0,33.0,41.0,25.0,35.0,16.0
27.0,26.0,22.0,22.0,24.0,26.0,28.0,28.0,23.0,20.0,25.0,29.0,25.0,31.0,22.0,22.0,20.0,24.0,29.0,23.0,21.0,28.0,22.0,26.0,26.0,26.0,16.0,27.0,25.0,29.0,23.0,30.0,30.0,33.0,22.0,48.0,26.0,21.0,22.0,24.0,26.0,25.0,15.0,24.0,30.0,20.0,21.0,19.0,38.0,33.0
40.0,28.0,35.0,41.0,45.0,34.0,31.0,30.0,33.0,37.0,37.0,35.0,28.0,33.0,36.0,36.0,43.0,29.0,33.0,32.0,30.0,31.0,29.0,38.0,25.0,27.0,22.0,39.0,34.0,24.0,31.0,37.0,29.0,16.0,18.0,38.0,41.0,31.0,33.0,29.0,38.0,37.0,27.0,33.0,32.0,28.0,27.0,38.0,26.0,37.0
24.0,24.0,47.0,35.0,35.0,33.0,44.0,32.0,51.0,41.0,28.0,29.0,26.0,37.0,41.0,35.0,28.0,36.0,30.0,32.0,34.0,35.0,32.0,41.0,32.0,40.0,39.0,30.0,43.0,35.0,38.0,33.0,38.0,28.0,37.0,33.0,34.0,35.0,25.0,43.0,44.0,39.0,36.0,41.0,27.0,30.0,38.0,26.0,38.0,38.0
28.0,26.0,25.0,37.0,28.0,30.0,29.0,24.0,25.0,36.0,25.0,45.0,32.0,20.0,44.0,26.0,41.0,31.0,31.0,26.0,23.0,24.0,32.0,24.0,27.0,26.0,35.0,34.0,29.0,38.0,23.0,27.0,35.0,29.0,31.0,33.0,37.0,36.0,18.0,33.0,31.0,33.0,36.0,29.0,30.0,30.0,22.0,23.0,25.0,26.0
