10,50,1000
18.602485,18.934221,19.448043,17.811548,15.330938,16.274811,19.201197,19.690861,16.793898,16.447395
5.003766,5.470263,9.835602,9.138336,8.003795,6.204612,9.766974,6.674481,6.35072,9.656377
0.0,10.0,20.0,30.0,40.0,50.0,60.0,70.0,80.0,90.0
10.0,0.0,10.0,20.0,30.0,40.0,50.0,60.0,70.0,80.0
20.0,10.0,0.0,10.0,20.0,30.0,40.0,50.0,60.0,70.0
30.0,20.0,10.0,0.0,10.0,20.0,30.0,40.0,50.0,60.0
40.0,30.0,20.0,10.0,0.0,10.0,20.0,30.0,40.0,50.0
50.0,40.0,30.0,20.0,10.0,0.0,10.0,20.0,30.0,40.0
60.0,50.0,40.0,30.0,20.0,10.0,0.0,10.0,20.0,30.0
70.0,60.0,50.0,40.0,30.0,20.0,10.0,0.0,10.0,20.0
80.0,70.0,60.0,50.0,40.0,30.0,20.0,10.0,0.0,10.0
90.0,80.0,70.0,60.0,50.0,40.0,30.0,20.0,10.0,0.0
450.0,400.0,350.0,300.0,250.0,250.0,300.0,350.0,400.0,450.0
0.0,1.0,2.0,3.0,4.0,5.0,6.0,7.0,8.0,9.0
1.0,0.0,1.0,2.0,3.0,4.0,5.0,6.0,7.0,8.0
2.0,1.0,0.0,1.0,2.0,3.0,4.0,5.0,6.0,7.0
3.0,2.0,1.0,0.0,1.0,2.0,3.0,4.0,5.0,6.0
4.0,3.0,2.0,1.0,0.0,1.0,2.0,3.0,4.0,5.0
5.0,4.0,3.0,2.0,1.0,0.0,1.0,2.0,3.0,4.0
6.0,5.0,4.0,3.0,2.0,1.0,0.0,1.0,2.0,3.0
7.0,6.0,5.0,4.0,3.0,2.0,1.0,0.0,1.0,2.0
8.0,7.0,6.0,5.0,4.0,3.0,2.0,1.0,0.0,1.0
9.0,8.0,7.0,6.0,5.0,4.0,3.0,2.0,1.0,0.0
45.0,40.0,35.0,30.0,25.0,25.0,30.0,35.0,40.0,45.0
24.0,23.0,26.0,26.0,23.0,22.0,20.0,19.0,14.0,13.0,19.0,19.0,17.0,19.0,22.0,21.0,21.0,14.0,17.0,23.0,26.0,24.0,22.0,18.0,18.0,21.0,9.0,22.0,18.0,18.0,17.0,26.0,23.0,17.0,21.0,13.0,20.0,30.0,26.0,15.0,23.0,21.0,21.0,33.0,22.0,17.0,12.0,13.0,27.0,21.0
32.0,22.0,22.0,20.0,23.0,25.0,24.0,8.0,19.0,16.0,24.0,21.0,17.0,26.0,14.0,22.0,15.0,30.0,22.0,33.0,23.0,28.0,17.0,17.0,30.0,20.0,25.0,18.0,18.0,22.0,17.0,24.0,22.0,19.0,23.0,24.0,26.0,20.0,14.0,25.0,22.0,19.0,18.0,19.0,20.0,23.0,25.0,26.0,16.0,34.0
34.0,31.0,42.0,35.0,38.0,35.0,33.0,44.0,31.0,55.0,45.0,39.0,41.0,39.0,34.0,41.0,38.0,40.0,42.0,45.0,30.0,42.0,39.0,46.0,45.0,48.0,42.0,34.0,45.0,38.0,35.0,44.0,29.0,41.0,35.0,29.0,31.0,36.0,40.0,41.0,33.0,26.0,39.0,34.0,41.0,39.0,36.0,35.0,34.0,37.0
32.0,34.0,27.0,39.0,33.0,31.0,28.0,23.0,31.0,28.0,33.0,41.0,44.0,26.0,41.0,27.0,30.0,34.0,26.0,26.0,37.0,32.0,38.0,33.0,29.0,37.0,32.0,27.0,38.0,40.0,36.0,36.0,28.0,36.0,35.0,26.0,47.0,49.0,43.0,37.0,39.0,34.0,34.0,33.0,34.0,27.0,31.0,36.0,29.0,43.0
37.0,36.0,34.0,32.0,25.0,27.0,25.0,32.0,26.0,24.0,33.0,32.0,30.0,32.0,42.0,34.0,29.0,27.0,29.0,30.0,21.0,38.0,27.0,25.0,31.0,32.0,24.0,39.0,33.0,30.0,29.0,29.0,33.0,25.0,29.0,27.0,26.0,34.0,28.0,35.0,29.0,33.0,34.0,29.0,34.0,33.0,25.0,30.0,25.0,27.0
22.0,22.0,25.0,33.0,31.0,27.0,20.0,14.0,26.0,19.0,17.0,28.0,28.0,20.0,24.0,26.0,25.0,29.0,22.0,24.0,16.0,20.0,27.0,23.0,25.0,22.0,29.0,36.0,27.0,35.0,33.0,29.0,18.0,29.0,18.0,13.0,21.0,25.0,25.0,23.0,23.0,21.0,19.0,27.0,30.0,22.0,22.0,20.0,31.0,18.0
36.0,36.0,26.0,42.0,26.0,29.0,33.0,29.0,28.0,32.0,38.0,31.0,46.0,26.0,49.0,58.0,38.0,29.0,31.0,22.0,32.0,32.0,40.0,26.0,32.0,24.0,25.0,35.0,40.0,30.0,30.0,45.0,35.0,35.0,43.0,42.0,34.0,29.0,30.0,33.0,30.0,28.0,33.0,21.0,34.0,40.0,39.0,32.0,27.0,42.0
19.0,29.0,38.0,33.0,22.0,32.0,21.0,31.0,30.0,22.0,16.0,29.0,29.0,22.0,33.0,23.0,31.0,29.0,27.0,20.0,26.0,28.0,26.0,22.0,22.0,22.0,25.0,19.0,29.0,45.0,28.0,34.0,28.0,29.0,18.0,20.0,23.0,29.0,26.0,28.0,28.0,23.0,23.0,27.0,29.0,22.0,26.0,35.0,27.0,28.0
17.0,28.0,31.0,18.0,27.0,24.0,31.0,33.0,22.0,19.0,24.0,35.0,36.0,30.0,18.0,22.0,26.0,33.0,27.0,22.0,27.0,24.0,22.0,25.0,19.0,35.0,20.0,23.0,36.0,29.0,32.0,34.0,28.0,32.0,22.0,27.0,17.0,25.0,21.0,21.0,28.0,23.0,26.0,26.0,38.0,30.0,32.0,20.0,27.0,22.0
43.0,49.0,39.0,38.0,28.0,45.0,42.0,25.0,24.0,37.0,36.0,35.0,44.0,40.0,33.0,29.0,36.0,31.0,36.0,38.0,35.0,36.0,35.0,33.0,25.0,43.0,31.0,38.0,35.0,29.0,31.0,39.0,21.0,35.0,38.0,26.0,41.0,31.0,30.0,33.0,28.0,40.0,34.0,24.0,36.0,33.0,45.0,41.0,30.0,33.0
