10,50,1000
18.7261,18.139391,15.775582,19.254745,19.055199,15.311283,15.920128,15.268293,18.46724,19.245751
5.260638,7.957228,8.508936,8.486739,8.686048,6.694148,5.502584,7.354768,6.795583,5.128898
0.0,10.0,20.0,30.0,40.0,50.0,60.0,70.0,80.0,90.0
10.0,0.0,10.0,20.0,30.0,40.0,50.0,60.0,70.0,80.0
20.0,10.0,0.0,10.0,20.0,30.0,40.0,50.0,60.0,70.0
30.0,20.0,10.0,0.0,10.0,20.0,30.0,40.0,50.0,60.0
40.0,30.0,20.0,10.0,0.0,10.0,20.0,30.0,40.0,50.0
50.0,40.0,30.0,20.0,10.0,0.0,10.0,20.0,30.0,40.0
60.0,50.0,40.0,30.0,20.0,10.0,0.0,10.0,20.0,30.0
70.0,60.0,50.0,40.0,30.0,20.0,10.0,0.0,10.0,20.0
80.0,70.0,60.0,50.0,40.0,30.0,20.0,10.0,0.0,10.0
90.0,80.0,70.0,60.0,50.0,40.0,30.0,20.0,10.0,0.0
450.0,400.0,350.0,300.0,250.0,250.0,300.0,350.0,400.0,450.0
0.0,1.0,2.0,3.0,4.0,5.0,6.0,7.0,8.0,9.0
1.0,0.0,1.0,2.0,3.0,4.0,5.0,6.0,7.0,8.0
2.0,1.0,0.0,1.0,2.0,3.0,4.0,5.0,6.0,7.0
3.0,2.0,1.0,0.0,1.0,2.0,3.0,4.0,5.0,6.0
4.0,3.0,2.0,1.0,0.0,1.0,2.0,3.0,4.0,5.0
5.0,4.0,3.0,2.0,1.0,0.0,1.0,2.0,3.0,4.0
6.0,5.0,4.0,3.0,2.0,1.0,0.0,1.0,2.0,3.0
7.0,6.0,5.0,4.0,3.0,2.0,1.0,0.0,1.0,2.0
8.0,7.0,6.0,5.0,4.0,3.0,2.0,1.0,0.0,1.0
9.0,8.0,7.0,6.0,5.0,4.0,3.0,2.0,1.0,0.0
45.0,40.0,35.0,30.0,25.0,25.0,30.0,35.0,40.0,45.0
23.0,27.0,19.0,25.0,20.0,24.0,29.0,19.0,17.0,13.0,25.0,16.0,25.0,19.0,18.0,25.0,18.0,30.0,24.0,28.0,21.0,18.0,27.0,16.0,25.0,24.0,19.0,28.0,21.0,27.0,29.0,19.0,31.0,23.0,22.0,23.0,15.0,20.0,21.0,16.0,27.0,19.0,17.0,24.0,20.0,24.0,28.0,29.0,23.0,25.0
28.0,28.0,33.0,32.0,34.0,25.0,27.0,27.0,26.0,30.0,27.0,31.0,29.0,32.0,37.0,31.0,27.0,27.0,34.0,36.0,30.0,30.0,25.0,30.0,25.0,37.0,35.0,30.0,29.0,27.0,33.0,31.0,28.0,23.0,34.0,23.0,26.0,35.0,36.0,24.0,28.0,28.0,32.0,34.0,36.0,29.0,35.0,29.0,31.0,41.0
32.0,25.0,27.0,25.0,29.0,25.0,37.0,40.0,29.0,37.0,31.0,24.0,36.0,46.0,27.0,28.0,29.0,38.0,21.0,24.0,20.0,24.0,25.0,32.0,40.0,38.0,31.0,37.0,41.0,34.0,25.0,32.0,37.0,33.0,29.0,24.0,27.0,29.0,25.0,38.0,36.0,31.0,25.0,47.0,30.0,33.0,35.0,50.0,28.0,21.0
29.0,32.0,34.0,29.0,36.0,32.0,32.0,35.0,37.0,29.0,23.0,25.0,33.0,24.0,21.0,38.0,32.0,32.0,28.0,31.0,32.0,38.0,31.0,28.0,37.0,28.0,35.0,27.0,36.0,28.0,22.0,26.0,25.0,34.0,27.0,25.0,30.0,28.0,34.0,28.0,41.0,28.0,38.0,34.0,40.0,24.0,32.0,31.0,31.0,32.0
34.0,28.0,38.0,28.0,25.0,33.0,37.0,30.0,26.0,26.0,43.0,17.0,31.0,29.0,32.0,35.0,31.0,25.0,29.0,39.0,27.0,34.0,31.0,33.0,32.0,30.0,38.0,27.0,35.0,26.0,43.0,37.0,39.0,29.0,29.0,35.0,27.0,31.0,34.0,37.0,34.0,40.0,31.0,32.0,35.0,23.0,36.0,33.0,32.0,45.0
28.0,33.0,30.0,21.0,25.0,24.0,19.0,30.0,25.0,25.0,28.0,35.0,13.0,24.0,23.0,22.0,33.0,15.0,23.0,23.0,25.0,23.0,25.0,18.0,29.0,29.0,29.0,29.0,31.0,29.0,23.0,20.0,34.0,29.0,20.0,24.0,22.0,15.0,22.0,26.0,23.0,25.0,25.0,35.0,30.0,23.0,31.0,18.0,31.0,23.0
16.0,17.0,16.0,24.0,25.0,30.0,16.0,24.0,28.0,20.0,20.0,28.0,16.0,25.0,25.0,24.0,21.0,27.0,25.0,29.0,20.0,20.0,20.0,26.0,22.0,17.0,29.0,19.0,24.0,18.0,28.0,30.0,17.0,22.0,23.0,32.0,25.0,32.0,22.0,24.0,23.0,22.0,25.0,27.0,30.0,26.0,21.0,22.0,15.0,24.0
23.0,30.0,29.0,37.0,27.0,25.0,35.0,32.0,29.0,35.0,32.0,31.0,27.0,16.0,28.0,30.0,28.0,21.0,23.0,30.0,23.0,20.0,29.0,26.0,22.0,34.0,34.0,34.0,38.0,32.0,30.0,17.0,26.0,30.0,29.0,29.0,28.0,32.0,19.0,23.0,24.0,22.0,32.0,36.0,24.0,33.0,16.0,28.0,25.0,25.0
22.0,31.0,23.0,35.0,36.0,27.0,19.0,22.0,27.0,29.0,23.0,17.0,29.0,27.0,37.0,20.0,27.0,21.0,31.0,29.0,27.0,30.0,23.0,24.0,18.0,31.0,18.0,29.0,32.0,26.0,32.0,31.0,28.0,27.0,33.0,22.0,27.0,20.0,24.0,28.0,21.0,18.0,24.0,22.0,32.0,19.0,21.0,38.0,22.0,41.0
20.0,22.0,15.0,22.0,23.0,23.0,15.0,19.0,29.0,28.0,29.0,20.0,24.0,29.0,28.0,24.0,24.0,17.0,19.0,16.0,24.0,22.0,20.0,26.0,26.0,23.0,24.0,20.0,12.0,31.0,13.0,20.0,22.0,20.0,26.0,29.0,23.0,20.0,31.0,18.0,14.0,22.0,19.0,16.0,30.0,23.0,24.0,22.0,26.0,16.0
