10,50,1000
17.420682,17.285845,16.254349,17.445087,16.395874,17.442054,15.603084,17.16537,17.520671,18.576887
6.501948,8.724682,5.934823,9.364443,6.941864,7.281404,8.909669,8.13515,9.692278,8.298628
0.0,10.0,20.0,30.0,40.0,50.0,60.0,70.0,80.0,90.0
10.0,0.0,10.0,20.0,30.0,40.0,50.0,60.0,70.0,80.0
20.0,10.0,0.0,10.0,20.0,30.0,40.0,50.0,60.0,70.0
30.0,20.0,10.0,0.0,10.0,20.0,30.0,40.0,50.0,60.0
40.0,30.0,20.0,10.0,0.0,10.0,20.0,30.0,40.0,50.0
50.0,40.0,30.0,20.0,10.0,0.0,10.0,20.0,30.0,40.0
60.0,50.0,40.0,30.0,20.0,10.0,0.0,10.0,20.0,30.0
70.0,60.0,50.0,40.0,30.0,20.0,10.0,0.0,10.0,20.0
80.0,70.0,60.0,50.0,40.0,30.0,20.0,10.0,0.0,10.0
90.0,80.0,70.0,60.0,50.0,40.0,30.0,20.0,10.0,0.0
450.0,400.0,350.0,300.0,250.0,250.0,300.0,350.0,400.0,450.0
0.0,1.0,2.0,3.0,4.0,5.0,6.0,7.0,8.0,9.0
1.0,0.0,1.0,2.0,3.0,4.0,5.0,6.0,7.0,8.0
2.0,1.0,0.0,1.0,2.0,3.0,4.0,5.0,6.0,7.0
3.0,2.0,1.0,0.0,1.0,2.0,3.0,4.0,5.0,6.0
4.0,3.0,2.0,1.0,0.0,1.0,2.0,3.0,4.0,5.0
5.0,4.0,3.0,2.0,1.0,0.0,1.0,2.0,3.0,4.0
6.0,5.0,4.0,3.0,2.0,1.0,0.0,1.0,2.0,3.0
7.0,6.0,5.0,4.0,3.0,2.0,1.0,0.0,1.0,2.0
8.0,7.0,6.0,5.0,4.0,3.0,2.0,1.0,0.0,1.0
9.0,8.0,7.0,6.0,5.0,4.0,3.0,2.0,1.0,0.0
45.0,40.0,35.0,30.0,25.0,25.0,30.0,35.0,40.0,45.0
18.0,36.0,24.0,26.0,18.0,29.0,34.0,32.0,26.0,25.0,21.0,29.0,24.0,25.0,43.0,29.0,26.0,18.0,30.0,28.0,22.0,25.0,16.0,33.0,32.0,21.0,29.0,30.0,22.0,29.0,29.0,24.0,24.0,26.0,20.0,32.0,23.0,27.0,23.0,29.0,30.0,26.0,12.0,24.0,28.0,25.0,27.0,33.0,28.0,26.0
38.0,25.0,30.0,26.0,36.0,33.0,20.0,33.0,31.0,26.0,25.0,36.0,22.0,32.0,42.0,33.0,29.0,33.0,27.0,28.0,41.0,45.0,34.0,37.0,33.0,29.0,28.0,26.0,31.0,37.0,37.0,23.0,29.0,34.0,37.0,36.0,37.0,26.0,36.0,34.0,32.0,37.0,35.0,29.0,40.0,27.0,32.0,33.0,41.0,41.0
23.0,20.0,23.0,25.0,24.0,27.0,23.0,26.0,21.0,27.0,23.0,20.0,23.0,17.0,32.0,27.0,20.0,25.0,27.0,21.0,23.0,19.0,24.0,17.0,15.0,25.0,16.0,20.0,21.0,21.0,18.0,30.0,35.0,18.0,20.0,22.0,13.0,20.0,22.0,23.0,19.0,27.0,20.0,18.0,13.0,21.0,26.0,28.0,20.0,23.0
27.0,32.0,40.0,37.0,34.0,49.0,25.0,22.0,35.0,34.0,29.0,35.0,30.0,30.0,45.0,39.0,44.0,31.0,27.0,28.0,41.0,32.0,33.0,37.0,35.0,35.0,33.0,33.0,25.0,23.0,35.0,34.0,26.0,26.0,42.0,50.0,44.0,38.0,28.0,35.0,36.0,39.0,29.0,31.0,34.0,33.0,28.0,39.0,40.0,28.0
33.0,40.0,20.0,25.0,28.0,28.0,25.0,32.0,24.0,26.0,26.0,39.0,30.0,29.0,25.0,18.0,29.0,30.0,30.0,26.0,23.0,30.0,31.0,35.0,29.0,24.0,31.0,31.0,22.0,25.0,35.0,30.0,28.0,37.0,35.0,25.0,30.0,29.0,22.0,31.0,37.0,20.0,25.0,30.0,27.0,36.0,32.0,29.0,14.0,27.0
25.0,25.0,32.0,22.0,24.0,26.0,30.0,27.0,27.0,27.0,24.0,37.0,28.0,23.0,36.0,27.0,26.0,25.0,30.0,26.0,26.0,28.0,32.0,24.0,30.0,26.0,25.0,38.0,22.0,34.0,23.0,33.0,35.0,27.0,17.0,23.0,24.0,24.0,23.0,31.0,29.0,40.0,20.0,25.0,23.0,21.0,36.0,29.0,35.0,21.0
43.0,39.0,42.0,38.0,27.0,32.0,40.0,31.0,33.0,39.0,48.0,28.0,28.0,24.0,33.0,43.0,38.0,34.0,42.0,41.0,42.0,41.0,35.0,31.0,38.0,30.0,34.0,28.0,40.0,34.0,40.0,33.0,33.0,45.0,30.0,36.0,33.0,41.0,35.0,30.0,42.0,33.0,21.0,26.0,30.0,20.0,30.0,46.0,21.0,36.0
34.0,26.0,28.0,36.0,22.0,24.0,39.0,30.0,33.0,28.0,31.0,38.0,27.0,43.0,33.0,34.0,40.0,31.0,31.0,37.0,30.0,29.0,31.0,37.0,34.0,26.0,35.0,33.0,24.0,31.0,39.0,26.0,39.0,28.0,30.0,28.0,38.0,46.0,30.0,27.0,35.0,44.0,33.0,32.0,20.0,37.0,36.0,32.0,29.0,32.0
32.0,42.0,45.0,32.0,33.0,39.0,33.0,41.0,29.0,37.0,39.0,43.0,25.0,38.0,44.0,34.0,33.0,38.0,39.0,33.0,38.0,36.0,32.0,30.0,45.0,43.0,41.0,38.0,32.0,35.0,32.0,39.0,28.0,24.0,41.0,46.0,36.0,44.0,30.0,31.0,33.0,36.0,43.0,39.0,44.0,37.0,38.0,44.0,46.0,30.0
29.0,37.0,24.0,31.0,30.0,32.0,42.0,37.0,36.0,30.0,34.0,28.0,24.0,29.0,29.0,32.0,30.0,21.0,29.0,27.0,28.0,28.0,39.0,28.0,31.0,29.0,29.0,21.0,40.0,38.0,32.0,22.0,35.0,19.0,37.0,31.0,41.0,37.0,38.0,35.0,29.0,33.0,27.0,26.0,33.0,34.0,41.0,27.0,36.0,27.0
