10,50,1000
16.554344,19.712076,19.765583,15.657325,16.409774,15.534408,16.446689,16.590196,17.241046,16.619662
7.844139,6.676032,9.831107,5.984504,8.484346,9.749431,7.559456,8.800173,8.234626,5.559183
0.0,10.0,20.0,30.0,40.0,50.0,60.0,70.0,80.0,90.0
10.0,0.0,10.0,20.0,30.0,40.0,50.0,60.0,70.0,80.0
20.0,10.0,0.0,10.0,20.0,30.0,40.0,50.0,60.0,70.0
30.0,20.0,10.0,0.0,10.0,20.0,30.0,40.0,50.0,60.0
40.0,30.0,20.0,10.0,0.0,10.0,20.0,30.0,40.0,50.0
50.0,40.0,30.0,20.0,10.0,0.0,10.0,20.0,30.0,40.0
60.0,50.0,40.0,30.0,20.0,10.0,0.0,10.0,20.0,30.0
70.0,60.0,50.0,40.0,30.0,20.0,10.0,0.0,10.0,20.0
80.0,70.0,60.0,50.0,40.0,30.0,20.0,10.0,0.0,10.0
90.0,80.0,70.0,60.0,50.0,40.0,30.0,20.0,10.0,0.0
450.0,400.0,350.0,300.0,250.0,250.0,300.0,350.0,400.0,450.0
0.0,1.0,2.0,3.0,4.0,5.0,6.0,7.0,8.0,9.0
1.0,0.0,1.0,2.0,3.0,4.0,5.0,6.0,7.0,8.0
2.0,1.0,0.0,1.0,2.0,3.0,4.0,5.0,6.0,7.0
3.0,2.0,1.0,0.0,1.0,2.0,3.0,4.0,5.0,6.0
4.0,3.0,2.0,1.0,0.0,1.0,2.0,3.0,4.0,5.0
5.0,4.0,3.0,2.0,1.0,0.0,1.0,2.0,3.0,4.0
6.0,5.0,4.0,3.0,2.0,1.0,0.0,1.0,2.0,3.0
7.0,6.0,5.0,4.0,3.0,2.0,1.0,0.0,1.0,2.0
8.0,7.0,6.0,5.0,4.0,3.0,2.0,1.0,0.0,1.0
9.0,8.0,7.0,6.0,5.0,4.0,3.0,2.0,1.0,0.0
45.0,40.0,35.0,30.0,25.0,25.0,30.0,35.0,40.0,45.0
34.0,21.0,31.0,32.0,37.0,27.0,26.0,28.0,33.0,34.0,29.0,32.0,25.0,43.0,38.0,28.0,27.0,27.0,42.0,31.0,32.0,40.0,37.0,33.0,30.0,29.0,23.0,37.0,39.0,29.0,34.0,28.0,26.0,25.0,30.0,32.0,36.0,24.0,29.0,32.0,40.0,28.0,29.0,34.0,28.0,36.0,31.0,32.0,33.0,40.0
24.0,29.0,20.0,23.0,24.0,31.0,31.0,40.0,24.0,24.0,38.0,24.0,17.0,23.0,26.0,30.0,24.0,28.0,18.0,32.0,21.0,20.0,26.0,22.0,27.0,36.0,20.0,21.0,22.0,19.0,32.0,22.0,26.0,26.0,24.0,30.0,24.0,29.0,24.0,22.0,20.0,24.0,26.0,31.0,28.0,29.0,34.0,29.0,21.0,31.0
38.0,39.0,44.0,34.0,29.0,27.0,43.0,46.0,40.0,38.0,34.0,38.0,35.0,27.0,38.0,47.0,32.0,43.0,37.0,41.0,37.0,42.0,35.0,36.0,35.0,30.0,29.0,38.0,35.0,32.0,33.0,27.0,25.0,33.0,37.0,29.0,41.0,36.0,36.0,34.0,44.0,49.0,34.0,45.0,44.0,33.0,31.0,42.0,39.0,30.0
27.0,21.0,29.0,22.0,23.0,18.0,24.0,22.0,32.0,30.0,19.0,16.0,23.0,25.0,21.0,12.0,18.0,33.0,25.0,17.0,23.0,21.0,19.0,30.0,23.0,29.0,24.0,16.0,22.0,12.0,21.0,22.0,30.0,26.0,26.0,23.0,22.0,20.0,19.0,17.0,22.0,23.0,28.0,22.0,24.0,22.0,26.0,19.0,25.0,19.0
29.0,37.0,27.0,32.0,31.0,30.0,33.0,26.0,40.0,35.0,44.0,31.0,34.0,35.0,36.0,22.0,33.0,28.0,18.0,31.0,27.0,35.0,29.0,34.0,22.0,30.0,27.0,29.0,29.0,32.0,34.0,27.0,35.0,32.0,39.0,40.0,41.0,32.0,20.0,34.0,33.0,24.0,29.0,40.0,39.0,29.0,34.0,31.0,35.0,30.0
36.0,32.0,30.0,36.0,36.0,37.0,33.0,31.0,36.0,35.0,34.0,31.0,27.0,32.0,31.0,36.0,38.0,31.0,35.0,44.0,26.0,36.0,41.0,43.0,36.0,36.0,41.0,37.0,19.0,36.0,46.0,30.0,35.0,46.0,40.0,30.0,39.0,38.0,34.0,40.0,37.0,36.0,37.0,38.0,27.0,46.0,27.0,36.0,34.0,41.0
30.0,25.0,39.0,23.0,24.0,24.0,33.0,26.0,32.0,29.0,29.0,30.0,24.0,41.0,23.0,27.0,30.0,26.0,20.0,20.0,22.0,26.0,28.0,23.0,35.0,33.0,31.0,24.0,24.0,24.0,28.0,28.0,29.0,24.0,22.0,29.0,31.0,16.0,27.0,30.0,26.0,28.0,33.0,26.0,38.0,25.0,31.0,22.0,21.0,28.0
39.0,31.0,33.0,39.0,24.0,36.0,36.0,35.0,32.0,36.0,24.0,26.0,45.0,38.0,32.0,25.0,33.0,39.0,39.0,36.0,29.0,27.0,29.0,39.0,37.0,41.0,33.0,30.0,33.0,41.0,38.0,38.0,42.0,29.0,28.0,40.0,29.0,39.0,30.0,31.0,37.0,31.0,26.0,30.0,38.0,25.0,39.0,31.0,32.0,48.0
32.0,33.0,20.0,33.0,30.0,31.0,48.0,28.0,32.0,29.0,35.0,27.0,38.0,28.0,28.0,25.0,35.0,28.0,35.0,22.0,27.0,26.0,31.0,43.0,33.0,30.0,31.0,23.0,25.0,35.0,26.0,26.0,32.0,42.0,38.0,41.0,33.0,24.0,32.0,38.0,38.0,38.0,25.0,29.0,31.0,20.0,29.0,30.0,34.0,31.0
25.0,25.0,24.0,17.0,26.0,18.0,23.0,25.0,20.0,20.0,16.0,29.0,23.0,12.0,27.0,22.0,25.0,24.0,28.0,26.0,21.0,23.0,24.0,17.0,24.0,19.0,17.0,22.0,22.0,18.0,27.0,17.0,21.0,24.0,20.0,18.0,22.0,17.0,18.0,20.0,25.0,27.0,19.0,25.0,18.0,21.0,25.0,18.0,23.0,20.0
