10,50,1000
17.032334,15.60345,18.506389,15.559779,15.811344,19.063038,19.41561,16.861968,18.189853,17.66486
7.307402,7.156091,5.665026,9.420931,9.044878,9.594482,8.141943,9.878686,6.571419,7.475056
0.0,10.0,20.0,30.0,40.0,50.0,60.0,70.0,80.0,90.0
10.0,0.0,10.0,20.0,30.0,40.0,50.0,60.0,70.0,80.0
20.0,10.0,0.0,10.0,20.0,30.0,40.0,50.0,60.0,70.0
30.0,20.0,10.0,0.0,10.0,20.0,30.0,40.0,50.0,60.0
40.0,30.0,20.0,10.0,0.0,10.0,20.0,30.0,40.0,50.0
50.0,40.0,30.0,20.0,10.0,0.0,10.0,20.0,30.0,40.0
60.0,50.0,40.0,30.0,20.0,10.0,0.0,10.0,20.0,30.0
70.0,60.0,50.0,40.0,30.0,20.0,10.0,0.0,10.0,20.0
80.0,70.0,60.0,50.0,40.0,30.0,20.0,10.0,0.0,10.0
90.0,80.0,70.0,60.0,50.0,40.0,30.0,20.0,10.0,0.0
450.0,400.0,350.0,300.0,250.0,250.0,300.0,350.0,400.0,450.0
0.0,1.0,2.0,3.0,4.0,5.0,6.0,7.0,8.0,9.0
1.0,0.0,1.0,2.0,3.0,4.0,5.0,6.0,7.0,8.0
2.0,1.0,0.0,1.0,2.0,3.0,4.0,5.0,6.0,7.0
3.0,2.0,1.0,0.0,1.0,2.0,3.0,4.0,5.0,6.0
4.0,3.0,2.0,1.0,0.0,1.0,2.0,3.0,4.0,5.0
5.0,4.0,3.0,2.0,1.0,0.0,1.0,2.0,3.0,4.0
6.0,5.0,4.0,3.0,2.0,1.0,0.0,1.0,2.0,3.0
7.0,6.0,5.0,4.0,3.0,2.0,1.0,0.0,1.0,2.0
8.0,7.0,6.0,5.0,4.0,3.0,2.0,1.0,0.0,1.0
9.0,8.0,7.0,6.0,5.0,4.0,3.0,2.0,1.0,0.0
45.0,40.0,35.0,30.0,25.0,25.0,30.0,35.0,40.0,45.0
17.0,30.0,37.0,34.0,33.0,27.0,26.0,20.0,29.0,34.0,26.0,24.0,24.0,23.0,27.0,30.0,24.0,36.0,32.0,23.0,26.0,25.0,37.0,24.0,23.0,33.0,25.0,24.0,27.0,32.0,29.0,34.0,23.0,29.0,32.0,34.0,31.0,28.0,27.0,35.0,31.0,20.0,35.0,25.0,21.0,24.0,32.0,34.0,35.0,31.0
31.0,21.0,25.0,29.0,18.0,22.0,22.0,22.0,43.0,24.0,23.0,29.0,36.0,25.0,26.0,27.0,26.0,30.0,22.0,27.0,23.0,24.0,21.0,28.0,33.0,25.0,29.0,22.0,25.0,24.0,25.0,34.0,39.0,33.0,24.0,34.0,28.0,22.0,31.0,28.0,23.0,23.0,27.0,32.0,31.0,36.0,15.0,29.0,24.0,27.0
22.0,18.0,18.0,22.0,31.0,21.0,19.0,18.0,29.0,30.0,27.0,24.0,21.0,28.0,26.0,20.0,26.0,23.0,18.0,22.0,34.0,16.0,17.0,19.0,28.0,25.0,27.0,20.0,23.0,30.0,26.0,18.0,17.0,29.0,23.0,25.0,25.0,23.0,17.0,27.0,33.0,28.0,21.0,25.0,21.0,12.0,26.0,25.0,24.0,26.0
36.0,26.0,29.0,30.0,46.0,35.0,41.0,38.0,34.0,35.0,30.0,39.0,40.0,31.0,39.0,28.0,31.0,36.0,33.0,29.0,40.0,26.0,24.0,31.0,30.0,39.0,41.0,25.0,41.0,30.0,30.0,37.0,42.0,44.0,22.0,35.0,26.0,24.0,30.0,29.0,29.0,41.0,33.0,33.0,40.0,41.0,29.0,26.0,31.0,41.0
35.0,42.0,36.0,35.0,34.0,36.0,44.0,31.0,32.0,32.0,36.0,33.0,21.0,36.0,27.0,36.0,27.0,30.0,33.0,33.0,33.0,31.0,28.0,40.0,29.0,27.0,45.0,43.0,40.0,26.0,31.0,26.0,41.0,35.0,27.0,27.0,26.0,36.0,32.0,36.0,24.0,21.0,34.0,31.0,38.0,43.0,39.0,23.0,24.0,37.0
32.0,39.0,26.0,33.0,28.0,45.0,27.0,22.0,21.0,37.0,41.0,38.0,39.0,32.0,29.0,30.0,40.0,38.0,37.0,31.0,34.0,36.0,41.0,33.0,37.0,22.0,24.0,31.0,42.0,30.0,42.0,39.0,23.0,37.0,39.0,33.0,44.0,31.0,29.0,45.0,37.0,36.0,32.0,36.0,37.0,43.0,41.0,31.0,45.0,33.0
28.0,32.0,25.0,31.0,29.0,29.0,35.0,36.0,29.0,27.0,31.0,31.0,28.0,39.0,26.0,32.0,25.0,29.0,35.0,31.0,28.0,33.0,18.0,33.0,37.0,34.0,33.0,24.0,28.0,26.0,29.0,29.0,28.0,43.0,36.0,21.0,30.0,32.0,33.0,37.0,29.0,37.0,30.0,34.0,24.0,36.0,25.0,25.0,34.0,32.0
40.0,25.0,33.0,29.0,38.0,41.0,42.0,37.0,36.0,31.0,25.0,36.0,37.0,30.0,36.0,33.0,32.0,40.0,37.0,33.0,35.0,31.0,41.0,40.0,38.0,38.0,32.0,26.0,35.0,29.0,43.0,35.0,35.0,23.0,37.0,37.0,33.0,31.0,34.0,38.0,42.0,40.0,35.0,38.0,36.0,43.0,38.0,34.0,33.0,31.0
15.0,16.0,23.0,20.0,30.0,21.0,26.0,32.0,29.0,24.0,30.0,23.0,19.0,27.0,25.0,27.0,30.0,20.0,21.0,33.0,29.0,28.0,27.0,25.0,13.0,30.0,24.0,32.0,22.0,33.0,26.0,28.0,34.0,36.0,22.0,27.0,30.0,29.0,34.0,25.0,34.0,28.0,33.0,26.0,25.0,29.0,25.0,18.0,26.0,30.0
37.0,22.0,22.0,29.0,35.0,21.0,20.0,26.0,36.0,22.0,27.0,28.0,22.0,26.0,30.0,28.0,28.0,25.0,34.0,28.0,28.0,30.0,35.0,21.0,27.0,30.0,28.0,40.0,27.0,37.0,37.0,21.0,32.0,32.0,26.0,31.0,20.0,20.0,19.0,26.0,27.0,31.0,31.0,29.0,26.0,35.0,29.0,32.0,27.0,27.0
