10,50,1000
17.033145,17.780607,16.92661,16.343465,19.136414,16.277516,15.697951,19.663554,18.687802,19.706319
8.150609,6.295697,6.530641,7.516477,7.811254,6.59662,7.262412,9.786887,6.61812,5.022658
0.0,10.0,20.0,30.0,40.0,50.0,60.0,70.0,80.0,90.0
10.0,0.0,10.0,20.0,30.0,40.0,50.0,60.0,70.0,80.0
20.0,10.0,0.0,10.0,20.0,30.0,40.0,50.0,60.0,70.0
30.0,20.0,10.0,0.0,10.0,20.0,30.0,40.0,50.0,60.0
40.0,30.0,20.0,10.0,0.0,10.0,20.0,30.0,40.0,50.0
50.0,40.0,30.0,20.0,10.0,0.0,10.0,20.0,30.0,40.0
60.0,50.0,40.0,30.0,20.0,10.0,0.0,10.0,20.0,30.0
70.0,60.0,50.0,40.0,30.0,20.0,10.0,0.0,10.0,20.0
80.0,70.0,60.0,50.0,40.0,30.0,20.0,10.0,0.0,10.0
90.0,80.0,70.0,60.0,50.0,40.0,30.0,20.0,10.0,0.0
450.0,400.0,350.0,300.0,250.0,250.0,300.0,350.0,400.0,450.0
0.0,1.0,2.0,3.0,4.0,5.0,6.0,7.0,8.0,9.0
1.0,0.0,1.0,2.0,3.0,4.0,5.0,6.0,7.0,8.0
2.0,1.0,0.0,1.0,2.0,3.0,4.0,5.0,6.0,7.0
3.0,2.0,1.0,0.0,1.0,2.0,3.0,4.0,5.0,6.0
4.0,3.0,2.0,1.0,0.0,1.0,2.0,3.0,4.0,5.0
5.0,4.0,3.0,2.0,1.0,0.0,1.0,2.0,3.0,4.0
6.0,5.0,4.0,3.0,2.0,1.0,0.0,1.0,2.0,3.0
7.0,6.0,5.0,4.0,3.0,2.0,1.0,0.0,1.0,2.0
8.0,7.0,6.0,5.0,4.0,3.0,2.0,1.0,0.0,1.0
9.0,8.0,7.0,6.0,5.0,4.0,3.0,2.0,1.0,0.0
45.0,40.0,35.0,30.0,25.0,25.0,30.0,35.0,40.0,45.0
34.0,23.0,27.0,28.0,23.0,34.0,35.0,39.0,29.0,31.0,28.0,29.0,32.0,34.0,31.0,24.0,32.0,35.0,26.0,33.0,38.0,28.0,26.0,30.0,28.0,32.0,29.0,35.0,29.0,41.0,39.0,29.0,37.0,34.0,22.0,29.0,21.0,26.0,27.0,33.0,37.0,27.0,23.0,32.0,34.0,34.0,23.0,44.0,33.0,34.0
28.0,18.0,21.0,31.0,37.0,28.0,26.0,25.0,21.0,27.0,22.0,30.0,32.0,30.0,24.0,24.0,30.0,26.0,29.0,30.0,22.0,29.0,30.0,29.0,29.0,24.0,31.0,25.0,25.0,28.0,24.0,24.0,28.0,31.0,26.0,26.0,25.0,19.0,22.0,19.0,24.0,19.0,27.0,31.0,17.0,29.0,24.0,30.0,19.0,23.0
27.0,33.0,27.0,27.0,21.0,21.0,23.0,32.0,31.0,21.0,23.0,34.0,29.0,27.0,21.0,15.0,21.0,25.0,20.0,23.0,24.0,24.0,24.0,30.0,18.0,25.0,22.0,36.0,25.0,24.0,23.0,27.0,31.0,31.0,41.0,25.0,22.0,34.0,22.0,22.0,33.0,36.0,24.0,29.0,24.0,16.0,23.0,22.0,36.0,31.0
31.0,35.0,26.0,34.0,31.0,28.0,22.0,36.0,26.0,24.0,23.0,27.0,35.0,35.0,31.0,25.0,30.0,23.0,30.0,29.0,26.0,36.0,30.0,24.0,24.0,35.0,36.0,24.0,30.0,21.0,33.0,30.0,27.0,16.0,28.0,30.0,30.0,31.0,31.0,29.0,40.0,27.0,31.0,35.0,26.0,30.0,29.0,33.0,25.0,30.0
44.0,36.0,27.0,32.0,24.0,30.0,29.0,29.0,28.0,26.0,35.0,40.0,28.0,25.0,23.0,27.0,31.0,33.0,24.0,35.0,35.0,29.0,41.0,32.0,27.0,30.0,34.0,27.0,33.0,32.0,33.0,28.0,33.0,28.0,25.0,29.0,32.0,33.0,33.0,25.0,40.0,27.0,31.0,37.0,29.0,20.0,32.0,26.0,33.0,30.0
29.0,27.0,18.0,29.0,28.0,25.0,33.0,20.0,22.0,32.0,19.0,21.0,22.0,35.0,18.0,21.0,26.0,26.0,29.0,29.0,29.0,20.0,33.0,25.0,29.0,31.0,22.0,40.0,32.0,17.0,21.0,20.0,19.0,28.0,30.0,34.0,30.0,23.0,29.0,29.0,23.0,25.0,27.0,25.0,26.0,22.0,30.0,15.0,32.0,38.0
24.0,25.0,32.0,28.0,26.0,27.0,31.0,22.0,19.0,24.0,26.0,27.0,30.0,29.0,22.0,28.0,29.0,22.0,28.0,26.0,29.0,29.0,30.0,28.0,34.0,28.0,24.0,27.0,20.0,30.0,22.0,22.0,32.0,22.0,25.0,20.0,32.0,30.0,20.0,26.0,32.0,33.0,30.0,24.0,38.0,17.0,22.0,17.0,30.0,25.0
42.0,39.0,37.0,32.0,38.0,25.0,38.0,38.0,44.0,41.0,38.0,32.0,49.0,35.0,34.0,41.0,36.0,42.0,38.0,29.0,35.0,34.0,37.0,33.0,26.0,36.0,34.0,43.0,41.0,44.0,41.0,40.0,47.0,39.0,30.0,40.0,30.0,32.0,47.0,49.0,36.0,35.0,37.0,30.0,40.0,40.0,37.0,44.0,36.0,50.0
28.0,20.0,19.0,22.0,30.0,19.0,26.0,24.0,24.0,22.0,29.0,17.0,17.0,27.0,37.0,18.0,25.0,18.0,25.0,25.0,27.0,23.0,33.0,34.0,20.0,21.0,26.0,25.0,28.0,21.0,25.0,26.0,31.0,31.0,23.0,31.0,29.0,25.0,29.0,29.0,17.0,28.0,30.0,27.0,24.0,29.0,21.0,28.0,29.0,27.0
30.0,19.0,21.0,16.0,27.0,21.0,22.0,23.0,26.0,31.0,18.0,26.0,24.0,20.0,21.0,23.0,23.0,21.0,31.0,25.0,23.0,31.0,24.0,23.0,23.0,18.0,24.0,25.0,20.0,22.0,16.0,20.0,19.0,24.0,23.0,29.0,18.0,20.0,22.0,21.0,24.0,28.0,16.0,24.0,26.0,23.0,26.0,18.0,13.0,24.0
