10,50,1000
19.850527,18.136157,17.074914,16.777283,18.633501,17.021597,18.897748,16.368134,16.074561,16.676144
5.941651,5.087071,5.385276,6.71702,7.453354,8.468249,8.247118,7.378325,6.526251,6.877808
0.0,10.0,20.0,30.0,40.0,50.0,60.0,70.0,80.0,90.0
10.0,0.0,10.0,20.0,30.0,40.0,50.0,60.0,70.0,80.0
20.0,10.0,0.0,10.0,20.0,30.0,40.0,50.0,60.0,70.0
30.0,20.0,10.0,0.0,10.0,20.0,30.0,40.0,50.0,60.0
40.0,30.0,20.0,10.0,0.0,10.0,20.0,30.0,40.0,50.0
50.0,40.0,30.0,20.0,10.0,0.0,10.0,20.0,30.0,40.0
60.0,50.0,40.0,30.0,20.0,10.0,0.0,10.0,20.0,30.0
70.0,60.0,50.0,40.0,30.0,20.0,10.0,0.0,10.0,20.0
80.0,70.0,60.0,50.0,40.0,30.0,20.0,10.0,0.0,10.0
90.0,80.0,70.0,60.0,50.0,40.0,30.0,20.0,10.0,0.0
450.0,400.0,350.0,300.0,250.0,250.0,300.0,350.0,400.0,450.0
0.0,1.0,2.0,3.0,4.0,5.0,6.0,7.0,8.0,9.0
1.0,0.0,1.0,2.0,3.0,4.0,5.0,6.0,7.0,8.0
2.0,1.0,0.0,1.0,2.0,3.0,4.0,5.0,6.0,7.0
3.0,2.0,1.0,0.0,1.0,2.0,3.0,4.0,5.0,6.0
4.0,3.0,2.0,1.0,0.0,1.0,2.0,3.0,4.0,5.0
5.0,4.0,3.0,2.0,1.0,0.0,1.0,2.0,3.0,4.0
6.0,5.0,4.0,3.0,2.0,1.0,0.0,1.0,2.0,3.0
7.0,6.0,5.0,4.0,3.0,2.0,1.0,0.0,1.0,2.0
8.0,7.0,6.0,5.0,4.0,3.0,2.0,1.0,0.0,1.0
9.0,8.0,7.0,6.0,5.0,4.0,3.0,2.0,1.0,0.0
45.0,40.0,35.0,30.0,25.0,25.0,30.0,35.0,40.0,45.0
24.0,18.0,19.0,13.0,25.0,23.0,20.0,25.0,25.0,25.0,23.0,21.0,29.0,27.0,37.0,20.0,21.0,24.0,24.0,29.0,33.0,21.0,25.0,14.0,23.0,26.0,23.0,24.0,25.0,29.0,32.0,26.0,23.0,33.0,28.0,27.0,14.0,29.0,15.0,18.0,24.0,25.0,23.0,30.0,43.0,22.0,19.0,25.0,24.0,30.0
21.0,22.0,15.0,21.0,23.0,28.0,24.0,31.0,27.0,29.0,23.0,18.0,28.0,16.0,15.0,25.0,22.0,27.0,19.0,20.0,21.0,26.0,24.0,16.0,21.0,24.0,30.0,14.0,25.0,24.0,14.0,20.0,25.0,21.0,25.0,22.0,24.0,16.0,20.0,16.0,20.0,34.0,28.0,18.0,18.0,18.0,17.0,24.0,14.0,29.0
21.0,25.0,24.0,18.0,21.0,18.0,19.0,28.0,15.0,25.0,27.0,22.0,23.0,28.0,16.0,20.0,24.0,18.0,21.0,25.0,22.0,23.0,33.0,18.0,27.0,24.0,17.0,26.0,20.0,17.0,19.0,32.0,23.0,24.0,20.0,19.0,15.0,19.0,23.0,20.0,18.0,24.0,24.0,22.0,19.0,17.0,16.0,17.0,15.0,21.0
19.0,28.0,31.0,30.0,30.0,27.0,38.0,20.0,26.0,37.0,30.0,30.0,28.0,26.0,24.0,20.0,28.0,28.0,29.0,22.0,28.0,25.0,21.0,30.0,21.0,24.0,35.0,23.0,27.0,24.0,25.0,15.0,22.0,30.0,27.0,23.0,24.0,23.0,28.0,20.0,23.0,20.0,28.0,22.0,30.0,26.0,20.0,28.0,32.0,32.0
32.0,29.0,40.0,35.0,28.0,33.0,29.0,26.0,24.0,19.0,33.0,26.0,22.0,29.0,25.0,26.0,30.0,30.0,34.0,33.0,30.0,27.0,33.0,31.0,40.0,22.0,20.0,33.0,26.0,31.0,23.0,33.0,30.0,28.0,27.0,35.0,33.0,26.0,35.0,38.0,29.0,36.0,29.0,25.0,29.0,31.0,30.0,24.0,30.0,33.0
30.0,31.0,29.0,36.0,35.0,26.0,34.0,40.0,32.0,39.0,27.0,36.0,27.0,30.0,36.0,34.0,42.0,23.0,27.0,30.0,29.0,34.0,27.0,29.0,38.0,31.0,32.0,25.0,25.0,35.0,34.0,35.0,25.0,25.0,33.0,35.0,26.0,18.0,31.0,47.0,23.0,37.0,29.0,33.0,27.0,30.0,32.0,22.0,34.0,34.0
43.0,38.0,27.0,35.0,27.0,43.0,30.0,34.0,36.0,39.0,39.0,27.0,21.0,22.0,47.0,32.0,32.0,37.0,22.0,36.0,37.0,35.0,24.0,41.0,22.0,25.0,32.0,35.0,36.0,32.0,31.0,34.0,30.0,27.0,37.0,39.0,25.0,32.0,27.0,28.0,36.0,29.0,31.0,26.0,29.0,39.0,26.0,31.0,29.0,35.0
23.0,29.0,22.0,29.0,27.0,33.0,28.0,22.0,30.0,28.0,30.0,38.0,20.0,25.0,18.0,23.0,34.0,29.0,31.0,30.0,28.0,32.0,20.0,25.0,26.0,30.0,36.0,31.0,26.0,22.0,24.0,27.0,26.0,31.0,26.0,31.0,29.0,27.0,29.0,28.0,26.0,32.0,26.0,38.0,33.0,30.0,34.0,38.0,36.0,26.0
39.0,29.0,21.0,25.0,28.0,31.0,25.0,25.0,28.0,31.0,26.0,21.0,35.0,27.0,22.0,33.0,23.0,24.0,16.0,24.0,18.0,22.0,18.0,25.0,19.0,30.0,27.0,30.0,19.0,24.0,31.0,29.0,28.0,26.0,25.0,34.0,28.0,30.0,16.0,29.0,28.0,15.0,18.0,26.0,29.0,20.0,35.0,22.0,19.0,21.0
18.0,21.0,28.0,29.0,27.0,26.0,30.0,32.0,26.0,30.0,35.0,19.0,31.0,29.0,32.0,20.0,29.0,32.0,28.0,35.0,26.0,28.0,31.0,26.0,29.0,30.0,25.0,28.0,22.0,21.0,32.0,20.0,20.0,33.0,36.0,24.0,27.0,24.0,28.0,34.0,19.0,23.0,30.0,23.0,25.0,30.0,21.0,24.0,26.0,16.0
