10,50,1000
17.058503,17.388418,15.432857,15.333784,18.231473,17.167619,18.455397,15.747769,15.807992,19.499309
9.475923,8.354123,7.061382,8.81775,5.072891,5.647641,7.67748,7.248366,8.965972,6.816492
0.0,10.0,20.0,30.0,40.0,50.0,60.0,70.0,80.0,90.0
10.0,0.0,10.0,20.0,30.0,40.0,50.0,60.0,70.0,80.0
20.0,10.0,0.0,10.0,20.0,30.0,40.0,50.0,60.0,70.0
30.0,20.0,10.0,0.0,10.0,20.0,30.0,40.0,50.0,60.0
40.0,30.0,20.0,10.0,0.0,10.0,20.0,30.0,40.0,50.0
50.0,40.0,30.0,20.0,10.0,0.0,10.0,20.0,30.0,40.0
60.0,50.0,40.0,30.0,20.0,10.0,0.0,10.0,20.0,30.0
70.0,60.0,50.0,40.0,30.0,20.0,10.0,0.0,10.0,20.0
80.0,70.0,60.0,50.0,40.0,30.0,20.0,10.0,0.0,10.0
90.0,80.0,70.0,60.0,50.0,40.0,30.0,20.0,10.0,0.0
450.0,400.0,350.0,300.0,250.0,250.0,300.0,350.0,400.0,450.0
0.0,1.0,2.0,3.0,4.0,5.0,6.0,7.0,8.0,9.0
1.0,0.0,1.0,2.0,3.0,4.0,5.0,6.0,7.0,8.0
2.0,1.0,0.0,1.0,2.0,3.0,4.0,5.0,6.0,7.0
3.0,2.0,1.0,0.0,1.0,2.0,3.0,4.0,5.0,6.0
4.0,3.0,2.0,1.0,0.0,1.0,2.0,3.0,4.0,5.0
5.0,4.0,3.0,2.0,1.0,0.0,1.0,2.0,3.0,4.0
6.0,5.0,4.0,3.0,2.0,1.0,0.0,1.0,2.0,3.0
7.0,6.0,5.0,4.0,3.0,2.0,1.0,0.0,1.0,2.0
8.0,7.0,6.0,5.0,4.0,3.0,2.0,1.0,0.0,1.0
9.0,8.0,7.0,6.0,5.0,4.0,3.0,2.0,1.0,0.0
45.0,40.0,35.0,30.0,25.0,25.0,30.0,35.0,40.0,45.0
38.0,32.0,27.0,38.0,24.0,38.0,39.0,30.0,32.0,37.0,45.0,32.0,37.0,29.0,28.0,26.0,39.0,42.0,29.0,32.0,39.0,30.0,24.0,33.0,38.0,20.0,32.0,33.0,31.0,34.0,37.0,29.0,35.0,38.0,38.0,34.0,29.0,45.0,35.0,44.0,36.0,27.0,37.0,44.0,36.0,42.0,30.0,36.0,41.0,51.0
27.0,33.0,24.0,36.0,20.0,30.0,37.0,22.0,29.0,27.0,33.0,40.0,23.0,33.0,26.0,40.0,32.0,44.0,23.0,30.0,30.0,28.0,29.0,35.0,31.0,30.0,40.0,37.0,23.0,35.0,35.0,24.0,36.0,31.0,30.0,38.0,34.0,29.0,35.0,29.0,31.0,37.0,28.0,36.0,37.0,27.0,29.0,33.0,29.0,30.0
26.0,31.0,32.0,20.0,34.0,20.0,28.0,25.0,29.0,19.0,23.0,30.0,28.0,33.0,25.0,27.0,29.0,27.0,28.0,24.0,30.0,30.0,31.0,25.0,29.0,30.0,29.0,32.0,32.0,30.0,26.0,16.0,36.0,27.0,23.0,25.0,22.0,25.0,24.0,33.0,29.0,27.0,37.0,24.0,29.0,28.0,32.0,26.0,21.0,33.0
28.0,27.0,39.0,38.0,26.0,31.0,27.0,31.0,39.0,32.0,36.0,29.0,31.0,27.0,37.0,32.0,34.0,26.0,26.0,27.0,28.0,26.0,28.0,29.0,36.0,29.0,36.0,33.0,24.0,26.0,35.0,21.0,29.0,27.0,29.0,48.0,37.0,32.0,32.0,30.0,29.0,39.0,25.0,29.0,35.0,32.0,41.0,36.0,22.0,28.0
25.0,28.0,19.0,17.0,22.0,25.0,18.0,14.0,17.0,15.0,14.0,15.0,20.0,24.0,17.0,23.0,19.0,22.0,21.0,29.0,25.0,24.0,19.0,20.0,14.0,19.0,16.0,20.0,21.0,19.0,16.0,23.0,14.0,27.0,21.0,25.0,24.0,18.0,23.0,23.0,20.0,21.0,17.0,21.0,22.0,29.0,27.0,19.0,24.0,16.0
26.0,21.0,23.0,21.0,24.0,26.0,21.0,20.0,24.0,20.0,23.0,21.0,14.0,23.0,20.0,16.0,28.0,24.0,27.0,22.0,18.0,25.0,26.0,32.0,24.0,25.0,18.0,15.0,26.0,17.0,30.0,27.0,22.0,19.0,21.0,31.0,25.0,23.0,28.0,24.0,32.0,26.0,23.0,23.0,22.0,33.0,22.0,26.0,27.0,30.0
31.0,33.0,32.0,21.0,27.0,32.0,31.0,37.0,19.0,30.0,21.0,19.0,31.0,35.0,36.0,29.0,32.0,25.0,28.0,26.0,33.0,28.0,31.0,36.0,35.0,28.0,22.0,32.0,28.0,30.0,28.0,38.0,42.0,36.0,24.0,42.0,25.0,31.0,37.0,24.0,32.0,20.0,34.0,21.0,24.0,29.0,36.0,33.0,29.0,34.0
28.0,30.0,27.0,29.0,21.0,37.0,31.0,25.0,27.0,24.0,31.0,26.0,34.0,24.0,26.0,28.0,19.0,32.0,22.0,27.0,31.0,29.0,18.0,29.0,25.0,32.0,35.0,35.0,25.0,30.0,26.0,30.0,32.0,29.0,21.0,21.0,30.0,29.0,27.0,21.0,28.0,25.0,27.0,31.0,26.0,28.0,26.0,17.0,32.0,23.0
41.0,37.0,33.0,24.0,42.0,32.0,44.0,35.0,33.0,36.0,36.0,39.0,34.0,32.0,33.0,23.0,44.0,27.0,32.0,29.0,30.0,39.0,25.0,37.0,29.0,32.0,36.0,27.0,30.0,28.0,40.0,25.0,45.0,27.0,32.0,33.0,33.0,25.0,41.0,37.0,35.0,32.0,30.0,45.0,35.0,37.0,37.0,31.0,27.0,48.0
34.0,26.0,22.0,27.0,23.0,20.0,26.0,27.0,24.0,31.0,17.0,31.0,23.0,31.0,37.0,21.0,36.0,26.0,21.0,22.0,18.0,37.0,33.0,39.0,30.0,36.0,25.0,37.0,26.0,19.0,27.0,35.0,33.0,26.0,25.0,27.0,29.0,23.0,29.0,27.0,27.0,23.0,19.0,29.0,22.0,31.0,24.0,36.0,19.0,24.0
