10,50,1000
16.674603,19.771695,19.549982,19.291449,18.077043,18.822053,18.018264,18.639716,18.686889,15.00576
5.3131,8.827954,6.602848,5.225927,6.616687,6.106909,9.000911,9.115607,9.668368,5.3985
0.0,10.0,20.0,30.0,40.0,50.0,60.0,70.0,80.0,90.0
10.0,0.0,10.0,20.0,30.0,40.0,50.0,60.0,70.0,80.0
20.0,10.0,0.0,10.0,20.0,30.0,40.0,50.0,60.0,70.0
30.0,20.0,10.0,0.0,10.0,20.0,30.0,40.0,50.0,60.0
40.0,30.0,20.0,10.0,0.0,10.0,20.0,30.0,40.0,50.0
50.0,40.0,30.0,20.0,10.0,0.0,10.0,20.0,30.0,40.0
60.0,50.0,40.0,30.0,20.0,10.0,0.0,10.0,20.0,30.0
70.0,60.0,50.0,40.0,30.0,20.0,10.0,0.0,10.0,20.0
80.0,70.0,60.0,50.0,40.0,30.0,20.0,10.0,0.0,10.0
90.0,80.0,70.0,60.0,50.0,40.0,30.0,20.0,10.0,0.0
450.0,400.0,350.0,300.0,250.0,250.0,300.0,350.0,400.0,450.0
0.0,1.0,2.0,3.0,4.0,5.0,6.0,7.0,8.0,9.0
1.0,0.0,1.0,2.0,3.0,4.0,5.0,6.0,7.0,8.0
2.0,1.0,0.0,1.0,2.0,3.0,4.0,5.0,6.0,7.0
3.0,2.0,1.0,0.0,1.0,2.0,3.0,4.0,5.0,6.0
4.0,3.0,2.0,1.0,0.0,1.0,2.0,3.0,4.0,5.0
5.0,4.0,3.0,2.0,1.0,0.0,1.0,2.0,3.0,4.0
6.0,5.0,4.0,3.0,2.0,1.0,0.0,1.0,2.0,3.0
7.0,6.0,5.0,4.0,3.0,2.0,1.0,0.0,1.0,2.0
8.0,7.0,6.0,5.0,4.0,3.0,2.0,1.0,0.0,1.0
9.0,8.0,7.0,6.0,5.0,4.0,3.0,2.0,1.0,0.0
45.0,40.0,35.0,30.0,25.0,25.0,30.0,35.0,40.0,45.0
24.0,20.0,22.0,15.0,23.0,23.0,25.0,16.0,27.0,24.0,25.0,17.0,29.0,15.0,16.0,13.0,23.0,30.0,22.0,25.0,27.0,20.0,33.0,18.0,19.0,23.0,19.0,25.0,25.0,23.0,23.0,15.0,27.0,18.0,19.0,35.0,24.0,27.0,22.0,16.0,16.0,26.0,24.0,23.0,21.0,20.0,14.0,22.0,17.0,20.0
29.0,40.0,35.0,28.0,41.0,35.0,40.0,33.0,31.0,36.0,39.0,33.0,30.0,33.0,33.0,35.0,32.0,35.0,34.0,35.0,38.0,39.0,38.0,42.0,43.0,23.0,28.0,39.0,37.0,39.0,32.0,34.0,34.0,35.0,29.0,28.0,33.0,35.0,36.0,35.0,32.0,35.0,35.0,33.0,36.0,27.0,25.0,29.0,32.0,26.0
24.0,13.0,31.0,25.0,28.0,29.0,28.0,42.0,17.0,26.0,31.0,34.0,26.0,24.0,18.0,37.0,33.0,25.0,33.0,32.0,31.0,17.0,26.0,36.0,28.0,26.0,19.0,25.0,28.0,31.0,29.0,26.0,24.0,21.0,23.0,19.0,29.0,29.0,33.0,26.0,27.0,26.0,27.0,24.0,24.0,16.0,26.0,26.0,21.0,28.0
22.0,20.0,25.0,19.0,14.0,23.0,17.0,31.0,22.0,23.0,24.0,19.0,26.0,19.0,25.0,23.0,24.0,31.0,23.0,29.0,22.0,32.0,29.0,19.0,18.0,21.0,20.0,25.0,20.0,21.0,21.0,12.0,29.0,24.0,21.0,18.0,23.0,16.0,20.0,18.0,19.0,19.0,15.0,20.0,21.0,23.0,12.0,25.0,21.0,19.0
28.0,32.0,22.0,21.0,32.0,23.0,31.0,29.0,32.0,26.0,23.0,29.0,27.0,22.0,37.0,23.0,26.0,25.0,31.0,27.0,26.0,32.0,21.0,27.0,28.0,24.0,32.0,32.0,25.0,37.0,25.0,19.0,30.0,25.0,23.0,32.0,23.0,26.0,28.0,20.0,25.0,27.0,19.0,30.0,27.0,27.0,23.0,25.0,24.0,30.0
26.0,26.0,19.0,25.0,37.0,27.0,25.0,21.0,21.0,25.0,20.0,22.0,29.0,28.0,22.0,23.0,29.0,32.0,18.0,33.0,29.0,24.0,26.0,21.0,26.0,18.0,28.0,31.0,26.0,25.0,25.0,24.0,25.0,27.0,33.0,32.0,24.0,18.0,17.0,20.0,30.0,22.0,24.0,23.0,27.0,36.0,21.0,26.0,22.0,23.0
28.0,37.0,27.0,27.0,32.0,36.0,33.0,38.0,34.0,36.0,42.0,33.0,33.0,26.0,43.0,38.0,31.0,30.0,37.0,44.0,28.0,32.0,27.0,48.0,24.0,28.0,37.0,27.0,35.0,29.0,37.0,23.0,36.0,38.0,39.0,38.0,29.0,27.0,29.0,37.0,41.0,43.0,42.0,31.0,36.0,42.0,30.0,28.0,30.0,37.0
47.0,27.0,41.0,28.0,42.0,21.0,40.0,37.0,33.0,30.0,30.0,43.0,33.0,30.0,28.0,41.0,30.0,24.0,20.0,32.0,26.0,40.0,24.0,34.0,35.0,39.0,38.0,35.0,29.0,37.0,47.0,41.0,31.0,35.0,30.0,31.0,33.0,28.0,43.0,41.0,35.0,32.0,45.0,35.0,30.0,37.0,36.0,30.0,33.0,34.0
35.0,33.0,25.0,35.0,31.0,43.0,41.0,32.0,44.0,47.0,30.0,33.0,32.0,40.0,34.0,34.0,28.0,48.0,40.0,26.0,31.0,39.0,29.0,46.0,31.0,33.0,37.0,43.0,39.0,34.0,32.0,34.0,42.0,37.0,47.0,25.0,37.0,30.0,35.0,37.0,37.0,42.0,34.0,39.0,28.0,28.0,32.0,36.0,32.0,37.0
21.0,16.0,21.0,19.0,20.0,25.0,24.0,23.0,31.0,20.0,23.0,24.0,27.0,18.0,15.0,19.0,20.0,22.0,21.0,19.0,18.0,13.0,24.0,25.0,24.0,41.0,20.0,15.0,16.0,22.0,13.0,22.0,27.0,22.0,24.0,37.0,22.0,24.0,27.0,16.0,20.0,14.0,20.0,27.0,19.0,25.0,30.0,12.0,20.0,15.0
