10,50,1000
18.029185,16.334258,17.597583,18.280549,15.326909,19.526549,16.048789,15.243563,15.134783,15.822196
6.752441,8.75111,5.690552,6.0488,8.493229,6.072499,8.5292,7.276399,8.690413,9.516109
0.0,10.0,20.0,30.0,40.0,50.0,60.0,70.0,80.0,90.0
10.0,0.0,10.0,20.0,30.0,40.0,50.0,60.0,70.0,80.0
20.0,10.0,0.0,10.0,20.0,30.0,40.0,50.0,60.0,70.0
30.0,20.0,10.0,0.0,10.0,20.0,30.0,40.0,50.0,60.0
40.0,30.0,20.0,10.0,0.0,10.0,20.0,30.0,40.0,50.0
50.0,40.0,30.0,20.0,10.0,0.0,10.0,20.0,30.0,40.0
60.0,50.0,40.0,30.0,20.0,10.0,0.0,10.0,20.0,30.0
70.0,60.0,50.0,40.0,30.0,20.0,10.0,0.0,10.0,20.0
80.0,70.0,60.0,50.0,40.0,30.0,20.0,10.0,0.0,10.0
90.0,80.0,70.0,60.0,50.0,40.0,30.0,20.0,10.0,0.0
450.0,400.0,350.0,300.0,250.0,250.0,300.0,350.0,400.0,450.0
0.0,1.0,2.0,3.0,4.0,5.0,6.0,7.0,8.0,9.0
1.0,0.0,1.0,2.0,3.0,4.0,5.0,6.0,7.0,8.0
2.0,1.0,0.0,1.0,2.0,3.0,4.0,5.0,6.0,7.0
3.0,2.0,1.0,0.0,1.0,2.0,3.0,4.0,5.0,6.0
4.0,3.0,2.0,1.0,0.0,1.0,2.0,3.0,4.0,5.0
5.0,4.0,3.0,2.0,1.0,0.0,1.0,2.0,3.0,4.0
6.0,5.0,4.0,3.0,2.0,1.0,0.0,1.0,2.0,3.0
7.0,6.0,5.0,4.0,3.0,2.0,1.0,0.0,1.0,2.0
8.0,7.0,6.0,5.0,4.0,3.0,2.0,1.0,0.0,1.0
9.0,8.0,7.0,6.0,5.0,4.0,3.0,2.0,1.0,0.0
45.0,40.0,35.0,30.0,25.0,25.0,30.0,35.0,40.0,45.0
32.0,26.0,34.0,30.0,32.0,21.0,28.0,24.0,27.0,21.0,36.0,17.0,34.0,28.0,28.0,27.0,16.0,25.0,37.0,22.0,18.0,32.0,30.0,24.0,30.0,22.0,23.0,27.0,19.0,34.0,29.0,19.0,28.0,33.0,17.0,22.0,25.0,32.0,25.0,29.0,17.0,20.0,21.0,20.0,24.0,25.0,30.0,30.0,24.0,24.0
26.0,30.0,37.0,39.0,29.0,28.0,36.0,30.0,28.0,34.0,28.0,41.0,35.0,36.0,25.0,29.0,34.0,35.0,30.0,33.0,29.0,28.0,32.0,27.0,31.0,25.0,29.0,38.0,47.0,25.0,33.0,32.0,33.0,32.0,30.0,28.0,29.0,24.0,42.0,27.0,33.0,41.0,37.0,25.0,18.0,42.0,24.0,29.0,41.0,32.0
19.0,16.0,25.0,18.0,26.0,24.0,20.0,28.0,26.0,21.0,23.0,26.0,24.0,21.0,27.0,18.0,20.0,32.0,28.0,18.0,27.0,30.0,21.0,32.0,16.0,25.0,22.0,20.0,19.0,22.0,23.0,28.0,26.0,23.0,20.0,31.0,15.0,21.0,20.0,14.0,21.0,21.0,21.0,21.0,17.0,14.0,30.0,18.0,31.0,13.0
17.0,27.0,23.0,28.0,18.0,22.0,29.0,31.0,14.0,30.0,21.0,21.0,18.0,26.0,28.0,25.0,29.0,30.0,22.0,24.0,21.0,26.0,21.0,25.0,20.0,30.0,25.0,19.0,21.0,24.0,19.0,23.0,27.0,23.0,21.0,23.0,26.0,25.0,31.0,25.0,19.0,22.0,23.0,25.0,28.0,16.0,20.0,23.0,28.0,19.0
31.0,28.0,28.0,32.0,31.0,29.0,24.0,26.0,29.0,26.0,27.0,35.0,29.0,25.0,29.0,33.0,32.0,38.0,32.0,27.0,25.0,28.0,26.0,39.0,28.0,31.0,29.0,26.0,28.0,32.0,36.0,28.0,36.0,36.0,25.0,31.0,29.0,33.0,38.0,34.0,30.0,30.0,32.0,29.0,28.0,40.0,36.0,33.0,32.0,37.0
28.0,16.0,14.0,20.0,20.0,26.0,21.0,31.0,25.0,25.0,31.0,22.0,24.0,23.0,31.0,28.0,22.0,19.0,25.0,26.0,29.0,16.0,34.0,20.0,23.0,32.0,27.0,22.0,23.0,23.0,20.0,25.0,18.0,30.0,20.0,22.0,29.0,21.0,33.0,24.0,23.0,21.0,38.0,20.0,32.0,25.0,27.0,27.0,31.0,33.0
34.0,36.0,27.0,33.0,45.0,29.0,28.0,41.0,26.0,33.0,25.0,37.0,35.0,34.0,26.0,31.0,25.0,17.0,36.0,30.0,34.0,34.0,29.0,41.0,25.0,26.0,21.0,26.0,39.0,41.0,36.0,26.0,38.0,35.0,30.0,28.0,39.0,29.0,34.0,33.0,37.0,33.0,38.0,33.0,37.0,34.0,41.0,37.0,35.0,27.0
21.0,15.0,28.0,23.0,22.0,33.0,28.0,26.0,37.0,37.0,31.0,25.0,33.0,23.0,30.0,33.0,29.0,28.0,25.0,22.0,34.0,34.0,19.0,22.0,25.0,34.0,16.0,38.0,18.0,34.0,35.0,29.0,29.0,28.0,33.0,16.0,22.0,22.0,34.0,30.0,24.0,26.0,22.0,34.0,31.0,27.0,21.0,22.0,32.0,35.0
35.0,35.0,26.0,33.0,39.0,38.0,29.0,30.0,32.0,27.0,22.0,25.0,29.0,31.0,34.0,34.0,38.0,33.0,31.0,38.0,35.0,26.0,36.0,38.0,26.0,33.0,34.0,39.0,31.0,31.0,27.0,32.0,35.0,29.0,31.0,34.0,30.0,34.0,35.0,24.0,28.0,33.0,28.0,43.0,34.0,28.0,27.0,35.0,34.0,43.0
34.0,34.0,28.0,26.0,48.0,30.0,34.0,32.0,37.0,34.0,31.0,36.0,36.0,45.0,35.0,32.0,42.0,45.0,39.0,27.0,33.0,44.0,33.0,37.0,36.0,33.0,43.0,36.0,35.0,37.0,35.0,26.0,36.0,53.0,36.0,40.0,37.0,35.0,32.0,30.0,30.0,37.0,32.0,31.0,40.0,38.0,32.0,30.0,35.0,37.0
