10,50,1000
19.153998,15.832,18.411917,15.541852,19.606932,17.036175,16.623391,17.954089,17.292548,15.835084
8.748843,9.846642,8.957764,7.539141,8.156578,8.923823,9.37049,6.05864,9.898258,6.603192
0.0,10.0,20.0,30.0,40.0,50.0,60.0,70.0,80.0,90.0
10.0,0.0,10.0,20.0,30.0,40.0,50.0,60.0,70.0,80.0
20.0,10.0,0.0,10.0,20.0,30.0,40.0,50.0,60.0,70.0
30.0,20.0,10.0,0.0,10.0,20.0,30.0,40.0,50.0,60.0
40.0,30.0,20.0,10.0,0.0,10.0,20.0,30.0,40.0,50.0
50.0,40.0,30.0,20.0,10.0,0.0,10.0,20.0,30.0,40.0
60.0,50.0,40.0,30.0,20.0,10.0,0.0,10.0,20.0,30.0
70.0,60.0,50.0,40.0,30.0,20.0,10.0,0.0,10.0,20.0
80.0,70.0,60.0,50.0,40.0,30.0,20.0,10.0,0.0,10.0
90.0,80.0,70.0,60.0,50.0,40.0,30.0,20.0,10.0,0.0
450.0,400.0,350.0,300.0,250.0,250.0,300.0,350.0,400.0,450.0
0.0,1.0,2.0,3.0,4.0,5.0,6.0,7.0,8.0,9.0
1.0,0.0,1.0,2.0,3.0,4.0,5.0,6.0,7.0,8.0
2.0,1.0,0.0,1.0,2.0,3.0,4.0,5.0,6.0,7.0
3.0,2.0,1.0,0.0,1.0,2.0,3.0,4.0,5.0,6.0
4.0,3.0,2.0,1.0,0.0,1.0,2.0,3.0,4.0,5.0
5.0,4.0,3.0,2.0,1.0,0.0,1.0,2.0,3.0,4.0
6.0,5.0,4.0,3.0,2.0,1.0,0.0,1.0,2.0,3.0
7.0,6.0,5.0,4.0,3.0,2.0,1.0,0.0,1.0,2.0
8.0,7.0,6.0,5.0,4.0,3.0,2.0,1.0,0.0,1.0
9.0,8.0,7.0,6.0,5.0,4.0,3.0,2.0,1.0,0.0
45.0,40.0,35.0,30.0,25.0,25.0,30.0,35.0,40.0,45.0
29.0,31.0,36.0,26.0,36.0,28.0,18.0,36.0,40.0,33.0,44.0,29.0,27.0,23.0,19.0,32.0,39.0,35.0,36.0,36.0,34.0,49.0,28.0,25.0,39.0,40.0,39.0,28.0,36.0,25.0,41.0,32.0,32.0,31.0,31.0,46.0,44.0,35.0,43.0,31.0,41.0,40.0,38.0,33.0,36.0,40.0,34.0,34.0,29.0,38.0
49.0,31.0,40.0,22.0,32.0,38.0,32.0,33.0,48.0,40.0,36.0,47.0,38.0,38.0,39.0,25.0,32.0,31.0,30.0,34.0,33.0,29.0,41.0,33.0,31.0,38.0,42.0,32.0,32.0,39.0,32.0,37.0,45.0,42.0,34.0,36.0,25.0,36.0,40.0,35.0,35.0,30.0,36.0,35.0,32.0,42.0,33.0,39.0,36.0,30.0
37.0,34.0,36.0,41.0,28.0,23.0,29.0,30.0,32.0,40.0,30.0,34.0,41.0,35.0,38.0,26.0,36.0,39.0,27.0,23.0,27.0,32.0,29.0,40.0,28.0,41.0,38.0,36.0,31.0,44.0,41.0,30.0,46.0,37.0,36.0,39.0,22.0,42.0,22.0,40.0,41.0,41.0,25.0,35.0,30.0,32.0,30.0,36.0,32.0,33.0
23.0,24.0,32.0,33.0,19.0,29.0,34.0,33.0,31.0,32.0,25.0,32.0,20.0,28.0,23.0,26.0,33.0,28.0,26.0,24.0,27.0,32.0,34.0,28.0,26.0,34.0,25.0,27.0,29.0,24.0,30.0,34.0,31.0,21.0,20.0,30.0,27.0,29.0,31.0,26.0,35.0,27.0,25.0,31.0,24.0,19.0,33.0,29.0,25.0,27.0
38.0,38.0,32.0,33.0,32.0,29.0,34.0,44.0,40.0,26.0,35.0,30.0,28.0,27.0,25.0,30.0,31.0,35.0,26.0,41.0,29.0,31.0,25.0,42.0,26.0,31.0,26.0,23.0,36.0,31.0,39.0,32.0,27.0,36.0,19.0,35.0,32.0,26.0,32.0,27.0,34.0,31.0,31.0,27.0,34.0,21.0,29.0,22.0,30.0,33.0
29.0,32.0,33.0,28.0,31.0,32.0,37.0,30.0,46.0,39.0,31.0,38.0,31.0,38.0,30.0,36.0,40.0,30.0,29.0,39.0,29.0,33.0,24.0,27.0,32.0,33.0,28.0,32.0,28.0,33.0,26.0,32.0,24.0,23.0,37.0,31.0,34.0,28.0,34.0,29.0,30.0,38.0,34.0,25.0,25.0,29.0,32.0,27.0,23.0,34.0
34.0,34.0,29.0,37.0,46.0,36.0,49.0,39.0,27.0,43.0,40.0,29.0,29.0,36.0,40.0,33.0,27.0,41.0,35.0,37.0,41.0,38.0,35.0,29.0,49.0,38.0,46.0,41.0,39.0,33.0,25.0,41.0,31.0,26.0,25.0,37.0,34.0,42.0,33.0,36.0,22.0,28.0,47.0,40.0,37.0,34.0,30.0,37.0,25.0,34.0
22.0,19.0,24.0,23.0,18.0,25.0,29.0,29.0,30.0,15.0,19.0,25.0,35.0,24.0,16.0,28.0,27.0,23.0,22.0,19.0,26.0,34.0,21.0,28.0,25.0,34.0,38.0,31.0,20.0,17.0,16.0,20.0,22.0,20.0,26.0,34.0,26.0,20.0,24.0,22.0,20.0,19.0,24.0,28.0,16.0,24.0,22.0,26.0,17.0,26.0
40.0,21.0,40.0,36.0,45.0,45.0,30.0,38.0,27.0,46.0,41.0,40.0,39.0,36.0,31.0,44.0,42.0,32.0,31.0,35.0,35.0,30.0,37.0,42.0,50.0,33.0,28.0,33.0,35.0,28.0,39.0,34.0,41.0,28.0,25.0,45.0,32.0,35.0,33.0,38.0,42.0,32.0,30.0,32.0,47.0,35.0,39.0,33.0,31.0,40.0
31.0,21.0,32.0,32.0,13.0,24.0,23.0,33.0,31.0,17.0,28.0,24.0,24.0,32.0,24.0,30.0,20.0,21.0,26.0,26.0,32.0,24.0,24.0,21.0,19.0,24.0,19.0,33.0,30.0,29.0,18.0,25.0,32.0,20.0,25.0,33.0,30.0,17.0,24.0,21.0,30.0,31.0,27.0,29.0,21.0,23.0,25.0,30.0,25.0,28.0
