10,50,1000
19.17885,19.787474,19.037456,15.925193,18.302619,15.056567,15.237944,17.787807,18.5742,19.021465
5.84786,6.374314,6.510522,5.416234,8.034277,7.448504,6.776097,7.816268,5.101221,6.611719
0.0,10.0,20.0,30.0,40.0,50.0,60.0,70.0,80.0,90.0
10.0,0.0,10.0,20.0,30.0,40.0,50.0,60.0,70.0,80.0
20.0,10.0,0.0,10.0,20.0,30.0,40.0,50.0,60.0,70.0
30.0,20.0,10.0,0.0,10.0,20.0,30.0,40.0,50.0,60.0
40.0,30.0,20.0,10.0,0.0,10.0,20.0,30.0,40.0,50.0
50.0,40.0,30.0,20.0,10.0,0.0,10.0,20.0,30.0,40.0
60.0,50.0,40.0,30.0,20.0,10.0,0.0,10.0,20.0,30.0
70.0,60.0,50.0,40.0,30.0,20.0,10.0,0.0,10.0,20.0
80.0,70.0,60.0,50.0,40.0,30.0,20.0,10.0,0.0,10.0
90.0,80.0,70.0,60.0,50.0,40.0,30.0,20.0,10.0,0.0
450.0,400.0,350.0,300.0,250.0,250.0,300.0,350.0,400.0,450.0
0.0,1.0,2.0,3.0,4.0,5.0,6.0,7.0,8.0,9.0
1.0,0.0,1.0,2.0,3.0,4.0,5.0,6.0,7.0,8.0
2.0,1.0,0.0,1.0,2.0,3.0,4.0,5.0,6.0,7.0
3.0,2.0,1.0,0.0,1.0,2.0,3.0,4.0,5.0,6.0
4.0,3.0,2.0,1.0,0.0,1.0,2.0,3.0,4.0,5.0
5.0,4.0,3.0,2.0,1.0,0.0,1.0,2.0,3.0,4.0
6.0,5.0,4.0,3.0,2.0,1.0,0.0,1.0,2.0,3.0
7.0,6.0,5.0,4.0,3.0,2.0,1.0,0.0,1.0,2.0
8.0,7.0,6.0,5.0,4.0,3.0,2.0,1.0,0.0,1.0
9.0,8.0,7.0,6.0,5.0,4.0,3.0,2.0,1.0,0.0
45.0,40.0,35.0,30.0,25.0,25.0,30.0,35.0,40.0,45.0
32.0,17.0,25.0,20.0,35.0,30.0,14.0,24.0,20.0,27.0,35.0,35.0,26.0,27.0,20.0,29.0,24.0,30.0,21.0,30.0,17.0,33.0,26.0,16.0,22.0,21.0,27.0,28.0,24.0,19.0,21.0,22.0,17.0,18.0,25.0,25.0,24.0,25.0,22.0,27.0,28.0,31.0,19.0,26.0,34.0,22.0,27.0,27.0,26.0,22.0
36.0,27.0,27.0,35.0,27.0,25.0,19.0,24.0,28.0,28.0,22.0,17.0,30.0,24.0,21.0,26.0,24.0,25.0,25.0,30.0,23.0,26.0,29.0,30.0,18.0,35.0,25.0,27.0,20.0,23.0,25.0,25.0,26.0,21.0,33.0,24.0,26.0,29.0,34.0,22.0,21.0,35.0,25.0,26.0,31.0,23.0,24.0,25.0,32.0,20.0
28.0,20.0,30.0,26.0,31.0,31.0,24.0,32.0,21.0,25.0,33.0,31.0,29.0,26.0,23.0,25.0,19.0,19.0,25.0,32.0,25.0,29.0,31.0,27.0,24.0,31.0,31.0,27.0,24.0,27.0,28.0,19.0,26.0,28.0,38.0,21.0,27.0,26.0,25.0,20.0,22.0,20.0,26.0,26.0,20.0,30.0,21.0,30.0,28.0,23.0
21.0,23.0,28.0,22.0,21.0,21.0,26.0,25.0,21.0,21.0,17.0,21.0,19.0,14.0,22.0,21.0,19.0,21.0,21.0,20.0,19.0,18.0,14.0,17.0,28.0,23.0,28.0,19.0,29.0,24.0,30.0,25.0,20.0,32.0,33.0,32.0,19.0,26.0,22.0,23.0,17.0,23.0,18.0,30.0,35.0,18.0,22.0,17.0,28.0,22.0
25.0,34.0,21.0,39.0,35.0,28.0,27.0,36.0,31.0,32.0,27.0,29.0,30.0,26.0,35.0,35.0,31.0,26.0,31.0,28.0,28.0,28.0,32.0,18.0,22.0,41.0,38.0,29.0,25.0,31.0,31.0,24.0,32.0,33.0,31.0,24.0,33.0,35.0,26.0,23.0,34.0,35.0,29.0,27.0,25.0,31.0,29.0,38.0,30.0,38.0
42.0,32.0,32.0,33.0,29.0,21.0,29.0,27.0,25.0,22.0,31.0,31.0,32.0,25.0,25.0,34.0,39.0,35.0,27.0,27.0,27.0,31.0,25.0,20.0,19.0,23.0,24.0,27.0,43.0,37.0,28.0,16.0,26.0,24.0,25.0,28.0,28.0,20.0,35.0,31.0,24.0,23.0,38.0,27.0,21.0,23.0,22.0,41.0,38.0,40.0
31.0,28.0,25.0,25.0,25.0,20.0,26.0,33.0,31.0,21.0,25.0,28.0,28.0,22.0,19.0,28.0,26.0,34.0,18.0,29.0,22.0,30.0,24.0,30.0,23.0,31.0,33.0,29.0,20.0,26.0,25.0,19.0,27.0,22.0,33.0,32.0,29.0,24.0,27.0,24.0,25.0,21.0,22.0,31.0,20.0,39.0,36.0,24.0,38.0,24.0
30.0,35.0,31.0,36.0,37.0,37.0,40.0,25.0,28.0,23.0,28.0,21.0,36.0,21.0,24.0,37.0,35.0,32.0,23.0,33.0,25.0,32.0,29.0,30.0,33.0,30.0,29.0,26.0,30.0,33.0,36.0,32.0,35.0,23.0,26.0,29.0,32.0,26.0,30.0,27.0,28.0,30.0,33.0,30.0,31.0,38.0,22.0,29.0,29.0,25.0
21.0,29.0,25.0,22.0,23.0,22.0,30.0,25.0,23.0,20.0,24.0,18.0,16.0,30.0,18.0,23.0,26.0,22.0,27.0,28.0,23.0,27.0,18.0,18.0,19.0,25.0,17.0,19.0,11.0,27.0,23.0,37.0,25.0,22.0,19.0,21.0,25.0,25.0,28.0,20.0,19.0,30.0,23.0,22.0,25.0,24.0,24.0,17.0,18.0,22.0
33.0,23.0,29.0,23.0,21.0,31.0,22.0,30.0,25.0,21.0,22.0,35.0,29.0,26.0,33.0,39.0,25.0,17.0,27.0,23.0,27.0,26.0,18.0,31.0,12.0,28.0,33.0,38.0,25.0,32.0,27.0,30.0,33.0,36.0,20.0,30.0,28.0,25.0,18.0,20.0,23.0,26.0,30.0,32.0,25.0,22.0,30.0,26.0,24.0,29.0
