10,50,1000
15.318469,18.352678,18.356644,19.299975,16.512801,18.961531,18.451802,18.131507,17.309539,17.454684
5.851493,7.621,5.638478,7.877515,6.405955,7.474761,6.24673,6.771767,7.413271,8.937261
0.0,10.0,20.0,30.0,40.0,50.0,60.0,70.0,80.0,90.0
10.0,0.0,10.0,20.0,30.0,40.0,50.0,60.0,70.0,80.0
20.0,10.0,0.0,10.0,20.0,30.0,40.0,50.0,60.0,70.0
30.0,20.0,10.0,0.0,10.0,20.0,30.0,40.0,50.0,60.0
40.0,30.0,20.0,10.0,0.0,10.0,20.0,30.0,40.0,50.0
50.0,40.0,30.0,20.0,10.0,0.0,10.0,20.0,30.0,40.0
60.0,50.0,40.0,30.0,20.0,10.0,0.0,10.0,20.0,30.0
70.0,60.0,50.0,40.0,30.0,20.0,10.0,0.0,10.0,20.0
80.0,70.0,60.0,50.0,40.0,30.0,20.0,10.0,0.0,10.0
90.0,80.0,70.0,60.0,50.0,40.0,30.0,20.0,10.0,0.0
450.0,400.0,350.0,300.0,250.0,250.0,300.0,350.0,400.0,450.0
0.0,1.0,2.0,3.0,4.0,5.0,6.0,7.0,8.0,9.0
1.0,0.0,1.0,2.0,3.0,4.0,5.0,6.0,7.0,8.0
2.0,1.0,0.0,1.0,2.0,3.0,4.0,5.0,6.0,7.0
3.0,2.0,1.0,0.0,1.0,2.0,3.0,4.0,5.0,6.0
4.0,3.0,2.0,1.0,0.0,1.0,2.0,3.0,4.0,5.0
5.0,4.0,3.0,2.0,1.0,0.0,1.0,2.0,3.0,4.0
6.0,5.0,4.0,3.0,2.0,1.0,0.0,1.0,2.0,3.0
7.0,6.0,5.0,4.0,3.0,2.0,1.0,0.0,1.0,2.0
8.0,7.0,6.0,5.0,4.0,3.0,2.0,1.0,0.0,1.0
9.0,8.0,7.0,6.0,5.0,4.0,3.0,2.0,1.0,0.0
45.0,40.0,35.0,30.0,25.0,25.0,30.0,35.0,40.0,45.0
20.0,24.0,23.0,29.0,29.0,27.0,19.0,31.0,26.0,32.0,23.0,24.0,26.0,19.0,17.0,28.0,21.0,18.0,32.0,25.0,28.0,21.0,20.0,17.0,19.0,24.0,18.0,34.0,22.0,29.0,29.0,23.0,24.0,23.0,18.0,18.0,26.0,17.0,21.0,14.0,30.0,26.0,23.0,25.0,21.0,22.0,17.0,25.0,23.0,26.0
30.0,30.0,24.0,28.0,21.0,32.0,24.0,29.0,34.0,28.0,24.0,27.0,27.0,32.0,26.0,37.0,18.0,23.0,28.0,30.0,26.0,47.0,23.0,33.0,25.0,29.0,26.0,27.0,34.0,19.0,31.0,37.0,25.0,36.0,27.0,29.0,36.0,28.0,24.0,29.0,27.0,25.0,23.0,33.0,27.0,26.0,43.0,35.0,37.0,25.0
25.0,21.0,28.0,16.0,24.0,19.0,16.0,29.0,30.0,21.0,29.0,20.0,21.0,26.0,26.0,27.0,29.0,22.0,21.0,20.0,26.0,22.0,18.0,21.0,24.0,25.0,18.0,24.0,24.0,24.0,20.0,23.0,21.0,20.0,30.0,21.0,25.0,27.0,25.0,26.0,19.0,26.0,20.0,21.0,21.0,24.0,25.0,21.0,20.0,26.0
26.0,30.0,30.0,21.0,23.0,20.0,40.0,30.0,31.0,35.0,25.0,37.0,31.0,35.0,34.0,31.0,31.0,42.0,35.0,21.0,29.0,34.0,28.0,28.0,30.0,30.0,34.0,31.0,31.0,27.0,22.0,26.0,30.0,26.0,31.0,28.0,28.0,28.0,37.0,39.0,29.0,29.0,26.0,33.0,34.0,29.0,27.0,24.0,33.0,36.0
28.0,22.0,20.0,17.0,19.0,29.0,32.0,33.0,26.0,18.0,17.0,21.0,26.0,28.0,22.0,19.0,19.0,23.0,24.0,18.0,25.0,22.0,25.0,33.0,34.0,27.0,28.0,29.0,20.0,18.0,22.0,29.0,25.0,29.0,33.0,21.0,28.0,22.0,28.0,24.0,27.0,20.0,24.0,20.0,23.0,21.0,18.0,24.0,27.0,26.0
36.0,22.0,18.0,35.0,21.0,30.0,26.0,23.0,29.0,32.0,38.0,20.0,24.0,29.0,32.0,18.0,32.0,33.0,21.0,25.0,32.0,22.0,44.0,34.0,22.0,29.0,33.0,33.0,31.0,28.0,19.0,42.0,30.0,28.0,28.0,23.0,26.0,24.0,28.0,37.0,35.0,23.0,28.0,21.0,34.0,29.0,27.0,28.0,34.0,35.0
25.0,33.0,28.0,26.0,19.0,24.0,29.0,36.0,24.0,20.0,24.0,29.0,24.0,32.0,24.0,24.0,21.0,23.0,25.0,26.0,25.0,23.0,16.0,19.0,32.0,31.0,20.0,31.0,28.0,25.0,25.0,23.0,20.0,19.0,24.0,26.0,25.0,28.0,22.0,18.0,33.0,27.0,12.0,28.0,26.0,21.0,27.0,28.0,28.0,21.0
24.0,26.0,26.0,28.0,29.0,22.0,23.0,28.0,21.0,27.0,22.0,31.0,30.0,26.0,18.0,30.0,32.0,31.0,30.0,23.0,25.0,26.0,36.0,23.0,30.0,34.0,36.0,24.0,34.0,26.0,34.0,33.0,26.0,22.0,28.0,28.0,39.0,22.0,26.0,21.0,29.0,37.0,31.0,24.0,25.0,29.0,28.0,28.0,26.0,26.0
44.0,24.0,23.0,32.0,31.0,23.0,36.0,18.0,24.0,23.0,25.0,30.0,32.0,31.0,24.0,29.0,23.0,35.0,23.0,24.0,25.0,31.0,31.0,32.0,36.0,23.0,24.0,35.0,36.0,26.0,36.0,32.0,24.0,23.0,32.0,33.0,23.0,34.0,24.0,28.0,30.0,29.0,25.0,32.0,18.0,22.0,21.0,25.0,29.0,22.0
28.0,34.0,39.0,31.0,38.0,32.0,32.0,30.0,28.0,35.0,38.0,31.0,24.0,35.0,34.0,30.0,37.0,30.0,37.0,25.0,42.0,31.0,35.0,40.0,29.0,40.0,33.0,24.0,38.0,20.0,23.0,37.0,43.0,33.0,25.0,42.0,38.0,31.0,30.0,41.0,32.0,47.0,34.0,31.0,39.0,37.0,32.0,29.0,38.0,34.0
