10,50,1000
19.863897,17.870695,16.38276,18.733061,15.475951,19.802988,18.502959,17.395249,15.816238,19.631981
8.16981,6.79585,7.389209,6.332363,5.323761,6.59743,6.104212,9.576089,6.976443,5.15725
0.0,10.0,20.0,30.0,40.0,50.0,60.0,70.0,80.0,90.0
10.0,0.0,10.0,20.0,30.0,40.0,50.0,60.0,70.0,80.0
20.0,10.0,0.0,10.0,20.0,30.0,40.0,50.0,60.0,70.0
30.0,20.0,10.0,0.0,10.0,20.0,30.0,40.0,50.0,60.0
40.0,30.0,20.0,10.0,0.0,10.0,20.0,30.0,40.0,50.0
50.0,40.0,30.0,20.0,10.0,0.0,10.0,20.0,30.0,40.0
60.0,50.0,40.0,30.0,20.0,10.0,0.0,10.0,20.0,30.0
70.0,60.0,50.0,40.0,30.0,20.0,10.0,0.0,10.0,20.0
80.0,70.0,60.0,50.0,40.0,30.0,20.0,10.0,0.0,10.0
90.0,80.0,70.0,60.0,50.0,40.0,30.0,20.0,10.0,0.0
450.0,400.0,350.0,300.0,250.0,250.0,300.0,350.0,400.0,450.0
0.0,1.0,2.0,3.0,4.0,5.0,6.0,7.0,8.0,9.0
1.0,0.0,1.0,2.0,3.0,4.0,5.0,6.0,7.0,8.0
2.0,1.0,0.0,1.0,2.0,3.0,4.0,5.0,6.0,7.0
3.0,2.0,1.0,0.0,1.0,2.0,3.0,4.0,5.0,6.0
4.0,3.0,2.0,1.0,0.0,1.0,2.0,3.0,4.0,5.0
5.0,4.0,3.0,2.0,1.0,0.0,1.0,2.0,3.0,4.0
6.0,5.0,4.0,3.0,2.0,1.0,0.0,1.0,2.0,3.0
7.0,6.0,5.0,4.0,3.0,2.0,1.0,0.0,1.0,2.0
8.0,7.0,6.0,5.0,4.0,3.0,2.0,1.0,0.0,1.0
9.0,8.0,7.0,6.0,5.0,4.0,3.0,2.0,1.0,0.0
45.0,40.0,35.0,30.0,25.0,25.0,30.0,35.0,40.0,45.0
35.0,36.0,32.0,29.0,37.0,35.0,29.0,47.0,39.0,23.0,34.0,37.0,31.0,37.0,41.0,34.0,32.0,38.0,37.0,33.0,37.0,39.0,42.0,34.0,31.0,27.0,38.0,37.0,41.0,28.0,25.0,37.0,35.0,33.0,40.0,33.0,31.0,29.0,25.0,25.0,29.0,32.0,33.0,25.0,29.0,25.0,30.0,36.0,24.0,26.0
27.0,23.0,32.0,26.0,18.0,35.0,27.0,23.0,26.0,28.0,24.0,23.0,18.0,34.0,24.0,19.0,31.0,25.0,29.0,25.0,33.0,24.0,27.0,22.0,28.0,31.0,20.0,16.0,28.0,24.0,14.0,27.0,29.0,25.0,20.0,26.0,34.0,27.0,36.0,21.0,25.0,29.0,27.0,20.0,19.0,17.0,27.0,26.0,24.0,34.0
28.0,22.0,24.0,27.0,26.0,23.0,27.0,29.0,31.0,29.0,24.0,30.0,18.0,13.0,32.0,36.0,28.0,26.0,30.0,26.0,27.0,19.0,24.0,27.0,32.0,26.0,19.0,25.0,29.0,23.0,26.0,35.0,31.0,34.0,30.0,27.0,31.0,30.0,30.0,33.0,27.0,21.0,22.0,23.0,30.0,18.0,27.0,37.0,30.0,26.0
25.0,27.0,25.0,25.0,28.0,23.0,16.0,17.0,20.0,26.0,30.0,24.0,17.0,29.0,18.0,27.0,24.0,24.0,14.0,26.0,16.0,20.0,25.0,36.0,21.0,31.0,25.0,27.0,22.0,23.0,23.0,21.0,31.0,26.0,30.0,24.0,29.0,19.0,23.0,25.0,33.0,27.0,24.0,25.0,22.0,21.0,30.0,31.0,28.0,29.0
27.0,24.0,20.0,21.0,17.0,24.0,21.0,23.0,21.0,23.0,15.0,28.0,24.0,11.0,23.0,13.0,13.0,18.0,14.0,20.0,26.0,26.0,17.0,29.0,22.0,28.0,23.0,17.0,27.0,26.0,21.0,18.0,14.0,16.0,31.0,23.0,21.0,26.0,22.0,24.0,17.0,19.0,12.0,19.0,39.0,33.0,17.0,25.0,25.0,19.0
27.0,33.0,24.0,29.0,24.0,29.0,23.0,17.0,33.0,22.0,19.0,23.0,25.0,36.0,33.0,28.0,29.0,28.0,13.0,30.0,28.0,25.0,24.0,29.0,19.0,35.0,36.0,21.0,24.0,22.0,36.0,20.0,25.0,21.0,23.0,25.0,24.0,26.0,32.0,22.0,22.0,26.0,33.0,23.0,13.0,35.0,28.0,21.0,27.0,41.0
24.0,22.0,35.0,22.0,33.0,19.0,26.0,29.0,28.0,24.0,26.0,25.0,28.0,22.0,25.0,24.0,28.0,31.0,24.0,32.0,19.0,22.0,22.0,16.0,19.0,21.0,19.0,28.0,35.0,23.0,24.0,34.0,13.0,22.0,20.0,25.0,30.0,24.0,27.0,35.0,22.0,26.0,30.0,17.0,24.0,43.0,28.0,23.0,32.0,25.0
35.0,43.0,40.0,40.0,47.0,40.0,28.0,34.0,34.0,35.0,29.0,36.0,29.0,31.0,26.0,28.0,31.0,38.0,19.0,35.0,37.0,43.0,28.0,35.0,33.0,35.0,44.0,34.0,30.0,30.0,31.0,41.0,29.0,28.0,42.0,33.0,43.0,33.0,47.0,41.0,33.0,28.0,23.0,48.0,33.0,35.0,28.0,30.0,28.0,38.0
19.0,22.0,33.0,26.0,28.0,24.0,29.0,26.0,24.0,31.0,22.0,22.0,25.0,23.0,35.0,24.0,29.0,36.0,25.0,33.0,20.0,18.0,34.0,23.0,35.0,33.0,28.0,29.0,29.0,22.0,31.0,31.0,31.0,33.0,33.0,19.0,24.0,23.0,20.0,16.0,36.0,30.0,28.0,24.0,24.0,24.0,25.0,32.0,34.0,31.0
23.0,24.0,19.0,29.0,27.0,14.0,28.0,21.0,24.0,16.0,17.0,27.0,26.0,29.0,21.0,25.0,29.0,18.0,27.0,17.0,22.0,19.0,22.0,19.0,23.0,20.0,26.0,19.0,27.0,30.0,24.0,26.0,17.0,24.0,24.0,30.0,31.0,21.0,17.0,24.0,24.0,22.0,22.0,26.0,18.0,20.0,13.0,20.0,19.0,14.0
