10,50,1000
19.832632,15.292011,17.620891,16.615495,16.170172,15.516372,15.645884,16.943088,18.55547,15.749152
5.208881,9.946763,9.460638,7.756544,6.344292,5.80515,8.606399,5.497704,6.265546,7.499821
0.0,10.0,20.0,30.0,40.0,50.0,60.0,70.0,80.0,90.0
10.0,0.0,10.0,20.0,30.0,40.0,50.0,60.0,70.0,80.0
20.0,10.0,0.0,10.0,20.0,30.0,40.0,50.0,60.0,70.0
30.0,20.0,10.0,0.0,10.0,20.0,30.0,40.0,50.0,60.0
40.0,30.0,20.0,10.0,0.0,10.0,20.0,30.0,40.0,50.0
50.0,40.0,30.0,20.0,10.0,0.0,10.0,20.0,30.0,40.0
60.0,50.0,40.0,30.0,20.0,10.0,0.0,10.0,20.0,30.0
70.0,60.0,50.0,40.0,30.0,20.0,10.0,0.0,10.0,20.0
80.0,70.0,60.0,50.0,40.0,30.0,20.0,10.0,0.0,10.0
90.0,80.0,70.0,60.0,50.0,40.0,30.0,20.0,10.0,0.0
450.0,400.0,350.0,300.0,250.0,250.0,300.0,350.0,400.0,450.0
0.0,1.0,2.0,3.0,4.0,5.0,6.0,7.0,8.0,9.0
1.0,0.0,1.0,2.0,3.0,4.0,5.0,6.0,7.0,8.0
2.0,1.0,0.0,1.0,2.0,3.0,4.0,5.0,6.0,7.0
3.0,2.0,1.0,0.0,1.0,2.0,3.0,4.0,5.0,6.0
4.0,3.0,2.0,1.0,0.0,1.0,2.0,3.0,4.0,5.0
5.0,4.0,3.0,2.0,1.0,0.0,1.0,2.0,3.0,4.0
6.0,5.0,4.0,3.0,2.0,1.0,0.0,1.0,2.0,3.0
7.0,6.0,5.0,4.0,3.0,2.0,1.0,0.0,1.0,2.0
8.0,7.0,6.0,5.0,4.0,3.0,2.0,1.0,0.0,1.0
9.0,8.0,7.0,6.0,5.0,4.0,3.0,2.0,1.0,0.0
45.0,40.0,35.0,30.0,25.0,25.0,30.0,35.0,40.0,45.0
27.0,23.0,24.0,27.0,21.0,18.0,26.0,30.0,21.0,24.0,26.0,27.0,15.0,23.0,16.0,27.0,19.0,27.0,27.0,15.0,28.0,18.0,21.0,21.0,22.0,32.0,18.0,18.0,23.0,24.0,20.0,23.0,33.0,18.0,19.0,11.0,22.0,33.0,16.0,16.0,22.0,26.0,25.0,23.0,18.0,18.0,28.0,18.0,21.0,29.0
29.0,33.0,28.0,30.0,32.0,39.0,38.0,44.0,32.0,36.0,46.0,41.0,36.0,33.0,42.0,32.0,32.0,38.0,36.0,37.0,33.0,45.0,40.0,32.0,30.0,34.0,33.0,25.0,34.0,41.0,28.0,52.0,35.0,24.0,38.0,48.0,40.0,33.0,41.0,41.0,28.0,46.0,31.0,40.0,30.0,56.0,30.0,36.0,28.0,30.0
28.0,30.0,36.0,37.0,28.0,40.0,36.0,31.0,38.0,39.0,42.0,33.0,29.0,33.0,36.0,31.0,40.0,35.0,29.0,35.0,35.0,30.0,40.0,30.0,28.0,52.0,29.0,32.0,35.0,32.0,34.0,44.0,31.0,44.0,42.0,41.0,46.0,35.0,34.0,25.0,27.0,36.0,40.0,32.0,32.0,36.0,23.0,35.0,35.0,32.0
39.0,32.0,30.0,21.0,31.0,21.0,27.0,30.0,34.0,33.0,34.0,27.0,31.0,24.0,30.0,35.0,52.0,16.0,25.0,38.0,27.0,31.0,30.0,24.0,32.0,28.0,29.0,31.0,30.0,27.0,36.0,30.0,29.0,29.0,27.0,32.0,36.0,28.0,23.0,36.0,26.0,33.0,17.0,25.0,28.0,32.0,19.0,28.0,25.0,28.0
26.0,36.0,23.0,26.0,28.0,24.0,17.0,24.0,26.0,37.0,28.0,19.0,22.0,24.0,18.0,25.0,19.0,25.0,34.0,33.0,28.0,19.0,21.0,21.0,22.0,22.0,22.0,20.0,24.0,31.0,33.0,22.0,18.0,23.0,26.0,29.0,36.0,34.0,39.0,20.0,19.0,29.0,22.0,28.0,28.0,20.0,26.0,31.0,29.0,30.0
23.0,24.0,23.0,23.0,20.0,29.0,25.0,23.0,20.0,17.0,13.0,27.0,20.0,19.0,16.0,19.0,26.0,27.0,19.0,28.0,28.0,33.0,23.0,18.0,13.0,27.0,27.0,16.0,11.0,17.0,22.0,27.0,22.0,18.0,20.0,18.0,23.0,22.0,17.0,28.0,22.0,24.0,28.0,29.0,25.0,16.0,23.0,19.0,19.0,19.0
23.0,30.0,30.0,34.0,26.0,22.0,35.0,39.0,24.0,40.0,35.0,29.0,18.0,36.0,28.0,34.0,36.0,42.0,28.0,33.0,35.0,34.0,31.0,26.0,29.0,37.0,28.0,31.0,31.0,30.0,29.0,35.0,34.0,32.0,33.0,39.0,33.0,38.0,20.0,41.0,28.0,31.0,24.0,31.0,34.0,32.0,39.0,30.0,24.0,38.0
21.0,23.0,26.0,19.0,31.0,19.0,12.0,24.0,19.0,31.0,24.0,16.0,21.0,22.0,31.0,23.0,28.0,19.0,23.0,20.0,19.0,11.0,23.0,24.0,22.0,23.0,17.0,24.0,17.0,20.0,15.0,20.0,13.0,28.0,21.0,17.0,25.0,21.0,22.0,19.0,26.0,15.0,21.0,20.0,18.0,24.0,21.0,20.0,31.0,21.0
23.0,25.0,21.0,16.0,22.0,28.0,20.0,24.0,23.0,26.0,18.0,23.0,22.0,42.0,23.0,21.0,18.0,25.0,32.0,30.0,25.0,30.0,24.0,23.0,22.0,31.0,26.0,27.0,32.0,24.0,37.0,36.0,23.0,28.0,21.0,22.0,19.0,17.0,19.0,23.0,25.0,26.0,25.0,28.0,21.0,18.0,25.0,25.0,33.0,22.0
19.0,24.0,24.0,26.0,22.0,27.0,26.0,22.0,27.0,28.0,31.0,23.0,29.0,32.0,18.0,36.0,29.0,27.0,21.0,30.0,30.0,32.0,27.0,36.0,24.0,28.0,31.0,30.0,30.0,25.0,24.0,23.0,26.0,27.0,28.0,25.0,39.0,26.0,28.0,33.0,37.0,25.0,26.0,26.0,25.0,33.0,35.0,28.0,25.0,36.0
