10,50,1000
16.163741,19.445036,16.512124,16.844266,18.935638,19.844924,15.921192,19.730575,18.295703,16.31839
7.080428,5.087675,5.73421,8.046899,5.696756,6.964734,7.282814,5.637306,5.643352,5.613573
0.0,10.0,20.0,30.0,40.0,50.0,60.0,70.0,80.0,90.0
10.0,0.0,10.0,20.0,30.0,40.0,50.0,60.0,70.0,80.0
20.0,10.0,0.0,10.0,20.0,30.0,40.0,50.0,60.0,70.0
30.0,20.0,10.0,0.0,10.0,20.0,30.0,40.0,50.0,60.0
40.0,30.0,20.0,10.0,0.0,10.0,20.0,30.0,40.0,50.0
50.0,40.0,30.0,20.0,10.0,0.0,10.0,20.0,30.0,40.0
60.0,50.0,40.0,30.0,20.0,10.0,0.0,10.0,20.0,30.0
70.0,60.0,50.0,40.0,30.0,20.0,10.0,0.0,10.0,20.0
80.0,70.0,60.0,50.0,40.0,30.0,20.0,10.0,0.0,10.0
90.0,80.0,70.0,60.0,50.0,40.0,30.0,20.0,10.0,0.0
450.0,400.0,350.0,300.0,250.0,250.0,300.0,350.0,400.0,450.0
0.0,1.0,2.0,3.0,4.0,5.0,6.0,7.0,8.0,9.0
1.0,0.0,1.0,2.0,3.0,4.0,5.0,6.0,7.0,8.0
2.0,1.0,0.0,1.0,2.0,3.0,4.0,5.0,6.0,7.0
3.0,2.0,1.0,0.0,1.0,2.0,3.0,4.0,5.0,6.0
4.0,3.0,2.0,1.0,0.0,1.0,2.0,3.0,4.0,5.0
5.0,4.0,3.0,2.0,1.0,0.0,1.0,2.0,3.0,4.0
6.0,5.0,4.0,3.0,2.0,1.0,0.0,1.0,2.0,3.0
7.0,6.0,5.0,4.0,3.0,2.0,1.0,0.0,1.0,2.0
8.0,7.0,6.0,5.0,4.0,3.0,2.0,1.0,0.0,1.0
9.0,8.0,7.0,6.0,5.0,4.0,3.0,2.0,1.0,0.0
45.0,40.0,35.0,30.0,25.0,25.0,30.0,35.0,40.0,45.0
29.0,29.0,27.0,32.0,34.0,30.0,22.0,28.0,26.0,36.0,29.0,29.0,23.0,27.0,31.0,23.0,31.0,19.0,41.0,35.0,29.0,38.0,28.0,26.0,30.0,27.0,16.0,27.0,27.0,29.0,19.0,27.0,26.0,26.0,25.0,32.0,23.0,29.0,22.0,28.0,28.0,28.0,16.0,23.0,24.0,23.0,17.0,31.0,25.0,31.0
23.0,27.0,21.0,20.0,23.0,22.0,28.0,12.0,18.0,20.0,19.0,28.0,21.0,20.0,24.0,22.0,26.0,23.0,25.0,29.0,33.0,29.0,15.0,26.0,13.0,15.0,18.0,35.0,18.0,36.0,24.0,21.0,24.0,21.0,25.0,22.0,14.0,23.0,16.0,19.0,28.0,16.0,25.0,27.0,19.0,25.0,16.0,17.0,15.0,16.0
19.0,23.0,17.0,28.0,20.0,21.0,27.0,18.0,18.0,29.0,18.0,20.0,22.0,27.0,24.0,37.0,15.0,24.0,22.0,16.0,22.0,25.0,18.0,30.0,25.0,24.0,25.0,24.0,13.0,16.0,21.0,16.0,18.0,25.0,17.0,22.0,23.0,23.0,23.0,24.0,27.0,22.0,22.0,14.0,19.0,27.0,22.0,25.0,22.0,25.0
41.0,35.0,29.0,29.0,43.0,30.0,28.0,28.0,33.0,34.0,33.0,28.0,27.0,21.0,33.0,23.0,36.0,23.0,26.0,19.0,29.0,21.0,28.0,30.0,39.0,30.0,31.0,39.0,33.0,27.0,40.0,29.0,27.0,36.0,24.0,32.0,32.0,30.0,29.0,22.0,32.0,34.0,22.0,32.0,27.0,34.0,32.0,27.0,36.0,30.0
25.0,27.0,19.0,23.0,26.0,22.0,19.0,26.0,28.0,26.0,23.0,24.0,29.0,27.0,26.0,22.0,23.0,28.0,20.0,32.0,17.0,20.0,25.0,30.0,28.0,17.0,25.0,15.0,11.0,22.0,25.0,30.0,22.0,17.0,30.0,21.0,15.0,26.0,22.0,26.0,26.0,25.0,27.0,21.0,27.0,33.0,28.0,31.0,22.0,25.0
34.0,40.0,31.0,24.0,34.0,35.0,31.0,28.0,24.0,32.0,23.0,24.0,22.0,26.0,26.0,27.0,30.0,29.0,25.0,26.0,21.0,29.0,24.0,28.0,35.0,30.0,30.0,28.0,34.0,27.0,21.0,27.0,30.0,16.0,27.0,43.0,27.0,26.0,36.0,31.0,28.0,31.0,27.0,31.0,25.0,31.0,28.0,21.0,26.0,24.0
24.0,18.0,43.0,33.0,23.0,29.0,27.0,27.0,27.0,37.0,38.0,31.0,30.0,30.0,22.0,26.0,23.0,28.0,23.0,30.0,27.0,33.0,31.0,22.0,33.0,38.0,33.0,28.0,22.0,25.0,32.0,29.0,26.0,34.0,26.0,18.0,35.0,31.0,28.0,22.0,21.0,30.0,32.0,31.0,25.0,33.0,30.0,30.0,23.0,32.0
28.0,16.0,22.0,32.0,20.0,28.0,23.0,24.0,24.0,18.0,36.0,22.0,22.0,20.0,23.0,26.0,20.0,25.0,24.0,25.0,21.0,28.0,17.0,20.0,35.0,19.0,24.0,33.0,22.0,26.0,19.0,16.0,22.0,32.0,21.0,11.0,18.0,32.0,21.0,26.0,26.0,34.0,31.0,16.0,17.0,13.0,24.0,23.0,35.0,19.0
21.0,14.0,26.0,20.0,27.0,18.0,22.0,29.0,24.0,36.0,24.0,25.0,19.0,25.0,25.0,25.0,18.0,23.0,33.0,24.0,17.0,18.0,24.0,23.0,24.0,21.0,26.0,22.0,27.0,34.0,15.0,22.0,27.0,21.0,22.0,19.0,15.0,16.0,21.0,24.0,19.0,21.0,13.0,24.0,24.0,37.0,18.0,31.0,14.0,17.0
23.0,26.0,25.0,19.0,25.0,23.0,22.0,22.0,26.0,33.0,25.0,21.0,23.0,24.0,23.0,23.0,22.0,24.0,18.0,17.0,21.0,16.0,18.0,22.0,24.0,25.0,23.0,24.0,21.0,27.0,23.0,24.0,22.0,14.0,21.0,30.0,16.0,24.0,29.0,25.0,10.0,26.0,20.0,21.0,20.0,23.0,24.0,21.0,15.0,16.0
