10,50,1000
17.350185,16.528343,19.356163,19.360201,17.772157,18.220908,19.079484,16.105981,18.593385,16.555643
5.931621,5.345973,5.059101,8.066783,5.850478,8.297819,6.449508,7.238894,8.769268,8.896574
0.0,10.0,20.0,30.0,40.0,50.0,60.0,70.0,80.0,90.0
10.0,0.0,10.0,20.0,30.0,40.0,50.0,60.0,70.0,80.0
20.0,10.0,0.0,10.0,20.0,30.0,40.0,50.0,60.0,70.0
30.0,20.0,10.0,0.0,10.0,20.0,30.0,40.0,50.0,60.0
40.0,30.0,20.0,10.0,0.0,10.0,20.0,30.0,40.0,50.0
50.0,40.0,30.0,20.0,10.0,0.0,10.0,20.0,30.0,40.0
60.0,50.0,40.0,30.0,20.0,10.0,0.0,10.0,20.0,30.0
70.0,60.0,50.0,40.0,30.0,20.0,10.0,0.0,10.0,20.0
80.0,70.0,60.0,50.0,40.0,30.0,20.0,10.0,0.0,10.0
90.0,80.0,70.0,60.0,50.0,40.0,30.0,20.0,10.0,0.0
450.0,400.0,350.0,300.0,250.0,250.0,300.0,350.0,400.0,450.0
0.0,1.0,2.0,3.0,4.0,5.0,6.0,7.0,8.0,9.0
1.0,0.0,1.0,2.0,3.0,4.0,5.0,6.0,7.0,8.0
2.0,1.0,0.0,1.0,2.0,3.0,4.0,5.0,6.0,7.0
3.0,2.0,1.0,0.0,1.0,2.0,3.0,4.0,5.0,6.0
4.0,3.0,2.0,1.0,0.0,1.0,2.0,3.0,4.0,5.0
5.0,4.0,3.0,2.0,1.0,0.0,1.0,2.0,3.0,4.0
6.0,5.0,4.0,3.0,2.0,1.0,0.0,1.0,2.0,3.0
7.0,6.0,5.0,4.0,3.0,2.0,1.0,0.0,1.0,2.0
8.0,7.0,6.0,5.0,4.0,3.0,2.0,1.0,0.0,1.0
9.0,8.0,7.0,6.0,5.0,4.0,3.0,2.0,1.0,0.0
45.0,40.0,35.0,30.0,25.0,25.0,30.0,35.0,40.0,45.0
26.0,18.0,12.0,11.0,26.0,26.0,13.0,25.0,28.0,25.0,24.0,28.0,17.0,27.0,26.0,21.0,22.0,25.0,26.0,24.0,22.0,32.0,29.0,30.0,30.0,21.0,26.0,20.0,18.0,32.0,23.0,29.0,22.0,24.0,23.0,21.0,25.0,33.0,22.0,22.0,17.0,17.0,25.0,24.0,16.0,23.0,24.0,31.0,15.0,20.0
27.0,28.0,26.0,19.0,18.0,30.0,21.0,12.0,16.0,28.0,22.0,29.0,13.0,24.0,20.0,34.0,25.0,38.0,22.0,18.0,23.0,18.0,24.0,18.0,24.0,15.0,15.0,21.0,22.0,16.0,19.0,19.0,19.0,35.0,21.0,17.0,29.0,27.0,36.0,22.0,24.0,16.0,23.0,16.0,21.0,29.0,14.0,29.0,25.0,30.0
20.0,18.0,16.0,23.0,21.0,19.0,25.0,21.0,28.0,29.0,26.0,12.0,21.0,23.0,23.0,19.0,20.0,22.0,24.0,23.0,23.0,26.0,25.0,24.0,20.0,22.0,19.0,23.0,18.0,18.0,22.0,17.0,13.0,16.0,16.0,20.0,21.0,21.0,13.0,19.0,24.0,13.0,28.0,28.0,25.0,24.0,19.0,17.0,23.0,23.0
33.0,28.0,35.0,29.0,34.0,37.0,27.0,33.0,35.0,33.0,26.0,36.0,29.0,28.0,23.0,28.0,33.0,22.0,28.0,34.0,29.0,32.0,26.0,37.0,32.0,41.0,37.0,34.0,22.0,27.0,27.0,30.0,27.0,27.0,29.0,24.0,30.0,28.0,29.0,38.0,29.0,29.0,21.0,28.0,29.0,33.0,35.0,31.0,27.0,27.0
19.0,32.0,22.0,21.0,11.0,14.0,20.0,21.0,20.0,30.0,23.0,35.0,30.0,20.0,24.0,22.0,15.0,25.0,24.0,16.0,31.0,17.0,27.0,22.0,22.0,31.0,33.0,26.0,28.0,19.0,25.0,15.0,26.0,23.0,16.0,29.0,29.0,29.0,32.0,24.0,21.0,20.0,30.0,20.0,22.0,20.0,19.0,23.0,26.0,18.0
32.0,41.0,23.0,28.0,35.0,26.0,29.0,41.0,28.0,26.0,31.0,35.0,27.0,37.0,34.0,29.0,35.0,35.0,32.0,27.0,25.0,30.0,32.0,25.0,37.0,35.0,32.0,28.0,36.0,41.0,33.0,31.0,23.0,26.0,29.0,38.0,33.0,38.0,27.0,26.0,17.0,33.0,37.0,35.0,26.0,32.0,19.0,30.0,33.0,32.0
20.0,32.0,31.0,28.0,24.0,24.0,19.0,22.0,35.0,23.0,25.0,26.0,22.0,24.0,24.0,34.0,28.0,30.0,27.0,23.0,29.0,22.0,27.0,23.0,27.0,24.0,25.0,21.0,22.0,28.0,34.0,28.0,25.0,33.0,28.0,27.0,24.0,25.0,29.0,25.0,21.0,19.0,13.0,20.0,18.0,22.0,28.0,28.0,29.0,22.0
24.0,21.0,25.0,22.0,35.0,34.0,23.0,23.0,22.0,26.0,27.0,27.0,30.0,27.0,25.0,28.0,38.0,24.0,29.0,38.0,20.0,33.0,23.0,24.0,23.0,23.0,24.0,37.0,20.0,27.0,28.0,30.0,16.0,27.0,30.0,22.0,18.0,24.0,28.0,37.0,21.0,25.0,32.0,26.0,24.0,21.0,28.0,38.0,33.0,29.0
23.0,31.0,37.0,25.0,24.0,32.0,25.0,36.0,23.0,32.0,32.0,42.0,32.0,25.0,33.0,28.0,40.0,32.0,48.0,28.0,31.0,37.0,39.0,26.0,39.0,45.0,36.0,32.0,33.0,34.0,32.0,25.0,31.0,16.0,43.0,35.0,45.0,49.0,42.0,41.0,22.0,40.0,31.0,31.0,20.0,33.0,39.0,33.0,39.0,38.0
37.0,31.0,39.0,33.0,34.0,38.0,36.0,29.0,29.0,33.0,39.0,39.0,35.0,31.0,41.0,35.0,25.0,36.0,27.0,40.0,32.0,33.0,36.0,22.0,33.0,35.0,25.0,40.0,28.0,28.0,36.0,25.0,22.0,34.0,36.0,27.0,30.0,37.0,35.0,42.0,35.0,36.0,36.0,33.0,30.0,36.0,30.0,38.0,38.0,38.0
