10,50,1000
18.130371,16.433294,15.723157,17.206891,17.054421,18.540413,18.006468,19.990294,16.844532,19.791661
5.400938,5.860455,6.524114,7.547367,6.521346,7.431742,9.545678,9.48875,7.333194,6.400684
0.0,10.0,20.0,30.0,40.0,50.0,60.0,70.0,80.0,90.0
10.0,0.0,10.0,20.0,30.0,40.0,50.0,60.0,70.0,80.0
20.0,10.0,0.0,10.0,20.0,30.0,40.0,50.0,60.0,70.0
30.0,20.0,10.0,0.0,10.0,20.0,30.0,40.0,50.0,60.0
40.0,30.0,20.0,10.0,0.0,10.0,20.0,30.0,40.0,50.0
50.0,40.0,30.0,20.0,10.0,0.0,10.0,20.0,30.0,40.0
60.0,50.0,40.0,30.0,20.0,10.0,0.0,10.0,20.0,30.0
70.0,60.0,50.0,40.0,30.0,20.0,10.0,0.0,10.0,20.0
80.0,70.0,60.0,50.0,40.0,30.0,20.0,10.0,0.0,10.0
90.0,80.0,70.0,60.0,50.0,40.0,30.0,20.0,10.0,0.0
450.0,400.0,350.0,300.0,250.0,250.0,300.0,350.0,400.0,450.0
0.0,1.0,2.0,3.0,4.0,5.0,6.0,7.0,8.0,9.0
1.0,0.0,1.0,2.0,3.0,4.0,5.0,6.0,7.0,8.0
2.0,1.0,0.0,1.0,2.0,3.0,4.0,5.0,6.0,7.0
3.0,2.0,1.0,0.0,1.0,2.0,3.0,4.0,5.0,6.0
4.0,3.0,2.0,1.0,0.0,1.0,2.0,3.0,4.0,5.0
5.0,4.0,3.0,2.0,1.0,0.0,1.0,2.0,3.0,4.0
6.0,5.0,4.0,3.0,2.0,1.0,0.0,1.0,2.0,3.0
7.0,6.0,5.0,4.0,3.0,2.0,1.0,0.0,1.0,2.0
8.0,7.0,6.0,5.0,4.0,3.0,2.0,1.0,0.0,1.0
9.0,8.0,7.0,6.0,5.0,4.0,3.0,2.0,1.0,0.0
45.0,40.0,35.0,30.0,25.0,25.0,30.0,35.0,40.0,45.0
19.0,22.0,22.0,25.0,21.0,22.0,22.0,21.0,21.0,24.0,21.0,15.0,22.0,22.0,33.0,23.0,17.0,34.0,25.0,23.0,17.0,20.0,19.0,16.0,18.0,20.0,25.0,16.0,22.0,18.0,18.0,14.0,19.0,21.0,24.0,22.0,18.0,10.0,12.0,25.0,22.0,19.0,31.0,26.0,18.0,25.0,27.0,25.0,18.0,30.0
21.0,23.0,24.0,31.0,16.0,22.0,20.0,29.0,27.0,18.0,24.0,28.0,16.0,15.0,21.0,14.0,19.0,22.0,34.0,17.0,29.0,20.0,21.0,27.0,22.0,18.0,29.0,23.0,26.0,20.0,27.0,24.0,23.0,30.0,28.0,28.0,19.0,25.0,22.0,16.0,28.0,25.0,38.0,19.0,22.0,22.0,25.0,21.0,29.0,21.0
23.0,24.0,29.0,22.0,23.0,29.0,27.0,27.0,26.0,20.0,18.0,33.0,18.0,25.0,25.0,30.0,20.0,27.0,34.0,21.0,20.0,34.0,34.0,23.0,22.0,30.0,26.0,28.0,23.0,21.0,19.0,19.0,20.0,21.0,26.0,23.0,33.0,29.0,23.0,27.0,18.0,30.0,27.0,26.0,26.0,25.0,18.0,21.0,24.0,30.0
25.0,26.0,32.0,26.0,23.0,45.0,35.0,29.0,18.0,29.0,33.0,25.0,31.0,33.0,27.0,39.0,33.0,33.0,33.0,33.0,33.0,44.0,28.0,28.0,26.0,23.0,39.0,34.0,30.0,24.0,27.0,35.0,37.0,25.0,28.0,38.0,29.0,34.0,26.0,32.0,29.0,23.0,36.0,37.0,30.0,42.0,36.0,38.0,31.0,37.0
22.0,30.0,27.0,23.0,31.0,33.0,26.0,24.0,29.0,24.0,29.0,30.0,23.0,27.0,32.0,23.0,26.0,31.0,18.0,26.0,28.0,22.0,22.0,28.0,23.0,25.0,28.0,28.0,25.0,32.0,20.0,24.0,22.0,23.0,31.0,27.0,32.0,26.0,29.0,23.0,23.0,17.0,30.0,29.0,28.0,28.0,28.0,22.0,28.0,16.0
34.0,28.0,23.0,27.0,25.0,37.0,23.0,34.0,30.0,36.0,34.0,24.0,40.0,41.0,21.0,24.0,42.0,27.0,25.0,37.0,22.0,35.0,20.0,23.0,35.0,34.0,29.0,36.0,31.0,25.0,23.0,31.0,30.0,33.0,33.0,27.0,33.0,28.0,29.0,30.0,25.0,25.0,38.0,30.0,28.0,34.0,25.0,21.0,30.0,34.0
27.0,46.0,39.0,39.0,22.0,53.0,29.0,48.0,46.0,27.0,42.0,19.0,42.0,37.0,37.0,33.0,31.0,38.0,33.0,33.0,29.0,43.0,40.0,37.0,34.0,33.0,31.0,41.0,34.0,32.0,27.0,29.0,35.0,40.0,36.0,31.0,40.0,34.0,40.0,32.0,33.0,33.0,36.0,32.0,28.0,43.0,39.0,38.0,22.0,36.0
30.0,25.0,34.0,40.0,27.0,46.0,39.0,25.0,41.0,37.0,24.0,39.0,33.0,35.0,37.0,41.0,31.0,29.0,45.0,33.0,38.0,38.0,28.0,32.0,38.0,35.0,38.0,43.0,35.0,36.0,43.0,34.0,37.0,38.0,42.0,28.0,37.0,43.0,44.0,39.0,27.0,33.0,35.0,33.0,27.0,35.0,30.0,43.0,42.0,33.0
29.0,34.0,23.0,21.0,22.0,20.0,26.0,27.0,23.0,22.0,23.0,26.0,29.0,37.0,29.0,30.0,24.0,30.0,25.0,15.0,22.0,33.0,37.0,34.0,32.0,40.0,29.0,24.0,27.0,22.0,20.0,25.0,30.0,25.0,38.0,29.0,20.0,28.0,39.0,27.0,33.0,35.0,36.0,27.0,31.0,33.0,22.0,26.0,28.0,23.0
21.0,24.0,24.0,26.0,36.0,33.0,25.0,26.0,28.0,24.0,22.0,29.0,30.0,38.0,23.0,17.0,29.0,32.0,28.0,25.0,21.0,18.0,26.0,21.0,30.0,28.0,25.0,23.0,27.0,19.0,33.0,31.0,21.0,17.0,20.0,27.0,27.0,40.0,21.0,41.0,23.0,29.0,32.0,29.0,27.0,24.0,26.0,17.0,26.0,20.0
