10,50,1000
17.578273,17.353948,18.35672,15.140389,17.799199,19.716138,15.224912,15.138682,15.124988,16.928445
7.383583,9.246373,6.129085,5.941957,8.043282,5.525101,8.779616,9.826684,5.031016,9.926598
0.0,10.0,20.0,30.0,40.0,50.0,60.0,70.0,80.0,90.0
10.0,0.0,10.0,20.0,30.0,40.0,50.0,60.0,70.0,80.0
20.0,10.0,0.0,10.0,20.0,30.0,40.0,50.0,60.0,70.0
30.0,20.0,10.0,0.0,10.0,20.0,30.0,40.0,50.0,60.0
40.0,30.0,20.0,10.0,0.0,10.0,20.0,30.0,40.0,50.0
50.0,40.0,30.0,20.0,10.0,0.0,10.0,20.0,30.0,40.0
60.0,50.0,40.0,30.0,20.0,10.0,0.0,10.0,20.0,30.0
70.0,60.0,50.0,40.0,30.0,20.0,10.0,0.0,10.0,20.0
80.0,70.0,60.0,50.0,40.0,30.0,20.0,10.0,0.0,10.0
90.0,80.0,70.0,60.0,50.0,40.0,30.0,20.0,10.0,0.0
450.0,400.0,350.0,300.0,250.0,250.0,300.0,350.0,400.0,450.0
0.0,1.0,2.0,3.0,4.0,5.0,6.0,7.0,8.0,9.0
1.0,0.0,1.0,2.0,3.0,4.0,5.0,6.0,7.0,8.0
2.0,1.0,0.0,1.0,2.0,3.0,4.0,5.0,6.0,7.0
3.0,2.0,1.0,0.0,1.0,2.0,3.0,4.0,5.0,6.0
4.0,3.0,2.0,1.0,0.0,1.0,2.0,3.0,4.0,5.0
5.0,4.0,3.0,2.0,1.0,0.0,1.0,2.0,3.0,4.0
6.0,5.0,4.0,3.0,2.0,1.0,0.0,1.0,2.0,3.0
7.0,6.0,5.0,4.0,3.0,2.0,1.0,0.0,1.0,2.0
8.0,7.0,6.0,5.0,4.0,3.0,2.0,1.0,0.0,1.0
9.0,8.0,7.0,6.0,5.0,4.0,3.0,2.0,1.0,0.0
45.0,40.0,35.0,30.0,25.0,25.0,30.0,35.0,40.0,45.0
28.0,23.0,22.0,26.0,34.0,24.0,38.0,30.0,32.0,26.0,18.0,26.0,23.0,24.0,30.0,36.0,35.0,26.0,18.0,28.0,40.0,40.0,36.0,19.0,20.0,27.0,18.0,24.0,33.0,37.0,28.0,24.0,22.0,22.0,28.0,32.0,34.0,30.0,28.0,30.0,26.0,28.0,35.0,31.0,25.0,25.0,26.0,34.0,24.0,34.0
22.0,29.0,43.0,26.0,29.0,42.0,31.0,25.0,37.0,42.0,33.0,44.0,36.0,38.0,40.0,36.0,30.0,36.0,35.0,34.0,37.0,33.0,35.0,36.0,29.0,20.0,27.0,37.0,32.0,35.0,35.0,34.0,33.0,33.0,33.0,37.0,30.0,30.0,29.0,46.0,35.0,32.0,29.0,30.0,50.0,37.0,27.0,40.0,46.0,32.0
16.0,29.0,23.0,16.0,25.0,28.0,21.0,17.0,22.0,19.0,26.0,13.0,30.0,18.0,26.0,32.0,18.0,23.0,21.0,22.0,16.0,21.0,24.0,20.0,25.0,23.0,21.0,19.0,24.0,25.0,23.0,26.0,27.0,20.0,24.0,25.0,25.0,22.0,17.0,20.0,36.0,24.0,31.0,25.0,19.0,26.0,16.0,28.0,22.0,24.0
19.0,21.0,23.0,24.0,14.0,18.0,21.0,14.0,25.0,25.0,24.0,23.0,18.0,26.0,27.0,18.0,18.0,21.0,23.0,21.0,25.0,24.0,23.0,26.0,22.0,28.0,27.0,17.0,28.0,21.0,22.0,23.0,13.0,18.0,18.0,28.0,16.0,21.0,18.0,28.0,16.0,31.0,28.0,18.0,27.0,24.0,26.0,23.0,22.0,19.0
25.0,26.0,33.0,25.0,31.0,29.0,20.0,33.0,25.0,29.0,18.0,32.0,31.0,34.0,35.0,35.0,20.0,39.0,32.0,37.0,29.0,27.0,28.0,29.0,30.0,24.0,35.0,35.0,32.0,34.0,29.0,37.0,32.0,25.0,33.0,23.0,31.0,43.0,42.0,36.0,29.0,36.0,28.0,36.0,34.0,28.0,29.0,29.0,33.0,46.0
23.0,25.0,24.0,29.0,15.0,29.0,23.0,26.0,20.0,14.0,24.0,22.0,19.0,31.0,19.0,34.0,27.0,32.0,25.0,29.0,33.0,24.0,21.0,28.0,21.0,20.0,17.0,19.0,26.0,24.0,30.0,25.0,29.0,15.0,18.0,26.0,18.0,23.0,26.0,15.0,15.0,24.0,25.0,24.0,13.0,21.0,28.0,23.0,28.0,28.0
34.0,37.0,33.0,28.0,29.0,34.0,33.0,29.0,23.0,25.0,31.0,37.0,37.0,36.0,32.0,35.0,30.0,23.0,37.0,34.0,29.0,31.0,30.0,36.0,27.0,40.0,27.0,31.0,30.0,30.0,36.0,25.0,30.0,33.0,24.0,36.0,37.0,31.0,30.0,36.0,30.0,32.0,23.0,36.0,40.0,25.0,27.0,33.0,31.0,27.0
34.0,33.0,32.0,31.0,32.0,39.0,32.0,30.0,30.0,44.0,34.0,35.0,32.0,38.0,28.0,32.0,39.0,30.0,32.0,34.0,30.0,31.0,32.0,36.0,38.0,30.0,39.0,37.0,50.0,35.0,29.0,37.0,33.0,32.0,42.0,42.0,27.0,37.0,30.0,33.0,39.0,43.0,43.0,31.0,26.0,33.0,44.0,31.0,37.0,38.0
16.0,21.0,19.0,22.0,17.0,18.0,22.0,25.0,14.0,25.0,26.0,20.0,20.0,25.0,22.0,21.0,13.0,20.0,17.0,12.0,17.0,20.0,22.0,16.0,16.0,28.0,17.0,20.0,24.0,11.0,26.0,29.0,21.0,20.0,28.0,32.0,21.0,26.0,23.0,18.0,19.0,16.0,24.0,19.0,18.0,15.0,20.0,14.0,20.0,20.0
35.0,30.0,31.0,30.0,37.0,45.0,32.0,33.0,42.0,30.0,29.0,36.0,43.0,28.0,39.0,32.0,45.0,36.0,32.0,32.0,45.0,32.0,22.0,36.0,40.0,36.0,38.0,35.0,51.0,37.0,38.0,40.0,43.0,37.0,38.0,38.0,41.0,36.0,31.0,36.0,37.0,33.0,33.0,36.0,31.0,34.0,40.0,39.0,38.0,39.0
