10,50,1000
16.09756,17.943218,17.075926,16.639953,18.123138,19.755576,17.48638,15.286259,15.004168,15.441584
6.699427,7.563801,8.774971,5.222496,6.756063,7.016706,9.423392,9.296906,9.967815,9.589263
0.0,10.0,20.0,30.0,40.0,50.0,60.0,70.0,80.0,90.0
10.0,0.0,10.0,20.0,30.0,40.0,50.0,60.0,70.0,80.0
20.0,10.0,0.0,10.0,20.0,30.0,40.0,50.0,60.0,70.0
30.0,20.0,10.0,0.0,10.0,20.0,30.0,40.0,50.0,60.0
40.0,30.0,20.0,10.0,0.0,10.0,20.0,30.0,40.0,50.0
50.0,40.0,30.0,20.0,10.0,0.0,10.0,20.0,30.0,40.0
60.0,50.0,40.0,30.0,20.0,10.0,0.0,10.0,20.0,30.0
70.0,60.0,50.0,40.0,30.0,20.0,10.0,0.0,10.0,20.0
80.0,70.0,60.0,50.0,40.0,30.0,20.0,10.0,0.0,10.0
90.0,80.0,70.0,60.0,50.0,40.0,30.0,20.0,10.0,0.0
450.0,400.0,350.0,300.0,250.0,250.0,300.0,350.0,400.0,450.0
0.0,1.0,2.0,3.0,4.0,5.0,6.0,7.0,8.0,9.0
1.0,0.0,1.0,2.0,3.0,4.0,5.0,6.0,7.0,8.0
2.0,1.0,0.0,1.0,2.0,3.0,4.0,5.0,6.0,7.0
3.0,2.0,1.0,0.0,1.0,2.0,3.0,4.0,5.0,6.0
4.0,3.0,2.0,1.0,0.0,1.0,2.0,3.0,4.0,5.0
5.0,4.0,3.0,2.0,1.0,0.0,1.0,2.0,3.0,4.0
6.0,5.0,4.0,3.0,2.0,1.0,0.0,1.0,2.0,3.0
7.0,6.0,5.0,4.0,3.0,2.0,1.0,0.0,1.0,2.0
8.0,7.0,6.0,5.0,4.0,3.0,2.0,1.0,0.0,1.0
9.0,8.0,7.0,6.0,5.0,4.0,3.0,2.0,1.0,0.0
45.0,40.0,35.0,30.0,25.0,25.0,30.0,35.0,40.0,45.0
30.0,22.0,28.0,16.0,17.0,37.0,25.0,24.0,23.0,18.0,23.0,29.0,27.0,24.0,16.0,30.0,22.0,24.0,24.0,23.0,24.0,32.0,15.0,29.0,25.0,31.0,31.0,24.0,25.0,26.0,26.0,28.0,20.0,28.0,23.0,28.0,22.0,20.0,32.0,33.0,20.0,33.0,28.0,27.0,24.0,21.0,15.0,18.0,36.0,26.0
31.0,33.0,19.0,25.0,25.0,43.0,26.0,29.0,38.0,25.0,27.0,31.0,30.0,25.0,27.0,32.0,24.0,26.0,31.0,31.0,25.0,34.0,29.0,38.0,24.0,31.0,32.0,35.0,40.0,22.0,38.0,32.0,23.0,25.0,30.0,24.0,30.0,31.0,19.0,41.0,22.0,37.0,29.0,26.0,24.0,16.0,35.0,27.0,30.0,27.0
32.0,29.0,31.0,32.0,31.0,22.0,27.0,38.0,36.0,33.0,27.0,36.0,32.0,32.0,31.0,31.0,37.0,26.0,28.0,30.0,23.0,39.0,30.0,29.0,26.0,38.0,32.0,38.0,45.0,25.0,22.0,28.0,26.0,28.0,43.0,26.0,34.0,28.0,37.0,29.0,30.0,34.0,33.0,25.0,32.0,40.0,37.0,37.0,40.0,32.0
20.0,21.0,18.0,21.0,20.0,16.0,23.0,19.0,16.0,18.0,31.0,24.0,16.0,32.0,22.0,27.0,18.0,24.0,19.0,25.0,19.0,19.0,12.0,26.0,28.0,26.0,19.0,20.0,21.0,17.0,14.0,19.0,17.0,15.0,20.0,18.0,22.0,18.0,13.0,22.0,21.0,14.0,29.0,20.0,25.0,22.0,13.0,23.0,23.0,26.0
32.0,32.0,16.0,29.0,26.0,26.0,23.0,27.0,25.0,20.0,23.0,39.0,24.0,20.0,29.0,30.0,26.0,24.0,27.0,25.0,25.0,24.0,31.0,23.0,30.0,27.0,18.0,27.0,26.0,27.0,25.0,25.0,24.0,28.0,35.0,36.0,20.0,20.0,31.0,33.0,32.0,22.0,27.0,25.0,29.0,27.0,21.0,21.0,28.0,23.0
33.0,40.0,36.0,23.0,36.0,29.0,33.0,26.0,24.0,30.0,25.0,25.0,26.0,27.0,36.0,29.0,24.0,33.0,24.0,29.0,27.0,32.0,28.0,37.0,37.0,32.0,36.0,28.0,30.0,33.0,37.0,28.0,31.0,32.0,30.0,32.0,24.0,30.0,29.0,23.0,20.0,34.0,25.0,28.0,26.0,20.0,21.0,30.0,30.0,32.0
33.0,40.0,42.0,35.0,27.0,39.0,36.0,41.0,36.0,36.0,44.0,29.0,36.0,40.0,28.0,41.0,37.0,36.0,31.0,44.0,37.0,22.0,38.0,35.0,38.0,39.0,39.0,32.0,34.0,29.0,36.0,37.0,29.0,37.0,33.0,36.0,31.0,30.0,31.0,42.0,37.0,46.0,31.0,50.0,42.0,46.0,38.0,27.0,38.0,43.0
25.0,29.0,29.0,30.0,30.0,38.0,29.0,31.0,32.0,45.0,33.0,26.0,30.0,31.0,29.0,29.0,32.0,42.0,28.0,45.0,20.0,31.0,43.0,38.0,41.0,30.0,27.0,36.0,35.0,26.0,28.0,34.0,32.0,34.0,25.0,47.0,37.0,31.0,31.0,37.0,37.0,34.0,33.0,37.0,34.0,38.0,32.0,34.0,25.0,26.0
33.0,46.0,28.0,51.0,47.0,38.0,42.0,35.0,34.0,38.0,36.0,49.0,32.0,24.0,42.0,39.0,39.0,32.0,30.0,44.0,34.0,29.0,34.0,38.0,34.0,41.0,43.0,28.0,27.0,41.0,46.0,32.0,29.0,38.0,26.0,42.0,37.0,37.0,31.0,39.0,38.0,35.0,42.0,34.0,39.0,34.0,38.0,43.0,30.0,39.0
45.0,27.0,37.0,28.0,35.0,46.0,48.0,36.0,30.0,49.0,41.0,38.0,34.0,45.0,25.0,22.0,31.0,40.0,28.0,50.0,34.0,27.0,40.0,39.0,39.0,38.0,29.0,37.0,36.0,32.0,33.0,35.0,32.0,41.0,28.0,39.0,36.0,30.0,40.0,30.0,39.0,30.0,44.0,26.0,39.0,39.0,26.0,35.0,36.0,29.0
