10,50,1000
18.920555,17.904545,15.633831,19.948345,16.316662,17.642594,16.245699,16.70792,18.68672,16.007555
6.721538,6.249753,7.463743,7.280008,6.369421,7.075348,7.945554,9.142867,6.955411,5.47161
0.0,10.0,20.0,30.0,40.0,50.0,60.0,70.0,80.0,90.0
10.0,0.0,10.0,20.0,30.0,40.0,50.0,60.0,70.0,80.0
20.0,10.0,0.0,10.0,20.0,30.0,40.0,50.0,60.0,70.0
30.0,20.0,10.0,0.0,10.0,20.0,30.0,40.0,50.0,60.0
40.0,30.0,20.0,10.0,0.0,10.0,20.0,30.0,40.0,50.0
50.0,40.0,30.0,20.0,10.0,0.0,10.0,20.0,30.0,40.0
60.0,50.0,40.0,30.0,20.0,10.0,0.0,10.0,20.0,30.0
70.0,60.0,50.0,40.0,30.0,20.0,10.0,0.0,10.0,20.0
80.0,70.0,60.0,50.0,40.0,30.0,20.0,10.0,0.0,10.0
90.0,80.0,70.0,60.0,50.0,40.0,30.0,20.0,10.0,0.0
450.0,400.0,350.0,300.0,250.0,250.0,300.0,350.0,400.0,450.0
0.0,1.0,2.0,3.0,4.0,5.0,6.0,7.0,8.0,9.0
1.0,0.0,1.0,2.0,3.0,4.0,5.0,6.0,7.0,8.0
2.0,1.0,0.0,1.0,2.0,3.0,4.0,5.0,6.0,7.0
3.0,2.0,1.0,0.0,1.0,2.0,3.0,4.0,5.0,6.0
4.0,3.0,2.0,1.0,0.0,1.0,2.0,3.0,4.0,5.0
5.0,4.0,3.0,2.0,1.0,0.0,1.0,2.0,3.0,4.0
6.0,5.0,4.0,3.0,2.0,1.0,0.0,1.0,2.0,3.0
7.0,6.0,5.0,4.0,3.0,2.0,1.0,0.0,1.0,2.0
8.0,7.0,6.0,5.0,4.0,3.0,2.0,1.0,0.0,1.0
9.0,8.0,7.0,6.0,5.0,4.0,3.0,2.0,1.0,0.0
45.0,40.0,35.0,30.0,25.0,25.0,30.0,35.0,40.0,45.0
16.0,28.0,28.0,26.0,18.0,23.0,27.0,36.0,36.0,30.0,21.0,28.0,29.0,27.0,22.0,28.0,23.0,26.0,31.0,27.0,33.0,30.0,29.0,38.0,25.0,20.0,19.0,18.0,21.0,23.0,35.0,34.0,27.0,18.0,32.0,29.0,28.0,32.0,27.0,30.0,24.0,27.0,28.0,26.0,28.0,28.0,28.0,19.0,24.0,33.0
33.0,31.0,27.0,27.0,35.0,25.0,25.0,24.0,29.0,27.0,30.0,24.0,24.0,31.0,29.0,20.0,18.0,19.0,26.0,15.0,25.0,22.0,29.0,29.0,20.0,28.0,14.0,28.0,22.0,24.0,23.0,24.0,26.0,21.0,26.0,32.0,24.0,27.0,23.0,21.0,27.0,21.0,19.0,21.0,29.0,15.0,22.0,34.0,26.0,24.0
16.0,43.0,20.0,27.0,29.0,21.0,22.0,22.0,29.0,35.0,22.0,21.0,37.0,37.0,24.0,35.0,20.0,33.0,29.0,28.0,28.0,32.0,27.0,19.0,23.0,32.0,27.0,33.0,32.0,34.0,27.0,30.0,30.0,26.0,32.0,29.0,32.0,33.0,26.0,38.0,26.0,27.0,34.0,27.0,30.0,29.0,22.0,29.0,23.0,35.0
22.0,35.0,24.0,29.0,23.0,34.0,25.0,33.0,21.0,26.0,18.0,39.0,33.0,31.0,30.0,28.0,31.0,37.0,34.0,36.0,26.0,24.0,26.0,35.0,26.0,21.0,24.0,25.0,35.0,28.0,34.0,28.0,19.0,27.0,28.0,24.0,35.0,36.0,28.0,28.0,24.0,31.0,25.0,30.0,32.0,26.0,25.0,23.0,24.0,28.0
22.0,38.0,26.0,17.0,26.0,38.0,29.0,26.0,22.0,17.0,34.0,40.0,28.0,32.0,15.0,23.0,23.0,30.0,30.0,21.0,13.0,29.0,31.0,31.0,31.0,31.0,26.0,26.0,28.0,18.0,25.0,23.0,23.0,37.0,27.0,31.0,27.0,22.0,27.0,20.0,29.0,22.0,27.0,25.0,31.0,23.0,34.0,27.0,23.0,23.0
32.0,29.0,24.0,26.0,26.0,22.0,31.0,29.0,31.0,26.0,24.0,22.0,24.0,9.0,24.0,24.0,23.0,25.0,20.0,36.0,21.0,23.0,25.0,25.0,18.0,25.0,29.0,17.0,25.0,27.0,17.0,29.0,27.0,26.0,32.0,20.0,28.0,27.0,29.0,32.0,38.0,23.0,29.0,21.0,27.0,22.0,34.0,23.0,37.0,34.0
30.0,35.0,34.0,22.0,29.0,26.0,30.0,27.0,28.0,33.0,29.0,29.0,30.0,34.0,29.0,30.0,23.0,26.0,32.0,32.0,37.0,34.0,29.0,34.0,29.0,32.0,28.0,32.0,30.0,37.0,32.0,40.0,29.0,31.0,26.0,39.0,43.0,26.0,32.0,26.0,42.0,29.0,25.0,22.0,27.0,29.0,37.0,33.0,28.0,32.0
42.0,30.0,24.0,35.0,25.0,34.0,36.0,37.0,18.0,40.0,31.0,37.0,25.0,38.0,29.0,27.0,36.0,40.0,27.0,30.0,32.0,36.0,37.0,26.0,35.0,26.0,33.0,29.0,38.0,35.0,33.0,29.0,17.0,30.0,27.0,34.0,38.0,25.0,39.0,32.0,33.0,34.0,42.0,35.0,32.0,43.0,39.0,45.0,37.0,38.0
25.0,22.0,32.0,27.0,27.0,29.0,25.0,24.0,32.0,22.0,36.0,31.0,28.0,34.0,19.0,24.0,31.0,19.0,23.0,30.0,29.0,28.0,17.0,37.0,23.0,23.0,27.0,23.0,27.0,27.0,27.0,27.0,32.0,32.0,24.0,20.0,27.0,30.0,28.0,15.0,15.0,23.0,22.0,21.0,30.0,27.0,28.0,24.0,31.0,27.0
31.0,18.0,29.0,19.0,26.0,18.0,17.0,26.0,29.0,16.0,21.0,18.0,20.0,23.0,17.0,19.0,27.0,26.0,23.0,29.0,19.0,13.0,22.0,20.0,27.0,21.0,25.0,14.0,16.0,18.0,28.0,26.0,26.0,19.0,24.0,25.0,19.0,18.0,17.0,17.0,16.0,22.0,19.0,15.0,28.0,20.0,23.0,15.0,24.0,25.0
