10,50,1000
16.332344,17.466057,16.730123,19.912665,19.401913,17.505618,17.25435,19.221466,19.445133,19.152584
9.615795,9.898831,9.446653,8.757236,8.830135,7.072414,5.457254,7.874345,5.633779,9.750381
0.0,10.0,20.0,30.0,40.0,50.0,60.0,70.0,80.0,90.0
10.0,0.0,10.0,20.0,30.0,40.0,50.0,60.0,70.0,80.0
20.0,10.0,0.0,10.0,20.0,30.0,40.0,50.0,60.0,70.0
30.0,20.0,10.0,0.0,10.0,20.0,30.0,40.0,50.0,60.0
40.0,30.0,20.0,10.0,0.0,10.0,20.0,30.0,40.0,50.0
50.0,40.0,30.0,20.0,10.0,0.0,10.0,20.0,30.0,40.0
60.0,50.0,40.0,30.0,20.0,10.0,0.0,10.0,20.0,30.0
70.0,60.0,50.0,40.0,30.0,20.0,10.0,0.0,10.0,20.0
80.0,70.0,60.0,50.0,40.0,30.0,20.0,10.0,0.0,10.0
90.0,80.0,70.0,60.0,50.0,40.0,30.0,20.0,10.0,0.0
450.0,400.0,350.0,300.0,250.0,250.0,300.0,350.0,400.0,450.0
0.0,1.0,2.0,3.0,4.0,5.0,6.0,7.0,8.0,9.0
1.0,0.0,1.0,2.0,3.0,4.0,5.0,6.0,7.0,8.0
2.0,1.0,0.0,1.0,2.0,3.0,4.0,5.0,6.0,7.0
3.0,2.0,1.0,0.0,1.0,2.0,3.0,4.0,5.0,6.0
4.0,3.0,2.0,1.0,0.0,1.0,2.0,3.0,4.0,5.0
5.0,4.0,3.0,2.0,1.0,0.0,1.0,2.0,3.0,4.0
6.0,5.0,4.0,3.0,2.0,1.0,0.0,1.0,2.0,3.0
7.0,6.0,5.0,4.0,3.0,2.0,1.0,0.0,1.0,2.0
8.0,7.0,6.0,5.0,4.0,3.0,2.0,1.0,0.0,1.0
9.0,8.0,7.0,6.0,5.0,4.0,3.0,2.0,1.0,0.0
45.0,40.0,35.0,30.0,25.0,25.0,30.0,35.0,40.0,45.0
31.0,34.0,37.0,38.0,32.0,41.0,34.0,31.0,39.0,39.0,23.0,29.0,32.0,39.0,34.0,33.0,27.0,41.0,32.0,37.0,43.0,38.0,38.0,27.0,35.0,43.0,35.0,37.0,41.0,39.0,30.0,34.0,38.0,34.0,42.0,34.0,36.0,26.0,36.0,22.0,32.0,45.0,38.0,38.0,38.0,32.0,38.0,31.0,38.0,39.0
32.0,38.0,34.0,30.0,35.0,31.0,44.0,31.0,39.0,41.0,43.0,34.0,28.0,31.0,42.0,28.0,43.0,33.0,27.0,46.0,43.0,43.0,39.0,34.0,29.0,42.0,34.0,22.0,38.0,45.0,34.0,33.0,30.0,23.0,36.0,44.0,34.0,26.0,39.0,40.0,39.0,44.0,34.0,31.0,40.0,36.0,42.0,38.0,43.0,36.0
40.0,27.0,35.0,31.0,34.0,21.0,34.0,42.0,25.0,36.0,30.0,29.0,33.0,30.0,39.0,28.0,23.0,37.0,26.0,31.0,31.0,38.0,26.0,26.0,41.0,39.0,29.0,38.0,37.0,38.0,40.0,32.0,35.0,37.0,29.0,31.0,33.0,29.0,28.0,31.0,32.0,24.0,37.0,34.0,31.0,43.0,39.0,38.0,38.0,35.0
32.0,34.0,30.0,36.0,30.0,42.0,36.0,33.0,25.0,29.0,33.0,35.0,31.0,33.0,37.0,48.0,42.0,32.0,32.0,34.0,41.0,26.0,36.0,39.0,36.0,41.0,34.0,42.0,31.0,31.0,33.0,36.0,37.0,23.0,36.0,31.0,32.0,30.0,25.0,29.0,40.0,27.0,25.0,44.0,28.0,40.0,33.0,30.0,27.0,37.0
35.0,32.0,28.0,35.0,41.0,30.0,21.0,31.0,26.0,46.0,29.0,35.0,32.0,39.0,41.0,33.0,33.0,45.0,46.0,25.0,39.0,28.0,36.0,21.0,44.0,42.0,43.0,31.0,36.0,37.0,31.0,39.0,32.0,32.0,32.0,40.0,35.0,30.0,29.0,28.0,42.0,37.0,43.0,32.0,29.0,40.0,37.0,29.0,30.0,30.0
20.0,28.0,26.0,26.0,30.0,31.0,23.0,32.0,26.0,30.0,21.0,25.0,28.0,27.0,35.0,30.0,29.0,17.0,19.0,24.0,17.0,27.0,30.0,27.0,28.0,35.0,26.0,28.0,36.0,26.0,34.0,22.0,31.0,32.0,18.0,29.0,32.0,31.0,27.0,37.0,21.0,27.0,28.0,17.0,20.0,27.0,19.0,28.0,28.0,28.0
19.0,25.0,22.0,29.0,17.0,17.0,30.0,15.0,21.0,20.0,22.0,29.0,16.0,25.0,24.0,19.0,27.0,16.0,18.0,21.0,18.0,24.0,22.0,18.0,28.0,27.0,24.0,24.0,24.0,31.0,22.0,18.0,18.0,22.0,23.0,26.0,23.0,22.0,24.0,19.0,29.0,14.0,21.0,26.0,24.0,26.0,22.0,20.0,29.0,16.0
36.0,32.0,34.0,25.0,31.0,31.0,32.0,29.0,25.0,38.0,27.0,27.0,21.0,31.0,25.0,39.0,28.0,23.0,21.0,32.0,27.0,25.0,38.0,35.0,40.0,25.0,29.0,33.0,24.0,24.0,33.0,25.0,24.0,32.0,26.0,33.0,33.0,31.0,30.0,25.0,22.0,36.0,25.0,29.0,33.0,23.0,35.0,33.0,27.0,29.0
26.0,21.0,20.0,15.0,27.0,24.0,25.0,17.0,17.0,20.0,28.0,22.0,28.0,21.0,18.0,22.0,26.0,30.0,30.0,20.0,17.0,30.0,21.0,29.0,20.0,24.0,23.0,22.0,21.0,19.0,30.0,29.0,19.0,25.0,21.0,16.0,13.0,19.0,19.0,24.0,17.0,21.0,17.0,25.0,21.0,29.0,20.0,24.0,22.0,26.0
39.0,37.0,37.0,44.0,35.0,46.0,36.0,36.0,44.0,35.0,32.0,34.0,31.0,29.0,33.0,29.0,37.0,40.0,26.0,38.0,34.0,32.0,40.0,38.0,27.0,30.0,31.0,37.0,38.0,33.0,28.0,42.0,40.0,34.0,34.0,35.0,32.0,44.0,33.0,42.0,44.0,37.0,25.0,41.0,27.0,38.0,29.0,35.0,40.0,28.0
