10,50,1000
16.850858,19.416112,17.287781,15.065729,19.6489,15.684406,17.356531,15.346064,17.775884,18.825078
5.107493,8.20523,7.063262,5.170442,5.55478,6.485556,9.528105,6.896217,6.70962,9.128432
0.0,10.0,20.0,30.0,40.0,50.0,60.0,70.0,80.0,90.0
10.0,0.0,10.0,20.0,30.0,40.0,50.0,60.0,70.0,80.0
20.0,10.0,0.0,10.0,20.0,30.0,40.0,50.0,60.0,70.0
30.0,20.0,10.0,0.0,10.0,20.0,30.0,40.0,50.0,60.0
40.0,30.0,20.0,10.0,0.0,10.0,20.0,30.0,40.0,50.0
50.0,40.0,30.0,20.0,10.0,0.0,10.0,20.0,30.0,40.0
60.0,50.0,40.0,30.0,20.0,10.0,0.0,10.0,20.0,30.0
70.0,60.0,50.0,40.0,30.0,20.0,10.0,0.0,10.0,20.0
80.0,70.0,60.0,50.0,40.0,30.0,20.0,10.0,0.0,10.0
90.0,80.0,70.0,60.0,50.0,40.0,30.0,20.0,10.0,0.0
450.0,400.0,350.0,300.0,250.0,250.0,300.0,350.0,400.0,450.0
0.0,1.0,2.0,3.0,4.0,5.0,6.0,7.0,8.0,9.0
1.0,0.0,1.0,2.0,3.0,4.0,5.0,6.0,7.0,8.0
2.0,1.0,0.0,1.0,2.0,3.0,4.0,5.0,6.0,7.0
3.0,2.0,1.0,0.0,1.0,2.0,3.0,4.0,5.0,6.0
4.0,3.0,2.0,1.0,0.0,1.0,2.0,3.0,4.0,5.0
5.0,4.0,3.0,2.0,1.0,0.0,1.0,2.0,3.0,4.0
6.0,5.0,4.0,3.0,2.0,1.0,0.0,1.0,2.0,3.0
7.0,6.0,5.0,4.0,3.0,2.0,1.0,0.0,1.0,2.0
8.0,7.0,6.0,5.0,4.0,3.0,2.0,1.0,0.0,1.0
9.0,8.0,7.0,6.0,5.0,4.0,3.0,2.0,1.0,0.0
45.0,40.0,35.0,30.0,25.0,25.0,30.0,35.0,40.0,45.0
24.0,23.0,23.0,32.0,19.0,28.0,27.0,21.0,13.0,28.0,22.0,28.0,28.0,22.0,24.0,32.0,20.0,17.0,28.0,28.0,19.0,16.0,30.0,18.0,19.0,22.0,16.0,24.0,19.0,15.0,24.0,18.0,21.0,21.0,21.0,22.0,19.0,16.0,28.0,23.0,17.0,17.0,20.0,29.0,26.0,16.0,20.0,22.0,25.0,16.0
39.0,33.0,23.0,37.0,36.0,29.0,36.0,29.0,34.0,35.0,32.0,29.0,33.0,30.0,24.0,34.0,25.0,25.0,35.0,37.0,29.0,32.0,38.0,24.0,38.0,25.0,35.0,34.0,35.0,31.0,31.0,18.0,31.0,21.0,32.0,40.0,30.0,39.0,34.0,40.0,27.0,36.0,39.0,42.0,33.0,32.0,32.0,27.0,23.0,34.0
31.0,28.0,18.0,31.0,25.0,28.0,23.0,27.0,25.0,34.0,25.0,32.0,33.0,27.0,24.0,24.0,32.0,23.0,22.0,29.0,24.0,25.0,21.0,28.0,33.0,35.0,22.0,26.0,21.0,27.0,28.0,36.0,21.0,26.0,32.0,23.0,27.0,23.0,28.0,33.0,30.0,22.0,19.0,29.0,20.0,21.0,25.0,27.0,36.0,24.0
16.0,19.0,26.0,20.0,29.0,18.0,22.0,20.0,19.0,37.0,33.0,15.0,22.0,21.0,23.0,19.0,19.0,23.0,19.0,13.0,27.0,12.0,22.0,20.0,21.0,26.0,30.0,24.0,15.0,20.0,19.0,22.0,17.0,17.0,23.0,16.0,14.0,15.0,11.0,20.0,11.0,21.0,16.0,28.0,19.0,27.0,20.0,25.0,21.0,15.0
25.0,20.0,24.0,19.0,29.0,23.0,29.0,21.0,21.0,21.0,25.0,23.0,19.0,25.0,29.0,15.0,21.0,25.0,26.0,29.0,20.0,17.0,33.0,27.0,25.0,26.0,20.0,24.0,28.0,26.0,21.0,14.0,22.0,22.0,19.0,19.0,20.0,30.0,24.0,25.0,21.0,21.0,21.0,17.0,17.0,31.0,23.0,28.0,26.0,23.0
33.0,24.0,25.0,20.0,22.0,33.0,24.0,28.0,26.0,20.0,26.0,25.0,23.0,34.0,28.0,23.0,27.0,18.0,26.0,22.0,29.0,32.0,29.0,31.0,23.0,21.0,29.0,16.0,30.0,24.0,24.0,29.0,20.0,28.0,27.0,18.0,24.0,14.0,26.0,24.0,38.0,31.0,28.0,23.0,25.0,24.0,25.0,27.0,26.0,33.0
36.0,42.0,34.0,36.0,28.0,40.0,41.0,36.0,34.0,40.0,30.0,53.0,36.0,30.0,39.0,34.0,32.0,29.0,35.0,38.0,33.0,31.0,37.0,27.0,37.0,37.0,31.0,33.0,27.0,39.0,26.0,45.0,34.0,38.0,30.0,34.0,43.0,34.0,41.0,36.0,37.0,30.0,21.0,28.0,40.0,35.0,37.0,40.0,45.0,28.0
34.0,21.0,33.0,26.0,27.0,16.0,22.0,25.0,26.0,19.0,34.0,21.0,32.0,27.0,19.0,24.0,24.0,30.0,28.0,24.0,25.0,25.0,24.0,27.0,31.0,22.0,23.0,15.0,24.0,25.0,31.0,32.0,21.0,21.0,31.0,20.0,24.0,22.0,35.0,21.0,28.0,29.0,27.0,14.0,28.0,25.0,33.0,30.0,28.0,26.0
23.0,31.0,22.0,28.0,26.0,31.0,21.0,24.0,24.0,33.0,22.0,26.0,26.0,23.0,26.0,20.0,15.0,31.0,21.0,28.0,22.0,25.0,27.0,18.0,26.0,23.0,22.0,29.0,28.0,22.0,22.0,33.0,30.0,25.0,21.0,19.0,19.0,31.0,32.0,29.0,30.0,20.0,23.0,22.0,20.0,15.0,22.0,32.0,21.0,19.0
27.0,27.0,40.0,32.0,38.0,40.0,33.0,39.0,42.0,38.0,37.0,46.0,32.0,28.0,31.0,32.0,39.0,37.0,29.0,33.0,30.0,32.0,49.0,34.0,53.0,28.0,30.0,42.0,40.0,23.0,35.0,36.0,28.0,28.0,31.0,39.0,47.0,37.0,31.0,37.0,27.0,37.0,30.0,32.0,36.0,38.0,22.0,34.0,45.0,38.0
