10,50,1000
19.077402,18.347784,19.468319,17.628522,19.845935,19.531885,17.94661,17.759609,19.549103,15.718874
9.53267,9.365531,7.513105,7.033128,8.005968,8.590367,9.699506,7.924468,8.502082,9.241117
0.0,10.0,20.0,30.0,40.0,50.0,60.0,70.0,80.0,90.0
10.0,0.0,10.0,20.0,30.0,40.0,50.0,60.0,70.0,80.0
20.0,10.0,0.0,10.0,20.0,30.0,40.0,50.0,60.0,70.0
30.0,20.0,10.0,0.0,10.0,20.0,30.0,40.0,50.0,60.0
40.0,30.0,20.0,10.0,0.0,10.0,20.0,30.0,40.0,50.0
50.0,40.0,30.0,20.0,10.0,0.0,10.0,20.0,30.0,40.0
60.0,50.0,40.0,30.0,20.0,10.0,0.0,10.0,20.0,30.0
70.0,60.0,50.0,40.0,30.0,20.0,10.0,0.0,10.0,20.0
80.0,70.0,60.0,50.0,40.0,30.0,20.0,10.0,0.0,10.0
90.0,80.0,70.0,60.0,50.0,40.0,30.0,20.0,10.0,0.0
450.0,400.0,350.0,300.0,250.0,250.0,300.0,350.0,400.0,450.0
0.0,1.0,2.0,3.0,4.0,5.0,6.0,7.0,8.0,9.0
1.0,0.0,1.0,2.0,3.0,4.0,5.0,6.0,7.0,8.0
2.0,1.0,0.0,1.0,2.0,3.0,4.0,5.0,6.0,7.0
3.0,2.0,1.0,0.0,1.0,2.0,3.0,4.0,5.0,6.0
4.0,3.0,2.0,1.0,0.0,1.0,2.0,3.0,4.0,5.0
5.0,4.0,3.0,2.0,1.0,0.0,1.0,2.0,3.0,4.0
6.0,5.0,4.0,3.0,2.0,1.0,0.0,1.0,2.0,3.0
7.0,6.0,5.0,4.0,3.0,2.0,1.0,0.0,1.0,2.0
8.0,7.0,6.0,5.0,4.0,3.0,2.0,1.0,0.0,1.0
9.0,8.0,7.0,6.0,5.0,4.0,3.0,2.0,1.0,0.0
45.0,40.0,35.0,30.0,25.0,25.0,30.0,35.0,40.0,45.0
24.0,34.0,34.0,41.0,43.0,34.0,37.0,33.0,38.0,35.0,42.0,44.0,37.0,33.0,36.0,35.0,31.0,47.0,39.0,37.0,37.0,35.0,45.0,31.0,35.0,34.0,32.0,28.0,44.0,45.0,41.0,32.0,34.0,31.0,32.0,42.0,40.0,37.0,28.0,37.0,40.0,29.0,45.0,43.0,39.0,34.0,36.0,37.0,27.0,37.0
33.0,39.0,34.0,29.0,34.0,27.0,38.0,39.0,37.0,33.0,30.0,39.0,28.0,35.0,27.0,40.0,37.0,49.0,39.0,33.0,48.0,31.0,34.0,43.0,30.0,38.0,42.0,36.0,43.0,32.0,35.0,37.0,36.0,33.0,40.0,42.0,31.0,38.0,39.0,30.0,24.0,41.0,32.0,33.0,29.0,38.0,25.0,38.0,37.0,36.0
29.0,26.0,26.0,20.0,22.0,32.0,32.0,39.0,28.0,31.0,32.0,33.0,29.0,30.0,32.0,20.0,37.0,28.0,22.0,32.0,24.0,32.0,26.0,17.0,26.0,33.0,29.0,38.0,37.0,36.0,22.0,37.0,28.0,27.0,32.0,40.0,36.0,30.0,22.0,32.0,35.0,28.0,28.0,29.0,23.0,36.0,18.0,24.0,32.0,33.0
34.0,21.0,16.0,19.0,24.0,24.0,25.0,32.0,17.0,31.0,23.0,32.0,25.0,18.0,24.0,36.0,21.0,22.0,21.0,27.0,27.0,28.0,32.0,36.0,25.0,26.0,37.0,29.0,28.0,20.0,26.0,25.0,28.0,21.0,26.0,18.0,34.0,28.0,33.0,34.0,31.0,27.0,31.0,23.0,30.0,25.0,19.0,24.0,23.0,28.0
30.0,27.0,32.0,26.0,44.0,30.0,28.0,30.0,22.0,33.0,30.0,32.0,30.0,36.0,29.0,45.0,21.0,38.0,38.0,32.0,44.0,35.0,30.0,25.0,25.0,27.0,28.0,36.0,24.0,26.0,29.0,37.0,32.0,33.0,26.0,41.0,32.0,29.0,34.0,38.0,31.0,24.0,29.0,35.0,34.0,23.0,32.0,29.0,30.0,31.0
30.0,34.0,33.0,29.0,41.0,24.0,41.0,35.0,36.0,35.0,36.0,29.0,28.0,31.0,36.0,34.0,27.0,31.0,34.0,32.0,34.0,38.0,34.0,28.0,42.0,28.0,31.0,35.0,39.0,26.0,31.0,39.0,44.0,31.0,27.0,36.0,47.0,23.0,37.0,43.0,26.0,26.0,32.0,40.0,22.0,35.0,42.0,43.0,32.0,29.0
32.0,41.0,32.0,31.0,44.0,37.0,54.0,42.0,39.0,40.0,44.0,39.0,38.0,37.0,44.0,35.0,33.0,43.0,40.0,36.0,34.0,41.0,31.0,39.0,31.0,38.0,41.0,28.0,32.0,41.0,38.0,40.0,36.0,29.0,39.0,36.0,25.0,41.0,29.0,39.0,29.0,35.0,33.0,29.0,41.0,35.0,36.0,39.0,43.0,26.0
31.0,28.0,34.0,32.0,27.0,38.0,31.0,23.0,31.0,39.0,33.0,26.0,18.0,31.0,27.0,34.0,29.0,38.0,29.0,20.0,20.0,27.0,35.0,29.0,33.0,14.0,27.0,24.0,26.0,33.0,36.0,26.0,28.0,35.0,25.0,27.0,26.0,33.0,28.0,27.0,33.0,22.0,27.0,29.0,34.0,21.0,35.0,27.0,35.0,24.0
41.0,34.0,29.0,36.0,30.0,29.0,27.0,31.0,37.0,45.0,31.0,37.0,31.0,18.0,34.0,35.0,35.0,34.0,34.0,33.0,37.0,35.0,32.0,33.0,32.0,35.0,29.0,37.0,30.0,27.0,25.0,34.0,25.0,30.0,37.0,32.0,33.0,39.0,31.0,28.0,34.0,36.0,34.0,41.0,46.0,24.0,39.0,31.0,32.0,30.0
34.0,28.0,38.0,37.0,42.0,34.0,37.0,32.0,31.0,33.0,31.0,41.0,28.0,36.0,26.0,37.0,38.0,34.0,28.0,34.0,37.0,28.0,37.0,37.0,24.0,36.0,36.0,43.0,37.0,32.0,31.0,31.0,35.0,44.0,31.0,34.0,44.0,33.0,42.0,33.0,26.0,42.0,31.0,38.0,34.0,41.0,39.0,47.0,30.0,37.0
