10,50,1000
15.7688,18.260784,19.865937,16.784827,17.45382,16.033893,16.05314,16.593095,16.4377,19.216066
5.795005,7.005461,9.631611,6.069329,6.615422,8.782814,5.87747,6.879818,9.474703,7.14496
0.0,10.0,20.0,30.0,40.0,50.0,60.0,70.0,80.0,90.0
10.0,0.0,10.0,20.0,30.0,40.0,50.0,60.0,70.0,80.0
20.0,10.0,0.0,10.0,20.0,30.0,40.0,50.0,60.0,70.0
30.0,20.0,10.0,0.0,10.0,20.0,30.0,40.0,50.0,60.0
40.0,30.0,20.0,10.0,0.0,10.0,20.0,30.0,40.0,50.0
50.0,40.0,30.0,20.0,10.0,0.0,10.0,20.0,30.0,40.0
60.0,50.0,40.0,30.0,20.0,10.0,0.0,10.0,20.0,30.0
70.0,60.0,50.0,40.0,30.0,20.0,10.0,0.0,10.0,20.0
80.0,70.0,60.0,50.0,40.0,30.0,20.0,10.0,0.0,10.0
90.0,80.0,70.0,60.0,50.0,40.0,30.0,20.0,10.0,0.0
450.0,400.0,350.0,300.0,250.0,250.0,300.0,350.0,400.0,450.0
0.0,1.0,2.0,3.0,4.0,5.0,6.0,7.0,8.0,9.0
1.0,0.0,1.0,2.0,3.0,4.0,5.0,6.0,7.0,8.0
2.0,1.0,0.0,1.0,2.0,3.0,4.0,5.0,6.0,7.0
3.0,2.0,1.0,0.0,1.0,2.0,3.0,4.0,5.0,6.0
4.0,3.0,2.0,1.0,0.0,1.0,2.0,3.0,4.0,5.0
5.0,4.0,3.0,2.0,1.0,0.0,1.0,2.0,3.0,4.0
6.0,5.0,4.0,3.0,2.0,1.0,0.0,1.0,2.0,3.0
7.0,6.0,5.0,4.0,3.0,2.0,1.0,0.0,1.0,2.0
8.0,7.0,6.0,5.0,4.0,3.0,2.0,1.0,0.0,1.0
9.0,8.0,7.0,6.0,5.0,4.0,3.0,2.0,1.0,0.0
45.0,40.0,35.0,30.0,25.0,25.0,30.0,35.0,40.0,45.0
24.0,25.0,22.0,27.0,26.0,32.0,21.0,23.0,24.0,22.0,27.0,22.0,21.0,24.0,22.0,17.0,29.0,28.0,20.0,28.0,21.0,29.0,26.0,24.0,16.0,29.0,26.0,27.0,23.0,26.0,17.0,25.0,22.0,20.0,25.0,19.0,20.0,25.0,20.0,22.0,22.0,15.0,17.0,23.0,16.0,19.0,19.0,17.0,20.0,26.0
24.0,26.0,23.0,27.0,21.0,29.0,39.0,28.0,26.0,38.0,30.0,28.0,23.0,29.0,17.0,31.0,25.0,32.0,24.0,26.0,23.0,30.0,21.0,31.0,23.0,27.0,22.0,29.0,30.0,30.0,34.0,19.0,28.0,24.0,25.0,37.0,27.0,19.0,26.0,31.0,29.0,22.0,24.0,19.0,16.0,29.0,19.0,30.0,27.0,25.0
33.0,35.0,26.0,38.0,44.0,52.0,24.0,36.0,41.0,36.0,42.0,40.0,33.0,32.0,31.0,35.0,23.0,32.0,25.0,32.0,31.0,37.0,29.0,28.0,34.0,39.0,33.0,30.0,36.0,38.0,41.0,49.0,35.0,24.0,33.0,31.0,39.0,37.0,37.0,36.0,43.0,26.0,36.0,35.0,42.0,30.0,25.0,34.0,38.0,38.0
27.0,24.0,21.0,22.0,29.0,24.0,30.0,28.0,19.0,21.0,32.0,23.0,33.0,23.0,23.0,26.0,27.0,19.0,22.0,19.0,29.0,26.0,19.0,28.0,29.0,24.0,31.0,30.0,25.0,27.0,31.0,19.0,34.0,24.0,20.0,20.0,16.0,23.0,22.0,19.0,26.0,25.0,23.0,19.0,24.0,25.0,29.0,25.0,24.0,23.0
21.0,20.0,28.0,24.0,26.0,27.0,24.0,28.0,28.0,33.0,29.0,37.0,27.0,17.0,17.0,22.0,27.0,35.0,30.0,33.0,27.0,23.0,26.0,32.0,25.0,25.0,20.0,30.0,20.0,21.0,27.0,25.0,26.0,30.0,30.0,24.0,32.0,32.0,31.0,21.0,22.0,33.0,26.0,30.0,32.0,30.0,20.0,36.0,26.0,32.0
34.0,34.0,31.0,47.0,33.0,41.0,31.0,40.0,41.0,33.0,38.0,31.0,35.0,26.0,38.0,28.0,31.0,37.0,27.0,28.0,25.0,19.0,34.0,25.0,32.0,24.0,41.0,31.0,34.0,39.0,31.0,29.0,30.0,41.0,32.0,31.0,28.0,47.0,32.0,35.0,25.0,26.0,34.0,28.0,20.0,42.0,34.0,27.0,30.0,27.0
16.0,24.0,28.0,23.0,30.0,25.0,24.0,29.0,26.0,23.0,20.0,21.0,20.0,19.0,23.0,24.0,18.0,16.0,27.0,25.0,14.0,19.0,25.0,26.0,26.0,23.0,36.0,33.0,21.0,26.0,21.0,25.0,31.0,24.0,29.0,16.0,22.0,16.0,19.0,17.0,16.0,19.0,19.0,23.0,23.0,31.0,21.0,25.0,20.0,28.0
21.0,24.0,26.0,27.0,34.0,27.0,23.0,31.0,27.0,39.0,27.0,21.0,31.0,43.0,21.0,30.0,28.0,13.0,38.0,24.0,25.0,29.0,21.0,39.0,31.0,23.0,36.0,18.0,22.0,28.0,31.0,32.0,22.0,28.0,23.0,29.0,27.0,38.0,27.0,24.0,27.0,30.0,32.0,25.0,30.0,22.0,25.0,27.0,25.0,22.0
28.0,33.0,37.0,28.0,33.0,40.0,28.0,35.0,38.0,31.0,42.0,46.0,49.0,38.0,28.0,33.0,40.0,33.0,36.0,33.0,25.0,27.0,36.0,36.0,40.0,34.0,32.0,40.0,36.0,49.0,37.0,28.0,26.0,39.0,34.0,28.0,29.0,38.0,36.0,34.0,34.0,34.0,35.0,28.0,35.0,39.0,37.0,37.0,42.0,43.0
37.0,37.0,31.0,34.0,25.0,24.0,40.0,30.0,24.0,33.0,24.0,20.0,13.0,27.0,21.0,25.0,29.0,26.0,31.0,28.0,26.0,35.0,20.0,23.0,21.0,32.0,31.0,25.0,26.0,33.0,28.0,32.0,18.0,37.0,22.0,35.0,28.0,21.0,19.0,23.0,40.0,43.0,15.0,18.0,31.0,30.0,31.0,29.0,15.0,27.0
