10,50,1000
16.208772,16.02082,15.741256,17.208525,15.022929,16.251062,16.241937,18.26087,16.268489,15.050932
7.99807,6.805613,5.638584,8.663946,7.603888,9.171794,5.160021,6.382332,6.342923,8.851127
0.0,10.0,20.0,30.0,40.0,50.0,60.0,70.0,80.0,90.0
10.0,0.0,10.0,20.0,30.0,40.0,50.0,60.0,70.0,80.0
20.0,10.0,0.0,10.0,20.0,30.0,40.0,50.0,60.0,70.0
30.0,20.0,10.0,0.0,10.0,20.0,30.0,40.0,50.0,60.0
40.0,30.0,20.0,10.0,0.0,10.0,20.0,30.0,40.0,50.0
50.0,40.0,30.0,20.0,10.0,0.0,10.0,20.0,30.0,40.0
60.0,50.0,40.0,30.0,20.0,10.0,0.0,10.0,20.0,30.0
70.0,60.0,50.0,40.0,30.0,20.0,10.0,0.0,10.0,20.0
80.0,70.0,60.0,50.0,40.0,30.0,20.0,10.0,0.0,10.0
90.0,80.0,70.0,60.0,50.0,40.0,30.0,20.0,10.0,0.0
450.0,400.0,350.0,300.0,250.0,250.0,300.0,350.0,400.0,450.0
0.0,1.0,2.0,3.0,4.0,5.0,6.0,7.0,8.0,9.0
1.0,0.0,1.0,2.0,3.0,4.0,5.0,6.0,7.0,8.0
2.0,1.0,0.0,1.0,2.0,3.0,4.0,5.0,6.0,7.0
3.0,2.0,1.0,0.0,1.0,2.0,3.0,4.0,5.0,6.0
4.0,3.0,2.0,1.0,0.0,1.0,2.0,3.0,4.0,5.0
5.0,4.0,3.0,2.0,1.0,0.0,1.0,2.0,3.0,4.0
6.0,5.0,4.0,3.0,2.0,1.0,0.0,1.0,2.0,3.0
7.0,6.0,5.0,4.0,3.0,2.0,1.0,0.0,1.0,2.0
8.0,7.0,6.0,5.0,4.0,3.0,2.0,1.0,0.0,1.0
9.0,8.0,7.0,6.0,5.0,4.0,3.0,2.0,1.0,0.0
45.0,40.0,35.0,30.0,25.0,25.0,30.0,35.0,40.0,45.0
28.0,21.0,26.0,34.0,26.0,40.0,35.0,29.0,31.0,27.0,37.0,30.0,26.0,35.0,28.0,35.0,31.0,31.0,37.0,31.0,27.0,26.0,27.0,31.0,31.0,28.0,35.0,30.0,28.0,31.0,26.0,25.0,25.0,27.0,26.0,20.0,27.0,20.0,33.0,24.0,26.0,33.0,28.0,35.0,21.0,28.0,35.0,31.0,33.0,29.0
27.0,26.0,28.0,36.0,21.0,28.0,34.0,24.0,28.0,18.0,35.0,21.0,26.0,22.0,29.0,23.0,28.0,27.0,26.0,24.0,29.0,36.0,27.0,27.0,28.0,27.0,23.0,31.0,19.0,28.0,24.0,21.0,19.0,25.0,29.0,30.0,21.0,29.0,28.0,29.0,37.0,23.0,25.0,34.0,26.0,27.0,22.0,20.0,25.0,29.0
27.0,29.0,27.0,23.0,27.0,25.0,23.0,19.0,28.0,19.0,22.0,19.0,30.0,18.0,26.0,17.0,31.0,21.0,17.0,26.0,28.0,21.0,25.0,18.0,21.0,23.0,20.0,15.0,16.0,24.0,17.0,30.0,22.0,27.0,25.0,28.0,25.0,17.0,22.0,17.0,17.0,18.0,21.0,23.0,29.0,28.0,19.0,14.0,25.0,14.0
33.0,26.0,32.0,32.0,30.0,27.0,28.0,27.0,28.0,40.0,31.0,35.0,27.0,48.0,40.0,34.0,38.0,36.0,40.0,29.0,22.0,38.0,29.0,31.0,36.0,26.0,31.0,28.0,28.0,36.0,28.0,24.0,30.0,39.0,32.0,29.0,24.0,26.0,37.0,37.0,31.0,25.0,34.0,20.0,28.0,37.0,35.0,38.0,22.0,23.0
20.0,26.0,22.0,23.0,27.0,29.0,32.0,31.0,21.0,26.0,25.0,20.0,33.0,33.0,27.0,28.0,34.0,25.0,31.0,35.0,28.0,15.0,32.0,35.0,29.0,30.0,27.0,30.0,26.0,19.0,34.0,29.0,25.0,31.0,25.0,23.0,27.0,22.0,26.0,35.0,22.0,28.0,34.0,24.0,34.0,25.0,25.0,39.0,31.0,26.0
32.0,37.0,32.0,30.0,35.0,42.0,39.0,37.0,34.0,26.0,37.0,35.0,38.0,38.0,29.0,35.0,36.0,33.0,26.0,29.0,32.0,24.0,32.0,32.0,22.0,32.0,24.0,36.0,32.0,31.0,34.0,38.0,28.0,43.0,36.0,51.0,33.0,35.0,22.0,32.0,36.0,41.0,41.0,30.0,45.0,45.0,39.0,33.0,38.0,25.0
22.0,25.0,13.0,15.0,25.0,25.0,15.0,26.0,29.0,18.0,23.0,23.0,14.0,26.0,21.0,12.0,21.0,25.0,22.0,24.0,20.0,19.0,28.0,24.0,29.0,28.0,19.0,29.0,19.0,22.0,15.0,23.0,18.0,17.0,25.0,13.0,19.0,14.0,22.0,17.0,25.0,20.0,16.0,15.0,20.0,25.0,19.0,31.0,14.0,19.0
32.0,21.0,31.0,29.0,25.0,19.0,32.0,21.0,23.0,21.0,28.0,31.0,33.0,17.0,16.0,24.0,30.0,26.0,21.0,25.0,24.0,29.0,26.0,28.0,24.0,25.0,20.0,20.0,28.0,31.0,23.0,29.0,24.0,27.0,17.0,32.0,18.0,19.0,25.0,25.0,25.0,18.0,24.0,27.0,24.0,17.0,18.0,23.0,24.0,26.0
20.0,30.0,31.0,24.0,28.0,27.0,28.0,26.0,24.0,27.0,18.0,23.0,28.0,24.0,22.0,28.0,24.0,28.0,20.0,22.0,31.0,21.0,19.0,25.0,20.0,23.0,30.0,25.0,17.0,34.0,30.0,18.0,27.0,27.0,27.0,14.0,16.0,20.0,25.0,25.0,28.0,32.0,27.0,29.0,20.0,27.0,26.0,30.0,26.0,26.0
34.0,38.0,37.0,39.0,44.0,24.0,35.0,28.0,47.0,29.0,37.0,30.0,24.0,26.0,36.0,31.0,32.0,32.0,26.0,26.0,31.0,36.0,41.0,33.0,32.0,27.0,25.0,31.0,35.0,38.0,40.0,27.0,32.0,15.0,37.0,37.0,34.0,39.0,30.0,22.0,38.0,34.0,28.0,47.0,40.0,37.0,33.0,35.0,30.0,30.0
