10,50,1000
15.866367,15.863895,17.875204,19.561475,17.432525,17.211956,15.496591,18.761865,15.626849,17.60317
9.82367,5.211735,6.836592,9.479571,5.745558,6.708573,8.009038,5.069013,8.870218,9.675698
0.0,10.0,20.0,30.0,40.0,50.0,60.0,70.0,80.0,90.0
10.0,0.0,10.0,20.0,30.0,40.0,50.0,60.0,70.0,80.0
20.0,10.0,0.0,10.0,20.0,30.0,40.0,50.0,60.0,70.0
30.0,20.0,10.0,0.0,10.0,20.0,30.0,40.0,50.0,60.0
40.0,30.0,20.0,10.0,0.0,10.0,20.0,30.0,40.0,50.0
50.0,40.0,30.0,20.0,10.0,0.0,10.0,20.0,30.0,40.0
60.0,50.0,40.0,30.0,20.0,10.0,0.0,10.0,20.0,30.0
70.0,60.0,50.0,40.0,30.0,20.0,10.0,0.0,10.0,20.0
80.0,70.0,60.0,50.0,40.0,30.0,20.0,10.0,0.0,10.0
90.0,80.0,70.0,60.0,50.0,40.0,30.0,20.0,10.0,0.0
450.0,400.0,350.0,300.0,250.0,250.0,300.0,350.0,400.0,450.0
0.0,1.0,2.0,3.0,4.0,5.0,6.0,7.0,8.0,9.0
1.0,0.0,1.0,2.0,3.0,4.0,5.0,6.0,7.0,8.0
2.0,1.0,0.0,1.0,2.0,3.0,4.0,5.0,6.0,7.0
3.0,2.0,1.0,0.0,1.0,2.0,3.0,4.0,5.0,6.0
4.0,3.0,2.0,1.0,0.0,1.0,2.0,3.0,4.0,5.0
5.0,4.0,3.0,2.0,1.0,0.0,1.0,2.0,3.0,4.0
6.0,5.0,4.0,3.0,2.0,1.0,0.0,1.0,2.0,3.0
7.0,6.0,5.0,4.0,3.0,2.0,1.0,0.0,1.0,2.0
8.0,7.0,6.0,5.0,4.0,3.0,2.0,1.0,0.0,1.0
9.0,8.0,7.0,6.0,5.0,4.0,3.0,2.0,1.0,0.0
45.0,40.0,35.0,30.0,25.0,25.0,30.0,35.0,40.0,45.0
43.0,31.0,28.0,34.0,37.0,32.0,38.0,38.0,35.0,43.0,32.0,40.0,39.0,33.0,32.0,33.0,35.0,25.0,33.0,42.0,37.0,36.0,29.0,29.0,28.0,46.0,36.0,37.0,36.0,28.0,32.0,45.0,45.0,35.0,38.0,30.0,32.0,40.0,43.0,35.0,36.0,35.0,36.0,41.0,43.0,39.0,50.0,44.0,26.0,46.0
26.0,23.0,21.0,14.0,28.0,29.0,23.0,22.0,27.0,16.0,19.0,22.0,16.0,28.0,20.0,22.0,28.0,19.0,18.0,25.0,15.0,29.0,24.0,25.0,18.0,15.0,28.0,28.0,27.0,19.0,11.0,21.0,14.0,22.0,13.0,19.0,23.0,22.0,22.0,20.0,19.0,25.0,22.0,32.0,24.0,24.0,23.0,29.0,15.0,17.0
24.0,18.0,21.0,33.0,31.0,26.0,25.0,27.0,24.0,24.0,24.0,19.0,30.0,24.0,17.0,32.0,35.0,23.0,30.0,29.0,20.0,26.0,32.0,30.0,31.0,30.0,26.0,19.0,34.0,33.0,21.0,17.0,37.0,25.0,28.0,25.0,25.0,27.0,24.0,25.0,20.0,31.0,21.0,31.0,37.0,18.0,24.0,24.0,34.0,29.0
45.0,47.0,34.0,38.0,28.0,39.0,43.0,35.0,31.0,36.0,36.0,39.0,44.0,36.0,32.0,41.0,25.0,39.0,37.0,39.0,30.0,38.0,35.0,44.0,27.0,30.0,45.0,36.0,20.0,42.0,32.0,33.0,42.0,42.0,41.0,27.0,32.0,40.0,35.0,40.0,34.0,35.0,38.0,36.0,27.0,33.0,27.0,36.0,34.0,45.0
18.0,34.0,16.0,24.0,27.0,24.0,18.0,28.0,24.0,23.0,30.0,18.0,27.0,31.0,21.0,15.0,21.0,31.0,25.0,30.0,26.0,24.0,25.0,18.0,30.0,29.0,18.0,30.0,28.0,27.0,19.0,30.0,24.0,25.0,33.0,21.0,33.0,13.0,22.0,16.0,24.0,25.0,17.0,20.0,20.0,21.0,21.0,29.0,20.0,20.0
31.0,29.0,28.0,25.0,30.0,16.0,17.0,22.0,23.0,30.0,32.0,25.0,25.0,27.0,29.0,24.0,24.0,20.0,30.0,28.0,26.0,33.0,30.0,21.0,33.0,24.0,30.0,21.0,30.0,24.0,27.0,27.0,24.0,34.0,33.0,24.0,26.0,21.0,25.0,27.0,26.0,30.0,26.0,29.0,33.0,25.0,22.0,27.0,33.0,24.0
24.0,24.0,32.0,30.0,34.0,35.0,28.0,26.0,19.0,25.0,24.0,29.0,30.0,29.0,35.0,24.0,32.0,37.0,29.0,27.0,27.0,27.0,17.0,27.0,28.0,33.0,20.0,29.0,29.0,30.0,26.0,30.0,31.0,30.0,36.0,33.0,23.0,34.0,39.0,27.0,32.0,35.0,34.0,30.0,33.0,32.0,42.0,31.0,20.0,29.0
15.0,17.0,20.0,18.0,6.0,15.0,21.0,14.0,25.0,14.0,17.0,18.0,26.0,19.0,21.0,15.0,29.0,27.0,20.0,18.0,15.0,27.0,21.0,19.0,28.0,26.0,21.0,24.0,22.0,15.0,15.0,22.0,19.0,22.0,15.0,23.0,23.0,14.0,21.0,15.0,19.0,21.0,28.0,19.0,22.0,23.0,22.0,22.0,38.0,25.0
40.0,36.0,34.0,35.0,30.0,40.0,27.0,28.0,33.0,34.0,35.0,36.0,31.0,37.0,27.0,32.0,34.0,38.0,29.0,28.0,33.0,31.0,25.0,31.0,36.0,33.0,29.0,32.0,37.0,39.0,31.0,42.0,30.0,33.0,42.0,34.0,28.0,32.0,25.0,27.0,29.0,43.0,27.0,20.0,25.0,28.0,40.0,25.0,40.0,32.0
32.0,29.0,33.0,35.0,37.0,41.0,34.0,38.0,34.0,34.0,34.0,29.0,38.0,31.0,42.0,28.0,39.0,32.0,35.0,29.0,47.0,41.0,39.0,32.0,31.0,35.0,28.0,37.0,31.0,39.0,44.0,35.0,35.0,44.0,45.0,44.0,37.0,41.0,25.0,38.0,35.0,35.0,29.0,42.0,41.0,37.0,38.0,43.0,32.0,41.0
