10,50,1000
17.902919,19.393611,16.355615,18.173479,18.6579,19.037336,15.85268,16.852856,15.136381,15.390592
5.442757,7.540882,9.557169,5.088116,5.606921,6.646159,7.63639,8.305741,5.482665,8.230559
0.0,10.0,20.0,30.0,40.0,50.0,60.0,70.0,80.0,90.0
10.0,0.0,10.0,20.0,30.0,40.0,50.0,60.0,70.0,80.0
20.0,10.0,0.0,10.0,20.0,30.0,40.0,50.0,60.0,70.0
30.0,20.0,10.0,0.0,10.0,20.0,30.0,40.0,50.0,60.0
40.0,30.0,20.0,10.0,0.0,10.0,20.0,30.0,40.0,50.0
50.0,40.0,30.0,20.0,10.0,0.0,10.0,20.0,30.0,40.0
60.0,50.0,40.0,30.0,20.0,10.0,0.0,10.0,20.0,30.0
70.0,60.0,50.0,40.0,30.0,20.0,10.0,0.0,10.0,20.0
80.0,70.0,60.0,50.0,40.0,30.0,20.0,10.0,0.0,10.0
90.0,80.0,70.0,60.0,50.0,40.0,30.0,20.0,10.0,0.0
450.0,400.0,350.0,300.0,250.0,250.0,300.0,350.0,400.0,450.0
0.0,1.0,2.0,3.0,4.0,5.0,6.0,7.0,8.0,9.0
1.0,0.0,1.0,2.0,3.0,4.0,5.0,6.0,7.0,8.0
2.0,1.0,0.0,1.0,2.0,3.0,4.0,5.0,6.0,7.0
3.0,2.0,1.0,0.0,1.0,2.0,3.0,4.0,5.0,6.0
4.0,3.0,2.0,1.0,0.0,1.0,2.0,3.0,4.0,5.0
5.0,4.0,3.0,2.0,1.0,0.0,1.0,2.0,3.0,4.0
6.0,5.0,4.0,3.0,2.0,1.0,0.0,1.0,2.0,3.0
7.0,6.0,5.0,4.0,3.0,2.0,1.0,0.0,1.0,2.0
8.0,7.0,6.0,5.0,4.0,3.0,2.0,1.0,0.0,1.0
9.0,8.0,7.0,6.0,5.0,4.0,3.0,2.0,1.0,0.0
45.0,40.0,35.0,30.0,25.0,25.0,30.0,35.0,40.0,45.0
23.0,22.0,27.0,24.0,11.0,14.0,14.0,20.0,23.0,24.0,21.0,32.0,26.0,23.0,22.0,23.0,20.0,17.0,28.0,16.0,22.0,18.0,21.0,20.0,22.0,24.0,22.0,24.0,28.0,23.0,23.0,17.0,18.0,25.0,23.0,18.0,22.0,27.0,25.0,24.0,18.0,13.0,17.0,15.0,25.0,16.0,28.0,19.0,13.0,28.0
32.0,22.0,33.0,28.0,28.0,23.0,23.0,30.0,42.0,35.0,27.0,32.0,19.0,30.0,22.0,31.0,23.0,25.0,34.0,26.0,36.0,37.0,31.0,33.0,25.0,28.0,35.0,31.0,30.0,27.0,27.0,35.0,25.0,21.0,31.0,30.0,38.0,30.0,22.0,31.0,31.0,31.0,27.0,27.0,27.0,24.0,32.0,28.0,28.0,35.0
34.0,31.0,23.0,33.0,30.0,38.0,31.0,33.0,41.0,30.0,45.0,38.0,35.0,36.0,41.0,33.0,36.0,28.0,53.0,28.0,41.0,36.0,34.0,29.0,33.0,36.0,38.0,36.0,28.0,32.0,35.0,34.0,43.0,35.0,39.0,32.0,30.0,38.0,37.0,32.0,42.0,28.0,38.0,23.0,42.0,35.0,40.0,36.0,38.0,38.0
14.0,23.0,26.0,18.0,28.0,15.0,14.0,20.0,26.0,17.0,17.0,25.0,19.0,16.0,21.0,15.0,32.0,22.0,27.0,19.0,30.0,18.0,21.0,20.0,22.0,22.0,28.0,19.0,19.0,17.0,16.0,22.0,21.0,19.0,22.0,26.0,18.0,14.0,15.0,17.0,19.0,24.0,22.0,16.0,27.0,24.0,15.0,16.0,26.0,25.0
29.0,24.0,25.0,17.0,11.0,21.0,17.0,26.0,21.0,27.0,38.0,28.0,25.0,23.0,22.0,25.0,20.0,8.0,32.0,26.0,24.0,27.0,26.0,25.0,25.0,25.0,12.0,26.0,28.0,27.0,22.0,17.0,25.0,25.0,30.0,15.0,26.0,29.0,21.0,26.0,27.0,17.0,23.0,27.0,22.0,14.0,19.0,27.0,22.0,23.0
23.0,33.0,22.0,18.0,24.0,30.0,32.0,24.0,27.0,34.0,21.0,28.0,32.0,34.0,35.0,21.0,27.0,27.0,23.0,25.0,27.0,33.0,30.0,33.0,29.0,34.0,22.0,21.0,30.0,24.0,33.0,23.0,28.0,32.0,27.0,26.0,33.0,26.0,31.0,30.0,35.0,26.0,24.0,22.0,27.0,28.0,25.0,26.0,30.0,39.0
25.0,29.0,25.0,23.0,26.0,45.0,26.0,30.0,25.0,33.0,34.0,28.0,24.0,33.0,34.0,27.0,37.0,25.0,28.0,29.0,25.0,21.0,24.0,34.0,31.0,31.0,35.0,31.0,33.0,28.0,34.0,27.0,33.0,35.0,25.0,33.0,34.0,29.0,33.0,34.0,35.0,21.0,32.0,37.0,19.0,21.0,33.0,23.0,32.0,28.0
31.0,50.0,29.0,39.0,23.0,32.0,39.0,31.0,36.0,34.0,36.0,35.0,33.0,16.0,33.0,24.0,24.0,28.0,32.0,32.0,30.0,39.0,23.0,22.0,36.0,26.0,31.0,34.0,31.0,32.0,26.0,26.0,23.0,30.0,35.0,28.0,25.0,25.0,21.0,31.0,30.0,33.0,20.0,37.0,31.0,32.0,28.0,29.0,31.0,28.0
18.0,21.0,19.0,23.0,17.0,14.0,17.0,23.0,30.0,22.0,19.0,20.0,17.0,25.0,26.0,27.0,23.0,22.0,16.0,12.0,18.0,13.0,25.0,28.0,32.0,19.0,18.0,24.0,13.0,25.0,26.0,25.0,20.0,20.0,24.0,23.0,21.0,17.0,30.0,27.0,17.0,22.0,17.0,27.0,20.0,16.0,20.0,20.0,26.0,22.0
30.0,34.0,29.0,28.0,34.0,35.0,27.0,29.0,36.0,23.0,32.0,29.0,30.0,32.0,35.0,29.0,21.0,29.0,29.0,33.0,35.0,23.0,24.0,28.0,37.0,25.0,30.0,35.0,36.0,33.0,25.0,24.0,28.0,27.0,38.0,35.0,42.0,21.0,34.0,37.0,37.0,24.0,29.0,31.0,29.0,33.0,34.0,28.0,29.0,19.0
