10,50,1000
18.380471,18.227707,18.695346,16.707209,15.040105,16.748765,19.08018,17.444862,15.090283,18.849378
8.278631,9.187328,5.06924,8.995941,9.502449,9.827257,5.35136,8.79485,8.742082,7.519929
0.0,10.0,20.0,30.0,40.0,50.0,60.0,70.0,80.0,90.0
10.0,0.0,10.0,20.0,30.0,40.0,50.0,60.0,70.0,80.0
20.0,10.0,0.0,10.0,20.0,30.0,40.0,50.0,60.0,70.0
30.0,20.0,10.0,0.0,10.0,20.0,30.0,40.0,50.0,60.0
40.0,30.0,20.0,10.0,0.0,10.0,20.0,30.0,40.0,50.0
50.0,40.0,30.0,20.0,10.0,0.0,10.0,20.0,30.0,40.0
60.0,50.0,40.0,30.0,20.0,10.0,0.0,10.0,20.0,30.0
70.0,60.0,50.0,40.0,30.0,20.0,10.0,0.0,10.0,20.0
80.0,70.0,60.0,50.0,40.0,30.0,20.0,10.0,0.0,10.0
90.0,80.0,70.0,60.0,50.0,40.0,30.0,20.0,10.0,0.0
450.0,400.0,350.0,300.0,250.0,250.0,300.0,350.0,400.0,450.0
0.0,1.0,2.0,3.0,4.0,5.0,6.0,7.0,8.0,9.0
1.0,0.0,1.0,2.0,3.0,4.0,5.0,6.0,7.0,8.0
2.0,1.0,0.0,1.0,2.0,3.0,4.0,5.0,6.0,7.0
3.0,2.0,1.0,0.0,1.0,2.0,3.0,4.0,5.0,6.0
4.0,3.0,2.0,1.0,0.0,1.0,2.0,3.0,4.0,5.0
5.0,4.0,3.0,2.0,1.0,0.0,1.0,2.0,3.0,4.0
6.0,5.0,4.0,3.0,2.0,1.0,0.0,1.0,2.0,3.0
7.0,6.0,5.0,4.0,3.0,2.0,1.0,0.0,1.0,2.0
8.0,7.0,6.0,5.0,4.0,3.0,2.0,1.0,0.0,1.0
9.0,8.0,7.0,6.0,5.0,4.0,3.0,2.0,1.0,0.0
45.0,40.0,35.0,30.0,25.0,25.0,30.0,35.0,40.0,45.0
30.0,40.0,30.0,28.0,27.0,31.0,41.0,36.0,39.0,27.0,31.0,26.0,36.0,30.0,36.0,23.0,30.0,36.0,30.0,28.0,31.0,37.0,37.0,20.0,28.0,35.0,25.0,21.0,30.0,25.0,31.0,24.0,30.0,27.0,25.0,32.0,27.0,29.0,30.0,33.0,34.0,34.0,32.0,32.0,27.0,37.0,29.0,33.0,26.0,37.0
28.0,31.0,32.0,28.0,30.0,36.0,36.0,32.0,25.0,26.0,41.0,28.0,27.0,33.0,35.0,36.0,39.0,27.0,32.0,35.0,31.0,33.0,33.0,33.0,26.0,39.0,32.0,30.0,26.0,39.0,26.0,42.0,35.0,33.0,43.0,27.0,27.0,31.0,36.0,39.0,38.0,29.0,33.0,26.0,27.0,25.0,24.0,24.0,38.0,34.0
20.0,27.0,17.0,21.0,18.0,26.0,23.0,15.0,24.0,12.0,22.0,20.0,20.0,25.0,18.0,19.0,19.0,21.0,20.0,22.0,17.0,24.0,15.0,18.0,27.0,25.0,18.0,23.0,18.0,17.0,34.0,20.0,21.0,21.0,22.0,21.0,24.0,18.0,15.0,22.0,18.0,23.0,17.0,20.0,24.0,26.0,20.0,13.0,18.0,28.0
27.0,35.0,26.0,37.0,31.0,32.0,30.0,32.0,39.0,27.0,28.0,39.0,33.0,33.0,34.0,35.0,29.0,29.0,30.0,34.0,29.0,33.0,35.0,32.0,36.0,44.0,29.0,44.0,36.0,30.0,24.0,40.0,29.0,27.0,37.0,40.0,34.0,30.0,26.0,31.0,17.0,27.0,31.0,44.0,28.0,27.0,39.0,27.0,31.0,40.0
28.0,30.0,32.0,25.0,23.0,40.0,37.0,35.0,33.0,30.0,29.0,36.0,30.0,35.0,32.0,33.0,29.0,33.0,45.0,41.0,27.0,25.0,42.0,33.0,44.0,35.0,47.0,27.0,38.0,42.0,36.0,28.0,25.0,23.0,26.0,32.0,42.0,25.0,32.0,47.0,44.0,37.0,38.0,36.0,28.0,24.0,44.0,31.0,18.0,20.0
37.0,31.0,37.0,37.0,44.0,46.0,37.0,44.0,42.0,37.0,35.0,38.0,24.0,40.0,35.0,30.0,30.0,43.0,36.0,35.0,26.0,45.0,40.0,44.0,34.0,28.0,31.0,51.0,49.0,39.0,37.0,42.0,40.0,37.0,38.0,48.0,30.0,27.0,38.0,30.0,37.0,45.0,33.0,40.0,38.0,48.0,19.0,39.0,33.0,25.0
16.0,30.0,24.0,23.0,21.0,28.0,27.0,20.0,17.0,19.0,17.0,14.0,25.0,24.0,21.0,21.0,23.0,19.0,17.0,24.0,13.0,14.0,28.0,32.0,23.0,16.0,24.0,21.0,30.0,27.0,22.0,15.0,20.0,18.0,23.0,26.0,18.0,20.0,15.0,19.0,26.0,30.0,24.0,20.0,24.0,21.0,20.0,16.0,12.0,24.0
48.0,25.0,35.0,26.0,36.0,34.0,44.0,28.0,32.0,30.0,29.0,38.0,49.0,33.0,26.0,37.0,36.0,27.0,33.0,27.0,36.0,26.0,28.0,32.0,39.0,33.0,36.0,37.0,30.0,28.0,36.0,30.0,32.0,28.0,41.0,33.0,29.0,33.0,31.0,30.0,40.0,31.0,34.0,39.0,28.0,22.0,31.0,21.0,39.0,35.0
38.0,37.0,40.0,30.0,27.0,30.0,31.0,30.0,29.0,33.0,36.0,27.0,21.0,39.0,32.0,26.0,28.0,29.0,26.0,30.0,30.0,33.0,33.0,40.0,46.0,39.0,31.0,34.0,32.0,28.0,38.0,27.0,25.0,25.0,41.0,27.0,30.0,31.0,33.0,41.0,32.0,28.0,41.0,25.0,37.0,36.0,29.0,43.0,32.0,25.0
31.0,32.0,28.0,29.0,34.0,25.0,23.0,31.0,28.0,26.0,26.0,25.0,29.0,30.0,29.0,33.0,30.0,29.0,23.0,36.0,35.0,30.0,25.0,26.0,36.0,26.0,28.0,28.0,34.0,27.0,22.0,41.0,21.0,30.0,31.0,33.0,34.0,37.0,26.0,25.0,18.0,36.0,24.0,26.0,30.0,37.0,37.0,30.0,33.0,36.0
