10,50,1000
19.006715,16.288372,18.722589,16.250349,19.881021,17.430255,16.216649,18.309936,17.49073,16.714004
7.967549,7.819058,9.968982,7.973246,5.584354,6.921963,6.391927,7.837376,5.112589,6.509248
0.0,10.0,20.0,30.0,40.0,50.0,60.0,70.0,80.0,90.0
10.0,0.0,10.0,20.0,30.0,40.0,50.0,60.0,70.0,80.0
20.0,10.0,0.0,10.0,20.0,30.0,40.0,50.0,60.0,70.0
30.0,20.0,10.0,0.0,10.0,20.0,30.0,40.0,50.0,60.0
40.0,30.0,20.0,10.0,0.0,10.0,20.0,30.0,40.0,50.0
50.0,40.0,30.0,20.0,10.0,0.0,10.0,20.0,30.0,40.0
60.0,50.0,40.0,30.0,20.0,10.0,0.0,10.0,20.0,30.0
70.0,60.0,50.0,40.0,30.0,20.0,10.0,0.0,10.0,20.0
80.0,70.0,60.0,50.0,40.0,30.0,20.0,10.0,0.0,10.0
90.0,80.0,70.0,60.0,50.0,40.0,30.0,20.0,10.0,0.0
450.0,400.0,350.0,300.0,250.0,250.0,300.0,350.0,400.0,450.0
0.0,1.0,2.0,3.0,4.0,5.0,6.0,7.0,8.0,9.0
1.0,0.0,1.0,2.0,3.0,4.0,5.0,6.0,7.0,8.0
2.0,1.0,0.0,1.0,2.0,3.0,4.0,5.0,6.0,7.0
3.0,2.0,1.0,0.0,1.0,2.0,3.0,4.0,5.0,6.0
4.0,3.0,2.0,1.0,0.0,1.0,2.0,3.0,4.0,5.0
5.0,4.0,3.0,2.0,1.0,0.0,1.0,2.0,3.0,4.0
6.0,5.0,4.0,3.0,2.0,1.0,0.0,1.0,2.0,3.0
7.0,6.0,5.0,4.0,3.0,2.0,1.0,0.0,1.0,2.0
8.0,7.0,6.0,5.0,4.0,3.0,2.0,1.0,0.0,1.0
9.0,8.0,7.0,6.0,5.0,4.0,3.0,2.0,1.0,0.0
45.0,40.0,35.0,30.0,25.0,25.0,30.0,35.0,40.0,45.0
27.0,29.0,37.0,30.0,38.0,22.0,29.0,32.0,35.0,36.0,29.0,27.0,24.0,32.0,30.0,30.0,27.0,31.0,35.0,24.0,30.0,27.0,26.0,30.0,24.0,40.0,23.0,34.0,30.0,40.0,30.0,44.0,35.0,26.0,30.0,41.0,32.0,33.0,30.0,33.0,34.0,35.0,37.0,31.0,25.0,37.0,30.0,26.0,28.0,31.0
26.0,31.0,32.0,34.0,32.0,26.0,30.0,20.0,28.0,38.0,21.0,26.0,28.0,35.0,23.0,21.0,33.0,31.0,20.0,24.0,22.0,34.0,25.0,32.0,35.0,27.0,33.0,29.0,28.0,31.0,32.0,39.0,37.0,28.0,31.0,33.0,39.0,31.0,29.0,27.0,25.0,28.0,35.0,35.0,23.0,25.0,29.0,33.0,22.0,28.0
49.0,39.0,39.0,35.0,28.0,37.0,41.0,34.0,46.0,51.0,41.0,33.0,39.0,43.0,45.0,39.0,38.0,41.0,35.0,38.0,39.0,40.0,40.0,35.0,34.0,44.0,31.0,47.0,39.0,37.0,40.0,43.0,28.0,38.0,25.0,37.0,27.0,43.0,47.0,31.0,40.0,37.0,37.0,36.0,33.0,36.0,45.0,34.0,42.0,25.0
26.0,35.0,29.0,25.0,28.0,42.0,40.0,28.0,36.0,27.0,25.0,43.0,30.0,31.0,33.0,28.0,42.0,22.0,30.0,31.0,27.0,27.0,26.0,32.0,25.0,35.0,19.0,29.0,29.0,26.0,34.0,34.0,32.0,25.0,30.0,28.0,31.0,20.0,29.0,27.0,41.0,31.0,27.0,23.0,30.0,25.0,24.0,46.0,16.0,25.0
19.0,31.0,32.0,20.0,24.0,22.0,31.0,24.0,18.0,27.0,15.0,27.0,19.0,20.0,23.0,21.0,24.0,14.0,27.0,18.0,24.0,24.0,27.0,22.0,28.0,22.0,33.0,21.0,27.0,23.0,24.0,22.0,21.0,31.0,20.0,24.0,17.0,31.0,16.0,22.0,19.0,22.0,18.0,22.0,25.0,23.0,18.0,12.0,20.0,21.0
33.0,29.0,34.0,24.0,25.0,22.0,34.0,26.0,26.0,21.0,32.0,26.0,28.0,27.0,22.0,23.0,24.0,18.0,23.0,19.0,29.0,27.0,19.0,24.0,34.0,32.0,30.0,27.0,28.0,24.0,36.0,26.0,24.0,33.0,37.0,24.0,24.0,28.0,27.0,25.0,39.0,30.0,25.0,26.0,34.0,23.0,27.0,27.0,33.0,27.0
20.0,24.0,23.0,25.0,26.0,24.0,26.0,33.0,18.0,32.0,30.0,20.0,30.0,31.0,25.0,19.0,30.0,30.0,25.0,21.0,22.0,20.0,26.0,27.0,32.0,22.0,30.0,27.0,23.0,29.0,19.0,25.0,19.0,27.0,22.0,23.0,33.0,19.0,30.0,25.0,24.0,21.0,23.0,27.0,29.0,26.0,21.0,17.0,39.0,21.0
27.0,22.0,29.0,37.0,36.0,32.0,39.0,37.0,33.0,27.0,25.0,21.0,24.0,22.0,27.0,32.0,27.0,29.0,21.0,33.0,30.0,43.0,29.0,22.0,28.0,29.0,23.0,33.0,23.0,33.0,29.0,27.0,35.0,35.0,25.0,27.0,28.0,37.0,27.0,28.0,40.0,32.0,33.0,18.0,29.0,28.0,19.0,33.0,29.0,26.0
22.0,23.0,24.0,16.0,13.0,24.0,30.0,18.0,26.0,29.0,25.0,22.0,22.0,18.0,16.0,17.0,22.0,22.0,25.0,17.0,15.0,14.0,28.0,20.0,9.0,19.0,22.0,20.0,18.0,16.0,23.0,22.0,19.0,18.0,21.0,24.0,15.0,24.0,23.0,21.0,24.0,17.0,32.0,20.0,28.0,27.0,16.0,18.0,13.0,16.0
22.0,21.0,21.0,27.0,29.0,42.0,25.0,37.0,26.0,29.0,20.0,25.0,19.0,22.0,27.0,24.0,44.0,24.0,24.0,29.0,16.0,25.0,16.0,23.0,23.0,26.0,27.0,29.0,19.0,20.0,20.0,23.0,22.0,28.0,18.0,24.0,26.0,27.0,27.0,21.0,21.0,28.0,25.0,18.0,19.0,29.0,17.0,17.0,23.0,21.0
