10,50,1000
17.913514,18.065821,19.924661,17.294175,18.531519,18.906221,17.316949,19.482802,15.075487,16.742618
9.857006,6.064051,9.52148,8.797881,6.68131,9.786002,9.270043,8.812172,8.293958,9.097531
0.0,10.0,20.0,30.0,40.0,50.0,60.0,70.0,80.0,90.0
10.0,0.0,10.0,20.0,30.0,40.0,50.0,60.0,70.0,80.0
20.0,10.0,0.0,10.0,20.0,30.0,40.0,50.0,60.0,70.0
30.0,20.0,10.0,0.0,10.0,20.0,30.0,40.0,50.0,60.0
40.0,30.0,20.0,10.0,0.0,10.0,20.0,30.0,40.0,50.0
50.0,40.0,30.0,20.0,10.0,0.0,10.0,20.0,30.0,40.0
60.0,50.0,40.0,30.0,20.0,10.0,0.0,10.0,20.0,30.0
70.0,60.0,50.0,40.0,30.0,20.0,10.0,0.0,10.0,20.0
80.0,70.0,60.0,50.0,40.0,30.0,20.0,10.0,0.0,10.0
90.0,80.0,70.0,60.0,50.0,40.0,30.0,20.0,10.0,0.0
450.0,400.0,350.0,300.0,250.0,250.0,300.0,350.0,400.0,450.0
0.0,1.0,2.0,3.0,4.0,5.0,6.0,7.0,8.0,9.0
1.0,0.0,1.0,2.0,3.0,4.0,5.0,6.0,7.0,8.0
2.0,1.0,0.0,1.0,2.0,3.0,4.0,5.0,6.0,7.0
3.0,2.0,1.0,0.0,1.0,2.0,3.0,4.0,5.0,6.0
4.0,3.0,2.0,1.0,0.0,1.0,2.0,3.0,4.0,5.0
5.0,4.0,3.0,2.0,1.0,0.0,1.0,2.0,3.0,4.0
6.0,5.0,4.0,3.0,2.0,1.0,0.0,1.0,2.0,3.0
7.0,6.0,5.0,4.0,3.0,2.0,1.0,0.0,1.0,2.0
8.0,7.0,6.0,5.0,4.0,3.0,2.0,1.0,0.0,1.0
9.0,8.0,7.0,6.0,5.0,4.0,3.0,2.0,1.0,0.0
45.0,40.0,35.0,30.0,25.0,25.0,30.0,35.0,40.0,45.0
28.0,45.0,32.0,44.0,31.0,33.0,28.0,33.0,45.0,33.0,21.0,31.0,43.0,32.0,29.0,31.0,27.0,36.0,36.0,31.0,38.0,27.0,30.0,32.0,32.0,40.0,30.0,26.0,32.0,37.0,35.0,27.0,37.0,35.0,32.0,38.0,35.0,39.0,36.0,46.0,28.0,41.0,33.0,39.0,32.0,25.0,45.0,36.0,27.0,28.0
29.0,26.0,31.0,23.0,26.0,22.0,14.0,26.0,24.0,30.0,32.0,29.0,22.0,28.0,28.0,22.0,22.0,25.0,14.0,27.0,26.0,30.0,22.0,23.0,28.0,24.0,21.0,27.0,26.0,24.0,20.0,20.0,26.0,19.0,19.0,24.0,22.0,29.0,23.0,27.0,29.0,27.0,34.0,33.0,28.0,24.0,29.0,21.0,25.0,22.0
33.0,31.0,39.0,40.0,22.0,35.0,31.0,38.0,39.0,35.0,30.0,25.0,41.0,38.0,35.0,27.0,26.0,30.0,27.0,33.0,33.0,39.0,37.0,50.0,34.0,40.0,25.0,42.0,44.0,36.0,29.0,42.0,33.0,28.0,48.0,32.0,37.0,27.0,31.0,35.0,39.0,26.0,33.0,33.0,42.0,33.0,38.0,31.0,39.0,34.0
33.0,29.0,26.0,37.0,33.0,33.0,21.0,35.0,32.0,34.0,33.0,35.0,41.0,31.0,29.0,43.0,42.0,34.0,28.0,22.0,31.0,34.0,26.0,39.0,37.0,49.0,38.0,32.0,33.0,35.0,27.0,43.0,29.0,33.0,43.0,31.0,35.0,51.0,25.0,41.0,37.0,27.0,36.0,26.0,33.0,28.0,35.0,31.0,38.0,37.0
33.0,25.0,32.0,23.0,19.0,24.0,22.0,22.0,30.0,17.0,20.0,23.0,19.0,22.0,32.0,24.0,26.0,31.0,30.0,26.0,31.0,25.0,23.0,20.0,21.0,26.0,23.0,24.0,25.0,26.0,22.0,27.0,20.0,30.0,24.0,20.0,28.0,16.0,31.0,14.0,22.0,31.0,26.0,21.0,33.0,30.0,24.0,28.0,29.0,22.0
36.0,35.0,47.0,43.0,37.0,43.0,38.0,33.0,32.0,32.0,35.0,34.0,32.0,28.0,35.0,31.0,38.0,34.0,37.0,49.0,30.0,30.0,36.0,37.0,38.0,35.0,27.0,29.0,41.0,28.0,41.0,35.0,37.0,34.0,39.0,32.0,39.0,29.0,43.0,40.0,33.0,46.0,35.0,31.0,29.0,45.0,45.0,31.0,34.0,30.0
38.0,37.0,37.0,38.0,46.0,36.0,27.0,35.0,35.0,32.0,41.0,25.0,35.0,32.0,26.0,28.0,44.0,39.0,36.0,34.0,39.0,37.0,37.0,42.0,39.0,28.0,27.0,24.0,43.0,40.0,29.0,35.0,41.0,39.0,38.0,40.0,32.0,38.0,41.0,25.0,40.0,31.0,41.0,37.0,32.0,29.0,29.0,39.0,42.0,29.0
42.0,35.0,39.0,39.0,39.0,25.0,32.0,28.0,26.0,25.0,32.0,30.0,29.0,33.0,37.0,33.0,20.0,33.0,26.0,29.0,38.0,24.0,37.0,33.0,40.0,38.0,30.0,38.0,31.0,31.0,29.0,34.0,38.0,28.0,28.0,34.0,31.0,35.0,34.0,31.0,38.0,47.0,37.0,30.0,31.0,27.0,43.0,25.0,34.0,50.0
27.0,30.0,33.0,35.0,33.0,26.0,30.0,25.0,25.0,24.0,25.0,31.0,39.0,33.0,35.0,29.0,25.0,25.0,32.0,26.0,34.0,27.0,35.0,33.0,25.0,29.0,34.0,20.0,36.0,22.0,38.0,28.0,37.0,29.0,24.0,33.0,23.0,29.0,25.0,34.0,29.0,32.0,36.0,33.0,32.0,34.0,42.0,38.0,25.0,20.0
29.0,26.0,27.0,26.0,40.0,44.0,33.0,32.0,33.0,34.0,32.0,38.0,34.0,36.0,40.0,39.0,46.0,35.0,28.0,34.0,37.0,28.0,30.0,22.0,29.0,30.0,40.0,33.0,50.0,36.0,36.0,31.0,29.0,28.0,17.0,33.0,26.0,44.0,26.0,38.0,36.0,36.0,38.0,38.0,35.0,43.0,37.0,25.0,32.0,31.0
