10,50,1000
15.559128,16.15276,17.489076,16.911691,19.069148,18.92436,15.654625,15.014872,15.75605,18.756417
6.164251,5.544579,7.415828,6.047875,7.043366,9.329533,7.722556,7.963871,8.847659,5.68376
0.0,10.0,20.0,30.0,40.0,50.0,60.0,70.0,80.0,90.0
10.0,0.0,10.0,20.0,30.0,40.0,50.0,60.0,70.0,80.0
20.0,10.0,0.0,10.0,20.0,30.0,40.0,50.0,60.0,70.0
30.0,20.0,10.0,0.0,10.0,20.0,30.0,40.0,50.0,60.0
40.0,30.0,20.0,10.0,0.0,10.0,20.0,30.0,40.0,50.0
50.0,40.0,30.0,20.0,10.0,0.0,10.0,20.0,30.0,40.0
60.0,50.0,40.0,30.0,20.0,10.0,0.0,10.0,20.0,30.0
70.0,60.0,50.0,40.0,30.0,20.0,10.0,0.0,10.0,20.0
80.0,70.0,60.0,50.0,40.0,30.0,20.0,10.0,0.0,10.0
90.0,80.0,70.0,60.0,50.0,40.0,30.0,20.0,10.0,0.0
450.0,400.0,350.0,300.0,250.0,250.0,300.0,350.0,400.0,450.0
0.0,1.0,2.0,3.0,4.0,5.0,6.0,7.0,8.0,9.0
1.0,0.0,1.0,2.0,3.0,4.0,5.0,6.0,7.0,8.0
2.0,1.0,0.0,1.0,2.0,3.0,4.0,5.0,6.0,7.0
3.0,2.0,1.0,0.0,1.0,2.0,3.0,4.0,5.0,6.0
4.0,3.0,2.0,1.0,0.0,1.0,2.0,3.0,4.0,5.0
5.0,4.0,3.0,2.0,1.0,0.0,1.0,2.0,3.0,4.0
6.0,5.0,4.0,3.0,2.0,1.0,0.0,1.0,2.0,3.0
7.0,6.0,5.0,4.0,3.0,2.0,1.0,0.0,1.0,2.0
8.0,7.0,6.0,5.0,4.0,3.0,2.0,1.0,0.0,1.0
9.0,8.0,7.0,6.0,5.0,4.0,3.0,2.0,1.0,0.0
45.0,40.0,35.0,30.0,25.0,25.0,30.0,35.0,40.0,45.0
20.0,27.0,21.0,29.0,25.0,20.0,27.0,26.0,20.0,29.0,24.0,26.0,24.0,17.0,22.0,16.0,24.0,26.0,28.0,19.0,23.0,22.0,18.0,32.0,27.0,23.0,22.0,22.0,25.0,26.0,15.0,30.0,31.0,22.0,17.0,20.0,14.0,25.0,28.0,16.0,20.0,25.0,19.0,19.0,24.0,15.0,20.0,23.0,19.0,16.0
20.0,19.0,24.0,28.0,22.0,22.0,20.0,21.0,31.0,26.0,18.0,18.0,22.0,28.0,21.0,24.0,24.0,19.0,20.0,28.0,14.0,17.0,19.0,19.0,24.0,12.0,25.0,23.0,21.0,20.0,22.0,20.0,19.0,22.0,20.0,24.0,19.0,21.0,22.0,23.0,15.0,20.0,20.0,22.0,22.0,27.0,27.0,21.0,29.0,25.0
36.0,29.0,31.0,44.0,29.0,37.0,28.0,30.0,26.0,27.0,30.0,29.0,24.0,27.0,42.0,28.0,27.0,27.0,23.0,35.0,31.0,28.0,29.0,18.0,22.0,31.0,21.0,29.0,29.0,26.0,31.0,28.0,27.0,32.0,29.0,24.0,31.0,20.0,25.0,22.0,28.0,29.0,27.0,27.0,27.0,26.0,33.0,30.0,28.0,30.0
13.0,22.0,32.0,19.0,15.0,25.0,24.0,22.0,31.0,24.0,33.0,26.0,26.0,22.0,20.0,19.0,33.0,25.0,22.0,19.0,27.0,25.0,18.0,16.0,25.0,24.0,19.0,25.0,29.0,23.0,21.0,26.0,28.0,32.0,23.0,21.0,27.0,23.0,25.0,17.0,27.0,16.0,28.0,23.0,18.0,24.0,28.0,26.0,26.0,31.0
24.0,31.0,27.0,27.0,35.0,28.0,23.0,31.0,20.0,30.0,30.0,20.0,23.0,21.0,32.0,26.0,26.0,26.0,25.0,25.0,29.0,31.0,25.0,27.0,33.0,32.0,29.0,29.0,28.0,25.0,21.0,28.0,37.0,31.0,29.0,25.0,27.0,24.0,18.0,34.0,28.0,25.0,33.0,37.0,30.0,28.0,26.0,28.0,31.0,33.0
43.0,33.0,29.0,31.0,33.0,40.0,34.0,46.0,30.0,36.0,29.0,38.0,37.0,28.0,45.0,43.0,23.0,38.0,39.0,41.0,31.0,34.0,30.0,48.0,27.0,35.0,37.0,37.0,46.0,35.0,27.0,38.0,36.0,25.0,32.0,47.0,36.0,31.0,25.0,41.0,34.0,36.0,33.0,44.0,28.0,37.0,31.0,38.0,46.0,36.0
20.0,46.0,26.0,24.0,24.0,29.0,18.0,35.0,32.0,30.0,31.0,36.0,29.0,35.0,37.0,25.0,37.0,26.0,23.0,22.0,36.0,36.0,37.0,38.0,24.0,28.0,30.0,32.0,26.0,24.0,34.0,29.0,17.0,28.0,23.0,27.0,29.0,18.0,26.0,33.0,29.0,31.0,27.0,37.0,27.0,26.0,25.0,38.0,22.0,27.0
23.0,31.0,29.0,25.0,32.0,29.0,28.0,27.0,25.0,29.0,28.0,29.0,36.0,22.0,30.0,32.0,20.0,31.0,32.0,30.0,30.0,29.0,23.0,30.0,32.0,38.0,29.0,21.0,31.0,42.0,30.0,32.0,32.0,25.0,29.0,30.0,22.0,17.0,35.0,28.0,30.0,21.0,30.0,21.0,27.0,34.0,31.0,28.0,29.0,44.0
28.0,24.0,30.0,28.0,34.0,29.0,20.0,35.0,37.0,31.0,28.0,29.0,33.0,36.0,32.0,31.0,40.0,28.0,27.0,37.0,31.0,35.0,34.0,35.0,29.0,28.0,35.0,41.0,32.0,29.0,36.0,29.0,35.0,44.0,26.0,29.0,33.0,40.0,29.0,38.0,31.0,23.0,36.0,20.0,37.0,35.0,35.0,33.0,33.0,25.0
25.0,13.0,19.0,18.0,16.0,17.0,21.0,19.0,24.0,25.0,15.0,28.0,17.0,21.0,20.0,16.0,35.0,19.0,33.0,14.0,19.0,35.0,25.0,20.0,26.0,23.0,18.0,24.0,22.0,26.0,16.0,23.0,20.0,20.0,28.0,24.0,25.0,20.0,27.0,22.0,31.0,21.0,16.0,30.0,17.0,17.0,28.0,24.0,26.0,19.0
