10,50,1000
15.333347,15.706013,16.249954,16.694894,19.163616,19.733924,18.973422,17.444847,15.829918,19.689576
6.065797,7.741188,5.131103,9.755603,9.144317,8.647893,6.185102,7.514556,6.792305,7.66826
0.0,10.0,20.0,30.0,40.0,50.0,60.0,70.0,80.0,90.0
10.0,0.0,10.0,20.0,30.0,40.0,50.0,60.0,70.0,80.0
20.0,10.0,0.0,10.0,20.0,30.0,40.0,50.0,60.0,70.0
30.0,20.0,10.0,0.0,10.0,20.0,30.0,40.0,50.0,60.0
40.0,30.0,20.0,10.0,0.0,10.0,20.0,30.0,40.0,50.0
50.0,40.0,30.0,20.0,10.0,0.0,10.0,20.0,30.0,40.0
60.0,50.0,40.0,30.0,20.0,10.0,0.0,10.0,20.0,30.0
70.0,60.0,50.0,40.0,30.0,20.0,10.0,0.0,10.0,20.0
80.0,70.0,60.0,50.0,40.0,30.0,20.0,10.0,0.0,10.0
90.0,80.0,70.0,60.0,50.0,40.0,30.0,20.0,10.0,0.0
450.0,400.0,350.0,300.0,250.0,250.0,300.0,350.0,400.0,450.0
0.0,1.0,2.0,3.0,4.0,5.0,6.0,7.0,8.0,9.0
1.0,0.0,1.0,2.0,3.0,4.0,5.0,6.0,7.0,8.0
2.0,1.0,0.0,1.0,2.0,3.0,4.0,5.0,6.0,7.0
3.0,2.0,1.0,0.0,1.0,2.0,3.0,4.0,5.0,6.0
4.0,3.0,2.0,1.0,0.0,1.0,2.0,3.0,4.0,5.0
5.0,4.0,3.0,2.0,1.0,0.0,1.0,2.0,3.0,4.0
6.0,5.0,4.0,3.0,2.0,1.0,0.0,1.0,2.0,3.0
7.0,6.0,5.0,4.0,3.0,2.0,1.0,0.0,1.0,2.0
8.0,7.0,6.0,5.0,4.0,3.0,2.0,1.0,0.0,1.0
9.0,8.0,7.0,6.0,5.0,4.0,3.0,2.0,1.0,0.0
45.0,40.0,35.0,30.0,25.0,25.0,30.0,35.0,40.0,45.0
22.0,22.0,28.0,20.0,19.0,27.0,20.0,27.0,17.0,25.0,28.0,21.0,15.0,29.0,27.0,26.0,21.0,26.0,29.0,25.0,25.0,27.0,31.0,27.0,26.0,24.0,21.0,29.0,25.0,27.0,24.0,22.0,18.0,33.0,27.0,21.0,18.0,28.0,23.0,30.0,16.0,21.0,29.0,17.0,20.0,23.0,21.0,26.0,17.0,28.0
28.0,34.0,28.0,33.0,27.0,21.0,39.0,29.0,28.0,31.0,28.0,24.0,27.0,43.0,30.0,27.0,32.0,27.0,24.0,24.0,29.0,23.0,40.0,30.0,45.0,25.0,25.0,35.0,23.0,27.0,22.0,37.0,32.0,26.0,26.0,38.0,35.0,33.0,32.0,39.0,19.0,27.0,25.0,32.0,23.0,32.0,36.0,21.0,22.0,27.0
13.0,21.0,21.0,26.0,24.0,21.0,18.0,28.0,33.0,14.0,26.0,29.0,13.0,22.0,15.0,17.0,11.0,26.0,23.0,29.0,16.0,18.0,18.0,21.0,26.0,17.0,26.0,22.0,35.0,22.0,21.0,28.0,24.0,17.0,25.0,21.0,24.0,22.0,13.0,26.0,31.0,30.0,14.0,18.0,28.0,14.0,20.0,22.0,18.0,21.0
40.0,37.0,38.0,33.0,34.0,38.0,42.0,51.0,25.0,39.0,27.0,36.0,42.0,36.0,31.0,34.0,38.0,47.0,33.0,44.0,24.0,28.0,26.0,33.0,40.0,28.0,45.0,40.0,32.0,31.0,29.0,43.0,40.0,38.0,34.0,34.0,37.0,30.0,31.0,35.0,31.0,33.0,37.0,31.0,41.0,34.0,38.0,46.0,33.0,36.0
38.0,35.0,43.0,34.0,24.0,25.0,39.0,36.0,24.0,37.0,33.0,26.0,38.0,32.0,32.0,31.0,27.0,34.0,36.0,21.0,30.0,36.0,40.0,30.0,34.0,34.0,32.0,34.0,39.0,30.0,24.0,30.0,36.0,30.0,28.0,36.0,28.0,28.0,35.0,29.0,36.0,33.0,32.0,36.0,36.0,33.0,39.0,34.0,25.0,36.0
33.0,42.0,32.0,36.0,35.0,38.0,38.0,34.0,36.0,29.0,46.0,27.0,38.0,30.0,29.0,29.0,42.0,40.0,31.0,28.0,30.0,29.0,24.0,24.0,42.0,34.0,24.0,30.0,44.0,36.0,34.0,35.0,26.0,39.0,32.0,28.0,36.0,42.0,37.0,31.0,30.0,38.0,37.0,26.0,39.0,34.0,28.0,28.0,29.0,22.0
18.0,26.0,23.0,29.0,22.0,17.0,24.0,23.0,29.0,13.0,25.0,21.0,17.0,28.0,30.0,25.0,18.0,16.0,21.0,20.0,32.0,20.0,24.0,18.0,27.0,27.0,23.0,22.0,17.0,29.0,20.0,22.0,28.0,26.0,24.0,34.0,29.0,22.0,25.0,39.0,33.0,31.0,29.0,20.0,20.0,23.0,20.0,18.0,19.0,17.0
31.0,25.0,23.0,35.0,23.0,33.0,28.0,31.0,22.0,33.0,28.0,28.0,22.0,23.0,34.0,24.0,26.0,37.0,31.0,26.0,39.0,24.0,30.0,39.0,24.0,34.0,28.0,30.0,26.0,19.0,29.0,22.0,24.0,27.0,27.0,29.0,20.0,25.0,28.0,27.0,24.0,26.0,23.0,28.0,37.0,17.0,23.0,34.0,27.0,27.0
29.0,26.0,31.0,27.0,20.0,27.0,31.0,16.0,32.0,23.0,22.0,29.0,29.0,29.0,21.0,29.0,32.0,27.0,14.0,29.0,22.0,24.0,32.0,26.0,26.0,27.0,30.0,21.0,29.0,19.0,26.0,25.0,25.0,26.0,25.0,21.0,30.0,26.0,29.0,31.0,22.0,23.0,27.0,24.0,27.0,26.0,27.0,26.0,29.0,26.0
29.0,26.0,34.0,26.0,30.0,29.0,28.0,17.0,22.0,35.0,28.0,32.0,26.0,26.0,35.0,25.0,31.0,36.0,30.0,38.0,30.0,37.0,24.0,31.0,35.0,25.0,27.0,39.0,28.0,27.0,29.0,33.0,39.0,40.0,30.0,35.0,30.0,20.0,28.0,33.0,24.0,31.0,31.0,31.0,26.0,31.0,23.0,32.0,23.0,24.0
