10,50,1000
17.067247,16.322445,15.627054,18.237586,17.056301,19.566493,19.171409,19.888461,16.400185,16.167612
7.89225,8.520644,5.327105,7.382965,6.46948,9.309814,7.825495,6.967253,7.821913,8.988353
0.0,10.0,20.0,30.0,40.0,50.0,60.0,70.0,80.0,90.0
10.0,0.0,10.0,20.0,30.0,40.0,50.0,60.0,70.0,80.0
20.0,10.0,0.0,10.0,20.0,30.0,40.0,50.0,60.0,70.0
30.0,20.0,10.0,0.0,10.0,20.0,30.0,40.0,50.0,60.0
40.0,30.0,20.0,10.0,0.0,10.0,20.0,30.0,40.0,50.0
50.0,40.0,30.0,20.0,10.0,0.0,10.0,20.0,30.0,40.0
60.0,50.0,40.0,30.0,20.0,10.0,0.0,10.0,20.0,30.0
70.0,60.0,50.0,40.0,30.0,20.0,10.0,0.0,10.0,20.0
80.0,70.0,60.0,50.0,40.0,30.0,20.0,10.0,0.0,10.0
90.0,80.0,70.0,60.0,50.0,40.0,30.0,20.0,10.0,0.0
450.0,400.0,350.0,300.0,250.0,250.0,300.0,350.0,400.0,450.0
0.0,1.0,2.0,3.0,4.0,5.0,6.0,7.0,8.0,9.0
1.0,0.0,1.0,2.0,3.0,4.0,5.0,6.0,7.0,8.0
2.0,1.0,0.0,1.0,2.0,3.0,4.0,5.0,6.0,7.0
3.0,2.0,1.0,0.0,1.0,2.0,3.0,4.0,5.0,6.0
4.0,3.0,2.0,1.0,0.0,1.0,2.0,3.0,4.0,5.0
5.0,4.0,3.0,2.0,1.0,0.0,1.0,2.0,3.0,4.0
6.0,5.0,4.0,3.0,2.0,1.0,0.0,1.0,2.0,3.0
7.0,6.0,5.0,4.0,3.0,2.0,1.0,0.0,1.0,2.0
8.0,7.0,6.0,5.0,4.0,3.0,2.0,1.0,0.0,1.0
9.0,8.0,7.0,6.0,5.0,4.0,3.0,2.0,1.0,0.0
45.0,40.0,35.0,30.0,25.0,25.0,30.0,35.0,40.0,45.0
25.0,23.0,34.0,25.0,17.0,42.0,33.0,20.0,29.0,33.0,27.0,18.0,32.0,24.0,29.0,34.0,27.0,34.0,17.0,17.0,30.0,27.0,27.0,34.0,31.0,26.0,36.0,30.0,26.0,25.0,28.0,32.0,31.0,29.0,35.0,31.0,29.0,34.0,26.0,28.0,21.0,31.0,30.0,26.0,32.0,31.0,27.0,21.0,34.0,26.0
35.0,25.0,39.0,40.0,37.0,31.0,37.0,34.0,29.0,28.0,26.0,26.0,44.0,34.0,28.0,27.0,41.0,30.0,21.0,35.0,28.0,32.0,36.0,35.0,32.0,27.0,32.0,39.0,44.0,43.0,33.0,24.0,33.0,24.0,36.0,21.0,27.0,52.0,28.0,28.0,29.0,37.0,33.0,26.0,36.0,26.0,32.0,33.0,38.0,38.0
11.0,22.0,26.0,20.0,28.0,24.0,21.0,24.0,20.0,22.0,17.0,20.0,20.0,23.0,19.0,22.0,22.0,19.0,19.0,29.0,16.0,21.0,20.0,26.0,18.0,19.0,24.0,13.0,27.0,30.0,19.0,22.0,13.0,31.0,24.0,17.0,20.0,27.0,34.0,16.0,20.0,20.0,22.0,22.0,20.0,25.0,16.0,25.0,22.0,15.0
41.0,25.0,23.0,35.0,32.0,33.0,27.0,33.0,33.0,37.0,26.0,37.0,32.0,27.0,32.0,32.0,29.0,30.0,32.0,33.0,33.0,30.0,32.0,28.0,29.0,31.0,28.0,29.0,26.0,28.0,34.0,34.0,31.0,39.0,27.0,25.0,29.0,31.0,26.0,25.0,32.0,37.0,24.0,21.0,24.0,32.0,24.0,30.0,26.0,23.0
31.0,18.0,25.0,27.0,24.0,27.0,27.0,21.0,30.0,27.0,15.0,22.0,21.0,29.0,26.0,31.0,24.0,19.0,27.0,25.0,25.0,19.0,27.0,27.0,20.0,22.0,28.0,26.0,31.0,30.0,23.0,26.0,25.0,22.0,26.0,34.0,31.0,27.0,25.0,30.0,24.0,26.0,26.0,24.0,31.0,29.0,23.0,24.0,20.0,31.0
34.0,31.0,27.0,36.0,33.0,29.0,33.0,35.0,38.0,32.0,43.0,21.0,37.0,45.0,40.0,33.0,41.0,41.0,27.0,34.0,37.0,30.0,39.0,38.0,30.0,32.0,41.0,39.0,40.0,33.0,33.0,36.0,29.0,27.0,47.0,37.0,33.0,23.0,31.0,32.0,42.0,27.0,44.0,34.0,41.0,38.0,33.0,42.0,36.0,38.0
28.0,30.0,27.0,27.0,27.0,31.0,26.0,24.0,30.0,29.0,31.0,37.0,39.0,38.0,40.0,27.0,23.0,28.0,27.0,32.0,33.0,28.0,35.0,26.0,31.0,35.0,28.0,36.0,22.0,28.0,34.0,39.0,23.0,45.0,37.0,23.0,43.0,42.0,24.0,31.0,31.0,40.0,31.0,33.0,41.0,40.0,24.0,27.0,38.0,29.0
16.0,24.0,26.0,22.0,34.0,27.0,31.0,35.0,25.0,24.0,28.0,26.0,41.0,24.0,33.0,20.0,32.0,31.0,28.0,32.0,28.0,27.0,33.0,30.0,21.0,26.0,25.0,33.0,21.0,25.0,33.0,20.0,28.0,27.0,34.0,18.0,20.0,28.0,39.0,25.0,21.0,23.0,22.0,48.0,27.0,24.0,32.0,27.0,27.0,34.0
36.0,27.0,31.0,26.0,29.0,29.0,41.0,32.0,39.0,33.0,28.0,27.0,21.0,24.0,27.0,47.0,35.0,27.0,38.0,31.0,30.0,29.0,46.0,29.0,29.0,34.0,37.0,28.0,32.0,24.0,31.0,35.0,28.0,21.0,30.0,23.0,35.0,27.0,29.0,24.0,20.0,30.0,29.0,31.0,28.0,39.0,33.0,32.0,38.0,22.0
36.0,29.0,35.0,27.0,35.0,35.0,28.0,27.0,41.0,39.0,42.0,15.0,42.0,35.0,26.0,27.0,38.0,44.0,38.0,35.0,32.0,39.0,23.0,39.0,28.0,33.0,40.0,31.0,28.0,29.0,39.0,34.0,32.0,34.0,29.0,27.0,32.0,41.0,26.0,34.0,31.0,33.0,29.0,39.0,37.0,30.0,27.0,40.0,39.0,44.0
