10,50,1000
15.599327,19.321549,18.210745,19.525448,19.450784,19.049137,16.500737,15.63586,17.693452,15.637766
9.669501,5.00409,5.136969,6.622693,9.824708,5.973664,6.599599,6.000391,9.783163,9.822589
0.0,10.0,20.0,30.0,40.0,50.0,60.0,70.0,80.0,90.0
10.0,0.0,10.0,20.0,30.0,40.0,50.0,60.0,70.0,80.0
20.0,10.0,0.0,10.0,20.0,30.0,40.0,50.0,60.0,70.0
30.0,20.0,10.0,0.0,10.0,20.0,30.0,40.0,50.0,60.0
40.0,30.0,20.0,10.0,0.0,10.0,20.0,30.0,40.0,50.0
50.0,40.0,30.0,20.0,10.0,0.0,10.0,20.0,30.0,40.0
60.0,50.0,40.0,30.0,20.0,10.0,0.0,10.0,20.0,30.0
70.0,60.0,50.0,40.0,30.0,20.0,10.0,0.0,10.0,20.0
80.0,70.0,60.0,50.0,40.0,30.0,20.0,10.0,0.0,10.0
90.0,80.0,70.0,60.0,50.0,40.0,30.0,20.0,10.0,0.0
450.0,400.0,350.0,300.0,250.0,250.0,300.0,350.0,400.0,450.0
0.0,1.0,2.0,3.0,4.0,5.0,6.0,7.0,8.0,9.0
1.0,0.0,1.0,2.0,3.0,4.0,5.0,6.0,7.0,8.0
2.0,1.0,0.0,1.0,2.0,3.0,4.0,5.0,6.0,7.0
3.0,2.0,1.0,0.0,1.0,2.0,3.0,4.0,5.0,6.0
4.0,3.0,2.0,1.0,0.0,1.0,2.0,3.0,4.0,5.0
5.0,4.0,3.0,2.0,1.0,0.0,1.0,2.0,3.0,4.0
6.0,5.0,4.0,3.0,2.0,1.0,0.0,1.0,2.0,3.0
7.0,6.0,5.0,4.0,3.0,2.0,1.0,0.0,1.0,2.0
8.0,7.0,6.0,5.0,4.0,3.0,2.0,1.0,0.0,1.0
9.0,8.0,7.0,6.0,5.0,4.0,3.0,2.0,1.0,0.0
45.0,40.0,35.0,30.0,25.0,25.0,30.0,35.0,40.0,45.0
39.0,38.0,38.0,36.0,28.0,37.0,31.0,32.0,27.0,39.0,41.0,34.0,29.0,36.0,42.0,34.0,30.0,27.0,32.0,33.0,35.0,38.0,44.0,29.0,36.0,38.0,38.0,27.0,30.0,35.0,32.0,45.0,30.0,34.0,42.0,35.0,36.0,42.0,46.0,29.0,27.0,40.0,42.0,31.0,43.0,27.0,34.0,31.0,41.0,37.0
18.0,27.0,20.0,22.0,30.0,22.0,18.0,21.0,24.0,18.0,19.0,19.0,25.0,19.0,21.0,14.0,23.0,18.0,17.0,22.0,13.0,17.0,28.0,29.0,17.0,22.0,15.0,17.0,11.0,14.0,20.0,17.0,26.0,26.0,22.0,19.0,22.0,17.0,25.0,27.0,28.0,24.0,18.0,22.0,14.0,19.0,20.0,20.0,18.0,21.0
26.0,18.0,20.0,24.0,18.0,18.0,24.0,26.0,20.0,25.0,19.0,21.0,26.0,22.0,26.0,20.0,24.0,22.0,23.0,23.0,16.0,21.0,15.0,23.0,25.0,28.0,28.0,28.0,20.0,22.0,16.0,29.0,20.0,13.0,16.0,25.0,11.0,25.0,21.0,28.0,17.0,19.0,29.0,17.0,20.0,34.0,20.0,23.0,21.0,28.0
35.0,29.0,28.0,39.0,32.0,43.0,31.0,32.0,25.0,37.0,40.0,33.0,26.0,28.0,32.0,22.0,36.0,30.0,31.0,24.0,16.0,30.0,25.0,31.0,32.0,24.0,31.0,24.0,27.0,18.0,19.0,34.0,24.0,32.0,34.0,27.0,23.0,27.0,33.0,22.0,24.0,22.0,12.0,22.0,32.0,34.0,25.0,16.0,30.0,29.0
33.0,38.0,37.0,43.0,35.0,32.0,41.0,42.0,35.0,36.0,33.0,42.0,38.0,40.0,33.0,44.0,34.0,27.0,34.0,29.0,33.0,45.0,37.0,36.0,45.0,43.0,39.0,36.0,39.0,53.0,40.0,38.0,35.0,28.0,39.0,44.0,35.0,35.0,28.0,35.0,37.0,37.0,35.0,33.0,34.0,47.0,37.0,26.0,42.0,37.0
26.0,23.0,19.0,30.0,25.0,20.0,22.0,24.0,24.0,27.0,17.0,28.0,32.0,22.0,16.0,26.0,21.0,20.0,23.0,28.0,19.0,27.0,20.0,27.0,30.0,16.0,17.0,26.0,26.0,19.0,26.0,22.0,26.0,23.0,25.0,29.0,29.0,20.0,20.0,23.0,29.0,25.0,32.0,22.0,21.0,30.0,21.0,13.0,26.0,26.0
21.0,30.0,34.0,37.0,29.0,26.0,18.0,29.0,22.0,26.0,30.0,28.0,22.0,25.0,23.0,27.0,30.0,25.0,21.0,35.0,23.0,31.0,22.0,33.0,19.0,23.0,18.0,31.0,32.0,33.0,21.0,26.0,35.0,33.0,22.0,29.0,24.0,23.0,39.0,21.0,30.0,37.0,25.0,26.0,28.0,27.0,29.0,24.0,23.0,26.0
21.0,20.0,21.0,33.0,24.0,18.0,26.0,22.0,22.0,26.0,13.0,19.0,21.0,25.0,19.0,21.0,20.0,29.0,19.0,14.0,22.0,22.0,17.0,28.0,24.0,27.0,20.0,29.0,22.0,33.0,32.0,30.0,18.0,27.0,20.0,22.0,15.0,23.0,24.0,13.0,14.0,24.0,26.0,28.0,22.0,30.0,20.0,31.0,23.0,18.0
43.0,41.0,25.0,27.0,43.0,43.0,44.0,35.0,39.0,36.0,34.0,40.0,43.0,33.0,46.0,40.0,40.0,31.0,39.0,38.0,28.0,47.0,37.0,36.0,40.0,38.0,30.0,43.0,37.0,39.0,38.0,32.0,41.0,33.0,33.0,36.0,36.0,28.0,35.0,47.0,35.0,42.0,36.0,37.0,26.0,37.0,39.0,28.0,21.0,36.0
34.0,35.0,35.0,33.0,44.0,30.0,23.0,43.0,31.0,50.0,32.0,22.0,34.0,38.0,41.0,44.0,37.0,31.0,46.0,36.0,37.0,45.0,38.0,31.0,36.0,34.0,38.0,34.0,34.0,36.0,37.0,38.0,33.0,39.0,31.0,32.0,43.0,30.0,35.0,25.0,46.0,48.0,36.0,35.0,30.0,34.0,29.0,32.0,26.0,46.0
