10,50,1000
16.956794,18.345334,17.419898,19.902037,18.996116,18.31999,16.325425,15.129755,17.107251,18.320502
8.44743,6.255098,8.008461,8.688581,7.495662,7.604161,9.171795,7.180481,7.744456,7.237872
0.0,10.0,20.0,30.0,40.0,50.0,60.0,70.0,80.0,90.0
10.0,0.0,10.0,20.0,30.0,40.0,50.0,60.0,70.0,80.0
20.0,10.0,0.0,10.0,20.0,30.0,40.0,50.0,60.0,70.0
30.0,20.0,10.0,0.0,10.0,20.0,30.0,40.0,50.0,60.0
40.0,30.0,20.0,10.0,0.0,10.0,20.0,30.0,40.0,50.0
50.0,40.0,30.0,20.0,10.0,0.0,10.0,20.0,30.0,40.0
60.0,50.0,40.0,30.0,20.0,10.0,0.0,10.0,20.0,30.0
70.0,60.0,50.0,40.0,30.0,20.0,10.0,0.0,10.0,20.0
80.0,70.0,60.0,50.0,40.0,30.0,20.0,10.0,0.0,10.0
90.0,80.0,70.0,60.0,50.0,40.0,30.0,20.0,10.0,0.0
450.0,400.0,350.0,300.0,250.0,250.0,300.0,350.0,400.0,450.0
0.0,1.0,2.0,3.0,4.0,5.0,6.0,7.0,8.0,9.0
1.0,0.0,1.0,2.0,3.0,4.0,5.0,6.0,7.0,8.0
2.0,1.0,0.0,1.0,2.0,3.0,4.0,5.0,6.0,7.0
3.0,2.0,1.0,0.0,1.0,2.0,3.0,4.0,5.0,6.0
4.0,3.0,2.0,1.0,0.0,1.0,2.0,3.0,4.0,5.0
5.0,4.0,3.0,2.0,1.0,0.0,1.0,2.0,3.0,4.0
6.0,5.0,4.0,3.0,2.0,1.0,0.0,1.0,2.0,3.0
7.0,6.0,5.0,4.0,3.0,2.0,1.0,0.0,1.0,2.0
8.0,7.0,6.0,5.0,4.0,3.0,2.0,1.0,0.0,1.0
9.0,8.0,7.0,6.0,5.0,4.0,3.0,2.0,1.0,0.0
45.0,40.0,35.0,30.0,25.0,25.0,30.0,35.0,40.0,45.0
22.0,27.0,26.0,31.0,32.0,32.0,36.0,29.0,35.0,34.0,39.0,36.0,37.0,36.0,28.0,36.0,24.0,28.0,37.0,26.0,24.0,32.0,37.0,24.0,23.0,28.0,34.0,35.0,30.0,27.0,24.0,31.0,30.0,33.0,37.0,27.0,25.0,37.0,29.0,33.0,30.0,33.0,33.0,34.0,41.0,31.0,27.0,24.0,41.0,25.0
19.0,26.0,32.0,24.0,23.0,30.0,23.0,23.0,20.0,26.0,29.0,29.0,30.0,25.0,23.0,26.0,36.0,30.0,27.0,18.0,24.0,26.0,30.0,25.0,22.0,18.0,21.0,32.0,25.0,21.0,29.0,32.0,22.0,25.0,27.0,27.0,26.0,28.0,31.0,33.0,27.0,30.0,21.0,22.0,28.0,27.0,33.0,19.0,32.0,15.0
37.0,32.0,30.0,38.0,27.0,32.0,33.0,26.0,35.0,22.0,29.0,27.0,31.0,28.0,24.0,32.0,29.0,33.0,20.0,34.0,21.0,30.0,30.0,19.0,15.0,30.0,26.0,32.0,29.0,42.0,25.0,38.0,23.0,41.0,23.0,21.0,27.0,30.0,36.0,32.0,34.0,43.0,18.0,23.0,26.0,46.0,37.0,30.0,28.0,23.0
27.0,29.0,37.0,28.0,34.0,32.0,36.0,34.0,36.0,23.0,31.0,36.0,38.0,19.0,35.0,32.0,28.0,35.0,33.0,22.0,32.0,33.0,35.0,26.0,30.0,30.0,28.0,37.0,30.0,33.0,44.0,33.0,39.0,38.0,23.0,46.0,38.0,36.0,40.0,28.0,36.0,39.0,36.0,30.0,32.0,39.0,39.0,24.0,41.0,35.0
31.0,26.0,23.0,25.0,34.0,34.0,25.0,30.0,22.0,19.0,33.0,28.0,25.0,24.0,32.0,22.0,34.0,26.0,31.0,35.0,33.0,34.0,25.0,32.0,32.0,29.0,26.0,23.0,32.0,18.0,33.0,24.0,29.0,34.0,24.0,32.0,22.0,27.0,30.0,22.0,22.0,35.0,23.0,32.0,27.0,41.0,31.0,27.0,26.0,31.0
25.0,29.0,20.0,24.0,27.0,35.0,35.0,23.0,30.0,30.0,33.0,24.0,29.0,27.0,26.0,36.0,37.0,20.0,25.0,28.0,43.0,22.0,43.0,21.0,24.0,24.0,32.0,32.0,30.0,31.0,28.0,27.0,29.0,35.0,37.0,25.0,21.0,36.0,29.0,23.0,30.0,32.0,25.0,24.0,33.0,39.0,26.0,28.0,26.0,32.0
24.0,33.0,33.0,32.0,28.0,38.0,34.0,44.0,27.0,34.0,47.0,40.0,30.0,41.0,37.0,27.0,33.0,33.0,41.0,33.0,24.0,34.0,39.0,33.0,37.0,42.0,36.0,41.0,38.0,34.0,37.0,34.0,39.0,28.0,29.0,22.0,25.0,26.0,38.0,32.0,31.0,36.0,37.0,39.0,25.0,38.0,32.0,30.0,20.0,31.0
32.0,26.0,30.0,27.0,20.0,28.0,39.0,22.0,25.0,24.0,27.0,28.0,30.0,25.0,30.0,22.0,31.0,23.0,20.0,22.0,36.0,31.0,23.0,34.0,32.0,26.0,32.0,22.0,25.0,31.0,31.0,25.0,23.0,23.0,18.0,33.0,26.0,21.0,19.0,25.0,31.0,26.0,25.0,19.0,30.0,33.0,25.0,26.0,25.0,26.0
31.0,27.0,28.0,36.0,34.0,22.0,21.0,35.0,26.0,23.0,34.0,28.0,21.0,30.0,28.0,27.0,25.0,29.0,31.0,29.0,25.0,26.0,24.0,38.0,31.0,25.0,43.0,28.0,32.0,27.0,29.0,26.0,28.0,23.0,29.0,36.0,24.0,30.0,45.0,17.0,16.0,26.0,31.0,33.0,38.0,20.0,30.0,32.0,33.0,20.0
27.0,29.0,30.0,21.0,27.0,35.0,30.0,30.0,23.0,32.0,21.0,30.0,34.0,15.0,29.0,28.0,28.0,37.0,27.0,29.0,23.0,28.0,30.0,34.0,26.0,26.0,30.0,28.0,17.0,29.0,38.0,27.0,22.0,27.0,21.0,27.0,31.0,38.0,22.0,27.0,36.0,26.0,25.0,26.0,23.0,40.0,26.0,32.0,20.0,31.0
