10,50,1000
16.866875,15.068683,15.668291,19.107761,18.343383,19.903664,18.014539,15.145269,16.940582,16.174644
5.889365,8.718162,6.479627,7.026514,5.987383,6.63959,6.129284,9.109744,5.171539,8.444878
0.0,10.0,20.0,30.0,40.0,50.0,60.0,70.0,80.0,90.0
10.0,0.0,10.0,20.0,30.0,40.0,50.0,60.0,70.0,80.0
20.0,10.0,0.0,10.0,20.0,30.0,40.0,50.0,60.0,70.0
30.0,20.0,10.0,0.0,10.0,20.0,30.0,40.0,50.0,60.0
40.0,30.0,20.0,10.0,0.0,10.0,20.0,30.0,40.0,50.0
50.0,40.0,30.0,20.0,10.0,0.0,10.0,20.0,30.0,40.0
60.0,50.0,40.0,30.0,20.0,10.0,0.0,10.0,20.0,30.0
70.0,60.0,50.0,40.0,30.0,20.0,10.0,0.0,10.0,20.0
80.0,70.0,60.0,50.0,40.0,30.0,20.0,10.0,0.0,10.0
90.0,80.0,70.0,60.0,50.0,40.0,30.0,20.0,10.0,0.0
450.0,400.0,350.0,300.0,250.0,250.0,300.0,350.0,400.0,450.0
0.0,1.0,2.0,3.0,4.0,5.0,6.0,7.0,8.0,9.0
1.0,0.0,1.0,2.0,3.0,4.0,5.0,6.0,7.0,8.0
2.0,1.0,0.0,1.0,2.0,3.0,4.0,5.0,6.0,7.0
3.0,2.0,1.0,0.0,1.0,2.0,3.0,4.0,5.0,6.0
4.0,3.0,2.0,1.0,0.0,1.0,2.0,3.0,4.0,5.0
5.0,4.0,3.0,2.0,1.0,0.0,1.0,2.0,3.0,4.0
6.0,5.0,4.0,3.0,2.0,1.0,0.0,1.0,2.0,3.0
7.0,6.0,5.0,4.0,3.0,2.0,1.0,0.0,1.0,2.0
8.0,7.0,6.0,5.0,4.0,3.0,2.0,1.0,0.0,1.0
9.0,8.0,7.0,6.0,5.0,4.0,3.0,2.0,1.0,0.0
45.0,40.0,35.0,30.0,25.0,25.0,30.0,35.0,40.0,45.0
20.0,19.0,23.0,25.0,27.0,30.0,26.0,23.0,26.0,19.0,27.0,32.0,23.0,32.0,28.0,22.0,15.0,25.0,29.0,20.0,23.0,23.0,23.0,25.0,13.0,31.0,18.0,21.0,21.0,18.0,23.0,25.0,21.0,23.0,25.0,18.0,30.0,25.0,21.0,25.0,28.0,22.0,27.0,18.0,20.0,20.0,24.0,27.0,22.0,15.0
24.0,29.0,32.0,31.0,34.0,30.0,28.0,29.0,39.0,24.0,21.0,34.0,41.0,34.0,29.0,37.0,30.0,29.0,30.0,41.0,35.0,26.0,24.0,33.0,27.0,37.0,32.0,35.0,33.0,29.0,32.0,32.0,31.0,24.0,49.0,31.0,37.0,38.0,34.0,32.0,24.0,25.0,31.0,28.0,25.0,23.0,41.0,32.0,27.0,21.0
17.0,23.0,31.0,29.0,17.0,25.0,23.0,24.0,18.0,23.0,22.0,25.0,17.0,21.0,20.0,23.0,33.0,24.0,25.0,22.0,24.0,35.0,27.0,29.0,26.0,24.0,21.0,29.0,28.0,25.0,23.0,30.0,27.0,16.0,25.0,24.0,23.0,29.0,36.0,24.0,26.0,27.0,24.0,29.0,23.0,26.0,21.0,16.0,20.0,30.0
27.0,25.0,19.0,26.0,41.0,32.0,19.0,26.0,33.0,36.0,31.0,39.0,32.0,30.0,35.0,32.0,18.0,27.0,33.0,24.0,45.0,29.0,31.0,29.0,25.0,39.0,31.0,31.0,32.0,25.0,30.0,30.0,33.0,42.0,26.0,28.0,32.0,36.0,26.0,26.0,25.0,22.0,23.0,32.0,26.0,24.0,32.0,27.0,32.0,37.0
26.0,18.0,23.0,23.0,19.0,15.0,30.0,24.0,20.0,10.0,25.0,15.0,33.0,28.0,27.0,21.0,25.0,29.0,14.0,24.0,30.0,19.0,25.0,27.0,19.0,27.0,29.0,26.0,21.0,21.0,27.0,20.0,30.0,24.0,26.0,26.0,26.0,27.0,30.0,26.0,16.0,31.0,19.0,21.0,28.0,19.0,16.0,22.0,25.0,19.0
25.0,20.0,25.0,26.0,27.0,21.0,31.0,30.0,21.0,24.0,22.0,24.0,27.0,21.0,26.0,28.0,28.0,31.0,19.0,21.0,23.0,32.0,28.0,27.0,32.0,26.0,18.0,25.0,22.0,28.0,26.0,28.0,31.0,25.0,23.0,27.0,16.0,25.0,27.0,24.0,24.0,30.0,34.0,24.0,24.0,30.0,27.0,22.0,22.0,22.0
25.0,28.0,18.0,25.0,37.0,30.0,25.0,25.0,29.0,34.0,26.0,20.0,29.0,34.0,22.0,20.0,28.0,16.0,30.0,24.0,21.0,32.0,33.0,30.0,17.0,17.0,28.0,21.0,37.0,21.0,22.0,20.0,26.0,27.0,29.0,28.0,28.0,34.0,25.0,23.0,26.0,27.0,30.0,31.0,25.0,18.0,31.0,12.0,36.0,28.0
36.0,41.0,39.0,37.0,30.0,25.0,36.0,37.0,32.0,32.0,30.0,40.0,30.0,31.0,28.0,30.0,36.0,25.0,35.0,32.0,37.0,31.0,35.0,32.0,38.0,25.0,33.0,46.0,35.0,40.0,38.0,30.0,38.0,32.0,36.0,31.0,19.0,31.0,33.0,34.0,36.0,30.0,46.0,39.0,37.0,30.0,31.0,26.0,30.0,32.0
19.0,21.0,11.0,16.0,24.0,16.0,21.0,16.0,17.0,19.0,16.0,20.0,23.0,28.0,25.0,20.0,16.0,13.0,18.0,14.0,13.0,18.0,21.0,17.0,14.0,22.0,16.0,26.0,17.0,12.0,17.0,23.0,27.0,24.0,23.0,16.0,13.0,20.0,26.0,18.0,17.0,27.0,10.0,17.0,22.0,19.0,25.0,24.0,29.0,21.0
38.0,25.0,28.0,35.0,31.0,29.0,33.0,29.0,35.0,31.0,30.0,32.0,39.0,37.0,28.0,27.0,28.0,31.0,28.0,30.0,28.0,34.0,29.0,31.0,26.0,30.0,26.0,28.0,25.0,38.0,30.0,31.0,43.0,23.0,37.0,31.0,32.0,38.0,26.0,34.0,25.0,40.0,29.0,34.0,24.0,26.0,34.0,26.0,39.0,19.0
