10,50,1000
19.800653,17.814992,19.19802,15.822252,16.962787,18.984584,17.899632,18.588298,15.357591,18.811412
7.755268,5.973531,8.617546,6.515042,8.665101,5.408224,6.537685,5.947926,8.571132,8.281817
0.0,10.0,20.0,30.0,40.0,50.0,60.0,70.0,80.0,90.0
10.0,0.0,10.0,20.0,30.0,40.0,50.0,60.0,70.0,80.0
20.0,10.0,0.0,10.0,20.0,30.0,40.0,50.0,60.0,70.0
30.0,20.0,10.0,0.0,10.0,20.0,30.0,40.0,50.0,60.0
40.0,30.0,20.0,10.0,0.0,10.0,20.0,30.0,40.0,50.0
50.0,40.0,30.0,20.0,10.0,0.0,10.0,20.0,30.0,40.0
60.0,50.0,40.0,30.0,20.0,10.0,0.0,10.0,20.0,30.0
70.0,60.0,50.0,40.0,30.0,20.0,10.0,0.0,10.0,20.0
80.0,70.0,60.0,50.0,40.0,30.0,20.0,10.0,0.0,10.0
90.0,80.0,70.0,60.0,50.0,40.0,30.0,20.0,10.0,0.0
450.0,400.0,350.0,300.0,250.0,250.0,300.0,350.0,400.0,450.0
0.0,1.0,2.0,3.0,4.0,5.0,6.0,7.0,8.0,9.0
1.0,0.0,1.0,2.0,3.0,4.0,5.0,6.0,7.0,8.0
2.0,1.0,0.0,1.0,2.0,3.0,4.0,5.0,6.0,7.0
3.0,2.0,1.0,0.0,1.0,2.0,3.0,4.0,5.0,6.0
4.0,3.0,2.0,1.0,0.0,1.0,2.0,3.0,4.0,5.0
5.0,4.0,3.0,2.0,1.0,0.0,1.0,2.0,3.0,4.0
6.0,5.0,4.0,3.0,2.0,1.0,0.0,1.0,2.0,3.0
7.0,6.0,5.0,4.0,3.0,2.0,1.0,0.0,1.0,2.0
8.0,7.0,6.0,5.0,4.0,3.0,2.0,1.0,0.0,1.0
9.0,8.0,7.0,6.0,5.0,4.0,3.0,2.0,1.0,0.0
45.0,40.0,35.0,30.0,25.0,25.0,30.0,35.0,40.0,45.0
32.0,26.0,22.0,28.0,41.0,24.0,34.0,29.0,21.0,38.0,33.0,31.0,29.0,27.0,33.0,31.0,36.0,25.0,26.0,24.0,36.0,35.0,30.0,41.0,35.0,26.0,34.0,33.0,30.0,25.0,40.0,46.0,44.0,28.0,17.0,21.0,35.0,39.0,24.0,38.0,35.0,27.0,36.0,33.0,28.0,28.0,27.0,25.0,33.0,28.0
30.0,31.0,19.0,28.0,31.0,29.0,23.0,26.0,20.0,20.0,28.0,23.0,27.0,25.0,20.0,21.0,22.0,20.0,26.0,26.0,30.0,23.0,29.0,24.0,15.0,23.0,22.0,27.0,18.0,30.0,19.0,31.0,21.0,19.0,20.0,24.0,19.0,29.0,25.0,26.0,32.0,15.0,22.0,30.0,28.0,23.0,30.0,23.0,23.0,17.0
42.0,25.0,28.0,20.0,33.0,37.0,47.0,32.0,42.0,31.0,30.0,31.0,27.0,32.0,40.0,36.0,30.0,24.0,20.0,44.0,29.0,43.0,28.0,29.0,25.0,36.0,18.0,35.0,39.0,29.0,37.0,33.0,23.0,28.0,35.0,26.0,46.0,27.0,34.0,37.0,42.0,33.0,33.0,27.0,31.0,44.0,37.0,40.0,37.0,42.0
19.0,26.0,22.0,32.0,29.0,28.0,30.0,25.0,23.0,38.0,32.0,26.0,25.0,23.0,28.0,32.0,23.0,26.0,16.0,18.0,18.0,25.0,23.0,26.0,18.0,27.0,29.0,22.0,38.0,19.0,24.0,23.0,18.0,25.0,23.0,26.0,15.0,26.0,26.0,26.0,25.0,24.0,23.0,30.0,27.0,24.0,20.0,25.0,29.0,28.0
27.0,41.0,29.0,31.0,39.0,33.0,43.0,29.0,28.0,35.0,30.0,30.0,31.0,24.0,35.0,44.0,30.0,29.0,26.0,23.0,38.0,33.0,30.0,27.0,28.0,34.0,25.0,42.0,34.0,37.0,37.0,33.0,42.0,35.0,31.0,46.0,31.0,35.0,31.0,32.0,26.0,41.0,31.0,30.0,34.0,25.0,36.0,29.0,33.0,39.0
23.0,27.0,16.0,18.0,28.0,24.0,22.0,24.0,28.0,15.0,18.0,14.0,25.0,20.0,36.0,16.0,25.0,21.0,17.0,19.0,35.0,20.0,25.0,12.0,20.0,21.0,18.0,20.0,23.0,17.0,26.0,25.0,23.0,18.0,28.0,23.0,19.0,25.0,25.0,20.0,20.0,20.0,20.0,23.0,16.0,23.0,24.0,22.0,15.0,18.0
30.0,24.0,21.0,22.0,32.0,17.0,24.0,28.0,33.0,27.0,29.0,20.0,22.0,26.0,25.0,26.0,31.0,29.0,25.0,31.0,25.0,19.0,20.0,29.0,28.0,25.0,26.0,29.0,25.0,27.0,23.0,22.0,26.0,35.0,35.0,23.0,22.0,23.0,25.0,25.0,26.0,28.0,24.0,25.0,28.0,30.0,28.0,24.0,27.0,29.0
23.0,33.0,23.0,27.0,20.0,31.0,15.0,26.0,28.0,31.0,26.0,19.0,26.0,29.0,27.0,26.0,23.0,22.0,19.0,21.0,25.0,21.0,25.0,24.0,15.0,28.0,26.0,29.0,19.0,28.0,17.0,24.0,17.0,26.0,27.0,25.0,31.0,29.0,15.0,19.0,16.0,26.0,30.0,18.0,22.0,34.0,34.0,19.0,33.0,19.0
32.0,30.0,24.0,32.0,34.0,39.0,37.0,25.0,28.0,29.0,41.0,38.0,30.0,29.0,30.0,24.0,29.0,30.0,27.0,36.0,25.0,28.0,33.0,31.0,39.0,29.0,26.0,26.0,35.0,33.0,26.0,27.0,30.0,26.0,36.0,30.0,28.0,29.0,35.0,32.0,35.0,28.0,25.0,27.0,27.0,34.0,29.0,31.0,21.0,35.0
32.0,36.0,26.0,40.0,34.0,33.0,28.0,34.0,32.0,35.0,40.0,42.0,32.0,34.0,26.0,28.0,28.0,36.0,33.0,33.0,32.0,24.0,33.0,32.0,37.0,34.0,29.0,33.0,33.0,33.0,30.0,39.0,29.0,24.0,19.0,27.0,40.0,33.0,33.0,35.0,27.0,33.0,29.0,24.0,36.0,29.0,27.0,29.0,34.0,27.0
