10,50,1000
18.551748,17.900886,16.691009,19.49266,17.206216,19.009188,19.201784,15.306131,16.174365,15.250256
7.57227,5.598605,5.394768,5.511842,7.199594,8.684047,9.785462,8.178442,7.316081,5.456584
0.0,10.0,20.0,30.0,40.0,50.0,60.0,70.0,80.0,90.0
10.0,0.0,10.0,20.0,30.0,40.0,50.0,60.0,70.0,80.0
20.0,10.0,0.0,10.0,20.0,30.0,40.0,50.0,60.0,70.0
30.0,20.0,10.0,0.0,10.0,20.0,30.0,40.0,50.0,60.0
40.0,30.0,20.0,10.0,0.0,10.0,20.0,30.0,40.0,50.0
50.0,40.0,30.0,20.0,10.0,0.0,10.0,20.0,30.0,40.0
60.0,50.0,40.0,30.0,20.0,10.0,0.0,10.0,20.0,30.0
70.0,60.0,50.0,40.0,30.0,20.0,10.0,0.0,10.0,20.0
80.0,70.0,60.0,50.0,40.0,30.0,20.0,10.0,0.0,10.0
90.0,80.0,70.0,60.0,50.0,40.0,30.0,20.0,10.0,0.0
450.0,400.0,350.0,300.0,250.0,250.0,300.0,350.0,400.0,450.0
0.0,1.0,2.0,3.0,4.0,5.0,6.0,7.0,8.0,9.0
1.0,0.0,1.0,2.0,3.0,4.0,5.0,6.0,7.0,8.0
2.0,1.0,0.0,1.0,2.0,3.0,4.0,5.0,6.0,7.0
3.0,2.0,1.0,0.0,1.0,2.0,3.0,4.0,5.0,6.0
4.0,3.0,2.0,1.0,0.0,1.0,2.0,3.0,4.0,5.0
5.0,4.0,3.0,2.0,1.0,0.0,1.0,2.0,3.0,4.0
6.0,5.0,4.0,3.0,2.0,1.0,0.0,1.0,2.0,3.0
7.0,6.0,5.0,4.0,3.0,2.0,1.0,0.0,1.0,2.0
8.0,7.0,6.0,5.0,4.0,3.0,2.0,1.0,0.0,1.0
9.0,8.0,7.0,6.0,5.0,4.0,3.0,2.0,1.0,0.0
45.0,40.0,35.0,30.0,25.0,25.0,30.0,35.0,40.0,45.0
32.0,21.0,34.0,28.0,24.0,22.0,32.0,18.0,33.0,24.0,22.0,30.0,32.0,31.0,26.0,33.0,23.0,29.0,29.0,36.0,33.0,23.0,24.0,30.0,27.0,19.0,27.0,20.0,35.0,33.0,24.0,23.0,28.0,22.0,17.0,43.0,26.0,26.0,35.0,32.0,30.0,34.0,24.0,31.0,27.0,28.0,29.0,34.0,23.0,35.0
21.0,31.0,19.0,12.0,22.0,32.0,24.0,27.0,20.0,23.0,14.0,14.0,19.0,21.0,17.0,26.0,14.0,24.0,25.0,25.0,24.0,28.0,22.0,27.0,20.0,26.0,22.0,30.0,26.0,19.0,26.0,29.0,22.0,22.0,21.0,23.0,21.0,24.0,24.0,20.0,20.0,32.0,26.0,22.0,20.0,23.0,18.0,24.0,36.0,24.0
25.0,29.0,29.0,28.0,22.0,20.0,21.0,16.0,19.0,24.0,17.0,25.0,18.0,18.0,21.0,20.0,17.0,18.0,22.0,26.0,14.0,16.0,26.0,25.0,27.0,25.0,27.0,32.0,26.0,19.0,30.0,26.0,21.0,19.0,20.0,20.0,21.0,26.0,21.0,32.0,13.0,20.0,25.0,16.0,34.0,22.0,23.0,28.0,24.0,34.0
18.0,28.0,17.0,20.0,16.0,24.0,25.0,31.0,25.0,21.0,25.0,18.0,20.0,15.0,25.0,24.0,25.0,28.0,26.0,28.0,23.0,24.0,16.0,21.0,21.0,18.0,21.0,18.0,30.0,21.0,20.0,29.0,24.0,24.0,22.0,19.0,21.0,28.0,24.0,26.0,17.0,24.0,23.0,25.0,21.0,16.0,20.0,27.0,15.0,24.0
35.0,32.0,25.0,18.0,29.0,25.0,29.0,27.0,24.0,34.0,34.0,17.0,35.0,28.0,38.0,29.0,32.0,32.0,27.0,27.0,28.0,26.0,28.0,26.0,32.0,27.0,28.0,32.0,11.0,31.0,25.0,19.0,31.0,29.0,38.0,31.0,27.0,21.0,31.0,24.0,27.0,33.0,30.0,25.0,30.0,30.0,29.0,26.0,27.0,40.0
36.0,27.0,25.0,43.0,39.0,27.0,27.0,32.0,25.0,31.0,32.0,31.0,27.0,34.0,32.0,31.0,41.0,25.0,30.0,34.0,34.0,36.0,40.0,32.0,29.0,22.0,30.0,27.0,20.0,36.0,33.0,35.0,35.0,30.0,42.0,29.0,24.0,26.0,31.0,29.0,28.0,21.0,28.0,31.0,39.0,34.0,32.0,34.0,33.0,33.0
27.0,47.0,32.0,33.0,35.0,24.0,41.0,39.0,46.0,47.0,35.0,41.0,43.0,37.0,26.0,40.0,41.0,28.0,40.0,34.0,50.0,42.0,35.0,46.0,53.0,37.0,44.0,43.0,36.0,34.0,39.0,20.0,40.0,35.0,42.0,29.0,33.0,39.0,44.0,48.0,43.0,32.0,39.0,28.0,47.0,37.0,40.0,40.0,38.0,51.0
31.0,39.0,21.0,29.0,32.0,25.0,37.0,37.0,33.0,31.0,39.0,18.0,27.0,26.0,28.0,21.0,39.0,33.0,40.0,30.0,28.0,26.0,34.0,32.0,21.0,23.0,28.0,38.0,28.0,33.0,35.0,30.0,34.0,30.0,28.0,19.0,28.0,39.0,37.0,35.0,33.0,25.0,23.0,41.0,31.0,33.0,32.0,30.0,29.0,29.0
27.0,31.0,23.0,31.0,23.0,26.0,24.0,27.0,33.0,21.0,34.0,22.0,33.0,29.0,33.0,34.0,29.0,26.0,27.0,32.0,19.0,26.0,14.0,28.0,24.0,36.0,30.0,33.0,26.0,30.0,37.0,31.0,22.0,33.0,22.0,26.0,20.0,17.0,28.0,32.0,21.0,27.0,32.0,31.0,19.0,31.0,27.0,22.0,23.0,31.0
21.0,17.0,16.0,23.0,15.0,30.0,27.0,25.0,27.0,22.0,12.0,16.0,30.0,20.0,20.0,21.0,21.0,16.0,20.0,22.0,20.0,19.0,29.0,21.0,28.0,15.0,11.0,19.0,26.0,17.0,20.0,24.0,29.0,16.0,22.0,29.0,19.0,25.0,20.0,22.0,25.0,18.0,14.0,17.0,17.0,28.0,22.0,22.0,18.0,19.0
