10,50,1000
18.40012,17.177941,17.457185,16.387732,15.382087,18.763423,17.871249,19.890409,18.243325,17.348797
8.980642,5.543556,5.947403,9.070337,8.371715,7.980907,8.269916,7.678111,8.961287,6.119654
0.0,10.0,20.0,30.0,40.0,50.0,60.0,70.0,80.0,90.0
10.0,0.0,10.0,20.0,30.0,40.0,50.0,60.0,70.0,80.0
20.0,10.0,0.0,10.0,20.0,30.0,40.0,50.0,60.0,70.0
30.0,20.0,10.0,0.0,10.0,20.0,30.0,40.0,50.0,60.0
40.0,30.0,20.0,10.0,0.0,10.0,20.0,30.0,40.0,50.0
50.0,40.0,30.0,20.0,10.0,0.0,10.0,20.0,30.0,40.0
60.0,50.0,40.0,30.0,20.0,10.0,0.0,10.0,20.0,30.0
70.0,60.0,50.0,40.0,30.0,20.0,10.0,0.0,10.0,20.0
80.0,70.0,60.0,50.0,40.0,30.0,20.0,10.0,0.0,10.0
90.0,80.0,70.0,60.0,50.0,40.0,30.0,20.0,10.0,0.0
450.0,400.0,350.0,300.0,250.0,250.0,300.0,350.0,400.0,450.0
0.0,1.0,2.0,3.0,4.0,5.0,6.0,7.0,8.0,9.0
1.0,0.0,1.0,2.0,3.0,4.0,5.0,6.0,7.0,8.0
2.0,1.0,0.0,1.0,2.0,3.0,4.0,5.0,6.0,7.0
3.0,2.0,1.0,0.0,1.0,2.0,3.0,4.0,5.0,6.0
4.0,3.0,2.0,1.0,0.0,1.0,2.0,3.0,4.0,5.0
5.0,4.0,3.0,2.0,1.0,0.0,1.0,2.0,3.0,4.0
6.0,5.0,4.0,3.0,2.0,1.0,0.0,1.0,2.0,3.0
7.0,6.0,5.0,4.0,3.0,2.0,1.0,0.0,1.0,2.0
8.0,7.0,6.0,5.0,4.0,3.0,2.0,1.0,0.0,1.0
9.0,8.0,7.0,6.0,5.0,4.0,3.0,2.0,1.0,0.0
45.0,40.0,35.0,30.0,25.0,25.0,30.0,35.0,40.0,45.0
38.0,35.0,35.0,22.0,26.0,29.0,37.0,38.0,32.0,31.0,26.0,29.0,27.0,37.0,38.0,34.0,37.0,34.0,31.0,34.0,26.0,34.0,37.0,40.0,33.0,33.0,42.0,33.0,30.0,25.0,43.0,36.0,30.0,30.0,39.0,45.0,41.0,38.0,22.0,24.0,44.0,38.0,26.0,35.0,44.0,27.0,35.0,30.0,33.0,29.0
21.0,23.0,21.0,19.0,17.0,19.0,21.0,17.0,26.0,27.0,20.0,17.0,24.0,22.0,16.0,11.0,25.0,29.0,22.0,17.0,21.0,30.0,23.0,23.0,28.0,15.0,20.0,28.0,27.0,16.0,26.0,24.0,19.0,14.0,23.0,27.0,28.0,26.0,20.0,14.0,17.0,20.0,13.0,33.0,31.0,22.0,21.0,23.0,23.0,27.0
18.0,24.0,24.0,18.0,25.0,20.0,25.0,28.0,18.0,25.0,20.0,19.0,16.0,27.0,26.0,20.0,18.0,28.0,19.0,39.0,31.0,23.0,28.0,17.0,22.0,18.0,25.0,22.0,31.0,28.0,19.0,19.0,20.0,23.0,27.0,20.0,26.0,19.0,20.0,29.0,20.0,25.0,18.0,15.0,24.0,33.0,21.0,26.0,34.0,19.0
27.0,42.0,32.0,35.0,31.0,32.0,30.0,28.0,21.0,27.0,33.0,46.0,30.0,33.0,33.0,45.0,31.0,37.0,32.0,41.0,36.0,37.0,39.0,38.0,32.0,39.0,37.0,35.0,36.0,29.0,26.0,27.0,37.0,30.0,36.0,30.0,35.0,27.0,28.0,30.0,38.0,23.0,30.0,22.0,39.0,34.0,27.0,35.0,42.0,27.0
38.0,25.0,27.0,26.0,35.0,25.0,21.0,23.0,25.0,31.0,34.0,29.0,31.0,28.0,36.0,28.0,28.0,29.0,29.0,27.0,27.0,31.0,28.0,31.0,39.0,38.0,32.0,25.0,30.0,33.0,33.0,32.0,33.0,27.0,34.0,31.0,25.0,32.0,34.0,33.0,36.0,33.0,24.0,24.0,30.0,33.0,36.0,22.0,26.0,37.0
33.0,36.0,25.0,30.0,30.0,40.0,35.0,33.0,34.0,32.0,29.0,34.0,26.0,44.0,40.0,27.0,31.0,27.0,29.0,31.0,30.0,35.0,34.0,28.0,21.0,33.0,28.0,26.0,27.0,41.0,41.0,34.0,26.0,27.0,33.0,33.0,26.0,40.0,27.0,24.0,28.0,36.0,25.0,35.0,29.0,44.0,26.0,29.0,41.0,42.0
26.0,30.0,46.0,27.0,26.0,29.0,24.0,38.0,29.0,36.0,23.0,35.0,42.0,30.0,25.0,36.0,36.0,33.0,32.0,30.0,31.0,30.0,31.0,33.0,27.0,30.0,31.0,27.0,30.0,33.0,23.0,24.0,31.0,33.0,28.0,24.0,29.0,43.0,29.0,32.0,42.0,36.0,30.0,36.0,35.0,30.0,30.0,20.0,28.0,35.0
29.0,36.0,22.0,36.0,39.0,33.0,28.0,28.0,36.0,30.0,35.0,35.0,37.0,27.0,31.0,33.0,34.0,30.0,31.0,20.0,27.0,19.0,31.0,40.0,22.0,26.0,30.0,38.0,25.0,28.0,37.0,30.0,35.0,30.0,36.0,38.0,37.0,25.0,22.0,27.0,33.0,36.0,30.0,25.0,35.0,34.0,27.0,25.0,37.0,34.0
25.0,31.0,48.0,46.0,30.0,30.0,41.0,31.0,27.0,45.0,39.0,36.0,27.0,35.0,40.0,31.0,37.0,32.0,39.0,35.0,40.0,31.0,38.0,44.0,32.0,30.0,43.0,36.0,31.0,28.0,35.0,30.0,32.0,36.0,30.0,36.0,26.0,33.0,28.0,37.0,37.0,28.0,37.0,40.0,30.0,36.0,37.0,25.0,43.0,46.0
16.0,21.0,21.0,23.0,21.0,25.0,27.0,29.0,17.0,27.0,22.0,31.0,15.0,26.0,24.0,21.0,25.0,15.0,20.0,27.0,21.0,31.0,33.0,27.0,27.0,13.0,21.0,26.0,20.0,20.0,19.0,29.0,28.0,27.0,24.0,20.0,19.0,23.0,33.0,24.0,19.0,30.0,21.0,20.0,22.0,28.0,17.0,23.0,21.0,23.0
