10,50,1000
18.594948,16.447819,19.131042,15.645496,15.076055,17.201911,18.658363,17.819931,19.528404,15.698269
7.850519,6.26332,7.118279,7.191742,9.621958,9.272721,9.261238,6.513106,5.49213,6.555038
0.0,10.0,20.0,30.0,40.0,50.0,60.0,70.0,80.0,90.0
10.0,0.0,10.0,20.0,30.0,40.0,50.0,60.0,70.0,80.0
20.0,10.0,0.0,10.0,20.0,30.0,40.0,50.0,60.0,70.0
30.0,20.0,10.0,0.0,10.0,20.0,30.0,40.0,50.0,60.0
40.0,30.0,20.0,10.0,0.0,10.0,20.0,30.0,40.0,50.0
50.0,40.0,30.0,20.0,10.0,0.0,10.0,20.0,30.0,40.0
60.0,50.0,40.0,30.0,20.0,10.0,0.0,10.0,20.0,30.0
70.0,60.0,50.0,40.0,30.0,20.0,10.0,0.0,10.0,20.0
80.0,70.0,60.0,50.0,40.0,30.0,20.0,10.0,0.0,10.0
90.0,80.0,70.0,60.0,50.0,40.0,30.0,20.0,10.0,0.0
450.0,400.0,350.0,300.0,250.0,250.0,300.0,350.0,400.0,450.0
0.0,1.0,2.0,3.0,4.0,5.0,6.0,7.0,8.0,9.0
1.0,0.0,1.0,2.0,3.0,4.0,5.0,6.0,7.0,8.0
2.0,1.0,0.0,1.0,2.0,3.0,4.0,5.0,6.0,7.0
3.0,2.0,1.0,0.0,1.0,2.0,3.0,4.0,5.0,6.0
4.0,3.0,2.0,1.0,0.0,1.0,2.0,3.0,4.0,5.0
5.0,4.0,3.0,2.0,1.0,0.0,1.0,2.0,3.0,4.0
6.0,5.0,4.0,3.0,2.0,1.0,0.0,1.0,2.0,3.0
7.0,6.0,5.0,4.0,3.0,2.0,1.0,0.0,1.0,2.0
8.0,7.0,6.0,5.0,4.0,3.0,2.0,1.0,0.0,1.0
9.0,8.0,7.0,6.0,5.0,4.0,3.0,2.0,1.0,0.0
45.0,40.0,35.0,30.0,25.0,25.0,30.0,35.0,40.0,45.0
26.0,25.0,15.0,35.0,31.0,35.0,23.0,26.0,23.0,37.0,15.0,22.0,36.0,21.0,32.0,25.0,28.0,34.0,32.0,21.0,21.0,27.0,30.0,32.0,22.0,31.0,36.0,27.0,28.0,26.0,28.0,23.0,24.0,36.0,28.0,28.0,31.0,26.0,31.0,23.0,41.0,25.0,27.0,34.0,42.0,41.0,26.0,31.0,36.0,30.0
24.0,26.0,21.0,17.0,22.0,33.0,13.0,29.0,20.0,30.0,30.0,23.0,21.0,27.0,14.0,20.0,29.0,24.0,25.0,22.0,24.0,25.0,30.0,22.0,28.0,26.0,25.0,33.0,32.0,22.0,22.0,34.0,32.0,21.0,20.0,29.0,28.0,21.0,27.0,21.0,28.0,25.0,22.0,16.0,32.0,30.0,23.0,15.0,30.0,23.0
33.0,31.0,26.0,31.0,24.0,27.0,23.0,32.0,20.0,32.0,25.0,27.0,31.0,32.0,19.0,26.0,28.0,34.0,22.0,25.0,38.0,27.0,32.0,39.0,25.0,20.0,31.0,26.0,33.0,24.0,27.0,23.0,33.0,29.0,24.0,23.0,27.0,31.0,28.0,28.0,19.0,27.0,24.0,29.0,30.0,36.0,19.0,30.0,27.0,31.0
24.0,21.0,33.0,34.0,33.0,29.0,26.0,30.0,28.0,25.0,22.0,24.0,17.0,17.0,28.0,23.0,27.0,18.0,25.0,20.0,21.0,32.0,25.0,20.0,29.0,21.0,27.0,20.0,25.0,26.0,22.0,23.0,28.0,28.0,26.0,21.0,27.0,31.0,23.0,27.0,19.0,34.0,28.0,40.0,35.0,28.0,30.0,29.0,32.0,33.0
33.0,30.0,40.0,32.0,25.0,43.0,41.0,38.0,38.0,28.0,38.0,27.0,31.0,34.0,41.0,37.0,40.0,36.0,30.0,31.0,33.0,27.0,30.0,34.0,42.0,38.0,32.0,34.0,35.0,24.0,27.0,36.0,42.0,45.0,41.0,30.0,26.0,26.0,30.0,32.0,33.0,45.0,36.0,37.0,28.0,31.0,35.0,34.0,28.0,42.0
31.0,21.0,43.0,32.0,37.0,32.0,48.0,30.0,28.0,30.0,29.0,30.0,41.0,34.0,32.0,30.0,28.0,29.0,30.0,32.0,35.0,42.0,34.0,40.0,43.0,34.0,33.0,35.0,28.0,36.0,29.0,23.0,35.0,31.0,30.0,25.0,38.0,29.0,55.0,41.0,19.0,28.0,30.0,37.0,40.0,40.0,34.0,32.0,34.0,21.0
30.0,42.0,42.0,34.0,31.0,40.0,36.0,39.0,32.0,28.0,33.0,36.0,32.0,29.0,33.0,36.0,28.0,37.0,43.0,23.0,43.0,31.0,31.0,33.0,34.0,30.0,34.0,42.0,27.0,35.0,29.0,26.0,44.0,34.0,34.0,34.0,34.0,31.0,30.0,42.0,38.0,37.0,33.0,44.0,34.0,36.0,25.0,32.0,34.0,34.0
20.0,20.0,23.0,26.0,26.0,30.0,24.0,28.0,22.0,28.0,25.0,34.0,27.0,32.0,25.0,29.0,32.0,21.0,24.0,40.0,32.0,20.0,25.0,27.0,26.0,23.0,25.0,31.0,35.0,27.0,24.0,27.0,31.0,19.0,37.0,26.0,22.0,31.0,27.0,23.0,27.0,20.0,31.0,22.0,38.0,19.0,23.0,26.0,30.0,18.0
23.0,17.0,19.0,27.0,19.0,24.0,18.0,11.0,30.0,17.0,19.0,21.0,27.0,20.0,24.0,22.0,22.0,26.0,24.0,26.0,26.0,17.0,19.0,23.0,19.0,18.0,22.0,23.0,27.0,34.0,24.0,21.0,22.0,19.0,22.0,24.0,24.0,24.0,30.0,27.0,17.0,22.0,24.0,22.0,23.0,18.0,14.0,22.0,25.0,20.0
13.0,27.0,16.0,22.0,20.0,25.0,19.0,17.0,18.0,19.0,20.0,24.0,23.0,25.0,21.0,21.0,35.0,29.0,18.0,29.0,39.0,26.0,19.0,29.0,23.0,22.0,26.0,29.0,27.0,28.0,34.0,34.0,19.0,16.0,24.0,25.0,25.0,24.0,22.0,22.0,24.0,28.0,28.0,32.0,23.0,23.0,25.0,26.0,29.0,18.0
