10,50,1000
15.667941,19.479293,16.567911,18.041905,15.864051,17.191446,19.48771,15.132723,17.608961,18.447849
7.481183,9.109073,5.840018,6.452887,5.005533,9.668138,6.729776,9.809778,7.187603,6.386097
0.0,10.0,20.0,30.0,40.0,50.0,60.0,70.0,80.0,90.0
10.0,0.0,10.0,20.0,30.0,40.0,50.0,60.0,70.0,80.0
20.0,10.0,0.0,10.0,20.0,30.0,40.0,50.0,60.0,70.0
30.0,20.0,10.0,0.0,10.0,20.0,30.0,40.0,50.0,60.0
40.0,30.0,20.0,10.0,0.0,10.0,20.0,30.0,40.0,50.0
50.0,40.0,30.0,20.0,10.0,0.0,10.0,20.0,30.0,40.0
60.0,50.0,40.0,30.0,20.0,10.0,0.0,10.0,20.0,30.0
70.0,60.0,50.0,40.0,30.0,20.0,10.0,0.0,10.0,20.0
80.0,70.0,60.0,50.0,40.0,30.0,20.0,10.0,0.0,10.0
90.0,80.0,70.0,60.0,50.0,40.0,30.0,20.0,10.0,0.0
450.0,400.0,350.0,300.0,250.0,250.0,300.0,350.0,400.0,450.0
0.0,1.0,2.0,3.0,4.0,5.0,6.0,7.0,8.0,9.0
1.0,0.0,1.0,2.0,3.0,4.0,5.0,6.0,7.0,8.0
2.0,1.0,0.0,1.0,2.0,3.0,4.0,5.0,6.0,7.0
3.0,2.0,1.0,0.0,1.0,2.0,3.0,4.0,5.0,6.0
4.0,3.0,2.0,1.0,0.0,1.0,2.0,3.0,4.0,5.0
5.0,4.0,3.0,2.0,1.0,0.0,1.0,2.0,3.0,4.0
6.0,5.0,4.0,3.0,2.0,1.0,0.0,1.0,2.0,3.0
7.0,6.0,5.0,4.0,3.0,2.0,1.0,0.0,1.0,2.0
8.0,7.0,6.0,5.0,4.0,3.0,2.0,1.0,0.0,1.0
9.0,8.0,7.0,6.0,5.0,4.0,3.0,2.0,1.0,0.0
45.0,40.0,35.0,30.0,25.0,25.0,30.0,35.0,40.0,45.0
21.0,23.0,27.0,19.0,27.0,31.0,30.0,27.0,34.0,36.0,24.0,23.0,24.0,34.0,26.0,15.0,38.0,25.0,26.0,29.0,20.0,32.0,23.0,19.0,33.0,25.0,28.0,26.0,27.0,36.0,19.0,31.0,25.0,42.0,33.0,29.0,23.0,28.0,29.0,28.0,30.0,33.0,24.0,18.0,31.0,24.0,27.0,23.0,28.0,38.0
24.0,49.0,35.0,31.0,45.0,39.0,36.0,45.0,33.0,26.0,29.0,35.0,35.0,36.0,34.0,32.0,42.0,27.0,42.0,36.0,28.0,34.0,42.0,32.0,25.0,35.0,33.0,24.0,34.0,31.0,37.0,46.0,40.0,34.0,36.0,31.0,44.0,25.0,36.0,34.0,23.0,36.0,35.0,28.0,36.0,48.0,32.0,35.0,38.0,39.0
24.0,29.0,21.0,27.0,24.0,24.0,23.0,25.0,22.0,23.0,24.0,19.0,26.0,25.0,17.0,23.0,19.0,21.0,27.0,27.0,34.0,21.0,25.0,17.0,30.0,25.0,17.0,25.0,29.0,24.0,23.0,17.0,28.0,28.0,22.0,28.0,29.0,25.0,24.0,24.0,24.0,23.0,31.0,18.0,20.0,28.0,17.0,31.0,24.0,19.0
19.0,20.0,31.0,22.0,29.0,23.0,18.0,34.0,23.0,25.0,21.0,20.0,31.0,23.0,31.0,23.0,14.0,16.0,22.0,28.0,30.0,20.0,22.0,24.0,25.0,28.0,25.0,21.0,35.0,22.0,36.0,29.0,34.0,24.0,30.0,18.0,30.0,25.0,27.0,28.0,22.0,37.0,19.0,20.0,17.0,23.0,28.0,29.0,28.0,25.0
12.0,17.0,26.0,21.0,16.0,17.0,14.0,29.0,20.0,18.0,22.0,14.0,25.0,23.0,24.0,19.0,14.0,20.0,17.0,25.0,10.0,18.0,9.0,13.0,17.0,24.0,15.0,28.0,15.0,15.0,21.0,15.0,28.0,11.0,15.0,23.0,19.0,14.0,22.0,16.0,10.0,18.0,19.0,22.0,25.0,15.0,25.0,21.0,28.0,22.0
35.0,36.0,31.0,39.0,43.0,33.0,28.0,42.0,37.0,35.0,31.0,32.0,38.0,42.0,39.0,36.0,29.0,37.0,28.0,50.0,25.0,32.0,38.0,30.0,33.0,37.0,43.0,30.0,35.0,34.0,38.0,32.0,39.0,43.0,38.0,28.0,35.0,40.0,38.0,34.0,38.0,35.0,54.0,52.0,28.0,32.0,36.0,25.0,38.0,33.0
30.0,30.0,27.0,27.0,39.0,20.0,24.0,30.0,34.0,30.0,31.0,29.0,26.0,27.0,29.0,16.0,24.0,29.0,24.0,32.0,25.0,24.0,26.0,36.0,28.0,20.0,23.0,20.0,25.0,30.0,21.0,21.0,26.0,31.0,26.0,27.0,43.0,26.0,23.0,34.0,25.0,18.0,26.0,29.0,21.0,22.0,38.0,20.0,23.0,33.0
40.0,36.0,32.0,25.0,33.0,32.0,43.0,35.0,43.0,37.0,34.0,47.0,34.0,28.0,40.0,33.0,37.0,29.0,32.0,39.0,31.0,36.0,36.0,45.0,37.0,29.0,31.0,29.0,30.0,33.0,31.0,44.0,35.0,47.0,30.0,38.0,32.0,39.0,38.0,35.0,41.0,38.0,33.0,28.0,34.0,33.0,35.0,29.0,36.0,39.0
30.0,29.0,31.0,35.0,27.0,30.0,34.0,14.0,31.0,30.0,29.0,31.0,28.0,26.0,23.0,33.0,27.0,31.0,32.0,30.0,23.0,27.0,24.0,25.0,23.0,34.0,28.0,33.0,20.0,35.0,26.0,28.0,26.0,19.0,36.0,26.0,25.0,36.0,36.0,22.0,27.0,31.0,23.0,27.0,29.0,29.0,27.0,36.0,28.0,33.0
21.0,29.0,27.0,14.0,19.0,19.0,19.0,21.0,35.0,29.0,17.0,27.0,21.0,32.0,23.0,27.0,28.0,23.0,33.0,26.0,23.0,19.0,23.0,24.0,30.0,28.0,27.0,25.0,26.0,19.0,21.0,36.0,19.0,24.0,29.0,24.0,22.0,27.0,20.0,31.0,39.0,28.0,27.0,18.0,25.0,32.0,31.0,28.0,25.0,26.0
