10,50,1000
16.35559,19.436381,18.530587,16.712534,17.490368,19.181266,18.679918,17.07123,18.891625,17.298517
5.496228,7.087348,6.240675,9.639278,8.446168,8.686663,9.167851,7.251955,9.720036,9.463668
0.0,10.0,20.0,30.0,40.0,50.0,60.0,70.0,80.0,90.0
10.0,0.0,10.0,20.0,30.0,40.0,50.0,60.0,70.0,80.0
20.0,10.0,0.0,10.0,20.0,30.0,40.0,50.0,60.0,70.0
30.0,20.0,10.0,0.0,10.0,20.0,30.0,40.0,50.0,60.0
40.0,30.0,20.0,10.0,0.0,10.0,20.0,30.0,40.0,50.0
50.0,40.0,30.0,20.0,10.0,0.0,10.0,20.0,30.0,40.0
60.0,50.0,40.0,30.0,20.0,10.0,0.0,10.0,20.0,30.0
70.0,60.0,50.0,40.0,30.0,20.0,10.0,0.0,10.0,20.0
80.0,70.0,60.0,50.0,40.0,30.0,20.0,10.0,0.0,10.0
90.0,80.0,70.0,60.0,50.0,40.0,30.0,20.0,10.0,0.0
450.0,400.0,350.0,300.0,250.0,250.0,300.0,350.0,400.0,450.0
0.0,1.0,2.0,3.0,4.0,5.0,6.0,7.0,8.0,9.0
1.0,0.0,1.0,2.0,3.0,4.0,5.0,6.0,7.0,8.0
2.0,1.0,0.0,1.0,2.0,3.0,4.0,5.0,6.0,7.0
3.0,2.0,1.0,0.0,1.0,2.0,3.0,4.0,5.0,6.0
4.0,3.0,2.0,1.0,0.0,1.0,2.0,3.0,4.0,5.0
5.0,4.0,3.0,2.0,1.0,0.0,1.0,2.0,3.0,4.0
6.0,5.0,4.0,3.0,2.0,1.0,0.0,1.0,2.0,3.0
7.0,6.0,5.0,4.0,3.0,2.0,1.0,0.0,1.0,2.0
8.0,7.0,6.0,5.0,4.0,3.0,2.0,1.0,0.0,1.0
9.0,8.0,7.0,6.0,5.0,4.0,3.0,2.0,1.0,0.0
45.0,40.0,35.0,30.0,25.0,25.0,30.0,35.0,40.0,45.0
17.0,23.0,27.0,18.0,24.0,14.0,29.0,25.0,20.0,24.0,16.0,29.0,15.0,24.0,22.0,15.0,18.0,20.0,25.0,17.0,31.0,19.0,24.0,23.0,20.0,27.0,16.0,17.0,19.0,14.0,19.0,19.0,30.0,19.0,27.0,24.0,30.0,29.0,26.0,21.0,22.0,20.0,33.0,24.0,31.0,24.0,18.0,28.0,20.0,27.0
27.0,30.0,31.0,23.0,35.0,41.0,25.0,29.0,23.0,25.0,31.0,32.0,28.0,27.0,26.0,38.0,30.0,30.0,28.0,26.0,35.0,32.0,25.0,21.0,30.0,23.0,29.0,27.0,37.0,28.0,27.0,30.0,22.0,30.0,46.0,25.0,34.0,36.0,36.0,30.0,35.0,22.0,27.0,27.0,29.0,39.0,27.0,24.0,33.0,23.0
23.0,26.0,25.0,27.0,29.0,20.0,20.0,29.0,30.0,25.0,32.0,31.0,25.0,22.0,33.0,24.0,21.0,32.0,28.0,21.0,26.0,21.0,27.0,24.0,27.0,22.0,24.0,11.0,18.0,26.0,27.0,21.0,40.0,22.0,15.0,29.0,20.0,22.0,22.0,28.0,28.0,30.0,25.0,23.0,15.0,33.0,28.0,24.0,16.0,26.0
47.0,36.0,37.0,33.0,30.0,41.0,32.0,32.0,44.0,36.0,23.0,30.0,38.0,34.0,34.0,36.0,36.0,25.0,30.0,30.0,35.0,39.0,30.0,37.0,39.0,30.0,33.0,27.0,26.0,32.0,29.0,44.0,31.0,39.0,46.0,41.0,37.0,30.0,42.0,25.0,24.0,36.0,45.0,39.0,34.0,37.0,30.0,41.0,43.0,47.0
39.0,40.0,36.0,25.0,25.0,31.0,35.0,36.0,27.0,33.0,31.0,28.0,32.0,34.0,42.0,34.0,29.0,27.0,40.0,38.0,41.0,35.0,25.0,33.0,34.0,25.0,29.0,29.0,29.0,31.0,28.0,41.0,30.0,42.0,33.0,33.0,26.0,29.0,30.0,33.0,27.0,35.0,35.0,30.0,45.0,27.0,24.0,28.0,31.0,35.0
37.0,45.0,35.0,36.0,40.0,34.0,34.0,34.0,38.0,35.0,29.0,29.0,38.0,28.0,42.0,29.0,26.0,36.0,37.0,34.0,36.0,31.0,33.0,38.0,29.0,34.0,30.0,36.0,35.0,39.0,30.0,24.0,30.0,30.0,23.0,40.0,37.0,31.0,31.0,29.0,34.0,44.0,35.0,18.0,33.0,27.0,32.0,38.0,35.0,33.0
30.0,31.0,44.0,34.0,28.0,32.0,29.0,35.0,28.0,35.0,34.0,31.0,44.0,27.0,27.0,38.0,38.0,24.0,38.0,40.0,33.0,30.0,27.0,35.0,36.0,37.0,39.0,42.0,34.0,27.0,29.0,46.0,35.0,32.0,30.0,37.0,45.0,42.0,31.0,37.0,32.0,29.0,35.0,41.0,41.0,29.0,37.0,28.0,39.0,29.0
24.0,27.0,33.0,24.0,27.0,29.0,26.0,45.0,22.0,32.0,29.0,21.0,25.0,31.0,25.0,16.0,28.0,33.0,35.0,21.0,24.0,19.0,30.0,34.0,38.0,31.0,34.0,29.0,24.0,28.0,23.0,31.0,37.0,26.0,24.0,32.0,32.0,26.0,31.0,31.0,26.0,32.0,36.0,31.0,33.0,39.0,34.0,26.0,28.0,32.0
39.0,31.0,29.0,47.0,43.0,23.0,45.0,41.0,32.0,32.0,34.0,45.0,43.0,31.0,33.0,42.0,38.0,29.0,32.0,27.0,35.0,47.0,42.0,35.0,39.0,40.0,29.0,33.0,30.0,35.0,43.0,27.0,32.0,33.0,39.0,37.0,27.0,35.0,35.0,34.0,35.0,29.0,35.0,37.0,29.0,33.0,35.0,43.0,41.0,30.0
36.0,36.0,40.0,40.0,44.0,30.0,26.0,32.0,33.0,48.0,37.0,33.0,29.0,37.0,26.0,38.0,34.0,40.0,33.0,32.0,37.0,29.0,31.0,30.0,29.0,39.0,40.0,27.0,28.0,34.0,31.0,45.0,37.0,34.0,32.0,40.0,30.0,47.0,30.0,34.0,35.0,28.0,39.0,21.0,37.0,27.0,33.0,37.0,33.0,35.0
