10,50,1000
17.933123,17.638903,15.73967,16.405015,16.766579,19.043019,16.913273,19.072887,15.516685,19.741616
8.305731,7.926347,9.658894,8.056371,8.166269,6.934551,5.732973,9.680769,8.821047,9.469763
0.0,10.0,20.0,30.0,40.0,50.0,60.0,70.0,80.0,90.0
10.0,0.0,10.0,20.0,30.0,40.0,50.0,60.0,70.0,80.0
20.0,10.0,0.0,10.0,20.0,30.0,40.0,50.0,60.0,70.0
30.0,20.0,10.0,0.0,10.0,20.0,30.0,40.0,50.0,60.0
40.0,30.0,20.0,10.0,0.0,10.0,20.0,30.0,40.0,50.0
50.0,40.0,30.0,20.0,10.0,0.0,10.0,20.0,30.0,40.0
60.0,50.0,40.0,30.0,20.0,10.0,0.0,10.0,20.0,30.0
70.0,60.0,50.0,40.0,30.0,20.0,10.0,0.0,10.0,20.0
80.0,70.0,60.0,50.0,40.0,30.0,20.0,10.0,0.0,10.0
90.0,80.0,70.0,60.0,50.0,40.0,30.0,20.0,10.0,0.0
450.0,400.0,350.0,300.0,250.0,250.0,300.0,350.0,400.0,450.0
0.0,1.0,2.0,3.0,4.0,5.0,6.0,7.0,8.0,9.0
1.0,0.0,1.0,2.0,3.0,4.0,5.0,6.0,7.0,8.0
2.0,1.0,0.0,1.0,2.0,3.0,4.0,5.0,6.0,7.0
3.0,2.0,1.0,0.0,1.0,2.0,3.0,4.0,5.0,6.0
4.0,3.0,2.0,1.0,0.0,1.0,2.0,3.0,4.0,5.0
5.0,4.0,3.0,2.0,1.0,0.0,1.0,2.0,3.0,4.0
6.0,5.0,4.0,3.0,2.0,1.0,0.0,1.0,2.0,3.0
7.0,6.0,5.0,4.0,3.0,2.0,1.0,0.0,1.0,2.0
8.0,7.0,6.0,5.0,4.0,3.0,2.0,1.0,0.0,1.0
9.0,8.0,7.0,6.0,5.0,4.0,3.0,2.0,1.0,0.0
45.0,40.0,35.0,30.0,25.0,25.0,30.0,35.0,40.0,45.0
34.0,30.0,38.0,25.0,35.0,29.0,32.0,35.0,28.0,31.0,26.0,30.0,35.0,39.0,40.0,26.0,20.0,31.0,25.0,32.0,41.0,29.0,28.0,41.0,39.0,28.0,39.0,26.0,40.0,30.0,35.0,28.0,36.0,29.0,29.0,30.0,36.0,16.0,24.0,36.0,41.0,21.0,31.0,30.0,37.0,27.0,40.0,28.0,30.0,33.0
36.0,28.0,35.0,24.0,34.0,30.0,26.0,21.0,35.0,18.0,28.0,28.0,32.0,31.0,29.0,27.0,23.0,28.0,17.0,23.0,31.0,25.0,20.0,34.0,41.0,23.0,32.0,36.0,28.0,29.0,33.0,31.0,34.0,30.0,36.0,32.0,35.0,28.0,28.0,21.0,26.0,36.0,31.0,32.0,31.0,31.0,35.0,35.0,34.0,31.0
40.0,33.0,33.0,37.0,32.0,32.0,32.0,34.0,32.0,33.0,38.0,29.0,47.0,39.0,33.0,37.0,33.0,33.0,29.0,33.0,34.0,25.0,34.0,36.0,26.0,39.0,20.0,33.0,44.0,32.0,32.0,38.0,41.0,36.0,24.0,38.0,42.0,47.0,27.0,23.0,34.0,44.0,42.0,29.0,31.0,37.0,42.0,40.0,35.0,25.0
30.0,29.0,24.0,23.0,27.0,23.0,33.0,30.0,36.0,34.0,39.0,20.0,31.0,35.0,25.0,22.0,27.0,32.0,34.0,24.0,31.0,24.0,20.0,33.0,32.0,33.0,38.0,24.0,29.0,36.0,24.0,37.0,28.0,46.0,25.0,29.0,29.0,35.0,28.0,32.0,34.0,34.0,39.0,27.0,27.0,41.0,33.0,41.0,29.0,31.0
20.0,36.0,37.0,34.0,33.0,47.0,27.0,27.0,33.0,35.0,24.0,20.0,23.0,37.0,27.0,39.0,27.0,34.0,31.0,32.0,34.0,23.0,33.0,30.0,19.0,31.0,25.0,31.0,28.0,33.0,29.0,37.0,27.0,38.0,32.0,48.0,25.0,34.0,31.0,28.0,33.0,28.0,26.0,32.0,27.0,37.0,30.0,37.0,29.0,30.0
34.0,24.0,34.0,32.0,29.0,29.0,25.0,35.0,33.0,24.0,27.0,33.0,23.0,23.0,29.0,30.0,26.0,31.0,31.0,29.0,23.0,28.0,29.0,15.0,27.0,29.0,34.0,26.0,33.0,20.0,30.0,29.0,27.0,39.0,32.0,15.0,20.0,16.0,33.0,32.0,21.0,27.0,30.0,25.0,23.0,27.0,26.0,34.0,18.0,32.0
24.0,21.0,23.0,24.0,23.0,21.0,23.0,24.0,32.0,32.0,28.0,21.0,23.0,23.0,17.0,19.0,20.0,24.0,20.0,15.0,20.0,34.0,24.0,20.0,21.0,26.0,24.0,27.0,25.0,28.0,19.0,24.0,30.0,20.0,20.0,18.0,27.0,15.0,24.0,24.0,13.0,27.0,32.0,29.0,23.0,26.0,31.0,21.0,15.0,25.0
32.0,41.0,32.0,39.0,50.0,34.0,34.0,34.0,29.0,38.0,32.0,30.0,33.0,44.0,37.0,46.0,37.0,39.0,50.0,43.0,44.0,34.0,39.0,22.0,44.0,30.0,34.0,27.0,33.0,29.0,34.0,44.0,43.0,31.0,25.0,47.0,31.0,37.0,42.0,39.0,43.0,31.0,48.0,35.0,38.0,35.0,35.0,42.0,36.0,43.0
31.0,40.0,41.0,42.0,27.0,26.0,34.0,39.0,46.0,27.0,24.0,31.0,27.0,39.0,23.0,34.0,25.0,30.0,25.0,35.0,23.0,34.0,21.0,28.0,41.0,28.0,23.0,34.0,30.0,40.0,29.0,35.0,28.0,34.0,34.0,46.0,37.0,31.0,23.0,37.0,37.0,30.0,29.0,38.0,33.0,33.0,22.0,34.0,26.0,26.0
44.0,35.0,28.0,25.0,38.0,36.0,39.0,34.0,23.0,41.0,33.0,37.0,32.0,33.0,50.0,34.0,30.0,30.0,44.0,32.0,32.0,29.0,44.0,37.0,36.0,33.0,25.0,25.0,39.0,40.0,34.0,37.0,38.0,48.0,40.0,30.0,21.0,35.0,31.0,31.0,31.0,32.0,45.0,29.0,33.0,28.0,38.0,33.0,39.0,40.0
