10,50,1000
17.222044,18.652239,17.062539,15.468334,17.793664,19.737937,15.601744,15.612162,19.497626,18.63839
5.195853,6.907662,8.638808,5.206432,8.174041,6.820204,6.174428,6.500261,8.904305,7.843172
0.0,10.0,20.0,30.0,40.0,50.0,60.0,70.0,80.0,90.0
10.0,0.0,10.0,20.0,30.0,40.0,50.0,60.0,70.0,80.0
20.0,10.0,0.0,10.0,20.0,30.0,40.0,50.0,60.0,70.0
30.0,20.0,10.0,0.0,10.0,20.0,30.0,40.0,50.0,60.0
40.0,30.0,20.0,10.0,0.0,10.0,20.0,30.0,40.0,50.0
50.0,40.0,30.0,20.0,10.0,0.0,10.0,20.0,30.0,40.0
60.0,50.0,40.0,30.0,20.0,10.0,0.0,10.0,20.0,30.0
70.0,60.0,50.0,40.0,30.0,20.0,10.0,0.0,10.0,20.0
80.0,70.0,60.0,50.0,40.0,30.0,20.0,10.0,0.0,10.0
90.0,80.0,70.0,60.0,50.0,40.0,30.0,20.0,10.0,0.0
450.0,400.0,350.0,300.0,250.0,250.0,300.0,350.0,400.0,450.0
0.0,1.0,2.0,3.0,4.0,5.0,6.0,7.0,8.0,9.0
1.0,0.0,1.0,2.0,3.0,4.0,5.0,6.0,7.0,8.0
2.0,1.0,0.0,1.0,2.0,3.0,4.0,5.0,6.0,7.0
3.0,2.0,1.0,0.0,1.0,2.0,3.0,4.0,5.0,6.0
4.0,3.0,2.0,1.0,0.0,1.0,2.0,3.0,4.0,5.0
5.0,4.0,3.0,2.0,1.0,0.0,1.0,2.0,3.0,4.0
6.0,5.0,4.0,3.0,2.0,1.0,0.0,1.0,2.0,3.0
7.0,6.0,5.0,4.0,3.0,2.0,1.0,0.0,1.0,2.0
8.0,7.0,6.0,5.0,4.0,3.0,2.0,1.0,0.0,1.0
9.0,8.0,7.0,6.0,5.0,4.0,3.0,2.0,1.0,0.0
45.0,40.0,35.0,30.0,25.0,25.0,30.0,35.0,40.0,45.0
20.0,18.0,20.0,22.0,20.0,16.0,24.0,26.0,19.0,22.0,11.0,17.0,22.0,20.0,25.0,22.0,20.0,18.0,19.0,20.0,17.0,15.0,22.0,27.0,19.0,21.0,20.0,15.0,24.0,18.0,24.0,32.0,21.0,18.0,20.0,15.0,19.0,21.0,20.0,26.0,17.0,24.0,23.0,24.0,19.0,21.0,12.0,16.0,27.0,18.0
25.0,30.0,37.0,16.0,24.0,27.0,24.0,23.0,35.0,21.0,23.0,33.0,24.0,23.0,23.0,23.0,25.0,26.0,34.0,23.0,37.0,33.0,23.0,36.0,24.0,29.0,22.0,29.0,28.0,32.0,22.0,26.0,28.0,31.0,25.0,24.0,28.0,23.0,25.0,34.0,29.0,27.0,30.0,35.0,24.0,28.0,29.0,24.0,21.0,26.0
41.0,34.0,34.0,42.0,33.0,27.0,33.0,28.0,44.0,39.0,37.0,35.0,24.0,18.0,29.0,27.0,34.0,40.0,34.0,29.0,29.0,28.0,31.0,25.0,34.0,41.0,26.0,43.0,22.0,40.0,31.0,33.0,31.0,31.0,34.0,24.0,29.0,31.0,46.0,38.0,22.0,28.0,30.0,29.0,28.0,29.0,27.0,33.0,36.0,25.0
24.0,25.0,18.0,13.0,22.0,20.0,19.0,21.0,19.0,13.0,20.0,18.0,27.0,19.0,28.0,20.0,19.0,22.0,18.0,16.0,21.0,20.0,21.0,23.0,28.0,30.0,18.0,21.0,19.0,21.0,13.0,24.0,26.0,28.0,12.0,16.0,22.0,22.0,21.0,29.0,23.0,22.0,30.0,15.0,24.0,17.0,22.0,23.0,16.0,14.0
35.0,30.0,25.0,36.0,23.0,25.0,32.0,30.0,30.0,43.0,30.0,23.0,21.0,28.0,36.0,25.0,26.0,33.0,30.0,24.0,41.0,16.0,28.0,32.0,24.0,26.0,35.0,43.0,46.0,33.0,35.0,26.0,26.0,38.0,31.0,25.0,34.0,33.0,25.0,35.0,37.0,30.0,28.0,31.0,31.0,32.0,26.0,31.0,55.0,26.0
26.0,21.0,25.0,35.0,35.0,22.0,27.0,26.0,28.0,29.0,27.0,19.0,26.0,37.0,30.0,25.0,27.0,28.0,21.0,29.0,25.0,20.0,35.0,28.0,27.0,30.0,42.0,33.0,26.0,26.0,35.0,30.0,30.0,34.0,29.0,32.0,29.0,20.0,22.0,23.0,23.0,12.0,29.0,26.0,26.0,31.0,30.0,25.0,23.0,26.0
27.0,30.0,22.0,13.0,27.0,25.0,25.0,18.0,23.0,20.0,21.0,12.0,29.0,20.0,23.0,18.0,23.0,19.0,22.0,24.0,28.0,21.0,32.0,16.0,18.0,24.0,21.0,20.0,32.0,24.0,27.0,27.0,20.0,26.0,25.0,20.0,23.0,34.0,23.0,21.0,24.0,16.0,18.0,13.0,23.0,25.0,23.0,29.0,27.0,28.0
19.0,28.0,31.0,10.0,26.0,25.0,19.0,28.0,21.0,16.0,26.0,21.0,22.0,31.0,32.0,12.0,21.0,29.0,28.0,29.0,29.0,17.0,21.0,25.0,29.0,12.0,24.0,19.0,21.0,22.0,30.0,34.0,25.0,29.0,19.0,31.0,29.0,35.0,18.0,18.0,29.0,34.0,26.0,27.0,26.0,24.0,28.0,33.0,25.0,27.0
28.0,33.0,31.0,38.0,37.0,36.0,35.0,26.0,36.0,36.0,27.0,32.0,37.0,32.0,33.0,40.0,39.0,33.0,26.0,32.0,31.0,30.0,44.0,32.0,38.0,38.0,40.0,22.0,31.0,37.0,29.0,32.0,35.0,32.0,33.0,42.0,33.0,33.0,27.0,34.0,29.0,31.0,30.0,35.0,28.0,44.0,26.0,26.0,30.0,35.0
41.0,33.0,28.0,31.0,39.0,27.0,30.0,20.0,24.0,31.0,31.0,27.0,23.0,37.0,28.0,34.0,30.0,28.0,21.0,22.0,32.0,31.0,31.0,42.0,30.0,38.0,22.0,20.0,30.0,30.0,34.0,21.0,27.0,29.0,27.0,28.0,35.0,26.0,38.0,24.0,29.0,26.0,34.0,41.0,33.0,26.0,37.0,20.0,32.0,32.0
