10,50,1000
18.113759,19.094792,19.240256,18.180346,15.123724,15.317993,19.516065,17.262781,16.263308,15.712274
7.065579,5.929813,5.541654,7.317621,5.163523,5.766238,6.33455,8.268342,9.69662,8.109957
0.0,10.0,20.0,30.0,40.0,50.0,60.0,70.0,80.0,90.0
10.0,0.0,10.0,20.0,30.0,40.0,50.0,60.0,70.0,80.0
20.0,10.0,0.0,10.0,20.0,30.0,40.0,50.0,60.0,70.0
30.0,20.0,10.0,0.0,10.0,20.0,30.0,40.0,50.0,60.0
40.0,30.0,20.0,10.0,0.0,10.0,20.0,30.0,40.0,50.0
50.0,40.0,30.0,20.0,10.0,0.0,10.0,20.0,30.0,40.0
60.0,50.0,40.0,30.0,20.0,10.0,0.0,10.0,20.0,30.0
70.0,60.0,50.0,40.0,30.0,20.0,10.0,0.0,10.0,20.0
80.0,70.0,60.0,50.0,40.0,30.0,20.0,10.0,0.0,10.0
90.0,80.0,70.0,60.0,50.0,40.0,30.0,20.0,10.0,0.0
450.0,400.0,350.0,300.0,250.0,250.0,300.0,350.0,400.0,450.0
0.0,1.0,2.0,3.0,4.0,5.0,6.0,7.0,8.0,9.0
1.0,0.0,1.0,2.0,3.0,4.0,5.0,6.0,7.0,8.0
2.0,1.0,0.0,1.0,2.0,3.0,4.0,5.0,6.0,7.0
3.0,2.0,1.0,0.0,1.0,2.0,3.0,4.0,5.0,6.0
4.0,3.0,2.0,1.0,0.0,1.0,2.0,3.0,4.0,5.0
5.0,4.0,3.0,2.0,1.0,0.0,1.0,2.0,3.0,4.0
6.0,5.0,4.0,3.0,2.0,1.0,0.0,1.0,2.0,3.0
7.0,6.0,5.0,4.0,3.0,2.0,1.0,0.0,1.0,2.0
8.0,7.0,6.0,5.0,4.0,3.0,2.0,1.0,0.0,1.0
9.0,8.0,7.0,6.0,5.0,4.0,3.0,2.0,1.0,0.0
45.0,40.0,35.0,30.0,25.0,25.0,30.0,35.0,40.0,45.0
31.0,21.0,28.0,28.0,23.0,28.0,30.0,21.0,28.0,32.0,34.0,29.0,28.0,30.0,40.0,32.0,30.0,28.0,30.0,36.0,29.0,28.0,26.0,34.0,22.0,29.0,17.0,19.0,20.0,32.0,21.0,32.0,41.0,31.0,33.0,26.0,22.0,32.0,34.0,32.0,24.0,28.0,34.0,36.0,30.0,22.0,26.0,26.0,27.0,32.0
21.0,24.0,19.0,27.0,21.0,26.0,20.0,24.0,26.0,22.0,22.0,20.0,22.0,24.0,17.0,27.0,29.0,24.0,20.0,24.0,27.0,27.0,20.0,22.0,25.0,23.0,28.0,24.0,29.0,23.0,21.0,27.0,28.0,22.0,21.0,24.0,28.0,24.0,27.0,16.0,24.0,27.0,24.0,38.0,32.0,22.0,15.0,22.0,24.0,29.0
25.0,18.0,20.0,22.0,21.0,21.0,22.0,25.0,16.0,20.0,17.0,21.0,18.0,27.0,17.0,20.0,23.0,25.0,28.0,26.0,20.0,20.0,32.0,23.0,34.0,18.0,27.0,26.0,22.0,24.0,35.0,20.0,20.0,22.0,29.0,21.0,19.0,22.0,23.0,21.0,20.0,24.0,19.0,30.0,27.0,30.0,16.0,22.0,19.0,29.0
40.0,34.0,29.0,26.0,23.0,31.0,31.0,24.0,30.0,32.0,35.0,26.0,32.0,26.0,23.0,25.0,24.0,35.0,24.0,31.0,33.0,22.0,29.0,29.0,23.0,25.0,19.0,28.0,24.0,35.0,27.0,27.0,41.0,23.0,18.0,32.0,30.0,32.0,33.0,26.0,26.0,30.0,21.0,28.0,25.0,32.0,22.0,21.0,30.0,27.0
25.0,21.0,21.0,19.0,23.0,22.0,17.0,17.0,22.0,19.0,24.0,18.0,27.0,18.0,24.0,28.0,23.0,23.0,18.0,20.0,23.0,15.0,26.0,22.0,16.0,23.0,24.0,23.0,23.0,19.0,25.0,17.0,17.0,22.0,24.0,23.0,18.0,30.0,28.0,16.0,29.0,26.0,15.0,21.0,19.0,22.0,21.0,30.0,31.0,17.0
26.0,21.0,17.0,20.0,22.0,21.0,25.0,26.0,23.0,28.0,32.0,20.0,19.0,18.0,22.0,29.0,27.0,15.0,27.0,23.0,23.0,23.0,22.0,24.0,27.0,19.0,19.0,25.0,18.0,20.0,19.0,27.0,30.0,22.0,25.0,29.0,26.0,21.0,22.0,30.0,23.0,30.0,19.0,24.0,23.0,17.0,22.0,24.0,10.0,20.0
32.0,24.0,28.0,20.0,32.0,20.0,25.0,24.0,24.0,25.0,21.0,32.0,27.0,26.0,21.0,25.0,26.0,16.0,28.0,26.0,23.0,16.0,32.0,31.0,24.0,22.0,27.0,23.0,24.0,24.0,28.0,20.0,34.0,9.0,24.0,18.0,21.0,33.0,33.0,23.0,25.0,25.0,37.0,23.0,37.0,27.0,21.0,20.0,27.0,24.0
41.0,21.0,29.0,31.0,29.0,34.0,35.0,31.0,33.0,28.0,21.0,34.0,25.0,42.0,39.0,27.0,30.0,37.0,40.0,29.0,36.0,37.0,35.0,36.0,32.0,37.0,36.0,25.0,25.0,34.0,27.0,30.0,20.0,27.0,37.0,32.0,29.0,30.0,28.0,40.0,31.0,27.0,30.0,29.0,32.0,23.0,23.0,20.0,31.0,28.0
33.0,38.0,36.0,41.0,34.0,39.0,35.0,32.0,35.0,38.0,29.0,32.0,28.0,29.0,35.0,42.0,40.0,36.0,41.0,38.0,30.0,32.0,36.0,35.0,38.0,35.0,34.0,44.0,29.0,32.0,33.0,41.0,28.0,36.0,40.0,36.0,40.0,27.0,39.0,35.0,36.0,30.0,40.0,38.0,26.0,24.0,43.0,29.0,20.0,34.0
23.0,30.0,25.0,36.0,34.0,27.0,31.0,34.0,34.0,25.0,26.0,29.0,27.0,29.0,29.0,30.0,28.0,38.0,32.0,25.0,22.0,31.0,34.0,33.0,37.0,33.0,28.0,23.0,41.0,21.0,36.0,41.0,44.0,27.0,17.0,28.0,32.0,38.0,27.0,20.0,29.0,30.0,27.0,36.0,34.0,21.0,27.0,32.0,38.0,26.0
