10,50,1000
15.638485,15.345069,15.340214,15.135871,15.674165,17.565241,16.26662,17.687999,15.329012,17.572722
7.251873,8.891011,9.400098,7.383833,7.026792,6.130515,6.108361,9.238058,9.17462,7.055803
0.0,10.0,20.0,30.0,40.0,50.0,60.0,70.0,80.0,90.0
10.0,0.0,10.0,20.0,30.0,40.0,50.0,60.0,70.0,80.0
20.0,10.0,0.0,10.0,20.0,30.0,40.0,50.0,60.0,70.0
30.0,20.0,10.0,0.0,10.0,20.0,30.0,40.0,50.0,60.0
40.0,30.0,20.0,10.0,0.0,10.0,20.0,30.0,40.0,50.0
50.0,40.0,30.0,20.0,10.0,0.0,10.0,20.0,30.0,40.0
60.0,50.0,40.0,30.0,20.0,10.0,0.0,10.0,20.0,30.0
70.0,60.0,50.0,40.0,30.0,20.0,10.0,0.0,10.0,20.0
80.0,70.0,60.0,50.0,40.0,30.0,20.0,10.0,0.0,10.0
90.0,80.0,70.0,60.0,50.0,40.0,30.0,20.0,10.0,0.0
450.0,400.0,350.0,300.0,250.0,250.0,300.0,350.0,400.0,450.0
0.0,1.0,2.0,3.0,4.0,5.0,6.0,7.0,8.0,9.0
1.0,0.0,1.0,2.0,3.0,4.0,5.0,6.0,7.0,8.0
2.0,1.0,0.0,1.0,2.0,3.0,4.0,5.0,6.0,7.0
3.0,2.0,1.0,0.0,1.0,2.0,3.0,4.0,5.0,6.0
4.0,3.0,2.0,1.0,0.0,1.0,2.0,3.0,4.0,5.0
5.0,4.0,3.0,2.0,1.0,0.0,1.0,2.0,3.0,4.0
6.0,5.0,4.0,3.0,2.0,1.0,0.0,1.0,2.0,3.0
7.0,6.0,5.0,4.0,3.0,2.0,1.0,0.0,1.0,2.0
8.0,7.0,6.0,5.0,4.0,3.0,2.0,1.0,0.0,1.0
9.0,8.0,7.0,6.0,5.0,4.0,3.0,2.0,1.0,0.0
45.0,40.0,35.0,30.0,25.0,25.0,30.0,35.0,40.0,45.0
22.0,25.0,29.0,27.0,28.0,28.0,29.0,27.0,26.0,16.0,24.0,20.0,22.0,28.0,18.0,25.0,16.0,32.0,26.0,28.0,31.0,31.0,26.0,31.0,27.0,26.0,39.0,28.0,24.0,23.0,33.0,31.0,29.0,33.0,22.0,25.0,21.0,29.0,20.0,28.0,21.0,33.0,32.0,22.0,21.0,28.0,28.0,30.0,25.0,23.0
43.0,34.0,19.0,38.0,31.0,34.0,40.0,36.0,29.0,48.0,29.0,31.0,31.0,27.0,27.0,38.0,31.0,33.0,42.0,34.0,28.0,26.0,39.0,36.0,26.0,33.0,33.0,27.0,32.0,28.0,36.0,34.0,29.0,37.0,22.0,25.0,27.0,30.0,17.0,30.0,30.0,35.0,26.0,38.0,33.0,35.0,38.0,25.0,34.0,37.0
38.0,28.0,20.0,29.0,42.0,43.0,25.0,43.0,32.0,38.0,23.0,43.0,56.0,41.0,28.0,36.0,46.0,24.0,34.0,43.0,26.0,37.0,33.0,35.0,34.0,44.0,29.0,25.0,34.0,30.0,29.0,40.0,39.0,42.0,31.0,36.0,34.0,22.0,35.0,29.0,36.0,32.0,32.0,33.0,37.0,29.0,32.0,36.0,37.0,29.0
20.0,21.0,27.0,33.0,25.0,29.0,26.0,21.0,25.0,22.0,20.0,33.0,32.0,21.0,21.0,30.0,36.0,32.0,27.0,28.0,26.0,24.0,27.0,26.0,30.0,23.0,36.0,24.0,21.0,34.0,31.0,40.0,12.0,33.0,29.0,33.0,26.0,35.0,31.0,27.0,43.0,30.0,31.0,28.0,23.0,28.0,30.0,29.0,32.0,27.0
13.0,26.0,20.0,35.0,31.0,24.0,26.0,31.0,31.0,22.0,22.0,21.0,32.0,20.0,23.0,21.0,32.0,25.0,24.0,28.0,28.0,31.0,23.0,24.0,39.0,27.0,20.0,32.0,25.0,24.0,32.0,25.0,26.0,26.0,36.0,27.0,23.0,29.0,25.0,21.0,28.0,23.0,26.0,23.0,26.0,31.0,29.0,33.0,30.0,33.0
23.0,23.0,14.0,24.0,28.0,23.0,30.0,18.0,20.0,26.0,12.0,32.0,23.0,30.0,16.0,32.0,22.0,22.0,21.0,16.0,26.0,24.0,20.0,25.0,29.0,19.0,25.0,32.0,30.0,25.0,21.0,20.0,18.0,32.0,20.0,22.0,21.0,23.0,29.0,14.0,21.0,19.0,27.0,21.0,21.0,19.0,28.0,19.0,33.0,30.0
25.0,21.0,28.0,24.0,31.0,19.0,27.0,18.0,36.0,29.0,25.0,25.0,30.0,20.0,17.0,30.0,19.0,23.0,31.0,21.0,21.0,28.0,31.0,26.0,15.0,20.0,26.0,24.0,18.0,34.0,33.0,24.0,24.0,21.0,24.0,21.0,23.0,27.0,18.0,22.0,20.0,35.0,22.0,23.0,28.0,37.0,29.0,33.0,23.0,21.0
37.0,36.0,24.0,41.0,28.0,24.0,39.0,40.0,37.0,39.0,41.0,27.0,35.0,32.0,32.0,36.0,21.0,34.0,29.0,29.0,36.0,36.0,36.0,37.0,40.0,36.0,30.0,37.0,25.0,41.0,36.0,50.0,28.0,28.0,29.0,38.0,26.0,37.0,31.0,27.0,39.0,32.0,40.0,33.0,36.0,33.0,34.0,38.0,35.0,35.0
34.0,34.0,30.0,39.0,37.0,29.0,38.0,36.0,29.0,35.0,26.0,27.0,32.0,35.0,47.0,34.0,41.0,29.0,38.0,27.0,31.0,39.0,23.0,37.0,43.0,34.0,31.0,34.0,40.0,35.0,31.0,37.0,36.0,22.0,33.0,23.0,28.0,35.0,36.0,49.0,34.0,35.0,39.0,37.0,33.0,33.0,35.0,27.0,42.0,42.0
27.0,20.0,28.0,24.0,25.0,23.0,30.0,29.0,28.0,23.0,26.0,28.0,36.0,26.0,30.0,28.0,27.0,33.0,33.0,30.0,24.0,25.0,34.0,31.0,28.0,24.0,29.0,35.0,28.0,31.0,20.0,23.0,32.0,29.0,34.0,21.0,28.0,27.0,33.0,25.0,21.0,30.0,27.0,28.0,24.0,35.0,24.0,28.0,34.0,40.0
