10,50,1000
18.961691,17.397453,15.711924,17.62964,19.243542,15.343621,16.625065,17.760543,15.90753,16.741685
6.317368,9.743464,9.92607,5.425957,5.460874,6.062529,6.687507,7.210836,6.823162,9.745995
0.0,10.0,20.0,30.0,40.0,50.0,60.0,70.0,80.0,90.0
10.0,0.0,10.0,20.0,30.0,40.0,50.0,60.0,70.0,80.0
20.0,10.0,0.0,10.0,20.0,30.0,40.0,50.0,60.0,70.0
30.0,20.0,10.0,0.0,10.0,20.0,30.0,40.0,50.0,60.0
40.0,30.0,20.0,10.0,0.0,10.0,20.0,30.0,40.0,50.0
50.0,40.0,30.0,20.0,10.0,0.0,10.0,20.0,30.0,40.0
60.0,50.0,40.0,30.0,20.0,10.0,0.0,10.0,20.0,30.0
70.0,60.0,50.0,40.0,30.0,20.0,10.0,0.0,10.0,20.0
80.0,70.0,60.0,50.0,40.0,30.0,20.0,10.0,0.0,10.0
90.0,80.0,70.0,60.0,50.0,40.0,30.0,20.0,10.0,0.0
450.0,400.0,350.0,300.0,250.0,250.0,300.0,350.0,400.0,450.0
0.0,1.0,2.0,3.0,4.0,5.0,6.0,7.0,8.0,9.0
1.0,0.0,1.0,2.0,3.0,4.0,5.0,6.0,7.0,8.0
2.0,1.0,0.0,1.0,2.0,3.0,4.0,5.0,6.0,7.0
3.0,2.0,1.0,0.0,1.0,2.0,3.0,4.0,5.0,6.0
4.0,3.0,2.0,1.0,0.0,1.0,2.0,3.0,4.0,5.0
5.0,4.0,3.0,2.0,1.0,0.0,1.0,2.0,3.0,4.0
6.0,5.0,4.0,3.0,2.0,1.0,0.0,1.0,2.0,3.0
7.0,6.0,5.0,4.0,3.0,2.0,1.0,0.0,1.0,2.0
8.0,7.0,6.0,5.0,4.0,3.0,2.0,1.0,0.0,1.0
9.0,8.0,7.0,6.0,5.0,4.0,3.0,2.0,1.0,0.0
45.0,40.0,35.0,30.0,25.0,25.0,30.0,35.0,40.0,45.0
20.0,23.0,28.0,12.0,25.0,24.0,41.0,23.0,25.0,23.0,21.0,22.0,21.0,21.0,20.0,24.0,19.0,27.0,15.0,18.0,29.0,25.0,31.0,19.0,21.0,15.0,30.0,25.0,18.0,27.0,33.0,27.0,34.0,37.0,25.0,20.0,25.0,25.0,28.0,34.0,25.0,23.0,29.0,29.0,34.0,28.0,21.0,23.0,33.0,31.0
33.0,36.0,34.0,40.0,38.0,36.0,28.0,39.0,28.0,43.0,31.0,37.0,34.0,47.0,41.0,31.0,33.0,33.0,40.0,26.0,37.0,32.0,48.0,31.0,32.0,31.0,37.0,34.0,35.0,46.0,34.0,40.0,37.0,32.0,34.0,37.0,31.0,44.0,40.0,44.0,34.0,37.0,33.0,40.0,33.0,30.0,38.0,25.0,38.0,35.0
29.0,40.0,47.0,31.0,33.0,37.0,28.0,51.0,39.0,38.0,39.0,32.0,32.0,31.0,42.0,33.0,37.0,43.0,32.0,39.0,36.0,34.0,35.0,38.0,33.0,33.0,40.0,38.0,29.0,37.0,41.0,32.0,32.0,35.0,33.0,37.0,39.0,32.0,42.0,41.0,42.0,50.0,33.0,28.0,26.0,35.0,31.0,47.0,35.0,32.0
19.0,30.0,18.0,17.0,24.0,19.0,27.0,21.0,19.0,26.0,32.0,31.0,15.0,37.0,21.0,28.0,26.0,17.0,14.0,21.0,19.0,17.0,21.0,17.0,26.0,26.0,14.0,23.0,14.0,14.0,19.0,27.0,23.0,21.0,28.0,29.0,16.0,17.0,22.0,24.0,25.0,21.0,16.0,18.0,23.0,18.0,28.0,21.0,22.0,22.0
22.0,22.0,28.0,22.0,31.0,28.0,21.0,23.0,20.0,27.0,24.0,22.0,28.0,17.0,16.0,20.0,22.0,24.0,13.0,28.0,21.0,17.0,17.0,27.0,27.0,20.0,21.0,18.0,30.0,15.0,29.0,19.0,24.0,32.0,24.0,27.0,17.0,17.0,17.0,25.0,28.0,18.0,24.0,25.0,21.0,21.0,24.0,22.0,26.0,26.0
31.0,13.0,23.0,28.0,25.0,26.0,25.0,20.0,29.0,15.0,26.0,24.0,19.0,27.0,25.0,21.0,27.0,26.0,25.0,23.0,25.0,26.0,21.0,28.0,22.0,22.0,25.0,19.0,24.0,24.0,25.0,20.0,26.0,14.0,23.0,26.0,22.0,18.0,20.0,17.0,26.0,22.0,20.0,27.0,20.0,26.0,35.0,20.0,27.0,25.0
31.0,23.0,23.0,30.0,23.0,31.0,24.0,21.0,19.0,25.0,25.0,22.0,26.0,22.0,20.0,26.0,23.0,26.0,26.0,32.0,36.0,33.0,22.0,32.0,22.0,25.0,32.0,37.0,25.0,25.0,36.0,29.0,25.0,27.0,31.0,18.0,24.0,21.0,31.0,31.0,23.0,26.0,25.0,29.0,24.0,16.0,18.0,21.0,30.0,29.0
23.0,26.0,25.0,27.0,31.0,36.0,26.0,22.0,29.0,37.0,20.0,22.0,28.0,23.0,22.0,29.0,30.0,17.0,23.0,23.0,24.0,22.0,32.0,24.0,30.0,30.0,20.0,25.0,30.0,35.0,15.0,26.0,33.0,41.0,34.0,38.0,25.0,31.0,28.0,22.0,27.0,27.0,31.0,24.0,25.0,36.0,29.0,25.0,28.0,25.0
26.0,25.0,20.0,25.0,32.0,24.0,22.0,32.0,23.0,34.0,25.0,27.0,23.0,21.0,28.0,29.0,17.0,32.0,24.0,24.0,22.0,25.0,25.0,29.0,24.0,23.0,24.0,36.0,34.0,20.0,17.0,32.0,27.0,23.0,33.0,21.0,27.0,28.0,26.0,31.0,13.0,18.0,25.0,24.0,23.0,23.0,30.0,27.0,30.0,21.0
25.0,36.0,41.0,31.0,48.0,32.0,44.0,38.0,25.0,40.0,34.0,36.0,34.0,38.0,44.0,27.0,42.0,47.0,39.0,33.0,40.0,30.0,35.0,34.0,40.0,49.0,37.0,30.0,34.0,32.0,36.0,40.0,36.0,31.0,29.0,38.0,51.0,44.0,30.0,40.0,33.0,34.0,32.0,39.0,45.0,34.0,37.0,32.0,35.0,35.0
