10,50,1000
16.371805,15.577717,17.298634,16.844646,18.681308,18.814551,18.731077,17.348984,16.978087,15.287104
6.931228,5.841449,5.117807,6.118003,7.266585,8.327073,5.838706,7.861357,9.380909,9.569342
0.0,10.0,20.0,30.0,40.0,50.0,60.0,70.0,80.0,90.0
10.0,0.0,10.0,20.0,30.0,40.0,50.0,60.0,70.0,80.0
20.0,10.0,0.0,10.0,20.0,30.0,40.0,50.0,60.0,70.0
30.0,20.0,10.0,0.0,10.0,20.0,30.0,40.0,50.0,60.0
40.0,30.0,20.0,10.0,0.0,10.0,20.0,30.0,40.0,50.0
50.0,40.0,30.0,20.0,10.0,0.0,10.0,20.0,30.0,40.0
60.0,50.0,40.0,30.0,20.0,10.0,0.0,10.0,20.0,30.0
70.0,60.0,50.0,40.0,30.0,20.0,10.0,0.0,10.0,20.0
80.0,70.0,60.0,50.0,40.0,30.0,20.0,10.0,0.0,10.0
90.0,80.0,70.0,60.0,50.0,40.0,30.0,20.0,10.0,0.0
450.0,400.0,350.0,300.0,250.0,250.0,300.0,350.0,400.0,450.0
0.0,1.0,2.0,3.0,4.0,5.0,6.0,7.0,8.0,9.0
1.0,0.0,1.0,2.0,3.0,4.0,5.0,6.0,7.0,8.0
2.0,1.0,0.0,1.0,2.0,3.0,4.0,5.0,6.0,7.0
3.0,2.0,1.0,0.0,1.0,2.0,3.0,4.0,5.0,6.0
4.0,3.0,2.0,1.0,0.0,1.0,2.0,3.0,4.0,5.0
5.0,4.0,3.0,2.0,1.0,0.0,1.0,2.0,3.0,4.0
6.0,5.0,4.0,3.0,2.0,1.0,0.0,1.0,2.0,3.0
7.0,6.0,5.0,4.0,3.0,2.0,1.0,0.0,1.0,2.0
8.0,7.0,6.0,5.0,4.0,3.0,2.0,1.0,0.0,1.0
9.0,8.0,7.0,6.0,5.0,4.0,3.0,2.0,1.0,0.0
45.0,40.0,35.0,30.0,25.0,25.0,30.0,35.0,40.0,45.0
17.0,20.0,22.0,32.0,24.0,30.0,29.0,30.0,23.0,20.0,31.0,34.0,17.0,30.0,33.0,33.0,37.0,26.0,35.0,16.0,27.0,30.0,18.0,31.0,22.0,21.0,28.0,35.0,32.0,34.0,36.0,25.0,32.0,27.0,29.0,24.0,34.0,24.0,34.0,25.0,28.0,21.0,26.0,31.0,25.0,30.0,34.0,28.0,27.0,31.0
22.0,28.0,28.0,32.0,14.0,29.0,24.0,18.0,23.0,22.0,24.0,18.0,25.0,27.0,22.0,22.0,35.0,21.0,23.0,28.0,17.0,33.0,22.0,20.0,17.0,28.0,20.0,28.0,23.0,19.0,18.0,19.0,20.0,29.0,24.0,30.0,26.0,23.0,17.0,22.0,22.0,18.0,23.0,20.0,31.0,32.0,21.0,15.0,21.0,27.0
14.0,16.0,17.0,21.0,23.0,20.0,31.0,16.0,19.0,23.0,27.0,22.0,18.0,24.0,20.0,21.0,20.0,17.0,23.0,26.0,23.0,19.0,24.0,19.0,14.0,20.0,19.0,19.0,25.0,19.0,23.0,21.0,22.0,24.0,29.0,17.0,23.0,17.0,18.0,25.0,23.0,21.0,23.0,16.0,23.0,18.0,21.0,22.0,17.0,22.0
19.0,26.0,22.0,26.0,20.0,30.0,19.0,33.0,25.0,20.0,27.0,17.0,30.0,16.0,19.0,18.0,25.0,32.0,30.0,29.0,25.0,26.0,25.0,25.0,23.0,28.0,21.0,19.0,12.0,30.0,17.0,20.0,22.0,28.0,24.0,22.0,16.0,20.0,26.0,24.0,27.0,28.0,27.0,20.0,24.0,22.0,23.0,25.0,27.0,20.0
28.0,33.0,21.0,35.0,34.0,31.0,34.0,34.0,23.0,22.0,34.0,31.0,22.0,31.0,31.0,33.0,21.0,33.0,31.0,25.0,32.0,17.0,19.0,24.0,19.0,34.0,26.0,31.0,32.0,29.0,31.0,36.0,28.0,25.0,27.0,27.0,28.0,23.0,30.0,23.0,27.0,23.0,26.0,30.0,33.0,29.0,34.0,32.0,24.0,31.0
31.0,49.0,37.0,38.0,34.0,27.0,37.0,35.0,32.0,38.0,24.0,30.0,37.0,27.0,30.0,29.0,38.0,32.0,26.0,23.0,40.0,25.0,33.0,32.0,23.0,27.0,37.0,35.0,24.0,29.0,31.0,36.0,31.0,30.0,25.0,28.0,26.0,32.0,37.0,24.0,39.0,37.0,35.0,37.0,29.0,35.0,27.0,27.0,38.0,38.0
27.0,20.0,21.0,28.0,26.0,11.0,24.0,30.0,24.0,17.0,28.0,17.0,27.0,22.0,15.0,23.0,15.0,20.0,29.0,34.0,19.0,23.0,23.0,20.0,29.0,26.0,17.0,18.0,16.0,26.0,24.0,32.0,24.0,27.0,19.0,17.0,16.0,25.0,28.0,23.0,22.0,19.0,31.0,19.0,28.0,25.0,26.0,11.0,22.0,24.0
30.0,33.0,35.0,21.0,32.0,26.0,32.0,37.0,26.0,26.0,27.0,26.0,25.0,37.0,33.0,30.0,33.0,37.0,19.0,28.0,28.0,25.0,30.0,28.0,22.0,22.0,32.0,29.0,34.0,32.0,33.0,23.0,34.0,27.0,29.0,34.0,27.0,37.0,41.0,31.0,22.0,27.0,30.0,26.0,25.0,30.0,17.0,25.0,28.0,27.0
37.0,30.0,44.0,41.0,33.0,26.0,34.0,26.0,37.0,30.0,43.0,36.0,44.0,35.0,37.0,30.0,39.0,39.0,44.0,30.0,41.0,30.0,24.0,25.0,31.0,28.0,38.0,29.0,36.0,29.0,34.0,43.0,30.0,37.0,34.0,36.0,43.0,34.0,41.0,34.0,36.0,32.0,43.0,40.0,40.0,26.0,29.0,26.0,24.0,33.0
36.0,38.0,46.0,31.0,36.0,32.0,32.0,41.0,38.0,37.0,35.0,40.0,34.0,40.0,34.0,31.0,37.0,37.0,39.0,40.0,42.0,39.0,31.0,34.0,32.0,42.0,38.0,37.0,34.0,42.0,34.0,30.0,35.0,36.0,38.0,38.0,27.0,29.0,37.0,44.0,35.0,21.0,32.0,28.0,26.0,44.0,30.0,34.0,32.0,38.0
