10,50,1000
18.989028,19.467341,18.56544,17.491307,17.253685,19.791577,17.270155,18.669173,16.336811,16.848542
6.03765,9.926511,9.445683,5.70314,6.820953,5.187121,9.329049,9.788918,6.389324,8.593243
0.0,10.0,20.0,30.0,40.0,50.0,60.0,70.0,80.0,90.0
10.0,0.0,10.0,20.0,30.0,40.0,50.0,60.0,70.0,80.0
20.0,10.0,0.0,10.0,20.0,30.0,40.0,50.0,60.0,70.0
30.0,20.0,10.0,0.0,10.0,20.0,30.0,40.0,50.0,60.0
40.0,30.0,20.0,10.0,0.0,10.0,20.0,30.0,40.0,50.0
50.0,40.0,30.0,20.0,10.0,0.0,10.0,20.0,30.0,40.0
60.0,50.0,40.0,30.0,20.0,10.0,0.0,10.0,20.0,30.0
70.0,60.0,50.0,40.0,30.0,20.0,10.0,0.0,10.0,20.0
80.0,70.0,60.0,50.0,40.0,30.0,20.0,10.0,0.0,10.0
90.0,80.0,70.0,60.0,50.0,40.0,30.0,20.0,10.0,0.0
450.0,400.0,350.0,300.0,250.0,250.0,300.0,350.0,400.0,450.0
0.0,1.0,2.0,3.0,4.0,5.0,6.0,7.0,8.0,9.0
1.0,0.0,1.0,2.0,3.0,4.0,5.0,6.0,7.0,8.0
2.0,1.0,0.0,1.0,2.0,3.0,4.0,5.0,6.0,7.0
3.0,2.0,1.0,0.0,1.0,2.0,3.0,4.0,5.0,6.0
4.0,3.0,2.0,1.0,0.0,1.0,2.0,3.0,4.0,5.0
5.0,4.0,3.0,2.0,1.0,0.0,1.0,2.0,3.0,4.0
6.0,5.0,4.0,3.0,2.0,1.0,0.0,1.0,2.0,3.0
7.0,6.0,5.0,4.0,3.0,2.0,1.0,0.0,1.0,2.0
8.0,7.0,6.0,5.0,4.0,3.0,2.0,1.0,0.0,1.0
9.0,8.0,7.0,6.0,5.0,4.0,3.0,2.0,1.0,0.0
45.0,40.0,35.0,30.0,25.0,25.0,30.0,35.0,40.0,45.0
24.0,25.0,24.0,18.0,24.0,30.0,33.0,35.0,26.0,34.0,22.0,25.0,16.0,27.0,31.0,28.0,27.0,29.0,20.0,41.0,21.0,26.0,28.0,25.0,25.0,26.0,23.0,18.0,23.0,26.0,18.0,17.0,18.0,28.0,26.0,19.0,33.0,22.0,32.0,24.0,26.0,24.0,30.0,29.0,35.0,24.0,23.0,30.0,22.0,24.0
32.0,35.0,41.0,39.0,35.0,27.0,26.0,35.0,37.0,36.0,35.0,41.0,49.0,32.0,39.0,41.0,38.0,40.0,40.0,27.0,32.0,35.0,36.0,30.0,43.0,32.0,35.0,36.0,35.0,31.0,34.0,45.0,22.0,35.0,36.0,27.0,46.0,37.0,35.0,44.0,33.0,33.0,44.0,39.0,28.0,34.0,38.0,46.0,54.0,41.0
36.0,32.0,27.0,55.0,37.0,32.0,36.0,34.0,40.0,42.0,41.0,39.0,25.0,46.0,44.0,29.0,31.0,22.0,30.0,40.0,43.0,43.0,37.0,41.0,31.0,33.0,32.0,29.0,36.0,40.0,39.0,39.0,30.0,34.0,36.0,40.0,37.0,43.0,42.0,33.0,36.0,48.0,43.0,34.0,26.0,45.0,45.0,38.0,25.0,31.0
30.0,18.0,23.0,27.0,21.0,23.0,18.0,25.0,23.0,33.0,20.0,26.0,26.0,21.0,23.0,29.0,23.0,21.0,22.0,26.0,21.0,18.0,27.0,22.0,11.0,22.0,20.0,24.0,19.0,30.0,20.0,26.0,24.0,29.0,18.0,21.0,23.0,21.0,29.0,29.0,21.0,21.0,18.0,21.0,29.0,18.0,17.0,21.0,26.0,18.0
34.0,25.0,24.0,26.0,29.0,29.0,21.0,25.0,25.0,22.0,30.0,24.0,28.0,20.0,30.0,22.0,29.0,32.0,21.0,27.0,21.0,24.0,27.0,31.0,23.0,25.0,36.0,29.0,27.0,22.0,30.0,23.0,29.0,27.0,34.0,28.0,33.0,35.0,23.0,25.0,25.0,29.0,28.0,29.0,25.0,29.0,31.0,27.0,34.0,26.0
25.0,17.0,23.0,17.0,19.0,30.0,25.0,16.0,23.0,24.0,26.0,28.0,17.0,14.0,13.0,25.0,29.0,33.0,18.0,19.0,18.0,18.0,20.0,26.0,20.0,21.0,25.0,28.0,15.0,22.0,20.0,29.0,28.0,19.0,23.0,22.0,14.0,24.0,10.0,23.0,20.0,21.0,29.0,19.0,25.0,23.0,31.0,20.0,25.0,21.0
44.0,35.0,39.0,31.0,34.0,36.0,32.0,31.0,35.0,40.0,28.0,40.0,41.0,32.0,39.0,48.0,40.0,34.0,32.0,24.0,26.0,30.0,35.0,32.0,60.0,32.0,28.0,34.0,42.0,36.0,32.0,32.0,39.0,27.0,35.0,37.0,27.0,39.0,35.0,36.0,34.0,31.0,40.0,30.0,35.0,34.0,38.0,34.0,38.0,36.0
32.0,35.0,49.0,36.0,30.0,42.0,41.0,32.0,36.0,34.0,40.0,30.0,44.0,35.0,32.0,26.0,38.0,37.0,34.0,28.0,38.0,36.0,31.0,36.0,37.0,38.0,42.0,32.0,28.0,37.0,29.0,28.0,37.0,43.0,23.0,32.0,32.0,41.0,23.0,42.0,48.0,41.0,35.0,28.0,35.0,30.0,43.0,30.0,28.0,45.0
28.0,32.0,22.0,17.0,19.0,23.0,22.0,35.0,23.0,24.0,30.0,25.0,26.0,30.0,23.0,25.0,28.0,25.0,16.0,27.0,24.0,18.0,23.0,24.0,30.0,21.0,33.0,26.0,24.0,32.0,25.0,22.0,23.0,24.0,28.0,20.0,17.0,29.0,24.0,25.0,22.0,31.0,27.0,24.0,18.0,25.0,20.0,28.0,30.0,23.0
33.0,27.0,34.0,34.0,40.0,23.0,26.0,27.0,37.0,34.0,35.0,30.0,25.0,19.0,38.0,30.0,35.0,34.0,34.0,35.0,42.0,36.0,38.0,29.0,30.0,23.0,30.0,27.0,23.0,26.0,26.0,37.0,27.0,31.0,40.0,38.0,37.0,30.0,23.0,32.0,31.0,36.0,28.0,32.0,38.0,37.0,38.0,35.0,29.0,37.0
