10,50,1000
17.303779,15.238087,16.047249,16.392934,18.008565,16.250623,15.412414,19.893558,19.567466,19.13151
5.228398,7.149917,7.367426,9.665462,7.977159,5.620513,6.784972,9.958207,7.974203,8.384306
0.0,10.0,20.0,30.0,40.0,50.0,60.0,70.0,80.0,90.0
10.0,0.0,10.0,20.0,30.0,40.0,50.0,60.0,70.0,80.0
20.0,10.0,0.0,10.0,20.0,30.0,40.0,50.0,60.0,70.0
30.0,20.0,10.0,0.0,10.0,20.0,30.0,40.0,50.0,60.0
40.0,30.0,20.0,10.0,0.0,10.0,20.0,30.0,40.0,50.0
50.0,40.0,30.0,20.0,10.0,0.0,10.0,20.0,30.0,40.0
60.0,50.0,40.0,30.0,20.0,10.0,0.0,10.0,20.0,30.0
70.0,60.0,50.0,40.0,30.0,20.0,10.0,0.0,10.0,20.0
80.0,70.0,60.0,50.0,40.0,30.0,20.0,10.0,0.0,10.0
90.0,80.0,70.0,60.0,50.0,40.0,30.0,20.0,10.0,0.0
450.0,400.0,350.0,300.0,250.0,250.0,300.0,350.0,400.0,450.0
0.0,1.0,2.0,3.0,4.0,5.0,6.0,7.0,8.0,9.0
1.0,0.0,1.0,2.0,3.0,4.0,5.0,6.0,7.0,8.0
2.0,1.0,0.0,1.0,2.0,3.0,4.0,5.0,6.0,7.0
3.0,2.0,1.0,0.0,1.0,2.0,3.0,4.0,5.0,6.0
4.0,3.0,2.0,1.0,0.0,1.0,2.0,3.0,4.0,5.0
5.0,4.0,3.0,2.0,1.0,0.0,1.0,2.0,3.0,4.0
6.0,5.0,4.0,3.0,2.0,1.0,0.0,1.0,2.0,3.0
7.0,6.0,5.0,4.0,3.0,2.0,1.0,0.0,1.0,2.0
8.0,7.0,6.0,5.0,4.0,3.0,2.0,1.0,0.0,1.0
9.0,8.0,7.0,6.0,5.0,4.0,3.0,2.0,1.0,0.0
45.0,40.0,35.0,30.0,25.0,25.0,30.0,35.0,40.0,45.0
25.0,24.0,22.0,27.0,20.0,18.0,21.0,19.0,23.0,25.0,21.0,23.0,24.0,24.0,27.0,18.0,27.0,20.0,26.0,24.0,19.0,19.0,16.0,27.0,17.0,18.0,23.0,21.0,25.0,16.0,26.0,26.0,16.0,23.0,18.0,23.0,19.0,22.0,17.0,17.0,12.0,16.0,18.0,24.0,17.0,30.0,23.0,17.0,23.0,19.0
30.0,24.0,32.0,24.0,26.0,29.0,37.0,31.0,15.0,23.0,17.0,23.0,26.0,36.0,29.0,36.0,26.0,25.0,25.0,22.0,22.0,34.0,22.0,30.0,23.0,30.0,35.0,32.0,27.0,29.0,25.0,21.0,27.0,29.0,28.0,32.0,38.0,31.0,19.0,26.0,28.0,31.0,30.0,33.0,22.0,38.0,32.0,21.0,20.0,22.0
28.0,17.0,20.0,27.0,27.0,30.0,33.0,29.0,26.0,26.0,26.0,21.0,25.0,14.0,31.0,26.0,28.0,20.0,24.0,23.0,33.0,17.0,27.0,21.0,28.0,34.0,29.0,24.0,30.0,24.0,24.0,33.0,26.0,30.0,36.0,22.0,27.0,24.0,26.0,29.0,28.0,30.0,20.0,35.0,36.0,17.0,26.0,29.0,28.0,33.0
33.0,41.0,51.0,42.0,46.0,42.0,27.0,34.0,50.0,31.0,36.0,29.0,25.0,24.0,34.0,40.0,32.0,35.0,34.0,35.0,31.0,42.0,38.0,37.0,43.0,26.0,34.0,36.0,34.0,26.0,32.0,26.0,34.0,38.0,26.0,44.0,37.0,39.0,31.0,32.0,28.0,46.0,42.0,34.0,33.0,27.0,28.0,37.0,45.0,35.0
27.0,28.0,24.0,23.0,27.0,24.0,28.0,28.0,26.0,42.0,30.0,33.0,27.0,27.0,31.0,22.0,28.0,22.0,18.0,43.0,40.0,34.0,28.0,32.0,23.0,36.0,21.0,31.0,31.0,23.0,26.0,36.0,32.0,20.0,37.0,44.0,28.0,33.0,28.0,36.0,39.0,19.0,31.0,25.0,21.0,22.0,28.0,26.0,26.0,24.0
25.0,19.0,14.0,23.0,26.0,23.0,21.0,21.0,19.0,17.0,28.0,20.0,23.0,24.0,27.0,24.0,25.0,15.0,22.0,22.0,23.0,16.0,22.0,13.0,26.0,27.0,20.0,22.0,28.0,19.0,22.0,24.0,22.0,28.0,23.0,21.0,23.0,21.0,19.0,19.0,20.0,17.0,20.0,22.0,23.0,26.0,19.0,24.0,24.0,21.0
35.0,24.0,15.0,27.0,26.0,26.0,31.0,25.0,31.0,21.0,24.0,22.0,32.0,33.0,31.0,24.0,19.0,25.0,29.0,19.0,21.0,18.0,23.0,25.0,20.0,13.0,19.0,28.0,29.0,34.0,33.0,27.0,30.0,25.0,22.0,29.0,30.0,35.0,26.0,24.0,26.0,25.0,37.0,28.0,21.0,28.0,30.0,17.0,19.0,23.0
50.0,32.0,15.0,26.0,37.0,35.0,35.0,32.0,39.0,45.0,41.0,41.0,40.0,51.0,45.0,45.0,32.0,34.0,34.0,50.0,40.0,35.0,31.0,36.0,40.0,36.0,38.0,41.0,34.0,32.0,39.0,35.0,49.0,32.0,37.0,32.0,29.0,41.0,34.0,40.0,43.0,45.0,36.0,39.0,31.0,41.0,52.0,34.0,46.0,37.0
33.0,22.0,35.0,21.0,37.0,20.0,30.0,36.0,33.0,30.0,29.0,35.0,36.0,39.0,41.0,38.0,32.0,36.0,28.0,26.0,39.0,29.0,36.0,24.0,32.0,28.0,35.0,28.0,40.0,20.0,32.0,34.0,31.0,31.0,20.0,32.0,34.0,30.0,41.0,26.0,30.0,24.0,30.0,31.0,39.0,33.0,32.0,27.0,27.0,26.0
28.0,29.0,28.0,38.0,34.0,20.0,35.0,24.0,42.0,28.0,43.0,34.0,26.0,34.0,34.0,40.0,39.0,26.0,29.0,25.0,28.0,26.0,34.0,23.0,23.0,30.0,41.0,31.0,35.0,34.0,25.0,34.0,34.0,36.0,32.0,37.0,32.0,32.0,32.0,36.0,32.0,39.0,42.0,32.0,35.0,33.0,30.0,36.0,39.0,27.0
