10,50,1000
17.594765,18.579183,19.711163,15.871033,19.065574,18.264868,16.896974,19.996552,18.914524,16.098781
6.514772,6.368689,5.726117,8.5117,5.942361,9.726438,5.783766,9.970989,7.826157,8.8187
0.0,10.0,20.0,30.0,40.0,50.0,60.0,70.0,80.0,90.0
10.0,0.0,10.0,20.0,30.0,40.0,50.0,60.0,70.0,80.0
20.0,10.0,0.0,10.0,20.0,30.0,40.0,50.0,60.0,70.0
30.0,20.0,10.0,0.0,10.0,20.0,30.0,40.0,50.0,60.0
40.0,30.0,20.0,10.0,0.0,10.0,20.0,30.0,40.0,50.0
50.0,40.0,30.0,20.0,10.0,0.0,10.0,20.0,30.0,40.0
60.0,50.0,40.0,30.0,20.0,10.0,0.0,10.0,20.0,30.0
70.0,60.0,50.0,40.0,30.0,20.0,10.0,0.0,10.0,20.0
80.0,70.0,60.0,50.0,40.0,30.0,20.0,10.0,0.0,10.0
90.0,80.0,70.0,60.0,50.0,40.0,30.0,20.0,10.0,0.0
450.0,400.0,350.0,300.0,250.0,250.0,300.0,350.0,400.0,450.0
0.0,1.0,2.0,3.0,4.0,5.0,6.0,7.0,8.0,9.0
1.0,0.0,1.0,2.0,3.0,4.0,5.0,6.0,7.0,8.0
2.0,1.0,0.0,1.0,2.0,3.0,4.0,5.0,6.0,7.0
3.0,2.0,1.0,0.0,1.0,2.0,3.0,4.0,5.0,6.0
4.0,3.0,2.0,1.0,0.0,1.0,2.0,3.0,4.0,5.0
5.0,4.0,3.0,2.0,1.0,0.0,1.0,2.0,3.0,4.0
6.0,5.0,4.0,3.0,2.0,1.0,0.0,1.0,2.0,3.0
7.0,6.0,5.0,4.0,3.0,2.0,1.0,0.0,1.0,2.0
8.0,7.0,6.0,5.0,4.0,3.0,2.0,1.0,0.0,1.0
9.0,8.0,7.0,6.0,5.0,4.0,3.0,2.0,1.0,0.0
45.0,40.0,35.0,30.0,25.0,25.0,30.0,35.0,40.0,45.0
33.0,33.0,26.0,26.0,26.0,22.0,23.0,22.0,24.0,28.0,38.0,36.0,32.0,19.0,29.0,36.0,26.0,16.0,29.0,23.0,37.0,21.0,33.0,35.0,29.0,23.0,26.0,22.0,24.0,27.0,33.0,25.0,24.0,27.0,24.0,22.0,35.0,27.0,29.0,14.0,24.0,31.0,23.0,28.0,27.0,21.0,24.0,25.0,27.0,26.0
29.0,25.0,12.0,18.0,18.0,26.0,21.0,29.0,22.0,21.0,29.0,30.0,24.0,28.0,25.0,26.0,27.0,32.0,26.0,31.0,30.0,30.0,29.0,18.0,38.0,24.0,30.0,28.0,31.0,18.0,28.0,25.0,23.0,31.0,31.0,29.0,33.0,28.0,21.0,30.0,21.0,27.0,24.0,27.0,31.0,34.0,28.0,29.0,24.0,29.0
29.0,19.0,18.0,19.0,27.0,24.0,32.0,30.0,15.0,28.0,15.0,17.0,22.0,17.0,20.0,19.0,28.0,22.0,23.0,24.0,25.0,23.0,18.0,23.0,16.0,27.0,21.0,23.0,28.0,21.0,25.0,22.0,16.0,22.0,23.0,29.0,32.0,18.0,26.0,21.0,21.0,27.0,26.0,22.0,19.0,26.0,24.0,29.0,18.0,22.0
34.0,31.0,25.0,23.0,31.0,20.0,29.0,30.0,32.0,31.0,27.0,38.0,35.0,32.0,22.0,38.0,32.0,24.0,27.0,31.0,33.0,36.0,35.0,24.0,38.0,31.0,40.0,29.0,26.0,23.0,36.0,21.0,30.0,32.0,35.0,29.0,34.0,47.0,35.0,32.0,30.0,29.0,24.0,29.0,24.0,31.0,34.0,24.0,25.0,30.0
23.0,15.0,15.0,30.0,24.0,26.0,24.0,20.0,18.0,25.0,19.0,24.0,17.0,18.0,25.0,35.0,22.0,23.0,21.0,27.0,27.0,32.0,21.0,22.0,18.0,30.0,27.0,23.0,35.0,20.0,24.0,35.0,31.0,29.0,19.0,27.0,22.0,25.0,17.0,17.0,19.0,19.0,20.0,25.0,26.0,30.0,30.0,25.0,27.0,16.0
40.0,34.0,36.0,43.0,39.0,35.0,44.0,34.0,37.0,34.0,49.0,45.0,30.0,41.0,34.0,41.0,35.0,37.0,40.0,38.0,49.0,43.0,31.0,41.0,40.0,34.0,35.0,36.0,41.0,36.0,42.0,34.0,34.0,43.0,30.0,43.0,36.0,31.0,38.0,29.0,38.0,30.0,30.0,41.0,32.0,40.0,30.0,40.0,28.0,29.0
29.0,25.0,21.0,23.0,22.0,19.0,27.0,15.0,19.0,25.0,32.0,32.0,25.0,23.0,29.0,18.0,29.0,25.0,24.0,13.0,22.0,30.0,18.0,25.0,25.0,25.0,25.0,18.0,25.0,20.0,13.0,32.0,39.0,26.0,22.0,22.0,24.0,33.0,17.0,18.0,25.0,25.0,33.0,24.0,25.0,38.0,32.0,33.0,19.0,22.0
37.0,33.0,29.0,41.0,36.0,33.0,35.0,31.0,39.0,44.0,37.0,37.0,42.0,47.0,43.0,44.0,33.0,37.0,33.0,41.0,36.0,32.0,51.0,31.0,31.0,37.0,31.0,27.0,31.0,39.0,35.0,40.0,51.0,48.0,49.0,38.0,41.0,36.0,35.0,38.0,35.0,35.0,26.0,40.0,39.0,39.0,37.0,36.0,47.0,36.0
18.0,17.0,37.0,33.0,26.0,43.0,31.0,20.0,31.0,37.0,16.0,27.0,35.0,29.0,42.0,29.0,38.0,45.0,40.0,28.0,43.0,29.0,31.0,25.0,34.0,28.0,23.0,27.0,37.0,30.0,31.0,36.0,35.0,36.0,34.0,26.0,30.0,34.0,34.0,31.0,29.0,23.0,33.0,32.0,33.0,24.0,45.0,36.0,27.0,30.0
34.0,26.0,25.0,28.0,24.0,37.0,30.0,42.0,31.0,25.0,30.0,30.0,29.0,34.0,33.0,33.0,42.0,37.0,31.0,27.0,24.0,31.0,22.0,25.0,31.0,36.0,37.0,39.0,32.0,33.0,35.0,33.0,34.0,32.0,20.0,34.0,36.0,37.0,35.0,28.0,26.0,33.0,28.0,35.0,34.0,36.0,28.0,32.0,32.0,22.0
