10,50,1000
18.932348,18.135347,15.722363,16.318485,15.297343,16.396097,18.382279,17.158157,15.168929,16.912022
9.67871,8.047019,9.67241,5.387652,8.108413,5.100479,9.013286,7.32225,9.509134,9.939543
0.0,10.0,20.0,30.0,40.0,50.0,60.0,70.0,80.0,90.0
10.0,0.0,10.0,20.0,30.0,40.0,50.0,60.0,70.0,80.0
20.0,10.0,0.0,10.0,20.0,30.0,40.0,50.0,60.0,70.0
30.0,20.0,10.0,0.0,10.0,20.0,30.0,40.0,50.0,60.0
40.0,30.0,20.0,10.0,0.0,10.0,20.0,30.0,40.0,50.0
50.0,40.0,30.0,20.0,10.0,0.0,10.0,20.0,30.0,40.0
60.0,50.0,40.0,30.0,20.0,10.0,0.0,10.0,20.0,30.0
70.0,60.0,50.0,40.0,30.0,20.0,10.0,0.0,10.0,20.0
80.0,70.0,60.0,50.0,40.0,30.0,20.0,10.0,0.0,10.0
90.0,80.0,70.0,60.0,50.0,40.0,30.0,20.0,10.0,0.0
450.0,400.0,350.0,300.0,250.0,250.0,300.0,350.0,400.0,450.0
0.0,1.0,2.0,3.0,4.0,5.0,6.0,7.0,8.0,9.0
1.0,0.0,1.0,2.0,3.0,4.0,5.0,6.0,7.0,8.0
2.0,1.0,0.0,1.0,2.0,3.0,4.0,5.0,6.0,7.0
3.0,2.0,1.0,0.0,1.0,2.0,3.0,4.0,5.0,6.0
4.0,3.0,2.0,1.0,0.0,1.0,2.0,3.0,4.0,5.0
5.0,4.0,3.0,2.0,1.0,0.0,1.0,2.0,3.0,4.0
6.0,5.0,4.0,3.0,2.0,1.0,0.0,1.0,2.0,3.0
7.0,6.0,5.0,4.0,3.0,2.0,1.0,0.0,1.0,2.0
8.0,7.0,6.0,5.0,4.0,3.0,2.0,1.0,0.0,1.0
9.0,8.0,7.0,6.0,5.0,4.0,3.0,2.0,1.0,0.0
45.0,40.0,35.0,30.0,25.0,25.0,30.0,35.0,40.0,45.0
27.0,25.0,30.0,28.0,40.0,44.0,23.0,40.0,30.0,34.0,35.0,25.0,33.0,31.0,39.0,41.0,39.0,43.0,41.0,37.0,37.0,41.0,24.0,39.0,33.0,42.0,46.0,34.0,35.0,32.0,24.0,37.0,36.0,49.0,32.0,50.0,26.0,25.0,48.0,28.0,34.0,42.0,31.0,36.0,32.0,29.0,29.0,33.0,27.0,25.0
23.0,31.0,20.0,30.0,33.0,30.0,25.0,22.0,19.0,35.0,25.0,29.0,33.0,27.0,16.0,32.0,23.0,38.0,38.0,36.0,26.0,26.0,32.0,32.0,35.0,26.0,34.0,27.0,38.0,32.0,41.0,37.0,32.0,38.0,24.0,28.0,25.0,30.0,40.0,29.0,21.0,37.0,35.0,30.0,35.0,27.0,43.0,37.0,26.0,32.0
24.0,32.0,30.0,41.0,32.0,28.0,29.0,30.0,34.0,39.0,47.0,37.0,38.0,25.0,33.0,39.0,43.0,31.0,33.0,26.0,38.0,35.0,33.0,19.0,30.0,35.0,37.0,35.0,39.0,37.0,31.0,27.0,42.0,29.0,34.0,43.0,46.0,40.0,31.0,24.0,34.0,31.0,41.0,32.0,35.0,34.0,31.0,33.0,41.0,37.0
17.0,32.0,27.0,23.0,27.0,21.0,21.0,22.0,19.0,29.0,22.0,25.0,22.0,19.0,25.0,23.0,16.0,19.0,21.0,24.0,16.0,13.0,27.0,23.0,21.0,28.0,27.0,16.0,19.0,26.0,24.0,23.0,21.0,28.0,18.0,30.0,16.0,28.0,18.0,23.0,19.0,22.0,13.0,20.0,11.0,33.0,29.0,21.0,23.0,24.0
20.0,34.0,23.0,25.0,34.0,31.0,36.0,37.0,33.0,31.0,39.0,31.0,28.0,35.0,24.0,31.0,35.0,39.0,25.0,28.0,26.0,33.0,36.0,35.0,32.0,40.0,33.0,40.0,24.0,24.0,37.0,25.0,27.0,43.0,32.0,34.0,25.0,46.0,36.0,25.0,26.0,33.0,42.0,45.0,26.0,31.0,37.0,29.0,32.0,33.0
19.0,25.0,14.0,20.0,16.0,17.0,16.0,23.0,18.0,30.0,24.0,20.0,16.0,27.0,20.0,18.0,24.0,24.0,29.0,23.0,27.0,17.0,17.0,25.0,28.0,26.0,17.0,20.0,18.0,21.0,25.0,26.0,20.0,13.0,21.0,25.0,27.0,24.0,19.0,22.0,17.0,19.0,22.0,22.0,17.0,30.0,16.0,17.0,19.0,21.0
40.0,39.0,28.0,38.0,37.0,46.0,37.0,36.0,33.0,32.0,37.0,37.0,39.0,34.0,20.0,31.0,37.0,38.0,28.0,44.0,28.0,33.0,35.0,32.0,46.0,31.0,33.0,43.0,39.0,32.0,36.0,22.0,29.0,36.0,26.0,34.0,31.0,33.0,37.0,40.0,39.0,26.0,37.0,45.0,41.0,41.0,48.0,41.0,26.0,27.0
23.0,25.0,36.0,29.0,20.0,30.0,28.0,34.0,33.0,26.0,34.0,32.0,36.0,23.0,21.0,29.0,29.0,27.0,25.0,27.0,39.0,34.0,25.0,23.0,18.0,30.0,29.0,33.0,30.0,25.0,24.0,25.0,33.0,29.0,21.0,22.0,32.0,26.0,25.0,32.0,22.0,21.0,28.0,30.0,26.0,28.0,19.0,30.0,27.0,21.0
37.0,36.0,31.0,27.0,27.0,38.0,35.0,31.0,38.0,35.0,42.0,34.0,24.0,34.0,36.0,43.0,30.0,38.0,34.0,29.0,29.0,42.0,32.0,35.0,33.0,35.0,40.0,30.0,42.0,32.0,31.0,37.0,38.0,34.0,32.0,28.0,32.0,32.0,35.0,38.0,34.0,31.0,31.0,27.0,35.0,28.0,25.0,33.0,36.0,42.0
34.0,27.0,37.0,38.0,28.0,40.0,34.0,37.0,30.0,35.0,41.0,45.0,32.0,44.0,28.0,26.0,34.0,40.0,42.0,31.0,25.0,42.0,33.0,42.0,35.0,30.0,32.0,41.0,37.0,35.0,44.0,32.0,35.0,24.0,47.0,33.0,43.0,39.0,36.0,38.0,34.0,40.0,34.0,32.0,39.0,52.0,36.0,39.0,26.0,50.0
