10,50,1000
19.510522,19.929868,17.81821,18.478085,16.722518,18.355217,16.703197,16.930423,18.235176,15.334994
8.000235,6.396887,8.279049,7.151142,8.134718,5.528331,6.835816,6.98354,7.520133,7.415917
0.0,10.0,20.0,30.0,40.0,50.0,60.0,70.0,80.0,90.0
10.0,0.0,10.0,20.0,30.0,40.0,50.0,60.0,70.0,80.0
20.0,10.0,0.0,10.0,20.0,30.0,40.0,50.0,60.0,70.0
30.0,20.0,10.0,0.0,10.0,20.0,30.0,40.0,50.0,60.0
40.0,30.0,20.0,10.0,0.0,10.0,20.0,30.0,40.0,50.0
50.0,40.0,30.0,20.0,10.0,0.0,10.0,20.0,30.0,40.0
60.0,50.0,40.0,30.0,20.0,10.0,0.0,10.0,20.0,30.0
70.0,60.0,50.0,40.0,30.0,20.0,10.0,0.0,10.0,20.0
80.0,70.0,60.0,50.0,40.0,30.0,20.0,10.0,0.0,10.0
90.0,80.0,70.0,60.0,50.0,40.0,30.0,20.0,10.0,0.0
450.0,400.0,350.0,300.0,250.0,250.0,300.0,350.0,400.0,450.0
0.0,1.0,2.0,3.0,4.0,5.0,6.0,7.0,8.0,9.0
1.0,0.0,1.0,2.0,3.0,4.0,5.0,6.0,7.0,8.0
2.0,1.0,0.0,1.0,2.0,3.0,4.0,5.0,6.0,7.0
3.0,2.0,1.0,0.0,1.0,2.0,3.0,4.0,5.0,6.0
4.0,3.0,2.0,1.0,0.0,1.0,2.0,3.0,4.0,5.0
5.0,4.0,3.0,2.0,1.0,0.0,1.0,2.0,3.0,4.0
6.0,5.0,4.0,3.0,2.0,1.0,0.0,1.0,2.0,3.0
7.0,6.0,5.0,4.0,3.0,2.0,1.0,0.0,1.0,2.0
8.0,7.0,6.0,5.0,4.0,3.0,2.0,1.0,0.0,1.0
9.0,8.0,7.0,6.0,5.0,4.0,3.0,2.0,1.0,0.0
45.0,40.0,35.0,30.0,25.0,25.0,30.0,35.0,40.0,45.0
34.0,30.0,33.0,29.0,30.0,23.0,37.0,25.0,46.0,32.0,33.0,26.0,24.0,34.0,35.0,43.0,36.0,37.0,21.0,33.0,32.0,37.0,28.0,25.0,32.0,25.0,23.0,25.0,25.0,30.0,37.0,26.0,27.0,33.0,24.0,36.0,23.0,29.0,32.0,36.0,36.0,50.0,23.0,24.0,35.0,35.0,24.0,31.0,33.0,35.0
36.0,34.0,26.0,22.0,19.0,19.0,21.0,33.0,25.0,29.0,32.0,21.0,28.0,33.0,30.0,29.0,28.0,18.0,32.0,24.0,20.0,23.0,23.0,24.0,24.0,25.0,24.0,32.0,24.0,27.0,27.0,23.0,30.0,31.0,17.0,33.0,31.0,31.0,13.0,32.0,31.0,31.0,27.0,23.0,24.0,29.0,30.0,34.0,27.0,28.0
30.0,20.0,26.0,34.0,41.0,19.0,27.0,34.0,27.0,31.0,24.0,25.0,29.0,26.0,33.0,22.0,31.0,33.0,33.0,39.0,24.0,26.0,35.0,24.0,29.0,34.0,24.0,29.0,27.0,31.0,34.0,29.0,35.0,32.0,36.0,36.0,27.0,16.0,33.0,33.0,32.0,31.0,37.0,28.0,31.0,37.0,32.0,36.0,28.0,26.0
32.0,22.0,32.0,32.0,20.0,33.0,31.0,25.0,31.0,19.0,34.0,32.0,24.0,31.0,26.0,30.0,25.0,35.0,24.0,25.0,28.0,25.0,30.0,22.0,25.0,29.0,27.0,33.0,27.0,18.0,21.0,38.0,32.0,35.0,38.0,26.0,26.0,36.0,30.0,20.0,22.0,34.0,32.0,26.0,19.0,22.0,26.0,17.0,19.0,28.0
29.0,32.0,31.0,28.0,25.0,32.0,34.0,27.0,25.0,32.0,38.0,27.0,33.0,25.0,30.0,13.0,25.0,36.0,43.0,28.0,34.0,31.0,24.0,28.0,30.0,31.0,31.0,22.0,24.0,31.0,27.0,29.0,24.0,37.0,26.0,20.0,34.0,37.0,39.0,26.0,45.0,33.0,39.0,36.0,39.0,24.0,33.0,30.0,24.0,27.0
18.0,22.0,13.0,23.0,25.0,28.0,30.0,32.0,27.0,37.0,18.0,29.0,17.0,17.0,19.0,25.0,17.0,19.0,19.0,22.0,18.0,30.0,20.0,27.0,24.0,19.0,23.0,28.0,14.0,35.0,23.0,20.0,27.0,21.0,35.0,23.0,22.0,22.0,33.0,16.0,14.0,25.0,17.0,24.0,22.0,27.0,22.0,22.0,20.0,20.0
20.0,32.0,23.0,17.0,26.0,22.0,29.0,32.0,27.0,22.0,23.0,22.0,25.0,37.0,26.0,28.0,26.0,33.0,22.0,30.0,28.0,28.0,32.0,34.0,29.0,31.0,27.0,24.0,26.0,29.0,26.0,25.0,26.0,26.0,25.0,23.0,35.0,26.0,20.0,28.0,17.0,23.0,22.0,31.0,25.0,29.0,23.0,25.0,20.0,21.0
31.0,31.0,33.0,28.0,27.0,36.0,20.0,26.0,22.0,17.0,31.0,36.0,30.0,30.0,27.0,26.0,26.0,29.0,30.0,23.0,32.0,28.0,30.0,25.0,25.0,24.0,25.0,25.0,12.0,28.0,22.0,30.0,31.0,28.0,25.0,28.0,31.0,29.0,35.0,36.0,25.0,35.0,24.0,23.0,31.0,26.0,22.0,33.0,25.0,35.0
34.0,31.0,33.0,24.0,29.0,30.0,26.0,35.0,36.0,30.0,22.0,32.0,46.0,25.0,25.0,29.0,29.0,32.0,25.0,26.0,20.0,20.0,44.0,28.0,30.0,40.0,25.0,22.0,35.0,24.0,31.0,36.0,34.0,21.0,30.0,22.0,29.0,33.0,37.0,26.0,28.0,24.0,33.0,20.0,29.0,35.0,29.0,34.0,21.0,17.0
23.0,28.0,31.0,32.0,29.0,26.0,29.0,23.0,33.0,28.0,18.0,24.0,29.0,29.0,28.0,37.0,19.0,26.0,36.0,20.0,27.0,18.0,29.0,30.0,30.0,23.0,25.0,34.0,27.0,24.0,23.0,23.0,28.0,30.0,34.0,31.0,26.0,27.0,33.0,18.0,15.0,28.0,29.0,37.0,28.0,30.0,35.0,36.0,28.0,32.0
