10,50,1000
17.446432,19.991105,16.997565,17.663556,19.851404,16.994943,19.178703,19.17028,17.686774,19.449152
6.735726,9.400609,7.284289,8.532544,9.273816,9.726357,6.521168,5.07686,5.438773,8.907848
0.0,10.0,20.0,30.0,40.0,50.0,60.0,70.0,80.0,90.0
10.0,0.0,10.0,20.0,30.0,40.0,50.0,60.0,70.0,80.0
20.0,10.0,0.0,10.0,20.0,30.0,40.0,50.0,60.0,70.0
30.0,20.0,10.0,0.0,10.0,20.0,30.0,40.0,50.0,60.0
40.0,30.0,20.0,10.0,0.0,10.0,20.0,30.0,40.0,50.0
50.0,40.0,30.0,20.0,10.0,0.0,10.0,20.0,30.0,40.0
60.0,50.0,40.0,30.0,20.0,10.0,0.0,10.0,20.0,30.0
70.0,60.0,50.0,40.0,30.0,20.0,10.0,0.0,10.0,20.0
80.0,70.0,60.0,50.0,40.0,30.0,20.0,10.0,0.0,10.0
90.0,80.0,70.0,60.0,50.0,40.0,30.0,20.0,10.0,0.0
450.0,400.0,350.0,300.0,250.0,250.0,300.0,350.0,400.0,450.0
0.0,1.0,2.0,3.0,4.0,5.0,6.0,7.0,8.0,9.0
1.0,0.0,1.0,2.0,3.0,4.0,5.0,6.0,7.0,8.0
2.0,1.0,0.0,1.0,2.0,3.0,4.0,5.0,6.0,7.0
3.0,2.0,1.0,0.0,1.0,2.0,3.0,4.0,5.0,6.0
4.0,3.0,2.0,1.0,0.0,1.0,2.0,3.0,4.0,5.0
5.0,4.0,3.0,2.0,1.0,0.0,1.0,2.0,3.0,4.0
6.0,5.0,4.0,3.0,2.0,1.0,0.0,1.0,2.0,3.0
7.0,6.0,5.0,4.0,3.0,2.0,1.0,0.0,1.0,2.0
8.0,7.0,6.0,5.0,4.0,3.0,2.0,1.0,0.0,1.0
9.0,8.0,7.0,6.0,5.0,4.0,3.0,2.0,1.0,0.0
45.0,40.0,35.0,30.0,25.0,25.0,30.0,35.0,40.0,45.0
23.0,26.0,28.0,28.0,25.0,27.0,27.0,19.0,24.0,24.0,24.0,30.0,24.0,31.0,23.0,27.0,31.0,26.0,23.0,24.0,27.0,29.0,21.0,29.0,23.0,26.0,24.0,33.0,21.0,22.0,23.0,22.0,29.0,35.0,24.0,29.0,31.0,29.0,33.0,30.0,13.0,30.0,25.0,23.0,28.0,27.0,27.0,22.0,20.0,22.0
35.0,37.0,36.0,33.0,35.0,35.0,32.0,28.0,25.0,46.0,38.0,42.0,39.0,38.0,34.0,32.0,30.0,44.0,38.0,36.0,31.0,43.0,31.0,35.0,42.0,37.0,36.0,25.0,38.0,46.0,28.0,32.0,50.0,37.0,29.0,34.0,43.0,25.0,34.0,30.0,43.0,43.0,33.0,29.0,41.0,32.0,32.0,43.0,38.0,37.0
34.0,23.0,22.0,18.0,35.0,22.0,31.0,19.0,27.0,33.0,19.0,23.0,22.0,21.0,28.0,20.0,17.0,20.0,23.0,37.0,37.0,26.0,29.0,21.0,30.0,30.0,38.0,26.0,32.0,23.0,20.0,37.0,25.0,17.0,26.0,33.0,26.0,34.0,24.0,25.0,29.0,28.0,31.0,26.0,23.0,27.0,21.0,32.0,32.0,25.0
23.0,37.0,33.0,27.0,29.0,30.0,36.0,30.0,29.0,36.0,32.0,31.0,26.0,25.0,24.0,34.0,24.0,37.0,27.0,24.0,32.0,23.0,32.0,37.0,32.0,30.0,43.0,29.0,33.0,33.0,33.0,27.0,27.0,20.0,28.0,29.0,29.0,26.0,21.0,33.0,25.0,29.0,27.0,25.0,26.0,30.0,34.0,30.0,30.0,28.0
38.0,39.0,45.0,28.0,26.0,40.0,27.0,34.0,33.0,37.0,36.0,33.0,33.0,34.0,35.0,23.0,40.0,32.0,38.0,30.0,40.0,29.0,31.0,37.0,26.0,32.0,44.0,32.0,34.0,35.0,34.0,30.0,34.0,29.0,43.0,30.0,44.0,30.0,31.0,33.0,34.0,26.0,32.0,29.0,33.0,37.0,33.0,31.0,33.0,29.0
37.0,40.0,37.0,31.0,34.0,37.0,37.0,34.0,38.0,32.0,30.0,42.0,34.0,35.0,34.0,43.0,44.0,39.0,37.0,30.0,40.0,34.0,49.0,29.0,25.0,30.0,37.0,40.0,35.0,27.0,30.0,41.0,33.0,31.0,38.0,44.0,38.0,37.0,37.0,45.0,34.0,36.0,43.0,35.0,30.0,46.0,48.0,34.0,32.0,36.0
27.0,19.0,24.0,35.0,31.0,31.0,17.0,23.0,30.0,25.0,22.0,17.0,24.0,41.0,34.0,23.0,27.0,24.0,25.0,20.0,33.0,27.0,21.0,36.0,29.0,28.0,26.0,25.0,34.0,14.0,25.0,26.0,28.0,30.0,25.0,37.0,27.0,25.0,29.0,24.0,24.0,27.0,12.0,15.0,20.0,27.0,15.0,26.0,18.0,25.0
21.0,23.0,26.0,21.0,19.0,25.0,22.0,16.0,25.0,23.0,19.0,23.0,25.0,18.0,30.0,15.0,19.0,28.0,23.0,18.0,18.0,14.0,23.0,21.0,12.0,12.0,13.0,22.0,20.0,24.0,10.0,23.0,26.0,27.0,30.0,25.0,25.0,23.0,19.0,22.0,13.0,27.0,24.0,18.0,18.0,15.0,16.0,25.0,21.0,23.0
20.0,20.0,26.0,17.0,17.0,16.0,20.0,21.0,11.0,15.0,21.0,23.0,29.0,33.0,16.0,15.0,17.0,22.0,29.0,24.0,22.0,19.0,25.0,18.0,20.0,21.0,28.0,18.0,24.0,24.0,19.0,22.0,23.0,22.0,17.0,27.0,27.0,25.0,18.0,15.0,25.0,18.0,17.0,26.0,23.0,20.0,20.0,23.0,21.0,20.0
34.0,29.0,32.0,35.0,44.0,27.0,27.0,36.0,34.0,31.0,34.0,38.0,37.0,41.0,35.0,38.0,29.0,30.0,37.0,42.0,45.0,42.0,33.0,32.0,40.0,35.0,39.0,32.0,39.0,29.0,34.0,35.0,41.0,34.0,27.0,35.0,29.0,33.0,31.0,29.0,24.0,49.0,34.0,36.0,43.0,33.0,28.0,26.0,36.0,32.0
