10,50,1000
18.992844,15.531086,18.489777,17.203377,19.009179,16.666741,15.445608,15.687609,18.355907,16.115363
5.024206,7.482026,5.2167,9.772633,6.942071,9.630327,7.188379,9.844098,6.044719,7.62915
0.0,10.0,20.0,30.0,40.0,50.0,60.0,70.0,80.0,90.0
10.0,0.0,10.0,20.0,30.0,40.0,50.0,60.0,70.0,80.0
20.0,10.0,0.0,10.0,20.0,30.0,40.0,50.0,60.0,70.0
30.0,20.0,10.0,0.0,10.0,20.0,30.0,40.0,50.0,60.0
40.0,30.0,20.0,10.0,0.0,10.0,20.0,30.0,40.0,50.0
50.0,40.0,30.0,20.0,10.0,0.0,10.0,20.0,30.0,40.0
60.0,50.0,40.0,30.0,20.0,10.0,0.0,10.0,20.0,30.0
70.0,60.0,50.0,40.0,30.0,20.0,10.0,0.0,10.0,20.0
80.0,70.0,60.0,50.0,40.0,30.0,20.0,10.0,0.0,10.0
90.0,80.0,70.0,60.0,50.0,40.0,30.0,20.0,10.0,0.0
450.0,400.0,350.0,300.0,250.0,250.0,300.0,350.0,400.0,450.0
0.0,1.0,2.0,3.0,4.0,5.0,6.0,7.0,8.0,9.0
1.0,0.0,1.0,2.0,3.0,4.0,5.0,6.0,7.0,8.0
2.0,1.0,0.0,1.0,2.0,3.0,4.0,5.0,6.0,7.0
3.0,2.0,1.0,0.0,1.0,2.0,3.0,4.0,5.0,6.0
4.0,3.0,2.0,1.0,0.0,1.0,2.0,3.0,4.0,5.0
5.0,4.0,3.0,2.0,1.0,0.0,1.0,2.0,3.0,4.0
6.0,5.0,4.0,3.0,2.0,1.0,0.0,1.0,2.0,3.0
7.0,6.0,5.0,4.0,3.0,2.0,1.0,0.0,1.0,2.0
8.0,7.0,6.0,5.0,4.0,3.0,2.0,1.0,0.0,1.0
9.0,8.0,7.0,6.0,5.0,4.0,3.0,2.0,1.0,0.0
45.0,40.0,35.0,30.0,25.0,25.0,30.0,35.0,40.0,45.0
26.0,23.0,15.0,28.0,23.0,24.0,21.0,22.0,22.0,27.0,14.0,20.0,18.0,26.0,22.0,29.0,18.0,24.0,27.0,17.0,16.0,18.0,18.0,15.0,26.0,17.0,21.0,18.0,24.0,22.0,16.0,27.0,22.0,25.0,18.0,20.0,26.0,22.0,22.0,19.0,18.0,22.0,21.0,24.0,26.0,18.0,18.0,21.0,13.0,29.0
30.0,32.0,19.0,39.0,28.0,33.0,36.0,28.0,36.0,29.0,31.0,18.0,21.0,31.0,28.0,40.0,35.0,35.0,31.0,26.0,23.0,33.0,18.0,30.0,27.0,27.0,18.0,26.0,20.0,25.0,30.0,28.0,28.0,27.0,28.0,22.0,26.0,24.0,28.0,30.0,36.0,15.0,41.0,33.0,19.0,26.0,23.0,21.0,23.0,26.0
20.0,27.0,18.0,28.0,18.0,14.0,19.0,25.0,24.0,23.0,17.0,24.0,21.0,23.0,21.0,24.0,29.0,30.0,26.0,20.0,12.0,17.0,18.0,15.0,17.0,25.0,21.0,17.0,20.0,27.0,16.0,27.0,17.0,19.0,21.0,21.0,18.0,20.0,25.0,22.0,20.0,22.0,22.0,16.0,19.0,22.0,18.0,25.0,24.0,27.0
36.0,28.0,32.0,39.0,36.0,38.0,47.0,31.0,35.0,43.0,34.0,43.0,31.0,36.0,36.0,40.0,41.0,34.0,36.0,44.0,33.0,38.0,37.0,30.0,29.0,32.0,42.0,53.0,36.0,38.0,44.0,47.0,42.0,37.0,35.0,37.0,30.0,42.0,45.0,36.0,35.0,26.0,30.0,22.0,33.0,30.0,35.0,37.0,34.0,24.0
23.0,27.0,38.0,27.0,25.0,25.0,26.0,20.0,23.0,29.0,37.0,28.0,22.0,30.0,30.0,33.0,31.0,20.0,34.0,29.0,28.0,31.0,22.0,28.0,20.0,25.0,26.0,34.0,17.0,29.0,29.0,32.0,24.0,22.0,27.0,26.0,38.0,18.0,35.0,27.0,27.0,30.0,36.0,21.0,27.0,26.0,22.0,30.0,28.0,28.0
28.0,38.0,34.0,36.0,38.0,30.0,24.0,34.0,41.0,38.0,39.0,29.0,39.0,43.0,46.0,41.0,34.0,37.0,39.0,37.0,31.0,37.0,31.0,34.0,32.0,38.0,40.0,40.0,30.0,28.0,38.0,36.0,30.0,32.0,42.0,27.0,23.0,31.0,43.0,40.0,35.0,50.0,42.0,49.0,28.0,39.0,36.0,37.0,38.0,31.0
25.0,37.0,22.0,21.0,25.0,29.0,22.0,29.0,41.0,22.0,20.0,43.0,26.0,27.0,30.0,22.0,34.0,24.0,27.0,34.0,24.0,31.0,20.0,38.0,27.0,21.0,31.0,31.0,24.0,17.0,32.0,32.0,26.0,28.0,34.0,18.0,24.0,37.0,20.0,21.0,21.0,23.0,27.0,25.0,19.0,29.0,29.0,21.0,18.0,26.0
37.0,32.0,34.0,35.0,49.0,33.0,42.0,28.0,37.0,39.0,41.0,35.0,47.0,35.0,30.0,24.0,40.0,32.0,34.0,45.0,38.0,40.0,30.0,40.0,26.0,38.0,41.0,30.0,33.0,32.0,24.0,33.0,32.0,29.0,45.0,25.0,35.0,26.0,28.0,39.0,28.0,41.0,33.0,34.0,38.0,38.0,33.0,39.0,30.0,42.0
27.0,28.0,23.0,33.0,30.0,19.0,24.0,42.0,23.0,31.0,27.0,31.0,27.0,23.0,33.0,19.0,22.0,21.0,29.0,27.0,19.0,20.0,22.0,22.0,33.0,22.0,19.0,27.0,21.0,19.0,21.0,24.0,22.0,25.0,23.0,30.0,20.0,28.0,34.0,18.0,24.0,24.0,18.0,30.0,29.0,23.0,20.0,21.0,23.0,15.0
23.0,26.0,26.0,25.0,27.0,32.0,26.0,25.0,34.0,37.0,24.0,36.0,34.0,30.0,23.0,30.0,25.0,29.0,30.0,29.0,33.0,20.0,28.0,17.0,30.0,41.0,33.0,35.0,29.0,24.0,33.0,27.0,34.0,29.0,29.0,24.0,18.0,34.0,20.0,16.0,28.0,25.0,24.0,16.0,28.0,34.0,40.0,32.0,30.0,34.0
