10,50,1000
17.827077,16.111263,19.595586,18.864232,15.514579,18.559712,19.394633,19.569573,19.750358,19.596624
8.280338,5.185808,9.456168,6.650618,8.687843,9.897443,8.399029,8.880875,9.979188,6.891878
0.0,10.0,20.0,30.0,40.0,50.0,60.0,70.0,80.0,90.0
10.0,0.0,10.0,20.0,30.0,40.0,50.0,60.0,70.0,80.0
20.0,10.0,0.0,10.0,20.0,30.0,40.0,50.0,60.0,70.0
30.0,20.0,10.0,0.0,10.0,20.0,30.0,40.0,50.0,60.0
40.0,30.0,20.0,10.0,0.0,10.0,20.0,30.0,40.0,50.0
50.0,40.0,30.0,20.0,10.0,0.0,10.0,20.0,30.0,40.0
60.0,50.0,40.0,30.0,20.0,10.0,0.0,10.0,20.0,30.0
70.0,60.0,50.0,40.0,30.0,20.0,10.0,0.0,10.0,20.0
80.0,70.0,60.0,50.0,40.0,30.0,20.0,10.0,0.0,10.0
90.0,80.0,70.0,60.0,50.0,40.0,30.0,20.0,10.0,0.0
450.0,400.0,350.0,300.0,250.0,250.0,300.0,350.0,400.0,450.0
0.0,1.0,2.0,3.0,4.0,5.0,6.0,7.0,8.0,9.0
1.0,0.0,1.0,2.0,3.0,4.0,5.0,6.0,7.0,8.0
2.0,1.0,0.0,1.0,2.0,3.0,4.0,5.0,6.0,7.0
3.0,2.0,1.0,0.0,1.0,2.0,3.0,4.0,5.0,6.0
4.0,3.0,2.0,1.0,0.0,1.0,2.0,3.0,4.0,5.0
5.0,4.0,3.0,2.0,1.0,0.0,1.0,2.0,3.0,4.0
6.0,5.0,4.0,3.0,2.0,1.0,0.0,1.0,2.0,3.0
7.0,6.0,5.0,4.0,3.0,2.0,1.0,0.0,1.0,2.0
8.0,7.0,6.0,5.0,4.0,3.0,2.0,1.0,0.0,1.0
9.0,8.0,7.0,6.0,5.0,4.0,3.0,2.0,1.0,0.0
45.0,40.0,35.0,30.0,25.0,25.0,30.0,35.0,40.0,45.0
33.0,23.0,40.0,26.0,38.0,26.0,40.0,28.0,29.0,32.0,27.0,31.0,34.0,27.0,40.0,32.0,17.0,25.0,30.0,42.0,35.0,36.0,38.0,33.0,27.0,32.0,42.0,29.0,31.0,26.0,44.0,35.0,30.0,34.0,34.0,33.0,36.0,26.0,34.0,35.0,35.0,39.0,27.0,30.0,31.0,36.0,32.0,39.0,32.0,37.0
29.0,14.0,24.0,31.0,19.0,18.0,22.0,21.0,24.0,20.0,18.0,19.0,25.0,19.0,23.0,22.0,25.0,18.0,18.0,16.0,35.0,16.0,20.0,17.0,16.0,24.0,23.0,14.0,32.0,21.0,26.0,20.0,23.0,23.0,16.0,23.0,11.0,20.0,29.0,16.0,21.0,17.0,21.0,18.0,16.0,20.0,26.0,20.0,17.0,25.0
42.0,35.0,49.0,29.0,38.0,40.0,32.0,35.0,47.0,30.0,32.0,35.0,33.0,46.0,37.0,37.0,43.0,34.0,30.0,33.0,33.0,36.0,31.0,41.0,37.0,29.0,26.0,29.0,35.0,39.0,31.0,42.0,38.0,33.0,35.0,27.0,52.0,46.0,33.0,49.0,34.0,39.0,37.0,36.0,34.0,31.0,35.0,37.0,34.0,40.0
28.0,27.0,29.0,27.0,33.0,30.0,19.0,21.0,15.0,28.0,21.0,35.0,20.0,22.0,30.0,20.0,25.0,34.0,21.0,25.0,27.0,25.0,14.0,23.0,27.0,39.0,29.0,22.0,21.0,18.0,29.0,27.0,32.0,28.0,31.0,24.0,19.0,27.0,27.0,23.0,29.0,30.0,19.0,21.0,28.0,26.0,31.0,32.0,19.0,20.0
27.0,37.0,31.0,19.0,35.0,30.0,39.0,33.0,33.0,27.0,37.0,37.0,28.0,31.0,21.0,31.0,34.0,31.0,31.0,23.0,38.0,32.0,29.0,32.0,31.0,46.0,39.0,29.0,26.0,19.0,24.0,29.0,40.0,48.0,25.0,31.0,33.0,38.0,34.0,28.0,35.0,39.0,38.0,39.0,21.0,39.0,26.0,34.0,33.0,35.0
39.0,41.0,39.0,32.0,35.0,37.0,41.0,32.0,39.0,31.0,41.0,37.0,31.0,45.0,30.0,35.0,39.0,31.0,38.0,41.0,38.0,44.0,40.0,33.0,41.0,33.0,33.0,32.0,36.0,32.0,28.0,42.0,40.0,44.0,32.0,38.0,35.0,41.0,40.0,31.0,40.0,30.0,30.0,42.0,31.0,36.0,34.0,33.0,35.0,38.0
32.0,33.0,42.0,32.0,28.0,34.0,29.0,34.0,35.0,24.0,30.0,43.0,30.0,26.0,26.0,36.0,31.0,31.0,41.0,40.0,29.0,24.0,25.0,49.0,26.0,29.0,24.0,35.0,34.0,22.0,26.0,31.0,35.0,34.0,27.0,35.0,29.0,27.0,39.0,40.0,30.0,25.0,23.0,41.0,35.0,31.0,44.0,27.0,36.0,30.0
37.0,25.0,34.0,21.0,37.0,33.0,34.0,36.0,31.0,36.0,30.0,36.0,40.0,31.0,36.0,29.0,42.0,28.0,42.0,37.0,41.0,31.0,40.0,27.0,28.0,27.0,41.0,30.0,39.0,28.0,22.0,30.0,39.0,29.0,29.0,33.0,44.0,39.0,39.0,39.0,32.0,26.0,36.0,31.0,35.0,38.0,35.0,19.0,40.0,35.0
40.0,37.0,31.0,43.0,37.0,42.0,30.0,41.0,38.0,35.0,37.0,44.0,31.0,36.0,33.0,42.0,33.0,33.0,38.0,27.0,41.0,33.0,30.0,40.0,43.0,41.0,40.0,36.0,39.0,30.0,37.0,43.0,37.0,33.0,44.0,39.0,29.0,38.0,38.0,38.0,27.0,24.0,37.0,32.0,31.0,29.0,43.0,28.0,31.0,39.0
35.0,27.0,33.0,33.0,34.0,32.0,33.0,33.0,24.0,29.0,21.0,32.0,11.0,27.0,29.0,20.0,28.0,23.0,20.0,23.0,29.0,33.0,31.0,20.0,26.0,29.0,27.0,30.0,34.0,25.0,30.0,31.0,30.0,29.0,27.0,22.0,24.0,30.0,30.0,35.0,25.0,32.0,34.0,37.0,24.0,23.0,28.0,25.0,35.0,25.0
