10,50,1000
17.328814,19.899486,18.605165,16.188409,19.311534,15.453266,16.157344,16.199212,19.23459,18.734737
7.033899,7.150264,9.197395,5.063997,5.364766,6.89749,6.932185,7.336403,8.248745,6.353824
0.0,10.0,20.0,30.0,40.0,50.0,60.0,70.0,80.0,90.0
10.0,0.0,10.0,20.0,30.0,40.0,50.0,60.0,70.0,80.0
20.0,10.0,0.0,10.0,20.0,30.0,40.0,50.0,60.0,70.0
30.0,20.0,10.0,0.0,10.0,20.0,30.0,40.0,50.0,60.0
40.0,30.0,20.0,10.0,0.0,10.0,20.0,30.0,40.0,50.0
50.0,40.0,30.0,20.0,10.0,0.0,10.0,20.0,30.0,40.0
60.0,50.0,40.0,30.0,20.0,10.0,0.0,10.0,20.0,30.0
70.0,60.0,50.0,40.0,30.0,20.0,10.0,0.0,10.0,20.0
80.0,70.0,60.0,50.0,40.0,30.0,20.0,10.0,0.0,10.0
90.0,80.0,70.0,60.0,50.0,40.0,30.0,20.0,10.0,0.0
450.0,400.0,350.0,300.0,250.0,250.0,300.0,350.0,400.0,450.0
0.0,1.0,2.0,3.0,4.0,5.0,6.0,7.0,8.0,9.0
1.0,0.0,1.0,2.0,3.0,4.0,5.0,6.0,7.0,8.0
2.0,1.0,0.0,1.0,2.0,3.0,4.0,5.0,6.0,7.0
3.0,2.0,1.0,0.0,1.0,2.0,3.0,4.0,5.0,6.0
4.0,3.0,2.0,1.0,0.0,1.0,2.0,3.0,4.0,5.0
5.0,4.0,3.0,2.0,1.0,0.0,1.0,2.0,3.0,4.0
6.0,5.0,4.0,3.0,2.0,1.0,0.0,1.0,2.0,3.0
7.0,6.0,5.0,4.0,3.0,2.0,1.0,0.0,1.0,2.0
8.0,7.0,6.0,5.0,4.0,3.0,2.0,1.0,0.0,1.0
9.0,8.0,7.0,6.0,5.0,4.0,3.0,2.0,1.0,0.0
45.0,40.0,35.0,30.0,25.0,25.0,30.0,35.0,40.0,45.0
27.0,26.0,24.0,21.0,32.0,29.0,25.0,17.0,23.0,21.0,28.0,35.0,34.0,33.0,35.0,27.0,20.0,23.0,25.0,25.0,29.0,17.0,24.0,25.0,24.0,23.0,27.0,28.0,29.0,23.0,31.0,28.0,20.0,26.0,28.0,13.0,28.0,29.0,34.0,29.0,30.0,25.0,32.0,26.0,25.0,35.0,21.0,26.0,25.0,27.0
34.0,26.0,31.0,18.0,30.0,27.0,36.0,28.0,31.0,22.0,23.0,23.0,31.0,31.0,18.0,24.0,30.0,25.0,30.0,31.0,29.0,22.0,35.0,28.0,31.0,34.0,30.0,37.0,25.0,28.0,31.0,23.0,33.0,36.0,25.0,30.0,39.0,21.0,34.0,24.0,24.0,23.0,26.0,26.0,26.0,23.0,32.0,31.0,30.0,22.0
27.0,27.0,30.0,28.0,43.0,39.0,40.0,32.0,38.0,35.0,25.0,36.0,36.0,48.0,35.0,34.0,30.0,29.0,24.0,33.0,37.0,28.0,39.0,34.0,36.0,24.0,29.0,31.0,32.0,41.0,26.0,30.0,26.0,33.0,26.0,41.0,35.0,32.0,36.0,30.0,31.0,25.0,33.0,23.0,38.0,40.0,35.0,31.0,32.0,42.0
16.0,22.0,19.0,21.0,24.0,29.0,16.0,20.0,31.0,19.0,19.0,16.0,21.0,17.0,13.0,24.0,27.0,26.0,23.0,21.0,21.0,24.0,21.0,21.0,20.0,22.0,18.0,20.0,16.0,18.0,28.0,21.0,22.0,34.0,21.0,28.0,28.0,22.0,18.0,19.0,19.0,32.0,22.0,20.0,22.0,22.0,14.0,18.0,23.0,28.0
18.0,16.0,13.0,20.0,19.0,22.0,18.0,25.0,33.0,28.0,23.0,20.0,19.0,28.0,21.0,32.0,27.0,28.0,23.0,20.0,18.0,23.0,20.0,31.0,29.0,23.0,19.0,19.0,24.0,22.0,22.0,17.0,12.0,20.0,21.0,22.0,23.0,15.0,20.0,22.0,28.0,31.0,19.0,23.0,21.0,27.0,22.0,21.0,20.0,15.0
19.0,26.0,32.0,27.0,25.0,33.0,19.0,25.0,19.0,15.0,30.0,28.0,25.0,30.0,28.0,23.0,26.0,20.0,28.0,33.0,20.0,26.0,23.0,24.0,23.0,38.0,21.0,23.0,34.0,32.0,21.0,23.0,24.0,24.0,18.0,20.0,11.0,26.0,30.0,23.0,26.0,25.0,21.0,26.0,34.0,19.0,21.0,39.0,22.0,24.0
25.0,26.0,31.0,22.0,25.0,28.0,32.0,25.0,30.0,29.0,29.0,34.0,31.0,21.0,34.0,23.0,29.0,23.0,24.0,22.0,27.0,25.0,31.0,25.0,22.0,30.0,25.0,27.0,29.0,30.0,30.0,17.0,20.0,17.0,21.0,25.0,32.0,23.0,22.0,32.0,26.0,29.0,26.0,25.0,29.0,31.0,27.0,28.0,19.0,27.0
30.0,33.0,31.0,36.0,27.0,26.0,31.0,38.0,33.0,31.0,23.0,28.0,24.0,28.0,27.0,30.0,27.0,36.0,25.0,27.0,32.0,21.0,35.0,30.0,29.0,29.0,20.0,36.0,26.0,29.0,27.0,25.0,36.0,34.0,27.0,26.0,28.0,27.0,23.0,20.0,24.0,30.0,34.0,26.0,29.0,26.0,36.0,39.0,28.0,29.0
32.0,34.0,30.0,31.0,40.0,40.0,40.0,25.0,23.0,37.0,26.0,42.0,36.0,37.0,33.0,29.0,30.0,34.0,32.0,37.0,25.0,31.0,34.0,35.0,28.0,34.0,35.0,25.0,23.0,29.0,33.0,30.0,31.0,39.0,35.0,35.0,35.0,29.0,28.0,27.0,23.0,29.0,35.0,25.0,27.0,34.0,37.0,29.0,32.0,34.0
25.0,22.0,28.0,20.0,22.0,24.0,28.0,25.0,34.0,32.0,22.0,24.0,31.0,26.0,25.0,19.0,31.0,26.0,30.0,33.0,24.0,35.0,18.0,20.0,23.0,21.0,21.0,25.0,21.0,21.0,23.0,22.0,25.0,18.0,21.0,36.0,37.0,24.0,22.0,23.0,33.0,34.0,23.0,20.0,23.0,23.0,20.0,31.0,26.0,27.0
