10,50,1000
16.454797,15.318369,15.32348,15.608596,15.313514,15.548496,19.053863,19.639798,15.409174,17.707926
9.017936,5.313942,5.676866,8.339872,5.638956,5.338809,9.915193,6.563928,9.909921,5.342702
0.0,10.0,20.0,30.0,40.0,50.0,60.0,70.0,80.0,90.0
10.0,0.0,10.0,20.0,30.0,40.0,50.0,60.0,70.0,80.0
20.0,10.0,0.0,10.0,20.0,30.0,40.0,50.0,60.0,70.0
30.0,20.0,10.0,0.0,10.0,20.0,30.0,40.0,50.0,60.0
40.0,30.0,20.0,10.0,0.0,10.0,20.0,30.0,40.0,50.0
50.0,40.0,30.0,20.0,10.0,0.0,10.0,20.0,30.0,40.0
60.0,50.0,40.0,30.0,20.0,10.0,0.0,10.0,20.0,30.0
70.0,60.0,50.0,40.0,30.0,20.0,10.0,0.0,10.0,20.0
80.0,70.0,60.0,50.0,40.0,30.0,20.0,10.0,0.0,10.0
90.0,80.0,70.0,60.0,50.0,40.0,30.0,20.0,10.0,0.0
450.0,400.0,350.0,300.0,250.0,250.0,300.0,350.0,400.0,450.0
0.0,1.0,2.0,3.0,4.0,5.0,6.0,7.0,8.0,9.0
1.0,0.0,1.0,2.0,3.0,4.0,5.0,6.0,7.0,8.0
2.0,1.0,0.0,1.0,2.0,3.0,4.0,5.0,6.0,7.0
3.0,2.0,1.0,0.0,1.0,2.0,3.0,4.0,5.0,6.0
4.0,3.0,2.0,1.0,0.0,1.0,2.0,3.0,4.0,5.0
5.0,4.0,3.0,2.0,1.0,0.0,1.0,2.0,3.0,4.0
6.0,5.0,4.0,3.0,2.0,1.0,0.0,1.0,2.0,3.0
7.0,6.0,5.0,4.0,3.0,2.0,1.0,0.0,1.0,2.0
8.0,7.0,6.0,5.0,4.0,3.0,2.0,1.0,0.0,1.0
9.0,8.0,7.0,6.0,5.0,4.0,3.0,2.0,1.0,0.0
45.0,40.0,35.0,30.0,25.0,25.0,30.0,35.0,40.0,45.0
28.0,27.0,30.0,30.0,17.0,38.0,30.0,33.0,33.0,32.0,39.0,35.0,39.0,35.0,41.0,36.0,37.0,33.0,38.0,29.0,29.0,40.0,44.0,33.0,33.0,35.0,22.0,22.0,34.0,25.0,28.0,33.0,45.0,38.0,37.0,26.0,30.0,27.0,31.0,28.0,32.0,32.0,35.0,34.0,37.0,32.0,32.0,30.0,31.0,43.0
13.0,26.0,20.0,16.0,16.0,27.0,13.0,14.0,17.0,22.0,11.0,22.0,18.0,11.0,25.0,21.0,16.0,18.0,22.0,25.0,23.0,16.0,30.0,26.0,28.0,10.0,14.0,21.0,29.0,21.0,18.0,18.0,25.0,16.0,20.0,22.0,15.0,23.0,25.0,17.0,28.0,15.0,19.0,20.0,23.0,24.0,19.0,22.0,14.0,29.0
17.0,18.0,21.0,25.0,15.0,17.0,25.0,28.0,22.0,32.0,19.0,18.0,15.0,14.0,24.0,32.0,16.0,15.0,30.0,14.0,25.0,23.0,33.0,25.0,28.0,21.0,22.0,27.0,32.0,22.0,20.0,24.0,16.0,23.0,27.0,18.0,19.0,20.0,25.0,24.0,27.0,27.0,23.0,30.0,16.0,26.0,20.0,24.0,29.0,14.0
32.0,29.0,26.0,34.0,23.0,35.0,21.0,21.0,25.0,35.0,32.0,35.0,31.0,29.0,40.0,31.0,35.0,43.0,28.0,43.0,32.0,34.0,30.0,37.0,27.0,26.0,32.0,30.0,26.0,34.0,33.0,26.0,38.0,27.0,33.0,27.0,31.0,34.0,35.0,34.0,36.0,37.0,36.0,33.0,28.0,27.0,39.0,33.0,26.0,25.0
25.0,19.0,20.0,17.0,23.0,22.0,25.0,21.0,23.0,22.0,13.0,29.0,26.0,25.0,30.0,17.0,27.0,23.0,17.0,18.0,26.0,21.0,15.0,18.0,18.0,17.0,24.0,24.0,27.0,29.0,15.0,26.0,25.0,24.0,22.0,17.0,22.0,22.0,15.0,15.0,19.0,21.0,24.0,17.0,19.0,24.0,24.0,17.0,19.0,19.0
24.0,23.0,18.0,26.0,13.0,21.0,17.0,22.0,25.0,23.0,22.0,20.0,25.0,26.0,23.0,16.0,22.0,18.0,20.0,12.0,20.0,14.0,25.0,15.0,17.0,16.0,15.0,18.0,24.0,15.0,20.0,15.0,17.0,20.0,21.0,14.0,24.0,18.0,21.0,30.0,16.0,14.0,15.0,21.0,17.0,22.0,22.0,20.0,25.0,22.0
35.0,39.0,41.0,49.0,29.0,33.0,39.0,40.0,25.0,38.0,41.0,34.0,45.0,38.0,23.0,31.0,34.0,43.0,30.0,35.0,36.0,43.0,40.0,24.0,31.0,37.0,47.0,40.0,35.0,39.0,31.0,35.0,43.0,35.0,29.0,41.0,35.0,37.0,27.0,38.0,43.0,36.0,33.0,35.0,39.0,35.0,37.0,37.0,35.0,45.0
29.0,31.0,23.0,27.0,19.0,23.0,25.0,25.0,38.0,24.0,28.0,24.0,28.0,22.0,40.0,23.0,24.0,28.0,23.0,27.0,17.0,33.0,22.0,14.0,27.0,22.0,24.0,12.0,27.0,26.0,17.0,30.0,33.0,21.0,34.0,23.0,26.0,33.0,28.0,31.0,34.0,29.0,26.0,24.0,19.0,20.0,25.0,23.0,17.0,25.0
41.0,42.0,32.0,46.0,23.0,34.0,38.0,35.0,36.0,33.0,44.0,28.0,39.0,36.0,21.0,27.0,42.0,39.0,38.0,31.0,39.0,36.0,48.0,39.0,36.0,31.0,29.0,31.0,41.0,39.0,29.0,43.0,39.0,39.0,46.0,33.0,47.0,39.0,45.0,37.0,32.0,37.0,30.0,39.0,24.0,40.0,36.0,27.0,37.0,36.0
29.0,22.0,26.0,26.0,21.0,21.0,18.0,21.0,31.0,17.0,23.0,22.0,19.0,23.0,19.0,17.0,14.0,23.0,22.0,15.0,24.0,29.0,19.0,22.0,21.0,34.0,15.0,24.0,22.0,20.0,16.0,20.0,18.0,21.0,24.0,28.0,18.0,22.0,22.0,27.0,24.0,20.0,26.0,32.0,26.0,22.0,23.0,17.0,33.0,17.0
