10,50,1000
17.851627,16.534465,17.31048,17.821587,18.368608,18.197443,17.55647,16.458834,16.70458,18.220587
9.073242,6.80821,5.729427,8.849969,5.12309,8.209295,6.615437,7.318662,7.914968,8.762701
0.0,10.0,20.0,30.0,40.0,50.0,60.0,70.0,80.0,90.0
10.0,0.0,10.0,20.0,30.0,40.0,50.0,60.0,70.0,80.0
20.0,10.0,0.0,10.0,20.0,30.0,40.0,50.0,60.0,70.0
30.0,20.0,10.0,0.0,10.0,20.0,30.0,40.0,50.0,60.0
40.0,30.0,20.0,10.0,0.0,10.0,20.0,30.0,40.0,50.0
50.0,40.0,30.0,20.0,10.0,0.0,10.0,20.0,30.0,40.0
60.0,50.0,40.0,30.0,20.0,10.0,0.0,10.0,20.0,30.0
70.0,60.0,50.0,40.0,30.0,20.0,10.0,0.0,10.0,20.0
80.0,70.0,60.0,50.0,40.0,30.0,20.0,10.0,0.0,10.0
90.0,80.0,70.0,60.0,50.0,40.0,30.0,20.0,10.0,0.0
450.0,400.0,350.0,300.0,250.0,250.0,300.0,350.0,400.0,450.0
0.0,1.0,2.0,3.0,4.0,5.0,6.0,7.0,8.0,9.0
1.0,0.0,1.0,2.0,3.0,4.0,5.0,6.0,7.0,8.0
2.0,1.0,0.0,1.0,2.0,3.0,4.0,5.0,6.0,7.0
3.0,2.0,1.0,0.0,1.0,2.0,3.0,4.0,5.0,6.0
4.0,3.0,2.0,1.0,0.0,1.0,2.0,3.0,4.0,5.0
5.0,4.0,3.0,2.0,1.0,0.0,1.0,2.0,3.0,4.0
6.0,5.0,4.0,3.0,2.0,1.0,0.0,1.0,2.0,3.0
7.0,6.0,5.0,4.0,3.0,2.0,1.0,0.0,1.0,2.0
8.0,7.0,6.0,5.0,4.0,3.0,2.0,1.0,0.0,1.0
9.0,8.0,7.0,6.0,5.0,4.0,3.0,2.0,1.0,0.0
45.0,40.0,35.0,30.0,25.0,25.0,30.0,35.0,40.0,45.0
30.0,36.0,33.0,30.0,37.0,30.0,28.0,36.0,43.0,44.0,33.0,31.0,30.0,37.0,31.0,36.0,31.0,32.0,33.0,34.0,27.0,35.0,34.0,36.0,34.0,39.0,35.0,36.0,30.0,37.0,26.0,31.0,33.0,30.0,39.0,39.0,32.0,35.0,35.0,35.0,38.0,32.0,34.0,30.0,37.0,28.0,37.0,33.0,30.0,30.0
29.0,19.0,33.0,23.0,28.0,34.0,24.0,26.0,25.0,25.0,35.0,29.0,29.0,23.0,22.0,22.0,23.0,19.0,23.0,20.0,29.0,20.0,26.0,26.0,28.0,22.0,30.0,25.0,16.0,22.0,24.0,18.0,24.0,36.0,22.0,23.0,26.0,24.0,32.0,36.0,22.0,32.0,21.0,27.0,22.0,32.0,31.0,30.0,25.0,18.0
18.0,25.0,21.0,30.0,26.0,23.0,26.0,22.0,27.0,21.0,18.0,18.0,24.0,25.0,23.0,32.0,21.0,23.0,28.0,22.0,21.0,24.0,19.0,27.0,15.0,25.0,18.0,31.0,21.0,22.0,22.0,11.0,29.0,29.0,20.0,19.0,24.0,21.0,23.0,28.0,28.0,22.0,24.0,27.0,32.0,17.0,19.0,12.0,24.0,18.0
27.0,24.0,31.0,32.0,39.0,42.0,45.0,37.0,27.0,40.0,39.0,31.0,26.0,32.0,31.0,28.0,33.0,26.0,37.0,28.0,33.0,31.0,29.0,34.0,32.0,32.0,34.0,35.0,22.0,37.0,39.0,45.0,32.0,33.0,38.0,33.0,35.0,45.0,38.0,29.0,26.0,36.0,29.0,45.0,34.0,29.0,40.0,27.0,38.0,30.0
25.0,14.0,21.0,20.0,23.0,26.0,23.0,25.0,22.0,23.0,18.0,14.0,27.0,36.0,26.0,18.0,21.0,23.0,27.0,17.0,30.0,20.0,15.0,17.0,20.0,15.0,24.0,25.0,24.0,16.0,19.0,26.0,20.0,25.0,11.0,24.0,19.0,24.0,17.0,7.0,26.0,32.0,22.0,21.0,18.0,22.0,20.0,21.0,17.0,18.0
31.0,25.0,33.0,28.0,31.0,32.0,35.0,21.0,22.0,37.0,33.0,40.0,19.0,30.0,25.0,31.0,31.0,38.0,36.0,22.0,35.0,38.0,32.0,29.0,26.0,33.0,22.0,27.0,20.0,37.0,45.0,47.0,29.0,27.0,27.0,22.0,28.0,34.0,18.0,32.0,29.0,31.0,29.0,28.0,27.0,34.0,24.0,32.0,30.0,33.0
32.0,25.0,21.0,18.0,20.0,28.0,21.0,25.0,26.0,30.0,21.0,24.0,23.0,29.0,34.0,28.0,17.0,32.0,27.0,16.0,22.0,28.0,20.0,26.0,25.0,22.0,26.0,19.0,27.0,27.0,23.0,24.0,30.0,24.0,25.0,33.0,18.0,28.0,19.0,19.0,25.0,27.0,28.0,33.0,24.0,24.0,25.0,32.0,33.0,25.0
20.0,16.0,32.0,22.0,44.0,30.0,39.0,27.0,21.0,29.0,26.0,33.0,25.0,23.0,23.0,27.0,43.0,23.0,19.0,38.0,27.0,31.0,28.0,24.0,30.0,28.0,31.0,21.0,32.0,19.0,23.0,25.0,26.0,22.0,28.0,28.0,40.0,27.0,17.0,30.0,30.0,30.0,30.0,24.0,37.0,27.0,32.0,21.0,31.0,32.0
28.0,25.0,33.0,23.0,42.0,37.0,38.0,35.0,33.0,25.0,30.0,25.0,36.0,27.0,35.0,41.0,34.0,29.0,29.0,21.0,25.0,27.0,31.0,19.0,27.0,27.0,27.0,38.0,21.0,26.0,26.0,31.0,33.0,24.0,24.0,30.0,28.0,30.0,26.0,24.0,23.0,30.0,30.0,34.0,30.0,27.0,23.0,30.0,39.0,29.0
30.0,37.0,30.0,41.0,34.0,35.0,34.0,30.0,33.0,38.0,38.0,21.0,31.0,31.0,37.0,37.0,36.0,23.0,30.0,34.0,35.0,36.0,34.0,33.0,35.0,33.0,32.0,30.0,34.0,36.0,30.0,39.0,45.0,32.0,33.0,36.0,33.0,39.0,27.0,32.0,36.0,33.0,36.0,35.0,32.0,31.0,34.0,41.0,32.0,30.0
