10,50,1000
16.711755,19.254589,19.92853,15.838273,17.933869,16.714469,17.257406,15.568247,18.808869,15.506203
9.901114,8.412099,7.662255,9.384122,8.61573,8.766951,5.551114,5.939096,6.558467,8.444212
0.0,10.0,20.0,30.0,40.0,50.0,60.0,70.0,80.0,90.0
10.0,0.0,10.0,20.0,30.0,40.0,50.0,60.0,70.0,80.0
20.0,10.0,0.0,10.0,20.0,30.0,40.0,50.0,60.0,70.0
30.0,20.0,10.0,0.0,10.0,20.0,30.0,40.0,50.0,60.0
40.0,30.0,20.0,10.0,0.0,10.0,20.0,30.0,40.0,50.0
50.0,40.0,30.0,20.0,10.0,0.0,10.0,20.0,30.0,40.0
60.0,50.0,40.0,30.0,20.0,10.0,0.0,10.0,20.0,30.0
70.0,60.0,50.0,40.0,30.0,20.0,10.0,0.0,10.0,20.0
80.0,70.0,60.0,50.0,40.0,30.0,20.0,10.0,0.0,10.0
90.0,80.0,70.0,60.0,50.0,40.0,30.0,20.0,10.0,0.0
450.0,400.0,350.0,300.0,250.0,250.0,300.0,350.0,400.0,450.0
0.0,1.0,2.0,3.0,4.0,5.0,6.0,7.0,8.0,9.0
1.0,0.0,1.0,2.0,3.0,4.0,5.0,6.0,7.0,8.0
2.0,1.0,0.0,1.0,2.0,3.0,4.0,5.0,6.0,7.0
3.0,2.0,1.0,0.0,1.0,2.0,3.0,4.0,5.0,6.0
4.0,3.0,2.0,1.0,0.0,1.0,2.0,3.0,4.0,5.0
5.0,4.0,3.0,2.0,1.0,0.0,1.0,2.0,3.0,4.0
6.0,5.0,4.0,3.0,2.0,1.0,0.0,1.0,2.0,3.0
7.0,6.0,5.0,4.0,3.0,2.0,1.0,0.0,1.0,2.0
8.0,7.0,6.0,5.0,4.0,3.0,2.0,1.0,0.0,1.0
9.0,8.0,7.0,6.0,5.0,4.0,3.0,2.0,1.0,0.0
45.0,40.0,35.0,30.0,25.0,25.0,30.0,35.0,40.0,45.0
36.0,34.0,39.0,29.0,40.0,36.0,44.0,31.0,30.0,39.0,33.0,32.0,39.0,39.0,31.0,25.0,34.0,38.0,43.0,34.0,39.0,41.0,35.0,32.0,33.0,35.0,34.0,38.0,27.0,39.0,40.0,43.0,33.0,26.0,33.0,41.0,44.0,42.0,38.0,39.0,28.0,29.0,49.0,40.0,20.0,42.0,39.0,31.0,28.0,34.0
26.0,42.0,28.0,40.0,33.0,23.0,34.0,27.0,29.0,29.0,26.0,27.0,37.0,32.0,35.0,27.0,23.0,32.0,32.0,36.0,35.0,26.0,30.0,27.0,24.0,29.0,32.0,34.0,25.0,31.0,31.0,29.0,16.0,35.0,33.0,40.0,29.0,39.0,30.0,33.0,31.0,32.0,35.0,28.0,41.0,38.0,30.0,26.0,34.0,22.0
29.0,32.0,28.0,28.0,25.0,32.0,31.0,25.0,34.0,21.0,26.0,39.0,31.0,30.0,22.0,30.0,33.0,26.0,22.0,31.0,20.0,22.0,31.0,31.0,34.0,24.0,29.0,26.0,30.0,24.0,23.0,24.0,19.0,22.0,25.0,39.0,39.0,26.0,25.0,38.0,48.0,27.0,23.0,28.0,28.0,29.0,28.0,34.0,33.0,26.0
29.0,38.0,30.0,38.0,36.0,36.0,36.0,33.0,29.0,30.0,32.0,28.0,47.0,33.0,26.0,34.0,37.0,32.0,26.0,31.0,27.0,40.0,40.0,34.0,35.0,31.0,32.0,28.0,30.0,27.0,36.0,38.0,50.0,36.0,22.0,35.0,27.0,43.0,34.0,38.0,32.0,36.0,41.0,33.0,38.0,38.0,20.0,37.0,35.0,33.0
34.0,36.0,29.0,27.0,30.0,29.0,35.0,38.0,37.0,32.0,27.0,27.0,31.0,37.0,35.0,35.0,26.0,35.0,43.0,25.0,41.0,24.0,28.0,40.0,28.0,45.0,39.0,40.0,43.0,28.0,37.0,42.0,27.0,29.0,46.0,28.0,45.0,31.0,34.0,32.0,42.0,25.0,27.0,27.0,25.0,41.0,21.0,37.0,32.0,32.0
30.0,36.0,29.0,26.0,22.0,36.0,20.0,24.0,27.0,33.0,37.0,27.0,27.0,27.0,32.0,29.0,28.0,31.0,32.0,31.0,32.0,37.0,31.0,32.0,40.0,26.0,26.0,36.0,29.0,43.0,39.0,38.0,32.0,36.0,42.0,33.0,32.0,29.0,27.0,43.0,34.0,36.0,26.0,34.0,41.0,23.0,36.0,28.0,37.0,26.0
22.0,23.0,18.0,22.0,26.0,24.0,22.0,26.0,23.0,21.0,25.0,21.0,26.0,31.0,25.0,19.0,15.0,28.0,25.0,13.0,20.0,20.0,21.0,33.0,24.0,17.0,25.0,24.0,20.0,28.0,19.0,21.0,22.0,16.0,28.0,26.0,26.0,18.0,20.0,20.0,23.0,14.0,22.0,29.0,29.0,30.0,25.0,26.0,16.0,16.0
28.0,20.0,31.0,21.0,25.0,21.0,29.0,21.0,25.0,22.0,26.0,28.0,21.0,20.0,26.0,29.0,19.0,18.0,23.0,23.0,21.0,33.0,22.0,25.0,14.0,27.0,28.0,20.0,27.0,29.0,23.0,30.0,20.0,27.0,19.0,40.0,22.0,25.0,17.0,19.0,26.0,21.0,23.0,11.0,30.0,22.0,28.0,24.0,16.0,23.0
19.0,29.0,29.0,21.0,26.0,36.0,24.0,21.0,18.0,25.0,24.0,24.0,32.0,27.0,22.0,28.0,28.0,25.0,34.0,19.0,29.0,31.0,31.0,24.0,28.0,28.0,34.0,25.0,26.0,24.0,28.0,17.0,21.0,24.0,19.0,23.0,30.0,20.0,29.0,22.0,18.0,21.0,25.0,27.0,28.0,32.0,31.0,34.0,25.0,16.0
30.0,32.0,27.0,31.0,35.0,35.0,33.0,35.0,37.0,39.0,32.0,31.0,42.0,34.0,28.0,34.0,34.0,27.0,34.0,30.0,22.0,36.0,36.0,30.0,40.0,37.0,35.0,30.0,21.0,34.0,45.0,31.0,23.0,39.0,34.0,32.0,36.0,24.0,36.0,35.0,35.0,36.0,38.0,32.0,34.0,32.0,24.0,35.0,32.0,32.0
