10,50,1000
16.318192,16.983842,17.782125,15.293865,19.729257,15.239157,17.118319,16.630338,16.907946,15.189605
6.479183,7.666359,6.505648,7.487281,6.456867,9.431215,9.701608,6.32128,6.836356,6.481042
0.0,10.0,20.0,30.0,40.0,50.0,60.0,70.0,80.0,90.0
10.0,0.0,10.0,20.0,30.0,40.0,50.0,60.0,70.0,80.0
20.0,10.0,0.0,10.0,20.0,30.0,40.0,50.0,60.0,70.0
30.0,20.0,10.0,0.0,10.0,20.0,30.0,40.0,50.0,60.0
40.0,30.0,20.0,10.0,0.0,10.0,20.0,30.0,40.0,50.0
50.0,40.0,30.0,20.0,10.0,0.0,10.0,20.0,30.0,40.0
60.0,50.0,40.0,30.0,20.0,10.0,0.0,10.0,20.0,30.0
70.0,60.0,50.0,40.0,30.0,20.0,10.0,0.0,10.0,20.0
80.0,70.0,60.0,50.0,40.0,30.0,20.0,10.0,0.0,10.0
90.0,80.0,70.0,60.0,50.0,40.0,30.0,20.0,10.0,0.0
450.0,400.0,350.0,300.0,250.0,250.0,300.0,350.0,400.0,450.0
0.0,1.0,2.0,3.0,4.0,5.0,6.0,7.0,8.0,9.0
1.0,0.0,1.0,2.0,3.0,4.0,5.0,6.0,7.0,8.0
2.0,1.0,0.0,1.0,2.0,3.0,4.0,5.0,6.0,7.0
3.0,2.0,1.0,0.0,1.0,2.0,3.0,4.0,5.0,6.0
4.0,3.0,2.0,1.0,0.0,1.0,2.0,3.0,4.0,5.0
5.0,4.0,3.0,2.0,1.0,0.0,1.0,2.0,3.0,4.0
6.0,5.0,4.0,3.0,2.0,1.0,0.0,1.0,2.0,3.0
7.0,6.0,5.0,4.0,3.0,2.0,1.0,0.0,1.0,2.0
8.0,7.0,6.0,5.0,4.0,3.0,2.0,1.0,0.0,1.0
9.0,8.0,7.0,6.0,5.0,4.0,3.0,2.0,1.0,0.0
45.0,40.0,35.0,30.0,25.0,25.0,30.0,35.0,40.0,45.0
20.0,21.0,21.0,22.0,22.0,21.0,25.0,26.0,21.0,28.0,26.0,24.0,19.0,29.0,26.0,20.0,22.0,21.0,21.0,30.0,26.0,20.0,20.0,30.0,28.0,24.0,28.0,13.0,22.0,29.0,27.0,29.0,23.0,24.0,24.0,22.0,16.0,26.0,31.0,23.0,22.0,25.0,21.0,25.0,22.0,23.0,23.0,32.0,17.0,32.0
32.0,24.0,19.0,28.0,24.0,31.0,34.0,27.0,27.0,27.0,28.0,23.0,31.0,24.0,25.0,24.0,27.0,31.0,31.0,28.0,23.0,26.0,32.0,26.0,40.0,30.0,27.0,33.0,31.0,27.0,33.0,30.0,24.0,20.0,27.0,28.0,33.0,19.0,28.0,21.0,27.0,31.0,31.0,35.0,15.0,32.0,30.0,20.0,25.0,28.0
25.0,21.0,24.0,27.0,28.0,34.0,28.0,30.0,24.0,20.0,25.0,34.0,24.0,28.0,30.0,15.0,13.0,22.0,22.0,32.0,29.0,34.0,29.0,23.0,23.0,20.0,23.0,25.0,32.0,24.0,26.0,29.0,25.0,29.0,30.0,25.0,25.0,30.0,28.0,38.0,26.0,25.0,23.0,33.0,26.0,20.0,28.0,24.0,27.0,26.0
31.0,32.0,30.0,26.0,30.0,26.0,21.0,31.0,21.0,27.0,21.0,26.0,36.0,26.0,39.0,23.0,30.0,27.0,23.0,31.0,21.0,25.0,32.0,31.0,33.0,31.0,34.0,21.0,30.0,32.0,24.0,28.0,26.0,26.0,32.0,30.0,33.0,25.0,36.0,29.0,17.0,23.0,28.0,27.0,24.0,25.0,28.0,24.0,33.0,31.0
19.0,34.0,26.0,32.0,26.0,37.0,20.0,20.0,25.0,21.0,24.0,25.0,27.0,31.0,36.0,24.0,16.0,29.0,27.0,32.0,28.0,23.0,27.0,25.0,25.0,34.0,30.0,34.0,22.0,37.0,34.0,28.0,26.0,24.0,18.0,22.0,27.0,25.0,36.0,28.0,24.0,24.0,27.0,28.0,27.0,25.0,30.0,28.0,24.0,19.0
35.0,37.0,40.0,34.0,24.0,41.0,37.0,25.0,20.0,38.0,30.0,32.0,46.0,33.0,30.0,40.0,26.0,30.0,37.0,38.0,28.0,29.0,24.0,33.0,33.0,29.0,23.0,31.0,32.0,44.0,44.0,36.0,41.0,39.0,33.0,30.0,39.0,38.0,30.0,35.0,26.0,31.0,34.0,30.0,24.0,38.0,24.0,28.0,44.0,21.0
28.0,36.0,33.0,40.0,30.0,32.0,36.0,44.0,40.0,44.0,34.0,43.0,30.0,35.0,30.0,31.0,41.0,34.0,42.0,30.0,34.0,47.0,41.0,38.0,40.0,38.0,41.0,37.0,33.0,36.0,29.0,41.0,34.0,35.0,47.0,35.0,37.0,34.0,31.0,40.0,45.0,31.0,34.0,32.0,37.0,40.0,32.0,44.0,37.0,28.0
25.0,22.0,30.0,24.0,27.0,32.0,36.0,23.0,23.0,15.0,24.0,29.0,20.0,21.0,21.0,18.0,23.0,24.0,26.0,28.0,21.0,24.0,16.0,25.0,31.0,30.0,23.0,29.0,21.0,18.0,22.0,28.0,25.0,40.0,20.0,33.0,26.0,19.0,25.0,22.0,23.0,21.0,25.0,30.0,25.0,18.0,28.0,21.0,28.0,28.0
37.0,20.0,23.0,22.0,27.0,15.0,16.0,16.0,30.0,26.0,25.0,13.0,24.0,27.0,29.0,28.0,21.0,32.0,24.0,19.0,30.0,28.0,25.0,28.0,21.0,30.0,35.0,27.0,23.0,27.0,21.0,22.0,27.0,30.0,25.0,20.0,27.0,29.0,31.0,20.0,27.0,25.0,19.0,27.0,26.0,26.0,30.0,30.0,32.0,23.0
30.0,26.0,23.0,23.0,30.0,25.0,28.0,25.0,29.0,20.0,28.0,22.0,25.0,29.0,18.0,31.0,20.0,29.0,20.0,35.0,20.0,25.0,28.0,28.0,28.0,23.0,26.0,26.0,26.0,29.0,28.0,24.0,25.0,28.0,23.0,32.0,20.0,28.0,31.0,18.0,23.0,29.0,32.0,28.0,21.0,22.0,29.0,30.0,23.0,33.0
