10,50,1000
16.142678,15.353451,17.83979,18.10975,19.004346,18.587311,17.136494,19.650748,16.495486,17.111716
9.853427,8.759784,6.833643,8.013334,7.866563,8.001584,6.617444,7.294876,6.058478,7.361404
0.0,10.0,20.0,30.0,40.0,50.0,60.0,70.0,80.0,90.0
10.0,0.0,10.0,20.0,30.0,40.0,50.0,60.0,70.0,80.0
20.0,10.0,0.0,10.0,20.0,30.0,40.0,50.0,60.0,70.0
30.0,20.0,10.0,0.0,10.0,20.0,30.0,40.0,50.0,60.0
40.0,30.0,20.0,10.0,0.0,10.0,20.0,30.0,40.0,50.0
50.0,40.0,30.0,20.0,10.0,0.0,10.0,20.0,30.0,40.0
60.0,50.0,40.0,30.0,20.0,10.0,0.0,10.0,20.0,30.0
70.0,60.0,50.0,40.0,30.0,20.0,10.0,0.0,10.0,20.0
80.0,70.0,60.0,50.0,40.0,30.0,20.0,10.0,0.0,10.0
90.0,80.0,70.0,60.0,50.0,40.0,30.0,20.0,10.0,0.0
450.0,400.0,350.0,300.0,250.0,250.0,300.0,350.0,400.0,450.0
0.0,1.0,2.0,3.0,4.0,5.0,6.0,7.0,8.0,9.0
1.0,0.0,1.0,2.0,3.0,4.0,5.0,6.0,7.0,8.0
2.0,1.0,0.0,1.0,2.0,3.0,4.0,5.0,6.0,7.0
3.0,2.0,1.0,0.0,1.0,2.0,3.0,4.0,5.0,6.0
4.0,3.0,2.0,1.0,0.0,1.0,2.0,3.0,4.0,5.0
5.0,4.0,3.0,2.0,1.0,0.0,1.0,2.0,3.0,4.0
6.0,5.0,4.0,3.0,2.0,1.0,0.0,1.0,2.0,3.0
7.0,6.0,5.0,4.0,3.0,2.0,1.0,0.0,1.0,2.0
8.0,7.0,6.0,5.0,4.0,3.0,2.0,1.0,0.0,1.0
9.0,8.0,7.0,6.0,5.0,4.0,3.0,2.0,1.0,0.0
45.0,40.0,35.0,30.0,25.0,25.0,30.0,35.0,40.0,45.0
42.0,30.0,22.0,40.0,30.0,51.0,44.0,32.0,29.0,30.0,32.0,32.0,32.0,39.0,46.0,39.0,39.0,47.0,41.0,33.0,39.0,45.0,39.0,30.0,33.0,27.0,37.0,41.0,40.0,30.0,38.0,36.0,43.0,41.0,26.0,31.0,40.0,34.0,35.0,32.0,35.0,31.0,38.0,48.0,43.0,39.0,44.0,29.0,32.0,39.0
32.0,29.0,32.0,30.0,34.0,24.0,30.0,36.0,36.0,33.0,37.0,29.0,32.0,31.0,30.0,35.0,28.0,38.0,39.0,40.0,29.0,20.0,28.0,25.0,33.0,30.0,41.0,31.0,36.0,26.0,26.0,38.0,30.0,41.0,28.0,28.0,34.0,25.0,34.0,38.0,31.0,30.0,30.0,39.0,35.0,32.0,39.0,35.0,33.0,30.0
24.0,28.0,31.0,23.0,29.0,27.0,24.0,30.0,27.0,34.0,33.0,28.0,33.0,22.0,21.0,31.0,26.0,30.0,21.0,20.0,31.0,26.0,22.0,21.0,39.0,29.0,25.0,25.0,25.0,24.0,29.0,29.0,30.0,26.0,23.0,25.0,29.0,24.0,22.0,28.0,28.0,24.0,35.0,13.0,32.0,27.0,19.0,24.0,24.0,29.0
34.0,21.0,29.0,27.0,29.0,28.0,41.0,32.0,24.0,29.0,43.0,27.0,33.0,26.0,33.0,34.0,36.0,38.0,36.0,30.0,27.0,34.0,31.0,39.0,27.0,37.0,37.0,34.0,25.0,28.0,25.0,27.0,39.0,28.0,24.0,17.0,34.0,34.0,25.0,26.0,26.0,39.0,22.0,31.0,29.0,30.0,32.0,42.0,26.0,28.0
40.0,39.0,42.0,32.0,34.0,21.0,33.0,24.0,33.0,25.0,29.0,25.0,37.0,31.0,24.0,41.0,36.0,24.0,31.0,28.0,31.0,34.0,34.0,25.0,25.0,47.0,27.0,25.0,21.0,34.0,28.0,23.0,32.0,26.0,28.0,32.0,32.0,38.0,37.0,21.0,27.0,22.0,29.0,32.0,28.0,21.0,29.0,23.0,35.0,32.0
31.0,29.0,35.0,30.0,29.0,26.0,23.0,36.0,34.0,35.0,26.0,45.0,46.0,27.0,34.0,33.0,31.0,39.0,32.0,29.0,30.0,35.0,44.0,31.0,37.0,32.0,36.0,29.0,26.0,26.0,22.0,24.0,29.0,45.0,34.0,36.0,28.0,32.0,29.0,23.0,33.0,32.0,30.0,33.0,30.0,33.0,38.0,27.0,38.0,37.0
29.0,19.0,32.0,27.0,30.0,28.0,30.0,15.0,24.0,22.0,23.0,29.0,33.0,22.0,23.0,23.0,24.0,32.0,32.0,23.0,24.0,20.0,22.0,22.0,35.0,17.0,31.0,27.0,22.0,28.0,21.0,18.0,35.0,31.0,28.0,27.0,19.0,25.0,27.0,21.0,21.0,21.0,31.0,22.0,22.0,27.0,26.0,28.0,25.0,26.0
37.0,25.0,19.0,34.0,24.0,36.0,20.0,22.0,24.0,33.0,41.0,37.0,27.0,28.0,31.0,22.0,30.0,25.0,33.0,33.0,28.0,22.0,27.0,24.0,37.0,29.0,25.0,29.0,28.0,19.0,26.0,23.0,35.0,31.0,30.0,27.0,28.0,38.0,32.0,26.0,30.0,33.0,22.0,25.0,26.0,35.0,31.0,32.0,30.0,33.0
20.0,18.0,23.0,25.0,30.0,24.0,20.0,22.0,24.0,22.0,37.0,34.0,27.0,25.0,23.0,20.0,19.0,21.0,26.0,20.0,24.0,24.0,18.0,27.0,26.0,26.0,28.0,39.0,19.0,24.0,21.0,23.0,18.0,20.0,26.0,28.0,16.0,18.0,26.0,19.0,30.0,22.0,26.0,28.0,25.0,27.0,23.0,20.0,26.0,26.0
45.0,25.0,27.0,38.0,29.0,23.0,28.0,29.0,27.0,25.0,20.0,22.0,32.0,33.0,29.0,25.0,30.0,30.0,27.0,34.0,24.0,29.0,27.0,29.0,33.0,32.0,29.0,25.0,29.0,40.0,39.0,29.0,25.0,26.0,25.0,21.0,23.0,30.0,25.0,31.0,29.0,32.0,18.0,30.0,26.0,34.0,40.0,35.0,37.0,28.0
