10,50,1000
19.118113,15.529465,18.460624,18.03555,16.518034,15.186327,16.389267,16.332786,17.364561,19.19574
7.113096,8.983983,5.21407,8.703041,6.290532,5.088669,5.829301,5.333638,5.021423,9.325391
0.0,10.0,20.0,30.0,40.0,50.0,60.0,70.0,80.0,90.0
10.0,0.0,10.0,20.0,30.0,40.0,50.0,60.0,70.0,80.0
20.0,10.0,0.0,10.0,20.0,30.0,40.0,50.0,60.0,70.0
30.0,20.0,10.0,0.0,10.0,20.0,30.0,40.0,50.0,60.0
40.0,30.0,20.0,10.0,0.0,10.0,20.0,30.0,40.0,50.0
50.0,40.0,30.0,20.0,10.0,0.0,10.0,20.0,30.0,40.0
60.0,50.0,40.0,30.0,20.0,10.0,0.0,10.0,20.0,30.0
70.0,60.0,50.0,40.0,30.0,20.0,10.0,0.0,10.0,20.0
80.0,70.0,60.0,50.0,40.0,30.0,20.0,10.0,0.0,10.0
90.0,80.0,70.0,60.0,50.0,40.0,30.0,20.0,10.0,0.0
450.0,400.0,350.0,300.0,250.0,250.0,300.0,350.0,400.0,450.0
0.0,1.0,2.0,3.0,4.0,5.0,6.0,7.0,8.0,9.0
1.0,0.0,1.0,2.0,3.0,4.0,5.0,6.0,7.0,8.0
2.0,1.0,0.0,1.0,2.0,3.0,4.0,5.0,6.0,7.0
3.0,2.0,1.0,0.0,1.0,2.0,3.0,4.0,5.0,6.0
4.0,3.0,2.0,1.0,0.0,1.0,2.0,3.0,4.0,5.0
5.0,4.0,3.0,2.0,1.0,0.0,1.0,2.0,3.0,4.0
6.0,5.0,4.0,3.0,2.0,1.0,0.0,1.0,2.0,3.0
7.0,6.0,5.0,4.0,3.0,2.0,1.0,0.0,1.0,2.0
8.0,7.0,6.0,5.0,4.0,3.0,2.0,1.0,0.0,1.0
9.0,8.0,7.0,6.0,5.0,4.0,3.0,2.0,1.0,0.0
45.0,40.0,35.0,30.0,25.0,25.0,30.0,35.0,40.0,45.0
30.0,28.0,20.0,37.0,23.0,26.0,26.0,24.0,26.0,35.0,26.0,33.0,28.0,22.0,19.0,27.0,28.0,24.0,30.0,25.0,31.0,25.0,27.0,26.0,25.0,26.0,30.0,26.0,31.0,33.0,32.0,21.0,21.0,27.0,31.0,26.0,29.0,32.0,35.0,32.0,22.0,23.0,28.0,28.0,37.0,34.0,28.0,26.0,20.0,19.0
30.0,29.0,30.0,24.0,35.0,28.0,34.0,25.0,25.0,33.0,33.0,35.0,26.0,33.0,39.0,28.0,29.0,36.0,27.0,37.0,43.0,32.0,35.0,35.0,33.0,28.0,38.0,30.0,30.0,34.0,39.0,39.0,28.0,38.0,36.0,33.0,29.0,37.0,30.0,34.0,35.0,34.0,28.0,29.0,38.0,37.0,32.0,43.0,25.0,40.0
21.0,24.0,19.0,27.0,19.0,24.0,30.0,18.0,19.0,14.0,17.0,22.0,27.0,32.0,18.0,17.0,18.0,17.0,30.0,16.0,24.0,18.0,16.0,21.0,22.0,25.0,27.0,28.0,33.0,31.0,24.0,21.0,25.0,21.0,26.0,20.0,22.0,25.0,21.0,21.0,19.0,18.0,28.0,19.0,24.0,23.0,19.0,24.0,23.0,31.0
33.0,34.0,32.0,28.0,35.0,23.0,28.0,35.0,46.0,28.0,28.0,36.0,33.0,37.0,31.0,41.0,33.0,31.0,22.0,30.0,24.0,38.0,39.0,30.0,32.0,26.0,28.0,37.0,34.0,36.0,38.0,27.0,41.0,35.0,29.0,35.0,33.0,31.0,29.0,27.0,34.0,32.0,44.0,42.0,40.0,32.0,26.0,38.0,29.0,36.0
21.0,28.0,22.0,24.0,23.0,23.0,32.0,28.0,15.0,16.0,21.0,36.0,25.0,20.0,26.0,24.0,18.0,21.0,24.0,21.0,22.0,21.0,33.0,17.0,26.0,22.0,31.0,29.0,23.0,30.0,26.0,21.0,35.0,30.0,26.0,21.0,21.0,24.0,22.0,20.0,21.0,22.0,20.0,29.0,25.0,17.0,31.0,23.0,18.0,23.0
19.0,27.0,17.0,27.0,25.0,24.0,22.0,15.0,22.0,22.0,17.0,26.0,34.0,19.0,24.0,20.0,22.0,23.0,25.0,16.0,11.0,18.0,16.0,16.0,26.0,22.0,18.0,18.0,18.0,27.0,21.0,14.0,25.0,26.0,18.0,15.0,20.0,23.0,26.0,19.0,19.0,27.0,14.0,24.0,22.0,13.0,13.0,19.0,15.0,22.0
30.0,19.0,27.0,31.0,23.0,18.0,30.0,25.0,22.0,23.0,14.0,18.0,21.0,24.0,15.0,23.0,18.0,14.0,26.0,27.0,34.0,34.0,21.0,22.0,20.0,27.0,21.0,25.0,19.0,23.0,26.0,23.0,11.0,21.0,20.0,30.0,25.0,26.0,23.0,16.0,23.0,24.0,24.0,20.0,24.0,17.0,24.0,31.0,22.0,24.0
29.0,22.0,19.0,21.0,25.0,30.0,23.0,22.0,16.0,21.0,18.0,24.0,25.0,24.0,19.0,16.0,23.0,22.0,20.0,27.0,27.0,23.0,20.0,21.0,27.0,15.0,34.0,26.0,24.0,17.0,19.0,20.0,27.0,21.0,23.0,19.0,24.0,18.0,24.0,18.0,16.0,24.0,18.0,20.0,27.0,23.0,19.0,24.0,20.0,20.0
29.0,19.0,18.0,26.0,19.0,17.0,17.0,21.0,17.0,17.0,17.0,24.0,29.0,27.0,26.0,25.0,9.0,16.0,22.0,15.0,19.0,21.0,15.0,18.0,19.0,28.0,15.0,21.0,20.0,17.0,30.0,25.0,28.0,23.0,24.0,20.0,19.0,27.0,23.0,17.0,15.0,15.0,22.0,15.0,17.0,20.0,17.0,24.0,10.0,25.0
34.0,45.0,33.0,20.0,21.0,39.0,35.0,31.0,42.0,24.0,46.0,34.0,28.0,27.0,23.0,38.0,25.0,33.0,36.0,41.0,31.0,32.0,36.0,39.0,31.0,23.0,32.0,25.0,36.0,34.0,32.0,17.0,41.0,40.0,31.0,40.0,24.0,32.0,42.0,39.0,41.0,43.0,29.0,27.0,33.0,39.0,33.0,36.0,43.0,42.0
