10,50,1000
16.537929,19.03071,18.306719,17.917552,16.835152,17.017747,18.345325,15.960622,16.690243,18.803031
7.43562,5.217748,9.522771,5.922378,9.728433,5.940173,5.025087,6.222335,6.258588,8.587339
0.0,10.0,20.0,30.0,40.0,50.0,60.0,70.0,80.0,90.0
10.0,0.0,10.0,20.0,30.0,40.0,50.0,60.0,70.0,80.0
20.0,10.0,0.0,10.0,20.0,30.0,40.0,50.0,60.0,70.0
30.0,20.0,10.0,0.0,10.0,20.0,30.0,40.0,50.0,60.0
40.0,30.0,20.0,10.0,0.0,10.0,20.0,30.0,40.0,50.0
50.0,40.0,30.0,20.0,10.0,0.0,10.0,20.0,30.0,40.0
60.0,50.0,40.0,30.0,20.0,10.0,0.0,10.0,20.0,30.0
70.0,60.0,50.0,40.0,30.0,20.0,10.0,0.0,10.0,20.0
80.0,70.0,60.0,50.0,40.0,30.0,20.0,10.0,0.0,10.0
90.0,80.0,70.0,60.0,50.0,40.0,30.0,20.0,10.0,0.0
450.0,400.0,350.0,300.0,250.0,250.0,300.0,350.0,400.0,450.0
0.0,1.0,2.0,3.0,4.0,5.0,6.0,7.0,8.0,9.0
1.0,0.0,1.0,2.0,3.0,4.0,5.0,6.0,7.0,8.0
2.0,1.0,0.0,1.0,2.0,3.0,4.0,5.0,6.0,7.0
3.0,2.0,1.0,0.0,1.0,2.0,3.0,4.0,5.0,6.0
4.0,3.0,2.0,1.0,0.0,1.0,2.0,3.0,4.0,5.0
5.0,4.0,3.0,2.0,1.0,0.0,1.0,2.0,3.0,4.0
6.0,5.0,4.0,3.0,2.0,1.0,0.0,1.0,2.0,3.0
7.0,6.0,5.0,4.0,3.0,2.0,1.0,0.0,1.0,2.0
8.0,7.0,6.0,5.0,4.0,3.0,2.0,1.0,0.0,1.0
9.0,8.0,7.0,6.0,5.0,4.0,3.0,2.0,1.0,0.0
45.0,40.0,35.0,30.0,25.0,25.0,30.0,35.0,40.0,45.0
36.0,25.0,24.0,29.0,22.0,32.0,38.0,21.0,28.0,31.0,27.0,35.0,20.0,29.0,32.0,33.0,27.0,28.0,17.0,30.0,34.0,23.0,25.0,28.0,18.0,41.0,27.0,24.0,28.0,29.0,26.0,41.0,17.0,37.0,22.0,25.0,36.0,31.0,32.0,34.0,33.0,31.0,32.0,28.0,32.0,21.0,36.0,25.0,32.0,22.0
27.0,16.0,28.0,14.0,19.0,15.0,14.0,18.0,17.0,23.0,24.0,27.0,20.0,20.0,19.0,15.0,27.0,27.0,24.0,22.0,27.0,21.0,21.0,19.0,23.0,21.0,25.0,26.0,14.0,18.0,16.0,26.0,24.0,29.0,20.0,27.0,20.0,19.0,18.0,20.0,28.0,34.0,24.0,28.0,15.0,27.0,18.0,18.0,17.0,23.0
28.0,26.0,27.0,25.0,24.0,35.0,40.0,39.0,43.0,36.0,35.0,36.0,44.0,35.0,36.0,34.0,30.0,40.0,29.0,38.0,30.0,46.0,31.0,36.0,41.0,39.0,31.0,34.0,34.0,31.0,40.0,33.0,32.0,27.0,35.0,38.0,31.0,40.0,28.0,31.0,25.0,36.0,32.0,32.0,29.0,34.0,29.0,36.0,40.0,31.0
30.0,22.0,30.0,20.0,21.0,33.0,28.0,34.0,26.0,27.0,28.0,25.0,18.0,21.0,18.0,28.0,27.0,26.0,21.0,15.0,31.0,27.0,22.0,32.0,28.0,25.0,23.0,25.0,25.0,35.0,26.0,21.0,22.0,22.0,24.0,29.0,26.0,18.0,25.0,35.0,32.0,18.0,18.0,21.0,29.0,26.0,15.0,36.0,27.0,25.0
26.0,35.0,41.0,43.0,23.0,29.0,36.0,32.0,38.0,36.0,37.0,36.0,36.0,44.0,26.0,37.0,34.0,50.0,45.0,35.0,47.0,43.0,32.0,45.0,34.0,36.0,33.0,30.0,31.0,39.0,31.0,40.0,38.0,42.0,38.0,33.0,37.0,46.0,32.0,40.0,45.0,41.0,36.0,41.0,40.0,47.0,38.0,31.0,38.0,29.0
22.0,25.0,24.0,30.0,21.0,21.0,24.0,32.0,24.0,21.0,20.0,17.0,20.0,30.0,22.0,19.0,15.0,29.0,23.0,30.0,19.0,26.0,15.0,29.0,25.0,19.0,20.0,20.0,20.0,23.0,20.0,34.0,21.0,23.0,23.0,27.0,20.0,19.0,23.0,18.0,26.0,22.0,27.0,22.0,24.0,25.0,26.0,31.0,19.0,26.0
22.0,27.0,20.0,21.0,19.0,19.0,21.0,17.0,23.0,20.0,30.0,24.0,16.0,26.0,23.0,22.0,17.0,31.0,18.0,16.0,22.0,28.0,15.0,30.0,13.0,22.0,31.0,22.0,29.0,27.0,16.0,22.0,21.0,26.0,17.0,14.0,26.0,24.0,26.0,14.0,15.0,20.0,27.0,26.0,23.0,24.0,18.0,23.0,19.0,21.0
23.0,26.0,16.0,21.0,29.0,25.0,31.0,25.0,28.0,21.0,20.0,44.0,22.0,20.0,27.0,25.0,22.0,27.0,23.0,32.0,20.0,24.0,22.0,24.0,24.0,20.0,25.0,26.0,14.0,21.0,16.0,19.0,32.0,15.0,30.0,23.0,25.0,19.0,33.0,16.0,27.0,26.0,26.0,20.0,31.0,12.0,23.0,24.0,23.0,25.0
23.0,28.0,32.0,19.0,30.0,26.0,19.0,24.0,18.0,30.0,30.0,29.0,28.0,25.0,27.0,21.0,29.0,16.0,20.0,17.0,20.0,29.0,15.0,17.0,24.0,26.0,24.0,27.0,18.0,30.0,22.0,25.0,29.0,26.0,22.0,27.0,19.0,26.0,22.0,29.0,21.0,22.0,27.0,22.0,24.0,27.0,27.0,24.0,28.0,20.0
28.0,32.0,46.0,33.0,30.0,36.0,37.0,36.0,30.0,29.0,26.0,32.0,43.0,28.0,39.0,26.0,44.0,36.0,32.0,35.0,33.0,35.0,29.0,26.0,36.0,32.0,30.0,37.0,31.0,32.0,34.0,29.0,35.0,34.0,31.0,20.0,31.0,30.0,46.0,35.0,31.0,32.0,40.0,33.0,40.0,40.0,33.0,30.0,36.0,41.0
