10,50,1000
17.554927,15.448369,17.727897,16.499351,18.094782,18.204125,16.709312,17.778554,17.839005,15.357805
5.906458,6.531173,5.661239,7.466322,8.363418,8.696388,6.59832,7.351089,7.222401,5.469256
0.0,10.0,20.0,30.0,40.0,50.0,60.0,70.0,80.0,90.0
10.0,0.0,10.0,20.0,30.0,40.0,50.0,60.0,70.0,80.0
20.0,10.0,0.0,10.0,20.0,30.0,40.0,50.0,60.0,70.0
30.0,20.0,10.0,0.0,10.0,20.0,30.0,40.0,50.0,60.0
40.0,30.0,20.0,10.0,0.0,10.0,20.0,30.0,40.0,50.0
50.0,40.0,30.0,20.0,10.0,0.0,10.0,20.0,30.0,40.0
60.0,50.0,40.0,30.0,20.0,10.0,0.0,10.0,20.0,30.0
70.0,60.0,50.0,40.0,30.0,20.0,10.0,0.0,10.0,20.0
80.0,70.0,60.0,50.0,40.0,30.0,20.0,10.0,0.0,10.0
90.0,80.0,70.0,60.0,50.0,40.0,30.0,20.0,10.0,0.0
450.0,400.0,350.0,300.0,250.0,250.0,300.0,350.0,400.0,450.0
0.0,1.0,2.0,3.0,4.0,5.0,6.0,7.0,8.0,9.0
1.0,0.0,1.0,2.0,3.0,4.0,5.0,6.0,7.0,8.0
2.0,1.0,0.0,1.0,2.0,3.0,4.0,5.0,6.0,7.0
3.0,2.0,1.0,0.0,1.0,2.0,3.0,4.0,5.0,6.0
4.0,3.0,2.0,1.0,0.0,1.0,2.0,3.0,4.0,5.0
5.0,4.0,3.0,2.0,1.0,0.0,1.0,2.0,3.0,4.0
6.0,5.0,4.0,3.0,2.0,1.0,0.0,1.0,2.0,3.0
7.0,6.0,5.0,4.0,3.0,2.0,1.0,0.0,1.0,2.0
8.0,7.0,6.0,5.0,4.0,3.0,2.0,1.0,0.0,1.0
9.0,8.0,7.0,6.0,5.0,4.0,3.0,2.0,1.0,0.0
45.0,40.0,35.0,30.0,25.0,25.0,30.0,35.0,40.0,45.0
22.0,30.0,22.0,30.0,27.0,24.0,16.0,33.0,27.0,31.0,21.0,26.0,25.0,21.0,24.0,35.0,23.0,30.0,19.0,24.0,24.0,25.0,18.0,28.0,16.0,31.0,21.0,15.0,23.0,25.0,32.0,17.0,19.0,28.0,20.0,26.0,24.0,27.0,26.0,24.0,14.0,22.0,25.0,28.0,20.0,27.0,20.0,26.0,27.0,26.0
25.0,24.0,39.0,20.0,22.0,26.0,32.0,21.0,22.0,20.0,25.0,21.0,26.0,27.0,24.0,19.0,20.0,34.0,42.0,16.0,26.0,28.0,26.0,30.0,21.0,35.0,32.0,24.0,25.0,23.0,28.0,18.0,31.0,22.0,27.0,21.0,34.0,20.0,19.0,32.0,27.0,30.0,21.0,20.0,34.0,22.0,28.0,41.0,19.0,21.0
18.0,24.0,22.0,19.0,27.0,34.0,29.0,20.0,20.0,18.0,20.0,18.0,24.0,21.0,27.0,15.0,22.0,16.0,18.0,17.0,28.0,22.0,23.0,22.0,20.0,24.0,16.0,23.0,16.0,19.0,19.0,19.0,27.0,19.0,24.0,23.0,22.0,19.0,17.0,22.0,21.0,25.0,27.0,23.0,33.0,31.0,22.0,20.0,31.0,32.0
27.0,35.0,33.0,30.0,29.0,34.0,30.0,26.0,34.0,30.0,28.0,19.0,24.0,27.0,17.0,32.0,36.0,25.0,25.0,20.0,27.0,27.0,30.0,27.0,32.0,32.0,33.0,27.0,38.0,30.0,35.0,18.0,25.0,30.0,21.0,37.0,24.0,28.0,34.0,25.0,29.0,25.0,24.0,32.0,27.0,26.0,21.0,28.0,30.0,28.0
28.0,30.0,38.0,39.0,32.0,36.0,29.0,20.0,38.0,41.0,41.0,29.0,32.0,26.0,41.0,42.0,33.0,37.0,26.0,30.0,31.0,37.0,30.0,31.0,35.0,30.0,42.0,39.0,31.0,37.0,42.0,36.0,37.0,41.0,32.0,22.0,42.0,35.0,28.0,26.0,23.0,24.0,30.0,35.0,31.0,29.0,21.0,35.0,38.0,35.0
42.0,33.0,23.0,27.0,31.0,27.0,37.0,36.0,39.0,35.0,32.0,38.0,33.0,38.0,27.0,26.0,39.0,32.0,32.0,41.0,32.0,37.0,32.0,35.0,28.0,24.0,33.0,39.0,33.0,34.0,28.0,29.0,34.0,26.0,29.0,42.0,32.0,30.0,32.0,28.0,44.0,33.0,34.0,25.0,36.0,43.0,47.0,32.0,38.0,34.0
26.0,31.0,33.0,32.0,25.0,24.0,30.0,19.0,20.0,21.0,19.0,31.0,27.0,31.0,21.0,32.0,21.0,27.0,31.0,28.0,20.0,22.0,17.0,20.0,30.0,32.0,26.0,28.0,21.0,24.0,26.0,29.0,26.0,33.0,31.0,35.0,13.0,27.0,25.0,32.0,33.0,28.0,23.0,25.0,35.0,33.0,24.0,19.0,24.0,31.0
34.0,13.0,36.0,28.0,39.0,34.0,22.0,30.0,36.0,24.0,38.0,34.0,32.0,31.0,37.0,23.0,28.0,26.0,31.0,35.0,27.0,33.0,33.0,28.0,28.0,27.0,33.0,22.0,27.0,30.0,34.0,33.0,27.0,22.0,32.0,30.0,22.0,31.0,27.0,28.0,24.0,31.0,27.0,23.0,34.0,37.0,28.0,24.0,28.0,26.0
39.0,28.0,28.0,28.0,31.0,20.0,24.0,20.0,23.0,28.0,30.0,29.0,26.0,27.0,33.0,22.0,25.0,24.0,27.0,36.0,25.0,29.0,29.0,26.0,25.0,32.0,27.0,33.0,31.0,29.0,19.0,21.0,32.0,22.0,36.0,33.0,22.0,27.0,22.0,25.0,29.0,17.0,19.0,24.0,28.0,30.0,26.0,23.0,33.0,26.0
17.0,27.0,22.0,18.0,17.0,23.0,21.0,23.0,20.0,27.0,27.0,20.0,24.0,24.0,18.0,14.0,21.0,20.0,22.0,22.0,22.0,25.0,17.0,37.0,26.0,18.0,22.0,15.0,25.0,16.0,25.0,24.0,22.0,19.0,25.0,19.0,21.0,19.0,14.0,17.0,25.0,20.0,25.0,26.0,25.0,29.0,35.0,30.0,21.0,27.0
