10,50,1000
17.757878,19.016075,17.940372,19.980834,18.038319,19.945228,16.404131,16.628833,16.399915,17.273426
9.488771,7.734394,5.779546,5.575305,7.08128,9.548867,7.908834,7.654116,8.888005,8.549937
0.0,10.0,20.0,30.0,40.0,50.0,60.0,70.0,80.0,90.0
10.0,0.0,10.0,20.0,30.0,40.0,50.0,60.0,70.0,80.0
20.0,10.0,0.0,10.0,20.0,30.0,40.0,50.0,60.0,70.0
30.0,20.0,10.0,0.0,10.0,20.0,30.0,40.0,50.0,60.0
40.0,30.0,20.0,10.0,0.0,10.0,20.0,30.0,40.0,50.0
50.0,40.0,30.0,20.0,10.0,0.0,10.0,20.0,30.0,40.0
60.0,50.0,40.0,30.0,20.0,10.0,0.0,10.0,20.0,30.0
70.0,60.0,50.0,40.0,30.0,20.0,10.0,0.0,10.0,20.0
80.0,70.0,60.0,50.0,40.0,30.0,20.0,10.0,0.0,10.0
90.0,80.0,70.0,60.0,50.0,40.0,30.0,20.0,10.0,0.0
450.0,400.0,350.0,300.0,250.0,250.0,300.0,350.0,400.0,450.0
0.0,1.0,2.0,3.0,4.0,5.0,6.0,7.0,8.0,9.0
1.0,0.0,1.0,2.0,3.0,4.0,5.0,6.0,7.0,8.0
2.0,1.0,0.0,1.0,2.0,3.0,4.0,5.0,6.0,7.0
3.0,2.0,1.0,0.0,1.0,2.0,3.0,4.0,5.0,6.0
4.0,3.0,2.0,1.0,0.0,1.0,2.0,3.0,4.0,5.0
5.0,4.0,3.0,2.0,1.0,0.0,1.0,2.0,3.0,4.0
6.0,5.0,4.0,3.0,2.0,1.0,0.0,1.0,2.0,3.0
7.0,6.0,5.0,4.0,3.0,2.0,1.0,0.0,1.0,2.0
8.0,7.0,6.0,5.0,4.0,3.0,2.0,1.0,0.0,1.0
9.0,8.0,7.0,6.0,5.0,4.0,3.0,2.0,1.0,0.0
45.0,40.0,35.0,30.0,25.0,25.0,30.0,35.0,40.0,45.0
39.0,31.0,25.0,37.0,21.0,40.0,38.0,35.0,41.0,40.0,30.0,35.0,37.0,32.0,45.0,32.0,36.0,39.0,42.0,45.0,40.0,40.0,33.0,34.0,39.0,34.0,33.0,26.0,35.0,43.0,35.0,48.0,32.0,32.0,45.0,34.0,41.0,39.0,42.0,36.0,40.0,32.0,37.0,40.0,50.0,34.0,42.0,31.0,39.0,40.0
21.0,34.0,31.0,28.0,38.0,23.0,29.0,30.0,25.0,23.0,33.0,30.0,27.0,26.0,25.0,38.0,24.0,30.0,28.0,35.0,37.0,22.0,29.0,34.0,27.0,34.0,33.0,27.0,26.0,34.0,24.0,30.0,28.0,38.0,36.0,28.0,30.0,31.0,32.0,27.0,32.0,29.0,25.0,33.0,36.0,21.0,25.0,25.0,38.0,25.0
31.0,31.0,22.0,17.0,25.0,21.0,22.0,22.0,27.0,26.0,17.0,16.0,24.0,25.0,17.0,20.0,18.0,27.0,23.0,25.0,26.0,27.0,24.0,25.0,17.0,22.0,26.0,27.0,29.0,28.0,25.0,16.0,17.0,25.0,22.0,30.0,16.0,29.0,25.0,28.0,29.0,28.0,15.0,23.0,22.0,18.0,18.0,19.0,16.0,30.0
18.0,23.0,24.0,19.0,24.0,26.0,26.0,26.0,25.0,21.0,25.0,28.0,26.0,19.0,15.0,30.0,23.0,20.0,20.0,16.0,18.0,16.0,21.0,31.0,20.0,18.0,21.0,24.0,29.0,31.0,24.0,20.0,27.0,26.0,27.0,21.0,26.0,20.0,27.0,22.0,28.0,21.0,22.0,28.0,33.0,27.0,24.0,22.0,13.0,19.0
31.0,24.0,23.0,33.0,27.0,25.0,38.0,28.0,32.0,31.0,33.0,24.0,25.0,32.0,35.0,25.0,33.0,34.0,25.0,25.0,24.0,26.0,26.0,31.0,25.0,21.0,28.0,31.0,24.0,33.0,27.0,26.0,31.0,27.0,38.0,30.0,20.0,36.0,25.0,29.0,26.0,27.0,16.0,27.0,24.0,33.0,25.0,30.0,24.0,32.0
29.0,34.0,33.0,32.0,44.0,36.0,43.0,41.0,37.0,26.0,38.0,43.0,37.0,39.0,28.0,38.0,35.0,37.0,45.0,27.0,35.0,41.0,41.0,41.0,45.0,33.0,41.0,29.0,31.0,29.0,45.0,31.0,40.0,43.0,30.0,37.0,28.0,40.0,38.0,37.0,44.0,39.0,30.0,39.0,34.0,34.0,43.0,30.0,33.0,34.0
24.0,27.0,46.0,32.0,27.0,25.0,28.0,55.0,34.0,27.0,27.0,26.0,27.0,23.0,34.0,28.0,29.0,31.0,27.0,29.0,29.0,32.0,35.0,22.0,24.0,34.0,21.0,28.0,28.0,30.0,31.0,26.0,41.0,37.0,28.0,30.0,33.0,34.0,22.0,26.0,27.0,32.0,39.0,25.0,25.0,33.0,34.0,23.0,22.0,26.0
29.0,41.0,37.0,30.0,35.0,30.0,31.0,31.0,22.0,16.0,29.0,27.0,29.0,17.0,31.0,30.0,28.0,25.0,31.0,27.0,28.0,33.0,23.0,28.0,35.0,32.0,37.0,20.0,28.0,33.0,23.0,32.0,27.0,22.0,22.0,30.0,28.0,36.0,25.0,33.0,19.0,32.0,31.0,31.0,21.0,27.0,24.0,28.0,24.0,33.0
32.0,43.0,31.0,32.0,38.0,41.0,43.0,38.0,27.0,34.0,33.0,32.0,28.0,39.0,29.0,32.0,29.0,38.0,34.0,30.0,36.0,43.0,22.0,28.0,23.0,36.0,31.0,29.0,31.0,34.0,35.0,37.0,27.0,28.0,39.0,33.0,32.0,37.0,33.0,39.0,42.0,38.0,34.0,45.0,37.0,38.0,29.0,30.0,29.0,28.0
34.0,35.0,20.0,43.0,26.0,30.0,37.0,31.0,39.0,41.0,28.0,24.0,40.0,37.0,43.0,34.0,23.0,37.0,36.0,36.0,37.0,37.0,34.0,28.0,36.0,29.0,38.0,30.0,30.0,43.0,30.0,34.0,28.0,39.0,21.0,41.0,32.0,37.0,29.0,38.0,38.0,34.0,21.0,32.0,28.0,39.0,20.0,30.0,32.0,37.0
