10,50,1000
16.956526,18.346316,16.753802,19.381133,15.308504,17.713385,19.933852,16.887598,19.393729,17.408501
7.657449,9.20376,6.909808,6.880525,5.268824,5.516519,8.577954,6.119732,5.929779,8.153739
0.0,10.0,20.0,30.0,40.0,50.0,60.0,70.0,80.0,90.0
10.0,0.0,10.0,20.0,30.0,40.0,50.0,60.0,70.0,80.0
20.0,10.0,0.0,10.0,20.0,30.0,40.0,50.0,60.0,70.0
30.0,20.0,10.0,0.0,10.0,20.0,30.0,40.0,50.0,60.0
40.0,30.0,20.0,10.0,0.0,10.0,20.0,30.0,40.0,50.0
50.0,40.0,30.0,20.0,10.0,0.0,10.0,20.0,30.0,40.0
60.0,50.0,40.0,30.0,20.0,10.0,0.0,10.0,20.0,30.0
70.0,60.0,50.0,40.0,30.0,20.0,10.0,0.0,10.0,20.0
80.0,70.0,60.0,50.0,40.0,30.0,20.0,10.0,0.0,10.0
90.0,80.0,70.0,60.0,50.0,40.0,30.0,20.0,10.0,0.0
450.0,400.0,350.0,300.0,250.0,250.0,300.0,350.0,400.0,450.0
0.0,1.0,2.0,3.0,4.0,5.0,6.0,7.0,8.0,9.0
1.0,0.0,1.0,2.0,3.0,4.0,5.0,6.0,7.0,8.0
2.0,1.0,0.0,1.0,2.0,3.0,4.0,5.0,6.0,7.0
3.0,2.0,1.0,0.0,1.0,2.0,3.0,4.0,5.0,6.0
4.0,3.0,2.0,1.0,0.0,1.0,2.0,3.0,4.0,5.0
5.0,4.0,3.0,2.0,1.0,0.0,1.0,2.0,3.0,4.0
6.0,5.0,4.0,3.0,2.0,1.0,0.0,1.0,2.0,3.0
7.0,6.0,5.0,4.0,3.0,2.0,1.0,0.0,1.0,2.0
8.0,7.0,6.0,5.0,4.0,3.0,2.0,1.0,0.0,1.0
9.0,8.0,7.0,6.0,5.0,4.0,3.0,2.0,1.0,0.0
45.0,40.0,35.0,30.0,25.0,25.0,30.0,35.0,40.0,45.0
29.0,23.0,25.0,30.0,27.0,26.0,32.0,39.0,36.0,31.0,33.0,31.0,26.0,26.0,32.0,27.0,32.0,34.0,31.0,29.0,18.0,29.0,36.0,27.0,26.0,27.0,41.0,33.0,30.0,24.0,36.0,26.0,27.0,27.0,34.0,30.0,25.0,23.0,23.0,31.0,29.0,37.0,23.0,22.0,27.0,20.0,27.0,26.0,34.0,25.0
30.0,34.0,36.0,37.0,28.0,32.0,32.0,41.0,25.0,36.0,38.0,28.0,37.0,32.0,38.0,28.0,27.0,28.0,33.0,32.0,39.0,37.0,35.0,28.0,25.0,43.0,30.0,37.0,29.0,35.0,32.0,41.0,43.0,34.0,30.0,30.0,28.0,28.0,39.0,31.0,37.0,39.0,34.0,34.0,31.0,28.0,37.0,30.0,36.0,33.0
28.0,31.0,33.0,24.0,29.0,25.0,23.0,29.0,24.0,26.0,27.0,33.0,19.0,23.0,22.0,29.0,25.0,29.0,15.0,33.0,28.0,24.0,32.0,30.0,37.0,28.0,31.0,30.0,32.0,32.0,27.0,23.0,25.0,27.0,29.0,33.0,26.0,33.0,22.0,25.0,35.0,41.0,24.0,25.0,33.0,21.0,23.0,33.0,22.0,26.0
26.0,26.0,23.0,30.0,18.0,32.0,22.0,24.0,39.0,27.0,28.0,29.0,36.0,29.0,32.0,21.0,25.0,25.0,22.0,17.0,22.0,27.0,29.0,24.0,27.0,25.0,31.0,27.0,20.0,33.0,27.0,27.0,25.0,25.0,36.0,33.0,33.0,22.0,23.0,23.0,24.0,28.0,28.0,24.0,21.0,29.0,30.0,34.0,31.0,32.0
15.0,19.0,23.0,25.0,17.0,17.0,24.0,20.0,20.0,24.0,21.0,19.0,31.0,15.0,15.0,25.0,27.0,17.0,14.0,27.0,24.0,22.0,23.0,22.0,21.0,19.0,17.0,18.0,22.0,21.0,14.0,23.0,24.0,25.0,31.0,34.0,24.0,25.0,22.0,14.0,19.0,18.0,15.0,31.0,29.0,17.0,26.0,20.0,25.0,13.0
22.0,32.0,24.0,25.0,22.0,18.0,26.0,26.0,22.0,29.0,22.0,21.0,20.0,22.0,26.0,22.0,28.0,22.0,37.0,22.0,29.0,31.0,28.0,18.0,21.0,17.0,21.0,24.0,17.0,22.0,21.0,28.0,19.0,26.0,26.0,30.0,26.0,28.0,18.0,23.0,24.0,25.0,25.0,28.0,25.0,20.0,16.0,15.0,16.0,17.0
30.0,33.0,27.0,36.0,43.0,30.0,31.0,22.0,28.0,29.0,36.0,31.0,37.0,35.0,26.0,30.0,26.0,30.0,36.0,32.0,43.0,39.0,27.0,36.0,38.0,29.0,26.0,28.0,31.0,34.0,28.0,32.0,31.0,29.0,37.0,41.0,33.0,33.0,30.0,28.0,31.0,37.0,37.0,40.0,41.0,30.0,38.0,24.0,32.0,31.0
23.0,29.0,27.0,21.0,24.0,13.0,24.0,21.0,15.0,19.0,22.0,28.0,24.0,22.0,23.0,17.0,26.0,21.0,30.0,28.0,27.0,24.0,30.0,14.0,16.0,18.0,17.0,28.0,29.0,26.0,29.0,22.0,28.0,28.0,21.0,17.0,20.0,28.0,30.0,27.0,30.0,14.0,21.0,20.0,21.0,25.0,26.0,21.0,26.0,19.0
29.0,25.0,16.0,27.0,32.0,27.0,19.0,36.0,25.0,25.0,29.0,23.0,17.0,25.0,22.0,21.0,22.0,21.0,23.0,32.0,20.0,29.0,27.0,21.0,19.0,32.0,24.0,18.0,27.0,25.0,42.0,23.0,17.0,16.0,29.0,32.0,33.0,26.0,25.0,23.0,25.0,21.0,29.0,26.0,24.0,21.0,31.0,29.0,30.0,17.0
24.0,19.0,30.0,21.0,39.0,28.0,26.0,25.0,29.0,41.0,32.0,28.0,25.0,18.0,33.0,32.0,30.0,31.0,24.0,39.0,28.0,27.0,27.0,32.0,28.0,29.0,38.0,24.0,31.0,26.0,31.0,43.0,26.0,30.0,38.0,31.0,24.0,38.0,34.0,38.0,25.0,32.0,24.0,37.0,28.0,21.0,31.0,28.0,37.0,37.0
