10,50,1000
18.382533,19.012468,15.938544,19.529088,19.691959,18.391676,18.47093,15.529106,18.071736,18.589416
9.371409,8.374484,9.093231,7.971833,9.82887,9.90542,5.368137,5.19204,6.707193,8.133854
0.0,10.0,20.0,30.0,40.0,50.0,60.0,70.0,80.0,90.0
10.0,0.0,10.0,20.0,30.0,40.0,50.0,60.0,70.0,80.0
20.0,10.0,0.0,10.0,20.0,30.0,40.0,50.0,60.0,70.0
30.0,20.0,10.0,0.0,10.0,20.0,30.0,40.0,50.0,60.0
40.0,30.0,20.0,10.0,0.0,10.0,20.0,30.0,40.0,50.0
50.0,40.0,30.0,20.0,10.0,0.0,10.0,20.0,30.0,40.0
60.0,50.0,40.0,30.0,20.0,10.0,0.0,10.0,20.0,30.0
70.0,60.0,50.0,40.0,30.0,20.0,10.0,0.0,10.0,20.0
80.0,70.0,60.0,50.0,40.0,30.0,20.0,10.0,0.0,10.0
90.0,80.0,70.0,60.0,50.0,40.0,30.0,20.0,10.0,0.0
450.0,400.0,350.0,300.0,250.0,250.0,300.0,350.0,400.0,450.0
0.0,1.0,2.0,3.0,4.0,5.0,6.0,7.0,8.0,9.0
1.0,0.0,1.0,2.0,3.0,4.0,5.0,6.0,7.0,8.0
2.0,1.0,0.0,1.0,2.0,3.0,4.0,5.0,6.0,7.0
3.0,2.0,1.0,0.0,1.0,2.0,3.0,4.0,5.0,6.0
4.0,3.0,2.0,1.0,0.0,1.0,2.0,3.0,4.0,5.0
5.0,4.0,3.0,2.0,1.0,0.0,1.0,2.0,3.0,4.0
6.0,5.0,4.0,3.0,2.0,1.0,0.0,1.0,2.0,3.0
7.0,6.0,5.0,4.0,3.0,2.0,1.0,0.0,1.0,2.0
8.0,7.0,6.0,5.0,4.0,3.0,2.0,1.0,0.0,1.0
9.0,8.0,7.0,6.0,5.0,4.0,3.0,2.0,1.0,0.0
45.0,40.0,35.0,30.0,25.0,25.0,30.0,35.0,40.0,45.0
36.0,43.0,43.0,35.0,31.0,29.0,34.0,43.0,39.0,30.0,29.0,38.0,32.0,36.0,32.0,39.0,40.0,37.0,43.0,41.0,42.0,42.0,30.0,30.0,34.0,28.0,36.0,28.0,36.0,38.0,30.0,26.0,34.0,32.0,36.0,35.0,32.0,34.0,36.0,31.0,40.0,21.0,37.0,27.0,39.0,45.0,32.0,35.0,46.0,31.0
33.0,35.0,29.0,23.0,35.0,38.0,25.0,35.0,32.0,32.0,30.0,39.0,34.0,27.0,24.0,34.0,27.0,36.0,32.0,25.0,42.0,22.0,30.0,28.0,20.0,34.0,44.0,35.0,32.0,24.0,39.0,33.0,28.0,41.0,24.0,46.0,19.0,32.0,36.0,42.0,31.0,28.0,28.0,42.0,26.0,32.0,30.0,39.0,29.0,26.0
33.0,36.0,35.0,32.0,46.0,35.0,37.0,28.0,40.0,34.0,34.0,25.0,31.0,43.0,37.0,27.0,28.0,27.0,27.0,39.0,27.0,37.0,43.0,33.0,30.0,33.0,30.0,30.0,34.0,35.0,31.0,33.0,22.0,36.0,30.0,23.0,29.0,42.0,31.0,31.0,29.0,35.0,27.0,47.0,33.0,28.0,33.0,39.0,32.0,18.0
38.0,27.0,37.0,34.0,39.0,32.0,28.0,21.0,38.0,31.0,31.0,39.0,25.0,33.0,27.0,22.0,30.0,42.0,25.0,33.0,35.0,30.0,35.0,38.0,30.0,37.0,27.0,32.0,25.0,22.0,31.0,32.0,35.0,22.0,37.0,35.0,19.0,31.0,19.0,30.0,33.0,40.0,31.0,40.0,31.0,27.0,30.0,32.0,34.0,31.0
41.0,39.0,36.0,37.0,31.0,34.0,33.0,32.0,42.0,24.0,39.0,45.0,28.0,35.0,45.0,29.0,35.0,40.0,28.0,35.0,40.0,43.0,30.0,40.0,29.0,41.0,32.0,32.0,36.0,43.0,36.0,35.0,41.0,33.0,37.0,48.0,37.0,43.0,32.0,39.0,33.0,45.0,25.0,43.0,41.0,43.0,41.0,39.0,42.0,46.0
34.0,32.0,40.0,25.0,37.0,25.0,25.0,39.0,38.0,29.0,28.0,38.0,36.0,34.0,36.0,46.0,36.0,47.0,37.0,43.0,39.0,33.0,36.0,30.0,46.0,44.0,42.0,39.0,30.0,35.0,30.0,40.0,32.0,29.0,33.0,44.0,43.0,36.0,33.0,23.0,30.0,33.0,33.0,37.0,36.0,34.0,41.0,47.0,41.0,30.0
24.0,17.0,33.0,14.0,20.0,19.0,21.0,23.0,19.0,14.0,22.0,18.0,24.0,19.0,18.0,17.0,22.0,30.0,15.0,23.0,23.0,19.0,27.0,22.0,20.0,31.0,24.0,23.0,22.0,23.0,27.0,25.0,12.0,26.0,11.0,24.0,33.0,21.0,17.0,22.0,29.0,19.0,23.0,19.0,29.0,21.0,23.0,20.0,16.0,15.0
25.0,27.0,17.0,15.0,10.0,24.0,20.0,26.0,14.0,23.0,20.0,21.0,18.0,21.0,13.0,18.0,19.0,23.0,24.0,24.0,21.0,22.0,26.0,14.0,24.0,25.0,19.0,20.0,17.0,25.0,16.0,25.0,14.0,27.0,26.0,19.0,21.0,16.0,22.0,22.0,21.0,21.0,22.0,21.0,18.0,14.0,21.0,28.0,20.0,24.0
21.0,29.0,23.0,26.0,20.0,25.0,29.0,24.0,22.0,21.0,31.0,23.0,19.0,27.0,26.0,22.0,25.0,25.0,29.0,26.0,25.0,24.0,30.0,24.0,19.0,34.0,30.0,30.0,31.0,25.0,19.0,23.0,34.0,26.0,26.0,22.0,23.0,26.0,29.0,29.0,26.0,22.0,32.0,31.0,26.0,25.0,28.0,32.0,24.0,15.0
22.0,29.0,23.0,30.0,23.0,29.0,23.0,31.0,27.0,27.0,29.0,26.0,43.0,28.0,30.0,33.0,28.0,24.0,23.0,29.0,27.0,30.0,32.0,36.0,25.0,32.0,30.0,34.0,30.0,27.0,40.0,32.0,36.0,26.0,34.0,24.0,26.0,36.0,37.0,34.0,39.0,29.0,28.0,32.0,35.0,39.0,25.0,29.0,36.0,32.0
