10,50,1000
17.009587,17.677975,16.742352,19.394552,18.050244,16.096592,17.412815,17.257526,16.309862,18.217331
8.585827,8.349899,5.640325,8.246935,7.860307,9.948314,8.180517,8.796948,5.028516,5.756784
0.0,10.0,20.0,30.0,40.0,50.0,60.0,70.0,80.0,90.0
10.0,0.0,10.0,20.0,30.0,40.0,50.0,60.0,70.0,80.0
20.0,10.0,0.0,10.0,20.0,30.0,40.0,50.0,60.0,70.0
30.0,20.0,10.0,0.0,10.0,20.0,30.0,40.0,50.0,60.0
40.0,30.0,20.0,10.0,0.0,10.0,20.0,30.0,40.0,50.0
50.0,40.0,30.0,20.0,10.0,0.0,10.0,20.0,30.0,40.0
60.0,50.0,40.0,30.0,20.0,10.0,0.0,10.0,20.0,30.0
70.0,60.0,50.0,40.0,30.0,20.0,10.0,0.0,10.0,20.0
80.0,70.0,60.0,50.0,40.0,30.0,20.0,10.0,0.0,10.0
90.0,80.0,70.0,60.0,50.0,40.0,30.0,20.0,10.0,0.0
450.0,400.0,350.0,300.0,250.0,250.0,300.0,350.0,400.0,450.0
0.0,1.0,2.0,3.0,4.0,5.0,6.0,7.0,8.0,9.0
1.0,0.0,1.0,2.0,3.0,4.0,5.0,6.0,7.0,8.0
2.0,1.0,0.0,1.0,2.0,3.0,4.0,5.0,6.0,7.0
3.0,2.0,1.0,0.0,1.0,2.0,3.0,4.0,5.0,6.0
4.0,3.0,2.0,1.0,0.0,1.0,2.0,3.0,4.0,5.0
5.0,4.0,3.0,2.0,1.0,0.0,1.0,2.0,3.0,4.0
6.0,5.0,4.0,3.0,2.0,1.0,0.0,1.0,2.0,3.0
7.0,6.0,5.0,4.0,3.0,2.0,1.0,0.0,1.0,2.0
8.0,7.0,6.0,5.0,4.0,3.0,2.0,1.0,0.0,1.0
9.0,8.0,7.0,6.0,5.0,4.0,3.0,2.0,1.0,0.0
45.0,40.0,35.0,30.0,25.0,25.0,30.0,35.0,40.0,45.0
30.0,35.0,30.0,23.0,37.0,32.0,39.0,42.0,33.0,28.0,41.0,39.0,30.0,38.0,31.0,31.0,35.0,30.0,31.0,30.0,22.0,28.0,30.0,30.0,31.0,26.0,28.0,41.0,30.0,39.0,30.0,30.0,30.0,30.0,32.0,21.0,31.0,37.0,39.0,40.0,31.0,32.0,44.0,26.0,29.0,31.0,30.0,39.0,42.0,29.0
28.0,30.0,16.0,22.0,44.0,30.0,32.0,33.0,25.0,29.0,30.0,32.0,24.0,32.0,37.0,32.0,34.0,30.0,28.0,28.0,25.0,16.0,32.0,29.0,36.0,30.0,25.0,25.0,34.0,43.0,28.0,28.0,26.0,42.0,28.0,38.0,33.0,41.0,22.0,35.0,41.0,33.0,28.0,32.0,24.0,44.0,28.0,41.0,28.0,32.0
23.0,30.0,29.0,17.0,20.0,28.0,19.0,27.0,21.0,20.0,19.0,24.0,22.0,14.0,14.0,22.0,20.0,27.0,33.0,21.0,29.0,22.0,18.0,23.0,22.0,24.0,9.0,23.0,37.0,17.0,23.0,19.0,19.0,29.0,16.0,21.0,36.0,25.0,25.0,24.0,34.0,23.0,26.0,19.0,25.0,15.0,23.0,23.0,21.0,26.0
33.0,25.0,33.0,32.0,33.0,34.0,29.0,22.0,31.0,38.0,39.0,37.0,32.0,30.0,23.0,40.0,23.0,37.0,24.0,38.0,30.0,27.0,38.0,40.0,31.0,42.0,26.0,33.0,34.0,30.0,37.0,44.0,22.0,40.0,37.0,35.0,21.0,32.0,38.0,32.0,30.0,38.0,23.0,34.0,22.0,38.0,28.0,31.0,23.0,28.0
34.0,38.0,26.0,30.0,43.0,31.0,30.0,22.0,21.0,19.0,26.0,37.0,23.0,27.0,22.0,28.0,36.0,28.0,27.0,33.0,27.0,24.0,24.0,38.0,31.0,28.0,29.0,30.0,30.0,31.0,36.0,31.0,29.0,28.0,29.0,32.0,27.0,32.0,29.0,23.0,29.0,26.0,37.0,33.0,26.0,27.0,42.0,24.0,22.0,32.0
32.0,37.0,44.0,40.0,31.0,44.0,33.0,32.0,37.0,40.0,38.0,36.0,27.0,37.0,41.0,39.0,37.0,34.0,39.0,30.0,34.0,35.0,37.0,31.0,44.0,34.0,37.0,33.0,44.0,27.0,35.0,27.0,36.0,39.0,30.0,47.0,42.0,39.0,44.0,41.0,33.0,43.0,32.0,38.0,33.0,42.0,39.0,34.0,34.0,43.0
22.0,33.0,33.0,26.0,29.0,37.0,18.0,35.0,37.0,23.0,33.0,25.0,31.0,40.0,34.0,26.0,30.0,31.0,31.0,23.0,26.0,28.0,29.0,29.0,30.0,32.0,26.0,27.0,33.0,27.0,30.0,25.0,30.0,22.0,32.0,29.0,26.0,26.0,30.0,34.0,24.0,27.0,35.0,29.0,46.0,36.0,34.0,42.0,45.0,20.0
28.0,37.0,36.0,30.0,40.0,22.0,25.0,43.0,26.0,39.0,34.0,33.0,37.0,25.0,31.0,28.0,45.0,35.0,27.0,33.0,29.0,33.0,36.0,35.0,30.0,34.0,39.0,30.0,35.0,37.0,38.0,35.0,34.0,34.0,32.0,35.0,34.0,24.0,37.0,33.0,29.0,24.0,35.0,33.0,23.0,32.0,30.0,34.0,30.0,35.0
21.0,29.0,22.0,19.0,25.0,17.0,19.0,20.0,18.0,24.0,23.0,26.0,22.0,24.0,19.0,23.0,20.0,17.0,28.0,28.0,19.0,15.0,25.0,31.0,22.0,21.0,23.0,19.0,22.0,20.0,23.0,27.0,15.0,15.0,18.0,17.0,18.0,18.0,19.0,16.0,11.0,21.0,17.0,20.0,27.0,22.0,23.0,21.0,17.0,20.0
25.0,28.0,31.0,22.0,18.0,15.0,18.0,24.0,26.0,29.0,18.0,29.0,25.0,20.0,17.0,24.0,21.0,14.0,27.0,15.0,22.0,26.0,28.0,24.0,22.0,17.0,32.0,20.0,32.0,33.0,28.0,25.0,19.0,23.0,32.0,24.0,20.0,27.0,24.0,24.0,30.0,25.0,15.0,28.0,24.0,21.0,25.0,24.0,13.0,29.0
