10,50,1000
19.187062,18.151636,16.547438,18.820743,16.904604,18.764376,19.031571,15.649375,18.734198,15.358978
5.736273,5.890423,6.233079,8.923318,7.851291,8.820687,7.01978,6.121262,5.967888,8.389513
0.0,10.0,20.0,30.0,40.0,50.0,60.0,70.0,80.0,90.0
10.0,0.0,10.0,20.0,30.0,40.0,50.0,60.0,70.0,80.0
20.0,10.0,0.0,10.0,20.0,30.0,40.0,50.0,60.0,70.0
30.0,20.0,10.0,0.0,10.0,20.0,30.0,40.0,50.0,60.0
40.0,30.0,20.0,10.0,0.0,10.0,20.0,30.0,40.0,50.0
50.0,40.0,30.0,20.0,10.0,0.0,10.0,20.0,30.0,40.0
60.0,50.0,40.0,30.0,20.0,10.0,0.0,10.0,20.0,30.0
70.0,60.0,50.0,40.0,30.0,20.0,10.0,0.0,10.0,20.0
80.0,70.0,60.0,50.0,40.0,30.0,20.0,10.0,0.0,10.0
90.0,80.0,70.0,60.0,50.0,40.0,30.0,20.0,10.0,0.0
450.0,400.0,350.0,300.0,250.0,250.0,300.0,350.0,400.0,450.0
0.0,1.0,2.0,3.0,4.0,5.0,6.0,7.0,8.0,9.0
1.0,0.0,1.0,2.0,3.0,4.0,5.0,6.0,7.0,8.0
2.0,1.0,0.0,1.0,2.0,3.0,4.0,5.0,6.0,7.0
3.0,2.0,1.0,0.0,1.0,2.0,3.0,4.0,5.0,6.0
4.0,3.0,2.0,1.0,0.0,1.0,2.0,3.0,4.0,5.0
5.0,4.0,3.0,2.0,1.0,0.0,1.0,2.0,3.0,4.0
6.0,5.0,4.0,3.0,2.0,1.0,0.0,1.0,2.0,3.0
7.0,6.0,5.0,4.0,3.0,2.0,1.0,0.0,1.0,2.0
8.0,7.0,6.0,5.0,4.0,3.0,2.0,1.0,0.0,1.0
9.0,8.0,7.0,6.0,5.0,4.0,3.0,2.0,1.0,0.0
45.0,40.0,35.0,30.0,25.0,25.0,30.0,35.0,40.0,45.0
27.0,27.0,21.0,27.0,31.0,33.0,23.0,23.0,25.0,25.0,18.0,24.0,23.0,29.0,20.0,38.0,25.0,33.0,23.0,26.0,30.0,23.0,28.0,27.0,26.0,29.0,29.0,19.0,22.0,27.0,26.0,23.0,32.0,23.0,26.0,29.0,32.0,27.0,22.0,26.0,22.0,23.0,27.0,21.0,27.0,33.0,20.0,18.0,30.0,24.0
24.0,24.0,24.0,24.0,23.0,27.0,37.0,23.0,20.0,22.0,20.0,28.0,25.0,23.0,23.0,18.0,21.0,23.0,21.0,27.0,24.0,27.0,25.0,23.0,24.0,28.0,28.0,27.0,35.0,22.0,32.0,30.0,23.0,23.0,23.0,23.0,24.0,33.0,36.0,20.0,18.0,24.0,25.0,18.0,25.0,14.0,30.0,30.0,18.0,17.0
28.0,14.0,34.0,26.0,22.0,18.0,27.0,21.0,21.0,22.0,24.0,29.0,20.0,22.0,17.0,23.0,24.0,16.0,28.0,26.0,29.0,33.0,28.0,25.0,19.0,24.0,20.0,18.0,22.0,32.0,25.0,19.0,15.0,27.0,29.0,27.0,28.0,23.0,19.0,27.0,17.0,28.0,23.0,22.0,13.0,24.0,28.0,22.0,23.0,19.0
32.0,30.0,37.0,39.0,36.0,44.0,37.0,31.0,32.0,40.0,30.0,25.0,31.0,43.0,30.0,34.0,38.0,37.0,33.0,43.0,42.0,42.0,42.0,38.0,26.0,38.0,32.0,34.0,43.0,33.0,33.0,23.0,44.0,25.0,34.0,29.0,49.0,22.0,34.0,23.0,38.0,30.0,34.0,34.0,41.0,30.0,34.0,29.0,36.0,32.0
23.0,38.0,38.0,26.0,30.0,30.0,35.0,24.0,20.0,30.0,30.0,20.0,25.0,29.0,30.0,24.0,28.0,28.0,35.0,34.0,33.0,36.0,26.0,28.0,30.0,26.0,34.0,29.0,40.0,38.0,34.0,34.0,23.0,24.0,25.0,25.0,31.0,38.0,24.0,30.0,41.0,37.0,27.0,35.0,34.0,19.0,32.0,36.0,30.0,33.0
30.0,27.0,27.0,25.0,31.0,39.0,36.0,36.0,31.0,30.0,30.0,39.0,33.0,33.0,27.0,27.0,30.0,18.0,32.0,29.0,24.0,34.0,36.0,31.0,31.0,34.0,29.0,35.0,32.0,24.0,26.0,35.0,32.0,19.0,38.0,35.0,35.0,39.0,46.0,30.0,31.0,34.0,38.0,33.0,40.0,31.0,36.0,23.0,29.0,35.0
20.0,22.0,15.0,27.0,26.0,25.0,31.0,23.0,27.0,20.0,22.0,25.0,32.0,30.0,36.0,27.0,21.0,29.0,32.0,28.0,36.0,29.0,22.0,29.0,29.0,24.0,29.0,32.0,28.0,31.0,28.0,35.0,37.0,34.0,33.0,22.0,35.0,29.0,23.0,29.0,26.0,27.0,24.0,29.0,28.0,28.0,30.0,30.0,28.0,26.0
26.0,28.0,23.0,26.0,29.0,28.0,28.0,21.0,26.0,25.0,17.0,17.0,20.0,26.0,31.0,25.0,18.0,30.0,26.0,16.0,29.0,31.0,27.0,16.0,20.0,18.0,30.0,26.0,15.0,20.0,28.0,15.0,33.0,32.0,31.0,20.0,18.0,30.0,20.0,24.0,30.0,14.0,21.0,21.0,29.0,20.0,21.0,20.0,39.0,25.0
32.0,26.0,21.0,25.0,21.0,25.0,17.0,38.0,34.0,20.0,18.0,25.0,19.0,27.0,24.0,20.0,25.0,19.0,23.0,29.0,26.0,36.0,21.0,26.0,24.0,23.0,18.0,24.0,26.0,15.0,28.0,31.0,21.0,21.0,29.0,21.0,28.0,22.0,24.0,26.0,20.0,26.0,32.0,23.0,33.0,18.0,23.0,19.0,20.0,18.0
28.0,27.0,28.0,30.0,31.0,29.0,22.0,32.0,35.0,34.0,28.0,31.0,35.0,42.0,29.0,31.0,35.0,33.0,33.0,29.0,26.0,34.0,25.0,44.0,41.0,30.0,24.0,35.0,28.0,28.0,40.0,22.0,30.0,29.0,28.0,31.0,29.0,31.0,29.0,28.0,29.0,29.0,29.0,43.0,36.0,30.0,27.0,46.0,34.0,39.0
