10,50,1000
15.690227,15.147958,19.048288,17.147595,18.676097,17.680884,18.834815,17.821139,18.309035,19.452315
8.286652,9.084717,8.150807,7.622907,7.88934,8.061089,8.676146,9.256738,5.1073,5.718115
0.0,10.0,20.0,30.0,40.0,50.0,60.0,70.0,80.0,90.0
10.0,0.0,10.0,20.0,30.0,40.0,50.0,60.0,70.0,80.0
20.0,10.0,0.0,10.0,20.0,30.0,40.0,50.0,60.0,70.0
30.0,20.0,10.0,0.0,10.0,20.0,30.0,40.0,50.0,60.0
40.0,30.0,20.0,10.0,0.0,10.0,20.0,30.0,40.0,50.0
50.0,40.0,30.0,20.0,10.0,0.0,10.0,20.0,30.0,40.0
60.0,50.0,40.0,30.0,20.0,10.0,0.0,10.0,20.0,30.0
70.0,60.0,50.0,40.0,30.0,20.0,10.0,0.0,10.0,20.0
80.0,70.0,60.0,50.0,40.0,30.0,20.0,10.0,0.0,10.0
90.0,80.0,70.0,60.0,50.0,40.0,30.0,20.0,10.0,0.0
450.0,400.0,350.0,300.0,250.0,250.0,300.0,350.0,400.0,450.0
0.0,1.0,2.0,3.0,4.0,5.0,6.0,7.0,8.0,9.0
1.0,0.0,1.0,2.0,3.0,4.0,5.0,6.0,7.0,8.0
2.0,1.0,0.0,1.0,2.0,3.0,4.0,5.0,6.0,7.0
3.0,2.0,1.0,0.0,1.0,2.0,3.0,4.0,5.0,6.0
4.0,3.0,2.0,1.0,0.0,1.0,2.0,3.0,4.0,5.0
5.0,4.0,3.0,2.0,1.0,0.0,1.0,2.0,3.0,4.0
6.0,5.0,4.0,3.0,2.0,1.0,0.0,1.0,2.0,3.0
7.0,6.0,5.0,4.0,3.0,2.0,1.0,0.0,1.0,2.0
8.0,7.0,6.0,5.0,4.0,3.0,2.0,1.0,0.0,1.0
9.0,8.0,7.0,6.0,5.0,4.0,3.0,2.0,1.0,0.0
45.0,40.0,35.0,30.0,25.0,25.0,30.0,35.0,40.0,45.0
32.0,24.0,34.0,39.0,35.0,26.0,25.0,27.0,24.0,39.0,32.0,22.0,23.0,28.0,29.0,26.0,41.0,28.0,31.0,32.0,32.0,38.0,38.0,32.0,38.0,25.0,32.0,19.0,22.0,32.0,28.0,30.0,31.0,36.0,23.0,27.0,37.0,33.0,31.0,32.0,27.0,38.0,28.0,29.0,36.0,33.0,34.0,30.0,41.0,27.0
29.0,39.0,34.0,24.0,32.0,40.0,29.0,46.0,27.0,38.0,28.0,33.0,33.0,34.0,36.0,41.0,36.0,21.0,31.0,39.0,27.0,35.0,34.0,29.0,33.0,29.0,31.0,45.0,43.0,44.0,34.0,30.0,28.0,45.0,37.0,41.0,25.0,35.0,32.0,28.0,36.0,31.0,39.0,30.0,44.0,31.0,38.0,33.0,32.0,36.0
29.0,17.0,33.0,32.0,30.0,27.0,26.0,36.0,40.0,27.0,30.0,37.0,36.0,36.0,34.0,19.0,27.0,28.0,28.0,26.0,30.0,31.0,25.0,40.0,29.0,35.0,34.0,18.0,36.0,41.0,29.0,29.0,26.0,20.0,31.0,26.0,30.0,40.0,26.0,36.0,23.0,37.0,37.0,29.0,37.0,45.0,28.0,32.0,15.0,34.0
28.0,28.0,29.0,20.0,38.0,26.0,31.0,24.0,36.0,34.0,35.0,31.0,23.0,35.0,20.0,27.0,25.0,23.0,35.0,33.0,27.0,33.0,28.0,26.0,30.0,25.0,28.0,28.0,31.0,23.0,28.0,32.0,31.0,22.0,31.0,27.0,38.0,25.0,36.0,39.0,25.0,21.0,26.0,30.0,25.0,29.0,26.0,31.0,22.0,35.0
33.0,32.0,24.0,30.0,29.0,27.0,32.0,26.0,31.0,30.0,33.0,22.0,41.0,30.0,33.0,26.0,35.0,37.0,35.0,36.0,45.0,23.0,39.0,29.0,31.0,23.0,29.0,27.0,25.0,23.0,41.0,30.0,27.0,37.0,34.0,32.0,31.0,30.0,22.0,28.0,22.0,31.0,41.0,29.0,38.0,26.0,26.0,28.0,30.0,32.0
19.0,31.0,34.0,36.0,31.0,31.0,29.0,31.0,29.0,32.0,27.0,29.0,20.0,23.0,35.0,25.0,38.0,25.0,28.0,28.0,33.0,45.0,29.0,29.0,29.0,36.0,32.0,24.0,28.0,23.0,21.0,33.0,32.0,33.0,33.0,29.0,23.0,35.0,35.0,30.0,23.0,27.0,28.0,27.0,37.0,26.0,33.0,36.0,29.0,26.0
38.0,16.0,28.0,19.0,26.0,40.0,33.0,41.0,27.0,36.0,31.0,26.0,35.0,24.0,31.0,36.0,29.0,35.0,37.0,31.0,28.0,32.0,29.0,33.0,26.0,26.0,32.0,21.0,38.0,26.0,45.0,30.0,37.0,42.0,38.0,30.0,28.0,30.0,41.0,34.0,22.0,42.0,43.0,36.0,38.0,31.0,36.0,38.0,34.0,34.0
27.0,28.0,35.0,41.0,37.0,43.0,32.0,35.0,39.0,40.0,23.0,39.0,35.0,42.0,37.0,36.0,32.0,38.0,28.0,39.0,26.0,32.0,41.0,30.0,33.0,35.0,43.0,36.0,32.0,34.0,44.0,34.0,30.0,26.0,29.0,35.0,38.0,35.0,24.0,40.0,27.0,50.0,30.0,31.0,36.0,30.0,34.0,24.0,31.0,25.0
19.0,19.0,21.0,21.0,22.0,25.0,21.0,20.0,19.0,15.0,18.0,18.0,17.0,33.0,20.0,20.0,17.0,25.0,15.0,15.0,19.0,25.0,22.0,20.0,24.0,19.0,19.0,23.0,17.0,19.0,17.0,25.0,11.0,25.0,29.0,24.0,19.0,12.0,14.0,23.0,24.0,30.0,21.0,26.0,17.0,21.0,23.0,22.0,31.0,22.0
19.0,26.0,29.0,15.0,21.0,24.0,21.0,19.0,26.0,19.0,23.0,21.0,25.0,25.0,23.0,23.0,24.0,18.0,17.0,23.0,19.0,26.0,23.0,29.0,27.0,24.0,29.0,25.0,21.0,26.0,26.0,27.0,22.0,20.0,36.0,32.0,20.0,31.0,19.0,29.0,34.0,34.0,23.0,20.0,23.0,22.0,25.0,13.0,26.0,31.0
