10,50,1000
17.434934,15.515055,15.585664,15.282525,15.502279,17.932388,16.779629,17.719799,19.408336,17.1437
5.84353,7.931852,6.57486,9.912208,7.780418,7.881813,6.486631,5.985207,9.388009,7.877178
0.0,10.0,20.0,30.0,40.0,50.0,60.0,70.0,80.0,90.0
10.0,0.0,10.0,20.0,30.0,40.0,50.0,60.0,70.0,80.0
20.0,10.0,0.0,10.0,20.0,30.0,40.0,50.0,60.0,70.0
30.0,20.0,10.0,0.0,10.0,20.0,30.0,40.0,50.0,60.0
40.0,30.0,20.0,10.0,0.0,10.0,20.0,30.0,40.0,50.0
50.0,40.0,30.0,20.0,10.0,0.0,10.0,20.0,30.0,40.0
60.0,50.0,40.0,30.0,20.0,10.0,0.0,10.0,20.0,30.0
70.0,60.0,50.0,40.0,30.0,20.0,10.0,0.0,10.0,20.0
80.0,70.0,60.0,50.0,40.0,30.0,20.0,10.0,0.0,10.0
90.0,80.0,70.0,60.0,50.0,40.0,30.0,20.0,10.0,0.0
450.0,400.0,350.0,300.0,250.0,250.0,300.0,350.0,400.0,450.0
0.0,1.0,2.0,3.0,4.0,5.0,6.0,7.0,8.0,9.0
1.0,0.0,1.0,2.0,3.0,4.0,5.0,6.0,7.0,8.0
2.0,1.0,0.0,1.0,2.0,3.0,4.0,5.0,6.0,7.0
3.0,2.0,1.0,0.0,1.0,2.0,3.0,4.0,5.0,6.0
4.0,3.0,2.0,1.0,0.0,1.0,2.0,3.0,4.0,5.0
5.0,4.0,3.0,2.0,1.0,0.0,1.0,2.0,3.0,4.0
6.0,5.0,4.0,3.0,2.0,1.0,0.0,1.0,2.0,3.0
7.0,6.0,5.0,4.0,3.0,2.0,1.0,0.0,1.0,2.0
8.0,7.0,6.0,5.0,4.0,3.0,2.0,1.0,0.0,1.0
9.0,8.0,7.0,6.0,5.0,4.0,3.0,2.0,1.0,0.0
45.0,40.0,35.0,30.0,25.0,25.0,30.0,35.0,40.0,45.0
22.0,29.0,21.0,23.0,16.0,23.0,32.0,18.0,29.0,16.0,20.0,12.0,19.0,18.0,24.0,25.0,21.0,21.0,19.0,28.0,14.0,26.0,43.0,33.0,21.0,23.0,24.0,27.0,19.0,21.0,24.0,20.0,26.0,20.0,21.0,21.0,21.0,37.0,27.0,30.0,13.0,21.0,23.0,27.0,16.0,26.0,25.0,20.0,23.0,21.0
31.0,24.0,26.0,22.0,36.0,26.0,36.0,32.0,31.0,27.0,31.0,29.0,32.0,25.0,27.0,28.0,24.0,29.0,33.0,25.0,30.0,40.0,22.0,29.0,27.0,42.0,29.0,48.0,36.0,35.0,36.0,28.0,23.0,25.0,22.0,34.0,26.0,25.0,26.0,35.0,37.0,38.0,17.0,25.0,26.0,26.0,24.0,26.0,43.0,28.0
21.0,29.0,26.0,26.0,25.0,29.0,24.0,22.0,27.0,27.0,10.0,22.0,32.0,29.0,27.0,32.0,21.0,21.0,20.0,24.0,15.0,31.0,27.0,34.0,32.0,29.0,24.0,28.0,22.0,26.0,23.0,29.0,24.0,30.0,28.0,15.0,28.0,19.0,18.0,28.0,21.0,31.0,17.0,22.0,21.0,18.0,35.0,27.0,32.0,31.0
50.0,26.0,31.0,30.0,41.0,32.0,31.0,39.0,39.0,49.0,25.0,44.0,42.0,44.0,41.0,32.0,36.0,36.0,34.0,21.0,39.0,29.0,33.0,48.0,36.0,33.0,24.0,35.0,40.0,33.0,29.0,42.0,34.0,33.0,34.0,41.0,33.0,31.0,33.0,43.0,38.0,35.0,35.0,38.0,50.0,38.0,39.0,34.0,33.0,35.0
28.0,23.0,25.0,25.0,34.0,26.0,29.0,28.0,31.0,22.0,35.0,22.0,24.0,27.0,32.0,35.0,32.0,31.0,29.0,26.0,14.0,26.0,33.0,23.0,33.0,37.0,22.0,32.0,24.0,28.0,27.0,28.0,32.0,29.0,42.0,32.0,36.0,24.0,23.0,34.0,23.0,24.0,26.0,23.0,27.0,30.0,41.0,30.0,31.0,33.0
28.0,30.0,42.0,32.0,32.0,25.0,27.0,27.0,35.0,28.0,34.0,28.0,30.0,28.0,36.0,14.0,27.0,43.0,35.0,25.0,27.0,31.0,27.0,26.0,32.0,39.0,23.0,29.0,29.0,24.0,32.0,37.0,24.0,26.0,36.0,28.0,25.0,29.0,35.0,36.0,32.0,33.0,37.0,25.0,37.0,27.0,31.0,24.0,26.0,18.0
20.0,23.0,31.0,32.0,17.0,32.0,35.0,28.0,20.0,31.0,30.0,23.0,23.0,24.0,28.0,24.0,24.0,24.0,30.0,23.0,20.0,25.0,30.0,26.0,26.0,24.0,22.0,20.0,22.0,31.0,18.0,28.0,32.0,32.0,27.0,30.0,29.0,32.0,22.0,30.0,26.0,19.0,31.0,21.0,23.0,27.0,28.0,28.0,26.0,20.0
21.0,25.0,28.0,14.0,31.0,19.0,24.0,22.0,19.0,27.0,31.0,21.0,17.0,23.0,33.0,27.0,18.0,15.0,30.0,22.0,32.0,23.0,25.0,18.0,35.0,20.0,34.0,20.0,21.0,30.0,25.0,23.0,22.0,17.0,15.0,31.0,25.0,24.0,19.0,22.0,20.0,31.0,33.0,17.0,25.0,22.0,17.0,20.0,32.0,19.0
38.0,47.0,16.0,32.0,30.0,39.0,37.0,25.0,35.0,28.0,33.0,37.0,46.0,36.0,29.0,27.0,43.0,34.0,34.0,38.0,35.0,36.0,26.0,32.0,38.0,36.0,38.0,38.0,29.0,32.0,37.0,28.0,35.0,31.0,30.0,37.0,32.0,28.0,38.0,38.0,26.0,39.0,37.0,41.0,36.0,40.0,29.0,30.0,37.0,36.0
27.0,26.0,25.0,29.0,42.0,22.0,27.0,41.0,22.0,27.0,28.0,15.0,32.0,34.0,23.0,26.0,26.0,34.0,35.0,34.0,31.0,25.0,37.0,27.0,38.0,17.0,32.0,26.0,23.0,34.0,27.0,22.0,33.0,24.0,32.0,38.0,35.0,27.0,27.0,33.0,37.0,21.0,31.0,27.0,28.0,37.0,31.0,37.0,41.0,44.0
