10,50,1000
18.481312,18.458511,18.084501,17.500804,19.272503,18.72878,16.5691,16.36337,15.404124,15.05602
6.200191,9.158222,7.387345,7.769932,8.967553,7.041714,7.139923,7.440194,6.180714,7.534888
0.0,10.0,20.0,30.0,40.0,50.0,60.0,70.0,80.0,90.0
10.0,0.0,10.0,20.0,30.0,40.0,50.0,60.0,70.0,80.0
20.0,10.0,0.0,10.0,20.0,30.0,40.0,50.0,60.0,70.0
30.0,20.0,10.0,0.0,10.0,20.0,30.0,40.0,50.0,60.0
40.0,30.0,20.0,10.0,0.0,10.0,20.0,30.0,40.0,50.0
50.0,40.0,30.0,20.0,10.0,0.0,10.0,20.0,30.0,40.0
60.0,50.0,40.0,30.0,20.0,10.0,0.0,10.0,20.0,30.0
70.0,60.0,50.0,40.0,30.0,20.0,10.0,0.0,10.0,20.0
80.0,70.0,60.0,50.0,40.0,30.0,20.0,10.0,0.0,10.0
90.0,80.0,70.0,60.0,50.0,40.0,30.0,20.0,10.0,0.0
450.0,400.0,350.0,300.0,250.0,250.0,300.0,350.0,400.0,450.0
0.0,1.0,2.0,3.0,4.0,5.0,6.0,7.0,8.0,9.0
1.0,0.0,1.0,2.0,3.0,4.0,5.0,6.0,7.0,8.0
2.0,1.0,0.0,1.0,2.0,3.0,4.0,5.0,6.0,7.0
3.0,2.0,1.0,0.0,1.0,2.0,3.0,4.0,5.0,6.0
4.0,3.0,2.0,1.0,0.0,1.0,2.0,3.0,4.0,5.0
5.0,4.0,3.0,2.0,1.0,0.0,1.0,2.0,3.0,4.0
6.0,5.0,4.0,3.0,2.0,1.0,0.0,1.0,2.0,3.0
7.0,6.0,5.0,4.0,3.0,2.0,1.0,0.0,1.0,2.0
8.0,7.0,6.0,5.0,4.0,3.0,2.0,1.0,0.0,1.0
9.0,8.0,7.0,6.0,5.0,4.0,3.0,2.0,1.0,0.0
45.0,40.0,35.0,30.0,25.0,25.0,30.0,35.0,40.0,45.0
24.0,27.0,28.0,33.0,29.0,22.0,34.0,30.0,27.0,26.0,24.0,30.0,30.0,23.0,22.0,22.0,30.0,26.0,30.0,25.0,21.0,21.0,27.0,24.0,25.0,29.0,30.0,35.0,17.0,31.0,31.0,32.0,19.0,23.0,29.0,29.0,25.0,24.0,20.0,27.0,26.0,24.0,17.0,22.0,20.0,28.0,37.0,29.0,24.0,37.0
31.0,22.0,30.0,27.0,37.0,31.0,27.0,28.0,34.0,30.0,35.0,37.0,33.0,27.0,36.0,26.0,36.0,39.0,37.0,21.0,32.0,31.0,23.0,35.0,32.0,37.0,22.0,27.0,39.0,42.0,26.0,32.0,44.0,28.0,30.0,39.0,29.0,31.0,27.0,32.0,29.0,36.0,32.0,39.0,31.0,34.0,38.0,19.0,45.0,24.0
24.0,29.0,20.0,33.0,34.0,28.0,21.0,20.0,38.0,27.0,23.0,24.0,32.0,38.0,22.0,30.0,29.0,33.0,24.0,31.0,28.0,38.0,32.0,26.0,26.0,25.0,15.0,36.0,28.0,24.0,25.0,24.0,26.0,23.0,22.0,26.0,32.0,27.0,32.0,32.0,28.0,18.0,32.0,33.0,38.0,30.0,33.0,30.0,32.0,29.0
31.0,30.0,31.0,29.0,25.0,27.0,26.0,37.0,23.0,42.0,22.0,29.0,35.0,28.0,27.0,31.0,24.0,22.0,30.0,20.0,24.0,28.0,32.0,31.0,26.0,24.0,21.0,30.0,27.0,27.0,28.0,27.0,32.0,24.0,39.0,41.0,27.0,26.0,43.0,28.0,17.0,27.0,28.0,26.0,37.0,33.0,26.0,36.0,28.0,33.0
39.0,37.0,49.0,31.0,26.0,31.0,32.0,28.0,30.0,32.0,37.0,30.0,28.0,35.0,39.0,30.0,42.0,33.0,34.0,36.0,29.0,34.0,39.0,40.0,26.0,37.0,31.0,25.0,32.0,37.0,43.0,28.0,31.0,38.0,45.0,30.0,40.0,35.0,30.0,38.0,30.0,21.0,39.0,37.0,35.0,33.0,32.0,26.0,35.0,39.0
27.0,25.0,22.0,33.0,30.0,30.0,23.0,26.0,32.0,37.0,28.0,28.0,27.0,30.0,25.0,24.0,35.0,31.0,33.0,34.0,32.0,25.0,24.0,20.0,32.0,33.0,35.0,31.0,22.0,40.0,19.0,17.0,26.0,26.0,37.0,22.0,29.0,23.0,33.0,26.0,31.0,27.0,31.0,26.0,33.0,30.0,19.0,30.0,35.0,28.0
17.0,25.0,23.0,32.0,22.0,29.0,31.0,25.0,27.0,27.0,31.0,25.0,29.0,24.0,20.0,32.0,31.0,28.0,28.0,29.0,33.0,21.0,27.0,27.0,36.0,22.0,31.0,28.0,30.0,33.0,28.0,21.0,28.0,27.0,22.0,26.0,30.0,24.0,20.0,23.0,35.0,31.0,28.0,21.0,17.0,29.0,29.0,25.0,28.0,27.0
20.0,28.0,21.0,29.0,25.0,20.0,25.0,18.0,26.0,28.0,22.0,28.0,30.0,31.0,24.0,22.0,24.0,32.0,21.0,26.0,31.0,26.0,28.0,26.0,28.0,34.0,31.0,23.0,42.0,31.0,24.0,26.0,21.0,30.0,24.0,28.0,23.0,29.0,26.0,21.0,24.0,29.0,26.0,22.0,31.0,20.0,21.0,25.0,35.0,30.0
26.0,27.0,27.0,23.0,25.0,18.0,38.0,25.0,25.0,19.0,32.0,24.0,21.0,23.0,27.0,20.0,21.0,28.0,22.0,20.0,29.0,28.0,21.0,22.0,36.0,17.0,16.0,22.0,27.0,21.0,17.0,22.0,16.0,18.0,22.0,30.0,21.0,32.0,25.0,20.0,23.0,31.0,18.0,25.0,26.0,15.0,28.0,27.0,28.0,28.0
30.0,27.0,32.0,28.0,30.0,30.0,27.0,29.0,20.0,31.0,30.0,36.0,37.0,27.0,18.0,32.0,34.0,19.0,42.0,26.0,28.0,21.0,27.0,21.0,33.0,21.0,29.0,25.0,29.0,40.0,32.0,33.0,33.0,35.0,23.0,39.0,29.0,36.0,27.0,24.0,29.0,29.0,36.0,33.0,24.0,34.0,32.0,29.0,23.0,25.0
