10,50,1000
16.469549,19.643644,15.570771,17.809542,15.711418,17.501844,18.174285,19.393832,17.063266,19.05543
5.428827,8.397899,6.786916,7.852938,9.697124,6.47999,8.424537,7.836298,9.452061,5.177857
0.0,10.0,20.0,30.0,40.0,50.0,60.0,70.0,80.0,90.0
10.0,0.0,10.0,20.0,30.0,40.0,50.0,60.0,70.0,80.0
20.0,10.0,0.0,10.0,20.0,30.0,40.0,50.0,60.0,70.0
30.0,20.0,10.0,0.0,10.0,20.0,30.0,40.0,50.0,60.0
40.0,30.0,20.0,10.0,0.0,10.0,20.0,30.0,40.0,50.0
50.0,40.0,30.0,20.0,10.0,0.0,10.0,20.0,30.0,40.0
60.0,50.0,40.0,30.0,20.0,10.0,0.0,10.0,20.0,30.0
70.0,60.0,50.0,40.0,30.0,20.0,10.0,0.0,10.0,20.0
80.0,70.0,60.0,50.0,40.0,30.0,20.0,10.0,0.0,10.0
90.0,80.0,70.0,60.0,50.0,40.0,30.0,20.0,10.0,0.0
450.0,400.0,350.0,300.0,250.0,250.0,300.0,350.0,400.0,450.0
0.0,1.0,2.0,3.0,4.0,5.0,6.0,7.0,8.0,9.0
1.0,0.0,1.0,2.0,3.0,4.0,5.0,6.0,7.0,8.0
2.0,1.0,0.0,1.0,2.0,3.0,4.0,5.0,6.0,7.0
3.0,2.0,1.0,0.0,1.0,2.0,3.0,4.0,5.0,6.0
4.0,3.0,2.0,1.0,0.0,1.0,2.0,3.0,4.0,5.0
5.0,4.0,3.0,2.0,1.0,0.0,1.0,2.0,3.0,4.0
6.0,5.0,4.0,3.0,2.0,1.0,0.0,1.0,2.0,3.0
7.0,6.0,5.0,4.0,3.0,2.0,1.0,0.0,1.0,2.0
8.0,7.0,6.0,5.0,4.0,3.0,2.0,1.0,0.0,1.0
9.0,8.0,7.0,6.0,5.0,4.0,3.0,2.0,1.0,0.0
45.0,40.0,35.0,30.0,25.0,25.0,30.0,35.0,40.0,45.0
21.0,37.0,24.0,20.0,25.0,19.0,21.0,28.0,19.0,18.0,19.0,25.0,21.0,27.0,24.0,22.0,18.0,19.0,20.0,17.0,26.0,19.0,21.0,27.0,25.0,24.0,26.0,20.0,17.0,18.0,21.0,25.0,22.0,29.0,25.0,9.0,21.0,25.0,20.0,23.0,22.0,25.0,17.0,24.0,19.0,24.0,29.0,27.0,30.0,20.0
33.0,34.0,44.0,35.0,33.0,32.0,24.0,37.0,26.0,30.0,32.0,42.0,22.0,31.0,40.0,30.0,41.0,37.0,32.0,37.0,40.0,35.0,28.0,26.0,17.0,36.0,30.0,44.0,35.0,31.0,40.0,28.0,36.0,26.0,33.0,25.0,42.0,35.0,25.0,33.0,27.0,35.0,30.0,44.0,30.0,31.0,30.0,36.0,28.0,33.0
19.0,22.0,26.0,15.0,27.0,22.0,31.0,32.0,25.0,30.0,22.0,31.0,29.0,26.0,26.0,24.0,18.0,22.0,28.0,20.0,16.0,24.0,21.0,27.0,27.0,26.0,27.0,26.0,26.0,30.0,31.0,28.0,33.0,27.0,26.0,23.0,34.0,20.0,32.0,25.0,32.0,30.0,33.0,21.0,28.0,31.0,24.0,26.0,20.0,20.0
27.0,23.0,29.0,33.0,31.0,22.0,22.0,34.0,22.0,40.0,25.0,33.0,39.0,30.0,28.0,27.0,37.0,25.0,20.0,28.0,37.0,22.0,24.0,32.0,33.0,29.0,36.0,28.0,36.0,33.0,36.0,35.0,26.0,21.0,32.0,31.0,36.0,24.0,25.0,30.0,31.0,29.0,28.0,25.0,24.0,29.0,34.0,42.0,38.0,31.0
23.0,40.0,29.0,36.0,31.0,40.0,36.0,38.0,26.0,33.0,39.0,42.0,48.0,30.0,28.0,43.0,34.0,34.0,37.0,28.0,36.0,25.0,37.0,28.0,20.0,54.0,36.0,35.0,46.0,33.0,40.0,47.0,36.0,32.0,29.0,27.0,26.0,35.0,25.0,39.0,29.0,33.0,30.0,32.0,29.0,27.0,30.0,46.0,44.0,33.0
29.0,29.0,29.0,29.0,26.0,35.0,25.0,27.0,27.0,19.0,32.0,34.0,22.0,28.0,22.0,27.0,29.0,33.0,27.0,29.0,32.0,22.0,29.0,18.0,23.0,31.0,22.0,30.0,23.0,29.0,21.0,21.0,37.0,26.0,23.0,26.0,24.0,24.0,29.0,22.0,24.0,24.0,28.0,29.0,24.0,15.0,22.0,29.0,27.0,23.0
31.0,22.0,40.0,29.0,44.0,30.0,39.0,34.0,33.0,39.0,38.0,35.0,36.0,28.0,31.0,37.0,22.0,33.0,28.0,39.0,34.0,28.0,30.0,20.0,38.0,39.0,37.0,24.0,32.0,28.0,25.0,32.0,33.0,35.0,24.0,33.0,28.0,42.0,28.0,37.0,25.0,25.0,33.0,19.0,27.0,28.0,28.0,26.0,24.0,30.0
34.0,31.0,29.0,21.0,43.0,27.0,38.0,26.0,32.0,38.0,34.0,27.0,29.0,24.0,29.0,25.0,20.0,29.0,27.0,23.0,35.0,31.0,29.0,25.0,29.0,22.0,25.0,32.0,26.0,33.0,28.0,36.0,29.0,26.0,28.0,29.0,36.0,41.0,24.0,28.0,34.0,27.0,25.0,32.0,43.0,33.0,23.0,40.0,33.0,23.0
35.0,33.0,42.0,30.0,41.0,30.0,29.0,34.0,39.0,43.0,33.0,29.0,35.0,38.0,35.0,39.0,35.0,35.0,36.0,44.0,42.0,32.0,35.0,49.0,38.0,48.0,36.0,42.0,26.0,35.0,27.0,29.0,38.0,35.0,35.0,45.0,36.0,29.0,33.0,35.0,28.0,39.0,35.0,33.0,37.0,36.0,33.0,29.0,37.0,34.0
18.0,21.0,32.0,14.0,27.0,21.0,21.0,21.0,20.0,22.0,17.0,35.0,19.0,27.0,17.0,23.0,18.0,24.0,17.0,25.0,24.0,22.0,26.0,24.0,21.0,22.0,19.0,15.0,24.0,20.0,20.0,18.0,18.0,30.0,25.0,27.0,21.0,18.0,17.0,29.0,25.0,23.0,22.0,20.0,17.0,25.0,21.0,25.0,24.0,20.0
