10,50,1000
18.227448,19.201033,15.710295,17.762283,17.632047,17.39803,16.611451,19.907809,16.793275,19.407744
6.145044,7.001422,8.66683,9.857085,8.614137,6.059255,9.064087,8.319589,8.290254,5.488732
0.0,10.0,20.0,30.0,40.0,50.0,60.0,70.0,80.0,90.0
10.0,0.0,10.0,20.0,30.0,40.0,50.0,60.0,70.0,80.0
20.0,10.0,0.0,10.0,20.0,30.0,40.0,50.0,60.0,70.0
30.0,20.0,10.0,0.0,10.0,20.0,30.0,40.0,50.0,60.0
40.0,30.0,20.0,10.0,0.0,10.0,20.0,30.0,40.0,50.0
50.0,40.0,30.0,20.0,10.0,0.0,10.0,20.0,30.0,40.0
60.0,50.0,40.0,30.0,20.0,10.0,0.0,10.0,20.0,30.0
70.0,60.0,50.0,40.0,30.0,20.0,10.0,0.0,10.0,20.0
80.0,70.0,60.0,50.0,40.0,30.0,20.0,10.0,0.0,10.0
90.0,80.0,70.0,60.0,50.0,40.0,30.0,20.0,10.0,0.0
450.0,400.0,350.0,300.0,250.0,250.0,300.0,350.0,400.0,450.0
0.0,1.0,2.0,3.0,4.0,5.0,6.0,7.0,8.0,9.0
1.0,0.0,1.0,2.0,3.0,4.0,5.0,6.0,7.0,8.0
2.0,1.0,0.0,1.0,2.0,3.0,4.0,5.0,6.0,7.0
3.0,2.0,1.0,0.0,1.0,2.0,3.0,4.0,5.0,6.0
4.0,3.0,2.0,1.0,0.0,1.0,2.0,3.0,4.0,5.0
5.0,4.0,3.0,2.0,1.0,0.0,1.0,2.0,3.0,4.0
6.0,5.0,4.0,3.0,2.0,1.0,0.0,1.0,2.0,3.0
7.0,6.0,5.0,4.0,3.0,2.0,1.0,0.0,1.0,2.0
8.0,7.0,6.0,5.0,4.0,3.0,2.0,1.0,0.0,1.0
9.0,8.0,7.0,6.0,5.0,4.0,3.0,2.0,1.0,0.0
45.0,40.0,35.0,30.0,25.0,25.0,30.0,35.0,40.0,45.0
36.0,24.0,17.0,34.0,27.0,31.0,21.0,23.0,26.0,23.0,29.0,26.0,32.0,18.0,35.0,31.0,14.0,22.0,25.0,10.0,27.0,22.0,34.0,33.0,27.0,21.0,21.0,22.0,17.0,26.0,26.0,22.0,29.0,33.0,37.0,19.0,21.0,19.0,27.0,31.0,19.0,32.0,13.0,21.0,26.0,24.0,10.0,20.0,27.0,22.0
22.0,31.0,25.0,31.0,32.0,21.0,24.0,32.0,24.0,26.0,28.0,24.0,28.0,29.0,26.0,28.0,31.0,35.0,34.0,21.0,38.0,26.0,27.0,25.0,24.0,34.0,32.0,18.0,25.0,38.0,24.0,29.0,29.0,24.0,28.0,35.0,32.0,33.0,25.0,23.0,26.0,30.0,23.0,30.0,29.0,33.0,27.0,17.0,24.0,18.0
28.0,31.0,27.0,33.0,44.0,51.0,33.0,42.0,35.0,32.0,32.0,27.0,29.0,35.0,30.0,31.0,35.0,23.0,36.0,30.0,36.0,34.0,41.0,32.0,26.0,35.0,32.0,30.0,31.0,45.0,27.0,36.0,24.0,31.0,26.0,24.0,31.0,33.0,29.0,40.0,30.0,32.0,32.0,27.0,29.0,26.0,36.0,31.0,24.0,37.0
43.0,34.0,49.0,42.0,38.0,32.0,37.0,35.0,32.0,28.0,39.0,27.0,36.0,41.0,35.0,32.0,28.0,38.0,40.0,38.0,35.0,26.0,38.0,38.0,32.0,28.0,35.0,46.0,41.0,41.0,35.0,29.0,29.0,36.0,36.0,39.0,38.0,28.0,21.0,38.0,32.0,37.0,21.0,29.0,38.0,31.0,30.0,27.0,34.0,39.0
30.0,42.0,30.0,34.0,36.0,40.0,40.0,39.0,34.0,36.0,35.0,33.0,26.0,27.0,33.0,28.0,29.0,31.0,24.0,29.0,30.0,37.0,30.0,36.0,31.0,35.0,25.0,20.0,30.0,38.0,33.0,31.0,30.0,30.0,20.0,33.0,33.0,36.0,38.0,30.0,24.0,40.0,27.0,27.0,28.0,28.0,42.0,27.0,29.0,36.0
18.0,16.0,37.0,20.0,19.0,28.0,29.0,25.0,22.0,19.0,22.0,24.0,17.0,23.0,29.0,28.0,24.0,21.0,21.0,29.0,22.0,21.0,29.0,18.0,17.0,23.0,28.0,15.0,26.0,23.0,29.0,29.0,28.0,23.0,18.0,20.0,21.0,26.0,32.0,35.0,27.0,27.0,25.0,18.0,14.0,27.0,27.0,24.0,32.0,22.0
27.0,28.0,35.0,23.0,38.0,45.0,34.0,25.0,33.0,30.0,27.0,36.0,33.0,30.0,39.0,27.0,33.0,35.0,32.0,33.0,26.0,36.0,34.0,32.0,30.0,36.0,30.0,40.0,33.0,29.0,37.0,27.0,32.0,30.0,34.0,19.0,28.0,37.0,31.0,35.0,29.0,36.0,33.0,35.0,30.0,29.0,34.0,23.0,36.0,23.0
32.0,49.0,33.0,26.0,37.0,37.0,37.0,26.0,22.0,33.0,39.0,34.0,25.0,31.0,39.0,36.0,25.0,25.0,32.0,36.0,33.0,20.0,36.0,27.0,31.0,26.0,37.0,26.0,34.0,36.0,32.0,37.0,33.0,32.0,28.0,35.0,28.0,36.0,32.0,36.0,28.0,28.0,28.0,31.0,32.0,35.0,30.0,26.0,35.0,33.0
24.0,22.0,35.0,21.0,27.0,26.0,31.0,28.0,27.0,42.0,28.0,31.0,35.0,31.0,25.0,31.0,26.0,33.0,24.0,34.0,36.0,29.0,27.0,38.0,38.0,33.0,40.0,33.0,21.0,41.0,24.0,33.0,22.0,17.0,29.0,32.0,34.0,38.0,29.0,37.0,35.0,31.0,33.0,27.0,38.0,40.0,17.0,30.0,34.0,31.0
28.0,27.0,22.0,24.0,21.0,19.0,17.0,23.0,24.0,31.0,19.0,33.0,26.0,19.0,18.0,20.0,26.0,19.0,18.0,30.0,19.0,27.0,20.0,20.0,12.0,24.0,29.0,34.0,24.0,33.0,28.0,17.0,26.0,25.0,23.0,35.0,21.0,32.0,29.0,21.0,27.0,24.0,27.0,18.0,27.0,22.0,24.0,31.0,15.0,27.0
