10,50,1000
19.149764,17.666582,17.677208,16.74938,18.344462,17.837207,17.607983,16.62878,18.491621,18.419322
8.152312,9.112581,7.788882,5.470626,9.427868,8.280457,6.433351,7.327027,7.960471,6.603959
0.0,10.0,20.0,30.0,40.0,50.0,60.0,70.0,80.0,90.0
10.0,0.0,10.0,20.0,30.0,40.0,50.0,60.0,70.0,80.0
20.0,10.0,0.0,10.0,20.0,30.0,40.0,50.0,60.0,70.0
30.0,20.0,10.0,0.0,10.0,20.0,30.0,40.0,50.0,60.0
40.0,30.0,20.0,10.0,0.0,10.0,20.0,30.0,40.0,50.0
50.0,40.0,30.0,20.0,10.0,0.0,10.0,20.0,30.0,40.0
60.0,50.0,40.0,30.0,20.0,10.0,0.0,10.0,20.0,30.0
70.0,60.0,50.0,40.0,30.0,20.0,10.0,0.0,10.0,20.0
80.0,70.0,60.0,50.0,40.0,30.0,20.0,10.0,0.0,10.0
90.0,80.0,70.0,60.0,50.0,40.0,30.0,20.0,10.0,0.0
450.0,400.0,350.0,300.0,250.0,250.0,300.0,350.0,400.0,450.0
0.0,1.0,2.0,3.0,4.0,5.0,6.0,7.0,8.0,9.0
1.0,0.0,1.0,2.0,3.0,4.0,5.0,6.0,7.0,8.0
2.0,1.0,0.0,1.0,2.0,3.0,4.0,5.0,6.0,7.0
3.0,2.0,1.0,0.0,1.0,2.0,3.0,4.0,5.0,6.0
4.0,3.0,2.0,1.0,0.0,1.0,2.0,3.0,4.0,5.0
5.0,4.0,3.0,2.0,1.0,0.0,1.0,2.0,3.0,4.0
6.0,5.0,4.0,3.0,2.0,1.0,0.0,1.0,2.0,3.0
7.0,6.0,5.0,4.0,3.0,2.0,1.0,0.0,1.0,2.0
8.0,7.0,6.0,5.0,4.0,3.0,2.0,1.0,0.0,1.0
9.0,8.0,7.0,6.0,5.0,4.0,3.0,2.0,1.0,0.0
45.0,40.0,35.0,30.0,25.0,25.0,30.0,35.0,40.0,45.0
31.0,36.0,36.0,30.0,26.0,42.0,39.0,27.0,36.0,35.0,27.0,42.0,35.0,37.0,33.0,40.0,29.0,29.0,28.0,35.0,32.0,40.0,30.0,25.0,25.0,37.0,42.0,25.0,32.0,27.0,34.0,46.0,25.0,22.0,28.0,37.0,38.0,26.0,41.0,25.0,35.0,24.0,25.0,33.0,32.0,26.0,32.0,28.0,29.0,31.0
36.0,39.0,37.0,33.0,30.0,31.0,19.0,31.0,47.0,38.0,25.0,32.0,41.0,43.0,43.0,32.0,45.0,32.0,37.0,38.0,26.0,39.0,30.0,34.0,39.0,39.0,30.0,36.0,34.0,33.0,45.0,34.0,32.0,36.0,41.0,29.0,30.0,33.0,33.0,30.0,31.0,27.0,26.0,35.0,36.0,35.0,39.0,20.0,34.0,32.0
26.0,27.0,38.0,25.0,33.0,36.0,29.0,26.0,36.0,34.0,31.0,35.0,29.0,33.0,31.0,38.0,34.0,36.0,27.0,23.0,30.0,37.0,31.0,28.0,27.0,35.0,29.0,38.0,28.0,25.0,26.0,24.0,22.0,25.0,30.0,26.0,27.0,39.0,22.0,35.0,27.0,35.0,32.0,21.0,28.0,29.0,29.0,29.0,29.0,29.0
19.0,19.0,28.0,16.0,24.0,23.0,28.0,20.0,13.0,18.0,26.0,22.0,22.0,25.0,25.0,19.0,26.0,24.0,20.0,17.0,25.0,27.0,20.0,21.0,25.0,27.0,16.0,26.0,21.0,24.0,23.0,16.0,30.0,20.0,22.0,14.0,18.0,21.0,27.0,22.0,14.0,24.0,18.0,21.0,20.0,17.0,21.0,23.0,29.0,21.0
29.0,36.0,23.0,34.0,32.0,38.0,43.0,26.0,40.0,40.0,38.0,17.0,28.0,30.0,31.0,35.0,36.0,39.0,40.0,46.0,36.0,36.0,36.0,38.0,39.0,44.0,29.0,29.0,34.0,38.0,44.0,30.0,24.0,39.0,36.0,32.0,35.0,28.0,36.0,38.0,41.0,35.0,40.0,29.0,35.0,29.0,31.0,36.0,38.0,44.0
33.0,35.0,23.0,24.0,28.0,28.0,32.0,20.0,34.0,25.0,33.0,23.0,36.0,32.0,37.0,29.0,22.0,24.0,32.0,30.0,31.0,28.0,39.0,34.0,32.0,29.0,30.0,17.0,35.0,28.0,40.0,34.0,31.0,29.0,51.0,37.0,29.0,33.0,29.0,31.0,25.0,31.0,34.0,35.0,30.0,36.0,24.0,33.0,31.0,33.0
26.0,21.0,22.0,24.0,27.0,28.0,33.0,33.0,30.0,33.0,16.0,26.0,23.0,26.0,21.0,31.0,18.0,25.0,22.0,26.0,26.0,20.0,29.0,26.0,25.0,25.0,20.0,24.0,26.0,16.0,28.0,28.0,30.0,18.0,27.0,22.0,23.0,23.0,28.0,26.0,15.0,24.0,25.0,23.0,24.0,15.0,21.0,34.0,24.0,24.0
29.0,29.0,24.0,40.0,18.0,24.0,23.0,24.0,23.0,30.0,27.0,38.0,32.0,30.0,30.0,26.0,36.0,29.0,37.0,29.0,33.0,26.0,29.0,32.0,23.0,27.0,28.0,31.0,24.0,30.0,31.0,26.0,23.0,31.0,20.0,26.0,28.0,26.0,33.0,24.0,35.0,32.0,30.0,29.0,35.0,33.0,24.0,21.0,24.0,17.0
43.0,29.0,35.0,32.0,27.0,29.0,28.0,28.0,30.0,30.0,32.0,27.0,29.0,41.0,20.0,32.0,28.0,31.0,27.0,32.0,31.0,27.0,33.0,37.0,29.0,37.0,27.0,33.0,27.0,31.0,20.0,25.0,22.0,38.0,29.0,26.0,29.0,25.0,33.0,28.0,31.0,29.0,34.0,21.0,29.0,34.0,25.0,27.0,20.0,40.0
28.0,34.0,36.0,28.0,29.0,33.0,35.0,18.0,23.0,22.0,24.0,37.0,30.0,26.0,33.0,20.0,18.0,26.0,31.0,23.0,26.0,22.0,31.0,38.0,32.0,29.0,32.0,38.0,29.0,24.0,30.0,24.0,25.0,23.0,29.0,24.0,31.0,25.0,29.0,26.0,18.0,31.0,23.0,20.0,34.0,20.0,23.0,23.0,23.0,24.0
