10,50,1000
16.486299,19.84357,19.959993,18.234035,15.682426,16.55392,18.561373,19.505377,18.976569,17.592388
9.230485,7.280744,9.999682,7.419222,8.707115,8.290511,6.773244,7.753707,5.346058,7.468208
0.0,10.0,20.0,30.0,40.0,50.0,60.0,70.0,80.0,90.0
10.0,0.0,10.0,20.0,30.0,40.0,50.0,60.0,70.0,80.0
20.0,10.0,0.0,10.0,20.0,30.0,40.0,50.0,60.0,70.0
30.0,20.0,10.0,0.0,10.0,20.0,30.0,40.0,50.0,60.0
40.0,30.0,20.0,10.0,0.0,10.0,20.0,30.0,40.0,50.0
50.0,40.0,30.0,20.0,10.0,0.0,10.0,20.0,30.0,40.0
60.0,50.0,40.0,30.0,20.0,10.0,0.0,10.0,20.0,30.0
70.0,60.0,50.0,40.0,30.0,20.0,10.0,0.0,10.0,20.0
80.0,70.0,60.0,50.0,40.0,30.0,20.0,10.0,0.0,10.0
90.0,80.0,70.0,60.0,50.0,40.0,30.0,20.0,10.0,0.0
450.0,400.0,350.0,300.0,250.0,250.0,300.0,350.0,400.0,450.0
0.0,1.0,2.0,3.0,4.0,5.0,6.0,7.0,8.0,9.0
1.0,0.0,1.0,2.0,3.0,4.0,5.0,6.0,7.0,8.0
2.0,1.0,0.0,1.0,2.0,3.0,4.0,5.0,6.0,7.0
3.0,2.0,1.0,0.0,1.0,2.0,3.0,4.0,5.0,6.0
4.0,3.0,2.0,1.0,0.0,1.0,2.0,3.0,4.0,5.0
5.0,4.0,3.0,2.0,1.0,0.0,1.0,2.0,3.0,4.0
6.0,5.0,4.0,3.0,2.0,1.0,0.0,1.0,2.0,3.0
7.0,6.0,5.0,4.0,3.0,2.0,1.0,0.0,1.0,2.0
8.0,7.0,6.0,5.0,4.0,3.0,2.0,1.0,0.0,1.0
9.0,8.0,7.0,6.0,5.0,4.0,3.0,2.0,1.0,0.0
45.0,40.0,35.0,30.0,25.0,25.0,30.0,35.0,40.0,45.0
38.0,42.0,35.0,30.0,32.0,44.0,35.0,33.0,40.0,34.0,36.0,42.0,37.0,40.0,22.0,29.0,38.0,41.0,31.0,44.0,45.0,32.0,26.0,25.0,34.0,22.0,35.0,28.0,25.0,30.0,33.0,31.0,36.0,32.0,34.0,30.0,28.0,28.0,43.0,39.0,38.0,35.0,26.0,25.0,34.0,36.0,34.0,26.0,30.0,28.0
28.0,32.0,26.0,35.0,29.0,23.0,37.0,25.0,28.0,30.0,24.0,37.0,30.0,29.0,27.0,25.0,24.0,32.0,24.0,31.0,19.0,31.0,34.0,34.0,28.0,31.0,28.0,26.0,30.0,26.0,31.0,29.0,38.0,26.0,26.0,28.0,28.0,46.0,32.0,26.0,25.0,33.0,32.0,26.0,30.0,26.0,29.0,25.0,20.0,28.0
32.0,40.0,41.0,35.0,36.0,42.0,42.0,42.0,33.0,33.0,44.0,29.0,34.0,46.0,33.0,31.0,40.0,39.0,45.0,46.0,29.0,35.0,35.0,35.0,31.0,32.0,34.0,42.0,32.0,38.0,36.0,29.0,23.0,31.0,41.0,47.0,26.0,40.0,26.0,36.0,28.0,49.0,34.0,26.0,31.0,45.0,44.0,30.0,32.0,35.0
37.0,25.0,24.0,31.0,21.0,30.0,24.0,28.0,33.0,23.0,23.0,21.0,24.0,32.0,30.0,25.0,27.0,30.0,29.0,36.0,29.0,25.0,31.0,28.0,34.0,26.0,20.0,38.0,35.0,30.0,26.0,22.0,21.0,37.0,37.0,30.0,32.0,33.0,26.0,32.0,28.0,34.0,40.0,27.0,32.0,27.0,28.0,37.0,31.0,36.0
28.0,34.0,34.0,31.0,27.0,35.0,35.0,47.0,29.0,29.0,30.0,36.0,38.0,26.0,21.0,31.0,34.0,29.0,30.0,25.0,35.0,37.0,29.0,28.0,34.0,31.0,35.0,28.0,27.0,21.0,27.0,24.0,46.0,37.0,34.0,31.0,33.0,45.0,24.0,31.0,29.0,38.0,32.0,31.0,32.0,43.0,29.0,37.0,34.0,39.0
31.0,25.0,35.0,35.0,25.0,29.0,24.0,29.0,33.0,33.0,23.0,20.0,33.0,31.0,31.0,32.0,31.0,35.0,21.0,39.0,39.0,21.0,39.0,32.0,25.0,35.0,33.0,44.0,41.0,32.0,29.0,30.0,31.0,36.0,37.0,31.0,29.0,34.0,30.0,41.0,31.0,32.0,34.0,31.0,26.0,34.0,24.0,27.0,33.0,24.0
22.0,19.0,27.0,33.0,23.0,30.0,29.0,27.0,28.0,21.0,22.0,34.0,29.0,26.0,25.0,28.0,23.0,31.0,26.0,27.0,27.0,27.0,29.0,23.0,32.0,26.0,22.0,29.0,26.0,26.0,31.0,27.0,33.0,29.0,18.0,29.0,27.0,21.0,31.0,28.0,26.0,21.0,26.0,34.0,28.0,27.0,24.0,27.0,24.0,27.0
26.0,27.0,32.0,32.0,20.0,22.0,32.0,35.0,29.0,23.0,23.0,29.0,25.0,31.0,29.0,32.0,28.0,29.0,33.0,34.0,33.0,37.0,39.0,27.0,24.0,29.0,31.0,31.0,30.0,31.0,29.0,28.0,34.0,27.0,37.0,19.0,32.0,36.0,37.0,29.0,24.0,36.0,27.0,19.0,34.0,31.0,32.0,36.0,32.0,30.0
19.0,18.0,23.0,21.0,19.0,22.0,20.0,29.0,23.0,23.0,20.0,18.0,18.0,25.0,18.0,20.0,25.0,17.0,24.0,27.0,23.0,19.0,13.0,25.0,21.0,24.0,18.0,19.0,19.0,25.0,17.0,31.0,20.0,14.0,16.0,22.0,22.0,16.0,30.0,23.0,24.0,19.0,21.0,20.0,15.0,21.0,23.0,27.0,16.0,28.0
25.0,40.0,39.0,32.0,26.0,31.0,38.0,34.0,27.0,28.0,24.0,32.0,23.0,27.0,34.0,19.0,29.0,24.0,28.0,25.0,40.0,31.0,22.0,20.0,25.0,27.0,24.0,26.0,29.0,34.0,23.0,18.0,33.0,28.0,31.0,35.0,22.0,28.0,33.0,14.0,28.0,35.0,31.0,32.0,28.0,28.0,25.0,31.0,32.0,27.0
