10,50,1000
18.465262,17.526301,18.084737,19.950718,16.852552,18.297746,17.299644,19.677702,16.014497,19.889549
8.318395,7.411229,9.055905,5.966895,9.689375,7.264905,7.82801,9.51562,7.947973,5.611878
0.0,10.0,20.0,30.0,40.0,50.0,60.0,70.0,80.0,90.0
10.0,0.0,10.0,20.0,30.0,40.0,50.0,60.0,70.0,80.0
20.0,10.0,0.0,10.0,20.0,30.0,40.0,50.0,60.0,70.0
30.0,20.0,10.0,0.0,10.0,20.0,30.0,40.0,50.0,60.0
40.0,30.0,20.0,10.0,0.0,10.0,20.0,30.0,40.0,50.0
50.0,40.0,30.0,20.0,10.0,0.0,10.0,20.0,30.0,40.0
60.0,50.0,40.0,30.0,20.0,10.0,0.0,10.0,20.0,30.0
70.0,60.0,50.0,40.0,30.0,20.0,10.0,0.0,10.0,20.0
80.0,70.0,60.0,50.0,40.0,30.0,20.0,10.0,0.0,10.0
90.0,80.0,70.0,60.0,50.0,40.0,30.0,20.0,10.0,0.0
450.0,400.0,350.0,300.0,250.0,250.0,300.0,350.0,400.0,450.0
0.0,1.0,2.0,3.0,4.0,5.0,6.0,7.0,8.0,9.0
1.0,0.0,1.0,2.0,3.0,4.0,5.0,6.0,7.0,8.0
2.0,1.0,0.0,1.0,2.0,3.0,4.0,5.0,6.0,7.0
3.0,2.0,1.0,0.0,1.0,2.0,3.0,4.0,5.0,6.0
4.0,3.0,2.0,1.0,0.0,1.0,2.0,3.0,4.0,5.0
5.0,4.0,3.0,2.0,1.0,0.0,1.0,2.0,3.0,4.0
6.0,5.0,4.0,3.0,2.0,1.0,0.0,1.0,2.0,3.0
7.0,6.0,5.0,4.0,3.0,2.0,1.0,0.0,1.0,2.0
8.0,7.0,6.0,5.0,4.0,3.0,2.0,1.0,0.0,1.0
9.0,8.0,7.0,6.0,5.0,4.0,3.0,2.0,1.0,0.0
45.0,40.0,35.0,30.0,25.0,25.0,30.0,35.0,40.0,45.0
21.0,26.0,27.0,42.0,17.0,30.0,29.0,34.0,27.0,31.0,36.0,38.0,39.0,35.0,40.0,37.0,37.0,30.0,30.0,28.0,31.0,29.0,35.0,29.0,38.0,35.0,35.0,30.0,47.0,24.0,35.0,30.0,31.0,28.0,27.0,35.0,26.0,33.0,38.0,28.0,32.0,40.0,25.0,42.0,33.0,31.0,18.0,24.0,34.0,29.0
19.0,37.0,31.0,23.0,25.0,33.0,30.0,23.0,31.0,27.0,30.0,26.0,18.0,25.0,35.0,22.0,29.0,28.0,32.0,29.0,27.0,31.0,25.0,26.0,24.0,41.0,20.0,20.0,23.0,21.0,34.0,33.0,20.0,32.0,35.0,37.0,29.0,26.0,18.0,19.0,27.0,25.0,29.0,29.0,31.0,27.0,26.0,27.0,28.0,24.0
30.0,38.0,26.0,47.0,32.0,29.0,28.0,39.0,27.0,33.0,33.0,34.0,31.0,45.0,33.0,44.0,35.0,29.0,33.0,28.0,31.0,31.0,35.0,33.0,31.0,34.0,24.0,31.0,38.0,37.0,24.0,44.0,27.0,46.0,26.0,22.0,32.0,36.0,35.0,26.0,35.0,32.0,38.0,31.0,31.0,35.0,26.0,40.0,27.0,44.0
24.0,34.0,25.0,21.0,38.0,27.0,24.0,29.0,24.0,21.0,23.0,27.0,17.0,24.0,26.0,27.0,30.0,28.0,22.0,25.0,35.0,25.0,24.0,29.0,31.0,30.0,20.0,18.0,18.0,21.0,31.0,23.0,20.0,22.0,23.0,18.0,28.0,26.0,29.0,23.0,18.0,24.0,22.0,30.0,18.0,26.0,25.0,23.0,23.0,19.0
28.0,31.0,40.0,36.0,38.0,35.0,38.0,24.0,37.0,29.0,28.0,29.0,38.0,40.0,35.0,26.0,41.0,42.0,52.0,29.0,44.0,34.0,44.0,43.0,33.0,34.0,25.0,35.0,27.0,29.0,37.0,28.0,30.0,42.0,27.0,41.0,32.0,43.0,41.0,25.0,30.0,28.0,25.0,39.0,44.0,26.0,41.0,41.0,35.0,31.0
24.0,34.0,24.0,22.0,38.0,32.0,27.0,23.0,31.0,27.0,24.0,35.0,35.0,31.0,35.0,45.0,26.0,30.0,32.0,28.0,35.0,24.0,27.0,30.0,34.0,24.0,30.0,33.0,37.0,32.0,25.0,17.0,32.0,41.0,28.0,29.0,29.0,23.0,27.0,25.0,31.0,37.0,28.0,33.0,32.0,22.0,25.0,26.0,29.0,22.0
24.0,25.0,31.0,34.0,37.0,23.0,26.0,33.0,20.0,30.0,50.0,32.0,25.0,34.0,36.0,34.0,32.0,34.0,24.0,34.0,27.0,35.0,33.0,34.0,28.0,26.0,23.0,28.0,29.0,30.0,31.0,27.0,34.0,30.0,27.0,33.0,29.0,23.0,33.0,31.0,35.0,24.0,28.0,27.0,26.0,28.0,30.0,35.0,33.0,27.0
39.0,41.0,36.0,43.0,42.0,38.0,19.0,31.0,36.0,34.0,37.0,38.0,41.0,53.0,40.0,42.0,45.0,37.0,39.0,29.0,42.0,31.0,52.0,29.0,35.0,26.0,28.0,37.0,36.0,38.0,39.0,30.0,25.0,28.0,39.0,24.0,37.0,40.0,50.0,39.0,35.0,34.0,41.0,34.0,28.0,33.0,39.0,35.0,33.0,36.0
28.0,27.0,36.0,19.0,30.0,28.0,27.0,27.0,35.0,34.0,25.0,36.0,24.0,35.0,37.0,34.0,21.0,27.0,32.0,23.0,34.0,36.0,27.0,26.0,32.0,34.0,27.0,40.0,34.0,24.0,38.0,36.0,30.0,33.0,37.0,28.0,43.0,30.0,35.0,35.0,31.0,37.0,36.0,30.0,31.0,33.0,26.0,27.0,29.0,31.0
25.0,20.0,22.0,23.0,25.0,23.0,24.0,28.0,23.0,18.0,27.0,34.0,24.0,19.0,22.0,20.0,26.0,23.0,28.0,29.0,25.0,21.0,24.0,24.0,26.0,24.0,23.0,17.0,26.0,14.0,24.0,29.0,28.0,26.0,27.0,25.0,24.0,16.0,31.0,23.0,21.0,19.0,23.0,28.0,27.0,21.0,27.0,20.0,31.0,20.0
