10,50,1000
15.131016,17.569393,16.238499,16.649369,19.625606,17.125092,17.18633,17.444884,18.436727,16.331719
6.45777,6.70225,9.979932,8.953895,5.330629,5.252883,8.182305,9.350631,5.183179,9.535753
0.0,10.0,20.0,30.0,40.0,50.0,60.0,70.0,80.0,90.0
10.0,0.0,10.0,20.0,30.0,40.0,50.0,60.0,70.0,80.0
20.0,10.0,0.0,10.0,20.0,30.0,40.0,50.0,60.0,70.0
30.0,20.0,10.0,0.0,10.0,20.0,30.0,40.0,50.0,60.0
40.0,30.0,20.0,10.0,0.0,10.0,20.0,30.0,40.0,50.0
50.0,40.0,30.0,20.0,10.0,0.0,10.0,20.0,30.0,40.0
60.0,50.0,40.0,30.0,20.0,10.0,0.0,10.0,20.0,30.0
70.0,60.0,50.0,40.0,30.0,20.0,10.0,0.0,10.0,20.0
80.0,70.0,60.0,50.0,40.0,30.0,20.0,10.0,0.0,10.0
90.0,80.0,70.0,60.0,50.0,40.0,30.0,20.0,10.0,0.0
450.0,400.0,350.0,300.0,250.0,250.0,300.0,350.0,400.0,450.0
0.0,1.0,2.0,3.0,4.0,5.0,6.0,7.0,8.0,9.0
1.0,0.0,1.0,2.0,3.0,4.0,5.0,6.0,7.0,8.0
2.0,1.0,0.0,1.0,2.0,3.0,4.0,5.0,6.0,7.0
3.0,2.0,1.0,0.0,1.0,2.0,3.0,4.0,5.0,6.0
4.0,3.0,2.0,1.0,0.0,1.0,2.0,3.0,4.0,5.0
5.0,4.0,3.0,2.0,1.0,0.0,1.0,2.0,3.0,4.0
6.0,5.0,4.0,3.0,2.0,1.0,0.0,1.0,2.0,3.0
7.0,6.0,5.0,4.0,3.0,2.0,1.0,0.0,1.0,2.0
8.0,7.0,6.0,5.0,4.0,3.0,2.0,1.0,0.0,1.0
9.0,8.0,7.0,6.0,5.0,4.0,3.0,2.0,1.0,0.0
45.0,40.0,35.0,30.0,25.0,25.0,30.0,35.0,40.0,45.0
30.0,30.0,31.0,32.0,28.0,24.0,23.0,24.0,26.0,27.0,21.0,28.0,23.0,27.0,22.0,34.0,28.0,23.0,23.0,23.0,27.0,19.0,25.0,24.0,21.0,24.0,33.0,23.0,21.0,15.0,25.0,25.0,19.0,27.0,26.0,25.0,22.0,23.0,24.0,28.0,25.0,21.0,23.0,27.0,25.0,25.0,20.0,20.0,32.0,19.0
35.0,28.0,29.0,28.0,17.0,28.0,23.0,25.0,16.0,18.0,28.0,19.0,21.0,21.0,29.0,29.0,40.0,28.0,28.0,26.0,22.0,17.0,25.0,29.0,28.0,31.0,28.0,19.0,26.0,25.0,28.0,31.0,32.0,30.0,21.0,22.0,22.0,24.0,36.0,19.0,21.0,29.0,25.0,32.0,15.0,23.0,28.0,32.0,24.0,17.0
40.0,24.0,36.0,29.0,42.0,43.0,35.0,38.0,40.0,39.0,37.0,38.0,43.0,34.0,48.0,28.0,27.0,30.0,32.0,37.0,36.0,39.0,27.0,41.0,31.0,38.0,29.0,39.0,45.0,44.0,37.0,33.0,38.0,31.0,39.0,35.0,39.0,31.0,34.0,32.0,28.0,30.0,41.0,22.0,29.0,24.0,32.0,44.0,39.0,32.0
33.0,26.0,37.0,37.0,27.0,45.0,25.0,28.0,25.0,33.0,26.0,31.0,34.0,26.0,34.0,34.0,30.0,28.0,29.0,29.0,34.0,38.0,40.0,29.0,25.0,30.0,39.0,38.0,27.0,44.0,39.0,31.0,33.0,35.0,21.0,37.0,29.0,29.0,29.0,30.0,33.0,45.0,36.0,27.0,24.0,25.0,42.0,34.0,28.0,29.0
27.0,24.0,20.0,28.0,24.0,25.0,19.0,19.0,18.0,23.0,28.0,27.0,26.0,18.0,25.0,22.0,14.0,31.0,25.0,17.0,27.0,19.0,24.0,25.0,30.0,21.0,23.0,21.0,23.0,12.0,20.0,24.0,29.0,18.0,21.0,21.0,25.0,29.0,19.0,23.0,27.0,26.0,24.0,23.0,18.0,23.0,26.0,20.0,22.0,23.0
21.0,18.0,19.0,19.0,27.0,22.0,21.0,27.0,27.0,23.0,19.0,23.0,25.0,23.0,19.0,14.0,21.0,24.0,21.0,27.0,23.0,23.0,32.0,19.0,18.0,21.0,20.0,28.0,26.0,25.0,17.0,25.0,21.0,19.0,26.0,19.0,29.0,15.0,24.0,22.0,15.0,40.0,25.0,26.0,22.0,27.0,15.0,17.0,27.0,28.0
28.0,37.0,33.0,25.0,35.0,32.0,31.0,32.0,28.0,23.0,24.0,23.0,26.0,39.0,37.0,37.0,35.0,24.0,40.0,29.0,33.0,37.0,37.0,38.0,34.0,23.0,29.0,31.0,34.0,28.0,32.0,25.0,26.0,32.0,33.0,34.0,37.0,49.0,24.0,36.0,37.0,33.0,20.0,25.0,39.0,26.0,31.0,25.0,32.0,32.0
42.0,49.0,34.0,46.0,38.0,42.0,31.0,48.0,23.0,31.0,33.0,34.0,35.0,23.0,40.0,40.0,30.0,40.0,24.0,32.0,18.0,39.0,30.0,46.0,33.0,36.0,35.0,30.0,40.0,31.0,44.0,30.0,23.0,43.0,48.0,39.0,29.0,36.0,39.0,29.0,36.0,28.0,40.0,36.0,21.0,36.0,38.0,45.0,39.0,26.0
26.0,19.0,17.0,16.0,23.0,29.0,23.0,18.0,23.0,20.0,17.0,21.0,19.0,22.0,17.0,30.0,29.0,14.0,28.0,22.0,24.0,20.0,26.0,24.0,23.0,21.0,27.0,16.0,21.0,14.0,11.0,15.0,25.0,16.0,21.0,26.0,23.0,24.0,25.0,27.0,21.0,24.0,21.0,12.0,22.0,25.0,21.0,31.0,20.0,23.0
26.0,39.0,46.0,42.0,36.0,36.0,38.0,37.0,39.0,42.0,44.0,34.0,40.0,42.0,34.0,35.0,34.0,40.0,40.0,33.0,25.0,35.0,41.0,33.0,24.0,37.0,36.0,31.0,28.0,31.0,28.0,31.0,36.0,33.0,37.0,28.0,37.0,47.0,39.0,30.0,34.0,37.0,30.0,21.0,43.0,35.0,47.0,39.0,34.0,42.0
