10,50,1000
16.811405,19.409304,19.406549,15.046767,15.830795,15.558244,18.36418,15.413269,17.721254,17.662823
9.234857,5.760757,5.726527,7.221221,8.432619,5.953579,6.408395,9.749091,6.706644,6.925061
0.0,10.0,20.0,30.0,40.0,50.0,60.0,70.0,80.0,90.0
10.0,0.0,10.0,20.0,30.0,40.0,50.0,60.0,70.0,80.0
20.0,10.0,0.0,10.0,20.0,30.0,40.0,50.0,60.0,70.0
30.0,20.0,10.0,0.0,10.0,20.0,30.0,40.0,50.0,60.0
40.0,30.0,20.0,10.0,0.0,10.0,20.0,30.0,40.0,50.0
50.0,40.0,30.0,20.0,10.0,0.0,10.0,20.0,30.0,40.0
60.0,50.0,40.0,30.0,20.0,10.0,0.0,10.0,20.0,30.0
70.0,60.0,50.0,40.0,30.0,20.0,10.0,0.0,10.0,20.0
80.0,70.0,60.0,50.0,40.0,30.0,20.0,10.0,0.0,10.0
90.0,80.0,70.0,60.0,50.0,40.0,30.0,20.0,10.0,0.0
450.0,400.0,350.0,300.0,250.0,250.0,300.0,350.0,400.0,450.0
0.0,1.0,2.0,3.0,4.0,5.0,6.0,7.0,8.0,9.0
1.0,0.0,1.0,2.0,3.0,4.0,5.0,6.0,7.0,8.0
2.0,1.0,0.0,1.0,2.0,3.0,4.0,5.0,6.0,7.0
3.0,2.0,1.0,0.0,1.0,2.0,3.0,4.0,5.0,6.0
4.0,3.0,2.0,1.0,0.0,1.0,2.0,3.0,4.0,5.0
5.0,4.0,3.0,2.0,1.0,0.0,1.0,2.0,3.0,4.0
6.0,5.0,4.0,3.0,2.0,1.0,0.0,1.0,2.0,3.0
7.0,6.0,5.0,4.0,3.0,2.0,1.0,0.0,1.0,2.0
8.0,7.0,6.0,5.0,4.0,3.0,2.0,1.0,0.0,1.0
9.0,8.0,7.0,6.0,5.0,4.0,3.0,2.0,1.0,0.0
45.0,40.0,35.0,30.0,25.0,25.0,30.0,35.0,40.0,45.0
43.0,25.0,32.0,43.0,38.0,30.0,29.0,40.0,36.0,34.0,39.0,26.0,36.0,33.0,32.0,25.0,29.0,43.0,26.0,32.0,33.0,26.0,32.0,34.0,28.0,31.0,46.0,27.0,35.0,34.0,28.0,39.0,39.0,34.0,32.0,30.0,29.0,36.0,32.0,32.0,28.0,42.0,31.0,37.0,27.0,30.0,35.0,45.0,33.0,42.0
25.0,20.0,28.0,23.0,19.0,22.0,22.0,20.0,24.0,27.0,29.0,21.0,20.0,30.0,28.0,23.0,20.0,16.0,26.0,30.0,29.0,30.0,24.0,19.0,24.0,27.0,16.0,17.0,33.0,37.0,21.0,26.0,21.0,15.0,27.0,18.0,26.0,24.0,25.0,19.0,28.0,25.0,15.0,24.0,29.0,32.0,26.0,12.0,26.0,32.0
12.0,26.0,20.0,27.0,29.0,19.0,28.0,30.0,17.0,19.0,27.0,17.0,25.0,25.0,27.0,16.0,22.0,21.0,32.0,23.0,24.0,19.0,25.0,27.0,27.0,29.0,24.0,27.0,23.0,25.0,29.0,22.0,26.0,31.0,26.0,27.0,23.0,26.0,24.0,22.0,26.0,21.0,27.0,25.0,27.0,30.0,23.0,18.0,17.0,25.0
23.0,32.0,32.0,23.0,25.0,30.0,23.0,24.0,28.0,20.0,26.0,36.0,35.0,25.0,22.0,30.0,36.0,27.0,33.0,26.0,19.0,20.0,19.0,28.0,18.0,33.0,31.0,23.0,28.0,24.0,21.0,32.0,31.0,32.0,29.0,25.0,24.0,26.0,15.0,36.0,36.0,21.0,25.0,24.0,28.0,26.0,23.0,24.0,15.0,32.0
35.0,25.0,29.0,30.0,43.0,26.0,33.0,24.0,28.0,40.0,35.0,29.0,37.0,34.0,29.0,31.0,31.0,30.0,30.0,30.0,31.0,40.0,36.0,37.0,28.0,37.0,26.0,34.0,30.0,41.0,30.0,31.0,29.0,21.0,20.0,33.0,25.0,29.0,27.0,39.0,19.0,27.0,32.0,30.0,37.0,36.0,30.0,36.0,34.0,28.0
25.0,16.0,17.0,25.0,27.0,23.0,28.0,22.0,19.0,19.0,18.0,31.0,23.0,17.0,25.0,23.0,19.0,23.0,27.0,27.0,25.0,34.0,28.0,32.0,23.0,32.0,23.0,23.0,28.0,21.0,25.0,22.0,28.0,34.0,22.0,16.0,17.0,20.0,27.0,25.0,25.0,21.0,18.0,27.0,21.0,17.0,29.0,23.0,29.0,25.0
36.0,29.0,30.0,36.0,26.0,28.0,23.0,32.0,29.0,21.0,25.0,31.0,22.0,26.0,31.0,31.0,23.0,25.0,34.0,24.0,27.0,27.0,27.0,28.0,28.0,32.0,23.0,27.0,29.0,37.0,20.0,24.0,27.0,28.0,28.0,34.0,29.0,26.0,40.0,28.0,24.0,24.0,24.0,35.0,23.0,21.0,22.0,22.0,23.0,27.0
33.0,39.0,29.0,22.0,33.0,49.0,37.0,28.0,29.0,43.0,24.0,34.0,36.0,32.0,39.0,34.0,38.0,28.0,34.0,34.0,50.0,35.0,40.0,37.0,39.0,39.0,29.0,41.0,41.0,40.0,35.0,30.0,41.0,40.0,28.0,26.0,35.0,36.0,37.0,38.0,21.0,30.0,34.0,36.0,44.0,52.0,47.0,24.0,41.0,31.0
29.0,24.0,26.0,26.0,23.0,22.0,25.0,28.0,43.0,25.0,29.0,25.0,19.0,27.0,26.0,23.0,19.0,27.0,20.0,20.0,28.0,24.0,27.0,22.0,23.0,29.0,22.0,21.0,22.0,27.0,21.0,30.0,24.0,27.0,25.0,15.0,24.0,26.0,30.0,24.0,29.0,17.0,34.0,31.0,36.0,30.0,27.0,23.0,19.0,20.0
35.0,23.0,28.0,30.0,33.0,36.0,29.0,18.0,28.0,26.0,24.0,24.0,28.0,24.0,22.0,26.0,18.0,26.0,27.0,22.0,29.0,27.0,35.0,26.0,21.0,30.0,25.0,20.0,25.0,23.0,36.0,28.0,32.0,29.0,22.0,31.0,31.0,21.0,20.0,29.0,24.0,25.0,24.0,24.0,26.0,29.0,32.0,34.0,21.0,27.0
