10,50,1000
17.949513,15.853968,17.61197,16.391693,15.257439,18.002056,16.209404,17.567045,18.75833,16.397821
7.263198,8.112807,8.132382,5.114686,9.755151,8.518816,8.037276,5.08805,8.501231,5.890272
0.0,10.0,20.0,30.0,40.0,50.0,60.0,70.0,80.0,90.0
10.0,0.0,10.0,20.0,30.0,40.0,50.0,60.0,70.0,80.0
20.0,10.0,0.0,10.0,20.0,30.0,40.0,50.0,60.0,70.0
30.0,20.0,10.0,0.0,10.0,20.0,30.0,40.0,50.0,60.0
40.0,30.0,20.0,10.0,0.0,10.0,20.0,30.0,40.0,50.0
50.0,40.0,30.0,20.0,10.0,0.0,10.0,20.0,30.0,40.0
60.0,50.0,40.0,30.0,20.0,10.0,0.0,10.0,20.0,30.0
70.0,60.0,50.0,40.0,30.0,20.0,10.0,0.0,10.0,20.0
80.0,70.0,60.0,50.0,40.0,30.0,20.0,10.0,0.0,10.0
90.0,80.0,70.0,60.0,50.0,40.0,30.0,20.0,10.0,0.0
450.0,400.0,350.0,300.0,250.0,250.0,300.0,350.0,400.0,450.0
0.0,1.0,2.0,3.0,4.0,5.0,6.0,7.0,8.0,9.0
1.0,0.0,1.0,2.0,3.0,4.0,5.0,6.0,7.0,8.0
2.0,1.0,0.0,1.0,2.0,3.0,4.0,5.0,6.0,7.0
3.0,2.0,1.0,0.0,1.0,2.0,3.0,4.0,5.0,6.0
4.0,3.0,2.0,1.0,0.0,1.0,2.0,3.0,4.0,5.0
5.0,4.0,3.0,2.0,1.0,0.0,1.0,2.0,3.0,4.0
6.0,5.0,4.0,3.0,2.0,1.0,0.0,1.0,2.0,3.0
7.0,6.0,5.0,4.0,3.0,2.0,1.0,0.0,1.0,2.0
8.0,7.0,6.0,5.0,4.0,3.0,2.0,1.0,0.0,1.0
9.0,8.0,7.0,6.0,5.0,4.0,3.0,2.0,1.0,0.0
45.0,40.0,35.0,30.0,25.0,25.0,30.0,35.0,40.0,45.0
39.0,30.0,33.0,27.0,23.0,28.0,27.0,30.0,33.0,39.0,25.0,29.0,30.0,28.0,28.0,30.0,32.0,31.0,16.0,27.0,27.0,40.0,20.0,21.0,19.0,31.0,22.0,25.0,26.0,25.0,26.0,30.0,36.0,25.0,28.0,38.0,39.0,20.0,27.0,20.0,37.0,24.0,34.0,22.0,30.0,21.0,29.0,34.0,24.0,36.0
26.0,26.0,32.0,33.0,35.0,29.0,21.0,27.0,31.0,31.0,26.0,30.0,33.0,24.0,37.0,30.0,35.0,31.0,29.0,27.0,32.0,31.0,39.0,35.0,22.0,28.0,37.0,38.0,26.0,28.0,30.0,37.0,36.0,29.0,31.0,31.0,29.0,29.0,31.0,32.0,27.0,32.0,38.0,31.0,31.0,27.0,34.0,26.0,28.0,20.0
36.0,40.0,29.0,28.0,31.0,38.0,43.0,32.0,43.0,29.0,32.0,24.0,33.0,30.0,33.0,30.0,30.0,32.0,41.0,30.0,35.0,37.0,28.0,34.0,33.0,22.0,19.0,36.0,31.0,30.0,33.0,33.0,26.0,27.0,24.0,28.0,34.0,24.0,36.0,37.0,36.0,31.0,36.0,31.0,35.0,37.0,30.0,28.0,31.0,29.0
18.0,22.0,14.0,28.0,23.0,28.0,17.0,20.0,16.0,26.0,18.0,18.0,24.0,27.0,29.0,18.0,18.0,26.0,25.0,29.0,21.0,21.0,21.0,25.0,20.0,30.0,21.0,18.0,15.0,22.0,26.0,28.0,25.0,22.0,17.0,18.0,28.0,23.0,19.0,18.0,19.0,26.0,18.0,16.0,27.0,22.0,16.0,19.0,20.0,17.0
33.0,33.0,36.0,35.0,45.0,29.0,32.0,33.0,29.0,42.0,33.0,36.0,31.0,29.0,29.0,37.0,38.0,32.0,45.0,39.0,34.0,33.0,38.0,46.0,46.0,38.0,35.0,32.0,36.0,29.0,37.0,29.0,33.0,38.0,26.0,42.0,34.0,32.0,41.0,39.0,35.0,27.0,47.0,28.0,45.0,34.0,40.0,33.0,25.0,45.0
31.0,41.0,28.0,31.0,41.0,25.0,42.0,34.0,28.0,37.0,32.0,45.0,33.0,27.0,40.0,42.0,32.0,36.0,36.0,40.0,36.0,23.0,22.0,37.0,41.0,31.0,41.0,38.0,33.0,25.0,37.0,38.0,32.0,35.0,40.0,39.0,40.0,35.0,25.0,23.0,21.0,34.0,24.0,31.0,40.0,38.0,32.0,26.0,15.0,35.0
31.0,24.0,31.0,25.0,37.0,35.0,29.0,21.0,24.0,22.0,24.0,21.0,27.0,36.0,32.0,26.0,35.0,26.0,25.0,32.0,29.0,37.0,30.0,24.0,28.0,30.0,31.0,31.0,28.0,29.0,21.0,35.0,34.0,29.0,29.0,30.0,34.0,23.0,27.0,26.0,24.0,27.0,31.0,19.0,21.0,24.0,25.0,30.0,35.0,29.0
19.0,13.0,24.0,17.0,22.0,18.0,21.0,27.0,24.0,24.0,22.0,20.0,17.0,22.0,22.0,22.0,23.0,19.0,23.0,12.0,20.0,27.0,24.0,16.0,18.0,22.0,23.0,12.0,20.0,22.0,24.0,17.0,12.0,21.0,15.0,16.0,22.0,22.0,21.0,27.0,25.0,20.0,14.0,20.0,25.0,26.0,27.0,26.0,16.0,17.0
29.0,27.0,30.0,36.0,27.0,28.0,36.0,25.0,43.0,36.0,35.0,36.0,31.0,34.0,40.0,29.0,32.0,32.0,38.0,29.0,27.0,33.0,33.0,32.0,18.0,30.0,25.0,38.0,25.0,28.0,36.0,32.0,27.0,31.0,35.0,30.0,29.0,31.0,45.0,40.0,37.0,36.0,23.0,38.0,28.0,34.0,23.0,36.0,33.0,28.0
21.0,16.0,24.0,24.0,20.0,14.0,25.0,17.0,19.0,21.0,28.0,14.0,17.0,24.0,15.0,18.0,35.0,33.0,17.0,23.0,30.0,16.0,26.0,19.0,24.0,27.0,21.0,24.0,20.0,28.0,26.0,22.0,16.0,16.0,27.0,18.0,26.0,21.0,22.0,20.0,17.0,27.0,20.0,18.0,14.0,15.0,20.0,25.0,27.0,23.0
