10,50,1000
18.590215,17.481633,19.682581,17.209229,18.618788,19.498494,17.61984,18.006609,15.429848,19.282615
6.381284,6.684761,8.296477,7.708828,8.487486,6.40046,7.421042,9.240268,9.288652,9.379776
0.0,10.0,20.0,30.0,40.0,50.0,60.0,70.0,80.0,90.0
10.0,0.0,10.0,20.0,30.0,40.0,50.0,60.0,70.0,80.0
20.0,10.0,0.0,10.0,20.0,30.0,40.0,50.0,60.0,70.0
30.0,20.0,10.0,0.0,10.0,20.0,30.0,40.0,50.0,60.0
40.0,30.0,20.0,10.0,0.0,10.0,20.0,30.0,40.0,50.0
50.0,40.0,30.0,20.0,10.0,0.0,10.0,20.0,30.0,40.0
60.0,50.0,40.0,30.0,20.0,10.0,0.0,10.0,20.0,30.0
70.0,60.0,50.0,40.0,30.0,20.0,10.0,0.0,10.0,20.0
80.0,70.0,60.0,50.0,40.0,30.0,20.0,10.0,0.0,10.0
90.0,80.0,70.0,60.0,50.0,40.0,30.0,20.0,10.0,0.0
450.0,400.0,350.0,300.0,250.0,250.0,300.0,350.0,400.0,450.0
0.0,1.0,2.0,3.0,4.0,5.0,6.0,7.0,8.0,9.0
1.0,0.0,1.0,2.0,3.0,4.0,5.0,6.0,7.0,8.0
2.0,1.0,0.0,1.0,2.0,3.0,4.0,5.0,6.0,7.0
3.0,2.0,1.0,0.0,1.0,2.0,3.0,4.0,5.0,6.0
4.0,3.0,2.0,1.0,0.0,1.0,2.0,3.0,4.0,5.0
5.0,4.0,3.0,2.0,1.0,0.0,1.0,2.0,3.0,4.0
6.0,5.0,4.0,3.0,2.0,1.0,0.0,1.0,2.0,3.0
7.0,6.0,5.0,4.0,3.0,2.0,1.0,0.0,1.0,2.0
8.0,7.0,6.0,5.0,4.0,3.0,2.0,1.0,0.0,1.0
9.0,8.0,7.0,6.0,5.0,4.0,3.0,2.0,1.0,0.0
45.0,40.0,35.0,30.0,25.0,25.0,30.0,35.0,40.0,45.0
27.0,23.0,27.0,23.0,21.0,25.0,26.0,22.0,19.0,30.0,25.0,31.0,27.0,32.0,28.0,18.0,18.0,34.0,25.0,28.0,28.0,28.0,29.0,24.0,29.0,25.0,27.0,34.0,17.0,23.0,27.0,24.0,33.0,17.0,27.0,27.0,36.0,21.0,27.0,29.0,30.0,16.0,21.0,28.0,28.0,29.0,26.0,41.0,36.0,36.0
28.0,26.0,28.0,24.0,33.0,19.0,21.0,23.0,27.0,20.0,24.0,27.0,28.0,25.0,24.0,27.0,21.0,24.0,17.0,29.0,18.0,20.0,28.0,36.0,22.0,27.0,35.0,24.0,23.0,33.0,30.0,32.0,35.0,25.0,26.0,34.0,24.0,38.0,25.0,22.0,23.0,27.0,29.0,30.0,28.0,30.0,34.0,29.0,31.0,21.0
30.0,46.0,31.0,24.0,37.0,29.0,29.0,28.0,37.0,35.0,40.0,22.0,21.0,43.0,33.0,32.0,33.0,38.0,18.0,24.0,41.0,37.0,28.0,24.0,35.0,37.0,35.0,33.0,39.0,34.0,24.0,24.0,26.0,23.0,32.0,33.0,32.0,32.0,37.0,34.0,33.0,29.0,32.0,35.0,31.0,34.0,31.0,33.0,35.0,37.0
29.0,30.0,19.0,26.0,35.0,29.0,25.0,31.0,31.0,19.0,29.0,41.0,38.0,20.0,33.0,28.0,39.0,26.0,26.0,36.0,27.0,28.0,19.0,33.0,34.0,29.0,42.0,27.0,22.0,29.0,18.0,22.0,34.0,23.0,36.0,38.0,26.0,25.0,26.0,40.0,32.0,32.0,34.0,31.0,36.0,32.0,39.0,32.0,23.0,36.0
37.0,24.0,33.0,28.0,32.0,28.0,36.0,30.0,37.0,28.0,44.0,30.0,43.0,27.0,25.0,43.0,36.0,31.0,30.0,31.0,40.0,23.0,26.0,27.0,25.0,30.0,42.0,22.0,32.0,27.0,32.0,24.0,32.0,35.0,33.0,23.0,34.0,25.0,38.0,28.0,32.0,30.0,31.0,34.0,24.0,34.0,28.0,36.0,36.0,39.0
23.0,29.0,22.0,20.0,22.0,23.0,30.0,32.0,25.0,19.0,25.0,25.0,19.0,32.0,21.0,21.0,30.0,30.0,25.0,25.0,17.0,34.0,31.0,26.0,26.0,24.0,23.0,18.0,22.0,32.0,25.0,32.0,29.0,29.0,23.0,22.0,33.0,24.0,26.0,25.0,29.0,30.0,26.0,27.0,19.0,35.0,17.0,27.0,22.0,25.0
17.0,27.0,30.0,24.0,22.0,30.0,34.0,29.0,31.0,18.0,30.0,34.0,36.0,28.0,24.0,32.0,28.0,29.0,25.0,26.0,34.0,42.0,35.0,26.0,20.0,31.0,26.0,36.0,30.0,37.0,37.0,21.0,23.0,27.0,35.0,33.0,33.0,27.0,28.0,31.0,27.0,24.0,21.0,31.0,34.0,31.0,32.0,27.0,34.0,28.0
37.0,26.0,32.0,39.0,21.0,32.0,46.0,32.0,38.0,32.0,32.0,29.0,31.0,28.0,37.0,37.0,34.0,37.0,37.0,34.0,38.0,31.0,32.0,38.0,36.0,35.0,32.0,28.0,31.0,28.0,29.0,30.0,36.0,37.0,29.0,34.0,34.0,26.0,49.0,29.0,27.0,37.0,32.0,34.0,38.0,37.0,40.0,40.0,37.0,38.0
18.0,34.0,34.0,37.0,35.0,31.0,32.0,23.0,39.0,29.0,38.0,41.0,28.0,30.0,36.0,37.0,48.0,32.0,35.0,30.0,42.0,31.0,37.0,37.0,24.0,29.0,35.0,33.0,28.0,30.0,43.0,30.0,26.0,38.0,33.0,45.0,38.0,33.0,46.0,42.0,38.0,43.0,28.0,30.0,32.0,44.0,31.0,28.0,30.0,28.0
38.0,41.0,33.0,44.0,25.0,26.0,29.0,43.0,32.0,39.0,28.0,37.0,35.0,47.0,35.0,30.0,44.0,30.0,39.0,31.0,23.0,35.0,41.0,36.0,33.0,35.0,51.0,38.0,28.0,23.0,37.0,33.0,31.0,44.0,44.0,30.0,43.0,32.0,27.0,29.0,36.0,34.0,34.0,30.0,45.0,32.0,54.0,31.0,34.0,31.0
