10,50,1000
19.178706,17.218686,16.611346,19.161428,15.290246,15.129233,15.031589,17.46173,19.221952,19.453571
8.192012,8.26209,8.595905,9.552599,8.741856,9.79905,9.399031,7.502672,9.835474,5.221421
0.0,10.0,20.0,30.0,40.0,50.0,60.0,70.0,80.0,90.0
10.0,0.0,10.0,20.0,30.0,40.0,50.0,60.0,70.0,80.0
20.0,10.0,0.0,10.0,20.0,30.0,40.0,50.0,60.0,70.0
30.0,20.0,10.0,0.0,10.0,20.0,30.0,40.0,50.0,60.0
40.0,30.0,20.0,10.0,0.0,10.0,20.0,30.0,40.0,50.0
50.0,40.0,30.0,20.0,10.0,0.0,10.0,20.0,30.0,40.0
60.0,50.0,40.0,30.0,20.0,10.0,0.0,10.0,20.0,30.0
70.0,60.0,50.0,40.0,30.0,20.0,10.0,0.0,10.0,20.0
80.0,70.0,60.0,50.0,40.0,30.0,20.0,10.0,0.0,10.0
90.0,80.0,70.0,60.0,50.0,40.0,30.0,20.0,10.0,0.0
450.0,400.0,350.0,300.0,250.0,250.0,300.0,350.0,400.0,450.0
0.0,1.0,2.0,3.0,4.0,5.0,6.0,7.0,8.0,9.0
1.0,0.0,1.0,2.0,3.0,4.0,5.0,6.0,7.0,8.0
2.0,1.0,0.0,1.0,2.0,3.0,4.0,5.0,6.0,7.0
3.0,2.0,1.0,0.0,1.0,2.0,3.0,4.0,5.0,6.0
4.0,3.0,2.0,1.0,0.0,1.0,2.0,3.0,4.0,5.0
5.0,4.0,3.0,2.0,1.0,0.0,1.0,2.0,3.0,4.0
6.0,5.0,4.0,3.0,2.0,1.0,0.0,1.0,2.0,3.0
7.0,6.0,5.0,4.0,3.0,2.0,1.0,0.0,1.0,2.0
8.0,7.0,6.0,5.0,4.0,3.0,2.0,1.0,0.0,1.0
9.0,8.0,7.0,6.0,5.0,4.0,3.0,2.0,1.0,0.0
45.0,40.0,35.0,30.0,25.0,25.0,30.0,35.0,40.0,45.0
37.0,19.0,35.0,32.0,25.0,31.0,32.0,36.0,31.0,25.0,30.0,37.0,30.0,34.0,25.0,25.0,27.0,30.0,26.0,22.0,29.0,45.0,31.0,26.0,28.0,27.0,31.0,36.0,24.0,32.0,29.0,28.0,30.0,26.0,43.0,20.0,34.0,31.0,32.0,38.0,25.0,42.0,32.0,31.0,33.0,32.0,27.0,28.0,29.0,35.0
23.0,36.0,27.0,26.0,32.0,27.0,23.0,22.0,38.0,36.0,38.0,40.0,39.0,32.0,30.0,28.0,26.0,35.0,26.0,21.0,35.0,36.0,26.0,29.0,31.0,34.0,26.0,28.0,27.0,33.0,35.0,34.0,36.0,33.0,40.0,37.0,29.0,29.0,42.0,25.0,31.0,29.0,32.0,36.0,35.0,31.0,25.0,37.0,26.0,33.0
34.0,32.0,36.0,31.0,32.0,32.0,37.0,29.0,35.0,19.0,25.0,28.0,38.0,24.0,26.0,28.0,35.0,32.0,29.0,33.0,25.0,43.0,33.0,33.0,31.0,44.0,36.0,31.0,36.0,21.0,32.0,35.0,36.0,32.0,42.0,27.0,25.0,18.0,30.0,28.0,31.0,41.0,34.0,27.0,33.0,25.0,34.0,35.0,34.0,36.0
39.0,30.0,32.0,44.0,30.0,39.0,34.0,36.0,37.0,34.0,31.0,23.0,32.0,34.0,38.0,38.0,36.0,30.0,30.0,40.0,31.0,44.0,38.0,41.0,30.0,50.0,26.0,44.0,41.0,24.0,44.0,43.0,28.0,39.0,36.0,29.0,31.0,35.0,35.0,34.0,32.0,32.0,35.0,31.0,24.0,40.0,33.0,42.0,28.0,24.0
29.0,33.0,39.0,28.0,32.0,32.0,36.0,28.0,25.0,40.0,28.0,39.0,29.0,46.0,30.0,35.0,32.0,30.0,26.0,31.0,29.0,38.0,40.0,35.0,30.0,27.0,37.0,36.0,25.0,35.0,30.0,22.0,33.0,27.0,30.0,34.0,27.0,27.0,34.0,20.0,31.0,32.0,21.0,44.0,32.0,25.0,34.0,41.0,27.0,25.0
36.0,51.0,36.0,35.0,37.0,32.0,34.0,36.0,36.0,34.0,38.0,43.0,36.0,38.0,43.0,40.0,37.0,44.0,35.0,34.0,37.0,32.0,26.0,40.0,23.0,31.0,37.0,32.0,36.0,35.0,31.0,36.0,32.0,31.0,24.0,41.0,42.0,36.0,43.0,40.0,35.0,27.0,36.0,40.0,37.0,37.0,34.0,36.0,30.0,31.0
25.0,32.0,26.0,33.0,44.0,31.0,32.0,30.0,37.0,32.0,33.0,31.0,35.0,32.0,24.0,39.0,39.0,32.0,36.0,32.0,29.0,36.0,33.0,36.0,40.0,44.0,37.0,31.0,18.0,29.0,37.0,36.0,37.0,39.0,39.0,42.0,36.0,40.0,27.0,34.0,31.0,29.0,34.0,37.0,25.0,40.0,34.0,30.0,29.0,42.0
16.0,27.0,41.0,34.0,36.0,32.0,25.0,20.0,30.0,27.0,23.0,26.0,22.0,31.0,33.0,31.0,38.0,35.0,34.0,27.0,29.0,31.0,34.0,25.0,37.0,30.0,28.0,33.0,25.0,27.0,27.0,35.0,28.0,32.0,33.0,27.0,37.0,32.0,21.0,22.0,28.0,21.0,39.0,36.0,33.0,28.0,31.0,24.0,28.0,37.0
44.0,48.0,30.0,40.0,38.0,41.0,45.0,34.0,42.0,30.0,38.0,33.0,36.0,33.0,37.0,28.0,43.0,36.0,25.0,34.0,32.0,27.0,34.0,41.0,39.0,37.0,42.0,44.0,34.0,33.0,32.0,30.0,40.0,41.0,33.0,34.0,36.0,37.0,35.0,35.0,32.0,38.0,25.0,36.0,41.0,43.0,33.0,31.0,39.0,32.0
19.0,20.0,23.0,19.0,29.0,28.0,13.0,17.0,25.0,24.0,21.0,25.0,26.0,19.0,19.0,34.0,19.0,28.0,26.0,21.0,19.0,30.0,23.0,22.0,13.0,23.0,30.0,22.0,15.0,21.0,20.0,27.0,22.0,32.0,21.0,25.0,29.0,17.0,23.0,18.0,22.0,16.0,26.0,23.0,21.0,23.0,21.0,23.0,23.0,29.0
