10,50,1000
17.794129,18.404085,15.050376,18.718957,17.625759,19.505376,19.156038,19.539415,17.412937,15.874783
5.078566,7.382054,9.204003,9.126546,7.059026,7.276226,7.837601,8.268453,9.487943,8.306215
0.0,10.0,20.0,30.0,40.0,50.0,60.0,70.0,80.0,90.0
10.0,0.0,10.0,20.0,30.0,40.0,50.0,60.0,70.0,80.0
20.0,10.0,0.0,10.0,20.0,30.0,40.0,50.0,60.0,70.0
30.0,20.0,10.0,0.0,10.0,20.0,30.0,40.0,50.0,60.0
40.0,30.0,20.0,10.0,0.0,10.0,20.0,30.0,40.0,50.0
50.0,40.0,30.0,20.0,10.0,0.0,10.0,20.0,30.0,40.0
60.0,50.0,40.0,30.0,20.0,10.0,0.0,10.0,20.0,30.0
70.0,60.0,50.0,40.0,30.0,20.0,10.0,0.0,10.0,20.0
80.0,70.0,60.0,50.0,40.0,30.0,20.0,10.0,0.0,10.0
90.0,80.0,70.0,60.0,50.0,40.0,30.0,20.0,10.0,0.0
450.0,400.0,350.0,300.0,250.0,250.0,300.0,350.0,400.0,450.0
0.0,1.0,2.0,3.0,4.0,5.0,6.0,7.0,8.0,9.0
1.0,0.0,1.0,2.0,3.0,4.0,5.0,6.0,7.0,8.0
2.0,1.0,0.0,1.0,2.0,3.0,4.0,5.0,6.0,7.0
3.0,2.0,1.0,0.0,1.0,2.0,3.0,4.0,5.0,6.0
4.0,3.0,2.0,1.0,0.0,1.0,2.0,3.0,4.0,5.0
5.0,4.0,3.0,2.0,1.0,0.0,1.0,2.0,3.0,4.0
6.0,5.0,4.0,3.0,2.0,1.0,0.0,1.0,2.0,3.0
7.0,6.0,5.0,4.0,3.0,2.0,1.0,0.0,1.0,2.0
8.0,7.0,6.0,5.0,4.0,3.0,2.0,1.0,0.0,1.0
9.0,8.0,7.0,6.0,5.0,4.0,3.0,2.0,1.0,0.0
45.0,40.0,35.0,30.0,25.0,25.0,30.0,35.0,40.0,45.0
19.0,19.0,15.0,21.0,26.0,17.0,20.0,24.0,22.0,25.0,25.0,21.0,18.0,23.0,22.0,14.0,21.0,22.0,20.0,15.0,17.0,29.0,20.0,17.0,28.0,21.0,20.0,20.0,21.0,13.0,12.0,22.0,28.0,18.0,26.0,18.0,12.0,20.0,20.0,22.0,23.0,22.0,22.0,21.0,24.0,25.0,23.0,15.0,18.0,21.0
30.0,23.0,26.0,27.0,27.0,29.0,23.0,25.0,27.0,38.0,30.0,21.0,18.0,31.0,29.0,26.0,29.0,32.0,34.0,41.0,42.0,36.0,22.0,33.0,42.0,33.0,22.0,40.0,37.0,37.0,29.0,33.0,25.0,25.0,30.0,27.0,20.0,29.0,28.0,25.0,25.0,34.0,18.0,30.0,27.0,32.0,24.0,29.0,34.0,34.0
34.0,23.0,36.0,29.0,38.0,34.0,33.0,32.0,30.0,29.0,30.0,30.0,35.0,32.0,43.0,46.0,28.0,32.0,39.0,39.0,36.0,36.0,36.0,28.0,35.0,31.0,37.0,34.0,31.0,25.0,27.0,39.0,31.0,43.0,34.0,42.0,34.0,27.0,25.0,35.0,37.0,32.0,38.0,28.0,41.0,43.0,37.0,33.0,26.0,37.0
38.0,33.0,32.0,31.0,30.0,23.0,41.0,43.0,32.0,34.0,28.0,26.0,26.0,20.0,32.0,34.0,33.0,30.0,37.0,35.0,30.0,26.0,32.0,40.0,36.0,25.0,47.0,38.0,36.0,35.0,44.0,34.0,31.0,42.0,32.0,37.0,41.0,28.0,28.0,19.0,31.0,30.0,25.0,38.0,33.0,30.0,40.0,40.0,38.0,25.0
19.0,23.0,25.0,20.0,24.0,29.0,33.0,35.0,39.0,26.0,31.0,26.0,27.0,33.0,38.0,30.0,23.0,25.0,33.0,26.0,25.0,26.0,28.0,24.0,23.0,27.0,27.0,23.0,28.0,30.0,24.0,36.0,15.0,20.0,25.0,35.0,23.0,21.0,31.0,29.0,33.0,31.0,34.0,25.0,28.0,32.0,29.0,27.0,19.0,28.0
38.0,32.0,41.0,26.0,38.0,38.0,31.0,35.0,27.0,30.0,21.0,27.0,28.0,35.0,35.0,30.0,35.0,27.0,26.0,28.0,33.0,23.0,24.0,22.0,37.0,33.0,24.0,26.0,48.0,24.0,32.0,31.0,26.0,24.0,29.0,26.0,54.0,21.0,32.0,25.0,25.0,31.0,28.0,26.0,37.0,31.0,24.0,20.0,30.0,27.0
30.0,25.0,33.0,20.0,35.0,34.0,29.0,28.0,32.0,28.0,27.0,36.0,31.0,34.0,32.0,27.0,27.0,28.0,37.0,33.0,40.0,32.0,22.0,23.0,26.0,29.0,25.0,25.0,28.0,30.0,28.0,31.0,33.0,39.0,28.0,28.0,23.0,32.0,31.0,16.0,36.0,36.0,34.0,39.0,34.0,26.0,29.0,39.0,32.0,32.0
20.0,38.0,30.0,27.0,20.0,22.0,32.0,33.0,39.0,35.0,27.0,38.0,30.0,38.0,32.0,34.0,39.0,34.0,34.0,34.0,33.0,45.0,32.0,46.0,33.0,38.0,34.0,27.0,30.0,32.0,30.0,25.0,42.0,33.0,38.0,31.0,33.0,42.0,26.0,25.0,26.0,36.0,37.0,31.0,29.0,34.0,35.0,27.0,37.0,39.0
41.0,43.0,42.0,33.0,33.0,34.0,41.0,38.0,35.0,45.0,30.0,47.0,44.0,25.0,38.0,38.0,39.0,26.0,37.0,34.0,45.0,41.0,42.0,37.0,42.0,22.0,35.0,39.0,33.0,43.0,39.0,34.0,29.0,43.0,33.0,29.0,39.0,23.0,36.0,30.0,30.0,33.0,31.0,47.0,29.0,40.0,29.0,29.0,32.0,40.0
31.0,28.0,24.0,31.0,38.0,40.0,29.0,33.0,21.0,29.0,28.0,25.0,30.0,32.0,19.0,26.0,27.0,31.0,29.0,34.0,31.0,31.0,35.0,26.0,31.0,28.0,28.0,32.0,36.0,18.0,36.0,26.0,27.0,29.0,31.0,31.0,35.0,33.0,30.0,30.0,39.0,45.0,23.0,20.0,29.0,36.0,31.0,33.0,35.0,36.0
