10,50,1000
15.546856,15.737886,15.68637,18.499909,15.526896,19.308992,17.239218,18.867857,19.055258,17.064192
7.725449,5.775944,8.50903,6.698708,5.567297,6.347797,8.418329,5.884366,6.423927,8.397732
0.0,10.0,20.0,30.0,40.0,50.0,60.0,70.0,80.0,90.0
10.0,0.0,10.0,20.0,30.0,40.0,50.0,60.0,70.0,80.0
20.0,10.0,0.0,10.0,20.0,30.0,40.0,50.0,60.0,70.0
30.0,20.0,10.0,0.0,10.0,20.0,30.0,40.0,50.0,60.0
40.0,30.0,20.0,10.0,0.0,10.0,20.0,30.0,40.0,50.0
50.0,40.0,30.0,20.0,10.0,0.0,10.0,20.0,30.0,40.0
60.0,50.0,40.0,30.0,20.0,10.0,0.0,10.0,20.0,30.0
70.0,60.0,50.0,40.0,30.0,20.0,10.0,0.0,10.0,20.0
80.0,70.0,60.0,50.0,40.0,30.0,20.0,10.0,0.0,10.0
90.0,80.0,70.0,60.0,50.0,40.0,30.0,20.0,10.0,0.0
450.0,400.0,350.0,300.0,250.0,250.0,300.0,350.0,400.0,450.0
0.0,1.0,2.0,3.0,4.0,5.0,6.0,7.0,8.0,9.0
1.0,0.0,1.0,2.0,3.0,4.0,5.0,6.0,7.0,8.0
2.0,1.0,0.0,1.0,2.0,3.0,4.0,5.0,6.0,7.0
3.0,2.0,1.0,0.0,1.0,2.0,3.0,4.0,5.0,6.0
4.0,3.0,2.0,1.0,0.0,1.0,2.0,3.0,4.0,5.0
5.0,4.0,3.0,2.0,1.0,0.0,1.0,2.0,3.0,4.0
6.0,5.0,4.0,3.0,2.0,1.0,0.0,1.0,2.0,3.0
7.0,6.0,5.0,4.0,3.0,2.0,1.0,0.0,1.0,2.0
8.0,7.0,6.0,5.0,4.0,3.0,2.0,1.0,0.0,1.0
9.0,8.0,7.0,6.0,5.0,4.0,3.0,2.0,1.0,0.0
45.0,40.0,35.0,30.0,25.0,25.0,30.0,35.0,40.0,45.0
27.0,33.0,28.0,33.0,35.0,29.0,26.0,26.0,23.0,24.0,30.0,24.0,31.0,36.0,39.0,33.0,33.0,33.0,40.0,36.0,31.0,22.0,19.0,37.0,37.0,31.0,32.0,32.0,23.0,31.0,31.0,23.0,24.0,18.0,32.0,23.0,22.0,25.0,23.0,23.0,29.0,23.0,33.0,23.0,19.0,27.0,28.0,18.0,33.0,28.0
17.0,28.0,20.0,27.0,21.0,24.0,22.0,23.0,23.0,30.0,24.0,24.0,25.0,23.0,16.0,16.0,16.0,30.0,20.0,21.0,27.0,28.0,17.0,24.0,22.0,18.0,26.0,24.0,21.0,29.0,19.0,23.0,20.0,20.0,17.0,26.0,25.0,25.0,42.0,19.0,25.0,22.0,24.0,22.0,17.0,26.0,20.0,20.0,30.0,24.0
27.0,27.0,37.0,29.0,19.0,27.0,33.0,39.0,31.0,30.0,38.0,32.0,25.0,41.0,35.0,31.0,29.0,24.0,43.0,30.0,43.0,30.0,38.0,25.0,24.0,22.0,25.0,31.0,30.0,29.0,37.0,27.0,31.0,35.0,29.0,25.0,25.0,39.0,24.0,37.0,23.0,31.0,27.0,34.0,28.0,29.0,27.0,31.0,36.0,27.0
23.0,31.0,21.0,29.0,28.0,27.0,16.0,33.0,25.0,30.0,25.0,23.0,31.0,28.0,18.0,30.0,24.0,28.0,33.0,27.0,37.0,27.0,27.0,19.0,24.0,26.0,19.0,34.0,20.0,23.0,25.0,29.0,22.0,28.0,23.0,32.0,26.0,29.0,18.0,17.0,35.0,31.0,25.0,34.0,29.0,22.0,30.0,17.0,31.0,26.0
22.0,25.0,24.0,19.0,16.0,23.0,25.0,21.0,21.0,12.0,24.0,20.0,25.0,27.0,22.0,23.0,19.0,24.0,28.0,24.0,29.0,22.0,17.0,25.0,18.0,24.0,25.0,17.0,16.0,24.0,25.0,20.0,27.0,17.0,22.0,21.0,24.0,26.0,15.0,20.0,22.0,17.0,16.0,28.0,21.0,21.0,19.0,20.0,19.0,22.0
28.0,16.0,23.0,34.0,29.0,17.0,25.0,31.0,26.0,29.0,23.0,28.0,19.0,12.0,15.0,24.0,25.0,28.0,32.0,30.0,20.0,25.0,29.0,35.0,30.0,31.0,22.0,22.0,30.0,21.0,30.0,23.0,37.0,18.0,27.0,29.0,31.0,24.0,24.0,27.0,24.0,17.0,26.0,23.0,26.0,28.0,29.0,25.0,28.0,19.0
34.0,32.0,33.0,38.0,40.0,35.0,33.0,36.0,38.0,32.0,31.0,36.0,38.0,31.0,35.0,33.0,28.0,31.0,30.0,37.0,27.0,26.0,45.0,36.0,25.0,30.0,29.0,35.0,40.0,27.0,31.0,28.0,41.0,31.0,32.0,25.0,27.0,29.0,40.0,41.0,30.0,36.0,27.0,31.0,41.0,36.0,37.0,32.0,35.0,31.0
29.0,14.0,27.0,22.0,31.0,14.0,18.0,29.0,27.0,24.0,24.0,15.0,19.0,25.0,21.0,29.0,26.0,20.0,23.0,22.0,27.0,22.0,17.0,27.0,24.0,32.0,22.0,29.0,23.0,27.0,21.0,19.0,23.0,29.0,18.0,18.0,20.0,22.0,19.0,19.0,29.0,21.0,24.0,18.0,21.0,29.0,32.0,28.0,28.0,29.0
25.0,24.0,26.0,25.0,19.0,21.0,31.0,37.0,32.0,26.0,25.0,33.0,26.0,31.0,24.0,27.0,23.0,24.0,36.0,24.0,30.0,21.0,33.0,20.0,31.0,25.0,24.0,29.0,32.0,26.0,22.0,29.0,24.0,20.0,20.0,23.0,28.0,29.0,34.0,28.0,18.0,35.0,42.0,15.0,23.0,30.0,22.0,37.0,22.0,30.0
31.0,32.0,24.0,31.0,30.0,26.0,25.0,34.0,33.0,31.0,31.0,35.0,31.0,34.0,39.0,30.0,34.0,32.0,33.0,35.0,31.0,29.0,23.0,31.0,27.0,24.0,35.0,34.0,41.0,27.0,40.0,30.0,35.0,28.0,30.0,35.0,27.0,30.0,29.0,26.0,26.0,33.0,23.0,39.0,35.0,28.0,24.0,34.0,37.0,30.0
