10,50,1000
18.117939,17.217602,18.973829,18.063102,16.059371,19.328983,15.219732,18.214762,16.427974,17.761715
8.76003,8.89515,7.983698,5.607928,5.199691,8.439166,5.413081,8.465836,9.319935,7.645115
0.0,10.0,20.0,30.0,40.0,50.0,60.0,70.0,80.0,90.0
10.0,0.0,10.0,20.0,30.0,40.0,50.0,60.0,70.0,80.0
20.0,10.0,0.0,10.0,20.0,30.0,40.0,50.0,60.0,70.0
30.0,20.0,10.0,0.0,10.0,20.0,30.0,40.0,50.0,60.0
40.0,30.0,20.0,10.0,0.0,10.0,20.0,30.0,40.0,50.0
50.0,40.0,30.0,20.0,10.0,0.0,10.0,20.0,30.0,40.0
60.0,50.0,40.0,30.0,20.0,10.0,0.0,10.0,20.0,30.0
70.0,60.0,50.0,40.0,30.0,20.0,10.0,0.0,10.0,20.0
80.0,70.0,60.0,50.0,40.0,30.0,20.0,10.0,0.0,10.0
90.0,80.0,70.0,60.0,50.0,40.0,30.0,20.0,10.0,0.0
450.0,400.0,350.0,300.0,250.0,250.0,300.0,350.0,400.0,450.0
0.0,1.0,2.0,3.0,4.0,5.0,6.0,7.0,8.0,9.0
1.0,0.0,1.0,2.0,3.0,4.0,5.0,6.0,7.0,8.0
2.0,1.0,0.0,1.0,2.0,3.0,4.0,5.0,6.0,7.0
3.0,2.0,1.0,0.0,1.0,2.0,3.0,4.0,5.0,6.0
4.0,3.0,2.0,1.0,0.0,1.0,2.0,3.0,4.0,5.0
5.0,4.0,3.0,2.0,1.0,0.0,1.0,2.0,3.0,4.0
6.0,5.0,4.0,3.0,2.0,1.0,0.0,1.0,2.0,3.0
7.0,6.0,5.0,4.0,3.0,2.0,1.0,0.0,1.0,2.0
8.0,7.0,6.0,5.0,4.0,3.0,2.0,1.0,0.0,1.0
9.0,8.0,7.0,6.0,5.0,4.0,3.0,2.0,1.0,0.0
45.0,40.0,35.0,30.0,25.0,25.0,30.0,35.0,40.0,45.0
37.0,33.0,38.0,49.0,37.0,29.0,30.0,32.0,29.0,34.0,23.0,42.0,36.0,39.0,32.0,32.0,31.0,39.0,33.0,28.0,23.0,33.0,35.0,26.0,21.0,31.0,40.0,28.0,31.0,35.0,23.0,36.0,31.0,24.0,39.0,34.0,40.0,25.0,40.0,35.0,45.0,32.0,39.0,37.0,35.0,38.0,34.0,19.0,37.0,26.0
41.0,21.0,37.0,36.0,36.0,26.0,38.0,46.0,30.0,36.0,34.0,40.0,40.0,31.0,33.0,30.0,35.0,29.0,49.0,35.0,35.0,36.0,21.0,40.0,32.0,34.0,34.0,39.0,30.0,33.0,28.0,25.0,39.0,42.0,30.0,36.0,39.0,45.0,29.0,41.0,34.0,37.0,35.0,40.0,27.0,32.0,37.0,41.0,31.0,36.0
34.0,31.0,26.0,27.0,36.0,28.0,21.0,27.0,32.0,37.0,27.0,24.0,42.0,39.0,43.0,38.0,34.0,38.0,30.0,34.0,40.0,20.0,29.0,29.0,25.0,31.0,29.0,29.0,26.0,30.0,39.0,31.0,25.0,28.0,33.0,34.0,38.0,28.0,33.0,36.0,31.0,43.0,46.0,38.0,37.0,30.0,35.0,27.0,32.0,31.0
15.0,21.0,22.0,13.0,26.0,24.0,16.0,18.0,23.0,34.0,23.0,25.0,17.0,17.0,25.0,16.0,29.0,25.0,25.0,29.0,23.0,16.0,12.0,22.0,22.0,23.0,24.0,20.0,26.0,21.0,28.0,22.0,23.0,22.0,24.0,30.0,19.0,30.0,16.0,22.0,24.0,23.0,17.0,22.0,19.0,29.0,19.0,15.0,26.0,26.0
24.0,25.0,19.0,21.0,25.0,23.0,24.0,21.0,26.0,16.0,15.0,18.0,19.0,20.0,18.0,18.0,23.0,29.0,20.0,19.0,21.0,25.0,22.0,26.0,23.0,19.0,29.0,19.0,14.0,23.0,16.0,22.0,22.0,13.0,17.0,17.0,26.0,26.0,24.0,17.0,18.0,25.0,17.0,15.0,37.0,26.0,17.0,17.0,19.0,21.0
38.0,32.0,36.0,43.0,21.0,39.0,25.0,20.0,32.0,35.0,23.0,36.0,27.0,29.0,34.0,34.0,31.0,28.0,31.0,34.0,28.0,26.0,36.0,38.0,30.0,34.0,23.0,35.0,41.0,32.0,24.0,39.0,37.0,24.0,25.0,37.0,35.0,31.0,36.0,38.0,26.0,30.0,28.0,25.0,24.0,37.0,27.0,25.0,37.0,33.0
18.0,23.0,21.0,15.0,36.0,16.0,21.0,14.0,18.0,14.0,20.0,21.0,17.0,22.0,15.0,22.0,26.0,33.0,24.0,28.0,28.0,12.0,17.0,19.0,18.0,19.0,17.0,28.0,14.0,16.0,14.0,15.0,21.0,15.0,19.0,24.0,15.0,18.0,25.0,25.0,27.0,12.0,18.0,16.0,19.0,14.0,20.0,20.0,20.0,19.0
20.0,27.0,36.0,30.0,32.0,35.0,31.0,29.0,27.0,30.0,38.0,36.0,27.0,34.0,41.0,30.0,32.0,37.0,34.0,30.0,28.0,29.0,30.0,30.0,33.0,39.0,23.0,36.0,27.0,28.0,28.0,26.0,37.0,33.0,38.0,31.0,23.0,30.0,31.0,32.0,37.0,40.0,31.0,29.0,34.0,28.0,26.0,33.0,31.0,38.0
28.0,34.0,27.0,35.0,35.0,24.0,28.0,27.0,38.0,41.0,46.0,33.0,41.0,32.0,18.0,37.0,40.0,29.0,27.0,35.0,33.0,34.0,43.0,33.0,33.0,32.0,34.0,29.0,38.0,29.0,30.0,38.0,31.0,32.0,38.0,36.0,36.0,38.0,26.0,29.0,48.0,34.0,32.0,32.0,33.0,24.0,30.0,32.0,38.0,32.0
29.0,31.0,24.0,37.0,29.0,34.0,35.0,29.0,28.0,29.0,25.0,28.0,21.0,24.0,23.0,24.0,36.0,38.0,29.0,36.0,37.0,31.0,30.0,35.0,40.0,27.0,25.0,20.0,29.0,35.0,29.0,26.0,26.0,25.0,35.0,24.0,26.0,26.0,27.0,29.0,26.0,19.0,24.0,31.0,28.0,34.0,26.0,39.0,23.0,29.0
