10,50,1000
16.008604,17.813634,15.695122,16.173955,16.381957,19.287372,17.393148,16.0555,18.978553,18.066432
8.562265,7.183368,7.294974,8.817426,6.45797,8.331102,8.376542,5.971681,6.909784,9.176937
0.0,10.0,20.0,30.0,40.0,50.0,60.0,70.0,80.0,90.0
10.0,0.0,10.0,20.0,30.0,40.0,50.0,60.0,70.0,80.0
20.0,10.0,0.0,10.0,20.0,30.0,40.0,50.0,60.0,70.0
30.0,20.0,10.0,0.0,10.0,20.0,30.0,40.0,50.0,60.0
40.0,30.0,20.0,10.0,0.0,10.0,20.0,30.0,40.0,50.0
50.0,40.0,30.0,20.0,10.0,0.0,10.0,20.0,30.0,40.0
60.0,50.0,40.0,30.0,20.0,10.0,0.0,10.0,20.0,30.0
70.0,60.0,50.0,40.0,30.0,20.0,10.0,0.0,10.0,20.0
80.0,70.0,60.0,50.0,40.0,30.0,20.0,10.0,0.0,10.0
90.0,80.0,70.0,60.0,50.0,40.0,30.0,20.0,10.0,0.0
450.0,400.0,350.0,300.0,250.0,250.0,300.0,350.0,400.0,450.0
0.0,1.0,2.0,3.0,4.0,5.0,6.0,7.0,8.0,9.0
1.0,0.0,1.0,2.0,3.0,4.0,5.0,6.0,7.0,8.0
2.0,1.0,0.0,1.0,2.0,3.0,4.0,5.0,6.0,7.0
3.0,2.0,1.0,0.0,1.0,2.0,3.0,4.0,5.0,6.0
4.0,3.0,2.0,1.0,0.0,1.0,2.0,3.0,4.0,5.0
5.0,4.0,3.0,2.0,1.0,0.0,1.0,2.0,3.0,4.0
6.0,5.0,4.0,3.0,2.0,1.0,0.0,1.0,2.0,3.0
7.0,6.0,5.0,4.0,3.0,2.0,1.0,0.0,1.0,2.0
8.0,7.0,6.0,5.0,4.0,3.0,2.0,1.0,0.0,1.0
9.0,8.0,7.0,6.0,5.0,4.0,3.0,2.0,1.0,0.0
45.0,40.0,35.0,30.0,25.0,25.0,30.0,35.0,40.0,45.0
32.0,33.0,25.0,35.0,28.0,41.0,29.0,34.0,29.0,17.0,25.0,36.0,28.0,47.0,34.0,22.0,31.0,34.0,33.0,37.0,30.0,39.0,41.0,35.0,27.0,28.0,45.0,29.0,37.0,31.0,37.0,35.0,31.0,27.0,27.0,30.0,30.0,35.0,35.0,35.0,27.0,26.0,36.0,34.0,28.0,37.0,37.0,35.0,23.0,42.0
27.0,22.0,20.0,21.0,32.0,29.0,33.0,23.0,32.0,37.0,27.0,34.0,27.0,27.0,22.0,25.0,27.0,28.0,23.0,25.0,28.0,25.0,26.0,29.0,29.0,30.0,28.0,30.0,34.0,25.0,28.0,33.0,23.0,27.0,37.0,27.0,21.0,24.0,27.0,27.0,26.0,24.0,20.0,27.0,35.0,34.0,34.0,29.0,30.0,33.0
27.0,24.0,20.0,26.0,20.0,34.0,30.0,18.0,28.0,27.0,25.0,29.0,24.0,19.0,37.0,28.0,27.0,26.0,22.0,33.0,30.0,28.0,23.0,27.0,37.0,25.0,22.0,25.0,27.0,28.0,29.0,31.0,22.0,28.0,23.0,31.0,29.0,33.0,26.0,24.0,41.0,28.0,28.0,28.0,29.0,41.0,15.0,29.0,31.0,37.0
40.0,33.0,40.0,32.0,27.0,36.0,29.0,36.0,39.0,35.0,43.0,28.0,35.0,32.0,31.0,20.0,31.0,37.0,34.0,33.0,21.0,29.0,36.0,27.0,30.0,35.0,24.0,34.0,32.0,27.0,32.0,25.0,35.0,41.0,38.0,28.0,30.0,30.0,41.0,44.0,35.0,29.0,29.0,42.0,36.0,17.0,35.0,37.0,36.0,30.0
22.0,35.0,26.0,22.0,27.0,20.0,31.0,19.0,22.0,25.0,21.0,20.0,24.0,30.0,26.0,32.0,24.0,27.0,27.0,25.0,19.0,18.0,29.0,27.0,15.0,27.0,22.0,27.0,25.0,32.0,21.0,24.0,23.0,26.0,31.0,21.0,16.0,18.0,22.0,25.0,20.0,20.0,21.0,20.0,24.0,34.0,16.0,26.0,17.0,26.0
33.0,35.0,30.0,35.0,30.0,33.0,41.0,28.0,31.0,30.0,39.0,38.0,31.0,33.0,40.0,38.0,44.0,36.0,33.0,33.0,32.0,26.0,30.0,38.0,38.0,19.0,34.0,32.0,31.0,24.0,27.0,41.0,28.0,26.0,24.0,36.0,31.0,36.0,34.0,35.0,27.0,25.0,27.0,38.0,35.0,25.0,34.0,21.0,34.0,30.0
28.0,27.0,30.0,30.0,45.0,29.0,40.0,38.0,32.0,26.0,30.0,31.0,33.0,44.0,32.0,30.0,31.0,39.0,30.0,47.0,31.0,35.0,23.0,23.0,28.0,33.0,34.0,29.0,30.0,28.0,37.0,29.0,29.0,27.0,36.0,31.0,32.0,29.0,31.0,29.0,27.0,37.0,30.0,33.0,35.0,32.0,34.0,27.0,26.0,30.0
21.0,23.0,19.0,22.0,21.0,30.0,20.0,19.0,22.0,18.0,18.0,20.0,22.0,22.0,29.0,25.0,31.0,23.0,16.0,17.0,18.0,23.0,27.0,23.0,25.0,28.0,20.0,19.0,26.0,18.0,26.0,25.0,18.0,17.0,25.0,18.0,24.0,34.0,20.0,19.0,26.0,17.0,14.0,26.0,20.0,19.0,25.0,24.0,26.0,20.0
23.0,24.0,34.0,26.0,26.0,17.0,26.0,29.0,33.0,23.0,23.0,24.0,24.0,28.0,42.0,22.0,25.0,31.0,28.0,29.0,24.0,22.0,29.0,27.0,22.0,30.0,34.0,20.0,24.0,26.0,38.0,20.0,35.0,33.0,24.0,40.0,34.0,21.0,25.0,35.0,41.0,29.0,24.0,37.0,29.0,24.0,28.0,21.0,30.0,20.0
33.0,34.0,27.0,30.0,31.0,38.0,28.0,20.0,37.0,29.0,36.0,29.0,26.0,34.0,30.0,35.0,30.0,27.0,28.0,27.0,29.0,24.0,34.0,40.0,34.0,36.0,38.0,35.0,49.0,34.0,43.0,43.0,24.0,27.0,41.0,33.0,39.0,31.0,28.0,39.0,37.0,34.0,33.0,29.0,40.0,39.0,30.0,37.0,33.0,33.0
