10,50,1000
15.316315,15.61981,19.654467,17.555414,18.112893,15.872067,19.264895,19.657186,16.5662,19.883896
9.892728,9.142126,7.744147,6.195433,8.986913,5.267861,9.431882,5.137412,5.89114,8.589925
0.0,10.0,20.0,30.0,40.0,50.0,60.0,70.0,80.0,90.0
10.0,0.0,10.0,20.0,30.0,40.0,50.0,60.0,70.0,80.0
20.0,10.0,0.0,10.0,20.0,30.0,40.0,50.0,60.0,70.0
30.0,20.0,10.0,0.0,10.0,20.0,30.0,40.0,50.0,60.0
40.0,30.0,20.0,10.0,0.0,10.0,20.0,30.0,40.0,50.0
50.0,40.0,30.0,20.0,10.0,0.0,10.0,20.0,30.0,40.0
60.0,50.0,40.0,30.0,20.0,10.0,0.0,10.0,20.0,30.0
70.0,60.0,50.0,40.0,30.0,20.0,10.0,0.0,10.0,20.0
80.0,70.0,60.0,50.0,40.0,30.0,20.0,10.0,0.0,10.0
90.0,80.0,70.0,60.0,50.0,40.0,30.0,20.0,10.0,0.0
450.0,400.0,350.0,300.0,250.0,250.0,300.0,350.0,400.0,450.0
0.0,1.0,2.0,3.0,4.0,5.0,6.0,7.0,8.0,9.0
1.0,0.0,1.0,2.0,3.0,4.0,5.0,6.0,7.0,8.0
2.0,1.0,0.0,1.0,2.0,3.0,4.0,5.0,6.0,7.0
3.0,2.0,1.0,0.0,1.0,2.0,3.0,4.0,5.0,6.0
4.0,3.0,2.0,1.0,0.0,1.0,2.0,3.0,4.0,5.0
5.0,4.0,3.0,2.0,1.0,0.0,1.0,2.0,3.0,4.0
6.0,5.0,4.0,3.0,2.0,1.0,0.0,1.0,2.0,3.0
7.0,6.0,5.0,4.0,3.0,2.0,1.0,0.0,1.0,2.0
8.0,7.0,6.0,5.0,4.0,3.0,2.0,1.0,0.0,1.0
9.0,8.0,7.0,6.0,5.0,4.0,3.0,2.0,1.0,0.0
45.0,40.0,35.0,30.0,25.0,25.0,30.0,35.0,40.0,45.0
36.0,36.0,43.0,21.0,35.0,37.0,31.0,39.0,33.0,35.0,39.0,37.0,36.0,28.0,36.0,42.0,36.0,33.0,39.0,38.0,34.0,53.0,44.0,32.0,32.0,49.0,32.0,36.0,43.0,39.0,38.0,22.0,36.0,30.0,42.0,46.0,34.0,32.0,37.0,36.0,43.0,36.0,33.0,51.0,41.0,45.0,35.0,43.0,37.0,27.0
23.0,36.0,34.0,42.0,30.0,35.0,34.0,28.0,42.0,37.0,37.0,28.0,33.0,34.0,39.0,42.0,29.0,30.0,36.0,33.0,30.0,32.0,26.0,36.0,27.0,33.0,33.0,40.0,39.0,37.0,27.0,32.0,26.0,34.0,30.0,36.0,30.0,33.0,36.0,34.0,29.0,32.0,29.0,38.0,47.0,34.0,42.0,41.0,31.0,44.0
34.0,32.0,29.0,36.0,42.0,35.0,38.0,32.0,29.0,31.0,25.0,24.0,43.0,28.0,20.0,26.0,30.0,34.0,30.0,27.0,24.0,29.0,23.0,24.0,28.0,27.0,24.0,30.0,35.0,32.0,28.0,36.0,26.0,39.0,33.0,27.0,35.0,29.0,37.0,37.0,42.0,35.0,31.0,37.0,27.0,35.0,21.0,36.0,34.0,39.0
20.0,27.0,25.0,26.0,29.0,26.0,30.0,25.0,30.0,23.0,25.0,20.0,26.0,25.0,29.0,40.0,31.0,31.0,29.0,29.0,31.0,27.0,29.0,37.0,21.0,23.0,26.0,30.0,26.0,20.0,24.0,22.0,28.0,31.0,19.0,25.0,30.0,29.0,35.0,20.0,26.0,19.0,25.0,18.0,22.0,30.0,17.0,18.0,31.0,19.0
36.0,31.0,28.0,27.0,37.0,31.0,28.0,39.0,36.0,33.0,28.0,38.0,30.0,35.0,42.0,40.0,33.0,28.0,35.0,29.0,41.0,44.0,35.0,35.0,38.0,33.0,33.0,39.0,24.0,34.0,24.0,41.0,45.0,27.0,35.0,33.0,28.0,35.0,33.0,40.0,24.0,38.0,39.0,39.0,28.0,33.0,32.0,34.0,35.0,31.0
21.0,26.0,28.0,18.0,23.0,15.0,17.0,22.0,16.0,21.0,15.0,22.0,12.0,22.0,15.0,19.0,18.0,25.0,20.0,18.0,18.0,23.0,21.0,24.0,21.0,28.0,27.0,28.0,19.0,18.0,21.0,24.0,23.0,25.0,31.0,28.0,23.0,18.0,22.0,16.0,22.0,28.0,35.0,13.0,20.0,25.0,26.0,20.0,18.0,21.0
45.0,32.0,42.0,36.0,25.0,46.0,40.0,37.0,27.0,33.0,29.0,43.0,46.0,45.0,39.0,40.0,50.0,32.0,46.0,27.0,29.0,39.0,39.0,30.0,38.0,33.0,39.0,36.0,32.0,41.0,40.0,37.0,39.0,39.0,30.0,40.0,33.0,34.0,25.0,44.0,41.0,31.0,42.0,42.0,40.0,36.0,30.0,35.0,42.0,35.0
18.0,19.0,20.0,27.0,27.0,11.0,17.0,22.0,20.0,24.0,21.0,17.0,14.0,22.0,26.0,17.0,27.0,21.0,23.0,24.0,21.0,16.0,26.0,32.0,23.0,20.0,22.0,27.0,24.0,21.0,25.0,16.0,20.0,22.0,26.0,19.0,19.0,17.0,22.0,18.0,25.0,21.0,23.0,23.0,22.0,15.0,24.0,12.0,32.0,32.0
26.0,15.0,17.0,20.0,17.0,29.0,23.0,25.0,21.0,23.0,26.0,24.0,27.0,14.0,24.0,24.0,21.0,15.0,22.0,21.0,25.0,27.0,26.0,20.0,20.0,18.0,15.0,28.0,25.0,24.0,26.0,23.0,19.0,17.0,26.0,31.0,34.0,13.0,26.0,29.0,19.0,25.0,25.0,15.0,14.0,25.0,17.0,23.0,27.0,15.0
29.0,27.0,27.0,38.0,37.0,30.0,34.0,40.0,36.0,35.0,30.0,23.0,27.0,26.0,31.0,42.0,31.0,25.0,35.0,35.0,30.0,18.0,35.0,33.0,21.0,32.0,33.0,28.0,35.0,45.0,40.0,31.0,32.0,40.0,42.0,31.0,39.0,29.0,36.0,43.0,42.0,38.0,27.0,29.0,29.0,26.0,38.0,33.0,32.0,32.0
