10,50,1000
16.597437,19.263598,16.252735,19.101949,17.083376,18.33118,18.968553,18.347931,17.14071,16.06796
6.265443,5.396745,6.486324,7.118778,5.564485,5.38474,6.633673,6.363091,8.955536,5.511252
0.0,10.0,20.0,30.0,40.0,50.0,60.0,70.0,80.0,90.0
10.0,0.0,10.0,20.0,30.0,40.0,50.0,60.0,70.0,80.0
20.0,10.0,0.0,10.0,20.0,30.0,40.0,50.0,60.0,70.0
30.0,20.0,10.0,0.0,10.0,20.0,30.0,40.0,50.0,60.0
40.0,30.0,20.0,10.0,0.0,10.0,20.0,30.0,40.0,50.0
50.0,40.0,30.0,20.0,10.0,0.0,10.0,20.0,30.0,40.0
60.0,50.0,40.0,30.0,20.0,10.0,0.0,10.0,20.0,30.0
70.0,60.0,50.0,40.0,30.0,20.0,10.0,0.0,10.0,20.0
80.0,70.0,60.0,50.0,40.0,30.0,20.0,10.0,0.0,10.0
90.0,80.0,70.0,60.0,50.0,40.0,30.0,20.0,10.0,0.0
450.0,400.0,350.0,300.0,250.0,250.0,300.0,350.0,400.0,450.0
0.0,1.0,2.0,3.0,4.0,5.0,6.0,7.0,8.0,9.0
1.0,0.0,1.0,2.0,3.0,4.0,5.0,6.0,7.0,8.0
2.0,1.0,0.0,1.0,2.0,3.0,4.0,5.0,6.0,7.0
3.0,2.0,1.0,0.0,1.0,2.0,3.0,4.0,5.0,6.0
4.0,3.0,2.0,1.0,0.0,1.0,2.0,3.0,4.0,5.0
5.0,4.0,3.0,2.0,1.0,0.0,1.0,2.0,3.0,4.0
6.0,5.0,4.0,3.0,2.0,1.0,0.0,1.0,2.0,3.0
7.0,6.0,5.0,4.0,3.0,2.0,1.0,0.0,1.0,2.0
8.0,7.0,6.0,5.0,4.0,3.0,2.0,1.0,0.0,1.0
9.0,8.0,7.0,6.0,5.0,4.0,3.0,2.0,1.0,0.0
45.0,40.0,35.0,30.0,25.0,25.0,30.0,35.0,40.0,45.0
21.0,18.0,35.0,28.0,19.0,33.0,20.0,36.0,26.0,27.0,18.0,29.0,22.0,35.0,24.0,20.0,18.0,27.0,26.0,29.0,26.0,26.0,31.0,28.0,31.0,26.0,27.0,24.0,22.0,28.0,21.0,28.0,19.0,20.0,28.0,21.0,20.0,25.0,29.0,26.0,29.0,25.0,25.0,28.0,21.0,20.0,28.0,29.0,23.0,25.0
19.0,21.0,25.0,29.0,29.0,22.0,25.0,25.0,32.0,28.0,23.0,15.0,18.0,17.0,17.0,23.0,25.0,36.0,26.0,20.0,27.0,27.0,24.0,20.0,18.0,26.0,20.0,14.0,16.0,28.0,25.0,28.0,19.0,25.0,29.0,22.0,20.0,29.0,21.0,22.0,23.0,22.0,45.0,23.0,21.0,17.0,23.0,25.0,22.0,24.0
20.0,19.0,30.0,21.0,22.0,21.0,32.0,26.0,27.0,25.0,38.0,24.0,30.0,27.0,27.0,26.0,28.0,22.0,25.0,28.0,29.0,18.0,20.0,24.0,25.0,23.0,28.0,26.0,22.0,25.0,20.0,16.0,28.0,28.0,35.0,35.0,24.0,27.0,23.0,31.0,24.0,33.0,27.0,30.0,23.0,26.0,25.0,22.0,29.0,31.0
30.0,25.0,36.0,24.0,30.0,25.0,22.0,30.0,41.0,23.0,37.0,27.0,31.0,29.0,24.0,28.0,29.0,35.0,41.0,30.0,25.0,29.0,28.0,33.0,22.0,21.0,25.0,19.0,25.0,27.0,36.0,28.0,34.0,24.0,29.0,24.0,35.0,39.0,34.0,20.0,26.0,29.0,37.0,20.0,25.0,27.0,28.0,27.0,35.0,23.0
25.0,21.0,27.0,20.0,23.0,21.0,23.0,26.0,22.0,21.0,23.0,20.0,18.0,26.0,26.0,18.0,25.0,28.0,23.0,19.0,18.0,24.0,25.0,24.0,14.0,30.0,29.0,16.0,24.0,24.0,26.0,38.0,12.0,24.0,19.0,16.0,23.0,19.0,19.0,26.0,17.0,20.0,22.0,26.0,23.0,25.0,22.0,23.0,22.0,22.0
18.0,31.0,26.0,22.0,13.0,19.0,28.0,23.0,24.0,17.0,24.0,23.0,22.0,27.0,26.0,29.0,23.0,23.0,20.0,18.0,19.0,18.0,20.0,24.0,30.0,26.0,20.0,35.0,26.0,25.0,20.0,24.0,20.0,21.0,26.0,19.0,21.0,16.0,23.0,25.0,25.0,30.0,14.0,17.0,13.0,24.0,20.0,12.0,28.0,19.0
26.0,18.0,27.0,26.0,27.0,27.0,28.0,22.0,20.0,27.0,32.0,27.0,28.0,27.0,24.0,24.0,28.0,22.0,19.0,29.0,26.0,26.0,29.0,25.0,22.0,28.0,21.0,29.0,27.0,26.0,26.0,30.0,22.0,34.0,31.0,35.0,26.0,22.0,24.0,30.0,25.0,23.0,26.0,26.0,29.0,29.0,28.0,24.0,21.0,30.0
19.0,23.0,28.0,17.0,26.0,21.0,35.0,15.0,26.0,28.0,17.0,27.0,27.0,23.0,19.0,16.0,24.0,35.0,23.0,13.0,34.0,21.0,24.0,25.0,27.0,21.0,23.0,24.0,19.0,23.0,19.0,33.0,26.0,27.0,26.0,28.0,20.0,18.0,21.0,22.0,23.0,33.0,28.0,21.0,24.0,32.0,32.0,20.0,26.0,28.0
37.0,30.0,36.0,34.0,38.0,41.0,36.0,31.0,28.0,30.0,32.0,25.0,34.0,31.0,37.0,34.0,32.0,37.0,38.0,39.0,33.0,35.0,28.0,30.0,26.0,26.0,32.0,27.0,40.0,31.0,40.0,32.0,32.0,39.0,31.0,29.0,42.0,27.0,37.0,32.0,27.0,33.0,24.0,43.0,29.0,40.0,34.0,41.0,23.0,27.0
19.0,25.0,31.0,30.0,26.0,24.0,19.0,15.0,27.0,25.0,33.0,24.0,28.0,24.0,23.0,27.0,29.0,21.0,23.0,19.0,21.0,17.0,24.0,19.0,33.0,21.0,25.0,21.0,26.0,32.0,21.0,15.0,27.0,26.0,10.0,22.0,26.0,23.0,15.0,23.0,22.0,27.0,16.0,25.0,20.0,23.0,21.0,26.0,18.0,15.0
