10,50,1000
15.564717,18.785428,18.47734,17.674492,19.517884,18.888118,16.50898,16.680826,18.927978,18.24562
7.090182,5.931742,9.207705,7.153647,7.830918,5.855516,7.421553,5.127959,5.531777,9.614094
0.0,10.0,20.0,30.0,40.0,50.0,60.0,70.0,80.0,90.0
10.0,0.0,10.0,20.0,30.0,40.0,50.0,60.0,70.0,80.0
20.0,10.0,0.0,10.0,20.0,30.0,40.0,50.0,60.0,70.0
30.0,20.0,10.0,0.0,10.0,20.0,30.0,40.0,50.0,60.0
40.0,30.0,20.0,10.0,0.0,10.0,20.0,30.0,40.0,50.0
50.0,40.0,30.0,20.0,10.0,0.0,10.0,20.0,30.0,40.0
60.0,50.0,40.0,30.0,20.0,10.0,0.0,10.0,20.0,30.0
70.0,60.0,50.0,40.0,30.0,20.0,10.0,0.0,10.0,20.0
80.0,70.0,60.0,50.0,40.0,30.0,20.0,10.0,0.0,10.0
90.0,80.0,70.0,60.0,50.0,40.0,30.0,20.0,10.0,0.0
450.0,400.0,350.0,300.0,250.0,250.0,300.0,350.0,400.0,450.0
0.0,1.0,2.0,3.0,4.0,5.0,6.0,7.0,8.0,9.0
1.0,0.0,1.0,2.0,3.0,4.0,5.0,6.0,7.0,8.0
2.0,1.0,0.0,1.0,2.0,3.0,4.0,5.0,6.0,7.0
3.0,2.0,1.0,0.0,1.0,2.0,3.0,4.0,5.0,6.0
4.0,3.0,2.0,1.0,0.0,1.0,2.0,3.0,4.0,5.0
5.0,4.0,3.0,2.0,1.0,0.0,1.0,2.0,3.0,4.0
6.0,5.0,4.0,3.0,2.0,1.0,0.0,1.0,2.0,3.0
7.0,6.0,5.0,4.0,3.0,2.0,1.0,0.0,1.0,2.0
8.0,7.0,6.0,5.0,4.0,3.0,2.0,1.0,0.0,1.0
9.0,8.0,7.0,6.0,5.0,4.0,3.0,2.0,1.0,0.0
45.0,40.0,35.0,30.0,25.0,25.0,30.0,35.0,40.0,45.0
26.0,28.0,30.0,21.0,25.0,27.0,22.0,28.0,32.0,27.0,29.0,24.0,26.0,33.0,39.0,34.0,24.0,21.0,22.0,27.0,17.0,28.0,25.0,42.0,28.0,37.0,26.0,29.0,22.0,23.0,30.0,20.0,29.0,31.0,27.0,23.0,28.0,25.0,24.0,17.0,21.0,29.0,33.0,29.0,26.0,31.0,33.0,22.0,19.0,33.0
22.0,23.0,25.0,18.0,19.0,23.0,25.0,20.0,24.0,16.0,33.0,23.0,18.0,21.0,24.0,20.0,25.0,29.0,27.0,28.0,32.0,26.0,21.0,22.0,26.0,26.0,23.0,30.0,21.0,17.0,25.0,20.0,30.0,17.0,29.0,18.0,22.0,23.0,28.0,24.0,26.0,26.0,28.0,27.0,24.0,16.0,27.0,25.0,20.0,20.0
27.0,25.0,41.0,34.0,32.0,27.0,34.0,35.0,40.0,38.0,28.0,28.0,26.0,30.0,26.0,33.0,41.0,35.0,36.0,38.0,34.0,35.0,25.0,31.0,44.0,31.0,30.0,36.0,31.0,28.0,31.0,29.0,42.0,36.0,35.0,36.0,43.0,40.0,28.0,43.0,44.0,27.0,32.0,34.0,37.0,41.0,42.0,34.0,31.0,20.0
26.0,25.0,30.0,25.0,22.0,20.0,22.0,25.0,21.0,32.0,28.0,21.0,27.0,28.0,31.0,25.0,21.0,31.0,30.0,24.0,24.0,31.0,28.0,25.0,32.0,34.0,26.0,27.0,33.0,26.0,35.0,31.0,24.0,29.0,32.0,25.0,20.0,24.0,31.0,22.0,31.0,39.0,21.0,28.0,29.0,27.0,23.0,20.0,31.0,42.0
36.0,33.0,24.0,38.0,33.0,28.0,38.0,34.0,36.0,25.0,46.0,27.0,29.0,24.0,37.0,25.0,28.0,40.0,35.0,29.0,24.0,30.0,29.0,24.0,33.0,35.0,25.0,19.0,32.0,33.0,38.0,33.0,20.0,32.0,26.0,35.0,26.0,34.0,23.0,22.0,28.0,27.0,27.0,33.0,18.0,34.0,32.0,31.0,35.0,24.0
31.0,32.0,24.0,32.0,25.0,19.0,27.0,30.0,31.0,30.0,20.0,22.0,13.0,22.0,21.0,30.0,22.0,17.0,18.0,22.0,26.0,27.0,22.0,30.0,25.0,25.0,24.0,26.0,15.0,25.0,25.0,24.0,19.0,22.0,29.0,26.0,23.0,22.0,26.0,26.0,27.0,37.0,27.0,19.0,19.0,23.0,26.0,31.0,29.0,22.0
31.0,20.0,28.0,26.0,31.0,32.0,36.0,33.0,38.0,20.0,26.0,30.0,29.0,37.0,40.0,25.0,24.0,21.0,24.0,37.0,39.0,13.0,31.0,38.0,29.0,26.0,26.0,37.0,30.0,34.0,20.0,31.0,29.0,27.0,22.0,32.0,34.0,27.0,27.0,29.0,23.0,22.0,32.0,33.0,22.0,35.0,21.0,24.0,24.0,42.0
23.0,22.0,20.0,29.0,19.0,21.0,19.0,25.0,22.0,27.0,12.0,20.0,14.0,21.0,25.0,24.0,31.0,20.0,25.0,16.0,20.0,22.0,22.0,21.0,27.0,18.0,24.0,20.0,20.0,27.0,14.0,16.0,21.0,21.0,26.0,25.0,27.0,27.0,22.0,30.0,25.0,13.0,25.0,22.0,28.0,31.0,19.0,25.0,24.0,20.0
24.0,40.0,24.0,27.0,22.0,25.0,21.0,26.0,32.0,26.0,22.0,19.0,17.0,33.0,29.0,19.0,20.0,20.0,30.0,17.0,25.0,33.0,13.0,32.0,12.0,19.0,32.0,27.0,27.0,29.0,19.0,23.0,27.0,27.0,16.0,21.0,24.0,17.0,21.0,16.0,29.0,27.0,25.0,24.0,21.0,22.0,29.0,20.0,24.0,14.0
40.0,43.0,51.0,32.0,27.0,35.0,41.0,31.0,39.0,46.0,27.0,36.0,34.0,41.0,35.0,42.0,34.0,33.0,54.0,39.0,36.0,32.0,33.0,35.0,39.0,29.0,38.0,27.0,25.0,36.0,43.0,35.0,30.0,47.0,30.0,27.0,43.0,34.0,36.0,36.0,45.0,39.0,40.0,28.0,33.0,31.0,40.0,43.0,36.0,45.0
