10,50,1000
16.743289,18.16155,17.225075,19.537425,17.48253,15.609035,18.545956,19.243688,16.177209,17.832775
5.604843,6.902517,5.474405,5.776107,6.672883,9.726609,7.123177,6.594801,5.037892,6.543933
0.0,10.0,20.0,30.0,40.0,50.0,60.0,70.0,80.0,90.0
10.0,0.0,10.0,20.0,30.0,40.0,50.0,60.0,70.0,80.0
20.0,10.0,0.0,10.0,20.0,30.0,40.0,50.0,60.0,70.0
30.0,20.0,10.0,0.0,10.0,20.0,30.0,40.0,50.0,60.0
40.0,30.0,20.0,10.0,0.0,10.0,20.0,30.0,40.0,50.0
50.0,40.0,30.0,20.0,10.0,0.0,10.0,20.0,30.0,40.0
60.0,50.0,40.0,30.0,20.0,10.0,0.0,10.0,20.0,30.0
70.0,60.0,50.0,40.0,30.0,20.0,10.0,0.0,10.0,20.0
80.0,70.0,60.0,50.0,40.0,30.0,20.0,10.0,0.0,10.0
90.0,80.0,70.0,60.0,50.0,40.0,30.0,20.0,10.0,0.0
450.0,400.0,350.0,300.0,250.0,250.0,300.0,350.0,400.0,450.0
0.0,1.0,2.0,3.0,4.0,5.0,6.0,7.0,8.0,9.0
1.0,0.0,1.0,2.0,3.0,4.0,5.0,6.0,7.0,8.0
2.0,1.0,0.0,1.0,2.0,3.0,4.0,5.0,6.0,7.0
3.0,2.0,1.0,0.0,1.0,2.0,3.0,4.0,5.0,6.0
4.0,3.0,2.0,1.0,0.0,1.0,2.0,3.0,4.0,5.0
5.0,4.0,3.0,2.0,1.0,0.0,1.0,2.0,3.0,4.0
6.0,5.0,4.0,3.0,2.0,1.0,0.0,1.0,2.0,3.0
7.0,6.0,5.0,4.0,3.0,2.0,1.0,0.0,1.0,2.0
8.0,7.0,6.0,5.0,4.0,3.0,2.0,1.0,0.0,1.0
9.0,8.0,7.0,6.0,5.0,4.0,3.0,2.0,1.0,0.0
45.0,40.0,35.0,30.0,25.0,25.0,30.0,35.0,40.0,45.0
24.0,18.0,17.0,17.0,21.0,23.0,18.0,29.0,24.0,33.0,23.0,28.0,24.0,34.0,20.0,33.0,25.0,20.0,27.0,22.0,22.0,28.0,26.0,17.0,17.0,21.0,25.0,23.0,18.0,25.0,22.0,20.0,29.0,27.0,26.0,19.0,20.0,23.0,26.0,24.0,18.0,30.0,15.0,28.0,29.0,24.0,15.0,23.0,29.0,30.0
11.0,34.0,33.0,33.0,25.0,35.0,27.0,28.0,32.0,23.0,32.0,25.0,26.0,37.0,32.0,27.0,23.0,24.0,28.0,23.0,31.0,26.0,27.0,22.0,27.0,24.0,22.0,29.0,25.0,22.0,22.0,31.0,19.0,26.0,32.0,32.0,26.0,25.0,29.0,31.0,15.0,22.0,36.0,33.0,28.0,25.0,27.0,23.0,24.0,31.0
26.0,23.0,25.0,26.0,19.0,25.0,8.0,18.0,18.0,14.0,21.0,22.0,25.0,19.0,20.0,15.0,19.0,30.0,22.0,23.0,27.0,33.0,21.0,18.0,29.0,23.0,24.0,19.0,28.0,23.0,24.0,19.0,25.0,18.0,17.0,26.0,20.0,18.0,22.0,18.0,24.0,12.0,21.0,19.0,23.0,16.0,16.0,19.0,11.0,22.0
26.0,32.0,27.0,38.0,24.0,32.0,23.0,22.0,23.0,22.0,23.0,21.0,25.0,26.0,24.0,27.0,26.0,21.0,21.0,32.0,35.0,29.0,26.0,19.0,31.0,26.0,33.0,28.0,23.0,20.0,24.0,28.0,26.0,18.0,19.0,25.0,17.0,28.0,20.0,24.0,27.0,27.0,22.0,30.0,22.0,24.0,33.0,25.0,27.0,26.0
23.0,33.0,20.0,24.0,32.0,27.0,25.0,29.0,24.0,20.0,23.0,24.0,25.0,24.0,29.0,20.0,40.0,27.0,24.0,38.0,27.0,16.0,30.0,25.0,28.0,29.0,31.0,29.0,29.0,18.0,23.0,21.0,29.0,15.0,20.0,17.0,29.0,24.0,17.0,27.0,25.0,21.0,28.0,32.0,23.0,24.0,23.0,28.0,30.0,21.0
40.0,30.0,42.0,45.0,38.0,35.0,39.0,29.0,38.0,25.0,50.0,34.0,24.0,33.0,28.0,37.0,39.0,25.0,29.0,31.0,42.0,37.0,37.0,42.0,49.0,41.0,34.0,31.0,41.0,33.0,37.0,36.0,45.0,28.0,29.0,31.0,30.0,42.0,37.0,39.0,31.0,38.0,25.0,31.0,38.0,34.0,30.0,40.0,39.0,35.0
33.0,28.0,25.0,30.0,22.0,23.0,34.0,26.0,31.0,25.0,32.0,28.0,30.0,26.0,17.0,30.0,21.0,19.0,22.0,19.0,22.0,24.0,32.0,34.0,32.0,38.0,31.0,26.0,32.0,27.0,22.0,31.0,14.0,33.0,32.0,37.0,28.0,29.0,22.0,15.0,31.0,26.0,35.0,28.0,21.0,23.0,25.0,32.0,29.0,39.0
33.0,26.0,21.0,29.0,18.0,27.0,31.0,28.0,22.0,25.0,31.0,31.0,23.0,23.0,25.0,36.0,15.0,25.0,26.0,24.0,28.0,22.0,23.0,20.0,39.0,19.0,23.0,26.0,21.0,19.0,19.0,31.0,46.0,23.0,24.0,21.0,21.0,22.0,17.0,32.0,26.0,33.0,32.0,22.0,24.0,20.0,20.0,22.0,29.0,27.0
21.0,18.0,26.0,25.0,24.0,17.0,17.0,19.0,20.0,22.0,22.0,29.0,14.0,19.0,17.0,24.0,23.0,19.0,20.0,26.0,23.0,25.0,27.0,17.0,22.0,33.0,23.0,33.0,19.0,19.0,19.0,24.0,23.0,31.0,20.0,23.0,25.0,23.0,22.0,21.0,21.0,23.0,21.0,13.0,18.0,19.0,20.0,30.0,21.0,18.0
33.0,28.0,32.0,22.0,29.0,20.0,28.0,21.0,32.0,28.0,30.0,28.0,33.0,22.0,39.0,27.0,30.0,30.0,27.0,31.0,17.0,23.0,23.0,27.0,24.0,25.0,28.0,22.0,30.0,25.0,26.0,28.0,23.0,20.0,24.0,37.0,22.0,17.0,18.0,23.0,26.0,21.0,30.0,40.0,38.0,37.0,33.0,22.0,29.0,30.0
