10,50,1000
16.548843,15.657963,16.683869,15.363872,18.020218,16.489977,19.210683,17.922597,16.548105,16.496754
5.790552,5.245496,8.926191,9.557431,9.041717,7.713262,8.178006,7.578363,7.856189,6.658387
0.0,10.0,20.0,30.0,40.0,50.0,60.0,70.0,80.0,90.0
10.0,0.0,10.0,20.0,30.0,40.0,50.0,60.0,70.0,80.0
20.0,10.0,0.0,10.0,20.0,30.0,40.0,50.0,60.0,70.0
30.0,20.0,10.0,0.0,10.0,20.0,30.0,40.0,50.0,60.0
40.0,30.0,20.0,10.0,0.0,10.0,20.0,30.0,40.0,50.0
50.0,40.0,30.0,20.0,10.0,0.0,10.0,20.0,30.0,40.0
60.0,50.0,40.0,30.0,20.0,10.0,0.0,10.0,20.0,30.0
70.0,60.0,50.0,40.0,30.0,20.0,10.0,0.0,10.0,20.0
80.0,70.0,60.0,50.0,40.0,30.0,20.0,10.0,0.0,10.0
90.0,80.0,70.0,60.0,50.0,40.0,30.0,20.0,10.0,0.0
450.0,400.0,350.0,300.0,250.0,250.0,300.0,350.0,400.0,450.0
0.0,1.0,2.0,3.0,4.0,5.0,6.0,7.0,8.0,9.0
1.0,0.0,1.0,2.0,3.0,4.0,5.0,6.0,7.0,8.0
2.0,1.0,0.0,1.0,2.0,3.0,4.0,5.0,6.0,7.0
3.0,2.0,1.0,0.0,1.0,2.0,3.0,4.0,5.0,6.0
4.0,3.0,2.0,1.0,0.0,1.0,2.0,3.0,4.0,5.0
5.0,4.0,3.0,2.0,1.0,0.0,1.0,2.0,3.0,4.0
6.0,5.0,4.0,3.0,2.0,1.0,0.0,1.0,2.0,3.0
7.0,6.0,5.0,4.0,3.0,2.0,1.0,0.0,1.0,2.0
8.0,7.0,6.0,5.0,4.0,3.0,2.0,1.0,0.0,1.0
9.0,8.0,7.0,6.0,5.0,4.0,3.0,2.0,1.0,0.0
45.0,40.0,35.0,30.0,25.0,25.0,30.0,35.0,40.0,45.0
25.0,11.0,29.0,17.0,21.0,31.0,32.0,27.0,24.0,21.0,15.0,25.0,33.0,15.0,39.0,31.0,20.0,25.0,36.0,37.0,28.0,19.0,26.0,20.0,28.0,19.0,25.0,17.0,17.0,14.0,23.0,18.0,24.0,32.0,28.0,22.0,29.0,17.0,26.0,22.0,24.0,29.0,27.0,27.0,17.0,20.0,27.0,24.0,18.0,11.0
26.0,15.0,16.0,25.0,18.0,21.0,27.0,19.0,17.0,25.0,12.0,16.0,19.0,11.0,28.0,14.0,20.0,14.0,28.0,19.0,21.0,29.0,22.0,19.0,23.0,20.0,22.0,25.0,34.0,27.0,14.0,21.0,19.0,18.0,18.0,19.0,20.0,19.0,22.0,30.0,22.0,16.0,16.0,25.0,19.0,31.0,20.0,24.0,32.0,25.0
34.0,27.0,44.0,19.0,40.0,35.0,37.0,34.0,34.0,42.0,32.0,32.0,33.0,28.0,25.0,32.0,39.0,33.0,38.0,35.0,30.0,23.0,33.0,30.0,36.0,28.0,19.0,31.0,33.0,43.0,28.0,25.0,34.0,35.0,30.0,40.0,40.0,27.0,40.0,51.0,43.0,38.0,41.0,36.0,34.0,32.0,26.0,25.0,35.0,22.0
31.0,27.0,35.0,45.0,30.0,31.0,32.0,32.0,33.0,25.0,31.0,26.0,54.0,40.0,41.0,35.0,44.0,37.0,30.0,30.0,33.0,25.0,25.0,31.0,46.0,27.0,32.0,29.0,30.0,29.0,43.0,37.0,41.0,39.0,23.0,37.0,31.0,47.0,32.0,29.0,45.0,49.0,37.0,34.0,30.0,43.0,34.0,41.0,28.0,43.0
30.0,36.0,29.0,37.0,28.0,28.0,31.0,34.0,27.0,38.0,33.0,30.0,40.0,31.0,33.0,40.0,36.0,30.0,26.0,22.0,36.0,38.0,31.0,37.0,30.0,38.0,34.0,39.0,21.0,33.0,30.0,34.0,22.0,33.0,28.0,25.0,32.0,36.0,33.0,27.0,29.0,32.0,32.0,23.0,22.0,28.0,31.0,36.0,39.0,32.0
34.0,20.0,28.0,26.0,34.0,20.0,30.0,29.0,30.0,31.0,35.0,20.0,31.0,22.0,27.0,29.0,40.0,27.0,29.0,41.0,26.0,35.0,30.0,32.0,37.0,22.0,35.0,22.0,29.0,24.0,34.0,32.0,26.0,24.0,37.0,18.0,37.0,29.0,35.0,32.0,30.0,35.0,34.0,29.0,27.0,28.0,28.0,21.0,26.0,35.0
20.0,28.0,30.0,37.0,30.0,37.0,29.0,34.0,30.0,28.0,35.0,34.0,25.0,23.0,37.0,35.0,29.0,30.0,38.0,24.0,23.0,33.0,35.0,29.0,41.0,37.0,33.0,25.0,29.0,32.0,24.0,23.0,30.0,29.0,32.0,22.0,37.0,28.0,28.0,27.0,33.0,29.0,29.0,39.0,28.0,39.0,34.0,35.0,27.0,42.0
29.0,26.0,34.0,34.0,49.0,29.0,30.0,26.0,21.0,29.0,26.0,27.0,30.0,31.0,25.0,30.0,28.0,29.0,23.0,26.0,22.0,32.0,35.0,42.0,32.0,31.0,34.0,26.0,24.0,29.0,23.0,22.0,27.0,27.0,43.0,31.0,26.0,35.0,31.0,16.0,30.0,19.0,22.0,30.0,32.0,29.0,32.0,35.0,26.0,32.0
25.0,26.0,27.0,32.0,23.0,31.0,41.0,21.0,35.0,23.0,29.0,31.0,24.0,36.0,36.0,30.0,27.0,33.0,29.0,31.0,23.0,23.0,31.0,30.0,28.0,35.0,20.0,27.0,22.0,26.0,27.0,28.0,21.0,35.0,28.0,30.0,24.0,35.0,22.0,30.0,36.0,32.0,27.0,29.0,29.0,32.0,24.0,22.0,26.0,26.0
30.0,20.0,23.0,36.0,31.0,26.0,22.0,33.0,28.0,29.0,27.0,30.0,24.0,24.0,22.0,23.0,26.0,25.0,21.0,28.0,25.0,22.0,27.0,26.0,30.0,34.0,28.0,27.0,18.0,22.0,27.0,22.0,27.0,32.0,22.0,25.0,20.0,24.0,21.0,26.0,22.0,22.0,33.0,19.0,22.0,29.0,19.0,19.0,27.0,21.0
