10,50,1000
18.439089,19.22418,18.77126,18.409153,19.791359,16.092269,17.789897,17.793564,16.542346,17.905034
5.886694,9.947656,7.033529,6.836032,7.098264,5.286377,6.717141,7.442437,5.126151,6.597968
0.0,10.0,20.0,30.0,40.0,50.0,60.0,70.0,80.0,90.0
10.0,0.0,10.0,20.0,30.0,40.0,50.0,60.0,70.0,80.0
20.0,10.0,0.0,10.0,20.0,30.0,40.0,50.0,60.0,70.0
30.0,20.0,10.0,0.0,10.0,20.0,30.0,40.0,50.0,60.0
40.0,30.0,20.0,10.0,0.0,10.0,20.0,30.0,40.0,50.0
50.0,40.0,30.0,20.0,10.0,0.0,10.0,20.0,30.0,40.0
60.0,50.0,40.0,30.0,20.0,10.0,0.0,10.0,20.0,30.0
70.0,60.0,50.0,40.0,30.0,20.0,10.0,0.0,10.0,20.0
80.0,70.0,60.0,50.0,40.0,30.0,20.0,10.0,0.0,10.0
90.0,80.0,70.0,60.0,50.0,40.0,30.0,20.0,10.0,0.0
450.0,400.0,350.0,300.0,250.0,250.0,300.0,350.0,400.0,450.0
0.0,1.0,2.0,3.0,4.0,5.0,6.0,7.0,8.0,9.0
1.0,0.0,1.0,2.0,3.0,4.0,5.0,6.0,7.0,8.0
2.0,1.0,0.0,1.0,2.0,3.0,4.0,5.0,6.0,7.0
3.0,2.0,1.0,0.0,1.0,2.0,3.0,4.0,5.0,6.0
4.0,3.0,2.0,1.0,0.0,1.0,2.0,3.0,4.0,5.0
5.0,4.0,3.0,2.0,1.0,0.0,1.0,2.0,3.0,4.0
6.0,5.0,4.0,3.0,2.0,1.0,0.0,1.0,2.0,3.0
7.0,6.0,5.0,4.0,3.0,2.0,1.0,0.0,1.0,2.0
8.0,7.0,6.0,5.0,4.0,3.0,2.0,1.0,0.0,1.0
9.0,8.0,7.0,6.0,5.0,4.0,3.0,2.0,1.0,0.0
45.0,40.0,35.0,30.0,25.0,25.0,30.0,35.0,40.0,45.0
21.0,18.0,33.0,24.0,23.0,31.0,31.0,27.0,18.0,20.0,22.0,17.0,23.0,22.0,20.0,32.0,31.0,15.0,28.0,15.0,27.0,13.0,28.0,17.0,19.0,16.0,22.0,20.0,23.0,25.0,22.0,29.0,19.0,22.0,20.0,34.0,24.0,31.0,26.0,21.0,25.0,25.0,28.0,20.0,22.0,14.0,26.0,26.0,27.0,25.0
23.0,38.0,22.0,32.0,31.0,42.0,47.0,37.0,45.0,32.0,30.0,42.0,32.0,40.0,27.0,36.0,35.0,39.0,45.0,46.0,32.0,37.0,44.0,49.0,45.0,40.0,28.0,35.0,35.0,35.0,46.0,31.0,48.0,34.0,55.0,42.0,47.0,43.0,36.0,39.0,26.0,32.0,39.0,48.0,31.0,41.0,39.0,28.0,37.0,45.0
26.0,30.0,34.0,33.0,37.0,26.0,26.0,19.0,31.0,25.0,30.0,23.0,33.0,32.0,27.0,27.0,24.0,28.0,25.0,20.0,27.0,27.0,23.0,23.0,23.0,28.0,22.0,28.0,34.0,26.0,28.0,28.0,28.0,29.0,24.0,40.0,26.0,31.0,37.0,21.0,35.0,31.0,25.0,33.0,29.0,20.0,26.0,33.0,26.0,30.0
18.0,28.0,34.0,31.0,34.0,30.0,31.0,21.0,24.0,23.0,28.0,17.0,34.0,28.0,14.0,27.0,25.0,30.0,33.0,33.0,30.0,36.0,30.0,30.0,25.0,36.0,30.0,29.0,27.0,31.0,26.0,26.0,23.0,26.0,25.0,32.0,29.0,28.0,35.0,30.0,30.0,28.0,26.0,27.0,32.0,38.0,30.0,31.0,22.0,30.0
23.0,27.0,29.0,34.0,28.0,27.0,23.0,25.0,32.0,23.0,26.0,30.0,35.0,35.0,35.0,32.0,29.0,24.0,27.0,22.0,29.0,37.0,29.0,28.0,26.0,26.0,25.0,32.0,33.0,39.0,24.0,24.0,25.0,22.0,18.0,35.0,24.0,28.0,24.0,24.0,33.0,33.0,26.0,32.0,31.0,30.0,26.0,28.0,24.0,28.0
17.0,19.0,19.0,16.0,15.0,14.0,20.0,21.0,25.0,24.0,22.0,21.0,19.0,21.0,20.0,26.0,26.0,19.0,17.0,25.0,26.0,24.0,19.0,24.0,21.0,28.0,17.0,27.0,16.0,17.0,14.0,19.0,16.0,19.0,20.0,15.0,16.0,21.0,26.0,23.0,21.0,24.0,21.0,25.0,25.0,29.0,23.0,21.0,28.0,18.0
26.0,23.0,35.0,24.0,18.0,26.0,23.0,21.0,22.0,33.0,27.0,20.0,24.0,26.0,19.0,20.0,33.0,25.0,31.0,31.0,26.0,33.0,25.0,23.0,29.0,25.0,24.0,19.0,31.0,33.0,26.0,28.0,17.0,25.0,29.0,32.0,23.0,27.0,30.0,24.0,24.0,26.0,29.0,29.0,33.0,34.0,23.0,29.0,26.0,31.0
30.0,48.0,30.0,26.0,22.0,36.0,27.0,20.0,27.0,28.0,22.0,37.0,25.0,27.0,28.0,32.0,28.0,18.0,43.0,34.0,31.0,22.0,29.0,30.0,25.0,22.0,40.0,19.0,29.0,32.0,29.0,39.0,25.0,30.0,23.0,24.0,22.0,30.0,31.0,24.0,33.0,32.0,36.0,35.0,24.0,29.0,27.0,31.0,27.0,37.0
21.0,16.0,18.0,20.0,26.0,23.0,23.0,22.0,23.0,13.0,22.0,24.0,23.0,13.0,17.0,27.0,25.0,10.0,15.0,25.0,22.0,14.0,19.0,17.0,22.0,23.0,23.0,15.0,21.0,20.0,17.0,24.0,12.0,23.0,21.0,25.0,21.0,21.0,22.0,20.0,30.0,25.0,26.0,17.0,19.0,24.0,20.0,26.0,15.0,16.0
29.0,37.0,28.0,28.0,19.0,24.0,25.0,25.0,29.0,19.0,25.0,24.0,22.0,30.0,26.0,34.0,27.0,35.0,13.0,28.0,19.0,24.0,30.0,22.0,22.0,28.0,22.0,36.0,21.0,23.0,21.0,31.0,28.0,33.0,18.0,30.0,23.0,26.0,24.0,27.0,31.0,28.0,28.0,22.0,26.0,26.0,31.0,17.0,22.0,30.0
