10,50,1000
19.415592,18.497401,19.927206,19.930095,17.915904,16.961856,19.448295,19.736952,18.091627,16.539699
9.679663,6.63937,8.537754,6.870598,7.237306,5.747457,9.13509,9.24413,8.417173,8.47989
0.0,10.0,20.0,30.0,40.0,50.0,60.0,70.0,80.0,90.0
10.0,0.0,10.0,20.0,30.0,40.0,50.0,60.0,70.0,80.0
20.0,10.0,0.0,10.0,20.0,30.0,40.0,50.0,60.0,70.0
30.0,20.0,10.0,0.0,10.0,20.0,30.0,40.0,50.0,60.0
40.0,30.0,20.0,10.0,0.0,10.0,20.0,30.0,40.0,50.0
50.0,40.0,30.0,20.0,10.0,0.0,10.0,20.0,30.0,40.0
60.0,50.0,40.0,30.0,20.0,10.0,0.0,10.0,20.0,30.0
70.0,60.0,50.0,40.0,30.0,20.0,10.0,0.0,10.0,20.0
80.0,70.0,60.0,50.0,40.0,30.0,20.0,10.0,0.0,10.0
90.0,80.0,70.0,60.0,50.0,40.0,30.0,20.0,10.0,0.0
450.0,400.0,350.0,300.0,250.0,250.0,300.0,350.0,400.0,450.0
0.0,1.0,2.0,3.0,4.0,5.0,6.0,7.0,8.0,9.0
1.0,0.0,1.0,2.0,3.0,4.0,5.0,6.0,7.0,8.0
2.0,1.0,0.0,1.0,2.0,3.0,4.0,5.0,6.0,7.0
3.0,2.0,1.0,0.0,1.0,2.0,3.0,4.0,5.0,6.0
4.0,3.0,2.0,1.0,0.0,1.0,2.0,3.0,4.0,5.0
5.0,4.0,3.0,2.0,1.0,0.0,1.0,2.0,3.0,4.0
6.0,5.0,4.0,3.0,2.0,1.0,0.0,1.0,2.0,3.0
7.0,6.0,5.0,4.0,3.0,2.0,1.0,0.0,1.0,2.0
8.0,7.0,6.0,5.0,4.0,3.0,2.0,1.0,0.0,1.0
9.0,8.0,7.0,6.0,5.0,4.0,3.0,2.0,1.0,0.0
45.0,40.0,35.0,30.0,25.0,25.0,30.0,35.0,40.0,45.0
40.0,26.0,27.0,42.0,34.0,24.0,34.0,51.0,40.0,35.0,40.0,26.0,35.0,26.0,28.0,39.0,27.0,27.0,43.0,29.0,43.0,35.0,36.0,35.0,37.0,31.0,33.0,35.0,44.0,33.0,25.0,44.0,23.0,28.0,32.0,38.0,46.0,34.0,39.0,43.0,27.0,30.0,37.0,46.0,24.0,44.0,35.0,37.0,52.0,33.0
29.0,28.0,29.0,19.0,28.0,26.0,35.0,29.0,25.0,28.0,44.0,29.0,26.0,25.0,24.0,23.0,24.0,21.0,21.0,16.0,19.0,29.0,29.0,26.0,29.0,28.0,29.0,17.0,21.0,30.0,30.0,22.0,33.0,21.0,32.0,31.0,25.0,19.0,17.0,37.0,25.0,29.0,30.0,30.0,33.0,14.0,23.0,25.0,36.0,26.0
39.0,24.0,41.0,39.0,38.0,35.0,32.0,37.0,17.0,26.0,31.0,39.0,30.0,32.0,28.0,35.0,30.0,37.0,27.0,39.0,25.0,30.0,39.0,36.0,27.0,28.0,35.0,41.0,34.0,50.0,41.0,29.0,32.0,33.0,29.0,37.0,35.0,26.0,36.0,30.0,32.0,30.0,29.0,41.0,32.0,28.0,24.0,36.0,40.0,44.0
31.0,30.0,26.0,25.0,27.0,27.0,30.0,28.0,33.0,27.0,31.0,38.0,24.0,33.0,32.0,29.0,29.0,32.0,23.0,30.0,28.0,23.0,30.0,27.0,28.0,26.0,25.0,27.0,20.0,25.0,36.0,34.0,27.0,27.0,26.0,25.0,30.0,19.0,20.0,26.0,29.0,25.0,24.0,25.0,24.0,31.0,27.0,28.0,22.0,15.0
24.0,26.0,17.0,26.0,33.0,26.0,28.0,27.0,16.0,35.0,32.0,24.0,32.0,30.0,36.0,26.0,22.0,21.0,30.0,28.0,24.0,29.0,35.0,40.0,19.0,13.0,33.0,26.0,23.0,30.0,21.0,26.0,20.0,24.0,23.0,31.0,35.0,33.0,29.0,29.0,27.0,19.0,19.0,35.0,22.0,20.0,29.0,36.0,26.0,26.0
21.0,19.0,18.0,32.0,25.0,23.0,13.0,28.0,23.0,25.0,27.0,25.0,26.0,15.0,13.0,14.0,20.0,23.0,30.0,21.0,27.0,25.0,29.0,26.0,25.0,20.0,40.0,27.0,22.0,26.0,28.0,22.0,24.0,23.0,18.0,23.0,26.0,21.0,25.0,21.0,20.0,19.0,19.0,21.0,25.0,32.0,33.0,19.0,21.0,24.0
31.0,36.0,45.0,31.0,43.0,30.0,26.0,30.0,48.0,35.0,26.0,34.0,26.0,30.0,34.0,41.0,44.0,35.0,31.0,30.0,36.0,30.0,35.0,39.0,32.0,33.0,30.0,50.0,33.0,38.0,37.0,34.0,46.0,38.0,30.0,37.0,37.0,40.0,37.0,35.0,38.0,35.0,31.0,29.0,47.0,30.0,32.0,40.0,30.0,33.0
40.0,48.0,32.0,35.0,34.0,36.0,33.0,39.0,35.0,26.0,39.0,47.0,25.0,28.0,41.0,29.0,37.0,32.0,35.0,32.0,35.0,47.0,37.0,26.0,32.0,29.0,39.0,37.0,40.0,32.0,42.0,37.0,30.0,20.0,35.0,40.0,34.0,42.0,36.0,36.0,30.0,31.0,45.0,40.0,41.0,30.0,28.0,34.0,30.0,32.0
36.0,36.0,26.0,32.0,33.0,31.0,29.0,33.0,31.0,34.0,38.0,33.0,37.0,27.0,28.0,27.0,39.0,30.0,34.0,28.0,42.0,41.0,33.0,28.0,41.0,30.0,31.0,32.0,31.0,43.0,29.0,27.0,33.0,31.0,33.0,22.0,41.0,32.0,36.0,33.0,22.0,36.0,37.0,29.0,26.0,34.0,32.0,36.0,32.0,28.0
31.0,24.0,27.0,24.0,23.0,28.0,26.0,38.0,31.0,29.0,26.0,36.0,23.0,23.0,23.0,37.0,28.0,29.0,26.0,37.0,46.0,32.0,32.0,31.0,33.0,35.0,35.0,33.0,38.0,29.0,38.0,33.0,25.0,45.0,27.0,36.0,28.0,27.0,27.0,32.0,34.0,27.0,35.0,38.0,37.0,36.0,34.0,33.0,24.0,33.0
