10,50,1000
16.64324,17.967758,15.612813,15.117198,19.319368,18.609669,16.311526,15.40111,18.177031,15.054379
5.120781,6.125833,5.370367,5.697015,8.900873,8.844955,6.248578,6.793413,9.04191,7.114873
0.0,10.0,20.0,30.0,40.0,50.0,60.0,70.0,80.0,90.0
10.0,0.0,10.0,20.0,30.0,40.0,50.0,60.0,70.0,80.0
20.0,10.0,0.0,10.0,20.0,30.0,40.0,50.0,60.0,70.0
30.0,20.0,10.0,0.0,10.0,20.0,30.0,40.0,50.0,60.0
40.0,30.0,20.0,10.0,0.0,10.0,20.0,30.0,40.0,50.0
50.0,40.0,30.0,20.0,10.0,0.0,10.0,20.0,30.0,40.0
60.0,50.0,40.0,30.0,20.0,10.0,0.0,10.0,20.0,30.0
70.0,60.0,50.0,40.0,30.0,20.0,10.0,0.0,10.0,20.0
80.0,70.0,60.0,50.0,40.0,30.0,20.0,10.0,0.0,10.0
90.0,80.0,70.0,60.0,50.0,40.0,30.0,20.0,10.0,0.0
450.0,400.0,350.0,300.0,250.0,250.0,300.0,350.0,400.0,450.0
0.0,1.0,2.0,3.0,4.0,5.0,6.0,7.0,8.0,9.0
1.0,0.0,1.0,2.0,3.0,4.0,5.0,6.0,7.0,8.0
2.0,1.0,0.0,1.0,2.0,3.0,4.0,5.0,6.0,7.0
3.0,2.0,1.0,0.0,1.0,2.0,3.0,4.0,5.0,6.0
4.0,3.0,2.0,1.0,0.0,1.0,2.0,3.0,4.0,5.0
5.0,4.0,3.0,2.0,1.0,0.0,1.0,2.0,3.0,4.0
6.0,5.0,4.0,3.0,2.0,1.0,0.0,1.0,2.0,3.0
7.0,6.0,5.0,4.0,3.0,2.0,1.0,0.0,1.0,2.0
8.0,7.0,6.0,5.0,4.0,3.0,2.0,1.0,0.0,1.0
9.0,8.0,7.0,6.0,5.0,4.0,3.0,2.0,1.0,0.0
45.0,40.0,35.0,30.0,25.0,25.0,30.0,35.0,40.0,45.0
16.0,23.0,19.0,21.0,27.0,14.0,21.0,23.0,15.0,27.0,20.0,21.0,24.0,27.0,13.0,17.0,22.0,18.0,25.0,24.0,18.0,22.0,19.0,16.0,20.0,26.0,22.0,18.0,19.0,18.0,20.0,23.0,19.0,19.0,18.0,16.0,17.0,23.0,18.0,17.0,17.0,25.0,15.0,18.0,27.0,20.0,22.0,23.0,20.0,19.0
31.0,22.0,25.0,17.0,22.0,28.0,26.0,25.0,24.0,17.0,28.0,18.0,24.0,23.0,25.0,25.0,29.0,25.0,23.0,25.0,28.0,25.0,26.0,18.0,27.0,22.0,29.0,26.0,24.0,27.0,27.0,22.0,21.0,15.0,24.0,31.0,27.0,32.0,33.0,15.0,18.0,18.0,19.0,22.0,20.0,27.0,16.0,29.0,31.0,27.0
30.0,13.0,29.0,18.0,26.0,18.0,25.0,24.0,23.0,28.0,21.0,21.0,14.0,21.0,16.0,21.0,18.0,16.0,20.0,17.0,15.0,23.0,21.0,24.0,27.0,31.0,22.0,12.0,27.0,19.0,22.0,27.0,27.0,20.0,22.0,34.0,17.0,18.0,20.0,23.0,26.0,25.0,20.0,21.0,19.0,24.0,14.0,21.0,25.0,24.0
21.0,20.0,13.0,24.0,22.0,17.0,22.0,13.0,23.0,21.0,23.0,18.0,24.0,22.0,22.0,18.0,28.0,26.0,25.0,14.0,20.0,22.0,26.0,26.0,22.0,28.0,28.0,26.0,28.0,24.0,24.0,23.0,23.0,19.0,20.0,20.0,23.0,21.0,23.0,16.0,22.0,25.0,15.0,27.0,25.0,18.0,22.0,18.0,23.0,21.0
36.0,32.0,21.0,45.0,47.0,28.0,35.0,37.0,32.0,25.0,33.0,34.0,50.0,33.0,41.0,29.0,34.0,34.0,31.0,47.0,47.0,38.0,40.0,27.0,38.0,30.0,36.0,35.0,35.0,45.0,26.0,31.0,33.0,24.0,30.0,43.0,34.0,32.0,37.0,33.0,25.0,29.0,21.0,30.0,26.0,29.0,39.0,33.0,32.0,32.0
32.0,36.0,33.0,48.0,33.0,37.0,40.0,36.0,34.0,26.0,41.0,26.0,37.0,36.0,38.0,31.0,22.0,31.0,40.0,22.0,31.0,31.0,25.0,35.0,33.0,31.0,31.0,25.0,21.0,47.0,28.0,39.0,35.0,29.0,37.0,35.0,28.0,25.0,32.0,31.0,23.0,32.0,29.0,32.0,34.0,30.0,24.0,33.0,32.0,30.0
31.0,23.0,35.0,23.0,28.0,30.0,23.0,22.0,28.0,18.0,32.0,20.0,31.0,25.0,29.0,22.0,27.0,12.0,25.0,26.0,23.0,17.0,27.0,25.0,25.0,29.0,17.0,24.0,23.0,22.0,26.0,28.0,26.0,28.0,36.0,27.0,21.0,19.0,27.0,26.0,24.0,19.0,17.0,19.0,24.0,22.0,22.0,16.0,28.0,31.0
17.0,25.0,21.0,31.0,25.0,20.0,22.0,15.0,31.0,28.0,19.0,22.0,17.0,27.0,23.0,26.0,30.0,42.0,20.0,30.0,25.0,26.0,33.0,38.0,30.0,21.0,26.0,20.0,24.0,26.0,24.0,27.0,33.0,30.0,22.0,28.0,20.0,30.0,32.0,31.0,26.0,23.0,25.0,21.0,25.0,25.0,25.0,19.0,26.0,18.0
39.0,35.0,36.0,28.0,37.0,24.0,42.0,31.0,38.0,37.0,36.0,37.0,29.0,32.0,42.0,28.0,29.0,34.0,41.0,29.0,34.0,41.0,39.0,34.0,43.0,35.0,45.0,35.0,42.0,26.0,24.0,33.0,35.0,32.0,39.0,39.0,30.0,41.0,32.0,33.0,34.0,39.0,25.0,32.0,31.0,33.0,33.0,27.0,37.0,31.0
32.0,28.0,29.0,25.0,26.0,29.0,25.0,32.0,32.0,24.0,25.0,21.0,24.0,24.0,26.0,36.0,35.0,27.0,29.0,33.0,35.0,25.0,21.0,23.0,30.0,31.0,26.0,28.0,27.0,25.0,24.0,24.0,25.0,28.0,32.0,35.0,18.0,21.0,28.0,26.0,27.0,32.0,26.0,25.0,31.0,34.0,24.0,23.0,26.0,35.0
