10,50,1000
18.395427,18.933268,17.25231,17.368451,16.498198,17.148884,15.583809,19.680238,15.385595,16.881712
9.667404,8.648417,8.51771,7.220733,8.250805,5.952875,8.379211,6.614348,7.347915,9.016373
0.0,10.0,20.0,30.0,40.0,50.0,60.0,70.0,80.0,90.0
10.0,0.0,10.0,20.0,30.0,40.0,50.0,60.0,70.0,80.0
20.0,10.0,0.0,10.0,20.0,30.0,40.0,50.0,60.0,70.0
30.0,20.0,10.0,0.0,10.0,20.0,30.0,40.0,50.0,60.0
40.0,30.0,20.0,10.0,0.0,10.0,20.0,30.0,40.0,50.0
50.0,40.0,30.0,20.0,10.0,0.0,10.0,20.0,30.0,40.0
60.0,50.0,40.0,30.0,20.0,10.0,0.0,10.0,20.0,30.0
70.0,60.0,50.0,40.0,30.0,20.0,10.0,0.0,10.0,20.0
80.0,70.0,60.0,50.0,40.0,30.0,20.0,10.0,0.0,10.0
90.0,80.0,70.0,60.0,50.0,40.0,30.0,20.0,10.0,0.0
450.0,400.0,350.0,300.0,250.0,250.0,300.0,350.0,400.0,450.0
0.0,1.0,2.0,3.0,4.0,5.0,6.0,7.0,8.0,9.0
1.0,0.0,1.0,2.0,3.0,4.0,5.0,6.0,7.0,8.0
2.0,1.0,0.0,1.0,2.0,3.0,4.0,5.0,6.0,7.0
3.0,2.0,1.0,0.0,1.0,2.0,3.0,4.0,5.0,6.0
4.0,3.0,2.0,1.0,0.0,1.0,2.0,3.0,4.0,5.0
5.0,4.0,3.0,2.0,1.0,0.0,1.0,2.0,3.0,4.0
6.0,5.0,4.0,3.0,2.0,1.0,0.0,1.0,2.0,3.0
7.0,6.0,5.0,4.0,3.0,2.0,1.0,0.0,1.0,2.0
8.0,7.0,6.0,5.0,4.0,3.0,2.0,1.0,0.0,1.0
9.0,8.0,7.0,6.0,5.0,4.0,3.0,2.0,1.0,0.0
45.0,40.0,35.0,30.0,25.0,25.0,30.0,35.0,40.0,45.0
39.0,36.0,41.0,40.0,30.0,32.0,38.0,32.0,36.0,48.0,32.0,36.0,35.0,24.0,32.0,32.0,33.0,33.0,50.0,37.0,31.0,20.0,40.0,31.0,36.0,23.0,31.0,35.0,44.0,33.0,41.0,47.0,37.0,52.0,29.0,41.0,36.0,51.0,27.0,41.0,32.0,33.0,26.0,43.0,35.0,29.0,35.0,26.0,45.0,28.0
31.0,38.0,44.0,31.0,37.0,41.0,37.0,32.0,39.0,32.0,35.0,35.0,28.0,27.0,32.0,48.0,31.0,27.0,20.0,28.0,34.0,35.0,24.0,27.0,26.0,29.0,29.0,33.0,35.0,30.0,25.0,42.0,39.0,35.0,42.0,27.0,44.0,27.0,42.0,37.0,26.0,38.0,38.0,30.0,28.0,44.0,39.0,26.0,23.0,36.0
32.0,33.0,35.0,29.0,32.0,33.0,33.0,32.0,35.0,38.0,40.0,37.0,16.0,24.0,45.0,31.0,24.0,33.0,29.0,30.0,28.0,31.0,27.0,35.0,36.0,28.0,29.0,26.0,36.0,35.0,37.0,32.0,46.0,28.0,19.0,29.0,27.0,41.0,32.0,34.0,35.0,36.0,27.0,21.0,30.0,35.0,36.0,36.0,30.0,22.0
23.0,31.0,31.0,22.0,29.0,33.0,26.0,35.0,29.0,27.0,33.0,35.0,32.0,21.0,28.0,23.0,30.0,26.0,32.0,25.0,24.0,29.0,27.0,29.0,35.0,19.0,22.0,32.0,28.0,18.0,32.0,31.0,26.0,24.0,29.0,24.0,24.0,32.0,24.0,37.0,30.0,32.0,36.0,37.0,26.0,35.0,26.0,23.0,36.0,36.0
29.0,28.0,26.0,25.0,28.0,25.0,24.0,30.0,37.0,42.0,23.0,29.0,42.0,26.0,39.0,24.0,17.0,37.0,24.0,45.0,40.0,27.0,23.0,32.0,29.0,34.0,45.0,33.0,27.0,35.0,31.0,33.0,28.0,33.0,25.0,39.0,35.0,35.0,36.0,29.0,24.0,24.0,36.0,31.0,35.0,35.0,38.0,34.0,24.0,35.0
24.0,28.0,28.0,27.0,27.0,22.0,19.0,18.0,18.0,14.0,25.0,23.0,34.0,33.0,32.0,15.0,17.0,20.0,20.0,24.0,21.0,24.0,27.0,30.0,24.0,24.0,22.0,22.0,35.0,21.0,19.0,25.0,24.0,27.0,25.0,20.0,32.0,24.0,32.0,26.0,19.0,18.0,18.0,34.0,21.0,25.0,24.0,28.0,20.0,19.0
30.0,25.0,33.0,48.0,27.0,31.0,30.0,39.0,34.0,29.0,33.0,40.0,34.0,33.0,31.0,36.0,30.0,24.0,23.0,23.0,27.0,28.0,48.0,34.0,32.0,30.0,23.0,32.0,25.0,36.0,28.0,47.0,31.0,39.0,24.0,28.0,25.0,33.0,31.0,37.0,30.0,20.0,19.0,30.0,28.0,31.0,30.0,29.0,27.0,38.0
28.0,14.0,24.0,26.0,24.0,24.0,25.0,26.0,28.0,28.0,29.0,28.0,23.0,26.0,33.0,32.0,35.0,28.0,20.0,19.0,22.0,33.0,25.0,27.0,27.0,26.0,29.0,23.0,23.0,40.0,25.0,31.0,35.0,22.0,25.0,25.0,27.0,31.0,26.0,22.0,23.0,34.0,31.0,26.0,12.0,31.0,23.0,26.0,22.0,27.0
32.0,24.0,41.0,22.0,27.0,32.0,35.0,28.0,35.0,27.0,37.0,31.0,36.0,31.0,27.0,32.0,30.0,27.0,24.0,25.0,20.0,33.0,31.0,33.0,34.0,28.0,23.0,22.0,25.0,32.0,36.0,41.0,19.0,21.0,31.0,24.0,36.0,40.0,33.0,18.0,33.0,21.0,28.0,31.0,27.0,30.0,35.0,35.0,35.0,34.0
30.0,41.0,36.0,29.0,30.0,32.0,33.0,45.0,32.0,33.0,28.0,34.0,32.0,30.0,32.0,31.0,33.0,34.0,27.0,33.0,44.0,39.0,43.0,33.0,31.0,24.0,35.0,29.0,33.0,39.0,34.0,22.0,25.0,32.0,38.0,21.0,38.0,35.0,28.0,37.0,23.0,31.0,36.0,34.0,26.0,26.0,25.0,32.0,31.0,34.0
