10,50,1000
19.978006,19.104259,17.347835,18.350096,15.163264,19.738657,15.774702,15.146339,18.66964,19.027137
5.966589,8.104752,5.28786,8.912081,6.622617,5.479049,9.579365,9.691384,7.283234,6.698591
0.0,10.0,20.0,30.0,40.0,50.0,60.0,70.0,80.0,90.0
10.0,0.0,10.0,20.0,30.0,40.0,50.0,60.0,70.0,80.0
20.0,10.0,0.0,10.0,20.0,30.0,40.0,50.0,60.0,70.0
30.0,20.0,10.0,0.0,10.0,20.0,30.0,40.0,50.0,60.0
40.0,30.0,20.0,10.0,0.0,10.0,20.0,30.0,40.0,50.0
50.0,40.0,30.0,20.0,10.0,0.0,10.0,20.0,30.0,40.0
60.0,50.0,40.0,30.0,20.0,10.0,0.0,10.0,20.0,30.0
70.0,60.0,50.0,40.0,30.0,20.0,10.0,0.0,10.0,20.0
80.0,70.0,60.0,50.0,40.0,30.0,20.0,10.0,0.0,10.0
90.0,80.0,70.0,60.0,50.0,40.0,30.0,20.0,10.0,0.0
450.0,400.0,350.0,300.0,250.0,250.0,300.0,350.0,400.0,450.0
0.0,1.0,2.0,3.0,4.0,5.0,6.0,7.0,8.0,9.0
1.0,0.0,1.0,2.0,3.0,4.0,5.0,6.0,7.0,8.0
2.0,1.0,0.0,1.0,2.0,3.0,4.0,5.0,6.0,7.0
3.0,2.0,1.0,0.0,1.0,2.0,3.0,4.0,5.0,6.0
4.0,3.0,2.0,1.0,0.0,1.0,2.0,3.0,4.0,5.0
5.0,4.0,3.0,2.0,1.0,0.0,1.0,2.0,3.0,4.0
6.0,5.0,4.0,3.0,2.0,1.0,0.0,1.0,2.0,3.0
7.0,6.0,5.0,4.0,3.0,2.0,1.0,0.0,1.0,2.0
8.0,7.0,6.0,5.0,4.0,3.0,2.0,1.0,0.0,1.0
9.0,8.0,7.0,6.0,5.0,4.0,3.0,2.0,1.0,0.0
45.0,40.0,35.0,30.0,25.0,25.0,30.0,35.0,40.0,45.0
28.0,26.0,20.0,20.0,20.0,23.0,30.0,24.0,29.0,37.0,26.0,25.0,25.0,20.0,27.0,21.0,30.0,19.0,36.0,24.0,24.0,14.0,20.0,21.0,30.0,26.0,35.0,27.0,24.0,24.0,26.0,31.0,30.0,27.0,19.0,33.0,27.0,18.0,31.0,25.0,31.0,27.0,28.0,14.0,23.0,21.0,15.0,27.0,24.0,29.0
17.0,28.0,34.0,45.0,28.0,35.0,33.0,23.0,32.0,26.0,31.0,25.0,34.0,25.0,27.0,28.0,31.0,43.0,29.0,32.0,35.0,30.0,19.0,23.0,42.0,32.0,36.0,38.0,22.0,28.0,31.0,30.0,34.0,47.0,27.0,33.0,46.0,30.0,24.0,31.0,22.0,22.0,29.0,18.0,49.0,22.0,36.0,39.0,33.0,31.0
18.0,21.0,12.0,27.0,21.0,20.0,19.0,20.0,22.0,18.0,18.0,17.0,16.0,23.0,33.0,34.0,20.0,24.0,17.0,28.0,23.0,18.0,19.0,25.0,22.0,21.0,22.0,16.0,22.0,20.0,11.0,15.0,24.0,20.0,12.0,22.0,17.0,29.0,24.0,21.0,19.0,23.0,16.0,21.0,19.0,26.0,22.0,24.0,26.0,17.0
33.0,40.0,40.0,32.0,30.0,34.0,26.0,38.0,37.0,35.0,25.0,34.0,35.0,37.0,28.0,38.0,31.0,38.0,35.0,24.0,28.0,32.0,27.0,44.0,40.0,36.0,32.0,31.0,41.0,29.0,31.0,29.0,38.0,36.0,35.0,29.0,38.0,46.0,34.0,28.0,34.0,33.0,31.0,41.0,37.0,31.0,33.0,37.0,35.0,29.0
27.0,29.0,28.0,22.0,29.0,30.0,28.0,30.0,26.0,22.0,29.0,26.0,28.0,28.0,24.0,29.0,29.0,19.0,30.0,17.0,25.0,28.0,16.0,23.0,23.0,21.0,26.0,27.0,16.0,22.0,22.0,22.0,21.0,25.0,25.0,17.0,15.0,27.0,18.0,35.0,25.0,18.0,20.0,22.0,19.0,21.0,25.0,29.0,21.0,26.0
20.0,25.0,19.0,27.0,20.0,31.0,19.0,20.0,27.0,32.0,17.0,17.0,23.0,21.0,26.0,24.0,19.0,17.0,27.0,19.0,21.0,26.0,31.0,26.0,29.0,16.0,18.0,13.0,22.0,27.0,29.0,32.0,21.0,22.0,19.0,19.0,19.0,18.0,24.0,29.0,17.0,17.0,16.0,24.0,31.0,25.0,18.0,34.0,31.0,22.0
33.0,36.0,41.0,36.0,28.0,38.0,39.0,41.0,30.0,23.0,35.0,41.0,42.0,36.0,32.0,32.0,36.0,45.0,32.0,38.0,43.0,43.0,30.0,38.0,37.0,39.0,37.0,37.0,37.0,26.0,40.0,40.0,38.0,43.0,31.0,26.0,35.0,42.0,27.0,34.0,38.0,32.0,46.0,34.0,34.0,48.0,32.0,37.0,34.0,36.0
35.0,28.0,44.0,42.0,39.0,32.0,33.0,38.0,24.0,35.0,37.0,44.0,38.0,32.0,33.0,34.0,36.0,28.0,31.0,37.0,39.0,41.0,25.0,36.0,39.0,37.0,36.0,35.0,36.0,42.0,38.0,40.0,39.0,28.0,21.0,22.0,34.0,31.0,30.0,35.0,28.0,29.0,50.0,36.0,33.0,25.0,30.0,32.0,31.0,35.0
24.0,28.0,25.0,31.0,25.0,31.0,21.0,23.0,24.0,29.0,26.0,20.0,26.0,32.0,28.0,29.0,33.0,32.0,24.0,30.0,26.0,29.0,20.0,24.0,26.0,22.0,33.0,27.0,30.0,29.0,21.0,31.0,36.0,35.0,20.0,28.0,22.0,30.0,37.0,34.0,35.0,28.0,21.0,25.0,21.0,26.0,29.0,28.0,30.0,27.0
15.0,29.0,27.0,36.0,25.0,29.0,30.0,21.0,30.0,32.0,34.0,21.0,23.0,25.0,30.0,21.0,24.0,34.0,18.0,32.0,27.0,25.0,25.0,20.0,20.0,31.0,29.0,27.0,28.0,25.0,30.0,24.0,32.0,17.0,29.0,28.0,31.0,30.0,28.0,22.0,26.0,23.0,26.0,36.0,27.0,33.0,28.0,40.0,35.0,26.0
