10,50,1000
18.818485,17.768164,16.487066,16.989955,16.744301,17.329291,16.200021,15.58092,16.31468,18.59111
7.838316,6.035127,9.126587,6.737554,8.312013,8.374387,7.164142,7.487538,5.202172,9.138673
0.0,10.0,20.0,30.0,40.0,50.0,60.0,70.0,80.0,90.0
10.0,0.0,10.0,20.0,30.0,40.0,50.0,60.0,70.0,80.0
20.0,10.0,0.0,10.0,20.0,30.0,40.0,50.0,60.0,70.0
30.0,20.0,10.0,0.0,10.0,20.0,30.0,40.0,50.0,60.0
40.0,30.0,20.0,10.0,0.0,10.0,20.0,30.0,40.0,50.0
50.0,40.0,30.0,20.0,10.0,0.0,10.0,20.0,30.0,40.0
60.0,50.0,40.0,30.0,20.0,10.0,0.0,10.0,20.0,30.0
70.0,60.0,50.0,40.0,30.0,20.0,10.0,0.0,10.0,20.0
80.0,70.0,60.0,50.0,40.0,30.0,20.0,10.0,0.0,10.0
90.0,80.0,70.0,60.0,50.0,40.0,30.0,20.0,10.0,0.0
450.0,400.0,350.0,300.0,250.0,250.0,300.0,350.0,400.0,450.0
0.0,1.0,2.0,3.0,4.0,5.0,6.0,7.0,8.0,9.0
1.0,0.0,1.0,2.0,3.0,4.0,5.0,6.0,7.0,8.0
2.0,1.0,0.0,1.0,2.0,3.0,4.0,5.0,6.0,7.0
3.0,2.0,1.0,0.0,1.0,2.0,3.0,4.0,5.0,6.0
4.0,3.0,2.0,1.0,0.0,1.0,2.0,3.0,4.0,5.0
5.0,4.0,3.0,2.0,1.0,0.0,1.0,2.0,3.0,4.0
6.0,5.0,4.0,3.0,2.0,1.0,0.0,1.0,2.0,3.0
7.0,6.0,5.0,4.0,3.0,2.0,1.0,0.0,1.0,2.0
8.0,7.0,6.0,5.0,4.0,3.0,2.0,1.0,0.0,1.0
9.0,8.0,7.0,6.0,5.0,4.0,3.0,2.0,1.0,0.0
45.0,40.0,35.0,30.0,25.0,25.0,30.0,35.0,40.0,45.0
25.0,24.0,33.0,39.0,26.0,34.0,32.0,32.0,34.0,24.0,35.0,32.0,31.0,35.0,35.0,26.0,35.0,24.0,39.0,20.0,27.0,26.0,27.0,28.0,17.0,30.0,34.0,23.0,25.0,33.0,27.0,25.0,38.0,37.0,27.0,25.0,36.0,28.0,29.0,26.0,27.0,29.0,41.0,33.0,28.0,25.0,38.0,20.0,35.0,36.0
26.0,16.0,26.0,11.0,28.0,25.0,21.0,23.0,25.0,22.0,26.0,26.0,32.0,27.0,34.0,27.0,24.0,25.0,21.0,20.0,25.0,29.0,19.0,24.0,27.0,18.0,30.0,23.0,18.0,21.0,16.0,13.0,23.0,38.0,24.0,17.0,20.0,19.0,21.0,22.0,27.0,28.0,22.0,24.0,19.0,32.0,29.0,25.0,36.0,31.0
23.0,36.0,41.0,36.0,18.0,47.0,41.0,37.0,33.0,34.0,40.0,28.0,44.0,28.0,31.0,25.0,19.0,39.0,40.0,27.0,23.0,43.0,22.0,36.0,34.0,38.0,31.0,35.0,40.0,32.0,34.0,27.0,36.0,33.0,34.0,30.0,27.0,34.0,43.0,27.0,28.0,39.0,40.0,23.0,47.0,31.0,36.0,35.0,24.0,30.0
30.0,27.0,26.0,33.0,42.0,22.0,29.0,25.0,21.0,30.0,23.0,28.0,30.0,19.0,26.0,29.0,20.0,31.0,33.0,27.0,21.0,26.0,21.0,28.0,31.0,31.0,26.0,28.0,27.0,26.0,22.0,30.0,30.0,28.0,24.0,19.0,28.0,30.0,23.0,31.0,26.0,30.0,30.0,26.0,21.0,29.0,29.0,31.0,23.0,39.0
28.0,43.0,26.0,27.0,41.0,29.0,25.0,41.0,31.0,28.0,31.0,35.0,31.0,31.0,33.0,28.0,17.0,33.0,25.0,41.0,24.0,34.0,29.0,28.0,22.0,33.0,23.0,45.0,39.0,24.0,22.0,27.0,37.0,28.0,35.0,25.0,24.0,43.0,30.0,34.0,33.0,24.0,33.0,24.0,34.0,34.0,30.0,32.0,23.0,36.0
41.0,24.0,29.0,26.0,34.0,34.0,29.0,18.0,32.0,30.0,28.0,34.0,33.0,29.0,27.0,46.0,36.0,25.0,28.0,31.0,26.0,32.0,34.0,22.0,33.0,27.0,33.0,39.0,38.0,43.0,34.0,29.0,34.0,37.0,33.0,28.0,33.0,30.0,29.0,35.0,22.0,23.0,35.0,36.0,17.0,27.0,26.0,28.0,32.0,42.0
23.0,24.0,26.0,34.0,34.0,24.0,25.0,32.0,19.0,26.0,26.0,31.0,26.0,32.0,33.0,31.0,24.0,31.0,30.0,31.0,29.0,19.0,28.0,27.0,27.0,32.0,25.0,32.0,24.0,27.0,21.0,28.0,29.0,30.0,22.0,28.0,35.0,22.0,28.0,22.0,35.0,22.0,26.0,25.0,20.0,21.0,27.0,25.0,30.0,33.0
27.0,25.0,30.0,31.0,31.0,25.0,29.0,28.0,26.0,27.0,42.0,23.0,41.0,24.0,30.0,16.0,34.0,27.0,26.0,21.0,23.0,22.0,31.0,30.0,30.0,24.0,18.0,18.0,27.0,40.0,25.0,31.0,18.0,25.0,28.0,36.0,26.0,25.0,38.0,28.0,27.0,17.0,30.0,25.0,21.0,31.0,31.0,21.0,34.0,33.0
17.0,19.0,19.0,19.0,18.0,26.0,20.0,19.0,20.0,16.0,19.0,25.0,15.0,24.0,19.0,21.0,21.0,15.0,22.0,16.0,26.0,31.0,24.0,19.0,24.0,17.0,27.0,21.0,27.0,17.0,24.0,16.0,29.0,24.0,14.0,14.0,16.0,28.0,26.0,26.0,21.0,19.0,13.0,23.0,19.0,17.0,19.0,20.0,22.0,16.0
36.0,36.0,29.0,35.0,35.0,35.0,31.0,41.0,31.0,39.0,31.0,39.0,36.0,35.0,27.0,42.0,33.0,30.0,29.0,26.0,29.0,40.0,37.0,37.0,35.0,28.0,31.0,37.0,39.0,35.0,37.0,38.0,40.0,35.0,41.0,22.0,37.0,34.0,36.0,35.0,39.0,35.0,37.0,31.0,33.0,39.0,26.0,27.0,34.0,33.0
