10,50,1000
17.20721,17.818672,18.718397,16.560374,15.779448,16.276645,18.457939,18.391965,19.993755,18.813018
8.964086,6.736315,9.802245,6.810248,5.8997,7.539793,7.136316,7.874269,5.223264,6.321392
0.0,10.0,20.0,30.0,40.0,50.0,60.0,70.0,80.0,90.0
10.0,0.0,10.0,20.0,30.0,40.0,50.0,60.0,70.0,80.0
20.0,10.0,0.0,10.0,20.0,30.0,40.0,50.0,60.0,70.0
30.0,20.0,10.0,0.0,10.0,20.0,30.0,40.0,50.0,60.0
40.0,30.0,20.0,10.0,0.0,10.0,20.0,30.0,40.0,50.0
50.0,40.0,30.0,20.0,10.0,0.0,10.0,20.0,30.0,40.0
60.0,50.0,40.0,30.0,20.0,10.0,0.0,10.0,20.0,30.0
70.0,60.0,50.0,40.0,30.0,20.0,10.0,0.0,10.0,20.0
80.0,70.0,60.0,50.0,40.0,30.0,20.0,10.0,0.0,10.0
90.0,80.0,70.0,60.0,50.0,40.0,30.0,20.0,10.0,0.0
450.0,400.0,350.0,300.0,250.0,250.0,300.0,350.0,400.0,450.0
0.0,1.0,2.0,3.0,4.0,5.0,6.0,7.0,8.0,9.0
1.0,0.0,1.0,2.0,3.0,4.0,5.0,6.0,7.0,8.0
2.0,1.0,0.0,1.0,2.0,3.0,4.0,5.0,6.0,7.0
3.0,2.0,1.0,0.0,1.0,2.0,3.0,4.0,5.0,6.0
4.0,3.0,2.0,1.0,0.0,1.0,2.0,3.0,4.0,5.0
5.0,4.0,3.0,2.0,1.0,0.0,1.0,2.0,3.0,4.0
6.0,5.0,4.0,3.0,2.0,1.0,0.0,1.0,2.0,3.0
7.0,6.0,5.0,4.0,3.0,2.0,1.0,0.0,1.0,2.0
8.0,7.0,6.0,5.0,4.0,3.0,2.0,1.0,0.0,1.0
9.0,8.0,7.0,6.0,5.0,4.0,3.0,2.0,1.0,0.0
45.0,40.0,35.0,30.0,25.0,25.0,30.0,35.0,40.0,45.0
31.0,33.0,37.0,31.0,41.0,29.0,29.0,38.0,35.0,25.0,25.0,39.0,30.0,32.0,35.0,30.0,41.0,26.0,33.0,44.0,40.0,26.0,37.0,39.0,27.0,31.0,32.0,44.0,32.0,34.0,27.0,38.0,35.0,37.0,40.0,35.0,37.0,37.0,37.0,39.0,36.0,34.0,30.0,43.0,29.0,31.0,26.0,33.0,28.0,29.0
29.0,23.0,25.0,24.0,25.0,25.0,31.0,33.0,26.0,33.0,23.0,19.0,37.0,25.0,25.0,23.0,20.0,29.0,35.0,35.0,20.0,23.0,32.0,30.0,17.0,24.0,29.0,33.0,29.0,23.0,17.0,17.0,23.0,30.0,31.0,18.0,21.0,24.0,25.0,28.0,19.0,22.0,20.0,42.0,25.0,22.0,20.0,35.0,27.0,22.0
28.0,36.0,36.0,37.0,46.0,35.0,45.0,39.0,30.0,33.0,38.0,38.0,41.0,40.0,34.0,32.0,31.0,34.0,22.0,34.0,37.0,35.0,47.0,33.0,48.0,41.0,33.0,34.0,41.0,41.0,40.0,35.0,34.0,33.0,35.0,43.0,31.0,40.0,35.0,34.0,37.0,27.0,38.0,38.0,34.0,34.0,31.0,44.0,36.0,41.0
23.0,22.0,23.0,28.0,30.0,21.0,26.0,24.0,31.0,20.0,15.0,26.0,36.0,30.0,24.0,28.0,25.0,28.0,29.0,16.0,26.0,22.0,27.0,24.0,21.0,25.0,23.0,19.0,23.0,30.0,23.0,31.0,27.0,27.0,45.0,33.0,26.0,18.0,21.0,15.0,25.0,22.0,32.0,25.0,17.0,17.0,20.0,33.0,28.0,33.0
18.0,30.0,30.0,20.0,25.0,27.0,28.0,23.0,24.0,22.0,32.0,15.0,25.0,23.0,14.0,28.0,31.0,23.0,28.0,24.0,23.0,20.0,27.0,25.0,21.0,15.0,23.0,21.0,22.0,26.0,15.0,18.0,21.0,17.0,25.0,22.0,18.0,23.0,20.0,29.0,17.0,28.0,24.0,19.0,28.0,22.0,17.0,19.0,26.0,22.0
25.0,31.0,33.0,34.0,28.0,26.0,25.0,25.0,29.0,26.0,26.0,23.0,27.0,36.0,30.0,34.0,26.0,30.0,25.0,31.0,26.0,17.0,23.0,28.0,26.0,26.0,34.0,29.0,30.0,38.0,29.0,30.0,40.0,21.0,25.0,22.0,22.0,34.0,29.0,26.0,21.0,17.0,30.0,34.0,22.0,34.0,17.0,31.0,22.0,38.0
38.0,28.0,24.0,21.0,21.0,29.0,30.0,27.0,31.0,31.0,24.0,31.0,26.0,25.0,31.0,26.0,25.0,28.0,33.0,26.0,33.0,20.0,35.0,23.0,22.0,20.0,36.0,32.0,25.0,26.0,29.0,22.0,25.0,33.0,31.0,22.0,36.0,35.0,25.0,21.0,28.0,19.0,19.0,26.0,28.0,33.0,25.0,27.0,27.0,30.0
34.0,26.0,35.0,40.0,23.0,23.0,35.0,32.0,36.0,35.0,34.0,34.0,29.0,27.0,29.0,33.0,27.0,34.0,40.0,21.0,38.0,34.0,31.0,27.0,23.0,28.0,21.0,30.0,28.0,25.0,31.0,31.0,26.0,32.0,38.0,34.0,33.0,28.0,23.0,38.0,45.0,28.0,39.0,24.0,29.0,33.0,17.0,32.0,32.0,28.0
31.0,27.0,28.0,25.0,29.0,30.0,18.0,20.0,30.0,14.0,16.0,28.0,22.0,17.0,17.0,19.0,37.0,22.0,23.0,20.0,18.0,31.0,25.0,29.0,20.0,27.0,24.0,26.0,23.0,21.0,12.0,28.0,22.0,18.0,27.0,21.0,22.0,20.0,18.0,22.0,21.0,24.0,21.0,17.0,22.0,18.0,18.0,29.0,23.0,19.0
16.0,28.0,25.0,29.0,33.0,20.0,26.0,27.0,36.0,28.0,22.0,28.0,22.0,34.0,22.0,20.0,29.0,24.0,25.0,27.0,25.0,19.0,17.0,28.0,26.0,24.0,19.0,23.0,27.0,28.0,25.0,29.0,30.0,19.0,19.0,26.0,27.0,19.0,22.0,28.0,23.0,15.0,22.0,27.0,20.0,24.0,20.0,28.0,21.0,24.0
