10,50,1000
17.224392,18.984721,18.953236,19.279426,19.279583,16.295451,17.378697,18.53304,18.958179,16.864854
7.879365,9.459321,7.442363,5.926774,9.247008,6.450071,9.816668,7.894816,6.885521,8.863695
0.0,10.0,20.0,30.0,40.0,50.0,60.0,70.0,80.0,90.0
10.0,0.0,10.0,20.0,30.0,40.0,50.0,60.0,70.0,80.0
20.0,10.0,0.0,10.0,20.0,30.0,40.0,50.0,60.0,70.0
30.0,20.0,10.0,0.0,10.0,20.0,30.0,40.0,50.0,60.0
40.0,30.0,20.0,10.0,0.0,10.0,20.0,30.0,40.0,50.0
50.0,40.0,30.0,20.0,10.0,0.0,10.0,20.0,30.0,40.0
60.0,50.0,40.0,30.0,20.0,10.0,0.0,10.0,20.0,30.0
70.0,60.0,50.0,40.0,30.0,20.0,10.0,0.0,10.0,20.0
80.0,70.0,60.0,50.0,40.0,30.0,20.0,10.0,0.0,10.0
90.0,80.0,70.0,60.0,50.0,40.0,30.0,20.0,10.0,0.0
450.0,400.0,350.0,300.0,250.0,250.0,300.0,350.0,400.0,450.0
0.0,1.0,2.0,3.0,4.0,5.0,6.0,7.0,8.0,9.0
1.0,0.0,1.0,2.0,3.0,4.0,5.0,6.0,7.0,8.0
2.0,1.0,0.0,1.0,2.0,3.0,4.0,5.0,6.0,7.0
3.0,2.0,1.0,0.0,1.0,2.0,3.0,4.0,5.0,6.0
4.0,3.0,2.0,1.0,0.0,1.0,2.0,3.0,4.0,5.0
5.0,4.0,3.0,2.0,1.0,0.0,1.0,2.0,3.0,4.0
6.0,5.0,4.0,3.0,2.0,1.0,0.0,1.0,2.0,3.0
7.0,6.0,5.0,4.0,3.0,2.0,1.0,0.0,1.0,2.0
8.0,7.0,6.0,5.0,4.0,3.0,2.0,1.0,0.0,1.0
9.0,8.0,7.0,6.0,5.0,4.0,3.0,2.0,1.0,0.0
45.0,40.0,35.0,30.0,25.0,25.0,30.0,35.0,40.0,45.0
30.0,24.0,27.0,35.0,32.0,29.0,31.0,28.0,24.0,24.0,37.0,27.0,23.0,29.0,32.0,32.0,32.0,22.0,27.0,28.0,30.0,29.0,34.0,31.0,35.0,24.0,20.0,32.0,22.0,26.0,33.0,33.0,29.0,36.0,36.0,38.0,28.0,37.0,35.0,23.0,26.0,32.0,23.0,35.0,25.0,34.0,37.0,34.0,33.0,26.0
37.0,36.0,39.0,32.0,32.0,44.0,36.0,36.0,35.0,38.0,24.0,42.0,41.0,34.0,39.0,41.0,35.0,27.0,33.0,37.0,27.0,34.0,36.0,32.0,36.0,38.0,30.0,36.0,43.0,41.0,39.0,38.0,32.0,44.0,36.0,45.0,28.0,27.0,43.0,46.0,26.0,35.0,30.0,42.0,20.0,35.0,43.0,40.0,27.0,40.0
24.0,22.0,28.0,26.0,24.0,32.0,26.0,29.0,29.0,30.0,18.0,36.0,28.0,20.0,29.0,30.0,40.0,38.0,28.0,27.0,23.0,35.0,28.0,28.0,32.0,29.0,30.0,25.0,29.0,43.0,34.0,38.0,27.0,19.0,28.0,39.0,30.0,30.0,27.0,36.0,36.0,42.0,31.0,28.0,29.0,22.0,29.0,25.0,25.0,21.0
17.0,17.0,19.0,25.0,31.0,22.0,29.0,28.0,27.0,23.0,28.0,19.0,32.0,20.0,30.0,26.0,25.0,24.0,24.0,26.0,25.0,18.0,15.0,30.0,29.0,17.0,30.0,20.0,26.0,17.0,17.0,21.0,19.0,18.0,37.0,19.0,15.0,20.0,33.0,25.0,17.0,31.0,27.0,29.0,34.0,26.0,19.0,21.0,26.0,17.0
38.0,56.0,31.0,45.0,30.0,46.0,40.0,39.0,39.0,31.0,35.0,28.0,29.0,30.0,24.0,45.0,34.0,36.0,45.0,38.0,31.0,36.0,35.0,37.0,37.0,35.0,40.0,35.0,31.0,29.0,48.0,40.0,31.0,37.0,39.0,42.0,35.0,41.0,38.0,35.0,33.0,25.0,31.0,25.0,37.0,36.0,37.0,40.0,37.0,46.0
22.0,23.0,29.0,20.0,20.0,31.0,25.0,14.0,24.0,24.0,27.0,24.0,19.0,31.0,26.0,17.0,27.0,28.0,22.0,19.0,21.0,21.0,24.0,29.0,25.0,30.0,26.0,20.0,27.0,25.0,22.0,21.0,30.0,32.0,23.0,21.0,22.0,31.0,21.0,12.0,24.0,29.0,29.0,26.0,31.0,24.0,26.0,32.0,24.0,24.0
45.0,30.0,29.0,36.0,31.0,38.0,31.0,35.0,35.0,46.0,35.0,39.0,40.0,40.0,41.0,36.0,37.0,46.0,51.0,35.0,38.0,32.0,45.0,36.0,39.0,38.0,31.0,32.0,38.0,27.0,25.0,29.0,33.0,34.0,35.0,41.0,29.0,38.0,30.0,42.0,35.0,36.0,45.0,38.0,41.0,31.0,36.0,42.0,35.0,31.0
29.0,21.0,35.0,31.0,34.0,38.0,40.0,25.0,32.0,25.0,33.0,25.0,27.0,25.0,18.0,27.0,31.0,17.0,27.0,22.0,28.0,41.0,21.0,35.0,23.0,28.0,27.0,22.0,27.0,23.0,39.0,36.0,26.0,34.0,29.0,24.0,26.0,28.0,41.0,28.0,33.0,27.0,28.0,23.0,35.0,26.0,27.0,32.0,30.0,41.0
28.0,24.0,33.0,27.0,25.0,19.0,27.0,21.0,27.0,25.0,26.0,23.0,27.0,32.0,30.0,21.0,22.0,27.0,28.0,22.0,22.0,27.0,31.0,21.0,25.0,24.0,19.0,25.0,20.0,21.0,29.0,33.0,35.0,26.0,17.0,26.0,21.0,25.0,33.0,30.0,30.0,26.0,28.0,31.0,30.0,26.0,33.0,38.0,21.0,29.0
34.0,47.0,38.0,36.0,44.0,33.0,31.0,43.0,32.0,31.0,36.0,28.0,38.0,30.0,37.0,44.0,38.0,29.0,34.0,21.0,43.0,38.0,40.0,41.0,31.0,33.0,27.0,37.0,28.0,38.0,34.0,25.0,35.0,36.0,34.0,32.0,18.0,39.0,36.0,30.0,20.0,27.0,34.0,46.0,39.0,35.0,40.0,36.0,38.0,24.0
