10,50,1000
19.923316,19.339429,19.079678,17.156331,18.638047,18.82281,17.838307,18.540623,17.887661,17.019655
7.960165,6.470618,9.574378,6.661233,9.021191,7.002614,5.124354,8.793681,7.551069,9.253335
0.0,10.0,20.0,30.0,40.0,50.0,60.0,70.0,80.0,90.0
10.0,0.0,10.0,20.0,30.0,40.0,50.0,60.0,70.0,80.0
20.0,10.0,0.0,10.0,20.0,30.0,40.0,50.0,60.0,70.0
30.0,20.0,10.0,0.0,10.0,20.0,30.0,40.0,50.0,60.0
40.0,30.0,20.0,10.0,0.0,10.0,20.0,30.0,40.0,50.0
50.0,40.0,30.0,20.0,10.0,0.0,10.0,20.0,30.0,40.0
60.0,50.0,40.0,30.0,20.0,10.0,0.0,10.0,20.0,30.0
70.0,60.0,50.0,40.0,30.0,20.0,10.0,0.0,10.0,20.0
80.0,70.0,60.0,50.0,40.0,30.0,20.0,10.0,0.0,10.0
90.0,80.0,70.0,60.0,50.0,40.0,30.0,20.0,10.0,0.0
450.0,400.0,350.0,300.0,250.0,250.0,300.0,350.0,400.0,450.0
0.0,1.0,2.0,3.0,4.0,5.0,6.0,7.0,8.0,9.0
1.0,0.0,1.0,2.0,3.0,4.0,5.0,6.0,7.0,8.0
2.0,1.0,0.0,1.0,2.0,3.0,4.0,5.0,6.0,7.0
3.0,2.0,1.0,0.0,1.0,2.0,3.0,4.0,5.0,6.0
4.0,3.0,2.0,1.0,0.0,1.0,2.0,3.0,4.0,5.0
5.0,4.0,3.0,2.0,1.0,0.0,1.0,2.0,3.0,4.0
6.0,5.0,4.0,3.0,2.0,1.0,0.0,1.0,2.0,3.0
7.0,6.0,5.0,4.0,3.0,2.0,1.0,0.0,1.0,2.0
8.0,7.0,6.0,5.0,4.0,3.0,2.0,1.0,0.0,1.0
9.0,8.0,7.0,6.0,5.0,4.0,3.0,2.0,1.0,0.0
45.0,40.0,35.0,30.0,25.0,25.0,30.0,35.0,40.0,45.0
27.0,29.0,41.0,27.0,31.0,33.0,28.0,32.0,29.0,32.0,28.0,21.0,27.0,37.0,27.0,43.0,35.0,18.0,38.0,27.0,36.0,36.0,37.0,27.0,36.0,36.0,26.0,21.0,25.0,47.0,39.0,36.0,35.0,27.0,24.0,29.0,31.0,31.0,37.0,31.0,25.0,26.0,38.0,35.0,37.0,37.0,35.0,26.0,41.0,21.0
21.0,28.0,34.0,25.0,38.0,26.0,20.0,30.0,29.0,31.0,22.0,32.0,24.0,21.0,27.0,27.0,21.0,28.0,27.0,32.0,33.0,31.0,40.0,30.0,11.0,31.0,36.0,29.0,22.0,28.0,26.0,24.0,25.0,20.0,27.0,28.0,16.0,27.0,21.0,40.0,19.0,25.0,22.0,21.0,37.0,16.0,31.0,27.0,31.0,29.0
35.0,38.0,50.0,42.0,30.0,37.0,35.0,38.0,35.0,35.0,37.0,45.0,41.0,40.0,47.0,24.0,30.0,31.0,38.0,35.0,33.0,41.0,27.0,29.0,37.0,46.0,38.0,38.0,41.0,30.0,30.0,34.0,43.0,47.0,43.0,52.0,34.0,37.0,34.0,34.0,35.0,39.0,37.0,34.0,32.0,23.0,38.0,29.0,42.0,37.0
24.0,21.0,29.0,34.0,21.0,21.0,20.0,16.0,29.0,29.0,24.0,30.0,31.0,22.0,29.0,25.0,22.0,26.0,23.0,19.0,25.0,19.0,28.0,26.0,29.0,26.0,24.0,19.0,34.0,24.0,23.0,29.0,33.0,33.0,31.0,23.0,18.0,24.0,23.0,23.0,21.0,25.0,22.0,26.0,20.0,28.0,25.0,27.0,28.0,31.0
39.0,33.0,47.0,35.0,31.0,39.0,32.0,46.0,34.0,43.0,30.0,27.0,41.0,30.0,33.0,34.0,29.0,28.0,35.0,33.0,44.0,28.0,28.0,27.0,42.0,22.0,34.0,39.0,33.0,28.0,36.0,30.0,26.0,38.0,45.0,30.0,32.0,32.0,32.0,29.0,41.0,31.0,36.0,32.0,38.0,32.0,37.0,31.0,29.0,32.0
26.0,24.0,26.0,28.0,25.0,24.0,30.0,33.0,33.0,31.0,28.0,37.0,24.0,33.0,33.0,26.0,25.0,25.0,27.0,32.0,29.0,31.0,35.0,25.0,24.0,20.0,24.0,34.0,40.0,23.0,26.0,23.0,29.0,18.0,34.0,38.0,39.0,29.0,26.0,27.0,35.0,24.0,29.0,28.0,28.0,33.0,33.0,22.0,29.0,27.0
19.0,17.0,18.0,12.0,13.0,23.0,19.0,20.0,17.0,20.0,17.0,15.0,19.0,18.0,22.0,16.0,23.0,21.0,21.0,22.0,22.0,24.0,16.0,19.0,13.0,24.0,15.0,24.0,21.0,22.0,15.0,23.0,14.0,21.0,25.0,21.0,25.0,12.0,21.0,29.0,19.0,11.0,19.0,22.0,28.0,25.0,26.0,20.0,27.0,23.0
25.0,37.0,30.0,26.0,27.0,23.0,33.0,30.0,35.0,37.0,36.0,32.0,44.0,35.0,30.0,35.0,46.0,35.0,24.0,35.0,29.0,27.0,30.0,44.0,36.0,39.0,23.0,38.0,42.0,38.0,34.0,36.0,26.0,25.0,34.0,29.0,34.0,29.0,34.0,18.0,33.0,39.0,39.0,30.0,27.0,25.0,34.0,34.0,25.0,39.0
35.0,38.0,34.0,32.0,27.0,28.0,37.0,33.0,20.0,32.0,25.0,30.0,32.0,29.0,21.0,28.0,28.0,36.0,31.0,27.0,34.0,29.0,28.0,26.0,28.0,34.0,22.0,27.0,36.0,28.0,31.0,29.0,29.0,29.0,30.0,30.0,30.0,24.0,31.0,25.0,29.0,30.0,23.0,22.0,29.0,35.0,27.0,32.0,35.0,24.0
42.0,35.0,34.0,39.0,33.0,37.0,36.0,38.0,32.0,38.0,38.0,41.0,37.0,34.0,48.0,27.0,28.0,36.0,35.0,26.0,37.0,31.0,33.0,33.0,38.0,43.0,38.0,24.0,38.0,43.0,55.0,49.0,38.0,28.0,34.0,41.0,25.0,31.0,38.0,29.0,35.0,27.0,40.0,33.0,29.0,43.0,30.0,37.0,44.0,32.0
