10,50,1000
18.710308,18.523888,15.851096,18.669929,18.610341,18.135257,19.796313,18.079234,17.308141,17.912341
7.706418,5.663599,9.656791,5.473759,9.683441,5.196729,5.629228,6.537295,9.745647,5.679804
0.0,10.0,20.0,30.0,40.0,50.0,60.0,70.0,80.0,90.0
10.0,0.0,10.0,20.0,30.0,40.0,50.0,60.0,70.0,80.0
20.0,10.0,0.0,10.0,20.0,30.0,40.0,50.0,60.0,70.0
30.0,20.0,10.0,0.0,10.0,20.0,30.0,40.0,50.0,60.0
40.0,30.0,20.0,10.0,0.0,10.0,20.0,30.0,40.0,50.0
50.0,40.0,30.0,20.0,10.0,0.0,10.0,20.0,30.0,40.0
60.0,50.0,40.0,30.0,20.0,10.0,0.0,10.0,20.0,30.0
70.0,60.0,50.0,40.0,30.0,20.0,10.0,0.0,10.0,20.0
80.0,70.0,60.0,50.0,40.0,30.0,20.0,10.0,0.0,10.0
90.0,80.0,70.0,60.0,50.0,40.0,30.0,20.0,10.0,0.0
450.0,400.0,350.0,300.0,250.0,250.0,300.0,350.0,400.0,450.0
0.0,1.0,2.0,3.0,4.0,5.0,6.0,7.0,8.0,9.0
1.0,0.0,1.0,2.0,3.0,4.0,5.0,6.0,7.0,8.0
2.0,1.0,0.0,1.0,2.0,3.0,4.0,5.0,6.0,7.0
3.0,2.0,1.0,0.0,1.0,2.0,3.0,4.0,5.0,6.0
4.0,3.0,2.0,1.0,0.0,1.0,2.0,3.0,4.0,5.0
5.0,4.0,3.0,2.0,1.0,0.0,1.0,2.0,3.0,4.0
6.0,5.0,4.0,3.0,2.0,1.0,0.0,1.0,2.0,3.0
7.0,6.0,5.0,4.0,3.0,2.0,1.0,0.0,1.0,2.0
8.0,7.0,6.0,5.0,4.0,3.0,2.0,1.0,0.0,1.0
9.0,8.0,7.0,6.0,5.0,4.0,3.0,2.0,1.0,0.0
45.0,40.0,35.0,30.0,25.0,25.0,30.0,35.0,40.0,45.0
29.0,19.0,28.0,32.0,28.0,29.0,32.0,22.0,26.0,35.0,21.0,27.0,40.0,28.0,26.0,24.0,30.0,30.0,21.0,34.0,28.0,30.0,37.0,31.0,29.0,22.0,28.0,35.0,31.0,22.0,22.0,32.0,32.0,27.0,37.0,31.0,26.0,31.0,31.0,31.0,28.0,22.0,38.0,30.0,26.0,29.0,26.0,19.0,36.0,29.0
20.0,18.0,28.0,19.0,23.0,23.0,26.0,25.0,24.0,26.0,27.0,29.0,24.0,24.0,22.0,24.0,18.0,22.0,28.0,29.0,34.0,20.0,24.0,17.0,20.0,18.0,29.0,27.0,30.0,15.0,18.0,20.0,22.0,23.0,32.0,22.0,33.0,22.0,18.0,37.0,12.0,20.0,31.0,23.0,20.0,27.0,32.0,19.0,21.0,24.0
27.0,34.0,33.0,37.0,33.0,31.0,35.0,37.0,38.0,28.0,36.0,26.0,34.0,34.0,35.0,33.0,53.0,32.0,26.0,41.0,32.0,29.0,44.0,33.0,36.0,35.0,40.0,32.0,42.0,30.0,44.0,30.0,28.0,37.0,42.0,44.0,40.0,40.0,48.0,42.0,38.0,40.0,33.0,29.0,27.0,40.0,33.0,26.0,31.0,27.0
13.0,23.0,18.0,20.0,22.0,24.0,24.0,20.0,21.0,25.0,18.0,17.0,29.0,20.0,16.0,28.0,25.0,25.0,24.0,26.0,15.0,26.0,26.0,20.0,25.0,23.0,30.0,22.0,28.0,21.0,21.0,20.0,18.0,32.0,18.0,23.0,38.0,27.0,27.0,27.0,21.0,27.0,23.0,20.0,22.0,20.0,23.0,25.0,27.0,22.0
32.0,41.0,40.0,31.0,31.0,31.0,30.0,42.0,31.0,32.0,39.0,38.0,34.0,39.0,40.0,48.0,37.0,34.0,33.0,31.0,43.0,41.0,40.0,39.0,38.0,33.0,34.0,47.0,37.0,39.0,40.0,40.0,28.0,31.0,37.0,39.0,38.0,44.0,32.0,36.0,38.0,36.0,25.0,37.0,30.0,26.0,39.0,39.0,38.0,47.0
22.0,21.0,22.0,17.0,35.0,17.0,14.0,24.0,17.0,17.0,31.0,23.0,20.0,36.0,27.0,25.0,21.0,21.0,31.0,20.0,29.0,28.0,21.0,17.0,19.0,22.0,21.0,17.0,28.0,19.0,28.0,24.0,25.0,15.0,20.0,24.0,18.0,16.0,24.0,14.0,27.0,20.0,21.0,18.0,29.0,26.0,24.0,30.0,20.0,22.0
29.0,24.0,28.0,23.0,21.0,28.0,20.0,23.0,28.0,25.0,22.0,28.0,35.0,22.0,18.0,21.0,32.0,31.0,27.0,30.0,34.0,27.0,27.0,25.0,26.0,25.0,19.0,22.0,31.0,31.0,26.0,24.0,24.0,29.0,21.0,18.0,28.0,23.0,23.0,23.0,34.0,25.0,15.0,24.0,30.0,23.0,24.0,16.0,18.0,21.0
29.0,30.0,27.0,16.0,23.0,33.0,22.0,31.0,30.0,26.0,21.0,25.0,38.0,26.0,33.0,33.0,26.0,27.0,19.0,24.0,35.0,28.0,27.0,18.0,29.0,26.0,22.0,27.0,20.0,32.0,19.0,32.0,30.0,21.0,29.0,24.0,34.0,36.0,26.0,26.0,31.0,29.0,22.0,29.0,17.0,27.0,23.0,24.0,28.0,28.0
33.0,34.0,31.0,29.0,37.0,36.0,33.0,33.0,42.0,46.0,36.0,30.0,32.0,46.0,34.0,29.0,43.0,42.0,32.0,31.0,36.0,31.0,37.0,31.0,37.0,39.0,34.0,32.0,37.0,34.0,40.0,23.0,35.0,40.0,46.0,34.0,38.0,30.0,44.0,27.0,32.0,49.0,30.0,33.0,43.0,37.0,47.0,34.0,37.0,39.0
27.0,35.0,23.0,15.0,13.0,26.0,26.0,25.0,30.0,32.0,25.0,22.0,27.0,23.0,22.0,18.0,22.0,36.0,27.0,31.0,21.0,20.0,21.0,35.0,23.0,30.0,20.0,32.0,30.0,22.0,21.0,15.0,23.0,25.0,26.0,24.0,25.0,21.0,23.0,21.0,25.0,20.0,29.0,25.0,23.0,29.0,22.0,22.0,27.0,23.0
