10,50,1000
15.382292,17.052375,16.934561,19.704958,18.093476,18.705318,15.737884,19.343286,15.45483,17.382403
9.639341,5.239107,9.922068,7.729882,5.210992,6.897416,8.033495,6.262768,5.316326,8.574412
0.0,10.0,20.0,30.0,40.0,50.0,60.0,70.0,80.0,90.0
10.0,0.0,10.0,20.0,30.0,40.0,50.0,60.0,70.0,80.0
20.0,10.0,0.0,10.0,20.0,30.0,40.0,50.0,60.0,70.0
30.0,20.0,10.0,0.0,10.0,20.0,30.0,40.0,50.0,60.0
40.0,30.0,20.0,10.0,0.0,10.0,20.0,30.0,40.0,50.0
50.0,40.0,30.0,20.0,10.0,0.0,10.0,20.0,30.0,40.0
60.0,50.0,40.0,30.0,20.0,10.0,0.0,10.0,20.0,30.0
70.0,60.0,50.0,40.0,30.0,20.0,10.0,0.0,10.0,20.0
80.0,70.0,60.0,50.0,40.0,30.0,20.0,10.0,0.0,10.0
90.0,80.0,70.0,60.0,50.0,40.0,30.0,20.0,10.0,0.0
450.0,400.0,350.0,300.0,250.0,250.0,300.0,350.0,400.0,450.0
0.0,1.0,2.0,3.0,4.0,5.0,6.0,7.0,8.0,9.0
1.0,0.0,1.0,2.0,3.0,4.0,5.0,6.0,7.0,8.0
2.0,1.0,0.0,1.0,2.0,3.0,4.0,5.0,6.0,7.0
3.0,2.0,1.0,0.0,1.0,2.0,3.0,4.0,5.0,6.0
4.0,3.0,2.0,1.0,0.0,1.0,2.0,3.0,4.0,5.0
5.0,4.0,3.0,2.0,1.0,0.0,1.0,2.0,3.0,4.0
6.0,5.0,4.0,3.0,2.0,1.0,0.0,1.0,2.0,3.0
7.0,6.0,5.0,4.0,3.0,2.0,1.0,0.0,1.0,2.0
8.0,7.0,6.0,5.0,4.0,3.0,2.0,1.0,0.0,1.0
9.0,8.0,7.0,6.0,5.0,4.0,3.0,2.0,1.0,0.0
45.0,40.0,35.0,30.0,25.0,25.0,30.0,35.0,40.0,45.0
33.0,32.0,44.0,35.0,34.0,34.0,33.0,43.0,39.0,32.0,31.0,35.0,39.0,34.0,25.0,33.0,42.0,32.0,39.0,24.0,39.0,36.0,41.0,40.0,30.0,31.0,40.0,27.0,32.0,34.0,42.0,29.0,31.0,33.0,30.0,36.0,28.0,34.0,36.0,39.0,28.0,27.0,37.0,28.0,33.0,34.0,31.0,44.0,33.0,43.0
23.0,19.0,20.0,17.0,25.0,26.0,14.0,21.0,15.0,27.0,25.0,20.0,20.0,23.0,22.0,22.0,21.0,25.0,14.0,21.0,25.0,20.0,19.0,38.0,16.0,26.0,23.0,22.0,22.0,24.0,17.0,21.0,14.0,24.0,22.0,20.0,11.0,15.0,21.0,29.0,15.0,21.0,20.0,18.0,21.0,27.0,13.0,18.0,25.0,21.0
40.0,35.0,43.0,46.0,36.0,33.0,36.0,31.0,34.0,40.0,37.0,41.0,32.0,39.0,43.0,41.0,32.0,42.0,38.0,32.0,33.0,51.0,39.0,41.0,42.0,38.0,38.0,34.0,40.0,45.0,32.0,34.0,40.0,39.0,34.0,39.0,46.0,24.0,34.0,44.0,29.0,26.0,39.0,28.0,50.0,41.0,33.0,36.0,53.0,41.0
34.0,26.0,28.0,24.0,29.0,22.0,41.0,37.0,24.0,31.0,22.0,30.0,28.0,31.0,23.0,27.0,26.0,32.0,34.0,29.0,24.0,26.0,23.0,21.0,27.0,32.0,39.0,21.0,36.0,25.0,31.0,29.0,38.0,25.0,37.0,30.0,27.0,30.0,28.0,22.0,32.0,29.0,40.0,26.0,22.0,23.0,29.0,20.0,34.0,29.0
25.0,23.0,18.0,25.0,25.0,27.0,19.0,16.0,24.0,23.0,27.0,31.0,14.0,23.0,22.0,24.0,22.0,30.0,20.0,19.0,23.0,14.0,22.0,19.0,18.0,20.0,19.0,26.0,19.0,24.0,21.0,22.0,16.0,26.0,30.0,17.0,20.0,18.0,20.0,21.0,26.0,23.0,26.0,15.0,19.0,21.0,21.0,20.0,21.0,27.0
30.0,26.0,28.0,32.0,21.0,33.0,32.0,28.0,26.0,27.0,22.0,28.0,34.0,36.0,30.0,30.0,23.0,19.0,31.0,30.0,22.0,20.0,34.0,28.0,24.0,19.0,30.0,23.0,28.0,28.0,26.0,27.0,30.0,23.0,29.0,23.0,25.0,23.0,32.0,28.0,22.0,43.0,33.0,28.0,25.0,32.0,30.0,33.0,16.0,31.0
34.0,36.0,33.0,40.0,31.0,37.0,31.0,33.0,33.0,22.0,28.0,33.0,32.0,29.0,33.0,26.0,25.0,29.0,26.0,32.0,32.0,33.0,34.0,33.0,33.0,27.0,26.0,34.0,24.0,28.0,38.0,23.0,37.0,39.0,24.0,26.0,29.0,37.0,42.0,19.0,29.0,28.0,38.0,37.0,38.0,37.0,23.0,36.0,32.0,30.0
21.0,18.0,24.0,31.0,19.0,35.0,29.0,28.0,20.0,25.0,27.0,27.0,27.0,22.0,25.0,15.0,32.0,18.0,22.0,29.0,24.0,33.0,18.0,24.0,29.0,26.0,27.0,29.0,27.0,28.0,25.0,21.0,22.0,24.0,22.0,23.0,26.0,21.0,35.0,18.0,25.0,24.0,20.0,28.0,29.0,25.0,25.0,20.0,31.0,35.0
28.0,19.0,15.0,21.0,19.0,23.0,17.0,15.0,11.0,28.0,17.0,25.0,25.0,28.0,29.0,19.0,27.0,18.0,26.0,26.0,15.0,23.0,24.0,23.0,21.0,12.0,29.0,21.0,20.0,17.0,24.0,19.0,19.0,24.0,22.0,26.0,24.0,23.0,26.0,20.0,20.0,17.0,25.0,27.0,21.0,23.0,15.0,22.0,16.0,29.0
31.0,28.0,29.0,28.0,27.0,31.0,32.0,37.0,36.0,32.0,20.0,44.0,28.0,30.0,27.0,29.0,41.0,24.0,31.0,26.0,31.0,27.0,30.0,30.0,35.0,37.0,42.0,33.0,26.0,36.0,43.0,35.0,35.0,39.0,36.0,40.0,30.0,26.0,28.0,33.0,34.0,39.0,35.0,31.0,38.0,40.0,36.0,33.0,30.0,41.0
