10,50,1000
19.663099,16.791827,17.661233,16.879612,18.328955,18.681296,15.360274,19.04246,15.893957,18.309979
5.127463,7.737215,7.911814,8.664267,6.395509,8.012311,5.011928,9.382007,9.011674,7.778607
0.0,10.0,20.0,30.0,40.0,50.0,60.0,70.0,80.0,90.0
10.0,0.0,10.0,20.0,30.0,40.0,50.0,60.0,70.0,80.0
20.0,10.0,0.0,10.0,20.0,30.0,40.0,50.0,60.0,70.0
30.0,20.0,10.0,0.0,10.0,20.0,30.0,40.0,50.0,60.0
40.0,30.0,20.0,10.0,0.0,10.0,20.0,30.0,40.0,50.0
50.0,40.0,30.0,20.0,10.0,0.0,10.0,20.0,30.0,40.0
60.0,50.0,40.0,30.0,20.0,10.0,0.0,10.0,20.0,30.0
70.0,60.0,50.0,40.0,30.0,20.0,10.0,0.0,10.0,20.0
80.0,70.0,60.0,50.0,40.0,30.0,20.0,10.0,0.0,10.0
90.0,80.0,70.0,60.0,50.0,40.0,30.0,20.0,10.0,0.0
450.0,400.0,350.0,300.0,250.0,250.0,300.0,350.0,400.0,450.0
0.0,1.0,2.0,3.0,4.0,5.0,6.0,7.0,8.0,9.0
1.0,0.0,1.0,2.0,3.0,4.0,5.0,6.0,7.0,8.0
2.0,1.0,0.0,1.0,2.0,3.0,4.0,5.0,6.0,7.0
3.0,2.0,1.0,0.0,1.0,2.0,3.0,4.0,5.0,6.0
4.0,3.0,2.0,1.0,0.0,1.0,2.0,3.0,4.0,5.0
5.0,4.0,3.0,2.0,1.0,0.0,1.0,2.0,3.0,4.0
6.0,5.0,4.0,3.0,2.0,1.0,0.0,1.0,2.0,3.0
7.0,6.0,5.0,4.0,3.0,2.0,1.0,0.0,1.0,2.0
8.0,7.0,6.0,5.0,4.0,3.0,2.0,1.0,0.0,1.0
9.0,8.0,7.0,6.0,5.0,4.0,3.0,2.0,1.0,0.0
45.0,40.0,35.0,30.0,25.0,25.0,30.0,35.0,40.0,45.0
25.0,26.0,20.0,19.0,24.0,12.0,20.0,23.0,19.0,25.0,21.0,28.0,21.0,23.0,31.0,21.0,34.0,14.0,33.0,23.0,17.0,11.0,22.0,32.0,20.0,16.0,20.0,17.0,27.0,15.0,21.0,16.0,25.0,30.0,22.0,29.0,13.0,24.0,20.0,25.0,22.0,17.0,21.0,23.0,29.0,23.0,24.0,22.0,24.0,21.0
21.0,24.0,38.0,26.0,32.0,17.0,26.0,35.0,31.0,33.0,35.0,25.0,30.0,29.0,32.0,26.0,26.0,19.0,18.0,37.0,21.0,24.0,37.0,29.0,19.0,31.0,32.0,31.0,22.0,30.0,24.0,25.0,24.0,26.0,33.0,25.0,23.0,30.0,41.0,31.0,20.0,25.0,24.0,24.0,44.0,25.0,34.0,30.0,31.0,28.0
21.0,32.0,31.0,33.0,36.0,27.0,24.0,34.0,27.0,33.0,15.0,36.0,25.0,31.0,31.0,21.0,42.0,30.0,28.0,36.0,23.0,30.0,32.0,29.0,31.0,26.0,33.0,32.0,25.0,26.0,32.0,29.0,41.0,26.0,36.0,37.0,33.0,27.0,32.0,38.0,31.0,23.0,27.0,28.0,25.0,42.0,33.0,39.0,25.0,29.0
30.0,31.0,33.0,33.0,35.0,30.0,29.0,31.0,21.0,37.0,32.0,22.0,37.0,32.0,28.0,33.0,32.0,31.0,36.0,41.0,38.0,33.0,30.0,43.0,30.0,25.0,27.0,36.0,34.0,32.0,35.0,37.0,27.0,28.0,35.0,38.0,35.0,28.0,31.0,41.0,44.0,30.0,33.0,26.0,41.0,27.0,37.0,32.0,28.0,33.0
30.0,21.0,25.0,28.0,26.0,21.0,32.0,27.0,33.0,27.0,24.0,25.0,23.0,25.0,30.0,29.0,20.0,19.0,23.0,35.0,24.0,33.0,31.0,24.0,33.0,19.0,26.0,22.0,26.0,21.0,35.0,28.0,27.0,25.0,25.0,29.0,16.0,29.0,25.0,25.0,25.0,27.0,43.0,25.0,33.0,24.0,27.0,21.0,31.0,17.0
34.0,34.0,27.0,28.0,36.0,29.0,34.0,35.0,27.0,38.0,27.0,40.0,33.0,39.0,42.0,30.0,30.0,28.0,28.0,30.0,26.0,24.0,31.0,36.0,31.0,26.0,31.0,37.0,36.0,40.0,33.0,28.0,34.0,47.0,30.0,26.0,39.0,29.0,26.0,25.0,30.0,25.0,38.0,18.0,31.0,27.0,34.0,22.0,39.0,28.0
23.0,17.0,16.0,24.0,19.0,20.0,19.0,19.0,19.0,20.0,18.0,21.0,19.0,21.0,20.0,14.0,18.0,19.0,18.0,23.0,26.0,17.0,22.0,16.0,21.0,18.0,25.0,21.0,20.0,20.0,19.0,16.0,15.0,17.0,24.0,22.0,14.0,24.0,21.0,18.0,15.0,19.0,22.0,16.0,19.0,20.0,19.0,23.0,16.0,24.0
45.0,42.0,34.0,29.0,38.0,30.0,38.0,42.0,33.0,22.0,32.0,26.0,37.0,42.0,31.0,25.0,39.0,35.0,34.0,38.0,28.0,37.0,25.0,35.0,47.0,29.0,31.0,31.0,26.0,46.0,34.0,40.0,26.0,37.0,32.0,41.0,42.0,25.0,30.0,39.0,31.0,32.0,34.0,31.0,35.0,31.0,38.0,30.0,35.0,27.0
25.0,33.0,37.0,27.0,27.0,36.0,23.0,24.0,28.0,36.0,31.0,37.0,35.0,24.0,27.0,29.0,36.0,44.0,29.0,37.0,37.0,27.0,37.0,30.0,30.0,42.0,36.0,30.0,33.0,35.0,26.0,27.0,28.0,35.0,35.0,34.0,38.0,34.0,29.0,25.0,33.0,43.0,37.0,38.0,31.0,30.0,25.0,33.0,37.0,29.0
25.0,35.0,31.0,30.0,29.0,33.0,30.0,26.0,36.0,31.0,28.0,29.0,22.0,40.0,33.0,30.0,30.0,30.0,37.0,26.0,24.0,36.0,23.0,37.0,26.0,24.0,23.0,35.0,30.0,22.0,36.0,31.0,36.0,39.0,25.0,30.0,39.0,30.0,26.0,38.0,20.0,35.0,36.0,41.0,31.0,32.0,27.0,35.0,30.0,30.0
