10,50,1000
18.006429,19.350932,18.194399,15.73748,17.534274,17.56963,15.253992,15.547705,15.73639,16.515735
5.622406,5.95184,5.931916,7.298928,9.757599,7.262478,6.761406,9.383605,8.564634,8.786117
0.0,10.0,20.0,30.0,40.0,50.0,60.0,70.0,80.0,90.0
10.0,0.0,10.0,20.0,30.0,40.0,50.0,60.0,70.0,80.0
20.0,10.0,0.0,10.0,20.0,30.0,40.0,50.0,60.0,70.0
30.0,20.0,10.0,0.0,10.0,20.0,30.0,40.0,50.0,60.0
40.0,30.0,20.0,10.0,0.0,10.0,20.0,30.0,40.0,50.0
50.0,40.0,30.0,20.0,10.0,0.0,10.0,20.0,30.0,40.0
60.0,50.0,40.0,30.0,20.0,10.0,0.0,10.0,20.0,30.0
70.0,60.0,50.0,40.0,30.0,20.0,10.0,0.0,10.0,20.0
80.0,70.0,60.0,50.0,40.0,30.0,20.0,10.0,0.0,10.0
90.0,80.0,70.0,60.0,50.0,40.0,30.0,20.0,10.0,0.0
450.0,400.0,350.0,300.0,250.0,250.0,300.0,350.0,400.0,450.0
0.0,1.0,2.0,3.0,4.0,5.0,6.0,7.0,8.0,9.0
1.0,0.0,1.0,2.0,3.0,4.0,5.0,6.0,7.0,8.0
2.0,1.0,0.0,1.0,2.0,3.0,4.0,5.0,6.0,7.0
3.0,2.0,1.0,0.0,1.0,2.0,3.0,4.0,5.0,6.0
4.0,3.0,2.0,1.0,0.0,1.0,2.0,3.0,4.0,5.0
5.0,4.0,3.0,2.0,1.0,0.0,1.0,2.0,3.0,4.0
6.0,5.0,4.0,3.0,2.0,1.0,0.0,1.0,2.0,3.0
7.0,6.0,5.0,4.0,3.0,2.0,1.0,0.0,1.0,2.0
8.0,7.0,6.0,5.0,4.0,3.0,2.0,1.0,0.0,1.0
9.0,8.0,7.0,6.0,5.0,4.0,3.0,2.0,1.0,0.0
45.0,40.0,35.0,30.0,25.0,25.0,30.0,35.0,40.0,45.0
18.0,17.0,30.0,18.0,23.0,20.0,24.0,25.0,18.0,26.0,19.0,33.0,27.0,25.0,16.0,18.0,26.0,26.0,39.0,17.0,18.0,27.0,23.0,24.0,25.0,21.0,27.0,31.0,14.0,30.0,27.0,23.0,25.0,29.0,24.0,25.0,26.0,27.0,20.0,23.0,26.0,22.0,18.0,21.0,25.0,20.0,23.0,18.0,18.0,22.0
29.0,21.0,36.0,24.0,22.0,26.0,33.0,25.0,25.0,29.0,28.0,32.0,22.0,25.0,23.0,31.0,18.0,27.0,23.0,21.0,19.0,15.0,33.0,28.0,27.0,28.0,27.0,13.0,20.0,20.0,21.0,26.0,11.0,26.0,27.0,29.0,30.0,27.0,24.0,20.0,17.0,24.0,30.0,26.0,24.0,11.0,18.0,27.0,25.0,30.0
19.0,24.0,29.0,12.0,21.0,34.0,22.0,28.0,24.0,21.0,32.0,31.0,21.0,17.0,32.0,24.0,26.0,25.0,27.0,29.0,15.0,20.0,25.0,23.0,22.0,28.0,20.0,27.0,24.0,24.0,28.0,35.0,21.0,28.0,21.0,23.0,21.0,24.0,16.0,26.0,26.0,20.0,22.0,27.0,33.0,24.0,20.0,24.0,23.0,17.0
19.0,18.0,25.0,30.0,34.0,25.0,29.0,24.0,21.0,21.0,21.0,25.0,34.0,30.0,25.0,21.0,26.0,32.0,27.0,25.0,29.0,30.0,20.0,36.0,29.0,27.0,23.0,22.0,41.0,27.0,21.0,32.0,29.0,16.0,32.0,22.0,36.0,24.0,34.0,30.0,34.0,18.0,35.0,31.0,29.0,25.0,35.0,31.0,38.0,29.0
40.0,42.0,34.0,34.0,41.0,27.0,29.0,33.0,48.0,37.0,39.0,28.0,35.0,36.0,45.0,40.0,35.0,35.0,44.0,37.0,30.0,33.0,31.0,30.0,34.0,37.0,29.0,36.0,45.0,47.0,41.0,31.0,45.0,32.0,27.0,27.0,38.0,37.0,45.0,32.0,34.0,29.0,36.0,27.0,41.0,27.0,34.0,33.0,29.0,34.0
28.0,39.0,31.0,27.0,30.0,30.0,33.0,21.0,27.0,33.0,27.0,34.0,27.0,34.0,27.0,34.0,31.0,30.0,24.0,34.0,38.0,25.0,22.0,30.0,21.0,30.0,21.0,29.0,33.0,24.0,29.0,28.0,22.0,27.0,32.0,29.0,23.0,25.0,23.0,26.0,25.0,29.0,25.0,33.0,20.0,33.0,23.0,23.0,20.0,33.0
28.0,19.0,19.0,28.0,30.0,23.0,23.0,22.0,19.0,28.0,34.0,25.0,27.0,32.0,28.0,31.0,19.0,32.0,25.0,24.0,27.0,24.0,31.0,28.0,31.0,31.0,25.0,12.0,22.0,26.0,20.0,23.0,22.0,32.0,35.0,30.0,24.0,20.0,24.0,33.0,25.0,24.0,27.0,30.0,25.0,24.0,30.0,29.0,24.0,34.0
31.0,24.0,28.0,40.0,28.0,39.0,28.0,42.0,24.0,32.0,29.0,35.0,25.0,43.0,38.0,39.0,37.0,43.0,33.0,45.0,44.0,31.0,27.0,29.0,37.0,36.0,30.0,27.0,32.0,37.0,35.0,40.0,27.0,22.0,32.0,38.0,38.0,38.0,41.0,28.0,32.0,24.0,33.0,27.0,41.0,35.0,34.0,33.0,38.0,41.0
33.0,28.0,38.0,27.0,29.0,29.0,28.0,49.0,39.0,28.0,36.0,25.0,27.0,25.0,35.0,26.0,21.0,25.0,26.0,28.0,35.0,33.0,20.0,28.0,31.0,33.0,36.0,24.0,23.0,26.0,34.0,31.0,32.0,30.0,32.0,33.0,23.0,32.0,31.0,39.0,27.0,38.0,39.0,37.0,33.0,29.0,31.0,26.0,33.0,25.0
33.0,28.0,45.0,36.0,33.0,43.0,25.0,30.0,37.0,34.0,20.0,37.0,26.0,33.0,33.0,32.0,46.0,37.0,42.0,34.0,31.0,39.0,30.0,41.0,32.0,37.0,29.0,34.0,41.0,30.0,21.0,27.0,40.0,33.0,27.0,40.0,33.0,40.0,25.0,35.0,31.0,29.0,35.0,31.0,35.0,32.0,36.0,33.0,37.0,39.0
