10,50,1000
19.138071,17.549051,17.700078,19.470889,19.942488,18.620254,15.867377,15.010874,19.123291,19.483811
7.058723,8.913226,7.098415,9.838369,5.356315,9.947987,5.434697,5.468562,8.672207,8.258073
0.0,10.0,20.0,30.0,40.0,50.0,60.0,70.0,80.0,90.0
10.0,0.0,10.0,20.0,30.0,40.0,50.0,60.0,70.0,80.0
20.0,10.0,0.0,10.0,20.0,30.0,40.0,50.0,60.0,70.0
30.0,20.0,10.0,0.0,10.0,20.0,30.0,40.0,50.0,60.0
40.0,30.0,20.0,10.0,0.0,10.0,20.0,30.0,40.0,50.0
50.0,40.0,30.0,20.0,10.0,0.0,10.0,20.0,30.0,40.0
60.0,50.0,40.0,30.0,20.0,10.0,0.0,10.0,20.0,30.0
70.0,60.0,50.0,40.0,30.0,20.0,10.0,0.0,10.0,20.0
80.0,70.0,60.0,50.0,40.0,30.0,20.0,10.0,0.0,10.0
90.0,80.0,70.0,60.0,50.0,40.0,30.0,20.0,10.0,0.0
450.0,400.0,350.0,300.0,250.0,250.0,300.0,350.0,400.0,450.0
0.0,1.0,2.0,3.0,4.0,5.0,6.0,7.0,8.0,9.0
1.0,0.0,1.0,2.0,3.0,4.0,5.0,6.0,7.0,8.0
2.0,1.0,0.0,1.0,2.0,3.0,4.0,5.0,6.0,7.0
3.0,2.0,1.0,0.0,1.0,2.0,3.0,4.0,5.0,6.0
4.0,3.0,2.0,1.0,0.0,1.0,2.0,3.0,4.0,5.0
5.0,4.0,3.0,2.0,1.0,0.0,1.0,2.0,3.0,4.0
6.0,5.0,4.0,3.0,2.0,1.0,0.0,1.0,2.0,3.0
7.0,6.0,5.0,4.0,3.0,2.0,1.0,0.0,1.0,2.0
8.0,7.0,6.0,5.0,4.0,3.0,2.0,1.0,0.0,1.0
9.0,8.0,7.0,6.0,5.0,4.0,3.0,2.0,1.0,0.0
45.0,40.0,35.0,30.0,25.0,25.0,30.0,35.0,40.0,45.0
26.0,24.0,32.0,25.0,23.0,21.0,36.0,19.0,27.0,20.0,22.0,23.0,29.0,27.0,27.0,28.0,30.0,24.0,32.0,26.0,31.0,26.0,34.0,26.0,45.0,30.0,34.0,19.0,22.0,24.0,24.0,27.0,28.0,23.0,23.0,27.0,26.0,29.0,28.0,27.0,32.0,33.0,26.0,24.0,26.0,33.0,27.0,23.0,28.0,25.0
31.0,34.0,33.0,34.0,26.0,26.0,34.0,24.0,41.0,33.0,37.0,21.0,29.0,31.0,30.0,34.0,30.0,28.0,31.0,39.0,30.0,34.0,36.0,33.0,31.0,28.0,28.0,42.0,32.0,22.0,32.0,33.0,34.0,27.0,35.0,40.0,29.0,33.0,39.0,46.0,32.0,36.0,27.0,32.0,31.0,28.0,36.0,27.0,26.0,31.0
30.0,28.0,32.0,20.0,33.0,26.0,32.0,28.0,34.0,31.0,30.0,29.0,32.0,28.0,28.0,35.0,25.0,37.0,30.0,36.0,28.0,24.0,34.0,33.0,31.0,30.0,31.0,30.0,21.0,26.0,34.0,24.0,27.0,28.0,33.0,29.0,26.0,34.0,22.0,25.0,30.0,34.0,24.0,23.0,31.0,24.0,22.0,26.0,24.0,19.0
32.0,34.0,46.0,62.0,34.0,43.0,37.0,37.0,34.0,34.0,42.0,34.0,38.0,43.0,28.0,44.0,38.0,36.0,40.0,30.0,36.0,37.0,32.0,40.0,35.0,26.0,35.0,28.0,45.0,40.0,40.0,40.0,35.0,46.0,49.0,26.0,37.0,35.0,37.0,39.0,33.0,37.0,36.0,47.0,41.0,32.0,40.0,35.0,40.0,39.0
16.0,23.0,24.0,16.0,18.0,26.0,21.0,23.0,25.0,32.0,25.0,21.0,21.0,25.0,23.0,19.0,27.0,22.0,23.0,18.0,22.0,29.0,16.0,18.0,26.0,19.0,31.0,25.0,26.0,19.0,25.0,17.0,25.0,25.0,22.0,21.0,26.0,22.0,17.0,30.0,20.0,28.0,15.0,23.0,24.0,25.0,28.0,22.0,14.0,20.0
26.0,40.0,47.0,32.0,52.0,33.0,41.0,36.0,36.0,42.0,38.0,43.0,40.0,42.0,47.0,27.0,34.0,42.0,35.0,40.0,35.0,31.0,41.0,42.0,34.0,22.0,40.0,41.0,32.0,41.0,34.0,40.0,29.0,34.0,48.0,40.0,39.0,47.0,34.0,40.0,39.0,37.0,44.0,44.0,38.0,35.0,37.0,42.0,32.0,21.0
22.0,14.0,18.0,19.0,24.0,19.0,18.0,16.0,15.0,26.0,26.0,22.0,25.0,24.0,21.0,29.0,15.0,24.0,30.0,19.0,20.0,19.0,25.0,26.0,22.0,19.0,26.0,31.0,25.0,27.0,27.0,20.0,19.0,17.0,24.0,22.0,28.0,27.0,26.0,21.0,17.0,22.0,27.0,17.0,22.0,18.0,24.0,22.0,23.0,11.0
24.0,21.0,19.0,14.0,25.0,29.0,25.0,18.0,21.0,15.0,22.0,21.0,20.0,31.0,21.0,24.0,22.0,25.0,21.0,32.0,24.0,15.0,25.0,18.0,22.0,27.0,21.0,24.0,21.0,26.0,28.0,20.0,23.0,16.0,20.0,16.0,18.0,20.0,18.0,20.0,14.0,22.0,31.0,20.0,17.0,16.0,14.0,22.0,22.0,21.0
32.0,29.0,23.0,42.0,23.0,37.0,37.0,32.0,42.0,37.0,35.0,31.0,34.0,36.0,26.0,33.0,20.0,27.0,26.0,42.0,31.0,29.0,39.0,38.0,37.0,39.0,30.0,42.0,33.0,28.0,38.0,22.0,35.0,30.0,21.0,29.0,32.0,27.0,37.0,29.0,29.0,31.0,27.0,35.0,30.0,36.0,27.0,36.0,28.0,35.0
31.0,35.0,28.0,22.0,22.0,24.0,30.0,44.0,37.0,30.0,33.0,36.0,29.0,35.0,30.0,44.0,28.0,24.0,28.0,37.0,33.0,28.0,40.0,17.0,34.0,34.0,31.0,31.0,29.0,27.0,25.0,28.0,29.0,29.0,32.0,26.0,28.0,37.0,37.0,44.0,35.0,38.0,28.0,30.0,26.0,39.0,30.0,33.0,29.0,32.0
