10,50,1000
16.253377,17.430995,15.693339,18.966989,19.76841,19.102392,15.788503,19.71434,15.769171,18.474208
5.001301,5.301763,8.31523,6.889988,9.239482,6.308292,7.302286,9.991084,8.51952,6.22831
0.0,10.0,20.0,30.0,40.0,50.0,60.0,70.0,80.0,90.0
10.0,0.0,10.0,20.0,30.0,40.0,50.0,60.0,70.0,80.0
20.0,10.0,0.0,10.0,20.0,30.0,40.0,50.0,60.0,70.0
30.0,20.0,10.0,0.0,10.0,20.0,30.0,40.0,50.0,60.0
40.0,30.0,20.0,10.0,0.0,10.0,20.0,30.0,40.0,50.0
50.0,40.0,30.0,20.0,10.0,0.0,10.0,20.0,30.0,40.0
60.0,50.0,40.0,30.0,20.0,10.0,0.0,10.0,20.0,30.0
70.0,60.0,50.0,40.0,30.0,20.0,10.0,0.0,10.0,20.0
80.0,70.0,60.0,50.0,40.0,30.0,20.0,10.0,0.0,10.0
90.0,80.0,70.0,60.0,50.0,40.0,30.0,20.0,10.0,0.0
450.0,400.0,350.0,300.0,250.0,250.0,300.0,350.0,400.0,450.0
0.0,1.0,2.0,3.0,4.0,5.0,6.0,7.0,8.0,9.0
1.0,0.0,1.0,2.0,3.0,4.0,5.0,6.0,7.0,8.0
2.0,1.0,0.0,1.0,2.0,3.0,4.0,5.0,6.0,7.0
3.0,2.0,1.0,0.0,1.0,2.0,3.0,4.0,5.0,6.0
4.0,3.0,2.0,1.0,0.0,1.0,2.0,3.0,4.0,5.0
5.0,4.0,3.0,2.0,1.0,0.0,1.0,2.0,3.0,4.0
6.0,5.0,4.0,3.0,2.0,1.0,0.0,1.0,2.0,3.0
7.0,6.0,5.0,4.0,3.0,2.0,1.0,0.0,1.0,2.0
8.0,7.0,6.0,5.0,4.0,3.0,2.0,1.0,0.0,1.0
9.0,8.0,7.0,6.0,5.0,4.0,3.0,2.0,1.0,0.0
45.0,40.0,35.0,30.0,25.0,25.0,30.0,35.0,40.0,45.0
17.0,22.0,22.0,23.0,13.0,18.0,22.0,18.0,26.0,23.0,20.0,16.0,25.0,25.0,20.0,13.0,27.0,23.0,19.0,18.0,17.0,10.0,18.0,20.0,22.0,23.0,20.0,22.0,10.0,25.0,19.0,20.0,23.0,16.0,11.0,20.0,23.0,15.0,28.0,26.0,18.0,20.0,19.0,19.0,22.0,23.0,11.0,19.0,20.0,18.0
24.0,27.0,25.0,23.0,29.0,16.0,16.0,22.0,21.0,21.0,22.0,21.0,25.0,17.0,24.0,24.0,25.0,24.0,18.0,26.0,19.0,26.0,22.0,18.0,29.0,21.0,14.0,24.0,19.0,24.0,21.0,19.0,21.0,29.0,22.0,26.0,20.0,21.0,24.0,24.0,25.0,20.0,23.0,23.0,15.0,19.0,19.0,23.0,17.0,18.0
30.0,27.0,28.0,37.0,31.0,23.0,34.0,38.0,20.0,29.0,26.0,33.0,34.0,32.0,36.0,23.0,25.0,21.0,32.0,31.0,23.0,40.0,25.0,26.0,27.0,32.0,33.0,33.0,33.0,30.0,40.0,32.0,30.0,39.0,29.0,32.0,35.0,38.0,43.0,28.0,25.0,38.0,25.0,31.0,40.0,25.0,25.0,37.0,23.0,26.0
29.0,26.0,19.0,23.0,23.0,30.0,33.0,31.0,36.0,32.0,26.0,28.0,27.0,22.0,30.0,30.0,24.0,22.0,35.0,31.0,22.0,25.0,32.0,26.0,40.0,32.0,40.0,25.0,28.0,31.0,31.0,16.0,40.0,29.0,33.0,30.0,24.0,31.0,31.0,34.0,24.0,24.0,21.0,25.0,39.0,26.0,21.0,37.0,31.0,24.0
39.0,40.0,40.0,36.0,32.0,40.0,33.0,35.0,35.0,28.0,42.0,25.0,37.0,35.0,31.0,40.0,30.0,26.0,33.0,38.0,47.0,29.0,47.0,35.0,22.0,33.0,42.0,36.0,29.0,31.0,32.0,37.0,42.0,26.0,36.0,40.0,32.0,31.0,40.0,33.0,33.0,33.0,34.0,39.0,39.0,29.0,49.0,33.0,23.0,31.0
29.0,18.0,23.0,17.0,29.0,26.0,20.0,20.0,27.0,21.0,25.0,18.0,36.0,20.0,24.0,28.0,22.0,25.0,26.0,23.0,29.0,25.0,30.0,29.0,17.0,24.0,16.0,18.0,25.0,36.0,22.0,19.0,24.0,25.0,26.0,17.0,27.0,25.0,23.0,22.0,24.0,27.0,23.0,28.0,19.0,27.0,32.0,19.0,25.0,24.0
31.0,25.0,23.0,32.0,37.0,24.0,18.0,20.0,28.0,34.0,36.0,26.0,32.0,23.0,36.0,28.0,27.0,19.0,35.0,25.0,23.0,28.0,20.0,32.0,40.0,29.0,28.0,28.0,30.0,28.0,15.0,39.0,29.0,39.0,37.0,15.0,29.0,21.0,31.0,26.0,33.0,30.0,28.0,22.0,26.0,35.0,18.0,14.0,28.0,32.0
37.0,30.0,39.0,35.0,35.0,42.0,29.0,40.0,32.0,45.0,33.0,43.0,31.0,39.0,34.0,22.0,43.0,33.0,39.0,42.0,46.0,29.0,38.0,35.0,32.0,33.0,40.0,40.0,29.0,41.0,46.0,35.0,31.0,36.0,38.0,38.0,29.0,30.0,29.0,38.0,49.0,35.0,36.0,37.0,34.0,40.0,23.0,40.0,30.0,39.0
29.0,25.0,24.0,32.0,29.0,37.0,27.0,31.0,33.0,28.0,23.0,42.0,42.0,29.0,27.0,36.0,35.0,32.0,28.0,30.0,35.0,29.0,31.0,32.0,29.0,30.0,39.0,32.0,31.0,25.0,27.0,28.0,37.0,39.0,31.0,34.0,31.0,30.0,26.0,24.0,34.0,41.0,31.0,25.0,28.0,19.0,32.0,45.0,30.0,25.0
32.0,27.0,27.0,26.0,23.0,30.0,24.0,26.0,23.0,25.0,23.0,29.0,15.0,23.0,24.0,28.0,21.0,28.0,25.0,26.0,22.0,27.0,18.0,25.0,41.0,30.0,26.0,31.0,28.0,29.0,22.0,23.0,17.0,17.0,22.0,26.0,24.0,19.0,20.0,25.0,22.0,24.0,19.0,25.0,21.0,22.0,21.0,23.0,23.0,25.0
