10,50,1000
16.419012,17.485342,19.820959,19.459688,15.653479,18.651424,16.708753,16.553605,17.132637,17.102644
9.671582,7.25115,7.202125,5.248959,7.595725,9.202965,6.79104,9.469175,6.077138,7.415659
0.0,10.0,20.0,30.0,40.0,50.0,60.0,70.0,80.0,90.0
10.0,0.0,10.0,20.0,30.0,40.0,50.0,60.0,70.0,80.0
20.0,10.0,0.0,10.0,20.0,30.0,40.0,50.0,60.0,70.0
30.0,20.0,10.0,0.0,10.0,20.0,30.0,40.0,50.0,60.0
40.0,30.0,20.0,10.0,0.0,10.0,20.0,30.0,40.0,50.0
50.0,40.0,30.0,20.0,10.0,0.0,10.0,20.0,30.0,40.0
60.0,50.0,40.0,30.0,20.0,10.0,0.0,10.0,20.0,30.0
70.0,60.0,50.0,40.0,30.0,20.0,10.0,0.0,10.0,20.0
80.0,70.0,60.0,50.0,40.0,30.0,20.0,10.0,0.0,10.0
90.0,80.0,70.0,60.0,50.0,40.0,30.0,20.0,10.0,0.0
450.0,400.0,350.0,300.0,250.0,250.0,300.0,350.0,400.0,450.0
0.0,1.0,2.0,3.0,4.0,5.0,6.0,7.0,8.0,9.0
1.0,0.0,1.0,2.0,3.0,4.0,5.0,6.0,7.0,8.0
2.0,1.0,0.0,1.0,2.0,3.0,4.0,5.0,6.0,7.0
3.0,2.0,1.0,0.0,1.0,2.0,3.0,4.0,5.0,6.0
4.0,3.0,2.0,1.0,0.0,1.0,2.0,3.0,4.0,5.0
5.0,4.0,3.0,2.0,1.0,0.0,1.0,2.0,3.0,4.0
6.0,5.0,4.0,3.0,2.0,1.0,0.0,1.0,2.0,3.0
7.0,6.0,5.0,4.0,3.0,2.0,1.0,0.0,1.0,2.0
8.0,7.0,6.0,5.0,4.0,3.0,2.0,1.0,0.0,1.0
9.0,8.0,7.0,6.0,5.0,4.0,3.0,2.0,1.0,0.0
45.0,40.0,35.0,30.0,25.0,25.0,30.0,35.0,40.0,45.0
38.0,32.0,40.0,29.0,27.0,35.0,39.0,43.0,39.0,39.0,32.0,32.0,45.0,40.0,31.0,22.0,42.0,50.0,39.0,41.0,40.0,39.0,33.0,34.0,31.0,40.0,35.0,30.0,37.0,38.0,37.0,31.0,39.0,26.0,24.0,40.0,35.0,38.0,37.0,37.0,31.0,34.0,38.0,30.0,30.0,32.0,37.0,26.0,37.0,26.0
35.0,32.0,42.0,42.0,21.0,42.0,31.0,23.0,26.0,37.0,28.0,34.0,34.0,37.0,31.0,36.0,20.0,18.0,37.0,32.0,22.0,31.0,32.0,28.0,30.0,30.0,23.0,30.0,32.0,25.0,22.0,32.0,24.0,31.0,27.0,28.0,33.0,30.0,30.0,28.0,34.0,27.0,20.0,23.0,34.0,25.0,22.0,32.0,38.0,31.0
28.0,31.0,23.0,23.0,28.0,28.0,21.0,26.0,35.0,33.0,25.0,31.0,22.0,34.0,28.0,33.0,28.0,31.0,28.0,27.0,32.0,18.0,35.0,30.0,28.0,34.0,28.0,23.0,28.0,23.0,29.0,39.0,28.0,25.0,25.0,21.0,22.0,35.0,29.0,36.0,25.0,27.0,22.0,31.0,36.0,35.0,34.0,20.0,24.0,35.0
21.0,14.0,31.0,20.0,20.0,19.0,13.0,26.0,20.0,13.0,20.0,27.0,16.0,23.0,22.0,20.0,22.0,18.0,30.0,26.0,20.0,28.0,18.0,19.0,10.0,32.0,27.0,18.0,26.0,21.0,19.0,23.0,27.0,22.0,25.0,28.0,26.0,26.0,27.0,22.0,28.0,22.0,34.0,20.0,23.0,21.0,25.0,26.0,23.0,32.0
28.0,22.0,33.0,37.0,29.0,20.0,28.0,29.0,25.0,22.0,29.0,29.0,32.0,23.0,33.0,26.0,29.0,30.0,29.0,36.0,31.0,42.0,29.0,24.0,26.0,23.0,30.0,29.0,26.0,28.0,37.0,29.0,37.0,32.0,23.0,21.0,37.0,20.0,25.0,30.0,27.0,26.0,24.0,31.0,24.0,24.0,23.0,33.0,25.0,30.0
31.0,40.0,28.0,43.0,37.0,44.0,41.0,33.0,37.0,27.0,28.0,41.0,34.0,47.0,36.0,27.0,30.0,26.0,35.0,30.0,31.0,30.0,31.0,37.0,42.0,35.0,21.0,33.0,39.0,34.0,47.0,28.0,36.0,29.0,38.0,38.0,38.0,36.0,35.0,37.0,42.0,41.0,32.0,33.0,46.0,26.0,31.0,40.0,22.0,36.0
28.0,20.0,28.0,36.0,27.0,27.0,20.0,25.0,40.0,25.0,31.0,30.0,31.0,27.0,25.0,22.0,21.0,35.0,26.0,31.0,28.0,32.0,17.0,32.0,27.0,28.0,31.0,17.0,34.0,22.0,32.0,19.0,38.0,23.0,25.0,34.0,36.0,34.0,27.0,23.0,21.0,22.0,24.0,25.0,25.0,23.0,33.0,27.0,22.0,28.0
27.0,30.0,34.0,34.0,38.0,37.0,36.0,39.0,31.0,21.0,39.0,27.0,25.0,40.0,36.0,44.0,32.0,31.0,42.0,45.0,27.0,50.0,37.0,43.0,28.0,37.0,30.0,41.0,44.0,28.0,28.0,40.0,35.0,42.0,40.0,31.0,34.0,35.0,41.0,34.0,38.0,36.0,33.0,45.0,39.0,39.0,34.0,37.0,24.0,26.0
26.0,22.0,19.0,26.0,22.0,23.0,23.0,30.0,31.0,34.0,22.0,21.0,31.0,22.0,25.0,31.0,21.0,23.0,32.0,20.0,21.0,28.0,21.0,26.0,24.0,17.0,28.0,22.0,28.0,23.0,33.0,19.0,29.0,28.0,19.0,27.0,26.0,21.0,22.0,27.0,23.0,20.0,33.0,22.0,16.0,22.0,23.0,21.0,24.0,24.0
22.0,23.0,27.0,42.0,35.0,24.0,28.0,27.0,32.0,35.0,29.0,20.0,31.0,30.0,23.0,26.0,29.0,27.0,31.0,38.0,36.0,28.0,31.0,21.0,29.0,28.0,30.0,28.0,34.0,37.0,31.0,29.0,38.0,24.0,31.0,36.0,31.0,30.0,29.0,23.0,32.0,35.0,31.0,33.0,34.0,28.0,30.0,28.0,29.0,29.0
