10,50,1000
15.936955,17.78093,15.9686,15.292541,15.23498,15.890549,19.534129,15.189755,18.045515,19.594855
5.994787,5.865025,9.925279,8.336108,6.01489,5.987643,5.112644,5.341282,6.493182,8.610669
0.0,10.0,20.0,30.0,40.0,50.0,60.0,70.0,80.0,90.0
10.0,0.0,10.0,20.0,30.0,40.0,50.0,60.0,70.0,80.0
20.0,10.0,0.0,10.0,20.0,30.0,40.0,50.0,60.0,70.0
30.0,20.0,10.0,0.0,10.0,20.0,30.0,40.0,50.0,60.0
40.0,30.0,20.0,10.0,0.0,10.0,20.0,30.0,40.0,50.0
50.0,40.0,30.0,20.0,10.0,0.0,10.0,20.0,30.0,40.0
60.0,50.0,40.0,30.0,20.0,10.0,0.0,10.0,20.0,30.0
70.0,60.0,50.0,40.0,30.0,20.0,10.0,0.0,10.0,20.0
80.0,70.0,60.0,50.0,40.0,30.0,20.0,10.0,0.0,10.0
90.0,80.0,70.0,60.0,50.0,40.0,30.0,20.0,10.0,0.0
450.0,400.0,350.0,300.0,250.0,250.0,300.0,350.0,400.0,450.0
0.0,1.0,2.0,3.0,4.0,5.0,6.0,7.0,8.0,9.0
1.0,0.0,1.0,2.0,3.0,4.0,5.0,6.0,7.0,8.0
2.0,1.0,0.0,1.0,2.0,3.0,4.0,5.0,6.0,7.0
3.0,2.0,1.0,0.0,1.0,2.0,3.0,4.0,5.0,6.0
4.0,3.0,2.0,1.0,0.0,1.0,2.0,3.0,4.0,5.0
5.0,4.0,3.0,2.0,1.0,0.0,1.0,2.0,3.0,4.0
6.0,5.0,4.0,3.0,2.0,1.0,0.0,1.0,2.0,3.0
7.0,6.0,5.0,4.0,3.0,2.0,1.0,0.0,1.0,2.0
8.0,7.0,6.0,5.0,4.0,3.0,2.0,1.0,0.0,1.0
9.0,8.0,7.0,6.0,5.0,4.0,3.0,2.0,1.0,0.0
45.0,40.0,35.0,30.0,25.0,25.0,30.0,35.0,40.0,45.0
22.0,23.0,6.0,21.0,25.0,31.0,18.0,25.0,24.0,26.0,26.0,31.0,25.0,23.0,29.0,20.0,19.0,20.0,22.0,25.0,19.0,21.0,23.0,32.0,36.0,21.0,19.0,29.0,24.0,23.0,25.0,25.0,23.0,29.0,17.0,20.0,23.0,26.0,19.0,21.0,32.0,26.0,27.0,26.0,13.0,25.0,20.0,21.0,19.0,30.0
28.0,25.0,25.0,19.0,21.0,23.0,33.0,15.0,16.0,22.0,25.0,26.0,26.0,19.0,20.0,29.0,27.0,25.0,22.0,25.0,18.0,22.0,25.0,29.0,24.0,21.0,22.0,23.0,30.0,30.0,21.0,22.0,26.0,23.0,24.0,24.0,21.0,29.0,24.0,28.0,31.0,28.0,24.0,22.0,23.0,22.0,22.0,30.0,20.0,30.0
37.0,43.0,36.0,31.0,33.0,43.0,43.0,32.0,45.0,31.0,39.0,39.0,41.0,42.0,37.0,30.0,37.0,34.0,42.0,37.0,29.0,33.0,32.0,25.0,26.0,26.0,38.0,40.0,36.0,36.0,28.0,34.0,46.0,21.0,38.0,29.0,37.0,41.0,37.0,46.0,33.0,34.0,39.0,36.0,41.0,35.0,37.0,45.0,43.0,43.0
36.0,35.0,35.0,26.0,32.0,34.0,28.0,35.0,37.0,29.0,36.0,31.0,30.0,27.0,38.0,32.0,32.0,29.0,28.0,30.0,22.0,30.0,33.0,35.0,21.0,22.0,25.0,30.0,44.0,32.0,21.0,36.0,32.0,26.0,30.0,34.0,40.0,31.0,42.0,31.0,32.0,30.0,28.0,30.0,24.0,29.0,41.0,20.0,22.0,22.0
22.0,23.0,15.0,27.0,21.0,25.0,23.0,21.0,25.0,20.0,29.0,28.0,20.0,17.0,19.0,23.0,33.0,17.0,25.0,28.0,36.0,23.0,16.0,27.0,29.0,24.0,26.0,28.0,28.0,18.0,19.0,20.0,29.0,36.0,20.0,31.0,24.0,27.0,24.0,16.0,18.0,18.0,34.0,18.0,21.0,18.0,21.0,26.0,27.0,20.0
21.0,23.0,32.0,27.0,15.0,26.0,25.0,22.0,19.0,21.0,21.0,21.0,22.0,28.0,27.0,31.0,27.0,22.0,34.0,28.0,22.0,19.0,23.0,19.0,24.0,20.0,25.0,22.0,22.0,23.0,26.0,23.0,22.0,17.0,29.0,12.0,23.0,19.0,17.0,19.0,24.0,23.0,28.0,24.0,30.0,22.0,28.0,18.0,23.0,16.0
21.0,20.0,14.0,23.0,19.0,24.0,15.0,27.0,28.0,22.0,20.0,19.0,21.0,19.0,23.0,22.0,24.0,22.0,27.0,18.0,19.0,18.0,18.0,25.0,14.0,17.0,21.0,27.0,23.0,23.0,21.0,17.0,28.0,19.0,26.0,26.0,24.0,26.0,24.0,24.0,15.0,22.0,17.0,24.0,25.0,16.0,27.0,19.0,22.0,25.0
23.0,15.0,19.0,18.0,23.0,16.0,23.0,23.0,27.0,19.0,22.0,24.0,24.0,19.0,25.0,32.0,23.0,19.0,16.0,29.0,23.0,24.0,20.0,16.0,13.0,25.0,28.0,15.0,18.0,27.0,17.0,22.0,26.0,21.0,21.0,23.0,25.0,28.0,20.0,22.0,21.0,22.0,17.0,10.0,27.0,21.0,25.0,15.0,21.0,17.0
18.0,19.0,20.0,32.0,23.0,22.0,21.0,29.0,25.0,20.0,14.0,22.0,18.0,21.0,24.0,21.0,18.0,22.0,23.0,34.0,24.0,30.0,23.0,38.0,19.0,26.0,23.0,33.0,29.0,31.0,23.0,19.0,32.0,24.0,24.0,29.0,21.0,18.0,31.0,28.0,28.0,25.0,26.0,17.0,25.0,31.0,28.0,33.0,24.0,28.0
38.0,33.0,26.0,32.0,32.0,21.0,37.0,42.0,36.0,43.0,26.0,27.0,28.0,33.0,25.0,40.0,43.0,33.0,33.0,32.0,36.0,35.0,27.0,39.0,30.0,32.0,39.0,28.0,29.0,37.0,43.0,31.0,39.0,26.0,39.0,29.0,30.0,34.0,28.0,29.0,33.0,32.0,28.0,29.0,38.0,35.0,26.0,38.0,38.0,32.0
