10,50,1000
18.619262,15.147468,18.811288,16.739748,19.62645,19.893529,19.357315,15.54838,15.6164,16.414553
5.605037,5.494485,8.686982,5.059695,7.243688,9.634808,5.359761,6.670148,7.272053,7.48201
0.0,10.0,20.0,30.0,40.0,50.0,60.0,70.0,80.0,90.0
10.0,0.0,10.0,20.0,30.0,40.0,50.0,60.0,70.0,80.0
20.0,10.0,0.0,10.0,20.0,30.0,40.0,50.0,60.0,70.0
30.0,20.0,10.0,0.0,10.0,20.0,30.0,40.0,50.0,60.0
40.0,30.0,20.0,10.0,0.0,10.0,20.0,30.0,40.0,50.0
50.0,40.0,30.0,20.0,10.0,0.0,10.0,20.0,30.0,40.0
60.0,50.0,40.0,30.0,20.0,10.0,0.0,10.0,20.0,30.0
70.0,60.0,50.0,40.0,30.0,20.0,10.0,0.0,10.0,20.0
80.0,70.0,60.0,50.0,40.0,30.0,20.0,10.0,0.0,10.0
90.0,80.0,70.0,60.0,50.0,40.0,30.0,20.0,10.0,0.0
450.0,400.0,350.0,300.0,250.0,250.0,300.0,350.0,400.0,450.0
0.0,1.0,2.0,3.0,4.0,5.0,6.0,7.0,8.0,9.0
1.0,0.0,1.0,2.0,3.0,4.0,5.0,6.0,7.0,8.0
2.0,1.0,0.0,1.0,2.0,3.0,4.0,5.0,6.0,7.0
3.0,2.0,1.0,0.0,1.0,2.0,3.0,4.0,5.0,6.0
4.0,3.0,2.0,1.0,0.0,1.0,2.0,3.0,4.0,5.0
5.0,4.0,3.0,2.0,1.0,0.0,1.0,2.0,3.0,4.0
6.0,5.0,4.0,3.0,2.0,1.0,0.0,1.0,2.0,3.0
7.0,6.0,5.0,4.0,3.0,2.0,1.0,0.0,1.0,2.0
8.0,7.0,6.0,5.0,4.0,3.0,2.0,1.0,0.0,1.0
9.0,8.0,7.0,6.0,5.0,4.0,3.0,2.0,1.0,0.0
45.0,40.0,35.0,30.0,25.0,25.0,30.0,35.0,40.0,45.0
25.0,23.0,29.0,29.0,19.0,15.0,21.0,19.0,11.0,25.0,28.0,20.0,27.0,19.0,20.0,27.0,30.0,21.0,18.0,19.0,14.0,28.0,22.0,23.0,23.0,25.0,29.0,15.0,27.0,28.0,23.0,22.0,21.0,25.0,19.0,19.0,23.0,16.0,25.0,22.0,21.0,20.0,29.0,24.0,30.0,27.0,27.0,24.0,22.0,18.0
23.0,22.0,17.0,17.0,30.0,21.0,18.0,29.0,18.0,14.0,21.0,27.0,21.0,17.0,25.0,19.0,29.0,28.0,26.0,17.0,25.0,21.0,17.0,23.0,22.0,23.0,24.0,24.0,21.0,32.0,19.0,16.0,20.0,21.0,27.0,20.0,24.0,20.0,22.0,25.0,22.0,29.0,20.0,27.0,22.0,35.0,23.0,25.0,20.0,24.0
31.0,30.0,35.0,32.0,41.0,37.0,43.0,26.0,36.0,30.0,33.0,35.0,25.0,27.0,30.0,36.0,35.0,20.0,26.0,31.0,30.0,30.0,33.0,33.0,37.0,31.0,34.0,40.0,30.0,26.0,32.0,31.0,23.0,44.0,31.0,35.0,40.0,28.0,30.0,28.0,29.0,30.0,33.0,27.0,32.0,40.0,41.0,40.0,39.0,33.0
18.0,34.0,26.0,22.0,22.0,21.0,25.0,19.0,14.0,16.0,15.0,19.0,17.0,24.0,20.0,25.0,15.0,22.0,23.0,19.0,20.0,18.0,28.0,26.0,15.0,27.0,23.0,24.0,20.0,20.0,20.0,17.0,17.0,28.0,14.0,17.0,12.0,17.0,19.0,13.0,22.0,19.0,22.0,22.0,26.0,14.0,24.0,15.0,20.0,19.0
24.0,29.0,33.0,20.0,32.0,20.0,27.0,28.0,32.0,31.0,27.0,26.0,33.0,36.0,26.0,30.0,34.0,30.0,36.0,27.0,33.0,21.0,28.0,36.0,27.0,18.0,33.0,23.0,26.0,37.0,28.0,33.0,29.0,34.0,27.0,30.0,35.0,31.0,27.0,32.0,30.0,23.0,17.0,26.0,31.0,28.0,32.0,26.0,23.0,24.0
48.0,32.0,43.0,41.0,39.0,37.0,46.0,31.0,36.0,37.0,31.0,30.0,37.0,29.0,32.0,36.0,31.0,44.0,57.0,34.0,37.0,35.0,18.0,42.0,42.0,40.0,32.0,35.0,45.0,25.0,40.0,51.0,46.0,32.0,41.0,29.0,28.0,41.0,34.0,42.0,41.0,32.0,28.0,25.0,23.0,36.0,52.0,45.0,32.0,30.0
21.0,25.0,27.0,20.0,25.0,27.0,34.0,28.0,27.0,17.0,15.0,26.0,23.0,21.0,29.0,20.0,22.0,25.0,27.0,19.0,27.0,26.0,27.0,31.0,21.0,20.0,27.0,21.0,29.0,14.0,30.0,32.0,28.0,26.0,21.0,25.0,17.0,25.0,18.0,19.0,30.0,23.0,19.0,24.0,23.0,30.0,22.0,19.0,27.0,21.0
21.0,28.0,25.0,34.0,26.0,29.0,29.0,26.0,23.0,34.0,34.0,26.0,33.0,21.0,29.0,33.0,22.0,29.0,27.0,28.0,31.0,23.0,23.0,28.0,28.0,21.0,18.0,30.0,22.0,39.0,17.0,22.0,19.0,31.0,21.0,22.0,34.0,26.0,25.0,26.0,15.0,23.0,23.0,25.0,28.0,26.0,23.0,28.0,21.0,27.0
26.0,21.0,22.0,30.0,25.0,34.0,20.0,29.0,23.0,28.0,25.0,21.0,29.0,36.0,27.0,21.0,16.0,37.0,32.0,38.0,29.0,26.0,25.0,29.0,23.0,31.0,28.0,31.0,26.0,32.0,20.0,19.0,23.0,31.0,29.0,24.0,23.0,31.0,32.0,18.0,23.0,31.0,21.0,24.0,17.0,24.0,19.0,24.0,28.0,35.0
27.0,22.0,23.0,30.0,34.0,34.0,29.0,31.0,20.0,29.0,33.0,34.0,23.0,21.0,25.0,24.0,29.0,37.0,27.0,33.0,28.0,16.0,26.0,41.0,22.0,26.0,26.0,32.0,27.0,22.0,33.0,19.0,23.0,28.0,29.0,26.0,25.0,33.0,28.0,30.0,19.0,33.0,29.0,29.0,23.0,27.0,29.0,22.0,19.0,28.0
