10,50,1000
15.551296,18.304255,19.355256,16.042267,19.446039,15.957921,16.708021,17.915842,19.299246,19.82751
9.254651,8.525983,7.129925,7.014661,7.372777,7.977683,5.317273,8.828524,9.103725,6.874119
0.0,10.0,20.0,30.0,40.0,50.0,60.0,70.0,80.0,90.0
10.0,0.0,10.0,20.0,30.0,40.0,50.0,60.0,70.0,80.0
20.0,10.0,0.0,10.0,20.0,30.0,40.0,50.0,60.0,70.0
30.0,20.0,10.0,0.0,10.0,20.0,30.0,40.0,50.0,60.0
40.0,30.0,20.0,10.0,0.0,10.0,20.0,30.0,40.0,50.0
50.0,40.0,30.0,20.0,10.0,0.0,10.0,20.0,30.0,40.0
60.0,50.0,40.0,30.0,20.0,10.0,0.0,10.0,20.0,30.0
70.0,60.0,50.0,40.0,30.0,20.0,10.0,0.0,10.0,20.0
80.0,70.0,60.0,50.0,40.0,30.0,20.0,10.0,0.0,10.0
90.0,80.0,70.0,60.0,50.0,40.0,30.0,20.0,10.0,0.0
450.0,400.0,350.0,300.0,250.0,250.0,300.0,350.0,400.0,450.0
0.0,1.0,2.0,3.0,4.0,5.0,6.0,7.0,8.0,9.0
1.0,0.0,1.0,2.0,3.0,4.0,5.0,6.0,7.0,8.0
2.0,1.0,0.0,1.0,2.0,3.0,4.0,5.0,6.0,7.0
3.0,2.0,1.0,0.0,1.0,2.0,3.0,4.0,5.0,6.0
4.0,3.0,2.0,1.0,0.0,1.0,2.0,3.0,4.0,5.0
5.0,4.0,3.0,2.0,1.0,0.0,1.0,2.0,3.0,4.0
6.0,5.0,4.0,3.0,2.0,1.0,0.0,1.0,2.0,3.0
7.0,6.0,5.0,4.0,3.0,2.0,1.0,0.0,1.0,2.0
8.0,7.0,6.0,5.0,4.0,3.0,2.0,1.0,0.0,1.0
9.0,8.0,7.0,6.0,5.0,4.0,3.0,2.0,1.0,0.0
45.0,40.0,35.0,30.0,25.0,25.0,30.0,35.0,40.0,45.0
34.0,35.0,37.0,35.0,29.0,30.0,31.0,38.0,39.0,32.0,43.0,35.0,17.0,27.0,34.0,31.0,35.0,29.0,35.0,36.0,31.0,40.0,28.0,30.0,28.0,33.0,35.0,40.0,38.0,34.0,44.0,26.0,36.0,33.0,26.0,34.0,30.0,33.0,31.0,32.0,38.0,38.0,46.0,30.0,36.0,31.0,36.0,34.0,42.0,32.0
39.0,26.0,27.0,26.0,31.0,31.0,32.0,26.0,33.0,30.0,31.0,35.0,38.0,33.0,36.0,28.0,30.0,22.0,28.0,20.0,35.0,34.0,49.0,25.0,33.0,25.0,28.0,26.0,22.0,37.0,28.0,29.0,28.0,46.0,35.0,40.0,34.0,34.0,37.0,30.0,27.0,42.0,30.0,26.0,38.0,29.0,29.0,42.0,40.0,38.0
26.0,31.0,27.0,22.0,21.0,35.0,35.0,29.0,39.0,23.0,39.0,32.0,28.0,37.0,28.0,28.0,26.0,26.0,31.0,30.0,29.0,30.0,32.0,38.0,27.0,24.0,23.0,21.0,16.0,21.0,21.0,27.0,29.0,32.0,22.0,26.0,18.0,27.0,28.0,31.0,26.0,22.0,24.0,34.0,26.0,34.0,25.0,29.0,29.0,38.0
22.0,24.0,42.0,20.0,27.0,26.0,22.0,35.0,23.0,27.0,24.0,30.0,23.0,31.0,33.0,20.0,23.0,29.0,19.0,30.0,24.0,29.0,33.0,25.0,30.0,27.0,19.0,21.0,33.0,25.0,21.0,31.0,22.0,30.0,28.0,21.0,29.0,26.0,31.0,35.0,28.0,21.0,30.0,19.0,29.0,21.0,22.0,29.0,31.0,25.0
26.0,31.0,25.0,24.0,34.0,36.0,32.0,20.0,24.0,23.0,21.0,19.0,32.0,33.0,31.0,34.0,22.0,28.0,33.0,29.0,31.0,18.0,31.0,28.0,30.0,27.0,27.0,24.0,21.0,33.0,24.0,19.0,30.0,32.0,33.0,40.0,40.0,35.0,26.0,30.0,25.0,19.0,29.0,36.0,29.0,27.0,41.0,24.0,39.0,19.0
31.0,29.0,21.0,34.0,30.0,23.0,29.0,37.0,23.0,31.0,29.0,31.0,27.0,33.0,24.0,27.0,27.0,35.0,32.0,37.0,31.0,36.0,32.0,33.0,29.0,30.0,28.0,22.0,38.0,32.0,29.0,27.0,19.0,24.0,41.0,31.0,29.0,19.0,34.0,31.0,31.0,34.0,33.0,39.0,26.0,27.0,37.0,24.0,33.0,28.0
19.0,18.0,36.0,29.0,24.0,21.0,19.0,21.0,20.0,33.0,18.0,22.0,25.0,20.0,18.0,34.0,24.0,13.0,24.0,23.0,21.0,27.0,21.0,9.0,24.0,20.0,18.0,24.0,24.0,18.0,15.0,17.0,29.0,22.0,29.0,22.0,14.0,16.0,23.0,23.0,19.0,29.0,18.0,20.0,21.0,13.0,20.0,24.0,18.0,17.0
27.0,45.0,40.0,29.0,20.0,28.0,29.0,32.0,27.0,41.0,44.0,32.0,44.0,34.0,33.0,31.0,38.0,29.0,35.0,28.0,34.0,43.0,36.0,36.0,29.0,27.0,30.0,30.0,25.0,34.0,32.0,37.0,35.0,29.0,39.0,30.0,37.0,41.0,33.0,26.0,36.0,27.0,41.0,39.0,20.0,33.0,33.0,24.0,34.0,30.0
38.0,46.0,28.0,39.0,33.0,46.0,34.0,33.0,37.0,32.0,39.0,29.0,42.0,27.0,30.0,35.0,30.0,31.0,37.0,32.0,34.0,25.0,32.0,29.0,37.0,26.0,42.0,34.0,35.0,34.0,28.0,28.0,36.0,39.0,21.0,28.0,39.0,44.0,36.0,31.0,36.0,39.0,41.0,40.0,25.0,23.0,36.0,34.0,39.0,31.0
23.0,27.0,30.0,28.0,27.0,22.0,22.0,26.0,28.0,27.0,26.0,28.0,20.0,28.0,27.0,26.0,29.0,28.0,32.0,35.0,23.0,28.0,29.0,36.0,26.0,18.0,32.0,35.0,24.0,44.0,19.0,28.0,32.0,24.0,30.0,26.0,26.0,26.0,29.0,26.0,28.0,23.0,32.0,26.0,29.0,23.0,24.0,20.0,28.0,25.0
