10,50,1000
18.553179,16.983977,15.411322,19.143831,16.014669,16.497458,15.766796,18.757795,19.929293,15.983202
7.633842,5.865073,5.765248,6.416518,5.520741,5.643406,8.351177,9.120482,9.784003,6.413888
0.0,10.0,20.0,30.0,40.0,50.0,60.0,70.0,80.0,90.0
10.0,0.0,10.0,20.0,30.0,40.0,50.0,60.0,70.0,80.0
20.0,10.0,0.0,10.0,20.0,30.0,40.0,50.0,60.0,70.0
30.0,20.0,10.0,0.0,10.0,20.0,30.0,40.0,50.0,60.0
40.0,30.0,20.0,10.0,0.0,10.0,20.0,30.0,40.0,50.0
50.0,40.0,30.0,20.0,10.0,0.0,10.0,20.0,30.0,40.0
60.0,50.0,40.0,30.0,20.0,10.0,0.0,10.0,20.0,30.0
70.0,60.0,50.0,40.0,30.0,20.0,10.0,0.0,10.0,20.0
80.0,70.0,60.0,50.0,40.0,30.0,20.0,10.0,0.0,10.0
90.0,80.0,70.0,60.0,50.0,40.0,30.0,20.0,10.0,0.0
450.0,400.0,350.0,300.0,250.0,250.0,300.0,350.0,400.0,450.0
0.0,1.0,2.0,3.0,4.0,5.0,6.0,7.0,8.0,9.0
1.0,0.0,1.0,2.0,3.0,4.0,5.0,6.0,7.0,8.0
2.0,1.0,0.0,1.0,2.0,3.0,4.0,5.0,6.0,7.0
3.0,2.0,1.0,0.0,1.0,2.0,3.0,4.0,5.0,6.0
4.0,3.0,2.0,1.0,0.0,1.0,2.0,3.0,4.0,5.0
5.0,4.0,3.0,2.0,1.0,0.0,1.0,2.0,3.0,4.0
6.0,5.0,4.0,3.0,2.0,1.0,0.0,1.0,2.0,3.0
7.0,6.0,5.0,4.0,3.0,2.0,1.0,0.0,1.0,2.0
8.0,7.0,6.0,5.0,4.0,3.0,2.0,1.0,0.0,1.0
9.0,8.0,7.0,6.0,5.0,4.0,3.0,2.0,1.0,0.0
45.0,40.0,35.0,30.0,25.0,25.0,30.0,35.0,40.0,45.0
31.0,30.0,27.0,33.0,18.0,32.0,21.0,26.0,44.0,37.0,39.0,36.0,20.0,16.0,29.0,27.0,30.0,29.0,43.0,32.0,26.0,43.0,36.0,33.0,27.0,31.0,33.0,31.0,40.0,28.0,30.0,34.0,39.0,33.0,29.0,31.0,32.0,27.0,36.0,25.0,33.0,25.0,34.0,33.0,34.0,31.0,27.0,35.0,34.0,28.0
25.0,25.0,28.0,17.0,28.0,19.0,23.0,30.0,21.0,28.0,26.0,17.0,24.0,32.0,22.0,24.0,22.0,22.0,22.0,16.0,23.0,21.0,31.0,33.0,23.0,28.0,19.0,13.0,34.0,22.0,19.0,27.0,28.0,23.0,22.0,21.0,23.0,18.0,18.0,22.0,22.0,21.0,20.0,24.0,18.0,19.0,23.0,14.0,29.0,23.0
18.0,29.0,25.0,33.0,20.0,23.0,13.0,14.0,21.0,19.0,22.0,22.0,20.0,25.0,28.0,19.0,33.0,19.0,26.0,11.0,17.0,27.0,25.0,21.0,18.0,15.0,22.0,18.0,29.0,14.0,18.0,20.0,18.0,27.0,25.0,13.0,21.0,12.0,31.0,26.0,25.0,24.0,23.0,27.0,31.0,22.0,18.0,18.0,28.0,26.0
17.0,29.0,22.0,19.0,37.0,28.0,22.0,31.0,23.0,31.0,23.0,24.0,30.0,29.0,21.0,21.0,26.0,22.0,22.0,31.0,22.0,30.0,24.0,22.0,28.0,33.0,28.0,26.0,25.0,31.0,22.0,15.0,22.0,29.0,24.0,34.0,24.0,26.0,37.0,19.0,24.0,27.0,20.0,37.0,30.0,27.0,21.0,21.0,25.0,31.0
21.0,31.0,22.0,31.0,19.0,13.0,35.0,20.0,33.0,26.0,29.0,26.0,21.0,26.0,15.0,21.0,24.0,24.0,21.0,24.0,25.0,24.0,23.0,17.0,28.0,15.0,25.0,24.0,29.0,18.0,23.0,23.0,28.0,18.0,22.0,22.0,26.0,23.0,20.0,15.0,20.0,25.0,23.0,18.0,18.0,37.0,30.0,20.0,28.0,18.0
14.0,22.0,21.0,27.0,23.0,35.0,21.0,20.0,20.0,21.0,23.0,25.0,20.0,23.0,22.0,23.0,21.0,22.0,18.0,19.0,11.0,26.0,21.0,19.0,18.0,38.0,15.0,24.0,18.0,23.0,21.0,20.0,34.0,22.0,23.0,27.0,32.0,24.0,24.0,22.0,28.0,22.0,20.0,27.0,18.0,30.0,21.0,15.0,24.0,21.0
27.0,36.0,35.0,41.0,23.0,36.0,37.0,25.0,26.0,23.0,30.0,37.0,36.0,28.0,31.0,29.0,32.0,35.0,41.0,33.0,30.0,26.0,32.0,27.0,17.0,34.0,37.0,43.0,33.0,30.0,21.0,39.0,30.0,27.0,26.0,26.0,35.0,31.0,37.0,33.0,27.0,40.0,27.0,30.0,34.0,33.0,10.0,28.0,26.0,20.0
42.0,39.0,30.0,37.0,31.0,35.0,24.0,42.0,40.0,44.0,33.0,39.0,40.0,45.0,29.0,26.0,28.0,28.0,27.0,34.0,29.0,28.0,25.0,32.0,40.0,43.0,35.0,38.0,30.0,38.0,43.0,32.0,33.0,24.0,43.0,35.0,29.0,28.0,32.0,37.0,28.0,41.0,28.0,29.0,34.0,47.0,31.0,31.0,33.0,26.0
37.0,38.0,41.0,43.0,28.0,33.0,42.0,31.0,24.0,30.0,41.0,44.0,38.0,35.0,32.0,32.0,45.0,38.0,28.0,42.0,35.0,42.0,43.0,42.0,27.0,43.0,24.0,32.0,32.0,37.0,33.0,34.0,39.0,31.0,32.0,38.0,36.0,31.0,33.0,32.0,41.0,31.0,44.0,39.0,37.0,40.0,31.0,30.0,37.0,31.0
27.0,28.0,22.0,18.0,24.0,24.0,29.0,18.0,32.0,24.0,18.0,19.0,32.0,18.0,26.0,30.0,19.0,24.0,24.0,24.0,23.0,10.0,17.0,27.0,26.0,25.0,36.0,19.0,23.0,31.0,22.0,21.0,33.0,19.0,28.0,21.0,26.0,20.0,21.0,32.0,23.0,24.0,26.0,26.0,28.0,29.0,18.0,23.0,41.0,20.0
