10,50,1000
15.569383,15.150673,19.500879,16.627466,19.830121,17.678678,17.737074,16.490402,15.333721,19.434252
5.623786,5.986889,5.276297,5.723621,6.398543,7.284323,6.892927,7.865749,5.854267,9.087307
0.0,10.0,20.0,30.0,40.0,50.0,60.0,70.0,80.0,90.0
10.0,0.0,10.0,20.0,30.0,40.0,50.0,60.0,70.0,80.0
20.0,10.0,0.0,10.0,20.0,30.0,40.0,50.0,60.0,70.0
30.0,20.0,10.0,0.0,10.0,20.0,30.0,40.0,50.0,60.0
40.0,30.0,20.0,10.0,0.0,10.0,20.0,30.0,40.0,50.0
50.0,40.0,30.0,20.0,10.0,0.0,10.0,20.0,30.0,40.0
60.0,50.0,40.0,30.0,20.0,10.0,0.0,10.0,20.0,30.0
70.0,60.0,50.0,40.0,30.0,20.0,10.0,0.0,10.0,20.0
80.0,70.0,60.0,50.0,40.0,30.0,20.0,10.0,0.0,10.0
90.0,80.0,70.0,60.0,50.0,40.0,30.0,20.0,10.0,0.0
450.0,400.0,350.0,300.0,250.0,250.0,300.0,350.0,400.0,450.0
0.0,1.0,2.0,3.0,4.0,5.0,6.0,7.0,8.0,9.0
1.0,0.0,1.0,2.0,3.0,4.0,5.0,6.0,7.0,8.0
2.0,1.0,0.0,1.0,2.0,3.0,4.0,5.0,6.0,7.0
3.0,2.0,1.0,0.0,1.0,2.0,3.0,4.0,5.0,6.0
4.0,3.0,2.0,1.0,0.0,1.0,2.0,3.0,4.0,5.0
5.0,4.0,3.0,2.0,1.0,0.0,1.0,2.0,3.0,4.0
6.0,5.0,4.0,3.0,2.0,1.0,0.0,1.0,2.0,3.0
7.0,6.0,5.0,4.0,3.0,2.0,1.0,0.0,1.0,2.0
8.0,7.0,6.0,5.0,4.0,3.0,2.0,1.0,0.0,1.0
9.0,8.0,7.0,6.0,5.0,4.0,3.0,2.0,1.0,0.0
45.0,40.0,35.0,30.0,25.0,25.0,30.0,35.0,40.0,45.0
27.0,32.0,15.0,21.0,17.0,27.0,20.0,15.0,21.0,18.0,20.0,20.0,25.0,16.0,20.0,15.0,31.0,13.0,21.0,22.0,20.0,18.0,17.0,23.0,20.0,21.0,11.0,22.0,21.0,24.0,27.0,18.0,21.0,24.0,26.0,22.0,33.0,21.0,21.0,11.0,20.0,27.0,21.0,18.0,22.0,20.0,19.0,16.0,25.0,27.0
18.0,23.0,36.0,29.0,26.0,21.0,22.0,18.0,21.0,23.0,21.0,21.0,25.0,22.0,21.0,34.0,24.0,33.0,23.0,19.0,25.0,20.0,24.0,23.0,25.0,19.0,24.0,25.0,22.0,22.0,26.0,16.0,22.0,19.0,18.0,26.0,22.0,28.0,28.0,22.0,17.0,26.0,28.0,24.0,13.0,29.0,25.0,25.0,21.0,23.0
20.0,20.0,24.0,22.0,21.0,23.0,17.0,24.0,24.0,24.0,21.0,24.0,21.0,19.0,19.0,27.0,26.0,21.0,22.0,25.0,25.0,20.0,18.0,19.0,26.0,23.0,18.0,23.0,20.0,20.0,18.0,15.0,24.0,25.0,24.0,20.0,22.0,16.0,23.0,17.0,23.0,19.0,21.0,21.0,20.0,20.0,27.0,26.0,26.0,15.0
18.0,21.0,18.0,20.0,25.0,18.0,19.0,27.0,34.0,26.0,23.0,21.0,20.0,17.0,26.0,19.0,30.0,33.0,24.0,26.0,26.0,25.0,23.0,18.0,22.0,32.0,15.0,27.0,18.0,17.0,16.0,16.0,27.0,19.0,21.0,24.0,26.0,21.0,25.0,28.0,23.0,30.0,25.0,25.0,25.0,27.0,23.0,19.0,18.0,19.0
38.0,37.0,30.0,25.0,19.0,32.0,27.0,28.0,29.0,23.0,38.0,24.0,29.0,27.0,33.0,20.0,25.0,27.0,27.0,18.0,31.0,26.0,18.0,26.0,25.0,31.0,34.0,21.0,36.0,21.0,22.0,24.0,23.0,19.0,29.0,20.0,29.0,31.0,28.0,36.0,18.0,32.0,24.0,19.0,30.0,24.0,22.0,32.0,25.0,30.0
36.0,21.0,24.0,32.0,24.0,26.0,27.0,31.0,26.0,22.0,36.0,30.0,24.0,33.0,35.0,24.0,34.0,32.0,39.0,23.0,34.0,37.0,37.0,27.0,34.0,36.0,17.0,28.0,32.0,27.0,30.0,27.0,18.0,28.0,25.0,28.0,40.0,36.0,28.0,31.0,25.0,15.0,40.0,25.0,21.0,30.0,35.0,23.0,34.0,26.0
28.0,26.0,26.0,22.0,31.0,30.0,33.0,23.0,29.0,26.0,27.0,26.0,23.0,25.0,19.0,30.0,31.0,27.0,31.0,32.0,26.0,28.0,31.0,29.0,35.0,20.0,32.0,21.0,31.0,21.0,31.0,28.0,28.0,27.0,29.0,25.0,26.0,34.0,22.0,26.0,21.0,30.0,27.0,33.0,29.0,28.0,28.0,24.0,29.0,27.0
26.0,33.0,26.0,29.0,37.0,24.0,31.0,19.0,31.0,38.0,16.0,31.0,29.0,22.0,26.0,38.0,33.0,31.0,36.0,29.0,25.0,33.0,21.0,23.0,31.0,29.0,33.0,19.0,26.0,37.0,41.0,28.0,27.0,24.0,25.0,29.0,36.0,30.0,36.0,30.0,23.0,33.0,38.0,44.0,22.0,44.0,25.0,36.0,30.0,41.0
30.0,23.0,29.0,20.0,20.0,32.0,22.0,27.0,23.0,17.0,19.0,22.0,23.0,20.0,20.0,22.0,25.0,18.0,28.0,25.0,29.0,34.0,18.0,22.0,34.0,14.0,18.0,18.0,25.0,26.0,23.0,17.0,15.0,32.0,22.0,21.0,22.0,32.0,19.0,21.0,18.0,20.0,23.0,18.0,21.0,24.0,22.0,34.0,22.0,26.0
33.0,37.0,37.0,32.0,26.0,39.0,32.0,38.0,32.0,23.0,34.0,43.0,39.0,40.0,41.0,44.0,35.0,28.0,31.0,30.0,29.0,29.0,32.0,34.0,30.0,39.0,27.0,25.0,32.0,45.0,27.0,32.0,36.0,36.0,32.0,29.0,28.0,30.0,36.0,29.0,35.0,36.0,33.0,45.0,32.0,44.0,37.0,35.0,44.0,26.0
