10,50,1000
19.587974,17.152291,18.855271,16.427398,18.830039,18.36298,18.025374,16.362844,18.350901,19.494434
9.72019,8.988717,6.135221,7.737391,8.100399,7.128022,9.740457,8.480476,6.916615,6.908743
0.0,10.0,20.0,30.0,40.0,50.0,60.0,70.0,80.0,90.0
10.0,0.0,10.0,20.0,30.0,40.0,50.0,60.0,70.0,80.0
20.0,10.0,0.0,10.0,20.0,30.0,40.0,50.0,60.0,70.0
30.0,20.0,10.0,0.0,10.0,20.0,30.0,40.0,50.0,60.0
40.0,30.0,20.0,10.0,0.0,10.0,20.0,30.0,40.0,50.0
50.0,40.0,30.0,20.0,10.0,0.0,10.0,20.0,30.0,40.0
60.0,50.0,40.0,30.0,20.0,10.0,0.0,10.0,20.0,30.0
70.0,60.0,50.0,40.0,30.0,20.0,10.0,0.0,10.0,20.0
80.0,70.0,60.0,50.0,40.0,30.0,20.0,10.0,0.0,10.0
90.0,80.0,70.0,60.0,50.0,40.0,30.0,20.0,10.0,0.0
450.0,400.0,350.0,300.0,250.0,250.0,300.0,350.0,400.0,450.0
0.0,1.0,2.0,3.0,4.0,5.0,6.0,7.0,8.0,9.0
1.0,0.0,1.0,2.0,3.0,4.0,5.0,6.0,7.0,8.0
2.0,1.0,0.0,1.0,2.0,3.0,4.0,5.0,6.0,7.0
3.0,2.0,1.0,0.0,1.0,2.0,3.0,4.0,5.0,6.0
4.0,3.0,2.0,1.0,0.0,1.0,2.0,3.0,4.0,5.0
5.0,4.0,3.0,2.0,1.0,0.0,1.0,2.0,3.0,4.0
6.0,5.0,4.0,3.0,2.0,1.0,0.0,1.0,2.0,3.0
7.0,6.0,5.0,4.0,3.0,2.0,1.0,0.0,1.0,2.0
8.0,7.0,6.0,5.0,4.0,3.0,2.0,1.0,0.0,1.0
9.0,8.0,7.0,6.0,5.0,4.0,3.0,2.0,1.0,0.0
45.0,40.0,35.0,30.0,25.0,25.0,30.0,35.0,40.0,45.0
33.0,38.0,32.0,41.0,37.0,31.0,33.0,32.0,35.0,39.0,38.0,36.0,40.0,37.0,30.0,36.0,31.0,36.0,43.0,32.0,35.0,37.0,43.0,36.0,37.0,38.0,34.0,28.0,46.0,37.0,37.0,29.0,41.0,33.0,39.0,52.0,28.0,32.0,43.0,39.0,31.0,46.0,31.0,34.0,33.0,49.0,29.0,41.0,50.0,40.0
32.0,36.0,29.0,27.0,24.0,27.0,26.0,30.0,32.0,39.0,40.0,35.0,30.0,31.0,36.0,28.0,37.0,40.0,29.0,33.0,30.0,33.0,45.0,34.0,41.0,35.0,35.0,47.0,36.0,38.0,28.0,29.0,42.0,32.0,30.0,41.0,26.0,28.0,39.0,43.0,40.0,19.0,31.0,37.0,49.0,19.0,36.0,40.0,35.0,31.0
32.0,19.0,24.0,33.0,25.0,21.0,27.0,21.0,32.0,31.0,29.0,17.0,24.0,18.0,24.0,25.0,31.0,28.0,30.0,32.0,21.0,17.0,28.0,23.0,25.0,22.0,32.0,21.0,24.0,32.0,34.0,22.0,22.0,33.0,18.0,24.0,22.0,24.0,18.0,22.0,29.0,18.0,30.0,24.0,31.0,30.0,19.0,28.0,15.0,23.0
27.0,24.0,30.0,23.0,29.0,31.0,32.0,35.0,25.0,20.0,26.0,29.0,30.0,36.0,25.0,25.0,28.0,39.0,27.0,28.0,25.0,28.0,35.0,37.0,32.0,36.0,36.0,23.0,29.0,28.0,29.0,29.0,36.0,30.0,19.0,23.0,23.0,29.0,31.0,35.0,30.0,29.0,30.0,34.0,28.0,35.0,25.0,31.0,28.0,26.0
38.0,37.0,18.0,31.0,27.0,38.0,34.0,29.0,30.0,26.0,37.0,26.0,30.0,33.0,29.0,32.0,32.0,38.0,32.0,30.0,37.0,38.0,44.0,30.0,35.0,30.0,33.0,21.0,26.0,29.0,29.0,34.0,28.0,27.0,24.0,32.0,14.0,28.0,22.0,34.0,21.0,26.0,30.0,32.0,24.0,45.0,31.0,35.0,32.0,31.0
28.0,20.0,31.0,30.0,30.0,22.0,29.0,26.0,33.0,29.0,35.0,31.0,28.0,28.0,27.0,19.0,23.0,23.0,30.0,23.0,31.0,29.0,32.0,34.0,28.0,18.0,19.0,30.0,32.0,32.0,32.0,22.0,33.0,24.0,23.0,28.0,19.0,18.0,26.0,28.0,33.0,37.0,34.0,30.0,26.0,24.0,20.0,22.0,28.0,30.0
39.0,42.0,32.0,28.0,34.0,30.0,41.0,33.0,32.0,37.0,35.0,37.0,32.0,28.0,44.0,44.0,30.0,31.0,35.0,35.0,34.0,36.0,34.0,38.0,29.0,45.0,26.0,36.0,33.0,31.0,31.0,37.0,33.0,39.0,49.0,32.0,40.0,36.0,32.0,41.0,37.0,36.0,31.0,35.0,36.0,34.0,27.0,30.0,26.0,33.0
28.0,34.0,29.0,35.0,33.0,29.0,34.0,34.0,27.0,18.0,32.0,36.0,26.0,24.0,37.0,33.0,32.0,33.0,24.0,37.0,41.0,30.0,34.0,42.0,28.0,31.0,27.0,23.0,27.0,33.0,34.0,35.0,29.0,34.0,37.0,47.0,33.0,28.0,32.0,26.0,33.0,32.0,31.0,24.0,30.0,34.0,28.0,36.0,33.0,36.0
24.0,22.0,28.0,23.0,29.0,23.0,26.0,18.0,29.0,19.0,28.0,32.0,21.0,23.0,19.0,21.0,27.0,31.0,30.0,29.0,30.0,27.0,17.0,27.0,26.0,31.0,22.0,25.0,27.0,26.0,26.0,27.0,37.0,22.0,28.0,27.0,35.0,31.0,33.0,22.0,25.0,28.0,39.0,27.0,30.0,22.0,25.0,24.0,33.0,28.0
26.0,28.0,26.0,36.0,44.0,24.0,30.0,34.0,25.0,28.0,23.0,32.0,25.0,34.0,33.0,25.0,30.0,26.0,28.0,35.0,40.0,23.0,30.0,31.0,32.0,32.0,28.0,31.0,26.0,29.0,31.0,17.0,41.0,24.0,27.0,34.0,33.0,39.0,39.0,27.0,28.0,25.0,23.0,35.0,30.0,19.0,19.0,26.0,24.0,23.0
