10,50,1000
18.568187,15.190512,17.646418,19.781513,15.391367,17.443649,19.993079,15.136229,17.413542,17.67175
5.907367,7.837334,7.117421,7.500268,5.059107,9.84238,8.472629,7.017181,9.421203,5.5908
0.0,10.0,20.0,30.0,40.0,50.0,60.0,70.0,80.0,90.0
10.0,0.0,10.0,20.0,30.0,40.0,50.0,60.0,70.0,80.0
20.0,10.0,0.0,10.0,20.0,30.0,40.0,50.0,60.0,70.0
30.0,20.0,10.0,0.0,10.0,20.0,30.0,40.0,50.0,60.0
40.0,30.0,20.0,10.0,0.0,10.0,20.0,30.0,40.0,50.0
50.0,40.0,30.0,20.0,10.0,0.0,10.0,20.0,30.0,40.0
60.0,50.0,40.0,30.0,20.0,10.0,0.0,10.0,20.0,30.0
70.0,60.0,50.0,40.0,30.0,20.0,10.0,0.0,10.0,20.0
80.0,70.0,60.0,50.0,40.0,30.0,20.0,10.0,0.0,10.0
90.0,80.0,70.0,60.0,50.0,40.0,30.0,20.0,10.0,0.0
450.0,400.0,350.0,300.0,250.0,250.0,300.0,350.0,400.0,450.0
0.0,1.0,2.0,3.0,4.0,5.0,6.0,7.0,8.0,9.0
1.0,0.0,1.0,2.0,3.0,4.0,5.0,6.0,7.0,8.0
2.0,1.0,0.0,1.0,2.0,3.0,4.0,5.0,6.0,7.0
3.0,2.0,1.0,0.0,1.0,2.0,3.0,4.0,5.0,6.0
4.0,3.0,2.0,1.0,0.0,1.0,2.0,3.0,4.0,5.0
5.0,4.0,3.0,2.0,1.0,0.0,1.0,2.0,3.0,4.0
6.0,5.0,4.0,3.0,2.0,1.0,0.0,1.0,2.0,3.0
7.0,6.0,5.0,4.0,3.0,2.0,1.0,0.0,1.0,2.0
8.0,7.0,6.0,5.0,4.0,3.0,2.0,1.0,0.0,1.0
9.0,8.0,7.0,6.0,5.0,4.0,3.0,2.0,1.0,0.0
45.0,40.0,35.0,30.0,25.0,25.0,30.0,35.0,40.0,45.0
25.0,30.0,22.0,25.0,22.0,27.0,22.0,22.0,28.0,27.0,21.0,33.0,29.0,25.0,30.0,22.0,35.0,30.0,15.0,27.0,21.0,13.0,18.0,23.0,22.0,22.0,25.0,19.0,35.0,20.0,13.0,26.0,24.0,24.0,28.0,23.0,22.0,14.0,18.0,25.0,21.0,20.0,28.0,24.0,23.0,24.0,22.0,14.0,24.0,28.0
31.0,27.0,30.0,36.0,24.0,25.0,30.0,42.0,31.0,19.0,37.0,25.0,27.0,33.0,18.0,24.0,32.0,39.0,28.0,27.0,37.0,35.0,30.0,26.0,19.0,27.0,27.0,28.0,35.0,34.0,31.0,31.0,33.0,34.0,33.0,22.0,24.0,34.0,30.0,23.0,33.0,30.0,29.0,31.0,29.0,31.0,28.0,28.0,23.0,22.0
21.0,25.0,27.0,36.0,29.0,15.0,25.0,21.0,33.0,23.0,22.0,30.0,19.0,27.0,25.0,26.0,17.0,27.0,27.0,20.0,28.0,28.0,24.0,26.0,37.0,24.0,25.0,32.0,24.0,40.0,17.0,21.0,27.0,33.0,35.0,28.0,29.0,23.0,38.0,23.0,33.0,27.0,32.0,26.0,26.0,36.0,31.0,24.0,38.0,22.0
26.0,31.0,25.0,24.0,23.0,26.0,26.0,20.0,28.0,29.0,34.0,30.0,24.0,34.0,26.0,38.0,23.0,32.0,23.0,31.0,33.0,38.0,31.0,25.0,37.0,42.0,37.0,44.0,35.0,31.0,26.0,29.0,34.0,34.0,36.0,32.0,29.0,35.0,37.0,28.0,32.0,32.0,29.0,31.0,32.0,33.0,30.0,32.0,31.0,26.0
28.0,22.0,21.0,19.0,23.0,29.0,20.0,31.0,21.0,19.0,18.0,24.0,23.0,17.0,16.0,23.0,25.0,20.0,21.0,19.0,25.0,17.0,24.0,15.0,23.0,26.0,23.0,20.0,29.0,21.0,19.0,16.0,20.0,24.0,28.0,23.0,15.0,21.0,23.0,18.0,15.0,21.0,18.0,15.0,26.0,19.0,19.0,17.0,17.0,16.0
35.0,36.0,30.0,26.0,37.0,46.0,45.0,22.0,37.0,40.0,39.0,41.0,32.0,42.0,36.0,38.0,26.0,28.0,51.0,41.0,34.0,41.0,30.0,35.0,29.0,34.0,42.0,41.0,35.0,44.0,39.0,40.0,36.0,38.0,36.0,26.0,40.0,36.0,33.0,34.0,33.0,30.0,30.0,36.0,35.0,35.0,27.0,29.0,24.0,25.0
34.0,36.0,27.0,29.0,39.0,38.0,37.0,34.0,38.0,25.0,29.0,32.0,32.0,36.0,34.0,34.0,37.0,34.0,32.0,26.0,33.0,32.0,32.0,30.0,39.0,34.0,37.0,33.0,41.0,34.0,38.0,20.0,35.0,35.0,31.0,23.0,34.0,26.0,37.0,22.0,30.0,31.0,36.0,45.0,28.0,34.0,33.0,28.0,29.0,27.0
26.0,23.0,23.0,33.0,28.0,25.0,22.0,25.0,30.0,21.0,34.0,17.0,26.0,34.0,25.0,26.0,24.0,22.0,20.0,33.0,30.0,34.0,16.0,23.0,22.0,27.0,30.0,22.0,26.0,28.0,25.0,20.0,26.0,28.0,36.0,28.0,29.0,26.0,26.0,21.0,29.0,32.0,21.0,21.0,24.0,18.0,36.0,21.0,16.0,26.0
45.0,36.0,43.0,43.0,32.0,36.0,37.0,41.0,33.0,32.0,37.0,37.0,36.0,34.0,37.0,38.0,32.0,40.0,34.0,28.0,31.0,33.0,36.0,29.0,44.0,30.0,36.0,33.0,42.0,39.0,35.0,33.0,44.0,42.0,31.0,43.0,42.0,29.0,40.0,34.0,28.0,32.0,36.0,32.0,36.0,44.0,30.0,28.0,37.0,31.0
21.0,23.0,24.0,22.0,19.0,22.0,23.0,26.0,23.0,36.0,21.0,20.0,21.0,33.0,24.0,22.0,18.0,15.0,24.0,27.0,24.0,22.0,23.0,22.0,29.0,27.0,22.0,27.0,28.0,15.0,17.0,24.0,34.0,20.0,24.0,23.0,29.0,24.0,26.0,20.0,24.0,25.0,18.0,23.0,19.0,20.0,31.0,21.0,22.0,28.0
