10,50,1000
18.220781,15.927732,19.010293,15.7485,17.639182,17.43322,19.52968,16.625085,16.565319,15.703931
5.224864,5.762794,5.891023,6.441032,5.902676,5.74914,9.73884,7.520581,8.230021,9.509388
0.0,10.0,20.0,30.0,40.0,50.0,60.0,70.0,80.0,90.0
10.0,0.0,10.0,20.0,30.0,40.0,50.0,60.0,70.0,80.0
20.0,10.0,0.0,10.0,20.0,30.0,40.0,50.0,60.0,70.0
30.0,20.0,10.0,0.0,10.0,20.0,30.0,40.0,50.0,60.0
40.0,30.0,20.0,10.0,0.0,10.0,20.0,30.0,40.0,50.0
50.0,40.0,30.0,20.0,10.0,0.0,10.0,20.0,30.0,40.0
60.0,50.0,40.0,30.0,20.0,10.0,0.0,10.0,20.0,30.0
70.0,60.0,50.0,40.0,30.0,20.0,10.0,0.0,10.0,20.0
80.0,70.0,60.0,50.0,40.0,30.0,20.0,10.0,0.0,10.0
90.0,80.0,70.0,60.0,50.0,40.0,30.0,20.0,10.0,0.0
450.0,400.0,350.0,300.0,250.0,250.0,300.0,350.0,400.0,450.0
0.0,1.0,2.0,3.0,4.0,5.0,6.0,7.0,8.0,9.0
1.0,0.0,1.0,2.0,3.0,4.0,5.0,6.0,7.0,8.0
2.0,1.0,0.0,1.0,2.0,3.0,4.0,5.0,6.0,7.0
3.0,2.0,1.0,0.0,1.0,2.0,3.0,4.0,5.0,6.0
4.0,3.0,2.0,1.0,0.0,1.0,2.0,3.0,4.0,5.0
5.0,4.0,3.0,2.0,1.0,0.0,1.0,2.0,3.0,4.0
6.0,5.0,4.0,3.0,2.0,1.0,0.0,1.0,2.0,3.0
7.0,6.0,5.0,4.0,3.0,2.0,1.0,0.0,1.0,2.0
8.0,7.0,6.0,5.0,4.0,3.0,2.0,1.0,0.0,1.0
9.0,8.0,7.0,6.0,5.0,4.0,3.0,2.0,1.0,0.0
45.0,40.0,35.0,30.0,25.0,25.0,30.0,35.0,40.0,45.0
30.0,17.0,33.0,30.0,18.0,27.0,23.0,16.0,25.0,20.0,23.0,23.0,34.0,24.0,17.0,14.0,21.0,26.0,18.0,19.0,23.0,24.0,26.0,22.0,16.0,16.0,23.0,21.0,26.0,21.0,19.0,15.0,23.0,25.0,27.0,18.0,22.0,26.0,22.0,21.0,22.0,24.0,17.0,19.0,12.0,26.0,24.0,24.0,17.0,20.0
20.0,29.0,21.0,25.0,16.0,18.0,18.0,23.0,19.0,20.0,20.0,22.0,24.0,17.0,24.0,24.0,10.0,17.0,20.0,22.0,23.0,28.0,23.0,20.0,21.0,21.0,26.0,26.0,21.0,20.0,20.0,27.0,28.0,18.0,24.0,27.0,20.0,19.0,19.0,25.0,18.0,24.0,23.0,31.0,23.0,22.0,24.0,33.0,18.0,37.0
22.0,33.0,17.0,29.0,21.0,21.0,22.0,26.0,20.0,22.0,24.0,16.0,21.0,25.0,16.0,35.0,25.0,33.0,18.0,29.0,22.0,31.0,20.0,29.0,24.0,21.0,24.0,17.0,19.0,20.0,17.0,23.0,17.0,32.0,12.0,25.0,19.0,24.0,30.0,32.0,30.0,34.0,31.0,26.0,18.0,19.0,18.0,21.0,26.0,28.0
29.0,24.0,25.0,24.0,24.0,26.0,29.0,29.0,31.0,19.0,26.0,25.0,27.0,19.0,24.0,28.0,23.0,22.0,30.0,30.0,30.0,20.0,33.0,26.0,31.0,28.0,9.0,32.0,30.0,22.0,29.0,18.0,33.0,23.0,26.0,21.0,20.0,24.0,30.0,27.0,34.0,20.0,21.0,27.0,16.0,28.0,32.0,30.0,26.0,33.0
25.0,24.0,35.0,20.0,23.0,26.0,22.0,23.0,25.0,16.0,31.0,22.0,20.0,28.0,21.0,30.0,30.0,27.0,31.0,22.0,15.0,19.0,28.0,14.0,15.0,14.0,25.0,19.0,27.0,14.0,18.0,30.0,23.0,34.0,23.0,22.0,37.0,20.0,20.0,36.0,20.0,23.0,26.0,23.0,22.0,23.0,39.0,22.0,23.0,32.0
22.0,16.0,15.0,26.0,21.0,25.0,20.0,23.0,25.0,28.0,30.0,25.0,21.0,19.0,19.0,24.0,33.0,18.0,24.0,21.0,25.0,30.0,32.0,22.0,27.0,25.0,23.0,23.0,21.0,26.0,31.0,27.0,24.0,27.0,23.0,21.0,20.0,17.0,24.0,19.0,20.0,26.0,22.0,16.0,18.0,18.0,21.0,16.0,23.0,27.0
33.0,47.0,42.0,34.0,43.0,31.0,42.0,48.0,34.0,41.0,33.0,36.0,40.0,33.0,44.0,37.0,26.0,46.0,43.0,36.0,37.0,29.0,37.0,33.0,41.0,31.0,38.0,57.0,45.0,44.0,47.0,42.0,34.0,43.0,40.0,38.0,29.0,45.0,35.0,36.0,36.0,31.0,34.0,33.0,33.0,30.0,39.0,33.0,35.0,38.0
36.0,26.0,36.0,29.0,33.0,36.0,35.0,35.0,35.0,40.0,32.0,39.0,25.0,29.0,32.0,33.0,33.0,27.0,22.0,29.0,27.0,31.0,12.0,22.0,28.0,39.0,29.0,33.0,16.0,27.0,30.0,21.0,30.0,21.0,29.0,22.0,29.0,25.0,35.0,21.0,30.0,27.0,41.0,34.0,31.0,24.0,29.0,32.0,28.0,31.0
21.0,28.0,28.0,33.0,28.0,25.0,22.0,34.0,36.0,33.0,23.0,40.0,35.0,41.0,38.0,28.0,30.0,32.0,37.0,30.0,25.0,27.0,30.0,30.0,29.0,28.0,25.0,40.0,27.0,31.0,38.0,27.0,29.0,24.0,29.0,38.0,32.0,26.0,34.0,22.0,38.0,36.0,30.0,25.0,31.0,49.0,30.0,33.0,25.0,34.0
37.0,31.0,33.0,31.0,32.0,30.0,28.0,43.0,32.0,32.0,37.0,39.0,36.0,47.0,27.0,38.0,39.0,36.0,34.0,39.0,35.0,29.0,41.0,34.0,31.0,37.0,42.0,28.0,31.0,32.0,36.0,28.0,45.0,37.0,33.0,30.0,35.0,31.0,30.0,24.0,30.0,46.0,38.0,41.0,26.0,36.0,36.0,32.0,33.0,33.0
