10,50,1000
18.395229,15.185466,16.164741,17.614372,15.67685,17.16142,19.615727,15.839993,16.135667,15.754438
7.846296,7.175469,8.992741,7.28403,5.52418,7.915441,8.459495,6.08479,6.840573,8.497836
0.0,10.0,20.0,30.0,40.0,50.0,60.0,70.0,80.0,90.0
10.0,0.0,10.0,20.0,30.0,40.0,50.0,60.0,70.0,80.0
20.0,10.0,0.0,10.0,20.0,30.0,40.0,50.0,60.0,70.0
30.0,20.0,10.0,0.0,10.0,20.0,30.0,40.0,50.0,60.0
40.0,30.0,20.0,10.0,0.0,10.0,20.0,30.0,40.0,50.0
50.0,40.0,30.0,20.0,10.0,0.0,10.0,20.0,30.0,40.0
60.0,50.0,40.0,30.0,20.0,10.0,0.0,10.0,20.0,30.0
70.0,60.0,50.0,40.0,30.0,20.0,10.0,0.0,10.0,20.0
80.0,70.0,60.0,50.0,40.0,30.0,20.0,10.0,0.0,10.0
90.0,80.0,70.0,60.0,50.0,40.0,30.0,20.0,10.0,0.0
450.0,400.0,350.0,300.0,250.0,250.0,300.0,350.0,400.0,450.0
0.0,1.0,2.0,3.0,4.0,5.0,6.0,7.0,8.0,9.0
1.0,0.0,1.0,2.0,3.0,4.0,5.0,6.0,7.0,8.0
2.0,1.0,0.0,1.0,2.0,3.0,4.0,5.0,6.0,7.0
3.0,2.0,1.0,0.0,1.0,2.0,3.0,4.0,5.0,6.0
4.0,3.0,2.0,1.0,0.0,1.0,2.0,3.0,4.0,5.0
5.0,4.0,3.0,2.0,1.0,0.0,1.0,2.0,3.0,4.0
6.0,5.0,4.0,3.0,2.0,1.0,0.0,1.0,2.0,3.0
7.0,6.0,5.0,4.0,3.0,2.0,1.0,0.0,1.0,2.0
8.0,7.0,6.0,5.0,4.0,3.0,2.0,1.0,0.0,1.0
9.0,8.0,7.0,6.0,5.0,4.0,3.0,2.0,1.0,0.0
45.0,40.0,35.0,30.0,25.0,25.0,30.0,35.0,40.0,45.0
22.0,25.0,34.0,31.0,29.0,25.0,21.0,38.0,31.0,26.0,26.0,39.0,19.0,37.0,29.0,30.0,23.0,33.0,28.0,29.0,37.0,39.0,35.0,28.0,28.0,30.0,38.0,34.0,37.0,31.0,44.0,31.0,37.0,34.0,33.0,35.0,27.0,32.0,37.0,26.0,40.0,34.0,39.0,32.0,18.0,27.0,36.0,30.0,30.0,36.0
35.0,32.0,28.0,27.0,28.0,20.0,25.0,25.0,25.0,28.0,21.0,27.0,23.0,29.0,35.0,30.0,21.0,24.0,23.0,31.0,24.0,17.0,26.0,24.0,22.0,25.0,26.0,35.0,31.0,18.0,25.0,23.0,30.0,25.0,32.0,33.0,23.0,29.0,30.0,28.0,21.0,34.0,28.0,32.0,25.0,21.0,36.0,26.0,35.0,29.0
38.0,32.0,40.0,28.0,30.0,32.0,29.0,28.0,22.0,31.0,21.0,31.0,30.0,28.0,30.0,33.0,28.0,32.0,45.0,29.0,29.0,36.0,33.0,25.0,30.0,27.0,41.0,30.0,35.0,40.0,40.0,33.0,37.0,36.0,28.0,32.0,31.0,39.0,39.0,31.0,39.0,21.0,27.0,37.0,30.0,33.0,39.0,37.0,32.0,28.0
25.0,28.0,22.0,34.0,21.0,28.0,25.0,34.0,33.0,24.0,30.0,28.0,29.0,29.0,28.0,25.0,37.0,24.0,29.0,30.0,24.0,30.0,27.0,29.0,22.0,30.0,30.0,28.0,24.0,23.0,30.0,27.0,23.0,20.0,26.0,23.0,28.0,23.0,24.0,29.0,21.0,30.0,25.0,25.0,45.0,36.0,24.0,21.0,25.0,35.0
23.0,31.0,28.0,22.0,24.0,16.0,28.0,18.0,24.0,25.0,9.0,27.0,23.0,23.0,19.0,21.0,22.0,19.0,26.0,19.0,24.0,19.0,16.0,22.0,22.0,25.0,19.0,32.0,17.0,21.0,17.0,19.0,25.0,30.0,28.0,22.0,19.0,20.0,15.0,23.0,19.0,19.0,26.0,18.0,21.0,25.0,26.0,32.0,20.0,16.0
34.0,41.0,33.0,30.0,24.0,26.0,26.0,38.0,22.0,36.0,33.0,28.0,34.0,31.0,25.0,29.0,37.0,38.0,31.0,30.0,41.0,21.0,28.0,27.0,20.0,34.0,29.0,30.0,20.0,34.0,32.0,33.0,19.0,29.0,29.0,29.0,33.0,34.0,27.0,33.0,29.0,30.0,27.0,27.0,33.0,24.0,32.0,30.0,30.0,19.0
32.0,38.0,33.0,29.0,34.0,35.0,36.0,32.0,20.0,25.0,41.0,30.0,28.0,30.0,31.0,37.0,46.0,24.0,38.0,31.0,24.0,25.0,31.0,23.0,25.0,32.0,27.0,45.0,43.0,29.0,36.0,29.0,31.0,26.0,39.0,34.0,33.0,23.0,29.0,36.0,35.0,26.0,28.0,32.0,35.0,31.0,25.0,32.0,38.0,44.0
25.0,18.0,27.0,23.0,30.0,26.0,15.0,23.0,25.0,28.0,13.0,21.0,22.0,21.0,18.0,17.0,20.0,32.0,23.0,31.0,25.0,20.0,19.0,22.0,24.0,28.0,26.0,24.0,28.0,19.0,23.0,27.0,18.0,27.0,18.0,12.0,27.0,22.0,30.0,29.0,28.0,33.0,22.0,18.0,20.0,22.0,31.0,19.0,36.0,15.0
28.0,22.0,25.0,33.0,22.0,17.0,29.0,29.0,31.0,25.0,24.0,22.0,35.0,23.0,41.0,28.0,28.0,29.0,17.0,24.0,29.0,26.0,23.0,27.0,21.0,27.0,22.0,30.0,21.0,24.0,29.0,30.0,20.0,30.0,23.0,22.0,27.0,26.0,22.0,26.0,25.0,35.0,20.0,23.0,27.0,29.0,33.0,25.0,36.0,17.0
46.0,27.0,44.0,38.0,35.0,34.0,24.0,32.0,43.0,40.0,28.0,23.0,31.0,43.0,28.0,30.0,25.0,40.0,25.0,26.0,28.0,37.0,28.0,25.0,28.0,25.0,36.0,28.0,36.0,36.0,22.0,25.0,30.0,40.0,30.0,30.0,23.0,20.0,29.0,29.0,31.0,25.0,26.0,26.0,20.0,28.0,26.0,28.0,28.0,25.0
