10,50,1000
17.188764,18.852605,19.051539,15.190139,17.604183,17.401959,18.048285,19.962465,19.497056,16.577489
8.824501,9.570491,5.59888,8.004388,7.261344,9.309878,8.668502,8.633057,8.906973,6.994884
0.0,10.0,20.0,30.0,40.0,50.0,60.0,70.0,80.0,90.0
10.0,0.0,10.0,20.0,30.0,40.0,50.0,60.0,70.0,80.0
20.0,10.0,0.0,10.0,20.0,30.0,40.0,50.0,60.0,70.0
30.0,20.0,10.0,0.0,10.0,20.0,30.0,40.0,50.0,60.0
40.0,30.0,20.0,10.0,0.0,10.0,20.0,30.0,40.0,50.0
50.0,40.0,30.0,20.0,10.0,0.0,10.0,20.0,30.0,40.0
60.0,50.0,40.0,30.0,20.0,10.0,0.0,10.0,20.0,30.0
70.0,60.0,50.0,40.0,30.0,20.0,10.0,0.0,10.0,20.0
80.0,70.0,60.0,50.0,40.0,30.0,20.0,10.0,0.0,10.0
90.0,80.0,70.0,60.0,50.0,40.0,30.0,20.0,10.0,0.0
450.0,400.0,350.0,300.0,250.0,250.0,300.0,350.0,400.0,450.0
0.0,1.0,2.0,3.0,4.0,5.0,6.0,7.0,8.0,9.0
1.0,0.0,1.0,2.0,3.0,4.0,5.0,6.0,7.0,8.0
2.0,1.0,0.0,1.0,2.0,3.0,4.0,5.0,6.0,7.0
3.0,2.0,1.0,0.0,1.0,2.0,3.0,4.0,5.0,6.0
4.0,3.0,2.0,1.0,0.0,1.0,2.0,3.0,4.0,5.0
5.0,4.0,3.0,2.0,1.0,0.0,1.0,2.0,3.0,4.0
6.0,5.0,4.0,3.0,2.0,1.0,0.0,1.0,2.0,3.0
7.0,6.0,5.0,4.0,3.0,2.0,1.0,0.0,1.0,2.0
8.0,7.0,6.0,5.0,4.0,3.0,2.0,1.0,0.0,1.0
9.0,8.0,7.0,6.0,5.0,4.0,3.0,2.0,1.0,0.0
45.0,40.0,35.0,30.0,25.0,25.0,30.0,35.0,40.0,45.0
33.0,39.0,43.0,23.0,33.0,29.0,28.0,35.0,34.0,26.0,26.0,42.0,38.0,37.0,26.0,41.0,29.0,28.0,34.0,34.0,35.0,39.0,33.0,27.0,38.0,19.0,45.0,35.0,30.0,41.0,28.0,35.0,31.0,44.0,32.0,41.0,27.0,35.0,28.0,36.0,36.0,32.0,27.0,37.0,31.0,35.0,32.0,28.0,29.0,37.0
50.0,31.0,47.0,40.0,39.0,30.0,28.0,41.0,22.0,30.0,42.0,36.0,30.0,31.0,24.0,43.0,33.0,34.0,26.0,33.0,33.0,43.0,32.0,36.0,39.0,34.0,41.0,41.0,47.0,47.0,32.0,28.0,34.0,44.0,28.0,38.0,33.0,33.0,38.0,35.0,37.0,33.0,32.0,38.0,32.0,37.0,27.0,38.0,36.0,31.0
25.0,20.0,18.0,10.0,19.0,29.0,30.0,28.0,21.0,22.0,30.0,26.0,27.0,22.0,17.0,14.0,22.0,30.0,33.0,19.0,25.0,18.0,26.0,22.0,25.0,24.0,27.0,21.0,27.0,21.0,16.0,27.0,25.0,24.0,16.0,18.0,20.0,24.0,22.0,23.0,24.0,23.0,13.0,23.0,23.0,20.0,19.0,20.0,22.0,19.0
25.0,31.0,34.0,23.0,25.0,35.0,33.0,30.0,37.0,34.0,25.0,34.0,46.0,29.0,29.0,34.0,41.0,38.0,19.0,28.0,37.0,29.0,28.0,32.0,29.0,28.0,35.0,29.0,29.0,26.0,38.0,31.0,33.0,38.0,33.0,40.0,27.0,26.0,35.0,31.0,38.0,34.0,28.0,40.0,25.0,17.0,32.0,34.0,35.0,31.0
20.0,27.0,32.0,30.0,32.0,33.0,20.0,18.0,25.0,29.0,30.0,23.0,30.0,21.0,25.0,15.0,32.0,28.0,25.0,22.0,29.0,23.0,37.0,45.0,29.0,15.0,24.0,32.0,21.0,25.0,37.0,32.0,24.0,41.0,33.0,24.0,28.0,18.0,33.0,30.0,34.0,22.0,34.0,36.0,33.0,31.0,30.0,19.0,25.0,31.0
37.0,28.0,36.0,29.0,38.0,35.0,39.0,33.0,28.0,37.0,32.0,43.0,33.0,33.0,31.0,29.0,33.0,45.0,37.0,25.0,27.0,30.0,26.0,37.0,29.0,37.0,37.0,34.0,35.0,31.0,23.0,30.0,33.0,42.0,30.0,33.0,36.0,37.0,31.0,31.0,25.0,46.0,34.0,27.0,39.0,27.0,32.0,27.0,38.0,37.0
22.0,42.0,29.0,19.0,42.0,40.0,31.0,33.0,28.0,33.0,25.0,19.0,46.0,30.0,35.0,34.0,34.0,40.0,32.0,37.0,31.0,42.0,32.0,34.0,28.0,40.0,41.0,39.0,34.0,24.0,43.0,33.0,34.0,32.0,28.0,32.0,34.0,43.0,37.0,34.0,25.0,28.0,25.0,37.0,29.0,34.0,27.0,47.0,35.0,45.0
25.0,49.0,29.0,33.0,34.0,30.0,39.0,36.0,36.0,32.0,27.0,29.0,36.0,33.0,34.0,42.0,40.0,31.0,35.0,31.0,24.0,33.0,37.0,40.0,38.0,33.0,37.0,45.0,42.0,36.0,34.0,40.0,31.0,43.0,37.0,28.0,22.0,26.0,36.0,25.0,40.0,36.0,32.0,29.0,29.0,34.0,46.0,35.0,32.0,44.0
39.0,37.0,29.0,36.0,31.0,36.0,33.0,33.0,40.0,35.0,29.0,27.0,31.0,26.0,34.0,35.0,27.0,32.0,46.0,27.0,24.0,35.0,36.0,22.0,46.0,39.0,35.0,48.0,33.0,31.0,26.0,21.0,36.0,26.0,33.0,24.0,28.0,29.0,38.0,39.0,35.0,31.0,33.0,32.0,26.0,38.0,25.0,35.0,33.0,32.0
25.0,22.0,32.0,18.0,33.0,25.0,28.0,22.0,35.0,24.0,37.0,20.0,31.0,20.0,17.0,26.0,28.0,21.0,34.0,27.0,25.0,29.0,27.0,30.0,28.0,22.0,24.0,25.0,22.0,23.0,30.0,43.0,28.0,29.0,30.0,31.0,27.0,32.0,19.0,38.0,23.0,26.0,35.0,30.0,28.0,25.0,26.0,34.0,39.0,22.0
