10,50,1000
19.342025,18.054433,17.356417,16.810325,19.208079,17.975127,17.347533,17.824743,19.637202,17.224014
7.09228,8.941682,5.394645,7.819018,9.032947,7.368488,8.534008,9.485539,5.71157,7.033976
0.0,10.0,20.0,30.0,40.0,50.0,60.0,70.0,80.0,90.0
10.0,0.0,10.0,20.0,30.0,40.0,50.0,60.0,70.0,80.0
20.0,10.0,0.0,10.0,20.0,30.0,40.0,50.0,60.0,70.0
30.0,20.0,10.0,0.0,10.0,20.0,30.0,40.0,50.0,60.0
40.0,30.0,20.0,10.0,0.0,10.0,20.0,30.0,40.0,50.0
50.0,40.0,30.0,20.0,10.0,0.0,10.0,20.0,30.0,40.0
60.0,50.0,40.0,30.0,20.0,10.0,0.0,10.0,20.0,30.0
70.0,60.0,50.0,40.0,30.0,20.0,10.0,0.0,10.0,20.0
80.0,70.0,60.0,50.0,40.0,30.0,20.0,10.0,0.0,10.0
90.0,80.0,70.0,60.0,50.0,40.0,30.0,20.0,10.0,0.0
450.0,400.0,350.0,300.0,250.0,250.0,300.0,350.0,400.0,450.0
0.0,1.0,2.0,3.0,4.0,5.0,6.0,7.0,8.0,9.0
1.0,0.0,1.0,2.0,3.0,4.0,5.0,6.0,7.0,8.0
2.0,1.0,0.0,1.0,2.0,3.0,4.0,5.0,6.0,7.0
3.0,2.0,1.0,0.0,1.0,2.0,3.0,4.0,5.0,6.0
4.0,3.0,2.0,1.0,0.0,1.0,2.0,3.0,4.0,5.0
5.0,4.0,3.0,2.0,1.0,0.0,1.0,2.0,3.0,4.0
6.0,5.0,4.0,3.0,2.0,1.0,0.0,1.0,2.0,3.0
7.0,6.0,5.0,4.0,3.0,2.0,1.0,0.0,1.0,2.0
8.0,7.0,6.0,5.0,4.0,3.0,2.0,1.0,0.0,1.0
9.0,8.0,7.0,6.0,5.0,4.0,3.0,2.0,1.0,0.0
45.0,40.0,35.0,30.0,25.0,25.0,30.0,35.0,40.0,45.0
24.0,26.0,23.0,18.0,27.0,29.0,36.0,25.0,31.0,21.0,37.0,33.0,34.0,25.0,33.0,26.0,22.0,23.0,33.0,40.0,35.0,19.0,20.0,29.0,33.0,33.0,18.0,32.0,22.0,36.0,31.0,25.0,27.0,31.0,33.0,31.0,31.0,25.0,42.0,28.0,30.0,40.0,29.0,30.0,29.0,23.0,32.0,25.0,27.0,31.0
37.0,22.0,29.0,35.0,32.0,33.0,24.0,27.0,34.0,37.0,41.0,25.0,35.0,38.0,28.0,40.0,40.0,27.0,43.0,27.0,33.0,31.0,38.0,37.0,28.0,34.0,33.0,26.0,34.0,27.0,18.0,27.0,32.0,40.0,31.0,33.0,35.0,35.0,39.0,38.0,39.0,34.0,27.0,41.0,18.0,37.0,31.0,38.0,39.0,35.0
11.0,31.0,20.0,25.0,27.0,25.0,21.0,12.0,21.0,21.0,21.0,17.0,27.0,19.0,32.0,18.0,26.0,26.0,32.0,26.0,23.0,27.0,16.0,21.0,20.0,28.0,23.0,20.0,25.0,23.0,18.0,33.0,25.0,23.0,17.0,20.0,21.0,11.0,22.0,24.0,15.0,23.0,23.0,26.0,22.0,19.0,30.0,14.0,20.0,22.0
32.0,30.0,29.0,24.0,31.0,26.0,26.0,28.0,41.0,24.0,34.0,17.0,30.0,35.0,25.0,29.0,30.0,27.0,30.0,28.0,21.0,34.0,35.0,29.0,20.0,30.0,31.0,43.0,36.0,27.0,29.0,23.0,25.0,35.0,20.0,37.0,31.0,31.0,39.0,37.0,18.0,34.0,32.0,25.0,33.0,27.0,24.0,26.0,25.0,30.0
33.0,31.0,29.0,41.0,37.0,27.0,32.0,39.0,42.0,35.0,34.0,34.0,32.0,37.0,32.0,36.0,34.0,42.0,32.0,29.0,25.0,34.0,34.0,31.0,31.0,36.0,33.0,39.0,29.0,45.0,44.0,34.0,32.0,29.0,38.0,40.0,23.0,34.0,38.0,51.0,34.0,30.0,32.0,29.0,33.0,31.0,44.0,35.0,23.0,36.0
23.0,31.0,32.0,32.0,32.0,27.0,24.0,25.0,25.0,37.0,24.0,22.0,33.0,24.0,28.0,21.0,24.0,31.0,23.0,32.0,29.0,31.0,20.0,23.0,36.0,17.0,20.0,25.0,26.0,20.0,23.0,29.0,22.0,24.0,36.0,26.0,19.0,40.0,26.0,36.0,25.0,36.0,29.0,25.0,28.0,28.0,28.0,21.0,37.0,27.0
25.0,27.0,32.0,35.0,24.0,33.0,33.0,33.0,25.0,25.0,31.0,23.0,26.0,35.0,36.0,34.0,27.0,29.0,28.0,41.0,33.0,37.0,32.0,42.0,28.0,23.0,29.0,37.0,35.0,37.0,25.0,32.0,19.0,34.0,32.0,27.0,20.0,38.0,36.0,29.0,37.0,38.0,18.0,30.0,31.0,38.0,35.0,27.0,29.0,39.0
31.0,30.0,33.0,35.0,27.0,29.0,42.0,36.0,35.0,35.0,35.0,36.0,37.0,33.0,42.0,34.0,32.0,31.0,37.0,38.0,31.0,40.0,33.0,27.0,35.0,35.0,40.0,29.0,33.0,40.0,31.0,33.0,38.0,26.0,35.0,28.0,37.0,24.0,38.0,31.0,33.0,31.0,34.0,29.0,29.0,37.0,44.0,34.0,30.0,31.0
24.0,19.0,14.0,24.0,18.0,21.0,16.0,24.0,24.0,31.0,27.0,15.0,23.0,29.0,31.0,21.0,23.0,20.0,34.0,21.0,20.0,29.0,21.0,24.0,23.0,24.0,24.0,25.0,25.0,27.0,17.0,16.0,29.0,24.0,26.0,27.0,27.0,20.0,22.0,27.0,31.0,29.0,25.0,29.0,19.0,21.0,13.0,25.0,28.0,20.0
21.0,28.0,29.0,24.0,26.0,32.0,30.0,27.0,25.0,26.0,31.0,27.0,11.0,33.0,26.0,32.0,33.0,30.0,37.0,23.0,19.0,25.0,28.0,31.0,25.0,37.0,19.0,30.0,27.0,31.0,29.0,31.0,27.0,17.0,29.0,27.0,37.0,27.0,26.0,36.0,24.0,27.0,28.0,40.0,25.0,24.0,23.0,20.0,19.0,32.0
