10,50,1000
15.641469,19.205254,15.946231,18.300591,16.148744,19.003341,19.250146,17.779575,15.184935,18.838532
7.396808,9.710664,7.053895,9.593949,8.456598,5.260719,9.276515,6.357472,5.554584,9.640888
0.0,10.0,20.0,30.0,40.0,50.0,60.0,70.0,80.0,90.0
10.0,0.0,10.0,20.0,30.0,40.0,50.0,60.0,70.0,80.0
20.0,10.0,0.0,10.0,20.0,30.0,40.0,50.0,60.0,70.0
30.0,20.0,10.0,0.0,10.0,20.0,30.0,40.0,50.0,60.0
40.0,30.0,20.0,10.0,0.0,10.0,20.0,30.0,40.0,50.0
50.0,40.0,30.0,20.0,10.0,0.0,10.0,20.0,30.0,40.0
60.0,50.0,40.0,30.0,20.0,10.0,0.0,10.0,20.0,30.0
70.0,60.0,50.0,40.0,30.0,20.0,10.0,0.0,10.0,20.0
80.0,70.0,60.0,50.0,40.0,30.0,20.0,10.0,0.0,10.0
90.0,80.0,70.0,60.0,50.0,40.0,30.0,20.0,10.0,0.0
450.0,400.0,350.0,300.0,250.0,250.0,300.0,350.0,400.0,450.0
0.0,1.0,2.0,3.0,4.0,5.0,6.0,7.0,8.0,9.0
1.0,0.0,1.0,2.0,3.0,4.0,5.0,6.0,7.0,8.0
2.0,1.0,0.0,1.0,2.0,3.0,4.0,5.0,6.0,7.0
3.0,2.0,1.0,0.0,1.0,2.0,3.0,4.0,5.0,6.0
4.0,3.0,2.0,1.0,0.0,1.0,2.0,3.0,4.0,5.0
5.0,4.0,3.0,2.0,1.0,0.0,1.0,2.0,3.0,4.0
6.0,5.0,4.0,3.0,2.0,1.0,0.0,1.0,2.0,3.0
7.0,6.0,5.0,4.0,3.0,2.0,1.0,0.0,1.0,2.0
8.0,7.0,6.0,5.0,4.0,3.0,2.0,1.0,0.0,1.0
9.0,8.0,7.0,6.0,5.0,4.0,3.0,2.0,1.0,0.0
45.0,40.0,35.0,30.0,25.0,25.0,30.0,35.0,40.0,45.0
27.0,31.0,41.0,31.0,22.0,24.0,31.0,25.0,25.0,26.0,17.0,28.0,25.0,29.0,26.0,33.0,30.0,32.0,28.0,33.0,32.0,26.0,27.0,36.0,36.0,27.0,26.0,25.0,22.0,40.0,24.0,29.0,27.0,30.0,42.0,29.0,28.0,29.0,27.0,35.0,27.0,28.0,35.0,28.0,31.0,25.0,32.0,28.0,23.0,18.0
31.0,29.0,40.0,35.0,52.0,33.0,39.0,37.0,44.0,35.0,39.0,43.0,36.0,33.0,37.0,34.0,33.0,38.0,47.0,36.0,41.0,33.0,36.0,22.0,37.0,45.0,45.0,34.0,38.0,31.0,40.0,37.0,41.0,33.0,55.0,34.0,25.0,29.0,36.0,36.0,34.0,32.0,40.0,30.0,26.0,43.0,22.0,29.0,37.0,37.0
22.0,28.0,42.0,24.0,26.0,34.0,26.0,26.0,32.0,24.0,29.0,19.0,22.0,26.0,17.0,33.0,19.0,19.0,20.0,25.0,28.0,24.0,35.0,26.0,27.0,27.0,26.0,21.0,22.0,25.0,23.0,25.0,35.0,29.0,24.0,29.0,22.0,31.0,37.0,18.0,35.0,29.0,27.0,25.0,27.0,20.0,26.0,28.0,26.0,22.0
38.0,44.0,41.0,39.0,40.0,37.0,40.0,39.0,41.0,31.0,35.0,42.0,31.0,43.0,34.0,40.0,31.0,43.0,37.0,37.0,34.0,37.0,43.0,49.0,37.0,52.0,32.0,31.0,38.0,36.0,31.0,40.0,34.0,27.0,42.0,45.0,30.0,34.0,28.0,26.0,32.0,46.0,36.0,44.0,40.0,26.0,35.0,35.0,35.0,39.0
35.0,23.0,32.0,34.0,32.0,31.0,39.0,32.0,35.0,33.0,33.0,24.0,28.0,30.0,19.0,38.0,32.0,31.0,33.0,28.0,26.0,26.0,29.0,33.0,30.0,26.0,30.0,35.0,32.0,31.0,37.0,38.0,36.0,31.0,33.0,26.0,31.0,29.0,38.0,33.0,27.0,28.0,33.0,27.0,35.0,30.0,31.0,31.0,35.0,26.0
24.0,17.0,15.0,29.0,15.0,17.0,16.0,27.0,18.0,24.0,26.0,22.0,20.0,22.0,15.0,29.0,26.0,19.0,21.0,25.0,18.0,19.0,22.0,23.0,19.0,10.0,25.0,18.0,27.0,19.0,21.0,21.0,34.0,28.0,20.0,21.0,27.0,29.0,26.0,22.0,25.0,25.0,24.0,25.0,26.0,27.0,20.0,28.0,23.0,24.0
32.0,39.0,37.0,33.0,37.0,36.0,38.0,31.0,29.0,27.0,29.0,38.0,30.0,39.0,42.0,31.0,31.0,29.0,39.0,32.0,28.0,26.0,31.0,35.0,28.0,26.0,32.0,35.0,42.0,36.0,32.0,28.0,41.0,27.0,34.0,39.0,33.0,38.0,40.0,37.0,26.0,53.0,37.0,35.0,35.0,30.0,36.0,31.0,44.0,25.0
32.0,22.0,22.0,26.0,29.0,29.0,27.0,28.0,12.0,27.0,20.0,25.0,27.0,23.0,32.0,20.0,28.0,25.0,22.0,29.0,23.0,20.0,20.0,19.0,27.0,26.0,22.0,28.0,13.0,26.0,24.0,20.0,24.0,28.0,24.0,28.0,17.0,24.0,18.0,27.0,20.0,28.0,23.0,26.0,25.0,26.0,17.0,18.0,29.0,20.0
18.0,16.0,20.0,19.0,14.0,20.0,22.0,21.0,25.0,28.0,20.0,17.0,23.0,17.0,17.0,31.0,28.0,19.0,20.0,26.0,25.0,18.0,21.0,27.0,19.0,21.0,12.0,24.0,17.0,31.0,15.0,16.0,25.0,22.0,18.0,21.0,27.0,18.0,17.0,26.0,28.0,28.0,25.0,20.0,18.0,20.0,22.0,7.0,18.0,26.0
39.0,37.0,30.0,37.0,30.0,33.0,25.0,33.0,39.0,20.0,31.0,41.0,35.0,34.0,31.0,38.0,41.0,44.0,29.0,30.0,43.0,27.0,40.0,28.0,41.0,36.0,28.0,35.0,28.0,36.0,32.0,36.0,41.0,37.0,40.0,26.0,41.0,33.0,33.0,37.0,38.0,25.0,29.0,52.0,39.0,34.0,26.0,41.0,34.0,37.0
