10,50,1000
15.701258,19.953528,16.538685,19.930439,19.631199,15.565377,19.178361,17.58961,18.913341,15.363801
7.407755,9.349677,7.014481,5.974519,5.98175,9.41351,9.292222,8.625071,5.105819,7.7921
0.0,10.0,20.0,30.0,40.0,50.0,60.0,70.0,80.0,90.0
10.0,0.0,10.0,20.0,30.0,40.0,50.0,60.0,70.0,80.0
20.0,10.0,0.0,10.0,20.0,30.0,40.0,50.0,60.0,70.0
30.0,20.0,10.0,0.0,10.0,20.0,30.0,40.0,50.0,60.0
40.0,30.0,20.0,10.0,0.0,10.0,20.0,30.0,40.0,50.0
50.0,40.0,30.0,20.0,10.0,0.0,10.0,20.0,30.0,40.0
60.0,50.0,40.0,30.0,20.0,10.0,0.0,10.0,20.0,30.0
70.0,60.0,50.0,40.0,30.0,20.0,10.0,0.0,10.0,20.0
80.0,70.0,60.0,50.0,40.0,30.0,20.0,10.0,0.0,10.0
90.0,80.0,70.0,60.0,50.0,40.0,30.0,20.0,10.0,0.0
450.0,400.0,350.0,300.0,250.0,250.0,300.0,350.0,400.0,450.0
0.0,1.0,2.0,3.0,4.0,5.0,6.0,7.0,8.0,9.0
1.0,0.0,1.0,2.0,3.0,4.0,5.0,6.0,7.0,8.0
2.0,1.0,0.0,1.0,2.0,3.0,4.0,5.0,6.0,7.0
3.0,2.0,1.0,0.0,1.0,2.0,3.0,4.0,5.0,6.0
4.0,3.0,2.0,1.0,0.0,1.0,2.0,3.0,4.0,5.0
5.0,4.0,3.0,2.0,1.0,0.0,1.0,2.0,3.0,4.0
6.0,5.0,4.0,3.0,2.0,1.0,0.0,1.0,2.0,3.0
7.0,6.0,5.0,4.0,3.0,2.0,1.0,0.0,1.0,2.0
8.0,7.0,6.0,5.0,4.0,3.0,2.0,1.0,0.0,1.0
9.0,8.0,7.0,6.0,5.0,4.0,3.0,2.0,1.0,0.0
45.0,40.0,35.0,30.0,25.0,25.0,30.0,35.0,40.0,45.0
36.0,36.0,20.0,30.0,28.0,31.0,22.0,27.0,29.0,37.0,44.0,33.0,27.0,23.0,26.0,30.0,31.0,30.0,34.0,21.0,26.0,20.0,29.0,37.0,26.0,24.0,27.0,33.0,20.0,30.0,27.0,21.0,27.0,26.0,21.0,25.0,27.0,23.0,21.0,30.0,33.0,25.0,37.0,19.0,29.0,30.0,32.0,25.0,32.0,24.0
40.0,27.0,37.0,38.0,35.0,26.0,36.0,37.0,24.0,28.0,32.0,34.0,42.0,30.0,38.0,41.0,29.0,36.0,29.0,39.0,40.0,40.0,37.0,33.0,43.0,35.0,40.0,27.0,40.0,27.0,37.0,26.0,38.0,37.0,37.0,33.0,40.0,29.0,36.0,44.0,36.0,28.0,33.0,42.0,35.0,30.0,42.0,37.0,30.0,21.0
23.0,24.0,27.0,25.0,31.0,29.0,17.0,30.0,31.0,31.0,24.0,23.0,25.0,35.0,30.0,25.0,23.0,31.0,24.0,23.0,33.0,24.0,29.0,30.0,27.0,29.0,16.0,28.0,28.0,20.0,31.0,25.0,33.0,25.0,25.0,29.0,20.0,30.0,22.0,31.0,27.0,23.0,29.0,25.0,21.0,31.0,22.0,28.0,17.0,20.0
31.0,25.0,30.0,15.0,23.0,21.0,18.0,31.0,17.0,28.0,27.0,20.0,34.0,26.0,22.0,22.0,27.0,23.0,21.0,38.0,14.0,22.0,24.0,25.0,20.0,18.0,22.0,29.0,29.0,26.0,31.0,22.0,29.0,23.0,20.0,31.0,30.0,23.0,20.0,26.0,21.0,19.0,33.0,18.0,29.0,25.0,21.0,33.0,23.0,33.0
19.0,23.0,26.0,26.0,16.0,37.0,20.0,25.0,24.0,35.0,25.0,23.0,36.0,22.0,26.0,28.0,25.0,23.0,30.0,20.0,20.0,25.0,17.0,24.0,25.0,30.0,18.0,24.0,32.0,25.0,26.0,26.0,22.0,32.0,28.0,16.0,21.0,26.0,16.0,33.0,29.0,22.0,24.0,23.0,13.0,16.0,14.0,26.0,19.0,23.0
36.0,34.0,38.0,30.0,42.0,26.0,37.0,17.0,39.0,30.0,38.0,42.0,26.0,41.0,29.0,25.0,42.0,31.0,33.0,40.0,28.0,31.0,44.0,27.0,33.0,33.0,41.0,34.0,44.0,39.0,41.0,27.0,38.0,40.0,28.0,28.0,35.0,31.0,31.0,42.0,41.0,38.0,37.0,33.0,26.0,24.0,37.0,36.0,30.0,33.0
35.0,38.0,35.0,41.0,38.0,21.0,32.0,32.0,36.0,34.0,24.0,38.0,34.0,30.0,40.0,41.0,30.0,37.0,32.0,32.0,35.0,26.0,28.0,39.0,43.0,41.0,35.0,40.0,28.0,33.0,31.0,43.0,30.0,33.0,32.0,43.0,32.0,44.0,32.0,42.0,32.0,19.0,39.0,29.0,43.0,28.0,36.0,32.0,37.0,43.0
37.0,27.0,38.0,21.0,32.0,23.0,47.0,39.0,30.0,26.0,32.0,24.0,26.0,40.0,33.0,34.0,32.0,36.0,28.0,24.0,38.0,33.0,34.0,32.0,33.0,25.0,33.0,27.0,23.0,25.0,39.0,31.0,27.0,22.0,29.0,41.0,40.0,37.0,34.0,30.0,37.0,43.0,24.0,28.0,35.0,26.0,25.0,33.0,31.0,40.0
27.0,23.0,20.0,21.0,19.0,32.0,15.0,15.0,19.0,21.0,18.0,20.0,17.0,21.0,26.0,17.0,30.0,27.0,23.0,16.0,24.0,19.0,22.0,25.0,24.0,29.0,21.0,18.0,19.0,14.0,19.0,26.0,27.0,15.0,27.0,16.0,28.0,19.0,19.0,22.0,19.0,16.0,22.0,22.0,30.0,20.0,23.0,24.0,33.0,21.0
25.0,19.0,38.0,26.0,32.0,27.0,33.0,23.0,28.0,36.0,27.0,26.0,26.0,28.0,28.0,21.0,27.0,38.0,31.0,24.0,30.0,26.0,24.0,34.0,28.0,31.0,29.0,23.0,33.0,29.0,21.0,28.0,29.0,28.0,28.0,27.0,20.0,36.0,30.0,40.0,30.0,25.0,43.0,31.0,27.0,23.0,28.0,39.0,30.0,27.0
