10,50,1000
16.109657,18.389973,19.14066,16.918997,18.189824,17.233922,19.209217,19.757561,17.214524,19.365296
9.248009,6.831792,7.857776,9.089997,6.433977,6.866885,9.024506,7.166005,5.915444,8.073419
0.0,10.0,20.0,30.0,40.0,50.0,60.0,70.0,80.0,90.0
10.0,0.0,10.0,20.0,30.0,40.0,50.0,60.0,70.0,80.0
20.0,10.0,0.0,10.0,20.0,30.0,40.0,50.0,60.0,70.0
30.0,20.0,10.0,0.0,10.0,20.0,30.0,40.0,50.0,60.0
40.0,30.0,20.0,10.0,0.0,10.0,20.0,30.0,40.0,50.0
50.0,40.0,30.0,20.0,10.0,0.0,10.0,20.0,30.0,40.0
60.0,50.0,40.0,30.0,20.0,10.0,0.0,10.0,20.0,30.0
70.0,60.0,50.0,40.0,30.0,20.0,10.0,0.0,10.0,20.0
80.0,70.0,60.0,50.0,40.0,30.0,20.0,10.0,0.0,10.0
90.0,80.0,70.0,60.0,50.0,40.0,30.0,20.0,10.0,0.0
450.0,400.0,350.0,300.0,250.0,250.0,300.0,350.0,400.0,450.0
0.0,1.0,2.0,3.0,4.0,5.0,6.0,7.0,8.0,9.0
1.0,0.0,1.0,2.0,3.0,4.0,5.0,6.0,7.0,8.0
2.0,1.0,0.0,1.0,2.0,3.0,4.0,5.0,6.0,7.0
3.0,2.0,1.0,0.0,1.0,2.0,3.0,4.0,5.0,6.0
4.0,3.0,2.0,1.0,0.0,1.0,2.0,3.0,4.0,5.0
5.0,4.0,3.0,2.0,1.0,0.0,1.0,2.0,3.0,4.0
6.0,5.0,4.0,3.0,2.0,1.0,0.0,1.0,2.0,3.0
7.0,6.0,5.0,4.0,3.0,2.0,1.0,0.0,1.0,2.0
8.0,7.0,6.0,5.0,4.0,3.0,2.0,1.0,0.0,1.0
9.0,8.0,7.0,6.0,5.0,4.0,3.0,2.0,1.0,0.0
45.0,40.0,35.0,30.0,25.0,25.0,30.0,35.0,40.0,45.0
37.0,29.0,31.0,28.0,39.0,43.0,32.0,35.0,26.0,30.0,35.0,30.0,35.0,31.0,47.0,32.0,19.0,34.0,32.0,31.0,41.0,53.0,43.0,39.0,28.0,46.0,32.0,33.0,28.0,30.0,31.0,34.0,29.0,31.0,23.0,37.0,33.0,38.0,34.0,28.0,34.0,43.0,33.0,39.0,25.0,43.0,33.0,40.0,32.0,29.0
26.0,32.0,29.0,32.0,27.0,27.0,26.0,31.0,21.0,26.0,18.0,27.0,36.0,28.0,19.0,32.0,28.0,25.0,24.0,19.0,33.0,35.0,25.0,30.0,23.0,25.0,26.0,23.0,24.0,29.0,29.0,34.0,26.0,22.0,21.0,36.0,30.0,29.0,18.0,26.0,23.0,21.0,33.0,24.0,22.0,19.0,28.0,23.0,23.0,21.0
30.0,38.0,26.0,37.0,40.0,30.0,26.0,24.0,29.0,37.0,29.0,34.0,26.0,31.0,27.0,40.0,25.0,19.0,30.0,39.0,39.0,26.0,31.0,25.0,26.0,33.0,25.0,32.0,19.0,35.0,33.0,28.0,26.0,19.0,45.0,35.0,26.0,35.0,33.0,35.0,40.0,32.0,19.0,30.0,32.0,29.0,27.0,34.0,21.0,31.0
38.0,44.0,37.0,40.0,32.0,32.0,32.0,31.0,31.0,40.0,48.0,31.0,34.0,33.0,37.0,26.0,36.0,34.0,34.0,37.0,36.0,25.0,34.0,32.0,28.0,35.0,26.0,39.0,34.0,23.0,36.0,36.0,38.0,38.0,31.0,24.0,29.0,24.0,34.0,26.0,28.0,33.0,43.0,44.0,41.0,24.0,37.0,33.0,31.0,40.0
22.0,19.0,23.0,29.0,23.0,23.0,27.0,19.0,26.0,20.0,37.0,31.0,25.0,22.0,19.0,27.0,27.0,25.0,23.0,22.0,29.0,19.0,21.0,37.0,25.0,27.0,27.0,24.0,21.0,20.0,29.0,30.0,26.0,23.0,27.0,28.0,30.0,27.0,23.0,29.0,24.0,29.0,32.0,21.0,28.0,19.0,25.0,26.0,12.0,27.0
21.0,36.0,23.0,26.0,31.0,25.0,32.0,26.0,27.0,36.0,34.0,26.0,33.0,26.0,27.0,24.0,19.0,28.0,29.0,26.0,18.0,30.0,34.0,31.0,38.0,19.0,17.0,24.0,21.0,29.0,26.0,18.0,22.0,23.0,23.0,31.0,31.0,31.0,38.0,31.0,32.0,35.0,19.0,24.0,27.0,23.0,21.0,22.0,27.0,26.0
41.0,29.0,34.0,26.0,41.0,41.0,32.0,27.0,30.0,39.0,34.0,29.0,29.0,34.0,33.0,35.0,27.0,28.0,33.0,33.0,39.0,27.0,25.0,34.0,28.0,28.0,33.0,39.0,37.0,28.0,35.0,31.0,38.0,33.0,35.0,39.0,45.0,33.0,42.0,47.0,36.0,28.0,43.0,27.0,35.0,20.0,37.0,36.0,28.0,33.0
29.0,31.0,29.0,24.0,17.0,24.0,26.0,30.0,35.0,28.0,17.0,23.0,20.0,29.0,22.0,31.0,35.0,32.0,27.0,32.0,28.0,32.0,20.0,27.0,33.0,26.0,16.0,31.0,33.0,30.0,23.0,24.0,26.0,31.0,25.0,30.0,27.0,27.0,37.0,33.0,26.0,30.0,24.0,27.0,29.0,31.0,23.0,28.0,28.0,32.0
15.0,18.0,19.0,23.0,27.0,23.0,21.0,21.0,32.0,25.0,26.0,23.0,22.0,23.0,31.0,19.0,24.0,26.0,24.0,23.0,28.0,18.0,22.0,27.0,20.0,30.0,22.0,28.0,29.0,22.0,27.0,27.0,26.0,31.0,25.0,23.0,22.0,23.0,32.0,22.0,32.0,27.0,25.0,26.0,27.0,19.0,26.0,30.0,27.0,32.0
34.0,34.0,31.0,42.0,30.0,23.0,33.0,30.0,30.0,35.0,19.0,43.0,21.0,36.0,28.0,35.0,32.0,35.0,32.0,31.0,20.0,25.0,31.0,33.0,25.0,23.0,28.0,31.0,31.0,23.0,40.0,27.0,37.0,36.0,34.0,34.0,37.0,32.0,34.0,36.0,22.0,23.0,22.0,24.0,32.0,30.0,36.0,33.0,33.0,26.0
