10,50,1000
19.748874,18.92428,15.88784,16.220401,19.494008,15.525108,17.841179,16.926544,19.394319,15.2497
7.374123,7.636494,5.921539,5.109965,5.726075,5.098773,6.862084,5.589528,9.830614,9.336309
0.0,10.0,20.0,30.0,40.0,50.0,60.0,70.0,80.0,90.0
10.0,0.0,10.0,20.0,30.0,40.0,50.0,60.0,70.0,80.0
20.0,10.0,0.0,10.0,20.0,30.0,40.0,50.0,60.0,70.0
30.0,20.0,10.0,0.0,10.0,20.0,30.0,40.0,50.0,60.0
40.0,30.0,20.0,10.0,0.0,10.0,20.0,30.0,40.0,50.0
50.0,40.0,30.0,20.0,10.0,0.0,10.0,20.0,30.0,40.0
60.0,50.0,40.0,30.0,20.0,10.0,0.0,10.0,20.0,30.0
70.0,60.0,50.0,40.0,30.0,20.0,10.0,0.0,10.0,20.0
80.0,70.0,60.0,50.0,40.0,30.0,20.0,10.0,0.0,10.0
90.0,80.0,70.0,60.0,50.0,40.0,30.0,20.0,10.0,0.0
450.0,400.0,350.0,300.0,250.0,250.0,300.0,350.0,400.0,450.0
0.0,1.0,2.0,3.0,4.0,5.0,6.0,7.0,8.0,9.0
1.0,0.0,1.0,2.0,3.0,4.0,5.0,6.0,7.0,8.0
2.0,1.0,0.0,1.0,2.0,3.0,4.0,5.0,6.0,7.0
3.0,2.0,1.0,0.0,1.0,2.0,3.0,4.0,5.0,6.0
4.0,3.0,2.0,1.0,0.0,1.0,2.0,3.0,4.0,5.0
5.0,4.0,3.0,2.0,1.0,0.0,1.0,2.0,3.0,4.0
6.0,5.0,4.0,3.0,2.0,1.0,0.0,1.0,2.0,3.0
7.0,6.0,5.0,4.0,3.0,2.0,1.0,0.0,1.0,2.0
8.0,7.0,6.0,5.0,4.0,3.0,2.0,1.0,0.0,1.0
9.0,8.0,7.0,6.0,5.0,4.0,3.0,2.0,1.0,0.0
45.0,40.0,35.0,30.0,25.0,25.0,30.0,35.0,40.0,45.0
26.0,27.0,28.0,32.0,31.0,29.0,22.0,37.0,33.0,30.0,16.0,25.0,31.0,28.0,31.0,28.0,24.0,26.0,34.0,38.0,26.0,28.0,25.0,19.0,39.0,44.0,27.0,18.0,29.0,25.0,26.0,22.0,35.0,39.0,33.0,30.0,29.0,28.0,44.0,29.0,27.0,29.0,25.0,29.0,25.0,27.0,25.0,27.0,31.0,28.0
29.0,25.0,26.0,33.0,24.0,32.0,20.0,31.0,30.0,36.0,25.0,33.0,33.0,32.0,29.0,40.0,32.0,33.0,44.0,23.0,32.0,33.0,25.0,33.0,32.0,22.0,31.0,37.0,20.0,36.0,24.0,23.0,38.0,34.0,32.0,35.0,29.0,25.0,25.0,36.0,27.0,36.0,37.0,33.0,30.0,27.0,15.0,37.0,36.0,28.0
28.0,12.0,21.0,21.0,16.0,15.0,23.0,27.0,34.0,17.0,19.0,29.0,16.0,26.0,22.0,19.0,19.0,36.0,27.0,33.0,29.0,19.0,27.0,26.0,15.0,23.0,24.0,19.0,18.0,18.0,24.0,24.0,27.0,22.0,23.0,23.0,18.0,20.0,16.0,32.0,18.0,22.0,24.0,14.0,29.0,24.0,19.0,27.0,28.0,15.0
23.0,25.0,24.0,27.0,20.0,21.0,14.0,28.0,15.0,18.0,21.0,25.0,14.0,15.0,20.0,16.0,31.0,22.0,14.0,16.0,15.0,17.0,26.0,22.0,24.0,18.0,17.0,23.0,24.0,24.0,26.0,16.0,28.0,21.0,23.0,22.0,22.0,29.0,22.0,25.0,24.0,27.0,23.0,17.0,16.0,20.0,17.0,14.0,19.0,17.0
29.0,25.0,35.0,20.0,27.0,30.0,31.0,26.0,22.0,22.0,29.0,23.0,31.0,27.0,23.0,28.0,22.0,31.0,20.0,24.0,22.0,26.0,25.0,18.0,23.0,37.0,29.0,24.0,24.0,28.0,16.0,29.0,22.0,29.0,20.0,21.0,22.0,26.0,23.0,16.0,19.0,34.0,24.0,22.0,14.0,25.0,24.0,14.0,14.0,22.0
19.0,21.0,21.0,34.0,22.0,19.0,11.0,13.0,23.0,25.0,13.0,17.0,21.0,15.0,24.0,16.0,25.0,19.0,21.0,14.0,28.0,26.0,34.0,21.0,18.0,22.0,24.0,25.0,21.0,25.0,18.0,29.0,26.0,36.0,19.0,16.0,22.0,24.0,16.0,29.0,15.0,16.0,14.0,19.0,16.0,22.0,32.0,20.0,14.0,21.0
21.0,18.0,26.0,25.0,30.0,30.0,22.0,24.0,27.0,24.0,29.0,29.0,15.0,35.0,27.0,17.0,32.0,33.0,31.0,24.0,24.0,27.0,28.0,25.0,23.0,31.0,18.0,27.0,25.0,27.0,26.0,24.0,20.0,21.0,27.0,28.0,32.0,38.0,25.0,19.0,23.0,25.0,26.0,21.0,33.0,22.0,37.0,18.0,32.0,30.0
26.0,24.0,26.0,22.0,22.0,26.0,19.0,28.0,29.0,22.0,20.0,20.0,20.0,28.0,22.0,23.0,25.0,32.0,17.0,24.0,29.0,25.0,32.0,19.0,21.0,22.0,21.0,23.0,24.0,24.0,26.0,22.0,17.0,19.0,29.0,25.0,15.0,24.0,23.0,24.0,20.0,23.0,26.0,17.0,34.0,25.0,25.0,21.0,30.0,16.0
34.0,43.0,34.0,41.0,35.0,44.0,38.0,42.0,39.0,29.0,32.0,36.0,41.0,46.0,49.0,40.0,40.0,37.0,39.0,35.0,40.0,32.0,39.0,35.0,48.0,43.0,38.0,37.0,32.0,31.0,38.0,31.0,42.0,38.0,42.0,30.0,42.0,40.0,28.0,37.0,31.0,35.0,37.0,27.0,43.0,41.0,40.0,35.0,37.0,38.0
39.0,31.0,25.0,35.0,40.0,23.0,39.0,44.0,33.0,39.0,34.0,30.0,42.0,35.0,34.0,24.0,27.0,31.0,29.0,32.0,24.0,36.0,27.0,28.0,41.0,39.0,24.0,46.0,32.0,33.0,30.0,31.0,29.0,39.0,28.0,31.0,38.0,32.0,28.0,33.0,27.0,27.0,24.0,28.0,30.0,31.0,36.0,38.0,32.0,41.0
