10,50,1000
15.814296,15.490428,18.708023,19.271384,19.19586,19.840026,17.329114,15.991084,15.47687,15.761832
7.964298,9.857912,6.165486,8.386726,8.925705,5.642024,9.573761,9.376557,6.324199,5.948553
0.0,10.0,20.0,30.0,40.0,50.0,60.0,70.0,80.0,90.0
10.0,0.0,10.0,20.0,30.0,40.0,50.0,60.0,70.0,80.0
20.0,10.0,0.0,10.0,20.0,30.0,40.0,50.0,60.0,70.0
30.0,20.0,10.0,0.0,10.0,20.0,30.0,40.0,50.0,60.0
40.0,30.0,20.0,10.0,0.0,10.0,20.0,30.0,40.0,50.0
50.0,40.0,30.0,20.0,10.0,0.0,10.0,20.0,30.0,40.0
60.0,50.0,40.0,30.0,20.0,10.0,0.0,10.0,20.0,30.0
70.0,60.0,50.0,40.0,30.0,20.0,10.0,0.0,10.0,20.0
80.0,70.0,60.0,50.0,40.0,30.0,20.0,10.0,0.0,10.0
90.0,80.0,70.0,60.0,50.0,40.0,30.0,20.0,10.0,0.0
450.0,400.0,350.0,300.0,250.0,250.0,300.0,350.0,400.0,450.0
0.0,1.0,2.0,3.0,4.0,5.0,6.0,7.0,8.0,9.0
1.0,0.0,1.0,2.0,3.0,4.0,5.0,6.0,7.0,8.0
2.0,1.0,0.0,1.0,2.0,3.0,4.0,5.0,6.0,7.0
3.0,2.0,1.0,0.0,1.0,2.0,3.0,4.0,5.0,6.0
4.0,3.0,2.0,1.0,0.0,1.0,2.0,3.0,4.0,5.0
5.0,4.0,3.0,2.0,1.0,0.0,1.0,2.0,3.0,4.0
6.0,5.0,4.0,3.0,2.0,1.0,0.0,1.0,2.0,3.0
7.0,6.0,5.0,4.0,3.0,2.0,1.0,0.0,1.0,2.0
8.0,7.0,6.0,5.0,4.0,3.0,2.0,1.0,0.0,1.0
9.0,8.0,7.0,6.0,5.0,4.0,3.0,2.0,1.0,0.0
45.0,40.0,35.0,30.0,25.0,25.0,30.0,35.0,40.0,45.0
30.0,31.0,19.0,24.0,25.0,40.0,30.0,29.0,37.0,23.0,26.0,25.0,31.0,37.0,31.0,30.0,27.0,29.0,34.0,28.0,30.0,28.0,29.0,23.0,37.0,24.0,35.0,31.0,35.0,20.0,33.0,26.0,28.0,27.0,29.0,26.0,34.0,20.0,36.0,29.0,40.0,36.0,27.0,18.0,34.0,28.0,25.0,25.0,32.0,25.0
42.0,31.0,34.0,47.0,37.0,24.0,30.0,31.0,48.0,40.0,38.0,40.0,39.0,29.0,38.0,38.0,40.0,35.0,37.0,31.0,39.0,33.0,58.0,31.0,41.0,47.0,34.0,45.0,46.0,33.0,37.0,35.0,35.0,35.0,27.0,41.0,38.0,34.0,37.0,39.0,38.0,38.0,33.0,41.0,43.0,34.0,26.0,46.0,42.0,31.0
19.0,23.0,28.0,34.0,23.0,24.0,25.0,24.0,22.0,39.0,20.0,19.0,25.0,23.0,24.0,35.0,23.0,35.0,21.0,20.0,30.0,26.0,23.0,16.0,29.0,27.0,22.0,23.0,27.0,24.0,20.0,27.0,32.0,27.0,17.0,20.0,23.0,24.0,34.0,20.0,20.0,18.0,27.0,21.0,24.0,23.0,14.0,27.0,29.0,32.0
39.0,38.0,39.0,28.0,36.0,25.0,35.0,36.0,23.0,33.0,29.0,18.0,25.0,37.0,20.0,34.0,35.0,32.0,26.0,33.0,37.0,36.0,38.0,26.0,42.0,33.0,29.0,31.0,24.0,25.0,43.0,39.0,25.0,30.0,48.0,34.0,30.0,24.0,26.0,28.0,31.0,39.0,19.0,39.0,32.0,35.0,27.0,25.0,29.0,31.0
34.0,38.0,36.0,40.0,41.0,28.0,31.0,25.0,42.0,23.0,34.0,30.0,31.0,44.0,45.0,42.0,45.0,33.0,33.0,31.0,26.0,29.0,34.0,24.0,24.0,23.0,39.0,30.0,24.0,31.0,30.0,31.0,40.0,40.0,38.0,43.0,39.0,33.0,28.0,37.0,36.0,34.0,40.0,39.0,36.0,24.0,34.0,37.0,25.0,39.0
24.0,24.0,27.0,18.0,27.0,13.0,29.0,32.0,21.0,22.0,16.0,17.0,22.0,27.0,28.0,21.0,27.0,33.0,28.0,18.0,36.0,28.0,21.0,27.0,18.0,25.0,22.0,25.0,15.0,17.0,24.0,24.0,14.0,25.0,15.0,27.0,23.0,29.0,21.0,20.0,41.0,20.0,22.0,28.0,32.0,25.0,20.0,29.0,27.0,26.0
46.0,34.0,36.0,33.0,36.0,23.0,33.0,38.0,31.0,39.0,36.0,42.0,32.0,35.0,35.0,34.0,38.0,25.0,39.0,35.0,38.0,30.0,39.0,31.0,28.0,32.0,33.0,33.0,30.0,29.0,22.0,28.0,37.0,34.0,44.0,28.0,33.0,27.0,41.0,40.0,42.0,38.0,36.0,36.0,29.0,39.0,33.0,29.0,33.0,44.0
40.0,32.0,31.0,43.0,47.0,36.0,35.0,32.0,24.0,36.0,41.0,36.0,21.0,35.0,34.0,37.0,21.0,41.0,41.0,28.0,47.0,34.0,37.0,33.0,44.0,41.0,32.0,33.0,41.0,41.0,32.0,49.0,36.0,33.0,45.0,34.0,36.0,35.0,36.0,40.0,31.0,24.0,32.0,28.0,28.0,40.0,38.0,43.0,36.0,26.0
32.0,19.0,20.0,23.0,10.0,18.0,21.0,25.0,22.0,24.0,26.0,33.0,24.0,30.0,18.0,27.0,19.0,18.0,25.0,21.0,27.0,23.0,16.0,26.0,31.0,22.0,27.0,20.0,28.0,31.0,16.0,23.0,18.0,19.0,25.0,22.0,22.0,25.0,27.0,29.0,20.0,31.0,19.0,18.0,27.0,34.0,34.0,16.0,20.0,29.0
28.0,27.0,31.0,27.0,23.0,21.0,24.0,24.0,25.0,10.0,27.0,25.0,29.0,26.0,10.0,22.0,26.0,39.0,23.0,20.0,19.0,15.0,24.0,25.0,29.0,22.0,18.0,29.0,20.0,27.0,16.0,19.0,19.0,24.0,25.0,22.0,29.0,19.0,24.0,23.0,22.0,22.0,28.0,22.0,26.0,25.0,37.0,26.0,21.0,26.0
