10,50,1000
17.57532,15.488818,19.13665,19.556635,17.006058,18.250992,16.21733,19.613644,16.185037,16.624353
5.528658,7.734982,9.714653,8.526931,7.499274,5.40182,5.865113,9.693355,6.981648,5.824693
0.0,10.0,20.0,30.0,40.0,50.0,60.0,70.0,80.0,90.0
10.0,0.0,10.0,20.0,30.0,40.0,50.0,60.0,70.0,80.0
20.0,10.0,0.0,10.0,20.0,30.0,40.0,50.0,60.0,70.0
30.0,20.0,10.0,0.0,10.0,20.0,30.0,40.0,50.0,60.0
40.0,30.0,20.0,10.0,0.0,10.0,20.0,30.0,40.0,50.0
50.0,40.0,30.0,20.0,10.0,0.0,10.0,20.0,30.0,40.0
60.0,50.0,40.0,30.0,20.0,10.0,0.0,10.0,20.0,30.0
70.0,60.0,50.0,40.0,30.0,20.0,10.0,0.0,10.0,20.0
80.0,70.0,60.0,50.0,40.0,30.0,20.0,10.0,0.0,10.0
90.0,80.0,70.0,60.0,50.0,40.0,30.0,20.0,10.0,0.0
450.0,400.0,350.0,300.0,250.0,250.0,300.0,350.0,400.0,450.0
0.0,1.0,2.0,3.0,4.0,5.0,6.0,7.0,8.0,9.0
1.0,0.0,1.0,2.0,3.0,4.0,5.0,6.0,7.0,8.0
2.0,1.0,0.0,1.0,2.0,3.0,4.0,5.0,6.0,7.0
3.0,2.0,1.0,0.0,1.0,2.0,3.0,4.0,5.0,6.0
4.0,3.0,2.0,1.0,0.0,1.0,2.0,3.0,4.0,5.0
5.0,4.0,3.0,2.0,1.0,0.0,1.0,2.0,3.0,4.0
6.0,5.0,4.0,3.0,2.0,1.0,0.0,1.0,2.0,3.0
7.0,6.0,5.0,4.0,3.0,2.0,1.0,0.0,1.0,2.0
8.0,7.0,6.0,5.0,4.0,3.0,2.0,1.0,0.0,1.0
9.0,8.0,7.0,6.0,5.0,4.0,3.0,2.0,1.0,0.0
45.0,40.0,35.0,30.0,25.0,25.0,30.0,35.0,40.0,45.0
25.0,22.0,26.0,27.0,25.0,27.0,24.0,21.0,23.0,21.0,24.0,21.0,21.0,29.0,18.0,21.0,22.0,20.0,26.0,18.0,30.0,28.0,25.0,21.0,23.0,15.0,25.0,16.0,24.0,16.0,18.0,28.0,24.0,21.0,21.0,31.0,20.0,18.0,23.0,20.0,25.0,21.0,27.0,24.0,21.0,25.0,12.0,24.0,22.0,26.0
28.0,24.0,30.0,32.0,35.0,23.0,33.0,29.0,21.0,28.0,29.0,34.0,32.0,36.0,25.0,39.0,22.0,34.0,26.0,22.0,38.0,22.0,29.0,30.0,27.0,34.0,36.0,31.0,32.0,31.0,30.0,36.0,34.0,30.0,26.0,17.0,26.0,26.0,34.0,39.0,30.0,23.0,19.0,25.0,34.0,27.0,24.0,33.0,28.0,28.0
42.0,32.0,27.0,39.0,32.0,41.0,26.0,26.0,39.0,37.0,38.0,31.0,31.0,46.0,44.0,37.0,45.0,31.0,39.0,32.0,37.0,46.0,33.0,32.0,34.0,41.0,32.0,37.0,32.0,33.0,34.0,46.0,30.0,37.0,37.0,26.0,31.0,38.0,32.0,35.0,30.0,46.0,44.0,35.0,33.0,41.0,37.0,36.0,39.0,42.0
25.0,41.0,29.0,34.0,35.0,30.0,36.0,30.0,38.0,26.0,30.0,30.0,29.0,41.0,39.0,35.0,31.0,30.0,38.0,32.0,36.0,34.0,26.0,30.0,44.0,29.0,38.0,30.0,29.0,30.0,28.0,29.0,36.0,26.0,30.0,30.0,37.0,24.0,32.0,28.0,35.0,26.0,30.0,29.0,38.0,43.0,19.0,33.0,33.0,27.0
25.0,30.0,29.0,24.0,26.0,25.0,34.0,34.0,20.0,41.0,31.0,30.0,29.0,30.0,32.0,36.0,33.0,27.0,26.0,28.0,29.0,22.0,28.0,35.0,30.0,27.0,41.0,31.0,37.0,27.0,25.0,22.0,21.0,27.0,37.0,28.0,27.0,31.0,25.0,26.0,26.0,27.0,21.0,35.0,27.0,31.0,27.0,41.0,27.0,32.0
18.0,19.0,19.0,23.0,22.0,25.0,24.0,19.0,22.0,24.0,23.0,16.0,28.0,16.0,24.0,20.0,20.0,22.0,27.0,21.0,15.0,21.0,35.0,24.0,17.0,20.0,17.0,15.0,20.0,25.0,21.0,25.0,29.0,27.0,22.0,22.0,18.0,27.0,19.0,27.0,18.0,17.0,26.0,25.0,16.0,26.0,24.0,17.0,20.0,27.0
31.0,32.0,20.0,22.0,22.0,20.0,21.0,19.0,23.0,10.0,30.0,17.0,19.0,17.0,22.0,24.0,17.0,20.0,21.0,21.0,18.0,22.0,21.0,32.0,25.0,21.0,15.0,27.0,26.0,25.0,27.0,21.0,24.0,21.0,18.0,22.0,17.0,22.0,22.0,26.0,23.0,18.0,26.0,27.0,16.0,20.0,18.0,20.0,20.0,17.0
34.0,35.0,54.0,31.0,31.0,36.0,31.0,39.0,41.0,33.0,45.0,34.0,44.0,32.0,33.0,26.0,42.0,34.0,38.0,38.0,42.0,24.0,37.0,38.0,35.0,45.0,33.0,37.0,40.0,46.0,55.0,30.0,39.0,32.0,39.0,37.0,27.0,38.0,44.0,35.0,41.0,37.0,47.0,25.0,29.0,32.0,26.0,31.0,30.0,37.0
28.0,31.0,27.0,25.0,30.0,35.0,23.0,33.0,20.0,25.0,29.0,21.0,28.0,25.0,40.0,32.0,25.0,17.0,25.0,27.0,25.0,32.0,32.0,27.0,29.0,33.0,17.0,27.0,20.0,25.0,23.0,29.0,28.0,23.0,26.0,29.0,29.0,31.0,35.0,25.0,28.0,17.0,16.0,29.0,33.0,19.0,34.0,24.0,28.0,33.0
16.0,18.0,23.0,24.0,29.0,30.0,21.0,28.0,16.0,20.0,16.0,26.0,15.0,22.0,22.0,31.0,22.0,23.0,27.0,29.0,22.0,19.0,25.0,27.0,31.0,17.0,24.0,30.0,23.0,18.0,24.0,21.0,25.0,31.0,20.0,26.0,29.0,23.0,27.0,23.0,24.0,28.0,21.0,26.0,27.0,27.0,18.0,17.0,30.0,24.0
