10,50,1000
19.063855,19.311919,15.899264,19.555401,19.383663,18.563995,18.652546,15.614121,17.990067,15.436587
6.005865,8.442502,5.032877,9.960179,6.638307,6.782595,8.612807,6.150407,7.422144,8.345136
0.0,10.0,20.0,30.0,40.0,50.0,60.0,70.0,80.0,90.0
10.0,0.0,10.0,20.0,30.0,40.0,50.0,60.0,70.0,80.0
20.0,10.0,0.0,10.0,20.0,30.0,40.0,50.0,60.0,70.0
30.0,20.0,10.0,0.0,10.0,20.0,30.0,40.0,50.0,60.0
40.0,30.0,20.0,10.0,0.0,10.0,20.0,30.0,40.0,50.0
50.0,40.0,30.0,20.0,10.0,0.0,10.0,20.0,30.0,40.0
60.0,50.0,40.0,30.0,20.0,10.0,0.0,10.0,20.0,30.0
70.0,60.0,50.0,40.0,30.0,20.0,10.0,0.0,10.0,20.0
80.0,70.0,60.0,50.0,40.0,30.0,20.0,10.0,0.0,10.0
90.0,80.0,70.0,60.0,50.0,40.0,30.0,20.0,10.0,0.0
450.0,400.0,350.0,300.0,250.0,250.0,300.0,350.0,400.0,450.0
0.0,1.0,2.0,3.0,4.0,5.0,6.0,7.0,8.0,9.0
1.0,0.0,1.0,2.0,3.0,4.0,5.0,6.0,7.0,8.0
2.0,1.0,0.0,1.0,2.0,3.0,4.0,5.0,6.0,7.0
3.0,2.0,1.0,0.0,1.0,2.0,3.0,4.0,5.0,6.0
4.0,3.0,2.0,1.0,0.0,1.0,2.0,3.0,4.0,5.0
5.0,4.0,3.0,2.0,1.0,0.0,1.0,2.0,3.0,4.0
6.0,5.0,4.0,3.0,2.0,1.0,0.0,1.0,2.0,3.0
7.0,6.0,5.0,4.0,3.0,2.0,1.0,0.0,1.0,2.0
8.0,7.0,6.0,5.0,4.0,3.0,2.0,1.0,0.0,1.0
9.0,8.0,7.0,6.0,5.0,4.0,3.0,2.0,1.0,0.0
45.0,40.0,35.0,30.0,25.0,25.0,30.0,35.0,40.0,45.0
25.0,29.0,24.0,31.0,22.0,23.0,26.0,28.0,18.0,19.0,25.0,26.0,22.0,17.0,29.0,22.0,34.0,22.0,20.0,28.0,29.0,18.0,11.0,30.0,27.0,23.0,29.0,33.0,25.0,32.0,23.0,26.0,25.0,26.0,16.0,16.0,17.0,28.0,22.0,22.0,29.0,26.0,21.0,30.0,26.0,25.0,19.0,27.0,23.0,27.0
39.0,25.0,35.0,34.0,34.0,36.0,41.0,30.0,40.0,32.0,36.0,25.0,20.0,35.0,31.0,37.0,35.0,30.0,35.0,27.0,37.0,34.0,31.0,24.0,20.0,24.0,29.0,25.0,39.0,29.0,25.0,38.0,32.0,31.0,29.0,48.0,26.0,28.0,26.0,39.0,36.0,38.0,33.0,30.0,34.0,25.0,44.0,34.0,23.0,26.0
18.0,18.0,18.0,26.0,17.0,19.0,25.0,25.0,19.0,10.0,25.0,25.0,13.0,19.0,18.0,15.0,21.0,28.0,10.0,17.0,16.0,20.0,18.0,21.0,16.0,14.0,19.0,29.0,23.0,18.0,15.0,12.0,20.0,25.0,28.0,23.0,25.0,24.0,21.0,21.0,25.0,18.0,20.0,18.0,22.0,8.0,18.0,23.0,26.0,23.0
40.0,37.0,31.0,38.0,28.0,34.0,42.0,34.0,24.0,27.0,30.0,22.0,39.0,36.0,41.0,43.0,53.0,30.0,40.0,32.0,42.0,38.0,30.0,40.0,33.0,43.0,33.0,34.0,38.0,43.0,33.0,43.0,35.0,36.0,28.0,35.0,46.0,43.0,27.0,43.0,31.0,30.0,26.0,41.0,34.0,30.0,35.0,38.0,32.0,35.0
23.0,31.0,29.0,17.0,21.0,29.0,32.0,23.0,41.0,29.0,22.0,28.0,21.0,23.0,27.0,36.0,30.0,33.0,31.0,28.0,34.0,16.0,29.0,26.0,22.0,24.0,25.0,28.0,28.0,30.0,18.0,25.0,31.0,28.0,33.0,22.0,35.0,25.0,24.0,27.0,32.0,22.0,30.0,26.0,29.0,28.0,31.0,26.0,29.0,37.0
25.0,30.0,22.0,33.0,21.0,26.0,26.0,27.0,30.0,28.0,25.0,33.0,33.0,35.0,29.0,25.0,23.0,24.0,26.0,22.0,24.0,34.0,32.0,28.0,24.0,15.0,27.0,26.0,23.0,24.0,34.0,15.0,24.0,27.0,31.0,31.0,22.0,21.0,34.0,19.0,24.0,28.0,35.0,32.0,24.0,38.0,26.0,33.0,26.0,21.0
22.0,26.0,40.0,35.0,28.0,34.0,27.0,30.0,27.0,27.0,40.0,40.0,33.0,34.0,35.0,24.0,40.0,39.0,39.0,26.0,29.0,38.0,34.0,33.0,38.0,32.0,46.0,40.0,34.0,33.0,28.0,33.0,29.0,39.0,31.0,36.0,30.0,20.0,29.0,32.0,38.0,33.0,30.0,31.0,38.0,39.0,28.0,28.0,31.0,35.0
21.0,21.0,16.0,28.0,31.0,23.0,19.0,24.0,20.0,24.0,23.0,20.0,25.0,23.0,22.0,22.0,15.0,16.0,33.0,32.0,19.0,25.0,25.0,21.0,20.0,13.0,19.0,31.0,30.0,24.0,28.0,30.0,20.0,27.0,27.0,18.0,18.0,24.0,27.0,29.0,26.0,25.0,26.0,22.0,25.0,19.0,25.0,32.0,22.0,19.0
20.0,25.0,22.0,20.0,28.0,28.0,28.0,24.0,25.0,25.0,47.0,40.0,34.0,17.0,31.0,20.0,33.0,25.0,28.0,32.0,26.0,27.0,19.0,31.0,28.0,30.0,25.0,29.0,34.0,32.0,26.0,18.0,16.0,27.0,22.0,27.0,31.0,28.0,37.0,33.0,22.0,36.0,26.0,35.0,30.0,28.0,31.0,26.0,28.0,26.0
29.0,27.0,32.0,30.0,36.0,38.0,35.0,26.0,38.0,28.0,31.0,23.0,22.0,23.0,28.0,25.0,31.0,35.0,28.0,36.0,29.0,39.0,28.0,25.0,31.0,25.0,30.0,39.0,32.0,29.0,34.0,28.0,29.0,40.0,25.0,30.0,40.0,32.0,34.0,27.0,26.0,33.0,30.0,34.0,40.0,43.0,29.0,29.0,35.0,28.0
