10,50,1000
16.538448,19.179616,18.91776,15.495929,16.62069,17.890411,17.163005,17.779159,16.144123,18.856743
6.090942,6.197118,8.971148,6.995084,9.865658,7.243077,7.161182,5.342455,7.908451,7.437453
0.0,10.0,20.0,30.0,40.0,50.0,60.0,70.0,80.0,90.0
10.0,0.0,10.0,20.0,30.0,40.0,50.0,60.0,70.0,80.0
20.0,10.0,0.0,10.0,20.0,30.0,40.0,50.0,60.0,70.0
30.0,20.0,10.0,0.0,10.0,20.0,30.0,40.0,50.0,60.0
40.0,30.0,20.0,10.0,0.0,10.0,20.0,30.0,40.0,50.0
50.0,40.0,30.0,20.0,10.0,0.0,10.0,20.0,30.0,40.0
60.0,50.0,40.0,30.0,20.0,10.0,0.0,10.0,20.0,30.0
70.0,60.0,50.0,40.0,30.0,20.0,10.0,0.0,10.0,20.0
80.0,70.0,60.0,50.0,40.0,30.0,20.0,10.0,0.0,10.0
90.0,80.0,70.0,60.0,50.0,40.0,30.0,20.0,10.0,0.0
450.0,400.0,350.0,300.0,250.0,250.0,300.0,350.0,400.0,450.0
0.0,1.0,2.0,3.0,4.0,5.0,6.0,7.0,8.0,9.0
1.0,0.0,1.0,2.0,3.0,4.0,5.0,6.0,7.0,8.0
2.0,1.0,0.0,1.0,2.0,3.0,4.0,5.0,6.0,7.0
3.0,2.0,1.0,0.0,1.0,2.0,3.0,4.0,5.0,6.0
4.0,3.0,2.0,1.0,0.0,1.0,2.0,3.0,4.0,5.0
5.0,4.0,3.0,2.0,1.0,0.0,1.0,2.0,3.0,4.0
6.0,5.0,4.0,3.0,2.0,1.0,0.0,1.0,2.0,3.0
7.0,6.0,5.0,4.0,3.0,2.0,1.0,0.0,1.0,2.0
8.0,7.0,6.0,5.0,4.0,3.0,2.0,1.0,0.0,1.0
9.0,8.0,7.0,6.0,5.0,4.0,3.0,2.0,1.0,0.0
45.0,40.0,35.0,30.0,25.0,25.0,30.0,35.0,40.0,45.0
27.0,26.0,28.0,22.0,18.0,17.0,26.0,27.0,32.0,23.0,27.0,25.0,23.0,21.0,24.0,15.0,24.0,35.0,21.0,27.0,22.0,17.0,24.0,22.0,31.0,24.0,23.0,19.0,29.0,37.0,21.0,18.0,22.0,30.0,31.0,21.0,22.0,27.0,18.0,27.0,40.0,30.0,29.0,24.0,21.0,29.0,21.0,22.0,21.0,19.0
28.0,35.0,15.0,24.0,20.0,25.0,28.0,30.0,25.0,30.0,17.0,32.0,26.0,25.0,27.0,29.0,31.0,19.0,20.0,16.0,28.0,28.0,18.0,25.0,29.0,22.0,22.0,29.0,21.0,27.0,23.0,23.0,32.0,28.0,20.0,25.0,23.0,30.0,29.0,23.0,19.0,26.0,25.0,21.0,26.0,14.0,32.0,18.0,29.0,17.0
39.0,37.0,34.0,31.0,25.0,34.0,23.0,33.0,32.0,37.0,18.0,33.0,29.0,39.0,41.0,31.0,30.0,24.0,33.0,27.0,31.0,32.0,34.0,27.0,32.0,32.0,37.0,36.0,35.0,38.0,29.0,33.0,28.0,36.0,36.0,32.0,37.0,39.0,36.0,36.0,29.0,38.0,35.0,41.0,42.0,44.0,38.0,31.0,46.0,36.0
24.0,22.0,27.0,22.0,21.0,25.0,26.0,31.0,30.0,23.0,26.0,31.0,32.0,32.0,33.0,25.0,23.0,27.0,20.0,24.0,28.0,16.0,33.0,28.0,34.0,23.0,37.0,29.0,23.0,23.0,26.0,23.0,25.0,35.0,42.0,29.0,24.0,22.0,23.0,27.0,23.0,27.0,31.0,29.0,32.0,24.0,32.0,32.0,33.0,24.0
50.0,32.0,43.0,34.0,51.0,30.0,34.0,49.0,35.0,39.0,30.0,29.0,37.0,26.0,30.0,31.0,43.0,40.0,34.0,29.0,36.0,27.0,41.0,39.0,37.0,31.0,38.0,36.0,37.0,35.0,38.0,44.0,43.0,45.0,33.0,35.0,45.0,36.0,28.0,48.0,39.0,42.0,38.0,41.0,36.0,39.0,41.0,29.0,36.0,21.0
25.0,26.0,30.0,19.0,20.0,42.0,33.0,12.0,34.0,28.0,22.0,26.0,22.0,26.0,20.0,23.0,26.0,23.0,23.0,17.0,22.0,33.0,30.0,20.0,21.0,25.0,33.0,22.0,27.0,34.0,28.0,27.0,29.0,32.0,25.0,25.0,31.0,30.0,28.0,33.0,25.0,29.0,26.0,18.0,35.0,24.0,20.0,24.0,26.0,30.0
22.0,28.0,24.0,31.0,27.0,27.0,26.0,25.0,22.0,31.0,30.0,24.0,27.0,29.0,36.0,19.0,18.0,33.0,32.0,29.0,44.0,34.0,27.0,21.0,24.0,29.0,25.0,32.0,33.0,32.0,26.0,24.0,23.0,33.0,28.0,37.0,25.0,26.0,34.0,27.0,32.0,20.0,29.0,32.0,24.0,19.0,31.0,29.0,23.0,21.0
12.0,23.0,19.0,25.0,28.0,23.0,20.0,21.0,26.0,32.0,28.0,17.0,27.0,24.0,23.0,22.0,19.0,20.0,16.0,23.0,23.0,20.0,22.0,36.0,21.0,17.0,28.0,23.0,30.0,23.0,30.0,22.0,20.0,21.0,26.0,20.0,31.0,24.0,20.0,25.0,28.0,23.0,19.0,18.0,25.0,22.0,22.0,21.0,17.0,27.0
34.0,29.0,36.0,26.0,45.0,29.0,35.0,25.0,29.0,29.0,37.0,27.0,27.0,31.0,38.0,29.0,31.0,36.0,30.0,16.0,34.0,42.0,29.0,27.0,22.0,31.0,27.0,27.0,31.0,40.0,29.0,33.0,27.0,31.0,23.0,28.0,31.0,29.0,28.0,43.0,38.0,34.0,34.0,28.0,29.0,22.0,23.0,28.0,34.0,21.0
27.0,26.0,28.0,24.0,40.0,33.0,24.0,36.0,28.0,33.0,32.0,32.0,34.0,34.0,31.0,33.0,27.0,31.0,29.0,28.0,27.0,21.0,23.0,24.0,32.0,31.0,29.0,29.0,27.0,37.0,28.0,31.0,24.0,35.0,23.0,34.0,19.0,22.0,42.0,25.0,23.0,32.0,23.0,22.0,36.0,26.0,32.0,26.0,32.0,24.0
