10,50,1000
16.797419,18.171421,16.451474,15.088865,17.476656,17.073227,15.176538,17.298371,15.389581,18.868415
6.62522,5.45795,8.404433,9.87661,5.800286,5.304827,8.857796,8.444298,9.309727,6.687809
0.0,10.0,20.0,30.0,40.0,50.0,60.0,70.0,80.0,90.0
10.0,0.0,10.0,20.0,30.0,40.0,50.0,60.0,70.0,80.0
20.0,10.0,0.0,10.0,20.0,30.0,40.0,50.0,60.0,70.0
30.0,20.0,10.0,0.0,10.0,20.0,30.0,40.0,50.0,60.0
40.0,30.0,20.0,10.0,0.0,10.0,20.0,30.0,40.0,50.0
50.0,40.0,30.0,20.0,10.0,0.0,10.0,20.0,30.0,40.0
60.0,50.0,40.0,30.0,20.0,10.0,0.0,10.0,20.0,30.0
70.0,60.0,50.0,40.0,30.0,20.0,10.0,0.0,10.0,20.0
80.0,70.0,60.0,50.0,40.0,30.0,20.0,10.0,0.0,10.0
90.0,80.0,70.0,60.0,50.0,40.0,30.0,20.0,10.0,0.0
450.0,400.0,350.0,300.0,250.0,250.0,300.0,350.0,400.0,450.0
0.0,1.0,2.0,3.0,4.0,5.0,6.0,7.0,8.0,9.0
1.0,0.0,1.0,2.0,3.0,4.0,5.0,6.0,7.0,8.0
2.0,1.0,0.0,1.0,2.0,3.0,4.0,5.0,6.0,7.0
3.0,2.0,1.0,0.0,1.0,2.0,3.0,4.0,5.0,6.0
4.0,3.0,2.0,1.0,0.0,1.0,2.0,3.0,4.0,5.0
5.0,4.0,3.0,2.0,1.0,0.0,1.0,2.0,3.0,4.0
6.0,5.0,4.0,3.0,2.0,1.0,0.0,1.0,2.0,3.0
7.0,6.0,5.0,4.0,3.0,2.0,1.0,0.0,1.0,2.0
8.0,7.0,6.0,5.0,4.0,3.0,2.0,1.0,0.0,1.0
9.0,8.0,7.0,6.0,5.0,4.0,3.0,2.0,1.0,0.0
45.0,40.0,35.0,30.0,25.0,25.0,30.0,35.0,40.0,45.0
37.0,27.0,15.0,27.0,31.0,31.0,24.0,26.0,39.0,31.0,21.0,28.0,34.0,23.0,28.0,26.0,24.0,25.0,25.0,23.0,30.0,27.0,29.0,25.0,20.0,34.0,27.0,25.0,28.0,19.0,28.0,23.0,24.0,27.0,32.0,29.0,34.0,26.0,27.0,19.0,26.0,26.0,14.0,30.0,22.0,31.0,34.0,32.0,26.0,33.0
15.0,19.0,20.0,22.0,17.0,21.0,16.0,22.0,13.0,23.0,15.0,22.0,27.0,27.0,28.0,36.0,15.0,36.0,27.0,12.0,20.0,17.0,32.0,22.0,25.0,26.0,24.0,24.0,17.0,23.0,18.0,23.0,23.0,28.0,32.0,20.0,26.0,21.0,29.0,23.0,11.0,27.0,16.0,25.0,23.0,23.0,16.0,32.0,29.0,16.0
31.0,31.0,26.0,31.0,33.0,23.0,31.0,32.0,31.0,24.0,27.0,42.0,40.0,30.0,24.0,42.0,24.0,42.0,29.0,41.0,31.0,25.0,25.0,32.0,32.0,30.0,32.0,32.0,28.0,36.0,32.0,31.0,50.0,42.0,32.0,46.0,36.0,37.0,23.0,32.0,32.0,31.0,38.0,33.0,34.0,37.0,31.0,32.0,28.0,38.0
30.0,40.0,33.0,41.0,29.0,30.0,21.0,38.0,45.0,28.0,33.0,34.0,30.0,37.0,31.0,36.0,36.0,31.0,33.0,30.0,32.0,40.0,26.0,29.0,31.0,32.0,38.0,42.0,36.0,31.0,33.0,48.0,39.0,28.0,28.0,38.0,39.0,34.0,39.0,39.0,44.0,38.0,37.0,35.0,44.0,29.0,34.0,43.0,36.0,42.0
30.0,19.0,17.0,24.0,21.0,21.0,23.0,22.0,26.0,28.0,15.0,28.0,17.0,29.0,15.0,24.0,24.0,15.0,21.0,24.0,20.0,21.0,23.0,24.0,15.0,16.0,19.0,20.0,13.0,21.0,24.0,25.0,17.0,19.0,22.0,32.0,21.0,17.0,24.0,23.0,20.0,29.0,26.0,20.0,22.0,29.0,13.0,16.0,23.0,27.0
14.0,29.0,17.0,25.0,24.0,23.0,18.0,21.0,24.0,21.0,18.0,24.0,21.0,20.0,17.0,12.0,19.0,18.0,19.0,15.0,18.0,22.0,13.0,22.0,15.0,16.0,13.0,16.0,23.0,25.0,21.0,14.0,20.0,31.0,35.0,23.0,19.0,24.0,21.0,17.0,33.0,27.0,25.0,15.0,20.0,22.0,36.0,32.0,28.0,19.0
39.0,27.0,32.0,36.0,28.0,32.0,40.0,24.0,32.0,25.0,27.0,34.0,35.0,32.0,28.0,27.0,31.0,34.0,24.0,26.0,28.0,28.0,32.0,38.0,30.0,25.0,37.0,37.0,39.0,30.0,31.0,27.0,14.0,36.0,32.0,37.0,32.0,28.0,31.0,26.0,33.0,23.0,38.0,24.0,32.0,25.0,40.0,29.0,32.0,39.0
38.0,30.0,24.0,35.0,27.0,34.0,39.0,41.0,33.0,29.0,42.0,33.0,45.0,36.0,28.0,35.0,36.0,36.0,27.0,36.0,48.0,26.0,30.0,36.0,36.0,32.0,37.0,26.0,34.0,29.0,39.0,26.0,22.0,33.0,33.0,28.0,23.0,28.0,23.0,37.0,36.0,26.0,22.0,36.0,36.0,20.0,33.0,27.0,32.0,27.0
41.0,25.0,39.0,39.0,38.0,31.0,34.0,30.0,30.0,32.0,29.0,38.0,36.0,38.0,41.0,28.0,22.0,45.0,25.0,30.0,32.0,37.0,32.0,49.0,33.0,33.0,29.0,35.0,44.0,29.0,40.0,39.0,41.0,28.0,27.0,31.0,47.0,36.0,25.0,32.0,26.0,27.0,41.0,23.0,37.0,43.0,32.0,37.0,35.0,46.0
28.0,32.0,29.0,21.0,17.0,29.0,23.0,27.0,35.0,29.0,13.0,24.0,26.0,32.0,25.0,21.0,19.0,25.0,25.0,18.0,30.0,33.0,37.0,37.0,34.0,28.0,26.0,31.0,23.0,36.0,26.0,33.0,39.0,28.0,31.0,24.0,24.0,24.0,34.0,32.0,31.0,24.0,21.0,30.0,27.0,22.0,30.0,24.0,31.0,18.0
