10,50,1000
19.318701,16.91271,15.237048,17.622286,15.966677,15.694045,17.434836,18.169863,18.378569,15.078388
9.816301,6.231928,6.829378,6.69322,5.100435,9.484435,5.436922,7.723552,8.801921,6.751191
0.0,10.0,20.0,30.0,40.0,50.0,60.0,70.0,80.0,90.0
10.0,0.0,10.0,20.0,30.0,40.0,50.0,60.0,70.0,80.0
20.0,10.0,0.0,10.0,20.0,30.0,40.0,50.0,60.0,70.0
30.0,20.0,10.0,0.0,10.0,20.0,30.0,40.0,50.0,60.0
40.0,30.0,20.0,10.0,0.0,10.0,20.0,30.0,40.0,50.0
50.0,40.0,30.0,20.0,10.0,0.0,10.0,20.0,30.0,40.0
60.0,50.0,40.0,30.0,20.0,10.0,0.0,10.0,20.0,30.0
70.0,60.0,50.0,40.0,30.0,20.0,10.0,0.0,10.0,20.0
80.0,70.0,60.0,50.0,40.0,30.0,20.0,10.0,0.0,10.0
90.0,80.0,70.0,60.0,50.0,40.0,30.0,20.0,10.0,0.0
450.0,400.0,350.0,300.0,250.0,250.0,300.0,350.0,400.0,450.0
0.0,1.0,2.0,3.0,4.0,5.0,6.0,7.0,8.0,9.0
1.0,0.0,1.0,2.0,3.0,4.0,5.0,6.0,7.0,8.0
2.0,1.0,0.0,1.0,2.0,3.0,4.0,5.0,6.0,7.0
3.0,2.0,1.0,0.0,1.0,2.0,3.0,4.0,5.0,6.0
4.0,3.0,2.0,1.0,0.0,1.0,2.0,3.0,4.0,5.0
5.0,4.0,3.0,2.0,1.0,0.0,1.0,2.0,3.0,4.0
6.0,5.0,4.0,3.0,2.0,1.0,0.0,1.0,2.0,3.0
7.0,6.0,5.0,4.0,3.0,2.0,1.0,0.0,1.0,2.0
8.0,7.0,6.0,5.0,4.0,3.0,2.0,1.0,0.0,1.0
9.0,8.0,7.0,6.0,5.0,4.0,3.0,2.0,1.0,0.0
45.0,40.0,35.0,30.0,25.0,25.0,30.0,35.0,40.0,45.0
36.0,28.0,45.0,39.0,34.0,40.0,31.0,34.0,37.0,34.0,43.0,29.0,26.0,49.0,39.0,36.0,37.0,32.0,33.0,36.0,47.0,47.0,35.0,45.0,34.0,31.0,41.0,43.0,51.0,44.0,35.0,50.0,50.0,48.0,43.0,43.0,37.0,38.0,28.0,47.0,41.0,33.0,32.0,44.0,45.0,48.0,47.0,44.0,39.0,35.0
23.0,23.0,23.0,24.0,27.0,20.0,27.0,28.0,28.0,26.0,23.0,21.0,34.0,19.0,31.0,22.0,30.0,20.0,17.0,29.0,20.0,19.0,25.0,23.0,25.0,25.0,27.0,23.0,23.0,25.0,22.0,25.0,21.0,23.0,28.0,18.0,29.0,32.0,36.0,31.0,29.0,30.0,30.0,31.0,27.0,30.0,28.0,21.0,16.0,22.0
27.0,19.0,30.0,19.0,19.0,27.0,26.0,38.0,26.0,27.0,33.0,33.0,23.0,26.0,29.0,16.0,28.0,32.0,27.0,24.0,24.0,37.0,21.0,20.0,19.0,29.0,19.0,18.0,35.0,17.0,28.0,20.0,28.0,23.0,25.0,34.0,16.0,29.0,25.0,28.0,32.0,35.0,21.0,22.0,30.0,27.0,24.0,25.0,30.0,19.0
30.0,37.0,30.0,28.0,24.0,29.0,28.0,18.0,29.0,30.0,18.0,19.0,25.0,26.0,27.0,26.0,35.0,23.0,30.0,24.0,29.0,27.0,23.0,27.0,26.0,23.0,28.0,36.0,20.0,28.0,20.0,23.0,33.0,21.0,15.0,20.0,28.0,19.0,21.0,29.0,27.0,25.0,27.0,18.0,33.0,25.0,31.0,13.0,25.0,20.0
16.0,28.0,17.0,23.0,22.0,14.0,24.0,16.0,23.0,11.0,22.0,21.0,20.0,11.0,25.0,23.0,26.0,12.0,14.0,15.0,18.0,22.0,20.0,18.0,13.0,15.0,15.0,26.0,20.0,24.0,23.0,21.0,26.0,22.0,17.0,19.0,36.0,20.0,20.0,24.0,28.0,18.0,25.0,19.0,21.0,18.0,20.0,21.0,20.0,19.0
22.0,32.0,37.0,32.0,27.0,41.0,33.0,28.0,32.0,39.0,34.0,27.0,35.0,35.0,34.0,26.0,28.0,44.0,35.0,36.0,34.0,23.0,31.0,27.0,29.0,22.0,36.0,41.0,37.0,30.0,32.0,27.0,38.0,32.0,35.0,28.0,29.0,33.0,43.0,29.0,39.0,31.0,38.0,35.0,40.0,35.0,36.0,34.0,30.0,17.0
13.0,26.0,25.0,25.0,22.0,21.0,25.0,22.0,21.0,18.0,25.0,19.0,20.0,22.0,20.0,23.0,21.0,19.0,25.0,24.0,20.0,29.0,21.0,22.0,20.0,15.0,25.0,21.0,19.0,16.0,14.0,29.0,23.0,16.0,17.0,20.0,24.0,16.0,24.0,20.0,24.0,28.0,23.0,23.0,21.0,14.0,21.0,30.0,24.0,23.0
23.0,34.0,28.0,35.0,21.0,19.0,28.0,23.0,21.0,41.0,27.0,28.0,25.0,25.0,31.0,26.0,28.0,22.0,35.0,30.0,30.0,31.0,27.0,36.0,27.0,26.0,26.0,30.0,31.0,34.0,28.0,29.0,32.0,31.0,32.0,39.0,32.0,29.0,35.0,32.0,26.0,26.0,33.0,33.0,41.0,34.0,30.0,29.0,26.0,35.0
38.0,27.0,36.0,24.0,38.0,25.0,33.0,42.0,26.0,41.0,25.0,39.0,33.0,39.0,39.0,33.0,33.0,38.0,38.0,39.0,47.0,29.0,30.0,29.0,44.0,22.0,28.0,37.0,30.0,43.0,33.0,30.0,27.0,30.0,39.0,52.0,28.0,41.0,33.0,41.0,29.0,28.0,38.0,32.0,38.0,27.0,37.0,42.0,35.0,33.0
34.0,32.0,26.0,27.0,27.0,18.0,19.0,28.0,26.0,21.0,29.0,27.0,24.0,21.0,29.0,22.0,18.0,32.0,41.0,23.0,29.0,23.0,25.0,24.0,24.0,31.0,33.0,31.0,31.0,33.0,26.0,34.0,21.0,31.0,34.0,27.0,26.0,30.0,25.0,33.0,22.0,39.0,15.0,21.0,22.0,25.0,20.0,25.0,20.0,22.0
