10,50,1000
17.830455,15.781924,18.526311,15.538003,15.676464,19.864235,18.28279,17.760644,18.927086,15.707128
7.777354,7.308549,9.944336,6.627445,6.55653,8.192406,9.382711,7.298581,8.353403,9.624629
0.0,10.0,20.0,30.0,40.0,50.0,60.0,70.0,80.0,90.0
10.0,0.0,10.0,20.0,30.0,40.0,50.0,60.0,70.0,80.0
20.0,10.0,0.0,10.0,20.0,30.0,40.0,50.0,60.0,70.0
30.0,20.0,10.0,0.0,10.0,20.0,30.0,40.0,50.0,60.0
40.0,30.0,20.0,10.0,0.0,10.0,20.0,30.0,40.0,50.0
50.0,40.0,30.0,20.0,10.0,0.0,10.0,20.0,30.0,40.0
60.0,50.0,40.0,30.0,20.0,10.0,0.0,10.0,20.0,30.0
70.0,60.0,50.0,40.0,30.0,20.0,10.0,0.0,10.0,20.0
80.0,70.0,60.0,50.0,40.0,30.0,20.0,10.0,0.0,10.0
90.0,80.0,70.0,60.0,50.0,40.0,30.0,20.0,10.0,0.0
450.0,400.0,350.0,300.0,250.0,250.0,300.0,350.0,400.0,450.0
0.0,1.0,2.0,3.0,4.0,5.0,6.0,7.0,8.0,9.0
1.0,0.0,1.0,2.0,3.0,4.0,5.0,6.0,7.0,8.0
2.0,1.0,0.0,1.0,2.0,3.0,4.0,5.0,6.0,7.0
3.0,2.0,1.0,0.0,1.0,2.0,3.0,4.0,5.0,6.0
4.0,3.0,2.0,1.0,0.0,1.0,2.0,3.0,4.0,5.0
5.0,4.0,3.0,2.0,1.0,0.0,1.0,2.0,3.0,4.0
6.0,5.0,4.0,3.0,2.0,1.0,0.0,1.0,2.0,3.0
7.0,6.0,5.0,4.0,3.0,2.0,1.0,0.0,1.0,2.0
8.0,7.0,6.0,5.0,4.0,3.0,2.0,1.0,0.0,1.0
9.0,8.0,7.0,6.0,5.0,4.0,3.0,2.0,1.0,0.0
45.0,40.0,35.0,30.0,25.0,25.0,30.0,35.0,40.0,45.0
37.0,38.0,34.0,35.0,34.0,28.0,35.0,35.0,34.0,32.0,20.0,26.0,28.0,43.0,34.0,29.0,34.0,29.0,34.0,26.0,31.0,27.0,28.0,28.0,31.0,28.0,31.0,39.0,33.0,32.0,33.0,41.0,43.0,24.0,24.0,17.0,34.0,41.0,26.0,35.0,20.0,27.0,34.0,23.0,36.0,23.0,29.0,27.0,25.0,32.0
23.0,27.0,21.0,22.0,27.0,29.0,27.0,28.0,26.0,37.0,36.0,25.0,27.0,26.0,29.0,36.0,23.0,33.0,25.0,32.0,21.0,32.0,37.0,26.0,36.0,29.0,38.0,30.0,37.0,24.0,31.0,29.0,36.0,25.0,20.0,29.0,31.0,31.0,19.0,30.0,21.0,28.0,27.0,30.0,29.0,29.0,27.0,31.0,35.0,26.0
32.0,43.0,36.0,41.0,36.0,33.0,39.0,36.0,37.0,39.0,35.0,41.0,32.0,31.0,35.0,35.0,28.0,34.0,42.0,33.0,37.0,29.0,40.0,31.0,27.0,50.0,38.0,37.0,39.0,38.0,47.0,32.0,55.0,41.0,33.0,38.0,29.0,42.0,47.0,44.0,39.0,25.0,26.0,34.0,25.0,42.0,42.0,40.0,34.0,39.0
30.0,32.0,26.0,26.0,22.0,32.0,29.0,25.0,28.0,27.0,26.0,32.0,36.0,22.0,22.0,21.0,27.0,24.0,23.0,18.0,22.0,17.0,24.0,24.0,15.0,28.0,17.0,20.0,21.0,28.0,29.0,28.0,25.0,25.0,25.0,29.0,18.0,23.0,24.0,41.0,22.0,25.0,26.0,23.0,29.0,27.0,20.0,34.0,27.0,29.0
23.0,25.0,18.0,29.0,25.0,34.0,32.0,23.0,25.0,25.0,30.0,40.0,26.0,22.0,32.0,28.0,26.0,24.0,17.0,28.0,24.0,23.0,26.0,22.0,31.0,23.0,29.0,30.0,26.0,33.0,31.0,19.0,25.0,21.0,22.0,26.0,22.0,26.0,22.0,29.0,32.0,24.0,18.0,24.0,27.0,20.0,22.0,26.0,28.0,22.0
32.0,35.0,38.0,28.0,32.0,39.0,27.0,37.0,27.0,32.0,32.0,25.0,27.0,29.0,40.0,35.0,24.0,31.0,32.0,38.0,35.0,32.0,27.0,42.0,28.0,42.0,41.0,42.0,34.0,27.0,30.0,23.0,33.0,26.0,36.0,28.0,31.0,31.0,21.0,32.0,42.0,34.0,34.0,34.0,25.0,26.0,27.0,32.0,29.0,32.0
35.0,46.0,38.0,45.0,40.0,33.0,33.0,27.0,44.0,29.0,32.0,31.0,29.0,32.0,39.0,33.0,32.0,26.0,42.0,39.0,30.0,34.0,32.0,29.0,36.0,41.0,30.0,30.0,36.0,42.0,51.0,38.0,34.0,27.0,41.0,48.0,35.0,27.0,31.0,35.0,29.0,30.0,46.0,36.0,37.0,36.0,41.0,29.0,40.0,36.0
38.0,31.0,25.0,38.0,29.0,17.0,24.0,33.0,28.0,22.0,25.0,25.0,32.0,25.0,39.0,37.0,33.0,34.0,32.0,32.0,24.0,24.0,19.0,29.0,29.0,26.0,29.0,31.0,22.0,36.0,25.0,31.0,30.0,25.0,31.0,36.0,22.0,26.0,34.0,29.0,24.0,24.0,24.0,27.0,25.0,28.0,21.0,26.0,27.0,32.0
33.0,27.0,36.0,29.0,37.0,24.0,46.0,36.0,53.0,28.0,31.0,34.0,32.0,31.0,38.0,30.0,38.0,25.0,42.0,24.0,44.0,32.0,31.0,39.0,35.0,26.0,32.0,20.0,40.0,29.0,31.0,44.0,26.0,21.0,30.0,29.0,30.0,32.0,31.0,33.0,29.0,41.0,28.0,30.0,25.0,35.0,23.0,28.0,37.0,34.0
32.0,39.0,33.0,42.0,30.0,36.0,25.0,34.0,29.0,35.0,33.0,32.0,35.0,33.0,28.0,24.0,36.0,32.0,44.0,42.0,33.0,42.0,30.0,30.0,37.0,29.0,31.0,32.0,26.0,36.0,31.0,37.0,37.0,36.0,36.0,27.0,36.0,36.0,28.0,32.0,29.0,34.0,33.0,40.0,32.0,34.0,23.0,40.0,39.0,29.0
