10,50,1000
18.524884,16.3493,17.911909,15.544899,18.241714,19.592356,18.990173,17.489348,17.917099,17.980608
6.147439,6.701363,6.345285,7.581001,5.780937,7.01272,7.461679,6.736254,8.67114,6.749252
0.0,10.0,20.0,30.0,40.0,50.0,60.0,70.0,80.0,90.0
10.0,0.0,10.0,20.0,30.0,40.0,50.0,60.0,70.0,80.0
20.0,10.0,0.0,10.0,20.0,30.0,40.0,50.0,60.0,70.0
30.0,20.0,10.0,0.0,10.0,20.0,30.0,40.0,50.0,60.0
40.0,30.0,20.0,10.0,0.0,10.0,20.0,30.0,40.0,50.0
50.0,40.0,30.0,20.0,10.0,0.0,10.0,20.0,30.0,40.0
60.0,50.0,40.0,30.0,20.0,10.0,0.0,10.0,20.0,30.0
70.0,60.0,50.0,40.0,30.0,20.0,10.0,0.0,10.0,20.0
80.0,70.0,60.0,50.0,40.0,30.0,20.0,10.0,0.0,10.0
90.0,80.0,70.0,60.0,50.0,40.0,30.0,20.0,10.0,0.0
450.0,400.0,350.0,300.0,250.0,250.0,300.0,350.0,400.0,450.0
0.0,1.0,2.0,3.0,4.0,5.0,6.0,7.0,8.0,9.0
1.0,0.0,1.0,2.0,3.0,4.0,5.0,6.0,7.0,8.0
2.0,1.0,0.0,1.0,2.0,3.0,4.0,5.0,6.0,7.0
3.0,2.0,1.0,0.0,1.0,2.0,3.0,4.0,5.0,6.0
4.0,3.0,2.0,1.0,0.0,1.0,2.0,3.0,4.0,5.0
5.0,4.0,3.0,2.0,1.0,0.0,1.0,2.0,3.0,4.0
6.0,5.0,4.0,3.0,2.0,1.0,0.0,1.0,2.0,3.0
7.0,6.0,5.0,4.0,3.0,2.0,1.0,0.0,1.0,2.0
8.0,7.0,6.0,5.0,4.0,3.0,2.0,1.0,0.0,1.0
9.0,8.0,7.0,6.0,5.0,4.0,3.0,2.0,1.0,0.0
45.0,40.0,35.0,30.0,25.0,25.0,30.0,35.0,40.0,45.0
22.0,20.0,16.0,24.0,23.0,27.0,26.0,25.0,30.0,27.0,21.0,26.0,23.0,27.0,26.0,17.0,27.0,19.0,21.0,19.0,25.0,33.0,21.0,22.0,31.0,23.0,24.0,38.0,31.0,17.0,23.0,23.0,30.0,22.0,26.0,21.0,28.0,23.0,24.0,23.0,27.0,22.0,31.0,26.0,29.0,27.0,20.0,23.0,24.0,30.0
26.0,18.0,20.0,23.0,20.0,21.0,30.0,33.0,30.0,28.0,27.0,35.0,28.0,32.0,24.0,27.0,33.0,24.0,31.0,21.0,29.0,34.0,16.0,31.0,25.0,27.0,26.0,28.0,14.0,21.0,32.0,25.0,24.0,29.0,23.0,26.0,40.0,19.0,22.0,27.0,38.0,30.0,21.0,24.0,26.0,26.0,30.0,35.0,34.0,21.0
41.0,21.0,26.0,30.0,25.0,29.0,19.0,20.0,22.0,35.0,23.0,27.0,27.0,25.0,16.0,26.0,23.0,21.0,24.0,23.0,24.0,23.0,21.0,30.0,24.0,19.0,22.0,23.0,24.0,33.0,18.0,27.0,24.0,29.0,21.0,26.0,27.0,31.0,31.0,26.0,20.0,24.0,36.0,30.0,25.0,34.0,32.0,27.0,24.0,26.0
25.0,24.0,30.0,27.0,28.0,31.0,26.0,29.0,25.0,30.0,31.0,21.0,27.0,18.0,29.0,22.0,21.0,26.0,27.0,18.0,30.0,27.0,26.0,29.0,34.0,18.0,29.0,23.0,24.0,27.0,21.0,38.0,22.0,30.0,25.0,24.0,26.0,30.0,37.0,32.0,30.0,29.0,34.0,18.0,19.0,34.0,25.0,33.0,23.0,28.0
28.0,21.0,28.0,36.0,20.0,23.0,32.0,22.0,19.0,14.0,27.0,35.0,23.0,18.0,22.0,19.0,20.0,31.0,28.0,19.0,28.0,12.0,27.0,18.0,26.0,27.0,26.0,15.0,26.0,24.0,22.0,26.0,18.0,25.0,20.0,19.0,17.0,25.0,26.0,28.0,22.0,26.0,21.0,28.0,24.0,18.0,22.0,18.0,24.0,19.0
31.0,33.0,30.0,23.0,25.0,27.0,26.0,35.0,28.0,27.0,28.0,23.0,27.0,27.0,28.0,30.0,29.0,19.0,30.0,21.0,28.0,35.0,29.0,33.0,30.0,25.0,22.0,22.0,30.0,30.0,35.0,21.0,23.0,29.0,25.0,38.0,23.0,32.0,34.0,16.0,32.0,29.0,28.0,30.0,26.0,23.0,23.0,29.0,27.0,29.0
30.0,31.0,22.0,22.0,23.0,27.0,38.0,18.0,28.0,40.0,33.0,32.0,31.0,37.0,28.0,23.0,28.0,33.0,29.0,32.0,20.0,34.0,21.0,35.0,34.0,23.0,28.0,31.0,27.0,27.0,32.0,24.0,27.0,31.0,32.0,24.0,30.0,29.0,28.0,28.0,30.0,29.0,25.0,29.0,17.0,30.0,28.0,26.0,25.0,34.0
23.0,21.0,30.0,21.0,27.0,25.0,24.0,28.0,23.0,31.0,27.0,27.0,15.0,24.0,25.0,29.0,34.0,33.0,22.0,27.0,28.0,26.0,24.0,31.0,28.0,37.0,26.0,23.0,21.0,21.0,28.0,35.0,31.0,25.0,32.0,20.0,25.0,31.0,30.0,8.0,23.0,28.0,17.0,27.0,42.0,18.0,26.0,30.0,24.0,20.0
33.0,31.0,25.0,27.0,31.0,35.0,36.0,34.0,34.0,26.0,30.0,40.0,37.0,28.0,37.0,43.0,41.0,30.0,32.0,38.0,37.0,28.0,33.0,36.0,30.0,39.0,27.0,21.0,33.0,27.0,38.0,28.0,36.0,36.0,35.0,29.0,33.0,30.0,34.0,22.0,37.0,23.0,34.0,33.0,36.0,32.0,31.0,31.0,34.0,30.0
30.0,34.0,33.0,34.0,28.0,29.0,23.0,35.0,25.0,22.0,28.0,23.0,31.0,31.0,31.0,31.0,23.0,16.0,31.0,30.0,23.0,23.0,30.0,30.0,28.0,23.0,27.0,26.0,20.0,24.0,30.0,27.0,25.0,26.0,21.0,21.0,39.0,18.0,29.0,32.0,37.0,25.0,22.0,23.0,28.0,24.0,31.0,28.0,34.0,30.0
