10,50,1000
16.230419,15.710837,16.406892,15.041121,17.920659,17.492632,15.332299,17.666983,19.035885,19.655536
8.272572,7.652641,6.207747,5.788757,7.821268,8.215594,7.178985,6.398471,9.067453,8.129173
0.0,10.0,20.0,30.0,40.0,50.0,60.0,70.0,80.0,90.0
10.0,0.0,10.0,20.0,30.0,40.0,50.0,60.0,70.0,80.0
20.0,10.0,0.0,10.0,20.0,30.0,40.0,50.0,60.0,70.0
30.0,20.0,10.0,0.0,10.0,20.0,30.0,40.0,50.0,60.0
40.0,30.0,20.0,10.0,0.0,10.0,20.0,30.0,40.0,50.0
50.0,40.0,30.0,20.0,10.0,0.0,10.0,20.0,30.0,40.0
60.0,50.0,40.0,30.0,20.0,10.0,0.0,10.0,20.0,30.0
70.0,60.0,50.0,40.0,30.0,20.0,10.0,0.0,10.0,20.0
80.0,70.0,60.0,50.0,40.0,30.0,20.0,10.0,0.0,10.0
90.0,80.0,70.0,60.0,50.0,40.0,30.0,20.0,10.0,0.0
450.0,400.0,350.0,300.0,250.0,250.0,300.0,350.0,400.0,450.0
0.0,1.0,2.0,3.0,4.0,5.0,6.0,7.0,8.0,9.0
1.0,0.0,1.0,2.0,3.0,4.0,5.0,6.0,7.0,8.0
2.0,1.0,0.0,1.0,2.0,3.0,4.0,5.0,6.0,7.0
3.0,2.0,1.0,0.0,1.0,2.0,3.0,4.0,5.0,6.0
4.0,3.0,2.0,1.0,0.0,1.0,2.0,3.0,4.0,5.0
5.0,4.0,3.0,2.0,1.0,0.0,1.0,2.0,3.0,4.0
6.0,5.0,4.0,3.0,2.0,1.0,0.0,1.0,2.0,3.0
7.0,6.0,5.0,4.0,3.0,2.0,1.0,0.0,1.0,2.0
8.0,7.0,6.0,5.0,4.0,3.0,2.0,1.0,0.0,1.0
9.0,8.0,7.0,6.0,5.0,4.0,3.0,2.0,1.0,0.0
45.0,40.0,35.0,30.0,25.0,25.0,30.0,35.0,40.0,45.0
37.0,34.0,26.0,34.0,32.0,30.0,23.0,33.0,35.0,28.0,33.0,27.0,30.0,35.0,27.0,26.0,30.0,30.0,27.0,34.0,34.0,35.0,31.0,31.0,33.0,33.0,32.0,32.0,37.0,26.0,34.0,30.0,29.0,26.0,32.0,32.0,31.0,39.0,26.0,32.0,24.0,26.0,28.0,30.0,33.0,32.0,35.0,29.0,23.0,33.0
27.0,34.0,31.0,28.0,31.0,42.0,24.0,32.0,28.0,33.0,24.0,26.0,36.0,37.0,27.0,30.0,32.0,25.0,32.0,22.0,24.0,30.0,32.0,23.0,28.0,26.0,26.0,21.0,32.0,18.0,27.0,17.0,35.0,32.0,32.0,24.0,34.0,27.0,25.0,34.0,24.0,34.0,29.0,25.0,41.0,27.0,35.0,39.0,28.0,22.0
25.0,27.0,22.0,27.0,23.0,25.0,21.0,14.0,13.0,25.0,23.0,16.0,23.0,23.0,27.0,28.0,27.0,23.0,24.0,25.0,27.0,27.0,24.0,15.0,21.0,24.0,32.0,17.0,22.0,36.0,21.0,16.0,29.0,25.0,33.0,36.0,26.0,25.0,32.0,16.0,14.0,29.0,20.0,26.0,25.0,22.0,18.0,24.0,15.0,18.0
21.0,23.0,24.0,22.0,22.0,20.0,17.0,28.0,22.0,14.0,23.0,23.0,17.0,19.0,22.0,22.0,28.0,35.0,19.0,23.0,19.0,39.0,20.0,22.0,15.0,15.0,20.0,24.0,22.0,23.0,24.0,29.0,20.0,25.0,24.0,26.0,19.0,19.0,19.0,24.0,25.0,21.0,21.0,27.0,20.0,23.0,16.0,19.0,25.0,28.0
33.0,45.0,30.0,21.0,31.0,27.0,47.0,25.0,30.0,28.0,39.0,21.0,21.0,34.0,33.0,34.0,27.0,31.0,28.0,37.0,27.0,31.0,30.0,28.0,31.0,25.0,36.0,28.0,32.0,26.0,33.0,25.0,41.0,26.0,17.0,27.0,27.0,29.0,28.0,34.0,24.0,37.0,24.0,29.0,24.0,34.0,43.0,25.0,28.0,19.0
29.0,28.0,24.0,24.0,34.0,33.0,36.0,41.0,27.0,30.0,30.0,24.0,32.0,38.0,24.0,25.0,35.0,31.0,27.0,37.0,43.0,32.0,31.0,25.0,30.0,28.0,36.0,36.0,27.0,25.0,31.0,27.0,33.0,28.0,31.0,32.0,31.0,24.0,28.0,23.0,31.0,37.0,22.0,32.0,35.0,26.0,43.0,32.0,19.0,37.0
29.0,36.0,24.0,29.0,28.0,25.0,29.0,28.0,27.0,34.0,19.0,22.0,26.0,42.0,32.0,27.0,29.0,27.0,17.0,37.0,20.0,25.0,19.0,33.0,22.0,31.0,32.0,33.0,33.0,23.0,26.0,28.0,28.0,27.0,39.0,25.0,22.0,38.0,26.0,24.0,23.0,26.0,24.0,20.0,25.0,31.0,18.0,23.0,24.0,33.0
28.0,28.0,35.0,15.0,24.0,34.0,27.0,29.0,24.0,21.0,22.0,25.0,34.0,18.0,24.0,22.0,23.0,23.0,26.0,23.0,21.0,24.0,22.0,29.0,21.0,25.0,27.0,26.0,21.0,25.0,23.0,19.0,19.0,29.0,26.0,32.0,27.0,20.0,24.0,25.0,20.0,26.0,26.0,31.0,13.0,18.0,20.0,18.0,29.0,32.0
46.0,35.0,39.0,32.0,29.0,42.0,31.0,35.0,33.0,40.0,34.0,33.0,28.0,35.0,36.0,26.0,39.0,30.0,31.0,30.0,28.0,32.0,33.0,27.0,34.0,37.0,25.0,35.0,37.0,36.0,33.0,35.0,27.0,37.0,34.0,24.0,27.0,36.0,36.0,36.0,28.0,37.0,37.0,36.0,21.0,35.0,43.0,34.0,33.0,29.0
26.0,27.0,35.0,35.0,34.0,30.0,30.0,24.0,30.0,30.0,33.0,23.0,23.0,27.0,34.0,35.0,26.0,32.0,24.0,29.0,41.0,41.0,26.0,30.0,30.0,35.0,29.0,27.0,30.0,20.0,28.0,27.0,26.0,23.0,34.0,26.0,40.0,29.0,36.0,33.0,26.0,27.0,35.0,33.0,35.0,40.0,19.0,49.0,34.0,26.0
