10,50,1000
18.555092,18.00132,17.576858,18.078826,16.390151,16.988923,19.862427,19.00611,16.211282,15.890862
6.954917,6.085791,8.226508,8.252538,7.102983,8.052248,6.674231,8.50264,5.090731,8.765961
0.0,10.0,20.0,30.0,40.0,50.0,60.0,70.0,80.0,90.0
10.0,0.0,10.0,20.0,30.0,40.0,50.0,60.0,70.0,80.0
20.0,10.0,0.0,10.0,20.0,30.0,40.0,50.0,60.0,70.0
30.0,20.0,10.0,0.0,10.0,20.0,30.0,40.0,50.0,60.0
40.0,30.0,20.0,10.0,0.0,10.0,20.0,30.0,40.0,50.0
50.0,40.0,30.0,20.0,10.0,0.0,10.0,20.0,30.0,40.0
60.0,50.0,40.0,30.0,20.0,10.0,0.0,10.0,20.0,30.0
70.0,60.0,50.0,40.0,30.0,20.0,10.0,0.0,10.0,20.0
80.0,70.0,60.0,50.0,40.0,30.0,20.0,10.0,0.0,10.0
90.0,80.0,70.0,60.0,50.0,40.0,30.0,20.0,10.0,0.0
450.0,400.0,350.0,300.0,250.0,250.0,300.0,350.0,400.0,450.0
0.0,1.0,2.0,3.0,4.0,5.0,6.0,7.0,8.0,9.0
1.0,0.0,1.0,2.0,3.0,4.0,5.0,6.0,7.0,8.0
2.0,1.0,0.0,1.0,2.0,3.0,4.0,5.0,6.0,7.0
3.0,2.0,1.0,0.0,1.0,2.0,3.0,4.0,5.0,6.0
4.0,3.0,2.0,1.0,0.0,1.0,2.0,3.0,4.0,5.0
5.0,4.0,3.0,2.0,1.0,0.0,1.0,2.0,3.0,4.0
6.0,5.0,4.0,3.0,2.0,1.0,0.0,1.0,2.0,3.0
7.0,6.0,5.0,4.0,3.0,2.0,1.0,0.0,1.0,2.0
8.0,7.0,6.0,5.0,4.0,3.0,2.0,1.0,0.0,1.0
9.0,8.0,7.0,6.0,5.0,4.0,3.0,2.0,1.0,0.0
45.0,40.0,35.0,30.0,25.0,25.0,30.0,35.0,40.0,45.0
37.0,33.0,18.0,27.0,28.0,42.0,26.0,19.0,30.0,21.0,25.0,26.0,26.0,23.0,25.0,31.0,22.0,22.0,30.0,30.0,27.0,39.0,25.0,28.0,22.0,24.0,31.0,19.0,31.0,29.0,18.0,42.0,28.0,23.0,29.0,22.0,24.0,27.0,33.0,24.0,28.0,30.0,31.0,27.0,29.0,33.0,39.0,29.0,26.0,33.0
31.0,22.0,25.0,19.0,25.0,26.0,29.0,22.0,26.0,21.0,23.0,19.0,25.0,21.0,24.0,21.0,24.0,28.0,22.0,24.0,24.0,35.0,22.0,27.0,26.0,34.0,25.0,29.0,12.0,17.0,34.0,23.0,25.0,17.0,16.0,31.0,27.0,27.0,22.0,19.0,26.0,25.0,24.0,21.0,23.0,28.0,20.0,29.0,29.0,25.0
32.0,26.0,30.0,26.0,35.0,32.0,34.0,32.0,25.0,39.0,36.0,30.0,27.0,27.0,34.0,36.0,34.0,37.0,36.0,33.0,31.0,35.0,35.0,34.0,33.0,24.0,28.0,26.0,33.0,29.0,26.0,29.0,34.0,35.0,33.0,36.0,36.0,27.0,30.0,34.0,33.0,25.0,29.0,39.0,33.0,30.0,25.0,28.0,30.0,32.0
35.0,34.0,37.0,34.0,30.0,25.0,21.0,22.0,33.0,25.0,25.0,35.0,32.0,34.0,30.0,34.0,31.0,21.0,28.0,28.0,34.0,32.0,37.0,28.0,20.0,33.0,30.0,34.0,36.0,35.0,29.0,34.0,31.0,26.0,40.0,27.0,34.0,24.0,32.0,22.0,35.0,36.0,32.0,32.0,28.0,31.0,36.0,35.0,35.0,30.0
27.0,38.0,43.0,24.0,16.0,13.0,24.0,40.0,40.0,35.0,28.0,35.0,28.0,27.0,29.0,31.0,28.0,28.0,23.0,25.0,25.0,27.0,16.0,20.0,26.0,24.0,31.0,30.0,29.0,27.0,36.0,40.0,38.0,19.0,23.0,30.0,24.0,22.0,28.0,25.0,34.0,32.0,38.0,22.0,23.0,30.0,30.0,28.0,35.0,35.0
33.0,32.0,28.0,31.0,32.0,30.0,40.0,37.0,19.0,22.0,30.0,29.0,21.0,34.0,29.0,34.0,33.0,26.0,28.0,33.0,30.0,31.0,28.0,38.0,29.0,24.0,23.0,29.0,35.0,22.0,24.0,28.0,25.0,21.0,37.0,34.0,34.0,35.0,30.0,41.0,27.0,34.0,31.0,34.0,23.0,24.0,30.0,25.0,35.0,27.0
19.0,26.0,30.0,33.0,22.0,27.0,24.0,34.0,32.0,37.0,16.0,25.0,32.0,19.0,29.0,25.0,22.0,34.0,34.0,31.0,29.0,29.0,18.0,18.0,31.0,25.0,32.0,28.0,25.0,31.0,19.0,30.0,28.0,31.0,29.0,22.0,19.0,32.0,26.0,27.0,34.0,27.0,23.0,36.0,24.0,30.0,30.0,23.0,31.0,53.0
32.0,37.0,39.0,24.0,31.0,42.0,38.0,37.0,39.0,24.0,29.0,31.0,42.0,34.0,32.0,48.0,31.0,35.0,26.0,29.0,30.0,35.0,33.0,31.0,32.0,42.0,27.0,30.0,34.0,34.0,38.0,34.0,33.0,31.0,30.0,35.0,43.0,28.0,37.0,38.0,26.0,28.0,24.0,27.0,40.0,27.0,35.0,30.0,23.0,40.0
19.0,14.0,23.0,24.0,33.0,21.0,17.0,20.0,17.0,34.0,21.0,16.0,22.0,21.0,12.0,20.0,13.0,23.0,16.0,10.0,27.0,19.0,27.0,23.0,16.0,26.0,13.0,11.0,26.0,26.0,19.0,24.0,26.0,25.0,22.0,13.0,12.0,19.0,27.0,21.0,26.0,21.0,17.0,15.0,23.0,17.0,21.0,24.0,22.0,14.0
27.0,39.0,28.0,35.0,31.0,26.0,29.0,32.0,32.0,34.0,27.0,38.0,36.0,28.0,32.0,42.0,21.0,32.0,33.0,31.0,34.0,32.0,29.0,34.0,29.0,45.0,30.0,31.0,26.0,34.0,39.0,35.0,25.0,34.0,26.0,39.0,39.0,40.0,30.0,32.0,32.0,32.0,34.0,41.0,29.0,23.0,36.0,27.0,32.0,32.0
