10,50,1000
19.924266,18.254458,17.654285,19.706735,17.36774,18.209428,18.746112,19.253553,18.43506,17.0562
7.0728,5.051664,8.70568,8.78921,5.105362,5.054713,9.349392,6.857879,7.277669,6.254609
0.0,10.0,20.0,30.0,40.0,50.0,60.0,70.0,80.0,90.0
10.0,0.0,10.0,20.0,30.0,40.0,50.0,60.0,70.0,80.0
20.0,10.0,0.0,10.0,20.0,30.0,40.0,50.0,60.0,70.0
30.0,20.0,10.0,0.0,10.0,20.0,30.0,40.0,50.0,60.0
40.0,30.0,20.0,10.0,0.0,10.0,20.0,30.0,40.0,50.0
50.0,40.0,30.0,20.0,10.0,0.0,10.0,20.0,30.0,40.0
60.0,50.0,40.0,30.0,20.0,10.0,0.0,10.0,20.0,30.0
70.0,60.0,50.0,40.0,30.0,20.0,10.0,0.0,10.0,20.0
80.0,70.0,60.0,50.0,40.0,30.0,20.0,10.0,0.0,10.0
90.0,80.0,70.0,60.0,50.0,40.0,30.0,20.0,10.0,0.0
450.0,400.0,350.0,300.0,250.0,250.0,300.0,350.0,400.0,450.0
0.0,1.0,2.0,3.0,4.0,5.0,6.0,7.0,8.0,9.0
1.0,0.0,1.0,2.0,3.0,4.0,5.0,6.0,7.0,8.0
2.0,1.0,0.0,1.0,2.0,3.0,4.0,5.0,6.0,7.0
3.0,2.0,1.0,0.0,1.0,2.0,3.0,4.0,5.0,6.0
4.0,3.0,2.0,1.0,0.0,1.0,2.0,3.0,4.0,5.0
5.0,4.0,3.0,2.0,1.0,0.0,1.0,2.0,3.0,4.0
6.0,5.0,4.0,3.0,2.0,1.0,0.0,1.0,2.0,3.0
7.0,6.0,5.0,4.0,3.0,2.0,1.0,0.0,1.0,2.0
8.0,7.0,6.0,5.0,4.0,3.0,2.0,1.0,0.0,1.0
9.0,8.0,7.0,6.0,5.0,4.0,3.0,2.0,1.0,0.0
45.0,40.0,35.0,30.0,25.0,25.0,30.0,35.0,40.0,45.0
26.0,28.0,30.0,27.0,36.0,31.0,33.0,28.0,27.0,30.0,32.0,38.0,28.0,26.0,24.0,25.0,35.0,27.0,30.0,33.0,32.0,20.0,24.0,30.0,28.0,31.0,33.0,24.0,36.0,26.0,30.0,28.0,32.0,26.0,35.0,38.0,29.0,31.0,23.0,30.0,27.0,26.0,26.0,30.0,30.0,33.0,29.0,39.0,29.0,27.0
16.0,18.0,27.0,24.0,22.0,19.0,22.0,23.0,25.0,21.0,21.0,20.0,27.0,20.0,20.0,30.0,17.0,23.0,19.0,21.0,18.0,21.0,32.0,21.0,28.0,31.0,25.0,18.0,26.0,17.0,21.0,24.0,18.0,21.0,12.0,22.0,30.0,19.0,15.0,26.0,28.0,15.0,19.0,19.0,27.0,18.0,14.0,17.0,19.0,25.0
32.0,43.0,30.0,23.0,41.0,44.0,28.0,29.0,34.0,34.0,21.0,46.0,36.0,30.0,30.0,32.0,36.0,28.0,35.0,37.0,26.0,27.0,31.0,24.0,30.0,36.0,32.0,33.0,31.0,31.0,32.0,33.0,38.0,29.0,28.0,24.0,30.0,38.0,30.0,36.0,33.0,31.0,38.0,30.0,39.0,34.0,30.0,46.0,33.0,32.0
38.0,40.0,28.0,39.0,39.0,27.0,32.0,39.0,34.0,34.0,22.0,32.0,35.0,31.0,36.0,40.0,33.0,30.0,32.0,33.0,31.0,43.0,27.0,31.0,32.0,27.0,35.0,38.0,36.0,29.0,25.0,34.0,35.0,30.0,38.0,41.0,28.0,45.0,31.0,41.0,42.0,38.0,30.0,23.0,32.0,30.0,33.0,32.0,33.0,27.0
21.0,20.0,23.0,23.0,21.0,19.0,27.0,17.0,27.0,23.0,26.0,17.0,24.0,19.0,18.0,13.0,26.0,19.0,27.0,16.0,23.0,21.0,28.0,19.0,20.0,10.0,20.0,22.0,22.0,20.0,33.0,25.0,19.0,15.0,29.0,23.0,12.0,15.0,21.0,18.0,16.0,17.0,31.0,22.0,18.0,23.0,20.0,21.0,24.0,12.0
25.0,24.0,14.0,19.0,21.0,14.0,21.0,15.0,16.0,14.0,24.0,27.0,20.0,27.0,21.0,25.0,26.0,19.0,22.0,19.0,16.0,23.0,17.0,17.0,18.0,18.0,29.0,17.0,25.0,24.0,21.0,24.0,19.0,26.0,21.0,29.0,22.0,28.0,28.0,23.0,17.0,19.0,25.0,18.0,17.0,24.0,24.0,21.0,24.0,14.0
35.0,39.0,38.0,39.0,33.0,32.0,28.0,42.0,40.0,37.0,21.0,29.0,38.0,42.0,38.0,41.0,34.0,41.0,37.0,29.0,29.0,35.0,29.0,34.0,35.0,36.0,33.0,38.0,31.0,36.0,42.0,28.0,30.0,28.0,39.0,40.0,25.0,34.0,47.0,31.0,26.0,37.0,34.0,27.0,44.0,34.0,36.0,27.0,36.0,47.0
23.0,23.0,26.0,35.0,14.0,34.0,30.0,30.0,26.0,35.0,29.0,27.0,25.0,30.0,30.0,18.0,21.0,29.0,29.0,22.0,18.0,25.0,20.0,29.0,31.0,26.0,39.0,43.0,19.0,31.0,25.0,24.0,21.0,30.0,26.0,23.0,29.0,31.0,26.0,18.0,34.0,29.0,26.0,23.0,15.0,32.0,26.0,27.0,30.0,35.0
39.0,20.0,26.0,25.0,28.0,25.0,29.0,33.0,18.0,30.0,30.0,19.0,34.0,25.0,30.0,19.0,28.0,34.0,30.0,24.0,27.0,24.0,40.0,26.0,26.0,21.0,29.0,36.0,22.0,34.0,24.0,29.0,30.0,35.0,29.0,24.0,32.0,32.0,30.0,29.0,23.0,32.0,22.0,27.0,39.0,25.0,35.0,21.0,33.0,25.0
24.0,20.0,22.0,28.0,29.0,21.0,20.0,27.0,28.0,23.0,29.0,24.0,17.0,26.0,27.0,23.0,27.0,26.0,24.0,29.0,21.0,25.0,28.0,30.0,25.0,33.0,28.0,25.0,22.0,25.0,11.0,31.0,23.0,26.0,26.0,24.0,23.0,22.0,28.0,19.0,22.0,22.0,21.0,23.0,29.0,24.0,35.0,22.0,19.0,31.0
