10,50,1000
16.083294,15.470009,15.431176,16.223684,15.933312,17.670615,19.72801,18.484811,17.817357,17.762303
9.164022,9.564287,9.515738,8.885394,9.748161,8.635916,9.254135,9.815611,8.133369,7.515784
0.0,10.0,20.0,30.0,40.0,50.0,60.0,70.0,80.0,90.0
10.0,0.0,10.0,20.0,30.0,40.0,50.0,60.0,70.0,80.0
20.0,10.0,0.0,10.0,20.0,30.0,40.0,50.0,60.0,70.0
30.0,20.0,10.0,0.0,10.0,20.0,30.0,40.0,50.0,60.0
40.0,30.0,20.0,10.0,0.0,10.0,20.0,30.0,40.0,50.0
50.0,40.0,30.0,20.0,10.0,0.0,10.0,20.0,30.0,40.0
60.0,50.0,40.0,30.0,20.0,10.0,0.0,10.0,20.0,30.0
70.0,60.0,50.0,40.0,30.0,20.0,10.0,0.0,10.0,20.0
80.0,70.0,60.0,50.0,40.0,30.0,20.0,10.0,0.0,10.0
90.0,80.0,70.0,60.0,50.0,40.0,30.0,20.0,10.0,0.0
450.0,400.0,350.0,300.0,250.0,250.0,300.0,350.0,400.0,450.0
0.0,1.0,2.0,3.0,4.0,5.0,6.0,7.0,8.0,9.0
1.0,0.0,1.0,2.0,3.0,4.0,5.0,6.0,7.0,8.0
2.0,1.0,0.0,1.0,2.0,3.0,4.0,5.0,6.0,7.0
3.0,2.0,1.0,0.0,1.0,2.0,3.0,4.0,5.0,6.0
4.0,3.0,2.0,1.0,0.0,1.0,2.0,3.0,4.0,5.0
5.0,4.0,3.0,2.0,1.0,0.0,1.0,2.0,3.0,4.0
6.0,5.0,4.0,3.0,2.0,1.0,0.0,1.0,2.0,3.0
7.0,6.0,5.0,4.0,3.0,2.0,1.0,0.0,1.0,2.0
8.0,7.0,6.0,5.0,4.0,3.0,2.0,1.0,0.0,1.0
9.0,8.0,7.0,6.0,5.0,4.0,3.0,2.0,1.0,0.0
45.0,40.0,35.0,30.0,25.0,25.0,30.0,35.0,40.0,45.0
36.0,43.0,41.0,30.0,37.0,34.0,44.0,36.0,28.0,37.0,31.0,40.0,34.0,25.0,32.0,33.0,26.0,43.0,30.0,37.0,29.0,39.0,45.0,43.0,37.0,28.0,46.0,45.0,31.0,34.0,31.0,34.0,30.0,34.0,43.0,29.0,43.0,39.0,40.0,28.0,33.0,25.0,32.0,35.0,36.0,34.0,41.0,42.0,32.0,40.0
36.0,34.0,35.0,36.0,33.0,35.0,42.0,35.0,37.0,42.0,38.0,33.0,45.0,38.0,30.0,27.0,46.0,43.0,39.0,38.0,31.0,36.0,33.0,29.0,26.0,39.0,28.0,26.0,42.0,25.0,42.0,33.0,31.0,36.0,32.0,37.0,41.0,33.0,21.0,31.0,45.0,39.0,32.0,44.0,33.0,38.0,35.0,40.0,42.0,38.0
43.0,38.0,36.0,33.0,37.0,35.0,33.0,27.0,31.0,36.0,31.0,38.0,37.0,36.0,44.0,24.0,42.0,28.0,35.0,35.0,33.0,36.0,28.0,36.0,31.0,22.0,35.0,42.0,25.0,32.0,33.0,37.0,29.0,27.0,34.0,26.0,36.0,45.0,40.0,35.0,44.0,40.0,33.0,24.0,42.0,31.0,36.0,31.0,39.0,30.0
28.0,29.0,35.0,32.0,30.0,34.0,34.0,35.0,32.0,26.0,27.0,31.0,38.0,42.0,20.0,37.0,37.0,30.0,37.0,30.0,30.0,29.0,48.0,38.0,37.0,31.0,33.0,41.0,36.0,29.0,29.0,54.0,23.0,39.0,39.0,38.0,33.0,34.0,42.0,30.0,28.0,28.0,29.0,45.0,40.0,28.0,37.0,22.0,36.0,38.0
32.0,43.0,36.0,19.0,36.0,32.0,47.0,32.0,36.0,32.0,40.0,24.0,25.0,27.0,29.0,26.0,38.0,27.0,41.0,46.0,34.0,40.0,32.0,30.0,45.0,23.0,36.0,48.0,31.0,35.0,32.0,38.0,28.0,30.0,39.0,35.0,25.0,40.0,27.0,32.0,32.0,32.0,39.0,39.0,29.0,51.0,34.0,32.0,37.0,27.0
26.0,31.0,37.0,36.0,35.0,25.0,28.0,29.0,30.0,37.0,42.0,35.0,28.0,27.0,28.0,35.0,30.0,27.0,29.0,31.0,43.0,37.0,26.0,22.0,43.0,28.0,27.0,28.0,29.0,36.0,32.0,31.0,26.0,31.0,36.0,38.0,38.0,30.0,25.0,33.0,31.0,38.0,39.0,29.0,28.0,27.0,34.0,50.0,27.0,33.0
36.0,40.0,42.0,34.0,30.0,28.0,36.0,31.0,35.0,30.0,27.0,35.0,31.0,35.0,24.0,39.0,33.0,31.0,38.0,32.0,31.0,35.0,33.0,39.0,39.0,42.0,41.0,33.0,45.0,30.0,31.0,28.0,38.0,32.0,33.0,41.0,38.0,33.0,30.0,33.0,36.0,36.0,31.0,43.0,38.0,26.0,38.0,37.0,28.0,43.0
36.0,26.0,32.0,39.0,38.0,34.0,39.0,29.0,37.0,28.0,52.0,31.0,28.0,44.0,34.0,36.0,40.0,36.0,33.0,43.0,41.0,42.0,29.0,38.0,37.0,42.0,38.0,43.0,43.0,31.0,32.0,49.0,32.0,30.0,39.0,42.0,53.0,34.0,36.0,37.0,43.0,31.0,29.0,38.0,32.0,38.0,36.0,46.0,30.0,32.0
31.0,35.0,26.0,27.0,25.0,23.0,34.0,32.0,30.0,17.0,34.0,29.0,37.0,29.0,35.0,43.0,33.0,39.0,33.0,33.0,35.0,34.0,37.0,35.0,36.0,26.0,34.0,30.0,32.0,28.0,36.0,25.0,29.0,30.0,28.0,37.0,40.0,33.0,25.0,33.0,34.0,39.0,32.0,33.0,28.0,31.0,32.0,29.0,40.0,36.0
28.0,39.0,29.0,22.0,28.0,34.0,35.0,32.0,34.0,39.0,24.0,16.0,22.0,27.0,32.0,20.0,40.0,24.0,26.0,28.0,28.0,33.0,26.0,29.0,25.0,27.0,25.0,23.0,24.0,36.0,26.0,37.0,26.0,21.0,35.0,24.0,23.0,34.0,22.0,23.0,30.0,27.0,24.0,30.0,35.0,30.0,32.0,34.0,21.0,31.0
