10,50,1000
18.476153,15.137141,19.088553,18.306813,19.833697,17.26329,15.719353,19.518452,16.451778,17.369577
8.172221,5.171341,9.440841,5.100964,8.411054,6.9701,8.910794,6.239336,8.654289,5.532798
0.0,10.0,20.0,30.0,40.0,50.0,60.0,70.0,80.0,90.0
10.0,0.0,10.0,20.0,30.0,40.0,50.0,60.0,70.0,80.0
20.0,10.0,0.0,10.0,20.0,30.0,40.0,50.0,60.0,70.0
30.0,20.0,10.0,0.0,10.0,20.0,30.0,40.0,50.0,60.0
40.0,30.0,20.0,10.0,0.0,10.0,20.0,30.0,40.0,50.0
50.0,40.0,30.0,20.0,10.0,0.0,10.0,20.0,30.0,40.0
60.0,50.0,40.0,30.0,20.0,10.0,0.0,10.0,20.0,30.0
70.0,60.0,50.0,40.0,30.0,20.0,10.0,0.0,10.0,20.0
80.0,70.0,60.0,50.0,40.0,30.0,20.0,10.0,0.0,10.0
90.0,80.0,70.0,60.0,50.0,40.0,30.0,20.0,10.0,0.0
450.0,400.0,350.0,300.0,250.0,250.0,300.0,350.0,400.0,450.0
0.0,1.0,2.0,3.0,4.0,5.0,6.0,7.0,8.0,9.0
1.0,0.0,1.0,2.0,3.0,4.0,5.0,6.0,7.0,8.0
2.0,1.0,0.0,1.0,2.0,3.0,4.0,5.0,6.0,7.0
3.0,2.0,1.0,0.0,1.0,2.0,3.0,4.0,5.0,6.0
4.0,3.0,2.0,1.0,0.0,1.0,2.0,3.0,4.0,5.0
5.0,4.0,3.0,2.0,1.0,0.0,1.0,2.0,3.0,4.0
6.0,5.0,4.0,3.0,2.0,1.0,0.0,1.0,2.0,3.0
7.0,6.0,5.0,4.0,3.0,2.0,1.0,0.0,1.0,2.0
8.0,7.0,6.0,5.0,4.0,3.0,2.0,1.0,0.0,1.0
9.0,8.0,7.0,6.0,5.0,4.0,3.0,2.0,1.0,0.0
45.0,40.0,35.0,30.0,25.0,25.0,30.0,35.0,40.0,45.0
29.0,43.0,25.0,26.0,20.0,32.0,31.0,29.0,38.0,37.0,32.0,36.0,29.0,35.0,47.0,35.0,30.0,32.0,39.0,32.0,37.0,35.0,24.0,23.0,34.0,33.0,38.0,28.0,25.0,28.0,42.0,25.0,39.0,29.0,28.0,25.0,33.0,49.0,32.0,29.0,30.0,24.0,39.0,34.0,31.0,36.0,34.0,36.0,33.0,21.0
20.0,25.0,19.0,22.0,19.0,28.0,17.0,21.0,29.0,24.0,23.0,27.0,20.0,25.0,24.0,19.0,24.0,29.0,21.0,28.0,23.0,22.0,27.0,22.0,18.0,19.0,22.0,20.0,19.0,24.0,25.0,21.0,22.0,18.0,20.0,17.0,15.0,21.0,18.0,17.0,24.0,20.0,16.0,18.0,16.0,24.0,20.0,21.0,22.0,17.0
31.0,29.0,35.0,46.0,30.0,27.0,40.0,48.0,38.0,33.0,38.0,35.0,26.0,30.0,43.0,20.0,37.0,41.0,30.0,45.0,24.0,39.0,41.0,31.0,35.0,36.0,25.0,40.0,35.0,39.0,37.0,38.0,33.0,41.0,41.0,34.0,32.0,40.0,35.0,39.0,35.0,36.0,34.0,36.0,42.0,36.0,21.0,31.0,49.0,39.0
20.0,20.0,22.0,11.0,21.0,21.0,18.0,24.0,20.0,23.0,24.0,17.0,26.0,12.0,14.0,27.0,14.0,21.0,18.0,13.0,21.0,19.0,16.0,19.0,30.0,28.0,25.0,23.0,21.0,18.0,18.0,21.0,21.0,19.0,16.0,14.0,18.0,18.0,16.0,16.0,21.0,25.0,18.0,23.0,20.0,18.0,21.0,29.0,17.0,20.0
26.0,36.0,34.0,34.0,31.0,26.0,28.0,34.0,33.0,37.0,39.0,42.0,34.0,35.0,34.0,44.0,36.0,23.0,35.0,40.0,34.0,35.0,40.0,41.0,33.0,28.0,26.0,41.0,27.0,37.0,39.0,32.0,30.0,39.0,35.0,38.0,33.0,31.0,26.0,31.0,29.0,28.0,30.0,32.0,29.0,29.0,26.0,30.0,38.0,36.0
21.0,23.0,32.0,28.0,25.0,34.0,21.0,21.0,30.0,22.0,22.0,27.0,26.0,21.0,30.0,33.0,35.0,27.0,30.0,25.0,32.0,27.0,35.0,30.0,26.0,26.0,24.0,34.0,23.0,26.0,32.0,20.0,31.0,29.0,31.0,30.0,22.0,24.0,24.0,28.0,33.0,32.0,21.0,27.0,18.0,21.0,25.0,32.0,27.0,22.0
34.0,32.0,18.0,33.0,27.0,30.0,31.0,24.0,32.0,35.0,29.0,29.0,21.0,33.0,31.0,41.0,31.0,51.0,29.0,29.0,28.0,39.0,38.0,33.0,33.0,29.0,28.0,44.0,23.0,26.0,28.0,31.0,30.0,24.0,31.0,37.0,29.0,31.0,40.0,37.0,35.0,24.0,26.0,32.0,40.0,32.0,51.0,25.0,27.0,23.0
21.0,20.0,26.0,17.0,27.0,29.0,25.0,31.0,22.0,36.0,26.0,20.0,17.0,28.0,25.0,25.0,20.0,29.0,25.0,29.0,15.0,20.0,27.0,17.0,25.0,37.0,15.0,20.0,30.0,28.0,33.0,18.0,30.0,18.0,23.0,25.0,31.0,20.0,25.0,23.0,37.0,24.0,28.0,26.0,26.0,20.0,16.0,19.0,31.0,34.0
28.0,31.0,36.0,35.0,38.0,34.0,29.0,26.0,35.0,36.0,42.0,29.0,41.0,49.0,28.0,37.0,34.0,26.0,26.0,37.0,28.0,34.0,34.0,29.0,29.0,34.0,39.0,25.0,24.0,24.0,33.0,32.0,36.0,34.0,18.0,34.0,38.0,30.0,39.0,32.0,24.0,37.0,41.0,27.0,28.0,34.0,33.0,38.0,37.0,27.0
17.0,26.0,22.0,29.0,21.0,23.0,22.0,21.0,10.0,21.0,17.0,17.0,29.0,27.0,22.0,29.0,21.0,23.0,25.0,22.0,28.0,21.0,22.0,25.0,33.0,17.0,22.0,22.0,26.0,20.0,14.0,26.0,24.0,23.0,23.0,17.0,17.0,17.0,12.0,24.0,24.0,14.0,37.0,23.0,24.0,20.0,18.0,20.0,35.0,21.0
