10,50,1000
16.847942,18.544449,18.830227,15.388974,15.960836,17.077773,18.349189,19.400064,17.343226,19.948949
6.084625,8.578641,5.198345,7.48699,5.214764,8.278303,9.895038,7.616057,6.127816,5.23221
0.0,10.0,20.0,30.0,40.0,50.0,60.0,70.0,80.0,90.0
10.0,0.0,10.0,20.0,30.0,40.0,50.0,60.0,70.0,80.0
20.0,10.0,0.0,10.0,20.0,30.0,40.0,50.0,60.0,70.0
30.0,20.0,10.0,0.0,10.0,20.0,30.0,40.0,50.0,60.0
40.0,30.0,20.0,10.0,0.0,10.0,20.0,30.0,40.0,50.0
50.0,40.0,30.0,20.0,10.0,0.0,10.0,20.0,30.0,40.0
60.0,50.0,40.0,30.0,20.0,10.0,0.0,10.0,20.0,30.0
70.0,60.0,50.0,40.0,30.0,20.0,10.0,0.0,10.0,20.0
80.0,70.0,60.0,50.0,40.0,30.0,20.0,10.0,0.0,10.0
90.0,80.0,70.0,60.0,50.0,40.0,30.0,20.0,10.0,0.0
450.0,400.0,350.0,300.0,250.0,250.0,300.0,350.0,400.0,450.0
0.0,1.0,2.0,3.0,4.0,5.0,6.0,7.0,8.0,9.0
1.0,0.0,1.0,2.0,3.0,4.0,5.0,6.0,7.0,8.0
2.0,1.0,0.0,1.0,2.0,3.0,4.0,5.0,6.0,7.0
3.0,2.0,1.0,0.0,1.0,2.0,3.0,4.0,5.0,6.0
4.0,3.0,2.0,1.0,0.0,1.0,2.0,3.0,4.0,5.0
5.0,4.0,3.0,2.0,1.0,0.0,1.0,2.0,3.0,4.0
6.0,5.0,4.0,3.0,2.0,1.0,0.0,1.0,2.0,3.0
7.0,6.0,5.0,4.0,3.0,2.0,1.0,0.0,1.0,2.0
8.0,7.0,6.0,5.0,4.0,3.0,2.0,1.0,0.0,1.0
9.0,8.0,7.0,6.0,5.0,4.0,3.0,2.0,1.0,0.0
45.0,40.0,35.0,30.0,25.0,25.0,30.0,35.0,40.0,45.0
27.0,18.0,21.0,18.0,19.0,20.0,23.0,27.0,24.0,20.0,17.0,28.0,19.0,21.0,32.0,27.0,15.0,23.0,24.0,29.0,31.0,22.0,21.0,29.0,26.0,20.0,26.0,30.0,22.0,21.0,23.0,19.0,12.0,19.0,21.0,29.0,22.0,20.0,20.0,20.0,22.0,20.0,20.0,20.0,20.0,21.0,27.0,25.0,22.0,25.0
43.0,35.0,34.0,36.0,33.0,29.0,38.0,33.0,33.0,31.0,39.0,25.0,26.0,33.0,31.0,33.0,39.0,37.0,27.0,27.0,28.0,35.0,29.0,35.0,32.0,33.0,39.0,36.0,27.0,41.0,34.0,46.0,26.0,34.0,43.0,30.0,35.0,29.0,32.0,34.0,29.0,34.0,40.0,27.0,25.0,37.0,29.0,30.0,28.0,27.0
21.0,32.0,17.0,23.0,23.0,24.0,21.0,23.0,31.0,20.0,19.0,24.0,18.0,25.0,19.0,16.0,16.0,20.0,18.0,20.0,20.0,17.0,23.0,20.0,22.0,32.0,30.0,25.0,20.0,24.0,21.0,17.0,11.0,22.0,15.0,21.0,25.0,27.0,25.0,16.0,19.0,27.0,23.0,17.0,21.0,23.0,20.0,17.0,23.0,17.0
32.0,35.0,26.0,26.0,33.0,27.0,27.0,35.0,29.0,33.0,25.0,20.0,25.0,24.0,22.0,28.0,21.0,26.0,30.0,32.0,28.0,22.0,30.0,27.0,28.0,25.0,27.0,31.0,22.0,29.0,28.0,22.0,35.0,25.0,28.0,22.0,28.0,37.0,25.0,28.0,21.0,26.0,27.0,23.0,29.0,33.0,24.0,25.0,34.0,22.0
18.0,19.0,19.0,18.0,19.0,20.0,23.0,21.0,29.0,22.0,24.0,24.0,23.0,28.0,26.0,19.0,21.0,27.0,20.0,18.0,17.0,17.0,18.0,23.0,17.0,13.0,15.0,17.0,23.0,18.0,14.0,24.0,28.0,21.0,21.0,14.0,25.0,14.0,20.0,31.0,25.0,25.0,18.0,14.0,23.0,24.0,20.0,23.0,19.0,30.0
35.0,21.0,38.0,30.0,17.0,31.0,37.0,24.0,32.0,20.0,31.0,35.0,32.0,28.0,29.0,33.0,29.0,32.0,30.0,33.0,40.0,30.0,26.0,36.0,26.0,26.0,27.0,28.0,32.0,40.0,24.0,33.0,26.0,31.0,39.0,23.0,36.0,17.0,30.0,28.0,35.0,31.0,39.0,23.0,31.0,41.0,30.0,30.0,29.0,22.0
35.0,40.0,37.0,32.0,43.0,35.0,35.0,45.0,34.0,30.0,29.0,48.0,34.0,39.0,46.0,35.0,56.0,42.0,41.0,35.0,37.0,33.0,30.0,24.0,42.0,44.0,35.0,52.0,20.0,28.0,35.0,33.0,40.0,37.0,49.0,42.0,40.0,38.0,38.0,30.0,51.0,31.0,24.0,37.0,39.0,46.0,35.0,32.0,46.0,44.0
20.0,35.0,26.0,25.0,28.0,33.0,35.0,27.0,30.0,37.0,23.0,25.0,25.0,29.0,23.0,30.0,34.0,40.0,28.0,24.0,29.0,20.0,28.0,30.0,22.0,29.0,31.0,33.0,28.0,24.0,27.0,28.0,27.0,35.0,32.0,27.0,32.0,26.0,28.0,27.0,28.0,23.0,30.0,27.0,17.0,29.0,30.0,27.0,29.0,34.0
24.0,26.0,25.0,20.0,36.0,28.0,34.0,27.0,25.0,27.0,19.0,23.0,27.0,17.0,35.0,38.0,20.0,22.0,23.0,29.0,18.0,17.0,28.0,29.0,20.0,23.0,19.0,23.0,17.0,20.0,29.0,29.0,22.0,35.0,26.0,24.0,21.0,19.0,30.0,21.0,23.0,22.0,33.0,22.0,33.0,22.0,28.0,28.0,26.0,24.0
21.0,23.0,25.0,26.0,16.0,28.0,26.0,35.0,19.0,25.0,19.0,28.0,23.0,15.0,24.0,20.0,27.0,22.0,28.0,27.0,23.0,19.0,27.0,26.0,25.0,14.0,16.0,28.0,20.0,25.0,23.0,20.0,20.0,20.0,27.0,18.0,19.0,13.0,28.0,25.0,24.0,20.0,19.0,15.0,27.0,20.0,25.0,19.0,23.0,18.0
