10,50,1000
16.495518,18.464617,19.893167,16.398365,18.672183,15.564493,16.2475,18.499316,19.286637,15.566364
7.552228,5.624345,5.369216,8.060944,8.245703,9.381848,9.137326,6.397136,6.456854,7.222832
0.0,10.0,20.0,30.0,40.0,50.0,60.0,70.0,80.0,90.0
10.0,0.0,10.0,20.0,30.0,40.0,50.0,60.0,70.0,80.0
20.0,10.0,0.0,10.0,20.0,30.0,40.0,50.0,60.0,70.0
30.0,20.0,10.0,0.0,10.0,20.0,30.0,40.0,50.0,60.0
40.0,30.0,20.0,10.0,0.0,10.0,20.0,30.0,40.0,50.0
50.0,40.0,30.0,20.0,10.0,0.0,10.0,20.0,30.0,40.0
60.0,50.0,40.0,30.0,20.0,10.0,0.0,10.0,20.0,30.0
70.0,60.0,50.0,40.0,30.0,20.0,10.0,0.0,10.0,20.0
80.0,70.0,60.0,50.0,40.0,30.0,20.0,10.0,0.0,10.0
90.0,80.0,70.0,60.0,50.0,40.0,30.0,20.0,10.0,0.0
450.0,400.0,350.0,300.0,250.0,250.0,300.0,350.0,400.0,450.0
0.0,1.0,2.0,3.0,4.0,5.0,6.0,7.0,8.0,9.0
1.0,0.0,1.0,2.0,3.0,4.0,5.0,6.0,7.0,8.0
2.0,1.0,0.0,1.0,2.0,3.0,4.0,5.0,6.0,7.0
3.0,2.0,1.0,0.0,1.0,2.0,3.0,4.0,5.0,6.0
4.0,3.0,2.0,1.0,0.0,1.0,2.0,3.0,4.0,5.0
5.0,4.0,3.0,2.0,1.0,0.0,1.0,2.0,3.0,4.0
6.0,5.0,4.0,3.0,2.0,1.0,0.0,1.0,2.0,3.0
7.0,6.0,5.0,4.0,3.0,2.0,1.0,0.0,1.0,2.0
8.0,7.0,6.0,5.0,4.0,3.0,2.0,1.0,0.0,1.0
9.0,8.0,7.0,6.0,5.0,4.0,3.0,2.0,1.0,0.0
45.0,40.0,35.0,30.0,25.0,25.0,30.0,35.0,40.0,45.0
31.0,26.0,24.0,36.0,29.0,29.0,26.0,26.0,30.0,22.0,28.0,29.0,35.0,38.0,34.0,33.0,27.0,39.0,36.0,23.0,26.0,25.0,24.0,29.0,22.0,27.0,42.0,27.0,21.0,31.0,29.0,39.0,29.0,27.0,26.0,32.0,33.0,34.0,32.0,25.0,17.0,16.0,36.0,25.0,21.0,34.0,31.0,22.0,32.0,33.0
33.0,17.0,22.0,26.0,24.0,18.0,20.0,32.0,25.0,22.0,24.0,23.0,27.0,29.0,23.0,22.0,19.0,19.0,22.0,25.0,18.0,20.0,19.0,25.0,24.0,28.0,24.0,30.0,24.0,21.0,23.0,16.0,19.0,20.0,22.0,31.0,21.0,23.0,27.0,21.0,26.0,23.0,21.0,27.0,25.0,20.0,19.0,23.0,21.0,23.0
27.0,20.0,17.0,25.0,25.0,27.0,23.0,29.0,24.0,19.0,26.0,14.0,20.0,23.0,17.0,21.0,19.0,28.0,34.0,28.0,12.0,22.0,32.0,26.0,15.0,27.0,26.0,17.0,30.0,16.0,25.0,23.0,31.0,25.0,23.0,29.0,21.0,19.0,28.0,19.0,23.0,14.0,20.0,23.0,19.0,22.0,26.0,20.0,15.0,23.0
29.0,27.0,39.0,31.0,26.0,29.0,28.0,25.0,25.0,31.0,24.0,37.0,31.0,23.0,21.0,27.0,27.0,33.0,36.0,37.0,32.0,29.0,22.0,36.0,34.0,33.0,27.0,23.0,34.0,28.0,32.0,29.0,41.0,22.0,24.0,24.0,32.0,31.0,40.0,43.0,43.0,15.0,17.0,24.0,27.0,38.0,21.0,27.0,27.0,32.0
21.0,27.0,40.0,27.0,33.0,38.0,33.0,34.0,25.0,35.0,29.0,30.0,28.0,40.0,31.0,31.0,36.0,22.0,33.0,43.0,24.0,35.0,43.0,28.0,35.0,41.0,22.0,32.0,32.0,25.0,29.0,37.0,34.0,31.0,33.0,42.0,30.0,19.0,47.0,29.0,43.0,29.0,44.0,23.0,25.0,43.0,32.0,25.0,26.0,28.0
31.0,37.0,26.0,27.0,32.0,22.0,32.0,36.0,35.0,47.0,41.0,29.0,29.0,32.0,26.0,30.0,37.0,44.0,32.0,47.0,40.0,34.0,33.0,39.0,21.0,28.0,42.0,31.0,47.0,26.0,32.0,39.0,34.0,42.0,32.0,32.0,33.0,35.0,33.0,29.0,33.0,39.0,34.0,33.0,40.0,33.0,40.0,26.0,22.0,38.0
28.0,31.0,39.0,38.0,24.0,36.0,31.0,45.0,36.0,41.0,33.0,29.0,37.0,33.0,37.0,36.0,38.0,36.0,32.0,30.0,30.0,42.0,36.0,33.0,27.0,28.0,32.0,45.0,35.0,41.0,40.0,38.0,29.0,34.0,33.0,38.0,20.0,21.0,41.0,36.0,43.0,29.0,37.0,46.0,26.0,33.0,28.0,31.0,31.0,28.0
26.0,28.0,25.0,33.0,28.0,25.0,23.0,21.0,19.0,19.0,30.0,33.0,23.0,25.0,28.0,27.0,29.0,25.0,29.0,31.0,33.0,22.0,26.0,24.0,23.0,29.0,30.0,32.0,26.0,23.0,27.0,25.0,23.0,28.0,21.0,24.0,25.0,25.0,25.0,23.0,25.0,30.0,22.0,28.0,34.0,28.0,35.0,34.0,29.0,21.0
23.0,20.0,22.0,21.0,23.0,24.0,21.0,37.0,27.0,25.0,29.0,27.0,24.0,22.0,21.0,23.0,27.0,33.0,26.0,26.0,27.0,18.0,25.0,25.0,25.0,23.0,24.0,29.0,27.0,30.0,21.0,28.0,27.0,30.0,36.0,27.0,29.0,22.0,27.0,17.0,32.0,28.0,36.0,27.0,24.0,35.0,37.0,22.0,24.0,22.0
28.0,28.0,29.0,22.0,28.0,26.0,27.0,32.0,25.0,33.0,24.0,26.0,37.0,21.0,21.0,20.0,25.0,40.0,20.0,19.0,21.0,19.0,23.0,30.0,20.0,32.0,25.0,32.0,23.0,31.0,36.0,27.0,38.0,32.0,21.0,33.0,19.0,19.0,29.0,29.0,23.0,22.0,27.0,26.0,22.0,29.0,19.0,19.0,29.0,22.0
