10,50,1000
17.239449,17.785725,18.187238,17.95301,18.420053,19.818034,15.772349,17.209784,19.269944,16.181137
8.408156,5.967797,8.495586,6.678511,5.052757,9.806961,5.401137,7.59097,9.419413,6.538551
0.0,10.0,20.0,30.0,40.0,50.0,60.0,70.0,80.0,90.0
10.0,0.0,10.0,20.0,30.0,40.0,50.0,60.0,70.0,80.0
20.0,10.0,0.0,10.0,20.0,30.0,40.0,50.0,60.0,70.0
30.0,20.0,10.0,0.0,10.0,20.0,30.0,40.0,50.0,60.0
40.0,30.0,20.0,10.0,0.0,10.0,20.0,30.0,40.0,50.0
50.0,40.0,30.0,20.0,10.0,0.0,10.0,20.0,30.0,40.0
60.0,50.0,40.0,30.0,20.0,10.0,0.0,10.0,20.0,30.0
70.0,60.0,50.0,40.0,30.0,20.0,10.0,0.0,10.0,20.0
80.0,70.0,60.0,50.0,40.0,30.0,20.0,10.0,0.0,10.0
90.0,80.0,70.0,60.0,50.0,40.0,30.0,20.0,10.0,0.0
450.0,400.0,350.0,300.0,250.0,250.0,300.0,350.0,400.0,450.0
0.0,1.0,2.0,3.0,4.0,5.0,6.0,7.0,8.0,9.0
1.0,0.0,1.0,2.0,3.0,4.0,5.0,6.0,7.0,8.0
2.0,1.0,0.0,1.0,2.0,3.0,4.0,5.0,6.0,7.0
3.0,2.0,1.0,0.0,1.0,2.0,3.0,4.0,5.0,6.0
4.0,3.0,2.0,1.0,0.0,1.0,2.0,3.0,4.0,5.0
5.0,4.0,3.0,2.0,1.0,0.0,1.0,2.0,3.0,4.0
6.0,5.0,4.0,3.0,2.0,1.0,0.0,1.0,2.0,3.0
7.0,6.0,5.0,4.0,3.0,2.0,1.0,0.0,1.0,2.0
8.0,7.0,6.0,5.0,4.0,3.0,2.0,1.0,0.0,1.0
9.0,8.0,7.0,6.0,5.0,4.0,3.0,2.0,1.0,0.0
45.0,40.0,35.0,30.0,25.0,25.0,30.0,35.0,40.0,45.0
34.0,34.0,20.0,28.0,31.0,22.0,27.0,30.0,25.0,42.0,38.0,43.0,37.0,24.0,24.0,28.0,31.0,45.0,29.0,35.0,20.0,33.0,36.0,35.0,35.0,29.0,35.0,33.0,35.0,38.0,32.0,40.0,38.0,31.0,35.0,33.0,39.0,31.0,29.0,29.0,27.0,29.0,40.0,37.0,25.0,30.0,40.0,32.0,29.0,32.0
23.0,29.0,31.0,24.0,21.0,19.0,29.0,22.0,28.0,21.0,23.0,23.0,15.0,20.0,23.0,17.0,24.0,28.0,30.0,27.0,13.0,19.0,28.0,26.0,23.0,20.0,19.0,25.0,19.0,23.0,25.0,24.0,27.0,21.0,25.0,21.0,31.0,16.0,25.0,20.0,24.0,21.0,30.0,25.0,24.0,27.0,20.0,26.0,23.0,20.0
29.0,34.0,38.0,37.0,35.0,33.0,29.0,37.0,30.0,34.0,25.0,28.0,28.0,34.0,31.0,30.0,31.0,30.0,33.0,34.0,32.0,39.0,39.0,24.0,34.0,40.0,25.0,35.0,38.0,30.0,35.0,25.0,34.0,41.0,33.0,31.0,45.0,35.0,26.0,33.0,34.0,39.0,35.0,35.0,31.0,37.0,27.0,35.0,32.0,41.0
26.0,15.0,29.0,23.0,27.0,18.0,33.0,20.0,21.0,31.0,25.0,27.0,42.0,27.0,22.0,26.0,30.0,39.0,29.0,32.0,29.0,31.0,34.0,35.0,24.0,17.0,19.0,21.0,28.0,27.0,28.0,26.0,15.0,20.0,26.0,24.0,37.0,25.0,30.0,22.0,26.0,31.0,29.0,23.0,30.0,26.0,36.0,29.0,17.0,23.0
20.0,19.0,19.0,24.0,20.0,15.0,16.0,27.0,24.0,15.0,24.0,17.0,16.0,26.0,25.0,14.0,27.0,19.0,13.0,21.0,17.0,21.0,14.0,15.0,24.0,13.0,17.0,22.0,18.0,23.0,20.0,28.0,18.0,30.0,17.0,21.0,19.0,14.0,21.0,15.0,23.0,17.0,27.0,17.0,19.0,17.0,15.0,20.0,14.0,28.0
32.0,39.0,39.0,36.0,48.0,43.0,30.0,23.0,34.0,40.0,39.0,36.0,44.0,33.0,31.0,40.0,27.0,26.0,39.0,49.0,37.0,41.0,30.0,37.0,32.0,21.0,40.0,38.0,45.0,36.0,32.0,43.0,37.0,36.0,37.0,38.0,41.0,43.0,39.0,45.0,37.0,43.0,41.0,36.0,39.0,36.0,40.0,42.0,39.0,40.0
15.0,18.0,21.0,33.0,22.0,15.0,17.0,26.0,14.0,35.0,24.0,27.0,23.0,29.0,15.0,14.0,20.0,33.0,22.0,22.0,27.0,15.0,18.0,14.0,20.0,22.0,18.0,25.0,22.0,24.0,13.0,29.0,34.0,23.0,26.0,14.0,22.0,20.0,26.0,23.0,24.0,16.0,33.0,16.0,22.0,21.0,26.0,24.0,19.0,21.0
29.0,24.0,31.0,34.0,34.0,29.0,27.0,35.0,27.0,36.0,27.0,33.0,29.0,26.0,33.0,29.0,29.0,33.0,28.0,33.0,28.0,31.0,29.0,34.0,25.0,28.0,27.0,26.0,21.0,30.0,28.0,29.0,23.0,29.0,18.0,28.0,32.0,19.0,23.0,18.0,29.0,27.0,30.0,26.0,30.0,33.0,31.0,26.0,25.0,28.0
36.0,30.0,22.0,41.0,32.0,29.0,48.0,32.0,38.0,41.0,37.0,41.0,28.0,44.0,29.0,37.0,37.0,39.0,36.0,38.0,33.0,39.0,33.0,37.0,37.0,43.0,33.0,44.0,40.0,44.0,26.0,42.0,42.0,44.0,36.0,35.0,44.0,30.0,28.0,33.0,31.0,28.0,37.0,40.0,29.0,38.0,28.0,30.0,27.0,33.0
23.0,25.0,20.0,26.0,30.0,22.0,28.0,28.0,27.0,22.0,34.0,28.0,18.0,29.0,22.0,38.0,29.0,23.0,29.0,19.0,23.0,24.0,26.0,13.0,29.0,20.0,20.0,31.0,24.0,23.0,17.0,28.0,20.0,32.0,24.0,24.0,38.0,22.0,19.0,27.0,25.0,25.0,21.0,29.0,22.0,23.0,28.0,21.0,17.0,22.0
