10,50,1000
15.437669,15.985011,19.622002,19.507531,19.201293,18.04052,17.539024,18.331641,18.249146,17.992598
5.811113,8.814867,7.13315,5.230403,7.471734,8.90754,6.39593,6.990815,9.689961,5.503508
0.0,10.0,20.0,30.0,40.0,50.0,60.0,70.0,80.0,90.0
10.0,0.0,10.0,20.0,30.0,40.0,50.0,60.0,70.0,80.0
20.0,10.0,0.0,10.0,20.0,30.0,40.0,50.0,60.0,70.0
30.0,20.0,10.0,0.0,10.0,20.0,30.0,40.0,50.0,60.0
40.0,30.0,20.0,10.0,0.0,10.0,20.0,30.0,40.0,50.0
50.0,40.0,30.0,20.0,10.0,0.0,10.0,20.0,30.0,40.0
60.0,50.0,40.0,30.0,20.0,10.0,0.0,10.0,20.0,30.0
70.0,60.0,50.0,40.0,30.0,20.0,10.0,0.0,10.0,20.0
80.0,70.0,60.0,50.0,40.0,30.0,20.0,10.0,0.0,10.0
90.0,80.0,70.0,60.0,50.0,40.0,30.0,20.0,10.0,0.0
450.0,400.0,350.0,300.0,250.0,250.0,300.0,350.0,400.0,450.0
0.0,1.0,2.0,3.0,4.0,5.0,6.0,7.0,8.0,9.0
1.0,0.0,1.0,2.0,3.0,4.0,5.0,6.0,7.0,8.0
2.0,1.0,0.0,1.0,2.0,3.0,4.0,5.0,6.0,7.0
3.0,2.0,1.0,0.0,1.0,2.0,3.0,4.0,5.0,6.0
4.0,3.0,2.0,1.0,0.0,1.0,2.0,3.0,4.0,5.0
5.0,4.0,3.0,2.0,1.0,0.0,1.0,2.0,3.0,4.0
6.0,5.0,4.0,3.0,2.0,1.0,0.0,1.0,2.0,3.0
7.0,6.0,5.0,4.0,3.0,2.0,1.0,0.0,1.0,2.0
8.0,7.0,6.0,5.0,4.0,3.0,2.0,1.0,0.0,1.0
9.0,8.0,7.0,6.0,5.0,4.0,3.0,2.0,1.0,0.0
45.0,40.0,35.0,30.0,25.0,25.0,30.0,35.0,40.0,45.0
25.0,26.0,25.0,24.0,17.0,18.0,23.0,15.0,19.0,28.0,26.0,13.0,23.0,37.0,37.0,21.0,18.0,21.0,18.0,30.0,18.0,25.0,21.0,19.0,21.0,20.0,18.0,27.0,19.0,35.0,30.0,27.0,32.0,22.0,28.0,33.0,31.0,28.0,28.0,12.0,22.0,23.0,19.0,23.0,31.0,18.0,24.0,17.0,23.0,25.0
21.0,34.0,22.0,30.0,26.0,44.0,36.0,26.0,25.0,40.0,37.0,39.0,32.0,32.0,40.0,42.0,35.0,35.0,24.0,22.0,35.0,37.0,26.0,42.0,31.0,43.0,27.0,36.0,37.0,37.0,35.0,46.0,30.0,37.0,27.0,37.0,27.0,44.0,30.0,31.0,33.0,23.0,39.0,38.0,32.0,32.0,29.0,34.0,37.0,37.0
20.0,28.0,28.0,21.0,26.0,28.0,31.0,27.0,38.0,30.0,32.0,33.0,32.0,25.0,41.0,25.0,20.0,21.0,25.0,27.0,33.0,27.0,31.0,26.0,25.0,25.0,32.0,30.0,32.0,23.0,25.0,32.0,20.0,26.0,35.0,30.0,34.0,22.0,25.0,40.0,27.0,29.0,17.0,28.0,24.0,32.0,30.0,32.0,34.0,34.0
15.0,25.0,20.0,15.0,19.0,23.0,25.0,22.0,22.0,31.0,23.0,24.0,32.0,17.0,13.0,22.0,24.0,21.0,27.0,23.0,18.0,12.0,25.0,23.0,27.0,13.0,22.0,19.0,21.0,31.0,16.0,29.0,24.0,22.0,21.0,22.0,15.0,17.0,27.0,23.0,17.0,19.0,27.0,19.0,27.0,19.0,27.0,21.0,19.0,16.0
26.0,23.0,22.0,32.0,27.0,23.0,27.0,28.0,35.0,36.0,42.0,29.0,31.0,38.0,28.0,26.0,28.0,23.0,32.0,30.0,35.0,37.0,25.0,30.0,33.0,30.0,31.0,32.0,42.0,25.0,28.0,30.0,32.0,25.0,28.0,28.0,27.0,28.0,38.0,29.0,29.0,21.0,29.0,29.0,30.0,27.0,28.0,33.0,27.0,31.0
34.0,23.0,30.0,27.0,33.0,36.0,22.0,37.0,32.0,37.0,32.0,32.0,42.0,37.0,32.0,26.0,36.0,37.0,30.0,33.0,41.0,28.0,36.0,36.0,30.0,29.0,25.0,34.0,41.0,31.0,35.0,34.0,33.0,34.0,32.0,30.0,25.0,28.0,36.0,28.0,33.0,34.0,29.0,36.0,34.0,33.0,36.0,35.0,37.0,23.0
16.0,22.0,26.0,30.0,28.0,19.0,23.0,18.0,20.0,34.0,37.0,18.0,23.0,23.0,19.0,22.0,16.0,21.0,36.0,25.0,30.0,23.0,21.0,23.0,15.0,33.0,30.0,24.0,29.0,23.0,22.0,33.0,22.0,19.0,32.0,27.0,23.0,28.0,23.0,19.0,25.0,32.0,22.0,26.0,17.0,28.0,25.0,25.0,20.0,23.0
32.0,24.0,27.0,26.0,29.0,26.0,29.0,29.0,24.0,27.0,25.0,24.0,28.0,23.0,24.0,33.0,30.0,20.0,33.0,36.0,22.0,28.0,27.0,26.0,28.0,21.0,41.0,30.0,37.0,28.0,24.0,29.0,23.0,24.0,28.0,32.0,42.0,19.0,27.0,30.0,29.0,30.0,29.0,25.0,28.0,35.0,42.0,29.0,23.0,24.0
43.0,41.0,44.0,31.0,24.0,39.0,38.0,48.0,39.0,47.0,44.0,41.0,32.0,34.0,36.0,36.0,35.0,44.0,43.0,28.0,35.0,28.0,28.0,41.0,37.0,37.0,28.0,29.0,33.0,27.0,21.0,21.0,39.0,30.0,42.0,34.0,38.0,34.0,37.0,29.0,34.0,30.0,28.0,31.0,34.0,35.0,35.0,35.0,36.0,21.0
28.0,23.0,17.0,30.0,25.0,24.0,29.0,17.0,17.0,15.0,13.0,22.0,17.0,23.0,22.0,21.0,26.0,24.0,16.0,28.0,19.0,18.0,28.0,24.0,24.0,20.0,18.0,30.0,20.0,23.0,13.0,21.0,17.0,34.0,25.0,19.0,24.0,17.0,21.0,20.0,24.0,23.0,16.0,18.0,17.0,31.0,28.0,30.0,25.0,21.0
