10,50,1000
19.922165,18.467592,16.038572,17.002534,16.603674,15.544476,18.401756,17.945434,15.37384,18.319886
5.518674,7.226976,8.295513,8.406447,6.377059,9.788712,5.492126,7.788404,9.178523,8.684608
0.0,10.0,20.0,30.0,40.0,50.0,60.0,70.0,80.0,90.0
10.0,0.0,10.0,20.0,30.0,40.0,50.0,60.0,70.0,80.0
20.0,10.0,0.0,10.0,20.0,30.0,40.0,50.0,60.0,70.0
30.0,20.0,10.0,0.0,10.0,20.0,30.0,40.0,50.0,60.0
40.0,30.0,20.0,10.0,0.0,10.0,20.0,30.0,40.0,50.0
50.0,40.0,30.0,20.0,10.0,0.0,10.0,20.0,30.0,40.0
60.0,50.0,40.0,30.0,20.0,10.0,0.0,10.0,20.0,30.0
70.0,60.0,50.0,40.0,30.0,20.0,10.0,0.0,10.0,20.0
80.0,70.0,60.0,50.0,40.0,30.0,20.0,10.0,0.0,10.0
90.0,80.0,70.0,60.0,50.0,40.0,30.0,20.0,10.0,0.0
450.0,400.0,350.0,300.0,250.0,250.0,300.0,350.0,400.0,450.0
0.0,1.0,2.0,3.0,4.0,5.0,6.0,7.0,8.0,9.0
1.0,0.0,1.0,2.0,3.0,4.0,5.0,6.0,7.0,8.0
2.0,1.0,0.0,1.0,2.0,3.0,4.0,5.0,6.0,7.0
3.0,2.0,1.0,0.0,1.0,2.0,3.0,4.0,5.0,6.0
4.0,3.0,2.0,1.0,0.0,1.0,2.0,3.0,4.0,5.0
5.0,4.0,3.0,2.0,1.0,0.0,1.0,2.0,3.0,4.0
6.0,5.0,4.0,3.0,2.0,1.0,0.0,1.0,2.0,3.0
7.0,6.0,5.0,4.0,3.0,2.0,1.0,0.0,1.0,2.0
8.0,7.0,6.0,5.0,4.0,3.0,2.0,1.0,0.0,1.0
9.0,8.0,7.0,6.0,5.0,4.0,3.0,2.0,1.0,0.0
45.0,40.0,35.0,30.0,25.0,25.0,30.0,35.0,40.0,45.0
27.0,28.0,15.0,29.0,19.0,27.0,19.0,20.0,25.0,25.0,36.0,23.0,24.0,18.0,26.0,28.0,23.0,23.0,29.0,18.0,18.0,27.0,17.0,19.0,21.0,28.0,18.0,26.0,21.0,29.0,20.0,12.0,22.0,24.0,29.0,23.0,21.0,17.0,27.0,15.0,23.0,20.0,23.0,23.0,25.0,18.0,23.0,26.0,22.0,18.0
23.0,35.0,22.0,26.0,36.0,28.0,27.0,31.0,19.0,28.0,29.0,35.0,29.0,28.0,25.0,27.0,21.0,39.0,28.0,26.0,27.0,26.0,14.0,25.0,26.0,32.0,27.0,34.0,35.0,27.0,31.0,23.0,24.0,27.0,16.0,33.0,28.0,23.0,35.0,17.0,28.0,41.0,26.0,34.0,27.0,33.0,31.0,29.0,26.0,14.0
30.0,20.0,30.0,41.0,35.0,33.0,37.0,34.0,43.0,36.0,38.0,27.0,27.0,27.0,22.0,24.0,30.0,27.0,29.0,41.0,31.0,35.0,42.0,39.0,22.0,21.0,26.0,41.0,25.0,30.0,31.0,36.0,33.0,37.0,31.0,26.0,28.0,28.0,36.0,26.0,24.0,39.0,36.0,34.0,31.0,29.0,32.0,40.0,27.0,26.0
33.0,31.0,36.0,34.0,31.0,35.0,27.0,23.0,19.0,29.0,29.0,27.0,35.0,34.0,43.0,34.0,33.0,33.0,31.0,31.0,31.0,33.0,33.0,42.0,29.0,27.0,30.0,34.0,25.0,32.0,28.0,38.0,31.0,36.0,37.0,38.0,32.0,35.0,28.0,24.0,29.0,25.0,38.0,24.0,35.0,34.0,39.0,29.0,33.0,24.0
34.0,25.0,26.0,25.0,25.0,30.0,29.0,20.0,25.0,16.0,22.0,25.0,25.0,27.0,20.0,20.0,26.0,21.0,29.0,22.0,15.0,30.0,17.0,31.0,29.0,29.0,28.0,20.0,24.0,23.0,26.0,28.0,27.0,17.0,22.0,29.0,25.0,23.0,25.0,31.0,19.0,25.0,23.0,26.0,24.0,27.0,30.0,18.0,25.0,35.0
41.0,36.0,39.0,31.0,35.0,43.0,20.0,38.0,32.0,44.0,37.0,31.0,32.0,39.0,30.0,34.0,31.0,38.0,28.0,32.0,38.0,32.0,28.0,51.0,37.0,41.0,39.0,25.0,33.0,45.0,31.0,26.0,32.0,40.0,46.0,31.0,42.0,42.0,34.0,41.0,35.0,31.0,26.0,36.0,33.0,28.0,41.0,48.0,40.0,25.0
25.0,13.0,23.0,28.0,22.0,19.0,33.0,26.0,19.0,27.0,26.0,17.0,24.0,21.0,15.0,15.0,30.0,23.0,19.0,31.0,27.0,29.0,28.0,32.0,27.0,20.0,26.0,19.0,19.0,22.0,28.0,23.0,26.0,15.0,19.0,27.0,12.0,25.0,16.0,15.0,15.0,29.0,26.0,22.0,24.0,18.0,22.0,21.0,23.0,19.0
40.0,34.0,28.0,40.0,33.0,34.0,27.0,31.0,29.0,24.0,36.0,26.0,19.0,27.0,21.0,30.0,36.0,38.0,29.0,33.0,41.0,23.0,29.0,29.0,36.0,29.0,29.0,26.0,33.0,30.0,30.0,30.0,27.0,31.0,32.0,27.0,20.0,38.0,36.0,34.0,34.0,31.0,28.0,27.0,29.0,25.0,32.0,28.0,29.0,33.0
25.0,43.0,39.0,31.0,42.0,31.0,25.0,34.0,35.0,36.0,37.0,33.0,36.0,30.0,26.0,30.0,25.0,22.0,21.0,38.0,25.0,37.0,30.0,48.0,27.0,27.0,33.0,29.0,31.0,34.0,22.0,43.0,33.0,39.0,27.0,31.0,31.0,21.0,37.0,29.0,16.0,36.0,39.0,38.0,26.0,37.0,30.0,43.0,35.0,40.0
34.0,29.0,34.0,30.0,26.0,37.0,18.0,38.0,42.0,36.0,33.0,43.0,39.0,44.0,22.0,31.0,36.0,35.0,29.0,21.0,35.0,26.0,38.0,35.0,31.0,26.0,42.0,35.0,34.0,34.0,31.0,28.0,37.0,31.0,29.0,36.0,40.0,29.0,38.0,34.0,31.0,31.0,34.0,29.0,27.0,26.0,28.0,27.0,32.0,26.0
