10,50,1000
17.476253,17.466439,18.417711,15.991324,17.443246,18.536815,17.78197,17.154947,16.179862,16.829519
5.707,7.762697,5.924203,6.087172,9.991363,7.350526,8.255035,6.203409,5.5401,8.883395
0.0,10.0,20.0,30.0,40.0,50.0,60.0,70.0,80.0,90.0
10.0,0.0,10.0,20.0,30.0,40.0,50.0,60.0,70.0,80.0
20.0,10.0,0.0,10.0,20.0,30.0,40.0,50.0,60.0,70.0
30.0,20.0,10.0,0.0,10.0,20.0,30.0,40.0,50.0,60.0
40.0,30.0,20.0,10.0,0.0,10.0,20.0,30.0,40.0,50.0
50.0,40.0,30.0,20.0,10.0,0.0,10.0,20.0,30.0,40.0
60.0,50.0,40.0,30.0,20.0,10.0,0.0,10.0,20.0,30.0
70.0,60.0,50.0,40.0,30.0,20.0,10.0,0.0,10.0,20.0
80.0,70.0,60.0,50.0,40.0,30.0,20.0,10.0,0.0,10.0
90.0,80.0,70.0,60.0,50.0,40.0,30.0,20.0,10.0,0.0
450.0,400.0,350.0,300.0,250.0,250.0,300.0,350.0,400.0,450.0
0.0,1.0,2.0,3.0,4.0,5.0,6.0,7.0,8.0,9.0
1.0,0.0,1.0,2.0,3.0,4.0,5.0,6.0,7.0,8.0
2.0,1.0,0.0,1.0,2.0,3.0,4.0,5.0,6.0,7.0
3.0,2.0,1.0,0.0,1.0,2.0,3.0,4.0,5.0,6.0
4.0,3.0,2.0,1.0,0.0,1.0,2.0,3.0,4.0,5.0
5.0,4.0,3.0,2.0,1.0,0.0,1.0,2.0,3.0,4.0
6.0,5.0,4.0,3.0,2.0,1.0,0.0,1.0,2.0,3.0
7.0,6.0,5.0,4.0,3.0,2.0,1.0,0.0,1.0,2.0
8.0,7.0,6.0,5.0,4.0,3.0,2.0,1.0,0.0,1.0
9.0,8.0,7.0,6.0,5.0,4.0,3.0,2.0,1.0,0.0
45.0,40.0,35.0,30.0,25.0,25.0,30.0,35.0,40.0,45.0
25.0,20.0,19.0,21.0,17.0,29.0,28.0,28.0,27.0,29.0,18.0,21.0,26.0,25.0,27.0,17.0,23.0,24.0,29.0,19.0,19.0,25.0,24.0,20.0,22.0,25.0,21.0,26.0,27.0,28.0,20.0,25.0,20.0,24.0,21.0,33.0,20.0,23.0,23.0,22.0,27.0,23.0,20.0,26.0,26.0,16.0,26.0,18.0,25.0,24.0
35.0,28.0,42.0,39.0,21.0,27.0,27.0,21.0,24.0,32.0,32.0,26.0,34.0,22.0,36.0,41.0,28.0,40.0,41.0,26.0,24.0,26.0,20.0,36.0,31.0,28.0,27.0,30.0,33.0,23.0,33.0,29.0,26.0,42.0,28.0,28.0,28.0,22.0,37.0,29.0,34.0,26.0,33.0,28.0,27.0,30.0,26.0,26.0,31.0,32.0
17.0,28.0,28.0,26.0,33.0,29.0,24.0,18.0,19.0,23.0,28.0,30.0,22.0,25.0,26.0,20.0,25.0,29.0,19.0,33.0,24.0,21.0,18.0,16.0,15.0,30.0,20.0,31.0,26.0,40.0,18.0,24.0,23.0,32.0,22.0,21.0,22.0,30.0,41.0,38.0,29.0,31.0,22.0,24.0,24.0,29.0,23.0,24.0,18.0,30.0
25.0,29.0,19.0,27.0,25.0,23.0,33.0,27.0,17.0,21.0,30.0,21.0,22.0,23.0,30.0,24.0,28.0,21.0,18.0,32.0,27.0,21.0,21.0,35.0,25.0,27.0,27.0,28.0,21.0,20.0,26.0,27.0,32.0,29.0,22.0,17.0,23.0,26.0,16.0,24.0,16.0,20.0,20.0,31.0,25.0,22.0,24.0,28.0,22.0,11.0
40.0,41.0,36.0,47.0,39.0,47.0,27.0,47.0,53.0,31.0,36.0,39.0,32.0,32.0,35.0,37.0,31.0,35.0,51.0,33.0,27.0,35.0,38.0,50.0,36.0,25.0,50.0,33.0,37.0,41.0,41.0,38.0,37.0,34.0,37.0,26.0,35.0,37.0,32.0,32.0,29.0,22.0,34.0,36.0,28.0,28.0,43.0,38.0,28.0,37.0
24.0,23.0,30.0,28.0,20.0,20.0,42.0,26.0,23.0,23.0,24.0,29.0,23.0,35.0,31.0,29.0,32.0,30.0,27.0,26.0,24.0,23.0,24.0,39.0,26.0,36.0,30.0,35.0,25.0,37.0,38.0,23.0,31.0,25.0,22.0,22.0,32.0,27.0,29.0,32.0,35.0,25.0,33.0,39.0,23.0,22.0,37.0,34.0,25.0,25.0
35.0,36.0,36.0,24.0,30.0,33.0,37.0,30.0,38.0,24.0,34.0,38.0,32.0,29.0,34.0,35.0,29.0,30.0,34.0,36.0,30.0,32.0,35.0,24.0,36.0,19.0,26.0,30.0,30.0,39.0,30.0,30.0,30.0,29.0,41.0,20.0,29.0,30.0,36.0,28.0,24.0,27.0,43.0,20.0,29.0,36.0,26.0,45.0,49.0,46.0
29.0,30.0,25.0,31.0,19.0,25.0,25.0,24.0,20.0,14.0,31.0,28.0,30.0,25.0,22.0,22.0,22.0,25.0,23.0,34.0,20.0,21.0,35.0,27.0,22.0,21.0,32.0,25.0,22.0,30.0,25.0,28.0,19.0,29.0,25.0,21.0,27.0,15.0,35.0,23.0,26.0,30.0,27.0,24.0,30.0,22.0,33.0,33.0,16.0,31.0
13.0,25.0,25.0,20.0,22.0,20.0,24.0,22.0,19.0,23.0,17.0,29.0,14.0,20.0,23.0,26.0,28.0,31.0,27.0,20.0,19.0,26.0,13.0,20.0,19.0,23.0,18.0,25.0,21.0,20.0,17.0,29.0,21.0,19.0,29.0,20.0,22.0,25.0,29.0,28.0,23.0,20.0,32.0,27.0,24.0,22.0,20.0,27.0,13.0,24.0
38.0,33.0,29.0,32.0,29.0,29.0,39.0,35.0,33.0,27.0,35.0,38.0,45.0,32.0,29.0,31.0,39.0,34.0,28.0,25.0,32.0,33.0,32.0,31.0,26.0,40.0,31.0,18.0,29.0,30.0,38.0,31.0,36.0,40.0,26.0,39.0,41.0,32.0,28.0,36.0,38.0,28.0,42.0,29.0,31.0,39.0,24.0,46.0,26.0,38.0
