10,50,1000
16.094687,19.076867,16.46933,17.885803,19.33961,18.863974,15.043085,15.275911,16.712538,19.225888
6.463167,6.252537,8.585955,9.578738,9.488898,9.062617,6.1788,9.721944,5.589361,8.415612
0.0,10.0,20.0,30.0,40.0,50.0,60.0,70.0,80.0,90.0
10.0,0.0,10.0,20.0,30.0,40.0,50.0,60.0,70.0,80.0
20.0,10.0,0.0,10.0,20.0,30.0,40.0,50.0,60.0,70.0
30.0,20.0,10.0,0.0,10.0,20.0,30.0,40.0,50.0,60.0
40.0,30.0,20.0,10.0,0.0,10.0,20.0,30.0,40.0,50.0
50.0,40.0,30.0,20.0,10.0,0.0,10.0,20.0,30.0,40.0
60.0,50.0,40.0,30.0,20.0,10.0,0.0,10.0,20.0,30.0
70.0,60.0,50.0,40.0,30.0,20.0,10.0,0.0,10.0,20.0
80.0,70.0,60.0,50.0,40.0,30.0,20.0,10.0,0.0,10.0
90.0,80.0,70.0,60.0,50.0,40.0,30.0,20.0,10.0,0.0
450.0,400.0,350.0,300.0,250.0,250.0,300.0,350.0,400.0,450.0
0.0,1.0,2.0,3.0,4.0,5.0,6.0,7.0,8.0,9.0
1.0,0.0,1.0,2.0,3.0,4.0,5.0,6.0,7.0,8.0
2.0,1.0,0.0,1.0,2.0,3.0,4.0,5.0,6.0,7.0
3.0,2.0,1.0,0.0,1.0,2.0,3.0,4.0,5.0,6.0
4.0,3.0,2.0,1.0,0.0,1.0,2.0,3.0,4.0,5.0
5.0,4.0,3.0,2.0,1.0,0.0,1.0,2.0,3.0,4.0
6.0,5.0,4.0,3.0,2.0,1.0,0.0,1.0,2.0,3.0
7.0,6.0,5.0,4.0,3.0,2.0,1.0,0.0,1.0,2.0
8.0,7.0,6.0,5.0,4.0,3.0,2.0,1.0,0.0,1.0
9.0,8.0,7.0,6.0,5.0,4.0,3.0,2.0,1.0,0.0
45.0,40.0,35.0,30.0,25.0,25.0,30.0,35.0,40.0,45.0
17.0,30.0,25.0,26.0,27.0,29.0,30.0,13.0,31.0,30.0,20.0,25.0,23.0,16.0,31.0,28.0,23.0,20.0,33.0,18.0,19.0,19.0,26.0,32.0,29.0,23.0,20.0,27.0,29.0,25.0,24.0,17.0,17.0,30.0,21.0,23.0,22.0,26.0,21.0,28.0,31.0,29.0,27.0,26.0,26.0,21.0,23.0,26.0,29.0,26.0
17.0,30.0,21.0,25.0,23.0,21.0,35.0,24.0,29.0,21.0,25.0,37.0,22.0,24.0,13.0,19.0,31.0,27.0,39.0,36.0,26.0,18.0,21.0,30.0,20.0,22.0,29.0,41.0,28.0,22.0,35.0,16.0,20.0,19.0,36.0,22.0,25.0,27.0,27.0,40.0,25.0,31.0,25.0,35.0,19.0,22.0,24.0,17.0,28.0,29.0
33.0,44.0,46.0,37.0,35.0,27.0,19.0,26.0,32.0,36.0,32.0,38.0,34.0,31.0,36.0,23.0,30.0,44.0,34.0,36.0,36.0,40.0,33.0,29.0,26.0,36.0,37.0,36.0,30.0,38.0,31.0,16.0,29.0,30.0,27.0,26.0,33.0,30.0,35.0,28.0,39.0,40.0,32.0,28.0,41.0,31.0,29.0,35.0,34.0,31.0
41.0,28.0,38.0,28.0,37.0,29.0,33.0,45.0,31.0,29.0,35.0,24.0,30.0,39.0,37.0,31.0,36.0,33.0,31.0,49.0,33.0,38.0,33.0,29.0,44.0,32.0,33.0,35.0,42.0,40.0,37.0,41.0,45.0,30.0,28.0,31.0,40.0,33.0,31.0,50.0,47.0,40.0,36.0,33.0,41.0,35.0,32.0,43.0,46.0,29.0
46.0,32.0,39.0,32.0,37.0,37.0,48.0,35.0,35.0,29.0,31.0,22.0,33.0,38.0,29.0,39.0,35.0,41.0,31.0,37.0,33.0,41.0,30.0,35.0,30.0,38.0,30.0,42.0,42.0,39.0,46.0,34.0,45.0,50.0,33.0,45.0,33.0,33.0,35.0,35.0,42.0,41.0,38.0,32.0,39.0,33.0,33.0,34.0,41.0,46.0
38.0,36.0,22.0,37.0,42.0,35.0,37.0,39.0,39.0,34.0,42.0,26.0,41.0,29.0,25.0,29.0,37.0,32.0,43.0,31.0,36.0,40.0,22.0,29.0,35.0,35.0,32.0,34.0,42.0,38.0,33.0,35.0,45.0,36.0,37.0,31.0,37.0,36.0,44.0,34.0,41.0,29.0,38.0,27.0,21.0,43.0,34.0,31.0,34.0,45.0
21.0,23.0,21.0,23.0,24.0,22.0,21.0,24.0,26.0,24.0,23.0,27.0,21.0,26.0,28.0,19.0,20.0,29.0,26.0,19.0,24.0,28.0,26.0,22.0,28.0,23.0,26.0,34.0,28.0,21.0,24.0,23.0,24.0,29.0,16.0,32.0,30.0,29.0,19.0,22.0,18.0,20.0,21.0,30.0,24.0,22.0,26.0,25.0,18.0,22.0
32.0,36.0,31.0,39.0,39.0,33.0,23.0,35.0,35.0,35.0,32.0,26.0,40.0,28.0,43.0,40.0,41.0,40.0,35.0,31.0,42.0,28.0,36.0,35.0,25.0,27.0,45.0,36.0,40.0,44.0,37.0,34.0,29.0,45.0,44.0,29.0,43.0,31.0,37.0,29.0,44.0,40.0,41.0,49.0,27.0,34.0,38.0,38.0,42.0,45.0
27.0,21.0,23.0,17.0,19.0,24.0,26.0,24.0,27.0,20.0,20.0,32.0,13.0,22.0,25.0,25.0,21.0,31.0,23.0,24.0,16.0,20.0,24.0,24.0,23.0,20.0,22.0,29.0,29.0,14.0,28.0,21.0,22.0,26.0,29.0,24.0,22.0,20.0,18.0,19.0,20.0,21.0,22.0,25.0,19.0,29.0,22.0,19.0,22.0,12.0
32.0,41.0,17.0,39.0,28.0,30.0,39.0,30.0,27.0,36.0,25.0,22.0,30.0,21.0,40.0,30.0,33.0,29.0,38.0,34.0,33.0,29.0,33.0,24.0,42.0,33.0,25.0,22.0,34.0,32.0,31.0,35.0,33.0,30.0,27.0,29.0,38.0,51.0,29.0,28.0,26.0,41.0,32.0,32.0,42.0,33.0,28.0,33.0,32.0,29.0
