10,50,1000
17.564077,16.357201,16.61679,17.322487,17.097532,19.054795,15.86391,18.554178,16.407526,17.529197
7.954865,7.508736,7.314522,7.972036,7.885849,7.670784,8.58278,7.684239,7.325907,5.388653
0.0,10.0,20.0,30.0,40.0,50.0,60.0,70.0,80.0,90.0
10.0,0.0,10.0,20.0,30.0,40.0,50.0,60.0,70.0,80.0
20.0,10.0,0.0,10.0,20.0,30.0,40.0,50.0,60.0,70.0
30.0,20.0,10.0,0.0,10.0,20.0,30.0,40.0,50.0,60.0
40.0,30.0,20.0,10.0,0.0,10.0,20.0,30.0,40.0,50.0
50.0,40.0,30.0,20.0,10.0,0.0,10.0,20.0,30.0,40.0
60.0,50.0,40.0,30.0,20.0,10.0,0.0,10.0,20.0,30.0
70.0,60.0,50.0,40.0,30.0,20.0,10.0,0.0,10.0,20.0
80.0,70.0,60.0,50.0,40.0,30.0,20.0,10.0,0.0,10.0
90.0,80.0,70.0,60.0,50.0,40.0,30.0,20.0,10.0,0.0
450.0,400.0,350.0,300.0,250.0,250.0,300.0,350.0,400.0,450.0
0.0,1.0,2.0,3.0,4.0,5.0,6.0,7.0,8.0,9.0
1.0,0.0,1.0,2.0,3.0,4.0,5.0,6.0,7.0,8.0
2.0,1.0,0.0,1.0,2.0,3.0,4.0,5.0,6.0,7.0
3.0,2.0,1.0,0.0,1.0,2.0,3.0,4.0,5.0,6.0
4.0,3.0,2.0,1.0,0.0,1.0,2.0,3.0,4.0,5.0
5.0,4.0,3.0,2.0,1.0,0.0,1.0,2.0,3.0,4.0
6.0,5.0,4.0,3.0,2.0,1.0,0.0,1.0,2.0,3.0
7.0,6.0,5.0,4.0,3.0,2.0,1.0,0.0,1.0,2.0
8.0,7.0,6.0,5.0,4.0,3.0,2.0,1.0,0.0,1.0
9.0,8.0,7.0,6.0,5.0,4.0,3.0,2.0,1.0,0.0
45.0,40.0,35.0,30.0,25.0,25.0,30.0,35.0,40.0,45.0
27.0,29.0,26.0,24.0,34.0,32.0,25.0,36.0,27.0,22.0,29.0,30.0,31.0,32.0,34.0,33.0,26.0,21.0,37.0,28.0,37.0,25.0,35.0,26.0,29.0,33.0,23.0,34.0,24.0,23.0,28.0,32.0,26.0,37.0,29.0,24.0,22.0,39.0,31.0,26.0,34.0,23.0,31.0,28.0,22.0,29.0,33.0,25.0,28.0,24.0
24.0,26.0,23.0,23.0,33.0,37.0,31.0,27.0,25.0,21.0,34.0,24.0,19.0,34.0,34.0,16.0,28.0,26.0,26.0,35.0,29.0,31.0,21.0,29.0,30.0,24.0,26.0,32.0,25.0,24.0,21.0,31.0,26.0,28.0,27.0,27.0,40.0,30.0,16.0,25.0,25.0,38.0,19.0,27.0,28.0,30.0,31.0,19.0,33.0,25.0
40.0,29.0,26.0,27.0,27.0,27.0,28.0,28.0,24.0,25.0,32.0,31.0,38.0,30.0,29.0,19.0,32.0,28.0,24.0,21.0,26.0,32.0,32.0,26.0,23.0,25.0,24.0,26.0,38.0,24.0,29.0,36.0,29.0,24.0,22.0,23.0,24.0,26.0,31.0,21.0,28.0,24.0,24.0,33.0,20.0,23.0,30.0,28.0,23.0,24.0
26.0,25.0,28.0,34.0,22.0,27.0,33.0,20.0,21.0,34.0,37.0,37.0,28.0,30.0,36.0,30.0,43.0,34.0,32.0,31.0,30.0,34.0,31.0,30.0,29.0,32.0,28.0,31.0,37.0,33.0,30.0,31.0,27.0,37.0,39.0,26.0,29.0,29.0,37.0,26.0,32.0,31.0,23.0,28.0,24.0,37.0,38.0,26.0,37.0,38.0
33.0,23.0,25.0,36.0,25.0,35.0,28.0,23.0,27.0,28.0,27.0,27.0,36.0,33.0,35.0,34.0,29.0,26.0,26.0,32.0,32.0,30.0,19.0,20.0,23.0,35.0,26.0,21.0,27.0,24.0,28.0,28.0,29.0,27.0,30.0,28.0,29.0,26.0,26.0,19.0,36.0,32.0,34.0,28.0,33.0,31.0,26.0,23.0,32.0,30.0
45.0,30.0,35.0,33.0,38.0,31.0,27.0,28.0,28.0,34.0,35.0,20.0,37.0,29.0,34.0,22.0,25.0,32.0,32.0,29.0,18.0,32.0,24.0,32.0,28.0,38.0,36.0,30.0,27.0,20.0,22.0,24.0,41.0,27.0,27.0,20.0,31.0,35.0,33.0,23.0,30.0,34.0,21.0,20.0,34.0,31.0,28.0,28.0,33.0,41.0
39.0,26.0,27.0,22.0,25.0,29.0,37.0,46.0,29.0,22.0,32.0,33.0,20.0,35.0,19.0,29.0,26.0,28.0,38.0,31.0,52.0,35.0,35.0,36.0,28.0,33.0,31.0,37.0,27.0,28.0,36.0,34.0,30.0,30.0,33.0,34.0,42.0,26.0,35.0,26.0,29.0,30.0,26.0,33.0,35.0,31.0,33.0,31.0,30.0,31.0
33.0,36.0,37.0,34.0,33.0,30.0,25.0,33.0,28.0,30.0,33.0,33.0,22.0,45.0,31.0,28.0,22.0,39.0,25.0,31.0,26.0,40.0,26.0,24.0,21.0,31.0,26.0,27.0,25.0,20.0,34.0,31.0,29.0,36.0,20.0,31.0,37.0,32.0,24.0,36.0,39.0,33.0,28.0,28.0,25.0,38.0,27.0,30.0,32.0,32.0
28.0,31.0,20.0,21.0,37.0,33.0,26.0,26.0,28.0,24.0,28.0,25.0,27.0,30.0,36.0,26.0,26.0,31.0,32.0,35.0,35.0,29.0,20.0,25.0,32.0,27.0,27.0,38.0,21.0,33.0,31.0,26.0,28.0,19.0,26.0,26.0,25.0,32.0,29.0,29.0,30.0,18.0,36.0,27.0,30.0,25.0,23.0,38.0,27.0,22.0
19.0,23.0,26.0,15.0,17.0,21.0,17.0,15.0,16.0,32.0,17.0,25.0,23.0,21.0,24.0,30.0,22.0,20.0,23.0,16.0,16.0,19.0,20.0,16.0,25.0,22.0,22.0,21.0,14.0,19.0,30.0,18.0,20.0,26.0,22.0,24.0,15.0,28.0,20.0,28.0,18.0,15.0,22.0,27.0,20.0,29.0,33.0,26.0,20.0,22.0
