10,50,1000
19.146007,19.196123,15.737606,19.172398,17.990168,16.73998,16.274465,16.434704,16.562522,15.964159
5.093442,6.497333,7.611501,5.347977,6.609541,8.89507,7.735905,7.402484,9.717446,5.135208
0.0,10.0,20.0,30.0,40.0,50.0,60.0,70.0,80.0,90.0
10.0,0.0,10.0,20.0,30.0,40.0,50.0,60.0,70.0,80.0
20.0,10.0,0.0,10.0,20.0,30.0,40.0,50.0,60.0,70.0
30.0,20.0,10.0,0.0,10.0,20.0,30.0,40.0,50.0,60.0
40.0,30.0,20.0,10.0,0.0,10.0,20.0,30.0,40.0,50.0
50.0,40.0,30.0,20.0,10.0,0.0,10.0,20.0,30.0,40.0
60.0,50.0,40.0,30.0,20.0,10.0,0.0,10.0,20.0,30.0
70.0,60.0,50.0,40.0,30.0,20.0,10.0,0.0,10.0,20.0
80.0,70.0,60.0,50.0,40.0,30.0,20.0,10.0,0.0,10.0
90.0,80.0,70.0,60.0,50.0,40.0,30.0,20.0,10.0,0.0
450.0,400.0,350.0,300.0,250.0,250.0,300.0,350.0,400.0,450.0
0.0,1.0,2.0,3.0,4.0,5.0,6.0,7.0,8.0,9.0
1.0,0.0,1.0,2.0,3.0,4.0,5.0,6.0,7.0,8.0
2.0,1.0,0.0,1.0,2.0,3.0,4.0,5.0,6.0,7.0
3.0,2.0,1.0,0.0,1.0,2.0,3.0,4.0,5.0,6.0
4.0,3.0,2.0,1.0,0.0,1.0,2.0,3.0,4.0,5.0
5.0,4.0,3.0,2.0,1.0,0.0,1.0,2.0,3.0,4.0
6.0,5.0,4.0,3.0,2.0,1.0,0.0,1.0,2.0,3.0
7.0,6.0,5.0,4.0,3.0,2.0,1.0,0.0,1.0,2.0
8.0,7.0,6.0,5.0,4.0,3.0,2.0,1.0,0.0,1.0
9.0,8.0,7.0,6.0,5.0,4.0,3.0,2.0,1.0,0.0
45.0,40.0,35.0,30.0,25.0,25.0,30.0,35.0,40.0,45.0
12.0,28.0,20.0,20.0,17.0,21.0,25.0,20.0,24.0,25.0,26.0,19.0,26.0,32.0,22.0,24.0,17.0,22.0,30.0,19.0,23.0,18.0,17.0,24.0,21.0,22.0,24.0,21.0,25.0,31.0,20.0,18.0,27.0,31.0,27.0,16.0,26.0,27.0,20.0,23.0,23.0,26.0,32.0,19.0,30.0,17.0,22.0,19.0,25.0,22.0
21.0,38.0,30.0,14.0,31.0,31.0,24.0,33.0,34.0,30.0,31.0,33.0,27.0,35.0,33.0,29.0,28.0,17.0,30.0,24.0,24.0,33.0,17.0,23.0,24.0,17.0,23.0,22.0,19.0,23.0,26.0,20.0,28.0,32.0,28.0,32.0,31.0,33.0,25.0,33.0,24.0,29.0,17.0,26.0,22.0,18.0,24.0,27.0,31.0,30.0
37.0,29.0,35.0,24.0,33.0,24.0,25.0,24.0,27.0,35.0,27.0,22.0,25.0,35.0,22.0,32.0,26.0,36.0,30.0,24.0,29.0,29.0,24.0,27.0,25.0,25.0,28.0,34.0,24.0,25.0,30.0,29.0,26.0,29.0,33.0,29.0,25.0,27.0,30.0,33.0,35.0,33.0,21.0,30.0,30.0,33.0,35.0,31.0,34.0,40.0
11.0,25.0,23.0,24.0,17.0,30.0,28.0,17.0,18.0,15.0,22.0,21.0,11.0,18.0,29.0,22.0,14.0,24.0,19.0,29.0,13.0,16.0,19.0,21.0,20.0,20.0,20.0,23.0,19.0,19.0,23.0,23.0,26.0,18.0,17.0,18.0,32.0,22.0,24.0,24.0,18.0,24.0,24.0,22.0,21.0,26.0,25.0,18.0,27.0,22.0
21.0,26.0,31.0,14.0,36.0,35.0,35.0,30.0,21.0,23.0,23.0,29.0,18.0,17.0,26.0,32.0,31.0,24.0,28.0,36.0,29.0,23.0,15.0,23.0,29.0,25.0,25.0,34.0,24.0,23.0,33.0,23.0,25.0,24.0,20.0,26.0,32.0,29.0,26.0,24.0,29.0,24.0,26.0,16.0,27.0,34.0,20.0,19.0,30.0,22.0
25.0,42.0,41.0,40.0,35.0,30.0,32.0,36.0,29.0,34.0,28.0,30.0,27.0,39.0,37.0,26.0,35.0,40.0,45.0,33.0,39.0,31.0,33.0,25.0,38.0,26.0,34.0,36.0,34.0,38.0,40.0,31.0,46.0,29.0,23.0,26.0,23.0,29.0,33.0,27.0,33.0,31.0,38.0,39.0,30.0,22.0,36.0,31.0,28.0,30.0
31.0,35.0,35.0,21.0,32.0,29.0,31.0,37.0,32.0,29.0,35.0,31.0,29.0,20.0,24.0,24.0,25.0,33.0,28.0,27.0,28.0,28.0,20.0,32.0,23.0,29.0,39.0,26.0,43.0,21.0,31.0,15.0,27.0,30.0,26.0,30.0,31.0,23.0,37.0,27.0,21.0,25.0,27.0,26.0,27.0,28.0,33.0,19.0,27.0,36.0
28.0,31.0,16.0,19.0,26.0,24.0,23.0,27.0,26.0,32.0,31.0,30.0,31.0,28.0,25.0,30.0,26.0,25.0,25.0,29.0,35.0,34.0,24.0,33.0,36.0,32.0,22.0,27.0,23.0,39.0,27.0,24.0,33.0,29.0,34.0,28.0,23.0,31.0,22.0,33.0,33.0,32.0,41.0,28.0,32.0,36.0,25.0,29.0,33.0,26.0
36.0,38.0,38.0,33.0,35.0,34.0,35.0,29.0,27.0,31.0,33.0,36.0,24.0,36.0,30.0,29.0,33.0,41.0,34.0,30.0,32.0,28.0,39.0,46.0,36.0,28.0,30.0,34.0,35.0,38.0,36.0,39.0,36.0,31.0,41.0,47.0,40.0,36.0,43.0,37.0,39.0,32.0,44.0,37.0,31.0,36.0,34.0,33.0,34.0,46.0
14.0,29.0,22.0,17.0,19.0,27.0,13.0,26.0,19.0,17.0,18.0,16.0,18.0,16.0,27.0,27.0,18.0,16.0,23.0,27.0,15.0,21.0,31.0,24.0,16.0,24.0,21.0,11.0,25.0,21.0,11.0,21.0,19.0,18.0,24.0,23.0,24.0,19.0,15.0,14.0,24.0,24.0,26.0,27.0,13.0,13.0,16.0,26.0,26.0,19.0
