10,50,1000
19.962105,19.921006,17.656107,17.418603,16.342974,19.796806,18.36526,15.470878,19.401737,17.338547
5.264697,5.300685,8.100853,9.974445,5.822176,8.708629,8.999697,7.829972,8.578709,7.921332
0.0,10.0,20.0,30.0,40.0,50.0,60.0,70.0,80.0,90.0
10.0,0.0,10.0,20.0,30.0,40.0,50.0,60.0,70.0,80.0
20.0,10.0,0.0,10.0,20.0,30.0,40.0,50.0,60.0,70.0
30.0,20.0,10.0,0.0,10.0,20.0,30.0,40.0,50.0,60.0
40.0,30.0,20.0,10.0,0.0,10.0,20.0,30.0,40.0,50.0
50.0,40.0,30.0,20.0,10.0,0.0,10.0,20.0,30.0,40.0
60.0,50.0,40.0,30.0,20.0,10.0,0.0,10.0,20.0,30.0
70.0,60.0,50.0,40.0,30.0,20.0,10.0,0.0,10.0,20.0
80.0,70.0,60.0,50.0,40.0,30.0,20.0,10.0,0.0,10.0
90.0,80.0,70.0,60.0,50.0,40.0,30.0,20.0,10.0,0.0
450.0,400.0,350.0,300.0,250.0,250.0,300.0,350.0,400.0,450.0
0.0,1.0,2.0,3.0,4.0,5.0,6.0,7.0,8.0,9.0
1.0,0.0,1.0,2.0,3.0,4.0,5.0,6.0,7.0,8.0
2.0,1.0,0.0,1.0,2.0,3.0,4.0,5.0,6.0,7.0
3.0,2.0,1.0,0.0,1.0,2.0,3.0,4.0,5.0,6.0
4.0,3.0,2.0,1.0,0.0,1.0,2.0,3.0,4.0,5.0
5.0,4.0,3.0,2.0,1.0,0.0,1.0,2.0,3.0,4.0
6.0,5.0,4.0,3.0,2.0,1.0,0.0,1.0,2.0,3.0
7.0,6.0,5.0,4.0,3.0,2.0,1.0,0.0,1.0,2.0
8.0,7.0,6.0,5.0,4.0,3.0,2.0,1.0,0.0,1.0
9.0,8.0,7.0,6.0,5.0,4.0,3.0,2.0,1.0,0.0
45.0,40.0,35.0,30.0,25.0,25.0,30.0,35.0,40.0,45.0
24.0,25.0,25.0,27.0,32.0,32.0,20.0,31.0,18.0,16.0,26.0,22.0,19.0,28.0,17.0,29.0,24.0,22.0,27.0,19.0,25.0,23.0,18.0,14.0,25.0,13.0,31.0,14.0,19.0,16.0,29.0,25.0,26.0,30.0,24.0,25.0,25.0,20.0,22.0,23.0,21.0,21.0,27.0,22.0,20.0,23.0,20.0,28.0,18.0,26.0
21.0,29.0,22.0,33.0,26.0,22.0,27.0,16.0,21.0,18.0,24.0,19.0,24.0,30.0,29.0,41.0,17.0,27.0,25.0,23.0,25.0,20.0,28.0,21.0,23.0,27.0,19.0,25.0,22.0,19.0,26.0,25.0,23.0,31.0,20.0,14.0,22.0,23.0,22.0,24.0,22.0,24.0,23.0,21.0,17.0,19.0,25.0,21.0,16.0,22.0
34.0,26.0,29.0,29.0,24.0,32.0,37.0,26.0,38.0,24.0,28.0,38.0,38.0,27.0,31.0,22.0,33.0,26.0,30.0,32.0,36.0,28.0,20.0,36.0,27.0,16.0,25.0,33.0,36.0,38.0,40.0,29.0,27.0,29.0,27.0,35.0,29.0,32.0,29.0,36.0,24.0,23.0,41.0,36.0,37.0,30.0,40.0,34.0,32.0,26.0
35.0,45.0,37.0,30.0,40.0,42.0,31.0,38.0,56.0,44.0,43.0,37.0,42.0,30.0,43.0,40.0,40.0,30.0,35.0,43.0,36.0,35.0,36.0,30.0,42.0,33.0,39.0,45.0,42.0,43.0,47.0,42.0,33.0,30.0,40.0,33.0,36.0,39.0,44.0,37.0,35.0,28.0,34.0,28.0,34.0,37.0,43.0,39.0,35.0,34.0
28.0,14.0,25.0,17.0,28.0,26.0,19.0,19.0,19.0,22.0,20.0,16.0,23.0,27.0,21.0,21.0,17.0,21.0,21.0,21.0,28.0,18.0,17.0,20.0,36.0,26.0,27.0,30.0,34.0,19.0,21.0,16.0,32.0,22.0,21.0,25.0,24.0,19.0,22.0,18.0,23.0,27.0,23.0,20.0,24.0,15.0,27.0,24.0,34.0,34.0
25.0,37.0,40.0,22.0,40.0,27.0,40.0,35.0,31.0,35.0,27.0,33.0,36.0,32.0,40.0,35.0,42.0,48.0,33.0,21.0,31.0,29.0,37.0,30.0,40.0,33.0,43.0,34.0,36.0,29.0,28.0,34.0,30.0,38.0,39.0,37.0,30.0,30.0,30.0,41.0,28.0,39.0,30.0,25.0,27.0,40.0,31.0,36.0,41.0,33.0
33.0,32.0,39.0,37.0,30.0,31.0,33.0,38.0,34.0,32.0,30.0,37.0,38.0,33.0,38.0,28.0,34.0,35.0,35.0,21.0,40.0,26.0,29.0,30.0,33.0,27.0,26.0,49.0,30.0,42.0,26.0,27.0,43.0,28.0,29.0,22.0,39.0,32.0,30.0,44.0,27.0,25.0,30.0,35.0,23.0,30.0,43.0,40.0,35.0,33.0
30.0,25.0,27.0,31.0,37.0,28.0,24.0,21.0,30.0,24.0,27.0,36.0,23.0,29.0,40.0,20.0,29.0,27.0,25.0,27.0,28.0,23.0,33.0,19.0,25.0,33.0,26.0,14.0,28.0,33.0,37.0,19.0,26.0,28.0,16.0,38.0,21.0,29.0,30.0,31.0,19.0,26.0,26.0,33.0,32.0,29.0,30.0,24.0,36.0,35.0
22.0,28.0,39.0,40.0,35.0,39.0,29.0,35.0,39.0,37.0,31.0,35.0,31.0,26.0,47.0,29.0,37.0,35.0,37.0,28.0,19.0,31.0,28.0,39.0,26.0,34.0,27.0,28.0,38.0,43.0,31.0,43.0,36.0,35.0,28.0,35.0,42.0,42.0,17.0,34.0,33.0,33.0,27.0,34.0,22.0,43.0,27.0,37.0,33.0,32.0
27.0,26.0,37.0,36.0,23.0,36.0,30.0,39.0,38.0,34.0,31.0,33.0,37.0,22.0,32.0,29.0,15.0,26.0,30.0,34.0,21.0,28.0,38.0,30.0,24.0,25.0,30.0,17.0,29.0,24.0,30.0,30.0,28.0,40.0,24.0,29.0,30.0,30.0,30.0,40.0,32.0,30.0,24.0,35.0,29.0,26.0,45.0,30.0,20.0,38.0
