10,50,1000
17.438751,17.925737,15.722949,19.458096,17.722835,17.819167,18.173011,17.195491,16.92347,17.438984
5.271701,7.755403,5.9129,5.689448,6.060671,7.763397,7.306737,7.78167,5.649286,8.999447
0.0,10.0,20.0,30.0,40.0,50.0,60.0,70.0,80.0,90.0
10.0,0.0,10.0,20.0,30.0,40.0,50.0,60.0,70.0,80.0
20.0,10.0,0.0,10.0,20.0,30.0,40.0,50.0,60.0,70.0
30.0,20.0,10.0,0.0,10.0,20.0,30.0,40.0,50.0,60.0
40.0,30.0,20.0,10.0,0.0,10.0,20.0,30.0,40.0,50.0
50.0,40.0,30.0,20.0,10.0,0.0,10.0,20.0,30.0,40.0
60.0,50.0,40.0,30.0,20.0,10.0,0.0,10.0,20.0,30.0
70.0,60.0,50.0,40.0,30.0,20.0,10.0,0.0,10.0,20.0
80.0,70.0,60.0,50.0,40.0,30.0,20.0,10.0,0.0,10.0
90.0,80.0,70.0,60.0,50.0,40.0,30.0,20.0,10.0,0.0
450.0,400.0,350.0,300.0,250.0,250.0,300.0,350.0,400.0,450.0
0.0,1.0,2.0,3.0,4.0,5.0,6.0,7.0,8.0,9.0
1.0,0.0,1.0,2.0,3.0,4.0,5.0,6.0,7.0,8.0
2.0,1.0,0.0,1.0,2.0,3.0,4.0,5.0,6.0,7.0
3.0,2.0,1.0,0.0,1.0,2.0,3.0,4.0,5.0,6.0
4.0,3.0,2.0,1.0,0.0,1.0,2.0,3.0,4.0,5.0
5.0,4.0,3.0,2.0,1.0,0.0,1.0,2.0,3.0,4.0
6.0,5.0,4.0,3.0,2.0,1.0,0.0,1.0,2.0,3.0
7.0,6.0,5.0,4.0,3.0,2.0,1.0,0.0,1.0,2.0
8.0,7.0,6.0,5.0,4.0,3.0,2.0,1.0,0.0,1.0
9.0,8.0,7.0,6.0,5.0,4.0,3.0,2.0,1.0,0.0
45.0,40.0,35.0,30.0,25.0,25.0,30.0,35.0,40.0,45.0
22.0,35.0,26.0,17.0,22.0,21.0,25.0,24.0,25.0,23.0,29.0,27.0,19.0,20.0,26.0,21.0,20.0,23.0,17.0,25.0,32.0,23.0,17.0,22.0,16.0,27.0,19.0,29.0,32.0,23.0,26.0,17.0,20.0,15.0,20.0,17.0,23.0,23.0,18.0,25.0,23.0,15.0,22.0,24.0,31.0,25.0,18.0,21.0,27.0,27.0
41.0,20.0,36.0,27.0,37.0,31.0,24.0,32.0,32.0,37.0,27.0,24.0,30.0,32.0,20.0,22.0,25.0,32.0,35.0,31.0,27.0,27.0,30.0,32.0,26.0,33.0,23.0,28.0,28.0,28.0,41.0,27.0,31.0,31.0,31.0,40.0,29.0,32.0,22.0,35.0,29.0,27.0,29.0,28.0,36.0,39.0,34.0,33.0,33.0,28.0
14.0,24.0,26.0,28.0,24.0,21.0,20.0,15.0,28.0,24.0,23.0,23.0,17.0,28.0,27.0,26.0,13.0,26.0,26.0,22.0,32.0,12.0,25.0,14.0,31.0,27.0,18.0,34.0,27.0,21.0,24.0,29.0,27.0,20.0,22.0,22.0,20.0,24.0,34.0,31.0,32.0,21.0,21.0,22.0,19.0,32.0,26.0,22.0,19.0,28.0
25.0,25.0,23.0,31.0,28.0,23.0,31.0,25.0,22.0,18.0,18.0,23.0,26.0,21.0,43.0,30.0,12.0,21.0,20.0,26.0,22.0,25.0,27.0,26.0,25.0,17.0,17.0,29.0,14.0,32.0,26.0,27.0,28.0,32.0,21.0,21.0,20.0,21.0,21.0,24.0,33.0,28.0,21.0,20.0,14.0,17.0,25.0,27.0,30.0,23.0
30.0,23.0,17.0,22.0,24.0,30.0,22.0,20.0,25.0,26.0,25.0,35.0,19.0,22.0,23.0,23.0,19.0,31.0,19.0,19.0,21.0,20.0,25.0,16.0,23.0,17.0,22.0,18.0,24.0,28.0,20.0,18.0,20.0,17.0,21.0,25.0,27.0,23.0,23.0,24.0,25.0,22.0,27.0,35.0,21.0,28.0,29.0,21.0,23.0,24.0
33.0,34.0,29.0,30.0,33.0,32.0,37.0,38.0,28.0,35.0,30.0,33.0,30.0,29.0,30.0,31.0,24.0,25.0,19.0,23.0,34.0,36.0,33.0,39.0,35.0,30.0,27.0,32.0,36.0,35.0,33.0,38.0,25.0,25.0,31.0,27.0,33.0,32.0,38.0,29.0,38.0,22.0,30.0,27.0,22.0,30.0,30.0,27.0,27.0,32.0
35.0,26.0,29.0,29.0,27.0,35.0,27.0,28.0,25.0,19.0,18.0,12.0,28.0,25.0,25.0,29.0,26.0,20.0,18.0,32.0,35.0,23.0,34.0,23.0,25.0,31.0,23.0,26.0,29.0,35.0,29.0,36.0,21.0,27.0,33.0,26.0,27.0,28.0,39.0,20.0,24.0,36.0,25.0,29.0,36.0,21.0,28.0,37.0,27.0,30.0
35.0,22.0,37.0,31.0,42.0,33.0,38.0,17.0,35.0,35.0,35.0,31.0,26.0,25.0,25.0,31.0,17.0,30.0,27.0,35.0,29.0,40.0,38.0,35.0,28.0,27.0,25.0,41.0,30.0,28.0,32.0,31.0,22.0,36.0,29.0,26.0,26.0,28.0,31.0,32.0,33.0,31.0,31.0,25.0,29.0,23.0,33.0,34.0,26.0,26.0
26.0,22.0,30.0,13.0,21.0,28.0,26.0,26.0,26.0,29.0,28.0,36.0,22.0,20.0,30.0,23.0,23.0,25.0,22.0,30.0,21.0,24.0,25.0,30.0,18.0,28.0,23.0,22.0,18.0,21.0,24.0,21.0,15.0,21.0,31.0,22.0,23.0,28.0,19.0,27.0,31.0,35.0,18.0,21.0,23.0,20.0,25.0,29.0,17.0,14.0
31.0,44.0,26.0,40.0,43.0,39.0,33.0,21.0,34.0,38.0,40.0,26.0,36.0,33.0,57.0,39.0,29.0,37.0,28.0,34.0,36.0,41.0,28.0,24.0,32.0,36.0,42.0,32.0,37.0,45.0,25.0,28.0,30.0,41.0,33.0,37.0,22.0,34.0,41.0,28.0,36.0,37.0,42.0,22.0,21.0,28.0,47.0,32.0,28.0,28.0
