10,50,1000
15.641754,16.857731,15.494601,15.134224,15.636015,18.357287,17.920413,16.052311,15.769871,17.550403
5.032871,7.358643,7.425409,6.067125,8.108626,6.853524,6.060597,8.891433,6.020571,8.546189
0.0,10.0,20.0,30.0,40.0,50.0,60.0,70.0,80.0,90.0
10.0,0.0,10.0,20.0,30.0,40.0,50.0,60.0,70.0,80.0
20.0,10.0,0.0,10.0,20.0,30.0,40.0,50.0,60.0,70.0
30.0,20.0,10.0,0.0,10.0,20.0,30.0,40.0,50.0,60.0
40.0,30.0,20.0,10.0,0.0,10.0,20.0,30.0,40.0,50.0
50.0,40.0,30.0,20.0,10.0,0.0,10.0,20.0,30.0,40.0
60.0,50.0,40.0,30.0,20.0,10.0,0.0,10.0,20.0,30.0
70.0,60.0,50.0,40.0,30.0,20.0,10.0,0.0,10.0,20.0
80.0,70.0,60.0,50.0,40.0,30.0,20.0,10.0,0.0,10.0
90.0,80.0,70.0,60.0,50.0,40.0,30.0,20.0,10.0,0.0
450.0,400.0,350.0,300.0,250.0,250.0,300.0,350.0,400.0,450.0
0.0,1.0,2.0,3.0,4.0,5.0,6.0,7.0,8.0,9.0
1.0,0.0,1.0,2.0,3.0,4.0,5.0,6.0,7.0,8.0
2.0,1.0,0.0,1.0,2.0,3.0,4.0,5.0,6.0,7.0
3.0,2.0,1.0,0.0,1.0,2.0,3.0,4.0,5.0,6.0
4.0,3.0,2.0,1.0,0.0,1.0,2.0,3.0,4.0,5.0
5.0,4.0,3.0,2.0,1.0,0.0,1.0,2.0,3.0,4.0
6.0,5.0,4.0,3.0,2.0,1.0,0.0,1.0,2.0,3.0
7.0,6.0,5.0,4.0,3.0,2.0,1.0,0.0,1.0,2.0
8.0,7.0,6.0,5.0,4.0,3.0,2.0,1.0,0.0,1.0
9.0,8.0,7.0,6.0,5.0,4.0,3.0,2.0,1.0,0.0
45.0,40.0,35.0,30.0,25.0,25.0,30.0,35.0,40.0,45.0
15.0,28.0,25.0,10.0,14.0,21.0,24.0,18.0,18.0,14.0,18.0,14.0,17.0,18.0,22.0,18.0,18.0,21.0,17.0,20.0,16.0,16.0,17.0,22.0,29.0,16.0,17.0,24.0,17.0,29.0,15.0,28.0,27.0,14.0,15.0,19.0,25.0,25.0,27.0,20.0,25.0,20.0,15.0,26.0,21.0,21.0,17.0,24.0,14.0,18.0
32.0,34.0,38.0,20.0,24.0,30.0,31.0,34.0,37.0,30.0,24.0,21.0,26.0,24.0,22.0,31.0,29.0,24.0,26.0,25.0,32.0,26.0,24.0,30.0,24.0,21.0,28.0,25.0,27.0,27.0,32.0,20.0,24.0,26.0,30.0,25.0,34.0,34.0,29.0,34.0,32.0,27.0,25.0,21.0,26.0,23.0,26.0,26.0,31.0,24.0
26.0,21.0,27.0,20.0,23.0,40.0,17.0,30.0,19.0,29.0,28.0,31.0,21.0,27.0,25.0,26.0,34.0,34.0,26.0,22.0,21.0,23.0,28.0,16.0,20.0,34.0,26.0,26.0,23.0,30.0,32.0,30.0,34.0,31.0,28.0,19.0,34.0,32.0,27.0,26.0,29.0,19.0,19.0,29.0,30.0,32.0,33.0,21.0,43.0,31.0
24.0,32.0,20.0,13.0,11.0,26.0,19.0,30.0,19.0,26.0,21.0,28.0,34.0,21.0,22.0,32.0,18.0,23.0,27.0,20.0,28.0,25.0,26.0,18.0,22.0,20.0,17.0,27.0,27.0,19.0,29.0,22.0,27.0,24.0,23.0,19.0,20.0,21.0,32.0,16.0,22.0,31.0,28.0,23.0,28.0,17.0,30.0,19.0,23.0,20.0
34.0,38.0,26.0,21.0,23.0,32.0,29.0,31.0,34.0,31.0,33.0,22.0,32.0,26.0,27.0,29.0,35.0,26.0,39.0,31.0,37.0,29.0,39.0,23.0,24.0,28.0,22.0,37.0,35.0,30.0,25.0,25.0,31.0,34.0,31.0,31.0,40.0,24.0,16.0,26.0,24.0,32.0,38.0,31.0,35.0,26.0,34.0,25.0,25.0,28.0
28.0,31.0,23.0,26.0,25.0,13.0,34.0,19.0,31.0,23.0,42.0,28.0,18.0,27.0,30.0,33.0,23.0,26.0,26.0,35.0,24.0,19.0,24.0,24.0,29.0,29.0,27.0,22.0,30.0,31.0,38.0,24.0,18.0,27.0,32.0,29.0,29.0,23.0,28.0,27.0,31.0,29.0,23.0,26.0,31.0,26.0,25.0,18.0,37.0,29.0
21.0,21.0,28.0,25.0,28.0,23.0,23.0,22.0,34.0,26.0,29.0,29.0,34.0,19.0,27.0,21.0,24.0,26.0,27.0,17.0,27.0,20.0,26.0,24.0,23.0,16.0,29.0,30.0,24.0,22.0,25.0,28.0,29.0,37.0,25.0,21.0,20.0,26.0,33.0,34.0,13.0,29.0,17.0,24.0,20.0,19.0,15.0,21.0,20.0,23.0
34.0,42.0,36.0,30.0,33.0,30.0,38.0,30.0,41.0,24.0,48.0,28.0,34.0,34.0,38.0,28.0,30.0,30.0,33.0,31.0,31.0,27.0,35.0,31.0,42.0,29.0,27.0,47.0,33.0,28.0,36.0,23.0,40.0,33.0,34.0,26.0,28.0,32.0,40.0,33.0,27.0,40.0,38.0,34.0,29.0,30.0,23.0,38.0,32.0,32.0
16.0,32.0,18.0,28.0,22.0,25.0,26.0,20.0,25.0,30.0,26.0,28.0,24.0,32.0,18.0,21.0,29.0,32.0,30.0,18.0,23.0,28.0,20.0,19.0,28.0,14.0,32.0,28.0,26.0,20.0,26.0,16.0,20.0,19.0,25.0,22.0,27.0,16.0,21.0,26.0,23.0,24.0,21.0,22.0,28.0,31.0,36.0,23.0,24.0,28.0
33.0,41.0,30.0,29.0,32.0,33.0,32.0,32.0,31.0,30.0,33.0,24.0,36.0,35.0,33.0,30.0,26.0,29.0,41.0,31.0,39.0,28.0,31.0,32.0,25.0,40.0,33.0,33.0,38.0,30.0,35.0,33.0,33.0,36.0,40.0,33.0,44.0,34.0,32.0,19.0,32.0,41.0,28.0,24.0,36.0,26.0,34.0,26.0,26.0,22.0
