10,50,1000
15.179203,17.501262,17.091503,17.506238,15.571491,19.606768,16.423767,17.698647,19.996859,18.088974
7.801124,9.558538,7.970018,9.293486,8.896264,9.224725,5.574397,6.36612,8.543581,8.629001
0.0,10.0,20.0,30.0,40.0,50.0,60.0,70.0,80.0,90.0
10.0,0.0,10.0,20.0,30.0,40.0,50.0,60.0,70.0,80.0
20.0,10.0,0.0,10.0,20.0,30.0,40.0,50.0,60.0,70.0
30.0,20.0,10.0,0.0,10.0,20.0,30.0,40.0,50.0,60.0
40.0,30.0,20.0,10.0,0.0,10.0,20.0,30.0,40.0,50.0
50.0,40.0,30.0,20.0,10.0,0.0,10.0,20.0,30.0,40.0
60.0,50.0,40.0,30.0,20.0,10.0,0.0,10.0,20.0,30.0
70.0,60.0,50.0,40.0,30.0,20.0,10.0,0.0,10.0,20.0
80.0,70.0,60.0,50.0,40.0,30.0,20.0,10.0,0.0,10.0
90.0,80.0,70.0,60.0,50.0,40.0,30.0,20.0,10.0,0.0
450.0,400.0,350.0,300.0,250.0,250.0,300.0,350.0,400.0,450.0
0.0,1.0,2.0,3.0,4.0,5.0,6.0,7.0,8.0,9.0
1.0,0.0,1.0,2.0,3.0,4.0,5.0,6.0,7.0,8.0
2.0,1.0,0.0,1.0,2.0,3.0,4.0,5.0,6.0,7.0
3.0,2.0,1.0,0.0,1.0,2.0,3.0,4.0,5.0,6.0
4.0,3.0,2.0,1.0,0.0,1.0,2.0,3.0,4.0,5.0
5.0,4.0,3.0,2.0,1.0,0.0,1.0,2.0,3.0,4.0
6.0,5.0,4.0,3.0,2.0,1.0,0.0,1.0,2.0,3.0
7.0,6.0,5.0,4.0,3.0,2.0,1.0,0.0,1.0,2.0
8.0,7.0,6.0,5.0,4.0,3.0,2.0,1.0,0.0,1.0
9.0,8.0,7.0,6.0,5.0,4.0,3.0,2.0,1.0,0.0
45.0,40.0,35.0,30.0,25.0,25.0,30.0,35.0,40.0,45.0
30.0,28.0,33.0,33.0,36.0,24.0,29.0,29.0,29.0,28.0,28.0,30.0,20.0,35.0,31.0,20.0,16.0,39.0,37.0,32.0,26.0,21.0,31.0,38.0,37.0,31.0,25.0,29.0,29.0,26.0,33.0,26.0,18.0,21.0,35.0,35.0,36.0,28.0,27.0,25.0,25.0,33.0,26.0,33.0,23.0,25.0,32.0,23.0,31.0,29.0
43.0,31.0,25.0,31.0,28.0,34.0,37.0,39.0,39.0,42.0,37.0,42.0,37.0,32.0,32.0,44.0,35.0,20.0,27.0,43.0,43.0,35.0,28.0,30.0,31.0,40.0,29.0,31.0,36.0,43.0,34.0,37.0,28.0,26.0,31.0,34.0,33.0,39.0,36.0,28.0,35.0,26.0,49.0,41.0,31.0,37.0,35.0,36.0,37.0,37.0
25.0,27.0,20.0,34.0,25.0,35.0,22.0,30.0,25.0,30.0,30.0,27.0,36.0,28.0,37.0,31.0,21.0,38.0,28.0,32.0,35.0,20.0,35.0,25.0,28.0,22.0,30.0,30.0,24.0,30.0,32.0,34.0,23.0,33.0,25.0,16.0,33.0,25.0,24.0,27.0,20.0,22.0,32.0,27.0,47.0,34.0,46.0,26.0,23.0,25.0
41.0,40.0,40.0,44.0,43.0,33.0,32.0,37.0,28.0,33.0,37.0,41.0,35.0,34.0,25.0,37.0,26.0,31.0,51.0,34.0,34.0,28.0,36.0,34.0,30.0,29.0,32.0,38.0,35.0,25.0,38.0,32.0,39.0,31.0,35.0,40.0,42.0,32.0,36.0,38.0,39.0,42.0,25.0,36.0,40.0,31.0,27.0,32.0,30.0,29.0
37.0,30.0,23.0,30.0,34.0,33.0,33.0,37.0,32.0,30.0,33.0,37.0,27.0,30.0,36.0,37.0,41.0,26.0,36.0,37.0,28.0,31.0,27.0,26.0,31.0,44.0,35.0,31.0,28.0,30.0,34.0,25.0,32.0,33.0,38.0,34.0,33.0,32.0,27.0,32.0,32.0,36.0,23.0,34.0,43.0,35.0,36.0,33.0,31.0,36.0
43.0,29.0,34.0,40.0,36.0,34.0,38.0,40.0,44.0,35.0,42.0,27.0,34.0,39.0,35.0,36.0,21.0,30.0,44.0,46.0,28.0,36.0,50.0,40.0,36.0,30.0,39.0,43.0,35.0,37.0,37.0,34.0,31.0,39.0,32.0,29.0,41.0,35.0,34.0,33.0,40.0,23.0,39.0,36.0,31.0,40.0,41.0,29.0,29.0,27.0
22.0,27.0,18.0,26.0,20.0,30.0,23.0,40.0,23.0,13.0,24.0,17.0,16.0,23.0,27.0,25.0,28.0,14.0,29.0,22.0,18.0,29.0,18.0,19.0,27.0,18.0,18.0,20.0,19.0,35.0,23.0,23.0,20.0,24.0,27.0,15.0,28.0,21.0,23.0,20.0,24.0,13.0,14.0,21.0,26.0,25.0,15.0,27.0,33.0,24.0
34.0,14.0,21.0,23.0,27.0,27.0,29.0,25.0,24.0,29.0,36.0,18.0,20.0,32.0,24.0,29.0,27.0,24.0,26.0,24.0,28.0,22.0,23.0,28.0,19.0,21.0,29.0,14.0,24.0,26.0,22.0,25.0,17.0,27.0,22.0,22.0,21.0,22.0,23.0,29.0,19.0,28.0,29.0,15.0,29.0,23.0,24.0,23.0,26.0,24.0
30.0,43.0,30.0,40.0,34.0,30.0,22.0,40.0,40.0,38.0,25.0,34.0,28.0,34.0,39.0,27.0,27.0,27.0,32.0,26.0,46.0,39.0,36.0,34.0,31.0,21.0,31.0,26.0,40.0,30.0,32.0,28.0,35.0,42.0,29.0,34.0,27.0,39.0,38.0,36.0,29.0,41.0,31.0,26.0,17.0,35.0,31.0,33.0,32.0,32.0
42.0,36.0,33.0,27.0,40.0,36.0,28.0,28.0,44.0,30.0,22.0,36.0,40.0,36.0,30.0,44.0,28.0,34.0,27.0,36.0,32.0,28.0,28.0,31.0,40.0,29.0,32.0,31.0,37.0,31.0,38.0,34.0,26.0,36.0,46.0,38.0,31.0,34.0,42.0,21.0,31.0,23.0,35.0,30.0,39.0,30.0,36.0,36.0,40.0,32.0
