10,50,1000
16.94966,17.823364,15.829325,19.608902,18.77114,15.529251,19.936196,18.670791,19.100277,19.83607
6.276342,9.470612,7.08174,6.82754,8.07552,6.873797,6.970561,7.333917,9.60211,8.895564
0.0,10.0,20.0,30.0,40.0,50.0,60.0,70.0,80.0,90.0
10.0,0.0,10.0,20.0,30.0,40.0,50.0,60.0,70.0,80.0
20.0,10.0,0.0,10.0,20.0,30.0,40.0,50.0,60.0,70.0
30.0,20.0,10.0,0.0,10.0,20.0,30.0,40.0,50.0,60.0
40.0,30.0,20.0,10.0,0.0,10.0,20.0,30.0,40.0,50.0
50.0,40.0,30.0,20.0,10.0,0.0,10.0,20.0,30.0,40.0
60.0,50.0,40.0,30.0,20.0,10.0,0.0,10.0,20.0,30.0
70.0,60.0,50.0,40.0,30.0,20.0,10.0,0.0,10.0,20.0
80.0,70.0,60.0,50.0,40.0,30.0,20.0,10.0,0.0,10.0
90.0,80.0,70.0,60.0,50.0,40.0,30.0,20.0,10.0,0.0
450.0,400.0,350.0,300.0,250.0,250.0,300.0,350.0,400.0,450.0
0.0,1.0,2.0,3.0,4.0,5.0,6.0,7.0,8.0,9.0
1.0,0.0,1.0,2.0,3.0,4.0,5.0,6.0,7.0,8.0
2.0,1.0,0.0,1.0,2.0,3.0,4.0,5.0,6.0,7.0
3.0,2.0,1.0,0.0,1.0,2.0,3.0,4.0,5.0,6.0
4.0,3.0,2.0,1.0,0.0,1.0,2.0,3.0,4.0,5.0
5.0,4.0,3.0,2.0,1.0,0.0,1.0,2.0,3.0,4.0
6.0,5.0,4.0,3.0,2.0,1.0,0.0,1.0,2.0,3.0
7.0,6.0,5.0,4.0,3.0,2.0,1.0,0.0,1.0,2.0
8.0,7.0,6.0,5.0,4.0,3.0,2.0,1.0,0.0,1.0
9.0,8.0,7.0,6.0,5.0,4.0,3.0,2.0,1.0,0.0
45.0,40.0,35.0,30.0,25.0,25.0,30.0,35.0,40.0,45.0
23.0,25.0,22.0,27.0,20.0,30.0,27.0,21.0,24.0,20.0,30.0,29.0,25.0,21.0,24.0,20.0,33.0,26.0,29.0,30.0,26.0,31.0,33.0,26.0,24.0,25.0,16.0,31.0,26.0,23.0,24.0,31.0,28.0,30.0,26.0,16.0,21.0,21.0,20.0,25.0,23.0,27.0,32.0,13.0,25.0,34.0,27.0,26.0,27.0,24.0
26.0,33.0,39.0,31.0,35.0,41.0,39.0,24.0,35.0,35.0,37.0,36.0,36.0,38.0,38.0,36.0,33.0,25.0,41.0,24.0,37.0,36.0,31.0,34.0,37.0,27.0,30.0,26.0,36.0,30.0,36.0,35.0,38.0,39.0,33.0,38.0,39.0,38.0,38.0,39.0,34.0,28.0,37.0,31.0,37.0,46.0,37.0,43.0,35.0,31.0
34.0,25.0,27.0,27.0,34.0,21.0,38.0,30.0,27.0,30.0,35.0,23.0,28.0,24.0,20.0,19.0,23.0,21.0,28.0,31.0,19.0,17.0,29.0,27.0,23.0,25.0,23.0,32.0,28.0,21.0,21.0,22.0,36.0,25.0,29.0,26.0,29.0,22.0,24.0,31.0,31.0,33.0,24.0,33.0,41.0,25.0,31.0,27.0,31.0,14.0
29.0,30.0,30.0,32.0,27.0,32.0,27.0,25.0,28.0,31.0,15.0,21.0,27.0,43.0,38.0,29.0,25.0,25.0,18.0,21.0,29.0,30.0,25.0,33.0,30.0,23.0,34.0,29.0,31.0,21.0,24.0,35.0,16.0,21.0,21.0,30.0,33.0,23.0,23.0,31.0,34.0,24.0,34.0,30.0,20.0,20.0,35.0,17.0,31.0,24.0
29.0,28.0,37.0,32.0,34.0,28.0,26.0,31.0,29.0,28.0,35.0,35.0,37.0,39.0,36.0,31.0,33.0,24.0,21.0,30.0,31.0,33.0,27.0,26.0,24.0,37.0,25.0,24.0,31.0,32.0,23.0,38.0,32.0,25.0,27.0,24.0,33.0,32.0,26.0,26.0,25.0,40.0,24.0,34.0,31.0,32.0,29.0,32.0,38.0,22.0
28.0,24.0,33.0,22.0,24.0,32.0,26.0,31.0,12.0,30.0,37.0,29.0,20.0,22.0,24.0,15.0,29.0,24.0,27.0,31.0,25.0,35.0,29.0,29.0,20.0,26.0,25.0,25.0,18.0,24.0,34.0,28.0,32.0,28.0,21.0,22.0,26.0,19.0,32.0,30.0,27.0,24.0,25.0,23.0,29.0,24.0,21.0,34.0,27.0,42.0
27.0,30.0,34.0,36.0,32.0,31.0,28.0,35.0,38.0,20.0,23.0,30.0,28.0,21.0,25.0,35.0,23.0,30.0,29.0,32.0,28.0,30.0,29.0,34.0,23.0,27.0,28.0,25.0,26.0,25.0,38.0,38.0,27.0,24.0,34.0,37.0,27.0,25.0,26.0,31.0,27.0,22.0,24.0,28.0,23.0,35.0,35.0,31.0,20.0,34.0
29.0,21.0,35.0,32.0,23.0,26.0,25.0,17.0,21.0,30.0,33.0,32.0,29.0,39.0,29.0,33.0,30.0,20.0,32.0,30.0,42.0,40.0,17.0,33.0,29.0,24.0,28.0,25.0,33.0,32.0,35.0,24.0,34.0,31.0,38.0,39.0,33.0,27.0,28.0,30.0,26.0,26.0,33.0,31.0,23.0,33.0,27.0,35.0,38.0,25.0
32.0,29.0,31.0,36.0,32.0,34.0,40.0,39.0,31.0,39.0,35.0,31.0,35.0,36.0,38.0,26.0,26.0,37.0,39.0,34.0,32.0,42.0,35.0,28.0,37.0,31.0,27.0,30.0,39.0,37.0,36.0,37.0,27.0,43.0,47.0,39.0,36.0,40.0,42.0,39.0,38.0,35.0,30.0,39.0,33.0,29.0,39.0,25.0,48.0,29.0
37.0,37.0,33.0,39.0,32.0,33.0,33.0,32.0,32.0,31.0,36.0,29.0,37.0,40.0,33.0,38.0,28.0,18.0,32.0,32.0,31.0,28.0,36.0,42.0,19.0,35.0,45.0,36.0,27.0,33.0,34.0,40.0,29.0,35.0,34.0,28.0,26.0,39.0,35.0,28.0,41.0,32.0,30.0,29.0,23.0,38.0,26.0,29.0,36.0,38.0
