10,50,1000
16.069726,18.788823,17.477672,17.22136,17.321405,19.921563,16.831066,16.426224,15.530337,17.963988
7.858624,9.045385,5.72019,9.046471,9.077303,6.230205,9.649401,9.109847,5.350587,7.72848
0.0,10.0,20.0,30.0,40.0,50.0,60.0,70.0,80.0,90.0
10.0,0.0,10.0,20.0,30.0,40.0,50.0,60.0,70.0,80.0
20.0,10.0,0.0,10.0,20.0,30.0,40.0,50.0,60.0,70.0
30.0,20.0,10.0,0.0,10.0,20.0,30.0,40.0,50.0,60.0
40.0,30.0,20.0,10.0,0.0,10.0,20.0,30.0,40.0,50.0
50.0,40.0,30.0,20.0,10.0,0.0,10.0,20.0,30.0,40.0
60.0,50.0,40.0,30.0,20.0,10.0,0.0,10.0,20.0,30.0
70.0,60.0,50.0,40.0,30.0,20.0,10.0,0.0,10.0,20.0
80.0,70.0,60.0,50.0,40.0,30.0,20.0,10.0,0.0,10.0
90.0,80.0,70.0,60.0,50.0,40.0,30.0,20.0,10.0,0.0
450.0,400.0,350.0,300.0,250.0,250.0,300.0,350.0,400.0,450.0
0.0,1.0,2.0,3.0,4.0,5.0,6.0,7.0,8.0,9.0
1.0,0.0,1.0,2.0,3.0,4.0,5.0,6.0,7.0,8.0
2.0,1.0,0.0,1.0,2.0,3.0,4.0,5.0,6.0,7.0
3.0,2.0,1.0,0.0,1.0,2.0,3.0,4.0,5.0,6.0
4.0,3.0,2.0,1.0,0.0,1.0,2.0,3.0,4.0,5.0
5.0,4.0,3.0,2.0,1.0,0.0,1.0,2.0,3.0,4.0
6.0,5.0,4.0,3.0,2.0,1.0,0.0,1.0,2.0,3.0
7.0,6.0,5.0,4.0,3.0,2.0,1.0,0.0,1.0,2.0
8.0,7.0,6.0,5.0,4.0,3.0,2.0,1.0,0.0,1.0
9.0,8.0,7.0,6.0,5.0,4.0,3.0,2.0,1.0,0.0
45.0,40.0,35.0,30.0,25.0,25.0,30.0,35.0,40.0,45.0
29.0,25.0,36.0,30.0,35.0,17.0,26.0,27.0,33.0,24.0,29.0,23.0,31.0,34.0,27.0,27.0,29.0,40.0,24.0,29.0,31.0,29.0,25.0,29.0,27.0,29.0,31.0,32.0,19.0,28.0,37.0,21.0,27.0,23.0,25.0,36.0,29.0,29.0,28.0,26.0,37.0,20.0,29.0,26.0,31.0,26.0,27.0,29.0,31.0,34.0
24.0,42.0,31.0,32.0,34.0,43.0,32.0,34.0,29.0,46.0,28.0,32.0,24.0,38.0,37.0,35.0,27.0,33.0,32.0,29.0,31.0,46.0,25.0,35.0,24.0,29.0,28.0,31.0,38.0,29.0,35.0,38.0,44.0,30.0,37.0,32.0,49.0,22.0,34.0,39.0,31.0,34.0,30.0,24.0,42.0,37.0,44.0,32.0,41.0,32.0
22.0,19.0,18.0,20.0,22.0,25.0,17.0,17.0,25.0,23.0,25.0,31.0,33.0,20.0,26.0,22.0,23.0,20.0,22.0,26.0,17.0,20.0,19.0,25.0,24.0,24.0,20.0,19.0,27.0,20.0,24.0,27.0,30.0,23.0,24.0,14.0,29.0,20.0,18.0,22.0,17.0,26.0,24.0,23.0,23.0,18.0,20.0,23.0,22.0,21.0
36.0,35.0,32.0,35.0,27.0,29.0,32.0,38.0,31.0,31.0,34.0,36.0,26.0,24.0,34.0,39.0,36.0,35.0,30.0,45.0,19.0,34.0,30.0,43.0,31.0,44.0,23.0,34.0,28.0,31.0,45.0,34.0,35.0,34.0,38.0,25.0,34.0,48.0,33.0,26.0,25.0,28.0,35.0,31.0,41.0,27.0,38.0,29.0,36.0,31.0
30.0,29.0,41.0,33.0,34.0,41.0,44.0,38.0,32.0,35.0,34.0,40.0,36.0,24.0,40.0,28.0,36.0,37.0,35.0,32.0,27.0,29.0,35.0,34.0,45.0,24.0,24.0,32.0,32.0,42.0,46.0,43.0,32.0,33.0,22.0,29.0,37.0,29.0,38.0,30.0,34.0,39.0,35.0,33.0,27.0,41.0,29.0,23.0,35.0,33.0
26.0,26.0,26.0,13.0,27.0,23.0,24.0,21.0,19.0,19.0,33.0,23.0,20.0,18.0,27.0,20.0,27.0,22.0,23.0,28.0,31.0,29.0,26.0,25.0,32.0,17.0,20.0,22.0,25.0,14.0,17.0,20.0,29.0,27.0,16.0,26.0,41.0,19.0,26.0,23.0,17.0,28.0,28.0,27.0,28.0,30.0,24.0,19.0,18.0,23.0
37.0,36.0,30.0,40.0,33.0,29.0,43.0,36.0,38.0,33.0,43.0,35.0,33.0,42.0,44.0,29.0,27.0,35.0,51.0,37.0,39.0,29.0,38.0,36.0,37.0,29.0,33.0,29.0,30.0,36.0,37.0,40.0,26.0,37.0,48.0,33.0,38.0,32.0,36.0,36.0,26.0,46.0,41.0,29.0,29.0,50.0,45.0,28.0,27.0,33.0
43.0,26.0,47.0,36.0,28.0,36.0,20.0,35.0,41.0,38.0,26.0,39.0,32.0,30.0,27.0,30.0,36.0,37.0,32.0,39.0,38.0,28.0,44.0,31.0,29.0,31.0,31.0,37.0,35.0,32.0,27.0,32.0,36.0,38.0,34.0,38.0,37.0,38.0,46.0,42.0,28.0,26.0,21.0,26.0,31.0,33.0,37.0,37.0,33.0,40.0
19.0,18.0,14.0,12.0,24.0,25.0,25.0,24.0,18.0,16.0,11.0,16.0,23.0,22.0,21.0,19.0,22.0,22.0,17.0,18.0,23.0,23.0,28.0,18.0,18.0,24.0,21.0,32.0,26.0,23.0,17.0,30.0,14.0,21.0,25.0,12.0,21.0,18.0,22.0,23.0,25.0,20.0,24.0,18.0,25.0,22.0,28.0,22.0,17.0,26.0
32.0,27.0,36.0,36.0,29.0,38.0,26.0,32.0,26.0,33.0,27.0,32.0,36.0,31.0,32.0,27.0,28.0,33.0,28.0,26.0,23.0,30.0,34.0,30.0,25.0,23.0,26.0,30.0,24.0,31.0,29.0,25.0,33.0,39.0,25.0,31.0,38.0,32.0,37.0,29.0,33.0,24.0,29.0,32.0,40.0,31.0,27.0,29.0,34.0,41.0
