10,50,1000
16.501282,16.309484,16.40583,16.04546,16.225776,15.499806,17.406294,18.420373,16.134397,19.322219
7.677524,6.990765,9.921288,5.158497,5.166103,8.572291,6.751437,9.909969,7.428137,9.358351
0.0,10.0,20.0,30.0,40.0,50.0,60.0,70.0,80.0,90.0
10.0,0.0,10.0,20.0,30.0,40.0,50.0,60.0,70.0,80.0
20.0,10.0,0.0,10.0,20.0,30.0,40.0,50.0,60.0,70.0
30.0,20.0,10.0,0.0,10.0,20.0,30.0,40.0,50.0,60.0
40.0,30.0,20.0,10.0,0.0,10.0,20.0,30.0,40.0,50.0
50.0,40.0,30.0,20.0,10.0,0.0,10.0,20.0,30.0,40.0
60.0,50.0,40.0,30.0,20.0,10.0,0.0,10.0,20.0,30.0
70.0,60.0,50.0,40.0,30.0,20.0,10.0,0.0,10.0,20.0
80.0,70.0,60.0,50.0,40.0,30.0,20.0,10.0,0.0,10.0
90.0,80.0,70.0,60.0,50.0,40.0,30.0,20.0,10.0,0.0
450.0,400.0,350.0,300.0,250.0,250.0,300.0,350.0,400.0,450.0
0.0,1.0,2.0,3.0,4.0,5.0,6.0,7.0,8.0,9.0
1.0,0.0,1.0,2.0,3.0,4.0,5.0,6.0,7.0,8.0
2.0,1.0,0.0,1.0,2.0,3.0,4.0,5.0,6.0,7.0
3.0,2.0,1.0,0.0,1.0,2.0,3.0,4.0,5.0,6.0
4.0,3.0,2.0,1.0,0.0,1.0,2.0,3.0,4.0,5.0
5.0,4.0,3.0,2.0,1.0,0.0,1.0,2.0,3.0,4.0
6.0,5.0,4.0,3.0,2.0,1.0,0.0,1.0,2.0,3.0
7.0,6.0,5.0,4.0,3.0,2.0,1.0,0.0,1.0,2.0
8.0,7.0,6.0,5.0,4.0,3.0,2.0,1.0,0.0,1.0
9.0,8.0,7.0,6.0,5.0,4.0,3.0,2.0,1.0,0.0
45.0,40.0,35.0,30.0,25.0,25.0,30.0,35.0,40.0,45.0
30.0,23.0,32.0,27.0,23.0,35.0,33.0,36.0,24.0,23.0,33.0,28.0,34.0,29.0,24.0,31.0,26.0,21.0,38.0,29.0,28.0,30.0,23.0,33.0,35.0,27.0,34.0,22.0,29.0,38.0,33.0,22.0,40.0,26.0,26.0,27.0,24.0,30.0,24.0,30.0,30.0,29.0,23.0,30.0,29.0,25.0,35.0,36.0,29.0,35.0
23.0,28.0,31.0,26.0,28.0,39.0,33.0,28.0,26.0,24.0,22.0,32.0,23.0,20.0,22.0,29.0,26.0,25.0,20.0,22.0,36.0,29.0,21.0,22.0,30.0,20.0,30.0,26.0,17.0,34.0,29.0,25.0,27.0,29.0,22.0,33.0,32.0,35.0,19.0,29.0,21.0,22.0,25.0,27.0,28.0,16.0,29.0,17.0,37.0,24.0
38.0,36.0,26.0,41.0,36.0,43.0,33.0,44.0,51.0,40.0,31.0,25.0,36.0,33.0,37.0,34.0,41.0,27.0,33.0,31.0,31.0,31.0,31.0,45.0,42.0,34.0,29.0,37.0,39.0,43.0,29.0,44.0,32.0,41.0,41.0,35.0,33.0,36.0,25.0,36.0,42.0,28.0,26.0,49.0,28.0,39.0,32.0,23.0,41.0,38.0
9.0,33.0,25.0,16.0,20.0,22.0,21.0,14.0,24.0,18.0,16.0,20.0,16.0,19.0,20.0,22.0,36.0,23.0,16.0,28.0,16.0,18.0,18.0,20.0,16.0,13.0,21.0,28.0,24.0,27.0,21.0,24.0,24.0,24.0,19.0,16.0,23.0,24.0,23.0,20.0,19.0,21.0,16.0,19.0,25.0,26.0,17.0,23.0,25.0,26.0
8.0,21.0,18.0,21.0,19.0,24.0,17.0,29.0,24.0,22.0,28.0,25.0,26.0,18.0,25.0,18.0,19.0,22.0,18.0,25.0,14.0,16.0,25.0,22.0,25.0,20.0,15.0,12.0,21.0,24.0,13.0,18.0,16.0,24.0,15.0,29.0,21.0,21.0,20.0,24.0,27.0,26.0,12.0,21.0,16.0,16.0,18.0,26.0,28.0,12.0
35.0,39.0,31.0,30.0,40.0,34.0,31.0,35.0,32.0,33.0,28.0,36.0,39.0,29.0,30.0,30.0,28.0,26.0,41.0,28.0,32.0,29.0,27.0,23.0,25.0,23.0,25.0,39.0,31.0,24.0,28.0,34.0,34.0,28.0,29.0,34.0,28.0,38.0,42.0,30.0,24.0,43.0,31.0,25.0,20.0,27.0,32.0,38.0,33.0,31.0
19.0,23.0,27.0,28.0,28.0,20.0,21.0,16.0,29.0,30.0,23.0,37.0,33.0,31.0,30.0,18.0,20.0,27.0,23.0,25.0,23.0,33.0,36.0,16.0,27.0,24.0,26.0,21.0,26.0,23.0,29.0,36.0,30.0,21.0,35.0,26.0,25.0,30.0,34.0,16.0,27.0,17.0,37.0,23.0,22.0,27.0,34.0,19.0,20.0,31.0
35.0,38.0,30.0,36.0,35.0,37.0,34.0,36.0,43.0,41.0,41.0,33.0,36.0,34.0,27.0,45.0,36.0,40.0,39.0,25.0,39.0,33.0,33.0,32.0,44.0,38.0,42.0,36.0,38.0,46.0,44.0,41.0,38.0,44.0,27.0,38.0,33.0,33.0,39.0,36.0,38.0,41.0,35.0,45.0,41.0,43.0,28.0,35.0,30.0,44.0
25.0,28.0,38.0,18.0,27.0,24.0,30.0,22.0,35.0,21.0,38.0,28.0,33.0,32.0,27.0,27.0,24.0,23.0,24.0,33.0,34.0,35.0,26.0,28.0,28.0,33.0,32.0,33.0,32.0,39.0,28.0,28.0,20.0,31.0,23.0,20.0,23.0,24.0,24.0,32.0,29.0,28.0,22.0,31.0,27.0,27.0,31.0,35.0,35.0,23.0
27.0,36.0,34.0,31.0,43.0,34.0,32.0,40.0,33.0,33.0,48.0,48.0,41.0,31.0,39.0,38.0,42.0,38.0,51.0,35.0,31.0,38.0,35.0,43.0,37.0,28.0,41.0,39.0,36.0,38.0,31.0,39.0,35.0,36.0,47.0,39.0,34.0,33.0,30.0,27.0,32.0,35.0,30.0,30.0,27.0,31.0,36.0,28.0,39.0,30.0
