10,50,1000
17.237565,15.107417,16.179669,17.657838,17.436085,19.804458,18.177125,18.440231,15.186298,17.057692
8.326751,5.241685,8.611834,7.505185,5.702255,7.278476,8.103527,7.358808,8.820068,8.736682
0.0,10.0,20.0,30.0,40.0,50.0,60.0,70.0,80.0,90.0
10.0,0.0,10.0,20.0,30.0,40.0,50.0,60.0,70.0,80.0
20.0,10.0,0.0,10.0,20.0,30.0,40.0,50.0,60.0,70.0
30.0,20.0,10.0,0.0,10.0,20.0,30.0,40.0,50.0,60.0
40.0,30.0,20.0,10.0,0.0,10.0,20.0,30.0,40.0,50.0
50.0,40.0,30.0,20.0,10.0,0.0,10.0,20.0,30.0,40.0
60.0,50.0,40.0,30.0,20.0,10.0,0.0,10.0,20.0,30.0
70.0,60.0,50.0,40.0,30.0,20.0,10.0,0.0,10.0,20.0
80.0,70.0,60.0,50.0,40.0,30.0,20.0,10.0,0.0,10.0
90.0,80.0,70.0,60.0,50.0,40.0,30.0,20.0,10.0,0.0
450.0,400.0,350.0,300.0,250.0,250.0,300.0,350.0,400.0,450.0
0.0,1.0,2.0,3.0,4.0,5.0,6.0,7.0,8.0,9.0
1.0,0.0,1.0,2.0,3.0,4.0,5.0,6.0,7.0,8.0
2.0,1.0,0.0,1.0,2.0,3.0,4.0,5.0,6.0,7.0
3.0,2.0,1.0,0.0,1.0,2.0,3.0,4.0,5.0,6.0
4.0,3.0,2.0,1.0,0.0,1.0,2.0,3.0,4.0,5.0
5.0,4.0,3.0,2.0,1.0,0.0,1.0,2.0,3.0,4.0
6.0,5.0,4.0,3.0,2.0,1.0,0.0,1.0,2.0,3.0
7.0,6.0,5.0,4.0,3.0,2.0,1.0,0.0,1.0,2.0
8.0,7.0,6.0,5.0,4.0,3.0,2.0,1.0,0.0,1.0
9.0,8.0,7.0,6.0,5.0,4.0,3.0,2.0,1.0,0.0
45.0,40.0,35.0,30.0,25.0,25.0,30.0,35.0,40.0,45.0
29.0,27.0,33.0,32.0,33.0,40.0,26.0,19.0,30.0,27.0,26.0,28.0,30.0,31.0,27.0,30.0,44.0,25.0,30.0,18.0,37.0,27.0,24.0,32.0,33.0,29.0,28.0,32.0,32.0,38.0,23.0,39.0,30.0,41.0,25.0,31.0,39.0,39.0,37.0,31.0,28.0,35.0,18.0,25.0,20.0,32.0,33.0,21.0,34.0,26.0
16.0,14.0,24.0,15.0,17.0,23.0,30.0,20.0,13.0,33.0,22.0,21.0,23.0,28.0,26.0,17.0,30.0,28.0,25.0,25.0,20.0,17.0,25.0,10.0,24.0,23.0,22.0,16.0,21.0,29.0,17.0,32.0,25.0,19.0,18.0,19.0,21.0,25.0,27.0,21.0,18.0,24.0,28.0,14.0,23.0,19.0,17.0,19.0,20.0,15.0
33.0,38.0,22.0,31.0,29.0,31.0,26.0,37.0,29.0,39.0,27.0,29.0,45.0,31.0,41.0,40.0,31.0,39.0,31.0,27.0,34.0,39.0,27.0,34.0,32.0,37.0,27.0,32.0,31.0,24.0,35.0,36.0,40.0,25.0,34.0,31.0,39.0,31.0,33.0,44.0,28.0,42.0,24.0,33.0,32.0,37.0,30.0,33.0,28.0,29.0
25.0,29.0,35.0,29.0,24.0,23.0,34.0,44.0,23.0,30.0,27.0,27.0,33.0,40.0,33.0,21.0,20.0,26.0,26.0,26.0,32.0,32.0,32.0,23.0,32.0,44.0,25.0,34.0,18.0,26.0,32.0,25.0,32.0,31.0,29.0,24.0,28.0,32.0,23.0,31.0,30.0,36.0,40.0,35.0,20.0,19.0,23.0,26.0,31.0,30.0
26.0,19.0,24.0,30.0,23.0,20.0,25.0,19.0,25.0,25.0,28.0,22.0,12.0,18.0,22.0,30.0,25.0,27.0,25.0,20.0,24.0,26.0,21.0,25.0,19.0,23.0,25.0,27.0,19.0,18.0,27.0,18.0,22.0,23.0,20.0,26.0,25.0,27.0,22.0,28.0,27.0,31.0,22.0,20.0,25.0,22.0,28.0,20.0,17.0,25.0
34.0,18.0,25.0,38.0,30.0,24.0,29.0,32.0,27.0,33.0,19.0,26.0,39.0,29.0,38.0,30.0,30.0,44.0,40.0,25.0,30.0,37.0,20.0,34.0,29.0,32.0,34.0,23.0,32.0,32.0,40.0,26.0,22.0,28.0,30.0,40.0,30.0,27.0,25.0,29.0,33.0,30.0,29.0,36.0,22.0,29.0,36.0,26.0,20.0,30.0
30.0,29.0,30.0,41.0,23.0,34.0,33.0,37.0,24.0,32.0,29.0,26.0,38.0,32.0,40.0,30.0,28.0,21.0,25.0,34.0,32.0,38.0,26.0,30.0,36.0,44.0,28.0,37.0,32.0,26.0,32.0,21.0,32.0,25.0,26.0,31.0,32.0,31.0,30.0,27.0,27.0,28.0,31.0,31.0,23.0,32.0,37.0,27.0,29.0,29.0
25.0,41.0,21.0,35.0,25.0,33.0,25.0,36.0,26.0,29.0,13.0,22.0,42.0,33.0,36.0,35.0,27.0,31.0,45.0,27.0,35.0,29.0,28.0,24.0,26.0,37.0,24.0,22.0,18.0,37.0,28.0,22.0,23.0,34.0,32.0,29.0,28.0,31.0,37.0,25.0,34.0,30.0,25.0,32.0,22.0,36.0,30.0,34.0,39.0,21.0
31.0,34.0,39.0,29.0,35.0,34.0,35.0,31.0,39.0,30.0,42.0,38.0,24.0,31.0,35.0,28.0,31.0,36.0,28.0,28.0,34.0,34.0,28.0,29.0,23.0,30.0,39.0,34.0,43.0,35.0,22.0,42.0,30.0,34.0,28.0,28.0,41.0,42.0,24.0,27.0,33.0,37.0,25.0,24.0,34.0,31.0,27.0,28.0,32.0,43.0
35.0,40.0,32.0,27.0,41.0,34.0,32.0,33.0,32.0,34.0,37.0,29.0,28.0,46.0,37.0,31.0,27.0,43.0,44.0,30.0,52.0,35.0,30.0,30.0,41.0,36.0,32.0,30.0,33.0,28.0,32.0,31.0,37.0,35.0,43.0,29.0,40.0,25.0,34.0,24.0,45.0,28.0,31.0,28.0,40.0,20.0,35.0,32.0,37.0,21.0
