10,50,1000
17.81297,19.643243,19.174523,17.752255,19.223992,16.445137,19.855888,19.464919,17.00836,19.752805
7.951153,9.871455,8.388371,8.359426,7.320099,6.295074,9.550118,9.361433,9.631625,5.324452
0.0,10.0,20.0,30.0,40.0,50.0,60.0,70.0,80.0,90.0
10.0,0.0,10.0,20.0,30.0,40.0,50.0,60.0,70.0,80.0
20.0,10.0,0.0,10.0,20.0,30.0,40.0,50.0,60.0,70.0
30.0,20.0,10.0,0.0,10.0,20.0,30.0,40.0,50.0,60.0
40.0,30.0,20.0,10.0,0.0,10.0,20.0,30.0,40.0,50.0
50.0,40.0,30.0,20.0,10.0,0.0,10.0,20.0,30.0,40.0
60.0,50.0,40.0,30.0,20.0,10.0,0.0,10.0,20.0,30.0
70.0,60.0,50.0,40.0,30.0,20.0,10.0,0.0,10.0,20.0
80.0,70.0,60.0,50.0,40.0,30.0,20.0,10.0,0.0,10.0
90.0,80.0,70.0,60.0,50.0,40.0,30.0,20.0,10.0,0.0
450.0,400.0,350.0,300.0,250.0,250.0,300.0,350.0,400.0,450.0
0.0,1.0,2.0,3.0,4.0,5.0,6.0,7.0,8.0,9.0
1.0,0.0,1.0,2.0,3.0,4.0,5.0,6.0,7.0,8.0
2.0,1.0,0.0,1.0,2.0,3.0,4.0,5.0,6.0,7.0
3.0,2.0,1.0,0.0,1.0,2.0,3.0,4.0,5.0,6.0
4.0,3.0,2.0,1.0,0.0,1.0,2.0,3.0,4.0,5.0
5.0,4.0,3.0,2.0,1.0,0.0,1.0,2.0,3.0,4.0
6.0,5.0,4.0,3.0,2.0,1.0,0.0,1.0,2.0,3.0
7.0,6.0,5.0,4.0,3.0,2.0,1.0,0.0,1.0,2.0
8.0,7.0,6.0,5.0,4.0,3.0,2.0,1.0,0.0,1.0
9.0,8.0,7.0,6.0,5.0,4.0,3.0,2.0,1.0,0.0
45.0,40.0,35.0,30.0,25.0,25.0,30.0,35.0,40.0,45.0
29.0,33.0,31.0,23.0,26.0,30.0,24.0,32.0,27.0,25.0,30.0,33.0,32.0,26.0,26.0,26.0,27.0,24.0,32.0,33.0,39.0,31.0,40.0,31.0,29.0,35.0,27.0,31.0,29.0,31.0,30.0,23.0,23.0,22.0,26.0,39.0,37.0,26.0,27.0,36.0,34.0,32.0,30.0,30.0,35.0,38.0,35.0,40.0,41.0,33.0
29.0,43.0,31.0,38.0,50.0,41.0,33.0,40.0,35.0,39.0,35.0,37.0,42.0,34.0,45.0,37.0,46.0,31.0,44.0,32.0,31.0,38.0,39.0,53.0,41.0,34.0,39.0,46.0,35.0,44.0,48.0,38.0,28.0,33.0,33.0,48.0,44.0,40.0,33.0,43.0,42.0,43.0,32.0,34.0,34.0,28.0,36.0,40.0,27.0,35.0
47.0,39.0,34.0,28.0,22.0,30.0,27.0,27.0,39.0,34.0,24.0,34.0,35.0,40.0,39.0,24.0,23.0,26.0,28.0,31.0,38.0,23.0,31.0,46.0,33.0,21.0,41.0,28.0,36.0,34.0,32.0,23.0,25.0,29.0,38.0,26.0,41.0,32.0,34.0,35.0,33.0,41.0,36.0,31.0,39.0,27.0,25.0,27.0,34.0,34.0
29.0,30.0,43.0,37.0,22.0,39.0,35.0,28.0,37.0,33.0,33.0,33.0,38.0,30.0,23.0,44.0,36.0,33.0,35.0,32.0,36.0,25.0,20.0,26.0,30.0,30.0,29.0,35.0,31.0,27.0,30.0,28.0,36.0,29.0,28.0,30.0,27.0,35.0,27.0,28.0,21.0,30.0,27.0,39.0,19.0,24.0,27.0,27.0,27.0,29.0
29.0,20.0,33.0,28.0,29.0,38.0,29.0,20.0,19.0,29.0,29.0,18.0,18.0,41.0,44.0,21.0,31.0,26.0,27.0,30.0,28.0,34.0,26.0,26.0,23.0,20.0,26.0,36.0,30.0,28.0,28.0,28.0,17.0,29.0,25.0,19.0,23.0,29.0,35.0,31.0,19.0,30.0,34.0,23.0,36.0,27.0,29.0,17.0,36.0,28.0
29.0,16.0,33.0,24.0,22.0,25.0,37.0,20.0,25.0,22.0,23.0,19.0,24.0,31.0,27.0,32.0,25.0,22.0,18.0,26.0,21.0,20.0,20.0,25.0,20.0,25.0,16.0,31.0,25.0,25.0,22.0,26.0,28.0,28.0,31.0,29.0,22.0,26.0,32.0,20.0,29.0,18.0,30.0,24.0,25.0,25.0,25.0,15.0,18.0,20.0
38.0,43.0,33.0,38.0,42.0,40.0,38.0,41.0,44.0,35.0,28.0,39.0,39.0,46.0,30.0,36.0,34.0,42.0,34.0,38.0,43.0,41.0,32.0,30.0,44.0,28.0,33.0,33.0,37.0,27.0,42.0,36.0,30.0,33.0,40.0,36.0,34.0,43.0,28.0,44.0,37.0,35.0,29.0,44.0,38.0,42.0,38.0,37.0,37.0,42.0
33.0,30.0,32.0,36.0,33.0,42.0,29.0,35.0,32.0,30.0,38.0,25.0,40.0,39.0,35.0,35.0,31.0,29.0,34.0,37.0,35.0,27.0,33.0,37.0,36.0,30.0,39.0,33.0,34.0,33.0,30.0,30.0,29.0,36.0,36.0,26.0,34.0,31.0,37.0,39.0,38.0,34.0,33.0,35.0,39.0,37.0,41.0,40.0,40.0,41.0
30.0,33.0,33.0,44.0,28.0,36.0,31.0,33.0,29.0,37.0,38.0,33.0,42.0,36.0,41.0,36.0,35.0,40.0,29.0,35.0,36.0,26.0,20.0,39.0,36.0,38.0,33.0,36.0,31.0,32.0,32.0,41.0,23.0,38.0,37.0,36.0,31.0,42.0,32.0,38.0,36.0,35.0,26.0,38.0,38.0,31.0,36.0,30.0,36.0,41.0
23.0,28.0,19.0,22.0,20.0,23.0,18.0,29.0,21.0,20.0,17.0,25.0,26.0,23.0,23.0,23.0,28.0,17.0,21.0,27.0,22.0,31.0,17.0,17.0,24.0,32.0,27.0,29.0,27.0,25.0,24.0,15.0,21.0,21.0,25.0,31.0,30.0,21.0,20.0,23.0,24.0,21.0,22.0,21.0,21.0,19.0,17.0,18.0,21.0,18.0
