10,50,1000
18.933411,15.998638,15.206734,18.390244,18.511791,17.089821,16.295588,17.509786,17.561492,17.135075
5.44958,9.718374,5.116366,5.334143,7.250196,5.560618,8.092466,5.170612,9.389161,6.649056
0.0,10.0,20.0,30.0,40.0,50.0,60.0,70.0,80.0,90.0
10.0,0.0,10.0,20.0,30.0,40.0,50.0,60.0,70.0,80.0
20.0,10.0,0.0,10.0,20.0,30.0,40.0,50.0,60.0,70.0
30.0,20.0,10.0,0.0,10.0,20.0,30.0,40.0,50.0,60.0
40.0,30.0,20.0,10.0,0.0,10.0,20.0,30.0,40.0,50.0
50.0,40.0,30.0,20.0,10.0,0.0,10.0,20.0,30.0,40.0
60.0,50.0,40.0,30.0,20.0,10.0,0.0,10.0,20.0,30.0
70.0,60.0,50.0,40.0,30.0,20.0,10.0,0.0,10.0,20.0
80.0,70.0,60.0,50.0,40.0,30.0,20.0,10.0,0.0,10.0
90.0,80.0,70.0,60.0,50.0,40.0,30.0,20.0,10.0,0.0
450.0,400.0,350.0,300.0,250.0,250.0,300.0,350.0,400.0,450.0
0.0,1.0,2.0,3.0,4.0,5.0,6.0,7.0,8.0,9.0
1.0,0.0,1.0,2.0,3.0,4.0,5.0,6.0,7.0,8.0
2.0,1.0,0.0,1.0,2.0,3.0,4.0,5.0,6.0,7.0
3.0,2.0,1.0,0.0,1.0,2.0,3.0,4.0,5.0,6.0
4.0,3.0,2.0,1.0,0.0,1.0,2.0,3.0,4.0,5.0
5.0,4.0,3.0,2.0,1.0,0.0,1.0,2.0,3.0,4.0
6.0,5.0,4.0,3.0,2.0,1.0,0.0,1.0,2.0,3.0
7.0,6.0,5.0,4.0,3.0,2.0,1.0,0.0,1.0,2.0
8.0,7.0,6.0,5.0,4.0,3.0,2.0,1.0,0.0,1.0
9.0,8.0,7.0,6.0,5.0,4.0,3.0,2.0,1.0,0.0
45.0,40.0,35.0,30.0,25.0,25.0,30.0,35.0,40.0,45.0
21.0,23.0,27.0,23.0,24.0,15.0,23.0,24.0,19.0,20.0,24.0,25.0,23.0,20.0,19.0,26.0,23.0,24.0,25.0,22.0,23.0,21.0,24.0,22.0,24.0,19.0,18.0,27.0,28.0,23.0,27.0,27.0,25.0,22.0,21.0,20.0,23.0,26.0,27.0,20.0,26.0,28.0,17.0,31.0,23.0,18.0,21.0,23.0,25.0,20.0
40.0,36.0,29.0,32.0,37.0,49.0,44.0,46.0,28.0,40.0,50.0,32.0,41.0,48.0,40.0,31.0,29.0,43.0,29.0,34.0,32.0,37.0,37.0,32.0,41.0,23.0,35.0,44.0,44.0,22.0,27.0,36.0,27.0,33.0,26.0,48.0,26.0,38.0,45.0,29.0,44.0,44.0,35.0,37.0,39.0,37.0,40.0,35.0,48.0,33.0
25.0,23.0,29.0,21.0,31.0,19.0,27.0,14.0,26.0,23.0,16.0,21.0,20.0,20.0,18.0,26.0,17.0,23.0,23.0,14.0,18.0,30.0,22.0,18.0,14.0,28.0,23.0,19.0,20.0,24.0,22.0,21.0,25.0,22.0,13.0,26.0,24.0,15.0,24.0,21.0,29.0,17.0,25.0,14.0,17.0,29.0,28.0,19.0,26.0,19.0
20.0,26.0,23.0,24.0,22.0,22.0,16.0,22.0,29.0,30.0,17.0,29.0,27.0,19.0,31.0,20.0,26.0,22.0,22.0,15.0,29.0,15.0,16.0,22.0,29.0,28.0,18.0,23.0,26.0,18.0,22.0,19.0,30.0,23.0,17.0,13.0,23.0,23.0,28.0,15.0,19.0,39.0,28.0,27.0,23.0,19.0,23.0,19.0,30.0,20.0
26.0,27.0,27.0,32.0,24.0,27.0,31.0,25.0,29.0,21.0,24.0,27.0,37.0,28.0,35.0,27.0,20.0,25.0,27.0,20.0,36.0,29.0,30.0,32.0,15.0,35.0,29.0,21.0,30.0,22.0,24.0,30.0,24.0,28.0,28.0,33.0,24.0,19.0,28.0,36.0,24.0,34.0,32.0,17.0,31.0,38.0,26.0,30.0,23.0,31.0
24.0,29.0,28.0,18.0,17.0,22.0,21.0,19.0,15.0,14.0,18.0,24.0,24.0,22.0,23.0,30.0,22.0,17.0,30.0,20.0,17.0,25.0,23.0,24.0,21.0,18.0,14.0,22.0,22.0,29.0,20.0,30.0,20.0,23.0,25.0,27.0,14.0,16.0,15.0,24.0,21.0,24.0,21.0,29.0,18.0,19.0,21.0,22.0,20.0,22.0
22.0,37.0,29.0,29.0,31.0,27.0,31.0,30.0,38.0,25.0,20.0,23.0,29.0,28.0,36.0,27.0,25.0,40.0,32.0,29.0,38.0,42.0,26.0,33.0,18.0,29.0,30.0,34.0,43.0,29.0,27.0,30.0,26.0,34.0,33.0,25.0,26.0,29.0,31.0,25.0,26.0,32.0,25.0,27.0,29.0,30.0,13.0,33.0,29.0,28.0
14.0,24.0,18.0,21.0,13.0,14.0,20.0,17.0,27.0,30.0,23.0,17.0,25.0,16.0,21.0,22.0,18.0,16.0,20.0,21.0,25.0,13.0,13.0,22.0,18.0,29.0,26.0,23.0,21.0,15.0,30.0,19.0,25.0,18.0,23.0,22.0,25.0,20.0,24.0,21.0,23.0,21.0,24.0,19.0,20.0,20.0,16.0,20.0,21.0,15.0
36.0,24.0,29.0,34.0,44.0,37.0,33.0,28.0,40.0,32.0,33.0,44.0,32.0,36.0,45.0,33.0,34.0,32.0,30.0,40.0,25.0,34.0,43.0,43.0,28.0,32.0,33.0,36.0,34.0,35.0,25.0,34.0,40.0,36.0,42.0,35.0,41.0,33.0,26.0,38.0,36.0,37.0,37.0,38.0,40.0,31.0,40.0,41.0,34.0,37.0
30.0,25.0,37.0,29.0,34.0,29.0,25.0,31.0,29.0,30.0,30.0,15.0,28.0,33.0,26.0,23.0,24.0,26.0,26.0,24.0,21.0,23.0,18.0,25.0,31.0,35.0,28.0,28.0,25.0,37.0,24.0,34.0,22.0,26.0,21.0,24.0,29.0,19.0,37.0,24.0,29.0,28.0,21.0,30.0,30.0,20.0,28.0,24.0,30.0,22.0
