10,50,1000
19.29131,18.244724,15.58748,18.95511,16.999628,19.641367,17.030073,16.414343,16.433113,17.210742
6.562803,6.099934,8.707941,5.677685,6.822369,8.316305,9.57867,9.270176,9.43266,6.15199
0.0,10.0,20.0,30.0,40.0,50.0,60.0,70.0,80.0,90.0
10.0,0.0,10.0,20.0,30.0,40.0,50.0,60.0,70.0,80.0
20.0,10.0,0.0,10.0,20.0,30.0,40.0,50.0,60.0,70.0
30.0,20.0,10.0,0.0,10.0,20.0,30.0,40.0,50.0,60.0
40.0,30.0,20.0,10.0,0.0,10.0,20.0,30.0,40.0,50.0
50.0,40.0,30.0,20.0,10.0,0.0,10.0,20.0,30.0,40.0
60.0,50.0,40.0,30.0,20.0,10.0,0.0,10.0,20.0,30.0
70.0,60.0,50.0,40.0,30.0,20.0,10.0,0.0,10.0,20.0
80.0,70.0,60.0,50.0,40.0,30.0,20.0,10.0,0.0,10.0
90.0,80.0,70.0,60.0,50.0,40.0,30.0,20.0,10.0,0.0
450.0,400.0,350.0,300.0,250.0,250.0,300.0,350.0,400.0,450.0
0.0,1.0,2.0,3.0,4.0,5.0,6.0,7.0,8.0,9.0
1.0,0.0,1.0,2.0,3.0,4.0,5.0,6.0,7.0,8.0
2.0,1.0,0.0,1.0,2.0,3.0,4.0,5.0,6.0,7.0
3.0,2.0,1.0,0.0,1.0,2.0,3.0,4.0,5.0,6.0
4.0,3.0,2.0,1.0,0.0,1.0,2.0,3.0,4.0,5.0
5.0,4.0,3.0,2.0,1.0,0.0,1.0,2.0,3.0,4.0
6.0,5.0,4.0,3.0,2.0,1.0,0.0,1.0,2.0,3.0
7.0,6.0,5.0,4.0,3.0,2.0,1.0,0.0,1.0,2.0
8.0,7.0,6.0,5.0,4.0,3.0,2.0,1.0,0.0,1.0
9.0,8.0,7.0,6.0,5.0,4.0,3.0,2.0,1.0,0.0
45.0,40.0,35.0,30.0,25.0,25.0,30.0,35.0,40.0,45.0
30.0,24.0,23.0,28.0,24.0,29.0,34.0,24.0,26.0,28.0,31.0,28.0,28.0,33.0,25.0,24.0,17.0,29.0,30.0,29.0,21.0,31.0,31.0,30.0,26.0,22.0,22.0,27.0,29.0,27.0,22.0,24.0,28.0,24.0,31.0,21.0,29.0,26.0,32.0,24.0,24.0,37.0,25.0,22.0,33.0,23.0,25.0,24.0,30.0,25.0
25.0,31.0,19.0,33.0,15.0,13.0,25.0,29.0,20.0,20.0,15.0,14.0,31.0,28.0,25.0,24.0,20.0,23.0,22.0,25.0,38.0,26.0,31.0,27.0,21.0,23.0,23.0,24.0,20.0,29.0,24.0,26.0,29.0,23.0,36.0,16.0,29.0,42.0,29.0,23.0,23.0,27.0,31.0,31.0,28.0,17.0,24.0,29.0,33.0,25.0
33.0,42.0,22.0,41.0,33.0,26.0,30.0,40.0,34.0,40.0,33.0,27.0,26.0,29.0,37.0,26.0,25.0,34.0,38.0,40.0,36.0,36.0,28.0,27.0,22.0,33.0,25.0,36.0,22.0,30.0,33.0,31.0,31.0,39.0,27.0,29.0,29.0,25.0,33.0,29.0,36.0,27.0,21.0,36.0,33.0,26.0,34.0,31.0,27.0,42.0
20.0,28.0,22.0,22.0,23.0,21.0,20.0,25.0,21.0,17.0,29.0,14.0,20.0,18.0,12.0,21.0,16.0,20.0,27.0,25.0,26.0,23.0,27.0,17.0,17.0,22.0,29.0,27.0,11.0,24.0,19.0,19.0,22.0,27.0,14.0,22.0,16.0,19.0,26.0,23.0,27.0,28.0,23.0,31.0,24.0,19.0,25.0,20.0,22.0,29.0
27.0,36.0,28.0,27.0,34.0,28.0,22.0,30.0,27.0,39.0,41.0,21.0,20.0,23.0,22.0,33.0,21.0,32.0,21.0,23.0,23.0,30.0,33.0,20.0,29.0,19.0,27.0,28.0,24.0,27.0,30.0,16.0,25.0,25.0,31.0,24.0,19.0,19.0,16.0,24.0,33.0,33.0,17.0,23.0,25.0,27.0,33.0,29.0,26.0,32.0
33.0,46.0,37.0,34.0,26.0,35.0,29.0,34.0,37.0,20.0,25.0,36.0,36.0,38.0,35.0,33.0,42.0,26.0,42.0,30.0,29.0,29.0,27.0,27.0,32.0,28.0,31.0,22.0,40.0,38.0,25.0,18.0,30.0,39.0,34.0,34.0,23.0,26.0,32.0,36.0,34.0,33.0,34.0,31.0,33.0,26.0,33.0,30.0,35.0,29.0
36.0,44.0,29.0,44.0,33.0,34.0,33.0,40.0,43.0,39.0,35.0,45.0,30.0,35.0,37.0,42.0,38.0,37.0,39.0,35.0,42.0,23.0,33.0,34.0,29.0,41.0,43.0,43.0,42.0,27.0,42.0,37.0,23.0,34.0,40.0,29.0,38.0,26.0,37.0,32.0,34.0,36.0,36.0,40.0,41.0,21.0,31.0,35.0,34.0,42.0
33.0,36.0,45.0,32.0,26.0,32.0,48.0,31.0,39.0,26.0,32.0,24.0,27.0,39.0,34.0,26.0,37.0,28.0,33.0,42.0,30.0,35.0,32.0,41.0,34.0,48.0,41.0,39.0,31.0,30.0,34.0,32.0,28.0,38.0,31.0,34.0,29.0,37.0,35.0,32.0,35.0,39.0,30.0,31.0,23.0,37.0,30.0,32.0,33.0,27.0
30.0,32.0,29.0,39.0,36.0,33.0,40.0,34.0,33.0,37.0,32.0,37.0,31.0,39.0,35.0,42.0,33.0,25.0,46.0,25.0,37.0,29.0,37.0,37.0,31.0,44.0,32.0,42.0,33.0,30.0,34.0,45.0,31.0,40.0,34.0,29.0,31.0,41.0,32.0,37.0,31.0,36.0,42.0,39.0,46.0,37.0,40.0,34.0,23.0,38.0
25.0,19.0,28.0,23.0,29.0,17.0,14.0,31.0,23.0,25.0,21.0,21.0,24.0,21.0,25.0,23.0,21.0,29.0,19.0,28.0,22.0,30.0,27.0,26.0,21.0,17.0,25.0,18.0,21.0,16.0,19.0,26.0,27.0,14.0,17.0,28.0,24.0,23.0,21.0,21.0,27.0,23.0,21.0,24.0,20.0,21.0,22.0,24.0,26.0,23.0
