10,50,1000
16.238241,15.378173,15.638176,15.997675,15.126574,18.762104,18.025943,17.182189,16.323503,15.633948
8.716102,7.907093,7.971236,9.35019,5.810623,9.692396,9.515878,8.040962,8.146243,8.215604
0.0,10.0,20.0,30.0,40.0,50.0,60.0,70.0,80.0,90.0
10.0,0.0,10.0,20.0,30.0,40.0,50.0,60.0,70.0,80.0
20.0,10.0,0.0,10.0,20.0,30.0,40.0,50.0,60.0,70.0
30.0,20.0,10.0,0.0,10.0,20.0,30.0,40.0,50.0,60.0
40.0,30.0,20.0,10.0,0.0,10.0,20.0,30.0,40.0,50.0
50.0,40.0,30.0,20.0,10.0,0.0,10.0,20.0,30.0,40.0
60.0,50.0,40.0,30.0,20.0,10.0,0.0,10.0,20.0,30.0
70.0,60.0,50.0,40.0,30.0,20.0,10.0,0.0,10.0,20.0
80.0,70.0,60.0,50.0,40.0,30.0,20.0,10.0,0.0,10.0
90.0,80.0,70.0,60.0,50.0,40.0,30.0,20.0,10.0,0.0
450.0,400.0,350.0,300.0,250.0,250.0,300.0,350.0,400.0,450.0
0.0,1.0,2.0,3.0,4.0,5.0,6.0,7.0,8.0,9.0
1.0,0.0,1.0,2.0,3.0,4.0,5.0,6.0,7.0,8.0
2.0,1.0,0.0,1.0,2.0,3.0,4.0,5.0,6.0,7.0
3.0,2.0,1.0,0.0,1.0,2.0,3.0,4.0,5.0,6.0
4.0,3.0,2.0,1.0,0.0,1.0,2.0,3.0,4.0,5.0
5.0,4.0,3.0,2.0,1.0,0.0,1.0,2.0,3.0,4.0
6.0,5.0,4.0,3.0,2.0,1.0,0.0,1.0,2.0,3.0
7.0,6.0,5.0,4.0,3.0,2.0,1.0,0.0,1.0,2.0
8.0,7.0,6.0,5.0,4.0,3.0,2.0,1.0,0.0,1.0
9.0,8.0,7.0,6.0,5.0,4.0,3.0,2.0,1.0,0.0
45.0,40.0,35.0,30.0,25.0,25.0,30.0,35.0,40.0,45.0
29.0,37.0,28.0,29.0,26.0,40.0,35.0,42.0,30.0,35.0,30.0,25.0,32.0,43.0,29.0,28.0,30.0,23.0,18.0,37.0,29.0,33.0,39.0,40.0,34.0,28.0,26.0,32.0,30.0,35.0,28.0,35.0,30.0,26.0,32.0,30.0,30.0,26.0,38.0,24.0,37.0,41.0,33.0,22.0,29.0,28.0,27.0,35.0,27.0,30.0
38.0,38.0,29.0,32.0,31.0,19.0,30.0,26.0,30.0,28.0,32.0,26.0,27.0,27.0,26.0,25.0,34.0,24.0,28.0,23.0,22.0,30.0,31.0,23.0,23.0,25.0,18.0,39.0,19.0,33.0,38.0,29.0,43.0,37.0,31.0,30.0,31.0,34.0,43.0,29.0,26.0,25.0,28.0,22.0,27.0,27.0,30.0,27.0,43.0,25.0
25.0,27.0,42.0,24.0,29.0,28.0,34.0,23.0,31.0,39.0,35.0,35.0,37.0,33.0,25.0,24.0,22.0,38.0,31.0,36.0,27.0,36.0,38.0,31.0,29.0,35.0,16.0,33.0,19.0,28.0,26.0,37.0,24.0,34.0,18.0,31.0,36.0,26.0,21.0,38.0,38.0,25.0,31.0,30.0,30.0,37.0,34.0,26.0,26.0,30.0
31.0,29.0,45.0,43.0,29.0,33.0,29.0,32.0,44.0,38.0,40.0,28.0,31.0,39.0,36.0,41.0,27.0,30.0,36.0,32.0,36.0,33.0,25.0,36.0,34.0,42.0,40.0,43.0,33.0,47.0,41.0,37.0,26.0,32.0,41.0,35.0,33.0,30.0,38.0,32.0,29.0,28.0,37.0,40.0,35.0,37.0,27.0,45.0,40.0,26.0
27.0,25.0,24.0,31.0,24.0,28.0,20.0,22.0,25.0,22.0,28.0,28.0,28.0,13.0,16.0,20.0,22.0,27.0,21.0,22.0,25.0,27.0,18.0,21.0,29.0,26.0,22.0,22.0,22.0,30.0,23.0,24.0,29.0,28.0,28.0,19.0,23.0,24.0,32.0,13.0,21.0,23.0,28.0,16.0,27.0,22.0,24.0,25.0,27.0,22.0
34.0,32.0,32.0,38.0,34.0,37.0,55.0,38.0,30.0,36.0,43.0,43.0,36.0,39.0,27.0,40.0,49.0,40.0,45.0,33.0,41.0,46.0,43.0,25.0,37.0,42.0,41.0,37.0,32.0,29.0,35.0,44.0,39.0,35.0,35.0,36.0,41.0,33.0,38.0,29.0,31.0,36.0,34.0,38.0,35.0,30.0,36.0,30.0,34.0,33.0
30.0,33.0,30.0,36.0,38.0,36.0,54.0,41.0,35.0,33.0,36.0,30.0,31.0,29.0,27.0,31.0,40.0,29.0,34.0,33.0,37.0,36.0,30.0,30.0,40.0,32.0,35.0,41.0,33.0,38.0,39.0,31.0,31.0,33.0,32.0,49.0,35.0,31.0,43.0,35.0,38.0,28.0,34.0,29.0,28.0,29.0,46.0,37.0,29.0,28.0
27.0,25.0,33.0,27.0,29.0,32.0,29.0,25.0,32.0,49.0,36.0,32.0,31.0,27.0,28.0,24.0,29.0,36.0,42.0,24.0,32.0,23.0,33.0,34.0,33.0,30.0,35.0,21.0,27.0,28.0,31.0,22.0,36.0,21.0,41.0,33.0,45.0,37.0,36.0,29.0,35.0,18.0,32.0,29.0,30.0,31.0,30.0,29.0,33.0,36.0
34.0,18.0,17.0,33.0,31.0,34.0,30.0,36.0,23.0,36.0,36.0,39.0,28.0,20.0,22.0,24.0,29.0,33.0,30.0,34.0,32.0,39.0,27.0,25.0,21.0,24.0,24.0,25.0,30.0,29.0,28.0,35.0,33.0,29.0,28.0,23.0,29.0,31.0,27.0,27.0,31.0,40.0,24.0,22.0,28.0,32.0,33.0,25.0,25.0,24.0
34.0,21.0,29.0,26.0,26.0,29.0,36.0,31.0,24.0,35.0,31.0,39.0,30.0,32.0,32.0,31.0,26.0,31.0,26.0,33.0,40.0,29.0,31.0,36.0,25.0,29.0,23.0,38.0,20.0,26.0,36.0,26.0,39.0,28.0,31.0,36.0,34.0,29.0,33.0,18.0,40.0,28.0,25.0,29.0,27.0,32.0,33.0,26.0,23.0,31.0
