10,50,1000
16.470437,18.821701,17.29877,19.707324,19.534616,19.829736,16.921574,15.432765,17.499588,18.936641
5.721985,9.404473,5.798332,9.974064,6.968224,8.169589,7.909695,5.553461,7.550071,9.006972
0.0,10.0,20.0,30.0,40.0,50.0,60.0,70.0,80.0,90.0
10.0,0.0,10.0,20.0,30.0,40.0,50.0,60.0,70.0,80.0
20.0,10.0,0.0,10.0,20.0,30.0,40.0,50.0,60.0,70.0
30.0,20.0,10.0,0.0,10.0,20.0,30.0,40.0,50.0,60.0
40.0,30.0,20.0,10.0,0.0,10.0,20.0,30.0,40.0,50.0
50.0,40.0,30.0,20.0,10.0,0.0,10.0,20.0,30.0,40.0
60.0,50.0,40.0,30.0,20.0,10.0,0.0,10.0,20.0,30.0
70.0,60.0,50.0,40.0,30.0,20.0,10.0,0.0,10.0,20.0
80.0,70.0,60.0,50.0,40.0,30.0,20.0,10.0,0.0,10.0
90.0,80.0,70.0,60.0,50.0,40.0,30.0,20.0,10.0,0.0
450.0,400.0,350.0,300.0,250.0,250.0,300.0,350.0,400.0,450.0
0.0,1.0,2.0,3.0,4.0,5.0,6.0,7.0,8.0,9.0
1.0,0.0,1.0,2.0,3.0,4.0,5.0,6.0,7.0,8.0
2.0,1.0,0.0,1.0,2.0,3.0,4.0,5.0,6.0,7.0
3.0,2.0,1.0,0.0,1.0,2.0,3.0,4.0,5.0,6.0
4.0,3.0,2.0,1.0,0.0,1.0,2.0,3.0,4.0,5.0
5.0,4.0,3.0,2.0,1.0,0.0,1.0,2.0,3.0,4.0
6.0,5.0,4.0,3.0,2.0,1.0,0.0,1.0,2.0,3.0
7.0,6.0,5.0,4.0,3.0,2.0,1.0,0.0,1.0,2.0
8.0,7.0,6.0,5.0,4.0,3.0,2.0,1.0,0.0,1.0
9.0,8.0,7.0,6.0,5.0,4.0,3.0,2.0,1.0,0.0
45.0,40.0,35.0,30.0,25.0,25.0,30.0,35.0,40.0,45.0
23.0,24.0,22.0,20.0,19.0,20.0,15.0,28.0,12.0,26.0,16.0,23.0,24.0,19.0,28.0,23.0,29.0,20.0,24.0,19.0,20.0,14.0,25.0,25.0,21.0,26.0,16.0,29.0,19.0,21.0,17.0,20.0,19.0,14.0,26.0,22.0,22.0,21.0,24.0,20.0,28.0,20.0,21.0,29.0,24.0,28.0,22.0,23.0,30.0,22.0
35.0,45.0,27.0,31.0,35.0,30.0,30.0,33.0,33.0,35.0,30.0,40.0,37.0,32.0,36.0,31.0,29.0,33.0,37.0,34.0,37.0,36.0,35.0,31.0,28.0,36.0,40.0,24.0,40.0,40.0,33.0,35.0,48.0,40.0,35.0,30.0,38.0,37.0,38.0,31.0,34.0,36.0,35.0,28.0,23.0,37.0,45.0,36.0,32.0,33.0
24.0,21.0,18.0,22.0,35.0,19.0,24.0,24.0,26.0,23.0,23.0,17.0,23.0,24.0,22.0,28.0,37.0,23.0,22.0,21.0,19.0,22.0,18.0,22.0,25.0,22.0,26.0,22.0,19.0,25.0,14.0,23.0,29.0,24.0,22.0,17.0,27.0,16.0,23.0,29.0,14.0,27.0,26.0,21.0,24.0,19.0,12.0,23.0,25.0,22.0
30.0,50.0,34.0,48.0,32.0,44.0,39.0,31.0,25.0,27.0,45.0,24.0,45.0,38.0,41.0,30.0,38.0,50.0,32.0,36.0,36.0,29.0,45.0,32.0,30.0,32.0,43.0,35.0,39.0,39.0,47.0,43.0,32.0,31.0,42.0,33.0,33.0,42.0,34.0,26.0,34.0,38.0,28.0,28.0,39.0,29.0,32.0,39.0,28.0,28.0
28.0,43.0,31.0,22.0,27.0,21.0,28.0,29.0,26.0,29.0,32.0,35.0,25.0,41.0,29.0,40.0,28.0,28.0,17.0,34.0,30.0,27.0,30.0,29.0,32.0,27.0,22.0,24.0,16.0,29.0,34.0,25.0,31.0,31.0,29.0,28.0,23.0,27.0,23.0,24.0,28.0,28.0,29.0,26.0,20.0,22.0,18.0,28.0,20.0,25.0
33.0,29.0,38.0,33.0,25.0,32.0,25.0,36.0,32.0,36.0,49.0,35.0,27.0,23.0,25.0,37.0,31.0,33.0,38.0,31.0,41.0,33.0,28.0,37.0,31.0,27.0,42.0,45.0,33.0,49.0,32.0,26.0,30.0,34.0,43.0,30.0,33.0,33.0,36.0,34.0,28.0,38.0,31.0,34.0,41.0,36.0,36.0,26.0,45.0,30.0
28.0,32.0,28.0,30.0,27.0,33.0,23.0,16.0,25.0,35.0,37.0,44.0,34.0,34.0,28.0,35.0,26.0,36.0,28.0,31.0,30.0,23.0,21.0,22.0,20.0,30.0,29.0,23.0,29.0,21.0,20.0,26.0,38.0,38.0,38.0,24.0,34.0,29.0,27.0,27.0,32.0,39.0,27.0,33.0,27.0,32.0,36.0,29.0,26.0,24.0
20.0,23.0,24.0,20.0,17.0,23.0,23.0,21.0,31.0,21.0,26.0,24.0,22.0,27.0,31.0,18.0,20.0,18.0,24.0,18.0,22.0,19.0,19.0,26.0,25.0,19.0,19.0,22.0,20.0,19.0,23.0,24.0,18.0,26.0,28.0,21.0,20.0,24.0,23.0,15.0,19.0,13.0,21.0,21.0,21.0,23.0,29.0,21.0,19.0,18.0
28.0,31.0,39.0,32.0,39.0,33.0,18.0,34.0,30.0,23.0,34.0,37.0,27.0,25.0,25.0,18.0,29.0,31.0,24.0,27.0,37.0,35.0,40.0,38.0,34.0,33.0,38.0,20.0,29.0,41.0,36.0,30.0,27.0,36.0,26.0,32.0,40.0,29.0,32.0,30.0,35.0,35.0,34.0,22.0,23.0,30.0,29.0,28.0,41.0,25.0
36.0,37.0,36.0,33.0,31.0,32.0,31.0,28.0,35.0,39.0,40.0,42.0,37.0,34.0,26.0,37.0,40.0,34.0,30.0,35.0,37.0,38.0,32.0,34.0,44.0,40.0,31.0,43.0,54.0,29.0,30.0,40.0,32.0,33.0,47.0,35.0,25.0,26.0,26.0,32.0,31.0,42.0,39.0,40.0,38.0,39.0,37.0,33.0,41.0,30.0
