10,50,1000
17.11008,17.711887,18.734614,18.395976,19.67066,19.659578,17.273476,18.40118,16.067476,19.62544
6.985245,6.293112,6.964846,7.002205,7.537708,9.286866,6.599055,6.790452,5.491966,8.784763
0.0,10.0,20.0,30.0,40.0,50.0,60.0,70.0,80.0,90.0
10.0,0.0,10.0,20.0,30.0,40.0,50.0,60.0,70.0,80.0
20.0,10.0,0.0,10.0,20.0,30.0,40.0,50.0,60.0,70.0
30.0,20.0,10.0,0.0,10.0,20.0,30.0,40.0,50.0,60.0
40.0,30.0,20.0,10.0,0.0,10.0,20.0,30.0,40.0,50.0
50.0,40.0,30.0,20.0,10.0,0.0,10.0,20.0,30.0,40.0
60.0,50.0,40.0,30.0,20.0,10.0,0.0,10.0,20.0,30.0
70.0,60.0,50.0,40.0,30.0,20.0,10.0,0.0,10.0,20.0
80.0,70.0,60.0,50.0,40.0,30.0,20.0,10.0,0.0,10.0
90.0,80.0,70.0,60.0,50.0,40.0,30.0,20.0,10.0,0.0
450.0,400.0,350.0,300.0,250.0,250.0,300.0,350.0,400.0,450.0
0.0,1.0,2.0,3.0,4.0,5.0,6.0,7.0,8.0,9.0
1.0,0.0,1.0,2.0,3.0,4.0,5.0,6.0,7.0,8.0
2.0,1.0,0.0,1.0,2.0,3.0,4.0,5.0,6.0,7.0
3.0,2.0,1.0,0.0,1.0,2.0,3.0,4.0,5.0,6.0
4.0,3.0,2.0,1.0,0.0,1.0,2.0,3.0,4.0,5.0
5.0,4.0,3.0,2.0,1.0,0.0,1.0,2.0,3.0,4.0
6.0,5.0,4.0,3.0,2.0,1.0,0.0,1.0,2.0,3.0
7.0,6.0,5.0,4.0,3.0,2.0,1.0,0.0,1.0,2.0
8.0,7.0,6.0,5.0,4.0,3.0,2.0,1.0,0.0,1.0
9.0,8.0,7.0,6.0,5.0,4.0,3.0,2.0,1.0,0.0
45.0,40.0,35.0,30.0,25.0,25.0,30.0,35.0,40.0,45.0
20.0,31.0,34.0,29.0,21.0,32.0,26.0,21.0,28.0,27.0,30.0,20.0,23.0,30.0,27.0,33.0,19.0,27.0,27.0,33.0,37.0,29.0,29.0,21.0,30.0,33.0,25.0,30.0,26.0,25.0,23.0,27.0,21.0,32.0,24.0,34.0,23.0,24.0,26.0,25.0,33.0,26.0,22.0,29.0,20.0,34.0,22.0,35.0,23.0,20.0
20.0,33.0,26.0,22.0,33.0,20.0,24.0,24.0,26.0,24.0,27.0,20.0,26.0,25.0,28.0,27.0,15.0,32.0,22.0,24.0,21.0,25.0,30.0,30.0,22.0,32.0,34.0,19.0,24.0,19.0,30.0,31.0,29.0,35.0,21.0,20.0,24.0,23.0,27.0,20.0,34.0,27.0,33.0,24.0,25.0,24.0,30.0,30.0,33.0,30.0
21.0,42.0,33.0,27.0,21.0,24.0,28.0,28.0,22.0,30.0,28.0,23.0,26.0,28.0,24.0,38.0,27.0,24.0,23.0,18.0,40.0,28.0,33.0,26.0,34.0,38.0,31.0,24.0,24.0,25.0,27.0,21.0,22.0,21.0,28.0,27.0,28.0,25.0,38.0,23.0,28.0,21.0,27.0,31.0,14.0,27.0,20.0,17.0,25.0,27.0
21.0,26.0,32.0,29.0,20.0,28.0,20.0,20.0,27.0,25.0,36.0,25.0,30.0,33.0,30.0,25.0,26.0,28.0,26.0,31.0,29.0,32.0,22.0,33.0,34.0,27.0,37.0,28.0,15.0,25.0,35.0,28.0,20.0,27.0,24.0,23.0,30.0,25.0,25.0,33.0,40.0,30.0,27.0,25.0,30.0,25.0,24.0,22.0,32.0,37.0
28.0,30.0,30.0,28.0,29.0,35.0,36.0,27.0,24.0,21.0,24.0,34.0,33.0,25.0,42.0,31.0,20.0,43.0,24.0,28.0,24.0,15.0,37.0,27.0,30.0,29.0,34.0,36.0,47.0,24.0,25.0,24.0,22.0,30.0,25.0,35.0,31.0,30.0,31.0,27.0,28.0,32.0,25.0,24.0,27.0,32.0,29.0,25.0,22.0,29.0
48.0,41.0,26.0,47.0,35.0,37.0,36.0,43.0,30.0,38.0,40.0,31.0,37.0,45.0,24.0,28.0,32.0,43.0,37.0,35.0,31.0,36.0,36.0,32.0,37.0,34.0,33.0,36.0,37.0,40.0,48.0,34.0,37.0,34.0,28.0,29.0,36.0,31.0,34.0,33.0,35.0,33.0,19.0,35.0,43.0,38.0,37.0,29.0,33.0,33.0
15.0,21.0,25.0,33.0,29.0,23.0,24.0,23.0,28.0,20.0,33.0,28.0,35.0,25.0,28.0,30.0,30.0,21.0,24.0,24.0,33.0,21.0,18.0,23.0,26.0,32.0,25.0,20.0,28.0,32.0,23.0,26.0,30.0,31.0,22.0,30.0,26.0,31.0,35.0,33.0,21.0,26.0,18.0,27.0,32.0,28.0,22.0,38.0,18.0,17.0
35.0,29.0,31.0,27.0,29.0,42.0,25.0,26.0,17.0,33.0,32.0,31.0,21.0,30.0,17.0,26.0,26.0,15.0,30.0,27.0,28.0,29.0,24.0,18.0,23.0,20.0,26.0,28.0,21.0,22.0,24.0,24.0,24.0,26.0,31.0,32.0,19.0,23.0,36.0,24.0,27.0,30.0,18.0,29.0,26.0,24.0,24.0,33.0,21.0,18.0
26.0,21.0,17.0,20.0,20.0,25.0,17.0,22.0,33.0,14.0,18.0,24.0,17.0,22.0,15.0,23.0,23.0,30.0,21.0,24.0,17.0,14.0,23.0,23.0,22.0,22.0,20.0,21.0,19.0,25.0,22.0,25.0,25.0,25.0,13.0,20.0,21.0,30.0,19.0,22.0,16.0,21.0,22.0,23.0,27.0,22.0,39.0,25.0,13.0,21.0
31.0,37.0,29.0,32.0,30.0,27.0,26.0,36.0,35.0,33.0,34.0,29.0,27.0,20.0,37.0,40.0,38.0,28.0,38.0,22.0,35.0,39.0,35.0,32.0,27.0,29.0,33.0,37.0,31.0,26.0,27.0,31.0,33.0,25.0,47.0,33.0,45.0,34.0,35.0,36.0,31.0,32.0,33.0,35.0,39.0,37.0,32.0,50.0,35.0,27.0
