10,50,1000
18.032552,16.40445,17.562509,15.764825,15.199709,19.077313,16.726144,18.208953,18.654567,19.259077
5.50847,6.808431,6.420117,9.032626,7.642327,8.145525,5.132945,5.082636,9.953193,8.797564
0.0,10.0,20.0,30.0,40.0,50.0,60.0,70.0,80.0,90.0
10.0,0.0,10.0,20.0,30.0,40.0,50.0,60.0,70.0,80.0
20.0,10.0,0.0,10.0,20.0,30.0,40.0,50.0,60.0,70.0
30.0,20.0,10.0,0.0,10.0,20.0,30.0,40.0,50.0,60.0
40.0,30.0,20.0,10.0,0.0,10.0,20.0,30.0,40.0,50.0
50.0,40.0,30.0,20.0,10.0,0.0,10.0,20.0,30.0,40.0
60.0,50.0,40.0,30.0,20.0,10.0,0.0,10.0,20.0,30.0
70.0,60.0,50.0,40.0,30.0,20.0,10.0,0.0,10.0,20.0
80.0,70.0,60.0,50.0,40.0,30.0,20.0,10.0,0.0,10.0
90.0,80.0,70.0,60.0,50.0,40.0,30.0,20.0,10.0,0.0
450.0,400.0,350.0,300.0,250.0,250.0,300.0,350.0,400.0,450.0
0.0,1.0,2.0,3.0,4.0,5.0,6.0,7.0,8.0,9.0
1.0,0.0,1.0,2.0,3.0,4.0,5.0,6.0,7.0,8.0
2.0,1.0,0.0,1.0,2.0,3.0,4.0,5.0,6.0,7.0
3.0,2.0,1.0,0.0,1.0,2.0,3.0,4.0,5.0,6.0
4.0,3.0,2.0,1.0,0.0,1.0,2.0,3.0,4.0,5.0
5.0,4.0,3.0,2.0,1.0,0.0,1.0,2.0,3.0,4.0
6.0,5.0,4.0,3.0,2.0,1.0,0.0,1.0,2.0,3.0
7.0,6.0,5.0,4.0,3.0,2.0,1.0,0.0,1.0,2.0
8.0,7.0,6.0,5.0,4.0,3.0,2.0,1.0,0.0,1.0
9.0,8.0,7.0,6.0,5.0,4.0,3.0,2.0,1.0,0.0
45.0,40.0,35.0,30.0,25.0,25.0,30.0,35.0,40.0,45.0
22.0,25.0,16.0,29.0,22.0,22.0,23.0,27.0,27.0,25.0,17.0,25.0,20.0,31.0,21.0,26.0,17.0,21.0,26.0,18.0,18.0,26.0,28.0,27.0,24.0,13.0,27.0,24.0,24.0,31.0,24.0,22.0,18.0,23.0,21.0,22.0,19.0,25.0,31.0,27.0,24.0,22.0,30.0,22.0,31.0,29.0,25.0,20.0,22.0,22.0
22.0,22.0,20.0,23.0,25.0,26.0,23.0,25.0,21.0,27.0,32.0,30.0,34.0,19.0,21.0,22.0,30.0,40.0,27.0,21.0,19.0,26.0,28.0,30.0,26.0,21.0,21.0,25.0,15.0,27.0,25.0,21.0,28.0,17.0,23.0,22.0,26.0,25.0,32.0,24.0,15.0,21.0,27.0,26.0,16.0,21.0,25.0,23.0,22.0,25.0
31.0,23.0,22.0,22.0,21.0,26.0,28.0,21.0,17.0,27.0,33.0,19.0,28.0,23.0,29.0,33.0,26.0,28.0,34.0,12.0,28.0,22.0,26.0,21.0,35.0,22.0,30.0,17.0,19.0,25.0,29.0,21.0,26.0,38.0,21.0,21.0,29.0,22.0,26.0,21.0,26.0,22.0,38.0,29.0,24.0,27.0,24.0,36.0,17.0,29.0
29.0,30.0,35.0,36.0,22.0,33.0,35.0,29.0,29.0,27.0,37.0,28.0,47.0,35.0,30.0,33.0,37.0,35.0,22.0,24.0,38.0,24.0,32.0,41.0,34.0,37.0,41.0,27.0,35.0,32.0,29.0,26.0,42.0,34.0,22.0,26.0,29.0,33.0,27.0,39.0,28.0,52.0,36.0,32.0,27.0,40.0,37.0,31.0,26.0,34.0
31.0,31.0,26.0,26.0,29.0,34.0,24.0,24.0,23.0,21.0,24.0,39.0,26.0,38.0,21.0,24.0,35.0,24.0,33.0,32.0,28.0,35.0,27.0,32.0,32.0,32.0,36.0,24.0,31.0,21.0,35.0,24.0,24.0,25.0,28.0,29.0,30.0,12.0,21.0,30.0,27.0,28.0,30.0,21.0,26.0,27.0,24.0,30.0,31.0,26.0
33.0,24.0,32.0,34.0,27.0,40.0,22.0,27.0,25.0,34.0,31.0,39.0,31.0,37.0,38.0,34.0,22.0,26.0,32.0,32.0,32.0,28.0,35.0,24.0,35.0,35.0,39.0,25.0,26.0,28.0,32.0,21.0,35.0,22.0,27.0,33.0,41.0,31.0,29.0,27.0,28.0,30.0,35.0,39.0,23.0,29.0,25.0,39.0,29.0,21.0
16.0,18.0,26.0,17.0,20.0,22.0,24.0,10.0,22.0,25.0,27.0,15.0,17.0,18.0,23.0,17.0,20.0,24.0,27.0,20.0,26.0,21.0,26.0,18.0,27.0,19.0,25.0,17.0,18.0,23.0,19.0,16.0,15.0,23.0,17.0,22.0,17.0,25.0,23.0,23.0,15.0,14.0,19.0,20.0,25.0,20.0,27.0,27.0,23.0,23.0
16.0,25.0,27.0,21.0,30.0,18.0,13.0,15.0,22.0,25.0,17.0,17.0,22.0,16.0,17.0,17.0,27.0,17.0,25.0,17.0,20.0,23.0,20.0,25.0,19.0,15.0,20.0,21.0,22.0,18.0,14.0,25.0,27.0,19.0,20.0,18.0,25.0,15.0,24.0,16.0,25.0,31.0,21.0,28.0,23.0,15.0,17.0,28.0,20.0,20.0
45.0,30.0,44.0,47.0,36.0,38.0,37.0,33.0,38.0,40.0,45.0,48.0,33.0,24.0,36.0,25.0,26.0,33.0,38.0,32.0,40.0,42.0,31.0,42.0,37.0,43.0,36.0,42.0,48.0,40.0,38.0,38.0,37.0,34.0,36.0,30.0,44.0,41.0,39.0,44.0,39.0,37.0,36.0,45.0,25.0,41.0,38.0,36.0,49.0,28.0
35.0,28.0,21.0,29.0,41.0,33.0,26.0,36.0,26.0,28.0,26.0,36.0,33.0,31.0,37.0,37.0,25.0,34.0,35.0,32.0,32.0,31.0,36.0,23.0,26.0,35.0,32.0,31.0,34.0,28.0,30.0,36.0,31.0,30.0,42.0,30.0,36.0,37.0,30.0,34.0,29.0,40.0,35.0,37.0,42.0,43.0,44.0,44.0,39.0,45.0
