10,50,1000
17.041153,18.435631,18.039684,15.957017,18.721312,19.294057,17.259512,19.428043,16.023456,15.736935
6.285318,8.42152,8.569097,7.652332,8.149326,8.986857,8.633501,9.020799,7.926716,5.487198
0.0,10.0,20.0,30.0,40.0,50.0,60.0,70.0,80.0,90.0
10.0,0.0,10.0,20.0,30.0,40.0,50.0,60.0,70.0,80.0
20.0,10.0,0.0,10.0,20.0,30.0,40.0,50.0,60.0,70.0
30.0,20.0,10.0,0.0,10.0,20.0,30.0,40.0,50.0,60.0
40.0,30.0,20.0,10.0,0.0,10.0,20.0,30.0,40.0,50.0
50.0,40.0,30.0,20.0,10.0,0.0,10.0,20.0,30.0,40.0
60.0,50.0,40.0,30.0,20.0,10.0,0.0,10.0,20.0,30.0
70.0,60.0,50.0,40.0,30.0,20.0,10.0,0.0,10.0,20.0
80.0,70.0,60.0,50.0,40.0,30.0,20.0,10.0,0.0,10.0
90.0,80.0,70.0,60.0,50.0,40.0,30.0,20.0,10.0,0.0
450.0,400.0,350.0,300.0,250.0,250.0,300.0,350.0,400.0,450.0
0.0,1.0,2.0,3.0,4.0,5.0,6.0,7.0,8.0,9.0
1.0,0.0,1.0,2.0,3.0,4.0,5.0,6.0,7.0,8.0
2.0,1.0,0.0,1.0,2.0,3.0,4.0,5.0,6.0,7.0
3.0,2.0,1.0,0.0,1.0,2.0,3.0,4.0,5.0,6.0
4.0,3.0,2.0,1.0,0.0,1.0,2.0,3.0,4.0,5.0
5.0,4.0,3.0,2.0,1.0,0.0,1.0,2.0,3.0,4.0
6.0,5.0,4.0,3.0,2.0,1.0,0.0,1.0,2.0,3.0
7.0,6.0,5.0,4.0,3.0,2.0,1.0,0.0,1.0,2.0
8.0,7.0,6.0,5.0,4.0,3.0,2.0,1.0,0.0,1.0
9.0,8.0,7.0,6.0,5.0,4.0,3.0,2.0,1.0,0.0
45.0,40.0,35.0,30.0,25.0,25.0,30.0,35.0,40.0,45.0
19.0,32.0,23.0,25.0,22.0,21.0,19.0,20.0,18.0,17.0,19.0,23.0,22.0,25.0,30.0,24.0,29.0,32.0,23.0,19.0,18.0,26.0,23.0,26.0,30.0,31.0,25.0,19.0,25.0,36.0,26.0,19.0,30.0,27.0,21.0,28.0,29.0,30.0,25.0,23.0,21.0,35.0,30.0,21.0,24.0,15.0,17.0,32.0,21.0,30.0
33.0,34.0,29.0,38.0,38.0,35.0,25.0,31.0,37.0,25.0,33.0,31.0,33.0,31.0,36.0,34.0,26.0,26.0,28.0,37.0,30.0,29.0,31.0,42.0,31.0,21.0,26.0,31.0,25.0,36.0,27.0,30.0,33.0,26.0,36.0,20.0,29.0,34.0,33.0,36.0,35.0,33.0,30.0,27.0,32.0,33.0,33.0,46.0,26.0,29.0
30.0,34.0,39.0,22.0,29.0,30.0,42.0,31.0,20.0,29.0,27.0,29.0,31.0,23.0,32.0,30.0,33.0,34.0,35.0,29.0,36.0,24.0,34.0,35.0,29.0,23.0,38.0,33.0,33.0,38.0,29.0,41.0,36.0,26.0,21.0,25.0,33.0,35.0,41.0,38.0,23.0,30.0,26.0,35.0,33.0,33.0,29.0,30.0,35.0,34.0
33.0,19.0,34.0,20.0,31.0,29.0,40.0,32.0,37.0,39.0,34.0,24.0,38.0,29.0,25.0,29.0,24.0,41.0,34.0,22.0,30.0,24.0,31.0,34.0,33.0,34.0,36.0,27.0,28.0,25.0,30.0,20.0,29.0,30.0,27.0,33.0,30.0,33.0,21.0,26.0,21.0,36.0,28.0,26.0,23.0,23.0,38.0,31.0,22.0,18.0
28.0,39.0,34.0,41.0,40.0,31.0,30.0,46.0,34.0,39.0,28.0,34.0,33.0,32.0,27.0,25.0,27.0,31.0,36.0,34.0,39.0,26.0,31.0,36.0,29.0,28.0,29.0,27.0,30.0,37.0,24.0,18.0,28.0,28.0,43.0,29.0,23.0,39.0,28.0,35.0,32.0,33.0,32.0,31.0,31.0,28.0,24.0,29.0,33.0,35.0
44.0,28.0,41.0,33.0,39.0,28.0,31.0,27.0,35.0,36.0,29.0,29.0,27.0,40.0,40.0,39.0,25.0,42.0,31.0,37.0,33.0,26.0,30.0,27.0,44.0,34.0,30.0,35.0,31.0,31.0,27.0,32.0,34.0,34.0,32.0,32.0,37.0,33.0,26.0,36.0,36.0,44.0,40.0,32.0,23.0,29.0,40.0,29.0,30.0,25.0
27.0,32.0,34.0,44.0,31.0,27.0,36.0,37.0,45.0,31.0,22.0,33.0,21.0,22.0,39.0,31.0,34.0,39.0,32.0,24.0,40.0,27.0,39.0,35.0,40.0,31.0,33.0,33.0,36.0,43.0,44.0,37.0,36.0,28.0,34.0,25.0,30.0,31.0,27.0,37.0,23.0,32.0,37.0,31.0,31.0,34.0,39.0,27.0,36.0,37.0
34.0,35.0,42.0,33.0,31.0,33.0,32.0,27.0,36.0,33.0,35.0,33.0,37.0,25.0,33.0,32.0,41.0,31.0,38.0,44.0,33.0,50.0,34.0,28.0,45.0,39.0,33.0,32.0,28.0,32.0,40.0,35.0,43.0,21.0,25.0,38.0,32.0,34.0,39.0,22.0,31.0,27.0,26.0,38.0,34.0,35.0,27.0,35.0,32.0,34.0
32.0,16.0,24.0,37.0,24.0,30.0,24.0,24.0,33.0,37.0,35.0,26.0,28.0,33.0,23.0,34.0,36.0,29.0,31.0,28.0,29.0,21.0,37.0,30.0,41.0,28.0,27.0,39.0,24.0,19.0,26.0,28.0,26.0,30.0,30.0,29.0,23.0,25.0,31.0,28.0,16.0,36.0,36.0,28.0,39.0,31.0,26.0,24.0,34.0,33.0
21.0,21.0,14.0,26.0,21.0,27.0,18.0,22.0,22.0,19.0,18.0,23.0,23.0,33.0,27.0,24.0,19.0,20.0,32.0,14.0,16.0,27.0,28.0,17.0,22.0,23.0,19.0,21.0,27.0,29.0,19.0,21.0,34.0,10.0,23.0,24.0,24.0,15.0,24.0,22.0,26.0,16.0,21.0,19.0,22.0,20.0,34.0,20.0,22.0,19.0
