10,50,1000
16.023086,17.548421,17.868041,15.508044,18.607747,19.231067,19.180484,16.630944,16.674042,15.153609
8.615359,6.453818,9.892689,9.285109,9.771045,5.586571,6.173523,7.591276,8.935369,6.06208
0.0,10.0,20.0,30.0,40.0,50.0,60.0,70.0,80.0,90.0
10.0,0.0,10.0,20.0,30.0,40.0,50.0,60.0,70.0,80.0
20.0,10.0,0.0,10.0,20.0,30.0,40.0,50.0,60.0,70.0
30.0,20.0,10.0,0.0,10.0,20.0,30.0,40.0,50.0,60.0
40.0,30.0,20.0,10.0,0.0,10.0,20.0,30.0,40.0,50.0
50.0,40.0,30.0,20.0,10.0,0.0,10.0,20.0,30.0,40.0
60.0,50.0,40.0,30.0,20.0,10.0,0.0,10.0,20.0,30.0
70.0,60.0,50.0,40.0,30.0,20.0,10.0,0.0,10.0,20.0
80.0,70.0,60.0,50.0,40.0,30.0,20.0,10.0,0.0,10.0
90.0,80.0,70.0,60.0,50.0,40.0,30.0,20.0,10.0,0.0
450.0,400.0,350.0,300.0,250.0,250.0,300.0,350.0,400.0,450.0
0.0,1.0,2.0,3.0,4.0,5.0,6.0,7.0,8.0,9.0
1.0,0.0,1.0,2.0,3.0,4.0,5.0,6.0,7.0,8.0
2.0,1.0,0.0,1.0,2.0,3.0,4.0,5.0,6.0,7.0
3.0,2.0,1.0,0.0,1.0,2.0,3.0,4.0,5.0,6.0
4.0,3.0,2.0,1.0,0.0,1.0,2.0,3.0,4.0,5.0
5.0,4.0,3.0,2.0,1.0,0.0,1.0,2.0,3.0,4.0
6.0,5.0,4.0,3.0,2.0,1.0,0.0,1.0,2.0,3.0
7.0,6.0,5.0,4.0,3.0,2.0,1.0,0.0,1.0,2.0
8.0,7.0,6.0,5.0,4.0,3.0,2.0,1.0,0.0,1.0
9.0,8.0,7.0,6.0,5.0,4.0,3.0,2.0,1.0,0.0
45.0,40.0,35.0,30.0,25.0,25.0,30.0,35.0,40.0,45.0
18.0,25.0,47.0,42.0,38.0,28.0,25.0,43.0,41.0,35.0,26.0,32.0,34.0,39.0,37.0,28.0,30.0,32.0,29.0,39.0,37.0,40.0,40.0,33.0,30.0,24.0,28.0,34.0,45.0,36.0,32.0,38.0,22.0,38.0,26.0,34.0,45.0,46.0,44.0,39.0,36.0,26.0,35.0,27.0,32.0,43.0,31.0,40.0,28.0,27.0
23.0,24.0,25.0,30.0,25.0,21.0,23.0,27.0,30.0,17.0,30.0,24.0,12.0,25.0,20.0,22.0,29.0,23.0,19.0,26.0,24.0,18.0,28.0,20.0,26.0,26.0,28.0,24.0,29.0,21.0,27.0,19.0,14.0,26.0,32.0,18.0,28.0,30.0,25.0,26.0,29.0,29.0,25.0,38.0,24.0,35.0,40.0,22.0,23.0,27.0
43.0,41.0,29.0,41.0,40.0,31.0,38.0,27.0,32.0,36.0,37.0,43.0,31.0,28.0,34.0,42.0,27.0,40.0,29.0,34.0,38.0,37.0,36.0,31.0,39.0,38.0,28.0,39.0,31.0,39.0,36.0,42.0,36.0,34.0,32.0,47.0,25.0,41.0,34.0,34.0,28.0,41.0,37.0,28.0,33.0,42.0,36.0,41.0,50.0,29.0
39.0,28.0,36.0,32.0,31.0,35.0,44.0,36.0,30.0,29.0,30.0,28.0,37.0,29.0,42.0,37.0,32.0,39.0,27.0,34.0,36.0,37.0,30.0,36.0,28.0,39.0,34.0,36.0,29.0,34.0,41.0,24.0,22.0,38.0,31.0,33.0,40.0,35.0,38.0,31.0,31.0,39.0,44.0,45.0,30.0,28.0,26.0,28.0,42.0,32.0
41.0,41.0,33.0,34.0,40.0,39.0,33.0,39.0,32.0,33.0,27.0,27.0,36.0,44.0,26.0,34.0,29.0,45.0,34.0,32.0,44.0,44.0,39.0,34.0,44.0,35.0,54.0,38.0,37.0,44.0,35.0,31.0,43.0,39.0,37.0,43.0,27.0,38.0,40.0,28.0,35.0,33.0,27.0,34.0,43.0,34.0,36.0,32.0,39.0,27.0
27.0,22.0,25.0,21.0,20.0,33.0,24.0,28.0,18.0,24.0,22.0,25.0,31.0,20.0,27.0,22.0,30.0,17.0,31.0,20.0,19.0,24.0,22.0,18.0,31.0,26.0,16.0,21.0,29.0,16.0,20.0,20.0,22.0,23.0,21.0,25.0,26.0,23.0,24.0,17.0,18.0,18.0,15.0,20.0,25.0,33.0,19.0,29.0,28.0,14.0
22.0,21.0,25.0,21.0,20.0,26.0,28.0,20.0,25.0,34.0,26.0,22.0,23.0,21.0,22.0,30.0,25.0,29.0,22.0,32.0,31.0,26.0,25.0,28.0,31.0,20.0,30.0,20.0,23.0,31.0,27.0,30.0,28.0,27.0,28.0,23.0,34.0,15.0,20.0,20.0,23.0,29.0,29.0,23.0,31.0,22.0,23.0,26.0,27.0,18.0
28.0,24.0,43.0,24.0,28.0,32.0,32.0,30.0,30.0,26.0,29.0,36.0,33.0,38.0,33.0,26.0,30.0,29.0,26.0,27.0,29.0,19.0,31.0,34.0,18.0,20.0,24.0,30.0,23.0,39.0,26.0,30.0,24.0,25.0,40.0,33.0,26.0,19.0,30.0,24.0,25.0,26.0,25.0,27.0,31.0,28.0,31.0,10.0,28.0,23.0
37.0,37.0,35.0,29.0,35.0,31.0,28.0,38.0,39.0,36.0,43.0,25.0,30.0,25.0,46.0,25.0,43.0,34.0,25.0,44.0,40.0,36.0,31.0,39.0,27.0,25.0,34.0,47.0,29.0,32.0,30.0,34.0,41.0,40.0,35.0,36.0,28.0,32.0,43.0,33.0,24.0,43.0,29.0,25.0,48.0,35.0,34.0,36.0,23.0,31.0
27.0,13.0,29.0,15.0,32.0,17.0,24.0,21.0,15.0,30.0,22.0,16.0,20.0,18.0,15.0,26.0,19.0,16.0,24.0,23.0,26.0,20.0,19.0,30.0,24.0,10.0,25.0,28.0,19.0,28.0,29.0,19.0,15.0,18.0,18.0,27.0,11.0,16.0,17.0,23.0,30.0,20.0,22.0,19.0,23.0,23.0,21.0,18.0,23.0,23.0
