10,50,1000
19.934306,16.671134,19.527402,18.603544,19.532615,15.200732,17.687811,18.901568,17.462757,16.607086
7.299024,6.464104,5.997123,8.019926,7.716245,6.31093,8.081124,7.144446,8.243252,9.858563
0.0,10.0,20.0,30.0,40.0,50.0,60.0,70.0,80.0,90.0
10.0,0.0,10.0,20.0,30.0,40.0,50.0,60.0,70.0,80.0
20.0,10.0,0.0,10.0,20.0,30.0,40.0,50.0,60.0,70.0
30.0,20.0,10.0,0.0,10.0,20.0,30.0,40.0,50.0,60.0
40.0,30.0,20.0,10.0,0.0,10.0,20.0,30.0,40.0,50.0
50.0,40.0,30.0,20.0,10.0,0.0,10.0,20.0,30.0,40.0
60.0,50.0,40.0,30.0,20.0,10.0,0.0,10.0,20.0,30.0
70.0,60.0,50.0,40.0,30.0,20.0,10.0,0.0,10.0,20.0
80.0,70.0,60.0,50.0,40.0,30.0,20.0,10.0,0.0,10.0
90.0,80.0,70.0,60.0,50.0,40.0,30.0,20.0,10.0,0.0
450.0,400.0,350.0,300.0,250.0,250.0,300.0,350.0,400.0,450.0
0.0,1.0,2.0,3.0,4.0,5.0,6.0,7.0,8.0,9.0
1.0,0.0,1.0,2.0,3.0,4.0,5.0,6.0,7.0,8.0
2.0,1.0,0.0,1.0,2.0,3.0,4.0,5.0,6.0,7.0
3.0,2.0,1.0,0.0,1.0,2.0,3.0,4.0,5.0,6.0
4.0,3.0,2.0,1.0,0.0,1.0,2.0,3.0,4.0,5.0
5.0,4.0,3.0,2.0,1.0,0.0,1.0,2.0,3.0,4.0
6.0,5.0,4.0,3.0,2.0,1.0,0.0,1.0,2.0,3.0
7.0,6.0,5.0,4.0,3.0,2.0,1.0,0.0,1.0,2.0
8.0,7.0,6.0,5.0,4.0,3.0,2.0,1.0,0.0,1.0
9.0,8.0,7.0,6.0,5.0,4.0,3.0,2.0,1.0,0.0
45.0,40.0,35.0,30.0,25.0,25.0,30.0,35.0,40.0,45.0
25.0,34.0,35.0,29.0,34.0,22.0,29.0,22.0,32.0,32.0,30.0,26.0,33.0,25.0,22.0,26.0,26.0,24.0,25.0,37.0,24.0,31.0,21.0,39.0,29.0,30.0,36.0,42.0,33.0,25.0,21.0,29.0,29.0,19.0,33.0,38.0,35.0,27.0,33.0,23.0,18.0,43.0,23.0,24.0,25.0,22.0,32.0,24.0,15.0,31.0
27.0,21.0,28.0,26.0,28.0,23.0,24.0,20.0,25.0,29.0,24.0,32.0,26.0,26.0,27.0,18.0,26.0,19.0,19.0,30.0,22.0,30.0,24.0,22.0,23.0,20.0,23.0,19.0,26.0,25.0,22.0,21.0,25.0,20.0,29.0,21.0,25.0,25.0,28.0,28.0,31.0,29.0,17.0,24.0,25.0,29.0,22.0,29.0,31.0,24.0
40.0,27.0,25.0,26.0,24.0,31.0,24.0,12.0,28.0,30.0,26.0,26.0,30.0,25.0,28.0,20.0,15.0,28.0,24.0,26.0,32.0,22.0,31.0,28.0,32.0,33.0,17.0,21.0,28.0,20.0,23.0,25.0,27.0,26.0,32.0,26.0,23.0,21.0,28.0,31.0,23.0,27.0,18.0,25.0,36.0,29.0,16.0,28.0,18.0,19.0
37.0,21.0,30.0,33.0,31.0,25.0,21.0,33.0,27.0,25.0,25.0,42.0,35.0,33.0,27.0,24.0,36.0,25.0,21.0,24.0,30.0,28.0,35.0,27.0,34.0,27.0,25.0,41.0,25.0,36.0,30.0,22.0,33.0,28.0,16.0,28.0,32.0,29.0,33.0,18.0,45.0,28.0,37.0,33.0,29.0,41.0,34.0,30.0,31.0,28.0
28.0,35.0,31.0,27.0,25.0,29.0,27.0,27.0,31.0,38.0,27.0,28.0,23.0,21.0,18.0,29.0,32.0,30.0,32.0,34.0,29.0,26.0,36.0,32.0,27.0,34.0,31.0,30.0,34.0,37.0,33.0,26.0,29.0,36.0,23.0,26.0,36.0,30.0,23.0,32.0,30.0,38.0,42.0,32.0,26.0,23.0,30.0,29.0,31.0,25.0
24.0,34.0,21.0,23.0,21.0,31.0,22.0,24.0,17.0,30.0,29.0,28.0,22.0,24.0,19.0,23.0,24.0,28.0,23.0,19.0,29.0,25.0,23.0,21.0,24.0,25.0,22.0,22.0,24.0,27.0,34.0,17.0,28.0,24.0,29.0,21.0,22.0,19.0,19.0,32.0,36.0,18.0,24.0,19.0,26.0,16.0,25.0,25.0,28.0,21.0
19.0,37.0,31.0,31.0,35.0,33.0,37.0,23.0,22.0,28.0,40.0,39.0,21.0,29.0,36.0,27.0,22.0,35.0,31.0,32.0,19.0,36.0,40.0,29.0,30.0,33.0,29.0,32.0,28.0,27.0,36.0,37.0,21.0,32.0,30.0,32.0,25.0,34.0,24.0,27.0,45.0,35.0,20.0,27.0,28.0,28.0,28.0,36.0,26.0,32.0
30.0,29.0,20.0,27.0,36.0,26.0,18.0,24.0,25.0,30.0,26.0,24.0,22.0,27.0,31.0,19.0,26.0,25.0,26.0,30.0,25.0,29.0,26.0,34.0,25.0,31.0,26.0,30.0,28.0,29.0,25.0,20.0,32.0,27.0,25.0,26.0,19.0,28.0,31.0,31.0,26.0,26.0,29.0,28.0,27.0,27.0,22.0,30.0,37.0,21.0
28.0,40.0,27.0,32.0,38.0,33.0,30.0,36.0,42.0,39.0,32.0,29.0,34.0,32.0,28.0,35.0,20.0,24.0,29.0,18.0,28.0,21.0,22.0,32.0,27.0,30.0,40.0,36.0,34.0,42.0,32.0,33.0,37.0,35.0,30.0,31.0,38.0,22.0,32.0,24.0,24.0,41.0,36.0,40.0,28.0,30.0,27.0,26.0,39.0,40.0
34.0,31.0,34.0,26.0,38.0,39.0,35.0,28.0,31.0,34.0,47.0,42.0,44.0,34.0,33.0,41.0,39.0,45.0,35.0,33.0,37.0,29.0,45.0,50.0,37.0,37.0,48.0,39.0,33.0,40.0,42.0,27.0,35.0,34.0,27.0,47.0,41.0,36.0,33.0,36.0,37.0,41.0,40.0,39.0,31.0,43.0,37.0,39.0,41.0,33.0
