10,50,1000
19.881876,19.919107,18.884385,18.021908,17.308035,18.26756,18.381748,18.617756,15.368653,17.100994
9.719183,8.872358,5.502071,5.271427,8.896724,6.228939,6.781946,8.721582,8.627236,9.830905
0.0,10.0,20.0,30.0,40.0,50.0,60.0,70.0,80.0,90.0
10.0,0.0,10.0,20.0,30.0,40.0,50.0,60.0,70.0,80.0
20.0,10.0,0.0,10.0,20.0,30.0,40.0,50.0,60.0,70.0
30.0,20.0,10.0,0.0,10.0,20.0,30.0,40.0,50.0,60.0
40.0,30.0,20.0,10.0,0.0,10.0,20.0,30.0,40.0,50.0
50.0,40.0,30.0,20.0,10.0,0.0,10.0,20.0,30.0,40.0
60.0,50.0,40.0,30.0,20.0,10.0,0.0,10.0,20.0,30.0
70.0,60.0,50.0,40.0,30.0,20.0,10.0,0.0,10.0,20.0
80.0,70.0,60.0,50.0,40.0,30.0,20.0,10.0,0.0,10.0
90.0,80.0,70.0,60.0,50.0,40.0,30.0,20.0,10.0,0.0
450.0,400.0,350.0,300.0,250.0,250.0,300.0,350.0,400.0,450.0
0.0,1.0,2.0,3.0,4.0,5.0,6.0,7.0,8.0,9.0
1.0,0.0,1.0,2.0,3.0,4.0,5.0,6.0,7.0,8.0
2.0,1.0,0.0,1.0,2.0,3.0,4.0,5.0,6.0,7.0
3.0,2.0,1.0,0.0,1.0,2.0,3.0,4.0,5.0,6.0
4.0,3.0,2.0,1.0,0.0,1.0,2.0,3.0,4.0,5.0
5.0,4.0,3.0,2.0,1.0,0.0,1.0,2.0,3.0,4.0
6.0,5.0,4.0,3.0,2.0,1.0,0.0,1.0,2.0,3.0
7.0,6.0,5.0,4.0,3.0,2.0,1.0,0.0,1.0,2.0
8.0,7.0,6.0,5.0,4.0,3.0,2.0,1.0,0.0,1.0
9.0,8.0,7.0,6.0,5.0,4.0,3.0,2.0,1.0,0.0
45.0,40.0,35.0,30.0,25.0,25.0,30.0,35.0,40.0,45.0
33.0,38.0,38.0,40.0,46.0,34.0,39.0,32.0,42.0,40.0,39.0,40.0,45.0,34.0,33.0,44.0,51.0,43.0,40.0,27.0,31.0,34.0,45.0,39.0,35.0,34.0,38.0,40.0,31.0,47.0,50.0,42.0,28.0,47.0,38.0,46.0,44.0,40.0,36.0,30.0,33.0,33.0,39.0,33.0,36.0,47.0,33.0,35.0,36.0,27.0
28.0,32.0,35.0,37.0,30.0,31.0,22.0,23.0,42.0,31.0,36.0,43.0,19.0,21.0,41.0,39.0,36.0,34.0,32.0,36.0,38.0,32.0,49.0,37.0,45.0,32.0,34.0,39.0,26.0,30.0,40.0,35.0,34.0,21.0,38.0,40.0,51.0,26.0,28.0,34.0,33.0,38.0,31.0,33.0,32.0,24.0,35.0,36.0,25.0,21.0
27.0,24.0,22.0,25.0,21.0,25.0,19.0,18.0,16.0,19.0,22.0,17.0,21.0,24.0,24.0,15.0,28.0,21.0,17.0,20.0,31.0,18.0,20.0,29.0,21.0,29.0,28.0,26.0,25.0,18.0,17.0,21.0,15.0,24.0,14.0,25.0,27.0,19.0,35.0,21.0,23.0,25.0,33.0,21.0,31.0,30.0,23.0,27.0,18.0,24.0
19.0,27.0,33.0,29.0,19.0,25.0,19.0,23.0,28.0,25.0,24.0,13.0,21.0,12.0,24.0,25.0,20.0,19.0,19.0,25.0,21.0,25.0,29.0,27.0,14.0,14.0,24.0,16.0,18.0,29.0,20.0,20.0,25.0,23.0,22.0,18.0,20.0,23.0,27.0,19.0,15.0,24.0,25.0,27.0,25.0,28.0,22.0,19.0,22.0,23.0
52.0,30.0,38.0,42.0,31.0,30.0,41.0,37.0,36.0,27.0,27.0,33.0,30.0,40.0,46.0,29.0,29.0,23.0,30.0,31.0,28.0,31.0,27.0,39.0,38.0,39.0,30.0,27.0,36.0,39.0,34.0,34.0,32.0,35.0,37.0,30.0,41.0,26.0,29.0,27.0,32.0,43.0,32.0,35.0,29.0,23.0,35.0,29.0,36.0,26.0
16.0,32.0,26.0,24.0,22.0,16.0,20.0,25.0,26.0,24.0,33.0,32.0,21.0,18.0,17.0,37.0,27.0,18.0,23.0,29.0,24.0,21.0,25.0,31.0,35.0,25.0,25.0,25.0,22.0,26.0,23.0,32.0,28.0,25.0,28.0,16.0,24.0,23.0,22.0,19.0,27.0,27.0,22.0,32.0,21.0,17.0,30.0,29.0,25.0,26.0
23.0,32.0,28.0,30.0,34.0,25.0,25.0,29.0,30.0,34.0,23.0,26.0,33.0,22.0,29.0,22.0,27.0,30.0,27.0,18.0,29.0,22.0,34.0,26.0,24.0,29.0,17.0,32.0,28.0,34.0,32.0,28.0,23.0,27.0,23.0,28.0,38.0,20.0,38.0,14.0,22.0,32.0,31.0,24.0,22.0,21.0,23.0,33.0,25.0,26.0
34.0,26.0,31.0,35.0,33.0,35.0,45.0,34.0,32.0,37.0,37.0,44.0,40.0,33.0,34.0,31.0,38.0,34.0,32.0,31.0,39.0,39.0,28.0,36.0,38.0,24.0,40.0,28.0,37.0,30.0,32.0,31.0,27.0,29.0,28.0,36.0,23.0,34.0,28.0,37.0,36.0,51.0,32.0,36.0,31.0,45.0,30.0,33.0,33.0,25.0
29.0,39.0,28.0,44.0,33.0,33.0,30.0,25.0,30.0,27.0,28.0,32.0,30.0,31.0,39.0,42.0,40.0,32.0,27.0,26.0,42.0,24.0,47.0,22.0,35.0,40.0,29.0,28.0,34.0,30.0,42.0,20.0,30.0,26.0,19.0,26.0,39.0,31.0,37.0,26.0,30.0,30.0,28.0,32.0,31.0,28.0,33.0,28.0,28.0,29.0
38.0,36.0,31.0,45.0,36.0,48.0,29.0,32.0,32.0,36.0,35.0,27.0,44.0,36.0,36.0,22.0,22.0,39.0,32.0,35.0,49.0,38.0,44.0,41.0,32.0,32.0,41.0,22.0,34.0,38.0,30.0,40.0,31.0,43.0,30.0,32.0,27.0,46.0,32.0,50.0,29.0,30.0,28.0,35.0,35.0,28.0,28.0,37.0,30.0,40.0
