10,50,1000
17.96752,16.274252,17.562083,16.338348,18.281772,15.030188,16.506384,19.184428,16.870059,15.636591
9.125846,6.773883,9.532415,6.162921,7.604889,7.792433,9.624814,5.464064,8.310664,9.987419
0.0,10.0,20.0,30.0,40.0,50.0,60.0,70.0,80.0,90.0
10.0,0.0,10.0,20.0,30.0,40.0,50.0,60.0,70.0,80.0
20.0,10.0,0.0,10.0,20.0,30.0,40.0,50.0,60.0,70.0
30.0,20.0,10.0,0.0,10.0,20.0,30.0,40.0,50.0,60.0
40.0,30.0,20.0,10.0,0.0,10.0,20.0,30.0,40.0,50.0
50.0,40.0,30.0,20.0,10.0,0.0,10.0,20.0,30.0,40.0
60.0,50.0,40.0,30.0,20.0,10.0,0.0,10.0,20.0,30.0
70.0,60.0,50.0,40.0,30.0,20.0,10.0,0.0,10.0,20.0
80.0,70.0,60.0,50.0,40.0,30.0,20.0,10.0,0.0,10.0
90.0,80.0,70.0,60.0,50.0,40.0,30.0,20.0,10.0,0.0
450.0,400.0,350.0,300.0,250.0,250.0,300.0,350.0,400.0,450.0
0.0,1.0,2.0,3.0,4.0,5.0,6.0,7.0,8.0,9.0
1.0,0.0,1.0,2.0,3.0,4.0,5.0,6.0,7.0,8.0
2.0,1.0,0.0,1.0,2.0,3.0,4.0,5.0,6.0,7.0
3.0,2.0,1.0,0.0,1.0,2.0,3.0,4.0,5.0,6.0
4.0,3.0,2.0,1.0,0.0,1.0,2.0,3.0,4.0,5.0
5.0,4.0,3.0,2.0,1.0,0.0,1.0,2.0,3.0,4.0
6.0,5.0,4.0,3.0,2.0,1.0,0.0,1.0,2.0,3.0
7.0,6.0,5.0,4.0,3.0,2.0,1.0,0.0,1.0,2.0
8.0,7.0,6.0,5.0,4.0,3.0,2.0,1.0,0.0,1.0
9.0,8.0,7.0,6.0,5.0,4.0,3.0,2.0,1.0,0.0
45.0,40.0,35.0,30.0,25.0,25.0,30.0,35.0,40.0,45.0
37.0,25.0,35.0,40.0,29.0,32.0,21.0,37.0,37.0,35.0,32.0,34.0,26.0,38.0,37.0,50.0,39.0,41.0,34.0,34.0,23.0,40.0,36.0,42.0,29.0,33.0,29.0,28.0,39.0,31.0,44.0,32.0,29.0,38.0,31.0,27.0,29.0,38.0,27.0,35.0,41.0,34.0,28.0,21.0,49.0,30.0,41.0,32.0,31.0,35.0
17.0,36.0,21.0,24.0,24.0,24.0,34.0,35.0,33.0,20.0,22.0,22.0,19.0,23.0,23.0,22.0,20.0,20.0,25.0,26.0,25.0,33.0,24.0,17.0,28.0,24.0,23.0,27.0,25.0,31.0,23.0,32.0,28.0,32.0,29.0,28.0,25.0,17.0,22.0,20.0,19.0,17.0,30.0,39.0,18.0,21.0,27.0,21.0,23.0,35.0
37.0,47.0,35.0,33.0,25.0,25.0,26.0,33.0,24.0,32.0,32.0,36.0,38.0,31.0,39.0,39.0,31.0,37.0,37.0,36.0,41.0,28.0,31.0,25.0,36.0,32.0,31.0,29.0,41.0,35.0,31.0,27.0,46.0,27.0,31.0,38.0,36.0,35.0,36.0,35.0,34.0,40.0,29.0,34.0,33.0,27.0,37.0,37.0,31.0,48.0
26.0,24.0,23.0,21.0,29.0,28.0,17.0,20.0,27.0,32.0,30.0,21.0,29.0,19.0,22.0,27.0,21.0,19.0,23.0,21.0,33.0,22.0,24.0,23.0,30.0,20.0,23.0,32.0,19.0,31.0,25.0,29.0,19.0,17.0,24.0,20.0,29.0,26.0,32.0,29.0,23.0,19.0,16.0,15.0,36.0,31.0,16.0,25.0,17.0,27.0
27.0,30.0,33.0,27.0,31.0,25.0,39.0,29.0,32.0,31.0,19.0,28.0,27.0,24.0,21.0,29.0,32.0,20.0,26.0,37.0,27.0,28.0,31.0,25.0,26.0,31.0,34.0,29.0,20.0,26.0,22.0,32.0,41.0,33.0,35.0,36.0,36.0,33.0,26.0,31.0,37.0,32.0,30.0,25.0,38.0,22.0,21.0,32.0,18.0,43.0
24.0,21.0,34.0,34.0,31.0,21.0,32.0,31.0,31.0,28.0,33.0,33.0,26.0,26.0,27.0,39.0,31.0,35.0,28.0,34.0,39.0,34.0,28.0,30.0,33.0,31.0,24.0,37.0,31.0,24.0,40.0,41.0,27.0,24.0,33.0,32.0,29.0,33.0,34.0,27.0,29.0,38.0,23.0,41.0,23.0,30.0,33.0,36.0,40.0,31.0
35.0,26.0,37.0,35.0,37.0,32.0,38.0,32.0,22.0,49.0,28.0,43.0,36.0,35.0,36.0,39.0,25.0,40.0,34.0,24.0,35.0,30.0,42.0,38.0,30.0,40.0,30.0,35.0,20.0,38.0,39.0,28.0,48.0,33.0,40.0,40.0,34.0,47.0,32.0,45.0,34.0,32.0,36.0,35.0,48.0,30.0,42.0,41.0,32.0,34.0
23.0,24.0,21.0,18.0,27.0,25.0,25.0,22.0,22.0,16.0,21.0,28.0,18.0,23.0,30.0,38.0,37.0,21.0,20.0,28.0,21.0,29.0,20.0,22.0,26.0,17.0,28.0,21.0,19.0,24.0,24.0,26.0,23.0,26.0,25.0,25.0,23.0,18.0,22.0,21.0,28.0,13.0,28.0,28.0,20.0,28.0,23.0,26.0,26.0,22.0
25.0,31.0,23.0,33.0,28.0,24.0,33.0,34.0,31.0,34.0,27.0,27.0,31.0,32.0,19.0,31.0,28.0,40.0,41.0,23.0,39.0,25.0,26.0,39.0,27.0,28.0,27.0,23.0,33.0,34.0,40.0,32.0,38.0,38.0,30.0,25.0,26.0,29.0,33.0,32.0,34.0,30.0,25.0,38.0,32.0,37.0,30.0,29.0,31.0,23.0
41.0,36.0,31.0,34.0,33.0,42.0,36.0,43.0,31.0,38.0,26.0,40.0,21.0,37.0,46.0,32.0,32.0,41.0,37.0,37.0,43.0,26.0,45.0,38.0,36.0,26.0,43.0,29.0,29.0,32.0,32.0,39.0,34.0,34.0,38.0,38.0,45.0,28.0,34.0,38.0,27.0,37.0,44.0,41.0,34.0,36.0,32.0,34.0,40.0,34.0
