10,50,1000
18.36257,19.601786,17.219544,15.920111,19.882127,18.857635,19.802979,17.026018,15.12312,19.923254
8.673192,5.631523,6.879646,9.789118,6.803923,8.579017,8.692892,6.300781,8.317333,5.492286
0.0,10.0,20.0,30.0,40.0,50.0,60.0,70.0,80.0,90.0
10.0,0.0,10.0,20.0,30.0,40.0,50.0,60.0,70.0,80.0
20.0,10.0,0.0,10.0,20.0,30.0,40.0,50.0,60.0,70.0
30.0,20.0,10.0,0.0,10.0,20.0,30.0,40.0,50.0,60.0
40.0,30.0,20.0,10.0,0.0,10.0,20.0,30.0,40.0,50.0
50.0,40.0,30.0,20.0,10.0,0.0,10.0,20.0,30.0,40.0
60.0,50.0,40.0,30.0,20.0,10.0,0.0,10.0,20.0,30.0
70.0,60.0,50.0,40.0,30.0,20.0,10.0,0.0,10.0,20.0
80.0,70.0,60.0,50.0,40.0,30.0,20.0,10.0,0.0,10.0
90.0,80.0,70.0,60.0,50.0,40.0,30.0,20.0,10.0,0.0
450.0,400.0,350.0,300.0,250.0,250.0,300.0,350.0,400.0,450.0
0.0,1.0,2.0,3.0,4.0,5.0,6.0,7.0,8.0,9.0
1.0,0.0,1.0,2.0,3.0,4.0,5.0,6.0,7.0,8.0
2.0,1.0,0.0,1.0,2.0,3.0,4.0,5.0,6.0,7.0
3.0,2.0,1.0,0.0,1.0,2.0,3.0,4.0,5.0,6.0
4.0,3.0,2.0,1.0,0.0,1.0,2.0,3.0,4.0,5.0
5.0,4.0,3.0,2.0,1.0,0.0,1.0,2.0,3.0,4.0
6.0,5.0,4.0,3.0,2.0,1.0,0.0,1.0,2.0,3.0
7.0,6.0,5.0,4.0,3.0,2.0,1.0,0.0,1.0,2.0
8.0,7.0,6.0,5.0,4.0,3.0,2.0,1.0,0.0,1.0
9.0,8.0,7.0,6.0,5.0,4.0,3.0,2.0,1.0,0.0
45.0,40.0,35.0,30.0,25.0,25.0,30.0,35.0,40.0,45.0
29.0,24.0,33.0,34.0,23.0,30.0,31.0,29.0,30.0,36.0,31.0,29.0,30.0,36.0,28.0,27.0,30.0,38.0,25.0,33.0,29.0,23.0,28.0,40.0,28.0,37.0,30.0,26.0,33.0,36.0,35.0,36.0,37.0,32.0,38.0,24.0,39.0,33.0,37.0,38.0,35.0,28.0,40.0,31.0,29.0,28.0,51.0,31.0,36.0,40.0
23.0,27.0,30.0,26.0,18.0,24.0,21.0,31.0,22.0,25.0,20.0,25.0,25.0,19.0,18.0,20.0,27.0,20.0,19.0,30.0,23.0,27.0,20.0,20.0,17.0,14.0,23.0,25.0,27.0,27.0,20.0,28.0,25.0,32.0,17.0,17.0,32.0,19.0,27.0,23.0,26.0,28.0,22.0,18.0,23.0,17.0,26.0,23.0,26.0,22.0
29.0,23.0,26.0,18.0,23.0,33.0,29.0,28.0,25.0,24.0,38.0,32.0,24.0,28.0,18.0,22.0,22.0,28.0,25.0,25.0,24.0,22.0,30.0,26.0,23.0,19.0,17.0,21.0,24.0,21.0,26.0,30.0,19.0,28.0,29.0,22.0,31.0,28.0,21.0,33.0,25.0,21.0,19.0,29.0,25.0,35.0,29.0,26.0,28.0,34.0
31.0,30.0,36.0,32.0,28.0,47.0,38.0,43.0,47.0,26.0,41.0,27.0,36.0,34.0,33.0,33.0,40.0,27.0,33.0,44.0,28.0,43.0,39.0,41.0,33.0,26.0,37.0,36.0,46.0,29.0,34.0,33.0,34.0,38.0,24.0,26.0,28.0,36.0,40.0,47.0,26.0,39.0,40.0,39.0,36.0,39.0,31.0,36.0,29.0,39.0
26.0,19.0,30.0,33.0,30.0,24.0,27.0,33.0,35.0,29.0,24.0,19.0,34.0,27.0,24.0,28.0,23.0,18.0,24.0,30.0,22.0,30.0,30.0,18.0,33.0,26.0,30.0,16.0,25.0,35.0,31.0,35.0,25.0,23.0,33.0,30.0,32.0,24.0,27.0,28.0,30.0,21.0,24.0,22.0,27.0,31.0,30.0,23.0,26.0,21.0
38.0,31.0,44.0,41.0,30.0,33.0,35.0,37.0,30.0,33.0,36.0,32.0,31.0,34.0,36.0,32.0,30.0,40.0,25.0,35.0,34.0,23.0,27.0,34.0,45.0,39.0,34.0,31.0,36.0,44.0,36.0,36.0,25.0,28.0,30.0,30.0,45.0,25.0,33.0,33.0,36.0,35.0,38.0,33.0,39.0,34.0,42.0,40.0,25.0,34.0
29.0,34.0,39.0,36.0,37.0,30.0,31.0,36.0,35.0,40.0,40.0,37.0,33.0,19.0,28.0,27.0,36.0,40.0,29.0,28.0,33.0,20.0,33.0,35.0,31.0,37.0,38.0,30.0,32.0,36.0,37.0,27.0,23.0,46.0,27.0,29.0,35.0,32.0,30.0,34.0,44.0,32.0,28.0,30.0,23.0,39.0,47.0,32.0,29.0,34.0
26.0,19.0,26.0,22.0,25.0,39.0,16.0,39.0,28.0,22.0,23.0,21.0,25.0,31.0,31.0,31.0,25.0,15.0,24.0,24.0,24.0,29.0,31.0,19.0,21.0,26.0,23.0,26.0,15.0,33.0,24.0,22.0,20.0,31.0,24.0,19.0,23.0,20.0,26.0,23.0,22.0,29.0,21.0,22.0,29.0,30.0,13.0,20.0,28.0,22.0
31.0,31.0,24.0,26.0,25.0,27.0,19.0,30.0,36.0,32.0,26.0,31.0,32.0,19.0,30.0,33.0,33.0,35.0,25.0,35.0,40.0,40.0,34.0,34.0,26.0,28.0,24.0,27.0,41.0,29.0,32.0,33.0,28.0,44.0,34.0,29.0,32.0,33.0,27.0,38.0,28.0,22.0,39.0,28.0,31.0,27.0,30.0,37.0,25.0,33.0
25.0,22.0,15.0,23.0,27.0,30.0,20.0,26.0,23.0,29.0,14.0,25.0,20.0,17.0,26.0,20.0,21.0,19.0,30.0,30.0,27.0,26.0,21.0,20.0,21.0,22.0,23.0,24.0,16.0,26.0,19.0,25.0,21.0,29.0,27.0,30.0,27.0,23.0,18.0,19.0,21.0,24.0,19.0,26.0,20.0,22.0,28.0,21.0,21.0,29.0
