10,50,1000
15.597574,15.567396,19.404558,19.125418,17.880393,17.070076,19.756188,15.877251,17.244206,17.599318
6.656373,6.880269,7.449439,8.461536,6.802093,7.002011,8.69056,5.484762,5.668428,8.018371
0.0,10.0,20.0,30.0,40.0,50.0,60.0,70.0,80.0,90.0
10.0,0.0,10.0,20.0,30.0,40.0,50.0,60.0,70.0,80.0
20.0,10.0,0.0,10.0,20.0,30.0,40.0,50.0,60.0,70.0
30.0,20.0,10.0,0.0,10.0,20.0,30.0,40.0,50.0,60.0
40.0,30.0,20.0,10.0,0.0,10.0,20.0,30.0,40.0,50.0
50.0,40.0,30.0,20.0,10.0,0.0,10.0,20.0,30.0,40.0
60.0,50.0,40.0,30.0,20.0,10.0,0.0,10.0,20.0,30.0
70.0,60.0,50.0,40.0,30.0,20.0,10.0,0.0,10.0,20.0
80.0,70.0,60.0,50.0,40.0,30.0,20.0,10.0,0.0,10.0
90.0,80.0,70.0,60.0,50.0,40.0,30.0,20.0,10.0,0.0
450.0,400.0,350.0,300.0,250.0,250.0,300.0,350.0,400.0,450.0
0.0,1.0,2.0,3.0,4.0,5.0,6.0,7.0,8.0,9.0
1.0,0.0,1.0,2.0,3.0,4.0,5.0,6.0,7.0,8.0
2.0,1.0,0.0,1.0,2.0,3.0,4.0,5.0,6.0,7.0
3.0,2.0,1.0,0.0,1.0,2.0,3.0,4.0,5.0,6.0
4.0,3.0,2.0,1.0,0.0,1.0,2.0,3.0,4.0,5.0
5.0,4.0,3.0,2.0,1.0,0.0,1.0,2.0,3.0,4.0
6.0,5.0,4.0,3.0,2.0,1.0,0.0,1.0,2.0,3.0
7.0,6.0,5.0,4.0,3.0,2.0,1.0,0.0,1.0,2.0
8.0,7.0,6.0,5.0,4.0,3.0,2.0,1.0,0.0,1.0
9.0,8.0,7.0,6.0,5.0,4.0,3.0,2.0,1.0,0.0
45.0,40.0,35.0,30.0,25.0,25.0,30.0,35.0,40.0,45.0
39.0,29.0,22.0,27.0,16.0,25.0,22.0,25.0,25.0,29.0,28.0,24.0,22.0,16.0,20.0,21.0,18.0,26.0,25.0,25.0,24.0,24.0,31.0,26.0,33.0,27.0,27.0,18.0,23.0,28.0,28.0,33.0,18.0,19.0,23.0,23.0,40.0,23.0,20.0,22.0,24.0,28.0,30.0,33.0,17.0,26.0,24.0,31.0,36.0,25.0
32.0,24.0,24.0,35.0,24.0,26.0,18.0,21.0,28.0,24.0,20.0,24.0,19.0,17.0,33.0,28.0,33.0,29.0,29.0,25.0,24.0,31.0,24.0,29.0,16.0,30.0,25.0,20.0,37.0,32.0,32.0,26.0,19.0,25.0,25.0,28.0,23.0,27.0,25.0,33.0,24.0,18.0,33.0,19.0,32.0,18.0,26.0,23.0,16.0,23.0
28.0,30.0,31.0,20.0,21.0,30.0,29.0,24.0,27.0,33.0,31.0,30.0,31.0,28.0,31.0,33.0,31.0,29.0,31.0,20.0,33.0,27.0,26.0,25.0,30.0,27.0,20.0,30.0,29.0,29.0,27.0,31.0,35.0,31.0,29.0,29.0,25.0,34.0,26.0,33.0,38.0,18.0,27.0,20.0,29.0,30.0,30.0,27.0,27.0,35.0
44.0,18.0,28.0,34.0,22.0,37.0,45.0,39.0,23.0,31.0,35.0,36.0,25.0,30.0,31.0,30.0,20.0,26.0,28.0,35.0,42.0,48.0,38.0,36.0,26.0,34.0,39.0,31.0,30.0,27.0,28.0,35.0,32.0,30.0,31.0,38.0,33.0,43.0,28.0,36.0,40.0,32.0,31.0,36.0,26.0,25.0,37.0,36.0,35.0,42.0
19.0,42.0,33.0,29.0,23.0,18.0,20.0,26.0,33.0,24.0,22.0,24.0,30.0,31.0,21.0,24.0,29.0,30.0,26.0,24.0,30.0,35.0,25.0,33.0,39.0,33.0,19.0,25.0,26.0,36.0,32.0,15.0,27.0,18.0,19.0,19.0,30.0,23.0,23.0,27.0,26.0,20.0,37.0,16.0,28.0,27.0,23.0,27.0,23.0,27.0
29.0,25.0,36.0,30.0,26.0,26.0,26.0,24.0,33.0,27.0,40.0,25.0,37.0,27.0,31.0,26.0,25.0,15.0,30.0,30.0,30.0,26.0,27.0,29.0,24.0,33.0,35.0,29.0,26.0,20.0,37.0,29.0,21.0,28.0,21.0,28.0,33.0,20.0,20.0,29.0,32.0,23.0,38.0,19.0,20.0,24.0,25.0,22.0,21.0,19.0
43.0,28.0,29.0,31.0,42.0,33.0,31.0,36.0,31.0,32.0,35.0,30.0,28.0,27.0,36.0,26.0,37.0,27.0,39.0,25.0,40.0,28.0,40.0,31.0,40.0,27.0,23.0,36.0,24.0,40.0,32.0,37.0,36.0,33.0,29.0,37.0,30.0,16.0,35.0,36.0,41.0,36.0,30.0,32.0,26.0,36.0,35.0,36.0,44.0,28.0
19.0,21.0,15.0,28.0,27.0,25.0,17.0,17.0,23.0,19.0,20.0,17.0,24.0,28.0,25.0,17.0,25.0,25.0,10.0,19.0,34.0,26.0,20.0,27.0,24.0,18.0,30.0,24.0,25.0,23.0,26.0,37.0,33.0,24.0,25.0,21.0,27.0,17.0,19.0,17.0,28.0,28.0,22.0,16.0,17.0,22.0,23.0,26.0,19.0,23.0
19.0,19.0,29.0,19.0,30.0,27.0,23.0,22.0,20.0,17.0,27.0,20.0,36.0,11.0,19.0,21.0,33.0,19.0,28.0,26.0,28.0,28.0,26.0,24.0,22.0,24.0,21.0,37.0,21.0,19.0,20.0,20.0,26.0,30.0,38.0,27.0,19.0,34.0,28.0,12.0,23.0,27.0,21.0,25.0,22.0,19.0,27.0,17.0,16.0,25.0
24.0,45.0,28.0,27.0,27.0,36.0,44.0,28.0,27.0,42.0,27.0,37.0,38.0,29.0,27.0,19.0,23.0,28.0,38.0,22.0,26.0,34.0,32.0,29.0,19.0,30.0,24.0,35.0,38.0,30.0,33.0,36.0,37.0,25.0,19.0,31.0,31.0,34.0,29.0,29.0,29.0,32.0,42.0,32.0,24.0,25.0,28.0,30.0,37.0,35.0
