10,50,1000
18.159943,17.110607,19.462711,17.867828,15.121317,19.056944,17.090312,16.219302,15.073928,15.786074
9.633988,6.40311,5.836627,6.015085,6.090104,6.117977,8.003882,5.655661,7.960469,5.553187
0.0,10.0,20.0,30.0,40.0,50.0,60.0,70.0,80.0,90.0
10.0,0.0,10.0,20.0,30.0,40.0,50.0,60.0,70.0,80.0
20.0,10.0,0.0,10.0,20.0,30.0,40.0,50.0,60.0,70.0
30.0,20.0,10.0,0.0,10.0,20.0,30.0,40.0,50.0,60.0
40.0,30.0,20.0,10.0,0.0,10.0,20.0,30.0,40.0,50.0
50.0,40.0,30.0,20.0,10.0,0.0,10.0,20.0,30.0,40.0
60.0,50.0,40.0,30.0,20.0,10.0,0.0,10.0,20.0,30.0
70.0,60.0,50.0,40.0,30.0,20.0,10.0,0.0,10.0,20.0
80.0,70.0,60.0,50.0,40.0,30.0,20.0,10.0,0.0,10.0
90.0,80.0,70.0,60.0,50.0,40.0,30.0,20.0,10.0,0.0
450.0,400.0,350.0,300.0,250.0,250.0,300.0,350.0,400.0,450.0
0.0,1.0,2.0,3.0,4.0,5.0,6.0,7.0,8.0,9.0
1.0,0.0,1.0,2.0,3.0,4.0,5.0,6.0,7.0,8.0
2.0,1.0,0.0,1.0,2.0,3.0,4.0,5.0,6.0,7.0
3.0,2.0,1.0,0.0,1.0,2.0,3.0,4.0,5.0,6.0
4.0,3.0,2.0,1.0,0.0,1.0,2.0,3.0,4.0,5.0
5.0,4.0,3.0,2.0,1.0,0.0,1.0,2.0,3.0,4.0
6.0,5.0,4.0,3.0,2.0,1.0,0.0,1.0,2.0,3.0
7.0,6.0,5.0,4.0,3.0,2.0,1.0,0.0,1.0,2.0
8.0,7.0,6.0,5.0,4.0,3.0,2.0,1.0,0.0,1.0
9.0,8.0,7.0,6.0,5.0,4.0,3.0,2.0,1.0,0.0
45.0,40.0,35.0,30.0,25.0,25.0,30.0,35.0,40.0,45.0
42.0,42.0,34.0,41.0,34.0,33.0,36.0,36.0,40.0,45.0,44.0,35.0,43.0,31.0,40.0,34.0,37.0,35.0,31.0,28.0,29.0,38.0,27.0,32.0,32.0,37.0,35.0,37.0,40.0,37.0,42.0,30.0,42.0,37.0,29.0,37.0,25.0,38.0,32.0,36.0,30.0,38.0,50.0,35.0,27.0,50.0,35.0,40.0,35.0,29.0
26.0,25.0,22.0,20.0,28.0,25.0,30.0,21.0,28.0,22.0,21.0,36.0,28.0,23.0,20.0,20.0,28.0,23.0,18.0,28.0,25.0,29.0,24.0,26.0,25.0,22.0,30.0,26.0,21.0,28.0,17.0,25.0,30.0,19.0,26.0,24.0,21.0,30.0,24.0,23.0,24.0,23.0,24.0,19.0,28.0,22.0,32.0,28.0,33.0,25.0
26.0,19.0,30.0,12.0,27.0,20.0,27.0,27.0,21.0,20.0,20.0,27.0,16.0,24.0,21.0,22.0,20.0,20.0,26.0,21.0,23.0,16.0,29.0,33.0,21.0,24.0,27.0,15.0,26.0,20.0,19.0,20.0,21.0,24.0,25.0,27.0,18.0,26.0,24.0,26.0,25.0,19.0,22.0,21.0,26.0,23.0,21.0,22.0,21.0,23.0
29.0,30.0,26.0,29.0,22.0,18.0,22.0,22.0,22.0,27.0,33.0,25.0,20.0,29.0,31.0,38.0,18.0,22.0,22.0,20.0,25.0,26.0,20.0,20.0,23.0,30.0,27.0,24.0,21.0,33.0,25.0,19.0,13.0,25.0,19.0,30.0,15.0,20.0,16.0,37.0,27.0,23.0,24.0,22.0,18.0,30.0,30.0,27.0,20.0,19.0
15.0,33.0,18.0,27.0,32.0,22.0,28.0,33.0,22.0,26.0,29.0,21.0,18.0,23.0,24.0,24.0,20.0,18.0,25.0,25.0,25.0,24.0,25.0,24.0,31.0,28.0,26.0,29.0,15.0,26.0,23.0,16.0,29.0,24.0,22.0,27.0,20.0,35.0,17.0,25.0,17.0,27.0,32.0,25.0,25.0,33.0,22.0,21.0,25.0,21.0
21.0,24.0,23.0,25.0,23.0,30.0,26.0,32.0,34.0,26.0,36.0,25.0,28.0,27.0,20.0,30.0,26.0,29.0,21.0,23.0,30.0,33.0,22.0,29.0,26.0,22.0,19.0,28.0,27.0,23.0,27.0,36.0,26.0,26.0,24.0,19.0,26.0,33.0,28.0,20.0,20.0,21.0,19.0,27.0,28.0,31.0,27.0,28.0,23.0,27.0
32.0,29.0,25.0,41.0,28.0,33.0,38.0,35.0,26.0,27.0,36.0,27.0,24.0,28.0,39.0,22.0,31.0,35.0,24.0,29.0,30.0,31.0,43.0,23.0,24.0,21.0,23.0,24.0,40.0,22.0,34.0,37.0,35.0,36.0,22.0,29.0,21.0,33.0,39.0,25.0,32.0,35.0,25.0,43.0,30.0,32.0,27.0,31.0,19.0,32.0
15.0,22.0,17.0,19.0,26.0,20.0,27.0,25.0,25.0,20.0,17.0,27.0,26.0,14.0,26.0,17.0,26.0,18.0,20.0,25.0,29.0,24.0,20.0,28.0,19.0,20.0,27.0,23.0,26.0,22.0,24.0,23.0,21.0,16.0,27.0,22.0,17.0,22.0,21.0,15.0,36.0,37.0,17.0,19.0,25.0,19.0,21.0,25.0,30.0,24.0
32.0,40.0,35.0,27.0,29.0,30.0,29.0,29.0,34.0,29.0,27.0,30.0,33.0,31.0,32.0,32.0,35.0,39.0,31.0,28.0,20.0,37.0,34.0,23.0,31.0,34.0,30.0,22.0,22.0,28.0,30.0,32.0,38.0,36.0,34.0,33.0,28.0,24.0,28.0,35.0,36.0,35.0,29.0,27.0,30.0,29.0,21.0,28.0,33.0,26.0
26.0,17.0,16.0,26.0,25.0,30.0,27.0,16.0,23.0,20.0,31.0,22.0,26.0,19.0,16.0,19.0,21.0,24.0,21.0,24.0,23.0,16.0,23.0,27.0,19.0,28.0,28.0,18.0,28.0,24.0,25.0,26.0,23.0,22.0,24.0,22.0,25.0,27.0,17.0,14.0,25.0,14.0,19.0,10.0,19.0,17.0,26.0,28.0,21.0,17.0
