10,50,1000
17.774133,19.883633,19.527412,17.545503,19.250093,16.631566,18.491578,19.659313,17.36701,18.103454
9.861949,7.8567,8.417785,8.770171,6.426824,6.187607,7.641567,8.060951,9.52692,9.838884
0.0,10.0,20.0,30.0,40.0,50.0,60.0,70.0,80.0,90.0
10.0,0.0,10.0,20.0,30.0,40.0,50.0,60.0,70.0,80.0
20.0,10.0,0.0,10.0,20.0,30.0,40.0,50.0,60.0,70.0
30.0,20.0,10.0,0.0,10.0,20.0,30.0,40.0,50.0,60.0
40.0,30.0,20.0,10.0,0.0,10.0,20.0,30.0,40.0,50.0
50.0,40.0,30.0,20.0,10.0,0.0,10.0,20.0,30.0,40.0
60.0,50.0,40.0,30.0,20.0,10.0,0.0,10.0,20.0,30.0
70.0,60.0,50.0,40.0,30.0,20.0,10.0,0.0,10.0,20.0
80.0,70.0,60.0,50.0,40.0,30.0,20.0,10.0,0.0,10.0
90.0,80.0,70.0,60.0,50.0,40.0,30.0,20.0,10.0,0.0
450.0,400.0,350.0,300.0,250.0,250.0,300.0,350.0,400.0,450.0
0.0,1.0,2.0,3.0,4.0,5.0,6.0,7.0,8.0,9.0
1.0,0.0,1.0,2.0,3.0,4.0,5.0,6.0,7.0,8.0
2.0,1.0,0.0,1.0,2.0,3.0,4.0,5.0,6.0,7.0
3.0,2.0,1.0,0.0,1.0,2.0,3.0,4.0,5.0,6.0
4.0,3.0,2.0,1.0,0.0,1.0,2.0,3.0,4.0,5.0
5.0,4.0,3.0,2.0,1.0,0.0,1.0,2.0,3.0,4.0
6.0,5.0,4.0,3.0,2.0,1.0,0.0,1.0,2.0,3.0
7.0,6.0,5.0,4.0,3.0,2.0,1.0,0.0,1.0,2.0
8.0,7.0,6.0,5.0,4.0,3.0,2.0,1.0,0.0,1.0
9.0,8.0,7.0,6.0,5.0,4.0,3.0,2.0,1.0,0.0
45.0,40.0,35.0,30.0,25.0,25.0,30.0,35.0,40.0,45.0
35.0,29.0,44.0,26.0,41.0,33.0,33.0,37.0,38.0,40.0,33.0,39.0,28.0,45.0,34.0,41.0,36.0,45.0,32.0,36.0,34.0,40.0,32.0,38.0,47.0,39.0,35.0,31.0,33.0,37.0,35.0,34.0,31.0,34.0,31.0,32.0,39.0,37.0,33.0,29.0,38.0,34.0,29.0,43.0,41.0,46.0,36.0,47.0,35.0,36.0
29.0,35.0,29.0,28.0,32.0,34.0,18.0,36.0,29.0,34.0,38.0,35.0,31.0,29.0,35.0,39.0,28.0,26.0,28.0,31.0,32.0,33.0,30.0,31.0,24.0,26.0,26.0,33.0,29.0,26.0,18.0,29.0,34.0,22.0,34.0,32.0,38.0,21.0,29.0,20.0,30.0,36.0,28.0,29.0,24.0,29.0,34.0,22.0,36.0,38.0
25.0,29.0,30.0,33.0,33.0,41.0,38.0,33.0,36.0,35.0,32.0,43.0,32.0,27.0,37.0,30.0,32.0,20.0,24.0,38.0,30.0,24.0,38.0,29.0,26.0,32.0,29.0,30.0,28.0,34.0,30.0,23.0,29.0,31.0,32.0,25.0,34.0,27.0,29.0,36.0,29.0,32.0,28.0,32.0,38.0,38.0,30.0,22.0,37.0,34.0
32.0,30.0,37.0,31.0,38.0,41.0,32.0,30.0,46.0,32.0,37.0,39.0,43.0,33.0,36.0,37.0,39.0,41.0,40.0,27.0,40.0,29.0,22.0,35.0,39.0,34.0,34.0,32.0,31.0,27.0,29.0,30.0,35.0,32.0,23.0,39.0,32.0,24.0,30.0,24.0,31.0,34.0,24.0,37.0,41.0,28.0,22.0,32.0,35.0,46.0
24.0,26.0,25.0,23.0,26.0,32.0,21.0,26.0,23.0,17.0,24.0,18.0,25.0,25.0,26.0,29.0,33.0,18.0,16.0,21.0,23.0,26.0,18.0,26.0,34.0,26.0,32.0,26.0,30.0,19.0,29.0,22.0,24.0,31.0,23.0,37.0,21.0,18.0,15.0,23.0,31.0,27.0,27.0,25.0,30.0,25.0,23.0,34.0,32.0,28.0
22.0,22.0,15.0,25.0,24.0,31.0,36.0,19.0,28.0,19.0,22.0,24.0,24.0,32.0,17.0,22.0,20.0,26.0,24.0,20.0,18.0,28.0,15.0,19.0,32.0,20.0,21.0,23.0,21.0,26.0,30.0,28.0,27.0,29.0,20.0,19.0,24.0,30.0,24.0,21.0,24.0,28.0,32.0,25.0,26.0,21.0,20.0,28.0,28.0,19.0
33.0,40.0,31.0,29.0,25.0,26.0,26.0,31.0,30.0,29.0,28.0,27.0,30.0,22.0,27.0,38.0,33.0,26.0,32.0,25.0,30.0,31.0,38.0,35.0,36.0,29.0,38.0,32.0,23.0,31.0,36.0,22.0,33.0,28.0,25.0,33.0,23.0,27.0,30.0,33.0,25.0,21.0,35.0,38.0,27.0,30.0,29.0,25.0,31.0,26.0
31.0,28.0,31.0,32.0,40.0,31.0,39.0,34.0,31.0,25.0,42.0,35.0,25.0,31.0,30.0,29.0,34.0,37.0,33.0,33.0,30.0,20.0,31.0,33.0,24.0,27.0,38.0,31.0,29.0,34.0,24.0,24.0,27.0,30.0,37.0,32.0,33.0,35.0,32.0,30.0,34.0,29.0,32.0,25.0,33.0,30.0,25.0,25.0,27.0,33.0
28.0,47.0,38.0,41.0,23.0,34.0,31.0,42.0,32.0,26.0,29.0,41.0,42.0,32.0,36.0,37.0,39.0,34.0,38.0,28.0,37.0,37.0,34.0,39.0,27.0,29.0,23.0,36.0,40.0,34.0,31.0,40.0,33.0,32.0,40.0,34.0,25.0,32.0,32.0,46.0,32.0,38.0,41.0,42.0,26.0,39.0,31.0,42.0,30.0,35.0
33.0,33.0,44.0,44.0,39.0,30.0,32.0,33.0,29.0,45.0,34.0,34.0,39.0,33.0,43.0,42.0,33.0,34.0,25.0,36.0,28.0,35.0,53.0,34.0,45.0,28.0,26.0,37.0,27.0,30.0,38.0,41.0,30.0,42.0,41.0,42.0,38.0,29.0,37.0,41.0,44.0,34.0,25.0,28.0,58.0,34.0,44.0,26.0,30.0,33.0
