10,50,1000
16.733597,17.223685,15.005905,19.084556,16.771905,18.525054,16.290517,19.762534,18.564406,19.111985
7.001982,5.815285,5.549907,7.529549,6.980227,6.451773,8.365173,6.592389,6.474381,5.434114
0.0,10.0,20.0,30.0,40.0,50.0,60.0,70.0,80.0,90.0
10.0,0.0,10.0,20.0,30.0,40.0,50.0,60.0,70.0,80.0
20.0,10.0,0.0,10.0,20.0,30.0,40.0,50.0,60.0,70.0
30.0,20.0,10.0,0.0,10.0,20.0,30.0,40.0,50.0,60.0
40.0,30.0,20.0,10.0,0.0,10.0,20.0,30.0,40.0,50.0
50.0,40.0,30.0,20.0,10.0,0.0,10.0,20.0,30.0,40.0
60.0,50.0,40.0,30.0,20.0,10.0,0.0,10.0,20.0,30.0
70.0,60.0,50.0,40.0,30.0,20.0,10.0,0.0,10.0,20.0
80.0,70.0,60.0,50.0,40.0,30.0,20.0,10.0,0.0,10.0
90.0,80.0,70.0,60.0,50.0,40.0,30.0,20.0,10.0,0.0
450.0,400.0,350.0,300.0,250.0,250.0,300.0,350.0,400.0,450.0
0.0,1.0,2.0,3.0,4.0,5.0,6.0,7.0,8.0,9.0
1.0,0.0,1.0,2.0,3.0,4.0,5.0,6.0,7.0,8.0
2.0,1.0,0.0,1.0,2.0,3.0,4.0,5.0,6.0,7.0
3.0,2.0,1.0,0.0,1.0,2.0,3.0,4.0,5.0,6.0
4.0,3.0,2.0,1.0,0.0,1.0,2.0,3.0,4.0,5.0
5.0,4.0,3.0,2.0,1.0,0.0,1.0,2.0,3.0,4.0
6.0,5.0,4.0,3.0,2.0,1.0,0.0,1.0,2.0,3.0
7.0,6.0,5.0,4.0,3.0,2.0,1.0,0.0,1.0,2.0
8.0,7.0,6.0,5.0,4.0,3.0,2.0,1.0,0.0,1.0
9.0,8.0,7.0,6.0,5.0,4.0,3.0,2.0,1.0,0.0
45.0,40.0,35.0,30.0,25.0,25.0,30.0,35.0,40.0,45.0
23.0,26.0,22.0,26.0,25.0,29.0,24.0,39.0,25.0,30.0,34.0,37.0,24.0,32.0,27.0,26.0,26.0,36.0,26.0,25.0,24.0,31.0,27.0,25.0,31.0,24.0,31.0,20.0,26.0,25.0,24.0,26.0,27.0,31.0,29.0,30.0,33.0,25.0,19.0,30.0,24.0,25.0,28.0,23.0,30.0,29.0,32.0,23.0,23.0,15.0
22.0,21.0,24.0,20.0,29.0,19.0,26.0,14.0,13.0,26.0,21.0,21.0,23.0,21.0,24.0,15.0,28.0,20.0,19.0,26.0,23.0,26.0,28.0,29.0,15.0,20.0,25.0,23.0,20.0,26.0,18.0,25.0,21.0,24.0,26.0,22.0,22.0,15.0,22.0,23.0,17.0,24.0,20.0,26.0,30.0,19.0,21.0,16.0,30.0,24.0
26.0,18.0,28.0,17.0,27.0,21.0,18.0,20.0,23.0,25.0,19.0,23.0,21.0,23.0,30.0,14.0,24.0,22.0,16.0,8.0,23.0,12.0,22.0,24.0,19.0,20.0,19.0,31.0,24.0,20.0,21.0,26.0,28.0,22.0,19.0,21.0,19.0,19.0,22.0,23.0,20.0,24.0,22.0,18.0,20.0,10.0,17.0,17.0,19.0,30.0
33.0,36.0,32.0,32.0,39.0,35.0,23.0,39.0,36.0,14.0,35.0,28.0,39.0,30.0,24.0,20.0,24.0,24.0,34.0,25.0,27.0,27.0,22.0,32.0,29.0,27.0,32.0,26.0,27.0,28.0,35.0,23.0,26.0,29.0,26.0,33.0,21.0,28.0,31.0,35.0,25.0,23.0,36.0,39.0,23.0,19.0,19.0,29.0,24.0,32.0
32.0,20.0,35.0,26.0,27.0,24.0,27.0,26.0,21.0,25.0,28.0,30.0,33.0,28.0,30.0,33.0,34.0,30.0,18.0,24.0,20.0,31.0,30.0,22.0,33.0,42.0,25.0,19.0,25.0,19.0,24.0,33.0,31.0,27.0,32.0,23.0,35.0,28.0,20.0,26.0,33.0,35.0,33.0,31.0,17.0,34.0,30.0,22.0,23.0,20.0
30.0,18.0,19.0,19.0,26.0,27.0,29.0,26.0,26.0,29.0,25.0,18.0,25.0,28.0,35.0,22.0,25.0,26.0,30.0,28.0,29.0,23.0,25.0,23.0,26.0,20.0,35.0,29.0,34.0,28.0,23.0,30.0,24.0,27.0,20.0,24.0,27.0,24.0,21.0,24.0,20.0,25.0,27.0,22.0,28.0,29.0,18.0,31.0,29.0,23.0
33.0,40.0,27.0,33.0,29.0,28.0,22.0,24.0,44.0,31.0,24.0,43.0,27.0,37.0,46.0,21.0,34.0,27.0,35.0,35.0,26.0,35.0,32.0,38.0,41.0,34.0,22.0,28.0,25.0,37.0,42.0,29.0,27.0,33.0,27.0,25.0,28.0,31.0,23.0,36.0,27.0,31.0,28.0,37.0,31.0,28.0,38.0,24.0,24.0,32.0
29.0,31.0,27.0,25.0,23.0,19.0,30.0,21.0,29.0,19.0,19.0,27.0,36.0,22.0,31.0,28.0,24.0,29.0,35.0,31.0,26.0,18.0,25.0,33.0,23.0,26.0,33.0,29.0,24.0,29.0,24.0,19.0,36.0,23.0,27.0,27.0,31.0,27.0,36.0,28.0,36.0,21.0,19.0,37.0,28.0,28.0,33.0,36.0,33.0,25.0
27.0,36.0,32.0,26.0,30.0,20.0,30.0,22.0,25.0,23.0,19.0,23.0,26.0,25.0,17.0,26.0,18.0,28.0,22.0,24.0,23.0,29.0,22.0,26.0,23.0,27.0,25.0,32.0,21.0,25.0,28.0,37.0,19.0,31.0,27.0,27.0,25.0,25.0,22.0,27.0,32.0,20.0,23.0,20.0,19.0,22.0,30.0,18.0,30.0,22.0
21.0,19.0,28.0,17.0,22.0,32.0,28.0,27.0,24.0,23.0,23.0,24.0,26.0,21.0,22.0,23.0,26.0,19.0,28.0,28.0,25.0,18.0,22.0,22.0,32.0,20.0,24.0,22.0,29.0,26.0,24.0,26.0,31.0,15.0,29.0,36.0,25.0,23.0,22.0,28.0,18.0,24.0,25.0,25.0,17.0,21.0,26.0,19.0,16.0,35.0
