10,50,1000
16.863807,18.359881,18.113244,17.26859,19.941896,17.36934,17.078323,16.757882,15.164098,17.803587
9.506921,7.72639,5.41226,5.894195,7.011807,7.669911,9.628356,5.26678,7.042961,7.19773
0.0,10.0,20.0,30.0,40.0,50.0,60.0,70.0,80.0,90.0
10.0,0.0,10.0,20.0,30.0,40.0,50.0,60.0,70.0,80.0
20.0,10.0,0.0,10.0,20.0,30.0,40.0,50.0,60.0,70.0
30.0,20.0,10.0,0.0,10.0,20.0,30.0,40.0,50.0,60.0
40.0,30.0,20.0,10.0,0.0,10.0,20.0,30.0,40.0,50.0
50.0,40.0,30.0,20.0,10.0,0.0,10.0,20.0,30.0,40.0
60.0,50.0,40.0,30.0,20.0,10.0,0.0,10.0,20.0,30.0
70.0,60.0,50.0,40.0,30.0,20.0,10.0,0.0,10.0,20.0
80.0,70.0,60.0,50.0,40.0,30.0,20.0,10.0,0.0,10.0
90.0,80.0,70.0,60.0,50.0,40.0,30.0,20.0,10.0,0.0
450.0,400.0,350.0,300.0,250.0,250.0,300.0,350.0,400.0,450.0
0.0,1.0,2.0,3.0,4.0,5.0,6.0,7.0,8.0,9.0
1.0,0.0,1.0,2.0,3.0,4.0,5.0,6.0,7.0,8.0
2.0,1.0,0.0,1.0,2.0,3.0,4.0,5.0,6.0,7.0
3.0,2.0,1.0,0.0,1.0,2.0,3.0,4.0,5.0,6.0
4.0,3.0,2.0,1.0,0.0,1.0,2.0,3.0,4.0,5.0
5.0,4.0,3.0,2.0,1.0,0.0,1.0,2.0,3.0,4.0
6.0,5.0,4.0,3.0,2.0,1.0,0.0,1.0,2.0,3.0
7.0,6.0,5.0,4.0,3.0,2.0,1.0,0.0,1.0,2.0
8.0,7.0,6.0,5.0,4.0,3.0,2.0,1.0,0.0,1.0
9.0,8.0,7.0,6.0,5.0,4.0,3.0,2.0,1.0,0.0
45.0,40.0,35.0,30.0,25.0,25.0,30.0,35.0,40.0,45.0
23.0,36.0,34.0,32.0,34.0,37.0,35.0,35.0,35.0,34.0,40.0,39.0,33.0,40.0,44.0,40.0,32.0,28.0,27.0,41.0,40.0,44.0,32.0,31.0,49.0,29.0,45.0,50.0,35.0,30.0,27.0,30.0,37.0,35.0,42.0,31.0,44.0,28.0,40.0,34.0,38.0,30.0,35.0,35.0,29.0,32.0,39.0,32.0,40.0,37.0
26.0,38.0,31.0,32.0,35.0,31.0,41.0,29.0,35.0,42.0,32.0,35.0,32.0,26.0,29.0,28.0,36.0,34.0,27.0,31.0,30.0,33.0,28.0,40.0,34.0,36.0,33.0,30.0,32.0,23.0,33.0,34.0,28.0,28.0,29.0,33.0,37.0,34.0,28.0,29.0,38.0,31.0,26.0,34.0,35.0,23.0,39.0,30.0,30.0,25.0
31.0,25.0,24.0,14.0,20.0,22.0,21.0,26.0,22.0,23.0,23.0,22.0,29.0,14.0,20.0,20.0,25.0,18.0,32.0,21.0,21.0,24.0,22.0,18.0,16.0,29.0,28.0,22.0,23.0,17.0,24.0,15.0,32.0,22.0,23.0,19.0,18.0,20.0,23.0,28.0,24.0,24.0,27.0,18.0,31.0,19.0,23.0,22.0,22.0,27.0
26.0,20.0,25.0,36.0,30.0,24.0,29.0,32.0,28.0,33.0,23.0,30.0,23.0,35.0,16.0,26.0,31.0,22.0,22.0,25.0,28.0,29.0,16.0,24.0,18.0,20.0,21.0,34.0,21.0,34.0,21.0,21.0,19.0,16.0,24.0,18.0,20.0,25.0,29.0,21.0,30.0,32.0,22.0,18.0,22.0,21.0,20.0,31.0,26.0,15.0
21.0,27.0,27.0,27.0,24.0,27.0,36.0,26.0,31.0,29.0,28.0,22.0,31.0,37.0,30.0,27.0,24.0,25.0,25.0,26.0,21.0,34.0,22.0,29.0,30.0,30.0,25.0,24.0,31.0,30.0,35.0,34.0,31.0,29.0,31.0,23.0,35.0,30.0,26.0,29.0,28.0,24.0,33.0,31.0,18.0,28.0,34.0,29.0,27.0,39.0
30.0,26.0,25.0,29.0,21.0,26.0,31.0,31.0,37.0,25.0,18.0,34.0,26.0,32.0,29.0,23.0,26.0,30.0,28.0,22.0,30.0,25.0,27.0,27.0,27.0,30.0,26.0,26.0,28.0,19.0,30.0,37.0,46.0,23.0,33.0,28.0,39.0,33.0,24.0,17.0,32.0,21.0,32.0,33.0,19.0,30.0,20.0,28.0,27.0,38.0
45.0,43.0,40.0,36.0,35.0,38.0,40.0,39.0,36.0,41.0,41.0,37.0,32.0,30.0,40.0,33.0,46.0,32.0,42.0,37.0,31.0,31.0,41.0,33.0,32.0,47.0,39.0,37.0,32.0,45.0,33.0,41.0,42.0,36.0,38.0,40.0,30.0,34.0,42.0,37.0,43.0,37.0,35.0,36.0,35.0,23.0,30.0,47.0,34.0,31.0
21.0,22.0,11.0,16.0,22.0,16.0,20.0,23.0,25.0,31.0,26.0,23.0,21.0,25.0,24.0,18.0,30.0,19.0,23.0,28.0,24.0,14.0,17.0,23.0,17.0,23.0,15.0,13.0,27.0,28.0,26.0,21.0,16.0,21.0,14.0,18.0,10.0,27.0,19.0,21.0,21.0,14.0,20.0,19.0,23.0,22.0,24.0,21.0,20.0,17.0
23.0,33.0,31.0,28.0,34.0,24.0,35.0,21.0,38.0,33.0,31.0,35.0,29.0,34.0,32.0,28.0,35.0,36.0,22.0,21.0,16.0,29.0,23.0,28.0,26.0,28.0,35.0,24.0,29.0,25.0,24.0,31.0,28.0,23.0,22.0,30.0,35.0,23.0,31.0,31.0,23.0,34.0,33.0,21.0,34.0,32.0,25.0,24.0,29.0,21.0
29.0,20.0,36.0,35.0,26.0,27.0,30.0,30.0,26.0,31.0,26.0,33.0,32.0,22.0,18.0,29.0,21.0,21.0,33.0,26.0,27.0,35.0,29.0,35.0,19.0,29.0,31.0,25.0,21.0,25.0,29.0,28.0,24.0,20.0,33.0,32.0,19.0,20.0,32.0,35.0,24.0,30.0,36.0,23.0,33.0,27.0,36.0,26.0,31.0,23.0
