10,50,1000
15.491832,18.064937,15.433122,17.030672,19.238601,15.997342,18.938877,16.220465,19.532039,15.064377
6.096737,8.202401,5.604214,6.574881,8.584596,5.633931,9.329581,7.013127,6.180461,7.409168
0.0,10.0,20.0,30.0,40.0,50.0,60.0,70.0,80.0,90.0
10.0,0.0,10.0,20.0,30.0,40.0,50.0,60.0,70.0,80.0
20.0,10.0,0.0,10.0,20.0,30.0,40.0,50.0,60.0,70.0
30.0,20.0,10.0,0.0,10.0,20.0,30.0,40.0,50.0,60.0
40.0,30.0,20.0,10.0,0.0,10.0,20.0,30.0,40.0,50.0
50.0,40.0,30.0,20.0,10.0,0.0,10.0,20.0,30.0,40.0
60.0,50.0,40.0,30.0,20.0,10.0,0.0,10.0,20.0,30.0
70.0,60.0,50.0,40.0,30.0,20.0,10.0,0.0,10.0,20.0
80.0,70.0,60.0,50.0,40.0,30.0,20.0,10.0,0.0,10.0
90.0,80.0,70.0,60.0,50.0,40.0,30.0,20.0,10.0,0.0
450.0,400.0,350.0,300.0,250.0,250.0,300.0,350.0,400.0,450.0
0.0,1.0,2.0,3.0,4.0,5.0,6.0,7.0,8.0,9.0
1.0,0.0,1.0,2.0,3.0,4.0,5.0,6.0,7.0,8.0
2.0,1.0,0.0,1.0,2.0,3.0,4.0,5.0,6.0,7.0
3.0,2.0,1.0,0.0,1.0,2.0,3.0,4.0,5.0,6.0
4.0,3.0,2.0,1.0,0.0,1.0,2.0,3.0,4.0,5.0
5.0,4.0,3.0,2.0,1.0,0.0,1.0,2.0,3.0,4.0
6.0,5.0,4.0,3.0,2.0,1.0,0.0,1.0,2.0,3.0
7.0,6.0,5.0,4.0,3.0,2.0,1.0,0.0,1.0,2.0
8.0,7.0,6.0,5.0,4.0,3.0,2.0,1.0,0.0,1.0
9.0,8.0,7.0,6.0,5.0,4.0,3.0,2.0,1.0,0.0
45.0,40.0,35.0,30.0,25.0,25.0,30.0,35.0,40.0,45.0
23.0,29.0,22.0,20.0,21.0,22.0,23.0,22.0,16.0,28.0,26.0,23.0,37.0,18.0,19.0,19.0,25.0,24.0,30.0,34.0,26.0,28.0,21.0,28.0,19.0,40.0,19.0,26.0,24.0,20.0,30.0,24.0,29.0,18.0,16.0,19.0,18.0,17.0,13.0,15.0,18.0,23.0,15.0,22.0,24.0,26.0,31.0,31.0,22.0,21.0
32.0,38.0,28.0,25.0,29.0,31.0,26.0,25.0,23.0,25.0,32.0,31.0,46.0,24.0,31.0,25.0,30.0,36.0,22.0,41.0,28.0,39.0,37.0,34.0,37.0,37.0,21.0,30.0,33.0,22.0,29.0,27.0,32.0,37.0,27.0,29.0,33.0,28.0,39.0,23.0,37.0,35.0,28.0,26.0,31.0,30.0,30.0,33.0,35.0,20.0
12.0,26.0,23.0,17.0,14.0,29.0,29.0,26.0,29.0,19.0,26.0,21.0,21.0,15.0,12.0,19.0,26.0,26.0,22.0,16.0,25.0,31.0,24.0,21.0,14.0,19.0,22.0,23.0,32.0,26.0,17.0,21.0,19.0,14.0,24.0,23.0,21.0,27.0,35.0,28.0,21.0,21.0,19.0,15.0,20.0,32.0,20.0,23.0,16.0,23.0
24.0,25.0,28.0,15.0,26.0,27.0,25.0,26.0,22.0,29.0,28.0,24.0,31.0,20.0,27.0,32.0,27.0,31.0,20.0,24.0,32.0,24.0,20.0,36.0,19.0,32.0,29.0,21.0,18.0,22.0,30.0,16.0,20.0,28.0,21.0,22.0,33.0,28.0,26.0,23.0,26.0,24.0,21.0,26.0,18.0,23.0,25.0,29.0,38.0,31.0
28.0,38.0,23.0,33.0,38.0,27.0,34.0,34.0,22.0,30.0,37.0,27.0,43.0,32.0,37.0,34.0,28.0,12.0,35.0,45.0,36.0,38.0,27.0,36.0,35.0,40.0,37.0,25.0,27.0,36.0,28.0,33.0,36.0,18.0,41.0,28.0,33.0,30.0,27.0,38.0,26.0,32.0,41.0,28.0,41.0,35.0,29.0,36.0,38.0,29.0
24.0,23.0,21.0,27.0,24.0,23.0,25.0,29.0,23.0,21.0,21.0,23.0,20.0,16.0,24.0,27.0,25.0,27.0,23.0,24.0,21.0,18.0,15.0,17.0,27.0,19.0,22.0,20.0,31.0,14.0,30.0,19.0,11.0,25.0,24.0,13.0,27.0,21.0,22.0,16.0,19.0,23.0,29.0,19.0,18.0,12.0,18.0,21.0,31.0,19.0
30.0,28.0,39.0,42.0,29.0,32.0,48.0,24.0,33.0,22.0,24.0,28.0,33.0,28.0,42.0,31.0,31.0,46.0,26.0,38.0,44.0,24.0,32.0,35.0,33.0,46.0,42.0,38.0,26.0,30.0,41.0,31.0,35.0,35.0,32.0,30.0,33.0,33.0,34.0,39.0,35.0,34.0,38.0,43.0,47.0,19.0,37.0,33.0,36.0,45.0
35.0,25.0,29.0,28.0,26.0,28.0,27.0,30.0,27.0,27.0,18.0,30.0,28.0,25.0,29.0,22.0,33.0,31.0,25.0,32.0,25.0,18.0,31.0,28.0,20.0,16.0,23.0,16.0,23.0,32.0,21.0,27.0,25.0,26.0,30.0,26.0,23.0,20.0,20.0,25.0,36.0,23.0,27.0,17.0,30.0,29.0,21.0,23.0,21.0,29.0
21.0,29.0,18.0,29.0,18.0,24.0,28.0,13.0,25.0,18.0,27.0,15.0,26.0,29.0,27.0,32.0,40.0,23.0,19.0,20.0,28.0,33.0,18.0,29.0,21.0,14.0,28.0,15.0,31.0,24.0,27.0,32.0,31.0,23.0,29.0,20.0,30.0,32.0,20.0,27.0,26.0,21.0,27.0,30.0,22.0,19.0,30.0,22.0,21.0,16.0
40.0,37.0,30.0,21.0,24.0,38.0,27.0,38.0,25.0,24.0,39.0,33.0,19.0,24.0,20.0,41.0,28.0,29.0,27.0,28.0,25.0,27.0,31.0,28.0,29.0,36.0,35.0,25.0,29.0,25.0,20.0,29.0,27.0,28.0,34.0,36.0,25.0,31.0,29.0,36.0,26.0,33.0,31.0,26.0,30.0,23.0,17.0,27.0,17.0,32.0
