10,50,1000
18.706919,19.71388,16.626974,19.36956,18.848436,19.437654,18.730124,17.701335,16.547256,19.258793
8.885542,8.825287,8.622193,9.578779,6.782431,5.699252,5.057819,6.472762,6.42046,8.15153
0.0,10.0,20.0,30.0,40.0,50.0,60.0,70.0,80.0,90.0
10.0,0.0,10.0,20.0,30.0,40.0,50.0,60.0,70.0,80.0
20.0,10.0,0.0,10.0,20.0,30.0,40.0,50.0,60.0,70.0
30.0,20.0,10.0,0.0,10.0,20.0,30.0,40.0,50.0,60.0
40.0,30.0,20.0,10.0,0.0,10.0,20.0,30.0,40.0,50.0
50.0,40.0,30.0,20.0,10.0,0.0,10.0,20.0,30.0,40.0
60.0,50.0,40.0,30.0,20.0,10.0,0.0,10.0,20.0,30.0
70.0,60.0,50.0,40.0,30.0,20.0,10.0,0.0,10.0,20.0
80.0,70.0,60.0,50.0,40.0,30.0,20.0,10.0,0.0,10.0
90.0,80.0,70.0,60.0,50.0,40.0,30.0,20.0,10.0,0.0
450.0,400.0,350.0,300.0,250.0,250.0,300.0,350.0,400.0,450.0
0.0,1.0,2.0,3.0,4.0,5.0,6.0,7.0,8.0,9.0
1.0,0.0,1.0,2.0,3.0,4.0,5.0,6.0,7.0,8.0
2.0,1.0,0.0,1.0,2.0,3.0,4.0,5.0,6.0,7.0
3.0,2.0,1.0,0.0,1.0,2.0,3.0,4.0,5.0,6.0
4.0,3.0,2.0,1.0,0.0,1.0,2.0,3.0,4.0,5.0
5.0,4.0,3.0,2.0,1.0,0.0,1.0,2.0,3.0,4.0
6.0,5.0,4.0,3.0,2.0,1.0,0.0,1.0,2.0,3.0
7.0,6.0,5.0,4.0,3.0,2.0,1.0,0.0,1.0,2.0
8.0,7.0,6.0,5.0,4.0,3.0,2.0,1.0,0.0,1.0
9.0,8.0,7.0,6.0,5.0,4.0,3.0,2.0,1.0,0.0
45.0,40.0,35.0,30.0,25.0,25.0,30.0,35.0,40.0,45.0
27.0,31.0,24.0,38.0,36.0,37.0,34.0,47.0,29.0,35.0,31.0,34.0,25.0,37.0,36.0,41.0,37.0,32.0,41.0,21.0,39.0,33.0,37.0,28.0,29.0,33.0,33.0,23.0,29.0,25.0,31.0,39.0,31.0,32.0,38.0,39.0,47.0,37.0,27.0,36.0,23.0,29.0,30.0,31.0,32.0,38.0,45.0,32.0,31.0,38.0
35.0,29.0,33.0,35.0,30.0,37.0,34.0,36.0,36.0,32.0,37.0,24.0,32.0,34.0,33.0,26.0,33.0,31.0,43.0,35.0,36.0,40.0,32.0,33.0,41.0,34.0,37.0,35.0,30.0,31.0,25.0,32.0,39.0,27.0,28.0,26.0,51.0,36.0,32.0,34.0,27.0,27.0,35.0,24.0,33.0,34.0,33.0,29.0,25.0,31.0
24.0,18.0,35.0,38.0,34.0,27.0,42.0,31.0,31.0,37.0,32.0,35.0,32.0,32.0,32.0,35.0,36.0,44.0,22.0,28.0,46.0,29.0,40.0,33.0,27.0,36.0,31.0,26.0,20.0,33.0,35.0,34.0,32.0,36.0,36.0,33.0,33.0,36.0,31.0,30.0,21.0,30.0,35.0,19.0,32.0,29.0,35.0,48.0,30.0,45.0
37.0,39.0,42.0,42.0,34.0,36.0,44.0,31.0,35.0,33.0,38.0,34.0,34.0,47.0,48.0,47.0,32.0,32.0,45.0,31.0,44.0,23.0,36.0,31.0,32.0,35.0,37.0,39.0,39.0,40.0,28.0,37.0,35.0,38.0,30.0,29.0,32.0,39.0,33.0,27.0,39.0,35.0,27.0,33.0,32.0,37.0,39.0,29.0,30.0,27.0
32.0,32.0,31.0,18.0,23.0,21.0,26.0,26.0,26.0,22.0,24.0,20.0,16.0,22.0,28.0,32.0,25.0,25.0,30.0,23.0,24.0,31.0,27.0,35.0,36.0,29.0,27.0,23.0,28.0,33.0,19.0,27.0,20.0,20.0,23.0,35.0,24.0,29.0,28.0,24.0,31.0,27.0,27.0,27.0,34.0,24.0,22.0,22.0,25.0,28.0
19.0,18.0,27.0,23.0,26.0,14.0,29.0,18.0,23.0,19.0,15.0,26.0,29.0,28.0,29.0,23.0,22.0,22.0,23.0,32.0,20.0,32.0,25.0,31.0,24.0,27.0,22.0,20.0,22.0,20.0,21.0,27.0,20.0,27.0,35.0,14.0,20.0,15.0,26.0,15.0,28.0,17.0,24.0,37.0,16.0,25.0,31.0,21.0,28.0,19.0
23.0,21.0,27.0,24.0,15.0,28.0,20.0,18.0,25.0,23.0,21.0,24.0,22.0,22.0,15.0,24.0,23.0,25.0,27.0,18.0,14.0,11.0,20.0,14.0,22.0,21.0,18.0,28.0,20.0,19.0,23.0,17.0,24.0,25.0,16.0,20.0,16.0,27.0,24.0,19.0,22.0,31.0,23.0,18.0,19.0,17.0,23.0,32.0,20.0,24.0
25.0,20.0,25.0,22.0,22.0,28.0,25.0,22.0,25.0,35.0,23.0,23.0,23.0,28.0,26.0,41.0,30.0,26.0,23.0,30.0,17.0,18.0,18.0,14.0,28.0,18.0,27.0,20.0,33.0,37.0,24.0,19.0,29.0,22.0,29.0,31.0,17.0,31.0,28.0,21.0,21.0,25.0,21.0,28.0,27.0,25.0,30.0,28.0,32.0,23.0
36.0,28.0,23.0,30.0,35.0,20.0,16.0,28.0,36.0,32.0,31.0,19.0,15.0,26.0,28.0,30.0,18.0,14.0,25.0,23.0,21.0,28.0,16.0,33.0,27.0,16.0,22.0,32.0,33.0,28.0,31.0,34.0,19.0,24.0,15.0,29.0,25.0,33.0,19.0,22.0,18.0,24.0,28.0,20.0,19.0,18.0,29.0,27.0,30.0,24.0
33.0,29.0,28.0,28.0,32.0,30.0,28.0,33.0,31.0,34.0,33.0,44.0,33.0,42.0,28.0,28.0,38.0,23.0,28.0,31.0,25.0,35.0,36.0,30.0,32.0,36.0,32.0,41.0,26.0,31.0,35.0,27.0,33.0,23.0,36.0,23.0,29.0,25.0,34.0,26.0,42.0,34.0,34.0,36.0,24.0,32.0,36.0,30.0,35.0,40.0
