10,50,1000
18.767344,15.307455,18.738825,15.908451,15.364539,16.797712,17.234048,17.832735,18.86934,15.149581
9.798605,6.540419,6.647429,7.220615,9.981641,8.134535,9.195439,5.464914,8.517488,9.656464
0.0,10.0,20.0,30.0,40.0,50.0,60.0,70.0,80.0,90.0
10.0,0.0,10.0,20.0,30.0,40.0,50.0,60.0,70.0,80.0
20.0,10.0,0.0,10.0,20.0,30.0,40.0,50.0,60.0,70.0
30.0,20.0,10.0,0.0,10.0,20.0,30.0,40.0,50.0,60.0
40.0,30.0,20.0,10.0,0.0,10.0,20.0,30.0,40.0,50.0
50.0,40.0,30.0,20.0,10.0,0.0,10.0,20.0,30.0,40.0
60.0,50.0,40.0,30.0,20.0,10.0,0.0,10.0,20.0,30.0
70.0,60.0,50.0,40.0,30.0,20.0,10.0,0.0,10.0,20.0
80.0,70.0,60.0,50.0,40.0,30.0,20.0,10.0,0.0,10.0
90.0,80.0,70.0,60.0,50.0,40.0,30.0,20.0,10.0,0.0
450.0,400.0,350.0,300.0,250.0,250.0,300.0,350.0,400.0,450.0
0.0,1.0,2.0,3.0,4.0,5.0,6.0,7.0,8.0,9.0
1.0,0.0,1.0,2.0,3.0,4.0,5.0,6.0,7.0,8.0
2.0,1.0,0.0,1.0,2.0,3.0,4.0,5.0,6.0,7.0
3.0,2.0,1.0,0.0,1.0,2.0,3.0,4.0,5.0,6.0
4.0,3.0,2.0,1.0,0.0,1.0,2.0,3.0,4.0,5.0
5.0,4.0,3.0,2.0,1.0,0.0,1.0,2.0,3.0,4.0
6.0,5.0,4.0,3.0,2.0,1.0,0.0,1.0,2.0,3.0
7.0,6.0,5.0,4.0,3.0,2.0,1.0,0.0,1.0,2.0
8.0,7.0,6.0,5.0,4.0,3.0,2.0,1.0,0.0,1.0
9.0,8.0,7.0,6.0,5.0,4.0,3.0,2.0,1.0,0.0
45.0,40.0,35.0,30.0,25.0,25.0,30.0,35.0,40.0,45.0
37.0,35.0,35.0,39.0,31.0,43.0,44.0,36.0,32.0,32.0,31.0,40.0,35.0,36.0,51.0,34.0,27.0,46.0,29.0,44.0,42.0,39.0,28.0,42.0,25.0,41.0,36.0,34.0,39.0,36.0,32.0,34.0,44.0,33.0,38.0,33.0,32.0,36.0,39.0,27.0,28.0,38.0,32.0,38.0,28.0,34.0,34.0,44.0,39.0,40.0
29.0,38.0,26.0,24.0,29.0,35.0,19.0,22.0,19.0,18.0,29.0,28.0,28.0,25.0,23.0,24.0,20.0,29.0,21.0,15.0,17.0,24.0,22.0,27.0,34.0,20.0,28.0,22.0,26.0,21.0,22.0,32.0,21.0,25.0,21.0,25.0,31.0,23.0,21.0,23.0,35.0,22.0,23.0,24.0,33.0,31.0,29.0,29.0,26.0,30.0
32.0,19.0,28.0,18.0,33.0,23.0,20.0,30.0,34.0,28.0,18.0,21.0,25.0,30.0,17.0,22.0,25.0,21.0,24.0,38.0,27.0,25.0,23.0,34.0,19.0,29.0,32.0,18.0,27.0,33.0,29.0,35.0,28.0,24.0,28.0,33.0,30.0,35.0,25.0,32.0,31.0,31.0,27.0,24.0,38.0,29.0,23.0,23.0,22.0,21.0
20.0,27.0,19.0,23.0,30.0,31.0,26.0,28.0,24.0,28.0,28.0,28.0,29.0,29.0,28.0,26.0,26.0,32.0,36.0,28.0,29.0,36.0,25.0,36.0,29.0,26.0,30.0,31.0,31.0,32.0,24.0,28.0,23.0,30.0,24.0,32.0,22.0,32.0,23.0,19.0,28.0,29.0,28.0,25.0,28.0,43.0,20.0,12.0,30.0,29.0
51.0,56.0,36.0,38.0,32.0,51.0,34.0,45.0,33.0,38.0,34.0,24.0,45.0,35.0,32.0,32.0,24.0,38.0,37.0,36.0,36.0,31.0,38.0,38.0,41.0,36.0,38.0,45.0,38.0,45.0,40.0,25.0,36.0,27.0,29.0,37.0,44.0,35.0,42.0,36.0,33.0,34.0,38.0,33.0,35.0,34.0,33.0,37.0,35.0,41.0
32.0,34.0,33.0,29.0,25.0,40.0,27.0,35.0,39.0,33.0,24.0,21.0,36.0,20.0,24.0,25.0,35.0,31.0,36.0,28.0,24.0,30.0,23.0,33.0,29.0,39.0,31.0,33.0,24.0,37.0,38.0,31.0,31.0,32.0,32.0,31.0,24.0,30.0,36.0,25.0,23.0,35.0,24.0,24.0,30.0,27.0,17.0,21.0,24.0,25.0
31.0,36.0,34.0,36.0,22.0,37.0,34.0,31.0,32.0,39.0,37.0,30.0,36.0,36.0,42.0,32.0,37.0,36.0,38.0,25.0,40.0,32.0,35.0,29.0,33.0,33.0,35.0,31.0,34.0,29.0,36.0,26.0,33.0,31.0,41.0,41.0,30.0,44.0,37.0,36.0,37.0,33.0,42.0,31.0,31.0,36.0,33.0,33.0,40.0,38.0
25.0,23.0,31.0,21.0,21.0,15.0,22.0,15.0,19.0,26.0,19.0,27.0,19.0,29.0,22.0,11.0,13.0,17.0,19.0,16.0,21.0,17.0,19.0,22.0,20.0,25.0,24.0,20.0,16.0,15.0,25.0,22.0,19.0,22.0,18.0,27.0,26.0,24.0,21.0,17.0,24.0,21.0,18.0,20.0,20.0,19.0,25.0,14.0,28.0,27.0
31.0,31.0,28.0,34.0,32.0,28.0,26.0,27.0,36.0,36.0,27.0,36.0,35.0,32.0,31.0,30.0,26.0,21.0,26.0,28.0,20.0,38.0,36.0,28.0,30.0,26.0,24.0,29.0,43.0,35.0,35.0,37.0,33.0,30.0,24.0,40.0,32.0,33.0,22.0,24.0,38.0,36.0,44.0,32.0,27.0,33.0,25.0,36.0,31.0,27.0
35.0,35.0,47.0,32.0,47.0,34.0,41.0,35.0,28.0,34.0,33.0,38.0,45.0,37.0,27.0,50.0,39.0,32.0,32.0,27.0,41.0,29.0,27.0,34.0,36.0,48.0,26.0,39.0,26.0,34.0,43.0,26.0,33.0,37.0,41.0,37.0,30.0,39.0,31.0,32.0,43.0,29.0,31.0,27.0,31.0,32.0,31.0,34.0,42.0,40.0
