10,50,1000
18.638023,19.297894,19.539626,16.901976,18.57453,17.257019,15.151583,19.685373,15.952757,18.987643
8.96852,8.497745,6.830233,8.129293,6.011015,6.848537,9.497096,9.026873,9.839766,8.559272
0.0,10.0,20.0,30.0,40.0,50.0,60.0,70.0,80.0,90.0
10.0,0.0,10.0,20.0,30.0,40.0,50.0,60.0,70.0,80.0
20.0,10.0,0.0,10.0,20.0,30.0,40.0,50.0,60.0,70.0
30.0,20.0,10.0,0.0,10.0,20.0,30.0,40.0,50.0,60.0
40.0,30.0,20.0,10.0,0.0,10.0,20.0,30.0,40.0,50.0
50.0,40.0,30.0,20.0,10.0,0.0,10.0,20.0,30.0,40.0
60.0,50.0,40.0,30.0,20.0,10.0,0.0,10.0,20.0,30.0
70.0,60.0,50.0,40.0,30.0,20.0,10.0,0.0,10.0,20.0
80.0,70.0,60.0,50.0,40.0,30.0,20.0,10.0,0.0,10.0
90.0,80.0,70.0,60.0,50.0,40.0,30.0,20.0,10.0,0.0
450.0,400.0,350.0,300.0,250.0,250.0,300.0,350.0,400.0,450.0
0.0,1.0,2.0,3.0,4.0,5.0,6.0,7.0,8.0,9.0
1.0,0.0,1.0,2.0,3.0,4.0,5.0,6.0,7.0,8.0
2.0,1.0,0.0,1.0,2.0,3.0,4.0,5.0,6.0,7.0
3.0,2.0,1.0,0.0,1.0,2.0,3.0,4.0,5.0,6.0
4.0,3.0,2.0,1.0,0.0,1.0,2.0,3.0,4.0,5.0
5.0,4.0,3.0,2.0,1.0,0.0,1.0,2.0,3.0,4.0
6.0,5.0,4.0,3.0,2.0,1.0,0.0,1.0,2.0,3.0
7.0,6.0,5.0,4.0,3.0,2.0,1.0,0.0,1.0,2.0
8.0,7.0,6.0,5.0,4.0,3.0,2.0,1.0,0.0,1.0
9.0,8.0,7.0,6.0,5.0,4.0,3.0,2.0,1.0,0.0
45.0,40.0,35.0,30.0,25.0,25.0,30.0,35.0,40.0,45.0
29.0,40.0,37.0,25.0,27.0,31.0,34.0,32.0,34.0,39.0,31.0,39.0,36.0,30.0,28.0,30.0,27.0,33.0,38.0,28.0,37.0,34.0,43.0,36.0,36.0,36.0,39.0,36.0,42.0,36.0,30.0,32.0,25.0,42.0,34.0,42.0,46.0,42.0,29.0,35.0,37.0,47.0,40.0,32.0,32.0,32.0,32.0,29.0,28.0,27.0
45.0,35.0,35.0,40.0,32.0,45.0,29.0,33.0,24.0,30.0,40.0,36.0,29.0,26.0,23.0,32.0,37.0,26.0,34.0,25.0,37.0,29.0,25.0,27.0,29.0,36.0,34.0,26.0,40.0,32.0,31.0,29.0,27.0,35.0,37.0,34.0,40.0,29.0,27.0,16.0,33.0,20.0,29.0,28.0,34.0,37.0,25.0,31.0,38.0,33.0
28.0,32.0,21.0,34.0,26.0,26.0,26.0,19.0,18.0,29.0,33.0,21.0,31.0,33.0,24.0,27.0,31.0,18.0,20.0,30.0,19.0,41.0,30.0,29.0,34.0,30.0,23.0,23.0,25.0,32.0,34.0,24.0,22.0,33.0,20.0,24.0,23.0,36.0,25.0,24.0,30.0,25.0,15.0,38.0,28.0,26.0,26.0,27.0,22.0,30.0
34.0,35.0,30.0,38.0,19.0,14.0,42.0,19.0,26.0,31.0,40.0,37.0,40.0,29.0,29.0,33.0,20.0,37.0,34.0,23.0,38.0,21.0,42.0,34.0,27.0,27.0,33.0,22.0,33.0,27.0,30.0,30.0,33.0,34.0,37.0,38.0,24.0,26.0,38.0,29.0,42.0,28.0,37.0,40.0,37.0,20.0,24.0,30.0,31.0,40.0
25.0,28.0,28.0,27.0,23.0,25.0,27.0,30.0,22.0,23.0,19.0,14.0,30.0,16.0,22.0,27.0,28.0,20.0,18.0,28.0,20.0,15.0,26.0,20.0,24.0,29.0,28.0,27.0,28.0,20.0,30.0,25.0,18.0,29.0,28.0,24.0,28.0,29.0,35.0,26.0,18.0,30.0,22.0,17.0,28.0,26.0,26.0,29.0,20.0,19.0
28.0,28.0,19.0,25.0,16.0,24.0,29.0,29.0,24.0,30.0,29.0,35.0,38.0,31.0,32.0,25.0,19.0,38.0,26.0,37.0,20.0,31.0,20.0,24.0,25.0,30.0,28.0,38.0,26.0,25.0,30.0,26.0,23.0,35.0,28.0,29.0,34.0,18.0,20.0,27.0,24.0,15.0,24.0,20.0,31.0,18.0,27.0,37.0,23.0,30.0
38.0,31.0,44.0,26.0,36.0,31.0,35.0,36.0,32.0,40.0,34.0,31.0,36.0,27.0,36.0,41.0,28.0,28.0,39.0,24.0,32.0,36.0,33.0,33.0,35.0,40.0,28.0,39.0,41.0,42.0,38.0,36.0,28.0,37.0,34.0,36.0,27.0,32.0,39.0,38.0,39.0,33.0,38.0,32.0,28.0,34.0,35.0,27.0,42.0,38.0
28.0,25.0,38.0,31.0,36.0,39.0,38.0,31.0,33.0,27.0,49.0,34.0,31.0,46.0,37.0,38.0,28.0,30.0,34.0,29.0,30.0,30.0,30.0,36.0,37.0,29.0,32.0,36.0,40.0,27.0,19.0,26.0,42.0,32.0,33.0,24.0,38.0,47.0,23.0,39.0,36.0,39.0,40.0,36.0,38.0,31.0,36.0,31.0,33.0,32.0
35.0,39.0,46.0,33.0,39.0,32.0,40.0,29.0,49.0,26.0,31.0,27.0,35.0,40.0,30.0,29.0,26.0,37.0,27.0,35.0,25.0,41.0,42.0,43.0,36.0,40.0,36.0,28.0,42.0,40.0,40.0,43.0,38.0,25.0,45.0,45.0,35.0,36.0,19.0,34.0,40.0,36.0,45.0,31.0,45.0,40.0,26.0,46.0,42.0,25.0
36.0,35.0,25.0,36.0,26.0,31.0,32.0,27.0,35.0,36.0,26.0,38.0,26.0,31.0,31.0,34.0,24.0,24.0,37.0,33.0,29.0,31.0,19.0,21.0,42.0,37.0,35.0,40.0,27.0,34.0,37.0,35.0,29.0,21.0,30.0,30.0,34.0,30.0,32.0,34.0,39.0,41.0,30.0,23.0,26.0,25.0,41.0,41.0,32.0,23.0
