10,50,1000
19.417015,18.776403,18.029312,15.743868,19.450912,18.283804,18.198305,16.459785,18.103731,17.288346
6.155318,9.802636,5.030587,8.426622,8.676713,7.575659,6.231243,6.153255,8.270064,6.385839
0.0,10.0,20.0,30.0,40.0,50.0,60.0,70.0,80.0,90.0
10.0,0.0,10.0,20.0,30.0,40.0,50.0,60.0,70.0,80.0
20.0,10.0,0.0,10.0,20.0,30.0,40.0,50.0,60.0,70.0
30.0,20.0,10.0,0.0,10.0,20.0,30.0,40.0,50.0,60.0
40.0,30.0,20.0,10.0,0.0,10.0,20.0,30.0,40.0,50.0
50.0,40.0,30.0,20.0,10.0,0.0,10.0,20.0,30.0,40.0
60.0,50.0,40.0,30.0,20.0,10.0,0.0,10.0,20.0,30.0
70.0,60.0,50.0,40.0,30.0,20.0,10.0,0.0,10.0,20.0
80.0,70.0,60.0,50.0,40.0,30.0,20.0,10.0,0.0,10.0
90.0,80.0,70.0,60.0,50.0,40.0,30.0,20.0,10.0,0.0
450.0,400.0,350.0,300.0,250.0,250.0,300.0,350.0,400.0,450.0
0.0,1.0,2.0,3.0,4.0,5.0,6.0,7.0,8.0,9.0
1.0,0.0,1.0,2.0,3.0,4.0,5.0,6.0,7.0,8.0
2.0,1.0,0.0,1.0,2.0,3.0,4.0,5.0,6.0,7.0
3.0,2.0,1.0,0.0,1.0,2.0,3.0,4.0,5.0,6.0
4.0,3.0,2.0,1.0,0.0,1.0,2.0,3.0,4.0,5.0
5.0,4.0,3.0,2.0,1.0,0.0,1.0,2.0,3.0,4.0
6.0,5.0,4.0,3.0,2.0,1.0,0.0,1.0,2.0,3.0
7.0,6.0,5.0,4.0,3.0,2.0,1.0,0.0,1.0,2.0
8.0,7.0,6.0,5.0,4.0,3.0,2.0,1.0,0.0,1.0
9.0,8.0,7.0,6.0,5.0,4.0,3.0,2.0,1.0,0.0
45.0,40.0,35.0,30.0,25.0,25.0,30.0,35.0,40.0,45.0
26.0,28.0,25.0,25.0,32.0,16.0,23.0,27.0,26.0,18.0,27.0,27.0,17.0,24.0,13.0,26.0,15.0,29.0,28.0,30.0,26.0,33.0,27.0,28.0,15.0,21.0,14.0,19.0,25.0,23.0,26.0,31.0,30.0,26.0,20.0,29.0,29.0,22.0,30.0,23.0,26.0,24.0,18.0,25.0,17.0,29.0,24.0,18.0,29.0,29.0
38.0,25.0,33.0,32.0,33.0,33.0,37.0,35.0,29.0,30.0,27.0,38.0,32.0,26.0,33.0,47.0,45.0,33.0,43.0,34.0,23.0,32.0,36.0,34.0,36.0,37.0,44.0,42.0,41.0,37.0,43.0,37.0,33.0,47.0,29.0,33.0,42.0,30.0,27.0,40.0,33.0,41.0,27.0,38.0,36.0,41.0,43.0,40.0,40.0,25.0
28.0,20.0,20.0,24.0,20.0,23.0,22.0,27.0,25.0,14.0,29.0,24.0,15.0,17.0,15.0,16.0,16.0,21.0,29.0,16.0,19.0,24.0,22.0,24.0,18.0,21.0,24.0,20.0,22.0,14.0,22.0,20.0,17.0,14.0,18.0,25.0,23.0,15.0,18.0,20.0,20.0,31.0,21.0,17.0,22.0,25.0,24.0,22.0,17.0,19.0
32.0,18.0,33.0,23.0,34.0,31.0,18.0,39.0,32.0,19.0,26.0,33.0,22.0,29.0,36.0,33.0,24.0,32.0,36.0,40.0,32.0,28.0,20.0,30.0,45.0,28.0,28.0,35.0,42.0,31.0,29.0,29.0,26.0,27.0,21.0,28.0,29.0,30.0,42.0,20.0,33.0,29.0,25.0,47.0,36.0,37.0,30.0,35.0,29.0,31.0
37.0,41.0,33.0,29.0,31.0,37.0,37.0,37.0,29.0,46.0,27.0,30.0,31.0,28.0,34.0,29.0,30.0,31.0,39.0,28.0,27.0,34.0,41.0,31.0,39.0,47.0,39.0,24.0,44.0,35.0,23.0,32.0,39.0,29.0,33.0,34.0,22.0,33.0,42.0,36.0,38.0,31.0,36.0,40.0,31.0,30.0,32.0,28.0,37.0,31.0
30.0,30.0,32.0,30.0,37.0,28.0,32.0,31.0,29.0,27.0,29.0,31.0,25.0,28.0,26.0,34.0,22.0,38.0,29.0,20.0,22.0,35.0,20.0,27.0,35.0,42.0,32.0,26.0,28.0,30.0,32.0,26.0,27.0,28.0,24.0,19.0,31.0,38.0,35.0,33.0,26.0,39.0,28.0,24.0,24.0,34.0,28.0,22.0,35.0,27.0
27.0,19.0,21.0,28.0,20.0,30.0,21.0,22.0,30.0,24.0,28.0,34.0,19.0,20.0,26.0,23.0,22.0,26.0,21.0,21.0,21.0,28.0,20.0,21.0,25.0,22.0,16.0,23.0,37.0,28.0,23.0,18.0,19.0,20.0,28.0,20.0,25.0,20.0,22.0,30.0,25.0,35.0,16.0,23.0,30.0,30.0,18.0,24.0,30.0,23.0
28.0,26.0,21.0,29.0,28.0,28.0,21.0,18.0,30.0,21.0,28.0,25.0,21.0,28.0,27.0,28.0,23.0,20.0,24.0,24.0,29.0,17.0,27.0,27.0,25.0,22.0,22.0,36.0,19.0,20.0,25.0,28.0,26.0,15.0,23.0,20.0,18.0,25.0,31.0,25.0,29.0,30.0,22.0,33.0,20.0,29.0,24.0,28.0,34.0,26.0
34.0,27.0,24.0,23.0,39.0,23.0,30.0,39.0,41.0,28.0,26.0,42.0,29.0,30.0,26.0,33.0,31.0,32.0,23.0,29.0,30.0,29.0,37.0,40.0,38.0,21.0,30.0,36.0,33.0,22.0,32.0,30.0,29.0,34.0,33.0,35.0,26.0,28.0,25.0,29.0,30.0,29.0,24.0,29.0,27.0,41.0,35.0,28.0,35.0,35.0
20.0,27.0,34.0,22.0,21.0,24.0,24.0,26.0,28.0,21.0,22.0,29.0,23.0,29.0,16.0,28.0,29.0,25.0,36.0,28.0,29.0,35.0,21.0,27.0,19.0,25.0,36.0,29.0,34.0,27.0,26.0,28.0,29.0,29.0,22.0,24.0,29.0,31.0,26.0,33.0,29.0,21.0,15.0,21.0,28.0,30.0,22.0,27.0,22.0,24.0
