10,50,1000
19.44011,17.319863,18.515564,18.276199,17.220115,17.065027,16.216513,19.87232,19.487246,19.297132
5.447178,9.245577,5.780995,6.931569,5.331262,9.902895,8.716951,6.34098,7.544582,5.966687
0.0,10.0,20.0,30.0,40.0,50.0,60.0,70.0,80.0,90.0
10.0,0.0,10.0,20.0,30.0,40.0,50.0,60.0,70.0,80.0
20.0,10.0,0.0,10.0,20.0,30.0,40.0,50.0,60.0,70.0
30.0,20.0,10.0,0.0,10.0,20.0,30.0,40.0,50.0,60.0
40.0,30.0,20.0,10.0,0.0,10.0,20.0,30.0,40.0,50.0
50.0,40.0,30.0,20.0,10.0,0.0,10.0,20.0,30.0,40.0
60.0,50.0,40.0,30.0,20.0,10.0,0.0,10.0,20.0,30.0
70.0,60.0,50.0,40.0,30.0,20.0,10.0,0.0,10.0,20.0
80.0,70.0,60.0,50.0,40.0,30.0,20.0,10.0,0.0,10.0
90.0,80.0,70.0,60.0,50.0,40.0,30.0,20.0,10.0,0.0
450.0,400.0,350.0,300.0,250.0,250.0,300.0,350.0,400.0,450.0
0.0,1.0,2.0,3.0,4.0,5.0,6.0,7.0,8.0,9.0
1.0,0.0,1.0,2.0,3.0,4.0,5.0,6.0,7.0,8.0
2.0,1.0,0.0,1.0,2.0,3.0,4.0,5.0,6.0,7.0
3.0,2.0,1.0,0.0,1.0,2.0,3.0,4.0,5.0,6.0
4.0,3.0,2.0,1.0,0.0,1.0,2.0,3.0,4.0,5.0
5.0,4.0,3.0,2.0,1.0,0.0,1.0,2.0,3.0,4.0
6.0,5.0,4.0,3.0,2.0,1.0,0.0,1.0,2.0,3.0
7.0,6.0,5.0,4.0,3.0,2.0,1.0,0.0,1.0,2.0
8.0,7.0,6.0,5.0,4.0,3.0,2.0,1.0,0.0,1.0
9.0,8.0,7.0,6.0,5.0,4.0,3.0,2.0,1.0,0.0
45.0,40.0,35.0,30.0,25.0,25.0,30.0,35.0,40.0,45.0
22.0,19.0,28.0,25.0,25.0,18.0,21.0,23.0,20.0,23.0,23.0,27.0,17.0,17.0,19.0,16.0,20.0,26.0,29.0,27.0,19.0,29.0,22.0,25.0,23.0,15.0,42.0,30.0,23.0,24.0,24.0,23.0,24.0,16.0,21.0,20.0,24.0,20.0,24.0,23.0,19.0,23.0,28.0,28.0,24.0,19.0,22.0,22.0,18.0,28.0
32.0,23.0,33.0,40.0,41.0,38.0,32.0,35.0,36.0,38.0,34.0,34.0,33.0,20.0,33.0,31.0,31.0,31.0,40.0,33.0,24.0,35.0,25.0,43.0,39.0,32.0,35.0,33.0,33.0,27.0,34.0,40.0,37.0,27.0,46.0,31.0,32.0,35.0,35.0,30.0,29.0,37.0,41.0,39.0,47.0,34.0,31.0,35.0,42.0,27.0
32.0,26.0,32.0,16.0,24.0,16.0,21.0,24.0,22.0,22.0,31.0,17.0,29.0,26.0,24.0,15.0,33.0,27.0,19.0,21.0,22.0,13.0,30.0,27.0,21.0,27.0,21.0,28.0,21.0,21.0,26.0,24.0,23.0,23.0,22.0,20.0,27.0,21.0,29.0,24.0,22.0,18.0,28.0,22.0,20.0,32.0,26.0,24.0,28.0,17.0
22.0,21.0,37.0,30.0,30.0,21.0,23.0,30.0,25.0,28.0,25.0,23.0,26.0,40.0,22.0,29.0,30.0,29.0,26.0,24.0,24.0,35.0,28.0,26.0,19.0,39.0,29.0,27.0,34.0,19.0,29.0,22.0,25.0,25.0,33.0,17.0,27.0,29.0,23.0,24.0,30.0,28.0,29.0,21.0,26.0,22.0,28.0,30.0,24.0,25.0
35.0,18.0,21.0,26.0,20.0,12.0,27.0,16.0,19.0,20.0,23.0,15.0,21.0,24.0,25.0,18.0,21.0,23.0,23.0,18.0,18.0,18.0,10.0,20.0,20.0,19.0,18.0,15.0,27.0,23.0,34.0,25.0,18.0,22.0,21.0,25.0,23.0,17.0,17.0,18.0,22.0,25.0,24.0,21.0,18.0,21.0,21.0,24.0,25.0,24.0
39.0,47.0,39.0,41.0,41.0,44.0,33.0,36.0,39.0,38.0,47.0,42.0,54.0,38.0,38.0,42.0,33.0,36.0,42.0,35.0,42.0,35.0,39.0,37.0,39.0,48.0,30.0,25.0,40.0,39.0,33.0,31.0,41.0,37.0,44.0,32.0,41.0,22.0,28.0,36.0,39.0,33.0,29.0,42.0,39.0,30.0,31.0,34.0,22.0,32.0
30.0,32.0,28.0,35.0,30.0,43.0,32.0,27.0,33.0,30.0,41.0,39.0,36.0,35.0,33.0,37.0,38.0,40.0,29.0,34.0,33.0,27.0,30.0,33.0,35.0,36.0,33.0,39.0,37.0,27.0,35.0,35.0,28.0,29.0,29.0,34.0,21.0,39.0,28.0,27.0,35.0,39.0,20.0,29.0,33.0,32.0,24.0,40.0,43.0,20.0
19.0,30.0,28.0,24.0,23.0,25.0,31.0,29.0,22.0,25.0,21.0,21.0,29.0,19.0,26.0,20.0,19.0,32.0,21.0,18.0,32.0,31.0,26.0,29.0,39.0,31.0,29.0,18.0,24.0,29.0,27.0,28.0,30.0,31.0,29.0,23.0,33.0,24.0,21.0,28.0,26.0,23.0,27.0,30.0,23.0,35.0,30.0,29.0,25.0,24.0
36.0,27.0,26.0,31.0,28.0,26.0,20.0,28.0,29.0,31.0,24.0,37.0,35.0,27.0,26.0,25.0,31.0,24.0,41.0,34.0,33.0,27.0,29.0,26.0,34.0,31.0,32.0,34.0,25.0,26.0,23.0,31.0,26.0,21.0,26.0,37.0,33.0,30.0,29.0,27.0,36.0,29.0,23.0,26.0,29.0,32.0,18.0,31.0,17.0,32.0
16.0,23.0,22.0,22.0,24.0,23.0,23.0,21.0,28.0,17.0,18.0,20.0,26.0,17.0,30.0,23.0,29.0,24.0,20.0,23.0,19.0,19.0,25.0,27.0,27.0,24.0,28.0,27.0,16.0,27.0,26.0,22.0,19.0,31.0,28.0,28.0,24.0,33.0,16.0,18.0,19.0,33.0,18.0,34.0,32.0,19.0,24.0,28.0,32.0,28.0
