10,50,1000
15.587549,15.757642,17.765402,15.475943,16.759375,16.534671,16.479576,15.906372,15.481075,19.402354
9.668223,7.075624,8.51826,7.838382,9.70172,6.984653,9.194115,6.557611,7.861842,7.390962
0.0,10.0,20.0,30.0,40.0,50.0,60.0,70.0,80.0,90.0
10.0,0.0,10.0,20.0,30.0,40.0,50.0,60.0,70.0,80.0
20.0,10.0,0.0,10.0,20.0,30.0,40.0,50.0,60.0,70.0
30.0,20.0,10.0,0.0,10.0,20.0,30.0,40.0,50.0,60.0
40.0,30.0,20.0,10.0,0.0,10.0,20.0,30.0,40.0,50.0
50.0,40.0,30.0,20.0,10.0,0.0,10.0,20.0,30.0,40.0
60.0,50.0,40.0,30.0,20.0,10.0,0.0,10.0,20.0,30.0
70.0,60.0,50.0,40.0,30.0,20.0,10.0,0.0,10.0,20.0
80.0,70.0,60.0,50.0,40.0,30.0,20.0,10.0,0.0,10.0
90.0,80.0,70.0,60.0,50.0,40.0,30.0,20.0,10.0,0.0
450.0,400.0,350.0,300.0,250.0,250.0,300.0,350.0,400.0,450.0
0.0,1.0,2.0,3.0,4.0,5.0,6.0,7.0,8.0,9.0
1.0,0.0,1.0,2.0,3.0,4.0,5.0,6.0,7.0,8.0
2.0,1.0,0.0,1.0,2.0,3.0,4.0,5.0,6.0,7.0
3.0,2.0,1.0,0.0,1.0,2.0,3.0,4.0,5.0,6.0
4.0,3.0,2.0,1.0,0.0,1.0,2.0,3.0,4.0,5.0
5.0,4.0,3.0,2.0,1.0,0.0,1.0,2.0,3.0,4.0
6.0,5.0,4.0,3.0,2.0,1.0,0.0,1.0,2.0,3.0
7.0,6.0,5.0,4.0,3.0,2.0,1.0,0.0,1.0,2.0
8.0,7.0,6.0,5.0,4.0,3.0,2.0,1.0,0.0,1.0
9.0,8.0,7.0,6.0,5.0,4.0,3.0,2.0,1.0,0.0
45.0,40.0,35.0,30.0,25.0,25.0,30.0,35.0,40.0,45.0
41.0,43.0,41.0,32.0,46.0,31.0,30.0,24.0,46.0,30.0,27.0,35.0,35.0,38.0,35.0,28.0,32.0,33.0,30.0,27.0,43.0,36.0,28.0,38.0,37.0,20.0,31.0,36.0,29.0,35.0,31.0,35.0,37.0,37.0,31.0,36.0,40.0,33.0,40.0,42.0,40.0,35.0,28.0,27.0,29.0,38.0,32.0,35.0,40.0,28.0
37.0,34.0,28.0,29.0,24.0,30.0,28.0,23.0,36.0,25.0,20.0,29.0,24.0,25.0,28.0,26.0,26.0,31.0,30.0,26.0,25.0,32.0,35.0,24.0,25.0,26.0,35.0,25.0,22.0,27.0,28.0,28.0,24.0,22.0,29.0,35.0,24.0,37.0,19.0,17.0,39.0,21.0,25.0,27.0,28.0,32.0,30.0,33.0,36.0,26.0
35.0,33.0,22.0,30.0,30.0,27.0,30.0,33.0,47.0,32.0,31.0,37.0,33.0,33.0,37.0,24.0,35.0,42.0,33.0,31.0,37.0,40.0,24.0,30.0,34.0,30.0,28.0,36.0,36.0,30.0,33.0,34.0,22.0,29.0,33.0,27.0,43.0,40.0,32.0,32.0,35.0,41.0,31.0,26.0,23.0,25.0,34.0,27.0,37.0,28.0
25.0,36.0,30.0,33.0,27.0,27.0,36.0,32.0,31.0,42.0,24.0,27.0,23.0,20.0,31.0,25.0,28.0,29.0,34.0,29.0,33.0,28.0,33.0,36.0,23.0,19.0,28.0,27.0,33.0,29.0,39.0,29.0,31.0,27.0,34.0,28.0,30.0,26.0,24.0,28.0,31.0,22.0,37.0,34.0,34.0,23.0,33.0,31.0,35.0,23.0
37.0,30.0,35.0,38.0,40.0,28.0,29.0,28.0,36.0,41.0,38.0,39.0,32.0,23.0,28.0,37.0,42.0,34.0,33.0,31.0,31.0,40.0,39.0,47.0,41.0,35.0,43.0,37.0,30.0,29.0,44.0,40.0,34.0,33.0,42.0,35.0,38.0,38.0,38.0,35.0,38.0,26.0,43.0,37.0,40.0,42.0,36.0,44.0,30.0,30.0
32.0,31.0,30.0,23.0,25.0,30.0,24.0,23.0,25.0,25.0,30.0,24.0,33.0,26.0,24.0,23.0,18.0,28.0,34.0,26.0,22.0,31.0,25.0,19.0,25.0,33.0,21.0,24.0,28.0,31.0,23.0,26.0,27.0,30.0,30.0,24.0,30.0,18.0,24.0,24.0,24.0,39.0,17.0,33.0,26.0,21.0,32.0,28.0,23.0,30.0
33.0,34.0,26.0,40.0,37.0,29.0,41.0,40.0,30.0,35.0,35.0,34.0,38.0,31.0,26.0,30.0,37.0,36.0,34.0,27.0,30.0,34.0,34.0,35.0,29.0,22.0,31.0,38.0,39.0,30.0,22.0,39.0,28.0,32.0,33.0,36.0,33.0,33.0,32.0,38.0,23.0,25.0,27.0,35.0,36.0,37.0,35.0,28.0,29.0,24.0
19.0,31.0,23.0,30.0,24.0,34.0,34.0,22.0,27.0,25.0,22.0,33.0,19.0,30.0,19.0,20.0,11.0,24.0,20.0,27.0,31.0,23.0,24.0,21.0,30.0,34.0,27.0,25.0,22.0,21.0,29.0,21.0,26.0,25.0,24.0,30.0,19.0,23.0,23.0,25.0,25.0,18.0,26.0,24.0,26.0,23.0,20.0,23.0,22.0,24.0
38.0,34.0,35.0,30.0,36.0,29.0,33.0,36.0,28.0,27.0,25.0,39.0,12.0,21.0,30.0,34.0,28.0,30.0,35.0,28.0,27.0,21.0,34.0,30.0,23.0,33.0,31.0,36.0,35.0,24.0,35.0,23.0,31.0,32.0,31.0,22.0,30.0,15.0,23.0,29.0,33.0,36.0,30.0,22.0,29.0,37.0,27.0,45.0,19.0,34.0
22.0,20.0,22.0,28.0,34.0,27.0,32.0,30.0,30.0,27.0,33.0,26.0,42.0,27.0,27.0,41.0,30.0,30.0,19.0,32.0,33.0,24.0,26.0,27.0,27.0,26.0,24.0,29.0,24.0,35.0,25.0,30.0,24.0,27.0,24.0,35.0,31.0,22.0,29.0,31.0,27.0,28.0,33.0,29.0,28.0,31.0,36.0,29.0,30.0,36.0
