10,50,1000
17.278534,17.079582,18.185014,19.053002,19.743666,16.580418,18.802604,18.259733,17.198412,17.531975
5.038427,9.22775,9.719241,7.406469,8.519396,8.305741,5.963462,9.423186,5.430813,7.773301
0.0,10.0,20.0,30.0,40.0,50.0,60.0,70.0,80.0,90.0
10.0,0.0,10.0,20.0,30.0,40.0,50.0,60.0,70.0,80.0
20.0,10.0,0.0,10.0,20.0,30.0,40.0,50.0,60.0,70.0
30.0,20.0,10.0,0.0,10.0,20.0,30.0,40.0,50.0,60.0
40.0,30.0,20.0,10.0,0.0,10.0,20.0,30.0,40.0,50.0
50.0,40.0,30.0,20.0,10.0,0.0,10.0,20.0,30.0,40.0
60.0,50.0,40.0,30.0,20.0,10.0,0.0,10.0,20.0,30.0
70.0,60.0,50.0,40.0,30.0,20.0,10.0,0.0,10.0,20.0
80.0,70.0,60.0,50.0,40.0,30.0,20.0,10.0,0.0,10.0
90.0,80.0,70.0,60.0,50.0,40.0,30.0,20.0,10.0,0.0
450.0,400.0,350.0,300.0,250.0,250.0,300.0,350.0,400.0,450.0
0.0,1.0,2.0,3.0,4.0,5.0,6.0,7.0,8.0,9.0
1.0,0.0,1.0,2.0,3.0,4.0,5.0,6.0,7.0,8.0
2.0,1.0,0.0,1.0,2.0,3.0,4.0,5.0,6.0,7.0
3.0,2.0,1.0,0.0,1.0,2.0,3.0,4.0,5.0,6.0
4.0,3.0,2.0,1.0,0.0,1.0,2.0,3.0,4.0,5.0
5.0,4.0,3.0,2.0,1.0,0.0,1.0,2.0,3.0,4.0
6.0,5.0,4.0,3.0,2.0,1.0,0.0,1.0,2.0,3.0
7.0,6.0,5.0,4.0,3.0,2.0,1.0,0.0,1.0,2.0
8.0,7.0,6.0,5.0,4.0,3.0,2.0,1.0,0.0,1.0
9.0,8.0,7.0,6.0,5.0,4.0,3.0,2.0,1.0,0.0
45.0,40.0,35.0,30.0,25.0,25.0,30.0,35.0,40.0,45.0
23.0,23.0,14.0,20.0,13.0,22.0,25.0,23.0,23.0,26.0,22.0,21.0,22.0,27.0,21.0,26.0,18.0,21.0,16.0,28.0,27.0,13.0,22.0,20.0,22.0,23.0,21.0,19.0,19.0,19.0,13.0,23.0,17.0,26.0,27.0,25.0,13.0,24.0,18.0,27.0,22.0,16.0,20.0,25.0,20.0,18.0,15.0,22.0,21.0,18.0
37.0,33.0,29.0,33.0,31.0,47.0,41.0,26.0,29.0,35.0,35.0,29.0,36.0,34.0,36.0,43.0,48.0,38.0,34.0,26.0,29.0,33.0,31.0,43.0,36.0,35.0,37.0,35.0,32.0,28.0,38.0,29.0,48.0,51.0,34.0,39.0,34.0,51.0,32.0,43.0,41.0,39.0,27.0,32.0,37.0,30.0,35.0,42.0,36.0,30.0
30.0,28.0,43.0,37.0,31.0,39.0,38.0,34.0,32.0,36.0,43.0,40.0,39.0,31.0,40.0,30.0,37.0,34.0,38.0,46.0,50.0,43.0,41.0,25.0,42.0,32.0,30.0,29.0,47.0,33.0,32.0,34.0,44.0,41.0,34.0,43.0,27.0,32.0,50.0,40.0,34.0,33.0,34.0,40.0,36.0,38.0,25.0,32.0,48.0,31.0
42.0,25.0,25.0,29.0,24.0,32.0,38.0,28.0,37.0,29.0,22.0,19.0,33.0,26.0,33.0,26.0,27.0,34.0,44.0,31.0,34.0,26.0,34.0,27.0,39.0,27.0,40.0,20.0,29.0,23.0,34.0,35.0,30.0,27.0,24.0,24.0,29.0,38.0,30.0,24.0,27.0,35.0,34.0,31.0,27.0,30.0,26.0,33.0,31.0,29.0
36.0,32.0,37.0,37.0,38.0,35.0,34.0,29.0,29.0,26.0,36.0,24.0,36.0,27.0,30.0,33.0,34.0,29.0,25.0,41.0,38.0,31.0,32.0,34.0,37.0,32.0,27.0,31.0,32.0,33.0,39.0,36.0,42.0,44.0,29.0,31.0,29.0,27.0,36.0,27.0,29.0,41.0,30.0,29.0,22.0,34.0,19.0,33.0,31.0,30.0
42.0,33.0,27.0,29.0,33.0,33.0,26.0,34.0,26.0,24.0,26.0,24.0,25.0,24.0,29.0,26.0,28.0,36.0,20.0,36.0,38.0,29.0,30.0,31.0,48.0,32.0,35.0,20.0,24.0,41.0,32.0,34.0,32.0,28.0,28.0,36.0,32.0,33.0,28.0,29.0,21.0,25.0,38.0,47.0,18.0,29.0,42.0,37.0,34.0,32.0
20.0,20.0,24.0,35.0,15.0,16.0,18.0,22.0,34.0,17.0,23.0,30.0,20.0,20.0,21.0,17.0,27.0,23.0,31.0,23.0,21.0,19.0,20.0,20.0,25.0,30.0,24.0,22.0,27.0,27.0,24.0,28.0,35.0,16.0,23.0,23.0,25.0,20.0,31.0,28.0,19.0,29.0,23.0,20.0,24.0,23.0,31.0,21.0,25.0,20.0
30.0,38.0,38.0,36.0,37.0,27.0,29.0,34.0,35.0,36.0,35.0,23.0,26.0,32.0,44.0,28.0,33.0,30.0,37.0,32.0,45.0,29.0,30.0,46.0,33.0,33.0,31.0,32.0,42.0,35.0,30.0,29.0,32.0,31.0,34.0,28.0,40.0,36.0,35.0,35.0,35.0,36.0,28.0,28.0,37.0,31.0,39.0,30.0,36.0,38.0
23.0,23.0,19.0,19.0,29.0,20.0,26.0,12.0,27.0,26.0,30.0,17.0,27.0,19.0,25.0,15.0,24.0,15.0,24.0,19.0,23.0,26.0,28.0,31.0,20.0,19.0,19.0,22.0,16.0,32.0,23.0,29.0,16.0,26.0,25.0,28.0,24.0,32.0,21.0,20.0,26.0,31.0,12.0,31.0,21.0,18.0,21.0,15.0,16.0,22.0
26.0,31.0,34.0,32.0,38.0,27.0,30.0,38.0,35.0,29.0,25.0,29.0,29.0,29.0,28.0,23.0,29.0,40.0,31.0,25.0,28.0,41.0,29.0,25.0,29.0,38.0,43.0,24.0,39.0,32.0,27.0,35.0,36.0,32.0,30.0,37.0,34.0,25.0,24.0,20.0,29.0,29.0,21.0,28.0,24.0,24.0,33.0,31.0,31.0,24.0
