10,50,1000
18.673403,19.471096,19.691022,16.036428,18.221613,17.342777,16.144092,16.457665,17.216365,16.353372
9.091411,5.41289,8.034271,8.321647,8.792102,5.488469,6.304689,8.811592,6.570767,7.938192
0.0,10.0,20.0,30.0,40.0,50.0,60.0,70.0,80.0,90.0
10.0,0.0,10.0,20.0,30.0,40.0,50.0,60.0,70.0,80.0
20.0,10.0,0.0,10.0,20.0,30.0,40.0,50.0,60.0,70.0
30.0,20.0,10.0,0.0,10.0,20.0,30.0,40.0,50.0,60.0
40.0,30.0,20.0,10.0,0.0,10.0,20.0,30.0,40.0,50.0
50.0,40.0,30.0,20.0,10.0,0.0,10.0,20.0,30.0,40.0
60.0,50.0,40.0,30.0,20.0,10.0,0.0,10.0,20.0,30.0
70.0,60.0,50.0,40.0,30.0,20.0,10.0,0.0,10.0,20.0
80.0,70.0,60.0,50.0,40.0,30.0,20.0,10.0,0.0,10.0
90.0,80.0,70.0,60.0,50.0,40.0,30.0,20.0,10.0,0.0
450.0,400.0,350.0,300.0,250.0,250.0,300.0,350.0,400.0,450.0
0.0,1.0,2.0,3.0,4.0,5.0,6.0,7.0,8.0,9.0
1.0,0.0,1.0,2.0,3.0,4.0,5.0,6.0,7.0,8.0
2.0,1.0,0.0,1.0,2.0,3.0,4.0,5.0,6.0,7.0
3.0,2.0,1.0,0.0,1.0,2.0,3.0,4.0,5.0,6.0
4.0,3.0,2.0,1.0,0.0,1.0,2.0,3.0,4.0,5.0
5.0,4.0,3.0,2.0,1.0,0.0,1.0,2.0,3.0,4.0
6.0,5.0,4.0,3.0,2.0,1.0,0.0,1.0,2.0,3.0
7.0,6.0,5.0,4.0,3.0,2.0,1.0,0.0,1.0,2.0
8.0,7.0,6.0,5.0,4.0,3.0,2.0,1.0,0.0,1.0
9.0,8.0,7.0,6.0,5.0,4.0,3.0,2.0,1.0,0.0
45.0,40.0,35.0,30.0,25.0,25.0,30.0,35.0,40.0,45.0
33.0,36.0,15.0,32.0,42.0,35.0,29.0,41.0,45.0,21.0,48.0,43.0,36.0,23.0,33.0,40.0,28.0,32.0,34.0,34.0,24.0,46.0,31.0,27.0,31.0,32.0,37.0,34.0,30.0,36.0,40.0,33.0,38.0,48.0,28.0,31.0,27.0,42.0,31.0,39.0,30.0,29.0,26.0,36.0,32.0,38.0,34.0,30.0,31.0,25.0
29.0,21.0,30.0,18.0,18.0,25.0,24.0,22.0,22.0,29.0,22.0,25.0,23.0,25.0,21.0,25.0,27.0,21.0,25.0,19.0,25.0,24.0,25.0,29.0,26.0,17.0,26.0,29.0,26.0,30.0,22.0,30.0,18.0,28.0,27.0,21.0,28.0,33.0,25.0,28.0,19.0,18.0,19.0,17.0,17.0,16.0,27.0,22.0,25.0,22.0
39.0,27.0,28.0,35.0,34.0,18.0,32.0,50.0,38.0,35.0,27.0,37.0,25.0,24.0,36.0,24.0,33.0,34.0,24.0,30.0,26.0,38.0,33.0,28.0,37.0,36.0,36.0,40.0,42.0,28.0,29.0,23.0,32.0,31.0,22.0,36.0,32.0,47.0,23.0,31.0,27.0,38.0,34.0,34.0,30.0,30.0,24.0,28.0,27.0,27.0
34.0,35.0,29.0,33.0,32.0,36.0,32.0,26.0,21.0,33.0,28.0,32.0,21.0,44.0,43.0,35.0,29.0,26.0,30.0,19.0,24.0,34.0,43.0,25.0,32.0,25.0,32.0,30.0,21.0,28.0,26.0,30.0,26.0,38.0,26.0,41.0,25.0,35.0,18.0,30.0,33.0,22.0,31.0,30.0,36.0,34.0,29.0,22.0,36.0,40.0
24.0,29.0,32.0,41.0,36.0,22.0,24.0,32.0,36.0,36.0,28.0,43.0,27.0,37.0,26.0,24.0,28.0,38.0,45.0,41.0,27.0,30.0,26.0,36.0,40.0,30.0,27.0,29.0,31.0,26.0,34.0,34.0,36.0,24.0,31.0,21.0,39.0,38.0,34.0,44.0,43.0,34.0,28.0,46.0,32.0,29.0,29.0,30.0,31.0,47.0
22.0,13.0,17.0,21.0,21.0,21.0,25.0,20.0,21.0,29.0,23.0,28.0,25.0,28.0,25.0,23.0,24.0,28.0,31.0,18.0,21.0,18.0,22.0,18.0,26.0,19.0,24.0,24.0,24.0,27.0,33.0,21.0,22.0,14.0,15.0,20.0,24.0,20.0,25.0,21.0,19.0,11.0,13.0,24.0,21.0,24.0,19.0,24.0,29.0,18.0
20.0,30.0,22.0,28.0,16.0,26.0,32.0,24.0,18.0,37.0,26.0,21.0,21.0,22.0,22.0,24.0,23.0,18.0,21.0,24.0,32.0,35.0,21.0,32.0,23.0,27.0,29.0,24.0,29.0,24.0,25.0,17.0,27.0,22.0,29.0,28.0,22.0,20.0,22.0,23.0,24.0,20.0,26.0,28.0,20.0,30.0,34.0,21.0,22.0,24.0
26.0,24.0,37.0,25.0,36.0,27.0,33.0,33.0,29.0,42.0,39.0,29.0,29.0,36.0,40.0,35.0,29.0,22.0,32.0,34.0,42.0,36.0,32.0,28.0,19.0,37.0,28.0,36.0,31.0,31.0,29.0,23.0,27.0,37.0,33.0,26.0,46.0,29.0,37.0,21.0,34.0,25.0,22.0,32.0,36.0,42.0,30.0,32.0,30.0,26.0
31.0,25.0,23.0,18.0,20.0,28.0,42.0,31.0,21.0,27.0,29.0,38.0,30.0,24.0,30.0,31.0,20.0,21.0,21.0,29.0,25.0,29.0,24.0,28.0,24.0,24.0,23.0,24.0,22.0,33.0,29.0,24.0,28.0,17.0,31.0,27.0,27.0,33.0,29.0,25.0,33.0,18.0,24.0,25.0,22.0,27.0,26.0,20.0,33.0,22.0
27.0,31.0,23.0,25.0,31.0,25.0,23.0,29.0,28.0,39.0,32.0,32.0,30.0,26.0,25.0,38.0,29.0,17.0,21.0,23.0,29.0,23.0,30.0,27.0,32.0,36.0,27.0,36.0,37.0,29.0,29.0,21.0,32.0,31.0,30.0,19.0,35.0,25.0,34.0,30.0,33.0,32.0,27.0,24.0,25.0,33.0,31.0,18.0,37.0,29.0
