10,50,1000
19.122065,16.941446,17.632243,19.656882,18.443323,18.494272,15.110229,16.893874,18.921419,16.539767
6.530722,5.576452,8.640397,9.758468,9.279476,7.165363,6.539427,5.808421,6.14348,9.227146
0.0,10.0,20.0,30.0,40.0,50.0,60.0,70.0,80.0,90.0
10.0,0.0,10.0,20.0,30.0,40.0,50.0,60.0,70.0,80.0
20.0,10.0,0.0,10.0,20.0,30.0,40.0,50.0,60.0,70.0
30.0,20.0,10.0,0.0,10.0,20.0,30.0,40.0,50.0,60.0
40.0,30.0,20.0,10.0,0.0,10.0,20.0,30.0,40.0,50.0
50.0,40.0,30.0,20.0,10.0,0.0,10.0,20.0,30.0,40.0
60.0,50.0,40.0,30.0,20.0,10.0,0.0,10.0,20.0,30.0
70.0,60.0,50.0,40.0,30.0,20.0,10.0,0.0,10.0,20.0
80.0,70.0,60.0,50.0,40.0,30.0,20.0,10.0,0.0,10.0
90.0,80.0,70.0,60.0,50.0,40.0,30.0,20.0,10.0,0.0
450.0,400.0,350.0,300.0,250.0,250.0,300.0,350.0,400.0,450.0
0.0,1.0,2.0,3.0,4.0,5.0,6.0,7.0,8.0,9.0
1.0,0.0,1.0,2.0,3.0,4.0,5.0,6.0,7.0,8.0
2.0,1.0,0.0,1.0,2.0,3.0,4.0,5.0,6.0,7.0
3.0,2.0,1.0,0.0,1.0,2.0,3.0,4.0,5.0,6.0
4.0,3.0,2.0,1.0,0.0,1.0,2.0,3.0,4.0,5.0
5.0,4.0,3.0,2.0,1.0,0.0,1.0,2.0,3.0,4.0
6.0,5.0,4.0,3.0,2.0,1.0,0.0,1.0,2.0,3.0
7.0,6.0,5.0,4.0,3.0,2.0,1.0,0.0,1.0,2.0
8.0,7.0,6.0,5.0,4.0,3.0,2.0,1.0,0.0,1.0
9.0,8.0,7.0,6.0,5.0,4.0,3.0,2.0,1.0,0.0
45.0,40.0,35.0,30.0,25.0,25.0,30.0,35.0,40.0,45.0
18.0,22.0,24.0,25.0,28.0,32.0,24.0,22.0,19.0,17.0,27.0,21.0,24.0,23.0,23.0,34.0,23.0,27.0,14.0,28.0,27.0,28.0,38.0,22.0,20.0,22.0,27.0,20.0,28.0,26.0,28.0,34.0,26.0,23.0,29.0,24.0,25.0,22.0,32.0,22.0,22.0,20.0,26.0,21.0,25.0,31.0,36.0,27.0,28.0,36.0
30.0,24.0,17.0,21.0,23.0,21.0,20.0,21.0,22.0,21.0,23.0,29.0,26.0,19.0,26.0,20.0,25.0,24.0,27.0,19.0,20.0,15.0,21.0,25.0,27.0,15.0,24.0,22.0,16.0,23.0,14.0,23.0,21.0,22.0,17.0,29.0,23.0,24.0,17.0,16.0,22.0,21.0,20.0,34.0,25.0,14.0,23.0,26.0,20.0,24.0
40.0,22.0,43.0,32.0,35.0,42.0,24.0,30.0,44.0,34.0,38.0,35.0,16.0,36.0,34.0,37.0,32.0,26.0,38.0,43.0,31.0,32.0,41.0,26.0,21.0,33.0,41.0,31.0,35.0,28.0,30.0,30.0,29.0,29.0,34.0,29.0,30.0,27.0,28.0,39.0,37.0,25.0,33.0,31.0,23.0,35.0,26.0,46.0,35.0,32.0
44.0,35.0,38.0,38.0,42.0,31.0,43.0,42.0,41.0,42.0,32.0,48.0,37.0,32.0,25.0,37.0,37.0,23.0,26.0,44.0,41.0,45.0,31.0,48.0,35.0,36.0,33.0,24.0,41.0,34.0,37.0,33.0,33.0,45.0,39.0,39.0,38.0,28.0,44.0,38.0,28.0,33.0,34.0,44.0,45.0,51.0,40.0,42.0,29.0,37.0
35.0,32.0,36.0,35.0,35.0,28.0,26.0,46.0,37.0,38.0,36.0,26.0,28.0,33.0,32.0,37.0,28.0,30.0,38.0,21.0,31.0,26.0,28.0,38.0,27.0,29.0,36.0,27.0,32.0,42.0,43.0,43.0,32.0,39.0,30.0,36.0,36.0,44.0,35.0,33.0,50.0,31.0,30.0,36.0,34.0,49.0,42.0,23.0,27.0,30.0
31.0,33.0,33.0,32.0,27.0,27.0,21.0,30.0,24.0,27.0,27.0,29.0,24.0,20.0,36.0,19.0,18.0,35.0,30.0,32.0,27.0,27.0,21.0,27.0,25.0,29.0,28.0,35.0,17.0,20.0,29.0,24.0,29.0,28.0,31.0,27.0,22.0,25.0,27.0,26.0,26.0,34.0,23.0,22.0,30.0,20.0,38.0,30.0,27.0,26.0
19.0,31.0,22.0,23.0,20.0,19.0,14.0,38.0,26.0,37.0,31.0,19.0,22.0,28.0,17.0,26.0,18.0,29.0,16.0,30.0,28.0,27.0,26.0,17.0,29.0,19.0,27.0,27.0,29.0,25.0,21.0,24.0,21.0,24.0,22.0,25.0,26.0,26.0,31.0,18.0,22.0,28.0,31.0,32.0,21.0,34.0,26.0,26.0,20.0,26.0
31.0,22.0,24.0,22.0,24.0,19.0,18.0,25.0,24.0,25.0,21.0,34.0,27.0,28.0,21.0,25.0,27.0,14.0,17.0,19.0,18.0,31.0,19.0,16.0,27.0,26.0,25.0,25.0,27.0,21.0,31.0,16.0,19.0,25.0,18.0,28.0,33.0,18.0,20.0,22.0,22.0,28.0,17.0,25.0,16.0,22.0,23.0,25.0,33.0,21.0
23.0,19.0,24.0,21.0,28.0,22.0,24.0,22.0,27.0,31.0,27.0,26.0,26.0,29.0,24.0,26.0,27.0,20.0,29.0,27.0,33.0,30.0,26.0,26.0,27.0,29.0,24.0,28.0,22.0,30.0,32.0,23.0,26.0,40.0,26.0,23.0,14.0,38.0,13.0,29.0,26.0,29.0,31.0,21.0,22.0,22.0,15.0,21.0,23.0,26.0
23.0,35.0,34.0,40.0,40.0,38.0,35.0,33.0,29.0,32.0,37.0,27.0,31.0,31.0,34.0,29.0,47.0,39.0,32.0,47.0,25.0,31.0,32.0,37.0,37.0,29.0,28.0,31.0,27.0,41.0,30.0,27.0,38.0,26.0,34.0,32.0,29.0,29.0,43.0,37.0,35.0,38.0,20.0,25.0,34.0,33.0,34.0,42.0,30.0,28.0
