10,50,1000
18.147153,17.750579,19.050596,16.085391,16.887544,16.630065,15.768829,19.100473,16.308278,18.912093
9.799799,9.066764,6.098573,8.083046,5.741496,7.538196,6.337703,6.396359,9.34838,9.381271
0.0,10.0,20.0,30.0,40.0,50.0,60.0,70.0,80.0,90.0
10.0,0.0,10.0,20.0,30.0,40.0,50.0,60.0,70.0,80.0
20.0,10.0,0.0,10.0,20.0,30.0,40.0,50.0,60.0,70.0
30.0,20.0,10.0,0.0,10.0,20.0,30.0,40.0,50.0,60.0
40.0,30.0,20.0,10.0,0.0,10.0,20.0,30.0,40.0,50.0
50.0,40.0,30.0,20.0,10.0,0.0,10.0,20.0,30.0,40.0
60.0,50.0,40.0,30.0,20.0,10.0,0.0,10.0,20.0,30.0
70.0,60.0,50.0,40.0,30.0,20.0,10.0,0.0,10.0,20.0
80.0,70.0,60.0,50.0,40.0,30.0,20.0,10.0,0.0,10.0
90.0,80.0,70.0,60.0,50.0,40.0,30.0,20.0,10.0,0.0
450.0,400.0,350.0,300.0,250.0,250.0,300.0,350.0,400.0,450.0
0.0,1.0,2.0,3.0,4.0,5.0,6.0,7.0,8.0,9.0
1.0,0.0,1.0,2.0,3.0,4.0,5.0,6.0,7.0,8.0
2.0,1.0,0.0,1.0,2.0,3.0,4.0,5.0,6.0,7.0
3.0,2.0,1.0,0.0,1.0,2.0,3.0,4.0,5.0,6.0
4.0,3.0,2.0,1.0,0.0,1.0,2.0,3.0,4.0,5.0
5.0,4.0,3.0,2.0,1.0,0.0,1.0,2.0,3.0,4.0
6.0,5.0,4.0,3.0,2.0,1.0,0.0,1.0,2.0,3.0
7.0,6.0,5.0,4.0,3.0,2.0,1.0,0.0,1.0,2.0
8.0,7.0,6.0,5.0,4.0,3.0,2.0,1.0,0.0,1.0
9.0,8.0,7.0,6.0,5.0,4.0,3.0,2.0,1.0,0.0
45.0,40.0,35.0,30.0,25.0,25.0,30.0,35.0,40.0,45.0
30.0,34.0,24.0,37.0,36.0,40.0,36.0,28.0,33.0,30.0,40.0,28.0,45.0,38.0,42.0,45.0,36.0,43.0,32.0,32.0,38.0,31.0,31.0,37.0,34.0,43.0,30.0,28.0,47.0,28.0,44.0,34.0,22.0,35.0,29.0,45.0,30.0,32.0,37.0,37.0,39.0,28.0,24.0,35.0,37.0,31.0,36.0,33.0,35.0,44.0
34.0,39.0,46.0,30.0,42.0,28.0,28.0,39.0,40.0,34.0,36.0,35.0,36.0,37.0,38.0,29.0,22.0,29.0,30.0,25.0,45.0,38.0,28.0,41.0,27.0,35.0,29.0,36.0,28.0,39.0,31.0,31.0,35.0,45.0,31.0,41.0,37.0,43.0,31.0,38.0,29.0,27.0,31.0,35.0,44.0,33.0,28.0,34.0,30.0,25.0
26.0,24.0,38.0,29.0,24.0,29.0,20.0,18.0,18.0,24.0,32.0,23.0,24.0,27.0,21.0,16.0,25.0,24.0,21.0,29.0,28.0,29.0,23.0,28.0,30.0,27.0,25.0,26.0,20.0,30.0,20.0,26.0,18.0,24.0,26.0,25.0,32.0,24.0,18.0,20.0,28.0,27.0,27.0,27.0,26.0,24.0,25.0,34.0,25.0,20.0
36.0,27.0,33.0,37.0,26.0,25.0,29.0,46.0,28.0,26.0,41.0,19.0,30.0,31.0,28.0,24.0,25.0,25.0,30.0,20.0,31.0,29.0,24.0,23.0,32.0,29.0,29.0,34.0,27.0,28.0,32.0,31.0,27.0,31.0,29.0,27.0,18.0,34.0,34.0,32.0,35.0,28.0,28.0,33.0,30.0,33.0,33.0,30.0,23.0,34.0
17.0,21.0,20.0,26.0,31.0,21.0,33.0,24.0,27.0,21.0,27.0,18.0,30.0,29.0,22.0,22.0,22.0,30.0,24.0,21.0,18.0,18.0,19.0,26.0,22.0,22.0,22.0,16.0,29.0,20.0,23.0,29.0,25.0,19.0,28.0,31.0,19.0,25.0,19.0,25.0,17.0,27.0,13.0,23.0,20.0,23.0,19.0,22.0,25.0,15.0
37.0,17.0,34.0,28.0,31.0,29.0,32.0,36.0,32.0,26.0,35.0,32.0,28.0,25.0,30.0,35.0,42.0,27.0,24.0,25.0,31.0,39.0,41.0,24.0,27.0,20.0,33.0,36.0,25.0,37.0,27.0,37.0,38.0,25.0,36.0,20.0,37.0,24.0,30.0,25.0,21.0,20.0,28.0,34.0,35.0,28.0,35.0,23.0,31.0,26.0
25.0,23.0,12.0,30.0,16.0,29.0,26.0,30.0,26.0,26.0,16.0,18.0,17.0,26.0,25.0,25.0,26.0,26.0,30.0,34.0,24.0,22.0,19.0,27.0,24.0,25.0,25.0,24.0,29.0,27.0,33.0,26.0,24.0,31.0,19.0,17.0,30.0,19.0,23.0,21.0,29.0,31.0,31.0,23.0,34.0,23.0,26.0,35.0,18.0,19.0
28.0,22.0,29.0,23.0,25.0,28.0,26.0,21.0,25.0,28.0,28.0,16.0,30.0,25.0,29.0,35.0,21.0,31.0,20.0,29.0,25.0,22.0,34.0,30.0,25.0,27.0,24.0,19.0,30.0,28.0,23.0,20.0,29.0,24.0,18.0,29.0,27.0,20.0,25.0,18.0,25.0,33.0,26.0,35.0,25.0,26.0,35.0,24.0,26.0,28.0
40.0,24.0,39.0,30.0,26.0,28.0,32.0,41.0,31.0,39.0,37.0,37.0,33.0,37.0,38.0,35.0,25.0,33.0,27.0,43.0,39.0,35.0,39.0,32.0,29.0,35.0,27.0,28.0,41.0,45.0,35.0,37.0,33.0,33.0,40.0,33.0,35.0,39.0,46.0,46.0,29.0,37.0,37.0,26.0,37.0,24.0,43.0,39.0,38.0,26.0
43.0,35.0,39.0,34.0,32.0,39.0,29.0,35.0,34.0,46.0,34.0,20.0,35.0,30.0,34.0,38.0,40.0,33.0,31.0,33.0,25.0,30.0,47.0,29.0,41.0,33.0,34.0,42.0,34.0,31.0,45.0,30.0,36.0,39.0,34.0,34.0,32.0,36.0,31.0,35.0,31.0,39.0,31.0,40.0,29.0,38.0,36.0,35.0,40.0,47.0
