10,50,1000
15.721974,18.609776,16.00627,16.215934,15.609819,19.399408,16.34175,19.672205,18.953438,17.946642
6.375278,5.046367,5.611053,5.497521,6.871615,5.050529,6.962807,7.297523,9.663064,5.003386
0.0,10.0,20.0,30.0,40.0,50.0,60.0,70.0,80.0,90.0
10.0,0.0,10.0,20.0,30.0,40.0,50.0,60.0,70.0,80.0
20.0,10.0,0.0,10.0,20.0,30.0,40.0,50.0,60.0,70.0
30.0,20.0,10.0,0.0,10.0,20.0,30.0,40.0,50.0,60.0
40.0,30.0,20.0,10.0,0.0,10.0,20.0,30.0,40.0,50.0
50.0,40.0,30.0,20.0,10.0,0.0,10.0,20.0,30.0,40.0
60.0,50.0,40.0,30.0,20.0,10.0,0.0,10.0,20.0,30.0
70.0,60.0,50.0,40.0,30.0,20.0,10.0,0.0,10.0,20.0
80.0,70.0,60.0,50.0,40.0,30.0,20.0,10.0,0.0,10.0
90.0,80.0,70.0,60.0,50.0,40.0,30.0,20.0,10.0,0.0
450.0,400.0,350.0,300.0,250.0,250.0,300.0,350.0,400.0,450.0
0.0,1.0,2.0,3.0,4.0,5.0,6.0,7.0,8.0,9.0
1.0,0.0,1.0,2.0,3.0,4.0,5.0,6.0,7.0,8.0
2.0,1.0,0.0,1.0,2.0,3.0,4.0,5.0,6.0,7.0
3.0,2.0,1.0,0.0,1.0,2.0,3.0,4.0,5.0,6.0
4.0,3.0,2.0,1.0,0.0,1.0,2.0,3.0,4.0,5.0
5.0,4.0,3.0,2.0,1.0,0.0,1.0,2.0,3.0,4.0
6.0,5.0,4.0,3.0,2.0,1.0,0.0,1.0,2.0,3.0
7.0,6.0,5.0,4.0,3.0,2.0,1.0,0.0,1.0,2.0
8.0,7.0,6.0,5.0,4.0,3.0,2.0,1.0,0.0,1.0
9.0,8.0,7.0,6.0,5.0,4.0,3.0,2.0,1.0,0.0
45.0,40.0,35.0,30.0,25.0,25.0,30.0,35.0,40.0,45.0
23.0,18.0,31.0,24.0,29.0,32.0,30.0,23.0,30.0,27.0,24.0,23.0,19.0,32.0,19.0,14.0,19.0,25.0,25.0,21.0,31.0,17.0,30.0,20.0,29.0,28.0,20.0,24.0,23.0,20.0,30.0,31.0,22.0,22.0,26.0,34.0,22.0,24.0,24.0,24.0,29.0,21.0,27.0,30.0,29.0,28.0,17.0,19.0,35.0,19.0
25.0,23.0,20.0,21.0,26.0,27.0,22.0,15.0,22.0,21.0,20.0,24.0,23.0,25.0,16.0,24.0,17.0,22.0,15.0,14.0,13.0,18.0,17.0,17.0,23.0,17.0,19.0,25.0,20.0,28.0,31.0,26.0,15.0,22.0,13.0,16.0,23.0,18.0,24.0,29.0,23.0,26.0,29.0,22.0,16.0,33.0,22.0,26.0,21.0,28.0
30.0,29.0,19.0,22.0,29.0,17.0,25.0,22.0,22.0,19.0,20.0,21.0,25.0,23.0,14.0,17.0,24.0,19.0,18.0,19.0,19.0,16.0,14.0,17.0,27.0,26.0,17.0,19.0,18.0,32.0,28.0,20.0,23.0,24.0,24.0,23.0,21.0,27.0,27.0,21.0,23.0,29.0,28.0,20.0,17.0,20.0,19.0,24.0,24.0,19.0
28.0,20.0,17.0,26.0,24.0,21.0,17.0,23.0,21.0,26.0,24.0,26.0,17.0,18.0,27.0,21.0,19.0,26.0,32.0,18.0,20.0,24.0,17.0,26.0,18.0,25.0,18.0,21.0,26.0,17.0,19.0,19.0,18.0,17.0,18.0,19.0,14.0,21.0,18.0,20.0,25.0,15.0,14.0,22.0,18.0,21.0,20.0,20.0,27.0,24.0
34.0,20.0,37.0,23.0,39.0,20.0,27.0,19.0,22.0,39.0,24.0,21.0,26.0,31.0,23.0,29.0,28.0,28.0,31.0,22.0,20.0,25.0,33.0,29.0,28.0,30.0,20.0,27.0,29.0,30.0,27.0,23.0,23.0,20.0,28.0,30.0,26.0,24.0,31.0,22.0,33.0,27.0,28.0,20.0,20.0,16.0,24.0,26.0,26.0,25.0
20.0,17.0,23.0,25.0,17.0,19.0,24.0,16.0,19.0,17.0,26.0,29.0,22.0,19.0,14.0,22.0,24.0,25.0,23.0,22.0,25.0,24.0,17.0,23.0,32.0,27.0,22.0,17.0,25.0,18.0,22.0,17.0,19.0,25.0,23.0,20.0,24.0,27.0,17.0,14.0,24.0,23.0,12.0,25.0,19.0,26.0,32.0,19.0,21.0,23.0
23.0,24.0,34.0,32.0,19.0,29.0,34.0,19.0,31.0,31.0,29.0,32.0,22.0,29.0,26.0,29.0,21.0,22.0,32.0,26.0,23.0,25.0,25.0,32.0,23.0,26.0,18.0,23.0,32.0,33.0,30.0,29.0,28.0,27.0,16.0,19.0,28.0,17.0,31.0,35.0,35.0,26.0,31.0,30.0,28.0,19.0,20.0,30.0,31.0,34.0
32.0,26.0,29.0,32.0,26.0,28.0,30.0,31.0,36.0,13.0,21.0,33.0,31.0,21.0,24.0,33.0,38.0,37.0,34.0,28.0,24.0,22.0,39.0,30.0,27.0,39.0,19.0,31.0,31.0,31.0,29.0,20.0,30.0,27.0,33.0,27.0,25.0,24.0,13.0,22.0,28.0,39.0,25.0,26.0,31.0,30.0,38.0,32.0,20.0,37.0
35.0,36.0,29.0,38.0,44.0,44.0,37.0,42.0,31.0,38.0,35.0,31.0,37.0,35.0,46.0,40.0,42.0,26.0,26.0,37.0,50.0,32.0,36.0,44.0,28.0,38.0,32.0,39.0,29.0,38.0,36.0,33.0,30.0,43.0,35.0,31.0,38.0,31.0,32.0,45.0,36.0,33.0,37.0,46.0,49.0,21.0,41.0,38.0,38.0,26.0
21.0,26.0,17.0,27.0,27.0,16.0,25.0,16.0,28.0,29.0,21.0,24.0,24.0,18.0,20.0,22.0,13.0,24.0,29.0,12.0,25.0,20.0,22.0,18.0,20.0,22.0,21.0,22.0,25.0,16.0,23.0,28.0,23.0,17.0,23.0,17.0,20.0,30.0,16.0,25.0,17.0,22.0,23.0,28.0,17.0,23.0,16.0,20.0,19.0,19.0
