10,50,1000
17.442955,17.752258,18.012349,18.842474,15.314243,16.590685,16.255978,15.481357,17.319669,15.386547
8.52171,7.814384,6.782148,7.300505,6.099866,9.577888,6.945847,5.891793,8.895373,6.168408
0.0,10.0,20.0,30.0,40.0,50.0,60.0,70.0,80.0,90.0
10.0,0.0,10.0,20.0,30.0,40.0,50.0,60.0,70.0,80.0
20.0,10.0,0.0,10.0,20.0,30.0,40.0,50.0,60.0,70.0
30.0,20.0,10.0,0.0,10.0,20.0,30.0,40.0,50.0,60.0
40.0,30.0,20.0,10.0,0.0,10.0,20.0,30.0,40.0,50.0
50.0,40.0,30.0,20.0,10.0,0.0,10.0,20.0,30.0,40.0
60.0,50.0,40.0,30.0,20.0,10.0,0.0,10.0,20.0,30.0
70.0,60.0,50.0,40.0,30.0,20.0,10.0,0.0,10.0,20.0
80.0,70.0,60.0,50.0,40.0,30.0,20.0,10.0,0.0,10.0
90.0,80.0,70.0,60.0,50.0,40.0,30.0,20.0,10.0,0.0
450.0,400.0,350.0,300.0,250.0,250.0,300.0,350.0,400.0,450.0
0.0,1.0,2.0,3.0,4.0,5.0,6.0,7.0,8.0,9.0
1.0,0.0,1.0,2.0,3.0,4.0,5.0,6.0,7.0,8.0
2.0,1.0,0.0,1.0,2.0,3.0,4.0,5.0,6.0,7.0
3.0,2.0,1.0,0.0,1.0,2.0,3.0,4.0,5.0,6.0
4.0,3.0,2.0,1.0,0.0,1.0,2.0,3.0,4.0,5.0
5.0,4.0,3.0,2.0,1.0,0.0,1.0,2.0,3.0,4.0
6.0,5.0,4.0,3.0,2.0,1.0,0.0,1.0,2.0,3.0
7.0,6.0,5.0,4.0,3.0,2.0,1.0,0.0,1.0,2.0
8.0,7.0,6.0,5.0,4.0,3.0,2.0,1.0,0.0,1.0
9.0,8.0,7.0,6.0,5.0,4.0,3.0,2.0,1.0,0.0
45.0,40.0,35.0,30.0,25.0,25.0,30.0,35.0,40.0,45.0
35.0,28.0,37.0,32.0,27.0,35.0,30.0,33.0,29.0,30.0,33.0,32.0,38.0,36.0,34.0,24.0,36.0,29.0,42.0,33.0,38.0,35.0,29.0,24.0,24.0,32.0,31.0,41.0,32.0,29.0,30.0,23.0,31.0,30.0,31.0,37.0,28.0,30.0,30.0,29.0,31.0,33.0,38.0,28.0,34.0,26.0,28.0,32.0,31.0,34.0
29.0,21.0,37.0,29.0,27.0,27.0,35.0,41.0,25.0,40.0,33.0,29.0,36.0,28.0,30.0,36.0,31.0,30.0,32.0,27.0,36.0,35.0,31.0,32.0,27.0,19.0,32.0,35.0,33.0,24.0,30.0,24.0,38.0,28.0,37.0,39.0,25.0,21.0,34.0,29.0,22.0,29.0,34.0,29.0,30.0,40.0,33.0,27.0,19.0,24.0
29.0,29.0,23.0,26.0,29.0,20.0,33.0,36.0,31.0,23.0,28.0,21.0,32.0,32.0,29.0,25.0,28.0,29.0,33.0,21.0,29.0,30.0,35.0,27.0,17.0,25.0,36.0,33.0,27.0,25.0,25.0,24.0,31.0,23.0,31.0,32.0,35.0,20.0,20.0,35.0,24.0,29.0,35.0,27.0,33.0,31.0,28.0,29.0,28.0,31.0
27.0,32.0,21.0,27.0,36.0,25.0,35.0,30.0,31.0,35.0,25.0,40.0,19.0,32.0,26.0,21.0,25.0,40.0,32.0,36.0,32.0,27.0,31.0,28.0,31.0,26.0,31.0,35.0,38.0,27.0,26.0,35.0,27.0,31.0,23.0,34.0,23.0,30.0,26.0,30.0,28.0,24.0,34.0,30.0,24.0,31.0,37.0,31.0,23.0,27.0
19.0,20.0,22.0,31.0,25.0,24.0,25.0,23.0,23.0,28.0,27.0,25.0,19.0,25.0,35.0,25.0,28.0,18.0,25.0,25.0,16.0,27.0,27.0,20.0,31.0,26.0,20.0,26.0,22.0,20.0,31.0,23.0,20.0,23.0,24.0,25.0,27.0,20.0,14.0,27.0,30.0,38.0,28.0,30.0,20.0,25.0,25.0,21.0,17.0,18.0
49.0,35.0,45.0,31.0,34.0,52.0,50.0,32.0,35.0,41.0,24.0,22.0,27.0,50.0,32.0,32.0,39.0,32.0,35.0,33.0,37.0,33.0,31.0,34.0,40.0,41.0,26.0,28.0,32.0,35.0,40.0,35.0,42.0,29.0,35.0,36.0,26.0,40.0,39.0,48.0,33.0,37.0,28.0,39.0,34.0,33.0,35.0,48.0,26.0,36.0
32.0,20.0,29.0,27.0,34.0,23.0,28.0,16.0,23.0,29.0,31.0,21.0,30.0,29.0,36.0,31.0,23.0,27.0,26.0,38.0,22.0,21.0,26.0,23.0,24.0,14.0,22.0,17.0,31.0,35.0,35.0,18.0,19.0,18.0,29.0,22.0,35.0,30.0,29.0,33.0,28.0,28.0,26.0,28.0,29.0,26.0,19.0,28.0,37.0,26.0
33.0,20.0,20.0,29.0,22.0,16.0,21.0,24.0,22.0,18.0,24.0,20.0,26.0,20.0,25.0,20.0,19.0,19.0,25.0,23.0,26.0,18.0,21.0,21.0,21.0,19.0,26.0,19.0,25.0,19.0,25.0,33.0,28.0,23.0,24.0,21.0,19.0,24.0,15.0,25.0,29.0,19.0,26.0,24.0,25.0,24.0,29.0,19.0,30.0,20.0
33.0,23.0,39.0,41.0,35.0,39.0,39.0,29.0,34.0,35.0,31.0,32.0,39.0,48.0,40.0,35.0,36.0,35.0,34.0,43.0,22.0,26.0,31.0,25.0,30.0,36.0,28.0,37.0,31.0,26.0,36.0,37.0,33.0,40.0,42.0,22.0,31.0,38.0,33.0,31.0,31.0,27.0,26.0,29.0,25.0,30.0,30.0,28.0,28.0,26.0
18.0,27.0,32.0,26.0,24.0,15.0,17.0,23.0,22.0,26.0,24.0,23.0,22.0,19.0,25.0,40.0,24.0,18.0,14.0,33.0,23.0,23.0,29.0,24.0,29.0,25.0,28.0,33.0,26.0,19.0,22.0,22.0,27.0,32.0,25.0,30.0,30.0,31.0,29.0,21.0,18.0,15.0,19.0,20.0,22.0,22.0,23.0,22.0,20.0,18.0
