10,50,1000
19.234399,16.337149,15.056788,17.569386,15.752902,17.457302,15.0401,18.30802,19.411803,16.954361
9.841293,5.875884,9.195861,7.528464,8.849413,9.270326,6.173727,7.43902,5.342718,6.39105
0.0,10.0,20.0,30.0,40.0,50.0,60.0,70.0,80.0,90.0
10.0,0.0,10.0,20.0,30.0,40.0,50.0,60.0,70.0,80.0
20.0,10.0,0.0,10.0,20.0,30.0,40.0,50.0,60.0,70.0
30.0,20.0,10.0,0.0,10.0,20.0,30.0,40.0,50.0,60.0
40.0,30.0,20.0,10.0,0.0,10.0,20.0,30.0,40.0,50.0
50.0,40.0,30.0,20.0,10.0,0.0,10.0,20.0,30.0,40.0
60.0,50.0,40.0,30.0,20.0,10.0,0.0,10.0,20.0,30.0
70.0,60.0,50.0,40.0,30.0,20.0,10.0,0.0,10.0,20.0
80.0,70.0,60.0,50.0,40.0,30.0,20.0,10.0,0.0,10.0
90.0,80.0,70.0,60.0,50.0,40.0,30.0,20.0,10.0,0.0
450.0,400.0,350.0,300.0,250.0,250.0,300.0,350.0,400.0,450.0
0.0,1.0,2.0,3.0,4.0,5.0,6.0,7.0,8.0,9.0
1.0,0.0,1.0,2.0,3.0,4.0,5.0,6.0,7.0,8.0
2.0,1.0,0.0,1.0,2.0,3.0,4.0,5.0,6.0,7.0
3.0,2.0,1.0,0.0,1.0,2.0,3.0,4.0,5.0,6.0
4.0,3.0,2.0,1.0,0.0,1.0,2.0,3.0,4.0,5.0
5.0,4.0,3.0,2.0,1.0,0.0,1.0,2.0,3.0,4.0
6.0,5.0,4.0,3.0,2.0,1.0,0.0,1.0,2.0,3.0
7.0,6.0,5.0,4.0,3.0,2.0,1.0,0.0,1.0,2.0
8.0,7.0,6.0,5.0,4.0,3.0,2.0,1.0,0.0,1.0
9.0,8.0,7.0,6.0,5.0,4.0,3.0,2.0,1.0,0.0
45.0,40.0,35.0,30.0,25.0,25.0,30.0,35.0,40.0,45.0
42.0,30.0,38.0,36.0,41.0,38.0,43.0,37.0,47.0,38.0,30.0,29.0,34.0,38.0,36.0,30.0,35.0,29.0,38.0,39.0,42.0,33.0,32.0,42.0,30.0,35.0,33.0,39.0,41.0,42.0,41.0,40.0,30.0,39.0,57.0,38.0,31.0,27.0,21.0,33.0,36.0,38.0,47.0,40.0,33.0,50.0,43.0,34.0,31.0,21.0
27.0,30.0,18.0,29.0,23.0,32.0,12.0,20.0,27.0,24.0,23.0,20.0,22.0,23.0,23.0,20.0,18.0,20.0,18.0,22.0,31.0,20.0,20.0,27.0,27.0,22.0,28.0,27.0,29.0,23.0,21.0,22.0,21.0,20.0,22.0,22.0,24.0,23.0,19.0,26.0,23.0,31.0,22.0,24.0,25.0,19.0,14.0,24.0,21.0,20.0
36.0,35.0,29.0,25.0,24.0,35.0,37.0,32.0,39.0,24.0,34.0,34.0,32.0,35.0,35.0,35.0,33.0,25.0,37.0,41.0,34.0,40.0,49.0,34.0,30.0,40.0,36.0,37.0,25.0,34.0,30.0,37.0,30.0,28.0,31.0,34.0,33.0,30.0,37.0,31.0,39.0,33.0,39.0,36.0,28.0,32.0,33.0,39.0,40.0,32.0
34.0,28.0,25.0,30.0,32.0,31.0,35.0,23.0,27.0,28.0,23.0,22.0,37.0,32.0,28.0,34.0,24.0,39.0,34.0,37.0,33.0,31.0,47.0,23.0,28.0,27.0,36.0,21.0,28.0,22.0,35.0,25.0,32.0,31.0,39.0,27.0,30.0,30.0,33.0,27.0,30.0,23.0,27.0,30.0,23.0,35.0,28.0,32.0,25.0,31.0
34.0,27.0,35.0,33.0,33.0,35.0,33.0,31.0,33.0,34.0,37.0,30.0,27.0,38.0,34.0,35.0,37.0,34.0,37.0,36.0,25.0,29.0,33.0,30.0,26.0,27.0,24.0,30.0,27.0,32.0,41.0,42.0,27.0,31.0,31.0,30.0,35.0,38.0,24.0,45.0,25.0,23.0,33.0,27.0,24.0,38.0,32.0,33.0,37.0,36.0
37.0,38.0,32.0,32.0,23.0,38.0,25.0,31.0,36.0,41.0,41.0,41.0,30.0,30.0,31.0,37.0,25.0,42.0,38.0,28.0,25.0,40.0,24.0,38.0,23.0,30.0,34.0,31.0,34.0,16.0,39.0,18.0,38.0,30.0,36.0,36.0,25.0,29.0,45.0,44.0,28.0,23.0,42.0,27.0,43.0,32.0,32.0,34.0,31.0,39.0
20.0,22.0,22.0,17.0,20.0,23.0,18.0,16.0,24.0,23.0,21.0,16.0,25.0,30.0,30.0,24.0,34.0,14.0,26.0,23.0,29.0,15.0,12.0,17.0,27.0,31.0,20.0,26.0,23.0,19.0,28.0,23.0,29.0,26.0,24.0,29.0,17.0,20.0,29.0,27.0,26.0,27.0,18.0,29.0,19.0,22.0,28.0,20.0,13.0,25.0
34.0,28.0,29.0,28.0,33.0,22.0,29.0,22.0,25.0,26.0,24.0,27.0,32.0,37.0,35.0,27.0,23.0,32.0,26.0,24.0,32.0,33.0,36.0,27.0,18.0,33.0,33.0,20.0,32.0,30.0,30.0,30.0,26.0,22.0,29.0,28.0,26.0,24.0,35.0,17.0,38.0,34.0,31.0,28.0,30.0,35.0,34.0,28.0,21.0,28.0
14.0,25.0,23.0,11.0,26.0,19.0,23.0,25.0,22.0,19.0,24.0,15.0,24.0,20.0,24.0,28.0,27.0,35.0,17.0,15.0,20.0,21.0,22.0,17.0,24.0,22.0,22.0,28.0,24.0,20.0,16.0,22.0,24.0,27.0,24.0,24.0,23.0,18.0,27.0,26.0,27.0,24.0,30.0,16.0,25.0,29.0,13.0,21.0,29.0,24.0
21.0,30.0,28.0,31.0,19.0,26.0,21.0,26.0,19.0,22.0,24.0,30.0,24.0,27.0,21.0,32.0,21.0,28.0,25.0,22.0,23.0,34.0,31.0,17.0,24.0,29.0,29.0,27.0,23.0,26.0,32.0,32.0,28.0,37.0,31.0,23.0,26.0,30.0,24.0,20.0,31.0,32.0,24.0,25.0,30.0,25.0,24.0,24.0,26.0,25.0
