10,50,1000
17.982745,15.11745,17.126077,16.103195,19.789989,17.796003,18.640343,17.617087,18.184322,15.876425
9.647848,9.945086,8.60299,6.17871,9.150393,9.340368,6.217068,9.940168,9.549208,5.892368
0.0,10.0,20.0,30.0,40.0,50.0,60.0,70.0,80.0,90.0
10.0,0.0,10.0,20.0,30.0,40.0,50.0,60.0,70.0,80.0
20.0,10.0,0.0,10.0,20.0,30.0,40.0,50.0,60.0,70.0
30.0,20.0,10.0,0.0,10.0,20.0,30.0,40.0,50.0,60.0
40.0,30.0,20.0,10.0,0.0,10.0,20.0,30.0,40.0,50.0
50.0,40.0,30.0,20.0,10.0,0.0,10.0,20.0,30.0,40.0
60.0,50.0,40.0,30.0,20.0,10.0,0.0,10.0,20.0,30.0
70.0,60.0,50.0,40.0,30.0,20.0,10.0,0.0,10.0,20.0
80.0,70.0,60.0,50.0,40.0,30.0,20.0,10.0,0.0,10.0
90.0,80.0,70.0,60.0,50.0,40.0,30.0,20.0,10.0,0.0
450.0,400.0,350.0,300.0,250.0,250.0,300.0,350.0,400.0,450.0
0.0,1.0,2.0,3.0,4.0,5.0,6.0,7.0,8.0,9.0
1.0,0.0,1.0,2.0,3.0,4.0,5.0,6.0,7.0,8.0
2.0,1.0,0.0,1.0,2.0,3.0,4.0,5.0,6.0,7.0
3.0,2.0,1.0,0.0,1.0,2.0,3.0,4.0,5.0,6.0
4.0,3.0,2.0,1.0,0.0,1.0,2.0,3.0,4.0,5.0
5.0,4.0,3.0,2.0,1.0,0.0,1.0,2.0,3.0,4.0
6.0,5.0,4.0,3.0,2.0,1.0,0.0,1.0,2.0,3.0
7.0,6.0,5.0,4.0,3.0,2.0,1.0,0.0,1.0,2.0
8.0,7.0,6.0,5.0,4.0,3.0,2.0,1.0,0.0,1.0
9.0,8.0,7.0,6.0,5.0,4.0,3.0,2.0,1.0,0.0
45.0,40.0,35.0,30.0,25.0,25.0,30.0,35.0,40.0,45.0
38.0,37.0,32.0,31.0,42.0,23.0,39.0,31.0,41.0,40.0,38.0,43.0,29.0,31.0,39.0,33.0,40.0,48.0,33.0,32.0,35.0,34.0,44.0,31.0,34.0,26.0,40.0,30.0,45.0,34.0,43.0,37.0,30.0,33.0,31.0,39.0,34.0,32.0,37.0,27.0,43.0,41.0,36.0,32.0,41.0,48.0,42.0,31.0,32.0,46.0
46.0,38.0,37.0,42.0,47.0,33.0,45.0,34.0,32.0,29.0,29.0,32.0,26.0,29.0,36.0,37.0,38.0,46.0,35.0,47.0,35.0,41.0,33.0,24.0,36.0,39.0,37.0,34.0,30.0,38.0,35.0,38.0,38.0,32.0,39.0,35.0,42.0,41.0,32.0,36.0,37.0,37.0,37.0,42.0,34.0,33.0,32.0,40.0,44.0,39.0
31.0,37.0,33.0,34.0,33.0,44.0,32.0,27.0,29.0,24.0,34.0,31.0,36.0,28.0,29.0,40.0,29.0,30.0,40.0,32.0,36.0,27.0,31.0,36.0,29.0,35.0,33.0,22.0,28.0,47.0,31.0,31.0,38.0,28.0,34.0,35.0,32.0,30.0,26.0,28.0,31.0,35.0,27.0,40.0,27.0,32.0,43.0,35.0,38.0,30.0
19.0,24.0,35.0,38.0,17.0,27.0,19.0,13.0,28.0,19.0,26.0,16.0,32.0,21.0,25.0,28.0,18.0,17.0,28.0,15.0,15.0,21.0,22.0,20.0,19.0,33.0,22.0,18.0,20.0,25.0,19.0,28.0,20.0,26.0,25.0,27.0,29.0,22.0,27.0,17.0,24.0,30.0,22.0,26.0,20.0,30.0,22.0,24.0,18.0,19.0
30.0,37.0,30.0,38.0,29.0,35.0,46.0,27.0,30.0,33.0,41.0,43.0,40.0,36.0,34.0,32.0,32.0,29.0,28.0,41.0,46.0,32.0,39.0,39.0,34.0,36.0,32.0,38.0,33.0,42.0,27.0,27.0,28.0,31.0,29.0,42.0,35.0,44.0,49.0,45.0,31.0,35.0,31.0,44.0,33.0,35.0,46.0,42.0,29.0,30.0
39.0,35.0,48.0,37.0,26.0,34.0,42.0,28.0,25.0,37.0,34.0,39.0,34.0,42.0,43.0,41.0,30.0,35.0,31.0,29.0,49.0,36.0,37.0,30.0,35.0,42.0,37.0,43.0,42.0,37.0,43.0,34.0,41.0,37.0,40.0,27.0,40.0,29.0,47.0,30.0,36.0,31.0,40.0,29.0,35.0,41.0,32.0,34.0,41.0,35.0
26.0,30.0,21.0,28.0,26.0,30.0,26.0,24.0,27.0,20.0,18.0,28.0,24.0,23.0,27.0,20.0,18.0,21.0,37.0,27.0,23.0,27.0,27.0,19.0,30.0,26.0,29.0,31.0,24.0,34.0,34.0,38.0,34.0,22.0,26.0,29.0,30.0,15.0,22.0,32.0,26.0,15.0,26.0,27.0,28.0,34.0,27.0,21.0,28.0,14.0
37.0,44.0,42.0,41.0,27.0,25.0,36.0,30.0,24.0,45.0,35.0,35.0,39.0,28.0,38.0,31.0,34.0,30.0,32.0,35.0,38.0,35.0,48.0,24.0,33.0,46.0,32.0,39.0,43.0,37.0,37.0,38.0,21.0,33.0,38.0,31.0,39.0,34.0,31.0,46.0,42.0,33.0,30.0,42.0,32.0,31.0,36.0,32.0,48.0,32.0
39.0,26.0,50.0,23.0,46.0,28.0,31.0,37.0,48.0,30.0,44.0,27.0,31.0,28.0,35.0,30.0,30.0,35.0,31.0,32.0,31.0,33.0,41.0,32.0,35.0,29.0,43.0,32.0,39.0,29.0,44.0,30.0,24.0,36.0,47.0,44.0,40.0,48.0,38.0,42.0,29.0,31.0,33.0,35.0,38.0,27.0,47.0,28.0,38.0,37.0
17.0,28.0,22.0,27.0,25.0,16.0,24.0,31.0,21.0,25.0,23.0,24.0,21.0,25.0,24.0,22.0,28.0,23.0,20.0,24.0,20.0,23.0,19.0,30.0,27.0,22.0,18.0,25.0,21.0,22.0,24.0,25.0,32.0,25.0,19.0,27.0,28.0,21.0,23.0,19.0,11.0,31.0,18.0,36.0,23.0,27.0,27.0,28.0,33.0,12.0
