10,50,1000
18.944928,16.319686,19.286371,18.446284,18.761294,17.997291,15.508235,15.075387,15.215703,17.180084
6.31498,9.576687,8.903253,7.881767,9.068822,5.527828,7.435961,5.056927,5.105446,5.863851
0.0,10.0,20.0,30.0,40.0,50.0,60.0,70.0,80.0,90.0
10.0,0.0,10.0,20.0,30.0,40.0,50.0,60.0,70.0,80.0
20.0,10.0,0.0,10.0,20.0,30.0,40.0,50.0,60.0,70.0
30.0,20.0,10.0,0.0,10.0,20.0,30.0,40.0,50.0,60.0
40.0,30.0,20.0,10.0,0.0,10.0,20.0,30.0,40.0,50.0
50.0,40.0,30.0,20.0,10.0,0.0,10.0,20.0,30.0,40.0
60.0,50.0,40.0,30.0,20.0,10.0,0.0,10.0,20.0,30.0
70.0,60.0,50.0,40.0,30.0,20.0,10.0,0.0,10.0,20.0
80.0,70.0,60.0,50.0,40.0,30.0,20.0,10.0,0.0,10.0
90.0,80.0,70.0,60.0,50.0,40.0,30.0,20.0,10.0,0.0
450.0,400.0,350.0,300.0,250.0,250.0,300.0,350.0,400.0,450.0
0.0,1.0,2.0,3.0,4.0,5.0,6.0,7.0,8.0,9.0
1.0,0.0,1.0,2.0,3.0,4.0,5.0,6.0,7.0,8.0
2.0,1.0,0.0,1.0,2.0,3.0,4.0,5.0,6.0,7.0
3.0,2.0,1.0,0.0,1.0,2.0,3.0,4.0,5.0,6.0
4.0,3.0,2.0,1.0,0.0,1.0,2.0,3.0,4.0,5.0
5.0,4.0,3.0,2.0,1.0,0.0,1.0,2.0,3.0,4.0
6.0,5.0,4.0,3.0,2.0,1.0,0.0,1.0,2.0,3.0
7.0,6.0,5.0,4.0,3.0,2.0,1.0,0.0,1.0,2.0
8.0,7.0,6.0,5.0,4.0,3.0,2.0,1.0,0.0,1.0
9.0,8.0,7.0,6.0,5.0,4.0,3.0,2.0,1.0,0.0
45.0,40.0,35.0,30.0,25.0,25.0,30.0,35.0,40.0,45.0
27.0,18.0,24.0,27.0,29.0,29.0,23.0,29.0,27.0,27.0,31.0,25.0,22.0,26.0,23.0,30.0,19.0,25.0,24.0,24.0,24.0,24.0,23.0,28.0,26.0,23.0,21.0,21.0,23.0,30.0,29.0,26.0,23.0,20.0,22.0,24.0,31.0,26.0,26.0,22.0,20.0,23.0,20.0,29.0,18.0,23.0,28.0,33.0,20.0,19.0
30.0,30.0,52.0,27.0,31.0,35.0,38.0,36.0,35.0,42.0,32.0,25.0,40.0,39.0,34.0,36.0,35.0,25.0,37.0,35.0,39.0,39.0,32.0,36.0,33.0,39.0,46.0,29.0,39.0,40.0,31.0,40.0,26.0,37.0,35.0,32.0,37.0,26.0,33.0,33.0,44.0,40.0,37.0,34.0,39.0,36.0,38.0,41.0,34.0,36.0
43.0,33.0,34.0,33.0,38.0,36.0,34.0,41.0,35.0,43.0,33.0,47.0,30.0,35.0,47.0,33.0,35.0,34.0,36.0,46.0,35.0,46.0,30.0,39.0,24.0,36.0,42.0,30.0,44.0,35.0,28.0,34.0,31.0,35.0,32.0,33.0,34.0,33.0,32.0,41.0,29.0,42.0,34.0,34.0,31.0,33.0,35.0,26.0,28.0,31.0
23.0,24.0,26.0,29.0,34.0,27.0,23.0,38.0,33.0,27.0,33.0,39.0,29.0,38.0,31.0,35.0,34.0,28.0,23.0,29.0,30.0,38.0,38.0,37.0,27.0,29.0,24.0,31.0,31.0,25.0,37.0,24.0,27.0,23.0,43.0,31.0,32.0,24.0,34.0,30.0,34.0,26.0,33.0,38.0,26.0,22.0,30.0,25.0,26.0,24.0
42.0,39.0,37.0,19.0,36.0,35.0,35.0,37.0,39.0,38.0,33.0,49.0,34.0,41.0,33.0,31.0,33.0,29.0,27.0,27.0,34.0,29.0,33.0,43.0,37.0,29.0,31.0,33.0,37.0,37.0,39.0,39.0,32.0,44.0,33.0,34.0,28.0,32.0,29.0,37.0,34.0,22.0,40.0,25.0,47.0,35.0,32.0,36.0,31.0,33.0
23.0,27.0,22.0,16.0,27.0,28.0,21.0,23.0,19.0,25.0,17.0,27.0,21.0,23.0,23.0,19.0,21.0,24.0,26.0,30.0,29.0,21.0,22.0,25.0,18.0,22.0,23.0,14.0,24.0,19.0,31.0,22.0,21.0,19.0,36.0,16.0,15.0,17.0,22.0,25.0,19.0,26.0,21.0,22.0,25.0,24.0,27.0,22.0,24.0,21.0
30.0,35.0,22.0,30.0,32.0,27.0,21.0,36.0,26.0,31.0,34.0,30.0,27.0,27.0,34.0,16.0,23.0,27.0,23.0,32.0,27.0,27.0,25.0,32.0,21.0,26.0,22.0,24.0,26.0,33.0,27.0,25.0,32.0,29.0,31.0,26.0,31.0,32.0,24.0,20.0,24.0,21.0,21.0,27.0,23.0,30.0,25.0,29.0,27.0,25.0
14.0,15.0,20.0,30.0,24.0,17.0,14.0,21.0,18.0,24.0,24.0,20.0,15.0,15.0,22.0,17.0,20.0,22.0,18.0,18.0,24.0,20.0,19.0,14.0,21.0,11.0,20.0,24.0,18.0,16.0,19.0,28.0,29.0,15.0,15.0,14.0,22.0,14.0,26.0,27.0,28.0,24.0,17.0,24.0,19.0,22.0,16.0,26.0,24.0,15.0
22.0,28.0,29.0,17.0,21.0,18.0,19.0,27.0,17.0,17.0,21.0,24.0,22.0,19.0,19.0,22.0,18.0,16.0,9.0,19.0,14.0,18.0,16.0,16.0,18.0,20.0,7.0,13.0,23.0,14.0,19.0,33.0,17.0,23.0,19.0,25.0,16.0,19.0,22.0,22.0,18.0,18.0,21.0,17.0,30.0,16.0,27.0,27.0,20.0,17.0
26.0,23.0,25.0,28.0,25.0,27.0,25.0,26.0,15.0,25.0,23.0,19.0,24.0,30.0,21.0,17.0,26.0,20.0,24.0,17.0,27.0,31.0,27.0,23.0,31.0,17.0,23.0,26.0,23.0,24.0,19.0,29.0,20.0,26.0,22.0,12.0,16.0,26.0,27.0,25.0,21.0,23.0,19.0,15.0,31.0,25.0,17.0,18.0,24.0,23.0
