10,50,1000
18.543073,17.002861,19.996212,15.719194,18.576028,18.43431,19.364143,17.174835,16.591781,19.366707
5.001961,6.092092,8.298086,6.025445,6.452223,6.692766,5.983747,6.090028,6.985013,7.385696
0.0,10.0,20.0,30.0,40.0,50.0,60.0,70.0,80.0,90.0
10.0,0.0,10.0,20.0,30.0,40.0,50.0,60.0,70.0,80.0
20.0,10.0,0.0,10.0,20.0,30.0,40.0,50.0,60.0,70.0
30.0,20.0,10.0,0.0,10.0,20.0,30.0,40.0,50.0,60.0
40.0,30.0,20.0,10.0,0.0,10.0,20.0,30.0,40.0,50.0
50.0,40.0,30.0,20.0,10.0,0.0,10.0,20.0,30.0,40.0
60.0,50.0,40.0,30.0,20.0,10.0,0.0,10.0,20.0,30.0
70.0,60.0,50.0,40.0,30.0,20.0,10.0,0.0,10.0,20.0
80.0,70.0,60.0,50.0,40.0,30.0,20.0,10.0,0.0,10.0
90.0,80.0,70.0,60.0,50.0,40.0,30.0,20.0,10.0,0.0
450.0,400.0,350.0,300.0,250.0,250.0,300.0,350.0,400.0,450.0
0.0,1.0,2.0,3.0,4.0,5.0,6.0,7.0,8.0,9.0
1.0,0.0,1.0,2.0,3.0,4.0,5.0,6.0,7.0,8.0
2.0,1.0,0.0,1.0,2.0,3.0,4.0,5.0,6.0,7.0
3.0,2.0,1.0,0.0,1.0,2.0,3.0,4.0,5.0,6.0
4.0,3.0,2.0,1.0,0.0,1.0,2.0,3.0,4.0,5.0
5.0,4.0,3.0,2.0,1.0,0.0,1.0,2.0,3.0,4.0
6.0,5.0,4.0,3.0,2.0,1.0,0.0,1.0,2.0,3.0
7.0,6.0,5.0,4.0,3.0,2.0,1.0,0.0,1.0,2.0
8.0,7.0,6.0,5.0,4.0,3.0,2.0,1.0,0.0,1.0
9.0,8.0,7.0,6.0,5.0,4.0,3.0,2.0,1.0,0.0
45.0,40.0,35.0,30.0,25.0,25.0,30.0,35.0,40.0,45.0
29.0,14.0,27.0,24.0,17.0,25.0,19.0,20.0,27.0,22.0,21.0,27.0,18.0,25.0,8.0,23.0,18.0,16.0,12.0,23.0,28.0,22.0,12.0,24.0,16.0,16.0,24.0,19.0,21.0,25.0,21.0,20.0,23.0,22.0,21.0,20.0,23.0,13.0,18.0,26.0,18.0,32.0,27.0,21.0,20.0,24.0,19.0,24.0,24.0,29.0
21.0,14.0,26.0,18.0,18.0,39.0,22.0,21.0,20.0,25.0,25.0,29.0,22.0,19.0,25.0,17.0,23.0,31.0,23.0,27.0,22.0,36.0,29.0,24.0,24.0,27.0,28.0,22.0,19.0,15.0,25.0,27.0,27.0,18.0,26.0,24.0,15.0,30.0,20.0,17.0,22.0,23.0,38.0,25.0,18.0,24.0,34.0,28.0,18.0,22.0
35.0,31.0,25.0,35.0,32.0,31.0,41.0,25.0,28.0,25.0,37.0,25.0,36.0,21.0,33.0,26.0,32.0,37.0,39.0,30.0,30.0,25.0,22.0,27.0,36.0,33.0,25.0,28.0,37.0,28.0,30.0,35.0,37.0,42.0,27.0,25.0,35.0,31.0,35.0,30.0,40.0,33.0,27.0,34.0,41.0,25.0,31.0,34.0,31.0,35.0
26.0,29.0,25.0,23.0,28.0,23.0,18.0,20.0,21.0,21.0,30.0,23.0,22.0,26.0,27.0,26.0,19.0,35.0,33.0,26.0,21.0,20.0,31.0,25.0,32.0,18.0,27.0,40.0,33.0,22.0,22.0,30.0,25.0,19.0,27.0,28.0,24.0,29.0,32.0,30.0,28.0,37.0,31.0,22.0,23.0,34.0,23.0,21.0,23.0,23.0
35.0,20.0,18.0,26.0,26.0,30.0,19.0,25.0,37.0,27.0,26.0,28.0,33.0,19.0,23.0,20.0,22.0,29.0,29.0,31.0,29.0,31.0,30.0,35.0,29.0,19.0,22.0,25.0,35.0,28.0,26.0,28.0,29.0,33.0,31.0,22.0,21.0,38.0,33.0,25.0,26.0,28.0,28.0,28.0,28.0,20.0,25.0,21.0,20.0,29.0
23.0,29.0,22.0,21.0,27.0,22.0,31.0,26.0,36.0,26.0,27.0,23.0,27.0,28.0,15.0,20.0,22.0,24.0,28.0,38.0,34.0,32.0,33.0,34.0,21.0,39.0,21.0,25.0,24.0,28.0,23.0,23.0,29.0,29.0,20.0,21.0,27.0,20.0,21.0,25.0,34.0,33.0,23.0,37.0,27.0,20.0,25.0,25.0,30.0,18.0
18.0,25.0,26.0,23.0,18.0,26.0,19.0,25.0,25.0,26.0,20.0,22.0,37.0,19.0,17.0,24.0,16.0,28.0,25.0,18.0,28.0,17.0,27.0,22.0,26.0,21.0,29.0,32.0,24.0,31.0,28.0,18.0,24.0,31.0,24.0,24.0,20.0,22.0,23.0,23.0,30.0,36.0,27.0,24.0,22.0,29.0,26.0,22.0,25.0,38.0
21.0,23.0,14.0,19.0,25.0,25.0,19.0,26.0,21.0,26.0,27.0,28.0,26.0,23.0,19.0,15.0,18.0,24.0,20.0,29.0,31.0,20.0,25.0,23.0,33.0,26.0,20.0,27.0,19.0,25.0,20.0,23.0,20.0,26.0,41.0,16.0,18.0,24.0,22.0,19.0,23.0,21.0,25.0,26.0,19.0,20.0,20.0,17.0,21.0,39.0
36.0,32.0,31.0,21.0,36.0,32.0,30.0,29.0,15.0,17.0,31.0,27.0,39.0,24.0,21.0,26.0,30.0,36.0,32.0,27.0,23.0,21.0,34.0,23.0,25.0,21.0,25.0,31.0,23.0,22.0,19.0,25.0,26.0,27.0,23.0,29.0,27.0,32.0,19.0,31.0,36.0,30.0,25.0,35.0,21.0,25.0,23.0,30.0,31.0,21.0
28.0,37.0,30.0,22.0,31.0,25.0,29.0,23.0,26.0,22.0,30.0,32.0,29.0,36.0,29.0,32.0,23.0,35.0,27.0,28.0,27.0,23.0,29.0,21.0,48.0,34.0,42.0,24.0,31.0,22.0,28.0,36.0,30.0,34.0,27.0,29.0,31.0,31.0,33.0,18.0,33.0,28.0,31.0,30.0,33.0,19.0,34.0,38.0,39.0,28.0
