10,50,1000
15.333451,18.566979,15.404637,19.913284,16.024328,15.072103,18.541507,19.43891,17.928739,17.411797
5.311038,5.898777,5.355938,5.27737,9.617912,8.138102,7.297049,6.891958,8.525902,8.190914
0.0,10.0,20.0,30.0,40.0,50.0,60.0,70.0,80.0,90.0
10.0,0.0,10.0,20.0,30.0,40.0,50.0,60.0,70.0,80.0
20.0,10.0,0.0,10.0,20.0,30.0,40.0,50.0,60.0,70.0
30.0,20.0,10.0,0.0,10.0,20.0,30.0,40.0,50.0,60.0
40.0,30.0,20.0,10.0,0.0,10.0,20.0,30.0,40.0,50.0
50.0,40.0,30.0,20.0,10.0,0.0,10.0,20.0,30.0,40.0
60.0,50.0,40.0,30.0,20.0,10.0,0.0,10.0,20.0,30.0
70.0,60.0,50.0,40.0,30.0,20.0,10.0,0.0,10.0,20.0
80.0,70.0,60.0,50.0,40.0,30.0,20.0,10.0,0.0,10.0
90.0,80.0,70.0,60.0,50.0,40.0,30.0,20.0,10.0,0.0
450.0,400.0,350.0,300.0,250.0,250.0,300.0,350.0,400.0,450.0
0.0,1.0,2.0,3.0,4.0,5.0,6.0,7.0,8.0,9.0
1.0,0.0,1.0,2.0,3.0,4.0,5.0,6.0,7.0,8.0
2.0,1.0,0.0,1.0,2.0,3.0,4.0,5.0,6.0,7.0
3.0,2.0,1.0,0.0,1.0,2.0,3.0,4.0,5.0,6.0
4.0,3.0,2.0,1.0,0.0,1.0,2.0,3.0,4.0,5.0
5.0,4.0,3.0,2.0,1.0,0.0,1.0,2.0,3.0,4.0
6.0,5.0,4.0,3.0,2.0,1.0,0.0,1.0,2.0,3.0
7.0,6.0,5.0,4.0,3.0,2.0,1.0,0.0,1.0,2.0
8.0,7.0,6.0,5.0,4.0,3.0,2.0,1.0,0.0,1.0
9.0,8.0,7.0,6.0,5.0,4.0,3.0,2.0,1.0,0.0
45.0,40.0,35.0,30.0,25.0,25.0,30.0,35.0,40.0,45.0
29.0,18.0,22.0,20.0,19.0,21.0,27.0,17.0,21.0,17.0,22.0,23.0,15.0,18.0,17.0,14.0,32.0,17.0,23.0,27.0,17.0,19.0,22.0,17.0,18.0,25.0,21.0,14.0,21.0,21.0,19.0,17.0,29.0,20.0,16.0,13.0,20.0,25.0,24.0,30.0,13.0,17.0,23.0,22.0,23.0,20.0,22.0,14.0,25.0,16.0
17.0,26.0,21.0,36.0,22.0,19.0,27.0,15.0,33.0,16.0,18.0,23.0,35.0,21.0,25.0,22.0,15.0,41.0,26.0,29.0,20.0,21.0,20.0,26.0,21.0,12.0,23.0,27.0,26.0,24.0,19.0,29.0,15.0,24.0,26.0,27.0,27.0,28.0,16.0,22.0,23.0,26.0,15.0,30.0,29.0,24.0,17.0,32.0,27.0,23.0
19.0,22.0,24.0,22.0,19.0,27.0,16.0,21.0,23.0,28.0,23.0,25.0,32.0,22.0,23.0,21.0,18.0,21.0,32.0,19.0,19.0,18.0,19.0,22.0,25.0,26.0,24.0,20.0,13.0,16.0,21.0,22.0,17.0,18.0,20.0,28.0,20.0,20.0,15.0,20.0,12.0,15.0,19.0,20.0,24.0,19.0,17.0,23.0,21.0,17.0
23.0,22.0,17.0,26.0,23.0,15.0,14.0,15.0,17.0,25.0,31.0,23.0,28.0,25.0,23.0,23.0,29.0,25.0,26.0,31.0,25.0,16.0,23.0,17.0,20.0,22.0,13.0,15.0,14.0,21.0,25.0,27.0,10.0,26.0,21.0,29.0,18.0,17.0,26.0,23.0,18.0,12.0,21.0,23.0,19.0,21.0,23.0,23.0,28.0,18.0
44.0,29.0,24.0,26.0,24.0,24.0,34.0,33.0,49.0,28.0,35.0,39.0,34.0,43.0,50.0,42.0,25.0,38.0,38.0,34.0,39.0,41.0,42.0,41.0,38.0,36.0,36.0,40.0,32.0,32.0,33.0,34.0,48.0,29.0,35.0,38.0,32.0,37.0,35.0,30.0,31.0,37.0,40.0,39.0,40.0,32.0,42.0,32.0,35.0,27.0
33.0,24.0,24.0,31.0,27.0,30.0,21.0,23.0,27.0,30.0,20.0,29.0,28.0,28.0,22.0,35.0,26.0,29.0,24.0,32.0,33.0,30.0,23.0,39.0,23.0,24.0,24.0,21.0,42.0,31.0,29.0,32.0,32.0,22.0,40.0,34.0,23.0,33.0,29.0,26.0,31.0,23.0,27.0,24.0,26.0,43.0,26.0,22.0,29.0,24.0
32.0,26.0,18.0,28.0,25.0,37.0,23.0,29.0,27.0,40.0,28.0,31.0,31.0,28.0,23.0,31.0,26.0,29.0,30.0,24.0,32.0,37.0,25.0,21.0,30.0,29.0,27.0,35.0,28.0,26.0,31.0,30.0,26.0,31.0,24.0,26.0,36.0,29.0,32.0,36.0,36.0,27.0,27.0,30.0,25.0,26.0,29.0,23.0,31.0,22.0
25.0,44.0,29.0,25.0,23.0,28.0,25.0,27.0,31.0,32.0,42.0,35.0,25.0,24.0,29.0,31.0,18.0,35.0,27.0,29.0,24.0,25.0,24.0,22.0,24.0,25.0,15.0,22.0,24.0,21.0,25.0,33.0,22.0,19.0,29.0,26.0,23.0,28.0,18.0,17.0,23.0,29.0,35.0,29.0,26.0,28.0,23.0,22.0,35.0,24.0
33.0,32.0,31.0,31.0,28.0,45.0,26.0,36.0,30.0,25.0,26.0,40.0,31.0,38.0,38.0,34.0,29.0,30.0,33.0,41.0,30.0,28.0,30.0,28.0,24.0,33.0,34.0,35.0,25.0,21.0,22.0,33.0,16.0,35.0,32.0,30.0,36.0,30.0,27.0,31.0,34.0,30.0,26.0,32.0,27.0,28.0,35.0,28.0,36.0,34.0
26.0,32.0,30.0,35.0,18.0,26.0,28.0,35.0,30.0,23.0,34.0,30.0,35.0,23.0,31.0,34.0,28.0,26.0,34.0,36.0,20.0,38.0,34.0,25.0,22.0,38.0,31.0,30.0,31.0,45.0,31.0,34.0,31.0,20.0,25.0,33.0,35.0,37.0,27.0,31.0,25.0,40.0,22.0,36.0,35.0,45.0,32.0,25.0,30.0,26.0
