10,50,1000
16.561301,17.35075,16.910082,19.161125,18.185262,17.569611,19.646633,16.521443,17.911458,17.053893
7.354596,7.699876,5.919778,5.008132,6.084321,7.893714,6.711669,7.042628,6.180855,7.284698
0.0,10.0,20.0,30.0,40.0,50.0,60.0,70.0,80.0,90.0
10.0,0.0,10.0,20.0,30.0,40.0,50.0,60.0,70.0,80.0
20.0,10.0,0.0,10.0,20.0,30.0,40.0,50.0,60.0,70.0
30.0,20.0,10.0,0.0,10.0,20.0,30.0,40.0,50.0,60.0
40.0,30.0,20.0,10.0,0.0,10.0,20.0,30.0,40.0,50.0
50.0,40.0,30.0,20.0,10.0,0.0,10.0,20.0,30.0,40.0
60.0,50.0,40.0,30.0,20.0,10.0,0.0,10.0,20.0,30.0
70.0,60.0,50.0,40.0,30.0,20.0,10.0,0.0,10.0,20.0
80.0,70.0,60.0,50.0,40.0,30.0,20.0,10.0,0.0,10.0
90.0,80.0,70.0,60.0,50.0,40.0,30.0,20.0,10.0,0.0
450.0,400.0,350.0,300.0,250.0,250.0,300.0,350.0,400.0,450.0
0.0,1.0,2.0,3.0,4.0,5.0,6.0,7.0,8.0,9.0
1.0,0.0,1.0,2.0,3.0,4.0,5.0,6.0,7.0,8.0
2.0,1.0,0.0,1.0,2.0,3.0,4.0,5.0,6.0,7.0
3.0,2.0,1.0,0.0,1.0,2.0,3.0,4.0,5.0,6.0
4.0,3.0,2.0,1.0,0.0,1.0,2.0,3.0,4.0,5.0
5.0,4.0,3.0,2.0,1.0,0.0,1.0,2.0,3.0,4.0
6.0,5.0,4.0,3.0,2.0,1.0,0.0,1.0,2.0,3.0
7.0,6.0,5.0,4.0,3.0,2.0,1.0,0.0,1.0,2.0
8.0,7.0,6.0,5.0,4.0,3.0,2.0,1.0,0.0,1.0
9.0,8.0,7.0,6.0,5.0,4.0,3.0,2.0,1.0,0.0
45.0,40.0,35.0,30.0,25.0,25.0,30.0,35.0,40.0,45.0
38.0,33.0,26.0,27.0,37.0,26.0,30.0,33.0,25.0,27.0,32.0,21.0,31.0,23.0,26.0,28.0,33.0,24.0,25.0,30.0,32.0,39.0,24.0,29.0,24.0,28.0,23.0,28.0,31.0,26.0,25.0,31.0,23.0,24.0,27.0,17.0,32.0,29.0,30.0,32.0,28.0,27.0,27.0,34.0,32.0,29.0,23.0,20.0,27.0,33.0
29.0,33.0,25.0,28.0,18.0,34.0,23.0,23.0,28.0,23.0,23.0,32.0,38.0,33.0,31.0,37.0,32.0,35.0,37.0,25.0,26.0,34.0,29.0,22.0,35.0,27.0,30.0,23.0,32.0,33.0,22.0,30.0,35.0,32.0,21.0,26.0,26.0,27.0,33.0,28.0,31.0,25.0,27.0,32.0,28.0,29.0,35.0,29.0,24.0,26.0
25.0,20.0,34.0,26.0,17.0,23.0,32.0,18.0,22.0,32.0,20.0,16.0,25.0,27.0,26.0,18.0,19.0,25.0,24.0,28.0,26.0,23.0,22.0,25.0,27.0,20.0,20.0,26.0,27.0,20.0,23.0,20.0,23.0,22.0,23.0,25.0,30.0,18.0,24.0,29.0,26.0,31.0,37.0,28.0,20.0,29.0,21.0,25.0,26.0,32.0
14.0,20.0,13.0,20.0,24.0,17.0,26.0,16.0,25.0,23.0,26.0,18.0,20.0,23.0,27.0,20.0,30.0,22.0,24.0,14.0,18.0,23.0,19.0,13.0,25.0,16.0,25.0,21.0,20.0,23.0,22.0,21.0,22.0,24.0,26.0,17.0,17.0,19.0,17.0,22.0,28.0,16.0,28.0,15.0,25.0,24.0,16.0,26.0,24.0,18.0
18.0,27.0,27.0,30.0,21.0,28.0,21.0,27.0,27.0,21.0,23.0,35.0,22.0,25.0,19.0,24.0,25.0,21.0,28.0,28.0,23.0,29.0,29.0,28.0,31.0,19.0,19.0,28.0,29.0,22.0,34.0,30.0,31.0,19.0,27.0,20.0,29.0,19.0,29.0,26.0,24.0,27.0,22.0,35.0,28.0,28.0,17.0,23.0,17.0,17.0
21.0,40.0,35.0,34.0,25.0,27.0,35.0,29.0,30.0,21.0,33.0,32.0,23.0,19.0,25.0,28.0,31.0,28.0,26.0,37.0,25.0,28.0,29.0,38.0,33.0,32.0,28.0,39.0,34.0,27.0,24.0,37.0,38.0,34.0,33.0,35.0,30.0,38.0,32.0,34.0,22.0,21.0,26.0,38.0,23.0,30.0,33.0,40.0,27.0,22.0
27.0,25.0,21.0,19.0,24.0,32.0,20.0,32.0,23.0,22.0,28.0,36.0,35.0,29.0,26.0,28.0,30.0,26.0,16.0,21.0,22.0,20.0,21.0,25.0,29.0,29.0,18.0,32.0,24.0,32.0,38.0,26.0,25.0,30.0,18.0,31.0,30.0,34.0,24.0,33.0,16.0,27.0,36.0,17.0,28.0,30.0,29.0,32.0,22.0,24.0
29.0,19.0,27.0,25.0,20.0,27.0,30.0,33.0,45.0,23.0,21.0,27.0,20.0,31.0,27.0,27.0,32.0,34.0,28.0,27.0,32.0,26.0,23.0,26.0,31.0,26.0,24.0,28.0,24.0,25.0,29.0,31.0,37.0,21.0,30.0,19.0,20.0,26.0,28.0,35.0,27.0,28.0,17.0,27.0,24.0,29.0,27.0,23.0,29.0,27.0
28.0,39.0,33.0,25.0,20.0,23.0,18.0,20.0,21.0,34.0,33.0,25.0,28.0,21.0,13.0,23.0,30.0,18.0,23.0,23.0,22.0,32.0,29.0,24.0,29.0,21.0,31.0,34.0,30.0,29.0,23.0,32.0,16.0,17.0,21.0,31.0,30.0,27.0,20.0,28.0,31.0,35.0,19.0,25.0,25.0,18.0,35.0,29.0,33.0,27.0
23.0,25.0,31.0,34.0,37.0,25.0,24.0,32.0,42.0,39.0,23.0,27.0,24.0,20.0,29.0,34.0,42.0,27.0,28.0,37.0,23.0,32.0,31.0,21.0,32.0,22.0,31.0,25.0,20.0,28.0,24.0,34.0,23.0,23.0,24.0,35.0,36.0,33.0,33.0,24.0,29.0,29.0,25.0,28.0,31.0,27.0,34.0,29.0,24.0,25.0
