10,50,1000
19.808385,15.488731,19.320078,18.748968,19.445614,18.133864,19.912995,16.838334,19.680599,19.662496
5.313154,5.152828,5.534544,7.836386,7.690094,6.58353,5.643171,7.250925,5.890848,8.077073
0.0,10.0,20.0,30.0,40.0,50.0,60.0,70.0,80.0,90.0
10.0,0.0,10.0,20.0,30.0,40.0,50.0,60.0,70.0,80.0
20.0,10.0,0.0,10.0,20.0,30.0,40.0,50.0,60.0,70.0
30.0,20.0,10.0,0.0,10.0,20.0,30.0,40.0,50.0,60.0
40.0,30.0,20.0,10.0,0.0,10.0,20.0,30.0,40.0,50.0
50.0,40.0,30.0,20.0,10.0,0.0,10.0,20.0,30.0,40.0
60.0,50.0,40.0,30.0,20.0,10.0,0.0,10.0,20.0,30.0
70.0,60.0,50.0,40.0,30.0,20.0,10.0,0.0,10.0,20.0
80.0,70.0,60.0,50.0,40.0,30.0,20.0,10.0,0.0,10.0
90.0,80.0,70.0,60.0,50.0,40.0,30.0,20.0,10.0,0.0
450.0,400.0,350.0,300.0,250.0,250.0,300.0,350.0,400.0,450.0
0.0,1.0,2.0,3.0,4.0,5.0,6.0,7.0,8.0,9.0
1.0,0.0,1.0,2.0,3.0,4.0,5.0,6.0,7.0,8.0
2.0,1.0,0.0,1.0,2.0,3.0,4.0,5.0,6.0,7.0
3.0,2.0,1.0,0.0,1.0,2.0,3.0,4.0,5.0,6.0
4.0,3.0,2.0,1.0,0.0,1.0,2.0,3.0,4.0,5.0
5.0,4.0,3.0,2.0,1.0,0.0,1.0,2.0,3.0,4.0
6.0,5.0,4.0,3.0,2.0,1.0,0.0,1.0,2.0,3.0
7.0,6.0,5.0,4.0,3.0,2.0,1.0,0.0,1.0,2.0
8.0,7.0,6.0,5.0,4.0,3.0,2.0,1.0,0.0,1.0
9.0,8.0,7.0,6.0,5.0,4.0,3.0,2.0,1.0,0.0
45.0,40.0,35.0,30.0,25.0,25.0,30.0,35.0,40.0,45.0
22.0,26.0,24.0,21.0,22.0,37.0,23.0,22.0,24.0,16.0,23.0,31.0,29.0,23.0,17.0,18.0,34.0,18.0,24.0,29.0,11.0,23.0,24.0,22.0,24.0,23.0,25.0,21.0,17.0,24.0,21.0,27.0,31.0,19.0,24.0,23.0,16.0,25.0,21.0,21.0,24.0,24.0,36.0,26.0,21.0,26.0,33.0,23.0,17.0,25.0
24.0,24.0,26.0,24.0,26.0,19.0,15.0,19.0,14.0,18.0,14.0,17.0,27.0,27.0,17.0,15.0,19.0,21.0,15.0,21.0,22.0,16.0,13.0,31.0,20.0,15.0,23.0,27.0,32.0,22.0,28.0,28.0,16.0,19.0,24.0,24.0,16.0,20.0,19.0,23.0,16.0,18.0,23.0,14.0,20.0,18.0,36.0,23.0,18.0,20.0
25.0,27.0,27.0,26.0,24.0,18.0,29.0,26.0,38.0,19.0,21.0,27.0,17.0,20.0,26.0,21.0,26.0,22.0,27.0,21.0,26.0,25.0,21.0,29.0,28.0,27.0,28.0,26.0,27.0,35.0,19.0,25.0,19.0,32.0,32.0,23.0,25.0,21.0,29.0,30.0,23.0,16.0,24.0,26.0,28.0,16.0,27.0,33.0,22.0,31.0
27.0,22.0,32.0,36.0,21.0,33.0,17.0,36.0,24.0,23.0,37.0,33.0,25.0,34.0,30.0,33.0,30.0,31.0,30.0,37.0,29.0,36.0,29.0,31.0,27.0,29.0,26.0,24.0,30.0,26.0,24.0,32.0,27.0,34.0,24.0,23.0,26.0,25.0,29.0,28.0,38.0,23.0,24.0,20.0,26.0,28.0,37.0,25.0,21.0,37.0
27.0,34.0,40.0,21.0,32.0,26.0,36.0,37.0,32.0,30.0,25.0,26.0,35.0,31.0,28.0,24.0,31.0,34.0,27.0,33.0,37.0,21.0,30.0,29.0,21.0,33.0,39.0,19.0,35.0,42.0,39.0,31.0,32.0,28.0,33.0,31.0,36.0,31.0,33.0,33.0,25.0,35.0,28.0,29.0,33.0,26.0,35.0,34.0,34.0,23.0
21.0,32.0,24.0,28.0,27.0,40.0,23.0,33.0,35.0,31.0,22.0,29.0,20.0,28.0,22.0,25.0,30.0,18.0,27.0,28.0,27.0,15.0,33.0,30.0,29.0,22.0,30.0,35.0,26.0,19.0,19.0,25.0,20.0,22.0,27.0,29.0,20.0,29.0,27.0,21.0,32.0,24.0,17.0,28.0,32.0,26.0,24.0,20.0,31.0,27.0
23.0,23.0,25.0,26.0,18.0,26.0,18.0,34.0,27.0,27.0,21.0,18.0,25.0,25.0,33.0,21.0,17.0,27.0,20.0,20.0,26.0,24.0,35.0,28.0,17.0,27.0,31.0,30.0,18.0,29.0,18.0,24.0,28.0,21.0,19.0,27.0,26.0,22.0,30.0,22.0,36.0,33.0,26.0,20.0,15.0,28.0,26.0,19.0,14.0,24.0
20.0,34.0,24.0,20.0,26.0,24.0,22.0,31.0,28.0,26.0,23.0,18.0,37.0,29.0,25.0,25.0,28.0,18.0,25.0,29.0,41.0,32.0,29.0,23.0,35.0,23.0,26.0,22.0,23.0,27.0,27.0,24.0,24.0,34.0,34.0,25.0,24.0,28.0,23.0,24.0,27.0,31.0,25.0,30.0,28.0,32.0,32.0,21.0,23.0,23.0
27.0,15.0,17.0,31.0,22.0,25.0,22.0,26.0,29.0,26.0,27.0,23.0,22.0,23.0,29.0,29.0,24.0,20.0,24.0,22.0,19.0,26.0,23.0,30.0,23.0,29.0,23.0,23.0,25.0,26.0,24.0,31.0,23.0,14.0,24.0,24.0,19.0,28.0,21.0,23.0,30.0,19.0,17.0,26.0,22.0,20.0,14.0,21.0,27.0,18.0
29.0,28.0,22.0,30.0,35.0,30.0,26.0,29.0,31.0,39.0,27.0,30.0,35.0,24.0,35.0,33.0,24.0,30.0,27.0,27.0,27.0,28.0,27.0,33.0,29.0,27.0,42.0,42.0,26.0,36.0,29.0,30.0,29.0,34.0,41.0,35.0,23.0,32.0,40.0,32.0,25.0,28.0,32.0,34.0,31.0,35.0,39.0,38.0,30.0,33.0
