10,50,1000
17.576655,19.326656,16.272911,18.670629,18.031338,17.01716,19.462755,16.186613,17.528443,19.280086
6.615956,7.935552,7.363211,6.827752,5.403862,5.629338,5.889068,8.021802,6.875021,5.107492
0.0,10.0,20.0,30.0,40.0,50.0,60.0,70.0,80.0,90.0
10.0,0.0,10.0,20.0,30.0,40.0,50.0,60.0,70.0,80.0
20.0,10.0,0.0,10.0,20.0,30.0,40.0,50.0,60.0,70.0
30.0,20.0,10.0,0.0,10.0,20.0,30.0,40.0,50.0,60.0
40.0,30.0,20.0,10.0,0.0,10.0,20.0,30.0,40.0,50.0
50.0,40.0,30.0,20.0,10.0,0.0,10.0,20.0,30.0,40.0
60.0,50.0,40.0,30.0,20.0,10.0,0.0,10.0,20.0,30.0
70.0,60.0,50.0,40.0,30.0,20.0,10.0,0.0,10.0,20.0
80.0,70.0,60.0,50.0,40.0,30.0,20.0,10.0,0.0,10.0
90.0,80.0,70.0,60.0,50.0,40.0,30.0,20.0,10.0,0.0
450.0,400.0,350.0,300.0,250.0,250.0,300.0,350.0,400.0,450.0
0.0,1.0,2.0,3.0,4.0,5.0,6.0,7.0,8.0,9.0
1.0,0.0,1.0,2.0,3.0,4.0,5.0,6.0,7.0,8.0
2.0,1.0,0.0,1.0,2.0,3.0,4.0,5.0,6.0,7.0
3.0,2.0,1.0,0.0,1.0,2.0,3.0,4.0,5.0,6.0
4.0,3.0,2.0,1.0,0.0,1.0,2.0,3.0,4.0,5.0
5.0,4.0,3.0,2.0,1.0,0.0,1.0,2.0,3.0,4.0
6.0,5.0,4.0,3.0,2.0,1.0,0.0,1.0,2.0,3.0
7.0,6.0,5.0,4.0,3.0,2.0,1.0,0.0,1.0,2.0
8.0,7.0,6.0,5.0,4.0,3.0,2.0,1.0,0.0,1.0
9.0,8.0,7.0,6.0,5.0,4.0,3.0,2.0,1.0,0.0
45.0,40.0,35.0,30.0,25.0,25.0,30.0,35.0,40.0,45.0
33.0,17.0,27.0,30.0,20.0,23.0,24.0,20.0,20.0,28.0,31.0,25.0,18.0,31.0,21.0,32.0,25.0,28.0,21.0,22.0,30.0,26.0,34.0,26.0,28.0,30.0,27.0,35.0,27.0,23.0,14.0,29.0,27.0,21.0,29.0,24.0,25.0,26.0,32.0,24.0,34.0,25.0,31.0,31.0,26.0,23.0,24.0,16.0,27.0,23.0
37.0,26.0,27.0,26.0,44.0,37.0,33.0,28.0,32.0,38.0,31.0,32.0,28.0,28.0,36.0,24.0,34.0,40.0,24.0,21.0,25.0,56.0,35.0,25.0,42.0,35.0,33.0,23.0,35.0,33.0,23.0,21.0,30.0,31.0,28.0,23.0,31.0,37.0,43.0,29.0,34.0,38.0,34.0,25.0,33.0,37.0,29.0,35.0,38.0,26.0
23.0,27.0,42.0,26.0,26.0,22.0,23.0,27.0,32.0,27.0,26.0,23.0,32.0,25.0,33.0,33.0,24.0,25.0,20.0,33.0,32.0,23.0,21.0,20.0,26.0,24.0,23.0,37.0,25.0,33.0,33.0,32.0,24.0,26.0,30.0,31.0,29.0,23.0,33.0,21.0,21.0,24.0,25.0,34.0,29.0,26.0,35.0,33.0,21.0,27.0
34.0,27.0,27.0,36.0,26.0,22.0,20.0,18.0,28.0,29.0,33.0,26.0,21.0,13.0,30.0,32.0,34.0,28.0,32.0,25.0,29.0,15.0,26.0,25.0,25.0,25.0,29.0,19.0,25.0,32.0,30.0,33.0,30.0,30.0,26.0,22.0,33.0,28.0,34.0,26.0,29.0,22.0,31.0,30.0,36.0,21.0,27.0,22.0,28.0,25.0
19.0,15.0,25.0,18.0,15.0,25.0,24.0,20.0,23.0,24.0,26.0,31.0,21.0,24.0,18.0,14.0,25.0,17.0,19.0,23.0,24.0,23.0,25.0,25.0,22.0,20.0,25.0,26.0,16.0,19.0,26.0,29.0,25.0,29.0,27.0,22.0,20.0,17.0,20.0,22.0,20.0,23.0,21.0,24.0,17.0,21.0,16.0,22.0,24.0,35.0
35.0,14.0,27.0,24.0,22.0,33.0,20.0,22.0,27.0,23.0,22.0,20.0,24.0,16.0,12.0,19.0,28.0,18.0,25.0,21.0,27.0,24.0,25.0,20.0,25.0,32.0,25.0,24.0,20.0,30.0,35.0,26.0,18.0,17.0,25.0,19.0,15.0,21.0,26.0,25.0,18.0,24.0,19.0,23.0,20.0,22.0,26.0,29.0,20.0,27.0
27.0,23.0,25.0,19.0,20.0,28.0,24.0,28.0,24.0,22.0,27.0,25.0,24.0,18.0,25.0,27.0,28.0,23.0,21.0,26.0,26.0,32.0,32.0,25.0,16.0,27.0,27.0,19.0,33.0,19.0,25.0,17.0,24.0,25.0,30.0,23.0,29.0,12.0,24.0,21.0,28.0,24.0,28.0,21.0,22.0,31.0,25.0,27.0,22.0,24.0
26.0,31.0,28.0,29.0,30.0,30.0,26.0,30.0,42.0,39.0,35.0,34.0,26.0,39.0,34.0,25.0,27.0,38.0,29.0,36.0,29.0,27.0,33.0,33.0,32.0,19.0,31.0,33.0,31.0,32.0,35.0,45.0,32.0,23.0,25.0,26.0,36.0,35.0,27.0,31.0,30.0,20.0,28.0,27.0,30.0,31.0,25.0,28.0,31.0,30.0
24.0,33.0,34.0,21.0,32.0,30.0,18.0,22.0,25.0,22.0,22.0,19.0,27.0,23.0,24.0,27.0,29.0,25.0,33.0,20.0,32.0,22.0,23.0,28.0,26.0,29.0,30.0,22.0,37.0,28.0,34.0,28.0,26.0,28.0,35.0,36.0,26.0,21.0,35.0,37.0,30.0,29.0,35.0,30.0,14.0,24.0,34.0,16.0,33.0,32.0
17.0,24.0,21.0,21.0,24.0,24.0,17.0,19.0,19.0,17.0,28.0,16.0,26.0,24.0,16.0,18.0,25.0,26.0,25.0,24.0,22.0,26.0,28.0,25.0,22.0,25.0,22.0,23.0,21.0,28.0,24.0,24.0,19.0,27.0,22.0,12.0,30.0,31.0,22.0,22.0,28.0,27.0,18.0,25.0,23.0,27.0,16.0,17.0,24.0,19.0
