10,50,1000
18.966929,17.440658,18.973359,16.086004,15.515026,17.862783,17.655061,19.972216,16.59143,17.443934
9.276625,5.048085,9.932885,5.76248,6.161873,6.42442,8.112217,8.829853,6.510106,6.325153
0.0,10.0,20.0,30.0,40.0,50.0,60.0,70.0,80.0,90.0
10.0,0.0,10.0,20.0,30.0,40.0,50.0,60.0,70.0,80.0
20.0,10.0,0.0,10.0,20.0,30.0,40.0,50.0,60.0,70.0
30.0,20.0,10.0,0.0,10.0,20.0,30.0,40.0,50.0,60.0
40.0,30.0,20.0,10.0,0.0,10.0,20.0,30.0,40.0,50.0
50.0,40.0,30.0,20.0,10.0,0.0,10.0,20.0,30.0,40.0
60.0,50.0,40.0,30.0,20.0,10.0,0.0,10.0,20.0,30.0
70.0,60.0,50.0,40.0,30.0,20.0,10.0,0.0,10.0,20.0
80.0,70.0,60.0,50.0,40.0,30.0,20.0,10.0,0.0,10.0
90.0,80.0,70.0,60.0,50.0,40.0,30.0,20.0,10.0,0.0
450.0,400.0,350.0,300.0,250.0,250.0,300.0,350.0,400.0,450.0
0.0,1.0,2.0,3.0,4.0,5.0,6.0,7.0,8.0,9.0
1.0,0.0,1.0,2.0,3.0,4.0,5.0,6.0,7.0,8.0
2.0,1.0,0.0,1.0,2.0,3.0,4.0,5.0,6.0,7.0
3.0,2.0,1.0,0.0,1.0,2.0,3.0,4.0,5.0,6.0
4.0,3.0,2.0,1.0,0.0,1.0,2.0,3.0,4.0,5.0
5.0,4.0,3.0,2.0,1.0,0.0,1.0,2.0,3.0,4.0
6.0,5.0,4.0,3.0,2.0,1.0,0.0,1.0,2.0,3.0
7.0,6.0,5.0,4.0,3.0,2.0,1.0,0.0,1.0,2.0
8.0,7.0,6.0,5.0,4.0,3.0,2.0,1.0,0.0,1.0
9.0,8.0,7.0,6.0,5.0,4.0,3.0,2.0,1.0,0.0
45.0,40.0,35.0,30.0,25.0,25.0,30.0,35.0,40.0,45.0
24.0,36.0,32.0,41.0,39.0,23.0,29.0,41.0,25.0,36.0,42.0,32.0,33.0,43.0,31.0,45.0,36.0,31.0,30.0,38.0,45.0,49.0,39.0,46.0,37.0,27.0,34.0,41.0,37.0,34.0,38.0,34.0,31.0,24.0,37.0,46.0,35.0,38.0,25.0,37.0,27.0,24.0,33.0,42.0,41.0,32.0,35.0,31.0,35.0,42.0
16.0,23.0,28.0,26.0,19.0,26.0,25.0,15.0,16.0,19.0,20.0,18.0,16.0,22.0,25.0,22.0,25.0,20.0,16.0,20.0,20.0,25.0,17.0,14.0,25.0,21.0,22.0,18.0,20.0,22.0,19.0,23.0,16.0,16.0,18.0,20.0,16.0,14.0,16.0,21.0,24.0,16.0,23.0,15.0,14.0,17.0,15.0,26.0,17.0,19.0
45.0,34.0,30.0,29.0,37.0,41.0,38.0,35.0,33.0,37.0,42.0,39.0,37.0,38.0,37.0,45.0,31.0,31.0,29.0,47.0,37.0,38.0,40.0,45.0,35.0,27.0,27.0,40.0,35.0,36.0,37.0,35.0,45.0,36.0,46.0,23.0,24.0,39.0,39.0,38.0,31.0,46.0,34.0,32.0,45.0,38.0,35.0,53.0,46.0,43.0
25.0,25.0,26.0,25.0,22.0,16.0,22.0,24.0,28.0,17.0,25.0,27.0,18.0,26.0,19.0,18.0,21.0,25.0,26.0,22.0,28.0,33.0,19.0,16.0,31.0,16.0,30.0,19.0,20.0,22.0,23.0,23.0,31.0,20.0,21.0,21.0,32.0,21.0,16.0,21.0,20.0,24.0,24.0,27.0,16.0,23.0,27.0,23.0,20.0,21.0
24.0,30.0,27.0,29.0,18.0,17.0,28.0,26.0,18.0,31.0,15.0,18.0,22.0,32.0,31.0,31.0,26.0,20.0,22.0,19.0,22.0,20.0,21.0,30.0,21.0,23.0,29.0,22.0,19.0,23.0,22.0,32.0,24.0,25.0,21.0,28.0,27.0,25.0,30.0,23.0,20.0,29.0,31.0,30.0,28.0,24.0,31.0,28.0,21.0,36.0
15.0,22.0,24.0,26.0,26.0,25.0,25.0,27.0,23.0,32.0,26.0,30.0,15.0,32.0,23.0,29.0,19.0,16.0,17.0,25.0,26.0,28.0,26.0,25.0,23.0,24.0,24.0,20.0,22.0,27.0,21.0,29.0,29.0,21.0,25.0,24.0,20.0,30.0,27.0,19.0,25.0,24.0,24.0,28.0,14.0,32.0,29.0,24.0,34.0,22.0
29.0,32.0,31.0,32.0,29.0,30.0,24.0,25.0,30.0,34.0,31.0,33.0,30.0,28.0,29.0,25.0,35.0,36.0,23.0,29.0,25.0,38.0,36.0,28.0,23.0,31.0,40.0,29.0,29.0,28.0,35.0,31.0,24.0,33.0,27.0,28.0,38.0,35.0,33.0,38.0,28.0,28.0,39.0,37.0,34.0,36.0,23.0,48.0,37.0,37.0
27.0,42.0,30.0,37.0,32.0,34.0,24.0,29.0,22.0,35.0,36.0,26.0,36.0,31.0,30.0,28.0,30.0,46.0,26.0,33.0,32.0,38.0,34.0,37.0,35.0,30.0,32.0,39.0,34.0,43.0,38.0,37.0,38.0,37.0,36.0,33.0,41.0,29.0,35.0,35.0,27.0,37.0,32.0,32.0,34.0,32.0,29.0,40.0,36.0,35.0
24.0,17.0,16.0,22.0,27.0,29.0,21.0,22.0,21.0,23.0,27.0,15.0,25.0,22.0,22.0,21.0,30.0,24.0,26.0,25.0,18.0,22.0,26.0,15.0,26.0,25.0,26.0,15.0,29.0,31.0,24.0,21.0,34.0,31.0,22.0,25.0,21.0,24.0,20.0,25.0,28.0,32.0,18.0,22.0,23.0,35.0,21.0,29.0,21.0,19.0
25.0,32.0,30.0,14.0,24.0,27.0,27.0,25.0,34.0,26.0,24.0,25.0,24.0,34.0,13.0,30.0,30.0,24.0,34.0,26.0,15.0,33.0,20.0,20.0,20.0,16.0,30.0,22.0,27.0,21.0,29.0,21.0,24.0,27.0,27.0,24.0,33.0,19.0,21.0,29.0,18.0,15.0,34.0,27.0,30.0,25.0,21.0,22.0,28.0,27.0
