10,50,1000
19.177418,19.350606,18.321879,18.958525,19.372249,17.432601,16.817775,18.363686,19.63156,19.968374
9.125054,8.666178,6.608173,9.450309,7.250988,5.52381,7.916811,8.369659,6.41361,8.592289
0.0,10.0,20.0,30.0,40.0,50.0,60.0,70.0,80.0,90.0
10.0,0.0,10.0,20.0,30.0,40.0,50.0,60.0,70.0,80.0
20.0,10.0,0.0,10.0,20.0,30.0,40.0,50.0,60.0,70.0
30.0,20.0,10.0,0.0,10.0,20.0,30.0,40.0,50.0,60.0
40.0,30.0,20.0,10.0,0.0,10.0,20.0,30.0,40.0,50.0
50.0,40.0,30.0,20.0,10.0,0.0,10.0,20.0,30.0,40.0
60.0,50.0,40.0,30.0,20.0,10.0,0.0,10.0,20.0,30.0
70.0,60.0,50.0,40.0,30.0,20.0,10.0,0.0,10.0,20.0
80.0,70.0,60.0,50.0,40.0,30.0,20.0,10.0,0.0,10.0
90.0,80.0,70.0,60.0,50.0,40.0,30.0,20.0,10.0,0.0
450.0,400.0,350.0,300.0,250.0,250.0,300.0,350.0,400.0,450.0
0.0,1.0,2.0,3.0,4.0,5.0,6.0,7.0,8.0,9.0
1.0,0.0,1.0,2.0,3.0,4.0,5.0,6.0,7.0,8.0
2.0,1.0,0.0,1.0,2.0,3.0,4.0,5.0,6.0,7.0
3.0,2.0,1.0,0.0,1.0,2.0,3.0,4.0,5.0,6.0
4.0,3.0,2.0,1.0,0.0,1.0,2.0,3.0,4.0,5.0
5.0,4.0,3.0,2.0,1.0,0.0,1.0,2.0,3.0,4.0
6.0,5.0,4.0,3.0,2.0,1.0,0.0,1.0,2.0,3.0
7.0,6.0,5.0,4.0,3.0,2.0,1.0,0.0,1.0,2.0
8.0,7.0,6.0,5.0,4.0,3.0,2.0,1.0,0.0,1.0
9.0,8.0,7.0,6.0,5.0,4.0,3.0,2.0,1.0,0.0
45.0,40.0,35.0,30.0,25.0,25.0,30.0,35.0,40.0,45.0
34.0,33.0,30.0,36.0,24.0,21.0,25.0,31.0,28.0,23.0,40.0,21.0,54.0,36.0,40.0,48.0,37.0,28.0,31.0,39.0,23.0,36.0,35.0,32.0,36.0,38.0,40.0,34.0,40.0,43.0,42.0,33.0,42.0,31.0,33.0,30.0,33.0,42.0,34.0,37.0,31.0,37.0,41.0,42.0,39.0,35.0,28.0,25.0,28.0,42.0
37.0,27.0,23.0,25.0,31.0,49.0,36.0,27.0,33.0,29.0,26.0,36.0,40.0,36.0,43.0,30.0,30.0,42.0,27.0,43.0,25.0,28.0,41.0,36.0,34.0,22.0,30.0,30.0,37.0,37.0,31.0,20.0,32.0,42.0,34.0,45.0,40.0,29.0,35.0,38.0,30.0,37.0,34.0,40.0,25.0,34.0,40.0,33.0,32.0,33.0
22.0,28.0,29.0,22.0,28.0,24.0,26.0,26.0,31.0,17.0,27.0,26.0,39.0,33.0,37.0,33.0,24.0,32.0,30.0,39.0,32.0,24.0,27.0,27.0,25.0,27.0,27.0,20.0,27.0,32.0,35.0,30.0,22.0,23.0,21.0,22.0,26.0,26.0,36.0,15.0,15.0,23.0,26.0,26.0,32.0,25.0,25.0,25.0,18.0,26.0
32.0,31.0,35.0,37.0,34.0,43.0,37.0,38.0,32.0,30.0,38.0,32.0,36.0,40.0,45.0,33.0,36.0,41.0,41.0,23.0,27.0,54.0,36.0,31.0,37.0,34.0,35.0,33.0,31.0,42.0,33.0,32.0,39.0,34.0,35.0,27.0,36.0,34.0,34.0,22.0,37.0,37.0,28.0,35.0,43.0,36.0,32.0,38.0,39.0,41.0
31.0,30.0,37.0,29.0,22.0,28.0,36.0,25.0,37.0,18.0,28.0,23.0,22.0,31.0,28.0,28.0,34.0,31.0,27.0,33.0,31.0,20.0,23.0,30.0,27.0,32.0,26.0,25.0,34.0,30.0,22.0,33.0,33.0,39.0,21.0,27.0,23.0,28.0,28.0,36.0,27.0,26.0,26.0,35.0,36.0,35.0,28.0,29.0,28.0,30.0
16.0,13.0,23.0,15.0,28.0,21.0,17.0,19.0,18.0,22.0,25.0,29.0,14.0,34.0,19.0,18.0,24.0,26.0,24.0,33.0,23.0,14.0,12.0,30.0,20.0,21.0,18.0,22.0,25.0,27.0,16.0,23.0,23.0,25.0,27.0,21.0,21.0,20.0,13.0,26.0,13.0,21.0,17.0,23.0,22.0,20.0,21.0,17.0,14.0,22.0
24.0,33.0,20.0,24.0,27.0,34.0,29.0,33.0,26.0,29.0,26.0,29.0,43.0,39.0,24.0,41.0,31.0,31.0,27.0,22.0,29.0,29.0,34.0,21.0,27.0,36.0,24.0,17.0,29.0,28.0,30.0,35.0,30.0,23.0,26.0,20.0,35.0,31.0,20.0,28.0,23.0,26.0,26.0,30.0,42.0,30.0,32.0,31.0,26.0,22.0
29.0,29.0,43.0,34.0,30.0,28.0,28.0,40.0,41.0,32.0,42.0,34.0,26.0,32.0,41.0,45.0,31.0,30.0,25.0,39.0,33.0,31.0,30.0,28.0,29.0,24.0,37.0,37.0,33.0,30.0,25.0,34.0,32.0,35.0,31.0,44.0,31.0,32.0,45.0,31.0,35.0,43.0,29.0,21.0,39.0,29.0,38.0,27.0,33.0,27.0
34.0,16.0,26.0,21.0,16.0,31.0,24.0,24.0,29.0,25.0,17.0,22.0,32.0,31.0,26.0,31.0,14.0,25.0,29.0,22.0,27.0,29.0,24.0,20.0,26.0,18.0,28.0,28.0,28.0,23.0,37.0,31.0,30.0,22.0,27.0,25.0,38.0,30.0,21.0,27.0,29.0,24.0,25.0,30.0,29.0,24.0,31.0,33.0,27.0,26.0
42.0,34.0,31.0,24.0,38.0,43.0,27.0,35.0,26.0,27.0,38.0,28.0,37.0,42.0,29.0,40.0,30.0,37.0,37.0,33.0,37.0,38.0,39.0,42.0,38.0,34.0,31.0,26.0,35.0,33.0,30.0,42.0,38.0,21.0,34.0,43.0,38.0,36.0,31.0,27.0,30.0,29.0,31.0,35.0,34.0,35.0,32.0,42.0,34.0,34.0
