10,50,1000
16.435842,16.279364,18.599405,16.34334,15.958882,15.138737,19.082284,18.616132,18.421895,17.884869
8.901503,5.916161,7.01735,5.880978,8.249919,6.748634,8.21227,9.750948,6.333992,8.531754
0.0,10.0,20.0,30.0,40.0,50.0,60.0,70.0,80.0,90.0
10.0,0.0,10.0,20.0,30.0,40.0,50.0,60.0,70.0,80.0
20.0,10.0,0.0,10.0,20.0,30.0,40.0,50.0,60.0,70.0
30.0,20.0,10.0,0.0,10.0,20.0,30.0,40.0,50.0,60.0
40.0,30.0,20.0,10.0,0.0,10.0,20.0,30.0,40.0,50.0
50.0,40.0,30.0,20.0,10.0,0.0,10.0,20.0,30.0,40.0
60.0,50.0,40.0,30.0,20.0,10.0,0.0,10.0,20.0,30.0
70.0,60.0,50.0,40.0,30.0,20.0,10.0,0.0,10.0,20.0
80.0,70.0,60.0,50.0,40.0,30.0,20.0,10.0,0.0,10.0
90.0,80.0,70.0,60.0,50.0,40.0,30.0,20.0,10.0,0.0
450.0,400.0,350.0,300.0,250.0,250.0,300.0,350.0,400.0,450.0
0.0,1.0,2.0,3.0,4.0,5.0,6.0,7.0,8.0,9.0
1.0,0.0,1.0,2.0,3.0,4.0,5.0,6.0,7.0,8.0
2.0,1.0,0.0,1.0,2.0,3.0,4.0,5.0,6.0,7.0
3.0,2.0,1.0,0.0,1.0,2.0,3.0,4.0,5.0,6.0
4.0,3.0,2.0,1.0,0.0,1.0,2.0,3.0,4.0,5.0
5.0,4.0,3.0,2.0,1.0,0.0,1.0,2.0,3.0,4.0
6.0,5.0,4.0,3.0,2.0,1.0,0.0,1.0,2.0,3.0
7.0,6.0,5.0,4.0,3.0,2.0,1.0,0.0,1.0,2.0
8.0,7.0,6.0,5.0,4.0,3.0,2.0,1.0,0.0,1.0
9.0,8.0,7.0,6.0,5.0,4.0,3.0,2.0,1.0,0.0
45.0,40.0,35.0,30.0,25.0,25.0,30.0,35.0,40.0,45.0
34.0,30.0,30.0,30.0,34.0,28.0,22.0,39.0,36.0,30.0,36.0,22.0,33.0,29.0,38.0,36.0,35.0,38.0,36.0,29.0,35.0,37.0,41.0,37.0,47.0,34.0,28.0,43.0,49.0,26.0,35.0,34.0,35.0,34.0,50.0,37.0,34.0,27.0,33.0,56.0,24.0,36.0,39.0,44.0,34.0,36.0,41.0,40.0,30.0,32.0
20.0,25.0,23.0,17.0,25.0,16.0,27.0,18.0,28.0,21.0,22.0,22.0,28.0,23.0,31.0,23.0,19.0,23.0,29.0,22.0,19.0,22.0,25.0,23.0,34.0,22.0,15.0,27.0,21.0,15.0,25.0,28.0,21.0,24.0,25.0,27.0,26.0,17.0,24.0,31.0,21.0,19.0,21.0,22.0,18.0,23.0,22.0,22.0,24.0,26.0
37.0,20.0,25.0,31.0,24.0,28.0,33.0,31.0,35.0,13.0,26.0,17.0,37.0,25.0,24.0,32.0,32.0,26.0,23.0,37.0,33.0,29.0,41.0,22.0,24.0,30.0,23.0,27.0,37.0,28.0,27.0,27.0,36.0,22.0,22.0,32.0,35.0,35.0,31.0,21.0,32.0,24.0,32.0,28.0,20.0,41.0,20.0,33.0,30.0,29.0
24.0,19.0,21.0,22.0,29.0,22.0,29.0,23.0,28.0,22.0,20.0,16.0,28.0,27.0,28.0,27.0,23.0,12.0,30.0,22.0,32.0,25.0,23.0,20.0,19.0,31.0,20.0,22.0,28.0,16.0,24.0,23.0,29.0,21.0,23.0,29.0,27.0,23.0,29.0,22.0,19.0,21.0,22.0,20.0,22.0,25.0,21.0,20.0,18.0,25.0
33.0,30.0,25.0,30.0,26.0,30.0,38.0,22.0,36.0,25.0,39.0,24.0,32.0,30.0,27.0,22.0,35.0,31.0,32.0,32.0,27.0,22.0,44.0,35.0,30.0,32.0,37.0,29.0,29.0,27.0,22.0,30.0,30.0,38.0,32.0,31.0,35.0,32.0,35.0,37.0,36.0,36.0,36.0,29.0,29.0,42.0,35.0,23.0,27.0,26.0
28.0,25.0,21.0,33.0,19.0,23.0,26.0,25.0,26.0,25.0,31.0,27.0,26.0,26.0,28.0,28.0,25.0,17.0,22.0,15.0,31.0,32.0,30.0,30.0,23.0,23.0,23.0,29.0,26.0,27.0,15.0,29.0,31.0,23.0,20.0,21.0,23.0,27.0,19.0,27.0,15.0,27.0,29.0,23.0,42.0,26.0,28.0,23.0,28.0,31.0
30.0,37.0,31.0,28.0,22.0,39.0,37.0,38.0,30.0,42.0,44.0,37.0,40.0,37.0,25.0,28.0,36.0,34.0,17.0,39.0,31.0,33.0,35.0,25.0,34.0,32.0,34.0,32.0,30.0,23.0,45.0,32.0,26.0,34.0,36.0,29.0,28.0,37.0,36.0,32.0,37.0,38.0,29.0,32.0,29.0,30.0,32.0,31.0,37.0,30.0
33.0,27.0,27.0,39.0,37.0,31.0,51.0,35.0,49.0,35.0,41.0,50.0,36.0,36.0,47.0,33.0,31.0,43.0,33.0,40.0,31.0,30.0,40.0,32.0,41.0,34.0,36.0,35.0,41.0,41.0,42.0,37.0,37.0,32.0,41.0,33.0,33.0,28.0,29.0,38.0,32.0,31.0,46.0,27.0,38.0,32.0,42.0,37.0,42.0,39.0
29.0,20.0,27.0,29.0,25.0,23.0,32.0,39.0,21.0,29.0,27.0,23.0,30.0,22.0,25.0,24.0,27.0,29.0,26.0,18.0,19.0,24.0,25.0,18.0,22.0,20.0,28.0,24.0,26.0,22.0,19.0,27.0,17.0,26.0,16.0,18.0,20.0,18.0,26.0,25.0,25.0,26.0,23.0,31.0,14.0,29.0,23.0,24.0,28.0,22.0
30.0,38.0,25.0,25.0,30.0,31.0,39.0,27.0,38.0,28.0,29.0,25.0,27.0,36.0,33.0,22.0,34.0,38.0,27.0,36.0,35.0,36.0,27.0,36.0,20.0,33.0,35.0,26.0,28.0,34.0,21.0,29.0,27.0,29.0,40.0,30.0,18.0,35.0,30.0,23.0,32.0,34.0,31.0,40.0,32.0,39.0,31.0,24.0,34.0,29.0
