10,50,1000
15.053434,17.090627,15.866221,15.014712,19.732651,16.692818,18.639876,16.878888,15.847138,17.674841
8.882612,6.967713,6.433046,7.620484,5.489599,9.336178,5.339622,5.379319,9.133164,5.274033
0.0,10.0,20.0,30.0,40.0,50.0,60.0,70.0,80.0,90.0
10.0,0.0,10.0,20.0,30.0,40.0,50.0,60.0,70.0,80.0
20.0,10.0,0.0,10.0,20.0,30.0,40.0,50.0,60.0,70.0
30.0,20.0,10.0,0.0,10.0,20.0,30.0,40.0,50.0,60.0
40.0,30.0,20.0,10.0,0.0,10.0,20.0,30.0,40.0,50.0
50.0,40.0,30.0,20.0,10.0,0.0,10.0,20.0,30.0,40.0
60.0,50.0,40.0,30.0,20.0,10.0,0.0,10.0,20.0,30.0
70.0,60.0,50.0,40.0,30.0,20.0,10.0,0.0,10.0,20.0
80.0,70.0,60.0,50.0,40.0,30.0,20.0,10.0,0.0,10.0
90.0,80.0,70.0,60.0,50.0,40.0,30.0,20.0,10.0,0.0
450.0,400.0,350.0,300.0,250.0,250.0,300.0,350.0,400.0,450.0
0.0,1.0,2.0,3.0,4.0,5.0,6.0,7.0,8.0,9.0
1.0,0.0,1.0,2.0,3.0,4.0,5.0,6.0,7.0,8.0
2.0,1.0,0.0,1.0,2.0,3.0,4.0,5.0,6.0,7.0
3.0,2.0,1.0,0.0,1.0,2.0,3.0,4.0,5.0,6.0
4.0,3.0,2.0,1.0,0.0,1.0,2.0,3.0,4.0,5.0
5.0,4.0,3.0,2.0,1.0,0.0,1.0,2.0,3.0,4.0
6.0,5.0,4.0,3.0,2.0,1.0,0.0,1.0,2.0,3.0
7.0,6.0,5.0,4.0,3.0,2.0,1.0,0.0,1.0,2.0
8.0,7.0,6.0,5.0,4.0,3.0,2.0,1.0,0.0,1.0
9.0,8.0,7.0,6.0,5.0,4.0,3.0,2.0,1.0,0.0
45.0,40.0,35.0,30.0,25.0,25.0,30.0,35.0,40.0,45.0
29.0,30.0,39.0,31.0,33.0,38.0,33.0,31.0,27.0,40.0,46.0,29.0,31.0,32.0,44.0,27.0,28.0,25.0,27.0,26.0,35.0,29.0,37.0,34.0,29.0,35.0,31.0,31.0,40.0,28.0,22.0,28.0,34.0,36.0,32.0,30.0,34.0,32.0,30.0,35.0,42.0,40.0,38.0,31.0,32.0,31.0,22.0,36.0,38.0,28.0
22.0,24.0,27.0,24.0,30.0,32.0,21.0,20.0,26.0,33.0,31.0,20.0,16.0,24.0,28.0,19.0,24.0,23.0,33.0,33.0,17.0,21.0,23.0,34.0,29.0,25.0,28.0,35.0,25.0,14.0,23.0,39.0,27.0,29.0,27.0,23.0,32.0,34.0,35.0,28.0,29.0,26.0,32.0,30.0,37.0,28.0,20.0,25.0,24.0,28.0
33.0,30.0,23.0,22.0,22.0,17.0,24.0,19.0,24.0,19.0,31.0,25.0,22.0,27.0,22.0,18.0,18.0,31.0,20.0,19.0,21.0,28.0,28.0,22.0,21.0,33.0,19.0,30.0,31.0,20.0,29.0,19.0,26.0,31.0,14.0,26.0,18.0,23.0,21.0,27.0,26.0,35.0,18.0,20.0,26.0,27.0,25.0,22.0,27.0,19.0
28.0,25.0,30.0,28.0,36.0,24.0,34.0,37.0,37.0,30.0,28.0,31.0,35.0,25.0,37.0,16.0,31.0,22.0,26.0,30.0,26.0,20.0,20.0,29.0,23.0,29.0,17.0,27.0,31.0,30.0,25.0,29.0,31.0,37.0,25.0,16.0,19.0,26.0,20.0,19.0,27.0,21.0,28.0,23.0,28.0,26.0,25.0,37.0,28.0,21.0
9.0,24.0,21.0,31.0,32.0,15.0,18.0,19.0,30.0,18.0,21.0,26.0,19.0,23.0,22.0,22.0,22.0,24.0,19.0,23.0,15.0,27.0,25.0,22.0,23.0,19.0,30.0,21.0,19.0,24.0,28.0,29.0,26.0,21.0,27.0,24.0,30.0,22.0,16.0,24.0,14.0,18.0,25.0,31.0,23.0,20.0,25.0,24.0,24.0,20.0
35.0,34.0,37.0,30.0,34.0,21.0,38.0,39.0,30.0,31.0,33.0,26.0,36.0,36.0,31.0,32.0,33.0,29.0,30.0,33.0,25.0,45.0,39.0,28.0,36.0,43.0,37.0,49.0,33.0,40.0,29.0,48.0,41.0,29.0,30.0,35.0,35.0,43.0,36.0,27.0,23.0,29.0,30.0,28.0,43.0,29.0,42.0,30.0,36.0,31.0
20.0,20.0,18.0,18.0,35.0,21.0,25.0,28.0,27.0,26.0,27.0,26.0,18.0,25.0,18.0,23.0,21.0,26.0,27.0,23.0,23.0,24.0,22.0,20.0,17.0,15.0,20.0,25.0,21.0,24.0,23.0,16.0,19.0,18.0,13.0,25.0,16.0,23.0,20.0,21.0,18.0,24.0,26.0,35.0,22.0,22.0,11.0,23.0,22.0,19.0
33.0,22.0,28.0,11.0,18.0,31.0,30.0,18.0,25.0,23.0,14.0,22.0,25.0,27.0,24.0,17.0,25.0,23.0,23.0,24.0,20.0,27.0,18.0,28.0,23.0,16.0,23.0,22.0,21.0,29.0,18.0,14.0,17.0,20.0,20.0,17.0,30.0,17.0,19.0,21.0,22.0,21.0,32.0,11.0,13.0,21.0,23.0,23.0,27.0,24.0
35.0,32.0,35.0,29.0,30.0,34.0,36.0,40.0,30.0,40.0,27.0,32.0,38.0,29.0,39.0,24.0,35.0,32.0,40.0,26.0,39.0,37.0,34.0,32.0,31.0,28.0,28.0,35.0,28.0,34.0,36.0,33.0,36.0,38.0,43.0,18.0,28.0,36.0,35.0,38.0,33.0,31.0,29.0,34.0,42.0,35.0,33.0,28.0,38.0,33.0
20.0,30.0,15.0,21.0,29.0,20.0,17.0,11.0,20.0,30.0,29.0,29.0,27.0,24.0,24.0,17.0,24.0,23.0,17.0,16.0,19.0,29.0,29.0,19.0,14.0,28.0,28.0,25.0,20.0,26.0,31.0,19.0,23.0,13.0,25.0,23.0,25.0,21.0,20.0,27.0,22.0,19.0,25.0,20.0,26.0,22.0,24.0,19.0,17.0,23.0
