10,50,1000
16.907642,15.627142,17.19265,15.087637,15.646346,15.114744,18.973742,19.266257,18.005174,18.578252
6.818963,7.021044,8.371216,7.716849,7.018122,7.731198,6.720741,5.852212,7.517093,7.742059
0.0,10.0,20.0,30.0,40.0,50.0,60.0,70.0,80.0,90.0
10.0,0.0,10.0,20.0,30.0,40.0,50.0,60.0,70.0,80.0
20.0,10.0,0.0,10.0,20.0,30.0,40.0,50.0,60.0,70.0
30.0,20.0,10.0,0.0,10.0,20.0,30.0,40.0,50.0,60.0
40.0,30.0,20.0,10.0,0.0,10.0,20.0,30.0,40.0,50.0
50.0,40.0,30.0,20.0,10.0,0.0,10.0,20.0,30.0,40.0
60.0,50.0,40.0,30.0,20.0,10.0,0.0,10.0,20.0,30.0
70.0,60.0,50.0,40.0,30.0,20.0,10.0,0.0,10.0,20.0
80.0,70.0,60.0,50.0,40.0,30.0,20.0,10.0,0.0,10.0
90.0,80.0,70.0,60.0,50.0,40.0,30.0,20.0,10.0,0.0
450.0,400.0,350.0,300.0,250.0,250.0,300.0,350.0,400.0,450.0
0.0,1.0,2.0,3.0,4.0,5.0,6.0,7.0,8.0,9.0
1.0,0.0,1.0,2.0,3.0,4.0,5.0,6.0,7.0,8.0
2.0,1.0,0.0,1.0,2.0,3.0,4.0,5.0,6.0,7.0
3.0,2.0,1.0,0.0,1.0,2.0,3.0,4.0,5.0,6.0
4.0,3.0,2.0,1.0,0.0,1.0,2.0,3.0,4.0,5.0
5.0,4.0,3.0,2.0,1.0,0.0,1.0,2.0,3.0,4.0
6.0,5.0,4.0,3.0,2.0,1.0,0.0,1.0,2.0,3.0
7.0,6.0,5.0,4.0,3.0,2.0,1.0,0.0,1.0,2.0
8.0,7.0,6.0,5.0,4.0,3.0,2.0,1.0,0.0,1.0
9.0,8.0,7.0,6.0,5.0,4.0,3.0,2.0,1.0,0.0
45.0,40.0,35.0,30.0,25.0,25.0,30.0,35.0,40.0,45.0
23.0,31.0,22.0,36.0,40.0,30.0,30.0,34.0,23.0,34.0,29.0,26.0,25.0,32.0,23.0,25.0,25.0,22.0,30.0,26.0,29.0,33.0,22.0,20.0,26.0,26.0,26.0,24.0,28.0,29.0,20.0,23.0,23.0,28.0,34.0,25.0,29.0,33.0,33.0,23.0,33.0,28.0,25.0,27.0,21.0,33.0,31.0,25.0,27.0,33.0
26.0,26.0,20.0,19.0,34.0,21.0,28.0,31.0,28.0,21.0,29.0,19.0,19.0,23.0,29.0,26.0,26.0,29.0,33.0,27.0,31.0,37.0,25.0,28.0,33.0,23.0,23.0,32.0,31.0,26.0,21.0,19.0,23.0,31.0,25.0,20.0,30.0,31.0,28.0,32.0,22.0,26.0,26.0,25.0,26.0,16.0,42.0,23.0,20.0,31.0
32.0,34.0,26.0,30.0,28.0,22.0,32.0,27.0,35.0,37.0,39.0,29.0,29.0,31.0,31.0,32.0,30.0,42.0,34.0,27.0,40.0,33.0,29.0,32.0,31.0,32.0,37.0,31.0,31.0,32.0,33.0,28.0,28.0,29.0,26.0,28.0,46.0,20.0,32.0,33.0,32.0,24.0,32.0,31.0,35.0,31.0,22.0,29.0,32.0,32.0
22.0,22.0,27.0,32.0,31.0,28.0,29.0,30.0,31.0,29.0,36.0,23.0,36.0,25.0,30.0,31.0,33.0,35.0,21.0,25.0,27.0,28.0,32.0,22.0,48.0,27.0,28.0,33.0,29.0,33.0,37.0,27.0,32.0,45.0,30.0,32.0,27.0,31.0,25.0,28.0,30.0,29.0,27.0,31.0,20.0,33.0,29.0,24.0,29.0,25.0
31.0,26.0,20.0,22.0,26.0,19.0,33.0,27.0,27.0,26.0,20.0,31.0,26.0,33.0,35.0,29.0,25.0,28.0,21.0,30.0,27.0,15.0,17.0,35.0,33.0,30.0,34.0,23.0,38.0,30.0,29.0,24.0,24.0,26.0,26.0,28.0,25.0,27.0,18.0,19.0,18.0,22.0,15.0,32.0,25.0,31.0,20.0,21.0,33.0,36.0
25.0,29.0,19.0,37.0,17.0,27.0,29.0,29.0,27.0,34.0,28.0,36.0,30.0,28.0,36.0,26.0,23.0,38.0,30.0,31.0,23.0,25.0,27.0,30.0,35.0,36.0,34.0,30.0,28.0,23.0,33.0,28.0,22.0,18.0,24.0,30.0,30.0,29.0,24.0,34.0,26.0,34.0,34.0,36.0,32.0,25.0,41.0,19.0,25.0,27.0
30.0,27.0,28.0,32.0,25.0,29.0,26.0,27.0,23.0,34.0,33.0,38.0,30.0,22.0,26.0,23.0,20.0,33.0,24.0,32.0,28.0,25.0,34.0,32.0,21.0,25.0,30.0,32.0,21.0,25.0,20.0,20.0,28.0,19.0,31.0,21.0,29.0,20.0,24.0,32.0,31.0,22.0,29.0,22.0,28.0,28.0,29.0,28.0,20.0,20.0
13.0,20.0,28.0,24.0,24.0,23.0,16.0,24.0,33.0,13.0,20.0,21.0,25.0,23.0,22.0,23.0,21.0,38.0,25.0,24.0,25.0,21.0,19.0,23.0,17.0,27.0,22.0,14.0,22.0,30.0,26.0,19.0,21.0,24.0,22.0,27.0,27.0,25.0,17.0,27.0,23.0,27.0,22.0,22.0,34.0,25.0,19.0,28.0,30.0,23.0
26.0,28.0,31.0,29.0,25.0,26.0,31.0,33.0,32.0,36.0,36.0,25.0,31.0,27.0,27.0,29.0,35.0,20.0,28.0,27.0,31.0,31.0,25.0,31.0,29.0,24.0,28.0,24.0,28.0,30.0,26.0,32.0,19.0,26.0,30.0,31.0,31.0,26.0,18.0,23.0,37.0,35.0,34.0,29.0,27.0,33.0,24.0,20.0,35.0,30.0
36.0,34.0,38.0,32.0,40.0,31.0,30.0,33.0,31.0,39.0,33.0,21.0,40.0,26.0,34.0,28.0,37.0,21.0,41.0,39.0,35.0,24.0,29.0,34.0,23.0,20.0,26.0,30.0,17.0,32.0,40.0,36.0,27.0,31.0,27.0,22.0,29.0,21.0,35.0,28.0,17.0,27.0,34.0,36.0,43.0,24.0,29.0,39.0,32.0,28.0
