10,50,1000
19.818055,17.469816,15.65321,15.574834,19.21003,15.174766,16.705286,18.610093,19.529696,19.355479
7.335052,9.944167,6.032326,7.242869,8.633847,5.118457,6.748157,8.101006,6.288681,5.065453
0.0,10.0,20.0,30.0,40.0,50.0,60.0,70.0,80.0,90.0
10.0,0.0,10.0,20.0,30.0,40.0,50.0,60.0,70.0,80.0
20.0,10.0,0.0,10.0,20.0,30.0,40.0,50.0,60.0,70.0
30.0,20.0,10.0,0.0,10.0,20.0,30.0,40.0,50.0,60.0
40.0,30.0,20.0,10.0,0.0,10.0,20.0,30.0,40.0,50.0
50.0,40.0,30.0,20.0,10.0,0.0,10.0,20.0,30.0,40.0
60.0,50.0,40.0,30.0,20.0,10.0,0.0,10.0,20.0,30.0
70.0,60.0,50.0,40.0,30.0,20.0,10.0,0.0,10.0,20.0
80.0,70.0,60.0,50.0,40.0,30.0,20.0,10.0,0.0,10.0
90.0,80.0,70.0,60.0,50.0,40.0,30.0,20.0,10.0,0.0
450.0,400.0,350.0,300.0,250.0,250.0,300.0,350.0,400.0,450.0
0.0,1.0,2.0,3.0,4.0,5.0,6.0,7.0,8.0,9.0
1.0,0.0,1.0,2.0,3.0,4.0,5.0,6.0,7.0,8.0
2.0,1.0,0.0,1.0,2.0,3.0,4.0,5.0,6.0,7.0
3.0,2.0,1.0,0.0,1.0,2.0,3.0,4.0,5.0,6.0
4.0,3.0,2.0,1.0,0.0,1.0,2.0,3.0,4.0,5.0
5.0,4.0,3.0,2.0,1.0,0.0,1.0,2.0,3.0,4.0
6.0,5.0,4.0,3.0,2.0,1.0,0.0,1.0,2.0,3.0
7.0,6.0,5.0,4.0,3.0,2.0,1.0,0.0,1.0,2.0
8.0,7.0,6.0,5.0,4.0,3.0,2.0,1.0,0.0,1.0
9.0,8.0,7.0,6.0,5.0,4.0,3.0,2.0,1.0,0.0
45.0,40.0,35.0,30.0,25.0,25.0,30.0,35.0,40.0,45.0
33.0,27.0,32.0,26.0,33.0,32.0,27.0,36.0,25.0,30.0,34.0,29.0,28.0,25.0,32.0,37.0,28.0,30.0,33.0,27.0,36.0,28.0,34.0,29.0,25.0,31.0,33.0,27.0,24.0,26.0,33.0,35.0,24.0,31.0,30.0,25.0,36.0,27.0,28.0,33.0,26.0,25.0,33.0,25.0,24.0,25.0,37.0,28.0,26.0,28.0
29.0,37.0,42.0,29.0,31.0,40.0,30.0,32.0,40.0,31.0,37.0,20.0,25.0,32.0,26.0,39.0,29.0,34.0,30.0,25.0,42.0,28.0,42.0,47.0,38.0,21.0,37.0,36.0,43.0,42.0,40.0,40.0,34.0,52.0,37.0,31.0,33.0,35.0,35.0,41.0,41.0,38.0,39.0,26.0,31.0,41.0,41.0,30.0,37.0,36.0
22.0,22.0,25.0,26.0,19.0,22.0,32.0,36.0,24.0,27.0,25.0,29.0,23.0,24.0,15.0,26.0,25.0,20.0,22.0,28.0,22.0,25.0,31.0,15.0,28.0,21.0,21.0,28.0,23.0,18.0,22.0,20.0,33.0,17.0,32.0,19.0,20.0,27.0,26.0,21.0,28.0,39.0,20.0,24.0,25.0,17.0,27.0,16.0,28.0,19.0
25.0,29.0,27.0,28.0,24.0,25.0,21.0,19.0,27.0,25.0,33.0,24.0,33.0,30.0,21.0,27.0,23.0,32.0,26.0,26.0,24.0,25.0,26.0,28.0,29.0,38.0,25.0,32.0,18.0,24.0,27.0,24.0,24.0,26.0,23.0,27.0,23.0,22.0,25.0,20.0,37.0,15.0,28.0,33.0,27.0,23.0,19.0,27.0,24.0,30.0
38.0,35.0,17.0,36.0,33.0,30.0,38.0,38.0,37.0,33.0,38.0,28.0,34.0,38.0,37.0,43.0,34.0,30.0,34.0,36.0,38.0,35.0,31.0,30.0,29.0,27.0,40.0,36.0,22.0,25.0,32.0,25.0,25.0,32.0,35.0,34.0,30.0,34.0,34.0,37.0,33.0,34.0,28.0,45.0,35.0,41.0,30.0,33.0,28.0,34.0
21.0,18.0,14.0,11.0,16.0,10.0,19.0,13.0,22.0,13.0,15.0,28.0,16.0,21.0,14.0,32.0,19.0,24.0,17.0,27.0,17.0,21.0,28.0,20.0,15.0,18.0,18.0,16.0,16.0,17.0,21.0,24.0,15.0,26.0,23.0,21.0,17.0,19.0,20.0,14.0,14.0,17.0,21.0,22.0,20.0,25.0,13.0,24.0,22.0,18.0
21.0,29.0,31.0,21.0,28.0,24.0,37.0,29.0,19.0,28.0,30.0,21.0,25.0,25.0,28.0,32.0,22.0,43.0,32.0,19.0,31.0,31.0,23.0,28.0,23.0,31.0,21.0,29.0,24.0,32.0,28.0,25.0,21.0,34.0,29.0,27.0,30.0,25.0,26.0,24.0,19.0,41.0,29.0,39.0,29.0,25.0,21.0,20.0,41.0,22.0
33.0,28.0,33.0,36.0,31.0,32.0,29.0,34.0,33.0,26.0,30.0,25.0,39.0,30.0,34.0,28.0,31.0,40.0,27.0,29.0,33.0,30.0,21.0,37.0,39.0,28.0,26.0,32.0,37.0,25.0,31.0,27.0,29.0,33.0,23.0,23.0,31.0,39.0,43.0,24.0,35.0,32.0,29.0,28.0,27.0,38.0,38.0,30.0,34.0,32.0
30.0,36.0,17.0,40.0,28.0,17.0,26.0,24.0,30.0,17.0,21.0,30.0,39.0,27.0,27.0,21.0,26.0,25.0,25.0,22.0,25.0,15.0,17.0,27.0,28.0,27.0,38.0,19.0,19.0,29.0,27.0,25.0,25.0,26.0,22.0,13.0,20.0,24.0,33.0,31.0,25.0,27.0,24.0,23.0,28.0,29.0,23.0,27.0,29.0,35.0
21.0,21.0,22.0,22.0,24.0,24.0,20.0,27.0,20.0,28.0,19.0,19.0,22.0,16.0,24.0,20.0,19.0,25.0,24.0,20.0,30.0,18.0,24.0,25.0,23.0,19.0,23.0,21.0,28.0,20.0,27.0,19.0,29.0,25.0,28.0,24.0,18.0,20.0,24.0,25.0,13.0,25.0,15.0,20.0,20.0,23.0,18.0,21.0,23.0,24.0
