10,50,1000
19.188921,17.970563,15.914481,17.320423,19.452551,15.409617,18.02573,18.13732,17.687704,16.794543
9.064124,8.576799,5.442474,8.488456,8.919793,7.503739,7.956404,6.178682,7.150744,8.029023
0.0,10.0,20.0,30.0,40.0,50.0,60.0,70.0,80.0,90.0
10.0,0.0,10.0,20.0,30.0,40.0,50.0,60.0,70.0,80.0
20.0,10.0,0.0,10.0,20.0,30.0,40.0,50.0,60.0,70.0
30.0,20.0,10.0,0.0,10.0,20.0,30.0,40.0,50.0,60.0
40.0,30.0,20.0,10.0,0.0,10.0,20.0,30.0,40.0,50.0
50.0,40.0,30.0,20.0,10.0,0.0,10.0,20.0,30.0,40.0
60.0,50.0,40.0,30.0,20.0,10.0,0.0,10.0,20.0,30.0
70.0,60.0,50.0,40.0,30.0,20.0,10.0,0.0,10.0,20.0
80.0,70.0,60.0,50.0,40.0,30.0,20.0,10.0,0.0,10.0
90.0,80.0,70.0,60.0,50.0,40.0,30.0,20.0,10.0,0.0
450.0,400.0,350.0,300.0,250.0,250.0,300.0,350.0,400.0,450.0
0.0,1.0,2.0,3.0,4.0,5.0,6.0,7.0,8.0,9.0
1.0,0.0,1.0,2.0,3.0,4.0,5.0,6.0,7.0,8.0
2.0,1.0,0.0,1.0,2.0,3.0,4.0,5.0,6.0,7.0
3.0,2.0,1.0,0.0,1.0,2.0,3.0,4.0,5.0,6.0
4.0,3.0,2.0,1.0,0.0,1.0,2.0,3.0,4.0,5.0
5.0,4.0,3.0,2.0,1.0,0.0,1.0,2.0,3.0,4.0
6.0,5.0,4.0,3.0,2.0,1.0,0.0,1.0,2.0,3.0
7.0,6.0,5.0,4.0,3.0,2.0,1.0,0.0,1.0,2.0
8.0,7.0,6.0,5.0,4.0,3.0,2.0,1.0,0.0,1.0
9.0,8.0,7.0,6.0,5.0,4.0,3.0,2.0,1.0,0.0
45.0,40.0,35.0,30.0,25.0,25.0,30.0,35.0,40.0,45.0
43.0,25.0,34.0,38.0,29.0,25.0,30.0,29.0,38.0,46.0,40.0,32.0,41.0,26.0,44.0,44.0,28.0,39.0,27.0,35.0,33.0,33.0,30.0,29.0,34.0,50.0,34.0,37.0,43.0,32.0,40.0,27.0,40.0,29.0,35.0,31.0,30.0,29.0,33.0,43.0,28.0,26.0,33.0,37.0,40.0,44.0,30.0,37.0,33.0,39.0
28.0,43.0,28.0,38.0,34.0,30.0,36.0,45.0,34.0,34.0,28.0,28.0,31.0,31.0,39.0,34.0,22.0,25.0,35.0,30.0,30.0,43.0,27.0,29.0,29.0,21.0,37.0,28.0,29.0,49.0,40.0,25.0,29.0,28.0,36.0,33.0,49.0,25.0,34.0,33.0,30.0,40.0,29.0,28.0,24.0,22.0,24.0,39.0,25.0,31.0
26.0,25.0,24.0,22.0,27.0,18.0,25.0,23.0,17.0,27.0,24.0,15.0,15.0,34.0,16.0,23.0,23.0,28.0,23.0,20.0,28.0,11.0,25.0,13.0,26.0,18.0,20.0,29.0,18.0,25.0,22.0,22.0,26.0,19.0,21.0,26.0,20.0,20.0,24.0,16.0,25.0,19.0,21.0,19.0,18.0,17.0,13.0,27.0,18.0,30.0
30.0,23.0,37.0,36.0,40.0,36.0,36.0,30.0,27.0,34.0,42.0,34.0,45.0,35.0,31.0,22.0,33.0,26.0,35.0,29.0,35.0,34.0,43.0,44.0,35.0,23.0,34.0,29.0,31.0,28.0,28.0,25.0,26.0,25.0,42.0,27.0,42.0,25.0,28.0,24.0,40.0,33.0,30.0,40.0,43.0,21.0,24.0,37.0,30.0,39.0
41.0,37.0,33.0,41.0,29.0,30.0,42.0,37.0,33.0,38.0,36.0,34.0,36.0,31.0,39.0,37.0,32.0,42.0,41.0,26.0,37.0,46.0,31.0,35.0,28.0,33.0,33.0,29.0,41.0,36.0,35.0,40.0,22.0,36.0,35.0,26.0,44.0,36.0,31.0,37.0,45.0,28.0,27.0,39.0,32.0,27.0,36.0,33.0,28.0,45.0
24.0,39.0,33.0,31.0,31.0,23.0,26.0,26.0,31.0,33.0,30.0,36.0,30.0,37.0,21.0,26.0,30.0,27.0,29.0,24.0,27.0,33.0,24.0,29.0,25.0,23.0,27.0,23.0,35.0,24.0,33.0,35.0,29.0,30.0,28.0,30.0,32.0,25.0,26.0,24.0,37.0,34.0,30.0,23.0,32.0,23.0,39.0,24.0,24.0,27.0
33.0,22.0,26.0,26.0,29.0,26.0,32.0,24.0,36.0,29.0,27.0,33.0,33.0,36.0,26.0,29.0,28.0,31.0,26.0,20.0,43.0,25.0,33.0,40.0,26.0,25.0,31.0,27.0,29.0,26.0,25.0,28.0,20.0,22.0,27.0,29.0,23.0,34.0,26.0,32.0,24.0,27.0,27.0,26.0,16.0,32.0,27.0,28.0,32.0,35.0
24.0,21.0,23.0,21.0,21.0,23.0,23.0,25.0,23.0,24.0,28.0,31.0,22.0,25.0,19.0,21.0,18.0,26.0,17.0,27.0,20.0,35.0,25.0,27.0,34.0,12.0,37.0,32.0,23.0,21.0,21.0,26.0,17.0,18.0,19.0,27.0,27.0,25.0,30.0,24.0,30.0,21.0,26.0,17.0,17.0,21.0,29.0,21.0,16.0,18.0
21.0,38.0,23.0,28.0,31.0,33.0,28.0,22.0,25.0,23.0,25.0,23.0,28.0,30.0,33.0,32.0,23.0,22.0,38.0,38.0,28.0,31.0,34.0,36.0,21.0,25.0,30.0,29.0,33.0,35.0,32.0,25.0,30.0,19.0,31.0,35.0,21.0,19.0,36.0,24.0,29.0,22.0,29.0,30.0,37.0,24.0,22.0,39.0,30.0,31.0
30.0,26.0,33.0,38.0,20.0,31.0,32.0,36.0,37.0,30.0,33.0,35.0,25.0,27.0,29.0,22.0,26.0,26.0,29.0,36.0,35.0,25.0,33.0,32.0,35.0,34.0,32.0,30.0,25.0,27.0,19.0,43.0,23.0,34.0,26.0,33.0,24.0,26.0,25.0,32.0,28.0,29.0,33.0,30.0,22.0,37.0,25.0,38.0,38.0,28.0
