10,50,1000
19.223574,15.601714,19.586729,15.53829,18.033306,18.328709,18.203483,17.051821,16.99267,18.726147
8.23455,7.05382,9.348726,7.172533,8.113871,7.846547,9.060591,6.856889,5.958898,7.205392
0.0,10.0,20.0,30.0,40.0,50.0,60.0,70.0,80.0,90.0
10.0,0.0,10.0,20.0,30.0,40.0,50.0,60.0,70.0,80.0
20.0,10.0,0.0,10.0,20.0,30.0,40.0,50.0,60.0,70.0
30.0,20.0,10.0,0.0,10.0,20.0,30.0,40.0,50.0,60.0
40.0,30.0,20.0,10.0,0.0,10.0,20.0,30.0,40.0,50.0
50.0,40.0,30.0,20.0,10.0,0.0,10.0,20.0,30.0,40.0
60.0,50.0,40.0,30.0,20.0,10.0,0.0,10.0,20.0,30.0
70.0,60.0,50.0,40.0,30.0,20.0,10.0,0.0,10.0,20.0
80.0,70.0,60.0,50.0,40.0,30.0,20.0,10.0,0.0,10.0
90.0,80.0,70.0,60.0,50.0,40.0,30.0,20.0,10.0,0.0
450.0,400.0,350.0,300.0,250.0,250.0,300.0,350.0,400.0,450.0
0.0,1.0,2.0,3.0,4.0,5.0,6.0,7.0,8.0,9.0
1.0,0.0,1.0,2.0,3.0,4.0,5.0,6.0,7.0,8.0
2.0,1.0,0.0,1.0,2.0,3.0,4.0,5.0,6.0,7.0
3.0,2.0,1.0,0.0,1.0,2.0,3.0,4.0,5.0,6.0
4.0,3.0,2.0,1.0,0.0,1.0,2.0,3.0,4.0,5.0
5.0,4.0,3.0,2.0,1.0,0.0,1.0,2.0,3.0,4.0
6.0,5.0,4.0,3.0,2.0,1.0,0.0,1.0,2.0,3.0
7.0,6.0,5.0,4.0,3.0,2.0,1.0,0.0,1.0,2.0
8.0,7.0,6.0,5.0,4.0,3.0,2.0,1.0,0.0,1.0
9.0,8.0,7.0,6.0,5.0,4.0,3.0,2.0,1.0,0.0
45.0,40.0,35.0,30.0,25.0,25.0,30.0,35.0,40.0,45.0
23.0,31.0,42.0,31.0,32.0,28.0,41.0,33.0,31.0,35.0,29.0,24.0,27.0,31.0,35.0,32.0,29.0,35.0,21.0,29.0,28.0,34.0,29.0,28.0,35.0,29.0,32.0,22.0,31.0,27.0,23.0,34.0,41.0,29.0,40.0,31.0,32.0,31.0,33.0,29.0,37.0,31.0,42.0,32.0,23.0,26.0,47.0,28.0,35.0,35.0
31.0,25.0,18.0,24.0,23.0,31.0,14.0,35.0,32.0,28.0,28.0,34.0,21.0,29.0,25.0,34.0,25.0,30.0,21.0,30.0,25.0,28.0,27.0,28.0,18.0,25.0,28.0,22.0,31.0,31.0,38.0,23.0,29.0,25.0,27.0,25.0,22.0,27.0,24.0,28.0,34.0,27.0,29.0,24.0,32.0,17.0,29.0,26.0,25.0,22.0
31.0,47.0,33.0,33.0,42.0,32.0,37.0,43.0,33.0,40.0,34.0,32.0,37.0,37.0,29.0,35.0,35.0,39.0,29.0,44.0,34.0,39.0,39.0,30.0,32.0,39.0,23.0,34.0,33.0,41.0,40.0,38.0,33.0,41.0,26.0,29.0,32.0,39.0,34.0,31.0,37.0,25.0,40.0,27.0,37.0,34.0,34.0,31.0,35.0,32.0
29.0,23.0,24.0,24.0,32.0,29.0,29.0,36.0,27.0,23.0,27.0,34.0,17.0,30.0,18.0,24.0,43.0,29.0,32.0,20.0,25.0,30.0,34.0,23.0,28.0,22.0,31.0,31.0,23.0,24.0,33.0,28.0,20.0,29.0,27.0,28.0,31.0,26.0,28.0,27.0,27.0,39.0,28.0,28.0,36.0,27.0,27.0,33.0,32.0,20.0
27.0,31.0,40.0,33.0,28.0,36.0,37.0,33.0,23.0,24.0,28.0,26.0,31.0,23.0,24.0,26.0,38.0,29.0,36.0,22.0,30.0,36.0,25.0,27.0,41.0,31.0,19.0,28.0,28.0,34.0,29.0,25.0,28.0,27.0,37.0,33.0,30.0,20.0,31.0,28.0,39.0,29.0,36.0,38.0,39.0,31.0,37.0,22.0,30.0,29.0
33.0,23.0,30.0,19.0,27.0,29.0,24.0,38.0,34.0,22.0,28.0,28.0,30.0,33.0,30.0,22.0,30.0,32.0,30.0,28.0,38.0,23.0,31.0,30.0,29.0,28.0,36.0,22.0,28.0,23.0,33.0,22.0,24.0,29.0,29.0,33.0,28.0,30.0,31.0,32.0,33.0,26.0,24.0,32.0,29.0,31.0,24.0,22.0,33.0,27.0
45.0,27.0,23.0,22.0,34.0,32.0,40.0,37.0,39.0,29.0,40.0,41.0,39.0,46.0,37.0,34.0,29.0,39.0,30.0,37.0,42.0,33.0,27.0,35.0,36.0,29.0,30.0,37.0,33.0,38.0,47.0,38.0,43.0,28.0,26.0,34.0,29.0,37.0,42.0,32.0,25.0,24.0,30.0,31.0,36.0,35.0,37.0,51.0,27.0,32.0
28.0,35.0,25.0,28.0,23.0,38.0,28.0,34.0,21.0,33.0,27.0,34.0,31.0,24.0,24.0,31.0,23.0,34.0,37.0,22.0,25.0,28.0,29.0,29.0,29.0,19.0,29.0,25.0,20.0,39.0,35.0,18.0,37.0,31.0,18.0,27.0,25.0,30.0,25.0,15.0,25.0,20.0,27.0,32.0,28.0,22.0,33.0,29.0,36.0,33.0
28.0,24.0,33.0,34.0,19.0,29.0,29.0,35.0,30.0,25.0,22.0,28.0,26.0,20.0,20.0,24.0,22.0,27.0,25.0,19.0,33.0,18.0,22.0,25.0,20.0,14.0,30.0,23.0,30.0,20.0,20.0,25.0,26.0,26.0,22.0,24.0,21.0,23.0,19.0,33.0,23.0,26.0,25.0,22.0,28.0,24.0,11.0,22.0,20.0,32.0
36.0,19.0,28.0,18.0,24.0,25.0,23.0,34.0,32.0,28.0,31.0,26.0,24.0,27.0,36.0,28.0,26.0,26.0,18.0,41.0,30.0,30.0,23.0,24.0,26.0,21.0,35.0,32.0,30.0,25.0,26.0,27.0,33.0,27.0,28.0,30.0,31.0,21.0,27.0,23.0,33.0,31.0,32.0,26.0,22.0,30.0,28.0,31.0,30.0,35.0
