10,50,1000
16.2467,18.852984,16.584826,18.572671,15.19633,16.694493,15.280255,18.4931,18.36148,17.641196
5.279375,8.651627,9.579287,5.02463,5.230413,9.883195,5.161465,9.010944,6.490485,6.374293
0.0,10.0,20.0,30.0,40.0,50.0,60.0,70.0,80.0,90.0
10.0,0.0,10.0,20.0,30.0,40.0,50.0,60.0,70.0,80.0
20.0,10.0,0.0,10.0,20.0,30.0,40.0,50.0,60.0,70.0
30.0,20.0,10.0,0.0,10.0,20.0,30.0,40.0,50.0,60.0
40.0,30.0,20.0,10.0,0.0,10.0,20.0,30.0,40.0,50.0
50.0,40.0,30.0,20.0,10.0,0.0,10.0,20.0,30.0,40.0
60.0,50.0,40.0,30.0,20.0,10.0,0.0,10.0,20.0,30.0
70.0,60.0,50.0,40.0,30.0,20.0,10.0,0.0,10.0,20.0
80.0,70.0,60.0,50.0,40.0,30.0,20.0,10.0,0.0,10.0
90.0,80.0,70.0,60.0,50.0,40.0,30.0,20.0,10.0,0.0
450.0,400.0,350.0,300.0,250.0,250.0,300.0,350.0,400.0,450.0
0.0,1.0,2.0,3.0,4.0,5.0,6.0,7.0,8.0,9.0
1.0,0.0,1.0,2.0,3.0,4.0,5.0,6.0,7.0,8.0
2.0,1.0,0.0,1.0,2.0,3.0,4.0,5.0,6.0,7.0
3.0,2.0,1.0,0.0,1.0,2.0,3.0,4.0,5.0,6.0
4.0,3.0,2.0,1.0,0.0,1.0,2.0,3.0,4.0,5.0
5.0,4.0,3.0,2.0,1.0,0.0,1.0,2.0,3.0,4.0
6.0,5.0,4.0,3.0,2.0,1.0,0.0,1.0,2.0,3.0
7.0,6.0,5.0,4.0,3.0,2.0,1.0,0.0,1.0,2.0
8.0,7.0,6.0,5.0,4.0,3.0,2.0,1.0,0.0,1.0
9.0,8.0,7.0,6.0,5.0,4.0,3.0,2.0,1.0,0.0
45.0,40.0,35.0,30.0,25.0,25.0,30.0,35.0,40.0,45.0
21.0,23.0,18.0,25.0,15.0,25.0,18.0,16.0,21.0,32.0,27.0,25.0,20.0,28.0,20.0,15.0,27.0,19.0,15.0,26.0,22.0,22.0,24.0,30.0,21.0,24.0,23.0,14.0,17.0,23.0,23.0,28.0,17.0,23.0,22.0,19.0,16.0,28.0,15.0,24.0,22.0,18.0,11.0,26.0,12.0,20.0,20.0,15.0,20.0,22.0
36.0,40.0,32.0,38.0,35.0,35.0,30.0,37.0,30.0,29.0,34.0,28.0,35.0,35.0,38.0,30.0,26.0,39.0,40.0,27.0,29.0,30.0,23.0,34.0,31.0,33.0,31.0,31.0,28.0,39.0,37.0,34.0,34.0,28.0,35.0,31.0,24.0,34.0,34.0,30.0,42.0,36.0,27.0,34.0,37.0,33.0,30.0,26.0,29.0,33.0
34.0,41.0,36.0,39.0,44.0,27.0,32.0,26.0,30.0,37.0,37.0,23.0,24.0,30.0,38.0,23.0,38.0,30.0,31.0,33.0,26.0,44.0,42.0,33.0,35.0,30.0,36.0,28.0,32.0,28.0,26.0,30.0,43.0,48.0,42.0,30.0,35.0,22.0,35.0,37.0,34.0,31.0,33.0,31.0,36.0,32.0,32.0,38.0,34.0,33.0
18.0,17.0,20.0,28.0,17.0,15.0,20.0,25.0,22.0,17.0,22.0,25.0,18.0,22.0,16.0,27.0,20.0,20.0,15.0,17.0,23.0,21.0,22.0,21.0,31.0,15.0,21.0,20.0,27.0,24.0,20.0,19.0,22.0,29.0,24.0,18.0,18.0,27.0,22.0,17.0,30.0,24.0,27.0,22.0,16.0,23.0,19.0,14.0,20.0,19.0
16.0,22.0,18.0,27.0,19.0,19.0,25.0,17.0,27.0,17.0,23.0,13.0,18.0,15.0,18.0,25.0,30.0,17.0,15.0,28.0,20.0,24.0,15.0,31.0,24.0,28.0,17.0,14.0,27.0,18.0,20.0,16.0,15.0,26.0,20.0,38.0,17.0,26.0,27.0,20.0,21.0,27.0,25.0,21.0,22.0,19.0,15.0,21.0,19.0,20.0
41.0,35.0,33.0,32.0,35.0,41.0,37.0,34.0,38.0,29.0,42.0,39.0,33.0,26.0,40.0,27.0,31.0,32.0,41.0,44.0,46.0,34.0,35.0,42.0,49.0,30.0,39.0,29.0,40.0,36.0,23.0,40.0,49.0,27.0,30.0,24.0,28.0,37.0,38.0,35.0,40.0,29.0,44.0,27.0,47.0,32.0,37.0,26.0,45.0,31.0
15.0,25.0,19.0,21.0,19.0,27.0,27.0,18.0,21.0,22.0,19.0,21.0,18.0,17.0,19.0,13.0,24.0,25.0,15.0,24.0,17.0,22.0,14.0,13.0,26.0,16.0,18.0,18.0,18.0,30.0,18.0,23.0,27.0,17.0,30.0,19.0,27.0,15.0,26.0,20.0,18.0,26.0,21.0,17.0,12.0,15.0,16.0,18.0,16.0,15.0
39.0,38.0,23.0,25.0,32.0,33.0,33.0,34.0,39.0,36.0,38.0,27.0,35.0,30.0,33.0,25.0,36.0,42.0,32.0,36.0,34.0,37.0,35.0,34.0,34.0,27.0,25.0,32.0,36.0,34.0,37.0,37.0,43.0,34.0,40.0,30.0,30.0,23.0,32.0,37.0,33.0,37.0,31.0,38.0,42.0,28.0,25.0,30.0,37.0,31.0
25.0,35.0,30.0,27.0,24.0,24.0,22.0,21.0,31.0,18.0,18.0,26.0,33.0,25.0,26.0,38.0,23.0,21.0,33.0,35.0,27.0,26.0,29.0,20.0,19.0,24.0,34.0,22.0,26.0,21.0,25.0,19.0,26.0,15.0,30.0,26.0,30.0,22.0,23.0,24.0,25.0,25.0,35.0,23.0,34.0,23.0,28.0,26.0,34.0,34.0
22.0,29.0,29.0,26.0,23.0,27.0,34.0,25.0,25.0,23.0,24.0,26.0,27.0,22.0,16.0,26.0,29.0,30.0,24.0,23.0,26.0,24.0,24.0,23.0,22.0,23.0,40.0,18.0,21.0,25.0,25.0,20.0,23.0,26.0,27.0,24.0,21.0,29.0,16.0,29.0,25.0,22.0,18.0,14.0,13.0,28.0,36.0,36.0,20.0,23.0
