10,50,1000
18.289725,17.510746,18.975608,15.579157,18.029816,17.80384,16.618353,17.983388,16.60189,17.331017
6.976027,5.647879,6.420546,8.556371,7.622649,9.961055,8.383603,6.733161,9.620217,5.710172
0.0,10.0,20.0,30.0,40.0,50.0,60.0,70.0,80.0,90.0
10.0,0.0,10.0,20.0,30.0,40.0,50.0,60.0,70.0,80.0
20.0,10.0,0.0,10.0,20.0,30.0,40.0,50.0,60.0,70.0
30.0,20.0,10.0,0.0,10.0,20.0,30.0,40.0,50.0,60.0
40.0,30.0,20.0,10.0,0.0,10.0,20.0,30.0,40.0,50.0
50.0,40.0,30.0,20.0,10.0,0.0,10.0,20.0,30.0,40.0
60.0,50.0,40.0,30.0,20.0,10.0,0.0,10.0,20.0,30.0
70.0,60.0,50.0,40.0,30.0,20.0,10.0,0.0,10.0,20.0
80.0,70.0,60.0,50.0,40.0,30.0,20.0,10.0,0.0,10.0
90.0,80.0,70.0,60.0,50.0,40.0,30.0,20.0,10.0,0.0
450.0,400.0,350.0,300.0,250.0,250.0,300.0,350.0,400.0,450.0
0.0,1.0,2.0,3.0,4.0,5.0,6.0,7.0,8.0,9.0
1.0,0.0,1.0,2.0,3.0,4.0,5.0,6.0,7.0,8.0
2.0,1.0,0.0,1.0,2.0,3.0,4.0,5.0,6.0,7.0
3.0,2.0,1.0,0.0,1.0,2.0,3.0,4.0,5.0,6.0
4.0,3.0,2.0,1.0,0.0,1.0,2.0,3.0,4.0,5.0
5.0,4.0,3.0,2.0,1.0,0.0,1.0,2.0,3.0,4.0
6.0,5.0,4.0,3.0,2.0,1.0,0.0,1.0,2.0,3.0
7.0,6.0,5.0,4.0,3.0,2.0,1.0,0.0,1.0,2.0
8.0,7.0,6.0,5.0,4.0,3.0,2.0,1.0,0.0,1.0
9.0,8.0,7.0,6.0,5.0,4.0,3.0,2.0,1.0,0.0
45.0,40.0,35.0,30.0,25.0,25.0,30.0,35.0,40.0,45.0
31.0,20.0,22.0,28.0,27.0,26.0,29.0,25.0,27.0,25.0,27.0,26.0,28.0,39.0,26.0,38.0,27.0,23.0,28.0,31.0,29.0,23.0,22.0,24.0,42.0,27.0,25.0,31.0,26.0,25.0,29.0,30.0,32.0,29.0,21.0,26.0,32.0,24.0,25.0,21.0,19.0,35.0,20.0,26.0,34.0,26.0,28.0,28.0,27.0,28.0
22.0,25.0,21.0,27.0,22.0,22.0,19.0,29.0,16.0,28.0,28.0,21.0,25.0,23.0,26.0,26.0,22.0,20.0,31.0,30.0,22.0,18.0,14.0,13.0,21.0,33.0,16.0,20.0,15.0,26.0,20.0,19.0,33.0,29.0,15.0,17.0,11.0,24.0,21.0,24.0,27.0,21.0,28.0,28.0,25.0,21.0,19.0,18.0,22.0,34.0
25.0,34.0,25.0,30.0,19.0,28.0,26.0,31.0,24.0,20.0,23.0,25.0,24.0,27.0,24.0,22.0,24.0,25.0,25.0,28.0,22.0,27.0,20.0,29.0,36.0,16.0,32.0,27.0,25.0,22.0,21.0,37.0,32.0,24.0,27.0,11.0,26.0,21.0,24.0,27.0,30.0,24.0,30.0,29.0,33.0,24.0,21.0,33.0,23.0,30.0
35.0,32.0,31.0,32.0,29.0,39.0,26.0,34.0,26.0,36.0,32.0,29.0,27.0,35.0,33.0,26.0,25.0,34.0,33.0,33.0,29.0,35.0,37.0,26.0,37.0,21.0,24.0,31.0,30.0,37.0,33.0,22.0,47.0,30.0,38.0,29.0,32.0,30.0,39.0,40.0,25.0,24.0,38.0,38.0,33.0,36.0,33.0,29.0,36.0,22.0
27.0,29.0,32.0,25.0,28.0,27.0,25.0,36.0,38.0,15.0,30.0,18.0,22.0,28.0,29.0,24.0,22.0,45.0,23.0,27.0,31.0,29.0,34.0,34.0,39.0,32.0,39.0,17.0,33.0,33.0,37.0,29.0,26.0,36.0,34.0,36.0,27.0,32.0,33.0,25.0,36.0,30.0,23.0,31.0,27.0,19.0,43.0,24.0,31.0,24.0
45.0,41.0,41.0,44.0,43.0,33.0,36.0,39.0,37.0,34.0,45.0,43.0,39.0,33.0,36.0,27.0,40.0,31.0,51.0,31.0,44.0,35.0,37.0,34.0,39.0,28.0,46.0,43.0,33.0,33.0,34.0,25.0,35.0,33.0,44.0,30.0,37.0,47.0,31.0,37.0,39.0,36.0,38.0,36.0,42.0,39.0,32.0,38.0,37.0,26.0
29.0,25.0,29.0,31.0,39.0,30.0,33.0,32.0,34.0,31.0,32.0,41.0,29.0,34.0,34.0,29.0,24.0,29.0,26.0,32.0,21.0,29.0,22.0,35.0,25.0,38.0,32.0,17.0,33.0,31.0,26.0,33.0,33.0,33.0,21.0,29.0,46.0,38.0,17.0,38.0,31.0,34.0,32.0,27.0,40.0,26.0,27.0,35.0,28.0,26.0
29.0,22.0,28.0,18.0,22.0,23.0,26.0,19.0,26.0,29.0,25.0,24.0,17.0,24.0,27.0,29.0,23.0,20.0,26.0,33.0,19.0,29.0,29.0,22.0,21.0,32.0,22.0,23.0,31.0,24.0,21.0,30.0,25.0,20.0,17.0,18.0,29.0,28.0,22.0,20.0,25.0,19.0,30.0,32.0,15.0,23.0,23.0,27.0,19.0,20.0
35.0,25.0,41.0,23.0,37.0,45.0,31.0,36.0,27.0,36.0,44.0,29.0,29.0,47.0,37.0,32.0,24.0,29.0,31.0,39.0,38.0,36.0,36.0,34.0,23.0,28.0,37.0,30.0,26.0,46.0,38.0,38.0,47.0,37.0,44.0,43.0,29.0,36.0,22.0,31.0,29.0,43.0,43.0,41.0,35.0,37.0,32.0,32.0,38.0,41.0
25.0,26.0,20.0,23.0,19.0,20.0,13.0,17.0,21.0,27.0,19.0,22.0,26.0,29.0,26.0,25.0,22.0,28.0,26.0,25.0,22.0,23.0,23.0,19.0,15.0,10.0,25.0,28.0,13.0,15.0,20.0,23.0,20.0,19.0,23.0,17.0,21.0,29.0,19.0,27.0,19.0,21.0,25.0,15.0,27.0,20.0,23.0,25.0,21.0,21.0
