10,50,1000
17.901489,19.498819,19.330921,19.446568,18.982489,16.603202,16.362399,17.384908,15.658712,16.193849
8.324916,5.170655,8.353682,9.318734,8.724185,7.356788,6.365281,9.945889,6.332083,9.515406
0.0,10.0,20.0,30.0,40.0,50.0,60.0,70.0,80.0,90.0
10.0,0.0,10.0,20.0,30.0,40.0,50.0,60.0,70.0,80.0
20.0,10.0,0.0,10.0,20.0,30.0,40.0,50.0,60.0,70.0
30.0,20.0,10.0,0.0,10.0,20.0,30.0,40.0,50.0,60.0
40.0,30.0,20.0,10.0,0.0,10.0,20.0,30.0,40.0,50.0
50.0,40.0,30.0,20.0,10.0,0.0,10.0,20.0,30.0,40.0
60.0,50.0,40.0,30.0,20.0,10.0,0.0,10.0,20.0,30.0
70.0,60.0,50.0,40.0,30.0,20.0,10.0,0.0,10.0,20.0
80.0,70.0,60.0,50.0,40.0,30.0,20.0,10.0,0.0,10.0
90.0,80.0,70.0,60.0,50.0,40.0,30.0,20.0,10.0,0.0
450.0,400.0,350.0,300.0,250.0,250.0,300.0,350.0,400.0,450.0
0.0,1.0,2.0,3.0,4.0,5.0,6.0,7.0,8.0,9.0
1.0,0.0,1.0,2.0,3.0,4.0,5.0,6.0,7.0,8.0
2.0,1.0,0.0,1.0,2.0,3.0,4.0,5.0,6.0,7.0
3.0,2.0,1.0,0.0,1.0,2.0,3.0,4.0,5.0,6.0
4.0,3.0,2.0,1.0,0.0,1.0,2.0,3.0,4.0,5.0
5.0,4.0,3.0,2.0,1.0,0.0,1.0,2.0,3.0,4.0
6.0,5.0,4.0,3.0,2.0,1.0,0.0,1.0,2.0,3.0
7.0,6.0,5.0,4.0,3.0,2.0,1.0,0.0,1.0,2.0
8.0,7.0,6.0,5.0,4.0,3.0,2.0,1.0,0.0,1.0
9.0,8.0,7.0,6.0,5.0,4.0,3.0,2.0,1.0,0.0
45.0,40.0,35.0,30.0,25.0,25.0,30.0,35.0,40.0,45.0
27.0,32.0,36.0,32.0,28.0,31.0,30.0,31.0,39.0,26.0,33.0,29.0,31.0,41.0,37.0,23.0,29.0,37.0,25.0,35.0,33.0,33.0,33.0,30.0,23.0,34.0,29.0,38.0,35.0,32.0,27.0,32.0,31.0,30.0,30.0,29.0,41.0,32.0,28.0,29.0,33.0,29.0,33.0,29.0,23.0,39.0,33.0,31.0,48.0,34.0
19.0,27.0,25.0,30.0,20.0,19.0,24.0,17.0,27.0,16.0,21.0,18.0,25.0,20.0,22.0,22.0,16.0,25.0,20.0,18.0,23.0,10.0,24.0,20.0,14.0,22.0,22.0,21.0,20.0,22.0,26.0,20.0,25.0,24.0,21.0,18.0,26.0,29.0,21.0,15.0,23.0,18.0,22.0,22.0,20.0,22.0,29.0,15.0,36.0,20.0
40.0,31.0,36.0,32.0,30.0,33.0,33.0,43.0,29.0,33.0,32.0,35.0,41.0,31.0,34.0,35.0,40.0,25.0,35.0,36.0,26.0,25.0,28.0,40.0,28.0,31.0,41.0,33.0,26.0,17.0,31.0,29.0,28.0,36.0,35.0,32.0,22.0,28.0,41.0,29.0,30.0,34.0,29.0,31.0,41.0,28.0,38.0,46.0,35.0,30.0
38.0,23.0,32.0,38.0,31.0,38.0,32.0,37.0,35.0,44.0,36.0,31.0,25.0,37.0,32.0,24.0,33.0,32.0,22.0,36.0,39.0,39.0,36.0,32.0,47.0,41.0,44.0,32.0,36.0,26.0,25.0,26.0,35.0,33.0,30.0,26.0,30.0,25.0,31.0,32.0,28.0,27.0,29.0,43.0,39.0,33.0,40.0,36.0,38.0,32.0
44.0,34.0,41.0,27.0,43.0,37.0,36.0,37.0,29.0,22.0,32.0,31.0,43.0,39.0,50.0,26.0,30.0,43.0,60.0,28.0,29.0,46.0,36.0,30.0,36.0,32.0,33.0,45.0,31.0,36.0,40.0,34.0,25.0,29.0,41.0,33.0,44.0,25.0,37.0,33.0,31.0,36.0,28.0,31.0,30.0,36.0,28.0,33.0,28.0,41.0
25.0,34.0,30.0,27.0,35.0,25.0,21.0,29.0,18.0,24.0,39.0,22.0,30.0,31.0,35.0,29.0,23.0,26.0,22.0,32.0,24.0,28.0,29.0,27.0,23.0,28.0,27.0,20.0,30.0,20.0,20.0,41.0,28.0,19.0,25.0,35.0,34.0,19.0,32.0,23.0,20.0,25.0,27.0,40.0,24.0,25.0,20.0,26.0,26.0,20.0
33.0,33.0,30.0,21.0,28.0,23.0,21.0,33.0,14.0,20.0,25.0,21.0,39.0,29.0,26.0,18.0,25.0,12.0,30.0,21.0,30.0,24.0,27.0,28.0,28.0,26.0,27.0,31.0,27.0,21.0,28.0,27.0,25.0,30.0,20.0,33.0,20.0,21.0,20.0,24.0,22.0,31.0,23.0,21.0,24.0,36.0,26.0,24.0,30.0,28.0
40.0,34.0,39.0,34.0,37.0,25.0,39.0,32.0,33.0,29.0,32.0,38.0,33.0,46.0,37.0,36.0,36.0,36.0,40.0,37.0,39.0,29.0,25.0,33.0,28.0,44.0,40.0,34.0,40.0,28.0,33.0,40.0,43.0,35.0,37.0,32.0,40.0,32.0,26.0,33.0,44.0,29.0,41.0,32.0,28.0,41.0,45.0,34.0,36.0,39.0
21.0,32.0,22.0,25.0,17.0,25.0,25.0,23.0,20.0,34.0,17.0,23.0,20.0,26.0,21.0,30.0,21.0,24.0,35.0,27.0,28.0,30.0,31.0,22.0,29.0,31.0,28.0,20.0,28.0,21.0,26.0,21.0,23.0,24.0,33.0,29.0,18.0,27.0,28.0,13.0,21.0,21.0,26.0,22.0,29.0,18.0,26.0,27.0,30.0,17.0
43.0,36.0,39.0,37.0,39.0,34.0,47.0,38.0,53.0,38.0,35.0,19.0,47.0,28.0,34.0,32.0,30.0,35.0,36.0,40.0,39.0,44.0,43.0,31.0,34.0,36.0,34.0,31.0,32.0,37.0,42.0,35.0,26.0,27.0,30.0,19.0,38.0,33.0,39.0,35.0,32.0,37.0,42.0,39.0,41.0,28.0,37.0,38.0,41.0,24.0
