10,50,1000
16.469028,15.201481,19.633344,15.003845,17.712466,15.252649,17.894463,16.623863,16.535316,19.078009
8.363379,6.768796,5.969491,7.106766,5.578814,6.539287,5.697337,6.430696,8.583403,6.3966
0.0,10.0,20.0,30.0,40.0,50.0,60.0,70.0,80.0,90.0
10.0,0.0,10.0,20.0,30.0,40.0,50.0,60.0,70.0,80.0
20.0,10.0,0.0,10.0,20.0,30.0,40.0,50.0,60.0,70.0
30.0,20.0,10.0,0.0,10.0,20.0,30.0,40.0,50.0,60.0
40.0,30.0,20.0,10.0,0.0,10.0,20.0,30.0,40.0,50.0
50.0,40.0,30.0,20.0,10.0,0.0,10.0,20.0,30.0,40.0
60.0,50.0,40.0,30.0,20.0,10.0,0.0,10.0,20.0,30.0
70.0,60.0,50.0,40.0,30.0,20.0,10.0,0.0,10.0,20.0
80.0,70.0,60.0,50.0,40.0,30.0,20.0,10.0,0.0,10.0
90.0,80.0,70.0,60.0,50.0,40.0,30.0,20.0,10.0,0.0
450.0,400.0,350.0,300.0,250.0,250.0,300.0,350.0,400.0,450.0
0.0,1.0,2.0,3.0,4.0,5.0,6.0,7.0,8.0,9.0
1.0,0.0,1.0,2.0,3.0,4.0,5.0,6.0,7.0,8.0
2.0,1.0,0.0,1.0,2.0,3.0,4.0,5.0,6.0,7.0
3.0,2.0,1.0,0.0,1.0,2.0,3.0,4.0,5.0,6.0
4.0,3.0,2.0,1.0,0.0,1.0,2.0,3.0,4.0,5.0
5.0,4.0,3.0,2.0,1.0,0.0,1.0,2.0,3.0,4.0
6.0,5.0,4.0,3.0,2.0,1.0,0.0,1.0,2.0,3.0
7.0,6.0,5.0,4.0,3.0,2.0,1.0,0.0,1.0,2.0
8.0,7.0,6.0,5.0,4.0,3.0,2.0,1.0,0.0,1.0
9.0,8.0,7.0,6.0,5.0,4.0,3.0,2.0,1.0,0.0
45.0,40.0,35.0,30.0,25.0,25.0,30.0,35.0,40.0,45.0
39.0,28.0,27.0,33.0,33.0,28.0,34.0,24.0,33.0,20.0,29.0,31.0,29.0,32.0,25.0,44.0,29.0,43.0,35.0,30.0,28.0,29.0,21.0,29.0,28.0,39.0,27.0,32.0,31.0,40.0,28.0,31.0,25.0,32.0,20.0,33.0,28.0,35.0,32.0,35.0,38.0,30.0,27.0,30.0,28.0,25.0,23.0,26.0,35.0,25.0
25.0,34.0,30.0,19.0,29.0,19.0,36.0,17.0,25.0,30.0,29.0,22.0,30.0,26.0,29.0,22.0,26.0,29.0,20.0,20.0,18.0,18.0,34.0,19.0,25.0,27.0,31.0,29.0,22.0,27.0,27.0,15.0,32.0,28.0,29.0,23.0,20.0,27.0,34.0,26.0,30.0,18.0,34.0,30.0,28.0,27.0,27.0,29.0,32.0,22.0
32.0,22.0,33.0,24.0,18.0,23.0,20.0,21.0,24.0,23.0,25.0,31.0,29.0,29.0,26.0,23.0,27.0,28.0,34.0,29.0,30.0,20.0,25.0,25.0,33.0,21.0,15.0,11.0,36.0,12.0,22.0,16.0,23.0,24.0,26.0,24.0,20.0,26.0,22.0,32.0,35.0,19.0,31.0,21.0,21.0,21.0,16.0,31.0,18.0,23.0
20.0,21.0,32.0,29.0,36.0,30.0,27.0,28.0,24.0,34.0,31.0,31.0,26.0,32.0,22.0,30.0,27.0,17.0,29.0,33.0,19.0,26.0,25.0,30.0,25.0,25.0,25.0,18.0,27.0,24.0,30.0,31.0,24.0,17.0,23.0,32.0,34.0,24.0,28.0,28.0,30.0,24.0,12.0,28.0,27.0,33.0,32.0,19.0,23.0,35.0
22.0,25.0,20.0,18.0,27.0,26.0,27.0,28.0,20.0,26.0,19.0,21.0,27.0,21.0,24.0,14.0,16.0,19.0,26.0,31.0,23.0,22.0,33.0,17.0,18.0,15.0,26.0,23.0,23.0,18.0,28.0,23.0,22.0,22.0,27.0,35.0,22.0,19.0,17.0,29.0,19.0,19.0,26.0,23.0,26.0,26.0,27.0,19.0,19.0,35.0
23.0,25.0,29.0,33.0,18.0,31.0,27.0,22.0,19.0,21.0,23.0,35.0,26.0,33.0,28.0,21.0,31.0,23.0,20.0,28.0,25.0,27.0,18.0,42.0,28.0,19.0,26.0,19.0,25.0,31.0,19.0,26.0,26.0,29.0,31.0,20.0,34.0,29.0,29.0,18.0,32.0,23.0,30.0,22.0,28.0,22.0,32.0,28.0,19.0,23.0
21.0,23.0,24.0,21.0,26.0,31.0,10.0,28.0,25.0,22.0,21.0,20.0,20.0,25.0,21.0,17.0,30.0,25.0,30.0,22.0,32.0,23.0,21.0,12.0,20.0,35.0,15.0,21.0,25.0,21.0,21.0,30.0,23.0,32.0,21.0,25.0,33.0,25.0,16.0,15.0,25.0,28.0,27.0,29.0,22.0,26.0,21.0,24.0,21.0,23.0
22.0,26.0,28.0,31.0,14.0,23.0,22.0,29.0,24.0,26.0,29.0,22.0,18.0,25.0,36.0,25.0,26.0,28.0,32.0,21.0,20.0,29.0,27.0,28.0,29.0,32.0,19.0,26.0,32.0,27.0,19.0,24.0,23.0,16.0,22.0,17.0,31.0,25.0,34.0,26.0,29.0,16.0,23.0,20.0,30.0,27.0,31.0,27.0,26.0,23.0
35.0,40.0,41.0,35.0,37.0,37.0,23.0,37.0,36.0,34.0,31.0,28.0,27.0,23.0,45.0,33.0,32.0,32.0,27.0,28.0,35.0,36.0,28.0,31.0,33.0,28.0,29.0,34.0,31.0,33.0,30.0,32.0,30.0,35.0,33.0,29.0,32.0,28.0,34.0,31.0,35.0,39.0,37.0,31.0,34.0,36.0,29.0,26.0,28.0,35.0
25.0,20.0,18.0,14.0,29.0,20.0,26.0,24.0,18.0,22.0,22.0,26.0,21.0,25.0,29.0,30.0,25.0,34.0,24.0,22.0,18.0,26.0,36.0,27.0,24.0,33.0,21.0,20.0,25.0,26.0,23.0,32.0,34.0,14.0,20.0,30.0,27.0,21.0,27.0,34.0,24.0,23.0,22.0,27.0,25.0,26.0,23.0,18.0,23.0,23.0
