10,50,1000
19.42175,16.52074,18.71389,15.378402,15.448713,15.29884,19.823085,16.911801,15.333113,19.994382
5.15303,5.338255,7.610156,6.307639,8.039547,8.163463,6.979006,7.671906,6.241699,6.818677
0.0,10.0,20.0,30.0,40.0,50.0,60.0,70.0,80.0,90.0
10.0,0.0,10.0,20.0,30.0,40.0,50.0,60.0,70.0,80.0
20.0,10.0,0.0,10.0,20.0,30.0,40.0,50.0,60.0,70.0
30.0,20.0,10.0,0.0,10.0,20.0,30.0,40.0,50.0,60.0
40.0,30.0,20.0,10.0,0.0,10.0,20.0,30.0,40.0,50.0
50.0,40.0,30.0,20.0,10.0,0.0,10.0,20.0,30.0,40.0
60.0,50.0,40.0,30.0,20.0,10.0,0.0,10.0,20.0,30.0
70.0,60.0,50.0,40.0,30.0,20.0,10.0,0.0,10.0,20.0
80.0,70.0,60.0,50.0,40.0,30.0,20.0,10.0,0.0,10.0
90.0,80.0,70.0,60.0,50.0,40.0,30.0,20.0,10.0,0.0
450.0,400.0,350.0,300.0,250.0,250.0,300.0,350.0,400.0,450.0
0.0,1.0,2.0,3.0,4.0,5.0,6.0,7.0,8.0,9.0
1.0,0.0,1.0,2.0,3.0,4.0,5.0,6.0,7.0,8.0
2.0,1.0,0.0,1.0,2.0,3.0,4.0,5.0,6.0,7.0
3.0,2.0,1.0,0.0,1.0,2.0,3.0,4.0,5.0,6.0
4.0,3.0,2.0,1.0,0.0,1.0,2.0,3.0,4.0,5.0
5.0,4.0,3.0,2.0,1.0,0.0,1.0,2.0,3.0,4.0
6.0,5.0,4.0,3.0,2.0,1.0,0.0,1.0,2.0,3.0
7.0,6.0,5.0,4.0,3.0,2.0,1.0,0.0,1.0,2.0
8.0,7.0,6.0,5.0,4.0,3.0,2.0,1.0,0.0,1.0
9.0,8.0,7.0,6.0,5.0,4.0,3.0,2.0,1.0,0.0
45.0,40.0,35.0,30.0,25.0,25.0,30.0,35.0,40.0,45.0
24.0,17.0,13.0,22.0,25.0,24.0,23.0,21.0,21.0,34.0,24.0,16.0,20.0,21.0,17.0,25.0,20.0,19.0,25.0,32.0,28.0,16.0,16.0,20.0,19.0,26.0,21.0,20.0,22.0,24.0,14.0,22.0,19.0,25.0,19.0,22.0,25.0,17.0,29.0,25.0,29.0,30.0,24.0,22.0,22.0,21.0,25.0,31.0,29.0,26.0
14.0,20.0,24.0,32.0,12.0,17.0,16.0,12.0,13.0,27.0,17.0,20.0,21.0,23.0,23.0,18.0,28.0,25.0,23.0,22.0,18.0,20.0,21.0,26.0,21.0,32.0,15.0,21.0,9.0,22.0,20.0,26.0,16.0,25.0,22.0,24.0,24.0,27.0,29.0,19.0,21.0,28.0,24.0,17.0,27.0,20.0,23.0,22.0,16.0,17.0
31.0,23.0,26.0,28.0,30.0,35.0,27.0,36.0,27.0,25.0,32.0,32.0,28.0,20.0,34.0,19.0,29.0,27.0,29.0,25.0,39.0,40.0,24.0,35.0,28.0,27.0,37.0,32.0,27.0,22.0,30.0,29.0,22.0,30.0,35.0,24.0,31.0,24.0,34.0,35.0,32.0,18.0,31.0,21.0,35.0,31.0,21.0,21.0,26.0,37.0
24.0,25.0,22.0,25.0,25.0,25.0,16.0,14.0,26.0,20.0,21.0,26.0,18.0,27.0,21.0,28.0,23.0,24.0,30.0,26.0,23.0,22.0,27.0,31.0,26.0,23.0,18.0,17.0,26.0,29.0,24.0,16.0,19.0,27.0,15.0,20.0,23.0,21.0,25.0,24.0,22.0,20.0,16.0,19.0,21.0,30.0,22.0,33.0,28.0,23.0
33.0,40.0,28.0,26.0,24.0,23.0,22.0,32.0,30.0,39.0,34.0,25.0,29.0,24.0,31.0,32.0,34.0,32.0,33.0,41.0,28.0,33.0,35.0,30.0,25.0,28.0,34.0,35.0,31.0,32.0,30.0,23.0,34.0,25.0,23.0,31.0,29.0,32.0,31.0,29.0,28.0,31.0,33.0,35.0,35.0,29.0,21.0,27.0,41.0,28.0
29.0,20.0,24.0,30.0,32.0,30.0,25.0,31.0,26.0,37.0,29.0,34.0,27.0,39.0,23.0,30.0,31.0,29.0,30.0,33.0,27.0,30.0,29.0,28.0,36.0,31.0,32.0,26.0,27.0,26.0,37.0,29.0,21.0,27.0,28.0,39.0,31.0,33.0,25.0,30.0,28.0,35.0,34.0,31.0,25.0,29.0,29.0,23.0,37.0,23.0
27.0,32.0,26.0,31.0,31.0,28.0,32.0,39.0,25.0,36.0,25.0,37.0,30.0,23.0,29.0,26.0,37.0,23.0,19.0,27.0,34.0,25.0,18.0,36.0,27.0,19.0,27.0,32.0,24.0,32.0,28.0,25.0,46.0,20.0,32.0,26.0,37.0,29.0,27.0,23.0,33.0,24.0,35.0,40.0,24.0,28.0,25.0,27.0,29.0,25.0
32.0,33.0,28.0,32.0,20.0,26.0,33.0,36.0,36.0,28.0,27.0,30.0,21.0,29.0,32.0,35.0,29.0,29.0,34.0,30.0,23.0,37.0,41.0,28.0,23.0,32.0,22.0,28.0,26.0,32.0,27.0,32.0,16.0,28.0,28.0,31.0,35.0,17.0,23.0,31.0,30.0,31.0,32.0,20.0,29.0,26.0,23.0,24.0,25.0,33.0
25.0,19.0,23.0,29.0,17.0,22.0,26.0,21.0,23.0,17.0,28.0,21.0,25.0,19.0,24.0,31.0,26.0,24.0,21.0,18.0,24.0,26.0,23.0,27.0,28.0,25.0,32.0,21.0,28.0,31.0,14.0,21.0,29.0,21.0,22.0,28.0,25.0,29.0,20.0,28.0,28.0,20.0,25.0,25.0,27.0,27.0,35.0,33.0,30.0,26.0
26.0,26.0,34.0,38.0,22.0,25.0,34.0,28.0,24.0,35.0,27.0,24.0,22.0,31.0,29.0,25.0,27.0,30.0,24.0,25.0,30.0,36.0,23.0,26.0,18.0,30.0,28.0,22.0,25.0,23.0,38.0,37.0,23.0,18.0,31.0,32.0,25.0,36.0,26.0,24.0,31.0,24.0,32.0,28.0,25.0,25.0,22.0,30.0,25.0,33.0
