10,50,1000
18.435377,15.50385,16.485518,19.678286,19.99723,17.901756,17.911935,15.989996,17.73306,17.514558
9.046975,9.359666,6.652942,5.803061,6.593191,6.047378,6.528447,9.741206,9.793039,5.896054
0.0,10.0,20.0,30.0,40.0,50.0,60.0,70.0,80.0,90.0
10.0,0.0,10.0,20.0,30.0,40.0,50.0,60.0,70.0,80.0
20.0,10.0,0.0,10.0,20.0,30.0,40.0,50.0,60.0,70.0
30.0,20.0,10.0,0.0,10.0,20.0,30.0,40.0,50.0,60.0
40.0,30.0,20.0,10.0,0.0,10.0,20.0,30.0,40.0,50.0
50.0,40.0,30.0,20.0,10.0,0.0,10.0,20.0,30.0,40.0
60.0,50.0,40.0,30.0,20.0,10.0,0.0,10.0,20.0,30.0
70.0,60.0,50.0,40.0,30.0,20.0,10.0,0.0,10.0,20.0
80.0,70.0,60.0,50.0,40.0,30.0,20.0,10.0,0.0,10.0
90.0,80.0,70.0,60.0,50.0,40.0,30.0,20.0,10.0,0.0
450.0,400.0,350.0,300.0,250.0,250.0,300.0,350.0,400.0,450.0
0.0,1.0,2.0,3.0,4.0,5.0,6.0,7.0,8.0,9.0
1.0,0.0,1.0,2.0,3.0,4.0,5.0,6.0,7.0,8.0
2.0,1.0,0.0,1.0,2.0,3.0,4.0,5.0,6.0,7.0
3.0,2.0,1.0,0.0,1.0,2.0,3.0,4.0,5.0,6.0
4.0,3.0,2.0,1.0,0.0,1.0,2.0,3.0,4.0,5.0
5.0,4.0,3.0,2.0,1.0,0.0,1.0,2.0,3.0,4.0
6.0,5.0,4.0,3.0,2.0,1.0,0.0,1.0,2.0,3.0
7.0,6.0,5.0,4.0,3.0,2.0,1.0,0.0,1.0,2.0
8.0,7.0,6.0,5.0,4.0,3.0,2.0,1.0,0.0,1.0
9.0,8.0,7.0,6.0,5.0,4.0,3.0,2.0,1.0,0.0
45.0,40.0,35.0,30.0,25.0,25.0,30.0,35.0,40.0,45.0
36.0,33.0,36.0,29.0,27.0,29.0,32.0,42.0,33.0,34.0,34.0,35.0,31.0,35.0,33.0,32.0,41.0,32.0,34.0,37.0,37.0,25.0,36.0,36.0,42.0,43.0,38.0,38.0,36.0,27.0,46.0,37.0,30.0,27.0,43.0,36.0,29.0,32.0,35.0,33.0,25.0,37.0,29.0,33.0,42.0,42.0,37.0,41.0,32.0,38.0
42.0,33.0,21.0,35.0,35.0,32.0,27.0,36.0,35.0,27.0,28.0,30.0,36.0,47.0,32.0,29.0,40.0,35.0,35.0,32.0,26.0,34.0,30.0,38.0,41.0,33.0,35.0,38.0,34.0,36.0,31.0,39.0,43.0,31.0,32.0,40.0,32.0,34.0,26.0,30.0,30.0,24.0,27.0,26.0,47.0,41.0,37.0,26.0,35.0,37.0
30.0,33.0,23.0,29.0,26.0,27.0,34.0,25.0,20.0,23.0,21.0,30.0,32.0,21.0,27.0,34.0,23.0,22.0,36.0,24.0,24.0,20.0,34.0,17.0,24.0,17.0,25.0,22.0,32.0,30.0,26.0,28.0,33.0,17.0,22.0,27.0,26.0,27.0,19.0,22.0,29.0,27.0,20.0,27.0,16.0,18.0,26.0,27.0,31.0,23.0
25.0,22.0,20.0,21.0,26.0,27.0,20.0,20.0,17.0,24.0,25.0,22.0,27.0,36.0,23.0,27.0,26.0,24.0,21.0,19.0,26.0,28.0,20.0,21.0,22.0,24.0,19.0,41.0,20.0,24.0,22.0,36.0,18.0,24.0,30.0,27.0,27.0,33.0,22.0,25.0,16.0,26.0,24.0,23.0,25.0,20.0,30.0,18.0,24.0,24.0
29.0,30.0,30.0,32.0,24.0,30.0,28.0,33.0,26.0,25.0,28.0,34.0,28.0,33.0,33.0,26.0,32.0,27.0,25.0,22.0,28.0,15.0,30.0,27.0,19.0,27.0,22.0,27.0,26.0,20.0,26.0,26.0,29.0,32.0,27.0,26.0,23.0,24.0,30.0,40.0,22.0,31.0,32.0,27.0,26.0,24.0,31.0,22.0,24.0,24.0
30.0,26.0,20.0,28.0,21.0,23.0,29.0,34.0,22.0,26.0,23.0,27.0,19.0,24.0,19.0,29.0,28.0,25.0,20.0,20.0,9.0,21.0,24.0,21.0,23.0,17.0,31.0,24.0,18.0,33.0,24.0,31.0,29.0,34.0,20.0,28.0,19.0,20.0,27.0,24.0,22.0,28.0,27.0,27.0,26.0,23.0,19.0,28.0,16.0,23.0
29.0,30.0,19.0,21.0,23.0,28.0,27.0,24.0,32.0,24.0,28.0,28.0,18.0,20.0,28.0,20.0,28.0,24.0,31.0,16.0,20.0,23.0,25.0,31.0,23.0,29.0,19.0,24.0,18.0,35.0,20.0,21.0,15.0,28.0,33.0,26.0,28.0,30.0,31.0,28.0,17.0,36.0,21.0,23.0,27.0,20.0,25.0,19.0,27.0,24.0
26.0,37.0,28.0,39.0,34.0,38.0,39.0,42.0,24.0,35.0,42.0,40.0,32.0,22.0,30.0,34.0,41.0,39.0,40.0,40.0,29.0,28.0,29.0,40.0,31.0,49.0,45.0,39.0,36.0,36.0,29.0,42.0,36.0,43.0,40.0,42.0,28.0,48.0,23.0,18.0,39.0,39.0,32.0,29.0,38.0,24.0,32.0,33.0,40.0,31.0
27.0,42.0,34.0,30.0,47.0,45.0,38.0,32.0,19.0,29.0,35.0,27.0,36.0,27.0,47.0,35.0,33.0,25.0,38.0,42.0,23.0,28.0,20.0,31.0,35.0,22.0,39.0,45.0,43.0,24.0,38.0,31.0,39.0,41.0,40.0,23.0,46.0,46.0,37.0,36.0,51.0,41.0,41.0,37.0,34.0,33.0,41.0,34.0,49.0,47.0
22.0,23.0,23.0,27.0,25.0,25.0,29.0,28.0,21.0,24.0,29.0,33.0,27.0,23.0,32.0,26.0,26.0,33.0,18.0,26.0,23.0,24.0,22.0,26.0,22.0,33.0,22.0,20.0,27.0,36.0,22.0,22.0,22.0,24.0,21.0,29.0,26.0,24.0,24.0,17.0,20.0,23.0,24.0,25.0,28.0,18.0,29.0,38.0,22.0,18.0
