10,50,1000
18.362765,15.215803,15.069454,15.007169,17.309016,15.459007,19.609155,19.58119,16.839897,17.073813
8.257636,6.980446,7.088255,6.464558,6.135464,9.363975,6.214402,7.991049,6.989673,7.824148
0.0,10.0,20.0,30.0,40.0,50.0,60.0,70.0,80.0,90.0
10.0,0.0,10.0,20.0,30.0,40.0,50.0,60.0,70.0,80.0
20.0,10.0,0.0,10.0,20.0,30.0,40.0,50.0,60.0,70.0
30.0,20.0,10.0,0.0,10.0,20.0,30.0,40.0,50.0,60.0
40.0,30.0,20.0,10.0,0.0,10.0,20.0,30.0,40.0,50.0
50.0,40.0,30.0,20.0,10.0,0.0,10.0,20.0,30.0,40.0
60.0,50.0,40.0,30.0,20.0,10.0,0.0,10.0,20.0,30.0
70.0,60.0,50.0,40.0,30.0,20.0,10.0,0.0,10.0,20.0
80.0,70.0,60.0,50.0,40.0,30.0,20.0,10.0,0.0,10.0
90.0,80.0,70.0,60.0,50.0,40.0,30.0,20.0,10.0,0.0
450.0,400.0,350.0,300.0,250.0,250.0,300.0,350.0,400.0,450.0
0.0,1.0,2.0,3.0,4.0,5.0,6.0,7.0,8.0,9.0
1.0,0.0,1.0,2.0,3.0,4.0,5.0,6.0,7.0,8.0
2.0,1.0,0.0,1.0,2.0,3.0,4.0,5.0,6.0,7.0
3.0,2.0,1.0,0.0,1.0,2.0,3.0,4.0,5.0,6.0
4.0,3.0,2.0,1.0,0.0,1.0,2.0,3.0,4.0,5.0
5.0,4.0,3.0,2.0,1.0,0.0,1.0,2.0,3.0,4.0
6.0,5.0,4.0,3.0,2.0,1.0,0.0,1.0,2.0,3.0
7.0,6.0,5.0,4.0,3.0,2.0,1.0,0.0,1.0,2.0
8.0,7.0,6.0,5.0,4.0,3.0,2.0,1.0,0.0,1.0
9.0,8.0,7.0,6.0,5.0,4.0,3.0,2.0,1.0,0.0
45.0,40.0,35.0,30.0,25.0,25.0,30.0,35.0,40.0,45.0
30.0,28.0,29.0,29.0,29.0,26.0,24.0,31.0,36.0,31.0,34.0,30.0,38.0,32.0,33.0,37.0,32.0,29.0,32.0,34.0,32.0,25.0,25.0,35.0,36.0,33.0,31.0,15.0,32.0,42.0,23.0,27.0,24.0,34.0,34.0,33.0,29.0,27.0,28.0,33.0,32.0,34.0,22.0,28.0,31.0,33.0,37.0,36.0,31.0,27.0
35.0,25.0,26.0,31.0,24.0,27.0,32.0,22.0,31.0,26.0,22.0,17.0,26.0,22.0,32.0,21.0,29.0,36.0,21.0,29.0,29.0,21.0,27.0,22.0,29.0,35.0,32.0,23.0,21.0,23.0,22.0,20.0,25.0,30.0,16.0,18.0,27.0,37.0,32.0,27.0,29.0,15.0,29.0,24.0,33.0,27.0,24.0,24.0,28.0,32.0
27.0,23.0,37.0,26.0,26.0,25.0,26.0,28.0,28.0,19.0,25.0,25.0,36.0,26.0,29.0,33.0,18.0,32.0,25.0,19.0,20.0,33.0,22.0,25.0,31.0,20.0,29.0,23.0,27.0,31.0,27.0,20.0,28.0,29.0,25.0,23.0,22.0,20.0,27.0,33.0,31.0,21.0,26.0,24.0,28.0,20.0,31.0,36.0,27.0,22.0
19.0,24.0,24.0,30.0,20.0,25.0,27.0,26.0,31.0,29.0,21.0,29.0,23.0,25.0,21.0,34.0,23.0,32.0,22.0,22.0,32.0,30.0,28.0,24.0,21.0,15.0,23.0,22.0,32.0,24.0,16.0,21.0,26.0,24.0,36.0,23.0,24.0,20.0,23.0,25.0,35.0,27.0,23.0,26.0,23.0,26.0,27.0,25.0,25.0,23.0
19.0,20.0,26.0,18.0,22.0,26.0,28.0,32.0,28.0,30.0,22.0,22.0,26.0,23.0,24.0,17.0,22.0,29.0,23.0,15.0,25.0,26.0,25.0,29.0,25.0,27.0,18.0,21.0,35.0,12.0,27.0,26.0,34.0,37.0,31.0,20.0,27.0,30.0,30.0,15.0,26.0,26.0,22.0,21.0,23.0,24.0,21.0,22.0,24.0,27.0
40.0,39.0,33.0,28.0,40.0,32.0,41.0,29.0,28.0,38.0,26.0,31.0,27.0,31.0,36.0,32.0,32.0,32.0,30.0,32.0,26.0,41.0,37.0,36.0,31.0,43.0,32.0,27.0,32.0,34.0,37.0,41.0,36.0,30.0,36.0,49.0,38.0,40.0,39.0,31.0,35.0,26.0,38.0,24.0,34.0,37.0,39.0,29.0,36.0,34.0
24.0,24.0,24.0,26.0,26.0,24.0,21.0,23.0,23.0,22.0,24.0,26.0,13.0,26.0,25.0,25.0,30.0,21.0,28.0,32.0,27.0,34.0,23.0,25.0,27.0,26.0,22.0,24.0,26.0,21.0,30.0,22.0,17.0,32.0,30.0,23.0,28.0,34.0,18.0,31.0,28.0,33.0,21.0,29.0,28.0,26.0,28.0,35.0,28.0,24.0
32.0,30.0,34.0,29.0,29.0,24.0,26.0,24.0,38.0,35.0,31.0,38.0,30.0,20.0,37.0,25.0,36.0,29.0,37.0,28.0,36.0,34.0,25.0,33.0,31.0,30.0,28.0,32.0,29.0,28.0,33.0,34.0,25.0,24.0,31.0,23.0,20.0,32.0,32.0,34.0,35.0,31.0,28.0,20.0,36.0,29.0,38.0,32.0,28.0,18.0
20.0,19.0,28.0,30.0,28.0,21.0,23.0,17.0,30.0,32.0,25.0,25.0,23.0,26.0,24.0,27.0,28.0,24.0,21.0,28.0,31.0,24.0,20.0,23.0,34.0,16.0,35.0,27.0,37.0,28.0,26.0,20.0,26.0,16.0,22.0,32.0,28.0,20.0,30.0,22.0,17.0,30.0,35.0,27.0,22.0,26.0,23.0,38.0,31.0,27.0
27.0,23.0,35.0,26.0,22.0,29.0,29.0,34.0,33.0,24.0,28.0,24.0,33.0,34.0,31.0,32.0,30.0,24.0,33.0,34.0,35.0,28.0,29.0,30.0,29.0,34.0,35.0,23.0,25.0,28.0,35.0,36.0,25.0,23.0,19.0,41.0,29.0,32.0,27.0,21.0,28.0,26.0,27.0,35.0,35.0,36.0,26.0,32.0,23.0,40.0
