10,50,1000
17.106641,16.130851,15.201177,17.563068,15.574126,18.061426,16.820355,16.345898,16.028763,16.373584
7.438684,7.198763,7.255252,8.17093,9.570501,7.145085,9.630193,9.712643,9.754978,5.860904
0.0,10.0,20.0,30.0,40.0,50.0,60.0,70.0,80.0,90.0
10.0,0.0,10.0,20.0,30.0,40.0,50.0,60.0,70.0,80.0
20.0,10.0,0.0,10.0,20.0,30.0,40.0,50.0,60.0,70.0
30.0,20.0,10.0,0.0,10.0,20.0,30.0,40.0,50.0,60.0
40.0,30.0,20.0,10.0,0.0,10.0,20.0,30.0,40.0,50.0
50.0,40.0,30.0,20.0,10.0,0.0,10.0,20.0,30.0,40.0
60.0,50.0,40.0,30.0,20.0,10.0,0.0,10.0,20.0,30.0
70.0,60.0,50.0,40.0,30.0,20.0,10.0,0.0,10.0,20.0
80.0,70.0,60.0,50.0,40.0,30.0,20.0,10.0,0.0,10.0
90.0,80.0,70.0,60.0,50.0,40.0,30.0,20.0,10.0,0.0
450.0,400.0,350.0,300.0,250.0,250.0,300.0,350.0,400.0,450.0
0.0,1.0,2.0,3.0,4.0,5.0,6.0,7.0,8.0,9.0
1.0,0.0,1.0,2.0,3.0,4.0,5.0,6.0,7.0,8.0
2.0,1.0,0.0,1.0,2.0,3.0,4.0,5.0,6.0,7.0
3.0,2.0,1.0,0.0,1.0,2.0,3.0,4.0,5.0,6.0
4.0,3.0,2.0,1.0,0.0,1.0,2.0,3.0,4.0,5.0
5.0,4.0,3.0,2.0,1.0,0.0,1.0,2.0,3.0,4.0
6.0,5.0,4.0,3.0,2.0,1.0,0.0,1.0,2.0,3.0
7.0,6.0,5.0,4.0,3.0,2.0,1.0,0.0,1.0,2.0
8.0,7.0,6.0,5.0,4.0,3.0,2.0,1.0,0.0,1.0
9.0,8.0,7.0,6.0,5.0,4.0,3.0,2.0,1.0,0.0
45.0,40.0,35.0,30.0,25.0,25.0,30.0,35.0,40.0,45.0
25.0,25.0,35.0,25.0,23.0,27.0,27.0,22.0,25.0,22.0,32.0,22.0,28.0,32.0,32.0,22.0,41.0,27.0,33.0,29.0,28.0,35.0,27.0,23.0,24.0,32.0,31.0,23.0,24.0,30.0,34.0,30.0,23.0,20.0,26.0,39.0,33.0,41.0,30.0,30.0,24.0,29.0,21.0,27.0,35.0,32.0,29.0,26.0,26.0,18.0
26.0,22.0,36.0,33.0,20.0,34.0,22.0,24.0,26.0,21.0,28.0,25.0,19.0,29.0,22.0,31.0,37.0,33.0,30.0,24.0,34.0,33.0,25.0,28.0,33.0,32.0,30.0,23.0,29.0,34.0,26.0,26.0,38.0,24.0,31.0,19.0,18.0,26.0,27.0,32.0,23.0,21.0,34.0,29.0,27.0,32.0,21.0,27.0,26.0,19.0
23.0,24.0,25.0,28.0,20.0,25.0,20.0,35.0,24.0,29.0,32.0,29.0,21.0,25.0,29.0,24.0,34.0,33.0,32.0,28.0,19.0,25.0,19.0,29.0,20.0,33.0,27.0,40.0,32.0,34.0,27.0,21.0,26.0,25.0,26.0,24.0,24.0,29.0,20.0,21.0,24.0,26.0,28.0,25.0,28.0,17.0,29.0,26.0,25.0,27.0
36.0,24.0,28.0,31.0,36.0,39.0,35.0,20.0,32.0,36.0,29.0,33.0,38.0,27.0,33.0,39.0,29.0,32.0,31.0,25.0,33.0,40.0,33.0,33.0,37.0,38.0,28.0,29.0,29.0,25.0,28.0,39.0,45.0,29.0,32.0,26.0,37.0,27.0,27.0,34.0,34.0,20.0,35.0,43.0,25.0,32.0,38.0,25.0,40.0,26.0
37.0,35.0,42.0,39.0,36.0,28.0,28.0,37.0,34.0,36.0,40.0,40.0,37.0,30.0,43.0,40.0,29.0,33.0,29.0,28.0,40.0,31.0,25.0,47.0,49.0,31.0,31.0,42.0,43.0,32.0,32.0,38.0,35.0,37.0,37.0,34.0,44.0,41.0,40.0,30.0,28.0,29.0,42.0,30.0,39.0,35.0,37.0,38.0,32.0,40.0
34.0,30.0,25.0,27.0,27.0,31.0,29.0,30.0,24.0,29.0,30.0,22.0,28.0,17.0,28.0,27.0,28.0,32.0,23.0,23.0,26.0,26.0,37.0,35.0,25.0,24.0,23.0,24.0,23.0,38.0,31.0,29.0,28.0,19.0,33.0,26.0,24.0,26.0,26.0,34.0,27.0,22.0,28.0,31.0,29.0,28.0,35.0,33.0,22.0,30.0
40.0,35.0,28.0,33.0,40.0,39.0,40.0,43.0,48.0,28.0,41.0,41.0,44.0,43.0,33.0,36.0,31.0,39.0,29.0,29.0,32.0,29.0,43.0,42.0,36.0,30.0,44.0,31.0,38.0,38.0,29.0,33.0,40.0,40.0,46.0,35.0,36.0,38.0,33.0,44.0,34.0,36.0,30.0,23.0,29.0,37.0,32.0,28.0,41.0,29.0
49.0,40.0,36.0,22.0,35.0,41.0,34.0,38.0,37.0,37.0,42.0,30.0,41.0,32.0,35.0,28.0,40.0,37.0,39.0,42.0,36.0,32.0,34.0,47.0,52.0,28.0,25.0,44.0,29.0,49.0,38.0,38.0,25.0,34.0,44.0,33.0,32.0,30.0,52.0,38.0,34.0,32.0,32.0,32.0,39.0,30.0,31.0,34.0,33.0,43.0
40.0,32.0,46.0,38.0,36.0,44.0,41.0,32.0,30.0,29.0,39.0,32.0,36.0,33.0,37.0,38.0,35.0,42.0,40.0,31.0,44.0,34.0,32.0,37.0,31.0,35.0,34.0,36.0,35.0,32.0,38.0,29.0,35.0,33.0,22.0,39.0,36.0,26.0,45.0,27.0,43.0,31.0,26.0,25.0,30.0,42.0,30.0,42.0,35.0,37.0
29.0,18.0,23.0,14.0,11.0,21.0,19.0,28.0,29.0,31.0,23.0,20.0,23.0,17.0,29.0,17.0,26.0,22.0,37.0,28.0,26.0,17.0,23.0,27.0,30.0,34.0,19.0,29.0,20.0,22.0,20.0,19.0,17.0,21.0,29.0,20.0,27.0,29.0,21.0,26.0,21.0,24.0,24.0,14.0,23.0,25.0,18.0,31.0,15.0,29.0
