10,50,1000
19.765702,16.414505,18.114363,18.765982,16.973818,18.796078,19.891198,19.835688,17.640705,15.87484
8.00803,7.006174,7.199899,9.459866,9.003432,7.064997,9.209005,8.736874,9.575469,9.496979
0.0,10.0,20.0,30.0,40.0,50.0,60.0,70.0,80.0,90.0
10.0,0.0,10.0,20.0,30.0,40.0,50.0,60.0,70.0,80.0
20.0,10.0,0.0,10.0,20.0,30.0,40.0,50.0,60.0,70.0
30.0,20.0,10.0,0.0,10.0,20.0,30.0,40.0,50.0,60.0
40.0,30.0,20.0,10.0,0.0,10.0,20.0,30.0,40.0,50.0
50.0,40.0,30.0,20.0,10.0,0.0,10.0,20.0,30.0,40.0
60.0,50.0,40.0,30.0,20.0,10.0,0.0,10.0,20.0,30.0
70.0,60.0,50.0,40.0,30.0,20.0,10.0,0.0,10.0,20.0
80.0,70.0,60.0,50.0,40.0,30.0,20.0,10.0,0.0,10.0
90.0,80.0,70.0,60.0,50.0,40.0,30.0,20.0,10.0,0.0
450.0,400.0,350.0,300.0,250.0,250.0,300.0,350.0,400.0,450.0
0.0,1.0,2.0,3.0,4.0,5.0,6.0,7.0,8.0,9.0
1.0,0.0,1.0,2.0,3.0,4.0,5.0,6.0,7.0,8.0
2.0,1.0,0.0,1.0,2.0,3.0,4.0,5.0,6.0,7.0
3.0,2.0,1.0,0.0,1.0,2.0,3.0,4.0,5.0,6.0
4.0,3.0,2.0,1.0,0.0,1.0,2.0,3.0,4.0,5.0
5.0,4.0,3.0,2.0,1.0,0.0,1.0,2.0,3.0,4.0
6.0,5.0,4.0,3.0,2.0,1.0,0.0,1.0,2.0,3.0
7.0,6.0,5.0,4.0,3.0,2.0,1.0,0.0,1.0,2.0
8.0,7.0,6.0,5.0,4.0,3.0,2.0,1.0,0.0,1.0
9.0,8.0,7.0,6.0,5.0,4.0,3.0,2.0,1.0,0.0
45.0,40.0,35.0,30.0,25.0,25.0,30.0,35.0,40.0,45.0
25.0,23.0,33.0,38.0,33.0,26.0,28.0,46.0,31.0,37.0,34.0,21.0,28.0,40.0,25.0,26.0,30.0,25.0,32.0,38.0,32.0,38.0,30.0,29.0,46.0,18.0,28.0,27.0,21.0,29.0,30.0,29.0,38.0,34.0,31.0,34.0,30.0,36.0,22.0,29.0,35.0,31.0,32.0,30.0,33.0,45.0,36.0,26.0,26.0,23.0
25.0,25.0,23.0,23.0,26.0,34.0,24.0,19.0,30.0,32.0,35.0,33.0,23.0,34.0,24.0,23.0,35.0,22.0,22.0,28.0,29.0,21.0,29.0,27.0,28.0,26.0,27.0,24.0,31.0,25.0,33.0,30.0,26.0,24.0,28.0,37.0,29.0,28.0,32.0,27.0,26.0,20.0,29.0,20.0,26.0,36.0,30.0,31.0,37.0,36.0
25.0,26.0,27.0,22.0,28.0,26.0,17.0,26.0,22.0,27.0,35.0,31.0,26.0,25.0,32.0,22.0,33.0,28.0,31.0,32.0,25.0,35.0,31.0,33.0,24.0,38.0,29.0,19.0,30.0,22.0,37.0,27.0,34.0,22.0,26.0,20.0,28.0,27.0,28.0,31.0,32.0,23.0,22.0,29.0,27.0,28.0,22.0,18.0,35.0,29.0
32.0,33.0,37.0,30.0,33.0,33.0,37.0,25.0,46.0,33.0,25.0,32.0,27.0,30.0,36.0,36.0,38.0,27.0,36.0,45.0,31.0,37.0,26.0,38.0,32.0,34.0,22.0,38.0,47.0,36.0,27.0,32.0,45.0,36.0,31.0,36.0,29.0,45.0,26.0,35.0,29.0,30.0,34.0,29.0,35.0,21.0,27.0,36.0,31.0,40.0
32.0,24.0,33.0,43.0,35.0,29.0,31.0,45.0,28.0,39.0,41.0,27.0,47.0,22.0,34.0,26.0,33.0,29.0,24.0,32.0,26.0,30.0,40.0,39.0,34.0,24.0,30.0,48.0,34.0,42.0,29.0,27.0,36.0,32.0,30.0,34.0,32.0,36.0,35.0,26.0,35.0,30.0,40.0,22.0,34.0,33.0,39.0,38.0,28.0,38.0
22.0,24.0,30.0,15.0,26.0,22.0,28.0,29.0,22.0,33.0,29.0,35.0,36.0,22.0,39.0,39.0,24.0,23.0,27.0,19.0,21.0,21.0,16.0,30.0,26.0,34.0,34.0,28.0,32.0,30.0,30.0,26.0,32.0,35.0,30.0,26.0,35.0,24.0,17.0,33.0,30.0,33.0,21.0,35.0,22.0,29.0,32.0,36.0,25.0,29.0
33.0,30.0,34.0,32.0,36.0,30.0,42.0,36.0,35.0,45.0,39.0,37.0,28.0,35.0,38.0,34.0,29.0,38.0,33.0,34.0,33.0,48.0,32.0,41.0,37.0,37.0,30.0,30.0,35.0,29.0,26.0,41.0,33.0,39.0,32.0,27.0,52.0,46.0,32.0,28.0,28.0,34.0,28.0,40.0,40.0,38.0,32.0,33.0,42.0,37.0
33.0,30.0,32.0,30.0,34.0,27.0,32.0,30.0,25.0,28.0,27.0,40.0,36.0,38.0,46.0,42.0,26.0,37.0,28.0,34.0,26.0,29.0,37.0,33.0,38.0,32.0,51.0,32.0,26.0,34.0,34.0,39.0,21.0,30.0,30.0,30.0,30.0,28.0,32.0,36.0,46.0,31.0,38.0,23.0,30.0,29.0,25.0,33.0,37.0,35.0
38.0,26.0,35.0,28.0,39.0,34.0,44.0,37.0,31.0,40.0,36.0,43.0,39.0,26.0,31.0,35.0,34.0,38.0,30.0,41.0,38.0,34.0,32.0,32.0,21.0,32.0,30.0,37.0,34.0,29.0,38.0,28.0,38.0,30.0,40.0,32.0,29.0,38.0,32.0,29.0,35.0,37.0,40.0,33.0,29.0,30.0,22.0,25.0,41.0,37.0
42.0,38.0,33.0,33.0,45.0,39.0,45.0,41.0,41.0,35.0,37.0,42.0,33.0,27.0,44.0,46.0,43.0,44.0,22.0,29.0,35.0,29.0,44.0,28.0,39.0,42.0,33.0,37.0,30.0,32.0,26.0,32.0,36.0,49.0,34.0,26.0,28.0,31.0,29.0,47.0,29.0,36.0,27.0,31.0,41.0,37.0,29.0,35.0,34.0,42.0
