10,50,1000
16.130165,16.941357,18.686804,15.5401,17.468269,17.176279,16.867151,19.491532,17.876663,18.334043
8.516642,5.765432,5.968869,5.352829,9.104261,9.917062,6.75253,8.191025,6.381692,6.963107
0.0,10.0,20.0,30.0,40.0,50.0,60.0,70.0,80.0,90.0
10.0,0.0,10.0,20.0,30.0,40.0,50.0,60.0,70.0,80.0
20.0,10.0,0.0,10.0,20.0,30.0,40.0,50.0,60.0,70.0
30.0,20.0,10.0,0.0,10.0,20.0,30.0,40.0,50.0,60.0
40.0,30.0,20.0,10.0,0.0,10.0,20.0,30.0,40.0,50.0
50.0,40.0,30.0,20.0,10.0,0.0,10.0,20.0,30.0,40.0
60.0,50.0,40.0,30.0,20.0,10.0,0.0,10.0,20.0,30.0
70.0,60.0,50.0,40.0,30.0,20.0,10.0,0.0,10.0,20.0
80.0,70.0,60.0,50.0,40.0,30.0,20.0,10.0,0.0,10.0
90.0,80.0,70.0,60.0,50.0,40.0,30.0,20.0,10.0,0.0
450.0,400.0,350.0,300.0,250.0,250.0,300.0,350.0,400.0,450.0
0.0,1.0,2.0,3.0,4.0,5.0,6.0,7.0,8.0,9.0
1.0,0.0,1.0,2.0,3.0,4.0,5.0,6.0,7.0,8.0
2.0,1.0,0.0,1.0,2.0,3.0,4.0,5.0,6.0,7.0
3.0,2.0,1.0,0.0,1.0,2.0,3.0,4.0,5.0,6.0
4.0,3.0,2.0,1.0,0.0,1.0,2.0,3.0,4.0,5.0
5.0,4.0,3.0,2.0,1.0,0.0,1.0,2.0,3.0,4.0
6.0,5.0,4.0,3.0,2.0,1.0,0.0,1.0,2.0,3.0
7.0,6.0,5.0,4.0,3.0,2.0,1.0,0.0,1.0,2.0
8.0,7.0,6.0,5.0,4.0,3.0,2.0,1.0,0.0,1.0
9.0,8.0,7.0,6.0,5.0,4.0,3.0,2.0,1.0,0.0
45.0,40.0,35.0,30.0,25.0,25.0,30.0,35.0,40.0,45.0
24.0,36.0,28.0,34.0,40.0,35.0,30.0,37.0,30.0,34.0,30.0,36.0,35.0,31.0,38.0,29.0,37.0,36.0,29.0,22.0,32.0,35.0,43.0,23.0,38.0,23.0,34.0,40.0,27.0,38.0,26.0,28.0,32.0,36.0,41.0,33.0,44.0,26.0,26.0,28.0,37.0,32.0,27.0,28.0,38.0,30.0,32.0,29.0,31.0,27.0
28.0,27.0,21.0,20.0,27.0,12.0,23.0,19.0,20.0,18.0,24.0,25.0,16.0,26.0,21.0,23.0,28.0,14.0,22.0,25.0,19.0,23.0,17.0,23.0,33.0,20.0,22.0,34.0,20.0,25.0,24.0,24.0,27.0,33.0,25.0,26.0,28.0,16.0,30.0,17.0,27.0,24.0,27.0,26.0,28.0,25.0,12.0,22.0,37.0,28.0
27.0,32.0,18.0,22.0,27.0,18.0,26.0,20.0,23.0,20.0,23.0,24.0,28.0,23.0,18.0,17.0,32.0,24.0,32.0,23.0,15.0,27.0,25.0,24.0,24.0,19.0,21.0,28.0,27.0,26.0,18.0,16.0,30.0,21.0,25.0,27.0,31.0,23.0,30.0,25.0,32.0,22.0,23.0,33.0,23.0,30.0,18.0,29.0,23.0,26.0
21.0,15.0,18.0,22.0,25.0,19.0,17.0,14.0,16.0,26.0,28.0,26.0,19.0,17.0,24.0,27.0,17.0,26.0,19.0,12.0,22.0,26.0,14.0,15.0,24.0,21.0,25.0,20.0,27.0,12.0,12.0,23.0,23.0,30.0,15.0,33.0,22.0,17.0,20.0,19.0,28.0,26.0,23.0,27.0,20.0,18.0,30.0,19.0,20.0,20.0
34.0,48.0,32.0,25.0,44.0,41.0,32.0,33.0,22.0,32.0,20.0,37.0,33.0,34.0,31.0,30.0,34.0,28.0,26.0,32.0,26.0,39.0,33.0,31.0,32.0,36.0,30.0,41.0,33.0,35.0,40.0,43.0,28.0,32.0,36.0,34.0,28.0,31.0,33.0,37.0,39.0,36.0,38.0,37.0,25.0,36.0,39.0,46.0,38.0,34.0
30.0,42.0,28.0,34.0,34.0,37.0,34.0,26.0,42.0,30.0,24.0,46.0,44.0,35.0,31.0,24.0,34.0,51.0,41.0,37.0,44.0,27.0,34.0,35.0,42.0,41.0,43.0,34.0,36.0,45.0,37.0,31.0,31.0,51.0,46.0,42.0,34.0,28.0,33.0,38.0,42.0,29.0,37.0,23.0,50.0,42.0,32.0,35.0,48.0,44.0
21.0,27.0,30.0,39.0,25.0,22.0,26.0,23.0,28.0,27.0,29.0,25.0,28.0,33.0,27.0,27.0,26.0,29.0,27.0,24.0,35.0,23.0,31.0,28.0,31.0,21.0,16.0,22.0,16.0,30.0,24.0,18.0,30.0,29.0,22.0,29.0,24.0,20.0,26.0,27.0,25.0,23.0,17.0,27.0,25.0,34.0,25.0,20.0,27.0,32.0
25.0,37.0,28.0,29.0,29.0,26.0,36.0,26.0,26.0,30.0,36.0,41.0,28.0,40.0,28.0,32.0,24.0,34.0,22.0,31.0,32.0,35.0,38.0,29.0,26.0,31.0,30.0,43.0,39.0,33.0,25.0,30.0,35.0,25.0,27.0,34.0,34.0,37.0,32.0,36.0,28.0,31.0,37.0,41.0,31.0,28.0,28.0,33.0,25.0,17.0
15.0,22.0,23.0,15.0,20.0,37.0,24.0,23.0,31.0,30.0,14.0,34.0,23.0,23.0,26.0,20.0,23.0,21.0,28.0,24.0,27.0,26.0,30.0,23.0,31.0,30.0,15.0,20.0,18.0,23.0,24.0,26.0,23.0,33.0,28.0,23.0,23.0,21.0,20.0,31.0,23.0,24.0,26.0,32.0,25.0,22.0,26.0,28.0,26.0,24.0
36.0,24.0,17.0,30.0,31.0,30.0,30.0,31.0,26.0,31.0,26.0,31.0,24.0,28.0,21.0,23.0,33.0,20.0,21.0,32.0,24.0,24.0,25.0,28.0,25.0,32.0,31.0,16.0,30.0,27.0,24.0,31.0,29.0,33.0,24.0,27.0,31.0,33.0,29.0,27.0,29.0,33.0,40.0,25.0,19.0,27.0,26.0,24.0,19.0,27.0
