10,50,1000
15.631532,18.525773,15.15545,19.178858,15.872465,18.123823,15.313197,18.10201,15.092053,15.45576
9.105183,8.329698,8.734375,5.575097,8.951735,7.105931,7.362196,9.35103,7.801429,9.759297
0.0,10.0,20.0,30.0,40.0,50.0,60.0,70.0,80.0,90.0
10.0,0.0,10.0,20.0,30.0,40.0,50.0,60.0,70.0,80.0
20.0,10.0,0.0,10.0,20.0,30.0,40.0,50.0,60.0,70.0
30.0,20.0,10.0,0.0,10.0,20.0,30.0,40.0,50.0,60.0
40.0,30.0,20.0,10.0,0.0,10.0,20.0,30.0,40.0,50.0
50.0,40.0,30.0,20.0,10.0,0.0,10.0,20.0,30.0,40.0
60.0,50.0,40.0,30.0,20.0,10.0,0.0,10.0,20.0,30.0
70.0,60.0,50.0,40.0,30.0,20.0,10.0,0.0,10.0,20.0
80.0,70.0,60.0,50.0,40.0,30.0,20.0,10.0,0.0,10.0
90.0,80.0,70.0,60.0,50.0,40.0,30.0,20.0,10.0,0.0
450.0,400.0,350.0,300.0,250.0,250.0,300.0,350.0,400.0,450.0
0.0,1.0,2.0,3.0,4.0,5.0,6.0,7.0,8.0,9.0
1.0,0.0,1.0,2.0,3.0,4.0,5.0,6.0,7.0,8.0
2.0,1.0,0.0,1.0,2.0,3.0,4.0,5.0,6.0,7.0
3.0,2.0,1.0,0.0,1.0,2.0,3.0,4.0,5.0,6.0
4.0,3.0,2.0,1.0,0.0,1.0,2.0,3.0,4.0,5.0
5.0,4.0,3.0,2.0,1.0,0.0,1.0,2.0,3.0,4.0
6.0,5.0,4.0,3.0,2.0,1.0,0.0,1.0,2.0,3.0
7.0,6.0,5.0,4.0,3.0,2.0,1.0,0.0,1.0,2.0
8.0,7.0,6.0,5.0,4.0,3.0,2.0,1.0,0.0,1.0
9.0,8.0,7.0,6.0,5.0,4.0,3.0,2.0,1.0,0.0
45.0,40.0,35.0,30.0,25.0,25.0,30.0,35.0,40.0,45.0
39.0,33.0,36.0,25.0,27.0,30.0,29.0,23.0,28.0,42.0,33.0,22.0,27.0,31.0,34.0,39.0,37.0,40.0,37.0,34.0,35.0,35.0,33.0,33.0,35.0,39.0,37.0,39.0,35.0,26.0,37.0,31.0,36.0,26.0,33.0,36.0,29.0,22.0,40.0,29.0,32.0,27.0,20.0,38.0,36.0,41.0,42.0,43.0,38.0,32.0
28.0,28.0,27.0,36.0,33.0,27.0,31.0,34.0,26.0,34.0,35.0,29.0,34.0,27.0,19.0,38.0,31.0,23.0,38.0,24.0,31.0,27.0,45.0,30.0,35.0,25.0,27.0,41.0,36.0,39.0,29.0,33.0,28.0,36.0,33.0,23.0,33.0,31.0,35.0,28.0,33.0,39.0,29.0,32.0,29.0,28.0,35.0,31.0,32.0,18.0
35.0,40.0,42.0,27.0,35.0,39.0,30.0,34.0,37.0,30.0,37.0,30.0,23.0,27.0,27.0,33.0,38.0,30.0,34.0,21.0,36.0,36.0,36.0,35.0,30.0,27.0,33.0,31.0,32.0,29.0,30.0,25.0,33.0,36.0,32.0,32.0,32.0,38.0,32.0,35.0,33.0,30.0,31.0,30.0,38.0,35.0,32.0,37.0,34.0,38.0
29.0,23.0,23.0,25.0,20.0,28.0,14.0,18.0,16.0,18.0,30.0,24.0,19.0,22.0,23.0,26.0,25.0,26.0,29.0,18.0,16.0,16.0,22.0,29.0,28.0,28.0,26.0,18.0,20.0,20.0,24.0,27.0,18.0,24.0,17.0,24.0,17.0,30.0,18.0,25.0,26.0,31.0,34.0,27.0,22.0,24.0,17.0,18.0,24.0,24.0
45.0,31.0,29.0,29.0,25.0,49.0,30.0,25.0,27.0,39.0,30.0,42.0,30.0,33.0,37.0,38.0,30.0,31.0,27.0,36.0,38.0,31.0,34.0,21.0,34.0,34.0,29.0,40.0,29.0,38.0,21.0,35.0,34.0,37.0,30.0,34.0,27.0,32.0,36.0,31.0,35.0,33.0,43.0,33.0,32.0,32.0,28.0,30.0,33.0,36.0
28.0,38.0,31.0,30.0,34.0,22.0,30.0,33.0,29.0,26.0,24.0,28.0,28.0,24.0,23.0,22.0,23.0,33.0,22.0,39.0,33.0,33.0,16.0,25.0,26.0,30.0,25.0,39.0,26.0,38.0,20.0,23.0,26.0,36.0,23.0,34.0,30.0,24.0,34.0,30.0,31.0,22.0,26.0,29.0,29.0,27.0,25.0,24.0,27.0,30.0
31.0,27.0,33.0,25.0,22.0,30.0,22.0,24.0,29.0,16.0,20.0,29.0,31.0,25.0,26.0,23.0,29.0,24.0,32.0,32.0,21.0,31.0,23.0,23.0,31.0,41.0,32.0,24.0,43.0,25.0,31.0,31.0,26.0,31.0,18.0,28.0,25.0,28.0,26.0,25.0,23.0,31.0,33.0,29.0,24.0,29.0,25.0,39.0,26.0,23.0
22.0,45.0,34.0,32.0,33.0,33.0,26.0,36.0,37.0,25.0,29.0,38.0,35.0,30.0,38.0,26.0,36.0,47.0,45.0,37.0,41.0,38.0,25.0,26.0,39.0,35.0,34.0,40.0,43.0,36.0,40.0,28.0,33.0,31.0,39.0,34.0,34.0,37.0,39.0,36.0,34.0,37.0,27.0,42.0,36.0,32.0,31.0,32.0,43.0,34.0
28.0,31.0,34.0,28.0,28.0,24.0,30.0,25.0,21.0,23.0,28.0,35.0,28.0,35.0,28.0,20.0,29.0,35.0,26.0,14.0,30.0,29.0,34.0,40.0,31.0,38.0,30.0,35.0,23.0,27.0,37.0,26.0,33.0,26.0,27.0,35.0,26.0,23.0,34.0,29.0,24.0,36.0,32.0,38.0,26.0,31.0,27.0,26.0,19.0,24.0
35.0,34.0,28.0,42.0,28.0,41.0,46.0,38.0,35.0,34.0,34.0,37.0,25.0,25.0,35.0,34.0,38.0,32.0,40.0,31.0,42.0,37.0,23.0,34.0,37.0,37.0,40.0,33.0,46.0,27.0,53.0,43.0,42.0,35.0,41.0,29.0,38.0,32.0,36.0,27.0,40.0,30.0,41.0,35.0,38.0,25.0,38.0,39.0,40.0,48.0
