10,50,1000
19.891822,15.001806,16.462512,19.361694,17.547416,17.24158,15.905925,18.258605,18.77461,19.481201
7.206476,7.693182,9.126735,6.220664,7.76914,7.721342,8.369471,8.680919,5.726047,9.588931
0.0,10.0,20.0,30.0,40.0,50.0,60.0,70.0,80.0,90.0
10.0,0.0,10.0,20.0,30.0,40.0,50.0,60.0,70.0,80.0
20.0,10.0,0.0,10.0,20.0,30.0,40.0,50.0,60.0,70.0
30.0,20.0,10.0,0.0,10.0,20.0,30.0,40.0,50.0,60.0
40.0,30.0,20.0,10.0,0.0,10.0,20.0,30.0,40.0,50.0
50.0,40.0,30.0,20.0,10.0,0.0,10.0,20.0,30.0,40.0
60.0,50.0,40.0,30.0,20.0,10.0,0.0,10.0,20.0,30.0
70.0,60.0,50.0,40.0,30.0,20.0,10.0,0.0,10.0,20.0
80.0,70.0,60.0,50.0,40.0,30.0,20.0,10.0,0.0,10.0
90.0,80.0,70.0,60.0,50.0,40.0,30.0,20.0,10.0,0.0
450.0,400.0,350.0,300.0,250.0,250.0,300.0,350.0,400.0,450.0
0.0,1.0,2.0,3.0,4.0,5.0,6.0,7.0,8.0,9.0
1.0,0.0,1.0,2.0,3.0,4.0,5.0,6.0,7.0,8.0
2.0,1.0,0.0,1.0,2.0,3.0,4.0,5.0,6.0,7.0
3.0,2.0,1.0,0.0,1.0,2.0,3.0,4.0,5.0,6.0
4.0,3.0,2.0,1.0,0.0,1.0,2.0,3.0,4.0,5.0
5.0,4.0,3.0,2.0,1.0,0.0,1.0,2.0,3.0,4.0
6.0,5.0,4.0,3.0,2.0,1.0,0.0,1.0,2.0,3.0
7.0,6.0,5.0,4.0,3.0,2.0,1.0,0.0,1.0,2.0
8.0,7.0,6.0,5.0,4.0,3.0,2.0,1.0,0.0,1.0
9.0,8.0,7.0,6.0,5.0,4.0,3.0,2.0,1.0,0.0
45.0,40.0,35.0,30.0,25.0,25.0,30.0,35.0,40.0,45.0
28.0,31.0,25.0,34.0,32.0,29.0,31.0,36.0,22.0,28.0,33.0,44.0,25.0,27.0,35.0,35.0,23.0,29.0,39.0,32.0,31.0,25.0,30.0,35.0,31.0,27.0,28.0,35.0,24.0,35.0,29.0,29.0,37.0,31.0,30.0,24.0,30.0,28.0,27.0,30.0,41.0,34.0,24.0,27.0,29.0,29.0,33.0,30.0,23.0,22.0
35.0,32.0,29.0,42.0,37.0,32.0,32.0,35.0,25.0,39.0,27.0,25.0,32.0,27.0,22.0,31.0,29.0,25.0,24.0,22.0,27.0,27.0,27.0,24.0,26.0,36.0,22.0,23.0,36.0,23.0,28.0,26.0,37.0,30.0,27.0,36.0,36.0,33.0,34.0,18.0,18.0,31.0,19.0,30.0,28.0,30.0,30.0,36.0,32.0,31.0
33.0,25.0,38.0,32.0,41.0,29.0,31.0,23.0,34.0,35.0,41.0,29.0,34.0,35.0,36.0,40.0,28.0,33.0,26.0,42.0,44.0,46.0,34.0,41.0,39.0,27.0,31.0,43.0,31.0,38.0,37.0,38.0,38.0,41.0,35.0,37.0,33.0,32.0,27.0,32.0,34.0,31.0,42.0,47.0,38.0,31.0,20.0,30.0,28.0,42.0
20.0,18.0,35.0,17.0,17.0,14.0,28.0,21.0,24.0,17.0,26.0,25.0,33.0,24.0,33.0,32.0,24.0,32.0,18.0,34.0,26.0,26.0,22.0,29.0,28.0,23.0,26.0,34.0,19.0,23.0,22.0,24.0,24.0,26.0,30.0,21.0,32.0,33.0,41.0,25.0,21.0,31.0,20.0,23.0,25.0,20.0,32.0,23.0,20.0,22.0
39.0,43.0,35.0,36.0,23.0,20.0,32.0,29.0,39.0,36.0,33.0,28.0,30.0,28.0,42.0,31.0,36.0,22.0,21.0,31.0,18.0,32.0,33.0,17.0,24.0,21.0,36.0,34.0,34.0,30.0,23.0,26.0,35.0,20.0,25.0,29.0,37.0,32.0,32.0,35.0,27.0,32.0,29.0,39.0,25.0,27.0,30.0,30.0,33.0,27.0
37.0,38.0,19.0,33.0,30.0,25.0,21.0,37.0,35.0,21.0,29.0,23.0,39.0,28.0,24.0,22.0,30.0,33.0,33.0,23.0,25.0,30.0,18.0,27.0,29.0,22.0,27.0,28.0,27.0,28.0,28.0,16.0,17.0,36.0,28.0,33.0,39.0,42.0,28.0,26.0,29.0,24.0,38.0,41.0,38.0,33.0,36.0,31.0,19.0,34.0
28.0,27.0,26.0,21.0,24.0,29.0,26.0,47.0,28.0,39.0,29.0,27.0,38.0,17.0,24.0,32.0,18.0,30.0,30.0,28.0,37.0,30.0,37.0,27.0,23.0,27.0,29.0,33.0,22.0,28.0,34.0,27.0,35.0,28.0,36.0,33.0,31.0,38.0,33.0,28.0,31.0,33.0,40.0,38.0,25.0,33.0,29.0,43.0,33.0,35.0
39.0,40.0,28.0,36.0,27.0,30.0,43.0,39.0,41.0,34.0,35.0,17.0,25.0,33.0,32.0,33.0,29.0,32.0,39.0,31.0,31.0,33.0,39.0,36.0,44.0,28.0,28.0,41.0,37.0,35.0,37.0,34.0,34.0,38.0,34.0,33.0,37.0,33.0,32.0,25.0,43.0,26.0,33.0,35.0,32.0,29.0,43.0,31.0,28.0,27.0
34.0,17.0,33.0,25.0,20.0,18.0,30.0,29.0,19.0,24.0,27.0,22.0,24.0,14.0,23.0,26.0,28.0,28.0,30.0,22.0,30.0,26.0,26.0,18.0,23.0,19.0,23.0,15.0,25.0,30.0,28.0,23.0,28.0,29.0,25.0,20.0,26.0,27.0,20.0,25.0,23.0,24.0,21.0,28.0,27.0,22.0,27.0,20.0,28.0,20.0
31.0,37.0,41.0,36.0,22.0,39.0,40.0,49.0,33.0,49.0,39.0,40.0,45.0,34.0,35.0,38.0,33.0,47.0,31.0,32.0,35.0,30.0,38.0,30.0,35.0,47.0,29.0,20.0,37.0,35.0,37.0,48.0,46.0,39.0,37.0,52.0,36.0,35.0,35.0,46.0,43.0,30.0,37.0,48.0,29.0,37.0,33.0,43.0,40.0,30.0
