10,50,1000
19.014212,19.953943,18.711461,16.206384,17.098248,16.939806,19.170788,16.626051,18.759937,15.667396
9.842192,6.45111,9.554856,9.938255,7.904008,7.551103,9.436483,5.024858,8.0341,5.154556
0.0,10.0,20.0,30.0,40.0,50.0,60.0,70.0,80.0,90.0
10.0,0.0,10.0,20.0,30.0,40.0,50.0,60.0,70.0,80.0
20.0,10.0,0.0,10.0,20.0,30.0,40.0,50.0,60.0,70.0
30.0,20.0,10.0,0.0,10.0,20.0,30.0,40.0,50.0,60.0
40.0,30.0,20.0,10.0,0.0,10.0,20.0,30.0,40.0,50.0
50.0,40.0,30.0,20.0,10.0,0.0,10.0,20.0,30.0,40.0
60.0,50.0,40.0,30.0,20.0,10.0,0.0,10.0,20.0,30.0
70.0,60.0,50.0,40.0,30.0,20.0,10.0,0.0,10.0,20.0
80.0,70.0,60.0,50.0,40.0,30.0,20.0,10.0,0.0,10.0
90.0,80.0,70.0,60.0,50.0,40.0,30.0,20.0,10.0,0.0
450.0,400.0,350.0,300.0,250.0,250.0,300.0,350.0,400.0,450.0
0.0,1.0,2.0,3.0,4.0,5.0,6.0,7.0,8.0,9.0
1.0,0.0,1.0,2.0,3.0,4.0,5.0,6.0,7.0,8.0
2.0,1.0,0.0,1.0,2.0,3.0,4.0,5.0,6.0,7.0
3.0,2.0,1.0,0.0,1.0,2.0,3.0,4.0,5.0,6.0
4.0,3.0,2.0,1.0,0.0,1.0,2.0,3.0,4.0,5.0
5.0,4.0,3.0,2.0,1.0,0.0,1.0,2.0,3.0,4.0
6.0,5.0,4.0,3.0,2.0,1.0,0.0,1.0,2.0,3.0
7.0,6.0,5.0,4.0,3.0,2.0,1.0,0.0,1.0,2.0
8.0,7.0,6.0,5.0,4.0,3.0,2.0,1.0,0.0,1.0
9.0,8.0,7.0,6.0,5.0,4.0,3.0,2.0,1.0,0.0
45.0,40.0,35.0,30.0,25.0,25.0,30.0,35.0,40.0,45.0
36.0,26.0,37.0,44.0,27.0,41.0,33.0,35.0,41.0,37.0,44.0,28.0,30.0,26.0,43.0,42.0,34.0,37.0,44.0,31.0,45.0,38.0,38.0,45.0,44.0,25.0,38.0,36.0,39.0,37.0,41.0,35.0,19.0,42.0,28.0,44.0,40.0,24.0,37.0,38.0,35.0,41.0,35.0,37.0,31.0,33.0,44.0,32.0,32.0,34.0
35.0,25.0,26.0,28.0,22.0,30.0,26.0,24.0,32.0,22.0,33.0,27.0,32.0,24.0,26.0,20.0,29.0,21.0,20.0,29.0,24.0,26.0,20.0,31.0,26.0,18.0,25.0,26.0,40.0,27.0,29.0,30.0,33.0,22.0,33.0,28.0,26.0,16.0,31.0,24.0,19.0,35.0,28.0,24.0,24.0,20.0,17.0,28.0,28.0,25.0
29.0,33.0,39.0,53.0,34.0,45.0,40.0,28.0,31.0,30.0,37.0,48.0,30.0,32.0,28.0,30.0,46.0,50.0,38.0,22.0,34.0,31.0,31.0,33.0,24.0,56.0,43.0,35.0,41.0,29.0,34.0,37.0,42.0,44.0,34.0,29.0,31.0,32.0,34.0,46.0,38.0,28.0,30.0,35.0,33.0,38.0,30.0,34.0,41.0,30.0
41.0,35.0,42.0,32.0,34.0,35.0,33.0,30.0,35.0,41.0,40.0,44.0,32.0,40.0,36.0,35.0,31.0,44.0,35.0,24.0,30.0,30.0,39.0,37.0,41.0,29.0,33.0,39.0,42.0,31.0,45.0,30.0,34.0,30.0,37.0,41.0,40.0,36.0,27.0,33.0,37.0,35.0,39.0,34.0,36.0,28.0,32.0,38.0,47.0,28.0
23.0,21.0,28.0,33.0,23.0,29.0,31.0,21.0,30.0,29.0,29.0,32.0,26.0,23.0,32.0,32.0,22.0,23.0,24.0,35.0,45.0,34.0,32.0,34.0,28.0,31.0,34.0,32.0,27.0,33.0,19.0,31.0,33.0,23.0,29.0,20.0,44.0,29.0,29.0,24.0,25.0,35.0,30.0,21.0,21.0,37.0,20.0,29.0,19.0,22.0
25.0,28.0,27.0,32.0,31.0,29.0,25.0,29.0,31.0,27.0,20.0,31.0,20.0,26.0,28.0,24.0,35.0,29.0,28.0,28.0,28.0,28.0,29.0,42.0,33.0,19.0,24.0,22.0,33.0,31.0,37.0,27.0,30.0,29.0,26.0,25.0,37.0,26.0,26.0,34.0,27.0,24.0,26.0,32.0,33.0,29.0,27.0,22.0,33.0,29.0
37.0,35.0,34.0,23.0,37.0,34.0,39.0,27.0,41.0,43.0,52.0,41.0,27.0,33.0,39.0,45.0,30.0,29.0,32.0,38.0,31.0,38.0,30.0,41.0,28.0,25.0,39.0,34.0,40.0,36.0,44.0,28.0,41.0,29.0,40.0,36.0,34.0,33.0,28.0,39.0,34.0,37.0,34.0,31.0,29.0,35.0,40.0,27.0,26.0,40.0
21.0,23.0,18.0,21.0,20.0,27.0,21.0,13.0,30.0,20.0,16.0,23.0,20.0,25.0,26.0,18.0,27.0,21.0,22.0,21.0,22.0,20.0,27.0,18.0,18.0,19.0,27.0,24.0,16.0,14.0,17.0,24.0,28.0,16.0,29.0,21.0,27.0,20.0,24.0,16.0,22.0,25.0,29.0,18.0,21.0,20.0,31.0,26.0,15.0,18.0
33.0,26.0,35.0,35.0,26.0,32.0,38.0,31.0,29.0,30.0,30.0,37.0,33.0,29.0,35.0,41.0,20.0,23.0,30.0,28.0,28.0,32.0,28.0,24.0,43.0,27.0,22.0,33.0,35.0,34.0,39.0,35.0,24.0,34.0,19.0,28.0,25.0,34.0,34.0,27.0,30.0,37.0,34.0,26.0,34.0,38.0,34.0,36.0,26.0,42.0
20.0,17.0,19.0,27.0,21.0,20.0,15.0,18.0,20.0,19.0,25.0,18.0,22.0,27.0,21.0,22.0,19.0,26.0,15.0,15.0,13.0,24.0,27.0,22.0,22.0,25.0,26.0,21.0,24.0,23.0,20.0,17.0,14.0,22.0,24.0,23.0,28.0,27.0,31.0,25.0,19.0,17.0,18.0,19.0,23.0,24.0,22.0,27.0,28.0,21.0
