10,50,1000
19.065832,15.237918,15.803893,16.473737,16.446641,16.368521,17.473902,15.431754,19.356339,19.802217
5.455623,5.286281,9.841816,9.936097,8.676292,8.782278,9.368323,8.523993,8.85788,9.44062
0.0,10.0,20.0,30.0,40.0,50.0,60.0,70.0,80.0,90.0
10.0,0.0,10.0,20.0,30.0,40.0,50.0,60.0,70.0,80.0
20.0,10.0,0.0,10.0,20.0,30.0,40.0,50.0,60.0,70.0
30.0,20.0,10.0,0.0,10.0,20.0,30.0,40.0,50.0,60.0
40.0,30.0,20.0,10.0,0.0,10.0,20.0,30.0,40.0,50.0
50.0,40.0,30.0,20.0,10.0,0.0,10.0,20.0,30.0,40.0
60.0,50.0,40.0,30.0,20.0,10.0,0.0,10.0,20.0,30.0
70.0,60.0,50.0,40.0,30.0,20.0,10.0,0.0,10.0,20.0
80.0,70.0,60.0,50.0,40.0,30.0,20.0,10.0,0.0,10.0
90.0,80.0,70.0,60.0,50.0,40.0,30.0,20.0,10.0,0.0
450.0,400.0,350.0,300.0,250.0,250.0,300.0,350.0,400.0,450.0
0.0,1.0,2.0,3.0,4.0,5.0,6.0,7.0,8.0,9.0
1.0,0.0,1.0,2.0,3.0,4.0,5.0,6.0,7.0,8.0
2.0,1.0,0.0,1.0,2.0,3.0,4.0,5.0,6.0,7.0
3.0,2.0,1.0,0.0,1.0,2.0,3.0,4.0,5.0,6.0
4.0,3.0,2.0,1.0,0.0,1.0,2.0,3.0,4.0,5.0
5.0,4.0,3.0,2.0,1.0,0.0,1.0,2.0,3.0,4.0
6.0,5.0,4.0,3.0,2.0,1.0,0.0,1.0,2.0,3.0
7.0,6.0,5.0,4.0,3.0,2.0,1.0,0.0,1.0,2.0
8.0,7.0,6.0,5.0,4.0,3.0,2.0,1.0,0.0,1.0
9.0,8.0,7.0,6.0,5.0,4.0,3.0,2.0,1.0,0.0
45.0,40.0,35.0,30.0,25.0,25.0,30.0,35.0,40.0,45.0
18.0,23.0,16.0,30.0,19.0,25.0,21.0,37.0,17.0,15.0,31.0,23.0,24.0,22.0,16.0,15.0,25.0,28.0,32.0,27.0,16.0,13.0,19.0,19.0,25.0,27.0,21.0,24.0,22.0,27.0,29.0,19.0,25.0,25.0,23.0,27.0,23.0,26.0,24.0,23.0,30.0,23.0,26.0,30.0,18.0,26.0,21.0,23.0,35.0,22.0
14.0,16.0,22.0,21.0,24.0,22.0,19.0,18.0,21.0,22.0,21.0,16.0,22.0,29.0,18.0,24.0,28.0,18.0,18.0,22.0,22.0,23.0,24.0,12.0,27.0,24.0,11.0,16.0,21.0,29.0,21.0,22.0,23.0,23.0,28.0,19.0,32.0,26.0,18.0,21.0,24.0,17.0,22.0,20.0,17.0,22.0,18.0,25.0,20.0,18.0
37.0,40.0,33.0,34.0,25.0,33.0,36.0,42.0,52.0,35.0,35.0,38.0,30.0,32.0,32.0,52.0,33.0,38.0,40.0,33.0,47.0,38.0,31.0,46.0,35.0,39.0,39.0,28.0,27.0,34.0,38.0,38.0,33.0,29.0,47.0,37.0,33.0,31.0,46.0,24.0,41.0,33.0,30.0,41.0,27.0,33.0,35.0,48.0,35.0,37.0
31.0,46.0,32.0,28.0,37.0,33.0,43.0,32.0,30.0,39.0,32.0,41.0,40.0,35.0,28.0,40.0,41.0,42.0,30.0,28.0,39.0,41.0,43.0,34.0,26.0,40.0,36.0,31.0,29.0,32.0,33.0,41.0,38.0,44.0,49.0,42.0,38.0,29.0,38.0,36.0,40.0,33.0,43.0,37.0,30.0,37.0,23.0,37.0,41.0,42.0
34.0,29.0,35.0,35.0,29.0,45.0,32.0,37.0,23.0,34.0,35.0,31.0,26.0,35.0,34.0,26.0,33.0,28.0,31.0,37.0,37.0,28.0,24.0,37.0,30.0,34.0,36.0,27.0,38.0,32.0,20.0,28.0,29.0,25.0,29.0,25.0,23.0,37.0,28.0,33.0,42.0,32.0,28.0,45.0,31.0,32.0,25.0,35.0,30.0,33.0
27.0,35.0,30.0,31.0,32.0,39.0,47.0,31.0,31.0,36.0,32.0,35.0,31.0,28.0,37.0,33.0,34.0,45.0,21.0,34.0,38.0,27.0,34.0,29.0,27.0,33.0,26.0,40.0,32.0,30.0,23.0,34.0,27.0,31.0,34.0,39.0,28.0,27.0,26.0,29.0,33.0,33.0,32.0,35.0,35.0,38.0,36.0,29.0,34.0,40.0
28.0,42.0,30.0,44.0,31.0,22.0,42.0,42.0,51.0,33.0,35.0,27.0,40.0,35.0,41.0,37.0,27.0,42.0,37.0,49.0,39.0,29.0,33.0,25.0,34.0,35.0,37.0,35.0,33.0,42.0,35.0,33.0,42.0,40.0,41.0,44.0,31.0,33.0,34.0,31.0,33.0,39.0,22.0,22.0,26.0,44.0,41.0,29.0,31.0,45.0
29.0,37.0,28.0,22.0,38.0,26.0,28.0,24.0,40.0,31.0,27.0,25.0,29.0,46.0,24.0,37.0,28.0,38.0,29.0,29.0,32.0,40.0,36.0,29.0,32.0,27.0,37.0,33.0,29.0,26.0,23.0,35.0,38.0,27.0,44.0,29.0,19.0,34.0,38.0,25.0,30.0,32.0,25.0,30.0,27.0,26.0,34.0,25.0,35.0,29.0
39.0,41.0,37.0,42.0,32.0,26.0,40.0,25.0,30.0,29.0,27.0,44.0,35.0,42.0,24.0,26.0,32.0,34.0,38.0,33.0,27.0,32.0,34.0,30.0,30.0,32.0,35.0,41.0,48.0,38.0,40.0,33.0,28.0,37.0,37.0,28.0,35.0,34.0,42.0,37.0,35.0,36.0,37.0,33.0,27.0,38.0,36.0,40.0,37.0,40.0
40.0,28.0,49.0,36.0,35.0,30.0,37.0,35.0,34.0,38.0,29.0,34.0,29.0,20.0,41.0,32.0,37.0,41.0,45.0,32.0,35.0,41.0,41.0,32.0,37.0,43.0,35.0,32.0,23.0,25.0,34.0,42.0,36.0,25.0,34.0,33.0,37.0,43.0,42.0,39.0,37.0,27.0,38.0,22.0,41.0,37.0,41.0,33.0,37.0,33.0
