10,50,1000
16.077541,19.881756,15.971104,16.639324,15.195275,16.982062,16.286818,18.701121,17.872935,16.913855
5.369016,8.887952,8.922232,8.74781,7.780102,9.325443,6.041562,5.395845,5.551142,5.307834
0.0,10.0,20.0,30.0,40.0,50.0,60.0,70.0,80.0,90.0
10.0,0.0,10.0,20.0,30.0,40.0,50.0,60.0,70.0,80.0
20.0,10.0,0.0,10.0,20.0,30.0,40.0,50.0,60.0,70.0
30.0,20.0,10.0,0.0,10.0,20.0,30.0,40.0,50.0,60.0
40.0,30.0,20.0,10.0,0.0,10.0,20.0,30.0,40.0,50.0
50.0,40.0,30.0,20.0,10.0,0.0,10.0,20.0,30.0,40.0
60.0,50.0,40.0,30.0,20.0,10.0,0.0,10.0,20.0,30.0
70.0,60.0,50.0,40.0,30.0,20.0,10.0,0.0,10.0,20.0
80.0,70.0,60.0,50.0,40.0,30.0,20.0,10.0,0.0,10.0
90.0,80.0,70.0,60.0,50.0,40.0,30.0,20.0,10.0,0.0
450.0,400.0,350.0,300.0,250.0,250.0,300.0,350.0,400.0,450.0
0.0,1.0,2.0,3.0,4.0,5.0,6.0,7.0,8.0,9.0
1.0,0.0,1.0,2.0,3.0,4.0,5.0,6.0,7.0,8.0
2.0,1.0,0.0,1.0,2.0,3.0,4.0,5.0,6.0,7.0
3.0,2.0,1.0,0.0,1.0,2.0,3.0,4.0,5.0,6.0
4.0,3.0,2.0,1.0,0.0,1.0,2.0,3.0,4.0,5.0
5.0,4.0,3.0,2.0,1.0,0.0,1.0,2.0,3.0,4.0
6.0,5.0,4.0,3.0,2.0,1.0,0.0,1.0,2.0,3.0
7.0,6.0,5.0,4.0,3.0,2.0,1.0,0.0,1.0,2.0
8.0,7.0,6.0,5.0,4.0,3.0,2.0,1.0,0.0,1.0
9.0,8.0,7.0,6.0,5.0,4.0,3.0,2.0,1.0,0.0
45.0,40.0,35.0,30.0,25.0,25.0,30.0,35.0,40.0,45.0
26.0,29.0,22.0,33.0,17.0,23.0,26.0,20.0,24.0,21.0,28.0,12.0,21.0,22.0,14.0,23.0,27.0,21.0,28.0,17.0,29.0,22.0,24.0,24.0,21.0,17.0,15.0,23.0,25.0,20.0,20.0,25.0,15.0,25.0,28.0,19.0,27.0,14.0,18.0,24.0,21.0,15.0,28.0,22.0,25.0,16.0,27.0,17.0,31.0,26.0
35.0,29.0,26.0,32.0,40.0,37.0,37.0,41.0,27.0,38.0,33.0,35.0,40.0,26.0,18.0,27.0,30.0,34.0,35.0,40.0,42.0,32.0,30.0,39.0,29.0,44.0,36.0,26.0,34.0,31.0,26.0,33.0,41.0,30.0,42.0,35.0,40.0,30.0,43.0,40.0,28.0,32.0,33.0,41.0,35.0,44.0,33.0,41.0,32.0,38.0
38.0,43.0,39.0,35.0,36.0,37.0,42.0,37.0,31.0,26.0,31.0,32.0,44.0,39.0,19.0,29.0,29.0,31.0,28.0,38.0,29.0,32.0,19.0,41.0,26.0,37.0,31.0,31.0,31.0,40.0,34.0,46.0,35.0,23.0,28.0,46.0,38.0,34.0,31.0,25.0,29.0,29.0,26.0,39.0,32.0,38.0,24.0,36.0,22.0,37.0
35.0,32.0,40.0,45.0,38.0,37.0,30.0,35.0,34.0,25.0,23.0,36.0,42.0,29.0,34.0,33.0,33.0,30.0,33.0,34.0,32.0,32.0,28.0,32.0,26.0,30.0,38.0,26.0,26.0,29.0,27.0,38.0,29.0,36.0,40.0,36.0,40.0,26.0,39.0,31.0,34.0,39.0,31.0,34.0,36.0,30.0,30.0,32.0,30.0,33.0
25.0,30.0,31.0,34.0,25.0,29.0,39.0,31.0,30.0,29.0,33.0,33.0,27.0,32.0,30.0,26.0,35.0,27.0,34.0,35.0,25.0,29.0,32.0,27.0,32.0,26.0,25.0,23.0,26.0,34.0,25.0,23.0,33.0,30.0,29.0,36.0,23.0,22.0,32.0,33.0,28.0,40.0,28.0,33.0,30.0,31.0,36.0,35.0,25.0,30.0
39.0,40.0,40.0,34.0,29.0,36.0,30.0,36.0,38.0,33.0,24.0,43.0,31.0,41.0,34.0,39.0,27.0,38.0,31.0,33.0,31.0,34.0,43.0,33.0,27.0,34.0,32.0,38.0,40.0,30.0,31.0,36.0,39.0,28.0,29.0,33.0,31.0,32.0,30.0,24.0,27.0,28.0,42.0,28.0,23.0,31.0,37.0,28.0,21.0,31.0
30.0,24.0,17.0,24.0,18.0,25.0,28.0,29.0,22.0,15.0,24.0,27.0,23.0,16.0,31.0,26.0,24.0,20.0,23.0,29.0,27.0,35.0,24.0,28.0,30.0,20.0,28.0,32.0,25.0,29.0,29.0,27.0,23.0,23.0,31.0,21.0,24.0,25.0,26.0,23.0,14.0,14.0,22.0,23.0,40.0,36.0,30.0,19.0,27.0,28.0
23.0,21.0,23.0,13.0,21.0,36.0,20.0,17.0,21.0,15.0,30.0,24.0,16.0,14.0,15.0,18.0,17.0,18.0,19.0,21.0,19.0,18.0,23.0,25.0,23.0,18.0,24.0,24.0,23.0,26.0,24.0,34.0,24.0,17.0,19.0,26.0,15.0,23.0,13.0,34.0,33.0,17.0,20.0,19.0,31.0,22.0,19.0,18.0,25.0,21.0
25.0,26.0,19.0,27.0,31.0,22.0,28.0,17.0,23.0,17.0,30.0,14.0,23.0,23.0,22.0,26.0,28.0,18.0,14.0,22.0,24.0,32.0,22.0,19.0,25.0,38.0,27.0,21.0,19.0,24.0,22.0,18.0,23.0,24.0,23.0,35.0,19.0,24.0,21.0,18.0,18.0,21.0,25.0,23.0,32.0,32.0,20.0,21.0,23.0,24.0
18.0,9.0,24.0,21.0,29.0,16.0,21.0,20.0,17.0,17.0,23.0,12.0,28.0,23.0,18.0,20.0,27.0,18.0,11.0,16.0,20.0,16.0,28.0,21.0,21.0,25.0,21.0,25.0,26.0,25.0,21.0,23.0,26.0,18.0,22.0,22.0,19.0,21.0,19.0,20.0,23.0,22.0,16.0,17.0,22.0,25.0,16.0,20.0,24.0,24.0
