10,50,1000
16.48551,15.451676,19.209368,18.456737,16.026025,19.366523,18.278171,16.786179,16.402103,15.541323
7.964945,9.541831,9.311457,5.694746,7.336047,6.143544,8.35115,5.73418,5.695971,9.912045
0.0,10.0,20.0,30.0,40.0,50.0,60.0,70.0,80.0,90.0
10.0,0.0,10.0,20.0,30.0,40.0,50.0,60.0,70.0,80.0
20.0,10.0,0.0,10.0,20.0,30.0,40.0,50.0,60.0,70.0
30.0,20.0,10.0,0.0,10.0,20.0,30.0,40.0,50.0,60.0
40.0,30.0,20.0,10.0,0.0,10.0,20.0,30.0,40.0,50.0
50.0,40.0,30.0,20.0,10.0,0.0,10.0,20.0,30.0,40.0
60.0,50.0,40.0,30.0,20.0,10.0,0.0,10.0,20.0,30.0
70.0,60.0,50.0,40.0,30.0,20.0,10.0,0.0,10.0,20.0
80.0,70.0,60.0,50.0,40.0,30.0,20.0,10.0,0.0,10.0
90.0,80.0,70.0,60.0,50.0,40.0,30.0,20.0,10.0,0.0
450.0,400.0,350.0,300.0,250.0,250.0,300.0,350.0,400.0,450.0
0.0,1.0,2.0,3.0,4.0,5.0,6.0,7.0,8.0,9.0
1.0,0.0,1.0,2.0,3.0,4.0,5.0,6.0,7.0,8.0
2.0,1.0,0.0,1.0,2.0,3.0,4.0,5.0,6.0,7.0
3.0,2.0,1.0,0.0,1.0,2.0,3.0,4.0,5.0,6.0
4.0,3.0,2.0,1.0,0.0,1.0,2.0,3.0,4.0,5.0
5.0,4.0,3.0,2.0,1.0,0.0,1.0,2.0,3.0,4.0
6.0,5.0,4.0,3.0,2.0,1.0,0.0,1.0,2.0,3.0
7.0,6.0,5.0,4.0,3.0,2.0,1.0,0.0,1.0,2.0
8.0,7.0,6.0,5.0,4.0,3.0,2.0,1.0,0.0,1.0
9.0,8.0,7.0,6.0,5.0,4.0,3.0,2.0,1.0,0.0
45.0,40.0,35.0,30.0,25.0,25.0,30.0,35.0,40.0,45.0
38.0,36.0,42.0,32.0,28.0,37.0,27.0,19.0,31.0,27.0,25.0,28.0,19.0,26.0,31.0,23.0,41.0,27.0,35.0,26.0,27.0,27.0,25.0,29.0,26.0,38.0,28.0,36.0,33.0,27.0,34.0,27.0,26.0,25.0,40.0,25.0,24.0,29.0,27.0,38.0,31.0,34.0,27.0,26.0,31.0,28.0,30.0,29.0,24.0,23.0
33.0,35.0,38.0,47.0,40.0,33.0,32.0,35.0,38.0,47.0,26.0,36.0,38.0,44.0,40.0,28.0,39.0,33.0,27.0,36.0,39.0,30.0,32.0,32.0,24.0,39.0,44.0,31.0,41.0,27.0,38.0,29.0,31.0,37.0,39.0,25.0,34.0,31.0,33.0,39.0,37.0,44.0,24.0,39.0,31.0,40.0,36.0,29.0,34.0,39.0
29.0,45.0,36.0,39.0,32.0,42.0,28.0,36.0,39.0,36.0,39.0,30.0,29.0,49.0,29.0,29.0,39.0,35.0,43.0,36.0,38.0,37.0,42.0,40.0,42.0,38.0,36.0,25.0,42.0,43.0,39.0,26.0,29.0,39.0,39.0,43.0,33.0,36.0,24.0,41.0,40.0,34.0,35.0,36.0,40.0,38.0,28.0,37.0,36.0,42.0
13.0,14.0,28.0,21.0,20.0,32.0,21.0,20.0,23.0,25.0,21.0,32.0,20.0,20.0,24.0,15.0,28.0,27.0,25.0,20.0,27.0,28.0,22.0,30.0,21.0,23.0,19.0,23.0,22.0,24.0,15.0,20.0,18.0,18.0,17.0,23.0,28.0,18.0,25.0,19.0,22.0,28.0,22.0,24.0,26.0,24.0,20.0,16.0,28.0,24.0
33.0,33.0,34.0,30.0,44.0,30.0,24.0,25.0,41.0,31.0,32.0,30.0,26.0,23.0,31.0,29.0,26.0,35.0,21.0,29.0,37.0,34.0,27.0,31.0,27.0,35.0,27.0,32.0,19.0,34.0,20.0,29.0,18.0,18.0,27.0,30.0,32.0,25.0,29.0,26.0,30.0,23.0,29.0,24.0,29.0,28.0,24.0,25.0,27.0,29.0
32.0,25.0,24.0,29.0,20.0,25.0,21.0,29.0,25.0,24.0,42.0,35.0,21.0,25.0,32.0,19.0,19.0,24.0,21.0,27.0,22.0,26.0,23.0,32.0,23.0,27.0,21.0,14.0,30.0,15.0,19.0,22.0,21.0,25.0,30.0,32.0,26.0,23.0,29.0,24.0,27.0,27.0,31.0,23.0,23.0,29.0,26.0,20.0,18.0,29.0
28.0,41.0,31.0,28.0,36.0,26.0,38.0,33.0,44.0,27.0,37.0,29.0,28.0,36.0,32.0,21.0,26.0,26.0,35.0,39.0,33.0,24.0,36.0,24.0,31.0,26.0,19.0,32.0,35.0,29.0,42.0,30.0,34.0,28.0,45.0,35.0,32.0,21.0,31.0,30.0,33.0,39.0,32.0,32.0,29.0,29.0,33.0,32.0,31.0,31.0
28.0,19.0,19.0,25.0,24.0,23.0,23.0,18.0,21.0,20.0,18.0,24.0,30.0,26.0,26.0,17.0,23.0,27.0,30.0,13.0,26.0,33.0,23.0,22.0,25.0,24.0,28.0,18.0,20.0,19.0,16.0,21.0,25.0,22.0,20.0,27.0,30.0,26.0,19.0,22.0,26.0,26.0,20.0,31.0,22.0,19.0,25.0,20.0,21.0,23.0
26.0,24.0,22.0,25.0,25.0,24.0,18.0,26.0,30.0,23.0,21.0,23.0,30.0,19.0,22.0,25.0,16.0,22.0,17.0,21.0,15.0,30.0,16.0,22.0,30.0,30.0,25.0,25.0,17.0,29.0,18.0,28.0,19.0,20.0,23.0,24.0,37.0,18.0,20.0,25.0,30.0,17.0,23.0,25.0,21.0,20.0,19.0,21.0,27.0,37.0
39.0,46.0,50.0,35.0,30.0,39.0,25.0,39.0,27.0,34.0,45.0,37.0,40.0,36.0,37.0,39.0,39.0,43.0,31.0,41.0,36.0,37.0,28.0,29.0,43.0,40.0,22.0,34.0,29.0,45.0,34.0,30.0,28.0,39.0,37.0,36.0,34.0,43.0,32.0,33.0,28.0,34.0,36.0,34.0,29.0,32.0,39.0,35.0,36.0,35.0
