10,50,1000
18.789951,16.118485,17.869095,18.105053,19.719706,16.529444,19.226506,17.298086,15.98903,18.032025
9.542962,7.872363,9.849258,8.108116,8.156911,8.964325,8.611726,9.853206,5.215316,8.074557
0.0,10.0,20.0,30.0,40.0,50.0,60.0,70.0,80.0,90.0
10.0,0.0,10.0,20.0,30.0,40.0,50.0,60.0,70.0,80.0
20.0,10.0,0.0,10.0,20.0,30.0,40.0,50.0,60.0,70.0
30.0,20.0,10.0,0.0,10.0,20.0,30.0,40.0,50.0,60.0
40.0,30.0,20.0,10.0,0.0,10.0,20.0,30.0,40.0,50.0
50.0,40.0,30.0,20.0,10.0,0.0,10.0,20.0,30.0,40.0
60.0,50.0,40.0,30.0,20.0,10.0,0.0,10.0,20.0,30.0
70.0,60.0,50.0,40.0,30.0,20.0,10.0,0.0,10.0,20.0
80.0,70.0,60.0,50.0,40.0,30.0,20.0,10.0,0.0,10.0
90.0,80.0,70.0,60.0,50.0,40.0,30.0,20.0,10.0,0.0
450.0,400.0,350.0,300.0,250.0,250.0,300.0,350.0,400.0,450.0
0.0,1.0,2.0,3.0,4.0,5.0,6.0,7.0,8.0,9.0
1.0,0.0,1.0,2.0,3.0,4.0,5.0,6.0,7.0,8.0
2.0,1.0,0.0,1.0,2.0,3.0,4.0,5.0,6.0,7.0
3.0,2.0,1.0,0.0,1.0,2.0,3.0,4.0,5.0,6.0
4.0,3.0,2.0,1.0,0.0,1.0,2.0,3.0,4.0,5.0
5.0,4.0,3.0,2.0,1.0,0.0,1.0,2.0,3.0,4.0
6.0,5.0,4.0,3.0,2.0,1.0,0.0,1.0,2.0,3.0
7.0,6.0,5.0,4.0,3.0,2.0,1.0,0.0,1.0,2.0
8.0,7.0,6.0,5.0,4.0,3.0,2.0,1.0,0.0,1.0
9.0,8.0,7.0,6.0,5.0,4.0,3.0,2.0,1.0,0.0
45.0,40.0,35.0,30.0,25.0,25.0,30.0,35.0,40.0,45.0
29.0,34.0,37.0,31.0,31.0,28.0,51.0,26.0,27.0,32.0,44.0,36.0,41.0,26.0,35.0,41.0,34.0,41.0,25.0,37.0,37.0,41.0,45.0,41.0,47.0,26.0,30.0,29.0,32.0,30.0,41.0,50.0,38.0,49.0,36.0,39.0,41.0,32.0,33.0,37.0,30.0,27.0,32.0,40.0,41.0,42.0,39.0,29.0,41.0,40.0
37.0,24.0,35.0,29.0,31.0,40.0,30.0,23.0,18.0,26.0,32.0,34.0,37.0,35.0,21.0,22.0,32.0,29.0,24.0,23.0,29.0,26.0,26.0,40.0,32.0,22.0,25.0,23.0,34.0,30.0,21.0,38.0,32.0,33.0,29.0,44.0,36.0,35.0,18.0,26.0,24.0,30.0,33.0,37.0,32.0,31.0,31.0,38.0,28.0,28.0
47.0,40.0,35.0,33.0,31.0,47.0,39.0,33.0,30.0,31.0,36.0,27.0,38.0,35.0,29.0,35.0,43.0,46.0,51.0,33.0,42.0,40.0,37.0,40.0,45.0,45.0,39.0,26.0,43.0,43.0,37.0,35.0,29.0,30.0,38.0,32.0,44.0,41.0,35.0,39.0,47.0,32.0,33.0,50.0,33.0,39.0,34.0,38.0,38.0,30.0
25.0,32.0,36.0,36.0,32.0,38.0,37.0,24.0,28.0,31.0,21.0,30.0,28.0,34.0,30.0,29.0,39.0,38.0,27.0,32.0,27.0,28.0,22.0,31.0,35.0,26.0,35.0,43.0,34.0,34.0,30.0,43.0,23.0,30.0,42.0,24.0,31.0,26.0,22.0,36.0,27.0,23.0,32.0,31.0,36.0,30.0,28.0,30.0,33.0,24.0
40.0,35.0,41.0,24.0,36.0,45.0,34.0,34.0,28.0,42.0,23.0,39.0,43.0,33.0,31.0,32.0,31.0,40.0,28.0,32.0,32.0,36.0,24.0,28.0,28.0,30.0,29.0,23.0,24.0,30.0,27.0,26.0,37.0,31.0,29.0,29.0,33.0,26.0,36.0,37.0,39.0,21.0,31.0,31.0,34.0,27.0,43.0,32.0,28.0,28.0
25.0,34.0,31.0,36.0,29.0,30.0,27.0,34.0,35.0,42.0,33.0,33.0,26.0,31.0,50.0,34.0,35.0,40.0,37.0,27.0,31.0,41.0,25.0,45.0,35.0,27.0,30.0,39.0,33.0,39.0,39.0,38.0,33.0,35.0,43.0,28.0,43.0,30.0,26.0,21.0,34.0,33.0,26.0,34.0,27.0,34.0,32.0,32.0,32.0,35.0
27.0,35.0,40.0,31.0,40.0,36.0,37.0,31.0,39.0,32.0,38.0,32.0,35.0,33.0,27.0,37.0,46.0,34.0,32.0,36.0,37.0,34.0,39.0,31.0,37.0,32.0,32.0,29.0,25.0,32.0,41.0,39.0,30.0,29.0,17.0,31.0,28.0,47.0,34.0,40.0,37.0,32.0,33.0,29.0,33.0,34.0,36.0,37.0,25.0,33.0
43.0,40.0,32.0,35.0,32.0,27.0,35.0,37.0,37.0,45.0,43.0,25.0,33.0,37.0,28.0,37.0,42.0,36.0,31.0,31.0,38.0,34.0,37.0,35.0,35.0,30.0,28.0,34.0,29.0,41.0,51.0,28.0,40.0,34.0,40.0,31.0,27.0,40.0,27.0,43.0,38.0,37.0,50.0,32.0,28.0,49.0,38.0,32.0,43.0,42.0
13.0,25.0,19.0,25.0,21.0,19.0,24.0,33.0,16.0,21.0,17.0,19.0,27.0,15.0,18.0,19.0,18.0,17.0,22.0,21.0,29.0,13.0,17.0,28.0,21.0,20.0,27.0,25.0,16.0,21.0,15.0,25.0,14.0,23.0,25.0,15.0,23.0,20.0,19.0,23.0,18.0,15.0,19.0,21.0,22.0,19.0,15.0,23.0,19.0,28.0
24.0,36.0,33.0,32.0,22.0,34.0,30.0,28.0,30.0,33.0,32.0,52.0,34.0,42.0,31.0,26.0,25.0,29.0,42.0,41.0,27.0,32.0,36.0,25.0,29.0,24.0,34.0,27.0,37.0,37.0,29.0,29.0,34.0,39.0,30.0,27.0,41.0,27.0,30.0,34.0,23.0,27.0,41.0,33.0,29.0,41.0,29.0,40.0,36.0,27.0
