10,50,1000
18.653011,15.756697,15.953751,18.725162,17.882626,17.845909,16.548356,19.425874,18.093203,17.473086
6.89208,5.969674,5.733973,7.474647,8.915104,5.027049,5.05328,7.075695,5.810984,5.97429
0.0,10.0,20.0,30.0,40.0,50.0,60.0,70.0,80.0,90.0
10.0,0.0,10.0,20.0,30.0,40.0,50.0,60.0,70.0,80.0
20.0,10.0,0.0,10.0,20.0,30.0,40.0,50.0,60.0,70.0
30.0,20.0,10.0,0.0,10.0,20.0,30.0,40.0,50.0,60.0
40.0,30.0,20.0,10.0,0.0,10.0,20.0,30.0,40.0,50.0
50.0,40.0,30.0,20.0,10.0,0.0,10.0,20.0,30.0,40.0
60.0,50.0,40.0,30.0,20.0,10.0,0.0,10.0,20.0,30.0
70.0,60.0,50.0,40.0,30.0,20.0,10.0,0.0,10.0,20.0
80.0,70.0,60.0,50.0,40.0,30.0,20.0,10.0,0.0,10.0
90.0,80.0,70.0,60.0,50.0,40.0,30.0,20.0,10.0,0.0
450.0,400.0,350.0,300.0,250.0,250.0,300.0,350.0,400.0,450.0
0.0,1.0,2.0,3.0,4.0,5.0,6.0,7.0,8.0,9.0
1.0,0.0,1.0,2.0,3.0,4.0,5.0,6.0,7.0,8.0
2.0,1.0,0.0,1.0,2.0,3.0,4.0,5.0,6.0,7.0
3.0,2.0,1.0,0.0,1.0,2.0,3.0,4.0,5.0,6.0
4.0,3.0,2.0,1.0,0.0,1.0,2.0,3.0,4.0,5.0
5.0,4.0,3.0,2.0,1.0,0.0,1.0,2.0,3.0,4.0
6.0,5.0,4.0,3.0,2.0,1.0,0.0,1.0,2.0,3.0
7.0,6.0,5.0,4.0,3.0,2.0,1.0,0.0,1.0,2.0
8.0,7.0,6.0,5.0,4.0,3.0,2.0,1.0,0.0,1.0
9.0,8.0,7.0,6.0,5.0,4.0,3.0,2.0,1.0,0.0
45.0,40.0,35.0,30.0,25.0,25.0,30.0,35.0,40.0,45.0
30.0,28.0,30.0,24.0,33.0,18.0,21.0,26.0,30.0,22.0,20.0,19.0,27.0,25.0,38.0,37.0,23.0,24.0,21.0,26.0,34.0,18.0,34.0,29.0,24.0,36.0,28.0,35.0,34.0,18.0,32.0,30.0,20.0,30.0,35.0,28.0,33.0,32.0,27.0,25.0,27.0,20.0,25.0,30.0,29.0,29.0,27.0,23.0,20.0,31.0
22.0,23.0,11.0,25.0,21.0,25.0,19.0,17.0,26.0,28.0,22.0,22.0,21.0,23.0,29.0,23.0,26.0,24.0,20.0,25.0,25.0,20.0,18.0,22.0,27.0,22.0,28.0,17.0,25.0,21.0,21.0,31.0,19.0,26.0,31.0,29.0,26.0,30.0,18.0,23.0,18.0,26.0,13.0,21.0,19.0,18.0,13.0,27.0,21.0,26.0
19.0,20.0,15.0,24.0,26.0,20.0,17.0,18.0,21.0,24.0,28.0,20.0,21.0,21.0,20.0,26.0,23.0,32.0,29.0,23.0,18.0,27.0,21.0,19.0,27.0,21.0,17.0,27.0,19.0,19.0,24.0,32.0,11.0,26.0,21.0,28.0,20.0,25.0,18.0,33.0,14.0,29.0,25.0,17.0,23.0,17.0,21.0,31.0,27.0,20.0
29.0,21.0,37.0,28.0,24.0,29.0,25.0,21.0,27.0,21.0,32.0,34.0,29.0,28.0,23.0,28.0,23.0,34.0,21.0,26.0,26.0,31.0,32.0,34.0,32.0,29.0,22.0,33.0,32.0,31.0,30.0,30.0,27.0,44.0,25.0,32.0,25.0,29.0,27.0,32.0,26.0,29.0,34.0,23.0,32.0,27.0,26.0,28.0,40.0,32.0
23.0,38.0,41.0,31.0,35.0,27.0,40.0,43.0,20.0,37.0,29.0,30.0,39.0,35.0,36.0,44.0,39.0,27.0,37.0,34.0,35.0,31.0,31.0,35.0,38.0,22.0,37.0,28.0,25.0,30.0,35.0,42.0,38.0,33.0,23.0,38.0,25.0,23.0,41.0,32.0,26.0,23.0,34.0,29.0,30.0,26.0,24.0,25.0,36.0,28.0
22.0,17.0,15.0,23.0,23.0,22.0,22.0,31.0,22.0,22.0,20.0,27.0,20.0,21.0,22.0,14.0,29.0,18.0,22.0,14.0,19.0,17.0,15.0,31.0,30.0,22.0,16.0,17.0,17.0,18.0,20.0,22.0,28.0,17.0,16.0,27.0,24.0,22.0,23.0,18.0,24.0,23.0,16.0,18.0,23.0,26.0,23.0,22.0,20.0,16.0
18.0,16.0,13.0,24.0,19.0,28.0,18.0,21.0,23.0,14.0,25.0,25.0,20.0,26.0,21.0,19.0,24.0,13.0,22.0,20.0,24.0,17.0,17.0,22.0,15.0,25.0,20.0,21.0,24.0,19.0,9.0,20.0,17.0,19.0,22.0,16.0,23.0,14.0,32.0,13.0,15.0,23.0,21.0,17.0,18.0,17.0,23.0,17.0,22.0,25.0
25.0,36.0,24.0,24.0,23.0,21.0,18.0,26.0,30.0,33.0,24.0,35.0,28.0,32.0,36.0,28.0,21.0,30.0,32.0,23.0,39.0,19.0,25.0,25.0,35.0,27.0,20.0,29.0,34.0,16.0,31.0,24.0,33.0,25.0,32.0,28.0,19.0,31.0,23.0,28.0,24.0,33.0,28.0,25.0,32.0,29.0,28.0,21.0,20.0,25.0
21.0,28.0,23.0,23.0,18.0,17.0,25.0,28.0,25.0,26.0,19.0,23.0,20.0,30.0,23.0,28.0,21.0,31.0,31.0,26.0,24.0,22.0,30.0,30.0,23.0,24.0,20.0,27.0,35.0,22.0,36.0,29.0,24.0,28.0,23.0,33.0,19.0,22.0,29.0,18.0,23.0,26.0,27.0,19.0,19.0,35.0,25.0,28.0,23.0,28.0
22.0,32.0,21.0,14.0,20.0,23.0,24.0,24.0,27.0,21.0,21.0,25.0,23.0,28.0,20.0,32.0,22.0,19.0,26.0,21.0,28.0,25.0,21.0,22.0,29.0,22.0,15.0,25.0,19.0,26.0,29.0,29.0,24.0,28.0,22.0,23.0,27.0,24.0,29.0,19.0,28.0,26.0,23.0,26.0,23.0,20.0,36.0,23.0,19.0,18.0
