10,50,1000
15.179551,17.610352,17.546546,16.054791,15.409384,18.314272,17.025197,19.984933,17.824106,17.997617
7.108057,9.86779,8.378218,5.610674,8.760035,5.53885,8.665548,9.717874,6.086781,9.300614
0.0,10.0,20.0,30.0,40.0,50.0,60.0,70.0,80.0,90.0
10.0,0.0,10.0,20.0,30.0,40.0,50.0,60.0,70.0,80.0
20.0,10.0,0.0,10.0,20.0,30.0,40.0,50.0,60.0,70.0
30.0,20.0,10.0,0.0,10.0,20.0,30.0,40.0,50.0,60.0
40.0,30.0,20.0,10.0,0.0,10.0,20.0,30.0,40.0,50.0
50.0,40.0,30.0,20.0,10.0,0.0,10.0,20.0,30.0,40.0
60.0,50.0,40.0,30.0,20.0,10.0,0.0,10.0,20.0,30.0
70.0,60.0,50.0,40.0,30.0,20.0,10.0,0.0,10.0,20.0
80.0,70.0,60.0,50.0,40.0,30.0,20.0,10.0,0.0,10.0
90.0,80.0,70.0,60.0,50.0,40.0,30.0,20.0,10.0,0.0
450.0,400.0,350.0,300.0,250.0,250.0,300.0,350.0,400.0,450.0
0.0,1.0,2.0,3.0,4.0,5.0,6.0,7.0,8.0,9.0
1.0,0.0,1.0,2.0,3.0,4.0,5.0,6.0,7.0,8.0
2.0,1.0,0.0,1.0,2.0,3.0,4.0,5.0,6.0,7.0
3.0,2.0,1.0,0.0,1.0,2.0,3.0,4.0,5.0,6.0
4.0,3.0,2.0,1.0,0.0,1.0,2.0,3.0,4.0,5.0
5.0,4.0,3.0,2.0,1.0,0.0,1.0,2.0,3.0,4.0
6.0,5.0,4.0,3.0,2.0,1.0,0.0,1.0,2.0,3.0
7.0,6.0,5.0,4.0,3.0,2.0,1.0,0.0,1.0,2.0
8.0,7.0,6.0,5.0,4.0,3.0,2.0,1.0,0.0,1.0
9.0,8.0,7.0,6.0,5.0,4.0,3.0,2.0,1.0,0.0
45.0,40.0,35.0,30.0,25.0,25.0,30.0,35.0,40.0,45.0
37.0,20.0,21.0,17.0,30.0,22.0,35.0,23.0,24.0,30.0,27.0,20.0,26.0,26.0,23.0,27.0,29.0,25.0,27.0,21.0,28.0,31.0,32.0,24.0,26.0,24.0,32.0,15.0,23.0,21.0,27.0,35.0,23.0,24.0,28.0,29.0,34.0,29.0,24.0,26.0,15.0,29.0,30.0,43.0,25.0,31.0,35.0,23.0,25.0,19.0
37.0,33.0,48.0,38.0,42.0,37.0,27.0,42.0,29.0,35.0,35.0,32.0,26.0,46.0,38.0,32.0,38.0,34.0,28.0,37.0,35.0,34.0,37.0,38.0,42.0,43.0,42.0,36.0,24.0,26.0,30.0,31.0,30.0,30.0,28.0,30.0,23.0,35.0,40.0,44.0,32.0,37.0,41.0,30.0,29.0,31.0,33.0,46.0,40.0,29.0
31.0,25.0,40.0,29.0,41.0,42.0,41.0,30.0,37.0,37.0,39.0,37.0,36.0,28.0,28.0,32.0,33.0,26.0,38.0,34.0,30.0,29.0,34.0,30.0,30.0,35.0,40.0,28.0,25.0,43.0,34.0,35.0,31.0,37.0,40.0,34.0,32.0,47.0,26.0,33.0,30.0,36.0,33.0,24.0,31.0,26.0,33.0,39.0,26.0,30.0
19.0,29.0,21.0,24.0,19.0,26.0,28.0,20.0,28.0,25.0,16.0,18.0,24.0,23.0,21.0,20.0,23.0,18.0,19.0,33.0,17.0,16.0,15.0,12.0,22.0,24.0,28.0,18.0,13.0,14.0,14.0,19.0,20.0,24.0,21.0,21.0,26.0,34.0,30.0,14.0,20.0,14.0,19.0,18.0,32.0,19.0,21.0,22.0,30.0,22.0
26.0,43.0,33.0,32.0,37.0,51.0,33.0,29.0,36.0,26.0,24.0,37.0,24.0,35.0,28.0,25.0,32.0,28.0,32.0,42.0,27.0,24.0,32.0,35.0,30.0,32.0,29.0,33.0,21.0,25.0,26.0,28.0,34.0,28.0,32.0,28.0,33.0,33.0,40.0,34.0,39.0,30.0,33.0,37.0,41.0,54.0,32.0,36.0,38.0,32.0
24.0,27.0,19.0,18.0,27.0,24.0,26.0,25.0,24.0,23.0,29.0,29.0,18.0,24.0,25.0,28.0,21.0,29.0,25.0,25.0,20.0,34.0,20.0,16.0,20.0,19.0,21.0,22.0,21.0,24.0,17.0,16.0,20.0,14.0,24.0,28.0,20.0,16.0,24.0,24.0,15.0,20.0,20.0,30.0,18.0,14.0,20.0,18.0,19.0,23.0
30.0,36.0,17.0,35.0,31.0,27.0,29.0,22.0,41.0,38.0,37.0,25.0,34.0,38.0,36.0,41.0,35.0,36.0,35.0,29.0,23.0,28.0,24.0,23.0,23.0,37.0,27.0,40.0,32.0,42.0,41.0,26.0,42.0,31.0,23.0,29.0,35.0,40.0,33.0,36.0,35.0,36.0,29.0,34.0,29.0,20.0,31.0,41.0,36.0,34.0
34.0,37.0,35.0,44.0,32.0,40.0,33.0,43.0,29.0,41.0,54.0,32.0,33.0,35.0,29.0,32.0,27.0,44.0,33.0,42.0,37.0,24.0,43.0,32.0,42.0,32.0,42.0,35.0,32.0,31.0,33.0,45.0,30.0,38.0,40.0,37.0,26.0,44.0,36.0,37.0,45.0,46.0,36.0,30.0,39.0,40.0,40.0,21.0,28.0,37.0
15.0,23.0,30.0,30.0,17.0,32.0,20.0,20.0,26.0,19.0,26.0,25.0,28.0,21.0,20.0,22.0,28.0,24.0,17.0,26.0,31.0,15.0,28.0,19.0,31.0,21.0,22.0,30.0,25.0,18.0,23.0,17.0,21.0,13.0,31.0,24.0,32.0,18.0,20.0,31.0,27.0,27.0,21.0,17.0,26.0,26.0,24.0,21.0,18.0,25.0
31.0,33.0,32.0,32.0,26.0,34.0,41.0,38.0,42.0,26.0,45.0,31.0,41.0,41.0,31.0,36.0,28.0,28.0,38.0,40.0,50.0,35.0,34.0,32.0,44.0,40.0,45.0,34.0,40.0,33.0,30.0,36.0,35.0,44.0,33.0,48.0,27.0,20.0,36.0,41.0,32.0,31.0,30.0,28.0,41.0,37.0,27.0,32.0,40.0,32.0
