10,50,1000
17.711988,17.873863,17.289891,17.224703,18.697166,18.02901,15.164018,17.788256,19.073031,18.607803
6.650509,7.474378,8.327953,5.036931,6.601597,6.498755,7.871948,6.92952,7.300346,5.08306
0.0,10.0,20.0,30.0,40.0,50.0,60.0,70.0,80.0,90.0
10.0,0.0,10.0,20.0,30.0,40.0,50.0,60.0,70.0,80.0
20.0,10.0,0.0,10.0,20.0,30.0,40.0,50.0,60.0,70.0
30.0,20.0,10.0,0.0,10.0,20.0,30.0,40.0,50.0,60.0
40.0,30.0,20.0,10.0,0.0,10.0,20.0,30.0,40.0,50.0
50.0,40.0,30.0,20.0,10.0,0.0,10.0,20.0,30.0,40.0
60.0,50.0,40.0,30.0,20.0,10.0,0.0,10.0,20.0,30.0
70.0,60.0,50.0,40.0,30.0,20.0,10.0,0.0,10.0,20.0
80.0,70.0,60.0,50.0,40.0,30.0,20.0,10.0,0.0,10.0
90.0,80.0,70.0,60.0,50.0,40.0,30.0,20.0,10.0,0.0
450.0,400.0,350.0,300.0,250.0,250.0,300.0,350.0,400.0,450.0
0.0,1.0,2.0,3.0,4.0,5.0,6.0,7.0,8.0,9.0
1.0,0.0,1.0,2.0,3.0,4.0,5.0,6.0,7.0,8.0
2.0,1.0,0.0,1.0,2.0,3.0,4.0,5.0,6.0,7.0
3.0,2.0,1.0,0.0,1.0,2.0,3.0,4.0,5.0,6.0
4.0,3.0,2.0,1.0,0.0,1.0,2.0,3.0,4.0,5.0
5.0,4.0,3.0,2.0,1.0,0.0,1.0,2.0,3.0,4.0
6.0,5.0,4.0,3.0,2.0,1.0,0.0,1.0,2.0,3.0
7.0,6.0,5.0,4.0,3.0,2.0,1.0,0.0,1.0,2.0
8.0,7.0,6.0,5.0,4.0,3.0,2.0,1.0,0.0,1.0
9.0,8.0,7.0,6.0,5.0,4.0,3.0,2.0,1.0,0.0
45.0,40.0,35.0,30.0,25.0,25.0,30.0,35.0,40.0,45.0
25.0,17.0,30.0,28.0,36.0,26.0,22.0,25.0,18.0,30.0,17.0,23.0,22.0,36.0,26.0,28.0,28.0,26.0,28.0,24.0,22.0,22.0,32.0,33.0,25.0,27.0,30.0,29.0,26.0,31.0,30.0,25.0,17.0,17.0,20.0,19.0,17.0,28.0,32.0,20.0,24.0,21.0,34.0,13.0,33.0,27.0,24.0,30.0,28.0,24.0
35.0,34.0,20.0,33.0,23.0,45.0,28.0,39.0,29.0,38.0,24.0,29.0,27.0,27.0,23.0,31.0,32.0,19.0,19.0,31.0,37.0,24.0,26.0,28.0,27.0,29.0,28.0,38.0,31.0,34.0,28.0,27.0,31.0,31.0,25.0,42.0,36.0,34.0,24.0,27.0,44.0,29.0,27.0,33.0,30.0,20.0,33.0,26.0,40.0,34.0
34.0,22.0,41.0,22.0,24.0,31.0,33.0,23.0,20.0,32.0,21.0,44.0,24.0,35.0,26.0,32.0,43.0,27.0,25.0,29.0,33.0,32.0,31.0,29.0,31.0,26.0,36.0,35.0,36.0,27.0,22.0,31.0,34.0,22.0,29.0,26.0,37.0,29.0,31.0,38.0,38.0,45.0,27.0,24.0,33.0,26.0,31.0,27.0,17.0,41.0
20.0,15.0,20.0,24.0,25.0,25.0,13.0,21.0,23.0,20.0,21.0,19.0,9.0,19.0,15.0,24.0,25.0,22.0,22.0,16.0,17.0,20.0,22.0,26.0,23.0,16.0,13.0,26.0,17.0,12.0,24.0,19.0,20.0,24.0,21.0,22.0,19.0,28.0,24.0,14.0,27.0,16.0,18.0,29.0,26.0,21.0,19.0,30.0,26.0,18.0
29.0,23.0,21.0,42.0,24.0,32.0,22.0,32.0,19.0,26.0,25.0,30.0,29.0,26.0,27.0,28.0,23.0,22.0,18.0,23.0,18.0,19.0,30.0,25.0,23.0,29.0,29.0,20.0,27.0,17.0,27.0,30.0,18.0,26.0,29.0,28.0,33.0,27.0,17.0,30.0,30.0,27.0,26.0,16.0,17.0,22.0,31.0,21.0,23.0,20.0
32.0,30.0,15.0,26.0,39.0,27.0,26.0,28.0,26.0,22.0,24.0,22.0,24.0,39.0,30.0,20.0,28.0,31.0,34.0,27.0,33.0,27.0,30.0,19.0,27.0,27.0,18.0,28.0,30.0,26.0,24.0,27.0,36.0,26.0,22.0,24.0,18.0,29.0,24.0,27.0,27.0,23.0,27.0,18.0,32.0,30.0,19.0,23.0,21.0,30.0
30.0,30.0,25.0,37.0,33.0,25.0,34.0,26.0,29.0,39.0,40.0,34.0,28.0,23.0,25.0,24.0,26.0,31.0,32.0,24.0,26.0,26.0,23.0,27.0,28.0,31.0,28.0,29.0,34.0,30.0,30.0,27.0,26.0,27.0,29.0,31.0,41.0,31.0,40.0,25.0,24.0,22.0,25.0,16.0,32.0,24.0,31.0,32.0,29.0,28.0
22.0,28.0,20.0,27.0,26.0,38.0,20.0,27.0,21.0,19.0,28.0,29.0,29.0,33.0,29.0,29.0,37.0,20.0,23.0,32.0,22.0,31.0,22.0,25.0,31.0,19.0,29.0,35.0,26.0,26.0,27.0,22.0,26.0,25.0,22.0,29.0,33.0,27.0,37.0,26.0,25.0,36.0,26.0,28.0,28.0,14.0,25.0,22.0,33.0,35.0
26.0,35.0,25.0,26.0,28.0,27.0,30.0,35.0,23.0,41.0,28.0,34.0,27.0,30.0,34.0,27.0,23.0,30.0,24.0,31.0,26.0,29.0,26.0,30.0,37.0,29.0,30.0,23.0,23.0,31.0,29.0,21.0,32.0,20.0,31.0,37.0,28.0,43.0,26.0,32.0,31.0,31.0,30.0,32.0,29.0,29.0,26.0,23.0,22.0,31.0
28.0,16.0,23.0,20.0,19.0,20.0,24.0,24.0,21.0,28.0,25.0,20.0,19.0,31.0,20.0,26.0,21.0,14.0,28.0,23.0,20.0,23.0,21.0,17.0,24.0,17.0,22.0,15.0,15.0,19.0,27.0,20.0,21.0,17.0,16.0,30.0,12.0,17.0,20.0,32.0,14.0,26.0,19.0,20.0,27.0,14.0,25.0,25.0,25.0,27.0
