10,50,1000
16.295248,15.970233,18.005762,18.628504,19.002783,17.943213,19.850924,17.953373,15.19361,19.497296
5.316648,8.176933,9.797876,5.403808,9.532409,7.586269,7.741985,6.049402,9.324742,9.297615
0.0,10.0,20.0,30.0,40.0,50.0,60.0,70.0,80.0,90.0
10.0,0.0,10.0,20.0,30.0,40.0,50.0,60.0,70.0,80.0
20.0,10.0,0.0,10.0,20.0,30.0,40.0,50.0,60.0,70.0
30.0,20.0,10.0,0.0,10.0,20.0,30.0,40.0,50.0,60.0
40.0,30.0,20.0,10.0,0.0,10.0,20.0,30.0,40.0,50.0
50.0,40.0,30.0,20.0,10.0,0.0,10.0,20.0,30.0,40.0
60.0,50.0,40.0,30.0,20.0,10.0,0.0,10.0,20.0,30.0
70.0,60.0,50.0,40.0,30.0,20.0,10.0,0.0,10.0,20.0
80.0,70.0,60.0,50.0,40.0,30.0,20.0,10.0,0.0,10.0
90.0,80.0,70.0,60.0,50.0,40.0,30.0,20.0,10.0,0.0
450.0,400.0,350.0,300.0,250.0,250.0,300.0,350.0,400.0,450.0
0.0,1.0,2.0,3.0,4.0,5.0,6.0,7.0,8.0,9.0
1.0,0.0,1.0,2.0,3.0,4.0,5.0,6.0,7.0,8.0
2.0,1.0,0.0,1.0,2.0,3.0,4.0,5.0,6.0,7.0
3.0,2.0,1.0,0.0,1.0,2.0,3.0,4.0,5.0,6.0
4.0,3.0,2.0,1.0,0.0,1.0,2.0,3.0,4.0,5.0
5.0,4.0,3.0,2.0,1.0,0.0,1.0,2.0,3.0,4.0
6.0,5.0,4.0,3.0,2.0,1.0,0.0,1.0,2.0,3.0
7.0,6.0,5.0,4.0,3.0,2.0,1.0,0.0,1.0,2.0
8.0,7.0,6.0,5.0,4.0,3.0,2.0,1.0,0.0,1.0
9.0,8.0,7.0,6.0,5.0,4.0,3.0,2.0,1.0,0.0
45.0,40.0,35.0,30.0,25.0,25.0,30.0,35.0,40.0,45.0
15.0,19.0,20.0,16.0,19.0,22.0,27.0,16.0,24.0,21.0,23.0,11.0,19.0,17.0,25.0,18.0,23.0,29.0,21.0,12.0,22.0,28.0,20.0,17.0,19.0,24.0,28.0,28.0,22.0,22.0,15.0,24.0,26.0,23.0,24.0,19.0,22.0,18.0,18.0,15.0,23.0,17.0,21.0,13.0,23.0,18.0,13.0,23.0,23.0,30.0
35.0,30.0,20.0,29.0,39.0,32.0,26.0,34.0,31.0,28.0,24.0,21.0,26.0,21.0,22.0,36.0,27.0,28.0,38.0,30.0,20.0,33.0,33.0,27.0,36.0,28.0,28.0,28.0,28.0,27.0,28.0,29.0,24.0,30.0,30.0,43.0,28.0,30.0,34.0,25.0,24.0,38.0,23.0,35.0,29.0,33.0,34.0,42.0,28.0,33.0
32.0,36.0,39.0,38.0,41.0,29.0,37.0,34.0,41.0,46.0,36.0,39.0,37.0,32.0,29.0,50.0,42.0,31.0,30.0,25.0,44.0,37.0,32.0,44.0,55.0,40.0,26.0,30.0,29.0,52.0,31.0,46.0,42.0,27.0,26.0,42.0,33.0,34.0,36.0,41.0,26.0,38.0,36.0,40.0,37.0,49.0,38.0,24.0,28.0,35.0
17.0,16.0,25.0,18.0,28.0,36.0,19.0,26.0,23.0,23.0,31.0,29.0,17.0,18.0,25.0,23.0,27.0,26.0,25.0,19.0,17.0,15.0,24.0,22.0,24.0,16.0,19.0,22.0,19.0,20.0,27.0,22.0,26.0,22.0,18.0,17.0,24.0,16.0,22.0,21.0,23.0,23.0,20.0,34.0,25.0,20.0,20.0,20.0,25.0,31.0
38.0,33.0,43.0,43.0,44.0,38.0,32.0,40.0,32.0,47.0,43.0,39.0,39.0,32.0,38.0,37.0,35.0,39.0,45.0,40.0,28.0,47.0,37.0,29.0,37.0,36.0,32.0,29.0,28.0,31.0,42.0,33.0,39.0,41.0,31.0,45.0,29.0,29.0,35.0,32.0,39.0,44.0,27.0,35.0,34.0,42.0,35.0,30.0,39.0,36.0
19.0,28.0,28.0,25.0,24.0,35.0,37.0,39.0,30.0,26.0,32.0,37.0,31.0,29.0,31.0,39.0,25.0,37.0,25.0,28.0,23.0,25.0,29.0,27.0,34.0,37.0,31.0,32.0,30.0,28.0,25.0,17.0,36.0,30.0,30.0,28.0,24.0,40.0,30.0,24.0,28.0,22.0,34.0,38.0,24.0,28.0,31.0,29.0,25.0,30.0
29.0,32.0,32.0,23.0,30.0,30.0,24.0,29.0,22.0,27.0,33.0,35.0,25.0,44.0,41.0,35.0,28.0,36.0,32.0,28.0,36.0,29.0,24.0,33.0,33.0,35.0,33.0,32.0,27.0,28.0,24.0,36.0,42.0,29.0,20.0,29.0,35.0,28.0,21.0,27.0,36.0,28.0,20.0,37.0,26.0,27.0,42.0,31.0,31.0,26.0
24.0,21.0,27.0,23.0,22.0,33.0,27.0,20.0,27.0,25.0,30.0,18.0,31.0,19.0,35.0,27.0,25.0,25.0,22.0,24.0,23.0,23.0,24.0,29.0,17.0,27.0,21.0,21.0,24.0,25.0,28.0,26.0,19.0,23.0,28.0,29.0,20.0,30.0,30.0,23.0,27.0,27.0,27.0,29.0,17.0,24.0,21.0,25.0,16.0,23.0
34.0,35.0,44.0,33.0,35.0,36.0,31.0,32.0,31.0,31.0,38.0,40.0,33.0,29.0,31.0,36.0,33.0,33.0,25.0,30.0,40.0,23.0,36.0,33.0,40.0,39.0,34.0,39.0,40.0,28.0,42.0,45.0,26.0,41.0,32.0,28.0,38.0,34.0,30.0,43.0,32.0,26.0,37.0,35.0,29.0,34.0,33.0,38.0,27.0,43.0
24.0,38.0,39.0,46.0,32.0,36.0,39.0,32.0,31.0,33.0,39.0,25.0,33.0,26.0,36.0,32.0,42.0,37.0,30.0,28.0,36.0,40.0,32.0,36.0,20.0,44.0,33.0,33.0,35.0,41.0,28.0,34.0,51.0,32.0,35.0,33.0,27.0,34.0,36.0,34.0,34.0,36.0,38.0,38.0,35.0,39.0,36.0,38.0,31.0,39.0
