10,50,1000
18.825868,18.350675,15.131476,18.897122,17.298275,18.607253,18.116932,18.570408,19.648146,19.69785
8.998871,7.39192,7.225976,6.882723,5.173084,8.689931,9.185994,9.499196,8.637073,6.056196
0.0,10.0,20.0,30.0,40.0,50.0,60.0,70.0,80.0,90.0
10.0,0.0,10.0,20.0,30.0,40.0,50.0,60.0,70.0,80.0
20.0,10.0,0.0,10.0,20.0,30.0,40.0,50.0,60.0,70.0
30.0,20.0,10.0,0.0,10.0,20.0,30.0,40.0,50.0,60.0
40.0,30.0,20.0,10.0,0.0,10.0,20.0,30.0,40.0,50.0
50.0,40.0,30.0,20.0,10.0,0.0,10.0,20.0,30.0,40.0
60.0,50.0,40.0,30.0,20.0,10.0,0.0,10.0,20.0,30.0
70.0,60.0,50.0,40.0,30.0,20.0,10.0,0.0,10.0,20.0
80.0,70.0,60.0,50.0,40.0,30.0,20.0,10.0,0.0,10.0
90.0,80.0,70.0,60.0,50.0,40.0,30.0,20.0,10.0,0.0
450.0,400.0,350.0,300.0,250.0,250.0,300.0,350.0,400.0,450.0
0.0,1.0,2.0,3.0,4.0,5.0,6.0,7.0,8.0,9.0
1.0,0.0,1.0,2.0,3.0,4.0,5.0,6.0,7.0,8.0
2.0,1.0,0.0,1.0,2.0,3.0,4.0,5.0,6.0,7.0
3.0,2.0,1.0,0.0,1.0,2.0,3.0,4.0,5.0,6.0
4.0,3.0,2.0,1.0,0.0,1.0,2.0,3.0,4.0,5.0
5.0,4.0,3.0,2.0,1.0,0.0,1.0,2.0,3.0,4.0
6.0,5.0,4.0,3.0,2.0,1.0,0.0,1.0,2.0,3.0
7.0,6.0,5.0,4.0,3.0,2.0,1.0,0.0,1.0,2.0
8.0,7.0,6.0,5.0,4.0,3.0,2.0,1.0,0.0,1.0
9.0,8.0,7.0,6.0,5.0,4.0,3.0,2.0,1.0,0.0
45.0,40.0,35.0,30.0,25.0,25.0,30.0,35.0,40.0,45.0
35.0,36.0,38.0,36.0,23.0,40.0,37.0,37.0,36.0,30.0,39.0,28.0,42.0,33.0,40.0,34.0,32.0,36.0,31.0,29.0,29.0,33.0,39.0,32.0,42.0,30.0,34.0,32.0,30.0,37.0,41.0,23.0,39.0,31.0,29.0,29.0,33.0,28.0,27.0,39.0,38.0,31.0,39.0,34.0,42.0,37.0,23.0,32.0,29.0,41.0
27.0,38.0,28.0,20.0,31.0,24.0,31.0,26.0,30.0,37.0,36.0,32.0,40.0,35.0,31.0,25.0,28.0,21.0,29.0,30.0,28.0,23.0,19.0,26.0,28.0,24.0,26.0,33.0,29.0,29.0,34.0,30.0,29.0,32.0,24.0,34.0,49.0,35.0,33.0,39.0,21.0,27.0,23.0,30.0,24.0,34.0,31.0,35.0,23.0,29.0
30.0,24.0,26.0,29.0,31.0,33.0,37.0,24.0,27.0,31.0,24.0,25.0,27.0,29.0,34.0,27.0,28.0,25.0,35.0,29.0,24.0,37.0,24.0,19.0,25.0,25.0,23.0,27.0,31.0,29.0,32.0,32.0,26.0,21.0,26.0,24.0,30.0,24.0,25.0,25.0,24.0,17.0,27.0,34.0,28.0,32.0,28.0,22.0,26.0,20.0
27.0,20.0,25.0,23.0,25.0,31.0,39.0,38.0,35.0,23.0,24.0,38.0,40.0,30.0,27.0,31.0,31.0,23.0,29.0,22.0,26.0,28.0,20.0,22.0,40.0,26.0,30.0,20.0,33.0,30.0,38.0,29.0,38.0,24.0,24.0,31.0,36.0,29.0,40.0,25.0,27.0,24.0,15.0,27.0,28.0,26.0,39.0,18.0,29.0,25.0
20.0,15.0,17.0,20.0,25.0,26.0,20.0,27.0,16.0,19.0,24.0,24.0,22.0,23.0,26.0,26.0,22.0,17.0,26.0,14.0,11.0,23.0,20.0,20.0,21.0,21.0,23.0,19.0,19.0,19.0,21.0,21.0,22.0,20.0,17.0,18.0,23.0,28.0,17.0,20.0,20.0,23.0,33.0,25.0,22.0,19.0,25.0,17.0,24.0,19.0
40.0,30.0,36.0,39.0,32.0,38.0,33.0,47.0,30.0,40.0,27.0,30.0,35.0,38.0,28.0,35.0,37.0,32.0,45.0,27.0,31.0,31.0,38.0,34.0,35.0,30.0,18.0,31.0,44.0,33.0,37.0,21.0,31.0,30.0,36.0,24.0,28.0,30.0,39.0,35.0,36.0,29.0,29.0,36.0,38.0,40.0,40.0,32.0,26.0,35.0
23.0,41.0,35.0,38.0,36.0,31.0,29.0,39.0,31.0,33.0,31.0,28.0,36.0,38.0,27.0,29.0,36.0,35.0,23.0,21.0,33.0,37.0,38.0,28.0,48.0,34.0,36.0,31.0,36.0,31.0,39.0,39.0,41.0,32.0,27.0,32.0,39.0,36.0,31.0,35.0,39.0,42.0,42.0,27.0,40.0,27.0,32.0,40.0,39.0,25.0
42.0,32.0,42.0,37.0,39.0,30.0,33.0,35.0,35.0,40.0,45.0,34.0,38.0,34.0,40.0,33.0,36.0,44.0,36.0,23.0,41.0,30.0,26.0,37.0,50.0,38.0,32.0,41.0,36.0,25.0,35.0,31.0,36.0,32.0,32.0,42.0,38.0,35.0,40.0,35.0,26.0,30.0,45.0,38.0,23.0,44.0,25.0,26.0,43.0,43.0
32.0,31.0,31.0,47.0,30.0,38.0,32.0,41.0,25.0,30.0,28.0,30.0,41.0,33.0,38.0,33.0,25.0,32.0,41.0,36.0,36.0,26.0,37.0,32.0,31.0,37.0,29.0,28.0,23.0,34.0,45.0,39.0,27.0,26.0,38.0,33.0,34.0,25.0,35.0,34.0,38.0,37.0,48.0,28.0,30.0,30.0,35.0,40.0,40.0,39.0
24.0,24.0,21.0,22.0,28.0,31.0,26.0,25.0,35.0,19.0,17.0,25.0,26.0,24.0,23.0,22.0,19.0,20.0,28.0,22.0,20.0,30.0,28.0,25.0,15.0,29.0,19.0,22.0,20.0,17.0,21.0,22.0,29.0,29.0,22.0,25.0,30.0,23.0,19.0,26.0,28.0,40.0,32.0,28.0,23.0,17.0,27.0,26.0,26.0,23.0
