10,50,1000
16.098789,18.684249,19.574659,18.285628,16.115744,15.071501,15.501293,16.65341,18.456414,16.318753
6.797478,8.36586,8.670329,8.437888,5.530323,7.061038,5.550669,5.718534,5.095152,8.238631
0.0,10.0,20.0,30.0,40.0,50.0,60.0,70.0,80.0,90.0
10.0,0.0,10.0,20.0,30.0,40.0,50.0,60.0,70.0,80.0
20.0,10.0,0.0,10.0,20.0,30.0,40.0,50.0,60.0,70.0
30.0,20.0,10.0,0.0,10.0,20.0,30.0,40.0,50.0,60.0
40.0,30.0,20.0,10.0,0.0,10.0,20.0,30.0,40.0,50.0
50.0,40.0,30.0,20.0,10.0,0.0,10.0,20.0,30.0,40.0
60.0,50.0,40.0,30.0,20.0,10.0,0.0,10.0,20.0,30.0
70.0,60.0,50.0,40.0,30.0,20.0,10.0,0.0,10.0,20.0
80.0,70.0,60.0,50.0,40.0,30.0,20.0,10.0,0.0,10.0
90.0,80.0,70.0,60.0,50.0,40.0,30.0,20.0,10.0,0.0
450.0,400.0,350.0,300.0,250.0,250.0,300.0,350.0,400.0,450.0
0.0,1.0,2.0,3.0,4.0,5.0,6.0,7.0,8.0,9.0
1.0,0.0,1.0,2.0,3.0,4.0,5.0,6.0,7.0,8.0
2.0,1.0,0.0,1.0,2.0,3.0,4.0,5.0,6.0,7.0
3.0,2.0,1.0,0.0,1.0,2.0,3.0,4.0,5.0,6.0
4.0,3.0,2.0,1.0,0.0,1.0,2.0,3.0,4.0,5.0
5.0,4.0,3.0,2.0,1.0,0.0,1.0,2.0,3.0,4.0
6.0,5.0,4.0,3.0,2.0,1.0,0.0,1.0,2.0,3.0
7.0,6.0,5.0,4.0,3.0,2.0,1.0,0.0,1.0,2.0
8.0,7.0,6.0,5.0,4.0,3.0,2.0,1.0,0.0,1.0
9.0,8.0,7.0,6.0,5.0,4.0,3.0,2.0,1.0,0.0
45.0,40.0,35.0,30.0,25.0,25.0,30.0,35.0,40.0,45.0
32.0,34.0,21.0,26.0,34.0,23.0,22.0,29.0,21.0,26.0,32.0,28.0,20.0,26.0,28.0,26.0,25.0,28.0,29.0,29.0,33.0,24.0,32.0,28.0,34.0,32.0,25.0,35.0,19.0,17.0,20.0,22.0,19.0,30.0,26.0,26.0,36.0,26.0,24.0,28.0,22.0,26.0,27.0,23.0,23.0,25.0,14.0,23.0,23.0,23.0
30.0,31.0,37.0,35.0,32.0,41.0,35.0,36.0,35.0,29.0,33.0,39.0,31.0,31.0,36.0,38.0,31.0,23.0,39.0,43.0,18.0,28.0,38.0,29.0,37.0,30.0,29.0,45.0,47.0,39.0,30.0,37.0,39.0,42.0,31.0,28.0,31.0,35.0,31.0,30.0,27.0,33.0,30.0,32.0,32.0,33.0,24.0,26.0,27.0,45.0
30.0,24.0,39.0,38.0,32.0,30.0,41.0,27.0,35.0,39.0,37.0,38.0,32.0,37.0,26.0,28.0,23.0,20.0,35.0,37.0,32.0,41.0,24.0,32.0,29.0,30.0,34.0,29.0,31.0,36.0,46.0,24.0,37.0,36.0,23.0,33.0,20.0,27.0,31.0,27.0,30.0,26.0,25.0,35.0,46.0,43.0,35.0,41.0,38.0,35.0
40.0,31.0,42.0,35.0,34.0,24.0,30.0,40.0,24.0,27.0,33.0,35.0,36.0,19.0,32.0,31.0,37.0,36.0,28.0,36.0,33.0,22.0,41.0,32.0,21.0,34.0,25.0,26.0,30.0,30.0,25.0,31.0,33.0,35.0,27.0,33.0,33.0,29.0,23.0,34.0,26.0,37.0,18.0,25.0,32.0,34.0,42.0,27.0,33.0,31.0
20.0,23.0,26.0,26.0,20.0,26.0,16.0,26.0,22.0,27.0,21.0,28.0,24.0,14.0,26.0,25.0,24.0,20.0,19.0,19.0,24.0,28.0,24.0,24.0,27.0,16.0,24.0,22.0,14.0,21.0,21.0,22.0,25.0,14.0,18.0,19.0,33.0,17.0,19.0,26.0,21.0,28.0,24.0,29.0,18.0,14.0,18.0,29.0,17.0,20.0
22.0,32.0,24.0,18.0,35.0,13.0,37.0,22.0,18.0,29.0,34.0,23.0,26.0,28.0,27.0,31.0,23.0,36.0,28.0,28.0,30.0,22.0,30.0,30.0,21.0,27.0,31.0,24.0,30.0,28.0,35.0,36.0,28.0,28.0,33.0,21.0,39.0,36.0,17.0,31.0,27.0,20.0,18.0,24.0,29.0,27.0,27.0,27.0,27.0,37.0
22.0,21.0,24.0,22.0,20.0,22.0,19.0,13.0,16.0,25.0,19.0,20.0,22.0,17.0,22.0,22.0,20.0,23.0,23.0,19.0,16.0,19.0,13.0,19.0,25.0,21.0,31.0,23.0,17.0,23.0,24.0,22.0,17.0,21.0,24.0,20.0,21.0,15.0,13.0,22.0,20.0,27.0,15.0,22.0,31.0,21.0,19.0,23.0,29.0,16.0
20.0,15.0,23.0,23.0,23.0,24.0,23.0,30.0,21.0,19.0,19.0,20.0,14.0,19.0,32.0,16.0,31.0,23.0,22.0,20.0,22.0,23.0,21.0,22.0,22.0,25.0,22.0,21.0,25.0,25.0,29.0,24.0,26.0,26.0,32.0,29.0,24.0,29.0,24.0,19.0,17.0,16.0,25.0,26.0,20.0,35.0,14.0,23.0,27.0,29.0
25.0,29.0,25.0,35.0,20.0,24.0,21.0,21.0,19.0,26.0,22.0,19.0,20.0,24.0,15.0,19.0,34.0,26.0,18.0,18.0,30.0,20.0,34.0,24.0,13.0,23.0,27.0,22.0,22.0,21.0,23.0,19.0,13.0,19.0,23.0,22.0,24.0,19.0,21.0,21.0,18.0,15.0,20.0,23.0,25.0,17.0,21.0,22.0,28.0,13.0
29.0,24.0,28.0,41.0,38.0,29.0,29.0,34.0,30.0,31.0,26.0,31.0,28.0,23.0,36.0,36.0,27.0,24.0,33.0,37.0,32.0,36.0,33.0,28.0,35.0,25.0,35.0,25.0,27.0,25.0,32.0,22.0,36.0,28.0,35.0,27.0,35.0,32.0,27.0,24.0,26.0,32.0,30.0,36.0,26.0,30.0,40.0,40.0,32.0,27.0
