10,50,1000
18.916537,19.274628,19.581354,18.224038,15.651188,19.294826,16.23847,15.84425,17.070699,17.361347
7.099382,9.30395,6.480297,8.86485,9.674126,9.800053,8.479784,7.724406,6.474151,7.188171
0.0,10.0,20.0,30.0,40.0,50.0,60.0,70.0,80.0,90.0
10.0,0.0,10.0,20.0,30.0,40.0,50.0,60.0,70.0,80.0
20.0,10.0,0.0,10.0,20.0,30.0,40.0,50.0,60.0,70.0
30.0,20.0,10.0,0.0,10.0,20.0,30.0,40.0,50.0,60.0
40.0,30.0,20.0,10.0,0.0,10.0,20.0,30.0,40.0,50.0
50.0,40.0,30.0,20.0,10.0,0.0,10.0,20.0,30.0,40.0
60.0,50.0,40.0,30.0,20.0,10.0,0.0,10.0,20.0,30.0
70.0,60.0,50.0,40.0,30.0,20.0,10.0,0.0,10.0,20.0
80.0,70.0,60.0,50.0,40.0,30.0,20.0,10.0,0.0,10.0
90.0,80.0,70.0,60.0,50.0,40.0,30.0,20.0,10.0,0.0
450.0,400.0,350.0,300.0,250.0,250.0,300.0,350.0,400.0,450.0
0.0,1.0,2.0,3.0,4.0,5.0,6.0,7.0,8.0,9.0
1.0,0.0,1.0,2.0,3.0,4.0,5.0,6.0,7.0,8.0
2.0,1.0,0.0,1.0,2.0,3.0,4.0,5.0,6.0,7.0
3.0,2.0,1.0,0.0,1.0,2.0,3.0,4.0,5.0,6.0
4.0,3.0,2.0,1.0,0.0,1.0,2.0,3.0,4.0,5.0
5.0,4.0,3.0,2.0,1.0,0.0,1.0,2.0,3.0,4.0
6.0,5.0,4.0,3.0,2.0,1.0,0.0,1.0,2.0,3.0
7.0,6.0,5.0,4.0,3.0,2.0,1.0,0.0,1.0,2.0
8.0,7.0,6.0,5.0,4.0,3.0,2.0,1.0,0.0,1.0
9.0,8.0,7.0,6.0,5.0,4.0,3.0,2.0,1.0,0.0
45.0,40.0,35.0,30.0,25.0,25.0,30.0,35.0,40.0,45.0
31.0,25.0,35.0,19.0,18.0,27.0,29.0,28.0,20.0,20.0,36.0,24.0,31.0,38.0,32.0,26.0,28.0,22.0,36.0,23.0,21.0,26.0,30.0,24.0,22.0,24.0,32.0,36.0,21.0,29.0,25.0,28.0,29.0,18.0,23.0,31.0,26.0,27.0,23.0,28.0,42.0,21.0,27.0,27.0,30.0,28.0,23.0,27.0,28.0,30.0
30.0,34.0,39.0,41.0,27.0,38.0,29.0,39.0,35.0,34.0,27.0,32.0,25.0,25.0,40.0,19.0,32.0,27.0,34.0,28.0,29.0,37.0,41.0,31.0,21.0,36.0,34.0,26.0,45.0,38.0,35.0,44.0,30.0,19.0,46.0,29.0,30.0,36.0,26.0,31.0,27.0,38.0,30.0,30.0,43.0,44.0,35.0,45.0,39.0,26.0
27.0,27.0,24.0,25.0,32.0,24.0,25.0,29.0,21.0,32.0,24.0,34.0,27.0,30.0,20.0,24.0,22.0,29.0,30.0,21.0,27.0,24.0,29.0,27.0,36.0,28.0,23.0,25.0,28.0,17.0,30.0,32.0,21.0,30.0,29.0,23.0,23.0,22.0,23.0,13.0,31.0,29.0,13.0,24.0,27.0,32.0,28.0,29.0,23.0,25.0
25.0,36.0,33.0,36.0,30.0,31.0,38.0,23.0,34.0,31.0,29.0,30.0,26.0,37.0,35.0,39.0,37.0,21.0,32.0,38.0,29.0,38.0,33.0,35.0,37.0,30.0,35.0,40.0,33.0,38.0,40.0,37.0,39.0,26.0,37.0,23.0,36.0,34.0,43.0,35.0,26.0,26.0,42.0,26.0,30.0,31.0,40.0,34.0,31.0,31.0
33.0,47.0,45.0,45.0,30.0,48.0,33.0,28.0,34.0,34.0,30.0,28.0,34.0,30.0,36.0,23.0,51.0,30.0,37.0,31.0,32.0,35.0,32.0,50.0,43.0,35.0,31.0,33.0,36.0,35.0,29.0,37.0,26.0,34.0,18.0,37.0,38.0,31.0,29.0,45.0,37.0,43.0,42.0,35.0,37.0,43.0,17.0,42.0,41.0,33.0
34.0,42.0,42.0,34.0,31.0,48.0,36.0,46.0,32.0,39.0,38.0,38.0,45.0,29.0,27.0,28.0,43.0,43.0,42.0,37.0,25.0,46.0,22.0,31.0,33.0,45.0,37.0,47.0,31.0,32.0,34.0,42.0,37.0,42.0,52.0,38.0,37.0,41.0,28.0,44.0,34.0,26.0,41.0,41.0,34.0,35.0,45.0,32.0,36.0,38.0
33.0,28.0,28.0,30.0,35.0,27.0,31.0,32.0,23.0,35.0,29.0,28.0,24.0,22.0,39.0,33.0,28.0,21.0,27.0,25.0,28.0,32.0,34.0,32.0,30.0,27.0,23.0,28.0,27.0,25.0,32.0,41.0,24.0,38.0,37.0,29.0,32.0,35.0,40.0,37.0,27.0,36.0,31.0,38.0,25.0,24.0,33.0,27.0,27.0,31.0
22.0,23.0,20.0,27.0,30.0,29.0,31.0,16.0,26.0,28.0,37.0,38.0,37.0,27.0,32.0,28.0,34.0,40.0,30.0,27.0,28.0,31.0,29.0,24.0,28.0,35.0,28.0,29.0,34.0,32.0,34.0,30.0,27.0,29.0,31.0,32.0,38.0,29.0,22.0,30.0,30.0,35.0,30.0,27.0,24.0,27.0,28.0,20.0,29.0,28.0
26.0,28.0,23.0,25.0,29.0,22.0,29.0,21.0,18.0,22.0,19.0,32.0,33.0,26.0,26.0,30.0,25.0,20.0,41.0,21.0,27.0,25.0,30.0,24.0,29.0,24.0,34.0,27.0,27.0,33.0,22.0,32.0,19.0,26.0,32.0,25.0,14.0,32.0,25.0,21.0,37.0,34.0,32.0,15.0,32.0,24.0,20.0,21.0,35.0,37.0
26.0,23.0,28.0,42.0,33.0,32.0,27.0,24.0,25.0,27.0,21.0,37.0,26.0,20.0,21.0,26.0,26.0,23.0,26.0,33.0,24.0,29.0,30.0,25.0,22.0,24.0,37.0,28.0,27.0,20.0,26.0,27.0,24.0,26.0,27.0,31.0,33.0,27.0,24.0,33.0,30.0,35.0,29.0,24.0,20.0,28.0,29.0,28.0,26.0,19.0
