10,50,1000
15.552784,18.800211,16.54427,16.263654,17.690991,19.310617,15.369747,19.766505,16.109173,16.96709
9.274089,9.012022,7.437526,8.795153,6.074071,8.410219,5.751368,9.125294,7.868929,7.381808
0.0,10.0,20.0,30.0,40.0,50.0,60.0,70.0,80.0,90.0
10.0,0.0,10.0,20.0,30.0,40.0,50.0,60.0,70.0,80.0
20.0,10.0,0.0,10.0,20.0,30.0,40.0,50.0,60.0,70.0
30.0,20.0,10.0,0.0,10.0,20.0,30.0,40.0,50.0,60.0
40.0,30.0,20.0,10.0,0.0,10.0,20.0,30.0,40.0,50.0
50.0,40.0,30.0,20.0,10.0,0.0,10.0,20.0,30.0,40.0
60.0,50.0,40.0,30.0,20.0,10.0,0.0,10.0,20.0,30.0
70.0,60.0,50.0,40.0,30.0,20.0,10.0,0.0,10.0,20.0
80.0,70.0,60.0,50.0,40.0,30.0,20.0,10.0,0.0,10.0
90.0,80.0,70.0,60.0,50.0,40.0,30.0,20.0,10.0,0.0
450.0,400.0,350.0,300.0,250.0,250.0,300.0,350.0,400.0,450.0
0.0,1.0,2.0,3.0,4.0,5.0,6.0,7.0,8.0,9.0
1.0,0.0,1.0,2.0,3.0,4.0,5.0,6.0,7.0,8.0
2.0,1.0,0.0,1.0,2.0,3.0,4.0,5.0,6.0,7.0
3.0,2.0,1.0,0.0,1.0,2.0,3.0,4.0,5.0,6.0
4.0,3.0,2.0,1.0,0.0,1.0,2.0,3.0,4.0,5.0
5.0,4.0,3.0,2.0,1.0,0.0,1.0,2.0,3.0,4.0
6.0,5.0,4.0,3.0,2.0,1.0,0.0,1.0,2.0,3.0
7.0,6.0,5.0,4.0,3.0,2.0,1.0,0.0,1.0,2.0
8.0,7.0,6.0,5.0,4.0,3.0,2.0,1.0,0.0,1.0
9.0,8.0,7.0,6.0,5.0,4.0,3.0,2.0,1.0,0.0
45.0,40.0,35.0,30.0,25.0,25.0,30.0,35.0,40.0,45.0
30.0,34.0,29.0,34.0,30.0,40.0,29.0,35.0,21.0,38.0,33.0,39.0,37.0,37.0,33.0,42.0,30.0,30.0,30.0,32.0,30.0,38.0,26.0,31.0,35.0,37.0,25.0,33.0,28.0,35.0,30.0,28.0,22.0,29.0,35.0,19.0,34.0,35.0,36.0,47.0,34.0,35.0,43.0,29.0,31.0,36.0,39.0,26.0,32.0,41.0
37.0,39.0,35.0,36.0,34.0,34.0,33.0,36.0,33.0,39.0,28.0,43.0,31.0,36.0,34.0,36.0,38.0,33.0,30.0,36.0,43.0,26.0,36.0,42.0,28.0,24.0,25.0,35.0,46.0,39.0,38.0,38.0,31.0,39.0,37.0,29.0,26.0,34.0,29.0,31.0,22.0,31.0,36.0,34.0,34.0,26.0,21.0,36.0,28.0,21.0
26.0,25.0,30.0,29.0,27.0,31.0,23.0,18.0,23.0,32.0,24.0,24.0,30.0,31.0,25.0,27.0,35.0,27.0,26.0,28.0,24.0,30.0,28.0,20.0,26.0,25.0,23.0,17.0,23.0,31.0,25.0,21.0,29.0,25.0,23.0,25.0,22.0,23.0,39.0,43.0,28.0,28.0,37.0,23.0,27.0,26.0,23.0,26.0,33.0,30.0
33.0,19.0,36.0,28.0,27.0,39.0,36.0,31.0,32.0,40.0,32.0,27.0,35.0,22.0,37.0,36.0,26.0,27.0,32.0,31.0,33.0,32.0,33.0,41.0,37.0,32.0,32.0,31.0,21.0,17.0,24.0,35.0,34.0,26.0,30.0,42.0,24.0,29.0,39.0,24.0,31.0,33.0,43.0,28.0,34.0,25.0,29.0,29.0,25.0,34.0
23.0,22.0,24.0,20.0,18.0,18.0,16.0,29.0,29.0,26.0,20.0,23.0,20.0,26.0,18.0,22.0,30.0,19.0,24.0,34.0,29.0,22.0,30.0,27.0,18.0,26.0,19.0,25.0,26.0,24.0,23.0,24.0,17.0,18.0,26.0,26.0,30.0,30.0,25.0,27.0,29.0,23.0,23.0,18.0,23.0,27.0,25.0,21.0,25.0,30.0
27.0,34.0,27.0,37.0,34.0,42.0,30.0,23.0,23.0,42.0,28.0,29.0,37.0,34.0,27.0,17.0,35.0,25.0,25.0,25.0,36.0,34.0,34.0,37.0,40.0,27.0,39.0,44.0,38.0,33.0,24.0,32.0,25.0,27.0,29.0,31.0,30.0,39.0,27.0,25.0,37.0,27.0,38.0,31.0,38.0,27.0,29.0,26.0,33.0,23.0
17.0,19.0,26.0,23.0,33.0,35.0,21.0,28.0,29.0,21.0,28.0,25.0,25.0,34.0,33.0,19.0,21.0,28.0,14.0,20.0,20.0,23.0,26.0,23.0,18.0,35.0,26.0,31.0,30.0,20.0,15.0,21.0,18.0,27.0,17.0,19.0,22.0,29.0,26.0,22.0,25.0,20.0,23.0,19.0,22.0,25.0,18.0,21.0,19.0,26.0
38.0,40.0,27.0,42.0,45.0,31.0,32.0,38.0,34.0,46.0,32.0,44.0,36.0,37.0,31.0,43.0,25.0,31.0,39.0,36.0,35.0,32.0,43.0,33.0,27.0,38.0,47.0,34.0,38.0,38.0,36.0,24.0,33.0,39.0,44.0,40.0,46.0,31.0,24.0,35.0,28.0,35.0,40.0,38.0,41.0,24.0,39.0,30.0,47.0,35.0
36.0,32.0,30.0,34.0,21.0,34.0,28.0,30.0,20.0,40.0,26.0,32.0,27.0,29.0,32.0,27.0,35.0,30.0,29.0,44.0,18.0,22.0,29.0,23.0,26.0,33.0,28.0,36.0,32.0,30.0,21.0,30.0,34.0,28.0,27.0,33.0,27.0,37.0,32.0,27.0,37.0,34.0,35.0,30.0,32.0,32.0,21.0,28.0,30.0,31.0
25.0,30.0,23.0,23.0,32.0,24.0,27.0,31.0,26.0,37.0,32.0,35.0,24.0,38.0,48.0,26.0,24.0,27.0,18.0,35.0,23.0,24.0,27.0,25.0,29.0,25.0,29.0,25.0,23.0,27.0,31.0,26.0,23.0,22.0,45.0,32.0,33.0,33.0,27.0,27.0,29.0,27.0,27.0,25.0,24.0,21.0,27.0,33.0,25.0,22.0
