10,50,1000
19.821504,17.006932,15.202525,15.195957,18.635511,19.719314,17.485368,16.301138,15.092608,19.798633
8.074848,8.872068,8.593487,6.624683,8.448992,5.55526,7.912283,7.048997,5.896724,6.876415
0.0,10.0,20.0,30.0,40.0,50.0,60.0,70.0,80.0,90.0
10.0,0.0,10.0,20.0,30.0,40.0,50.0,60.0,70.0,80.0
20.0,10.0,0.0,10.0,20.0,30.0,40.0,50.0,60.0,70.0
30.0,20.0,10.0,0.0,10.0,20.0,30.0,40.0,50.0,60.0
40.0,30.0,20.0,10.0,0.0,10.0,20.0,30.0,40.0,50.0
50.0,40.0,30.0,20.0,10.0,0.0,10.0,20.0,30.0,40.0
60.0,50.0,40.0,30.0,20.0,10.0,0.0,10.0,20.0,30.0
70.0,60.0,50.0,40.0,30.0,20.0,10.0,0.0,10.0,20.0
80.0,70.0,60.0,50.0,40.0,30.0,20.0,10.0,0.0,10.0
90.0,80.0,70.0,60.0,50.0,40.0,30.0,20.0,10.0,0.0
450.0,400.0,350.0,300.0,250.0,250.0,300.0,350.0,400.0,450.0
0.0,1.0,2.0,3.0,4.0,5.0,6.0,7.0,8.0,9.0
1.0,0.0,1.0,2.0,3.0,4.0,5.0,6.0,7.0,8.0
2.0,1.0,0.0,1.0,2.0,3.0,4.0,5.0,6.0,7.0
3.0,2.0,1.0,0.0,1.0,2.0,3.0,4.0,5.0,6.0
4.0,3.0,2.0,1.0,0.0,1.0,2.0,3.0,4.0,5.0
5.0,4.0,3.0,2.0,1.0,0.0,1.0,2.0,3.0,4.0
6.0,5.0,4.0,3.0,2.0,1.0,0.0,1.0,2.0,3.0
7.0,6.0,5.0,4.0,3.0,2.0,1.0,0.0,1.0,2.0
8.0,7.0,6.0,5.0,4.0,3.0,2.0,1.0,0.0,1.0
9.0,8.0,7.0,6.0,5.0,4.0,3.0,2.0,1.0,0.0
45.0,40.0,35.0,30.0,25.0,25.0,30.0,35.0,40.0,45.0
23.0,29.0,33.0,29.0,31.0,30.0,30.0,30.0,40.0,36.0,41.0,21.0,33.0,33.0,27.0,27.0,23.0,35.0,34.0,26.0,25.0,29.0,31.0,29.0,33.0,27.0,29.0,35.0,24.0,25.0,27.0,31.0,29.0,35.0,36.0,38.0,34.0,27.0,31.0,33.0,19.0,41.0,32.0,31.0,32.0,37.0,27.0,31.0,36.0,24.0
24.0,30.0,24.0,36.0,28.0,35.0,45.0,30.0,36.0,26.0,31.0,36.0,30.0,38.0,26.0,31.0,31.0,35.0,34.0,27.0,30.0,37.0,29.0,38.0,26.0,37.0,26.0,28.0,28.0,33.0,29.0,45.0,29.0,28.0,40.0,37.0,30.0,36.0,35.0,23.0,27.0,29.0,46.0,34.0,30.0,31.0,31.0,40.0,35.0,36.0
25.0,37.0,26.0,38.0,33.0,32.0,29.0,37.0,38.0,42.0,32.0,42.0,30.0,28.0,27.0,33.0,31.0,32.0,30.0,32.0,27.0,29.0,28.0,28.0,30.0,24.0,35.0,34.0,19.0,40.0,30.0,22.0,21.0,35.0,34.0,27.0,28.0,27.0,23.0,28.0,37.0,24.0,33.0,35.0,33.0,29.0,27.0,29.0,36.0,24.0
26.0,23.0,29.0,31.0,34.0,19.0,26.0,25.0,30.0,24.0,27.0,19.0,22.0,28.0,26.0,23.0,21.0,25.0,28.0,17.0,15.0,27.0,20.0,27.0,21.0,24.0,18.0,28.0,28.0,26.0,18.0,29.0,19.0,24.0,27.0,27.0,28.0,25.0,29.0,18.0,28.0,22.0,23.0,18.0,25.0,27.0,29.0,19.0,29.0,24.0
40.0,22.0,39.0,23.0,30.0,41.0,27.0,39.0,35.0,32.0,36.0,21.0,31.0,28.0,28.0,36.0,32.0,38.0,39.0,37.0,39.0,31.0,35.0,27.0,33.0,33.0,30.0,25.0,37.0,31.0,37.0,35.0,23.0,41.0,23.0,31.0,23.0,30.0,42.0,24.0,43.0,27.0,31.0,37.0,23.0,29.0,31.0,36.0,38.0,41.0
26.0,23.0,28.0,32.0,17.0,14.0,24.0,31.0,27.0,21.0,24.0,28.0,28.0,22.0,20.0,18.0,23.0,21.0,28.0,21.0,23.0,30.0,26.0,26.0,22.0,22.0,25.0,23.0,22.0,15.0,24.0,28.0,23.0,31.0,17.0,18.0,16.0,17.0,27.0,21.0,21.0,23.0,23.0,20.0,16.0,24.0,31.0,16.0,20.0,28.0
23.0,39.0,27.0,35.0,27.0,40.0,28.0,26.0,24.0,28.0,28.0,29.0,32.0,28.0,35.0,37.0,35.0,29.0,36.0,44.0,26.0,22.0,28.0,36.0,26.0,28.0,17.0,35.0,32.0,35.0,31.0,34.0,32.0,26.0,25.0,34.0,24.0,33.0,29.0,27.0,35.0,35.0,36.0,26.0,30.0,30.0,36.0,33.0,34.0,26.0
24.0,28.0,25.0,26.0,21.0,21.0,21.0,28.0,20.0,31.0,34.0,23.0,25.0,31.0,29.0,28.0,29.0,26.0,19.0,27.0,27.0,22.0,34.0,19.0,25.0,25.0,28.0,33.0,24.0,26.0,29.0,25.0,28.0,20.0,17.0,29.0,30.0,26.0,32.0,25.0,24.0,27.0,25.0,32.0,24.0,23.0,28.0,26.0,29.0,26.0
26.0,26.0,19.0,16.0,29.0,31.0,18.0,21.0,25.0,26.0,27.0,25.0,27.0,27.0,14.0,28.0,21.0,33.0,17.0,23.0,28.0,23.0,32.0,26.0,18.0,14.0,22.0,26.0,30.0,24.0,21.0,19.0,22.0,20.0,18.0,15.0,24.0,21.0,19.0,25.0,29.0,30.0,19.0,26.0,23.0,18.0,17.0,22.0,22.0,22.0
28.0,20.0,41.0,26.0,24.0,36.0,34.0,21.0,36.0,20.0,31.0,27.0,41.0,34.0,33.0,24.0,23.0,18.0,24.0,35.0,21.0,21.0,40.0,25.0,23.0,30.0,32.0,26.0,25.0,26.0,30.0,23.0,27.0,23.0,28.0,17.0,22.0,28.0,28.0,26.0,28.0,28.0,24.0,37.0,37.0,28.0,25.0,23.0,29.0,44.0
