10,50,1000
16.679188,17.287126,17.986884,16.712493,17.019174,17.62782,16.78686,17.353635,16.237511,18.68824
7.228922,6.804177,5.059838,5.752981,5.348518,7.886956,8.979874,5.225108,9.007696,9.04361
0.0,10.0,20.0,30.0,40.0,50.0,60.0,70.0,80.0,90.0
10.0,0.0,10.0,20.0,30.0,40.0,50.0,60.0,70.0,80.0
20.0,10.0,0.0,10.0,20.0,30.0,40.0,50.0,60.0,70.0
30.0,20.0,10.0,0.0,10.0,20.0,30.0,40.0,50.0,60.0
40.0,30.0,20.0,10.0,0.0,10.0,20.0,30.0,40.0,50.0
50.0,40.0,30.0,20.0,10.0,0.0,10.0,20.0,30.0,40.0
60.0,50.0,40.0,30.0,20.0,10.0,0.0,10.0,20.0,30.0
70.0,60.0,50.0,40.0,30.0,20.0,10.0,0.0,10.0,20.0
80.0,70.0,60.0,50.0,40.0,30.0,20.0,10.0,0.0,10.0
90.0,80.0,70.0,60.0,50.0,40.0,30.0,20.0,10.0,0.0
450.0,400.0,350.0,300.0,250.0,250.0,300.0,350.0,400.0,450.0
0.0,1.0,2.0,3.0,4.0,5.0,6.0,7.0,8.0,9.0
1.0,0.0,1.0,2.0,3.0,4.0,5.0,6.0,7.0,8.0
2.0,1.0,0.0,1.0,2.0,3.0,4.0,5.0,6.0,7.0
3.0,2.0,1.0,0.0,1.0,2.0,3.0,4.0,5.0,6.0
4.0,3.0,2.0,1.0,0.0,1.0,2.0,3.0,4.0,5.0
5.0,4.0,3.0,2.0,1.0,0.0,1.0,2.0,3.0,4.0
6.0,5.0,4.0,3.0,2.0,1.0,0.0,1.0,2.0,3.0
7.0,6.0,5.0,4.0,3.0,2.0,1.0,0.0,1.0,2.0
8.0,7.0,6.0,5.0,4.0,3.0,2.0,1.0,0.0,1.0
9.0,8.0,7.0,6.0,5.0,4.0,3.0,2.0,1.0,0.0
45.0,40.0,35.0,30.0,25.0,25.0,30.0,35.0,40.0,45.0
36.0,29.0,24.0,27.0,29.0,27.0,20.0,17.0,29.0,18.0,31.0,20.0,23.0,23.0,33.0,40.0,35.0,30.0,28.0,22.0,39.0,20.0,28.0,30.0,28.0,32.0,30.0,24.0,30.0,19.0,25.0,28.0,28.0,17.0,35.0,28.0,28.0,26.0,30.0,23.0,29.0,32.0,34.0,25.0,26.0,27.0,30.0,28.0,30.0,27.0
25.0,28.0,26.0,21.0,26.0,24.0,29.0,28.0,31.0,34.0,26.0,27.0,30.0,25.0,32.0,26.0,26.0,23.0,26.0,28.0,34.0,21.0,24.0,21.0,33.0,25.0,30.0,22.0,30.0,27.0,34.0,25.0,20.0,21.0,26.0,25.0,24.0,28.0,30.0,36.0,23.0,28.0,29.0,21.0,26.0,23.0,32.0,19.0,39.0,22.0
24.0,15.0,27.0,19.0,18.0,20.0,22.0,17.0,17.0,23.0,10.0,26.0,21.0,21.0,30.0,26.0,17.0,16.0,22.0,25.0,27.0,16.0,19.0,16.0,23.0,14.0,27.0,22.0,16.0,21.0,21.0,26.0,17.0,23.0,19.0,21.0,14.0,20.0,15.0,23.0,19.0,20.0,14.0,19.0,14.0,28.0,20.0,21.0,22.0,19.0
21.0,22.0,25.0,30.0,29.0,24.0,14.0,30.0,20.0,23.0,31.0,30.0,20.0,19.0,27.0,28.0,23.0,23.0,27.0,33.0,27.0,23.0,22.0,19.0,19.0,31.0,17.0,20.0,16.0,20.0,30.0,29.0,29.0,15.0,28.0,24.0,16.0,26.0,24.0,19.0,18.0,30.0,24.0,27.0,15.0,20.0,17.0,21.0,14.0,28.0
27.0,24.0,18.0,18.0,23.0,25.0,24.0,16.0,20.0,11.0,27.0,21.0,23.0,30.0,24.0,24.0,20.0,20.0,23.0,20.0,26.0,28.0,31.0,17.0,20.0,13.0,21.0,27.0,22.0,15.0,19.0,13.0,21.0,19.0,17.0,24.0,25.0,23.0,24.0,20.0,24.0,23.0,26.0,18.0,16.0,18.0,28.0,20.0,26.0,25.0
24.0,23.0,30.0,30.0,25.0,27.0,24.0,37.0,35.0,29.0,26.0,31.0,25.0,22.0,34.0,34.0,33.0,27.0,31.0,35.0,33.0,27.0,31.0,34.0,32.0,30.0,42.0,28.0,28.0,40.0,35.0,29.0,25.0,35.0,27.0,25.0,31.0,41.0,33.0,29.0,23.0,24.0,25.0,25.0,30.0,17.0,31.0,33.0,29.0,33.0
33.0,29.0,43.0,35.0,33.0,34.0,32.0,30.0,34.0,23.0,30.0,36.0,44.0,40.0,38.0,34.0,26.0,35.0,29.0,29.0,33.0,32.0,32.0,28.0,38.0,39.0,23.0,32.0,45.0,42.0,41.0,27.0,31.0,37.0,36.0,43.0,25.0,31.0,37.0,32.0,34.0,21.0,30.0,33.0,23.0,34.0,29.0,34.0,31.0,36.0
24.0,22.0,21.0,29.0,20.0,19.0,18.0,22.0,20.0,20.0,18.0,25.0,25.0,21.0,19.0,30.0,22.0,13.0,26.0,23.0,13.0,17.0,24.0,23.0,24.0,26.0,19.0,17.0,22.0,18.0,16.0,23.0,17.0,25.0,21.0,20.0,24.0,31.0,26.0,26.0,24.0,26.0,28.0,27.0,21.0,19.0,24.0,14.0,27.0,27.0
24.0,24.0,35.0,29.0,39.0,38.0,37.0,26.0,27.0,32.0,24.0,45.0,49.0,35.0,41.0,36.0,34.0,45.0,30.0,37.0,33.0,33.0,23.0,45.0,40.0,29.0,26.0,28.0,37.0,27.0,22.0,31.0,21.0,40.0,30.0,27.0,36.0,32.0,29.0,44.0,28.0,33.0,28.0,41.0,37.0,42.0,29.0,30.0,39.0,29.0
28.0,28.0,31.0,37.0,23.0,37.0,37.0,42.0,37.0,33.0,31.0,30.0,29.0,30.0,37.0,35.0,39.0,29.0,27.0,33.0,26.0,27.0,40.0,44.0,29.0,39.0,37.0,36.0,44.0,34.0,43.0,30.0,37.0,40.0,36.0,38.0,38.0,38.0,32.0,32.0,36.0,32.0,39.0,34.0,26.0,26.0,39.0,29.0,28.0,35.0
