10,50,1000
18.511108,18.18803,19.988331,15.891095,17.500328,18.67153,16.577562,15.929505,15.5446,15.552361
8.461361,6.205411,5.29619,8.723139,9.866743,8.970601,6.462564,8.792076,8.734356,7.735274
0.0,10.0,20.0,30.0,40.0,50.0,60.0,70.0,80.0,90.0
10.0,0.0,10.0,20.0,30.0,40.0,50.0,60.0,70.0,80.0
20.0,10.0,0.0,10.0,20.0,30.0,40.0,50.0,60.0,70.0
30.0,20.0,10.0,0.0,10.0,20.0,30.0,40.0,50.0,60.0
40.0,30.0,20.0,10.0,0.0,10.0,20.0,30.0,40.0,50.0
50.0,40.0,30.0,20.0,10.0,0.0,10.0,20.0,30.0,40.0
60.0,50.0,40.0,30.0,20.0,10.0,0.0,10.0,20.0,30.0
70.0,60.0,50.0,40.0,30.0,20.0,10.0,0.0,10.0,20.0
80.0,70.0,60.0,50.0,40.0,30.0,20.0,10.0,0.0,10.0
90.0,80.0,70.0,60.0,50.0,40.0,30.0,20.0,10.0,0.0
450.0,400.0,350.0,300.0,250.0,250.0,300.0,350.0,400.0,450.0
0.0,1.0,2.0,3.0,4.0,5.0,6.0,7.0,8.0,9.0
1.0,0.0,1.0,2.0,3.0,4.0,5.0,6.0,7.0,8.0
2.0,1.0,0.0,1.0,2.0,3.0,4.0,5.0,6.0,7.0
3.0,2.0,1.0,0.0,1.0,2.0,3.0,4.0,5.0,6.0
4.0,3.0,2.0,1.0,0.0,1.0,2.0,3.0,4.0,5.0
5.0,4.0,3.0,2.0,1.0,0.0,1.0,2.0,3.0,4.0
6.0,5.0,4.0,3.0,2.0,1.0,0.0,1.0,2.0,3.0
7.0,6.0,5.0,4.0,3.0,2.0,1.0,0.0,1.0,2.0
8.0,7.0,6.0,5.0,4.0,3.0,2.0,1.0,0.0,1.0
9.0,8.0,7.0,6.0,5.0,4.0,3.0,2.0,1.0,0.0
45.0,40.0,35.0,30.0,25.0,25.0,30.0,35.0,40.0,45.0
38.0,32.0,39.0,28.0,35.0,28.0,39.0,34.0,23.0,27.0,36.0,28.0,28.0,30.0,22.0,33.0,34.0,39.0,41.0,38.0,34.0,33.0,33.0,24.0,25.0,26.0,29.0,41.0,39.0,34.0,35.0,28.0,26.0,26.0,32.0,34.0,22.0,25.0,21.0,40.0,36.0,37.0,35.0,39.0,31.0,34.0,39.0,26.0,18.0,27.0
30.0,13.0,36.0,24.0,38.0,26.0,25.0,24.0,23.0,29.0,24.0,26.0,25.0,25.0,30.0,27.0,25.0,23.0,31.0,29.0,23.0,20.0,25.0,33.0,24.0,24.0,26.0,26.0,15.0,17.0,25.0,15.0,36.0,17.0,30.0,23.0,22.0,32.0,29.0,24.0,21.0,23.0,22.0,30.0,24.0,21.0,29.0,23.0,23.0,27.0
20.0,20.0,19.0,17.0,26.0,18.0,21.0,34.0,20.0,28.0,27.0,21.0,24.0,25.0,22.0,26.0,19.0,16.0,19.0,22.0,17.0,26.0,25.0,27.0,21.0,26.0,29.0,22.0,26.0,22.0,20.0,23.0,15.0,28.0,21.0,21.0,27.0,24.0,17.0,26.0,25.0,21.0,24.0,23.0,27.0,19.0,30.0,25.0,27.0,15.0
34.0,34.0,27.0,27.0,30.0,34.0,40.0,27.0,26.0,36.0,25.0,30.0,40.0,27.0,36.0,31.0,37.0,28.0,36.0,28.0,31.0,29.0,26.0,41.0,21.0,33.0,24.0,40.0,34.0,25.0,33.0,23.0,28.0,30.0,41.0,32.0,42.0,31.0,41.0,27.0,21.0,31.0,46.0,33.0,30.0,35.0,30.0,39.0,33.0,17.0
38.0,38.0,36.0,40.0,30.0,33.0,27.0,40.0,36.0,32.0,37.0,29.0,30.0,40.0,37.0,35.0,26.0,36.0,36.0,33.0,35.0,38.0,30.0,37.0,33.0,49.0,51.0,38.0,32.0,49.0,33.0,47.0,29.0,27.0,41.0,33.0,24.0,33.0,37.0,22.0,42.0,38.0,46.0,30.0,33.0,42.0,27.0,37.0,42.0,34.0
30.0,26.0,40.0,31.0,33.0,42.0,32.0,35.0,34.0,32.0,25.0,25.0,40.0,45.0,32.0,28.0,28.0,34.0,36.0,24.0,24.0,42.0,23.0,34.0,33.0,36.0,30.0,38.0,30.0,32.0,29.0,29.0,33.0,41.0,25.0,37.0,39.0,33.0,37.0,36.0,31.0,30.0,28.0,39.0,40.0,33.0,42.0,40.0,45.0,45.0
27.0,17.0,31.0,23.0,23.0,21.0,21.0,17.0,29.0,26.0,36.0,21.0,26.0,34.0,25.0,24.0,27.0,28.0,18.0,17.0,20.0,26.0,29.0,21.0,27.0,26.0,15.0,18.0,25.0,26.0,26.0,24.0,24.0,18.0,28.0,29.0,23.0,20.0,31.0,37.0,23.0,25.0,26.0,32.0,26.0,28.0,23.0,26.0,24.0,26.0
42.0,31.0,26.0,28.0,25.0,40.0,28.0,24.0,35.0,31.0,35.0,32.0,30.0,46.0,45.0,30.0,28.0,27.0,32.0,28.0,44.0,44.0,31.0,29.0,31.0,38.0,38.0,25.0,21.0,27.0,32.0,35.0,40.0,35.0,29.0,32.0,35.0,34.0,36.0,45.0,36.0,26.0,28.0,21.0,31.0,27.0,36.0,31.0,34.0,26.0
33.0,37.0,35.0,25.0,28.0,31.0,35.0,34.0,24.0,29.0,44.0,40.0,33.0,26.0,42.0,31.0,29.0,30.0,34.0,22.0,25.0,41.0,44.0,49.0,33.0,32.0,37.0,30.0,25.0,20.0,35.0,30.0,31.0,41.0,28.0,30.0,23.0,33.0,28.0,35.0,22.0,25.0,32.0,30.0,29.0,20.0,36.0,31.0,33.0,30.0
34.0,33.0,42.0,35.0,20.0,21.0,32.0,22.0,28.0,30.0,24.0,33.0,28.0,31.0,36.0,28.0,19.0,36.0,22.0,35.0,30.0,27.0,33.0,32.0,22.0,29.0,22.0,26.0,24.0,26.0,34.0,53.0,23.0,28.0,27.0,26.0,29.0,38.0,32.0,31.0,34.0,27.0,36.0,25.0,19.0,33.0,33.0,30.0,33.0,23.0
