10,50,1000
18.810513,17.846699,15.019652,18.609562,17.023043,18.168721,19.545328,19.312735,19.602286,19.360456
8.228451,9.553108,6.428289,5.371498,7.604909,9.073722,9.27332,8.220231,6.028037,8.632692
0.0,10.0,20.0,30.0,40.0,50.0,60.0,70.0,80.0,90.0
10.0,0.0,10.0,20.0,30.0,40.0,50.0,60.0,70.0,80.0
20.0,10.0,0.0,10.0,20.0,30.0,40.0,50.0,60.0,70.0
30.0,20.0,10.0,0.0,10.0,20.0,30.0,40.0,50.0,60.0
40.0,30.0,20.0,10.0,0.0,10.0,20.0,30.0,40.0,50.0
50.0,40.0,30.0,20.0,10.0,0.0,10.0,20.0,30.0,40.0
60.0,50.0,40.0,30.0,20.0,10.0,0.0,10.0,20.0,30.0
70.0,60.0,50.0,40.0,30.0,20.0,10.0,0.0,10.0,20.0
80.0,70.0,60.0,50.0,40.0,30.0,20.0,10.0,0.0,10.0
90.0,80.0,70.0,60.0,50.0,40.0,30.0,20.0,10.0,0.0
450.0,400.0,350.0,300.0,250.0,250.0,300.0,350.0,400.0,450.0
0.0,1.0,2.0,3.0,4.0,5.0,6.0,7.0,8.0,9.0
1.0,0.0,1.0,2.0,3.0,4.0,5.0,6.0,7.0,8.0
2.0,1.0,0.0,1.0,2.0,3.0,4.0,5.0,6.0,7.0
3.0,2.0,1.0,0.0,1.0,2.0,3.0,4.0,5.0,6.0
4.0,3.0,2.0,1.0,0.0,1.0,2.0,3.0,4.0,5.0
5.0,4.0,3.0,2.0,1.0,0.0,1.0,2.0,3.0,4.0
6.0,5.0,4.0,3.0,2.0,1.0,0.0,1.0,2.0,3.0
7.0,6.0,5.0,4.0,3.0,2.0,1.0,0.0,1.0,2.0
8.0,7.0,6.0,5.0,4.0,3.0,2.0,1.0,0.0,1.0
9.0,8.0,7.0,6.0,5.0,4.0,3.0,2.0,1.0,0.0
45.0,40.0,35.0,30.0,25.0,25.0,30.0,35.0,40.0,45.0
36.0,34.0,28.0,28.0,28.0,24.0,28.0,34.0,27.0,31.0,25.0,25.0,30.0,30.0,32.0,31.0,29.0,32.0,38.0,27.0,35.0,32.0,26.0,35.0,31.0,24.0,32.0,28.0,23.0,32.0,33.0,38.0,28.0,43.0,24.0,31.0,36.0,37.0,34.0,25.0,29.0,39.0,37.0,46.0,30.0,30.0,36.0,36.0,20.0,27.0
29.0,29.0,30.0,33.0,32.0,31.0,35.0,38.0,36.0,31.0,44.0,35.0,44.0,29.0,26.0,42.0,34.0,31.0,35.0,25.0,29.0,31.0,42.0,38.0,31.0,33.0,31.0,32.0,36.0,36.0,48.0,40.0,38.0,38.0,30.0,34.0,33.0,28.0,25.0,27.0,22.0,42.0,37.0,34.0,36.0,37.0,44.0,30.0,39.0,35.0
24.0,29.0,23.0,24.0,24.0,20.0,31.0,20.0,26.0,30.0,19.0,18.0,22.0,26.0,20.0,24.0,21.0,33.0,23.0,32.0,24.0,26.0,29.0,17.0,33.0,30.0,26.0,29.0,30.0,21.0,24.0,24.0,24.0,24.0,21.0,23.0,25.0,23.0,21.0,15.0,21.0,23.0,24.0,24.0,16.0,29.0,27.0,28.0,27.0,26.0
21.0,28.0,20.0,27.0,12.0,21.0,19.0,20.0,20.0,23.0,14.0,32.0,15.0,14.0,19.0,16.0,22.0,30.0,16.0,25.0,30.0,22.0,22.0,24.0,19.0,16.0,26.0,25.0,20.0,27.0,24.0,11.0,21.0,11.0,21.0,12.0,20.0,34.0,24.0,21.0,37.0,18.0,23.0,30.0,20.0,25.0,16.0,25.0,22.0,12.0
33.0,31.0,22.0,31.0,28.0,28.0,17.0,40.0,37.0,36.0,30.0,35.0,31.0,22.0,17.0,22.0,31.0,22.0,26.0,33.0,23.0,28.0,32.0,26.0,15.0,33.0,23.0,29.0,28.0,23.0,36.0,32.0,37.0,34.0,19.0,22.0,32.0,34.0,21.0,31.0,34.0,32.0,33.0,34.0,27.0,26.0,40.0,23.0,30.0,26.0
35.0,43.0,38.0,28.0,39.0,34.0,37.0,31.0,36.0,48.0,29.0,38.0,32.0,36.0,31.0,37.0,32.0,41.0,41.0,27.0,42.0,36.0,34.0,33.0,30.0,35.0,33.0,40.0,30.0,32.0,38.0,31.0,26.0,32.0,30.0,36.0,26.0,40.0,26.0,34.0,24.0,34.0,36.0,34.0,28.0,40.0,28.0,24.0,42.0,34.0
33.0,34.0,34.0,40.0,31.0,43.0,36.0,35.0,33.0,42.0,41.0,30.0,20.0,41.0,39.0,36.0,28.0,36.0,35.0,43.0,34.0,34.0,41.0,29.0,39.0,29.0,30.0,38.0,35.0,43.0,35.0,36.0,39.0,50.0,30.0,30.0,38.0,35.0,47.0,37.0,30.0,42.0,35.0,41.0,32.0,37.0,23.0,43.0,29.0,41.0
36.0,26.0,35.0,39.0,30.0,43.0,31.0,44.0,36.0,37.0,28.0,45.0,35.0,22.0,30.0,32.0,25.0,42.0,44.0,24.0,32.0,23.0,29.0,47.0,33.0,32.0,33.0,24.0,34.0,40.0,25.0,27.0,32.0,38.0,27.0,29.0,24.0,37.0,28.0,28.0,34.0,38.0,45.0,31.0,28.0,32.0,35.0,38.0,39.0,37.0
31.0,24.0,23.0,25.0,13.0,24.0,31.0,26.0,22.0,26.0,25.0,19.0,21.0,22.0,33.0,20.0,25.0,20.0,26.0,28.0,32.0,24.0,27.0,29.0,30.0,18.0,24.0,31.0,23.0,21.0,24.0,27.0,21.0,24.0,28.0,28.0,23.0,30.0,22.0,21.0,31.0,24.0,25.0,28.0,31.0,27.0,29.0,18.0,23.0,21.0
37.0,29.0,39.0,34.0,33.0,39.0,32.0,34.0,46.0,27.0,32.0,27.0,36.0,37.0,36.0,24.0,32.0,32.0,34.0,32.0,39.0,36.0,29.0,37.0,32.0,32.0,47.0,30.0,40.0,34.0,35.0,36.0,41.0,27.0,42.0,21.0,39.0,37.0,29.0,31.0,30.0,30.0,32.0,32.0,30.0,36.0,34.0,34.0,33.0,33.0
