10,50,1000
17.797769,19.56351,19.46344,16.653309,17.910901,18.509282,16.95788,16.727389,18.654727,18.75915
7.691208,9.605671,6.555291,8.616628,9.54608,6.500282,5.525192,6.058555,5.439383,8.849885
0.0,10.0,20.0,30.0,40.0,50.0,60.0,70.0,80.0,90.0
10.0,0.0,10.0,20.0,30.0,40.0,50.0,60.0,70.0,80.0
20.0,10.0,0.0,10.0,20.0,30.0,40.0,50.0,60.0,70.0
30.0,20.0,10.0,0.0,10.0,20.0,30.0,40.0,50.0,60.0
40.0,30.0,20.0,10.0,0.0,10.0,20.0,30.0,40.0,50.0
50.0,40.0,30.0,20.0,10.0,0.0,10.0,20.0,30.0,40.0
60.0,50.0,40.0,30.0,20.0,10.0,0.0,10.0,20.0,30.0
70.0,60.0,50.0,40.0,30.0,20.0,10.0,0.0,10.0,20.0
80.0,70.0,60.0,50.0,40.0,30.0,20.0,10.0,0.0,10.0
90.0,80.0,70.0,60.0,50.0,40.0,30.0,20.0,10.0,0.0
450.0,400.0,350.0,300.0,250.0,250.0,300.0,350.0,400.0,450.0
0.0,1.0,2.0,3.0,4.0,5.0,6.0,7.0,8.0,9.0
1.0,0.0,1.0,2.0,3.0,4.0,5.0,6.0,7.0,8.0
2.0,1.0,0.0,1.0,2.0,3.0,4.0,5.0,6.0,7.0
3.0,2.0,1.0,0.0,1.0,2.0,3.0,4.0,5.0,6.0
4.0,3.0,2.0,1.0,0.0,1.0,2.0,3.0,4.0,5.0
5.0,4.0,3.0,2.0,1.0,0.0,1.0,2.0,3.0,4.0
6.0,5.0,4.0,3.0,2.0,1.0,0.0,1.0,2.0,3.0
7.0,6.0,5.0,4.0,3.0,2.0,1.0,0.0,1.0,2.0
8.0,7.0,6.0,5.0,4.0,3.0,2.0,1.0,0.0,1.0
9.0,8.0,7.0,6.0,5.0,4.0,3.0,2.0,1.0,0.0
45.0,40.0,35.0,30.0,25.0,25.0,30.0,35.0,40.0,45.0
30.0,36.0,24.0,24.0,37.0,25.0,25.0,30.0,23.0,27.0,37.0,28.0,36.0,26.0,31.0,18.0,34.0,31.0,25.0,28.0,30.0,31.0,28.0,23.0,27.0,22.0,25.0,27.0,29.0,31.0,23.0,27.0,15.0,24.0,30.0,26.0,35.0,27.0,15.0,21.0,40.0,26.0,24.0,28.0,32.0,28.0,34.0,41.0,35.0,33.0
32.0,40.0,45.0,34.0,37.0,32.0,32.0,39.0,34.0,49.0,34.0,31.0,42.0,34.0,38.0,28.0,34.0,37.0,35.0,28.0,36.0,39.0,34.0,34.0,39.0,41.0,40.0,29.0,36.0,34.0,28.0,34.0,35.0,42.0,45.0,40.0,35.0,29.0,37.0,39.0,34.0,35.0,37.0,38.0,37.0,32.0,31.0,29.0,39.0,38.0
34.0,27.0,23.0,32.0,23.0,27.0,34.0,26.0,23.0,29.0,18.0,20.0,20.0,23.0,31.0,22.0,31.0,24.0,17.0,26.0,33.0,20.0,31.0,27.0,25.0,27.0,28.0,27.0,30.0,21.0,24.0,22.0,26.0,26.0,31.0,24.0,32.0,23.0,17.0,33.0,25.0,26.0,32.0,24.0,22.0,17.0,34.0,21.0,28.0,34.0
38.0,33.0,29.0,40.0,42.0,30.0,30.0,23.0,27.0,38.0,29.0,36.0,39.0,41.0,26.0,33.0,32.0,28.0,28.0,35.0,33.0,30.0,24.0,29.0,29.0,32.0,29.0,28.0,38.0,31.0,14.0,42.0,39.0,24.0,32.0,36.0,43.0,30.0,31.0,29.0,26.0,26.0,31.0,35.0,26.0,37.0,33.0,26.0,30.0,27.0
27.0,38.0,36.0,37.0,33.0,36.0,36.0,37.0,43.0,27.0,33.0,19.0,42.0,30.0,45.0,34.0,31.0,27.0,29.0,27.0,38.0,29.0,43.0,31.0,29.0,43.0,35.0,40.0,50.0,47.0,49.0,35.0,37.0,37.0,31.0,44.0,45.0,29.0,40.0,37.0,37.0,31.0,35.0,33.0,38.0,43.0,39.0,43.0,32.0,32.0
24.0,35.0,21.0,24.0,25.0,27.0,30.0,33.0,30.0,26.0,25.0,18.0,24.0,14.0,21.0,25.0,30.0,40.0,21.0,26.0,31.0,19.0,20.0,16.0,22.0,25.0,26.0,29.0,23.0,34.0,27.0,27.0,33.0,22.0,31.0,22.0,19.0,26.0,32.0,33.0,26.0,24.0,27.0,21.0,23.0,28.0,31.0,18.0,22.0,28.0
28.0,28.0,22.0,19.0,27.0,25.0,19.0,21.0,22.0,20.0,21.0,29.0,26.0,22.0,18.0,20.0,24.0,16.0,18.0,25.0,23.0,17.0,18.0,25.0,23.0,25.0,26.0,25.0,19.0,24.0,23.0,25.0,16.0,15.0,21.0,19.0,23.0,22.0,31.0,26.0,24.0,16.0,23.0,18.0,17.0,14.0,28.0,24.0,27.0,23.0
30.0,30.0,24.0,22.0,26.0,29.0,15.0,28.0,32.0,18.0,25.0,23.0,24.0,21.0,20.0,15.0,31.0,25.0,23.0,28.0,17.0,29.0,28.0,20.0,24.0,25.0,28.0,33.0,26.0,26.0,28.0,27.0,22.0,20.0,24.0,21.0,24.0,20.0,24.0,30.0,16.0,19.0,20.0,13.0,18.0,20.0,24.0,26.0,19.0,28.0
21.0,22.0,19.0,18.0,22.0,23.0,22.0,23.0,25.0,22.0,28.0,20.0,16.0,30.0,25.0,29.0,21.0,13.0,17.0,21.0,27.0,25.0,28.0,16.0,22.0,23.0,31.0,21.0,25.0,31.0,30.0,22.0,26.0,25.0,29.0,19.0,20.0,22.0,25.0,15.0,25.0,21.0,17.0,17.0,30.0,26.0,27.0,16.0,15.0,18.0
33.0,31.0,35.0,40.0,28.0,34.0,31.0,34.0,46.0,29.0,31.0,34.0,21.0,33.0,28.0,30.0,33.0,39.0,38.0,26.0,29.0,42.0,46.0,36.0,36.0,29.0,25.0,34.0,28.0,37.0,33.0,38.0,38.0,43.0,39.0,31.0,23.0,27.0,36.0,28.0,30.0,35.0,33.0,35.0,34.0,44.0,29.0,45.0,41.0,44.0
