10,50,1000
18.905897,16.17403,19.992247,18.330895,17.131721,16.328026,18.949717,18.952933,19.937458,19.309089
7.48279,6.778025,6.788541,9.22617,9.946417,7.0663,7.287421,5.409759,8.550274,5.099112
0.0,10.0,20.0,30.0,40.0,50.0,60.0,70.0,80.0,90.0
10.0,0.0,10.0,20.0,30.0,40.0,50.0,60.0,70.0,80.0
20.0,10.0,0.0,10.0,20.0,30.0,40.0,50.0,60.0,70.0
30.0,20.0,10.0,0.0,10.0,20.0,30.0,40.0,50.0,60.0
40.0,30.0,20.0,10.0,0.0,10.0,20.0,30.0,40.0,50.0
50.0,40.0,30.0,20.0,10.0,0.0,10.0,20.0,30.0,40.0
60.0,50.0,40.0,30.0,20.0,10.0,0.0,10.0,20.0,30.0
70.0,60.0,50.0,40.0,30.0,20.0,10.0,0.0,10.0,20.0
80.0,70.0,60.0,50.0,40.0,30.0,20.0,10.0,0.0,10.0
90.0,80.0,70.0,60.0,50.0,40.0,30.0,20.0,10.0,0.0
450.0,400.0,350.0,300.0,250.0,250.0,300.0,350.0,400.0,450.0
0.0,1.0,2.0,3.0,4.0,5.0,6.0,7.0,8.0,9.0
1.0,0.0,1.0,2.0,3.0,4.0,5.0,6.0,7.0,8.0
2.0,1.0,0.0,1.0,2.0,3.0,4.0,5.0,6.0,7.0
3.0,2.0,1.0,0.0,1.0,2.0,3.0,4.0,5.0,6.0
4.0,3.0,2.0,1.0,0.0,1.0,2.0,3.0,4.0,5.0
5.0,4.0,3.0,2.0,1.0,0.0,1.0,2.0,3.0,4.0
6.0,5.0,4.0,3.0,2.0,1.0,0.0,1.0,2.0,3.0
7.0,6.0,5.0,4.0,3.0,2.0,1.0,0.0,1.0,2.0
8.0,7.0,6.0,5.0,4.0,3.0,2.0,1.0,0.0,1.0
9.0,8.0,7.0,6.0,5.0,4.0,3.0,2.0,1.0,0.0
45.0,40.0,35.0,30.0,25.0,25.0,30.0,35.0,40.0,45.0
23.0,41.0,28.0,28.0,36.0,22.0,32.0,25.0,19.0,28.0,21.0,30.0,30.0,27.0,28.0,30.0,29.0,27.0,25.0,38.0,47.0,23.0,28.0,27.0,26.0,33.0,28.0,29.0,24.0,26.0,28.0,25.0,28.0,23.0,29.0,21.0,37.0,32.0,39.0,28.0,28.0,36.0,24.0,28.0,26.0,43.0,32.0,36.0,34.0,37.0
24.0,28.0,22.0,24.0,30.0,22.0,27.0,27.0,23.0,25.0,32.0,20.0,24.0,24.0,23.0,30.0,27.0,24.0,18.0,21.0,26.0,25.0,27.0,28.0,21.0,20.0,20.0,31.0,22.0,31.0,21.0,26.0,25.0,25.0,32.0,29.0,24.0,26.0,29.0,23.0,24.0,23.0,22.0,23.0,16.0,29.0,27.0,22.0,26.0,24.0
28.0,36.0,37.0,32.0,33.0,27.0,31.0,29.0,21.0,27.0,19.0,31.0,27.0,21.0,29.0,31.0,32.0,23.0,25.0,25.0,24.0,20.0,38.0,28.0,23.0,33.0,31.0,21.0,26.0,30.0,28.0,38.0,32.0,21.0,38.0,16.0,38.0,27.0,30.0,25.0,35.0,24.0,26.0,24.0,27.0,20.0,27.0,29.0,33.0,28.0
31.0,24.0,39.0,32.0,33.0,25.0,36.0,41.0,24.0,38.0,28.0,25.0,40.0,33.0,27.0,25.0,40.0,40.0,30.0,29.0,31.0,26.0,41.0,29.0,33.0,29.0,40.0,39.0,31.0,42.0,24.0,27.0,31.0,31.0,36.0,38.0,35.0,41.0,31.0,28.0,26.0,35.0,36.0,32.0,36.0,33.0,41.0,35.0,38.0,35.0
33.0,31.0,38.0,39.0,38.0,42.0,44.0,44.0,35.0,25.0,45.0,36.0,45.0,49.0,31.0,32.0,41.0,27.0,31.0,38.0,39.0,30.0,36.0,33.0,44.0,30.0,35.0,35.0,35.0,45.0,28.0,34.0,28.0,35.0,41.0,29.0,38.0,31.0,36.0,43.0,36.0,35.0,40.0,39.0,36.0,44.0,39.0,45.0,33.0,39.0
27.0,31.0,31.0,29.0,31.0,26.0,22.0,32.0,32.0,28.0,26.0,24.0,24.0,35.0,25.0,31.0,28.0,37.0,23.0,31.0,24.0,29.0,31.0,22.0,19.0,17.0,34.0,23.0,39.0,36.0,24.0,32.0,27.0,34.0,21.0,31.0,25.0,30.0,24.0,20.0,27.0,22.0,28.0,20.0,26.0,29.0,18.0,23.0,14.0,34.0
25.0,28.0,39.0,31.0,29.0,31.0,26.0,29.0,20.0,24.0,31.0,25.0,35.0,32.0,24.0,30.0,28.0,22.0,27.0,24.0,25.0,38.0,28.0,29.0,32.0,28.0,24.0,33.0,24.0,36.0,19.0,35.0,23.0,34.0,37.0,30.0,36.0,24.0,29.0,22.0,30.0,30.0,37.0,28.0,25.0,40.0,32.0,23.0,23.0,31.0
28.0,20.0,26.0,21.0,24.0,22.0,30.0,33.0,19.0,22.0,24.0,26.0,17.0,24.0,19.0,28.0,32.0,14.0,17.0,22.0,21.0,20.0,23.0,23.0,22.0,18.0,36.0,20.0,16.0,25.0,22.0,25.0,22.0,19.0,14.0,18.0,18.0,16.0,22.0,25.0,30.0,16.0,29.0,24.0,17.0,17.0,25.0,25.0,26.0,19.0
40.0,30.0,39.0,32.0,32.0,32.0,32.0,36.0,30.0,26.0,34.0,45.0,33.0,32.0,30.0,38.0,23.0,26.0,26.0,43.0,24.0,35.0,34.0,36.0,35.0,45.0,35.0,26.0,25.0,31.0,29.0,37.0,32.0,40.0,30.0,40.0,31.0,35.0,24.0,33.0,26.0,41.0,22.0,35.0,32.0,24.0,46.0,41.0,28.0,31.0
21.0,27.0,28.0,11.0,19.0,20.0,17.0,20.0,26.0,20.0,19.0,21.0,28.0,24.0,25.0,18.0,22.0,26.0,25.0,20.0,17.0,11.0,20.0,17.0,17.0,20.0,28.0,18.0,13.0,34.0,20.0,30.0,22.0,23.0,21.0,27.0,24.0,22.0,27.0,14.0,19.0,23.0,18.0,19.0,21.0,21.0,14.0,21.0,22.0,22.0
