10,50,1000
19.612385,18.873731,15.648374,16.352325,17.659135,15.815542,17.357108,15.771908,15.744249,19.410364
7.447575,7.552144,7.565093,9.008803,7.804058,6.952606,7.533317,9.548234,7.172811,7.350949
0.0,10.0,20.0,30.0,40.0,50.0,60.0,70.0,80.0,90.0
10.0,0.0,10.0,20.0,30.0,40.0,50.0,60.0,70.0,80.0
20.0,10.0,0.0,10.0,20.0,30.0,40.0,50.0,60.0,70.0
30.0,20.0,10.0,0.0,10.0,20.0,30.0,40.0,50.0,60.0
40.0,30.0,20.0,10.0,0.0,10.0,20.0,30.0,40.0,50.0
50.0,40.0,30.0,20.0,10.0,0.0,10.0,20.0,30.0,40.0
60.0,50.0,40.0,30.0,20.0,10.0,0.0,10.0,20.0,30.0
70.0,60.0,50.0,40.0,30.0,20.0,10.0,0.0,10.0,20.0
80.0,70.0,60.0,50.0,40.0,30.0,20.0,10.0,0.0,10.0
90.0,80.0,70.0,60.0,50.0,40.0,30.0,20.0,10.0,0.0
450.0,400.0,350.0,300.0,250.0,250.0,300.0,350.0,400.0,450.0
0.0,1.0,2.0,3.0,4.0,5.0,6.0,7.0,8.0,9.0
1.0,0.0,1.0,2.0,3.0,4.0,5.0,6.0,7.0,8.0
2.0,1.0,0.0,1.0,2.0,3.0,4.0,5.0,6.0,7.0
3.0,2.0,1.0,0.0,1.0,2.0,3.0,4.0,5.0,6.0
4.0,3.0,2.0,1.0,0.0,1.0,2.0,3.0,4.0,5.0
5.0,4.0,3.0,2.0,1.0,0.0,1.0,2.0,3.0,4.0
6.0,5.0,4.0,3.0,2.0,1.0,0.0,1.0,2.0,3.0
7.0,6.0,5.0,4.0,3.0,2.0,1.0,0.0,1.0,2.0
8.0,7.0,6.0,5.0,4.0,3.0,2.0,1.0,0.0,1.0
9.0,8.0,7.0,6.0,5.0,4.0,3.0,2.0,1.0,0.0
45.0,40.0,35.0,30.0,25.0,25.0,30.0,35.0,40.0,45.0
22.0,41.0,27.0,33.0,31.0,29.0,30.0,26.0,27.0,28.0,27.0,31.0,29.0,26.0,28.0,33.0,27.0,26.0,29.0,20.0,28.0,42.0,31.0,24.0,35.0,36.0,37.0,32.0,24.0,32.0,26.0,19.0,30.0,32.0,26.0,30.0,26.0,26.0,26.0,30.0,28.0,25.0,32.0,35.0,29.0,30.0,24.0,36.0,34.0,30.0
27.0,37.0,28.0,36.0,28.0,34.0,30.0,24.0,26.0,25.0,28.0,23.0,26.0,33.0,32.0,36.0,44.0,22.0,32.0,32.0,38.0,38.0,27.0,28.0,23.0,26.0,32.0,22.0,33.0,24.0,24.0,29.0,35.0,33.0,25.0,28.0,31.0,29.0,24.0,27.0,38.0,29.0,25.0,30.0,36.0,20.0,23.0,23.0,23.0,26.0
24.0,28.0,32.0,40.0,21.0,31.0,22.0,22.0,28.0,38.0,29.0,29.0,40.0,29.0,23.0,32.0,28.0,24.0,36.0,28.0,29.0,30.0,30.0,26.0,33.0,31.0,31.0,32.0,28.0,18.0,33.0,36.0,29.0,27.0,27.0,24.0,24.0,33.0,25.0,21.0,24.0,28.0,29.0,28.0,31.0,24.0,27.0,35.0,24.0,26.0
39.0,34.0,35.0,38.0,35.0,33.0,37.0,38.0,35.0,27.0,37.0,30.0,24.0,28.0,28.0,32.0,38.0,31.0,39.0,30.0,37.0,27.0,40.0,31.0,35.0,30.0,27.0,36.0,30.0,34.0,23.0,46.0,36.0,17.0,26.0,37.0,47.0,33.0,32.0,49.0,34.0,25.0,35.0,30.0,34.0,36.0,42.0,41.0,29.0,32.0
23.0,23.0,23.0,34.0,33.0,25.0,29.0,26.0,22.0,27.0,33.0,27.0,32.0,29.0,22.0,36.0,22.0,35.0,28.0,34.0,29.0,30.0,32.0,26.0,33.0,28.0,25.0,30.0,36.0,32.0,27.0,32.0,29.0,31.0,29.0,33.0,33.0,34.0,34.0,30.0,26.0,31.0,31.0,31.0,23.0,26.0,45.0,32.0,35.0,30.0
25.0,29.0,35.0,25.0,25.0,20.0,26.0,37.0,21.0,22.0,21.0,28.0,25.0,33.0,28.0,25.0,24.0,26.0,24.0,29.0,27.0,33.0,20.0,31.0,23.0,27.0,16.0,27.0,20.0,24.0,25.0,28.0,32.0,25.0,31.0,27.0,26.0,33.0,33.0,27.0,24.0,17.0,38.0,33.0,27.0,22.0,31.0,32.0,34.0,22.0
33.0,31.0,27.0,23.0,27.0,35.0,32.0,29.0,27.0,35.0,22.0,25.0,27.0,27.0,28.0,31.0,22.0,30.0,29.0,31.0,27.0,30.0,26.0,24.0,35.0,28.0,29.0,46.0,47.0,39.0,24.0,35.0,25.0,28.0,31.0,31.0,33.0,20.0,30.0,24.0,37.0,29.0,38.0,30.0,23.0,20.0,26.0,24.0,32.0,35.0
38.0,34.0,31.0,40.0,33.0,33.0,34.0,29.0,36.0,46.0,39.0,36.0,31.0,37.0,41.0,32.0,33.0,47.0,39.0,31.0,38.0,35.0,34.0,32.0,39.0,33.0,31.0,33.0,36.0,49.0,44.0,37.0,25.0,43.0,39.0,27.0,35.0,34.0,42.0,27.0,28.0,30.0,32.0,34.0,37.0,34.0,34.0,31.0,29.0,36.0
33.0,25.0,34.0,31.0,32.0,32.0,26.0,40.0,35.0,26.0,22.0,27.0,26.0,26.0,28.0,28.0,21.0,28.0,31.0,24.0,17.0,22.0,30.0,32.0,25.0,20.0,25.0,31.0,22.0,22.0,32.0,26.0,24.0,27.0,27.0,40.0,30.0,28.0,17.0,26.0,35.0,26.0,15.0,25.0,26.0,34.0,38.0,28.0,34.0,26.0
31.0,28.0,21.0,31.0,31.0,25.0,38.0,33.0,22.0,28.0,34.0,30.0,29.0,40.0,32.0,38.0,19.0,30.0,29.0,23.0,27.0,32.0,31.0,27.0,37.0,21.0,32.0,28.0,27.0,30.0,28.0,29.0,29.0,28.0,27.0,24.0,32.0,30.0,30.0,31.0,18.0,17.0,35.0,33.0,27.0,35.0,35.0,22.0,26.0,31.0
