10,50,1000
16.143543,16.353143,17.420692,17.89373,15.225786,18.426201,15.535052,19.827997,17.826227,16.524644
5.339726,9.785639,5.10844,9.413834,7.050491,7.399998,6.213032,9.901536,7.803086,6.891798
0.0,10.0,20.0,30.0,40.0,50.0,60.0,70.0,80.0,90.0
10.0,0.0,10.0,20.0,30.0,40.0,50.0,60.0,70.0,80.0
20.0,10.0,0.0,10.0,20.0,30.0,40.0,50.0,60.0,70.0
30.0,20.0,10.0,0.0,10.0,20.0,30.0,40.0,50.0,60.0
40.0,30.0,20.0,10.0,0.0,10.0,20.0,30.0,40.0,50.0
50.0,40.0,30.0,20.0,10.0,0.0,10.0,20.0,30.0,40.0
60.0,50.0,40.0,30.0,20.0,10.0,0.0,10.0,20.0,30.0
70.0,60.0,50.0,40.0,30.0,20.0,10.0,0.0,10.0,20.0
80.0,70.0,60.0,50.0,40.0,30.0,20.0,10.0,0.0,10.0
90.0,80.0,70.0,60.0,50.0,40.0,30.0,20.0,10.0,0.0
450.0,400.0,350.0,300.0,250.0,250.0,300.0,350.0,400.0,450.0
0.0,1.0,2.0,3.0,4.0,5.0,6.0,7.0,8.0,9.0
1.0,0.0,1.0,2.0,3.0,4.0,5.0,6.0,7.0,8.0
2.0,1.0,0.0,1.0,2.0,3.0,4.0,5.0,6.0,7.0
3.0,2.0,1.0,0.0,1.0,2.0,3.0,4.0,5.0,6.0
4.0,3.0,2.0,1.0,0.0,1.0,2.0,3.0,4.0,5.0
5.0,4.0,3.0,2.0,1.0,0.0,1.0,2.0,3.0,4.0
6.0,5.0,4.0,3.0,2.0,1.0,0.0,1.0,2.0,3.0
7.0,6.0,5.0,4.0,3.0,2.0,1.0,0.0,1.0,2.0
8.0,7.0,6.0,5.0,4.0,3.0,2.0,1.0,0.0,1.0
9.0,8.0,7.0,6.0,5.0,4.0,3.0,2.0,1.0,0.0
45.0,40.0,35.0,30.0,25.0,25.0,30.0,35.0,40.0,45.0
11.0,9.0,20.0,17.0,31.0,12.0,13.0,16.0,29.0,25.0,23.0,17.0,21.0,16.0,18.0,29.0,15.0,23.0,15.0,16.0,15.0,20.0,21.0,15.0,26.0,18.0,25.0,24.0,17.0,19.0,20.0,20.0,25.0,24.0,21.0,24.0,22.0,25.0,24.0,18.0,24.0,19.0,26.0,26.0,21.0,23.0,21.0,19.0,16.0,22.0
47.0,33.0,28.0,35.0,32.0,28.0,34.0,34.0,33.0,48.0,40.0,35.0,32.0,43.0,35.0,41.0,45.0,34.0,36.0,30.0,36.0,42.0,46.0,46.0,37.0,35.0,34.0,31.0,44.0,35.0,46.0,44.0,27.0,27.0,38.0,38.0,38.0,35.0,43.0,44.0,42.0,36.0,41.0,36.0,28.0,38.0,37.0,42.0,40.0,29.0
23.0,18.0,20.0,28.0,27.0,34.0,22.0,22.0,16.0,22.0,22.0,24.0,20.0,22.0,23.0,24.0,16.0,20.0,29.0,15.0,27.0,23.0,22.0,21.0,16.0,14.0,24.0,23.0,25.0,18.0,14.0,22.0,34.0,30.0,24.0,13.0,17.0,20.0,22.0,18.0,21.0,17.0,23.0,26.0,23.0,25.0,28.0,19.0,30.0,20.0
33.0,38.0,37.0,39.0,36.0,42.0,27.0,41.0,34.0,28.0,37.0,32.0,36.0,37.0,37.0,42.0,24.0,33.0,40.0,37.0,41.0,18.0,30.0,42.0,30.0,29.0,32.0,31.0,30.0,40.0,33.0,47.0,41.0,44.0,32.0,36.0,30.0,44.0,45.0,41.0,36.0,36.0,37.0,34.0,37.0,39.0,41.0,33.0,30.0,40.0
23.0,39.0,23.0,22.0,37.0,29.0,35.0,32.0,21.0,24.0,32.0,25.0,30.0,21.0,26.0,26.0,19.0,28.0,32.0,29.0,18.0,18.0,25.0,20.0,26.0,23.0,28.0,24.0,28.0,26.0,16.0,24.0,24.0,29.0,19.0,29.0,33.0,17.0,31.0,23.0,34.0,34.0,26.0,19.0,39.0,27.0,21.0,26.0,37.0,25.0
29.0,30.0,33.0,33.0,17.0,34.0,30.0,26.0,33.0,28.0,29.0,30.0,21.0,34.0,30.0,28.0,32.0,25.0,19.0,30.0,26.0,22.0,25.0,23.0,25.0,23.0,38.0,25.0,27.0,32.0,23.0,35.0,27.0,26.0,26.0,21.0,45.0,30.0,28.0,21.0,30.0,31.0,29.0,27.0,22.0,25.0,22.0,30.0,30.0,24.0
17.0,31.0,22.0,26.0,24.0,26.0,22.0,21.0,23.0,19.0,19.0,26.0,20.0,25.0,31.0,26.0,29.0,21.0,14.0,25.0,24.0,30.0,27.0,24.0,29.0,19.0,22.0,25.0,19.0,30.0,38.0,26.0,17.0,24.0,35.0,32.0,25.0,22.0,29.0,19.0,11.0,23.0,22.0,24.0,17.0,26.0,20.0,22.0,32.0,25.0
36.0,39.0,32.0,36.0,36.0,41.0,45.0,40.0,39.0,43.0,34.0,42.0,35.0,39.0,37.0,42.0,33.0,36.0,35.0,40.0,35.0,36.0,33.0,34.0,43.0,46.0,34.0,33.0,46.0,38.0,43.0,28.0,36.0,36.0,34.0,33.0,26.0,58.0,37.0,27.0,59.0,26.0,37.0,38.0,39.0,36.0,50.0,35.0,47.0,41.0
31.0,30.0,37.0,28.0,25.0,28.0,27.0,27.0,24.0,32.0,33.0,29.0,29.0,36.0,21.0,34.0,28.0,28.0,21.0,29.0,36.0,19.0,21.0,28.0,25.0,36.0,35.0,27.0,27.0,25.0,38.0,31.0,28.0,33.0,28.0,23.0,28.0,30.0,31.0,26.0,25.0,38.0,32.0,30.0,34.0,32.0,20.0,30.0,32.0,35.0
30.0,21.0,23.0,28.0,40.0,27.0,23.0,31.0,35.0,30.0,30.0,25.0,29.0,25.0,28.0,18.0,27.0,21.0,23.0,30.0,26.0,20.0,15.0,35.0,22.0,31.0,28.0,24.0,31.0,29.0,25.0,23.0,26.0,33.0,25.0,25.0,29.0,25.0,30.0,29.0,31.0,28.0,26.0,39.0,24.0,28.0,29.0,22.0,24.0,18.0
