10,50,1000
15.608708,18.317207,18.446737,19.832915,16.323845,19.952928,19.440907,17.556326,15.685308,18.952528
7.992938,6.002397,5.892595,7.294853,9.89319,8.840874,6.702019,9.35564,6.765449,6.400065
0.0,10.0,20.0,30.0,40.0,50.0,60.0,70.0,80.0,90.0
10.0,0.0,10.0,20.0,30.0,40.0,50.0,60.0,70.0,80.0
20.0,10.0,0.0,10.0,20.0,30.0,40.0,50.0,60.0,70.0
30.0,20.0,10.0,0.0,10.0,20.0,30.0,40.0,50.0,60.0
40.0,30.0,20.0,10.0,0.0,10.0,20.0,30.0,40.0,50.0
50.0,40.0,30.0,20.0,10.0,0.0,10.0,20.0,30.0,40.0
60.0,50.0,40.0,30.0,20.0,10.0,0.0,10.0,20.0,30.0
70.0,60.0,50.0,40.0,30.0,20.0,10.0,0.0,10.0,20.0
80.0,70.0,60.0,50.0,40.0,30.0,20.0,10.0,0.0,10.0
90.0,80.0,70.0,60.0,50.0,40.0,30.0,20.0,10.0,0.0
450.0,400.0,350.0,300.0,250.0,250.0,300.0,350.0,400.0,450.0
0.0,1.0,2.0,3.0,4.0,5.0,6.0,7.0,8.0,9.0
1.0,0.0,1.0,2.0,3.0,4.0,5.0,6.0,7.0,8.0
2.0,1.0,0.0,1.0,2.0,3.0,4.0,5.0,6.0,7.0
3.0,2.0,1.0,0.0,1.0,2.0,3.0,4.0,5.0,6.0
4.0,3.0,2.0,1.0,0.0,1.0,2.0,3.0,4.0,5.0
5.0,4.0,3.0,2.0,1.0,0.0,1.0,2.0,3.0,4.0
6.0,5.0,4.0,3.0,2.0,1.0,0.0,1.0,2.0,3.0
7.0,6.0,5.0,4.0,3.0,2.0,1.0,0.0,1.0,2.0
8.0,7.0,6.0,5.0,4.0,3.0,2.0,1.0,0.0,1.0
9.0,8.0,7.0,6.0,5.0,4.0,3.0,2.0,1.0,0.0
45.0,40.0,35.0,30.0,25.0,25.0,30.0,35.0,40.0,45.0
33.0,26.0,28.0,30.0,35.0,28.0,26.0,34.0,39.0,27.0,22.0,38.0,23.0,31.0,35.0,31.0,38.0,22.0,34.0,26.0,34.0,28.0,26.0,28.0,23.0,25.0,31.0,29.0,31.0,27.0,30.0,38.0,28.0,34.0,31.0,46.0,30.0,23.0,32.0,33.0,43.0,32.0,35.0,24.0,23.0,33.0,34.0,31.0,25.0,31.0
23.0,27.0,16.0,33.0,22.0,28.0,33.0,31.0,22.0,24.0,25.0,21.0,17.0,33.0,8.0,26.0,16.0,21.0,22.0,27.0,15.0,18.0,21.0,37.0,23.0,10.0,24.0,27.0,27.0,34.0,23.0,16.0,30.0,29.0,18.0,16.0,20.0,34.0,16.0,28.0,18.0,21.0,21.0,28.0,20.0,27.0,37.0,21.0,22.0,25.0
23.0,29.0,20.0,29.0,28.0,20.0,23.0,28.0,20.0,27.0,31.0,14.0,23.0,30.0,25.0,24.0,18.0,24.0,22.0,24.0,19.0,23.0,28.0,29.0,26.0,25.0,29.0,19.0,27.0,23.0,15.0,32.0,31.0,17.0,29.0,25.0,23.0,30.0,23.0,14.0,15.0,23.0,19.0,18.0,18.0,21.0,25.0,23.0,23.0,38.0
31.0,40.0,44.0,28.0,27.0,41.0,31.0,22.0,33.0,26.0,30.0,26.0,25.0,25.0,27.0,24.0,30.0,30.0,26.0,27.0,29.0,29.0,30.0,30.0,20.0,28.0,32.0,18.0,31.0,25.0,23.0,38.0,27.0,29.0,21.0,24.0,35.0,30.0,21.0,29.0,24.0,30.0,34.0,28.0,30.0,25.0,28.0,27.0,34.0,20.0
45.0,27.0,36.0,36.0,37.0,26.0,43.0,29.0,33.0,42.0,37.0,44.0,36.0,24.0,43.0,43.0,30.0,39.0,47.0,37.0,44.0,31.0,32.0,26.0,41.0,32.0,39.0,45.0,34.0,30.0,36.0,45.0,31.0,41.0,38.0,37.0,31.0,30.0,22.0,42.0,41.0,32.0,41.0,26.0,37.0,36.0,42.0,39.0,36.0,35.0
34.0,34.0,37.0,34.0,32.0,36.0,34.0,32.0,29.0,35.0,34.0,37.0,29.0,42.0,29.0,40.0,26.0,36.0,37.0,37.0,27.0,27.0,47.0,31.0,44.0,34.0,46.0,22.0,35.0,37.0,43.0,47.0,34.0,38.0,36.0,41.0,35.0,26.0,32.0,31.0,28.0,35.0,36.0,35.0,28.0,37.0,38.0,40.0,34.0,35.0
18.0,37.0,25.0,26.0,23.0,27.0,32.0,20.0,28.0,29.0,22.0,29.0,31.0,28.0,30.0,31.0,21.0,26.0,30.0,26.0,35.0,27.0,35.0,22.0,31.0,31.0,39.0,26.0,21.0,23.0,20.0,19.0,37.0,24.0,30.0,28.0,35.0,38.0,29.0,31.0,28.0,31.0,28.0,26.0,27.0,24.0,27.0,24.0,34.0,24.0
30.0,34.0,41.0,44.0,35.0,23.0,47.0,40.0,37.0,44.0,43.0,32.0,39.0,36.0,37.0,46.0,35.0,37.0,39.0,41.0,36.0,34.0,30.0,36.0,32.0,31.0,46.0,31.0,30.0,30.0,28.0,34.0,26.0,31.0,40.0,36.0,24.0,43.0,33.0,32.0,33.0,33.0,40.0,36.0,39.0,29.0,35.0,35.0,38.0,44.0
28.0,17.0,19.0,33.0,27.0,32.0,21.0,27.0,22.0,29.0,25.0,37.0,28.0,27.0,31.0,16.0,26.0,31.0,15.0,22.0,26.0,26.0,23.0,20.0,25.0,36.0,27.0,18.0,28.0,37.0,19.0,18.0,22.0,19.0,27.0,28.0,27.0,29.0,28.0,35.0,24.0,24.0,27.0,30.0,28.0,28.0,30.0,24.0,23.0,26.0
23.0,32.0,22.0,19.0,31.0,25.0,36.0,30.0,19.0,38.0,20.0,16.0,21.0,33.0,22.0,19.0,33.0,30.0,24.0,31.0,22.0,27.0,30.0,30.0,36.0,29.0,26.0,21.0,24.0,29.0,31.0,21.0,27.0,41.0,20.0,26.0,26.0,18.0,31.0,34.0,24.0,27.0,18.0,21.0,23.0,30.0,25.0,22.0,18.0,22.0
