10,50,1000
17.67292,16.963167,15.934472,17.452069,16.507836,16.811712,18.706552,18.43979,17.39524,15.648629
6.786045,9.339023,9.081527,7.775188,5.711599,8.803153,7.292369,8.625734,5.427338,6.604446
0.0,10.0,20.0,30.0,40.0,50.0,60.0,70.0,80.0,90.0
10.0,0.0,10.0,20.0,30.0,40.0,50.0,60.0,70.0,80.0
20.0,10.0,0.0,10.0,20.0,30.0,40.0,50.0,60.0,70.0
30.0,20.0,10.0,0.0,10.0,20.0,30.0,40.0,50.0,60.0
40.0,30.0,20.0,10.0,0.0,10.0,20.0,30.0,40.0,50.0
50.0,40.0,30.0,20.0,10.0,0.0,10.0,20.0,30.0,40.0
60.0,50.0,40.0,30.0,20.0,10.0,0.0,10.0,20.0,30.0
70.0,60.0,50.0,40.0,30.0,20.0,10.0,0.0,10.0,20.0
80.0,70.0,60.0,50.0,40.0,30.0,20.0,10.0,0.0,10.0
90.0,80.0,70.0,60.0,50.0,40.0,30.0,20.0,10.0,0.0
450.0,400.0,350.0,300.0,250.0,250.0,300.0,350.0,400.0,450.0
0.0,1.0,2.0,3.0,4.0,5.0,6.0,7.0,8.0,9.0
1.0,0.0,1.0,2.0,3.0,4.0,5.0,6.0,7.0,8.0
2.0,1.0,0.0,1.0,2.0,3.0,4.0,5.0,6.0,7.0
3.0,2.0,1.0,0.0,1.0,2.0,3.0,4.0,5.0,6.0
4.0,3.0,2.0,1.0,0.0,1.0,2.0,3.0,4.0,5.0
5.0,4.0,3.0,2.0,1.0,0.0,1.0,2.0,3.0,4.0
6.0,5.0,4.0,3.0,2.0,1.0,0.0,1.0,2.0,3.0
7.0,6.0,5.0,4.0,3.0,2.0,1.0,0.0,1.0,2.0
8.0,7.0,6.0,5.0,4.0,3.0,2.0,1.0,0.0,1.0
9.0,8.0,7.0,6.0,5.0,4.0,3.0,2.0,1.0,0.0
45.0,40.0,35.0,30.0,25.0,25.0,30.0,35.0,40.0,45.0
24.0,27.0,33.0,31.0,25.0,25.0,24.0,28.0,24.0,27.0,22.0,19.0,28.0,34.0,18.0,32.0,27.0,22.0,30.0,21.0,28.0,34.0,27.0,24.0,32.0,17.0,25.0,36.0,25.0,22.0,26.0,28.0,25.0,25.0,27.0,23.0,24.0,22.0,27.0,25.0,30.0,27.0,22.0,19.0,28.0,25.0,29.0,31.0,34.0,22.0
34.0,38.0,27.0,21.0,36.0,24.0,29.0,43.0,35.0,34.0,32.0,35.0,24.0,32.0,38.0,40.0,36.0,29.0,50.0,42.0,30.0,34.0,44.0,34.0,37.0,30.0,38.0,22.0,28.0,41.0,37.0,33.0,31.0,39.0,39.0,29.0,40.0,36.0,38.0,28.0,32.0,38.0,31.0,34.0,36.0,31.0,35.0,35.0,35.0,43.0
34.0,28.0,36.0,25.0,35.0,36.0,22.0,47.0,36.0,25.0,35.0,26.0,26.0,42.0,41.0,38.0,43.0,34.0,38.0,32.0,23.0,31.0,36.0,28.0,33.0,27.0,33.0,32.0,27.0,39.0,28.0,36.0,40.0,26.0,39.0,46.0,29.0,20.0,34.0,26.0,34.0,32.0,39.0,35.0,37.0,26.0,39.0,36.0,36.0,29.0
21.0,34.0,32.0,33.0,27.0,29.0,32.0,30.0,24.0,27.0,25.0,29.0,27.0,32.0,39.0,26.0,26.0,24.0,31.0,32.0,32.0,20.0,26.0,42.0,25.0,30.0,27.0,26.0,24.0,34.0,23.0,30.0,28.0,39.0,28.0,30.0,28.0,26.0,33.0,34.0,28.0,21.0,30.0,28.0,33.0,42.0,28.0,38.0,32.0,24.0
28.0,21.0,14.0,18.0,20.0,29.0,24.0,25.0,22.0,26.0,23.0,27.0,20.0,14.0,23.0,23.0,28.0,22.0,18.0,19.0,21.0,14.0,21.0,21.0,25.0,33.0,22.0,18.0,30.0,24.0,24.0,23.0,22.0,29.0,19.0,15.0,21.0,16.0,20.0,26.0,24.0,28.0,25.0,20.0,14.0,31.0,17.0,21.0,30.0,16.0
33.0,32.0,39.0,41.0,37.0,29.0,31.0,45.0,29.0,44.0,33.0,33.0,28.0,36.0,40.0,39.0,28.0,42.0,36.0,31.0,31.0,35.0,34.0,25.0,34.0,31.0,20.0,30.0,36.0,32.0,33.0,35.0,33.0,33.0,37.0,39.0,37.0,26.0,41.0,27.0,46.0,31.0,36.0,26.0,43.0,29.0,25.0,40.0,34.0,30.0
28.0,31.0,21.0,26.0,32.0,21.0,36.0,26.0,33.0,26.0,24.0,34.0,27.0,27.0,19.0,20.0,29.0,26.0,30.0,24.0,31.0,29.0,23.0,35.0,25.0,26.0,29.0,19.0,28.0,26.0,27.0,28.0,29.0,27.0,28.0,38.0,26.0,24.0,32.0,21.0,26.0,39.0,25.0,26.0,24.0,39.0,23.0,18.0,34.0,27.0
42.0,26.0,43.0,35.0,31.0,34.0,32.0,44.0,28.0,27.0,36.0,34.0,24.0,32.0,44.0,33.0,39.0,28.0,32.0,29.0,34.0,30.0,33.0,25.0,30.0,40.0,29.0,27.0,29.0,39.0,41.0,27.0,33.0,37.0,24.0,33.0,38.0,35.0,32.0,29.0,38.0,35.0,40.0,44.0,32.0,35.0,31.0,33.0,26.0,31.0
18.0,17.0,22.0,29.0,19.0,24.0,20.0,14.0,20.0,16.0,20.0,13.0,24.0,19.0,26.0,19.0,18.0,14.0,23.0,19.0,27.0,30.0,24.0,27.0,31.0,25.0,29.0,18.0,16.0,21.0,26.0,19.0,20.0,18.0,18.0,25.0,25.0,25.0,28.0,30.0,32.0,30.0,16.0,33.0,20.0,21.0,25.0,25.0,17.0,29.0
26.0,23.0,28.0,20.0,25.0,31.0,34.0,24.0,19.0,30.0,27.0,23.0,28.0,24.0,24.0,26.0,20.0,25.0,18.0,26.0,28.0,25.0,28.0,19.0,23.0,21.0,30.0,24.0,16.0,29.0,28.0,35.0,17.0,36.0,26.0,17.0,23.0,23.0,28.0,21.0,25.0,28.0,29.0,23.0,19.0,22.0,18.0,27.0,24.0,24.0
