10,50,1000
17.256587,19.926033,15.102142,18.343406,19.724855,19.197499,15.768499,17.940103,18.86766,19.720654
9.634166,9.429232,6.403764,9.178955,5.863965,8.318216,5.197514,6.384319,8.584671,6.165989
0.0,10.0,20.0,30.0,40.0,50.0,60.0,70.0,80.0,90.0
10.0,0.0,10.0,20.0,30.0,40.0,50.0,60.0,70.0,80.0
20.0,10.0,0.0,10.0,20.0,30.0,40.0,50.0,60.0,70.0
30.0,20.0,10.0,0.0,10.0,20.0,30.0,40.0,50.0,60.0
40.0,30.0,20.0,10.0,0.0,10.0,20.0,30.0,40.0,50.0
50.0,40.0,30.0,20.0,10.0,0.0,10.0,20.0,30.0,40.0
60.0,50.0,40.0,30.0,20.0,10.0,0.0,10.0,20.0,30.0
70.0,60.0,50.0,40.0,30.0,20.0,10.0,0.0,10.0,20.0
80.0,70.0,60.0,50.0,40.0,30.0,20.0,10.0,0.0,10.0
90.0,80.0,70.0,60.0,50.0,40.0,30.0,20.0,10.0,0.0
450.0,400.0,350.0,300.0,250.0,250.0,300.0,350.0,400.0,450.0
0.0,1.0,2.0,3.0,4.0,5.0,6.0,7.0,8.0,9.0
1.0,0.0,1.0,2.0,3.0,4.0,5.0,6.0,7.0,8.0
2.0,1.0,0.0,1.0,2.0,3.0,4.0,5.0,6.0,7.0
3.0,2.0,1.0,0.0,1.0,2.0,3.0,4.0,5.0,6.0
4.0,3.0,2.0,1.0,0.0,1.0,2.0,3.0,4.0,5.0
5.0,4.0,3.0,2.0,1.0,0.0,1.0,2.0,3.0,4.0
6.0,5.0,4.0,3.0,2.0,1.0,0.0,1.0,2.0,3.0
7.0,6.0,5.0,4.0,3.0,2.0,1.0,0.0,1.0,2.0
8.0,7.0,6.0,5.0,4.0,3.0,2.0,1.0,0.0,1.0
9.0,8.0,7.0,6.0,5.0,4.0,3.0,2.0,1.0,0.0
45.0,40.0,35.0,30.0,25.0,25.0,30.0,35.0,40.0,45.0
34.0,43.0,35.0,49.0,35.0,34.0,48.0,35.0,34.0,32.0,48.0,32.0,33.0,30.0,39.0,36.0,39.0,34.0,26.0,46.0,25.0,37.0,30.0,42.0,37.0,32.0,41.0,33.0,37.0,40.0,28.0,32.0,30.0,41.0,37.0,25.0,32.0,34.0,31.0,35.0,43.0,35.0,30.0,40.0,38.0,30.0,30.0,36.0,32.0,25.0
45.0,30.0,29.0,28.0,36.0,52.0,27.0,44.0,38.0,30.0,34.0,35.0,41.0,25.0,32.0,34.0,29.0,45.0,30.0,32.0,35.0,39.0,29.0,33.0,48.0,25.0,50.0,33.0,44.0,36.0,39.0,42.0,30.0,40.0,37.0,33.0,39.0,32.0,33.0,35.0,26.0,30.0,37.0,41.0,32.0,32.0,41.0,38.0,37.0,38.0
28.0,33.0,29.0,22.0,20.0,20.0,30.0,25.0,30.0,19.0,23.0,31.0,24.0,21.0,20.0,18.0,26.0,30.0,27.0,23.0,33.0,22.0,26.0,19.0,25.0,29.0,22.0,29.0,25.0,25.0,23.0,26.0,11.0,17.0,27.0,33.0,24.0,22.0,23.0,24.0,25.0,21.0,24.0,25.0,32.0,25.0,25.0,26.0,23.0,27.0
36.0,32.0,34.0,31.0,42.0,33.0,46.0,31.0,30.0,37.0,35.0,44.0,36.0,37.0,33.0,42.0,43.0,31.0,32.0,42.0,36.0,50.0,38.0,26.0,37.0,23.0,30.0,33.0,39.0,28.0,28.0,31.0,35.0,31.0,27.0,34.0,39.0,31.0,40.0,39.0,40.0,29.0,35.0,28.0,34.0,28.0,39.0,36.0,36.0,37.0
24.0,32.0,16.0,25.0,23.0,27.0,22.0,21.0,23.0,23.0,21.0,28.0,17.0,22.0,23.0,30.0,17.0,31.0,22.0,26.0,26.0,35.0,21.0,34.0,21.0,25.0,28.0,30.0,20.0,20.0,27.0,25.0,27.0,24.0,24.0,22.0,23.0,27.0,20.0,27.0,21.0,23.0,22.0,22.0,26.0,35.0,26.0,23.0,17.0,35.0
36.0,35.0,34.0,30.0,28.0,33.0,25.0,24.0,39.0,41.0,26.0,20.0,36.0,26.0,35.0,26.0,40.0,23.0,30.0,28.0,34.0,24.0,27.0,28.0,31.0,40.0,25.0,27.0,33.0,33.0,46.0,37.0,27.0,32.0,24.0,26.0,38.0,27.0,30.0,37.0,31.0,30.0,34.0,37.0,26.0,31.0,34.0,42.0,39.0,24.0
22.0,20.0,22.0,23.0,32.0,17.0,22.0,22.0,19.0,24.0,20.0,19.0,24.0,20.0,26.0,17.0,19.0,15.0,25.0,14.0,26.0,25.0,20.0,25.0,23.0,20.0,25.0,22.0,31.0,32.0,15.0,21.0,18.0,9.0,19.0,22.0,16.0,22.0,17.0,19.0,21.0,23.0,23.0,33.0,21.0,24.0,26.0,24.0,19.0,28.0
24.0,17.0,21.0,22.0,25.0,17.0,30.0,31.0,33.0,22.0,24.0,21.0,26.0,22.0,24.0,22.0,29.0,25.0,30.0,28.0,16.0,25.0,27.0,26.0,22.0,23.0,18.0,29.0,22.0,30.0,27.0,19.0,19.0,22.0,22.0,19.0,26.0,28.0,28.0,16.0,18.0,21.0,22.0,19.0,24.0,28.0,25.0,21.0,20.0,23.0
32.0,37.0,34.0,37.0,32.0,35.0,24.0,41.0,34.0,34.0,42.0,31.0,25.0,30.0,23.0,34.0,38.0,37.0,32.0,35.0,35.0,21.0,35.0,36.0,29.0,32.0,17.0,23.0,40.0,32.0,35.0,33.0,40.0,26.0,33.0,24.0,22.0,20.0,32.0,29.0,28.0,31.0,32.0,29.0,32.0,33.0,45.0,35.0,23.0,32.0
30.0,28.0,22.0,24.0,30.0,22.0,28.0,16.0,16.0,20.0,17.0,26.0,32.0,19.0,31.0,22.0,26.0,33.0,38.0,34.0,37.0,33.0,24.0,29.0,26.0,20.0,28.0,31.0,26.0,26.0,18.0,32.0,19.0,27.0,17.0,23.0,22.0,28.0,25.0,23.0,29.0,26.0,25.0,29.0,22.0,23.0,19.0,25.0,23.0,29.0
