10,50,1000
18.746617,16.406584,15.486731,19.410049,15.674471,18.217735,15.787183,15.153947,18.01321,19.378266
8.265694,6.996638,5.714068,9.156502,6.785909,9.675002,6.39456,7.159143,5.973835,5.728548
0.0,10.0,20.0,30.0,40.0,50.0,60.0,70.0,80.0,90.0
10.0,0.0,10.0,20.0,30.0,40.0,50.0,60.0,70.0,80.0
20.0,10.0,0.0,10.0,20.0,30.0,40.0,50.0,60.0,70.0
30.0,20.0,10.0,0.0,10.0,20.0,30.0,40.0,50.0,60.0
40.0,30.0,20.0,10.0,0.0,10.0,20.0,30.0,40.0,50.0
50.0,40.0,30.0,20.0,10.0,0.0,10.0,20.0,30.0,40.0
60.0,50.0,40.0,30.0,20.0,10.0,0.0,10.0,20.0,30.0
70.0,60.0,50.0,40.0,30.0,20.0,10.0,0.0,10.0,20.0
80.0,70.0,60.0,50.0,40.0,30.0,20.0,10.0,0.0,10.0
90.0,80.0,70.0,60.0,50.0,40.0,30.0,20.0,10.0,0.0
450.0,400.0,350.0,300.0,250.0,250.0,300.0,350.0,400.0,450.0
0.0,1.0,2.0,3.0,4.0,5.0,6.0,7.0,8.0,9.0
1.0,0.0,1.0,2.0,3.0,4.0,5.0,6.0,7.0,8.0
2.0,1.0,0.0,1.0,2.0,3.0,4.0,5.0,6.0,7.0
3.0,2.0,1.0,0.0,1.0,2.0,3.0,4.0,5.0,6.0
4.0,3.0,2.0,1.0,0.0,1.0,2.0,3.0,4.0,5.0
5.0,4.0,3.0,2.0,1.0,0.0,1.0,2.0,3.0,4.0
6.0,5.0,4.0,3.0,2.0,1.0,0.0,1.0,2.0,3.0
7.0,6.0,5.0,4.0,3.0,2.0,1.0,0.0,1.0,2.0
8.0,7.0,6.0,5.0,4.0,3.0,2.0,1.0,0.0,1.0
9.0,8.0,7.0,6.0,5.0,4.0,3.0,2.0,1.0,0.0
45.0,40.0,35.0,30.0,25.0,25.0,30.0,35.0,40.0,45.0
29.0,36.0,34.0,32.0,31.0,41.0,33.0,25.0,35.0,29.0,30.0,28.0,37.0,29.0,34.0,46.0,31.0,22.0,24.0,24.0,27.0,39.0,24.0,29.0,27.0,37.0,42.0,28.0,33.0,25.0,38.0,29.0,25.0,29.0,37.0,31.0,20.0,26.0,36.0,32.0,36.0,35.0,32.0,37.0,37.0,32.0,37.0,34.0,35.0,37.0
30.0,16.0,20.0,26.0,19.0,21.0,22.0,34.0,30.0,20.0,22.0,17.0,25.0,34.0,20.0,32.0,33.0,23.0,24.0,28.0,30.0,31.0,32.0,44.0,29.0,23.0,32.0,23.0,35.0,22.0,25.0,27.0,25.0,33.0,24.0,23.0,26.0,25.0,25.0,37.0,26.0,17.0,32.0,28.0,22.0,31.0,22.0,30.0,20.0,23.0
21.0,25.0,20.0,23.0,16.0,27.0,25.0,33.0,16.0,28.0,22.0,24.0,24.0,16.0,17.0,24.0,25.0,24.0,26.0,22.0,23.0,21.0,29.0,23.0,25.0,20.0,32.0,34.0,18.0,25.0,12.0,22.0,16.0,29.0,17.0,19.0,17.0,22.0,28.0,23.0,23.0,19.0,20.0,20.0,31.0,19.0,23.0,26.0,21.0,24.0
30.0,30.0,25.0,33.0,46.0,39.0,26.0,24.0,38.0,34.0,33.0,36.0,26.0,32.0,37.0,33.0,39.0,29.0,37.0,41.0,39.0,34.0,40.0,27.0,38.0,41.0,31.0,36.0,25.0,44.0,26.0,35.0,34.0,31.0,41.0,28.0,50.0,36.0,37.0,31.0,37.0,23.0,38.0,39.0,35.0,31.0,44.0,42.0,27.0,40.0
29.0,25.0,27.0,22.0,24.0,19.0,21.0,24.0,27.0,17.0,36.0,26.0,15.0,22.0,22.0,26.0,31.0,30.0,20.0,38.0,25.0,22.0,28.0,17.0,23.0,28.0,17.0,29.0,27.0,26.0,37.0,26.0,29.0,33.0,25.0,33.0,30.0,19.0,22.0,15.0,17.0,25.0,30.0,29.0,28.0,26.0,35.0,27.0,27.0,32.0
31.0,34.0,25.0,39.0,48.0,35.0,35.0,39.0,37.0,39.0,34.0,33.0,41.0,36.0,25.0,36.0,29.0,36.0,42.0,34.0,43.0,34.0,39.0,34.0,36.0,31.0,31.0,38.0,35.0,39.0,38.0,23.0,43.0,30.0,33.0,35.0,36.0,27.0,44.0,29.0,30.0,41.0,30.0,45.0,33.0,24.0,40.0,46.0,42.0,33.0
31.0,23.0,25.0,21.0,20.0,32.0,25.0,24.0,26.0,22.0,32.0,21.0,14.0,23.0,29.0,31.0,22.0,26.0,29.0,20.0,21.0,27.0,22.0,18.0,32.0,26.0,28.0,27.0,26.0,18.0,22.0,23.0,32.0,20.0,32.0,26.0,27.0,26.0,13.0,17.0,17.0,24.0,29.0,19.0,15.0,26.0,26.0,26.0,25.0,27.0
37.0,26.0,28.0,21.0,23.0,32.0,18.0,28.0,31.0,29.0,36.0,24.0,26.0,28.0,27.0,26.0,27.0,21.0,34.0,35.0,25.0,17.0,29.0,21.0,26.0,27.0,21.0,33.0,23.0,25.0,19.0,33.0,21.0,30.0,29.0,19.0,23.0,27.0,34.0,23.0,29.0,24.0,19.0,32.0,29.0,36.0,22.0,26.0,35.0,28.0
24.0,21.0,28.0,21.0,19.0,18.0,33.0,21.0,25.0,24.0,28.0,21.0,23.0,15.0,17.0,24.0,24.0,21.0,30.0,16.0,31.0,24.0,21.0,32.0,26.0,31.0,27.0,26.0,19.0,15.0,26.0,20.0,24.0,25.0,18.0,20.0,29.0,30.0,30.0,31.0,24.0,19.0,28.0,35.0,27.0,30.0,27.0,30.0,25.0,15.0
21.0,24.0,23.0,24.0,31.0,29.0,25.0,20.0,18.0,17.0,25.0,26.0,28.0,27.0,21.0,25.0,22.0,16.0,16.0,23.0,16.0,23.0,18.0,21.0,15.0,28.0,22.0,19.0,28.0,21.0,25.0,26.0,18.0,20.0,27.0,33.0,26.0,19.0,19.0,21.0,21.0,17.0,23.0,22.0,27.0,20.0,15.0,36.0,36.0,23.0
