10,50,1000
19.48389,17.378714,15.893893,19.768978,16.459422,17.082447,16.077573,16.381343,19.397239,16.744224
6.820786,7.806099,6.363578,8.743952,8.687589,6.602587,8.72297,7.899638,5.046854,7.981032
0.0,10.0,20.0,30.0,40.0,50.0,60.0,70.0,80.0,90.0
10.0,0.0,10.0,20.0,30.0,40.0,50.0,60.0,70.0,80.0
20.0,10.0,0.0,10.0,20.0,30.0,40.0,50.0,60.0,70.0
30.0,20.0,10.0,0.0,10.0,20.0,30.0,40.0,50.0,60.0
40.0,30.0,20.0,10.0,0.0,10.0,20.0,30.0,40.0,50.0
50.0,40.0,30.0,20.0,10.0,0.0,10.0,20.0,30.0,40.0
60.0,50.0,40.0,30.0,20.0,10.0,0.0,10.0,20.0,30.0
70.0,60.0,50.0,40.0,30.0,20.0,10.0,0.0,10.0,20.0
80.0,70.0,60.0,50.0,40.0,30.0,20.0,10.0,0.0,10.0
90.0,80.0,70.0,60.0,50.0,40.0,30.0,20.0,10.0,0.0
450.0,400.0,350.0,300.0,250.0,250.0,300.0,350.0,400.0,450.0
0.0,1.0,2.0,3.0,4.0,5.0,6.0,7.0,8.0,9.0
1.0,0.0,1.0,2.0,3.0,4.0,5.0,6.0,7.0,8.0
2.0,1.0,0.0,1.0,2.0,3.0,4.0,5.0,6.0,7.0
3.0,2.0,1.0,0.0,1.0,2.0,3.0,4.0,5.0,6.0
4.0,3.0,2.0,1.0,0.0,1.0,2.0,3.0,4.0,5.0
5.0,4.0,3.0,2.0,1.0,0.0,1.0,2.0,3.0,4.0
6.0,5.0,4.0,3.0,2.0,1.0,0.0,1.0,2.0,3.0
7.0,6.0,5.0,4.0,3.0,2.0,1.0,0.0,1.0,2.0
8.0,7.0,6.0,5.0,4.0,3.0,2.0,1.0,0.0,1.0
9.0,8.0,7.0,6.0,5.0,4.0,3.0,2.0,1.0,0.0
45.0,40.0,35.0,30.0,25.0,25.0,30.0,35.0,40.0,45.0
26.0,32.0,23.0,25.0,26.0,26.0,23.0,23.0,21.0,35.0,26.0,36.0,27.0,31.0,32.0,31.0,25.0,43.0,27.0,23.0,24.0,31.0,26.0,26.0,32.0,33.0,31.0,22.0,29.0,28.0,27.0,31.0,19.0,32.0,24.0,28.0,36.0,23.0,37.0,32.0,27.0,25.0,29.0,25.0,23.0,30.0,33.0,25.0,22.0,19.0
37.0,30.0,24.0,30.0,27.0,30.0,26.0,21.0,26.0,27.0,35.0,36.0,23.0,32.0,30.0,34.0,31.0,39.0,28.0,25.0,27.0,37.0,22.0,28.0,32.0,36.0,31.0,30.0,34.0,24.0,26.0,29.0,33.0,30.0,32.0,28.0,33.0,28.0,34.0,39.0,30.0,36.0,34.0,25.0,24.0,32.0,30.0,24.0,30.0,31.0
32.0,26.0,25.0,22.0,26.0,25.0,22.0,27.0,27.0,23.0,26.0,22.0,31.0,37.0,25.0,23.0,20.0,32.0,27.0,30.0,20.0,23.0,26.0,27.0,27.0,31.0,22.0,22.0,26.0,24.0,22.0,28.0,32.0,27.0,19.0,22.0,29.0,26.0,20.0,21.0,23.0,26.0,31.0,27.0,24.0,38.0,21.0,20.0,20.0,28.0
27.0,37.0,35.0,37.0,25.0,37.0,38.0,43.0,25.0,29.0,44.0,32.0,33.0,30.0,30.0,25.0,24.0,43.0,37.0,28.0,37.0,29.0,32.0,29.0,39.0,27.0,39.0,28.0,34.0,31.0,38.0,39.0,39.0,39.0,31.0,41.0,31.0,40.0,32.0,37.0,25.0,37.0,33.0,32.0,41.0,33.0,31.0,28.0,26.0,36.0
31.0,34.0,39.0,31.0,28.0,27.0,37.0,29.0,33.0,30.0,36.0,28.0,45.0,41.0,30.0,34.0,34.0,38.0,27.0,21.0,30.0,30.0,32.0,36.0,42.0,36.0,38.0,32.0,40.0,33.0,28.0,26.0,26.0,36.0,39.0,29.0,33.0,37.0,38.0,28.0,29.0,31.0,37.0,27.0,28.0,35.0,31.0,21.0,37.0,27.0
20.0,32.0,25.0,23.0,28.0,32.0,31.0,30.0,22.0,15.0,33.0,31.0,21.0,23.0,21.0,28.0,26.0,25.0,19.0,26.0,28.0,35.0,22.0,23.0,31.0,20.0,32.0,25.0,29.0,33.0,23.0,31.0,29.0,20.0,21.0,19.0,21.0,30.0,28.0,17.0,26.0,21.0,20.0,30.0,28.0,21.0,20.0,33.0,25.0,24.0
31.0,38.0,36.0,24.0,32.0,36.0,27.0,32.0,38.0,28.0,18.0,36.0,23.0,35.0,34.0,33.0,21.0,28.0,43.0,31.0,34.0,25.0,37.0,35.0,32.0,34.0,35.0,24.0,46.0,32.0,19.0,29.0,26.0,26.0,34.0,37.0,36.0,35.0,31.0,24.0,34.0,38.0,23.0,27.0,23.0,29.0,37.0,32.0,37.0,40.0
29.0,29.0,36.0,27.0,29.0,42.0,26.0,27.0,33.0,30.0,34.0,29.0,34.0,34.0,27.0,29.0,35.0,33.0,35.0,23.0,45.0,34.0,33.0,34.0,27.0,28.0,23.0,31.0,25.0,31.0,26.0,24.0,33.0,36.0,25.0,33.0,31.0,22.0,29.0,28.0,22.0,27.0,28.0,37.0,25.0,26.0,29.0,31.0,26.0,40.0
23.0,17.0,19.0,23.0,22.0,27.0,24.0,18.0,14.0,19.0,21.0,26.0,21.0,23.0,19.0,15.0,9.0,21.0,20.0,30.0,22.0,21.0,25.0,17.0,34.0,30.0,20.0,29.0,22.0,17.0,20.0,31.0,18.0,30.0,27.0,25.0,15.0,19.0,16.0,18.0,20.0,22.0,17.0,20.0,23.0,15.0,25.0,28.0,28.0,28.0
29.0,30.0,31.0,29.0,32.0,26.0,33.0,34.0,29.0,26.0,32.0,26.0,37.0,30.0,35.0,32.0,28.0,34.0,26.0,24.0,42.0,25.0,25.0,21.0,35.0,26.0,41.0,25.0,23.0,31.0,32.0,23.0,34.0,31.0,28.0,28.0,22.0,34.0,26.0,28.0,24.0,23.0,35.0,24.0,27.0,32.0,28.0,37.0,30.0,30.0
