10,50,1000
17.777357,18.544692,19.626784,16.354288,18.262358,17.482635,18.070935,18.74844,18.469826,15.117905
5.886708,7.649093,7.246174,6.05381,9.28035,6.395566,9.164709,7.286933,9.249329,9.696862
0.0,10.0,20.0,30.0,40.0,50.0,60.0,70.0,80.0,90.0
10.0,0.0,10.0,20.0,30.0,40.0,50.0,60.0,70.0,80.0
20.0,10.0,0.0,10.0,20.0,30.0,40.0,50.0,60.0,70.0
30.0,20.0,10.0,0.0,10.0,20.0,30.0,40.0,50.0,60.0
40.0,30.0,20.0,10.0,0.0,10.0,20.0,30.0,40.0,50.0
50.0,40.0,30.0,20.0,10.0,0.0,10.0,20.0,30.0,40.0
60.0,50.0,40.0,30.0,20.0,10.0,0.0,10.0,20.0,30.0
70.0,60.0,50.0,40.0,30.0,20.0,10.0,0.0,10.0,20.0
80.0,70.0,60.0,50.0,40.0,30.0,20.0,10.0,0.0,10.0
90.0,80.0,70.0,60.0,50.0,40.0,30.0,20.0,10.0,0.0
450.0,400.0,350.0,300.0,250.0,250.0,300.0,350.0,400.0,450.0
0.0,1.0,2.0,3.0,4.0,5.0,6.0,7.0,8.0,9.0
1.0,0.0,1.0,2.0,3.0,4.0,5.0,6.0,7.0,8.0
2.0,1.0,0.0,1.0,2.0,3.0,4.0,5.0,6.0,7.0
3.0,2.0,1.0,0.0,1.0,2.0,3.0,4.0,5.0,6.0
4.0,3.0,2.0,1.0,0.0,1.0,2.0,3.0,4.0,5.0
5.0,4.0,3.0,2.0,1.0,0.0,1.0,2.0,3.0,4.0
6.0,5.0,4.0,3.0,2.0,1.0,0.0,1.0,2.0,3.0
7.0,6.0,5.0,4.0,3.0,2.0,1.0,0.0,1.0,2.0
8.0,7.0,6.0,5.0,4.0,3.0,2.0,1.0,0.0,1.0
9.0,8.0,7.0,6.0,5.0,4.0,3.0,2.0,1.0,0.0
45.0,40.0,35.0,30.0,25.0,25.0,30.0,35.0,40.0,45.0
31.0,23.0,21.0,24.0,18.0,24.0,21.0,26.0,30.0,29.0,29.0,24.0,27.0,27.0,20.0,24.0,22.0,27.0,29.0,24.0,27.0,27.0,19.0,25.0,25.0,25.0,31.0,25.0,20.0,25.0,28.0,27.0,26.0,26.0,27.0,23.0,21.0,23.0,27.0,28.0,14.0,25.0,21.0,27.0,20.0,23.0,24.0,28.0,29.0,21.0
36.0,32.0,26.0,29.0,29.0,36.0,38.0,28.0,24.0,26.0,31.0,35.0,28.0,35.0,23.0,28.0,31.0,29.0,23.0,30.0,31.0,22.0,25.0,25.0,40.0,31.0,34.0,33.0,23.0,31.0,24.0,37.0,28.0,26.0,25.0,32.0,40.0,25.0,23.0,28.0,14.0,33.0,25.0,25.0,35.0,24.0,26.0,31.0,34.0,35.0
38.0,21.0,32.0,28.0,37.0,24.0,35.0,26.0,38.0,24.0,24.0,31.0,27.0,35.0,36.0,27.0,27.0,30.0,28.0,35.0,30.0,35.0,22.0,37.0,31.0,28.0,28.0,35.0,36.0,37.0,28.0,22.0,33.0,29.0,21.0,24.0,36.0,25.0,37.0,19.0,28.0,31.0,31.0,30.0,26.0,35.0,29.0,39.0,34.0,26.0
25.0,20.0,18.0,20.0,27.0,24.0,19.0,29.0,26.0,27.0,31.0,30.0,30.0,20.0,23.0,18.0,31.0,29.0,21.0,25.0,27.0,29.0,23.0,30.0,23.0,28.0,27.0,19.0,26.0,19.0,25.0,22.0,33.0,29.0,21.0,25.0,25.0,20.0,30.0,19.0,27.0,26.0,27.0,26.0,25.0,24.0,25.0,22.0,36.0,29.0
34.0,39.0,40.0,43.0,28.0,26.0,30.0,38.0,35.0,42.0,40.0,38.0,41.0,33.0,35.0,34.0,32.0,31.0,38.0,34.0,30.0,43.0,48.0,33.0,23.0,31.0,39.0,37.0,33.0,29.0,47.0,34.0,32.0,46.0,38.0,37.0,36.0,31.0,39.0,44.0,37.0,29.0,36.0,42.0,40.0,29.0,32.0,39.0,31.0,45.0
20.0,20.0,19.0,30.0,18.0,21.0,21.0,30.0,23.0,30.0,20.0,27.0,27.0,38.0,19.0,25.0,26.0,30.0,27.0,25.0,17.0,21.0,24.0,29.0,23.0,24.0,23.0,13.0,24.0,18.0,30.0,33.0,15.0,26.0,28.0,23.0,27.0,21.0,20.0,34.0,23.0,28.0,17.0,26.0,34.0,29.0,13.0,19.0,31.0,23.0
46.0,37.0,41.0,36.0,39.0,38.0,34.0,40.0,34.0,35.0,28.0,37.0,29.0,34.0,33.0,41.0,31.0,28.0,36.0,33.0,43.0,28.0,22.0,38.0,37.0,28.0,28.0,37.0,25.0,27.0,25.0,26.0,30.0,32.0,26.0,34.0,31.0,45.0,36.0,27.0,31.0,34.0,26.0,23.0,25.0,29.0,32.0,34.0,35.0,32.0
20.0,35.0,29.0,28.0,29.0,26.0,26.0,25.0,16.0,33.0,34.0,38.0,29.0,24.0,30.0,28.0,17.0,23.0,26.0,20.0,24.0,22.0,32.0,34.0,27.0,27.0,23.0,30.0,27.0,34.0,31.0,31.0,30.0,17.0,32.0,26.0,24.0,28.0,32.0,26.0,37.0,28.0,27.0,34.0,26.0,31.0,16.0,33.0,35.0,31.0
32.0,50.0,29.0,34.0,32.0,34.0,41.0,39.0,25.0,37.0,25.0,35.0,33.0,34.0,25.0,42.0,28.0,33.0,20.0,33.0,27.0,42.0,39.0,32.0,34.0,31.0,51.0,41.0,36.0,29.0,39.0,35.0,36.0,34.0,29.0,42.0,25.0,38.0,40.0,48.0,42.0,36.0,28.0,32.0,42.0,43.0,39.0,33.0,46.0,33.0
34.0,35.0,21.0,35.0,33.0,22.0,37.0,29.0,31.0,32.0,32.0,28.0,24.0,30.0,40.0,36.0,41.0,29.0,22.0,35.0,37.0,41.0,36.0,37.0,37.0,35.0,37.0,33.0,29.0,37.0,32.0,27.0,41.0,36.0,33.0,38.0,38.0,35.0,43.0,27.0,27.0,38.0,31.0,35.0,21.0,28.0,28.0,29.0,35.0,33.0
