10,50,1000
17.684674,19.488896,19.605233,18.371955,17.112758,16.311013,19.69735,18.858214,15.10896,19.682401
6.151155,9.765457,5.619011,5.720782,8.855578,8.334496,9.277907,5.14407,7.309,7.244828
0.0,10.0,20.0,30.0,40.0,50.0,60.0,70.0,80.0,90.0
10.0,0.0,10.0,20.0,30.0,40.0,50.0,60.0,70.0,80.0
20.0,10.0,0.0,10.0,20.0,30.0,40.0,50.0,60.0,70.0
30.0,20.0,10.0,0.0,10.0,20.0,30.0,40.0,50.0,60.0
40.0,30.0,20.0,10.0,0.0,10.0,20.0,30.0,40.0,50.0
50.0,40.0,30.0,20.0,10.0,0.0,10.0,20.0,30.0,40.0
60.0,50.0,40.0,30.0,20.0,10.0,0.0,10.0,20.0,30.0
70.0,60.0,50.0,40.0,30.0,20.0,10.0,0.0,10.0,20.0
80.0,70.0,60.0,50.0,40.0,30.0,20.0,10.0,0.0,10.0
90.0,80.0,70.0,60.0,50.0,40.0,30.0,20.0,10.0,0.0
450.0,400.0,350.0,300.0,250.0,250.0,300.0,350.0,400.0,450.0
0.0,1.0,2.0,3.0,4.0,5.0,6.0,7.0,8.0,9.0
1.0,0.0,1.0,2.0,3.0,4.0,5.0,6.0,7.0,8.0
2.0,1.0,0.0,1.0,2.0,3.0,4.0,5.0,6.0,7.0
3.0,2.0,1.0,0.0,1.0,2.0,3.0,4.0,5.0,6.0
4.0,3.0,2.0,1.0,0.0,1.0,2.0,3.0,4.0,5.0
5.0,4.0,3.0,2.0,1.0,0.0,1.0,2.0,3.0,4.0
6.0,5.0,4.0,3.0,2.0,1.0,0.0,1.0,2.0,3.0
7.0,6.0,5.0,4.0,3.0,2.0,1.0,0.0,1.0,2.0
8.0,7.0,6.0,5.0,4.0,3.0,2.0,1.0,0.0,1.0
9.0,8.0,7.0,6.0,5.0,4.0,3.0,2.0,1.0,0.0
45.0,40.0,35.0,30.0,25.0,25.0,30.0,35.0,40.0,45.0
33.0,32.0,25.0,25.0,18.0,28.0,25.0,21.0,29.0,33.0,21.0,27.0,26.0,28.0,30.0,26.0,25.0,31.0,25.0,25.0,25.0,32.0,28.0,28.0,30.0,18.0,29.0,28.0,19.0,28.0,23.0,31.0,28.0,21.0,26.0,27.0,30.0,18.0,30.0,26.0,21.0,25.0,27.0,27.0,30.0,31.0,31.0,30.0,22.0,26.0
33.0,35.0,36.0,31.0,31.0,33.0,35.0,30.0,29.0,44.0,25.0,31.0,40.0,45.0,38.0,24.0,36.0,38.0,30.0,47.0,41.0,42.0,40.0,39.0,34.0,31.0,34.0,30.0,39.0,33.0,36.0,36.0,28.0,35.0,39.0,43.0,42.0,31.0,40.0,37.0,44.0,43.0,40.0,45.0,50.0,31.0,41.0,38.0,47.0,36.0
20.0,22.0,23.0,19.0,23.0,23.0,18.0,21.0,26.0,24.0,30.0,20.0,22.0,22.0,20.0,19.0,20.0,27.0,24.0,29.0,18.0,21.0,23.0,13.0,29.0,14.0,15.0,28.0,17.0,22.0,22.0,26.0,15.0,26.0,21.0,20.0,19.0,27.0,32.0,24.0,34.0,22.0,23.0,19.0,30.0,32.0,19.0,27.0,25.0,23.0
21.0,24.0,23.0,21.0,22.0,23.0,26.0,25.0,23.0,32.0,26.0,17.0,20.0,15.0,30.0,14.0,17.0,22.0,21.0,27.0,23.0,23.0,32.0,20.0,28.0,22.0,19.0,30.0,24.0,21.0,21.0,29.0,31.0,18.0,20.0,17.0,20.0,25.0,22.0,26.0,25.0,27.0,28.0,18.0,14.0,26.0,22.0,22.0,22.0,28.0
44.0,37.0,41.0,27.0,44.0,35.0,39.0,37.0,36.0,37.0,26.0,26.0,33.0,30.0,42.0,32.0,32.0,30.0,28.0,33.0,29.0,40.0,42.0,25.0,31.0,33.0,30.0,21.0,41.0,38.0,33.0,34.0,27.0,36.0,25.0,35.0,37.0,24.0,41.0,32.0,30.0,30.0,34.0,27.0,28.0,25.0,32.0,27.0,34.0,32.0
32.0,30.0,21.0,27.0,26.0,34.0,27.0,38.0,30.0,27.0,25.0,29.0,36.0,24.0,26.0,32.0,19.0,20.0,30.0,23.0,35.0,37.0,29.0,18.0,43.0,34.0,24.0,24.0,28.0,42.0,28.0,33.0,22.0,27.0,32.0,36.0,34.0,27.0,28.0,36.0,27.0,34.0,38.0,27.0,32.0,27.0,36.0,23.0,30.0,31.0
35.0,39.0,42.0,40.0,38.0,36.0,32.0,39.0,30.0,36.0,36.0,39.0,28.0,40.0,30.0,26.0,36.0,26.0,29.0,46.0,33.0,25.0,25.0,38.0,38.0,33.0,41.0,32.0,41.0,36.0,30.0,35.0,37.0,36.0,41.0,26.0,42.0,43.0,32.0,39.0,32.0,44.0,29.0,41.0,30.0,31.0,27.0,41.0,30.0,35.0
22.0,28.0,21.0,24.0,22.0,22.0,18.0,20.0,22.0,17.0,15.0,16.0,19.0,24.0,20.0,25.0,24.0,21.0,22.0,11.0,24.0,28.0,26.0,19.0,26.0,24.0,24.0,20.0,21.0,22.0,22.0,27.0,27.0,19.0,34.0,25.0,20.0,24.0,20.0,25.0,27.0,20.0,15.0,18.0,25.0,28.0,25.0,20.0,24.0,15.0
24.0,24.0,25.0,31.0,27.0,34.0,27.0,18.0,30.0,26.0,25.0,20.0,24.0,22.0,27.0,29.0,31.0,23.0,25.0,30.0,26.0,27.0,34.0,29.0,28.0,24.0,27.0,27.0,33.0,31.0,20.0,20.0,34.0,24.0,23.0,21.0,29.0,33.0,23.0,30.0,22.0,28.0,26.0,31.0,25.0,26.0,26.0,24.0,33.0,22.0
38.0,30.0,26.0,30.0,33.0,26.0,30.0,34.0,28.0,30.0,20.0,29.0,29.0,25.0,30.0,22.0,31.0,33.0,25.0,24.0,22.0,23.0,22.0,31.0,24.0,18.0,32.0,25.0,37.0,28.0,27.0,30.0,29.0,30.0,30.0,38.0,31.0,24.0,28.0,41.0,29.0,23.0,33.0,31.0,26.0,31.0,23.0,27.0,38.0,35.0
