10,50,1000
18.314918,18.840234,15.695859,15.669083,17.905583,15.462722,15.606335,17.706121,16.4894,17.814808
5.718265,8.955378,6.478645,8.281624,7.482278,9.170244,9.190587,9.965419,6.695231,7.873391
0.0,10.0,20.0,30.0,40.0,50.0,60.0,70.0,80.0,90.0
10.0,0.0,10.0,20.0,30.0,40.0,50.0,60.0,70.0,80.0
20.0,10.0,0.0,10.0,20.0,30.0,40.0,50.0,60.0,70.0
30.0,20.0,10.0,0.0,10.0,20.0,30.0,40.0,50.0,60.0
40.0,30.0,20.0,10.0,0.0,10.0,20.0,30.0,40.0,50.0
50.0,40.0,30.0,20.0,10.0,0.0,10.0,20.0,30.0,40.0
60.0,50.0,40.0,30.0,20.0,10.0,0.0,10.0,20.0,30.0
70.0,60.0,50.0,40.0,30.0,20.0,10.0,0.0,10.0,20.0
80.0,70.0,60.0,50.0,40.0,30.0,20.0,10.0,0.0,10.0
90.0,80.0,70.0,60.0,50.0,40.0,30.0,20.0,10.0,0.0
450.0,400.0,350.0,300.0,250.0,250.0,300.0,350.0,400.0,450.0
0.0,1.0,2.0,3.0,4.0,5.0,6.0,7.0,8.0,9.0
1.0,0.0,1.0,2.0,3.0,4.0,5.0,6.0,7.0,8.0
2.0,1.0,0.0,1.0,2.0,3.0,4.0,5.0,6.0,7.0
3.0,2.0,1.0,0.0,1.0,2.0,3.0,4.0,5.0,6.0
4.0,3.0,2.0,1.0,0.0,1.0,2.0,3.0,4.0,5.0
5.0,4.0,3.0,2.0,1.0,0.0,1.0,2.0,3.0,4.0
6.0,5.0,4.0,3.0,2.0,1.0,0.0,1.0,2.0,3.0
7.0,6.0,5.0,4.0,3.0,2.0,1.0,0.0,1.0,2.0
8.0,7.0,6.0,5.0,4.0,3.0,2.0,1.0,0.0,1.0
9.0,8.0,7.0,6.0,5.0,4.0,3.0,2.0,1.0,0.0
45.0,40.0,35.0,30.0,25.0,25.0,30.0,35.0,40.0,45.0
19.0,21.0,20.0,28.0,25.0,17.0,29.0,20.0,26.0,21.0,29.0,21.0,18.0,28.0,24.0,18.0,22.0,20.0,25.0,22.0,26.0,31.0,26.0,22.0,16.0,25.0,23.0,28.0,23.0,23.0,22.0,30.0,16.0,23.0,24.0,18.0,15.0,33.0,26.0,27.0,25.0,27.0,28.0,29.0,21.0,22.0,17.0,21.0,13.0,31.0
32.0,32.0,21.0,31.0,37.0,29.0,45.0,22.0,40.0,50.0,32.0,24.0,39.0,36.0,35.0,39.0,36.0,38.0,35.0,36.0,39.0,28.0,34.0,45.0,31.0,32.0,41.0,35.0,34.0,30.0,21.0,41.0,34.0,28.0,32.0,45.0,33.0,37.0,37.0,30.0,30.0,28.0,32.0,32.0,35.0,34.0,33.0,40.0,35.0,36.0
27.0,25.0,37.0,28.0,31.0,27.0,27.0,26.0,28.0,23.0,27.0,24.0,20.0,29.0,28.0,24.0,22.0,27.0,24.0,30.0,20.0,31.0,18.0,22.0,33.0,29.0,15.0,21.0,21.0,22.0,23.0,28.0,33.0,27.0,25.0,26.0,23.0,33.0,16.0,26.0,22.0,26.0,24.0,26.0,24.0,26.0,24.0,27.0,21.0,23.0
36.0,22.0,39.0,36.0,32.0,27.0,39.0,21.0,33.0,23.0,32.0,45.0,26.0,27.0,30.0,28.0,34.0,25.0,35.0,27.0,26.0,39.0,39.0,25.0,33.0,35.0,26.0,33.0,32.0,37.0,30.0,23.0,29.0,38.0,31.0,22.0,28.0,30.0,34.0,28.0,25.0,25.0,23.0,36.0,33.0,26.0,36.0,32.0,41.0,34.0
29.0,26.0,26.0,24.0,25.0,29.0,28.0,26.0,33.0,28.0,28.0,29.0,22.0,22.0,34.0,30.0,25.0,23.0,12.0,26.0,35.0,27.0,29.0,21.0,22.0,20.0,38.0,25.0,37.0,27.0,24.0,25.0,29.0,28.0,40.0,30.0,33.0,25.0,23.0,35.0,33.0,31.0,31.0,35.0,24.0,17.0,25.0,27.0,29.0,44.0
29.0,37.0,39.0,27.0,45.0,30.0,34.0,41.0,31.0,35.0,26.0,30.0,33.0,39.0,39.0,30.0,29.0,35.0,30.0,31.0,33.0,25.0,33.0,30.0,37.0,41.0,35.0,26.0,30.0,30.0,31.0,27.0,34.0,32.0,34.0,27.0,40.0,25.0,48.0,40.0,22.0,39.0,35.0,39.0,36.0,29.0,39.0,18.0,38.0,25.0
30.0,38.0,36.0,25.0,29.0,32.0,28.0,34.0,37.0,33.0,30.0,39.0,26.0,34.0,27.0,35.0,39.0,29.0,35.0,27.0,39.0,35.0,30.0,39.0,39.0,33.0,26.0,23.0,29.0,41.0,30.0,31.0,34.0,27.0,40.0,30.0,40.0,40.0,36.0,33.0,39.0,28.0,29.0,28.0,42.0,40.0,33.0,48.0,32.0,37.0
29.0,41.0,42.0,33.0,36.0,37.0,37.0,35.0,38.0,35.0,41.0,33.0,37.0,41.0,37.0,39.0,34.0,40.0,44.0,33.0,40.0,36.0,35.0,33.0,36.0,46.0,32.0,28.0,29.0,45.0,35.0,33.0,32.0,40.0,30.0,43.0,36.0,32.0,26.0,31.0,38.0,48.0,28.0,41.0,44.0,24.0,34.0,37.0,41.0,40.0
22.0,27.0,28.0,30.0,27.0,22.0,29.0,22.0,24.0,23.0,29.0,33.0,17.0,24.0,23.0,22.0,22.0,22.0,29.0,32.0,27.0,34.0,23.0,27.0,28.0,27.0,27.0,23.0,20.0,27.0,21.0,28.0,22.0,27.0,26.0,25.0,28.0,25.0,27.0,25.0,18.0,25.0,24.0,28.0,31.0,19.0,26.0,22.0,24.0,24.0
31.0,35.0,28.0,30.0,21.0,33.0,30.0,34.0,27.0,27.0,31.0,34.0,30.0,31.0,27.0,20.0,32.0,33.0,38.0,33.0,27.0,27.0,25.0,27.0,31.0,29.0,23.0,39.0,25.0,24.0,29.0,32.0,23.0,20.0,29.0,32.0,28.0,36.0,24.0,36.0,30.0,36.0,22.0,30.0,34.0,29.0,22.0,25.0,23.0,37.0
