10,50,1000
17.554785,17.792788,16.591865,19.828677,15.720052,19.181747,15.434448,15.624611,15.337105,16.598095
8.146109,8.119366,9.079725,5.857559,6.271776,9.000051,8.381479,8.777748,6.751317,9.166586
0.0,10.0,20.0,30.0,40.0,50.0,60.0,70.0,80.0,90.0
10.0,0.0,10.0,20.0,30.0,40.0,50.0,60.0,70.0,80.0
20.0,10.0,0.0,10.0,20.0,30.0,40.0,50.0,60.0,70.0
30.0,20.0,10.0,0.0,10.0,20.0,30.0,40.0,50.0,60.0
40.0,30.0,20.0,10.0,0.0,10.0,20.0,30.0,40.0,50.0
50.0,40.0,30.0,20.0,10.0,0.0,10.0,20.0,30.0,40.0
60.0,50.0,40.0,30.0,20.0,10.0,0.0,10.0,20.0,30.0
70.0,60.0,50.0,40.0,30.0,20.0,10.0,0.0,10.0,20.0
80.0,70.0,60.0,50.0,40.0,30.0,20.0,10.0,0.0,10.0
90.0,80.0,70.0,60.0,50.0,40.0,30.0,20.0,10.0,0.0
450.0,400.0,350.0,300.0,250.0,250.0,300.0,350.0,400.0,450.0
0.0,1.0,2.0,3.0,4.0,5.0,6.0,7.0,8.0,9.0
1.0,0.0,1.0,2.0,3.0,4.0,5.0,6.0,7.0,8.0
2.0,1.0,0.0,1.0,2.0,3.0,4.0,5.0,6.0,7.0
3.0,2.0,1.0,0.0,1.0,2.0,3.0,4.0,5.0,6.0
4.0,3.0,2.0,1.0,0.0,1.0,2.0,3.0,4.0,5.0
5.0,4.0,3.0,2.0,1.0,0.0,1.0,2.0,3.0,4.0
6.0,5.0,4.0,3.0,2.0,1.0,0.0,1.0,2.0,3.0
7.0,6.0,5.0,4.0,3.0,2.0,1.0,0.0,1.0,2.0
8.0,7.0,6.0,5.0,4.0,3.0,2.0,1.0,0.0,1.0
9.0,8.0,7.0,6.0,5.0,4.0,3.0,2.0,1.0,0.0
45.0,40.0,35.0,30.0,25.0,25.0,30.0,35.0,40.0,45.0
35.0,22.0,24.0,31.0,29.0,36.0,24.0,35.0,27.0,25.0,29.0,33.0,32.0,27.0,30.0,31.0,26.0,31.0,27.0,32.0,25.0,27.0,38.0,22.0,21.0,24.0,47.0,40.0,40.0,26.0,35.0,23.0,36.0,45.0,35.0,20.0,26.0,33.0,35.0,31.0,34.0,35.0,24.0,35.0,34.0,30.0,30.0,32.0,29.0,36.0
31.0,32.0,28.0,36.0,32.0,25.0,27.0,37.0,46.0,40.0,28.0,34.0,18.0,25.0,35.0,38.0,30.0,28.0,29.0,33.0,30.0,25.0,35.0,36.0,28.0,25.0,39.0,38.0,30.0,19.0,27.0,26.0,29.0,25.0,32.0,48.0,31.0,36.0,31.0,24.0,36.0,42.0,27.0,30.0,29.0,36.0,32.0,20.0,33.0,26.0
32.0,43.0,23.0,41.0,25.0,22.0,27.0,29.0,30.0,29.0,26.0,30.0,26.0,32.0,31.0,31.0,33.0,30.0,28.0,36.0,36.0,36.0,39.0,38.0,37.0,34.0,39.0,40.0,34.0,36.0,41.0,30.0,29.0,32.0,25.0,32.0,26.0,43.0,39.0,34.0,37.0,32.0,26.0,35.0,29.0,38.0,37.0,35.0,31.0,27.0
21.0,24.0,23.0,24.0,24.0,23.0,20.0,26.0,25.0,33.0,24.0,25.0,19.0,24.0,20.0,24.0,20.0,44.0,23.0,20.0,28.0,24.0,19.0,17.0,18.0,29.0,22.0,21.0,23.0,23.0,21.0,18.0,28.0,27.0,22.0,28.0,29.0,21.0,26.0,28.0,31.0,16.0,24.0,21.0,22.0,24.0,22.0,27.0,20.0,23.0
16.0,23.0,22.0,26.0,18.0,24.0,37.0,23.0,24.0,21.0,21.0,19.0,29.0,20.0,21.0,27.0,28.0,29.0,25.0,28.0,30.0,26.0,24.0,30.0,24.0,23.0,20.0,19.0,17.0,23.0,30.0,21.0,25.0,26.0,23.0,14.0,23.0,24.0,26.0,28.0,25.0,34.0,21.0,29.0,24.0,20.0,22.0,21.0,22.0,23.0
38.0,43.0,34.0,47.0,28.0,41.0,41.0,34.0,28.0,37.0,34.0,33.0,33.0,38.0,41.0,21.0,43.0,31.0,32.0,37.0,37.0,25.0,39.0,40.0,26.0,37.0,37.0,31.0,39.0,28.0,28.0,38.0,35.0,25.0,39.0,29.0,40.0,34.0,33.0,28.0,41.0,27.0,35.0,29.0,37.0,28.0,37.0,33.0,42.0,37.0
29.0,41.0,26.0,37.0,31.0,31.0,34.0,35.0,32.0,30.0,33.0,33.0,27.0,43.0,27.0,27.0,33.0,42.0,29.0,26.0,41.0,35.0,32.0,29.0,35.0,29.0,35.0,32.0,29.0,31.0,22.0,27.0,32.0,33.0,33.0,38.0,27.0,35.0,38.0,27.0,24.0,39.0,30.0,28.0,35.0,29.0,33.0,31.0,25.0,32.0
38.0,32.0,35.0,37.0,37.0,29.0,24.0,33.0,31.0,31.0,25.0,37.0,35.0,30.0,22.0,38.0,33.0,31.0,35.0,34.0,25.0,28.0,24.0,30.0,38.0,37.0,34.0,35.0,33.0,30.0,35.0,23.0,26.0,35.0,41.0,47.0,27.0,27.0,34.0,37.0,45.0,32.0,31.0,37.0,27.0,35.0,27.0,39.0,40.0,34.0
24.0,17.0,17.0,23.0,24.0,34.0,27.0,25.0,26.0,28.0,17.0,26.0,25.0,24.0,26.0,23.0,29.0,24.0,18.0,29.0,26.0,25.0,33.0,27.0,19.0,19.0,25.0,23.0,31.0,31.0,26.0,23.0,17.0,23.0,26.0,15.0,23.0,35.0,24.0,36.0,32.0,30.0,27.0,24.0,24.0,16.0,31.0,24.0,21.0,22.0
42.0,42.0,32.0,32.0,35.0,43.0,28.0,29.0,37.0,33.0,24.0,47.0,42.0,28.0,38.0,34.0,41.0,35.0,35.0,37.0,37.0,39.0,34.0,36.0,36.0,37.0,30.0,33.0,36.0,30.0,46.0,35.0,23.0,38.0,38.0,38.0,37.0,38.0,27.0,36.0,46.0,31.0,41.0,39.0,35.0,31.0,38.0,31.0,39.0,36.0
