10,50,1000
17.034491,18.051644,19.556416,16.984645,15.0646,15.558401,15.371621,19.254072,19.31336,17.194752
6.32083,6.690462,5.843078,7.654763,6.249069,5.406308,8.896984,9.023903,9.399781,9.503791
0.0,10.0,20.0,30.0,40.0,50.0,60.0,70.0,80.0,90.0
10.0,0.0,10.0,20.0,30.0,40.0,50.0,60.0,70.0,80.0
20.0,10.0,0.0,10.0,20.0,30.0,40.0,50.0,60.0,70.0
30.0,20.0,10.0,0.0,10.0,20.0,30.0,40.0,50.0,60.0
40.0,30.0,20.0,10.0,0.0,10.0,20.0,30.0,40.0,50.0
50.0,40.0,30.0,20.0,10.0,0.0,10.0,20.0,30.0,40.0
60.0,50.0,40.0,30.0,20.0,10.0,0.0,10.0,20.0,30.0
70.0,60.0,50.0,40.0,30.0,20.0,10.0,0.0,10.0,20.0
80.0,70.0,60.0,50.0,40.0,30.0,20.0,10.0,0.0,10.0
90.0,80.0,70.0,60.0,50.0,40.0,30.0,20.0,10.0,0.0
450.0,400.0,350.0,300.0,250.0,250.0,300.0,350.0,400.0,450.0
0.0,1.0,2.0,3.0,4.0,5.0,6.0,7.0,8.0,9.0
1.0,0.0,1.0,2.0,3.0,4.0,5.0,6.0,7.0,8.0
2.0,1.0,0.0,1.0,2.0,3.0,4.0,5.0,6.0,7.0
3.0,2.0,1.0,0.0,1.0,2.0,3.0,4.0,5.0,6.0
4.0,3.0,2.0,1.0,0.0,1.0,2.0,3.0,4.0,5.0
5.0,4.0,3.0,2.0,1.0,0.0,1.0,2.0,3.0,4.0
6.0,5.0,4.0,3.0,2.0,1.0,0.0,1.0,2.0,3.0
7.0,6.0,5.0,4.0,3.0,2.0,1.0,0.0,1.0,2.0
8.0,7.0,6.0,5.0,4.0,3.0,2.0,1.0,0.0,1.0
9.0,8.0,7.0,6.0,5.0,4.0,3.0,2.0,1.0,0.0
45.0,40.0,35.0,30.0,25.0,25.0,30.0,35.0,40.0,45.0
32.0,23.0,25.0,23.0,31.0,24.0,26.0,24.0,25.0,27.0,27.0,31.0,29.0,18.0,25.0,28.0,31.0,20.0,28.0,25.0,18.0,29.0,32.0,29.0,27.0,33.0,23.0,26.0,22.0,21.0,16.0,26.0,30.0,32.0,27.0,35.0,25.0,15.0,21.0,15.0,30.0,28.0,28.0,21.0,27.0,30.0,25.0,18.0,33.0,21.0
20.0,22.0,32.0,26.0,29.0,27.0,34.0,17.0,24.0,29.0,32.0,30.0,24.0,18.0,22.0,19.0,30.0,23.0,28.0,26.0,23.0,27.0,20.0,20.0,24.0,26.0,21.0,20.0,15.0,20.0,29.0,25.0,29.0,21.0,25.0,34.0,28.0,23.0,23.0,26.0,26.0,26.0,23.0,32.0,34.0,24.0,30.0,29.0,29.0,20.0
27.0,23.0,22.0,17.0,23.0,22.0,22.0,26.0,22.0,23.0,26.0,17.0,24.0,17.0,27.0,28.0,17.0,27.0,32.0,24.0,20.0,20.0,29.0,24.0,27.0,29.0,27.0,25.0,21.0,16.0,34.0,28.0,32.0,23.0,32.0,22.0,23.0,23.0,19.0,19.0,30.0,21.0,25.0,25.0,21.0,18.0,31.0,21.0,21.0,24.0
25.0,30.0,25.0,37.0,24.0,36.0,31.0,36.0,28.0,32.0,28.0,33.0,24.0,28.0,21.0,25.0,26.0,33.0,34.0,27.0,21.0,29.0,26.0,30.0,17.0,37.0,32.0,24.0,35.0,30.0,23.0,29.0,23.0,26.0,18.0,26.0,25.0,24.0,33.0,25.0,32.0,24.0,30.0,38.0,31.0,24.0,28.0,32.0,23.0,42.0
23.0,28.0,28.0,27.0,21.0,27.0,28.0,22.0,32.0,19.0,16.0,27.0,23.0,28.0,24.0,26.0,14.0,37.0,20.0,31.0,19.0,22.0,21.0,31.0,27.0,25.0,25.0,32.0,29.0,33.0,18.0,22.0,27.0,20.0,16.0,22.0,20.0,26.0,23.0,20.0,27.0,20.0,21.0,21.0,24.0,27.0,25.0,35.0,15.0,27.0
28.0,21.0,21.0,22.0,16.0,21.0,28.0,18.0,16.0,16.0,18.0,22.0,21.0,29.0,31.0,24.0,18.0,22.0,22.0,18.0,25.0,24.0,27.0,20.0,21.0,19.0,23.0,27.0,24.0,13.0,32.0,22.0,18.0,18.0,22.0,14.0,26.0,19.0,27.0,22.0,25.0,14.0,21.0,17.0,13.0,18.0,25.0,22.0,21.0,27.0
38.0,37.0,35.0,29.0,33.0,31.0,24.0,35.0,32.0,25.0,29.0,30.0,34.0,38.0,40.0,40.0,35.0,33.0,26.0,37.0,36.0,31.0,38.0,34.0,36.0,29.0,28.0,31.0,22.0,31.0,31.0,27.0,29.0,27.0,28.0,39.0,32.0,28.0,24.0,18.0,31.0,33.0,32.0,37.0,36.0,31.0,34.0,34.0,29.0,37.0
21.0,20.0,27.0,42.0,30.0,24.0,37.0,31.0,37.0,30.0,31.0,33.0,32.0,38.0,33.0,40.0,32.0,36.0,38.0,41.0,26.0,41.0,31.0,37.0,32.0,43.0,38.0,22.0,41.0,32.0,38.0,21.0,37.0,35.0,37.0,38.0,29.0,30.0,34.0,39.0,37.0,36.0,35.0,33.0,36.0,50.0,50.0,29.0,32.0,33.0
35.0,34.0,37.0,37.0,35.0,36.0,21.0,33.0,48.0,47.0,43.0,24.0,35.0,37.0,35.0,32.0,39.0,25.0,34.0,32.0,29.0,35.0,47.0,32.0,33.0,36.0,40.0,36.0,31.0,31.0,48.0,40.0,38.0,46.0,32.0,31.0,33.0,36.0,31.0,28.0,34.0,30.0,39.0,28.0,29.0,35.0,39.0,40.0,38.0,41.0
40.0,34.0,34.0,31.0,37.0,40.0,33.0,34.0,27.0,31.0,41.0,38.0,37.0,37.0,35.0,44.0,28.0,38.0,36.0,40.0,23.0,31.0,40.0,33.0,30.0,28.0,30.0,28.0,31.0,29.0,30.0,43.0,43.0,25.0,29.0,40.0,36.0,38.0,38.0,32.0,33.0,28.0,22.0,38.0,40.0,42.0,33.0,39.0,39.0,39.0
