10,50,1000
19.522096,16.948452,18.834427,17.403614,18.691345,17.017742,17.009115,19.344089,17.511829,15.531982
8.65657,7.794355,7.632401,7.814995,5.197263,7.234286,5.742889,5.938912,9.510847,6.42299
0.0,10.0,20.0,30.0,40.0,50.0,60.0,70.0,80.0,90.0
10.0,0.0,10.0,20.0,30.0,40.0,50.0,60.0,70.0,80.0
20.0,10.0,0.0,10.0,20.0,30.0,40.0,50.0,60.0,70.0
30.0,20.0,10.0,0.0,10.0,20.0,30.0,40.0,50.0,60.0
40.0,30.0,20.0,10.0,0.0,10.0,20.0,30.0,40.0,50.0
50.0,40.0,30.0,20.0,10.0,0.0,10.0,20.0,30.0,40.0
60.0,50.0,40.0,30.0,20.0,10.0,0.0,10.0,20.0,30.0
70.0,60.0,50.0,40.0,30.0,20.0,10.0,0.0,10.0,20.0
80.0,70.0,60.0,50.0,40.0,30.0,20.0,10.0,0.0,10.0
90.0,80.0,70.0,60.0,50.0,40.0,30.0,20.0,10.0,0.0
450.0,400.0,350.0,300.0,250.0,250.0,300.0,350.0,400.0,450.0
0.0,1.0,2.0,3.0,4.0,5.0,6.0,7.0,8.0,9.0
1.0,0.0,1.0,2.0,3.0,4.0,5.0,6.0,7.0,8.0
2.0,1.0,0.0,1.0,2.0,3.0,4.0,5.0,6.0,7.0
3.0,2.0,1.0,0.0,1.0,2.0,3.0,4.0,5.0,6.0
4.0,3.0,2.0,1.0,0.0,1.0,2.0,3.0,4.0,5.0
5.0,4.0,3.0,2.0,1.0,0.0,1.0,2.0,3.0,4.0
6.0,5.0,4.0,3.0,2.0,1.0,0.0,1.0,2.0,3.0
7.0,6.0,5.0,4.0,3.0,2.0,1.0,0.0,1.0,2.0
8.0,7.0,6.0,5.0,4.0,3.0,2.0,1.0,0.0,1.0
9.0,8.0,7.0,6.0,5.0,4.0,3.0,2.0,1.0,0.0
45.0,40.0,35.0,30.0,25.0,25.0,30.0,35.0,40.0,45.0
33.0,31.0,24.0,28.0,39.0,31.0,29.0,35.0,42.0,36.0,36.0,31.0,30.0,27.0,39.0,27.0,33.0,34.0,20.0,32.0,39.0,18.0,32.0,32.0,19.0,37.0,40.0,36.0,33.0,34.0,29.0,34.0,31.0,27.0,30.0,28.0,37.0,27.0,33.0,36.0,33.0,29.0,29.0,31.0,29.0,38.0,48.0,29.0,37.0,34.0
23.0,18.0,25.0,31.0,40.0,24.0,35.0,39.0,33.0,24.0,27.0,28.0,39.0,36.0,32.0,45.0,28.0,36.0,33.0,35.0,26.0,28.0,33.0,32.0,32.0,38.0,24.0,34.0,24.0,43.0,35.0,24.0,32.0,39.0,26.0,27.0,29.0,25.0,28.0,26.0,29.0,35.0,35.0,38.0,43.0,26.0,19.0,29.0,37.0,24.0
17.0,26.0,18.0,29.0,33.0,38.0,24.0,30.0,36.0,33.0,35.0,23.0,28.0,22.0,27.0,29.0,35.0,31.0,30.0,33.0,37.0,37.0,32.0,22.0,31.0,34.0,24.0,30.0,32.0,29.0,18.0,30.0,38.0,34.0,36.0,32.0,35.0,20.0,22.0,30.0,47.0,24.0,39.0,38.0,47.0,30.0,25.0,25.0,29.0,33.0
27.0,34.0,40.0,37.0,31.0,40.0,33.0,25.0,32.0,38.0,20.0,27.0,33.0,24.0,40.0,25.0,30.0,35.0,32.0,36.0,31.0,28.0,31.0,30.0,25.0,31.0,28.0,41.0,26.0,31.0,22.0,35.0,32.0,26.0,30.0,27.0,31.0,40.0,27.0,30.0,32.0,24.0,26.0,28.0,35.0,29.0,32.0,37.0,30.0,32.0
20.0,27.0,27.0,35.0,23.0,14.0,20.0,16.0,23.0,20.0,19.0,21.0,18.0,24.0,24.0,24.0,18.0,21.0,20.0,18.0,28.0,14.0,18.0,17.0,26.0,21.0,21.0,20.0,26.0,22.0,23.0,24.0,23.0,27.0,18.0,21.0,21.0,29.0,19.0,20.0,23.0,19.0,17.0,21.0,21.0,22.0,30.0,21.0,21.0,31.0
29.0,23.0,23.0,23.0,23.0,25.0,33.0,32.0,31.0,28.0,28.0,32.0,26.0,26.0,35.0,36.0,26.0,25.0,22.0,30.0,28.0,31.0,24.0,28.0,20.0,23.0,19.0,33.0,31.0,34.0,37.0,20.0,28.0,33.0,26.0,31.0,29.0,30.0,36.0,25.0,30.0,34.0,28.0,34.0,25.0,21.0,28.0,33.0,27.0,30.0
20.0,14.0,34.0,23.0,21.0,18.0,21.0,27.0,22.0,22.0,21.0,32.0,26.0,18.0,24.0,23.0,18.0,33.0,26.0,17.0,30.0,21.0,20.0,16.0,26.0,18.0,23.0,19.0,23.0,30.0,22.0,25.0,20.0,29.0,26.0,21.0,29.0,20.0,20.0,23.0,25.0,24.0,19.0,24.0,21.0,28.0,19.0,23.0,20.0,26.0
15.0,22.0,24.0,22.0,24.0,17.0,28.0,15.0,38.0,18.0,24.0,15.0,21.0,18.0,18.0,17.0,24.0,30.0,19.0,20.0,24.0,22.0,28.0,22.0,25.0,19.0,24.0,19.0,25.0,23.0,29.0,19.0,34.0,30.0,16.0,15.0,31.0,26.0,32.0,22.0,21.0,24.0,27.0,20.0,19.0,16.0,28.0,28.0,25.0,28.0
38.0,34.0,34.0,31.0,34.0,24.0,39.0,37.0,38.0,30.0,34.0,39.0,32.0,42.0,50.0,38.0,37.0,38.0,42.0,34.0,42.0,27.0,37.0,30.0,36.0,37.0,41.0,39.0,34.0,29.0,34.0,40.0,21.0,30.0,39.0,51.0,32.0,29.0,33.0,32.0,37.0,32.0,48.0,40.0,40.0,31.0,31.0,35.0,27.0,28.0
16.0,26.0,20.0,22.0,28.0,26.0,26.0,19.0,34.0,22.0,23.0,29.0,32.0,35.0,31.0,26.0,26.0,28.0,23.0,26.0,29.0,26.0,21.0,19.0,16.0,30.0,29.0,24.0,26.0,21.0,25.0,32.0,25.0,34.0,19.0,22.0,37.0,21.0,30.0,11.0,17.0,28.0,23.0,26.0,23.0,19.0,34.0,23.0,21.0,32.0
