10,50,1000
17.272969,15.559183,17.275617,19.246468,17.84459,17.052873,17.535007,17.954013,18.634782,15.943268
6.298138,5.663625,6.011702,9.175568,5.21266,6.391601,8.854138,9.698678,5.766588,9.410704
0.0,10.0,20.0,30.0,40.0,50.0,60.0,70.0,80.0,90.0
10.0,0.0,10.0,20.0,30.0,40.0,50.0,60.0,70.0,80.0
20.0,10.0,0.0,10.0,20.0,30.0,40.0,50.0,60.0,70.0
30.0,20.0,10.0,0.0,10.0,20.0,30.0,40.0,50.0,60.0
40.0,30.0,20.0,10.0,0.0,10.0,20.0,30.0,40.0,50.0
50.0,40.0,30.0,20.0,10.0,0.0,10.0,20.0,30.0,40.0
60.0,50.0,40.0,30.0,20.0,10.0,0.0,10.0,20.0,30.0
70.0,60.0,50.0,40.0,30.0,20.0,10.0,0.0,10.0,20.0
80.0,70.0,60.0,50.0,40.0,30.0,20.0,10.0,0.0,10.0
90.0,80.0,70.0,60.0,50.0,40.0,30.0,20.0,10.0,0.0
450.0,400.0,350.0,300.0,250.0,250.0,300.0,350.0,400.0,450.0
0.0,1.0,2.0,3.0,4.0,5.0,6.0,7.0,8.0,9.0
1.0,0.0,1.0,2.0,3.0,4.0,5.0,6.0,7.0,8.0
2.0,1.0,0.0,1.0,2.0,3.0,4.0,5.0,6.0,7.0
3.0,2.0,1.0,0.0,1.0,2.0,3.0,4.0,5.0,6.0
4.0,3.0,2.0,1.0,0.0,1.0,2.0,3.0,4.0,5.0
5.0,4.0,3.0,2.0,1.0,0.0,1.0,2.0,3.0,4.0
6.0,5.0,4.0,3.0,2.0,1.0,0.0,1.0,2.0,3.0
7.0,6.0,5.0,4.0,3.0,2.0,1.0,0.0,1.0,2.0
8.0,7.0,6.0,5.0,4.0,3.0,2.0,1.0,0.0,1.0
9.0,8.0,7.0,6.0,5.0,4.0,3.0,2.0,1.0,0.0
45.0,40.0,35.0,30.0,25.0,25.0,30.0,35.0,40.0,45.0
30.0,25.0,25.0,45.0,30.0,18.0,23.0,21.0,17.0,34.0,17.0,21.0,28.0,25.0,23.0,20.0,28.0,20.0,25.0,32.0,24.0,27.0,37.0,27.0,26.0,26.0,26.0,23.0,17.0,25.0,13.0,27.0,31.0,29.0,22.0,21.0,19.0,23.0,28.0,18.0,24.0,20.0,18.0,24.0,27.0,28.0,20.0,26.0,35.0,17.0
15.0,27.0,24.0,25.0,28.0,22.0,22.0,24.0,21.0,20.0,26.0,18.0,21.0,18.0,11.0,19.0,27.0,19.0,27.0,29.0,29.0,24.0,15.0,32.0,23.0,27.0,24.0,21.0,33.0,27.0,16.0,26.0,26.0,27.0,25.0,19.0,19.0,26.0,37.0,25.0,23.0,23.0,25.0,12.0,20.0,18.0,28.0,17.0,23.0,20.0
19.0,22.0,27.0,23.0,18.0,25.0,19.0,22.0,30.0,16.0,24.0,25.0,16.0,28.0,35.0,27.0,22.0,22.0,21.0,24.0,24.0,21.0,27.0,25.0,28.0,31.0,30.0,28.0,17.0,23.0,21.0,23.0,30.0,27.0,25.0,31.0,23.0,28.0,35.0,23.0,29.0,23.0,27.0,17.0,20.0,28.0,28.0,15.0,23.0,24.0
32.0,32.0,35.0,40.0,42.0,28.0,37.0,28.0,36.0,44.0,37.0,39.0,25.0,33.0,36.0,41.0,47.0,32.0,57.0,39.0,47.0,35.0,38.0,26.0,29.0,40.0,42.0,30.0,33.0,38.0,34.0,34.0,39.0,28.0,31.0,38.0,36.0,41.0,34.0,47.0,46.0,33.0,47.0,40.0,35.0,31.0,46.0,27.0,48.0,42.0
22.0,19.0,17.0,24.0,22.0,24.0,25.0,21.0,25.0,18.0,15.0,19.0,28.0,24.0,27.0,27.0,21.0,26.0,13.0,23.0,25.0,19.0,18.0,22.0,22.0,20.0,15.0,23.0,29.0,30.0,26.0,29.0,25.0,19.0,21.0,22.0,30.0,21.0,29.0,19.0,20.0,21.0,20.0,19.0,38.0,25.0,15.0,24.0,20.0,17.0
24.0,21.0,23.0,26.0,30.0,25.0,23.0,24.0,26.0,27.0,32.0,21.0,31.0,18.0,35.0,30.0,24.0,17.0,20.0,24.0,20.0,22.0,25.0,25.0,28.0,25.0,23.0,24.0,20.0,30.0,22.0,26.0,33.0,23.0,17.0,20.0,21.0,24.0,24.0,16.0,20.0,27.0,25.0,22.0,20.0,24.0,17.0,25.0,20.0,18.0
35.0,42.0,33.0,34.0,33.0,26.0,22.0,34.0,33.0,26.0,29.0,41.0,34.0,33.0,24.0,39.0,32.0,30.0,29.0,36.0,28.0,30.0,34.0,40.0,35.0,38.0,25.0,25.0,40.0,29.0,37.0,42.0,30.0,39.0,42.0,42.0,28.0,31.0,34.0,45.0,30.0,26.0,31.0,30.0,39.0,32.0,27.0,33.0,32.0,25.0
36.0,35.0,34.0,41.0,36.0,34.0,38.0,33.0,29.0,32.0,25.0,32.0,35.0,41.0,33.0,33.0,33.0,30.0,34.0,32.0,37.0,35.0,29.0,38.0,34.0,32.0,38.0,37.0,31.0,47.0,24.0,42.0,33.0,38.0,42.0,35.0,29.0,39.0,40.0,48.0,26.0,35.0,35.0,38.0,26.0,34.0,43.0,30.0,33.0,42.0
28.0,27.0,27.0,21.0,24.0,35.0,22.0,18.0,25.0,23.0,30.0,22.0,20.0,31.0,28.0,14.0,28.0,27.0,31.0,21.0,28.0,17.0,17.0,29.0,28.0,24.0,21.0,23.0,25.0,30.0,25.0,18.0,23.0,31.0,26.0,18.0,32.0,20.0,31.0,21.0,31.0,31.0,30.0,30.0,20.0,28.0,28.0,28.0,22.0,22.0
34.0,28.0,36.0,24.0,34.0,29.0,25.0,27.0,36.0,32.0,43.0,38.0,38.0,37.0,33.0,22.0,24.0,26.0,28.0,34.0,35.0,32.0,42.0,37.0,40.0,32.0,39.0,37.0,31.0,41.0,38.0,37.0,35.0,26.0,36.0,31.0,28.0,35.0,38.0,32.0,39.0,31.0,35.0,32.0,30.0,33.0,39.0,29.0,35.0,28.0
