10,50,1000
17.265955,15.235523,19.262081,19.179071,19.018375,16.417201,17.995331,18.547052,18.295893,15.267272
9.415057,8.169895,5.324665,5.989907,8.119321,7.296374,7.213557,6.81544,6.24003,7.30019
0.0,10.0,20.0,30.0,40.0,50.0,60.0,70.0,80.0,90.0
10.0,0.0,10.0,20.0,30.0,40.0,50.0,60.0,70.0,80.0
20.0,10.0,0.0,10.0,20.0,30.0,40.0,50.0,60.0,70.0
30.0,20.0,10.0,0.0,10.0,20.0,30.0,40.0,50.0,60.0
40.0,30.0,20.0,10.0,0.0,10.0,20.0,30.0,40.0,50.0
50.0,40.0,30.0,20.0,10.0,0.0,10.0,20.0,30.0,40.0
60.0,50.0,40.0,30.0,20.0,10.0,0.0,10.0,20.0,30.0
70.0,60.0,50.0,40.0,30.0,20.0,10.0,0.0,10.0,20.0
80.0,70.0,60.0,50.0,40.0,30.0,20.0,10.0,0.0,10.0
90.0,80.0,70.0,60.0,50.0,40.0,30.0,20.0,10.0,0.0
450.0,400.0,350.0,300.0,250.0,250.0,300.0,350.0,400.0,450.0
0.0,1.0,2.0,3.0,4.0,5.0,6.0,7.0,8.0,9.0
1.0,0.0,1.0,2.0,3.0,4.0,5.0,6.0,7.0,8.0
2.0,1.0,0.0,1.0,2.0,3.0,4.0,5.0,6.0,7.0
3.0,2.0,1.0,0.0,1.0,2.0,3.0,4.0,5.0,6.0
4.0,3.0,2.0,1.0,0.0,1.0,2.0,3.0,4.0,5.0
5.0,4.0,3.0,2.0,1.0,0.0,1.0,2.0,3.0,4.0
6.0,5.0,4.0,3.0,2.0,1.0,0.0,1.0,2.0,3.0
7.0,6.0,5.0,4.0,3.0,2.0,1.0,0.0,1.0,2.0
8.0,7.0,6.0,5.0,4.0,3.0,2.0,1.0,0.0,1.0
9.0,8.0,7.0,6.0,5.0,4.0,3.0,2.0,1.0,0.0
45.0,40.0,35.0,30.0,25.0,25.0,30.0,35.0,40.0,45.0
31.0,39.0,36.0,28.0,38.0,35.0,27.0,34.0,33.0,36.0,36.0,26.0,31.0,43.0,32.0,30.0,41.0,38.0,30.0,36.0,28.0,31.0,40.0,54.0,34.0,38.0,26.0,42.0,30.0,27.0,30.0,31.0,41.0,34.0,28.0,34.0,34.0,36.0,27.0,41.0,26.0,33.0,26.0,41.0,37.0,30.0,29.0,23.0,41.0,42.0
29.0,30.0,39.0,28.0,23.0,30.0,32.0,38.0,20.0,28.0,23.0,32.0,34.0,32.0,39.0,24.0,41.0,31.0,24.0,33.0,27.0,33.0,36.0,30.0,32.0,28.0,31.0,26.0,25.0,27.0,43.0,29.0,26.0,24.0,34.0,37.0,31.0,37.0,36.0,25.0,31.0,26.0,28.0,28.0,26.0,36.0,36.0,32.0,29.0,35.0
19.0,16.0,19.0,29.0,25.0,25.0,24.0,20.0,21.0,15.0,23.0,15.0,23.0,22.0,14.0,24.0,19.0,31.0,22.0,23.0,28.0,26.0,26.0,28.0,30.0,27.0,19.0,19.0,28.0,21.0,20.0,25.0,22.0,24.0,22.0,22.0,16.0,18.0,19.0,20.0,20.0,22.0,14.0,18.0,21.0,33.0,21.0,21.0,22.0,23.0
22.0,24.0,35.0,18.0,20.0,19.0,21.0,25.0,39.0,29.0,28.0,31.0,36.0,21.0,21.0,25.0,19.0,25.0,28.0,23.0,21.0,25.0,16.0,24.0,29.0,35.0,15.0,19.0,23.0,27.0,22.0,19.0,32.0,25.0,29.0,21.0,26.0,17.0,26.0,28.0,30.0,28.0,26.0,15.0,30.0,26.0,19.0,22.0,32.0,27.0
29.0,34.0,32.0,39.0,19.0,21.0,40.0,32.0,38.0,24.0,26.0,36.0,30.0,31.0,39.0,42.0,18.0,32.0,33.0,29.0,26.0,34.0,24.0,35.0,21.0,37.0,34.0,37.0,27.0,32.0,40.0,33.0,32.0,34.0,21.0,33.0,31.0,33.0,31.0,27.0,30.0,27.0,43.0,36.0,36.0,31.0,31.0,27.0,27.0,31.0
20.0,29.0,29.0,28.0,23.0,28.0,29.0,27.0,30.0,27.0,29.0,25.0,24.0,30.0,29.0,28.0,29.0,37.0,32.0,17.0,31.0,34.0,22.0,31.0,22.0,20.0,29.0,22.0,30.0,26.0,25.0,34.0,24.0,35.0,23.0,28.0,28.0,19.0,36.0,17.0,28.0,29.0,32.0,21.0,37.0,33.0,27.0,29.0,31.0,28.0
25.0,30.0,18.0,18.0,34.0,33.0,31.0,33.0,29.0,21.0,28.0,32.0,27.0,31.0,31.0,36.0,26.0,35.0,23.0,16.0,30.0,20.0,28.0,31.0,17.0,17.0,23.0,25.0,27.0,27.0,37.0,37.0,32.0,27.0,21.0,34.0,31.0,34.0,36.0,30.0,27.0,33.0,34.0,31.0,24.0,34.0,35.0,20.0,35.0,32.0
30.0,30.0,29.0,27.0,35.0,26.0,39.0,24.0,30.0,27.0,17.0,34.0,25.0,25.0,29.0,17.0,20.0,29.0,24.0,23.0,38.0,17.0,28.0,21.0,26.0,22.0,22.0,31.0,29.0,41.0,16.0,25.0,33.0,31.0,24.0,33.0,26.0,30.0,19.0,30.0,29.0,24.0,30.0,25.0,32.0,27.0,28.0,20.0,25.0,23.0
25.0,28.0,23.0,14.0,24.0,18.0,25.0,22.0,31.0,21.0,28.0,25.0,30.0,21.0,28.0,28.0,19.0,25.0,25.0,28.0,37.0,28.0,26.0,16.0,24.0,18.0,29.0,23.0,32.0,25.0,23.0,24.0,23.0,21.0,27.0,21.0,25.0,21.0,26.0,26.0,15.0,23.0,21.0,25.0,19.0,31.0,30.0,24.0,31.0,23.0
28.0,29.0,20.0,25.0,15.0,32.0,21.0,14.0,24.0,21.0,21.0,32.0,22.0,22.0,27.0,21.0,23.0,30.0,31.0,20.0,30.0,28.0,26.0,31.0,31.0,25.0,26.0,36.0,23.0,25.0,20.0,33.0,28.0,25.0,30.0,29.0,26.0,31.0,24.0,21.0,33.0,34.0,32.0,24.0,20.0,18.0,26.0,19.0,23.0,32.0
