10,50,1000
15.744738,16.310761,16.416996,17.077392,16.065635,15.458501,16.790961,16.237315,18.189518,16.874546
5.977074,7.850935,9.321975,5.769979,6.383566,9.20413,9.793792,5.903424,5.555008,8.300973
0.0,10.0,20.0,30.0,40.0,50.0,60.0,70.0,80.0,90.0
10.0,0.0,10.0,20.0,30.0,40.0,50.0,60.0,70.0,80.0
20.0,10.0,0.0,10.0,20.0,30.0,40.0,50.0,60.0,70.0
30.0,20.0,10.0,0.0,10.0,20.0,30.0,40.0,50.0,60.0
40.0,30.0,20.0,10.0,0.0,10.0,20.0,30.0,40.0,50.0
50.0,40.0,30.0,20.0,10.0,0.0,10.0,20.0,30.0,40.0
60.0,50.0,40.0,30.0,20.0,10.0,0.0,10.0,20.0,30.0
70.0,60.0,50.0,40.0,30.0,20.0,10.0,0.0,10.0,20.0
80.0,70.0,60.0,50.0,40.0,30.0,20.0,10.0,0.0,10.0
90.0,80.0,70.0,60.0,50.0,40.0,30.0,20.0,10.0,0.0
450.0,400.0,350.0,300.0,250.0,250.0,300.0,350.0,400.0,450.0
0.0,1.0,2.0,3.0,4.0,5.0,6.0,7.0,8.0,9.0
1.0,0.0,1.0,2.0,3.0,4.0,5.0,6.0,7.0,8.0
2.0,1.0,0.0,1.0,2.0,3.0,4.0,5.0,6.0,7.0
3.0,2.0,1.0,0.0,1.0,2.0,3.0,4.0,5.0,6.0
4.0,3.0,2.0,1.0,0.0,1.0,2.0,3.0,4.0,5.0
5.0,4.0,3.0,2.0,1.0,0.0,1.0,2.0,3.0,4.0
6.0,5.0,4.0,3.0,2.0,1.0,0.0,1.0,2.0,3.0
7.0,6.0,5.0,4.0,3.0,2.0,1.0,0.0,1.0,2.0
8.0,7.0,6.0,5.0,4.0,3.0,2.0,1.0,0.0,1.0
9.0,8.0,7.0,6.0,5.0,4.0,3.0,2.0,1.0,0.0
45.0,40.0,35.0,30.0,25.0,25.0,30.0,35.0,40.0,45.0
28.0,22.0,17.0,18.0,19.0,28.0,15.0,25.0,23.0,23.0,17.0,26.0,19.0,11.0,20.0,21.0,27.0,22.0,28.0,18.0,27.0,25.0,22.0,29.0,23.0,25.0,21.0,22.0,22.0,24.0,19.0,34.0,22.0,15.0,28.0,28.0,27.0,26.0,18.0,21.0,21.0,25.0,31.0,22.0,28.0,27.0,25.0,28.0,26.0,25.0
28.0,29.0,41.0,39.0,23.0,26.0,34.0,33.0,27.0,26.0,35.0,28.0,20.0,25.0,28.0,37.0,27.0,30.0,23.0,32.0,26.0,30.0,45.0,19.0,31.0,31.0,24.0,31.0,31.0,38.0,20.0,23.0,31.0,25.0,23.0,32.0,29.0,45.0,22.0,29.0,36.0,38.0,26.0,33.0,30.0,23.0,29.0,23.0,24.0,15.0
33.0,33.0,52.0,31.0,35.0,39.0,39.0,40.0,34.0,35.0,40.0,27.0,34.0,36.0,34.0,26.0,27.0,34.0,32.0,37.0,29.0,42.0,27.0,28.0,26.0,32.0,22.0,35.0,37.0,37.0,43.0,39.0,28.0,32.0,33.0,37.0,38.0,31.0,36.0,34.0,42.0,48.0,41.0,46.0,35.0,24.0,36.0,40.0,36.0,30.0
28.0,22.0,30.0,33.0,18.0,28.0,24.0,22.0,15.0,11.0,30.0,37.0,19.0,23.0,25.0,12.0,17.0,27.0,19.0,20.0,23.0,25.0,23.0,20.0,25.0,34.0,40.0,21.0,24.0,26.0,30.0,19.0,25.0,20.0,18.0,16.0,25.0,19.0,33.0,19.0,28.0,22.0,20.0,25.0,28.0,25.0,28.0,29.0,18.0,29.0
21.0,25.0,22.0,32.0,21.0,21.0,22.0,28.0,27.0,25.0,21.0,35.0,17.0,19.0,30.0,28.0,24.0,23.0,27.0,31.0,25.0,29.0,20.0,28.0,37.0,18.0,26.0,21.0,20.0,38.0,32.0,29.0,31.0,19.0,27.0,19.0,35.0,22.0,20.0,28.0,28.0,12.0,30.0,24.0,21.0,29.0,26.0,35.0,22.0,28.0
38.0,29.0,25.0,25.0,31.0,36.0,24.0,31.0,30.0,34.0,46.0,23.0,31.0,26.0,30.0,37.0,33.0,25.0,27.0,30.0,35.0,32.0,37.0,25.0,30.0,29.0,27.0,32.0,40.0,40.0,43.0,41.0,38.0,43.0,23.0,27.0,45.0,40.0,32.0,35.0,43.0,32.0,39.0,27.0,38.0,42.0,25.0,37.0,27.0,35.0
39.0,46.0,36.0,33.0,30.0,36.0,34.0,39.0,45.0,36.0,34.0,39.0,29.0,33.0,49.0,33.0,41.0,34.0,51.0,29.0,34.0,32.0,25.0,35.0,31.0,43.0,41.0,34.0,37.0,40.0,37.0,39.0,34.0,39.0,34.0,48.0,38.0,40.0,38.0,28.0,37.0,29.0,35.0,30.0,33.0,38.0,40.0,45.0,43.0,33.0
28.0,18.0,19.0,15.0,20.0,27.0,23.0,22.0,13.0,23.0,17.0,29.0,18.0,21.0,36.0,24.0,17.0,22.0,28.0,27.0,16.0,31.0,14.0,25.0,17.0,25.0,20.0,20.0,24.0,20.0,27.0,18.0,19.0,23.0,22.0,21.0,21.0,22.0,26.0,19.0,23.0,25.0,21.0,20.0,14.0,21.0,28.0,20.0,30.0,31.0
24.0,28.0,28.0,29.0,17.0,30.0,28.0,18.0,13.0,24.0,22.0,23.0,22.0,17.0,18.0,28.0,27.0,25.0,22.0,18.0,25.0,27.0,31.0,19.0,39.0,25.0,19.0,26.0,29.0,30.0,26.0,25.0,24.0,27.0,16.0,28.0,19.0,30.0,25.0,17.0,22.0,23.0,22.0,18.0,24.0,26.0,23.0,31.0,21.0,25.0
32.0,29.0,31.0,30.0,32.0,23.0,29.0,33.0,33.0,33.0,29.0,20.0,38.0,30.0,29.0,28.0,28.0,25.0,31.0,37.0,34.0,27.0,33.0,25.0,27.0,26.0,32.0,28.0,36.0,38.0,22.0,29.0,29.0,32.0,23.0,22.0,31.0,27.0,31.0,35.0,35.0,31.0,27.0,38.0,40.0,38.0,28.0,41.0,30.0,39.0
