10,50,1000
16.530736,17.371335,17.416479,15.946282,18.307763,17.030948,16.496646,17.139991,16.50377,18.104415
5.642849,5.928126,6.220214,8.739446,6.3043,6.201592,8.837254,9.228796,5.698291,5.155258
0.0,10.0,20.0,30.0,40.0,50.0,60.0,70.0,80.0,90.0
10.0,0.0,10.0,20.0,30.0,40.0,50.0,60.0,70.0,80.0
20.0,10.0,0.0,10.0,20.0,30.0,40.0,50.0,60.0,70.0
30.0,20.0,10.0,0.0,10.0,20.0,30.0,40.0,50.0,60.0
40.0,30.0,20.0,10.0,0.0,10.0,20.0,30.0,40.0,50.0
50.0,40.0,30.0,20.0,10.0,0.0,10.0,20.0,30.0,40.0
60.0,50.0,40.0,30.0,20.0,10.0,0.0,10.0,20.0,30.0
70.0,60.0,50.0,40.0,30.0,20.0,10.0,0.0,10.0,20.0
80.0,70.0,60.0,50.0,40.0,30.0,20.0,10.0,0.0,10.0
90.0,80.0,70.0,60.0,50.0,40.0,30.0,20.0,10.0,0.0
450.0,400.0,350.0,300.0,250.0,250.0,300.0,350.0,400.0,450.0
0.0,1.0,2.0,3.0,4.0,5.0,6.0,7.0,8.0,9.0
1.0,0.0,1.0,2.0,3.0,4.0,5.0,6.0,7.0,8.0
2.0,1.0,0.0,1.0,2.0,3.0,4.0,5.0,6.0,7.0
3.0,2.0,1.0,0.0,1.0,2.0,3.0,4.0,5.0,6.0
4.0,3.0,2.0,1.0,0.0,1.0,2.0,3.0,4.0,5.0
5.0,4.0,3.0,2.0,1.0,0.0,1.0,2.0,3.0,4.0
6.0,5.0,4.0,3.0,2.0,1.0,0.0,1.0,2.0,3.0
7.0,6.0,5.0,4.0,3.0,2.0,1.0,0.0,1.0,2.0
8.0,7.0,6.0,5.0,4.0,3.0,2.0,1.0,0.0,1.0
9.0,8.0,7.0,6.0,5.0,4.0,3.0,2.0,1.0,0.0
45.0,40.0,35.0,30.0,25.0,25.0,30.0,35.0,40.0,45.0
23.0,27.0,18.0,24.0,28.0,18.0,30.0,26.0,17.0,21.0,25.0,23.0,21.0,21.0,28.0,30.0,23.0,27.0,18.0,18.0,23.0,12.0,22.0,21.0,22.0,15.0,26.0,14.0,26.0,19.0,24.0,22.0,25.0,26.0,19.0,20.0,20.0,16.0,28.0,24.0,21.0,17.0,16.0,22.0,25.0,23.0,24.0,19.0,23.0,26.0
27.0,24.0,27.0,20.0,20.0,34.0,34.0,20.0,28.0,25.0,27.0,22.0,19.0,21.0,30.0,22.0,33.0,25.0,25.0,25.0,21.0,24.0,23.0,33.0,23.0,26.0,29.0,26.0,25.0,29.0,36.0,22.0,23.0,30.0,25.0,21.0,14.0,26.0,29.0,22.0,26.0,35.0,29.0,23.0,29.0,19.0,20.0,22.0,34.0,24.0
36.0,41.0,24.0,21.0,28.0,12.0,17.0,23.0,28.0,21.0,26.0,28.0,27.0,29.0,24.0,32.0,26.0,29.0,23.0,24.0,22.0,25.0,26.0,22.0,24.0,25.0,18.0,16.0,21.0,30.0,30.0,28.0,23.0,22.0,26.0,18.0,26.0,22.0,29.0,20.0,25.0,38.0,28.0,25.0,25.0,18.0,31.0,16.0,26.0,31.0
32.0,38.0,36.0,35.0,25.0,32.0,27.0,38.0,37.0,23.0,27.0,38.0,34.0,33.0,35.0,26.0,27.0,37.0,33.0,31.0,36.0,32.0,40.0,36.0,43.0,37.0,32.0,31.0,35.0,23.0,21.0,21.0,29.0,39.0,33.0,40.0,33.0,43.0,24.0,30.0,26.0,26.0,33.0,30.0,28.0,47.0,27.0,32.0,32.0,33.0
22.0,17.0,29.0,18.0,26.0,32.0,27.0,35.0,19.0,28.0,32.0,25.0,25.0,28.0,20.0,24.0,28.0,23.0,19.0,20.0,22.0,27.0,30.0,32.0,26.0,28.0,26.0,26.0,30.0,17.0,24.0,30.0,29.0,29.0,19.0,33.0,22.0,20.0,31.0,31.0,26.0,19.0,25.0,21.0,30.0,24.0,18.0,26.0,19.0,26.0
22.0,23.0,19.0,28.0,28.0,25.0,26.0,23.0,16.0,27.0,17.0,15.0,23.0,28.0,25.0,20.0,19.0,24.0,32.0,21.0,24.0,21.0,27.0,30.0,24.0,22.0,19.0,32.0,41.0,22.0,23.0,24.0,27.0,23.0,20.0,27.0,20.0,27.0,20.0,27.0,17.0,18.0,24.0,28.0,21.0,22.0,27.0,25.0,20.0,21.0
33.0,32.0,26.0,25.0,30.0,45.0,34.0,31.0,44.0,33.0,29.0,30.0,42.0,34.0,31.0,36.0,27.0,25.0,37.0,37.0,37.0,30.0,38.0,38.0,42.0,47.0,25.0,20.0,40.0,38.0,25.0,26.0,32.0,28.0,35.0,37.0,23.0,23.0,37.0,34.0,34.0,31.0,30.0,34.0,31.0,37.0,26.0,27.0,46.0,44.0
45.0,28.0,34.0,36.0,28.0,40.0,34.0,28.0,28.0,37.0,40.0,29.0,32.0,52.0,27.0,38.0,40.0,38.0,34.0,30.0,25.0,35.0,28.0,40.0,35.0,38.0,26.0,23.0,43.0,29.0,34.0,34.0,34.0,33.0,40.0,32.0,30.0,31.0,33.0,34.0,37.0,31.0,35.0,36.0,34.0,40.0,45.0,28.0,42.0,34.0
18.0,23.0,21.0,27.0,25.0,33.0,20.0,34.0,23.0,18.0,14.0,34.0,25.0,24.0,31.0,30.0,21.0,18.0,20.0,21.0,21.0,18.0,24.0,16.0,24.0,26.0,20.0,21.0,23.0,21.0,17.0,15.0,21.0,16.0,30.0,27.0,32.0,28.0,18.0,27.0,25.0,25.0,16.0,22.0,26.0,28.0,32.0,28.0,18.0,12.0
29.0,16.0,26.0,15.0,19.0,26.0,22.0,23.0,20.0,12.0,23.0,36.0,24.0,20.0,23.0,16.0,18.0,23.0,19.0,33.0,16.0,20.0,20.0,22.0,30.0,21.0,20.0,21.0,23.0,18.0,24.0,26.0,19.0,27.0,22.0,17.0,31.0,16.0,17.0,18.0,23.0,27.0,20.0,25.0,21.0,21.0,25.0,20.0,18.0,22.0
