10,50,1000
15.15814,17.263114,19.954787,18.226652,19.84192,16.760448,16.5851,17.534876,17.845053,15.098185
9.999195,9.405567,8.399076,5.47577,9.898211,7.747633,5.815456,9.346138,7.331811,9.140436
0.0,10.0,20.0,30.0,40.0,50.0,60.0,70.0,80.0,90.0
10.0,0.0,10.0,20.0,30.0,40.0,50.0,60.0,70.0,80.0
20.0,10.0,0.0,10.0,20.0,30.0,40.0,50.0,60.0,70.0
30.0,20.0,10.0,0.0,10.0,20.0,30.0,40.0,50.0,60.0
40.0,30.0,20.0,10.0,0.0,10.0,20.0,30.0,40.0,50.0
50.0,40.0,30.0,20.0,10.0,0.0,10.0,20.0,30.0,40.0
60.0,50.0,40.0,30.0,20.0,10.0,0.0,10.0,20.0,30.0
70.0,60.0,50.0,40.0,30.0,20.0,10.0,0.0,10.0,20.0
80.0,70.0,60.0,50.0,40.0,30.0,20.0,10.0,0.0,10.0
90.0,80.0,70.0,60.0,50.0,40.0,30.0,20.0,10.0,0.0
450.0,400.0,350.0,300.0,250.0,250.0,300.0,350.0,400.0,450.0
0.0,1.0,2.0,3.0,4.0,5.0,6.0,7.0,8.0,9.0
1.0,0.0,1.0,2.0,3.0,4.0,5.0,6.0,7.0,8.0
2.0,1.0,0.0,1.0,2.0,3.0,4.0,5.0,6.0,7.0
3.0,2.0,1.0,0.0,1.0,2.0,3.0,4.0,5.0,6.0
4.0,3.0,2.0,1.0,0.0,1.0,2.0,3.0,4.0,5.0
5.0,4.0,3.0,2.0,1.0,0.0,1.0,2.0,3.0,4.0
6.0,5.0,4.0,3.0,2.0,1.0,0.0,1.0,2.0,3.0
7.0,6.0,5.0,4.0,3.0,2.0,1.0,0.0,1.0,2.0
8.0,7.0,6.0,5.0,4.0,3.0,2.0,1.0,0.0,1.0
9.0,8.0,7.0,6.0,5.0,4.0,3.0,2.0,1.0,0.0
45.0,40.0,35.0,30.0,25.0,25.0,30.0,35.0,40.0,45.0
44.0,41.0,38.0,18.0,34.0,34.0,35.0,41.0,31.0,30.0,48.0,28.0,41.0,35.0,41.0,30.0,41.0,34.0,27.0,30.0,40.0,35.0,26.0,28.0,40.0,42.0,41.0,40.0,42.0,29.0,51.0,28.0,31.0,31.0,35.0,32.0,35.0,44.0,38.0,35.0,39.0,27.0,24.0,48.0,43.0,44.0,24.0,29.0,47.0,33.0
40.0,32.0,27.0,28.0,27.0,33.0,34.0,38.0,36.0,42.0,37.0,35.0,44.0,23.0,35.0,36.0,37.0,26.0,35.0,36.0,37.0,30.0,33.0,41.0,27.0,36.0,46.0,35.0,29.0,34.0,29.0,33.0,39.0,33.0,36.0,31.0,44.0,37.0,36.0,28.0,33.0,43.0,39.0,34.0,36.0,29.0,29.0,36.0,27.0,32.0
32.0,30.0,32.0,33.0,38.0,37.0,32.0,30.0,27.0,38.0,32.0,29.0,52.0,32.0,27.0,36.0,22.0,20.0,42.0,26.0,30.0,33.0,40.0,33.0,30.0,33.0,24.0,39.0,34.0,31.0,24.0,31.0,29.0,38.0,34.0,40.0,29.0,29.0,40.0,27.0,28.0,33.0,30.0,42.0,49.0,25.0,38.0,33.0,27.0,35.0
14.0,28.0,24.0,16.0,20.0,17.0,14.0,35.0,22.0,16.0,23.0,21.0,26.0,14.0,25.0,25.0,24.0,33.0,22.0,25.0,33.0,20.0,21.0,20.0,23.0,30.0,19.0,15.0,26.0,27.0,24.0,19.0,25.0,22.0,32.0,20.0,16.0,15.0,26.0,22.0,17.0,24.0,24.0,32.0,14.0,27.0,20.0,20.0,17.0,26.0
36.0,34.0,39.0,35.0,41.0,41.0,39.0,38.0,34.0,38.0,32.0,33.0,30.0,41.0,37.0,44.0,42.0,34.0,33.0,36.0,38.0,34.0,29.0,40.0,35.0,36.0,31.0,33.0,40.0,38.0,33.0,41.0,47.0,28.0,31.0,42.0,39.0,38.0,34.0,34.0,37.0,35.0,38.0,31.0,33.0,36.0,46.0,52.0,38.0,44.0
28.0,35.0,37.0,31.0,28.0,38.0,35.0,27.0,30.0,23.0,31.0,26.0,48.0,21.0,27.0,30.0,39.0,25.0,41.0,27.0,31.0,34.0,31.0,25.0,34.0,19.0,27.0,40.0,24.0,25.0,29.0,36.0,22.0,22.0,25.0,29.0,31.0,31.0,31.0,32.0,37.0,24.0,22.0,28.0,37.0,23.0,24.0,27.0,31.0,29.0
22.0,15.0,29.0,27.0,22.0,21.0,31.0,18.0,26.0,26.0,22.0,19.0,21.0,29.0,21.0,22.0,23.0,26.0,20.0,21.0,17.0,23.0,22.0,25.0,26.0,22.0,23.0,26.0,29.0,20.0,24.0,23.0,19.0,25.0,26.0,17.0,19.0,22.0,24.0,29.0,25.0,21.0,21.0,19.0,20.0,22.0,19.0,26.0,22.0,20.0
26.0,28.0,36.0,36.0,38.0,35.0,35.0,47.0,34.0,38.0,42.0,34.0,44.0,34.0,40.0,40.0,27.0,32.0,39.0,33.0,32.0,32.0,29.0,25.0,40.0,42.0,32.0,26.0,31.0,38.0,30.0,32.0,29.0,34.0,38.0,42.0,26.0,35.0,34.0,43.0,41.0,27.0,29.0,32.0,40.0,44.0,44.0,31.0,28.0,27.0
23.0,32.0,35.0,33.0,38.0,26.0,18.0,29.0,24.0,25.0,31.0,42.0,29.0,26.0,41.0,27.0,31.0,33.0,36.0,28.0,26.0,41.0,27.0,31.0,18.0,30.0,29.0,26.0,31.0,25.0,27.0,26.0,32.0,35.0,25.0,27.0,36.0,39.0,34.0,31.0,29.0,22.0,29.0,24.0,36.0,29.0,37.0,41.0,23.0,29.0
43.0,36.0,31.0,41.0,35.0,34.0,28.0,37.0,30.0,26.0,30.0,36.0,38.0,30.0,31.0,35.0,33.0,40.0,42.0,40.0,33.0,28.0,30.0,30.0,34.0,27.0,35.0,27.0,31.0,32.0,32.0,30.0,27.0,38.0,32.0,26.0,40.0,34.0,28.0,34.0,35.0,33.0,30.0,31.0,33.0,26.0,27.0,34.0,38.0,36.0
