10,50,1000
17.724329,15.934939,19.328232,17.920778,19.079057,19.063087,19.609741,15.09849,17.085782,15.903268
8.713773,6.68611,5.853557,5.995677,5.388725,9.924661,5.636482,9.723673,7.257383,5.272791
0.0,10.0,20.0,30.0,40.0,50.0,60.0,70.0,80.0,90.0
10.0,0.0,10.0,20.0,30.0,40.0,50.0,60.0,70.0,80.0
20.0,10.0,0.0,10.0,20.0,30.0,40.0,50.0,60.0,70.0
30.0,20.0,10.0,0.0,10.0,20.0,30.0,40.0,50.0,60.0
40.0,30.0,20.0,10.0,0.0,10.0,20.0,30.0,40.0,50.0
50.0,40.0,30.0,20.0,10.0,0.0,10.0,20.0,30.0,40.0
60.0,50.0,40.0,30.0,20.0,10.0,0.0,10.0,20.0,30.0
70.0,60.0,50.0,40.0,30.0,20.0,10.0,0.0,10.0,20.0
80.0,70.0,60.0,50.0,40.0,30.0,20.0,10.0,0.0,10.0
90.0,80.0,70.0,60.0,50.0,40.0,30.0,20.0,10.0,0.0
450.0,400.0,350.0,300.0,250.0,250.0,300.0,350.0,400.0,450.0
0.0,1.0,2.0,3.0,4.0,5.0,6.0,7.0,8.0,9.0
1.0,0.0,1.0,2.0,3.0,4.0,5.0,6.0,7.0,8.0
2.0,1.0,0.0,1.0,2.0,3.0,4.0,5.0,6.0,7.0
3.0,2.0,1.0,0.0,1.0,2.0,3.0,4.0,5.0,6.0
4.0,3.0,2.0,1.0,0.0,1.0,2.0,3.0,4.0,5.0
5.0,4.0,3.0,2.0,1.0,0.0,1.0,2.0,3.0,4.0
6.0,5.0,4.0,3.0,2.0,1.0,0.0,1.0,2.0,3.0
7.0,6.0,5.0,4.0,3.0,2.0,1.0,0.0,1.0,2.0
8.0,7.0,6.0,5.0,4.0,3.0,2.0,1.0,0.0,1.0
9.0,8.0,7.0,6.0,5.0,4.0,3.0,2.0,1.0,0.0
45.0,40.0,35.0,30.0,25.0,25.0,30.0,35.0,40.0,45.0
28.0,35.0,28.0,25.0,36.0,43.0,40.0,28.0,28.0,39.0,41.0,28.0,31.0,33.0,30.0,33.0,25.0,39.0,42.0,28.0,34.0,37.0,30.0,28.0,28.0,37.0,29.0,32.0,27.0,41.0,25.0,30.0,32.0,39.0,40.0,32.0,32.0,40.0,28.0,36.0,33.0,40.0,35.0,34.0,37.0,31.0,32.0,26.0,29.0,39.0
21.0,12.0,28.0,24.0,22.0,39.0,26.0,21.0,21.0,24.0,24.0,24.0,26.0,34.0,26.0,25.0,30.0,21.0,26.0,22.0,27.0,27.0,30.0,26.0,34.0,25.0,31.0,25.0,27.0,22.0,35.0,22.0,28.0,24.0,19.0,33.0,25.0,34.0,34.0,21.0,28.0,24.0,28.0,28.0,33.0,30.0,22.0,28.0,31.0,19.0
27.0,24.0,31.0,22.0,26.0,19.0,24.0,23.0,27.0,25.0,29.0,31.0,20.0,22.0,22.0,23.0,19.0,30.0,24.0,20.0,26.0,22.0,29.0,26.0,28.0,23.0,20.0,23.0,23.0,33.0,21.0,24.0,20.0,33.0,22.0,28.0,28.0,16.0,29.0,20.0,27.0,21.0,29.0,25.0,18.0,35.0,24.0,22.0,34.0,15.0
26.0,29.0,20.0,26.0,31.0,19.0,24.0,24.0,21.0,26.0,16.0,19.0,24.0,21.0,31.0,28.0,31.0,19.0,30.0,15.0,26.0,26.0,32.0,23.0,20.0,17.0,25.0,20.0,29.0,25.0,20.0,27.0,19.0,26.0,26.0,27.0,24.0,25.0,24.0,18.0,25.0,21.0,20.0,23.0,26.0,27.0,15.0,27.0,28.0,23.0
16.0,18.0,23.0,17.0,16.0,24.0,30.0,15.0,28.0,10.0,23.0,15.0,28.0,25.0,22.0,21.0,24.0,22.0,28.0,17.0,23.0,32.0,25.0,32.0,20.0,26.0,29.0,18.0,26.0,17.0,15.0,21.0,31.0,20.0,16.0,22.0,16.0,16.0,27.0,17.0,26.0,23.0,25.0,22.0,22.0,28.0,13.0,33.0,24.0,23.0
40.0,35.0,29.0,39.0,39.0,37.0,36.0,43.0,29.0,37.0,30.0,36.0,42.0,34.0,36.0,38.0,38.0,52.0,52.0,49.0,34.0,43.0,42.0,32.0,35.0,40.0,33.0,34.0,36.0,27.0,32.0,32.0,35.0,38.0,33.0,33.0,39.0,40.0,41.0,28.0,39.0,37.0,44.0,47.0,43.0,48.0,33.0,40.0,29.0,42.0
19.0,25.0,20.0,20.0,19.0,26.0,23.0,32.0,29.0,28.0,25.0,17.0,24.0,23.0,27.0,21.0,21.0,31.0,17.0,20.0,34.0,21.0,26.0,20.0,22.0,28.0,23.0,24.0,19.0,21.0,29.0,31.0,22.0,33.0,28.0,23.0,25.0,38.0,17.0,25.0,21.0,27.0,22.0,25.0,20.0,21.0,24.0,22.0,31.0,30.0
29.0,37.0,34.0,34.0,31.0,38.0,44.0,42.0,42.0,43.0,47.0,32.0,29.0,41.0,29.0,27.0,27.0,28.0,47.0,36.0,35.0,26.0,37.0,38.0,30.0,27.0,37.0,22.0,29.0,37.0,37.0,29.0,36.0,31.0,42.0,38.0,35.0,26.0,31.0,28.0,34.0,25.0,38.0,42.0,43.0,31.0,36.0,35.0,33.0,29.0
44.0,21.0,26.0,19.0,23.0,31.0,21.0,37.0,25.0,26.0,30.0,30.0,34.0,25.0,21.0,35.0,28.0,29.0,26.0,29.0,24.0,27.0,26.0,34.0,33.0,21.0,31.0,19.0,33.0,21.0,28.0,26.0,27.0,26.0,32.0,24.0,26.0,31.0,28.0,22.0,27.0,29.0,24.0,22.0,34.0,32.0,26.0,36.0,30.0,26.0
22.0,23.0,33.0,26.0,20.0,29.0,26.0,13.0,23.0,19.0,20.0,14.0,19.0,11.0,25.0,15.0,22.0,27.0,26.0,17.0,21.0,20.0,19.0,26.0,17.0,26.0,28.0,22.0,18.0,26.0,12.0,23.0,17.0,14.0,13.0,21.0,23.0,18.0,24.0,24.0,28.0,17.0,16.0,21.0,27.0,22.0,21.0,18.0,21.0,13.0
