10,50,1000
17.390805,15.667087,19.042781,19.846359,18.049914,19.147002,17.503807,18.943394,15.627045,18.755541
8.326098,8.546678,9.566028,6.880864,6.856495,9.983073,8.382896,6.551457,8.700378,9.207587
0.0,10.0,20.0,30.0,40.0,50.0,60.0,70.0,80.0,90.0
10.0,0.0,10.0,20.0,30.0,40.0,50.0,60.0,70.0,80.0
20.0,10.0,0.0,10.0,20.0,30.0,40.0,50.0,60.0,70.0
30.0,20.0,10.0,0.0,10.0,20.0,30.0,40.0,50.0,60.0
40.0,30.0,20.0,10.0,0.0,10.0,20.0,30.0,40.0,50.0
50.0,40.0,30.0,20.0,10.0,0.0,10.0,20.0,30.0,40.0
60.0,50.0,40.0,30.0,20.0,10.0,0.0,10.0,20.0,30.0
70.0,60.0,50.0,40.0,30.0,20.0,10.0,0.0,10.0,20.0
80.0,70.0,60.0,50.0,40.0,30.0,20.0,10.0,0.0,10.0
90.0,80.0,70.0,60.0,50.0,40.0,30.0,20.0,10.0,0.0
450.0,400.0,350.0,300.0,250.0,250.0,300.0,350.0,400.0,450.0
0.0,1.0,2.0,3.0,4.0,5.0,6.0,7.0,8.0,9.0
1.0,0.0,1.0,2.0,3.0,4.0,5.0,6.0,7.0,8.0
2.0,1.0,0.0,1.0,2.0,3.0,4.0,5.0,6.0,7.0
3.0,2.0,1.0,0.0,1.0,2.0,3.0,4.0,5.0,6.0
4.0,3.0,2.0,1.0,0.0,1.0,2.0,3.0,4.0,5.0
5.0,4.0,3.0,2.0,1.0,0.0,1.0,2.0,3.0,4.0
6.0,5.0,4.0,3.0,2.0,1.0,0.0,1.0,2.0,3.0
7.0,6.0,5.0,4.0,3.0,2.0,1.0,0.0,1.0,2.0
8.0,7.0,6.0,5.0,4.0,3.0,2.0,1.0,0.0,1.0
9.0,8.0,7.0,6.0,5.0,4.0,3.0,2.0,1.0,0.0
45.0,40.0,35.0,30.0,25.0,25.0,30.0,35.0,40.0,45.0
22.0,42.0,26.0,23.0,35.0,29.0,26.0,28.0,27.0,29.0,36.0,38.0,32.0,29.0,35.0,27.0,38.0,43.0,39.0,25.0,18.0,34.0,42.0,36.0,31.0,32.0,27.0,28.0,31.0,32.0,28.0,31.0,34.0,36.0,24.0,34.0,34.0,35.0,30.0,39.0,38.0,20.0,36.0,33.0,25.0,30.0,41.0,22.0,41.0,39.0
26.0,25.0,36.0,33.0,29.0,43.0,37.0,35.0,26.0,29.0,32.0,30.0,33.0,24.0,15.0,32.0,37.0,25.0,32.0,28.0,30.0,34.0,28.0,29.0,35.0,33.0,26.0,28.0,33.0,32.0,28.0,32.0,31.0,44.0,30.0,26.0,30.0,33.0,29.0,33.0,28.0,27.0,37.0,29.0,29.0,30.0,30.0,29.0,29.0,24.0
36.0,31.0,35.0,48.0,31.0,41.0,28.0,31.0,32.0,35.0,39.0,43.0,43.0,37.0,34.0,36.0,34.0,32.0,48.0,36.0,39.0,29.0,34.0,39.0,36.0,53.0,30.0,45.0,29.0,38.0,40.0,38.0,32.0,39.0,26.0,26.0,35.0,34.0,34.0,38.0,29.0,42.0,40.0,44.0,42.0,34.0,33.0,38.0,36.0,36.0
29.0,27.0,31.0,24.0,41.0,36.0,32.0,29.0,23.0,23.0,30.0,31.0,30.0,31.0,23.0,40.0,24.0,30.0,29.0,29.0,14.0,26.0,21.0,28.0,36.0,32.0,30.0,31.0,14.0,30.0,28.0,34.0,38.0,29.0,21.0,27.0,29.0,18.0,26.0,27.0,28.0,24.0,30.0,27.0,36.0,30.0,21.0,26.0,34.0,26.0
24.0,26.0,27.0,20.0,26.0,27.0,21.0,26.0,34.0,25.0,23.0,31.0,27.0,28.0,25.0,26.0,22.0,33.0,31.0,34.0,19.0,27.0,25.0,26.0,29.0,25.0,26.0,17.0,33.0,25.0,36.0,31.0,24.0,29.0,25.0,28.0,23.0,18.0,22.0,23.0,30.0,27.0,29.0,36.0,29.0,36.0,31.0,27.0,28.0,26.0
28.0,41.0,32.0,37.0,29.0,33.0,47.0,34.0,31.0,37.0,45.0,38.0,39.0,39.0,31.0,37.0,41.0,42.0,40.0,38.0,37.0,35.0,28.0,31.0,35.0,54.0,44.0,41.0,35.0,45.0,40.0,26.0,26.0,26.0,35.0,30.0,34.0,48.0,45.0,41.0,40.0,37.0,38.0,37.0,30.0,39.0,29.0,30.0,45.0,45.0
29.0,31.0,36.0,34.0,35.0,42.0,26.0,27.0,28.0,20.0,32.0,32.0,30.0,30.0,40.0,24.0,29.0,43.0,34.0,39.0,33.0,39.0,17.0,38.0,32.0,30.0,31.0,34.0,30.0,40.0,32.0,31.0,27.0,41.0,32.0,24.0,33.0,35.0,28.0,33.0,31.0,29.0,30.0,36.0,38.0,33.0,27.0,27.0,29.0,20.0
20.0,35.0,16.0,34.0,28.0,34.0,26.0,29.0,27.0,28.0,19.0,26.0,30.0,22.0,22.0,24.0,24.0,33.0,23.0,23.0,23.0,35.0,28.0,23.0,34.0,23.0,32.0,19.0,33.0,25.0,30.0,31.0,28.0,23.0,18.0,28.0,27.0,23.0,29.0,26.0,28.0,35.0,22.0,23.0,29.0,35.0,16.0,39.0,29.0,31.0
35.0,30.0,26.0,46.0,29.0,24.0,35.0,35.0,33.0,33.0,28.0,34.0,31.0,22.0,32.0,35.0,28.0,29.0,34.0,21.0,25.0,32.0,27.0,32.0,32.0,36.0,23.0,53.0,35.0,27.0,28.0,30.0,29.0,32.0,33.0,32.0,27.0,29.0,22.0,32.0,40.0,27.0,27.0,34.0,23.0,19.0,31.0,36.0,37.0,30.0
35.0,28.0,27.0,30.0,38.0,35.0,34.0,34.0,31.0,38.0,36.0,36.0,33.0,39.0,34.0,43.0,34.0,32.0,37.0,20.0,36.0,39.0,34.0,37.0,30.0,44.0,37.0,27.0,31.0,24.0,28.0,27.0,50.0,38.0,32.0,36.0,42.0,32.0,46.0,41.0,26.0,28.0,32.0,39.0,26.0,43.0,23.0,34.0,32.0,35.0
