10,50,1000
17.615038,16.457184,19.799167,17.368731,17.362923,15.964456,15.214167,19.64404,16.600629,18.778875
7.641545,5.248783,9.137104,7.07752,9.401467,6.891322,9.849585,7.150179,7.622315,6.155064
0.0,10.0,20.0,30.0,40.0,50.0,60.0,70.0,80.0,90.0
10.0,0.0,10.0,20.0,30.0,40.0,50.0,60.0,70.0,80.0
20.0,10.0,0.0,10.0,20.0,30.0,40.0,50.0,60.0,70.0
30.0,20.0,10.0,0.0,10.0,20.0,30.0,40.0,50.0,60.0
40.0,30.0,20.0,10.0,0.0,10.0,20.0,30.0,40.0,50.0
50.0,40.0,30.0,20.0,10.0,0.0,10.0,20.0,30.0,40.0
60.0,50.0,40.0,30.0,20.0,10.0,0.0,10.0,20.0,30.0
70.0,60.0,50.0,40.0,30.0,20.0,10.0,0.0,10.0,20.0
80.0,70.0,60.0,50.0,40.0,30.0,20.0,10.0,0.0,10.0
90.0,80.0,70.0,60.0,50.0,40.0,30.0,20.0,10.0,0.0
450.0,400.0,350.0,300.0,250.0,250.0,300.0,350.0,400.0,450.0
0.0,1.0,2.0,3.0,4.0,5.0,6.0,7.0,8.0,9.0
1.0,0.0,1.0,2.0,3.0,4.0,5.0,6.0,7.0,8.0
2.0,1.0,0.0,1.0,2.0,3.0,4.0,5.0,6.0,7.0
3.0,2.0,1.0,0.0,1.0,2.0,3.0,4.0,5.0,6.0
4.0,3.0,2.0,1.0,0.0,1.0,2.0,3.0,4.0,5.0
5.0,4.0,3.0,2.0,1.0,0.0,1.0,2.0,3.0,4.0
6.0,5.0,4.0,3.0,2.0,1.0,0.0,1.0,2.0,3.0
7.0,6.0,5.0,4.0,3.0,2.0,1.0,0.0,1.0,2.0
8.0,7.0,6.0,5.0,4.0,3.0,2.0,1.0,0.0,1.0
9.0,8.0,7.0,6.0,5.0,4.0,3.0,2.0,1.0,0.0
45.0,40.0,35.0,30.0,25.0,25.0,30.0,35.0,40.0,45.0
29.0,34.0,30.0,21.0,27.0,29.0,25.0,33.0,26.0,35.0,27.0,28.0,37.0,34.0,31.0,32.0,28.0,21.0,34.0,31.0,25.0,30.0,39.0,36.0,34.0,20.0,40.0,19.0,25.0,31.0,31.0,27.0,23.0,27.0,29.0,34.0,33.0,32.0,26.0,25.0,24.0,31.0,32.0,28.0,26.0,27.0,27.0,31.0,25.0,21.0
21.0,22.0,28.0,21.0,24.0,21.0,26.0,29.0,15.0,20.0,27.0,23.0,19.0,19.0,24.0,21.0,23.0,23.0,27.0,16.0,20.0,26.0,20.0,10.0,17.0,17.0,21.0,27.0,17.0,14.0,18.0,19.0,27.0,21.0,30.0,18.0,23.0,25.0,24.0,27.0,18.0,27.0,27.0,17.0,16.0,22.0,18.0,25.0,24.0,13.0
44.0,36.0,48.0,31.0,37.0,35.0,39.0,35.0,39.0,32.0,44.0,37.0,38.0,35.0,30.0,43.0,32.0,31.0,36.0,36.0,36.0,36.0,32.0,38.0,30.0,44.0,44.0,29.0,29.0,36.0,34.0,28.0,37.0,36.0,42.0,44.0,49.0,37.0,45.0,36.0,43.0,35.0,47.0,37.0,39.0,48.0,33.0,26.0,36.0,29.0
22.0,23.0,30.0,28.0,30.0,27.0,25.0,16.0,37.0,32.0,33.0,24.0,30.0,19.0,30.0,34.0,24.0,19.0,26.0,24.0,21.0,29.0,34.0,26.0,35.0,25.0,22.0,28.0,24.0,50.0,25.0,29.0,35.0,31.0,21.0,27.0,26.0,25.0,34.0,27.0,25.0,36.0,21.0,25.0,31.0,21.0,19.0,26.0,30.0,26.0
39.0,31.0,26.0,44.0,31.0,55.0,35.0,41.0,35.0,37.0,35.0,37.0,30.0,32.0,49.0,35.0,30.0,25.0,34.0,35.0,38.0,45.0,38.0,47.0,34.0,42.0,32.0,38.0,28.0,32.0,25.0,34.0,27.0,40.0,36.0,32.0,27.0,33.0,41.0,44.0,35.0,33.0,26.0,32.0,23.0,31.0,25.0,38.0,44.0,39.0
26.0,30.0,25.0,26.0,18.0,21.0,31.0,22.0,20.0,24.0,18.0,27.0,34.0,31.0,31.0,25.0,32.0,21.0,34.0,24.0,29.0,30.0,26.0,19.0,27.0,25.0,21.0,28.0,29.0,34.0,25.0,22.0,26.0,28.0,24.0,20.0,24.0,25.0,24.0,25.0,30.0,23.0,34.0,26.0,25.0,24.0,29.0,21.0,28.0,21.0
41.0,41.0,27.0,41.0,28.0,31.0,43.0,31.0,35.0,32.0,40.0,39.0,41.0,38.0,32.0,32.0,41.0,38.0,37.0,33.0,37.0,34.0,28.0,30.0,38.0,36.0,37.0,31.0,35.0,41.0,37.0,36.0,32.0,34.0,26.0,33.0,51.0,34.0,42.0,47.0,21.0,36.0,31.0,36.0,33.0,35.0,27.0,26.0,39.0,35.0
38.0,31.0,32.0,21.0,26.0,30.0,28.0,25.0,22.0,22.0,25.0,31.0,18.0,27.0,28.0,26.0,12.0,30.0,33.0,25.0,19.0,33.0,28.0,22.0,38.0,22.0,29.0,29.0,19.0,19.0,33.0,34.0,30.0,27.0,23.0,33.0,31.0,39.0,27.0,29.0,29.0,26.0,28.0,36.0,15.0,28.0,30.0,35.0,27.0,32.0
31.0,35.0,21.0,27.0,32.0,37.0,33.0,25.0,31.0,23.0,26.0,19.0,38.0,34.0,38.0,29.0,28.0,29.0,28.0,23.0,30.0,32.0,31.0,33.0,39.0,35.0,32.0,29.0,31.0,29.0,21.0,36.0,27.0,23.0,32.0,26.0,27.0,29.0,31.0,27.0,29.0,29.0,31.0,35.0,21.0,32.0,25.0,27.0,22.0,38.0
25.0,25.0,49.0,18.0,23.0,30.0,24.0,24.0,25.0,26.0,24.0,23.0,27.0,22.0,25.0,24.0,17.0,26.0,19.0,28.0,19.0,25.0,22.0,23.0,26.0,27.0,25.0,28.0,27.0,36.0,23.0,24.0,39.0,21.0,19.0,23.0,27.0,27.0,28.0,20.0,30.0,19.0,21.0,25.0,22.0,37.0,31.0,28.0,30.0,30.0
