10,50,1000
15.493951,16.22766,17.629246,17.612456,17.355767,19.407281,18.731667,19.993422,17.055035,17.998218
8.347701,6.709515,8.246902,8.86043,9.96676,7.826104,7.874071,8.447135,5.055634,7.252122
0.0,10.0,20.0,30.0,40.0,50.0,60.0,70.0,80.0,90.0
10.0,0.0,10.0,20.0,30.0,40.0,50.0,60.0,70.0,80.0
20.0,10.0,0.0,10.0,20.0,30.0,40.0,50.0,60.0,70.0
30.0,20.0,10.0,0.0,10.0,20.0,30.0,40.0,50.0,60.0
40.0,30.0,20.0,10.0,0.0,10.0,20.0,30.0,40.0,50.0
50.0,40.0,30.0,20.0,10.0,0.0,10.0,20.0,30.0,40.0
60.0,50.0,40.0,30.0,20.0,10.0,0.0,10.0,20.0,30.0
70.0,60.0,50.0,40.0,30.0,20.0,10.0,0.0,10.0,20.0
80.0,70.0,60.0,50.0,40.0,30.0,20.0,10.0,0.0,10.0
90.0,80.0,70.0,60.0,50.0,40.0,30.0,20.0,10.0,0.0
450.0,400.0,350.0,300.0,250.0,250.0,300.0,350.0,400.0,450.0
0.0,1.0,2.0,3.0,4.0,5.0,6.0,7.0,8.0,9.0
1.0,0.0,1.0,2.0,3.0,4.0,5.0,6.0,7.0,8.0
2.0,1.0,0.0,1.0,2.0,3.0,4.0,5.0,6.0,7.0
3.0,2.0,1.0,0.0,1.0,2.0,3.0,4.0,5.0,6.0
4.0,3.0,2.0,1.0,0.0,1.0,2.0,3.0,4.0,5.0
5.0,4.0,3.0,2.0,1.0,0.0,1.0,2.0,3.0,4.0
6.0,5.0,4.0,3.0,2.0,1.0,0.0,1.0,2.0,3.0
7.0,6.0,5.0,4.0,3.0,2.0,1.0,0.0,1.0,2.0
8.0,7.0,6.0,5.0,4.0,3.0,2.0,1.0,0.0,1.0
9.0,8.0,7.0,6.0,5.0,4.0,3.0,2.0,1.0,0.0
45.0,40.0,35.0,30.0,25.0,25.0,30.0,35.0,40.0,45.0
36.0,33.0,32.0,26.0,23.0,27.0,37.0,26.0,29.0,34.0,30.0,26.0,28.0,29.0,29.0,33.0,38.0,33.0,27.0,42.0,34.0,33.0,32.0,31.0,32.0,27.0,38.0,31.0,42.0,17.0,27.0,32.0,28.0,27.0,36.0,21.0,25.0,31.0,38.0,26.0,33.0,26.0,28.0,24.0,31.0,38.0,33.0,35.0,32.0,28.0
25.0,26.0,28.0,27.0,20.0,25.0,29.0,28.0,22.0,27.0,21.0,15.0,25.0,22.0,26.0,22.0,26.0,25.0,22.0,27.0,26.0,20.0,30.0,27.0,21.0,40.0,28.0,33.0,34.0,30.0,31.0,26.0,23.0,21.0,25.0,36.0,23.0,22.0,29.0,29.0,22.0,16.0,32.0,31.0,24.0,28.0,19.0,20.0,28.0,19.0
31.0,33.0,37.0,33.0,28.0,30.0,36.0,27.0,38.0,39.0,39.0,27.0,32.0,31.0,29.0,39.0,20.0,34.0,32.0,38.0,28.0,32.0,33.0,38.0,36.0,25.0,32.0,28.0,37.0,22.0,29.0,28.0,35.0,28.0,23.0,28.0,39.0,30.0,32.0,24.0,22.0,31.0,34.0,36.0,34.0,32.0,40.0,36.0,29.0,31.0
33.0,26.0,30.0,34.0,38.0,37.0,29.0,32.0,37.0,30.0,42.0,32.0,35.0,24.0,31.0,25.0,18.0,45.0,36.0,31.0,31.0,33.0,36.0,31.0,31.0,41.0,45.0,25.0,41.0,35.0,30.0,32.0,38.0,28.0,33.0,36.0,23.0,37.0,39.0,40.0,41.0,33.0,32.0,32.0,31.0,27.0,37.0,34.0,20.0,34.0
38.0,48.0,42.0,25.0,36.0,50.0,36.0,36.0,33.0,47.0,42.0,34.0,38.0,32.0,44.0,39.0,42.0,52.0,36.0,32.0,46.0,41.0,41.0,38.0,47.0,30.0,33.0,34.0,36.0,38.0,37.0,40.0,42.0,42.0,41.0,34.0,31.0,37.0,34.0,35.0,33.0,40.0,33.0,44.0,36.0,40.0,32.0,25.0,38.0,32.0
34.0,28.0,33.0,32.0,30.0,41.0,24.0,32.0,29.0,27.0,30.0,31.0,31.0,26.0,32.0,33.0,43.0,26.0,35.0,34.0,33.0,27.0,32.0,21.0,35.0,26.0,33.0,35.0,28.0,30.0,31.0,31.0,37.0,29.0,32.0,29.0,29.0,27.0,28.0,30.0,38.0,24.0,38.0,32.0,30.0,33.0,27.0,38.0,37.0,31.0
30.0,27.0,39.0,28.0,28.0,26.0,43.0,28.0,25.0,29.0,38.0,34.0,28.0,24.0,26.0,26.0,31.0,25.0,38.0,26.0,44.0,24.0,31.0,26.0,32.0,23.0,40.0,24.0,39.0,34.0,33.0,26.0,32.0,26.0,23.0,23.0,37.0,27.0,28.0,28.0,41.0,34.0,25.0,33.0,31.0,30.0,31.0,27.0,29.0,38.0
32.0,42.0,40.0,25.0,43.0,34.0,41.0,31.0,35.0,26.0,32.0,39.0,30.0,44.0,32.0,31.0,39.0,36.0,32.0,36.0,32.0,27.0,53.0,37.0,41.0,36.0,35.0,41.0,47.0,28.0,23.0,36.0,34.0,33.0,39.0,35.0,34.0,48.0,24.0,28.0,33.0,32.0,28.0,33.0,42.0,35.0,27.0,37.0,35.0,32.0
20.0,19.0,12.0,20.0,10.0,21.0,19.0,18.0,26.0,22.0,16.0,20.0,23.0,19.0,27.0,19.0,14.0,26.0,21.0,28.0,18.0,17.0,21.0,27.0,25.0,20.0,17.0,18.0,17.0,27.0,26.0,19.0,13.0,19.0,27.0,22.0,17.0,26.0,23.0,23.0,20.0,19.0,22.0,18.0,21.0,17.0,22.0,15.0,21.0,28.0
37.0,20.0,31.0,32.0,32.0,39.0,28.0,32.0,24.0,32.0,37.0,28.0,21.0,37.0,23.0,27.0,19.0,33.0,17.0,31.0,26.0,26.0,40.0,22.0,34.0,33.0,28.0,32.0,29.0,22.0,27.0,22.0,31.0,25.0,21.0,22.0,26.0,41.0,24.0,30.0,28.0,30.0,26.0,23.0,25.0,26.0,23.0,29.0,24.0,29.0
