10,50,1000
18.655528,19.498177,15.080218,15.940502,19.823617,17.985557,16.09136,16.391237,16.364403,17.799566
8.127732,5.561895,6.985117,7.080638,5.318302,5.185997,5.66461,8.326822,5.76202,6.47184
0.0,10.0,20.0,30.0,40.0,50.0,60.0,70.0,80.0,90.0
10.0,0.0,10.0,20.0,30.0,40.0,50.0,60.0,70.0,80.0
20.0,10.0,0.0,10.0,20.0,30.0,40.0,50.0,60.0,70.0
30.0,20.0,10.0,0.0,10.0,20.0,30.0,40.0,50.0,60.0
40.0,30.0,20.0,10.0,0.0,10.0,20.0,30.0,40.0,50.0
50.0,40.0,30.0,20.0,10.0,0.0,10.0,20.0,30.0,40.0
60.0,50.0,40.0,30.0,20.0,10.0,0.0,10.0,20.0,30.0
70.0,60.0,50.0,40.0,30.0,20.0,10.0,0.0,10.0,20.0
80.0,70.0,60.0,50.0,40.0,30.0,20.0,10.0,0.0,10.0
90.0,80.0,70.0,60.0,50.0,40.0,30.0,20.0,10.0,0.0
450.0,400.0,350.0,300.0,250.0,250.0,300.0,350.0,400.0,450.0
0.0,1.0,2.0,3.0,4.0,5.0,6.0,7.0,8.0,9.0
1.0,0.0,1.0,2.0,3.0,4.0,5.0,6.0,7.0,8.0
2.0,1.0,0.0,1.0,2.0,3.0,4.0,5.0,6.0,7.0
3.0,2.0,1.0,0.0,1.0,2.0,3.0,4.0,5.0,6.0
4.0,3.0,2.0,1.0,0.0,1.0,2.0,3.0,4.0,5.0
5.0,4.0,3.0,2.0,1.0,0.0,1.0,2.0,3.0,4.0
6.0,5.0,4.0,3.0,2.0,1.0,0.0,1.0,2.0,3.0
7.0,6.0,5.0,4.0,3.0,2.0,1.0,0.0,1.0,2.0
8.0,7.0,6.0,5.0,4.0,3.0,2.0,1.0,0.0,1.0
9.0,8.0,7.0,6.0,5.0,4.0,3.0,2.0,1.0,0.0
45.0,40.0,35.0,30.0,25.0,25.0,30.0,35.0,40.0,45.0
31.0,34.0,22.0,35.0,30.0,29.0,31.0,31.0,30.0,33.0,31.0,24.0,28.0,24.0,28.0,22.0,39.0,29.0,29.0,27.0,40.0,32.0,28.0,32.0,31.0,28.0,39.0,39.0,34.0,26.0,31.0,22.0,40.0,27.0,32.0,34.0,26.0,38.0,25.0,30.0,41.0,39.0,30.0,25.0,31.0,26.0,38.0,33.0,31.0,25.0
16.0,15.0,23.0,32.0,21.0,25.0,21.0,29.0,27.0,18.0,31.0,19.0,24.0,30.0,23.0,25.0,23.0,20.0,20.0,24.0,15.0,28.0,27.0,33.0,15.0,28.0,14.0,27.0,27.0,17.0,32.0,31.0,20.0,21.0,30.0,19.0,24.0,23.0,25.0,22.0,32.0,16.0,25.0,25.0,29.0,23.0,25.0,23.0,17.0,28.0
25.0,18.0,26.0,24.0,23.0,28.0,23.0,30.0,23.0,24.0,36.0,23.0,33.0,29.0,27.0,24.0,24.0,18.0,30.0,21.0,27.0,26.0,19.0,32.0,27.0,24.0,22.0,30.0,27.0,26.0,25.0,26.0,21.0,25.0,29.0,20.0,29.0,30.0,28.0,22.0,27.0,38.0,24.0,33.0,17.0,29.0,30.0,29.0,19.0,24.0
34.0,23.0,20.0,23.0,27.0,23.0,27.0,15.0,26.0,30.0,32.0,21.0,30.0,26.0,30.0,27.0,24.0,37.0,24.0,34.0,22.0,16.0,30.0,21.0,30.0,40.0,29.0,21.0,23.0,36.0,33.0,28.0,29.0,19.0,20.0,25.0,30.0,22.0,34.0,28.0,22.0,29.0,27.0,30.0,21.0,29.0,18.0,20.0,26.0,26.0
28.0,24.0,15.0,23.0,28.0,19.0,22.0,20.0,24.0,34.0,23.0,19.0,10.0,31.0,19.0,23.0,31.0,26.0,29.0,25.0,15.0,18.0,24.0,29.0,18.0,26.0,28.0,19.0,20.0,21.0,25.0,27.0,14.0,15.0,24.0,16.0,24.0,20.0,19.0,30.0,25.0,16.0,23.0,19.0,31.0,21.0,28.0,28.0,20.0,24.0
13.0,16.0,16.0,17.0,17.0,26.0,18.0,21.0,25.0,14.0,22.0,27.0,13.0,26.0,21.0,25.0,17.0,19.0,22.0,20.0,19.0,25.0,20.0,16.0,19.0,24.0,15.0,27.0,26.0,20.0,21.0,31.0,23.0,24.0,24.0,23.0,21.0,29.0,27.0,24.0,20.0,17.0,21.0,24.0,25.0,25.0,30.0,28.0,20.0,26.0
30.0,25.0,29.0,29.0,21.0,19.0,24.0,27.0,17.0,16.0,25.0,25.0,27.0,32.0,18.0,30.0,28.0,19.0,28.0,31.0,18.0,29.0,30.0,21.0,26.0,35.0,24.0,19.0,24.0,26.0,24.0,29.0,30.0,27.0,22.0,26.0,26.0,20.0,19.0,22.0,24.0,16.0,30.0,23.0,19.0,22.0,30.0,24.0,25.0,18.0
30.0,28.0,30.0,36.0,28.0,31.0,26.0,27.0,19.0,36.0,31.0,26.0,24.0,32.0,30.0,32.0,33.0,37.0,30.0,31.0,35.0,33.0,43.0,27.0,22.0,23.0,35.0,29.0,31.0,33.0,34.0,29.0,30.0,29.0,30.0,27.0,36.0,30.0,28.0,32.0,31.0,21.0,33.0,36.0,39.0,23.0,30.0,30.0,23.0,34.0
18.0,25.0,23.0,23.0,24.0,20.0,27.0,17.0,27.0,23.0,22.0,16.0,27.0,33.0,34.0,22.0,31.0,21.0,22.0,27.0,23.0,33.0,21.0,19.0,23.0,23.0,14.0,28.0,18.0,21.0,24.0,28.0,19.0,20.0,21.0,20.0,30.0,26.0,24.0,20.0,20.0,27.0,19.0,15.0,21.0,19.0,21.0,16.0,24.0,22.0
20.0,26.0,28.0,23.0,24.0,22.0,26.0,20.0,25.0,37.0,20.0,20.0,20.0,25.0,28.0,19.0,26.0,19.0,22.0,33.0,25.0,26.0,30.0,24.0,24.0,24.0,26.0,33.0,14.0,27.0,31.0,36.0,25.0,22.0,33.0,23.0,30.0,28.0,34.0,23.0,28.0,29.0,33.0,30.0,24.0,31.0,18.0,29.0,20.0,29.0
