10,50,1000
16.759308,19.148395,15.932989,17.218264,16.395571,17.380647,15.45063,19.565071,17.892036,17.886138
7.782422,6.968626,8.594466,9.02302,6.630623,5.583639,9.778087,6.480831,8.393187,6.172274
0.0,10.0,20.0,30.0,40.0,50.0,60.0,70.0,80.0,90.0
10.0,0.0,10.0,20.0,30.0,40.0,50.0,60.0,70.0,80.0
20.0,10.0,0.0,10.0,20.0,30.0,40.0,50.0,60.0,70.0
30.0,20.0,10.0,0.0,10.0,20.0,30.0,40.0,50.0,60.0
40.0,30.0,20.0,10.0,0.0,10.0,20.0,30.0,40.0,50.0
50.0,40.0,30.0,20.0,10.0,0.0,10.0,20.0,30.0,40.0
60.0,50.0,40.0,30.0,20.0,10.0,0.0,10.0,20.0,30.0
70.0,60.0,50.0,40.0,30.0,20.0,10.0,0.0,10.0,20.0
80.0,70.0,60.0,50.0,40.0,30.0,20.0,10.0,0.0,10.0
90.0,80.0,70.0,60.0,50.0,40.0,30.0,20.0,10.0,0.0
450.0,400.0,350.0,300.0,250.0,250.0,300.0,350.0,400.0,450.0
0.0,1.0,2.0,3.0,4.0,5.0,6.0,7.0,8.0,9.0
1.0,0.0,1.0,2.0,3.0,4.0,5.0,6.0,7.0,8.0
2.0,1.0,0.0,1.0,2.0,3.0,4.0,5.0,6.0,7.0
3.0,2.0,1.0,0.0,1.0,2.0,3.0,4.0,5.0,6.0
4.0,3.0,2.0,1.0,0.0,1.0,2.0,3.0,4.0,5.0
5.0,4.0,3.0,2.0,1.0,0.0,1.0,2.0,3.0,4.0
6.0,5.0,4.0,3.0,2.0,1.0,0.0,1.0,2.0,3.0
7.0,6.0,5.0,4.0,3.0,2.0,1.0,0.0,1.0,2.0
8.0,7.0,6.0,5.0,4.0,3.0,2.0,1.0,0.0,1.0
9.0,8.0,7.0,6.0,5.0,4.0,3.0,2.0,1.0,0.0
45.0,40.0,35.0,30.0,25.0,25.0,30.0,35.0,40.0,45.0
34.0,29.0,21.0,29.0,26.0,39.0,27.0,37.0,44.0,33.0,23.0,24.0,20.0,37.0,26.0,34.0,22.0,30.0,38.0,33.0,27.0,33.0,33.0,25.0,30.0,21.0,30.0,28.0,29.0,28.0,23.0,25.0,22.0,33.0,30.0,28.0,28.0,25.0,26.0,18.0,39.0,28.0,31.0,34.0,24.0,28.0,21.0,37.0,27.0,24.0
29.0,32.0,28.0,26.0,40.0,26.0,27.0,19.0,22.0,32.0,33.0,19.0,29.0,31.0,29.0,24.0,30.0,22.0,28.0,31.0,27.0,25.0,31.0,21.0,30.0,31.0,35.0,25.0,31.0,30.0,27.0,22.0,30.0,33.0,25.0,16.0,29.0,34.0,26.0,25.0,30.0,30.0,29.0,19.0,34.0,29.0,29.0,31.0,34.0,27.0
37.0,34.0,29.0,32.0,29.0,33.0,28.0,39.0,27.0,42.0,29.0,29.0,29.0,27.0,31.0,37.0,24.0,26.0,40.0,38.0,25.0,39.0,34.0,37.0,33.0,35.0,39.0,32.0,40.0,30.0,35.0,26.0,39.0,37.0,31.0,33.0,26.0,37.0,24.0,26.0,33.0,27.0,34.0,42.0,37.0,28.0,30.0,32.0,35.0,26.0
33.0,28.0,32.0,33.0,28.0,35.0,25.0,42.0,24.0,29.0,39.0,33.0,30.0,36.0,36.0,39.0,50.0,39.0,32.0,40.0,26.0,26.0,29.0,27.0,29.0,40.0,31.0,33.0,22.0,34.0,35.0,29.0,35.0,44.0,42.0,33.0,30.0,36.0,40.0,29.0,38.0,38.0,32.0,27.0,33.0,39.0,37.0,37.0,32.0,33.0
25.0,24.0,22.0,32.0,22.0,37.0,28.0,27.0,30.0,21.0,25.0,27.0,22.0,26.0,16.0,23.0,30.0,20.0,29.0,25.0,24.0,29.0,27.0,24.0,25.0,17.0,27.0,15.0,24.0,23.0,28.0,25.0,24.0,30.0,35.0,26.0,21.0,36.0,27.0,30.0,29.0,18.0,20.0,20.0,29.0,28.0,25.0,27.0,19.0,28.0
14.0,28.0,31.0,37.0,21.0,26.0,26.0,24.0,35.0,21.0,29.0,39.0,20.0,19.0,20.0,25.0,23.0,23.0,23.0,18.0,31.0,23.0,17.0,17.0,39.0,22.0,18.0,24.0,21.0,29.0,27.0,24.0,20.0,27.0,20.0,19.0,17.0,20.0,21.0,24.0,14.0,21.0,18.0,25.0,19.0,33.0,22.0,21.0,14.0,17.0
31.0,31.0,34.0,27.0,27.0,35.0,34.0,43.0,29.0,35.0,45.0,36.0,29.0,31.0,37.0,41.0,39.0,29.0,37.0,53.0,46.0,34.0,34.0,42.0,24.0,40.0,37.0,47.0,33.0,39.0,43.0,29.0,31.0,37.0,50.0,41.0,42.0,37.0,35.0,32.0,35.0,37.0,41.0,31.0,37.0,40.0,29.0,33.0,39.0,39.0
27.0,31.0,21.0,24.0,25.0,29.0,21.0,26.0,25.0,24.0,24.0,35.0,26.0,23.0,14.0,22.0,21.0,25.0,29.0,22.0,31.0,29.0,32.0,22.0,31.0,20.0,23.0,32.0,23.0,34.0,25.0,30.0,23.0,31.0,26.0,17.0,28.0,37.0,25.0,24.0,21.0,29.0,25.0,27.0,27.0,25.0,29.0,31.0,29.0,21.0
44.0,25.0,23.0,27.0,25.0,33.0,28.0,35.0,32.0,33.0,40.0,39.0,28.0,38.0,30.0,40.0,43.0,27.0,31.0,28.0,30.0,26.0,28.0,45.0,24.0,38.0,32.0,30.0,34.0,41.0,26.0,23.0,27.0,40.0,27.0,35.0,26.0,25.0,31.0,24.0,28.0,28.0,29.0,27.0,37.0,30.0,31.0,38.0,33.0,31.0
24.0,16.0,16.0,29.0,17.0,22.0,23.0,20.0,28.0,21.0,19.0,24.0,28.0,28.0,16.0,19.0,26.0,20.0,20.0,18.0,29.0,32.0,28.0,25.0,25.0,24.0,15.0,31.0,27.0,14.0,25.0,29.0,20.0,15.0,33.0,36.0,29.0,24.0,23.0,20.0,17.0,25.0,20.0,23.0,23.0,28.0,22.0,22.0,30.0,32.0
