10,50,1000
17.106646,16.457798,16.170965,18.273918,18.92645,16.173144,15.012319,18.963262,19.469475,18.266669
8.150136,8.62015,7.23676,8.405509,6.644151,8.90825,5.376984,6.086277,7.801293,6.940567
0.0,10.0,20.0,30.0,40.0,50.0,60.0,70.0,80.0,90.0
10.0,0.0,10.0,20.0,30.0,40.0,50.0,60.0,70.0,80.0
20.0,10.0,0.0,10.0,20.0,30.0,40.0,50.0,60.0,70.0
30.0,20.0,10.0,0.0,10.0,20.0,30.0,40.0,50.0,60.0
40.0,30.0,20.0,10.0,0.0,10.0,20.0,30.0,40.0,50.0
50.0,40.0,30.0,20.0,10.0,0.0,10.0,20.0,30.0,40.0
60.0,50.0,40.0,30.0,20.0,10.0,0.0,10.0,20.0,30.0
70.0,60.0,50.0,40.0,30.0,20.0,10.0,0.0,10.0,20.0
80.0,70.0,60.0,50.0,40.0,30.0,20.0,10.0,0.0,10.0
90.0,80.0,70.0,60.0,50.0,40.0,30.0,20.0,10.0,0.0
450.0,400.0,350.0,300.0,250.0,250.0,300.0,350.0,400.0,450.0
0.0,1.0,2.0,3.0,4.0,5.0,6.0,7.0,8.0,9.0
1.0,0.0,1.0,2.0,3.0,4.0,5.0,6.0,7.0,8.0
2.0,1.0,0.0,1.0,2.0,3.0,4.0,5.0,6.0,7.0
3.0,2.0,1.0,0.0,1.0,2.0,3.0,4.0,5.0,6.0
4.0,3.0,2.0,1.0,0.0,1.0,2.0,3.0,4.0,5.0
5.0,4.0,3.0,2.0,1.0,0.0,1.0,2.0,3.0,4.0
6.0,5.0,4.0,3.0,2.0,1.0,0.0,1.0,2.0,3.0
7.0,6.0,5.0,4.0,3.0,2.0,1.0,0.0,1.0,2.0
8.0,7.0,6.0,5.0,4.0,3.0,2.0,1.0,0.0,1.0
9.0,8.0,7.0,6.0,5.0,4.0,3.0,2.0,1.0,0.0
45.0,40.0,35.0,30.0,25.0,25.0,30.0,35.0,40.0,45.0
28.0,38.0,28.0,33.0,33.0,25.0,29.0,37.0,37.0,35.0,29.0,30.0,45.0,44.0,23.0,31.0,35.0,37.0,27.0,28.0,26.0,32.0,37.0,27.0,30.0,32.0,27.0,36.0,44.0,26.0,38.0,30.0,35.0,30.0,34.0,31.0,31.0,34.0,29.0,29.0,29.0,31.0,32.0,19.0,30.0,34.0,27.0,49.0,33.0,31.0
33.0,25.0,34.0,36.0,35.0,28.0,33.0,32.0,24.0,22.0,28.0,40.0,34.0,41.0,34.0,32.0,40.0,35.0,41.0,37.0,35.0,39.0,32.0,22.0,37.0,35.0,36.0,33.0,35.0,29.0,35.0,27.0,39.0,28.0,30.0,32.0,41.0,28.0,31.0,39.0,40.0,25.0,33.0,32.0,25.0,26.0,25.0,21.0,41.0,33.0
24.0,20.0,27.0,29.0,28.0,33.0,35.0,30.0,31.0,24.0,22.0,28.0,25.0,20.0,26.0,28.0,24.0,19.0,18.0,48.0,29.0,30.0,25.0,25.0,25.0,26.0,30.0,30.0,19.0,31.0,25.0,20.0,20.0,28.0,22.0,20.0,13.0,16.0,28.0,21.0,28.0,29.0,39.0,27.0,28.0,25.0,16.0,28.0,28.0,32.0
41.0,33.0,32.0,31.0,31.0,35.0,30.0,26.0,34.0,37.0,34.0,24.0,31.0,31.0,25.0,30.0,24.0,25.0,28.0,26.0,27.0,38.0,31.0,32.0,30.0,20.0,33.0,31.0,33.0,38.0,40.0,34.0,30.0,32.0,30.0,21.0,42.0,29.0,39.0,35.0,31.0,36.0,44.0,35.0,40.0,26.0,29.0,29.0,24.0,44.0
28.0,19.0,24.0,28.0,31.0,25.0,20.0,27.0,30.0,22.0,27.0,28.0,25.0,30.0,19.0,21.0,34.0,22.0,20.0,18.0,24.0,27.0,21.0,26.0,27.0,36.0,32.0,32.0,18.0,31.0,29.0,17.0,20.0,22.0,25.0,23.0,29.0,16.0,41.0,21.0,20.0,20.0,31.0,32.0,31.0,24.0,24.0,26.0,23.0,33.0
33.0,30.0,34.0,40.0,36.0,33.0,28.0,38.0,39.0,29.0,34.0,34.0,36.0,32.0,43.0,25.0,25.0,27.0,32.0,21.0,25.0,36.0,40.0,29.0,34.0,28.0,36.0,36.0,31.0,31.0,39.0,22.0,39.0,39.0,34.0,34.0,26.0,34.0,29.0,35.0,29.0,26.0,30.0,39.0,28.0,35.0,21.0,30.0,36.0,36.0
14.0,23.0,28.0,20.0,23.0,20.0,13.0,23.0,18.0,24.0,24.0,14.0,18.0,27.0,17.0,17.0,26.0,30.0,20.0,25.0,20.0,23.0,16.0,20.0,20.0,21.0,19.0,23.0,17.0,20.0,16.0,26.0,20.0,22.0,17.0,26.0,22.0,20.0,21.0,24.0,20.0,22.0,26.0,15.0,23.0,22.0,18.0,13.0,10.0,20.0
28.0,20.0,28.0,16.0,30.0,27.0,21.0,16.0,17.0,21.0,30.0,28.0,20.0,25.0,22.0,19.0,22.0,22.0,18.0,23.0,18.0,25.0,31.0,31.0,30.0,32.0,22.0,23.0,23.0,17.0,23.0,22.0,34.0,27.0,29.0,20.0,19.0,19.0,19.0,27.0,37.0,17.0,29.0,23.0,23.0,25.0,23.0,20.0,34.0,26.0
31.0,38.0,40.0,32.0,32.0,33.0,22.0,36.0,26.0,35.0,33.0,31.0,33.0,35.0,38.0,29.0,25.0,21.0,34.0,32.0,29.0,30.0,29.0,25.0,23.0,29.0,32.0,32.0,24.0,26.0,28.0,36.0,26.0,28.0,23.0,26.0,37.0,28.0,21.0,23.0,31.0,21.0,34.0,38.0,30.0,28.0,30.0,31.0,34.0,26.0
26.0,27.0,19.0,26.0,26.0,30.0,27.0,33.0,24.0,23.0,29.0,23.0,27.0,26.0,28.0,27.0,29.0,27.0,27.0,19.0,32.0,24.0,21.0,25.0,29.0,24.0,27.0,26.0,25.0,25.0,22.0,17.0,25.0,25.0,19.0,21.0,31.0,21.0,28.0,30.0,28.0,28.0,29.0,29.0,22.0,28.0,28.0,31.0,31.0,22.0
