10,50,1000
16.330835,17.686918,16.293961,15.468014,15.183949,16.875788,16.546622,19.764042,16.150537,17.542292
8.214177,5.177635,6.829001,8.04329,8.28686,9.939386,5.215855,7.611611,5.167927,8.168582
0.0,10.0,20.0,30.0,40.0,50.0,60.0,70.0,80.0,90.0
10.0,0.0,10.0,20.0,30.0,40.0,50.0,60.0,70.0,80.0
20.0,10.0,0.0,10.0,20.0,30.0,40.0,50.0,60.0,70.0
30.0,20.0,10.0,0.0,10.0,20.0,30.0,40.0,50.0,60.0
40.0,30.0,20.0,10.0,0.0,10.0,20.0,30.0,40.0,50.0
50.0,40.0,30.0,20.0,10.0,0.0,10.0,20.0,30.0,40.0
60.0,50.0,40.0,30.0,20.0,10.0,0.0,10.0,20.0,30.0
70.0,60.0,50.0,40.0,30.0,20.0,10.0,0.0,10.0,20.0
80.0,70.0,60.0,50.0,40.0,30.0,20.0,10.0,0.0,10.0
90.0,80.0,70.0,60.0,50.0,40.0,30.0,20.0,10.0,0.0
450.0,400.0,350.0,300.0,250.0,250.0,300.0,350.0,400.0,450.0
0.0,1.0,2.0,3.0,4.0,5.0,6.0,7.0,8.0,9.0
1.0,0.0,1.0,2.0,3.0,4.0,5.0,6.0,7.0,8.0
2.0,1.0,0.0,1.0,2.0,3.0,4.0,5.0,6.0,7.0
3.0,2.0,1.0,0.0,1.0,2.0,3.0,4.0,5.0,6.0
4.0,3.0,2.0,1.0,0.0,1.0,2.0,3.0,4.0,5.0
5.0,4.0,3.0,2.0,1.0,0.0,1.0,2.0,3.0,4.0
6.0,5.0,4.0,3.0,2.0,1.0,0.0,1.0,2.0,3.0
7.0,6.0,5.0,4.0,3.0,2.0,1.0,0.0,1.0,2.0
8.0,7.0,6.0,5.0,4.0,3.0,2.0,1.0,0.0,1.0
9.0,8.0,7.0,6.0,5.0,4.0,3.0,2.0,1.0,0.0
45.0,40.0,35.0,30.0,25.0,25.0,30.0,35.0,40.0,45.0
41.0,30.0,32.0,41.0,26.0,27.0,29.0,25.0,25.0,39.0,29.0,31.0,19.0,30.0,26.0,44.0,32.0,25.0,29.0,31.0,26.0,42.0,44.0,35.0,32.0,36.0,36.0,22.0,24.0,33.0,35.0,30.0,35.0,34.0,34.0,23.0,34.0,29.0,30.0,30.0,26.0,29.0,22.0,25.0,31.0,35.0,25.0,27.0,29.0,31.0
16.0,14.0,37.0,10.0,25.0,19.0,22.0,21.0,15.0,26.0,22.0,16.0,21.0,19.0,15.0,21.0,25.0,22.0,16.0,20.0,16.0,20.0,21.0,21.0,26.0,17.0,19.0,23.0,24.0,14.0,14.0,18.0,24.0,25.0,24.0,26.0,24.0,21.0,30.0,26.0,23.0,20.0,19.0,26.0,28.0,31.0,23.0,21.0,23.0,23.0
31.0,22.0,19.0,31.0,36.0,22.0,23.0,21.0,28.0,23.0,28.0,22.0,22.0,22.0,26.0,29.0,17.0,28.0,34.0,22.0,35.0,26.0,22.0,32.0,23.0,31.0,27.0,21.0,36.0,35.0,27.0,30.0,21.0,31.0,20.0,27.0,22.0,23.0,23.0,31.0,30.0,23.0,22.0,25.0,39.0,17.0,20.0,29.0,25.0,34.0
24.0,31.0,27.0,25.0,23.0,37.0,22.0,21.0,36.0,22.0,35.0,21.0,46.0,45.0,25.0,28.0,38.0,27.0,35.0,31.0,27.0,30.0,32.0,27.0,37.0,33.0,34.0,30.0,26.0,42.0,20.0,38.0,32.0,35.0,38.0,30.0,30.0,31.0,30.0,22.0,42.0,23.0,29.0,29.0,35.0,34.0,25.0,16.0,29.0,32.0
34.0,32.0,27.0,26.0,26.0,40.0,33.0,27.0,20.0,30.0,28.0,33.0,28.0,24.0,27.0,31.0,42.0,32.0,27.0,38.0,27.0,23.0,32.0,36.0,30.0,35.0,28.0,36.0,28.0,31.0,25.0,35.0,36.0,35.0,23.0,28.0,24.0,32.0,12.0,31.0,38.0,27.0,26.0,35.0,29.0,28.0,34.0,38.0,29.0,31.0
25.0,29.0,46.0,32.0,31.0,36.0,42.0,34.0,33.0,43.0,36.0,22.0,38.0,35.0,38.0,34.0,37.0,35.0,40.0,46.0,33.0,42.0,39.0,31.0,39.0,28.0,42.0,27.0,45.0,41.0,44.0,40.0,33.0,29.0,40.0,38.0,39.0,40.0,34.0,33.0,25.0,40.0,27.0,31.0,29.0,42.0,34.0,40.0,26.0,41.0
18.0,19.0,17.0,15.0,22.0,24.0,23.0,15.0,14.0,21.0,17.0,22.0,11.0,18.0,24.0,14.0,22.0,22.0,21.0,29.0,32.0,26.0,30.0,23.0,24.0,26.0,24.0,14.0,22.0,19.0,19.0,19.0,33.0,21.0,23.0,15.0,24.0,25.0,25.0,19.0,30.0,26.0,20.0,16.0,28.0,20.0,24.0,24.0,29.0,24.0
34.0,27.0,35.0,32.0,31.0,24.0,27.0,35.0,26.0,24.0,24.0,23.0,39.0,25.0,27.0,29.0,33.0,36.0,26.0,25.0,34.0,37.0,32.0,22.0,39.0,26.0,40.0,24.0,31.0,32.0,21.0,15.0,26.0,30.0,29.0,30.0,19.0,34.0,22.0,26.0,30.0,42.0,30.0,31.0,31.0,31.0,24.0,22.0,26.0,31.0
27.0,16.0,18.0,20.0,27.0,28.0,17.0,16.0,22.0,15.0,26.0,22.0,20.0,18.0,24.0,25.0,26.0,20.0,22.0,24.0,25.0,32.0,22.0,22.0,21.0,23.0,21.0,23.0,20.0,23.0,24.0,27.0,34.0,21.0,19.0,16.0,25.0,15.0,19.0,15.0,18.0,12.0,17.0,21.0,22.0,18.0,19.0,17.0,17.0,17.0
31.0,36.0,36.0,26.0,33.0,33.0,25.0,26.0,44.0,32.0,28.0,25.0,22.0,26.0,27.0,33.0,30.0,25.0,33.0,31.0,29.0,36.0,42.0,44.0,26.0,37.0,34.0,36.0,28.0,40.0,28.0,26.0,22.0,22.0,35.0,34.0,26.0,38.0,34.0,35.0,27.0,38.0,24.0,39.0,31.0,32.0,27.0,35.0,32.0,27.0
