10,50,1000
15.51832,19.097442,16.010717,15.42335,19.381503,16.660034,17.637943,19.172289,15.025311,17.899281
9.929274,9.516419,6.373174,7.991792,6.449341,8.516033,8.990375,9.926678,8.847375,8.926896
0.0,10.0,20.0,30.0,40.0,50.0,60.0,70.0,80.0,90.0
10.0,0.0,10.0,20.0,30.0,40.0,50.0,60.0,70.0,80.0
20.0,10.0,0.0,10.0,20.0,30.0,40.0,50.0,60.0,70.0
30.0,20.0,10.0,0.0,10.0,20.0,30.0,40.0,50.0,60.0
40.0,30.0,20.0,10.0,0.0,10.0,20.0,30.0,40.0,50.0
50.0,40.0,30.0,20.0,10.0,0.0,10.0,20.0,30.0,40.0
60.0,50.0,40.0,30.0,20.0,10.0,0.0,10.0,20.0,30.0
70.0,60.0,50.0,40.0,30.0,20.0,10.0,0.0,10.0,20.0
80.0,70.0,60.0,50.0,40.0,30.0,20.0,10.0,0.0,10.0
90.0,80.0,70.0,60.0,50.0,40.0,30.0,20.0,10.0,0.0
450.0,400.0,350.0,300.0,250.0,250.0,300.0,350.0,400.0,450.0
0.0,1.0,2.0,3.0,4.0,5.0,6.0,7.0,8.0,9.0
1.0,0.0,1.0,2.0,3.0,4.0,5.0,6.0,7.0,8.0
2.0,1.0,0.0,1.0,2.0,3.0,4.0,5.0,6.0,7.0
3.0,2.0,1.0,0.0,1.0,2.0,3.0,4.0,5.0,6.0
4.0,3.0,2.0,1.0,0.0,1.0,2.0,3.0,4.0,5.0
5.0,4.0,3.0,2.0,1.0,0.0,1.0,2.0,3.0,4.0
6.0,5.0,4.0,3.0,2.0,1.0,0.0,1.0,2.0,3.0
7.0,6.0,5.0,4.0,3.0,2.0,1.0,0.0,1.0,2.0
8.0,7.0,6.0,5.0,4.0,3.0,2.0,1.0,0.0,1.0
9.0,8.0,7.0,6.0,5.0,4.0,3.0,2.0,1.0,0.0
45.0,40.0,35.0,30.0,25.0,25.0,30.0,35.0,40.0,45.0
41.0,39.0,33.0,31.0,34.0,24.0,37.0,27.0,25.0,41.0,33.0,35.0,31.0,30.0,32.0,46.0,37.0,39.0,38.0,29.0,32.0,33.0,34.0,45.0,38.0,33.0,32.0,32.0,35.0,38.0,32.0,41.0,40.0,34.0,37.0,36.0,35.0,35.0,25.0,41.0,37.0,42.0,36.0,42.0,35.0,39.0,32.0,30.0,33.0,27.0
24.0,43.0,37.0,33.0,30.0,50.0,33.0,33.0,37.0,28.0,23.0,33.0,33.0,30.0,35.0,34.0,28.0,37.0,42.0,39.0,40.0,33.0,34.0,40.0,41.0,31.0,39.0,39.0,32.0,38.0,31.0,29.0,36.0,39.0,49.0,30.0,48.0,39.0,36.0,39.0,42.0,32.0,33.0,34.0,50.0,32.0,42.0,40.0,42.0,45.0
32.0,25.0,26.0,25.0,21.0,23.0,19.0,31.0,12.0,27.0,26.0,29.0,23.0,39.0,22.0,20.0,32.0,25.0,31.0,25.0,25.0,25.0,28.0,29.0,30.0,19.0,22.0,24.0,22.0,24.0,25.0,33.0,15.0,27.0,27.0,13.0,25.0,15.0,18.0,28.0,15.0,30.0,23.0,22.0,26.0,21.0,22.0,30.0,28.0,31.0
40.0,28.0,33.0,32.0,25.0,26.0,27.0,32.0,27.0,34.0,28.0,29.0,27.0,21.0,25.0,26.0,35.0,34.0,30.0,27.0,36.0,27.0,25.0,43.0,25.0,30.0,34.0,32.0,33.0,32.0,25.0,31.0,36.0,38.0,34.0,36.0,31.0,27.0,22.0,33.0,22.0,36.0,21.0,31.0,29.0,24.0,28.0,23.0,24.0,34.0
28.0,26.0,30.0,30.0,24.0,24.0,25.0,30.0,18.0,35.0,27.0,26.0,24.0,34.0,33.0,20.0,24.0,40.0,34.0,25.0,23.0,29.0,29.0,29.0,21.0,32.0,36.0,25.0,21.0,29.0,25.0,26.0,32.0,22.0,19.0,21.0,20.0,30.0,21.0,16.0,26.0,19.0,35.0,23.0,21.0,23.0,34.0,33.0,29.0,20.0
36.0,32.0,34.0,32.0,34.0,30.0,40.0,37.0,26.0,25.0,27.0,20.0,41.0,33.0,37.0,25.0,25.0,33.0,42.0,38.0,20.0,27.0,27.0,44.0,28.0,34.0,43.0,38.0,30.0,39.0,39.0,30.0,26.0,23.0,40.0,39.0,37.0,34.0,43.0,27.0,30.0,29.0,25.0,28.0,31.0,31.0,32.0,29.0,44.0,32.0
32.0,35.0,22.0,34.0,35.0,45.0,24.0,34.0,39.0,37.0,34.0,36.0,50.0,28.0,39.0,23.0,37.0,31.0,38.0,33.0,29.0,45.0,37.0,36.0,36.0,36.0,39.0,22.0,39.0,32.0,32.0,33.0,32.0,30.0,28.0,30.0,29.0,42.0,39.0,23.0,28.0,37.0,36.0,39.0,32.0,32.0,34.0,42.0,44.0,34.0
48.0,40.0,46.0,39.0,40.0,41.0,36.0,27.0,31.0,33.0,42.0,44.0,33.0,40.0,40.0,33.0,38.0,36.0,43.0,46.0,58.0,35.0,24.0,34.0,37.0,22.0,33.0,47.0,38.0,40.0,41.0,29.0,28.0,40.0,42.0,34.0,34.0,36.0,42.0,43.0,35.0,29.0,44.0,31.0,41.0,33.0,38.0,43.0,44.0,36.0
28.0,31.0,33.0,30.0,26.0,42.0,33.0,31.0,28.0,26.0,27.0,38.0,34.0,36.0,44.0,33.0,31.0,26.0,34.0,37.0,29.0,35.0,30.0,30.0,46.0,35.0,26.0,34.0,21.0,35.0,23.0,42.0,39.0,32.0,35.0,27.0,32.0,29.0,39.0,35.0,30.0,27.0,38.0,32.0,31.0,27.0,32.0,34.0,34.0,41.0
25.0,27.0,22.0,33.0,41.0,37.0,28.0,37.0,38.0,36.0,34.0,40.0,30.0,30.0,28.0,35.0,27.0,27.0,22.0,33.0,35.0,37.0,37.0,30.0,27.0,33.0,28.0,27.0,33.0,29.0,30.0,42.0,40.0,39.0,35.0,40.0,37.0,35.0,35.0,27.0,30.0,39.0,27.0,29.0,39.0,23.0,36.0,28.0,25.0,31.0
