10,50,1000
19.924318,15.381204,18.702236,17.740562,17.002834,17.451273,16.739415,18.799044,17.982144,17.120685
6.715248,9.98331,6.777964,9.791972,8.563583,9.96269,5.390588,9.500553,5.262348,5.234185
0.0,10.0,20.0,30.0,40.0,50.0,60.0,70.0,80.0,90.0
10.0,0.0,10.0,20.0,30.0,40.0,50.0,60.0,70.0,80.0
20.0,10.0,0.0,10.0,20.0,30.0,40.0,50.0,60.0,70.0
30.0,20.0,10.0,0.0,10.0,20.0,30.0,40.0,50.0,60.0
40.0,30.0,20.0,10.0,0.0,10.0,20.0,30.0,40.0,50.0
50.0,40.0,30.0,20.0,10.0,0.0,10.0,20.0,30.0,40.0
60.0,50.0,40.0,30.0,20.0,10.0,0.0,10.0,20.0,30.0
70.0,60.0,50.0,40.0,30.0,20.0,10.0,0.0,10.0,20.0
80.0,70.0,60.0,50.0,40.0,30.0,20.0,10.0,0.0,10.0
90.0,80.0,70.0,60.0,50.0,40.0,30.0,20.0,10.0,0.0
450.0,400.0,350.0,300.0,250.0,250.0,300.0,350.0,400.0,450.0
0.0,1.0,2.0,3.0,4.0,5.0,6.0,7.0,8.0,9.0
1.0,0.0,1.0,2.0,3.0,4.0,5.0,6.0,7.0,8.0
2.0,1.0,0.0,1.0,2.0,3.0,4.0,5.0,6.0,7.0
3.0,2.0,1.0,0.0,1.0,2.0,3.0,4.0,5.0,6.0
4.0,3.0,2.0,1.0,0.0,1.0,2.0,3.0,4.0,5.0
5.0,4.0,3.0,2.0,1.0,0.0,1.0,2.0,3.0,4.0
6.0,5.0,4.0,3.0,2.0,1.0,0.0,1.0,2.0,3.0
7.0,6.0,5.0,4.0,3.0,2.0,1.0,0.0,1.0,2.0
8.0,7.0,6.0,5.0,4.0,3.0,2.0,1.0,0.0,1.0
9.0,8.0,7.0,6.0,5.0,4.0,3.0,2.0,1.0,0.0
45.0,40.0,35.0,30.0,25.0,25.0,30.0,35.0,40.0,45.0
27.0,33.0,26.0,29.0,19.0,31.0,32.0,26.0,29.0,29.0,24.0,17.0,24.0,27.0,23.0,33.0,28.0,27.0,23.0,19.0,19.0,25.0,22.0,23.0,29.0,31.0,25.0,28.0,26.0,31.0,23.0,18.0,22.0,26.0,25.0,29.0,35.0,20.0,25.0,29.0,23.0,25.0,16.0,33.0,36.0,28.0,26.0,21.0,19.0,25.0
40.0,33.0,49.0,39.0,37.0,40.0,34.0,40.0,37.0,44.0,33.0,30.0,39.0,41.0,31.0,29.0,34.0,33.0,39.0,43.0,37.0,47.0,33.0,34.0,36.0,28.0,31.0,34.0,32.0,30.0,32.0,36.0,29.0,45.0,31.0,31.0,41.0,36.0,42.0,32.0,38.0,32.0,43.0,39.0,35.0,38.0,22.0,37.0,26.0,34.0
26.0,32.0,23.0,27.0,33.0,28.0,23.0,29.0,25.0,22.0,26.0,38.0,28.0,18.0,23.0,21.0,28.0,31.0,30.0,34.0,27.0,17.0,24.0,26.0,21.0,32.0,27.0,33.0,28.0,32.0,22.0,23.0,26.0,31.0,23.0,29.0,27.0,34.0,26.0,20.0,35.0,33.0,29.0,28.0,28.0,32.0,24.0,32.0,39.0,17.0
35.0,40.0,47.0,42.0,46.0,50.0,30.0,39.0,39.0,41.0,34.0,44.0,30.0,39.0,37.0,34.0,43.0,36.0,30.0,30.0,37.0,31.0,36.0,53.0,39.0,30.0,39.0,31.0,32.0,39.0,47.0,34.0,33.0,27.0,33.0,38.0,34.0,38.0,33.0,42.0,37.0,34.0,42.0,30.0,29.0,37.0,39.0,51.0,32.0,35.0
28.0,27.0,37.0,31.0,33.0,29.0,24.0,31.0,19.0,29.0,43.0,35.0,33.0,30.0,28.0,34.0,29.0,42.0,38.0,37.0,30.0,28.0,36.0,36.0,46.0,27.0,28.0,25.0,29.0,36.0,32.0,30.0,36.0,28.0,38.0,35.0,40.0,29.0,26.0,32.0,30.0,32.0,38.0,27.0,35.0,29.0,33.0,27.0,30.0,27.0
41.0,34.0,54.0,47.0,42.0,38.0,33.0,35.0,36.0,44.0,46.0,34.0,28.0,26.0,36.0,29.0,38.0,35.0,32.0,42.0,36.0,37.0,27.0,40.0,37.0,36.0,41.0,30.0,49.0,36.0,35.0,41.0,37.0,38.0,38.0,40.0,40.0,34.0,36.0,34.0,31.0,38.0,44.0,32.0,42.0,37.0,29.0,37.0,34.0,42.0
20.0,24.0,19.0,26.0,16.0,23.0,13.0,22.0,23.0,29.0,19.0,15.0,21.0,27.0,21.0,19.0,27.0,27.0,18.0,21.0,22.0,23.0,15.0,22.0,17.0,18.0,30.0,25.0,27.0,19.0,29.0,28.0,15.0,24.0,21.0,22.0,25.0,18.0,16.0,21.0,26.0,21.0,24.0,27.0,23.0,20.0,17.0,17.0,25.0,22.0
42.0,29.0,42.0,43.0,39.0,35.0,39.0,42.0,32.0,45.0,48.0,32.0,39.0,42.0,37.0,32.0,39.0,40.0,37.0,28.0,29.0,27.0,33.0,35.0,37.0,42.0,30.0,30.0,32.0,37.0,42.0,38.0,39.0,34.0,27.0,31.0,41.0,38.0,39.0,41.0,25.0,27.0,39.0,35.0,37.0,35.0,36.0,39.0,27.0,45.0
15.0,24.0,33.0,25.0,19.0,20.0,21.0,24.0,23.0,25.0,32.0,25.0,28.0,26.0,24.0,15.0,24.0,13.0,29.0,18.0,17.0,17.0,15.0,17.0,22.0,29.0,24.0,21.0,23.0,23.0,21.0,25.0,19.0,23.0,10.0,16.0,18.0,20.0,22.0,19.0,17.0,24.0,19.0,23.0,26.0,17.0,16.0,21.0,26.0,27.0
26.0,19.0,24.0,20.0,25.0,17.0,16.0,23.0,18.0,20.0,16.0,23.0,19.0,23.0,15.0,15.0,19.0,23.0,19.0,19.0,20.0,16.0,16.0,25.0,20.0,15.0,28.0,20.0,19.0,26.0,20.0,16.0,26.0,19.0,24.0,22.0,16.0,21.0,21.0,18.0,18.0,15.0,16.0,23.0,20.0,19.0,13.0,17.0,16.0,20.0
