10,50,1000
17.864881,19.188768,18.497095,17.412244,19.237186,17.558402,15.781936,19.800168,19.985181,16.213403
7.163794,9.298317,6.680179,9.341143,6.151956,8.803624,8.671885,8.129962,9.095778,9.079008
0.0,10.0,20.0,30.0,40.0,50.0,60.0,70.0,80.0,90.0
10.0,0.0,10.0,20.0,30.0,40.0,50.0,60.0,70.0,80.0
20.0,10.0,0.0,10.0,20.0,30.0,40.0,50.0,60.0,70.0
30.0,20.0,10.0,0.0,10.0,20.0,30.0,40.0,50.0,60.0
40.0,30.0,20.0,10.0,0.0,10.0,20.0,30.0,40.0,50.0
50.0,40.0,30.0,20.0,10.0,0.0,10.0,20.0,30.0,40.0
60.0,50.0,40.0,30.0,20.0,10.0,0.0,10.0,20.0,30.0
70.0,60.0,50.0,40.0,30.0,20.0,10.0,0.0,10.0,20.0
80.0,70.0,60.0,50.0,40.0,30.0,20.0,10.0,0.0,10.0
90.0,80.0,70.0,60.0,50.0,40.0,30.0,20.0,10.0,0.0
450.0,400.0,350.0,300.0,250.0,250.0,300.0,350.0,400.0,450.0
0.0,1.0,2.0,3.0,4.0,5.0,6.0,7.0,8.0,9.0
1.0,0.0,1.0,2.0,3.0,4.0,5.0,6.0,7.0,8.0
2.0,1.0,0.0,1.0,2.0,3.0,4.0,5.0,6.0,7.0
3.0,2.0,1.0,0.0,1.0,2.0,3.0,4.0,5.0,6.0
4.0,3.0,2.0,1.0,0.0,1.0,2.0,3.0,4.0,5.0
5.0,4.0,3.0,2.0,1.0,0.0,1.0,2.0,3.0,4.0
6.0,5.0,4.0,3.0,2.0,1.0,0.0,1.0,2.0,3.0
7.0,6.0,5.0,4.0,3.0,2.0,1.0,0.0,1.0,2.0
8.0,7.0,6.0,5.0,4.0,3.0,2.0,1.0,0.0,1.0
9.0,8.0,7.0,6.0,5.0,4.0,3.0,2.0,1.0,0.0
45.0,40.0,35.0,30.0,25.0,25.0,30.0,35.0,40.0,45.0
29.0,28.0,23.0,39.0,30.0,28.0,28.0,31.0,35.0,31.0,30.0,24.0,20.0,31.0,28.0,25.0,24.0,23.0,20.0,31.0,28.0,27.0,27.0,29.0,23.0,32.0,34.0,20.0,31.0,24.0,16.0,30.0,35.0,19.0,26.0,23.0,31.0,29.0,27.0,39.0,24.0,31.0,34.0,22.0,32.0,26.0,27.0,14.0,31.0,28.0
37.0,36.0,34.0,43.0,35.0,26.0,36.0,37.0,40.0,34.0,36.0,35.0,29.0,25.0,42.0,29.0,39.0,36.0,32.0,46.0,27.0,35.0,45.0,33.0,35.0,34.0,33.0,31.0,34.0,25.0,42.0,38.0,30.0,39.0,35.0,34.0,38.0,36.0,32.0,37.0,30.0,47.0,39.0,33.0,37.0,32.0,35.0,44.0,31.0,33.0
31.0,25.0,26.0,25.0,20.0,24.0,25.0,24.0,32.0,23.0,24.0,21.0,26.0,22.0,20.0,29.0,22.0,23.0,19.0,24.0,29.0,29.0,30.0,36.0,26.0,19.0,29.0,19.0,28.0,15.0,25.0,30.0,22.0,28.0,30.0,28.0,30.0,19.0,23.0,28.0,30.0,28.0,30.0,36.0,21.0,42.0,22.0,30.0,19.0,25.0
28.0,31.0,39.0,30.0,34.0,39.0,48.0,27.0,35.0,41.0,40.0,32.0,29.0,31.0,37.0,42.0,34.0,38.0,39.0,42.0,25.0,41.0,29.0,32.0,32.0,28.0,40.0,28.0,42.0,46.0,42.0,30.0,30.0,42.0,24.0,38.0,29.0,39.0,28.0,32.0,43.0,37.0,29.0,23.0,43.0,33.0,35.0,32.0,39.0,25.0
26.0,21.0,23.0,23.0,25.0,24.0,21.0,25.0,33.0,22.0,21.0,23.0,17.0,27.0,25.0,33.0,28.0,18.0,30.0,21.0,30.0,25.0,14.0,32.0,17.0,25.0,22.0,25.0,18.0,31.0,32.0,26.0,21.0,22.0,20.0,24.0,32.0,28.0,21.0,17.0,28.0,25.0,20.0,24.0,22.0,23.0,32.0,25.0,19.0,20.0
25.0,35.0,31.0,35.0,34.0,31.0,35.0,36.0,32.0,28.0,39.0,31.0,31.0,34.0,24.0,24.0,36.0,39.0,24.0,23.0,46.0,40.0,31.0,31.0,29.0,39.0,24.0,36.0,31.0,42.0,44.0,27.0,30.0,25.0,24.0,32.0,35.0,35.0,22.0,39.0,34.0,33.0,27.0,34.0,32.0,27.0,24.0,38.0,42.0,25.0
29.0,33.0,25.0,32.0,42.0,36.0,35.0,27.0,28.0,33.0,28.0,26.0,37.0,41.0,46.0,41.0,40.0,35.0,34.0,33.0,31.0,29.0,27.0,43.0,19.0,37.0,37.0,31.0,43.0,22.0,31.0,33.0,28.0,30.0,40.0,26.0,42.0,27.0,31.0,33.0,27.0,47.0,36.0,23.0,31.0,31.0,33.0,37.0,36.0,29.0
32.0,28.0,21.0,44.0,29.0,50.0,34.0,45.0,35.0,28.0,40.0,33.0,27.0,16.0,27.0,33.0,29.0,26.0,24.0,24.0,18.0,34.0,28.0,25.0,39.0,29.0,36.0,41.0,31.0,34.0,41.0,27.0,37.0,24.0,35.0,30.0,42.0,25.0,24.0,29.0,24.0,38.0,32.0,28.0,34.0,28.0,34.0,31.0,45.0,31.0
30.0,41.0,33.0,38.0,40.0,34.0,31.0,36.0,38.0,33.0,38.0,42.0,42.0,29.0,34.0,36.0,38.0,32.0,39.0,37.0,34.0,28.0,33.0,32.0,44.0,37.0,31.0,28.0,46.0,39.0,37.0,24.0,33.0,39.0,39.0,27.0,35.0,34.0,45.0,21.0,33.0,34.0,32.0,25.0,33.0,34.0,35.0,32.0,32.0,31.0
33.0,28.0,31.0,31.0,34.0,32.0,35.0,36.0,36.0,37.0,24.0,31.0,29.0,33.0,38.0,31.0,32.0,36.0,27.0,34.0,27.0,40.0,32.0,29.0,29.0,32.0,29.0,34.0,32.0,15.0,36.0,41.0,30.0,33.0,38.0,38.0,31.0,35.0,36.0,37.0,32.0,41.0,43.0,38.0,45.0,41.0,30.0,27.0,44.0,37.0
