10,50,1000
16.339362,18.198799,17.758215,15.541289,17.61569,19.961309,19.071063,17.342907,16.06281,18.516063
6.142801,9.578669,5.960906,8.467441,9.351759,8.976583,9.741868,7.527955,7.442562,7.107746
0.0,10.0,20.0,30.0,40.0,50.0,60.0,70.0,80.0,90.0
10.0,0.0,10.0,20.0,30.0,40.0,50.0,60.0,70.0,80.0
20.0,10.0,0.0,10.0,20.0,30.0,40.0,50.0,60.0,70.0
30.0,20.0,10.0,0.0,10.0,20.0,30.0,40.0,50.0,60.0
40.0,30.0,20.0,10.0,0.0,10.0,20.0,30.0,40.0,50.0
50.0,40.0,30.0,20.0,10.0,0.0,10.0,20.0,30.0,40.0
60.0,50.0,40.0,30.0,20.0,10.0,0.0,10.0,20.0,30.0
70.0,60.0,50.0,40.0,30.0,20.0,10.0,0.0,10.0,20.0
80.0,70.0,60.0,50.0,40.0,30.0,20.0,10.0,0.0,10.0
90.0,80.0,70.0,60.0,50.0,40.0,30.0,20.0,10.0,0.0
450.0,400.0,350.0,300.0,250.0,250.0,300.0,350.0,400.0,450.0
0.0,1.0,2.0,3.0,4.0,5.0,6.0,7.0,8.0,9.0
1.0,0.0,1.0,2.0,3.0,4.0,5.0,6.0,7.0,8.0
2.0,1.0,0.0,1.0,2.0,3.0,4.0,5.0,6.0,7.0
3.0,2.0,1.0,0.0,1.0,2.0,3.0,4.0,5.0,6.0
4.0,3.0,2.0,1.0,0.0,1.0,2.0,3.0,4.0,5.0
5.0,4.0,3.0,2.0,1.0,0.0,1.0,2.0,3.0,4.0
6.0,5.0,4.0,3.0,2.0,1.0,0.0,1.0,2.0,3.0
7.0,6.0,5.0,4.0,3.0,2.0,1.0,0.0,1.0,2.0
8.0,7.0,6.0,5.0,4.0,3.0,2.0,1.0,0.0,1.0
9.0,8.0,7.0,6.0,5.0,4.0,3.0,2.0,1.0,0.0
45.0,40.0,35.0,30.0,25.0,25.0,30.0,35.0,40.0,45.0
29.0,17.0,33.0,19.0,14.0,16.0,23.0,25.0,20.0,19.0,26.0,17.0,12.0,15.0,26.0,28.0,25.0,20.0,23.0,24.0,20.0,31.0,24.0,30.0,25.0,23.0,24.0,28.0,18.0,26.0,23.0,30.0,25.0,17.0,30.0,21.0,28.0,23.0,27.0,27.0,23.0,25.0,25.0,19.0,25.0,25.0,17.0,20.0,30.0,29.0
37.0,37.0,43.0,42.0,32.0,33.0,32.0,23.0,46.0,45.0,35.0,36.0,22.0,37.0,29.0,34.0,39.0,37.0,29.0,30.0,31.0,41.0,30.0,38.0,30.0,28.0,41.0,36.0,33.0,21.0,42.0,28.0,34.0,47.0,41.0,41.0,31.0,40.0,36.0,29.0,46.0,40.0,37.0,20.0,22.0,33.0,33.0,41.0,30.0,32.0
26.0,27.0,21.0,21.0,17.0,23.0,13.0,21.0,26.0,26.0,19.0,26.0,24.0,28.0,20.0,19.0,19.0,27.0,22.0,10.0,25.0,19.0,24.0,30.0,26.0,31.0,13.0,21.0,26.0,33.0,28.0,19.0,15.0,21.0,26.0,25.0,28.0,24.0,24.0,38.0,23.0,35.0,29.0,20.0,19.0,20.0,31.0,33.0,29.0,20.0
38.0,34.0,34.0,33.0,41.0,31.0,30.0,41.0,25.0,40.0,32.0,45.0,36.0,36.0,39.0,35.0,31.0,27.0,32.0,36.0,27.0,40.0,35.0,22.0,26.0,22.0,29.0,33.0,33.0,41.0,35.0,26.0,39.0,36.0,30.0,34.0,27.0,32.0,30.0,23.0,27.0,21.0,24.0,28.0,27.0,35.0,35.0,31.0,24.0,35.0
32.0,21.0,38.0,36.0,36.0,38.0,34.0,36.0,28.0,45.0,38.0,43.0,39.0,32.0,41.0,31.0,43.0,33.0,27.0,30.0,37.0,37.0,37.0,35.0,41.0,44.0,39.0,40.0,39.0,37.0,32.0,36.0,32.0,33.0,33.0,35.0,40.0,35.0,31.0,36.0,39.0,32.0,23.0,40.0,37.0,33.0,35.0,37.0,36.0,25.0
54.0,28.0,36.0,34.0,30.0,44.0,34.0,31.0,27.0,32.0,33.0,29.0,35.0,26.0,30.0,30.0,34.0,35.0,36.0,33.0,28.0,39.0,36.0,38.0,32.0,25.0,37.0,33.0,33.0,34.0,30.0,31.0,26.0,28.0,30.0,47.0,25.0,30.0,30.0,39.0,40.0,28.0,37.0,38.0,36.0,44.0,31.0,36.0,31.0,26.0
39.0,29.0,38.0,34.0,37.0,37.0,38.0,29.0,38.0,38.0,52.0,46.0,32.0,39.0,30.0,27.0,35.0,38.0,24.0,41.0,27.0,30.0,39.0,35.0,36.0,24.0,30.0,25.0,42.0,32.0,40.0,36.0,36.0,39.0,44.0,38.0,53.0,34.0,31.0,37.0,42.0,38.0,43.0,35.0,33.0,42.0,32.0,41.0,42.0,36.0
33.0,27.0,26.0,17.0,24.0,33.0,39.0,25.0,26.0,26.0,24.0,32.0,28.0,21.0,30.0,27.0,24.0,29.0,44.0,39.0,26.0,32.0,23.0,28.0,20.0,31.0,27.0,33.0,30.0,30.0,31.0,31.0,24.0,36.0,25.0,22.0,23.0,32.0,21.0,35.0,33.0,35.0,28.0,41.0,27.0,25.0,30.0,23.0,34.0,35.0
21.0,25.0,28.0,40.0,22.0,30.0,27.0,26.0,15.0,25.0,23.0,29.0,22.0,42.0,25.0,27.0,28.0,28.0,25.0,17.0,27.0,27.0,28.0,28.0,27.0,29.0,28.0,31.0,24.0,20.0,23.0,32.0,31.0,24.0,33.0,30.0,19.0,24.0,26.0,32.0,25.0,29.0,20.0,27.0,24.0,24.0,19.0,28.0,29.0,31.0
22.0,30.0,31.0,23.0,25.0,29.0,27.0,27.0,31.0,25.0,32.0,28.0,34.0,25.0,28.0,24.0,21.0,36.0,36.0,25.0,29.0,25.0,29.0,22.0,25.0,29.0,31.0,22.0,30.0,29.0,27.0,19.0,26.0,27.0,29.0,27.0,22.0,27.0,35.0,35.0,31.0,24.0,28.0,36.0,24.0,29.0,33.0,24.0,32.0,21.0
