10,50,1000
19.922013,18.519665,15.658181,18.852967,19.398019,16.073966,18.538925,16.972839,19.182087,17.96348
9.397375,8.495737,5.811281,6.632883,9.630908,5.766636,8.87072,5.981818,5.252439,5.639038
0.0,10.0,20.0,30.0,40.0,50.0,60.0,70.0,80.0,90.0
10.0,0.0,10.0,20.0,30.0,40.0,50.0,60.0,70.0,80.0
20.0,10.0,0.0,10.0,20.0,30.0,40.0,50.0,60.0,70.0
30.0,20.0,10.0,0.0,10.0,20.0,30.0,40.0,50.0,60.0
40.0,30.0,20.0,10.0,0.0,10.0,20.0,30.0,40.0,50.0
50.0,40.0,30.0,20.0,10.0,0.0,10.0,20.0,30.0,40.0
60.0,50.0,40.0,30.0,20.0,10.0,0.0,10.0,20.0,30.0
70.0,60.0,50.0,40.0,30.0,20.0,10.0,0.0,10.0,20.0
80.0,70.0,60.0,50.0,40.0,30.0,20.0,10.0,0.0,10.0
90.0,80.0,70.0,60.0,50.0,40.0,30.0,20.0,10.0,0.0
450.0,400.0,350.0,300.0,250.0,250.0,300.0,350.0,400.0,450.0
0.0,1.0,2.0,3.0,4.0,5.0,6.0,7.0,8.0,9.0
1.0,0.0,1.0,2.0,3.0,4.0,5.0,6.0,7.0,8.0
2.0,1.0,0.0,1.0,2.0,3.0,4.0,5.0,6.0,7.0
3.0,2.0,1.0,0.0,1.0,2.0,3.0,4.0,5.0,6.0
4.0,3.0,2.0,1.0,0.0,1.0,2.0,3.0,4.0,5.0
5.0,4.0,3.0,2.0,1.0,0.0,1.0,2.0,3.0,4.0
6.0,5.0,4.0,3.0,2.0,1.0,0.0,1.0,2.0,3.0
7.0,6.0,5.0,4.0,3.0,2.0,1.0,0.0,1.0,2.0
8.0,7.0,6.0,5.0,4.0,3.0,2.0,1.0,0.0,1.0
9.0,8.0,7.0,6.0,5.0,4.0,3.0,2.0,1.0,0.0
45.0,40.0,35.0,30.0,25.0,25.0,30.0,35.0,40.0,45.0
29.0,38.0,24.0,44.0,32.0,41.0,33.0,41.0,43.0,39.0,37.0,39.0,30.0,27.0,39.0,42.0,34.0,34.0,41.0,30.0,35.0,37.0,34.0,40.0,35.0,29.0,35.0,43.0,32.0,39.0,33.0,41.0,38.0,43.0,39.0,38.0,34.0,48.0,27.0,41.0,20.0,40.0,44.0,38.0,44.0,27.0,29.0,30.0,40.0,36.0
34.0,28.0,31.0,44.0,34.0,32.0,32.0,34.0,28.0,32.0,32.0,35.0,28.0,33.0,44.0,33.0,38.0,36.0,24.0,37.0,37.0,34.0,38.0,38.0,35.0,38.0,40.0,16.0,35.0,28.0,33.0,31.0,30.0,36.0,31.0,28.0,32.0,30.0,31.0,33.0,29.0,34.0,30.0,37.0,38.0,28.0,25.0,31.0,39.0,31.0
22.0,21.0,24.0,20.0,22.0,25.0,25.0,26.0,32.0,22.0,16.0,32.0,23.0,28.0,27.0,17.0,29.0,19.0,20.0,29.0,22.0,25.0,17.0,18.0,19.0,20.0,27.0,24.0,11.0,17.0,23.0,33.0,23.0,24.0,18.0,27.0,22.0,24.0,28.0,15.0,29.0,27.0,25.0,29.0,25.0,19.0,22.0,17.0,20.0,31.0
26.0,32.0,25.0,26.0,29.0,22.0,24.0,26.0,24.0,21.0,27.0,21.0,26.0,23.0,38.0,16.0,28.0,33.0,26.0,20.0,24.0,34.0,23.0,24.0,22.0,28.0,22.0,20.0,37.0,22.0,18.0,28.0,26.0,22.0,30.0,26.0,24.0,28.0,31.0,20.0,30.0,26.0,19.0,30.0,21.0,21.0,31.0,28.0,25.0,24.0
25.0,36.0,41.0,44.0,37.0,35.0,41.0,25.0,51.0,37.0,53.0,44.0,37.0,39.0,33.0,48.0,38.0,28.0,36.0,31.0,40.0,41.0,41.0,31.0,29.0,34.0,41.0,41.0,35.0,30.0,43.0,30.0,41.0,38.0,31.0,47.0,33.0,41.0,33.0,34.0,41.0,39.0,37.0,35.0,36.0,29.0,32.0,35.0,37.0,36.0
31.0,22.0,22.0,24.0,19.0,27.0,17.0,21.0,22.0,18.0,28.0,30.0,19.0,18.0,20.0,22.0,15.0,26.0,18.0,19.0,31.0,21.0,22.0,20.0,18.0,20.0,20.0,20.0,24.0,15.0,24.0,33.0,23.0,29.0,22.0,25.0,24.0,24.0,18.0,28.0,27.0,27.0,22.0,16.0,29.0,16.0,19.0,21.0,20.0,26.0
28.0,32.0,28.0,42.0,32.0,38.0,41.0,31.0,35.0,37.0,42.0,34.0,32.0,39.0,47.0,31.0,39.0,27.0,41.0,36.0,27.0,31.0,28.0,28.0,35.0,28.0,39.0,41.0,27.0,36.0,39.0,42.0,33.0,31.0,23.0,29.0,43.0,43.0,23.0,31.0,43.0,34.0,32.0,29.0,26.0,40.0,32.0,44.0,30.0,30.0
27.0,28.0,18.0,24.0,21.0,15.0,21.0,25.0,23.0,21.0,21.0,35.0,24.0,25.0,26.0,31.0,19.0,27.0,23.0,15.0,29.0,18.0,32.0,20.0,28.0,30.0,23.0,22.0,13.0,20.0,21.0,27.0,27.0,24.0,30.0,23.0,15.0,27.0,24.0,24.0,18.0,29.0,30.0,35.0,23.0,26.0,22.0,19.0,22.0,22.0
21.0,17.0,23.0,17.0,21.0,31.0,35.0,18.0,17.0,18.0,27.0,21.0,17.0,18.0,17.0,16.0,23.0,34.0,19.0,19.0,29.0,24.0,26.0,28.0,23.0,19.0,30.0,19.0,22.0,24.0,28.0,20.0,23.0,31.0,22.0,25.0,29.0,20.0,20.0,24.0,21.0,26.0,27.0,26.0,18.0,9.0,20.0,22.0,26.0,23.0
20.0,19.0,21.0,25.0,16.0,23.0,19.0,17.0,19.0,24.0,20.0,18.0,13.0,23.0,19.0,22.0,21.0,26.0,18.0,27.0,16.0,30.0,19.0,16.0,24.0,28.0,25.0,22.0,22.0,24.0,30.0,23.0,32.0,28.0,19.0,18.0,29.0,21.0,22.0,23.0,15.0,27.0,24.0,21.0,20.0,28.0,18.0,24.0,16.0,26.0
