10,50,1000
18.760939,19.214614,17.859232,18.41438,17.23758,19.301727,15.016648,15.063785,18.961165,16.474981
6.940172,6.066,6.396563,8.21603,5.741533,5.790557,5.806106,5.651121,9.47597,5.942428
0.0,10.0,20.0,30.0,40.0,50.0,60.0,70.0,80.0,90.0
10.0,0.0,10.0,20.0,30.0,40.0,50.0,60.0,70.0,80.0
20.0,10.0,0.0,10.0,20.0,30.0,40.0,50.0,60.0,70.0
30.0,20.0,10.0,0.0,10.0,20.0,30.0,40.0,50.0,60.0
40.0,30.0,20.0,10.0,0.0,10.0,20.0,30.0,40.0,50.0
50.0,40.0,30.0,20.0,10.0,0.0,10.0,20.0,30.0,40.0
60.0,50.0,40.0,30.0,20.0,10.0,0.0,10.0,20.0,30.0
70.0,60.0,50.0,40.0,30.0,20.0,10.0,0.0,10.0,20.0
80.0,70.0,60.0,50.0,40.0,30.0,20.0,10.0,0.0,10.0
90.0,80.0,70.0,60.0,50.0,40.0,30.0,20.0,10.0,0.0
450.0,400.0,350.0,300.0,250.0,250.0,300.0,350.0,400.0,450.0
0.0,1.0,2.0,3.0,4.0,5.0,6.0,7.0,8.0,9.0
1.0,0.0,1.0,2.0,3.0,4.0,5.0,6.0,7.0,8.0
2.0,1.0,0.0,1.0,2.0,3.0,4.0,5.0,6.0,7.0
3.0,2.0,1.0,0.0,1.0,2.0,3.0,4.0,5.0,6.0
4.0,3.0,2.0,1.0,0.0,1.0,2.0,3.0,4.0,5.0
5.0,4.0,3.0,2.0,1.0,0.0,1.0,2.0,3.0,4.0
6.0,5.0,4.0,3.0,2.0,1.0,0.0,1.0,2.0,3.0
7.0,6.0,5.0,4.0,3.0,2.0,1.0,0.0,1.0,2.0
8.0,7.0,6.0,5.0,4.0,3.0,2.0,1.0,0.0,1.0
9.0,8.0,7.0,6.0,5.0,4.0,3.0,2.0,1.0,0.0
45.0,40.0,35.0,30.0,25.0,25.0,30.0,35.0,40.0,45.0
29.0,31.0,27.0,28.0,21.0,24.0,21.0,19.0,31.0,31.0,22.0,23.0,33.0,29.0,16.0,34.0,30.0,35.0,29.0,23.0,33.0,32.0,36.0,29.0,24.0,30.0,30.0,28.0,30.0,38.0,39.0,19.0,27.0,20.0,30.0,21.0,22.0,15.0,22.0,30.0,20.0,18.0,34.0,18.0,23.0,24.0,26.0,29.0,17.0,28.0
26.0,22.0,31.0,23.0,25.0,30.0,27.0,28.0,20.0,23.0,24.0,41.0,27.0,17.0,27.0,29.0,17.0,32.0,36.0,27.0,30.0,18.0,30.0,23.0,19.0,25.0,34.0,30.0,28.0,25.0,28.0,19.0,34.0,18.0,16.0,25.0,21.0,16.0,30.0,25.0,33.0,30.0,23.0,20.0,22.0,19.0,30.0,27.0,19.0,24.0
21.0,34.0,29.0,34.0,23.0,24.0,15.0,28.0,29.0,20.0,21.0,17.0,31.0,21.0,20.0,24.0,27.0,31.0,21.0,24.0,37.0,19.0,19.0,28.0,24.0,24.0,17.0,17.0,24.0,25.0,31.0,29.0,25.0,21.0,32.0,27.0,28.0,33.0,28.0,30.0,34.0,21.0,25.0,23.0,27.0,17.0,22.0,18.0,33.0,26.0
32.0,26.0,24.0,27.0,34.0,23.0,26.0,34.0,25.0,32.0,38.0,24.0,25.0,31.0,38.0,34.0,39.0,27.0,40.0,26.0,30.0,36.0,34.0,37.0,38.0,28.0,25.0,28.0,26.0,22.0,38.0,33.0,23.0,24.0,32.0,36.0,28.0,36.0,28.0,33.0,26.0,33.0,29.0,30.0,27.0,37.0,30.0,28.0,35.0,39.0
34.0,26.0,19.0,19.0,18.0,24.0,16.0,24.0,22.0,27.0,25.0,26.0,22.0,21.0,19.0,23.0,19.0,26.0,20.0,20.0,24.0,28.0,24.0,20.0,17.0,17.0,19.0,22.0,21.0,18.0,20.0,26.0,14.0,24.0,23.0,24.0,22.0,25.0,22.0,18.0,28.0,21.0,26.0,24.0,29.0,20.0,18.0,22.0,21.0,19.0
21.0,17.0,29.0,21.0,32.0,28.0,27.0,36.0,33.0,28.0,33.0,25.0,18.0,23.0,27.0,25.0,19.0,26.0,21.0,30.0,20.0,22.0,27.0,21.0,26.0,22.0,20.0,21.0,23.0,29.0,23.0,23.0,30.0,17.0,21.0,21.0,25.0,28.0,13.0,19.0,29.0,27.0,18.0,24.0,23.0,26.0,27.0,21.0,24.0,28.0
25.0,37.0,18.0,25.0,30.0,17.0,19.0,28.0,27.0,19.0,21.0,22.0,26.0,15.0,25.0,20.0,25.0,32.0,19.0,31.0,18.0,17.0,23.0,42.0,18.0,24.0,24.0,28.0,31.0,20.0,27.0,22.0,18.0,22.0,26.0,18.0,25.0,30.0,26.0,19.0,29.0,14.0,25.0,27.0,26.0,27.0,20.0,19.0,23.0,17.0
15.0,17.0,17.0,28.0,30.0,14.0,20.0,24.0,27.0,26.0,23.0,24.0,27.0,24.0,18.0,25.0,17.0,28.0,34.0,27.0,24.0,23.0,30.0,18.0,17.0,26.0,30.0,31.0,19.0,25.0,17.0,32.0,32.0,27.0,24.0,24.0,15.0,27.0,27.0,37.0,29.0,19.0,20.0,21.0,19.0,15.0,24.0,20.0,30.0,28.0
32.0,31.0,30.0,36.0,45.0,30.0,22.0,45.0,38.0,35.0,38.0,35.0,34.0,34.0,34.0,38.0,29.0,43.0,47.0,35.0,37.0,27.0,36.0,27.0,36.0,32.0,36.0,38.0,29.0,43.0,34.0,32.0,54.0,32.0,32.0,23.0,40.0,29.0,28.0,34.0,33.0,32.0,37.0,33.0,30.0,31.0,27.0,44.0,35.0,39.0
23.0,23.0,20.0,25.0,27.0,16.0,22.0,29.0,24.0,23.0,36.0,23.0,18.0,20.0,29.0,24.0,26.0,19.0,32.0,23.0,25.0,29.0,25.0,23.0,25.0,23.0,23.0,29.0,18.0,18.0,22.0,28.0,24.0,33.0,24.0,24.0,21.0,23.0,20.0,20.0,34.0,31.0,26.0,14.0,18.0,15.0,21.0,16.0,22.0,28.0
