10,50,1000
19.578439,19.673877,15.343012,17.563874,17.360454,18.871753,17.194219,19.472443,15.340172,16.326547
5.098158,9.866753,9.124084,5.491423,8.886518,7.115089,5.578003,7.388137,9.829502,7.356809
0.0,10.0,20.0,30.0,40.0,50.0,60.0,70.0,80.0,90.0
10.0,0.0,10.0,20.0,30.0,40.0,50.0,60.0,70.0,80.0
20.0,10.0,0.0,10.0,20.0,30.0,40.0,50.0,60.0,70.0
30.0,20.0,10.0,0.0,10.0,20.0,30.0,40.0,50.0,60.0
40.0,30.0,20.0,10.0,0.0,10.0,20.0,30.0,40.0,50.0
50.0,40.0,30.0,20.0,10.0,0.0,10.0,20.0,30.0,40.0
60.0,50.0,40.0,30.0,20.0,10.0,0.0,10.0,20.0,30.0
70.0,60.0,50.0,40.0,30.0,20.0,10.0,0.0,10.0,20.0
80.0,70.0,60.0,50.0,40.0,30.0,20.0,10.0,0.0,10.0
90.0,80.0,70.0,60.0,50.0,40.0,30.0,20.0,10.0,0.0
450.0,400.0,350.0,300.0,250.0,250.0,300.0,350.0,400.0,450.0
0.0,1.0,2.0,3.0,4.0,5.0,6.0,7.0,8.0,9.0
1.0,0.0,1.0,2.0,3.0,4.0,5.0,6.0,7.0,8.0
2.0,1.0,0.0,1.0,2.0,3.0,4.0,5.0,6.0,7.0
3.0,2.0,1.0,0.0,1.0,2.0,3.0,4.0,5.0,6.0
4.0,3.0,2.0,1.0,0.0,1.0,2.0,3.0,4.0,5.0
5.0,4.0,3.0,2.0,1.0,0.0,1.0,2.0,3.0,4.0
6.0,5.0,4.0,3.0,2.0,1.0,0.0,1.0,2.0,3.0
7.0,6.0,5.0,4.0,3.0,2.0,1.0,0.0,1.0,2.0
8.0,7.0,6.0,5.0,4.0,3.0,2.0,1.0,0.0,1.0
9.0,8.0,7.0,6.0,5.0,4.0,3.0,2.0,1.0,0.0
45.0,40.0,35.0,30.0,25.0,25.0,30.0,35.0,40.0,45.0
23.0,18.0,26.0,28.0,24.0,23.0,24.0,23.0,16.0,29.0,20.0,22.0,31.0,20.0,20.0,22.0,16.0,26.0,23.0,20.0,29.0,21.0,16.0,25.0,27.0,18.0,21.0,22.0,20.0,22.0,20.0,16.0,21.0,17.0,27.0,17.0,15.0,21.0,14.0,22.0,23.0,22.0,16.0,28.0,23.0,27.0,24.0,20.0,25.0,20.0
37.0,32.0,41.0,40.0,29.0,27.0,36.0,41.0,37.0,43.0,34.0,41.0,42.0,39.0,29.0,30.0,35.0,34.0,46.0,44.0,34.0,31.0,33.0,47.0,37.0,27.0,32.0,33.0,33.0,39.0,27.0,40.0,32.0,37.0,44.0,43.0,32.0,32.0,34.0,35.0,41.0,32.0,34.0,36.0,41.0,32.0,47.0,25.0,48.0,30.0
36.0,31.0,28.0,34.0,28.0,24.0,40.0,30.0,26.0,41.0,37.0,42.0,25.0,33.0,34.0,41.0,26.0,28.0,21.0,35.0,41.0,36.0,39.0,30.0,33.0,34.0,30.0,28.0,34.0,40.0,34.0,38.0,18.0,31.0,51.0,39.0,34.0,39.0,29.0,41.0,42.0,27.0,41.0,40.0,47.0,40.0,36.0,39.0,29.0,17.0
21.0,18.0,16.0,23.0,23.0,21.0,18.0,17.0,22.0,16.0,22.0,22.0,23.0,27.0,16.0,26.0,24.0,24.0,15.0,28.0,25.0,25.0,20.0,18.0,20.0,24.0,18.0,28.0,18.0,21.0,24.0,17.0,29.0,22.0,13.0,16.0,22.0,20.0,25.0,22.0,26.0,24.0,21.0,22.0,25.0,23.0,17.0,24.0,18.0,23.0
42.0,22.0,29.0,27.0,33.0,27.0,35.0,37.0,21.0,29.0,41.0,26.0,33.0,34.0,31.0,31.0,27.0,34.0,31.0,38.0,30.0,28.0,31.0,40.0,37.0,36.0,28.0,36.0,39.0,36.0,31.0,33.0,25.0,36.0,33.0,24.0,40.0,33.0,29.0,37.0,34.0,22.0,32.0,27.0,35.0,30.0,33.0,35.0,46.0,30.0
20.0,29.0,34.0,30.0,36.0,24.0,33.0,28.0,27.0,24.0,27.0,24.0,25.0,31.0,23.0,28.0,28.0,23.0,28.0,30.0,28.0,23.0,32.0,37.0,40.0,29.0,21.0,23.0,33.0,39.0,22.0,19.0,26.0,19.0,33.0,37.0,32.0,33.0,20.0,32.0,28.0,30.0,32.0,34.0,22.0,34.0,23.0,23.0,36.0,33.0
30.0,22.0,26.0,23.0,38.0,20.0,23.0,32.0,14.0,26.0,25.0,17.0,21.0,20.0,16.0,28.0,22.0,18.0,23.0,24.0,20.0,31.0,17.0,34.0,26.0,20.0,26.0,27.0,17.0,21.0,24.0,27.0,12.0,26.0,34.0,23.0,23.0,22.0,27.0,23.0,24.0,21.0,27.0,28.0,25.0,19.0,15.0,23.0,24.0,29.0
20.0,24.0,24.0,25.0,19.0,47.0,30.0,27.0,31.0,27.0,36.0,25.0,29.0,34.0,30.0,18.0,25.0,17.0,27.0,24.0,27.0,32.0,31.0,18.0,27.0,30.0,26.0,20.0,33.0,25.0,25.0,30.0,25.0,38.0,32.0,35.0,32.0,32.0,26.0,29.0,31.0,34.0,29.0,29.0,36.0,35.0,26.0,25.0,37.0,29.0
34.0,33.0,34.0,31.0,34.0,48.0,26.0,31.0,38.0,43.0,40.0,34.0,39.0,32.0,28.0,34.0,33.0,32.0,43.0,35.0,30.0,38.0,35.0,40.0,43.0,36.0,39.0,34.0,41.0,26.0,38.0,39.0,34.0,44.0,43.0,48.0,28.0,50.0,35.0,33.0,39.0,33.0,42.0,49.0,49.0,31.0,50.0,33.0,41.0,24.0
31.0,23.0,26.0,30.0,25.0,24.0,21.0,18.0,34.0,22.0,27.0,31.0,32.0,25.0,38.0,29.0,32.0,24.0,24.0,43.0,40.0,31.0,28.0,32.0,23.0,33.0,17.0,20.0,20.0,21.0,29.0,31.0,37.0,36.0,32.0,20.0,26.0,27.0,25.0,28.0,26.0,30.0,25.0,24.0,26.0,33.0,23.0,34.0,27.0,34.0
