10,50,1000
17.803161,16.960862,15.945057,15.088264,19.613108,19.696531,17.603301,15.058247,19.3141,18.206206
5.34386,9.223727,8.938535,6.893063,5.027783,9.504296,9.409867,8.582512,8.462195,9.99483
0.0,10.0,20.0,30.0,40.0,50.0,60.0,70.0,80.0,90.0
10.0,0.0,10.0,20.0,30.0,40.0,50.0,60.0,70.0,80.0
20.0,10.0,0.0,10.0,20.0,30.0,40.0,50.0,60.0,70.0
30.0,20.0,10.0,0.0,10.0,20.0,30.0,40.0,50.0,60.0
40.0,30.0,20.0,10.0,0.0,10.0,20.0,30.0,40.0,50.0
50.0,40.0,30.0,20.0,10.0,0.0,10.0,20.0,30.0,40.0
60.0,50.0,40.0,30.0,20.0,10.0,0.0,10.0,20.0,30.0
70.0,60.0,50.0,40.0,30.0,20.0,10.0,0.0,10.0,20.0
80.0,70.0,60.0,50.0,40.0,30.0,20.0,10.0,0.0,10.0
90.0,80.0,70.0,60.0,50.0,40.0,30.0,20.0,10.0,0.0
450.0,400.0,350.0,300.0,250.0,250.0,300.0,350.0,400.0,450.0
0.0,1.0,2.0,3.0,4.0,5.0,6.0,7.0,8.0,9.0
1.0,0.0,1.0,2.0,3.0,4.0,5.0,6.0,7.0,8.0
2.0,1.0,0.0,1.0,2.0,3.0,4.0,5.0,6.0,7.0
3.0,2.0,1.0,0.0,1.0,2.0,3.0,4.0,5.0,6.0
4.0,3.0,2.0,1.0,0.0,1.0,2.0,3.0,4.0,5.0
5.0,4.0,3.0,2.0,1.0,0.0,1.0,2.0,3.0,4.0
6.0,5.0,4.0,3.0,2.0,1.0,0.0,1.0,2.0,3.0
7.0,6.0,5.0,4.0,3.0,2.0,1.0,0.0,1.0,2.0
8.0,7.0,6.0,5.0,4.0,3.0,2.0,1.0,0.0,1.0
9.0,8.0,7.0,6.0,5.0,4.0,3.0,2.0,1.0,0.0
45.0,40.0,35.0,30.0,25.0,25.0,30.0,35.0,40.0,45.0
23.0,15.0,23.0,15.0,8.0,23.0,18.0,24.0,23.0,28.0,20.0,16.0,29.0,21.0,18.0,21.0,28.0,17.0,29.0,24.0,19.0,24.0,15.0,22.0,19.0,21.0,26.0,26.0,22.0,28.0,16.0,17.0,22.0,19.0,23.0,28.0,14.0,31.0,25.0,25.0,19.0,16.0,13.0,19.0,32.0,19.0,27.0,17.0,26.0,25.0
33.0,40.0,33.0,28.0,45.0,33.0,24.0,28.0,39.0,30.0,43.0,40.0,41.0,28.0,34.0,34.0,32.0,37.0,33.0,32.0,35.0,38.0,32.0,38.0,28.0,25.0,40.0,32.0,26.0,37.0,37.0,32.0,35.0,34.0,33.0,37.0,38.0,33.0,33.0,27.0,39.0,37.0,37.0,33.0,27.0,35.0,27.0,27.0,29.0,33.0
29.0,27.0,39.0,46.0,35.0,24.0,38.0,29.0,35.0,39.0,31.0,31.0,31.0,26.0,37.0,36.0,25.0,28.0,34.0,36.0,34.0,31.0,35.0,30.0,30.0,39.0,35.0,31.0,25.0,33.0,32.0,36.0,39.0,26.0,37.0,32.0,29.0,29.0,41.0,37.0,33.0,29.0,39.0,39.0,41.0,32.0,30.0,29.0,31.0,33.0
20.0,26.0,21.0,26.0,19.0,28.0,30.0,25.0,37.0,23.0,24.0,31.0,23.0,30.0,23.0,26.0,16.0,26.0,18.0,24.0,27.0,26.0,26.0,22.0,21.0,21.0,27.0,23.0,22.0,29.0,33.0,18.0,24.0,19.0,30.0,38.0,25.0,25.0,32.0,28.0,27.0,19.0,32.0,28.0,24.0,30.0,37.0,36.0,22.0,27.0
18.0,19.0,21.0,18.0,20.0,21.0,14.0,17.0,18.0,18.0,26.0,26.0,26.0,24.0,27.0,20.0,21.0,20.0,15.0,23.0,24.0,16.0,24.0,18.0,22.0,27.0,25.0,30.0,15.0,13.0,21.0,13.0,22.0,22.0,16.0,13.0,22.0,21.0,18.0,13.0,15.0,17.0,21.0,20.0,29.0,30.0,22.0,25.0,23.0,23.0
30.0,40.0,47.0,27.0,32.0,34.0,38.0,29.0,37.0,27.0,27.0,41.0,37.0,36.0,28.0,32.0,32.0,39.0,37.0,27.0,24.0,27.0,36.0,34.0,42.0,44.0,43.0,45.0,31.0,33.0,38.0,31.0,41.0,34.0,34.0,44.0,41.0,34.0,56.0,40.0,44.0,28.0,46.0,38.0,36.0,37.0,40.0,42.0,38.0,43.0
35.0,30.0,36.0,22.0,40.0,38.0,34.0,30.0,35.0,29.0,29.0,31.0,24.0,40.0,29.0,43.0,24.0,35.0,36.0,28.0,30.0,38.0,30.0,32.0,47.0,33.0,29.0,17.0,42.0,25.0,43.0,38.0,30.0,26.0,31.0,31.0,38.0,47.0,36.0,39.0,23.0,26.0,32.0,41.0,43.0,37.0,30.0,31.0,43.0,35.0
36.0,20.0,26.0,43.0,41.0,25.0,37.0,21.0,30.0,33.0,26.0,32.0,33.0,32.0,40.0,28.0,25.0,34.0,27.0,35.0,29.0,30.0,29.0,37.0,35.0,38.0,36.0,36.0,30.0,33.0,27.0,30.0,32.0,27.0,41.0,25.0,33.0,36.0,37.0,30.0,21.0,25.0,29.0,28.0,26.0,33.0,29.0,33.0,29.0,39.0
32.0,34.0,33.0,35.0,35.0,37.0,37.0,34.0,33.0,26.0,30.0,23.0,22.0,32.0,28.0,32.0,24.0,39.0,30.0,28.0,39.0,29.0,31.0,21.0,41.0,35.0,39.0,31.0,32.0,34.0,32.0,33.0,28.0,35.0,31.0,33.0,20.0,35.0,35.0,43.0,37.0,37.0,40.0,39.0,29.0,35.0,34.0,33.0,31.0,28.0
35.0,29.0,30.0,37.0,40.0,40.0,38.0,37.0,28.0,40.0,37.0,37.0,33.0,39.0,34.0,35.0,35.0,39.0,34.0,43.0,32.0,39.0,37.0,42.0,40.0,32.0,38.0,37.0,54.0,40.0,27.0,34.0,37.0,29.0,29.0,40.0,39.0,45.0,36.0,37.0,29.0,41.0,36.0,37.0,37.0,32.0,32.0,42.0,41.0,37.0
