10,50,1000
16.209598,17.552086,16.0576,16.337626,15.785831,18.021266,19.249871,17.936338,17.907984,17.192902
6.353389,8.728913,7.821543,5.579753,9.811544,7.228827,8.552822,8.174436,9.009509,5.691162
0.0,10.0,20.0,30.0,40.0,50.0,60.0,70.0,80.0,90.0
10.0,0.0,10.0,20.0,30.0,40.0,50.0,60.0,70.0,80.0
20.0,10.0,0.0,10.0,20.0,30.0,40.0,50.0,60.0,70.0
30.0,20.0,10.0,0.0,10.0,20.0,30.0,40.0,50.0,60.0
40.0,30.0,20.0,10.0,0.0,10.0,20.0,30.0,40.0,50.0
50.0,40.0,30.0,20.0,10.0,0.0,10.0,20.0,30.0,40.0
60.0,50.0,40.0,30.0,20.0,10.0,0.0,10.0,20.0,30.0
70.0,60.0,50.0,40.0,30.0,20.0,10.0,0.0,10.0,20.0
80.0,70.0,60.0,50.0,40.0,30.0,20.0,10.0,0.0,10.0
90.0,80.0,70.0,60.0,50.0,40.0,30.0,20.0,10.0,0.0
450.0,400.0,350.0,300.0,250.0,250.0,300.0,350.0,400.0,450.0
0.0,1.0,2.0,3.0,4.0,5.0,6.0,7.0,8.0,9.0
1.0,0.0,1.0,2.0,3.0,4.0,5.0,6.0,7.0,8.0
2.0,1.0,0.0,1.0,2.0,3.0,4.0,5.0,6.0,7.0
3.0,2.0,1.0,0.0,1.0,2.0,3.0,4.0,5.0,6.0
4.0,3.0,2.0,1.0,0.0,1.0,2.0,3.0,4.0,5.0
5.0,4.0,3.0,2.0,1.0,0.0,1.0,2.0,3.0,4.0
6.0,5.0,4.0,3.0,2.0,1.0,0.0,1.0,2.0,3.0
7.0,6.0,5.0,4.0,3.0,2.0,1.0,0.0,1.0,2.0
8.0,7.0,6.0,5.0,4.0,3.0,2.0,1.0,0.0,1.0
9.0,8.0,7.0,6.0,5.0,4.0,3.0,2.0,1.0,0.0
45.0,40.0,35.0,30.0,25.0,25.0,30.0,35.0,40.0,45.0
26.0,31.0,24.0,26.0,16.0,27.0,29.0,26.0,21.0,32.0,25.0,24.0,27.0,23.0,27.0,31.0,19.0,27.0,26.0,31.0,22.0,26.0,30.0,17.0,35.0,24.0,18.0,21.0,28.0,30.0,24.0,21.0,23.0,24.0,20.0,24.0,29.0,28.0,17.0,20.0,18.0,28.0,31.0,31.0,26.0,24.0,18.0,28.0,28.0,17.0
30.0,30.0,25.0,29.0,31.0,26.0,36.0,39.0,41.0,39.0,24.0,43.0,40.0,37.0,32.0,32.0,28.0,35.0,26.0,30.0,29.0,32.0,31.0,29.0,35.0,42.0,39.0,29.0,41.0,27.0,32.0,22.0,28.0,36.0,32.0,26.0,34.0,36.0,39.0,40.0,24.0,32.0,40.0,35.0,26.0,31.0,45.0,26.0,33.0,31.0
36.0,25.0,25.0,23.0,29.0,32.0,22.0,40.0,22.0,23.0,36.0,22.0,31.0,32.0,31.0,27.0,27.0,34.0,20.0,36.0,25.0,25.0,25.0,23.0,25.0,28.0,30.0,42.0,21.0,29.0,26.0,31.0,23.0,17.0,25.0,36.0,28.0,24.0,29.0,30.0,25.0,33.0,25.0,18.0,30.0,23.0,26.0,30.0,35.0,24.0
13.0,25.0,24.0,13.0,24.0,18.0,15.0,24.0,25.0,17.0,32.0,19.0,22.0,27.0,18.0,25.0,30.0,19.0,26.0,32.0,16.0,14.0,17.0,22.0,27.0,27.0,31.0,19.0,21.0,21.0,18.0,22.0,18.0,24.0,14.0,23.0,24.0,23.0,12.0,27.0,19.0,26.0,17.0,19.0,13.0,30.0,29.0,19.0,24.0,30.0
39.0,31.0,35.0,44.0,33.0,34.0,33.0,33.0,43.0,36.0,32.0,52.0,38.0,34.0,34.0,33.0,39.0,28.0,33.0,37.0,32.0,33.0,46.0,48.0,43.0,26.0,40.0,36.0,26.0,33.0,42.0,31.0,30.0,37.0,41.0,45.0,29.0,34.0,32.0,30.0,23.0,26.0,38.0,39.0,35.0,40.0,35.0,33.0,32.0,38.0
17.0,33.0,34.0,22.0,42.0,29.0,26.0,24.0,13.0,29.0,17.0,25.0,27.0,33.0,18.0,33.0,23.0,24.0,32.0,33.0,26.0,26.0,37.0,28.0,26.0,29.0,27.0,35.0,19.0,39.0,28.0,24.0,33.0,39.0,19.0,32.0,25.0,29.0,29.0,23.0,32.0,24.0,32.0,22.0,25.0,27.0,34.0,39.0,25.0,40.0
27.0,27.0,41.0,37.0,39.0,26.0,36.0,25.0,37.0,34.0,22.0,39.0,39.0,34.0,43.0,30.0,29.0,35.0,44.0,34.0,39.0,29.0,29.0,29.0,40.0,37.0,30.0,31.0,34.0,32.0,34.0,33.0,32.0,37.0,31.0,31.0,32.0,33.0,25.0,39.0,18.0,46.0,27.0,23.0,29.0,36.0,37.0,28.0,25.0,47.0
29.0,31.0,27.0,34.0,43.0,37.0,33.0,39.0,42.0,27.0,31.0,33.0,25.0,32.0,31.0,35.0,32.0,34.0,33.0,36.0,31.0,25.0,33.0,34.0,28.0,36.0,27.0,25.0,36.0,28.0,34.0,40.0,23.0,35.0,31.0,27.0,50.0,26.0,26.0,27.0,32.0,28.0,34.0,34.0,29.0,37.0,29.0,21.0,24.0,30.0
35.0,33.0,35.0,25.0,45.0,44.0,37.0,46.0,41.0,37.0,37.0,37.0,37.0,31.0,28.0,43.0,29.0,25.0,32.0,34.0,35.0,37.0,24.0,26.0,44.0,37.0,37.0,35.0,40.0,33.0,28.0,42.0,26.0,30.0,38.0,24.0,26.0,40.0,31.0,29.0,28.0,48.0,27.0,31.0,35.0,35.0,28.0,30.0,36.0,35.0
17.0,17.0,21.0,21.0,26.0,27.0,23.0,27.0,18.0,21.0,20.0,19.0,28.0,21.0,19.0,13.0,22.0,19.0,25.0,28.0,30.0,20.0,26.0,16.0,13.0,23.0,25.0,18.0,25.0,18.0,37.0,28.0,20.0,20.0,23.0,20.0,11.0,22.0,20.0,20.0,27.0,24.0,20.0,21.0,37.0,21.0,22.0,28.0,26.0,30.0
