10,50,1000
19.030455,16.668804,17.067062,15.970704,15.21066,18.68216,16.300668,19.219448,16.884593,17.554548
6.711844,9.753309,9.551338,9.095088,9.567226,6.612865,7.378603,8.133345,6.756833,8.398109
0.0,10.0,20.0,30.0,40.0,50.0,60.0,70.0,80.0,90.0
10.0,0.0,10.0,20.0,30.0,40.0,50.0,60.0,70.0,80.0
20.0,10.0,0.0,10.0,20.0,30.0,40.0,50.0,60.0,70.0
30.0,20.0,10.0,0.0,10.0,20.0,30.0,40.0,50.0,60.0
40.0,30.0,20.0,10.0,0.0,10.0,20.0,30.0,40.0,50.0
50.0,40.0,30.0,20.0,10.0,0.0,10.0,20.0,30.0,40.0
60.0,50.0,40.0,30.0,20.0,10.0,0.0,10.0,20.0,30.0
70.0,60.0,50.0,40.0,30.0,20.0,10.0,0.0,10.0,20.0
80.0,70.0,60.0,50.0,40.0,30.0,20.0,10.0,0.0,10.0
90.0,80.0,70.0,60.0,50.0,40.0,30.0,20.0,10.0,0.0
450.0,400.0,350.0,300.0,250.0,250.0,300.0,350.0,400.0,450.0
0.0,1.0,2.0,3.0,4.0,5.0,6.0,7.0,8.0,9.0
1.0,0.0,1.0,2.0,3.0,4.0,5.0,6.0,7.0,8.0
2.0,1.0,0.0,1.0,2.0,3.0,4.0,5.0,6.0,7.0
3.0,2.0,1.0,0.0,1.0,2.0,3.0,4.0,5.0,6.0
4.0,3.0,2.0,1.0,0.0,1.0,2.0,3.0,4.0,5.0
5.0,4.0,3.0,2.0,1.0,0.0,1.0,2.0,3.0,4.0
6.0,5.0,4.0,3.0,2.0,1.0,0.0,1.0,2.0,3.0
7.0,6.0,5.0,4.0,3.0,2.0,1.0,0.0,1.0,2.0
8.0,7.0,6.0,5.0,4.0,3.0,2.0,1.0,0.0,1.0
9.0,8.0,7.0,6.0,5.0,4.0,3.0,2.0,1.0,0.0
45.0,40.0,35.0,30.0,25.0,25.0,30.0,35.0,40.0,45.0
27.0,24.0,27.0,22.0,20.0,26.0,38.0,30.0,29.0,24.0,29.0,18.0,22.0,27.0,30.0,23.0,29.0,24.0,24.0,29.0,28.0,26.0,31.0,28.0,27.0,29.0,31.0,22.0,29.0,19.0,19.0,27.0,39.0,21.0,25.0,25.0,40.0,25.0,38.0,25.0,16.0,29.0,20.0,25.0,27.0,21.0,31.0,29.0,24.0,31.0
33.0,38.0,29.0,37.0,47.0,37.0,26.0,35.0,36.0,30.0,32.0,39.0,36.0,39.0,34.0,28.0,39.0,24.0,45.0,35.0,38.0,40.0,40.0,40.0,27.0,43.0,37.0,36.0,34.0,38.0,37.0,46.0,36.0,41.0,42.0,34.0,44.0,36.0,36.0,35.0,43.0,37.0,42.0,42.0,30.0,37.0,38.0,38.0,38.0,35.0
32.0,23.0,29.0,33.0,26.0,41.0,34.0,28.0,35.0,42.0,39.0,49.0,28.0,42.0,47.0,35.0,33.0,30.0,31.0,33.0,30.0,43.0,46.0,27.0,25.0,35.0,25.0,29.0,34.0,32.0,36.0,35.0,42.0,29.0,40.0,25.0,39.0,37.0,32.0,28.0,34.0,35.0,43.0,28.0,38.0,34.0,36.0,43.0,32.0,43.0
43.0,41.0,33.0,29.0,24.0,30.0,33.0,33.0,32.0,39.0,29.0,29.0,26.0,21.0,31.0,28.0,38.0,33.0,29.0,32.0,29.0,27.0,38.0,33.0,33.0,38.0,30.0,24.0,37.0,34.0,29.0,33.0,34.0,33.0,36.0,26.0,33.0,36.0,31.0,42.0,35.0,31.0,35.0,34.0,37.0,25.0,29.0,29.0,29.0,33.0
35.0,37.0,39.0,25.0,42.0,30.0,34.0,34.0,41.0,36.0,30.0,31.0,40.0,42.0,32.0,28.0,40.0,42.0,49.0,36.0,38.0,37.0,29.0,36.0,40.0,41.0,33.0,51.0,42.0,28.0,36.0,27.0,45.0,35.0,36.0,40.0,34.0,39.0,29.0,29.0,42.0,32.0,39.0,30.0,41.0,34.0,28.0,33.0,34.0,30.0
16.0,18.0,29.0,26.0,20.0,33.0,24.0,22.0,33.0,31.0,18.0,20.0,31.0,21.0,23.0,31.0,20.0,23.0,24.0,32.0,28.0,24.0,26.0,22.0,32.0,28.0,25.0,19.0,38.0,27.0,30.0,24.0,21.0,33.0,20.0,27.0,27.0,29.0,15.0,19.0,22.0,27.0,30.0,31.0,23.0,23.0,23.0,21.0,21.0,29.0
29.0,20.0,32.0,33.0,27.0,28.0,28.0,24.0,21.0,26.0,26.0,22.0,23.0,33.0,38.0,37.0,25.0,21.0,29.0,33.0,28.0,23.0,29.0,37.0,29.0,32.0,30.0,25.0,23.0,26.0,32.0,26.0,25.0,26.0,22.0,33.0,26.0,23.0,25.0,28.0,30.0,28.0,27.0,29.0,25.0,23.0,24.0,20.0,32.0,16.0
32.0,20.0,32.0,37.0,31.0,37.0,33.0,30.0,33.0,29.0,30.0,29.0,36.0,33.0,44.0,38.0,30.0,27.0,39.0,40.0,33.0,32.0,34.0,34.0,30.0,31.0,28.0,38.0,29.0,37.0,33.0,26.0,34.0,29.0,32.0,31.0,24.0,36.0,30.0,23.0,26.0,41.0,28.0,28.0,29.0,31.0,29.0,34.0,33.0,25.0
32.0,21.0,25.0,32.0,24.0,22.0,16.0,30.0,21.0,28.0,25.0,28.0,29.0,27.0,35.0,27.0,24.0,18.0,26.0,17.0,25.0,22.0,25.0,27.0,36.0,35.0,26.0,26.0,24.0,29.0,21.0,30.0,22.0,31.0,21.0,33.0,26.0,26.0,30.0,33.0,27.0,33.0,29.0,30.0,28.0,26.0,23.0,31.0,31.0,24.0
39.0,35.0,29.0,39.0,28.0,23.0,33.0,39.0,29.0,37.0,39.0,31.0,18.0,32.0,28.0,26.0,24.0,33.0,43.0,32.0,30.0,27.0,34.0,23.0,24.0,29.0,42.0,28.0,33.0,36.0,37.0,31.0,36.0,38.0,34.0,37.0,32.0,39.0,31.0,44.0,37.0,22.0,34.0,28.0,36.0,38.0,34.0,33.0,26.0,37.0
