10,50,1000
15.29131,15.612166,18.259099,17.870169,18.662554,16.1994,16.212118,17.446754,19.324464,15.199812
8.10079,7.484523,6.278155,8.678643,5.251355,6.376471,6.553737,9.720709,8.10347,8.163615
0.0,10.0,20.0,30.0,40.0,50.0,60.0,70.0,80.0,90.0
10.0,0.0,10.0,20.0,30.0,40.0,50.0,60.0,70.0,80.0
20.0,10.0,0.0,10.0,20.0,30.0,40.0,50.0,60.0,70.0
30.0,20.0,10.0,0.0,10.0,20.0,30.0,40.0,50.0,60.0
40.0,30.0,20.0,10.0,0.0,10.0,20.0,30.0,40.0,50.0
50.0,40.0,30.0,20.0,10.0,0.0,10.0,20.0,30.0,40.0
60.0,50.0,40.0,30.0,20.0,10.0,0.0,10.0,20.0,30.0
70.0,60.0,50.0,40.0,30.0,20.0,10.0,0.0,10.0,20.0
80.0,70.0,60.0,50.0,40.0,30.0,20.0,10.0,0.0,10.0
90.0,80.0,70.0,60.0,50.0,40.0,30.0,20.0,10.0,0.0
450.0,400.0,350.0,300.0,250.0,250.0,300.0,350.0,400.0,450.0
0.0,1.0,2.0,3.0,4.0,5.0,6.0,7.0,8.0,9.0
1.0,0.0,1.0,2.0,3.0,4.0,5.0,6.0,7.0,8.0
2.0,1.0,0.0,1.0,2.0,3.0,4.0,5.0,6.0,7.0
3.0,2.0,1.0,0.0,1.0,2.0,3.0,4.0,5.0,6.0
4.0,3.0,2.0,1.0,0.0,1.0,2.0,3.0,4.0,5.0
5.0,4.0,3.0,2.0,1.0,0.0,1.0,2.0,3.0,4.0
6.0,5.0,4.0,3.0,2.0,1.0,0.0,1.0,2.0,3.0
7.0,6.0,5.0,4.0,3.0,2.0,1.0,0.0,1.0,2.0
8.0,7.0,6.0,5.0,4.0,3.0,2.0,1.0,0.0,1.0
9.0,8.0,7.0,6.0,5.0,4.0,3.0,2.0,1.0,0.0
45.0,40.0,35.0,30.0,25.0,25.0,30.0,35.0,40.0,45.0
33.0,27.0,34.0,21.0,34.0,30.0,35.0,31.0,30.0,31.0,30.0,36.0,29.0,29.0,31.0,35.0,37.0,28.0,47.0,36.0,26.0,31.0,24.0,33.0,35.0,24.0,25.0,32.0,35.0,37.0,32.0,29.0,38.0,31.0,39.0,27.0,35.0,37.0,24.0,25.0,28.0,34.0,39.0,38.0,30.0,26.0,26.0,35.0,29.0,33.0
26.0,23.0,24.0,26.0,37.0,29.0,27.0,33.0,31.0,30.0,38.0,32.0,21.0,21.0,31.0,21.0,36.0,24.0,20.0,28.0,22.0,27.0,30.0,25.0,21.0,33.0,36.0,23.0,33.0,26.0,23.0,27.0,22.0,30.0,22.0,21.0,30.0,36.0,30.0,25.0,34.0,33.0,17.0,19.0,22.0,27.0,35.0,27.0,38.0,26.0
23.0,24.0,32.0,26.0,21.0,27.0,29.0,35.0,26.0,22.0,25.0,18.0,18.0,21.0,9.0,25.0,19.0,23.0,23.0,14.0,34.0,22.0,31.0,30.0,18.0,25.0,19.0,24.0,22.0,26.0,31.0,28.0,22.0,20.0,27.0,28.0,20.0,22.0,32.0,17.0,33.0,21.0,20.0,24.0,29.0,26.0,20.0,22.0,22.0,19.0
32.0,36.0,36.0,36.0,35.0,34.0,41.0,40.0,27.0,31.0,26.0,32.0,32.0,35.0,40.0,28.0,37.0,34.0,33.0,44.0,35.0,42.0,39.0,32.0,39.0,34.0,29.0,35.0,46.0,41.0,40.0,28.0,37.0,24.0,40.0,27.0,36.0,31.0,31.0,37.0,33.0,36.0,31.0,40.0,29.0,30.0,26.0,37.0,29.0,29.0
27.0,19.0,22.0,23.0,25.0,20.0,28.0,26.0,25.0,24.0,23.0,22.0,26.0,17.0,26.0,25.0,32.0,22.0,26.0,30.0,17.0,31.0,20.0,23.0,25.0,20.0,17.0,34.0,28.0,25.0,17.0,17.0,17.0,20.0,18.0,32.0,21.0,21.0,23.0,28.0,23.0,23.0,15.0,20.0,23.0,27.0,25.0,26.0,20.0,17.0
23.0,19.0,32.0,28.0,14.0,34.0,13.0,19.0,25.0,30.0,25.0,27.0,25.0,28.0,22.0,19.0,18.0,23.0,22.0,32.0,20.0,32.0,32.0,28.0,19.0,22.0,36.0,20.0,28.0,23.0,25.0,23.0,24.0,34.0,40.0,29.0,26.0,28.0,26.0,27.0,23.0,27.0,16.0,20.0,22.0,19.0,22.0,33.0,22.0,26.0
17.0,29.0,29.0,27.0,26.0,27.0,29.0,23.0,26.0,25.0,17.0,35.0,32.0,24.0,26.0,32.0,27.0,20.0,28.0,20.0,16.0,27.0,27.0,25.0,20.0,26.0,30.0,18.0,24.0,16.0,21.0,28.0,30.0,22.0,29.0,24.0,29.0,24.0,28.0,28.0,29.0,21.0,16.0,27.0,32.0,24.0,21.0,26.0,23.0,22.0
43.0,37.0,29.0,44.0,45.0,37.0,44.0,37.0,34.0,40.0,37.0,40.0,30.0,36.0,35.0,43.0,33.0,32.0,25.0,45.0,48.0,45.0,45.0,36.0,39.0,39.0,41.0,45.0,42.0,42.0,39.0,35.0,30.0,35.0,37.0,33.0,43.0,43.0,35.0,33.0,24.0,42.0,39.0,29.0,49.0,38.0,30.0,38.0,42.0,34.0
27.0,29.0,35.0,35.0,30.0,26.0,41.0,34.0,17.0,26.0,23.0,23.0,26.0,27.0,30.0,26.0,36.0,20.0,32.0,42.0,34.0,35.0,22.0,23.0,24.0,25.0,26.0,35.0,40.0,32.0,31.0,32.0,30.0,38.0,25.0,32.0,37.0,33.0,30.0,35.0,40.0,24.0,27.0,35.0,32.0,25.0,23.0,32.0,32.0,34.0
27.0,32.0,32.0,32.0,30.0,27.0,34.0,35.0,31.0,36.0,36.0,35.0,20.0,34.0,31.0,30.0,29.0,30.0,25.0,34.0,40.0,23.0,28.0,29.0,27.0,27.0,39.0,31.0,32.0,30.0,44.0,35.0,34.0,43.0,33.0,36.0,28.0,36.0,29.0,19.0,29.0,26.0,36.0,34.0,23.0,33.0,31.0,30.0,25.0,36.0
