10,50,1000
19.735198,18.472372,15.511565,16.244261,15.434569,15.557497,18.855702,16.163484,15.359084,16.246438
6.954193,8.137623,5.982717,7.523545,6.934685,8.856207,9.342925,5.227025,7.63396,6.177193
0.0,10.0,20.0,30.0,40.0,50.0,60.0,70.0,80.0,90.0
10.0,0.0,10.0,20.0,30.0,40.0,50.0,60.0,70.0,80.0
20.0,10.0,0.0,10.0,20.0,30.0,40.0,50.0,60.0,70.0
30.0,20.0,10.0,0.0,10.0,20.0,30.0,40.0,50.0,60.0
40.0,30.0,20.0,10.0,0.0,10.0,20.0,30.0,40.0,50.0
50.0,40.0,30.0,20.0,10.0,0.0,10.0,20.0,30.0,40.0
60.0,50.0,40.0,30.0,20.0,10.0,0.0,10.0,20.0,30.0
70.0,60.0,50.0,40.0,30.0,20.0,10.0,0.0,10.0,20.0
80.0,70.0,60.0,50.0,40.0,30.0,20.0,10.0,0.0,10.0
90.0,80.0,70.0,60.0,50.0,40.0,30.0,20.0,10.0,0.0
450.0,400.0,350.0,300.0,250.0,250.0,300.0,350.0,400.0,450.0
0.0,1.0,2.0,3.0,4.0,5.0,6.0,7.0,8.0,9.0
1.0,0.0,1.0,2.0,3.0,4.0,5.0,6.0,7.0,8.0
2.0,1.0,0.0,1.0,2.0,3.0,4.0,5.0,6.0,7.0
3.0,2.0,1.0,0.0,1.0,2.0,3.0,4.0,5.0,6.0
4.0,3.0,2.0,1.0,0.0,1.0,2.0,3.0,4.0,5.0
5.0,4.0,3.0,2.0,1.0,0.0,1.0,2.0,3.0,4.0
6.0,5.0,4.0,3.0,2.0,1.0,0.0,1.0,2.0,3.0
7.0,6.0,5.0,4.0,3.0,2.0,1.0,0.0,1.0,2.0
8.0,7.0,6.0,5.0,4.0,3.0,2.0,1.0,0.0,1.0
9.0,8.0,7.0,6.0,5.0,4.0,3.0,2.0,1.0,0.0
45.0,40.0,35.0,30.0,25.0,25.0,30.0,35.0,40.0,45.0
28.0,39.0,20.0,33.0,34.0,19.0,26.0,29.0,31.0,23.0,38.0,28.0,19.0,27.0,24.0,27.0,28.0,31.0,16.0,24.0,24.0,25.0,22.0,42.0,35.0,38.0,23.0,28.0,37.0,25.0,24.0,31.0,29.0,23.0,29.0,16.0,29.0,27.0,33.0,31.0,26.0,21.0,29.0,19.0,25.0,25.0,15.0,31.0,23.0,31.0
27.0,29.0,28.0,28.0,33.0,26.0,41.0,29.0,22.0,25.0,24.0,32.0,32.0,26.0,30.0,40.0,30.0,34.0,44.0,34.0,37.0,26.0,34.0,23.0,29.0,32.0,29.0,34.0,24.0,36.0,28.0,34.0,33.0,23.0,27.0,38.0,23.0,27.0,40.0,40.0,29.0,23.0,26.0,33.0,28.0,43.0,25.0,36.0,27.0,34.0
21.0,19.0,24.0,20.0,19.0,21.0,25.0,22.0,20.0,26.0,26.0,15.0,19.0,32.0,19.0,26.0,27.0,20.0,30.0,26.0,26.0,20.0,24.0,30.0,19.0,25.0,16.0,27.0,23.0,21.0,21.0,26.0,21.0,23.0,25.0,25.0,37.0,24.0,20.0,18.0,13.0,20.0,27.0,21.0,27.0,15.0,25.0,14.0,23.0,16.0
30.0,32.0,26.0,23.0,29.0,30.0,27.0,28.0,23.0,16.0,24.0,22.0,16.0,29.0,26.0,21.0,31.0,27.0,41.0,40.0,36.0,29.0,20.0,39.0,29.0,24.0,28.0,34.0,31.0,18.0,25.0,37.0,29.0,20.0,23.0,38.0,38.0,44.0,27.0,31.0,27.0,30.0,16.0,19.0,29.0,26.0,23.0,30.0,28.0,21.0
25.0,16.0,23.0,33.0,20.0,26.0,24.0,23.0,28.0,19.0,23.0,24.0,21.0,28.0,33.0,33.0,25.0,28.0,30.0,31.0,24.0,24.0,23.0,20.0,32.0,22.0,24.0,27.0,29.0,30.0,28.0,24.0,29.0,19.0,23.0,28.0,20.0,26.0,37.0,16.0,25.0,26.0,25.0,16.0,29.0,31.0,27.0,18.0,21.0,28.0
35.0,27.0,29.0,31.0,26.0,28.0,33.0,33.0,31.0,24.0,26.0,30.0,28.0,37.0,37.0,44.0,39.0,40.0,29.0,21.0,37.0,29.0,25.0,32.0,32.0,25.0,33.0,38.0,34.0,38.0,33.0,29.0,36.0,30.0,32.0,38.0,33.0,33.0,28.0,32.0,38.0,20.0,29.0,47.0,38.0,27.0,29.0,32.0,28.0,39.0
36.0,27.0,35.0,29.0,37.0,45.0,36.0,41.0,33.0,41.0,37.0,29.0,29.0,35.0,41.0,39.0,40.0,33.0,30.0,31.0,30.0,36.0,42.0,33.0,34.0,35.0,38.0,37.0,33.0,42.0,40.0,35.0,40.0,28.0,44.0,25.0,31.0,35.0,47.0,26.0,37.0,34.0,37.0,34.0,33.0,34.0,42.0,35.0,35.0,37.0
16.0,20.0,21.0,17.0,25.0,33.0,28.0,26.0,16.0,27.0,19.0,18.0,22.0,22.0,26.0,21.0,17.0,18.0,21.0,32.0,15.0,24.0,15.0,28.0,15.0,18.0,17.0,20.0,29.0,23.0,18.0,18.0,18.0,22.0,14.0,22.0,17.0,20.0,17.0,18.0,27.0,15.0,23.0,23.0,21.0,14.0,24.0,25.0,31.0,16.0
29.0,36.0,16.0,31.0,34.0,28.0,34.0,36.0,30.0,28.0,17.0,20.0,28.0,27.0,25.0,26.0,30.0,26.0,32.0,32.0,22.0,31.0,31.0,33.0,25.0,29.0,23.0,30.0,36.0,30.0,32.0,28.0,42.0,28.0,29.0,23.0,25.0,33.0,27.0,29.0,29.0,30.0,30.0,20.0,30.0,22.0,36.0,32.0,30.0,27.0
24.0,25.0,27.0,29.0,24.0,34.0,20.0,22.0,25.0,29.0,29.0,27.0,21.0,21.0,21.0,30.0,30.0,22.0,25.0,25.0,29.0,21.0,24.0,17.0,24.0,19.0,13.0,27.0,25.0,24.0,26.0,23.0,18.0,21.0,22.0,29.0,20.0,29.0,26.0,24.0,23.0,30.0,19.0,21.0,24.0,24.0,20.0,20.0,16.0,21.0
