10,50,1000
15.799236,16.501041,18.23006,16.462181,16.848555,18.228148,18.44414,19.541566,17.05519,15.313215
9.768322,7.721946,6.346753,7.906073,7.019196,8.24668,8.093511,9.578007,6.98413,9.609589
0.0,10.0,20.0,30.0,40.0,50.0,60.0,70.0,80.0,90.0
10.0,0.0,10.0,20.0,30.0,40.0,50.0,60.0,70.0,80.0
20.0,10.0,0.0,10.0,20.0,30.0,40.0,50.0,60.0,70.0
30.0,20.0,10.0,0.0,10.0,20.0,30.0,40.0,50.0,60.0
40.0,30.0,20.0,10.0,0.0,10.0,20.0,30.0,40.0,50.0
50.0,40.0,30.0,20.0,10.0,0.0,10.0,20.0,30.0,40.0
60.0,50.0,40.0,30.0,20.0,10.0,0.0,10.0,20.0,30.0
70.0,60.0,50.0,40.0,30.0,20.0,10.0,0.0,10.0,20.0
80.0,70.0,60.0,50.0,40.0,30.0,20.0,10.0,0.0,10.0
90.0,80.0,70.0,60.0,50.0,40.0,30.0,20.0,10.0,0.0
450.0,400.0,350.0,300.0,250.0,250.0,300.0,350.0,400.0,450.0
0.0,1.0,2.0,3.0,4.0,5.0,6.0,7.0,8.0,9.0
1.0,0.0,1.0,2.0,3.0,4.0,5.0,6.0,7.0,8.0
2.0,1.0,0.0,1.0,2.0,3.0,4.0,5.0,6.0,7.0
3.0,2.0,1.0,0.0,1.0,2.0,3.0,4.0,5.0,6.0
4.0,3.0,2.0,1.0,0.0,1.0,2.0,3.0,4.0,5.0
5.0,4.0,3.0,2.0,1.0,0.0,1.0,2.0,3.0,4.0
6.0,5.0,4.0,3.0,2.0,1.0,0.0,1.0,2.0,3.0
7.0,6.0,5.0,4.0,3.0,2.0,1.0,0.0,1.0,2.0
8.0,7.0,6.0,5.0,4.0,3.0,2.0,1.0,0.0,1.0
9.0,8.0,7.0,6.0,5.0,4.0,3.0,2.0,1.0,0.0
45.0,40.0,35.0,30.0,25.0,25.0,30.0,35.0,40.0,45.0
37.0,27.0,37.0,28.0,34.0,37.0,44.0,29.0,42.0,35.0,35.0,35.0,39.0,33.0,33.0,35.0,21.0,38.0,36.0,35.0,37.0,41.0,30.0,39.0,43.0,33.0,37.0,39.0,37.0,37.0,41.0,31.0,34.0,39.0,35.0,39.0,33.0,36.0,34.0,37.0,35.0,34.0,36.0,37.0,32.0,32.0,29.0,42.0,40.0,24.0
31.0,26.0,34.0,39.0,24.0,35.0,24.0,29.0,19.0,27.0,37.0,19.0,38.0,28.0,20.0,29.0,28.0,25.0,28.0,30.0,21.0,32.0,31.0,30.0,29.0,33.0,22.0,23.0,36.0,21.0,42.0,26.0,23.0,31.0,27.0,25.0,30.0,27.0,28.0,25.0,36.0,34.0,20.0,28.0,26.0,31.0,28.0,27.0,32.0,30.0
29.0,26.0,19.0,26.0,21.0,22.0,27.0,31.0,26.0,28.0,31.0,17.0,24.0,29.0,21.0,21.0,23.0,24.0,18.0,26.0,32.0,23.0,29.0,17.0,38.0,26.0,29.0,22.0,19.0,30.0,26.0,23.0,32.0,26.0,31.0,32.0,23.0,25.0,24.0,33.0,35.0,26.0,35.0,38.0,22.0,16.0,14.0,23.0,23.0,25.0
23.0,28.0,25.0,35.0,34.0,28.0,29.0,35.0,28.0,24.0,35.0,28.0,32.0,29.0,30.0,22.0,33.0,21.0,28.0,22.0,34.0,30.0,26.0,27.0,31.0,30.0,31.0,28.0,30.0,32.0,25.0,34.0,28.0,27.0,25.0,33.0,31.0,25.0,26.0,25.0,25.0,24.0,30.0,27.0,37.0,24.0,34.0,32.0,31.0,32.0
29.0,35.0,29.0,25.0,21.0,41.0,35.0,24.0,27.0,31.0,16.0,24.0,19.0,33.0,17.0,18.0,21.0,24.0,21.0,25.0,26.0,23.0,20.0,23.0,31.0,19.0,22.0,15.0,28.0,28.0,29.0,21.0,30.0,18.0,29.0,23.0,26.0,25.0,31.0,30.0,22.0,29.0,23.0,21.0,34.0,32.0,25.0,24.0,21.0,23.0
32.0,21.0,36.0,30.0,20.0,33.0,36.0,30.0,31.0,35.0,28.0,26.0,21.0,21.0,47.0,30.0,33.0,36.0,40.0,31.0,40.0,22.0,25.0,38.0,27.0,25.0,26.0,27.0,40.0,27.0,41.0,31.0,27.0,29.0,23.0,27.0,31.0,32.0,30.0,24.0,28.0,31.0,38.0,38.0,33.0,31.0,36.0,40.0,25.0,30.0
34.0,33.0,28.0,32.0,37.0,25.0,28.0,29.0,24.0,27.0,31.0,29.0,41.0,37.0,37.0,31.0,18.0,27.0,32.0,29.0,36.0,32.0,25.0,36.0,36.0,31.0,31.0,29.0,27.0,38.0,37.0,34.0,26.0,27.0,33.0,33.0,33.0,44.0,29.0,34.0,29.0,21.0,35.0,34.0,26.0,28.0,29.0,31.0,36.0,27.0
34.0,34.0,38.0,37.0,39.0,26.0,30.0,31.0,39.0,38.0,26.0,45.0,33.0,48.0,38.0,22.0,33.0,37.0,34.0,48.0,37.0,45.0,40.0,46.0,35.0,33.0,35.0,27.0,41.0,39.0,27.0,43.0,32.0,42.0,47.0,32.0,25.0,27.0,24.0,29.0,40.0,41.0,33.0,29.0,40.0,26.0,34.0,40.0,33.0,33.0
27.0,29.0,31.0,32.0,28.0,33.0,32.0,29.0,28.0,29.0,19.0,34.0,26.0,23.0,31.0,24.0,21.0,25.0,31.0,25.0,26.0,27.0,20.0,35.0,19.0,16.0,30.0,29.0,27.0,18.0,28.0,26.0,26.0,30.0,30.0,28.0,25.0,25.0,16.0,26.0,33.0,30.0,16.0,23.0,22.0,30.0,26.0,31.0,18.0,22.0
38.0,44.0,37.0,49.0,37.0,37.0,36.0,39.0,44.0,47.0,28.0,31.0,35.0,30.0,37.0,38.0,29.0,37.0,32.0,33.0,37.0,32.0,39.0,31.0,38.0,26.0,25.0,42.0,28.0,46.0,44.0,26.0,37.0,33.0,29.0,42.0,36.0,37.0,28.0,38.0,32.0,24.0,47.0,37.0,36.0,33.0,33.0,28.0,35.0,29.0
