10,50,1000
15.785363,15.357336,19.13275,15.487372,17.161575,15.443226,18.105459,15.520791,16.21024,19.585039
8.352737,5.455812,7.565137,5.8734,8.031527,5.184339,5.052636,9.457404,6.751694,9.668816
0.0,10.0,20.0,30.0,40.0,50.0,60.0,70.0,80.0,90.0
10.0,0.0,10.0,20.0,30.0,40.0,50.0,60.0,70.0,80.0
20.0,10.0,0.0,10.0,20.0,30.0,40.0,50.0,60.0,70.0
30.0,20.0,10.0,0.0,10.0,20.0,30.0,40.0,50.0,60.0
40.0,30.0,20.0,10.0,0.0,10.0,20.0,30.0,40.0,50.0
50.0,40.0,30.0,20.0,10.0,0.0,10.0,20.0,30.0,40.0
60.0,50.0,40.0,30.0,20.0,10.0,0.0,10.0,20.0,30.0
70.0,60.0,50.0,40.0,30.0,20.0,10.0,0.0,10.0,20.0
80.0,70.0,60.0,50.0,40.0,30.0,20.0,10.0,0.0,10.0
90.0,80.0,70.0,60.0,50.0,40.0,30.0,20.0,10.0,0.0
450.0,400.0,350.0,300.0,250.0,250.0,300.0,350.0,400.0,450.0
0.0,1.0,2.0,3.0,4.0,5.0,6.0,7.0,8.0,9.0
1.0,0.0,1.0,2.0,3.0,4.0,5.0,6.0,7.0,8.0
2.0,1.0,0.0,1.0,2.0,3.0,4.0,5.0,6.0,7.0
3.0,2.0,1.0,0.0,1.0,2.0,3.0,4.0,5.0,6.0
4.0,3.0,2.0,1.0,0.0,1.0,2.0,3.0,4.0,5.0
5.0,4.0,3.0,2.0,1.0,0.0,1.0,2.0,3.0,4.0
6.0,5.0,4.0,3.0,2.0,1.0,0.0,1.0,2.0,3.0
7.0,6.0,5.0,4.0,3.0,2.0,1.0,0.0,1.0,2.0
8.0,7.0,6.0,5.0,4.0,3.0,2.0,1.0,0.0,1.0
9.0,8.0,7.0,6.0,5.0,4.0,3.0,2.0,1.0,0.0
45.0,40.0,35.0,30.0,25.0,25.0,30.0,35.0,40.0,45.0
32.0,43.0,23.0,30.0,24.0,36.0,36.0,36.0,37.0,28.0,33.0,27.0,26.0,36.0,36.0,21.0,28.0,22.0,29.0,35.0,33.0,28.0,32.0,31.0,23.0,30.0,30.0,29.0,37.0,37.0,34.0,41.0,28.0,27.0,26.0,33.0,29.0,25.0,27.0,34.0,36.0,32.0,23.0,37.0,29.0,21.0,36.0,31.0,34.0,22.0
20.0,20.0,22.0,23.0,20.0,14.0,30.0,22.0,21.0,12.0,29.0,24.0,33.0,23.0,23.0,23.0,18.0,19.0,26.0,20.0,12.0,19.0,25.0,22.0,16.0,19.0,30.0,25.0,19.0,30.0,24.0,24.0,19.0,25.0,16.0,25.0,27.0,28.0,19.0,16.0,22.0,23.0,17.0,18.0,21.0,26.0,19.0,15.0,21.0,20.0
32.0,21.0,27.0,27.0,16.0,27.0,27.0,38.0,29.0,26.0,22.0,27.0,25.0,25.0,29.0,28.0,21.0,28.0,37.0,32.0,35.0,34.0,24.0,28.0,35.0,20.0,25.0,21.0,27.0,17.0,32.0,29.0,40.0,25.0,33.0,23.0,30.0,26.0,31.0,16.0,39.0,28.0,26.0,29.0,25.0,31.0,29.0,33.0,28.0,25.0
18.0,26.0,25.0,30.0,30.0,19.0,19.0,31.0,31.0,22.0,24.0,20.0,17.0,30.0,26.0,29.0,18.0,17.0,23.0,34.0,26.0,17.0,25.0,22.0,23.0,20.0,24.0,19.0,25.0,18.0,28.0,32.0,23.0,29.0,22.0,20.0,29.0,13.0,26.0,19.0,13.0,20.0,24.0,20.0,24.0,21.0,26.0,21.0,19.0,14.0
26.0,24.0,29.0,50.0,38.0,35.0,29.0,24.0,32.0,24.0,24.0,38.0,29.0,28.0,28.0,38.0,36.0,27.0,30.0,23.0,35.0,27.0,26.0,25.0,23.0,38.0,28.0,28.0,28.0,28.0,31.0,34.0,23.0,25.0,41.0,37.0,33.0,32.0,27.0,29.0,28.0,40.0,29.0,39.0,29.0,32.0,20.0,28.0,28.0,30.0
20.0,21.0,14.0,20.0,20.0,16.0,22.0,22.0,25.0,23.0,18.0,18.0,15.0,27.0,22.0,24.0,22.0,23.0,23.0,27.0,25.0,17.0,18.0,16.0,28.0,30.0,16.0,16.0,20.0,21.0,19.0,21.0,23.0,23.0,17.0,21.0,28.0,22.0,21.0,20.0,22.0,21.0,14.0,25.0,19.0,18.0,25.0,21.0,27.0,21.0
25.0,22.0,18.0,20.0,24.0,21.0,19.0,17.0,27.0,13.0,24.0,19.0,24.0,26.0,17.0,24.0,28.0,16.0,27.0,21.0,20.0,33.0,23.0,28.0,24.0,16.0,20.0,22.0,18.0,26.0,24.0,20.0,16.0,17.0,24.0,28.0,20.0,28.0,18.0,17.0,13.0,18.0,23.0,30.0,19.0,30.0,17.0,15.0,17.0,27.0
33.0,31.0,30.0,31.0,34.0,26.0,29.0,36.0,35.0,24.0,30.0,36.0,43.0,34.0,30.0,35.0,31.0,36.0,36.0,22.0,33.0,28.0,27.0,39.0,40.0,41.0,29.0,34.0,44.0,35.0,30.0,25.0,40.0,31.0,33.0,41.0,30.0,25.0,44.0,30.0,31.0,35.0,39.0,30.0,34.0,40.0,21.0,37.0,34.0,37.0
27.0,25.0,18.0,18.0,26.0,25.0,33.0,30.0,36.0,32.0,25.0,21.0,31.0,32.0,25.0,30.0,29.0,27.0,23.0,23.0,39.0,27.0,31.0,24.0,28.0,19.0,26.0,21.0,33.0,25.0,20.0,31.0,35.0,21.0,21.0,27.0,32.0,31.0,36.0,30.0,32.0,24.0,19.0,24.0,27.0,19.0,29.0,26.0,30.0,31.0
44.0,31.0,41.0,37.0,37.0,41.0,37.0,31.0,36.0,43.0,41.0,35.0,31.0,41.0,32.0,32.0,38.0,30.0,38.0,38.0,36.0,39.0,35.0,33.0,31.0,29.0,30.0,33.0,32.0,34.0,40.0,40.0,29.0,47.0,32.0,25.0,34.0,40.0,46.0,34.0,33.0,41.0,41.0,37.0,38.0,27.0,25.0,27.0,32.0,42.0
