10,50,1000
19.294442,18.999661,16.278441,17.877626,18.536293,18.726364,16.690762,19.774112,18.839416,18.231006
8.222829,5.601864,8.72103,8.551916,9.413801,5.066018,7.119106,9.820748,7.604039,8.930986
0.0,10.0,20.0,30.0,40.0,50.0,60.0,70.0,80.0,90.0
10.0,0.0,10.0,20.0,30.0,40.0,50.0,60.0,70.0,80.0
20.0,10.0,0.0,10.0,20.0,30.0,40.0,50.0,60.0,70.0
30.0,20.0,10.0,0.0,10.0,20.0,30.0,40.0,50.0,60.0
40.0,30.0,20.0,10.0,0.0,10.0,20.0,30.0,40.0,50.0
50.0,40.0,30.0,20.0,10.0,0.0,10.0,20.0,30.0,40.0
60.0,50.0,40.0,30.0,20.0,10.0,0.0,10.0,20.0,30.0
70.0,60.0,50.0,40.0,30.0,20.0,10.0,0.0,10.0,20.0
80.0,70.0,60.0,50.0,40.0,30.0,20.0,10.0,0.0,10.0
90.0,80.0,70.0,60.0,50.0,40.0,30.0,20.0,10.0,0.0
450.0,400.0,350.0,300.0,250.0,250.0,300.0,350.0,400.0,450.0
0.0,1.0,2.0,3.0,4.0,5.0,6.0,7.0,8.0,9.0
1.0,0.0,1.0,2.0,3.0,4.0,5.0,6.0,7.0,8.0
2.0,1.0,0.0,1.0,2.0,3.0,4.0,5.0,6.0,7.0
3.0,2.0,1.0,0.0,1.0,2.0,3.0,4.0,5.0,6.0
4.0,3.0,2.0,1.0,0.0,1.0,2.0,3.0,4.0,5.0
5.0,4.0,3.0,2.0,1.0,0.0,1.0,2.0,3.0,4.0
6.0,5.0,4.0,3.0,2.0,1.0,0.0,1.0,2.0,3.0
7.0,6.0,5.0,4.0,3.0,2.0,1.0,0.0,1.0,2.0
8.0,7.0,6.0,5.0,4.0,3.0,2.0,1.0,0.0,1.0
9.0,8.0,7.0,6.0,5.0,4.0,3.0,2.0,1.0,0.0
45.0,40.0,35.0,30.0,25.0,25.0,30.0,35.0,40.0,45.0
24.0,29.0,36.0,23.0,31.0,40.0,41.0,25.0,30.0,37.0,32.0,37.0,38.0,32.0,40.0,32.0,37.0,36.0,38.0,31.0,32.0,41.0,33.0,28.0,44.0,28.0,36.0,28.0,38.0,28.0,40.0,37.0,33.0,36.0,35.0,25.0,37.0,29.0,28.0,31.0,27.0,39.0,32.0,23.0,35.0,31.0,29.0,36.0,27.0,27.0
24.0,19.0,15.0,19.0,13.0,20.0,22.0,21.0,16.0,25.0,22.0,19.0,21.0,15.0,11.0,22.0,27.0,25.0,24.0,20.0,20.0,20.0,24.0,28.0,19.0,30.0,19.0,25.0,30.0,21.0,17.0,27.0,21.0,24.0,21.0,17.0,17.0,26.0,23.0,21.0,21.0,20.0,25.0,21.0,30.0,24.0,22.0,22.0,25.0,19.0
35.0,34.0,30.0,28.0,28.0,38.0,35.0,46.0,28.0,38.0,37.0,52.0,47.0,32.0,37.0,33.0,39.0,26.0,35.0,28.0,33.0,32.0,33.0,35.0,29.0,32.0,38.0,29.0,31.0,29.0,34.0,36.0,34.0,30.0,25.0,41.0,33.0,36.0,32.0,47.0,30.0,35.0,41.0,36.0,30.0,37.0,24.0,27.0,26.0,27.0
28.0,43.0,22.0,36.0,36.0,41.0,36.0,30.0,30.0,41.0,30.0,27.0,31.0,29.0,37.0,38.0,28.0,32.0,38.0,26.0,38.0,27.0,33.0,31.0,29.0,31.0,32.0,36.0,36.0,34.0,39.0,33.0,33.0,30.0,32.0,26.0,32.0,34.0,35.0,26.0,40.0,31.0,25.0,30.0,31.0,33.0,36.0,22.0,28.0,22.0
42.0,34.0,45.0,36.0,34.0,33.0,28.0,31.0,35.0,30.0,37.0,35.0,29.0,40.0,44.0,31.0,27.0,39.0,37.0,34.0,40.0,42.0,31.0,39.0,34.0,29.0,34.0,45.0,40.0,35.0,44.0,33.0,37.0,25.0,37.0,29.0,41.0,37.0,26.0,27.0,32.0,40.0,33.0,29.0,37.0,29.0,32.0,34.0,38.0,34.0
16.0,18.0,28.0,23.0,26.0,17.0,30.0,26.0,26.0,22.0,22.0,18.0,22.0,21.0,22.0,19.0,28.0,15.0,8.0,17.0,26.0,19.0,17.0,19.0,29.0,26.0,22.0,19.0,21.0,19.0,18.0,18.0,29.0,24.0,23.0,21.0,31.0,22.0,18.0,17.0,24.0,23.0,21.0,21.0,14.0,20.0,14.0,21.0,26.0,26.0
30.0,27.0,24.0,32.0,21.0,34.0,30.0,28.0,28.0,30.0,27.0,29.0,28.0,19.0,14.0,31.0,24.0,26.0,23.0,26.0,19.0,27.0,20.0,26.0,29.0,23.0,34.0,35.0,29.0,26.0,28.0,28.0,28.0,22.0,26.0,42.0,28.0,28.0,25.0,36.0,20.0,29.0,30.0,26.0,30.0,28.0,28.0,28.0,22.0,32.0
22.0,42.0,40.0,49.0,46.0,34.0,40.0,37.0,31.0,35.0,32.0,34.0,40.0,39.0,39.0,41.0,34.0,47.0,41.0,35.0,52.0,48.0,44.0,38.0,29.0,30.0,50.0,53.0,46.0,36.0,36.0,41.0,45.0,39.0,39.0,36.0,34.0,31.0,43.0,33.0,42.0,31.0,31.0,33.0,49.0,38.0,36.0,34.0,31.0,36.0
28.0,32.0,28.0,38.0,29.0,23.0,30.0,26.0,22.0,24.0,26.0,33.0,22.0,22.0,28.0,25.0,34.0,28.0,37.0,32.0,32.0,29.0,28.0,29.0,29.0,38.0,21.0,27.0,26.0,32.0,30.0,25.0,28.0,32.0,24.0,20.0,35.0,20.0,30.0,22.0,27.0,30.0,29.0,31.0,30.0,35.0,32.0,21.0,36.0,32.0
37.0,39.0,35.0,28.0,34.0,43.0,36.0,34.0,38.0,37.0,28.0,29.0,30.0,37.0,39.0,41.0,36.0,28.0,33.0,32.0,25.0,47.0,44.0,37.0,35.0,42.0,39.0,34.0,45.0,33.0,34.0,34.0,25.0,30.0,41.0,31.0,26.0,40.0,29.0,34.0,35.0,37.0,32.0,37.0,30.0,35.0,46.0,33.0,46.0,42.0
