10,50,1000
16.802694,16.67639,19.018019,18.304677,19.54388,17.393921,15.804107,15.837111,18.940916,19.403714
7.916019,8.172143,9.285724,6.856501,8.898508,5.488797,5.69346,8.394787,8.716403,8.740201
0.0,10.0,20.0,30.0,40.0,50.0,60.0,70.0,80.0,90.0
10.0,0.0,10.0,20.0,30.0,40.0,50.0,60.0,70.0,80.0
20.0,10.0,0.0,10.0,20.0,30.0,40.0,50.0,60.0,70.0
30.0,20.0,10.0,0.0,10.0,20.0,30.0,40.0,50.0,60.0
40.0,30.0,20.0,10.0,0.0,10.0,20.0,30.0,40.0,50.0
50.0,40.0,30.0,20.0,10.0,0.0,10.0,20.0,30.0,40.0
60.0,50.0,40.0,30.0,20.0,10.0,0.0,10.0,20.0,30.0
70.0,60.0,50.0,40.0,30.0,20.0,10.0,0.0,10.0,20.0
80.0,70.0,60.0,50.0,40.0,30.0,20.0,10.0,0.0,10.0
90.0,80.0,70.0,60.0,50.0,40.0,30.0,20.0,10.0,0.0
450.0,400.0,350.0,300.0,250.0,250.0,300.0,350.0,400.0,450.0
0.0,1.0,2.0,3.0,4.0,5.0,6.0,7.0,8.0,9.0
1.0,0.0,1.0,2.0,3.0,4.0,5.0,6.0,7.0,8.0
2.0,1.0,0.0,1.0,2.0,3.0,4.0,5.0,6.0,7.0
3.0,2.0,1.0,0.0,1.0,2.0,3.0,4.0,5.0,6.0
4.0,3.0,2.0,1.0,0.0,1.0,2.0,3.0,4.0,5.0
5.0,4.0,3.0,2.0,1.0,0.0,1.0,2.0,3.0,4.0
6.0,5.0,4.0,3.0,2.0,1.0,0.0,1.0,2.0,3.0
7.0,6.0,5.0,4.0,3.0,2.0,1.0,0.0,1.0,2.0
8.0,7.0,6.0,5.0,4.0,3.0,2.0,1.0,0.0,1.0
9.0,8.0,7.0,6.0,5.0,4.0,3.0,2.0,1.0,0.0
45.0,40.0,35.0,30.0,25.0,25.0,30.0,35.0,40.0,45.0
29.0,24.0,33.0,25.0,39.0,33.0,28.0,24.0,34.0,34.0,43.0,29.0,22.0,34.0,28.0,34.0,22.0,23.0,34.0,23.0,39.0,24.0,37.0,34.0,28.0,31.0,29.0,36.0,32.0,29.0,30.0,31.0,32.0,25.0,36.0,36.0,29.0,34.0,27.0,19.0,26.0,25.0,28.0,39.0,34.0,22.0,24.0,29.0,25.0,23.0
38.0,31.0,28.0,30.0,35.0,34.0,40.0,33.0,30.0,30.0,36.0,32.0,29.0,29.0,22.0,33.0,39.0,34.0,23.0,28.0,26.0,26.0,18.0,36.0,23.0,30.0,23.0,37.0,26.0,29.0,19.0,43.0,23.0,29.0,42.0,37.0,28.0,33.0,40.0,30.0,35.0,38.0,39.0,19.0,19.0,36.0,24.0,30.0,33.0,31.0
46.0,33.0,40.0,31.0,47.0,29.0,39.0,34.0,49.0,38.0,33.0,33.0,34.0,35.0,37.0,38.0,32.0,42.0,35.0,31.0,35.0,29.0,38.0,34.0,43.0,34.0,32.0,25.0,19.0,42.0,31.0,29.0,38.0,43.0,29.0,38.0,34.0,38.0,31.0,24.0,34.0,39.0,23.0,43.0,26.0,43.0,44.0,41.0,41.0,26.0
24.0,36.0,30.0,38.0,25.0,25.0,32.0,28.0,25.0,28.0,27.0,27.0,23.0,22.0,33.0,33.0,24.0,30.0,29.0,25.0,41.0,31.0,30.0,24.0,39.0,29.0,27.0,32.0,37.0,20.0,28.0,14.0,16.0,24.0,16.0,27.0,31.0,16.0,35.0,14.0,22.0,16.0,27.0,28.0,29.0,30.0,19.0,27.0,30.0,24.0
28.0,39.0,31.0,30.0,34.0,35.0,37.0,32.0,38.0,26.0,30.0,41.0,35.0,49.0,47.0,27.0,30.0,35.0,26.0,34.0,23.0,30.0,20.0,34.0,39.0,40.0,42.0,31.0,36.0,32.0,40.0,37.0,35.0,38.0,31.0,35.0,30.0,38.0,31.0,35.0,38.0,33.0,45.0,35.0,40.0,41.0,38.0,34.0,42.0,45.0
27.0,23.0,26.0,20.0,23.0,26.0,18.0,23.0,17.0,19.0,26.0,20.0,28.0,31.0,18.0,16.0,25.0,29.0,19.0,31.0,17.0,24.0,23.0,22.0,19.0,21.0,28.0,25.0,13.0,27.0,30.0,22.0,23.0,23.0,18.0,26.0,22.0,19.0,20.0,17.0,25.0,30.0,23.0,21.0,19.0,21.0,20.0,18.0,23.0,25.0
21.0,25.0,26.0,22.0,17.0,25.0,33.0,22.0,23.0,22.0,23.0,30.0,28.0,25.0,16.0,21.0,22.0,27.0,23.0,26.0,18.0,18.0,26.0,26.0,26.0,22.0,20.0,16.0,18.0,18.0,21.0,31.0,24.0,21.0,24.0,22.0,28.0,27.0,24.0,18.0,18.0,21.0,31.0,15.0,23.0,22.0,18.0,28.0,29.0,24.0
32.0,35.0,36.0,37.0,39.0,26.0,30.0,26.0,24.0,25.0,39.0,37.0,38.0,31.0,27.0,35.0,34.0,20.0,27.0,25.0,41.0,40.0,25.0,29.0,25.0,29.0,31.0,29.0,31.0,27.0,22.0,33.0,33.0,35.0,28.0,30.0,34.0,26.0,28.0,32.0,34.0,31.0,25.0,35.0,30.0,32.0,25.0,29.0,28.0,28.0
36.0,43.0,27.0,40.0,37.0,30.0,22.0,34.0,27.0,34.0,44.0,41.0,30.0,33.0,36.0,36.0,27.0,31.0,45.0,31.0,28.0,29.0,27.0,31.0,33.0,29.0,31.0,37.0,45.0,34.0,31.0,31.0,33.0,32.0,38.0,34.0,33.0,24.0,30.0,28.0,41.0,31.0,38.0,32.0,38.0,38.0,32.0,39.0,25.0,43.0
33.0,41.0,33.0,30.0,34.0,28.0,26.0,32.0,30.0,26.0,40.0,45.0,28.0,30.0,28.0,41.0,35.0,30.0,38.0,36.0,27.0,33.0,39.0,30.0,29.0,31.0,29.0,31.0,30.0,43.0,26.0,41.0,28.0,24.0,52.0,38.0,29.0,33.0,34.0,35.0,37.0,38.0,24.0,39.0,28.0,27.0,34.0,30.0,29.0,37.0
