10,50,1000
16.447237,15.953731,15.607195,15.155257,19.001279,15.301398,17.274181,17.094214,15.657813,19.85496
8.526778,6.836993,7.500372,6.233291,8.007313,9.610469,7.326372,6.921177,9.202394,9.685419
0.0,10.0,20.0,30.0,40.0,50.0,60.0,70.0,80.0,90.0
10.0,0.0,10.0,20.0,30.0,40.0,50.0,60.0,70.0,80.0
20.0,10.0,0.0,10.0,20.0,30.0,40.0,50.0,60.0,70.0
30.0,20.0,10.0,0.0,10.0,20.0,30.0,40.0,50.0,60.0
40.0,30.0,20.0,10.0,0.0,10.0,20.0,30.0,40.0,50.0
50.0,40.0,30.0,20.0,10.0,0.0,10.0,20.0,30.0,40.0
60.0,50.0,40.0,30.0,20.0,10.0,0.0,10.0,20.0,30.0
70.0,60.0,50.0,40.0,30.0,20.0,10.0,0.0,10.0,20.0
80.0,70.0,60.0,50.0,40.0,30.0,20.0,10.0,0.0,10.0
90.0,80.0,70.0,60.0,50.0,40.0,30.0,20.0,10.0,0.0
450.0,400.0,350.0,300.0,250.0,250.0,300.0,350.0,400.0,450.0
0.0,1.0,2.0,3.0,4.0,5.0,6.0,7.0,8.0,9.0
1.0,0.0,1.0,2.0,3.0,4.0,5.0,6.0,7.0,8.0
2.0,1.0,0.0,1.0,2.0,3.0,4.0,5.0,6.0,7.0
3.0,2.0,1.0,0.0,1.0,2.0,3.0,4.0,5.0,6.0
4.0,3.0,2.0,1.0,0.0,1.0,2.0,3.0,4.0,5.0
5.0,4.0,3.0,2.0,1.0,0.0,1.0,2.0,3.0,4.0
6.0,5.0,4.0,3.0,2.0,1.0,0.0,1.0,2.0,3.0
7.0,6.0,5.0,4.0,3.0,2.0,1.0,0.0,1.0,2.0
8.0,7.0,6.0,5.0,4.0,3.0,2.0,1.0,0.0,1.0
9.0,8.0,7.0,6.0,5.0,4.0,3.0,2.0,1.0,0.0
45.0,40.0,35.0,30.0,25.0,25.0,30.0,35.0,40.0,45.0
31.0,31.0,32.0,33.0,21.0,40.0,34.0,28.0,28.0,40.0,39.0,25.0,32.0,34.0,39.0,28.0,37.0,40.0,40.0,38.0,32.0,34.0,31.0,27.0,29.0,33.0,34.0,36.0,37.0,40.0,30.0,28.0,35.0,38.0,36.0,42.0,41.0,31.0,31.0,22.0,25.0,27.0,26.0,34.0,31.0,27.0,26.0,32.0,32.0,22.0
23.0,22.0,16.0,32.0,28.0,20.0,25.0,37.0,25.0,18.0,40.0,33.0,25.0,26.0,30.0,30.0,35.0,21.0,29.0,32.0,35.0,28.0,24.0,22.0,25.0,20.0,33.0,20.0,31.0,27.0,21.0,21.0,42.0,34.0,23.0,24.0,24.0,25.0,34.0,35.0,25.0,24.0,28.0,32.0,34.0,20.0,21.0,29.0,33.0,34.0
26.0,17.0,41.0,28.0,28.0,26.0,28.0,24.0,40.0,21.0,27.0,37.0,21.0,30.0,21.0,28.0,24.0,27.0,36.0,19.0,30.0,30.0,34.0,35.0,27.0,26.0,21.0,34.0,31.0,31.0,31.0,26.0,24.0,24.0,24.0,43.0,23.0,26.0,38.0,34.0,33.0,14.0,18.0,25.0,25.0,33.0,24.0,38.0,25.0,37.0
33.0,23.0,24.0,19.0,23.0,26.0,22.0,28.0,22.0,22.0,23.0,39.0,28.0,34.0,17.0,22.0,20.0,17.0,25.0,31.0,25.0,24.0,23.0,21.0,25.0,22.0,27.0,20.0,19.0,20.0,30.0,21.0,39.0,18.0,24.0,28.0,32.0,20.0,21.0,23.0,16.0,27.0,25.0,29.0,28.0,29.0,20.0,21.0,27.0,25.0
40.0,35.0,27.0,35.0,34.0,33.0,24.0,28.0,30.0,25.0,26.0,20.0,37.0,38.0,32.0,24.0,26.0,28.0,23.0,31.0,24.0,30.0,42.0,27.0,25.0,28.0,41.0,27.0,32.0,37.0,32.0,40.0,35.0,38.0,31.0,41.0,34.0,23.0,41.0,24.0,18.0,34.0,50.0,30.0,30.0,33.0,26.0,32.0,33.0,22.0
30.0,38.0,43.0,36.0,45.0,30.0,39.0,40.0,29.0,38.0,42.0,43.0,38.0,40.0,39.0,26.0,37.0,36.0,34.0,34.0,37.0,26.0,34.0,39.0,34.0,41.0,35.0,39.0,40.0,30.0,30.0,42.0,37.0,30.0,38.0,34.0,30.0,24.0,38.0,26.0,36.0,34.0,40.0,34.0,38.0,41.0,34.0,28.0,43.0,39.0
23.0,19.0,20.0,23.0,28.0,34.0,32.0,36.0,30.0,22.0,24.0,32.0,32.0,24.0,29.0,29.0,31.0,35.0,36.0,32.0,34.0,16.0,20.0,40.0,28.0,21.0,35.0,23.0,31.0,26.0,24.0,25.0,23.0,36.0,26.0,40.0,27.0,33.0,30.0,28.0,28.0,35.0,32.0,30.0,30.0,33.0,22.0,25.0,24.0,29.0
21.0,25.0,33.0,31.0,27.0,21.0,33.0,40.0,30.0,34.0,23.0,27.0,31.0,32.0,26.0,31.0,24.0,28.0,27.0,32.0,29.0,26.0,20.0,27.0,28.0,31.0,13.0,23.0,21.0,23.0,15.0,18.0,28.0,11.0,27.0,24.0,14.0,29.0,27.0,27.0,41.0,26.0,28.0,25.0,33.0,29.0,20.0,24.0,25.0,30.0
32.0,32.0,41.0,31.0,35.0,29.0,29.0,36.0,33.0,29.0,37.0,33.0,37.0,34.0,34.0,31.0,28.0,40.0,37.0,27.0,28.0,29.0,37.0,28.0,31.0,36.0,35.0,33.0,37.0,32.0,36.0,28.0,29.0,38.0,39.0,34.0,25.0,27.0,38.0,37.0,34.0,35.0,31.0,22.0,39.0,35.0,44.0,41.0,27.0,30.0
40.0,32.0,35.0,21.0,38.0,38.0,31.0,47.0,35.0,39.0,40.0,28.0,54.0,41.0,28.0,37.0,31.0,29.0,29.0,26.0,25.0,33.0,38.0,38.0,42.0,37.0,30.0,33.0,36.0,33.0,29.0,41.0,34.0,37.0,39.0,33.0,26.0,34.0,34.0,32.0,28.0,22.0,28.0,21.0,49.0,30.0,34.0,46.0,40.0,25.0
