10,50,1000
19.106475,18.810788,18.693049,17.20129,17.379598,16.043035,15.29408,15.371259,17.081814,16.312317
6.202314,5.232176,7.647808,5.859486,6.212729,6.181198,5.532607,9.047273,5.548217,6.318583
0.0,10.0,20.0,30.0,40.0,50.0,60.0,70.0,80.0,90.0
10.0,0.0,10.0,20.0,30.0,40.0,50.0,60.0,70.0,80.0
20.0,10.0,0.0,10.0,20.0,30.0,40.0,50.0,60.0,70.0
30.0,20.0,10.0,0.0,10.0,20.0,30.0,40.0,50.0,60.0
40.0,30.0,20.0,10.0,0.0,10.0,20.0,30.0,40.0,50.0
50.0,40.0,30.0,20.0,10.0,0.0,10.0,20.0,30.0,40.0
60.0,50.0,40.0,30.0,20.0,10.0,0.0,10.0,20.0,30.0
70.0,60.0,50.0,40.0,30.0,20.0,10.0,0.0,10.0,20.0
80.0,70.0,60.0,50.0,40.0,30.0,20.0,10.0,0.0,10.0
90.0,80.0,70.0,60.0,50.0,40.0,30.0,20.0,10.0,0.0
450.0,400.0,350.0,300.0,250.0,250.0,300.0,350.0,400.0,450.0
0.0,1.0,2.0,3.0,4.0,5.0,6.0,7.0,8.0,9.0
1.0,0.0,1.0,2.0,3.0,4.0,5.0,6.0,7.0,8.0
2.0,1.0,0.0,1.0,2.0,3.0,4.0,5.0,6.0,7.0
3.0,2.0,1.0,0.0,1.0,2.0,3.0,4.0,5.0,6.0
4.0,3.0,2.0,1.0,0.0,1.0,2.0,3.0,4.0,5.0
5.0,4.0,3.0,2.0,1.0,0.0,1.0,2.0,3.0,4.0
6.0,5.0,4.0,3.0,2.0,1.0,0.0,1.0,2.0,3.0
7.0,6.0,5.0,4.0,3.0,2.0,1.0,0.0,1.0,2.0
8.0,7.0,6.0,5.0,4.0,3.0,2.0,1.0,0.0,1.0
9.0,8.0,7.0,6.0,5.0,4.0,3.0,2.0,1.0,0.0
45.0,40.0,35.0,30.0,25.0,25.0,30.0,35.0,40.0,45.0
22.0,32.0,24.0,29.0,31.0,29.0,22.0,32.0,21.0,32.0,27.0,19.0,27.0,18.0,19.0,15.0,28.0,27.0,23.0,26.0,19.0,25.0,26.0,24.0,30.0,22.0,22.0,22.0,20.0,27.0,24.0,21.0,26.0,32.0,26.0,25.0,25.0,33.0,23.0,24.0,20.0,23.0,23.0,13.0,24.0,19.0,26.0,27.0,29.0,26.0
31.0,27.0,27.0,18.0,24.0,17.0,21.0,20.0,21.0,16.0,18.0,25.0,20.0,27.0,23.0,22.0,31.0,19.0,21.0,17.0,34.0,21.0,18.0,20.0,16.0,22.0,26.0,16.0,16.0,24.0,33.0,20.0,24.0,25.0,24.0,25.0,25.0,19.0,24.0,19.0,25.0,31.0,31.0,18.0,27.0,24.0,22.0,16.0,20.0,17.0
29.0,31.0,28.0,33.0,31.0,34.0,41.0,38.0,26.0,29.0,37.0,26.0,26.0,31.0,28.0,25.0,31.0,31.0,22.0,28.0,25.0,25.0,32.0,20.0,28.0,22.0,32.0,26.0,35.0,21.0,37.0,30.0,33.0,30.0,28.0,37.0,36.0,34.0,32.0,32.0,43.0,40.0,33.0,32.0,31.0,26.0,24.0,31.0,32.0,22.0
21.0,24.0,30.0,28.0,20.0,23.0,23.0,22.0,28.0,22.0,13.0,22.0,22.0,30.0,32.0,23.0,23.0,22.0,36.0,28.0,36.0,30.0,25.0,19.0,27.0,22.0,12.0,24.0,27.0,21.0,24.0,13.0,23.0,19.0,33.0,20.0,21.0,25.0,34.0,21.0,21.0,28.0,31.0,14.0,21.0,23.0,19.0,23.0,22.0,29.0
24.0,32.0,21.0,29.0,20.0,18.0,23.0,20.0,25.0,24.0,22.0,28.0,19.0,24.0,24.0,21.0,22.0,21.0,25.0,34.0,24.0,22.0,25.0,33.0,22.0,30.0,23.0,29.0,29.0,29.0,26.0,26.0,28.0,23.0,26.0,23.0,24.0,25.0,36.0,20.0,28.0,24.0,28.0,29.0,29.0,24.0,26.0,22.0,22.0,24.0
20.0,20.0,21.0,22.0,26.0,27.0,20.0,30.0,25.0,22.0,28.0,28.0,18.0,23.0,20.0,31.0,18.0,16.0,23.0,29.0,29.0,27.0,26.0,24.0,33.0,16.0,26.0,22.0,30.0,21.0,28.0,28.0,28.0,29.0,24.0,14.0,23.0,13.0,28.0,19.0,25.0,24.0,12.0,23.0,18.0,26.0,22.0,19.0,21.0,27.0
19.0,24.0,17.0,25.0,18.0,25.0,31.0,22.0,21.0,16.0,24.0,22.0,22.0,22.0,27.0,21.0,21.0,21.0,22.0,24.0,24.0,17.0,32.0,27.0,17.0,20.0,19.0,16.0,12.0,12.0,26.0,23.0,17.0,21.0,24.0,21.0,16.0,23.0,32.0,23.0,21.0,21.0,18.0,32.0,21.0,23.0,19.0,22.0,19.0,17.0
32.0,36.0,28.0,29.0,43.0,33.0,43.0,32.0,40.0,28.0,31.0,33.0,33.0,29.0,33.0,37.0,32.0,47.0,35.0,34.0,30.0,27.0,27.0,33.0,33.0,31.0,34.0,34.0,45.0,38.0,37.0,35.0,30.0,25.0,28.0,31.0,41.0,27.0,32.0,31.0,38.0,27.0,38.0,36.0,38.0,32.0,30.0,26.0,36.0,39.0
16.0,21.0,30.0,18.0,30.0,24.0,29.0,26.0,21.0,18.0,26.0,27.0,15.0,22.0,21.0,17.0,21.0,15.0,25.0,17.0,26.0,22.0,18.0,21.0,19.0,31.0,23.0,25.0,21.0,21.0,30.0,26.0,25.0,18.0,27.0,20.0,26.0,26.0,16.0,13.0,24.0,22.0,19.0,19.0,21.0,20.0,18.0,27.0,17.0,11.0
24.0,19.0,29.0,21.0,27.0,25.0,26.0,26.0,38.0,32.0,19.0,20.0,18.0,27.0,20.0,24.0,24.0,28.0,22.0,22.0,18.0,26.0,23.0,17.0,18.0,32.0,28.0,26.0,27.0,15.0,25.0,22.0,16.0,27.0,22.0,21.0,28.0,22.0,35.0,31.0,29.0,22.0,22.0,33.0,25.0,35.0,21.0,18.0,28.0,24.0
