10,50,1000
19.50956,16.62448,17.12709,15.645585,19.282193,16.589046,17.036957,19.689745,16.97905,17.346432
9.2421,6.936339,7.023628,5.319776,5.571967,6.655207,7.812956,8.805093,8.789832,5.377167
0.0,10.0,20.0,30.0,40.0,50.0,60.0,70.0,80.0,90.0
10.0,0.0,10.0,20.0,30.0,40.0,50.0,60.0,70.0,80.0
20.0,10.0,0.0,10.0,20.0,30.0,40.0,50.0,60.0,70.0
30.0,20.0,10.0,0.0,10.0,20.0,30.0,40.0,50.0,60.0
40.0,30.0,20.0,10.0,0.0,10.0,20.0,30.0,40.0,50.0
50.0,40.0,30.0,20.0,10.0,0.0,10.0,20.0,30.0,40.0
60.0,50.0,40.0,30.0,20.0,10.0,0.0,10.0,20.0,30.0
70.0,60.0,50.0,40.0,30.0,20.0,10.0,0.0,10.0,20.0
80.0,70.0,60.0,50.0,40.0,30.0,20.0,10.0,0.0,10.0
90.0,80.0,70.0,60.0,50.0,40.0,30.0,20.0,10.0,0.0
450.0,400.0,350.0,300.0,250.0,250.0,300.0,350.0,400.0,450.0
0.0,1.0,2.0,3.0,4.0,5.0,6.0,7.0,8.0,9.0
1.0,0.0,1.0,2.0,3.0,4.0,5.0,6.0,7.0,8.0
2.0,1.0,0.0,1.0,2.0,3.0,4.0,5.0,6.0,7.0
3.0,2.0,1.0,0.0,1.0,2.0,3.0,4.0,5.0,6.0
4.0,3.0,2.0,1.0,0.0,1.0,2.0,3.0,4.0,5.0
5.0,4.0,3.0,2.0,1.0,0.0,1.0,2.0,3.0,4.0
6.0,5.0,4.0,3.0,2.0,1.0,0.0,1.0,2.0,3.0
7.0,6.0,5.0,4.0,3.0,2.0,1.0,0.0,1.0,2.0
8.0,7.0,6.0,5.0,4.0,3.0,2.0,1.0,0.0,1.0
9.0,8.0,7.0,6.0,5.0,4.0,3.0,2.0,1.0,0.0
45.0,40.0,35.0,30.0,25.0,25.0,30.0,35.0,40.0,45.0
28.0,37.0,27.0,31.0,21.0,32.0,26.0,29.0,38.0,35.0,38.0,39.0,37.0,34.0,38.0,34.0,38.0,41.0,36.0,49.0,41.0,44.0,31.0,22.0,42.0,37.0,30.0,34.0,34.0,35.0,30.0,38.0,35.0,33.0,29.0,26.0,28.0,47.0,42.0,28.0,38.0,33.0,46.0,37.0,37.0,23.0,34.0,50.0,44.0,41.0
29.0,25.0,23.0,24.0,37.0,27.0,25.0,28.0,29.0,32.0,22.0,24.0,32.0,33.0,29.0,31.0,36.0,31.0,24.0,22.0,20.0,27.0,17.0,30.0,29.0,35.0,33.0,26.0,32.0,35.0,28.0,36.0,32.0,18.0,24.0,25.0,21.0,28.0,22.0,24.0,28.0,31.0,20.0,30.0,34.0,22.0,24.0,27.0,27.0,25.0
21.0,25.0,22.0,33.0,33.0,29.0,31.0,33.0,32.0,37.0,28.0,29.0,29.0,26.0,30.0,26.0,27.0,29.0,33.0,25.0,25.0,31.0,34.0,44.0,33.0,32.0,22.0,26.0,20.0,20.0,26.0,33.0,25.0,24.0,26.0,27.0,27.0,30.0,19.0,25.0,19.0,35.0,18.0,28.0,34.0,25.0,20.0,33.0,26.0,27.0
28.0,28.0,17.0,15.0,19.0,24.0,21.0,28.0,24.0,22.0,19.0,18.0,20.0,32.0,23.0,26.0,23.0,23.0,22.0,19.0,26.0,17.0,22.0,27.0,29.0,20.0,21.0,18.0,16.0,26.0,14.0,21.0,19.0,26.0,23.0,21.0,24.0,17.0,25.0,20.0,24.0,26.0,24.0,17.0,26.0,28.0,22.0,17.0,21.0,20.0
20.0,21.0,25.0,20.0,26.0,17.0,27.0,28.0,27.0,11.0,19.0,26.0,26.0,21.0,17.0,18.0,21.0,26.0,22.0,19.0,20.0,16.0,19.0,18.0,32.0,23.0,23.0,25.0,21.0,23.0,24.0,29.0,28.0,24.0,32.0,21.0,28.0,27.0,23.0,23.0,24.0,33.0,18.0,20.0,22.0,17.0,20.0,28.0,19.0,24.0
15.0,32.0,24.0,27.0,24.0,29.0,25.0,34.0,29.0,16.0,27.0,37.0,27.0,23.0,27.0,18.0,18.0,24.0,26.0,25.0,22.0,25.0,25.0,25.0,27.0,23.0,28.0,31.0,21.0,32.0,22.0,24.0,30.0,17.0,11.0,21.0,26.0,24.0,25.0,28.0,22.0,29.0,35.0,30.0,25.0,30.0,23.0,27.0,15.0,21.0
21.0,30.0,25.0,25.0,38.0,39.0,22.0,32.0,31.0,24.0,40.0,32.0,26.0,39.0,27.0,22.0,29.0,33.0,30.0,21.0,30.0,41.0,37.0,25.0,22.0,45.0,32.0,20.0,37.0,32.0,31.0,33.0,29.0,36.0,30.0,27.0,34.0,36.0,38.0,40.0,40.0,27.0,31.0,37.0,28.0,33.0,32.0,25.0,28.0,29.0
28.0,30.0,40.0,38.0,28.0,38.0,34.0,34.0,25.0,30.0,31.0,23.0,34.0,33.0,41.0,39.0,40.0,30.0,30.0,42.0,22.0,35.0,36.0,35.0,37.0,37.0,29.0,22.0,45.0,38.0,24.0,37.0,34.0,34.0,41.0,37.0,35.0,36.0,34.0,44.0,40.0,31.0,32.0,39.0,34.0,24.0,28.0,37.0,35.0,46.0
25.0,31.0,33.0,31.0,29.0,46.0,42.0,22.0,28.0,44.0,27.0,24.0,36.0,34.0,40.0,24.0,29.0,33.0,34.0,29.0,32.0,52.0,35.0,30.0,31.0,29.0,32.0,41.0,37.0,38.0,24.0,34.0,31.0,44.0,35.0,37.0,21.0,30.0,27.0,28.0,34.0,36.0,39.0,38.0,33.0,34.0,30.0,31.0,27.0,29.0
19.0,28.0,14.0,25.0,20.0,21.0,14.0,18.0,19.0,17.0,20.0,18.0,29.0,20.0,30.0,21.0,23.0,30.0,25.0,20.0,23.0,20.0,21.0,17.0,25.0,23.0,21.0,29.0,23.0,23.0,24.0,12.0,30.0,21.0,21.0,17.0,23.0,18.0,21.0,29.0,22.0,28.0,26.0,25.0,20.0,20.0,23.0,25.0,16.0,18.0
