10,50,1000
18.397957,18.653703,18.755015,15.470117,18.828982,16.825984,19.831741,15.66692,17.095302,15.060698
6.33367,6.274056,5.096291,5.347083,5.134235,8.624473,7.736567,9.10724,8.324181,5.120091
0.0,10.0,20.0,30.0,40.0,50.0,60.0,70.0,80.0,90.0
10.0,0.0,10.0,20.0,30.0,40.0,50.0,60.0,70.0,80.0
20.0,10.0,0.0,10.0,20.0,30.0,40.0,50.0,60.0,70.0
30.0,20.0,10.0,0.0,10.0,20.0,30.0,40.0,50.0,60.0
40.0,30.0,20.0,10.0,0.0,10.0,20.0,30.0,40.0,50.0
50.0,40.0,30.0,20.0,10.0,0.0,10.0,20.0,30.0,40.0
60.0,50.0,40.0,30.0,20.0,10.0,0.0,10.0,20.0,30.0
70.0,60.0,50.0,40.0,30.0,20.0,10.0,0.0,10.0,20.0
80.0,70.0,60.0,50.0,40.0,30.0,20.0,10.0,0.0,10.0
90.0,80.0,70.0,60.0,50.0,40.0,30.0,20.0,10.0,0.0
450.0,400.0,350.0,300.0,250.0,250.0,300.0,350.0,400.0,450.0
0.0,1.0,2.0,3.0,4.0,5.0,6.0,7.0,8.0,9.0
1.0,0.0,1.0,2.0,3.0,4.0,5.0,6.0,7.0,8.0
2.0,1.0,0.0,1.0,2.0,3.0,4.0,5.0,6.0,7.0
3.0,2.0,1.0,0.0,1.0,2.0,3.0,4.0,5.0,6.0
4.0,3.0,2.0,1.0,0.0,1.0,2.0,3.0,4.0,5.0
5.0,4.0,3.0,2.0,1.0,0.0,1.0,2.0,3.0,4.0
6.0,5.0,4.0,3.0,2.0,1.0,0.0,1.0,2.0,3.0
7.0,6.0,5.0,4.0,3.0,2.0,1.0,0.0,1.0,2.0
8.0,7.0,6.0,5.0,4.0,3.0,2.0,1.0,0.0,1.0
9.0,8.0,7.0,6.0,5.0,4.0,3.0,2.0,1.0,0.0
45.0,40.0,35.0,30.0,25.0,25.0,30.0,35.0,40.0,45.0
17.0,29.0,16.0,26.0,26.0,28.0,21.0,28.0,34.0,29.0,20.0,31.0,19.0,25.0,16.0,20.0,26.0,25.0,21.0,18.0,21.0,19.0,33.0,31.0,24.0,14.0,28.0,19.0,29.0,11.0,32.0,29.0,16.0,34.0,29.0,25.0,25.0,22.0,27.0,17.0,29.0,31.0,26.0,26.0,33.0,22.0,29.0,17.0,28.0,24.0
27.0,22.0,26.0,27.0,20.0,21.0,31.0,16.0,23.0,28.0,19.0,25.0,30.0,22.0,23.0,28.0,25.0,25.0,23.0,24.0,27.0,23.0,34.0,33.0,32.0,19.0,21.0,24.0,25.0,26.0,28.0,27.0,24.0,22.0,25.0,21.0,32.0,20.0,32.0,32.0,29.0,29.0,19.0,28.0,31.0,25.0,37.0,22.0,24.0,27.0
25.0,24.0,22.0,23.0,19.0,19.0,18.0,29.0,24.0,19.0,23.0,22.0,23.0,22.0,20.0,32.0,22.0,8.0,24.0,24.0,24.0,17.0,24.0,26.0,17.0,24.0,25.0,18.0,33.0,20.0,23.0,16.0,24.0,27.0,26.0,16.0,18.0,16.0,21.0,31.0,21.0,25.0,17.0,13.0,25.0,26.0,16.0,20.0,19.0,24.0
20.0,27.0,25.0,16.0,27.0,10.0,29.0,16.0,23.0,20.0,24.0,21.0,18.0,21.0,27.0,22.0,21.0,20.0,22.0,25.0,22.0,18.0,29.0,24.0,21.0,14.0,23.0,21.0,25.0,27.0,14.0,18.0,22.0,22.0,26.0,27.0,24.0,22.0,22.0,15.0,23.0,29.0,17.0,15.0,21.0,17.0,31.0,17.0,17.0,17.0
24.0,19.0,17.0,23.0,15.0,22.0,16.0,20.0,22.0,12.0,20.0,29.0,17.0,26.0,25.0,18.0,37.0,22.0,16.0,23.0,16.0,32.0,30.0,34.0,15.0,17.0,17.0,25.0,15.0,31.0,28.0,23.0,21.0,21.0,24.0,19.0,21.0,25.0,22.0,11.0,22.0,24.0,30.0,22.0,25.0,25.0,21.0,16.0,27.0,35.0
43.0,44.0,32.0,33.0,33.0,36.0,22.0,27.0,31.0,34.0,35.0,30.0,32.0,29.0,41.0,26.0,41.0,37.0,45.0,27.0,34.0,30.0,24.0,28.0,25.0,31.0,36.0,32.0,35.0,36.0,41.0,37.0,27.0,30.0,32.0,40.0,35.0,42.0,33.0,42.0,27.0,33.0,35.0,29.0,44.0,37.0,44.0,25.0,26.0,43.0
30.0,30.0,24.0,33.0,23.0,30.0,24.0,35.0,28.0,39.0,21.0,25.0,20.0,21.0,27.0,24.0,24.0,32.0,41.0,25.0,26.0,24.0,17.0,20.0,34.0,28.0,34.0,30.0,35.0,35.0,43.0,32.0,30.0,26.0,22.0,35.0,29.0,33.0,28.0,23.0,35.0,23.0,22.0,34.0,23.0,30.0,33.0,28.0,37.0,33.0
33.0,36.0,35.0,35.0,30.0,37.0,29.0,25.0,29.0,29.0,20.0,36.0,41.0,27.0,42.0,36.0,33.0,35.0,24.0,29.0,34.0,25.0,34.0,44.0,29.0,37.0,35.0,40.0,39.0,26.0,36.0,29.0,31.0,37.0,29.0,38.0,35.0,42.0,33.0,29.0,22.0,22.0,35.0,34.0,32.0,35.0,41.0,38.0,25.0,38.0
30.0,28.0,37.0,33.0,29.0,34.0,28.0,34.0,35.0,33.0,29.0,39.0,19.0,33.0,31.0,27.0,38.0,29.0,32.0,32.0,30.0,30.0,28.0,32.0,36.0,26.0,22.0,35.0,33.0,27.0,42.0,29.0,27.0,23.0,29.0,32.0,27.0,30.0,21.0,33.0,19.0,23.0,32.0,32.0,39.0,23.0,38.0,26.0,28.0,33.0
18.0,17.0,20.0,20.0,23.0,24.0,15.0,15.0,18.0,17.0,20.0,21.0,20.0,16.0,21.0,22.0,25.0,15.0,14.0,17.0,25.0,21.0,22.0,26.0,17.0,19.0,14.0,20.0,22.0,28.0,28.0,19.0,22.0,19.0,22.0,14.0,18.0,23.0,21.0,14.0,15.0,13.0,13.0,20.0,8.0,23.0,22.0,20.0,25.0,21.0
