10,50,1000
15.591324,15.355206,16.533796,15.329011,18.893607,19.387593,17.197761,17.923535,17.009457,19.99347
9.500232,6.24218,9.472323,5.597692,6.540832,8.665192,6.298091,7.879777,9.01795,7.709418
0.0,10.0,20.0,30.0,40.0,50.0,60.0,70.0,80.0,90.0
10.0,0.0,10.0,20.0,30.0,40.0,50.0,60.0,70.0,80.0
20.0,10.0,0.0,10.0,20.0,30.0,40.0,50.0,60.0,70.0
30.0,20.0,10.0,0.0,10.0,20.0,30.0,40.0,50.0,60.0
40.0,30.0,20.0,10.0,0.0,10.0,20.0,30.0,40.0,50.0
50.0,40.0,30.0,20.0,10.0,0.0,10.0,20.0,30.0,40.0
60.0,50.0,40.0,30.0,20.0,10.0,0.0,10.0,20.0,30.0
70.0,60.0,50.0,40.0,30.0,20.0,10.0,0.0,10.0,20.0
80.0,70.0,60.0,50.0,40.0,30.0,20.0,10.0,0.0,10.0
90.0,80.0,70.0,60.0,50.0,40.0,30.0,20.0,10.0,0.0
450.0,400.0,350.0,300.0,250.0,250.0,300.0,350.0,400.0,450.0
0.0,1.0,2.0,3.0,4.0,5.0,6.0,7.0,8.0,9.0
1.0,0.0,1.0,2.0,3.0,4.0,5.0,6.0,7.0,8.0
2.0,1.0,0.0,1.0,2.0,3.0,4.0,5.0,6.0,7.0
3.0,2.0,1.0,0.0,1.0,2.0,3.0,4.0,5.0,6.0
4.0,3.0,2.0,1.0,0.0,1.0,2.0,3.0,4.0,5.0
5.0,4.0,3.0,2.0,1.0,0.0,1.0,2.0,3.0,4.0
6.0,5.0,4.0,3.0,2.0,1.0,0.0,1.0,2.0,3.0
7.0,6.0,5.0,4.0,3.0,2.0,1.0,0.0,1.0,2.0
8.0,7.0,6.0,5.0,4.0,3.0,2.0,1.0,0.0,1.0
9.0,8.0,7.0,6.0,5.0,4.0,3.0,2.0,1.0,0.0
45.0,40.0,35.0,30.0,25.0,25.0,30.0,35.0,40.0,45.0
32.0,26.0,39.0,29.0,29.0,47.0,38.0,33.0,38.0,36.0,35.0,31.0,37.0,43.0,41.0,39.0,26.0,31.0,37.0,34.0,32.0,36.0,40.0,37.0,24.0,44.0,40.0,35.0,37.0,37.0,34.0,26.0,31.0,29.0,27.0,29.0,35.0,42.0,25.0,29.0,38.0,23.0,35.0,26.0,27.0,37.0,27.0,31.0,47.0,21.0
25.0,25.0,31.0,28.0,29.0,34.0,21.0,23.0,27.0,27.0,24.0,21.0,21.0,19.0,19.0,23.0,29.0,16.0,17.0,29.0,25.0,23.0,29.0,17.0,26.0,19.0,22.0,20.0,24.0,22.0,21.0,27.0,23.0,24.0,28.0,14.0,31.0,15.0,26.0,14.0,17.0,31.0,23.0,24.0,31.0,27.0,37.0,21.0,28.0,24.0
39.0,38.0,29.0,31.0,34.0,24.0,40.0,29.0,37.0,19.0,38.0,34.0,39.0,41.0,38.0,30.0,38.0,36.0,34.0,42.0,38.0,34.0,32.0,32.0,32.0,30.0,37.0,30.0,43.0,28.0,32.0,33.0,32.0,25.0,38.0,33.0,37.0,46.0,30.0,31.0,36.0,36.0,40.0,36.0,41.0,48.0,28.0,36.0,30.0,31.0
18.0,26.0,23.0,14.0,18.0,18.0,35.0,17.0,26.0,21.0,20.0,14.0,26.0,18.0,18.0,27.0,21.0,29.0,24.0,22.0,20.0,14.0,20.0,24.0,24.0,20.0,19.0,20.0,25.0,28.0,23.0,24.0,25.0,16.0,23.0,21.0,13.0,19.0,33.0,25.0,26.0,18.0,26.0,14.0,29.0,22.0,17.0,24.0,18.0,21.0
27.0,34.0,21.0,27.0,28.0,31.0,20.0,25.0,21.0,21.0,25.0,16.0,27.0,29.0,23.0,37.0,18.0,33.0,24.0,26.0,29.0,27.0,27.0,24.0,26.0,27.0,28.0,28.0,28.0,29.0,29.0,17.0,28.0,27.0,23.0,37.0,37.0,30.0,26.0,21.0,29.0,31.0,25.0,30.0,19.0,30.0,32.0,26.0,21.0,28.0
28.0,28.0,40.0,37.0,34.0,21.0,31.0,29.0,27.0,30.0,17.0,23.0,34.0,34.0,36.0,31.0,34.0,28.0,26.0,34.0,35.0,27.0,37.0,33.0,37.0,29.0,38.0,31.0,36.0,32.0,37.0,34.0,24.0,33.0,35.0,34.0,31.0,29.0,33.0,31.0,36.0,31.0,28.0,42.0,30.0,51.0,32.0,34.0,35.0,25.0
17.0,19.0,23.0,32.0,24.0,23.0,27.0,22.0,24.0,39.0,22.0,29.0,27.0,25.0,31.0,29.0,24.0,26.0,26.0,31.0,31.0,30.0,17.0,26.0,26.0,20.0,25.0,25.0,20.0,34.0,14.0,28.0,20.0,24.0,22.0,25.0,26.0,25.0,22.0,29.0,20.0,23.0,25.0,37.0,27.0,30.0,22.0,34.0,25.0,25.0
27.0,35.0,23.0,29.0,46.0,36.0,26.0,26.0,23.0,35.0,32.0,33.0,37.0,24.0,26.0,30.0,26.0,37.0,25.0,32.0,35.0,31.0,22.0,33.0,29.0,27.0,30.0,31.0,27.0,30.0,34.0,33.0,26.0,21.0,30.0,32.0,36.0,38.0,32.0,36.0,29.0,23.0,31.0,32.0,25.0,23.0,26.0,34.0,23.0,36.0
20.0,39.0,32.0,30.0,27.0,36.0,37.0,35.0,28.0,34.0,35.0,27.0,26.0,33.0,22.0,29.0,42.0,34.0,30.0,46.0,28.0,40.0,22.0,30.0,36.0,38.0,35.0,34.0,27.0,31.0,35.0,35.0,32.0,34.0,41.0,33.0,33.0,28.0,33.0,31.0,32.0,28.0,29.0,39.0,32.0,31.0,29.0,28.0,30.0,22.0
38.0,36.0,36.0,39.0,31.0,27.0,31.0,31.0,32.0,29.0,27.0,35.0,39.0,42.0,38.0,25.0,42.0,32.0,42.0,36.0,34.0,25.0,26.0,28.0,44.0,39.0,21.0,27.0,34.0,38.0,33.0,31.0,22.0,30.0,28.0,39.0,47.0,29.0,23.0,22.0,33.0,33.0,29.0,43.0,29.0,41.0,29.0,39.0,30.0,40.0
