10,50,1000
19.299564,19.633699,17.590845,18.910744,17.112383,16.009766,19.751142,18.237836,15.497561,16.075994
9.837709,5.652683,9.768601,8.928705,5.450371,5.079131,6.798782,8.417315,7.48632,5.410498
0.0,10.0,20.0,30.0,40.0,50.0,60.0,70.0,80.0,90.0
10.0,0.0,10.0,20.0,30.0,40.0,50.0,60.0,70.0,80.0
20.0,10.0,0.0,10.0,20.0,30.0,40.0,50.0,60.0,70.0
30.0,20.0,10.0,0.0,10.0,20.0,30.0,40.0,50.0,60.0
40.0,30.0,20.0,10.0,0.0,10.0,20.0,30.0,40.0,50.0
50.0,40.0,30.0,20.0,10.0,0.0,10.0,20.0,30.0,40.0
60.0,50.0,40.0,30.0,20.0,10.0,0.0,10.0,20.0,30.0
70.0,60.0,50.0,40.0,30.0,20.0,10.0,0.0,10.0,20.0
80.0,70.0,60.0,50.0,40.0,30.0,20.0,10.0,0.0,10.0
90.0,80.0,70.0,60.0,50.0,40.0,30.0,20.0,10.0,0.0
450.0,400.0,350.0,300.0,250.0,250.0,300.0,350.0,400.0,450.0
0.0,1.0,2.0,3.0,4.0,5.0,6.0,7.0,8.0,9.0
1.0,0.0,1.0,2.0,3.0,4.0,5.0,6.0,7.0,8.0
2.0,1.0,0.0,1.0,2.0,3.0,4.0,5.0,6.0,7.0
3.0,2.0,1.0,0.0,1.0,2.0,3.0,4.0,5.0,6.0
4.0,3.0,2.0,1.0,0.0,1.0,2.0,3.0,4.0,5.0
5.0,4.0,3.0,2.0,1.0,0.0,1.0,2.0,3.0,4.0
6.0,5.0,4.0,3.0,2.0,1.0,0.0,1.0,2.0,3.0
7.0,6.0,5.0,4.0,3.0,2.0,1.0,0.0,1.0,2.0
8.0,7.0,6.0,5.0,4.0,3.0,2.0,1.0,0.0,1.0
9.0,8.0,7.0,6.0,5.0,4.0,3.0,2.0,1.0,0.0
45.0,40.0,35.0,30.0,25.0,25.0,30.0,35.0,40.0,45.0
40.0,40.0,43.0,42.0,34.0,37.0,37.0,37.0,39.0,35.0,37.0,31.0,37.0,31.0,33.0,43.0,40.0,48.0,39.0,44.0,51.0,41.0,33.0,36.0,31.0,40.0,39.0,30.0,38.0,39.0,38.0,28.0,49.0,51.0,33.0,35.0,40.0,32.0,37.0,38.0,35.0,29.0,30.0,35.0,42.0,23.0,30.0,37.0,42.0,30.0
22.0,26.0,27.0,16.0,17.0,31.0,20.0,26.0,22.0,30.0,21.0,34.0,30.0,26.0,19.0,25.0,22.0,16.0,22.0,23.0,16.0,17.0,19.0,23.0,22.0,21.0,26.0,25.0,22.0,31.0,11.0,30.0,25.0,24.0,18.0,16.0,25.0,23.0,37.0,33.0,30.0,40.0,34.0,27.0,26.0,31.0,24.0,23.0,23.0,31.0
34.0,32.0,35.0,41.0,42.0,24.0,37.0,33.0,38.0,33.0,42.0,41.0,32.0,38.0,39.0,34.0,30.0,39.0,35.0,39.0,39.0,37.0,41.0,30.0,32.0,35.0,36.0,39.0,23.0,34.0,27.0,24.0,46.0,36.0,38.0,21.0,26.0,42.0,33.0,40.0,37.0,33.0,36.0,40.0,40.0,35.0,41.0,29.0,35.0,43.0
30.0,23.0,47.0,34.0,34.0,30.0,33.0,38.0,37.0,37.0,35.0,41.0,30.0,32.0,37.0,32.0,44.0,30.0,25.0,33.0,33.0,28.0,36.0,32.0,30.0,32.0,31.0,34.0,35.0,47.0,32.0,31.0,32.0,30.0,48.0,28.0,33.0,37.0,36.0,34.0,38.0,33.0,44.0,31.0,43.0,38.0,29.0,35.0,38.0,30.0
28.0,31.0,24.0,21.0,21.0,30.0,21.0,21.0,24.0,23.0,23.0,25.0,24.0,27.0,21.0,25.0,25.0,25.0,23.0,29.0,24.0,16.0,27.0,25.0,25.0,22.0,16.0,20.0,17.0,21.0,19.0,15.0,19.0,24.0,23.0,24.0,18.0,30.0,23.0,26.0,23.0,25.0,22.0,23.0,18.0,31.0,20.0,16.0,26.0,18.0
13.0,26.0,22.0,16.0,19.0,24.0,21.0,20.0,22.0,19.0,29.0,18.0,28.0,24.0,13.0,19.0,22.0,17.0,20.0,21.0,26.0,18.0,19.0,29.0,29.0,19.0,20.0,18.0,23.0,22.0,21.0,17.0,23.0,26.0,18.0,24.0,25.0,28.0,24.0,25.0,22.0,23.0,20.0,26.0,21.0,21.0,20.0,12.0,16.0,36.0
28.0,29.0,23.0,22.0,33.0,27.0,23.0,32.0,30.0,24.0,20.0,26.0,24.0,31.0,42.0,23.0,31.0,32.0,24.0,25.0,35.0,26.0,23.0,19.0,26.0,12.0,29.0,33.0,28.0,29.0,25.0,32.0,29.0,31.0,26.0,21.0,26.0,25.0,30.0,40.0,37.0,27.0,29.0,34.0,20.0,23.0,28.0,25.0,31.0,17.0
28.0,27.0,43.0,30.0,39.0,26.0,35.0,39.0,38.0,38.0,48.0,36.0,36.0,28.0,25.0,25.0,32.0,38.0,28.0,36.0,26.0,28.0,29.0,37.0,33.0,21.0,26.0,48.0,35.0,34.0,28.0,28.0,33.0,22.0,37.0,31.0,28.0,32.0,35.0,35.0,40.0,34.0,32.0,31.0,33.0,28.0,30.0,25.0,28.0,40.0
34.0,30.0,36.0,29.0,17.0,29.0,20.0,25.0,26.0,25.0,20.0,31.0,35.0,27.0,23.0,29.0,37.0,36.0,41.0,24.0,27.0,33.0,19.0,30.0,27.0,29.0,23.0,23.0,32.0,38.0,34.0,28.0,27.0,33.0,28.0,25.0,29.0,15.0,25.0,24.0,27.0,30.0,32.0,36.0,25.0,30.0,23.0,23.0,27.0,24.0
12.0,26.0,22.0,21.0,24.0,25.0,30.0,22.0,20.0,23.0,24.0,21.0,19.0,21.0,23.0,28.0,19.0,16.0,22.0,16.0,19.0,22.0,28.0,18.0,17.0,17.0,27.0,14.0,28.0,17.0,20.0,25.0,20.0,39.0,22.0,15.0,20.0,20.0,15.0,21.0,18.0,23.0,25.0,27.0,16.0,21.0,23.0,19.0,23.0,15.0
