10,50,1000
15.747769,17.448201,19.21474,17.42425,16.978386,16.04975,19.694194,18.748955,16.718909,18.79396
5.965018,8.389885,9.870067,6.737468,7.06362,9.240718,5.561387,8.909187,6.93369,5.079225
0.0,10.0,20.0,30.0,40.0,50.0,60.0,70.0,80.0,90.0
10.0,0.0,10.0,20.0,30.0,40.0,50.0,60.0,70.0,80.0
20.0,10.0,0.0,10.0,20.0,30.0,40.0,50.0,60.0,70.0
30.0,20.0,10.0,0.0,10.0,20.0,30.0,40.0,50.0,60.0
40.0,30.0,20.0,10.0,0.0,10.0,20.0,30.0,40.0,50.0
50.0,40.0,30.0,20.0,10.0,0.0,10.0,20.0,30.0,40.0
60.0,50.0,40.0,30.0,20.0,10.0,0.0,10.0,20.0,30.0
70.0,60.0,50.0,40.0,30.0,20.0,10.0,0.0,10.0,20.0
80.0,70.0,60.0,50.0,40.0,30.0,20.0,10.0,0.0,10.0
90.0,80.0,70.0,60.0,50.0,40.0,30.0,20.0,10.0,0.0
450.0,400.0,350.0,300.0,250.0,250.0,300.0,350.0,400.0,450.0
0.0,1.0,2.0,3.0,4.0,5.0,6.0,7.0,8.0,9.0
1.0,0.0,1.0,2.0,3.0,4.0,5.0,6.0,7.0,8.0
2.0,1.0,0.0,1.0,2.0,3.0,4.0,5.0,6.0,7.0
3.0,2.0,1.0,0.0,1.0,2.0,3.0,4.0,5.0,6.0
4.0,3.0,2.0,1.0,0.0,1.0,2.0,3.0,4.0,5.0
5.0,4.0,3.0,2.0,1.0,0.0,1.0,2.0,3.0,4.0
6.0,5.0,4.0,3.0,2.0,1.0,0.0,1.0,2.0,3.0
7.0,6.0,5.0,4.0,3.0,2.0,1.0,0.0,1.0,2.0
8.0,7.0,6.0,5.0,4.0,3.0,2.0,1.0,0.0,1.0
9.0,8.0,7.0,6.0,5.0,4.0,3.0,2.0,1.0,0.0
45.0,40.0,35.0,30.0,25.0,25.0,30.0,35.0,40.0,45.0
24.0,17.0,19.0,17.0,18.0,27.0,26.0,24.0,33.0,30.0,19.0,20.0,21.0,15.0,21.0,20.0,22.0,18.0,22.0,30.0,22.0,27.0,22.0,17.0,27.0,14.0,21.0,21.0,22.0,18.0,17.0,18.0,19.0,20.0,17.0,26.0,23.0,24.0,27.0,24.0,24.0,33.0,22.0,26.0,26.0,29.0,21.0,22.0,22.0,20.0
41.0,32.0,27.0,34.0,35.0,24.0,31.0,37.0,23.0,31.0,38.0,35.0,21.0,34.0,36.0,25.0,24.0,22.0,37.0,36.0,34.0,31.0,32.0,28.0,30.0,37.0,48.0,32.0,24.0,21.0,32.0,33.0,32.0,31.0,33.0,25.0,32.0,27.0,29.0,39.0,34.0,32.0,28.0,30.0,32.0,30.0,34.0,25.0,29.0,34.0
25.0,37.0,42.0,35.0,32.0,40.0,35.0,41.0,39.0,38.0,47.0,46.0,45.0,27.0,32.0,35.0,37.0,45.0,34.0,41.0,29.0,40.0,48.0,40.0,44.0,45.0,42.0,44.0,42.0,47.0,36.0,33.0,36.0,26.0,34.0,38.0,42.0,34.0,45.0,37.0,40.0,39.0,42.0,50.0,31.0,40.0,36.0,43.0,46.0,41.0
30.0,23.0,28.0,19.0,28.0,27.0,20.0,24.0,38.0,23.0,18.0,27.0,33.0,21.0,27.0,19.0,21.0,26.0,23.0,35.0,21.0,19.0,23.0,26.0,27.0,34.0,32.0,30.0,26.0,18.0,20.0,20.0,22.0,32.0,33.0,31.0,24.0,30.0,19.0,23.0,24.0,36.0,33.0,27.0,24.0,17.0,15.0,36.0,30.0,25.0
30.0,24.0,20.0,12.0,28.0,30.0,21.0,38.0,23.0,25.0,29.0,21.0,21.0,19.0,35.0,26.0,22.0,29.0,15.0,20.0,25.0,25.0,36.0,35.0,21.0,23.0,31.0,27.0,24.0,34.0,31.0,44.0,20.0,25.0,30.0,33.0,24.0,21.0,36.0,27.0,30.0,37.0,25.0,28.0,22.0,23.0,22.0,26.0,18.0,30.0
34.0,31.0,49.0,32.0,37.0,34.0,37.0,30.0,21.0,30.0,48.0,40.0,40.0,26.0,35.0,31.0,34.0,31.0,30.0,27.0,29.0,32.0,28.0,31.0,31.0,47.0,33.0,44.0,32.0,38.0,34.0,27.0,34.0,35.0,36.0,30.0,38.0,33.0,33.0,21.0,32.0,45.0,31.0,34.0,28.0,30.0,28.0,41.0,27.0,29.0
20.0,21.0,13.0,16.0,34.0,14.0,31.0,28.0,26.0,26.0,21.0,21.0,18.0,25.0,17.0,29.0,22.0,21.0,17.0,16.0,23.0,27.0,23.0,25.0,20.0,19.0,25.0,22.0,23.0,23.0,22.0,21.0,23.0,25.0,20.0,18.0,30.0,26.0,11.0,21.0,22.0,16.0,29.0,35.0,17.0,25.0,20.0,21.0,32.0,32.0
29.0,35.0,26.0,38.0,26.0,43.0,24.0,21.0,34.0,41.0,31.0,40.0,32.0,28.0,27.0,41.0,33.0,32.0,36.0,33.0,32.0,36.0,33.0,40.0,33.0,38.0,29.0,37.0,29.0,36.0,42.0,31.0,42.0,34.0,29.0,30.0,23.0,30.0,32.0,24.0,29.0,39.0,46.0,33.0,39.0,36.0,36.0,34.0,24.0,29.0
30.0,19.0,37.0,34.0,18.0,23.0,31.0,25.0,25.0,25.0,22.0,25.0,32.0,19.0,35.0,30.0,25.0,21.0,22.0,25.0,29.0,23.0,27.0,29.0,24.0,16.0,31.0,28.0,25.0,31.0,20.0,22.0,25.0,25.0,28.0,23.0,32.0,26.0,24.0,34.0,38.0,29.0,23.0,41.0,34.0,24.0,30.0,28.0,27.0,31.0
22.0,27.0,17.0,25.0,22.0,22.0,17.0,24.0,22.0,18.0,30.0,27.0,29.0,31.0,24.0,18.0,22.0,21.0,24.0,22.0,26.0,24.0,19.0,24.0,16.0,18.0,15.0,23.0,21.0,20.0,25.0,26.0,23.0,18.0,29.0,25.0,23.0,31.0,22.0,28.0,19.0,30.0,17.0,21.0,21.0,28.0,24.0,23.0,24.0,18.0
