10,50,1000
18.974965,17.257538,19.87644,19.390083,19.162086,15.281536,15.374219,18.069317,16.56077,19.353863
9.65118,5.681377,6.935512,5.394211,8.974611,5.469368,6.993901,6.308347,8.637196,6.67141
0.0,10.0,20.0,30.0,40.0,50.0,60.0,70.0,80.0,90.0
10.0,0.0,10.0,20.0,30.0,40.0,50.0,60.0,70.0,80.0
20.0,10.0,0.0,10.0,20.0,30.0,40.0,50.0,60.0,70.0
30.0,20.0,10.0,0.0,10.0,20.0,30.0,40.0,50.0,60.0
40.0,30.0,20.0,10.0,0.0,10.0,20.0,30.0,40.0,50.0
50.0,40.0,30.0,20.0,10.0,0.0,10.0,20.0,30.0,40.0
60.0,50.0,40.0,30.0,20.0,10.0,0.0,10.0,20.0,30.0
70.0,60.0,50.0,40.0,30.0,20.0,10.0,0.0,10.0,20.0
80.0,70.0,60.0,50.0,40.0,30.0,20.0,10.0,0.0,10.0
90.0,80.0,70.0,60.0,50.0,40.0,30.0,20.0,10.0,0.0
450.0,400.0,350.0,300.0,250.0,250.0,300.0,350.0,400.0,450.0
0.0,1.0,2.0,3.0,4.0,5.0,6.0,7.0,8.0,9.0
1.0,0.0,1.0,2.0,3.0,4.0,5.0,6.0,7.0,8.0
2.0,1.0,0.0,1.0,2.0,3.0,4.0,5.0,6.0,7.0
3.0,2.0,1.0,0.0,1.0,2.0,3.0,4.0,5.0,6.0
4.0,3.0,2.0,1.0,0.0,1.0,2.0,3.0,4.0,5.0
5.0,4.0,3.0,2.0,1.0,0.0,1.0,2.0,3.0,4.0
6.0,5.0,4.0,3.0,2.0,1.0,0.0,1.0,2.0,3.0
7.0,6.0,5.0,4.0,3.0,2.0,1.0,0.0,1.0,2.0
8.0,7.0,6.0,5.0,4.0,3.0,2.0,1.0,0.0,1.0
9.0,8.0,7.0,6.0,5.0,4.0,3.0,2.0,1.0,0.0
45.0,40.0,35.0,30.0,25.0,25.0,30.0,35.0,40.0,45.0
32.0,35.0,38.0,35.0,39.0,37.0,35.0,40.0,34.0,32.0,43.0,37.0,37.0,44.0,36.0,34.0,34.0,36.0,40.0,38.0,35.0,41.0,35.0,25.0,30.0,39.0,45.0,50.0,48.0,35.0,36.0,39.0,37.0,38.0,32.0,43.0,48.0,32.0,36.0,45.0,37.0,36.0,37.0,26.0,49.0,29.0,48.0,41.0,31.0,28.0
31.0,30.0,20.0,22.0,28.0,18.0,21.0,20.0,20.0,19.0,27.0,25.0,22.0,13.0,28.0,28.0,23.0,21.0,31.0,13.0,28.0,24.0,26.0,24.0,28.0,24.0,23.0,19.0,20.0,26.0,25.0,25.0,27.0,12.0,24.0,32.0,25.0,28.0,19.0,10.0,15.0,17.0,25.0,26.0,17.0,25.0,25.0,21.0,26.0,29.0
22.0,30.0,18.0,26.0,24.0,19.0,25.0,25.0,28.0,30.0,26.0,30.0,29.0,26.0,21.0,23.0,32.0,24.0,22.0,25.0,26.0,37.0,24.0,32.0,34.0,33.0,20.0,29.0,26.0,34.0,39.0,35.0,31.0,34.0,31.0,31.0,28.0,30.0,27.0,23.0,23.0,24.0,21.0,31.0,32.0,32.0,28.0,23.0,32.0,35.0
15.0,28.0,25.0,25.0,24.0,27.0,25.0,30.0,13.0,21.0,23.0,25.0,24.0,25.0,24.0,18.0,30.0,32.0,32.0,26.0,24.0,22.0,24.0,26.0,18.0,29.0,11.0,24.0,21.0,20.0,26.0,28.0,20.0,24.0,26.0,23.0,27.0,23.0,24.0,23.0,30.0,25.0,20.0,20.0,24.0,22.0,28.0,25.0,23.0,21.0
29.0,36.0,31.0,40.0,40.0,54.0,48.0,33.0,43.0,28.0,37.0,28.0,27.0,44.0,34.0,35.0,31.0,33.0,36.0,40.0,35.0,31.0,26.0,35.0,30.0,27.0,37.0,27.0,37.0,36.0,32.0,37.0,33.0,37.0,34.0,30.0,36.0,37.0,34.0,30.0,42.0,37.0,44.0,30.0,29.0,29.0,28.0,30.0,34.0,26.0
25.0,21.0,17.0,17.0,12.0,23.0,17.0,16.0,28.0,23.0,18.0,23.0,21.0,27.0,29.0,18.0,16.0,14.0,18.0,18.0,14.0,20.0,24.0,23.0,19.0,27.0,20.0,28.0,29.0,26.0,19.0,22.0,27.0,16.0,22.0,18.0,26.0,28.0,20.0,24.0,26.0,32.0,25.0,21.0,24.0,18.0,18.0,21.0,29.0,27.0
24.0,27.0,27.0,24.0,29.0,28.0,23.0,29.0,28.0,26.0,18.0,27.0,29.0,23.0,17.0,24.0,22.0,28.0,45.0,16.0,25.0,26.0,26.0,24.0,34.0,23.0,27.0,31.0,33.0,31.0,27.0,39.0,21.0,20.0,24.0,23.0,31.0,22.0,18.0,26.0,27.0,27.0,27.0,23.0,25.0,33.0,28.0,24.0,28.0,22.0
20.0,29.0,34.0,35.0,31.0,31.0,31.0,25.0,27.0,17.0,12.0,24.0,30.0,22.0,26.0,22.0,25.0,33.0,25.0,22.0,21.0,21.0,34.0,22.0,28.0,35.0,30.0,25.0,24.0,29.0,22.0,28.0,31.0,27.0,33.0,33.0,20.0,20.0,30.0,24.0,26.0,26.0,25.0,24.0,28.0,34.0,35.0,19.0,26.0,25.0
25.0,19.0,35.0,39.0,36.0,21.0,30.0,26.0,36.0,31.0,29.0,26.0,31.0,28.0,37.0,33.0,21.0,37.0,25.0,34.0,31.0,32.0,31.0,31.0,30.0,35.0,30.0,27.0,33.0,33.0,38.0,30.0,43.0,31.0,25.0,35.0,33.0,26.0,33.0,31.0,23.0,44.0,28.0,37.0,29.0,47.0,29.0,29.0,32.0,42.0
22.0,28.0,34.0,39.0,28.0,17.0,24.0,35.0,26.0,32.0,23.0,34.0,31.0,26.0,22.0,23.0,22.0,33.0,33.0,28.0,25.0,21.0,24.0,29.0,38.0,30.0,31.0,20.0,33.0,27.0,29.0,38.0,23.0,26.0,23.0,24.0,24.0,16.0,25.0,22.0,30.0,27.0,33.0,32.0,31.0,22.0,27.0,30.0,34.0,25.0
