10,50,1000
16.48645,17.427117,18.604783,17.022559,17.529319,19.948604,16.930952,18.810009,16.485313,16.542297
6.737614,5.411343,8.89976,8.182752,5.471257,7.967489,9.910589,6.910439,6.125756,5.456497
0.0,10.0,20.0,30.0,40.0,50.0,60.0,70.0,80.0,90.0
10.0,0.0,10.0,20.0,30.0,40.0,50.0,60.0,70.0,80.0
20.0,10.0,0.0,10.0,20.0,30.0,40.0,50.0,60.0,70.0
30.0,20.0,10.0,0.0,10.0,20.0,30.0,40.0,50.0,60.0
40.0,30.0,20.0,10.0,0.0,10.0,20.0,30.0,40.0,50.0
50.0,40.0,30.0,20.0,10.0,0.0,10.0,20.0,30.0,40.0
60.0,50.0,40.0,30.0,20.0,10.0,0.0,10.0,20.0,30.0
70.0,60.0,50.0,40.0,30.0,20.0,10.0,0.0,10.0,20.0
80.0,70.0,60.0,50.0,40.0,30.0,20.0,10.0,0.0,10.0
90.0,80.0,70.0,60.0,50.0,40.0,30.0,20.0,10.0,0.0
450.0,400.0,350.0,300.0,250.0,250.0,300.0,350.0,400.0,450.0
0.0,1.0,2.0,3.0,4.0,5.0,6.0,7.0,8.0,9.0
1.0,0.0,1.0,2.0,3.0,4.0,5.0,6.0,7.0,8.0
2.0,1.0,0.0,1.0,2.0,3.0,4.0,5.0,6.0,7.0
3.0,2.0,1.0,0.0,1.0,2.0,3.0,4.0,5.0,6.0
4.0,3.0,2.0,1.0,0.0,1.0,2.0,3.0,4.0,5.0
5.0,4.0,3.0,2.0,1.0,0.0,1.0,2.0,3.0,4.0
6.0,5.0,4.0,3.0,2.0,1.0,0.0,1.0,2.0,3.0
7.0,6.0,5.0,4.0,3.0,2.0,1.0,0.0,1.0,2.0
8.0,7.0,6.0,5.0,4.0,3.0,2.0,1.0,0.0,1.0
9.0,8.0,7.0,6.0,5.0,4.0,3.0,2.0,1.0,0.0
45.0,40.0,35.0,30.0,25.0,25.0,30.0,35.0,40.0,45.0
23.0,23.0,40.0,33.0,16.0,25.0,17.0,31.0,28.0,13.0,36.0,21.0,34.0,19.0,33.0,35.0,21.0,26.0,34.0,26.0,25.0,46.0,24.0,18.0,28.0,21.0,25.0,22.0,19.0,26.0,29.0,21.0,28.0,19.0,20.0,16.0,24.0,22.0,23.0,26.0,31.0,32.0,40.0,19.0,24.0,12.0,23.0,23.0,34.0,24.0
25.0,24.0,21.0,19.0,15.0,20.0,32.0,23.0,30.0,25.0,18.0,24.0,22.0,28.0,23.0,19.0,22.0,22.0,23.0,22.0,27.0,17.0,17.0,19.0,29.0,17.0,27.0,29.0,15.0,15.0,17.0,21.0,23.0,17.0,27.0,15.0,26.0,20.0,25.0,20.0,23.0,31.0,18.0,21.0,32.0,23.0,19.0,18.0,22.0,29.0
28.0,37.0,26.0,29.0,35.0,40.0,33.0,37.0,31.0,29.0,30.0,34.0,29.0,38.0,38.0,38.0,27.0,30.0,33.0,27.0,29.0,27.0,21.0,31.0,29.0,26.0,42.0,40.0,33.0,39.0,28.0,39.0,38.0,39.0,31.0,44.0,40.0,27.0,39.0,31.0,30.0,41.0,27.0,42.0,36.0,38.0,36.0,32.0,29.0,25.0
33.0,40.0,32.0,39.0,35.0,24.0,20.0,27.0,30.0,29.0,38.0,34.0,44.0,29.0,24.0,28.0,27.0,30.0,33.0,33.0,32.0,27.0,31.0,32.0,27.0,29.0,34.0,32.0,27.0,27.0,30.0,30.0,29.0,22.0,31.0,32.0,33.0,38.0,30.0,41.0,30.0,35.0,34.0,42.0,29.0,28.0,31.0,36.0,34.0,41.0
25.0,25.0,22.0,16.0,24.0,21.0,16.0,17.0,21.0,23.0,19.0,16.0,23.0,27.0,23.0,27.0,15.0,21.0,24.0,21.0,20.0,17.0,18.0,29.0,25.0,28.0,22.0,22.0,14.0,22.0,26.0,27.0,20.0,24.0,21.0,23.0,17.0,24.0,21.0,27.0,22.0,19.0,18.0,25.0,21.0,17.0,20.0,22.0,19.0,23.0
32.0,28.0,37.0,38.0,31.0,36.0,31.0,31.0,30.0,35.0,22.0,29.0,20.0,27.0,28.0,25.0,34.0,37.0,36.0,30.0,29.0,31.0,29.0,36.0,35.0,35.0,28.0,32.0,33.0,29.0,23.0,38.0,30.0,31.0,35.0,33.0,22.0,29.0,25.0,29.0,25.0,26.0,43.0,36.0,39.0,34.0,33.0,31.0,40.0,22.0
33.0,33.0,40.0,33.0,44.0,41.0,29.0,45.0,34.0,41.0,44.0,37.0,35.0,48.0,42.0,41.0,28.0,34.0,38.0,39.0,33.0,26.0,39.0,38.0,32.0,43.0,45.0,33.0,39.0,36.0,30.0,37.0,33.0,35.0,32.0,47.0,32.0,42.0,40.0,52.0,37.0,34.0,32.0,36.0,34.0,33.0,30.0,39.0,36.0,38.0
24.0,26.0,25.0,17.0,21.0,31.0,31.0,22.0,20.0,27.0,29.0,21.0,30.0,34.0,21.0,24.0,26.0,25.0,20.0,38.0,26.0,28.0,29.0,22.0,27.0,24.0,24.0,31.0,25.0,34.0,29.0,31.0,17.0,24.0,25.0,31.0,28.0,24.0,26.0,17.0,15.0,34.0,19.0,27.0,26.0,18.0,31.0,24.0,31.0,24.0
23.0,29.0,26.0,30.0,26.0,24.0,30.0,23.0,28.0,25.0,31.0,22.0,21.0,23.0,33.0,25.0,20.0,26.0,26.0,31.0,28.0,23.0,25.0,15.0,29.0,33.0,23.0,27.0,30.0,20.0,20.0,29.0,19.0,30.0,17.0,26.0,27.0,21.0,24.0,25.0,23.0,24.0,27.0,34.0,25.0,20.0,32.0,22.0,31.0,29.0
34.0,25.0,22.0,20.0,24.0,25.0,25.0,26.0,23.0,23.0,29.0,19.0,20.0,17.0,42.0,26.0,26.0,29.0,23.0,20.0,16.0,23.0,31.0,21.0,18.0,22.0,22.0,21.0,25.0,27.0,21.0,24.0,18.0,19.0,28.0,14.0,18.0,24.0,13.0,23.0,30.0,23.0,17.0,22.0,22.0,27.0,23.0,25.0,27.0,25.0
