10,50,1000
19.778311,16.609649,15.767349,16.131805,19.98934,17.784182,18.624566,16.677995,17.268988,17.148735
8.115283,9.050427,6.307741,6.868074,7.13517,7.064599,5.434062,5.223099,8.381495,7.964149
0.0,10.0,20.0,30.0,40.0,50.0,60.0,70.0,80.0,90.0
10.0,0.0,10.0,20.0,30.0,40.0,50.0,60.0,70.0,80.0
20.0,10.0,0.0,10.0,20.0,30.0,40.0,50.0,60.0,70.0
30.0,20.0,10.0,0.0,10.0,20.0,30.0,40.0,50.0,60.0
40.0,30.0,20.0,10.0,0.0,10.0,20.0,30.0,40.0,50.0
50.0,40.0,30.0,20.0,10.0,0.0,10.0,20.0,30.0,40.0
60.0,50.0,40.0,30.0,20.0,10.0,0.0,10.0,20.0,30.0
70.0,60.0,50.0,40.0,30.0,20.0,10.0,0.0,10.0,20.0
80.0,70.0,60.0,50.0,40.0,30.0,20.0,10.0,0.0,10.0
90.0,80.0,70.0,60.0,50.0,40.0,30.0,20.0,10.0,0.0
450.0,400.0,350.0,300.0,250.0,250.0,300.0,350.0,400.0,450.0
0.0,1.0,2.0,3.0,4.0,5.0,6.0,7.0,8.0,9.0
1.0,0.0,1.0,2.0,3.0,4.0,5.0,6.0,7.0,8.0
2.0,1.0,0.0,1.0,2.0,3.0,4.0,5.0,6.0,7.0
3.0,2.0,1.0,0.0,1.0,2.0,3.0,4.0,5.0,6.0
4.0,3.0,2.0,1.0,0.0,1.0,2.0,3.0,4.0,5.0
5.0,4.0,3.0,2.0,1.0,0.0,1.0,2.0,3.0,4.0
6.0,5.0,4.0,3.0,2.0,1.0,0.0,1.0,2.0,3.0
7.0,6.0,5.0,4.0,3.0,2.0,1.0,0.0,1.0,2.0
8.0,7.0,6.0,5.0,4.0,3.0,2.0,1.0,0.0,1.0
9.0,8.0,7.0,6.0,5.0,4.0,3.0,2.0,1.0,0.0
45.0,40.0,35.0,30.0,25.0,25.0,30.0,35.0,40.0,45.0
28.0,26.0,32.0,24.0,30.0,22.0,42.0,25.0,30.0,22.0,42.0,30.0,33.0,18.0,28.0,38.0,31.0,33.0,29.0,23.0,25.0,42.0,32.0,28.0,29.0,35.0,21.0,39.0,24.0,29.0,36.0,20.0,26.0,28.0,26.0,36.0,32.0,22.0,29.0,23.0,31.0,22.0,26.0,27.0,30.0,29.0,38.0,32.0,36.0,40.0
30.0,36.0,27.0,31.0,46.0,29.0,35.0,45.0,23.0,31.0,33.0,28.0,27.0,32.0,34.0,27.0,25.0,38.0,44.0,40.0,35.0,37.0,30.0,34.0,31.0,32.0,21.0,30.0,39.0,35.0,46.0,39.0,30.0,31.0,35.0,38.0,20.0,24.0,30.0,42.0,29.0,39.0,39.0,29.0,29.0,33.0,28.0,23.0,28.0,34.0
24.0,17.0,22.0,18.0,22.0,24.0,20.0,24.0,23.0,23.0,22.0,22.0,18.0,34.0,16.0,27.0,22.0,25.0,22.0,26.0,21.0,25.0,23.0,13.0,24.0,30.0,21.0,22.0,18.0,36.0,19.0,19.0,29.0,28.0,24.0,15.0,24.0,19.0,20.0,18.0,27.0,27.0,21.0,22.0,19.0,34.0,31.0,22.0,21.0,24.0
32.0,22.0,40.0,27.0,21.0,25.0,22.0,22.0,16.0,23.0,22.0,26.0,29.0,30.0,30.0,20.0,36.0,26.0,29.0,26.0,18.0,34.0,29.0,26.0,27.0,32.0,30.0,31.0,16.0,14.0,29.0,22.0,22.0,26.0,27.0,23.0,27.0,15.0,15.0,24.0,28.0,22.0,24.0,28.0,26.0,31.0,31.0,46.0,24.0,22.0
24.0,38.0,25.0,27.0,32.0,30.0,29.0,20.0,27.0,36.0,33.0,18.0,23.0,28.0,22.0,26.0,33.0,26.0,27.0,22.0,30.0,28.0,27.0,21.0,24.0,22.0,30.0,35.0,25.0,29.0,30.0,28.0,28.0,33.0,27.0,33.0,18.0,39.0,24.0,27.0,34.0,27.0,27.0,35.0,27.0,26.0,23.0,25.0,31.0,28.0
28.0,26.0,35.0,26.0,31.0,25.0,23.0,26.0,26.0,24.0,33.0,21.0,23.0,30.0,24.0,18.0,27.0,43.0,29.0,31.0,21.0,33.0,17.0,33.0,24.0,18.0,19.0,27.0,31.0,27.0,23.0,25.0,22.0,27.0,36.0,27.0,17.0,21.0,30.0,29.0,30.0,28.0,29.0,33.0,24.0,34.0,27.0,35.0,23.0,25.0
32.0,27.0,19.0,20.0,16.0,19.0,21.0,18.0,30.0,22.0,15.0,17.0,27.0,28.0,34.0,15.0,24.0,19.0,13.0,21.0,23.0,30.0,19.0,20.0,16.0,31.0,23.0,18.0,26.0,20.0,27.0,24.0,29.0,17.0,25.0,29.0,27.0,22.0,23.0,21.0,27.0,30.0,20.0,20.0,25.0,25.0,19.0,18.0,10.0,20.0
26.0,20.0,22.0,17.0,23.0,20.0,16.0,19.0,22.0,17.0,19.0,22.0,18.0,18.0,19.0,12.0,24.0,18.0,30.0,16.0,18.0,26.0,14.0,14.0,21.0,28.0,19.0,20.0,18.0,22.0,23.0,23.0,23.0,20.0,16.0,23.0,20.0,24.0,17.0,29.0,24.0,25.0,24.0,22.0,18.0,22.0,16.0,24.0,27.0,22.0
46.0,34.0,33.0,37.0,29.0,30.0,28.0,31.0,25.0,29.0,31.0,35.0,33.0,37.0,34.0,36.0,23.0,31.0,24.0,28.0,30.0,37.0,29.0,31.0,33.0,30.0,27.0,37.0,28.0,29.0,33.0,37.0,32.0,43.0,30.0,32.0,24.0,38.0,36.0,35.0,39.0,39.0,24.0,30.0,30.0,37.0,26.0,32.0,19.0,24.0
40.0,33.0,41.0,38.0,40.0,34.0,27.0,31.0,33.0,32.0,26.0,30.0,34.0,37.0,41.0,28.0,24.0,31.0,26.0,27.0,35.0,23.0,35.0,31.0,27.0,26.0,29.0,22.0,30.0,30.0,29.0,40.0,24.0,19.0,22.0,28.0,38.0,31.0,38.0,30.0,33.0,38.0,33.0,25.0,23.0,32.0,41.0,26.0,37.0,32.0
