10,50,1000
17.801793,16.298528,16.757495,15.967686,17.388551,15.509686,18.113256,17.726614,15.796265,17.164549
7.286041,6.48982,9.701429,5.713721,8.150532,7.500354,7.373064,5.58552,6.005635,6.206182
0.0,10.0,20.0,30.0,40.0,50.0,60.0,70.0,80.0,90.0
10.0,0.0,10.0,20.0,30.0,40.0,50.0,60.0,70.0,80.0
20.0,10.0,0.0,10.0,20.0,30.0,40.0,50.0,60.0,70.0
30.0,20.0,10.0,0.0,10.0,20.0,30.0,40.0,50.0,60.0
40.0,30.0,20.0,10.0,0.0,10.0,20.0,30.0,40.0,50.0
50.0,40.0,30.0,20.0,10.0,0.0,10.0,20.0,30.0,40.0
60.0,50.0,40.0,30.0,20.0,10.0,0.0,10.0,20.0,30.0
70.0,60.0,50.0,40.0,30.0,20.0,10.0,0.0,10.0,20.0
80.0,70.0,60.0,50.0,40.0,30.0,20.0,10.0,0.0,10.0
90.0,80.0,70.0,60.0,50.0,40.0,30.0,20.0,10.0,0.0
450.0,400.0,350.0,300.0,250.0,250.0,300.0,350.0,400.0,450.0
0.0,1.0,2.0,3.0,4.0,5.0,6.0,7.0,8.0,9.0
1.0,0.0,1.0,2.0,3.0,4.0,5.0,6.0,7.0,8.0
2.0,1.0,0.0,1.0,2.0,3.0,4.0,5.0,6.0,7.0
3.0,2.0,1.0,0.0,1.0,2.0,3.0,4.0,5.0,6.0
4.0,3.0,2.0,1.0,0.0,1.0,2.0,3.0,4.0,5.0
5.0,4.0,3.0,2.0,1.0,0.0,1.0,2.0,3.0,4.0
6.0,5.0,4.0,3.0,2.0,1.0,0.0,1.0,2.0,3.0
7.0,6.0,5.0,4.0,3.0,2.0,1.0,0.0,1.0,2.0
8.0,7.0,6.0,5.0,4.0,3.0,2.0,1.0,0.0,1.0
9.0,8.0,7.0,6.0,5.0,4.0,3.0,2.0,1.0,0.0
45.0,40.0,35.0,30.0,25.0,25.0,30.0,35.0,40.0,45.0
29.0,35.0,25.0,28.0,26.0,24.0,33.0,23.0,40.0,23.0,32.0,26.0,22.0,29.0,24.0,23.0,35.0,38.0,25.0,35.0,34.0,28.0,24.0,30.0,27.0,34.0,12.0,35.0,32.0,24.0,29.0,37.0,21.0,27.0,23.0,31.0,23.0,26.0,21.0,28.0,18.0,30.0,16.0,36.0,31.0,36.0,28.0,29.0,17.0,26.0
13.0,21.0,29.0,26.0,16.0,25.0,24.0,32.0,27.0,32.0,26.0,25.0,35.0,33.0,26.0,24.0,22.0,29.0,27.0,22.0,31.0,30.0,27.0,26.0,21.0,18.0,33.0,21.0,27.0,17.0,25.0,23.0,28.0,24.0,23.0,29.0,23.0,27.0,26.0,23.0,15.0,28.0,27.0,26.0,30.0,20.0,21.0,16.0,18.0,18.0
37.0,37.0,39.0,38.0,49.0,36.0,33.0,39.0,30.0,29.0,40.0,45.0,32.0,35.0,25.0,39.0,33.0,27.0,40.0,34.0,36.0,30.0,40.0,33.0,40.0,33.0,31.0,29.0,34.0,34.0,29.0,37.0,42.0,35.0,33.0,43.0,28.0,42.0,31.0,31.0,42.0,37.0,21.0,36.0,40.0,26.0,41.0,47.0,45.0,31.0
29.0,23.0,22.0,23.0,18.0,24.0,23.0,29.0,30.0,29.0,19.0,24.0,24.0,31.0,23.0,20.0,24.0,19.0,17.0,17.0,12.0,30.0,24.0,28.0,32.0,31.0,21.0,28.0,22.0,18.0,22.0,20.0,26.0,20.0,23.0,21.0,21.0,27.0,20.0,22.0,21.0,20.0,25.0,21.0,25.0,13.0,30.0,19.0,28.0,29.0
26.0,25.0,35.0,23.0,30.0,29.0,27.0,35.0,22.0,28.0,36.0,28.0,21.0,39.0,34.0,36.0,38.0,29.0,41.0,29.0,24.0,36.0,30.0,33.0,44.0,31.0,32.0,34.0,23.0,26.0,28.0,32.0,28.0,33.0,34.0,36.0,27.0,30.0,30.0,33.0,32.0,41.0,44.0,27.0,24.0,29.0,26.0,22.0,29.0,24.0
26.0,33.0,33.0,24.0,35.0,18.0,32.0,30.0,29.0,32.0,28.0,23.0,31.0,29.0,25.0,22.0,23.0,15.0,30.0,31.0,42.0,22.0,25.0,35.0,26.0,26.0,33.0,32.0,34.0,26.0,38.0,25.0,35.0,39.0,31.0,18.0,29.0,26.0,32.0,25.0,22.0,28.0,39.0,24.0,28.0,25.0,25.0,26.0,31.0,29.0
31.0,39.0,25.0,27.0,45.0,28.0,42.0,29.0,26.0,32.0,34.0,31.0,34.0,29.0,32.0,32.0,34.0,31.0,27.0,24.0,25.0,30.0,29.0,36.0,30.0,28.0,34.0,30.0,21.0,23.0,31.0,28.0,31.0,16.0,24.0,19.0,34.0,32.0,22.0,22.0,25.0,23.0,33.0,28.0,37.0,20.0,23.0,29.0,26.0,33.0
23.0,18.0,23.0,24.0,28.0,24.0,32.0,31.0,22.0,22.0,23.0,15.0,26.0,28.0,17.0,28.0,22.0,26.0,27.0,22.0,19.0,35.0,24.0,32.0,26.0,18.0,16.0,25.0,23.0,27.0,24.0,22.0,15.0,16.0,33.0,25.0,22.0,29.0,24.0,25.0,25.0,27.0,20.0,22.0,29.0,21.0,30.0,27.0,31.0,18.0
33.0,22.0,20.0,14.0,23.0,27.0,26.0,26.0,27.0,25.0,18.0,16.0,27.0,27.0,23.0,25.0,21.0,20.0,22.0,29.0,19.0,16.0,18.0,23.0,19.0,23.0,26.0,19.0,31.0,27.0,26.0,25.0,21.0,29.0,30.0,22.0,21.0,20.0,21.0,19.0,22.0,27.0,25.0,19.0,16.0,20.0,23.0,13.0,23.0,14.0
26.0,23.0,26.0,37.0,28.0,26.0,32.0,16.0,23.0,29.0,22.0,29.0,25.0,30.0,26.0,22.0,27.0,30.0,24.0,29.0,26.0,23.0,31.0,29.0,14.0,27.0,23.0,27.0,23.0,18.0,19.0,19.0,24.0,28.0,24.0,22.0,24.0,25.0,25.0,28.0,23.0,25.0,25.0,23.0,39.0,20.0,20.0,29.0,19.0,30.0
