10,50,1000
18.382441,19.922258,18.99108,18.751628,17.163604,19.987001,17.126016,18.613089,17.016199,17.717854
9.823711,7.725325,7.506484,9.88142,9.41742,9.426898,5.299855,8.064143,8.144158,9.50921
0.0,10.0,20.0,30.0,40.0,50.0,60.0,70.0,80.0,90.0
10.0,0.0,10.0,20.0,30.0,40.0,50.0,60.0,70.0,80.0
20.0,10.0,0.0,10.0,20.0,30.0,40.0,50.0,60.0,70.0
30.0,20.0,10.0,0.0,10.0,20.0,30.0,40.0,50.0,60.0
40.0,30.0,20.0,10.0,0.0,10.0,20.0,30.0,40.0,50.0
50.0,40.0,30.0,20.0,10.0,0.0,10.0,20.0,30.0,40.0
60.0,50.0,40.0,30.0,20.0,10.0,0.0,10.0,20.0,30.0
70.0,60.0,50.0,40.0,30.0,20.0,10.0,0.0,10.0,20.0
80.0,70.0,60.0,50.0,40.0,30.0,20.0,10.0,0.0,10.0
90.0,80.0,70.0,60.0,50.0,40.0,30.0,20.0,10.0,0.0
450.0,400.0,350.0,300.0,250.0,250.0,300.0,350.0,400.0,450.0
0.0,1.0,2.0,3.0,4.0,5.0,6.0,7.0,8.0,9.0
1.0,0.0,1.0,2.0,3.0,4.0,5.0,6.0,7.0,8.0
2.0,1.0,0.0,1.0,2.0,3.0,4.0,5.0,6.0,7.0
3.0,2.0,1.0,0.0,1.0,2.0,3.0,4.0,5.0,6.0
4.0,3.0,2.0,1.0,0.0,1.0,2.0,3.0,4.0,5.0
5.0,4.0,3.0,2.0,1.0,0.0,1.0,2.0,3.0,4.0
6.0,5.0,4.0,3.0,2.0,1.0,0.0,1.0,2.0,3.0
7.0,6.0,5.0,4.0,3.0,2.0,1.0,0.0,1.0,2.0
8.0,7.0,6.0,5.0,4.0,3.0,2.0,1.0,0.0,1.0
9.0,8.0,7.0,6.0,5.0,4.0,3.0,2.0,1.0,0.0
45.0,40.0,35.0,30.0,25.0,25.0,30.0,35.0,40.0,45.0
35.0,38.0,34.0,31.0,38.0,39.0,33.0,32.0,33.0,32.0,42.0,33.0,27.0,46.0,49.0,34.0,46.0,35.0,36.0,43.0,38.0,30.0,41.0,43.0,35.0,38.0,47.0,33.0,38.0,40.0,43.0,38.0,31.0,34.0,37.0,40.0,34.0,37.0,41.0,28.0,39.0,35.0,35.0,36.0,36.0,35.0,26.0,41.0,30.0,31.0
28.0,24.0,31.0,27.0,38.0,30.0,25.0,26.0,39.0,38.0,33.0,29.0,22.0,34.0,21.0,22.0,33.0,31.0,18.0,34.0,33.0,40.0,31.0,32.0,37.0,27.0,25.0,20.0,25.0,22.0,29.0,25.0,36.0,30.0,44.0,21.0,42.0,35.0,25.0,24.0,35.0,23.0,29.0,30.0,30.0,29.0,30.0,31.0,35.0,31.0
40.0,29.0,22.0,45.0,30.0,32.0,28.0,24.0,25.0,26.0,27.0,22.0,24.0,34.0,22.0,37.0,20.0,38.0,29.0,26.0,27.0,32.0,36.0,26.0,36.0,27.0,28.0,29.0,34.0,23.0,33.0,29.0,27.0,26.0,25.0,38.0,24.0,25.0,34.0,36.0,30.0,30.0,31.0,28.0,33.0,35.0,30.0,36.0,26.0,32.0
32.0,38.0,41.0,40.0,40.0,31.0,34.0,32.0,42.0,31.0,38.0,32.0,39.0,35.0,42.0,35.0,39.0,32.0,38.0,29.0,36.0,43.0,36.0,33.0,32.0,38.0,32.0,31.0,36.0,41.0,36.0,32.0,36.0,48.0,34.0,39.0,28.0,41.0,45.0,47.0,42.0,43.0,42.0,35.0,32.0,39.0,40.0,49.0,42.0,40.0
36.0,38.0,42.0,32.0,32.0,31.0,34.0,26.0,31.0,37.0,36.0,42.0,23.0,31.0,37.0,37.0,39.0,37.0,30.0,36.0,43.0,32.0,32.0,30.0,35.0,39.0,34.0,29.0,43.0,30.0,25.0,39.0,30.0,29.0,26.0,27.0,33.0,41.0,39.0,27.0,39.0,40.0,34.0,35.0,32.0,30.0,47.0,39.0,36.0,27.0
35.0,38.0,40.0,33.0,31.0,35.0,30.0,25.0,34.0,26.0,36.0,39.0,29.0,29.0,29.0,37.0,43.0,35.0,30.0,31.0,32.0,41.0,29.0,34.0,61.0,32.0,32.0,25.0,31.0,40.0,36.0,35.0,32.0,35.0,40.0,37.0,29.0,37.0,27.0,35.0,29.0,31.0,37.0,37.0,38.0,43.0,34.0,35.0,42.0,29.0
26.0,19.0,25.0,19.0,30.0,31.0,20.0,19.0,19.0,14.0,23.0,19.0,21.0,15.0,18.0,21.0,20.0,20.0,17.0,25.0,17.0,18.0,17.0,23.0,25.0,22.0,26.0,22.0,19.0,25.0,23.0,26.0,19.0,19.0,19.0,17.0,21.0,15.0,17.0,16.0,22.0,32.0,15.0,23.0,17.0,27.0,26.0,21.0,23.0,26.0
27.0,21.0,28.0,30.0,32.0,28.0,28.0,30.0,33.0,24.0,28.0,40.0,31.0,24.0,24.0,34.0,31.0,36.0,25.0,32.0,31.0,37.0,36.0,31.0,26.0,27.0,35.0,22.0,33.0,26.0,33.0,46.0,36.0,30.0,23.0,38.0,39.0,26.0,36.0,29.0,35.0,25.0,26.0,35.0,39.0,34.0,19.0,24.0,37.0,33.0
41.0,35.0,25.0,28.0,40.0,19.0,31.0,32.0,24.0,26.0,46.0,40.0,26.0,31.0,35.0,33.0,32.0,34.0,28.0,26.0,25.0,32.0,36.0,33.0,35.0,24.0,33.0,28.0,37.0,24.0,34.0,29.0,29.0,30.0,31.0,28.0,30.0,34.0,31.0,27.0,25.0,37.0,30.0,30.0,36.0,34.0,32.0,29.0,30.0,21.0
34.0,25.0,27.0,31.0,33.0,46.0,45.0,46.0,28.0,42.0,29.0,33.0,30.0,45.0,25.0,30.0,34.0,23.0,32.0,40.0,39.0,35.0,41.0,25.0,34.0,35.0,26.0,36.0,37.0,27.0,27.0,41.0,44.0,40.0,37.0,43.0,37.0,34.0,26.0,40.0,29.0,34.0,36.0,35.0,35.0,23.0,32.0,37.0,28.0,26.0
