10,50,1000
18.625437,15.975278,18.5929,17.544127,19.895886,18.924179,18.04575,17.180798,18.586907,18.613272
5.055671,9.709608,9.871072,7.502143,5.287881,9.824743,9.577066,6.142945,8.894613,9.404174
0.0,10.0,20.0,30.0,40.0,50.0,60.0,70.0,80.0,90.0
10.0,0.0,10.0,20.0,30.0,40.0,50.0,60.0,70.0,80.0
20.0,10.0,0.0,10.0,20.0,30.0,40.0,50.0,60.0,70.0
30.0,20.0,10.0,0.0,10.0,20.0,30.0,40.0,50.0,60.0
40.0,30.0,20.0,10.0,0.0,10.0,20.0,30.0,40.0,50.0
50.0,40.0,30.0,20.0,10.0,0.0,10.0,20.0,30.0,40.0
60.0,50.0,40.0,30.0,20.0,10.0,0.0,10.0,20.0,30.0
70.0,60.0,50.0,40.0,30.0,20.0,10.0,0.0,10.0,20.0
80.0,70.0,60.0,50.0,40.0,30.0,20.0,10.0,0.0,10.0
90.0,80.0,70.0,60.0,50.0,40.0,30.0,20.0,10.0,0.0
450.0,400.0,350.0,300.0,250.0,250.0,300.0,350.0,400.0,450.0
0.0,1.0,2.0,3.0,4.0,5.0,6.0,7.0,8.0,9.0
1.0,0.0,1.0,2.0,3.0,4.0,5.0,6.0,7.0,8.0
2.0,1.0,0.0,1.0,2.0,3.0,4.0,5.0,6.0,7.0
3.0,2.0,1.0,0.0,1.0,2.0,3.0,4.0,5.0,6.0
4.0,3.0,2.0,1.0,0.0,1.0,2.0,3.0,4.0,5.0
5.0,4.0,3.0,2.0,1.0,0.0,1.0,2.0,3.0,4.0
6.0,5.0,4.0,3.0,2.0,1.0,0.0,1.0,2.0,3.0
7.0,6.0,5.0,4.0,3.0,2.0,1.0,0.0,1.0,2.0
8.0,7.0,6.0,5.0,4.0,3.0,2.0,1.0,0.0,1.0
9.0,8.0,7.0,6.0,5.0,4.0,3.0,2.0,1.0,0.0
45.0,40.0,35.0,30.0,25.0,25.0,30.0,35.0,40.0,45.0
20.0,18.0,18.0,23.0,33.0,25.0,24.0,19.0,23.0,20.0,20.0,16.0,21.0,17.0,20.0,24.0,14.0,23.0,26.0,23.0,15.0,16.0,16.0,24.0,11.0,20.0,19.0,28.0,20.0,17.0,23.0,23.0,20.0,21.0,21.0,27.0,18.0,29.0,20.0,20.0,24.0,21.0,18.0,22.0,24.0,16.0,21.0,27.0,27.0,19.0
42.0,25.0,32.0,34.0,32.0,46.0,31.0,33.0,41.0,31.0,20.0,26.0,35.0,38.0,39.0,29.0,36.0,40.0,46.0,29.0,32.0,39.0,35.0,23.0,44.0,29.0,35.0,30.0,33.0,36.0,44.0,36.0,38.0,31.0,29.0,39.0,37.0,25.0,33.0,39.0,36.0,36.0,37.0,32.0,39.0,33.0,31.0,38.0,31.0,36.0
52.0,49.0,37.0,48.0,44.0,37.0,52.0,37.0,35.0,43.0,29.0,37.0,43.0,40.0,34.0,42.0,33.0,38.0,36.0,36.0,39.0,38.0,30.0,38.0,26.0,19.0,35.0,36.0,39.0,47.0,38.0,45.0,29.0,41.0,37.0,30.0,46.0,44.0,46.0,52.0,38.0,46.0,29.0,34.0,39.0,32.0,30.0,33.0,33.0,41.0
38.0,20.0,33.0,24.0,39.0,36.0,33.0,33.0,45.0,26.0,31.0,30.0,35.0,25.0,35.0,34.0,32.0,23.0,32.0,37.0,38.0,23.0,23.0,26.0,27.0,39.0,17.0,28.0,26.0,23.0,36.0,22.0,38.0,33.0,28.0,36.0,33.0,33.0,22.0,37.0,42.0,29.0,30.0,39.0,31.0,44.0,31.0,35.0,29.0,34.0
26.0,11.0,17.0,23.0,21.0,16.0,24.0,24.0,23.0,27.0,24.0,26.0,24.0,23.0,19.0,28.0,28.0,14.0,22.0,28.0,16.0,20.0,22.0,22.0,24.0,22.0,22.0,21.0,22.0,27.0,18.0,31.0,28.0,32.0,21.0,25.0,20.0,28.0,16.0,31.0,25.0,23.0,17.0,26.0,22.0,16.0,25.0,23.0,30.0,25.0
36.0,40.0,33.0,31.0,37.0,37.0,31.0,40.0,35.0,44.0,34.0,31.0,38.0,30.0,21.0,34.0,33.0,37.0,34.0,43.0,30.0,40.0,33.0,46.0,33.0,29.0,40.0,35.0,38.0,38.0,25.0,43.0,29.0,38.0,40.0,26.0,43.0,38.0,52.0,41.0,47.0,42.0,26.0,48.0,28.0,33.0,45.0,38.0,47.0,28.0
33.0,31.0,22.0,28.0,39.0,33.0,34.0,28.0,44.0,49.0,32.0,34.0,47.0,27.0,30.0,31.0,31.0,44.0,28.0,36.0,29.0,41.0,41.0,49.0,38.0,28.0,35.0,29.0,48.0,35.0,34.0,36.0,29.0,24.0,41.0,38.0,35.0,32.0,30.0,38.0,28.0,34.0,22.0,31.0,41.0,25.0,39.0,36.0,31.0,30.0
29.0,25.0,19.0,25.0,29.0,30.0,27.0,21.0,23.0,29.0,21.0,37.0,24.0,25.0,20.0,21.0,29.0,34.0,22.0,17.0,30.0,43.0,27.0,22.0,20.0,17.0,17.0,25.0,18.0,30.0,25.0,22.0,21.0,28.0,26.0,23.0,24.0,27.0,37.0,18.0,24.0,27.0,27.0,17.0,20.0,15.0,26.0,23.0,17.0,31.0
32.0,21.0,34.0,45.0,34.0,37.0,40.0,38.0,30.0,35.0,41.0,30.0,29.0,32.0,43.0,36.0,44.0,30.0,27.0,25.0,34.0,50.0,37.0,23.0,32.0,36.0,36.0,34.0,33.0,41.0,30.0,31.0,31.0,40.0,31.0,36.0,45.0,36.0,37.0,42.0,41.0,26.0,38.0,30.0,23.0,38.0,35.0,33.0,41.0,34.0
29.0,31.0,45.0,26.0,32.0,31.0,32.0,28.0,41.0,39.0,53.0,38.0,35.0,40.0,43.0,35.0,41.0,35.0,47.0,38.0,32.0,36.0,33.0,35.0,31.0,29.0,38.0,37.0,31.0,34.0,35.0,36.0,45.0,34.0,39.0,37.0,32.0,37.0,27.0,25.0,34.0,36.0,38.0,45.0,26.0,45.0,46.0,31.0,40.0,34.0
