10,50,1000
16.970462,16.294683,15.744287,15.920178,15.998662,16.402689,17.841352,16.43,16.334331,15.359839
8.616832,5.11629,8.814345,5.562904,5.284472,6.070812,7.638208,6.887607,9.944712,6.995325
0.0,10.0,20.0,30.0,40.0,50.0,60.0,70.0,80.0,90.0
10.0,0.0,10.0,20.0,30.0,40.0,50.0,60.0,70.0,80.0
20.0,10.0,0.0,10.0,20.0,30.0,40.0,50.0,60.0,70.0
30.0,20.0,10.0,0.0,10.0,20.0,30.0,40.0,50.0,60.0
40.0,30.0,20.0,10.0,0.0,10.0,20.0,30.0,40.0,50.0
50.0,40.0,30.0,20.0,10.0,0.0,10.0,20.0,30.0,40.0
60.0,50.0,40.0,30.0,20.0,10.0,0.0,10.0,20.0,30.0
70.0,60.0,50.0,40.0,30.0,20.0,10.0,0.0,10.0,20.0
80.0,70.0,60.0,50.0,40.0,30.0,20.0,10.0,0.0,10.0
90.0,80.0,70.0,60.0,50.0,40.0,30.0,20.0,10.0,0.0
450.0,400.0,350.0,300.0,250.0,250.0,300.0,350.0,400.0,450.0
0.0,1.0,2.0,3.0,4.0,5.0,6.0,7.0,8.0,9.0
1.0,0.0,1.0,2.0,3.0,4.0,5.0,6.0,7.0,8.0
2.0,1.0,0.0,1.0,2.0,3.0,4.0,5.0,6.0,7.0
3.0,2.0,1.0,0.0,1.0,2.0,3.0,4.0,5.0,6.0
4.0,3.0,2.0,1.0,0.0,1.0,2.0,3.0,4.0,5.0
5.0,4.0,3.0,2.0,1.0,0.0,1.0,2.0,3.0,4.0
6.0,5.0,4.0,3.0,2.0,1.0,0.0,1.0,2.0,3.0
7.0,6.0,5.0,4.0,3.0,2.0,1.0,0.0,1.0,2.0
8.0,7.0,6.0,5.0,4.0,3.0,2.0,1.0,0.0,1.0
9.0,8.0,7.0,6.0,5.0,4.0,3.0,2.0,1.0,0.0
45.0,40.0,35.0,30.0,25.0,25.0,30.0,35.0,40.0,45.0
30.0,27.0,38.0,46.0,33.0,26.0,26.0,27.0,30.0,28.0,29.0,35.0,26.0,34.0,24.0,32.0,33.0,42.0,35.0,38.0,38.0,28.0,32.0,26.0,29.0,26.0,29.0,30.0,22.0,33.0,41.0,28.0,29.0,31.0,29.0,34.0,34.0,28.0,43.0,38.0,39.0,24.0,25.0,37.0,27.0,35.0,34.0,39.0,21.0,33.0
17.0,19.0,23.0,24.0,26.0,21.0,18.0,22.0,25.0,14.0,13.0,19.0,19.0,27.0,22.0,19.0,15.0,15.0,17.0,20.0,30.0,19.0,23.0,27.0,22.0,25.0,22.0,17.0,19.0,25.0,33.0,22.0,18.0,20.0,16.0,18.0,16.0,15.0,25.0,23.0,31.0,17.0,25.0,35.0,22.0,16.0,24.0,13.0,23.0,15.0
35.0,32.0,30.0,47.0,25.0,36.0,27.0,19.0,33.0,26.0,27.0,37.0,29.0,34.0,32.0,37.0,31.0,33.0,24.0,24.0,39.0,32.0,25.0,22.0,33.0,27.0,33.0,32.0,47.0,39.0,45.0,34.0,31.0,38.0,46.0,37.0,31.0,30.0,30.0,27.0,35.0,38.0,33.0,32.0,27.0,26.0,33.0,30.0,47.0,24.0
13.0,19.0,24.0,24.0,21.0,22.0,23.0,26.0,27.0,17.0,24.0,23.0,24.0,21.0,19.0,26.0,19.0,19.0,20.0,24.0,27.0,15.0,17.0,23.0,21.0,25.0,16.0,21.0,31.0,23.0,24.0,25.0,26.0,28.0,31.0,29.0,15.0,27.0,28.0,21.0,30.0,26.0,29.0,23.0,24.0,30.0,21.0,32.0,16.0,28.0
20.0,15.0,21.0,23.0,23.0,18.0,24.0,18.0,17.0,22.0,24.0,14.0,18.0,21.0,14.0,16.0,22.0,19.0,26.0,12.0,20.0,24.0,14.0,19.0,24.0,19.0,23.0,28.0,18.0,20.0,20.0,31.0,20.0,15.0,22.0,13.0,16.0,22.0,16.0,25.0,12.0,21.0,27.0,25.0,25.0,24.0,24.0,16.0,15.0,26.0
26.0,30.0,22.0,21.0,18.0,23.0,29.0,16.0,21.0,26.0,18.0,22.0,25.0,14.0,20.0,31.0,30.0,22.0,19.0,17.0,26.0,24.0,23.0,28.0,19.0,18.0,22.0,27.0,22.0,28.0,25.0,24.0,24.0,20.0,17.0,23.0,17.0,24.0,29.0,22.0,23.0,28.0,24.0,22.0,27.0,28.0,16.0,19.0,24.0,22.0
31.0,23.0,27.0,27.0,35.0,42.0,33.0,21.0,27.0,42.0,32.0,19.0,34.0,20.0,27.0,32.0,43.0,25.0,36.0,29.0,28.0,24.0,30.0,38.0,29.0,21.0,31.0,37.0,34.0,22.0,20.0,24.0,30.0,37.0,33.0,25.0,30.0,27.0,26.0,35.0,30.0,36.0,38.0,27.0,30.0,35.0,29.0,23.0,42.0,27.0
20.0,31.0,19.0,17.0,27.0,25.0,27.0,21.0,29.0,26.0,21.0,27.0,31.0,25.0,26.0,29.0,22.0,33.0,20.0,35.0,29.0,24.0,30.0,37.0,20.0,32.0,30.0,38.0,36.0,26.0,21.0,26.0,33.0,31.0,20.0,28.0,23.0,18.0,29.0,23.0,25.0,24.0,20.0,25.0,27.0,27.0,35.0,27.0,38.0,26.0
40.0,34.0,31.0,38.0,37.0,35.0,41.0,41.0,41.0,29.0,35.0,42.0,35.0,35.0,29.0,32.0,39.0,37.0,31.0,42.0,37.0,35.0,39.0,23.0,34.0,41.0,33.0,40.0,31.0,41.0,39.0,34.0,35.0,43.0,38.0,28.0,36.0,23.0,45.0,30.0,28.0,28.0,31.0,35.0,42.0,36.0,36.0,28.0,33.0,34.0
29.0,36.0,21.0,23.0,23.0,30.0,34.0,26.0,23.0,21.0,23.0,30.0,26.0,20.0,29.0,21.0,26.0,27.0,24.0,29.0,33.0,30.0,32.0,25.0,24.0,28.0,19.0,17.0,22.0,24.0,19.0,26.0,18.0,28.0,30.0,23.0,32.0,30.0,22.0,26.0,13.0,28.0,24.0,18.0,27.0,29.0,23.0,22.0,23.0,27.0
