10,50,1000
15.531512,19.864512,15.345497,15.176406,15.688578,16.245201,17.305927,17.657909,18.847198,16.248767
6.987937,7.905841,9.9534,5.258001,9.199124,6.513776,9.487626,8.647624,5.870133,5.403127
0.0,10.0,20.0,30.0,40.0,50.0,60.0,70.0,80.0,90.0
10.0,0.0,10.0,20.0,30.0,40.0,50.0,60.0,70.0,80.0
20.0,10.0,0.0,10.0,20.0,30.0,40.0,50.0,60.0,70.0
30.0,20.0,10.0,0.0,10.0,20.0,30.0,40.0,50.0,60.0
40.0,30.0,20.0,10.0,0.0,10.0,20.0,30.0,40.0,50.0
50.0,40.0,30.0,20.0,10.0,0.0,10.0,20.0,30.0,40.0
60.0,50.0,40.0,30.0,20.0,10.0,0.0,10.0,20.0,30.0
70.0,60.0,50.0,40.0,30.0,20.0,10.0,0.0,10.0,20.0
80.0,70.0,60.0,50.0,40.0,30.0,20.0,10.0,0.0,10.0
90.0,80.0,70.0,60.0,50.0,40.0,30.0,20.0,10.0,0.0
450.0,400.0,350.0,300.0,250.0,250.0,300.0,350.0,400.0,450.0
0.0,1.0,2.0,3.0,4.0,5.0,6.0,7.0,8.0,9.0
1.0,0.0,1.0,2.0,3.0,4.0,5.0,6.0,7.0,8.0
2.0,1.0,0.0,1.0,2.0,3.0,4.0,5.0,6.0,7.0
3.0,2.0,1.0,0.0,1.0,2.0,3.0,4.0,5.0,6.0
4.0,3.0,2.0,1.0,0.0,1.0,2.0,3.0,4.0,5.0
5.0,4.0,3.0,2.0,1.0,0.0,1.0,2.0,3.0,4.0
6.0,5.0,4.0,3.0,2.0,1.0,0.0,1.0,2.0,3.0
7.0,6.0,5.0,4.0,3.0,2.0,1.0,0.0,1.0,2.0
8.0,7.0,6.0,5.0,4.0,3.0,2.0,1.0,0.0,1.0
9.0,8.0,7.0,6.0,5.0,4.0,3.0,2.0,1.0,0.0
45.0,40.0,35.0,30.0,25.0,25.0,30.0,35.0,40.0,45.0
31.0,28.0,22.0,24.0,23.0,27.0,33.0,25.0,29.0,27.0,22.0,32.0,30.0,26.0,34.0,22.0,31.0,22.0,34.0,29.0,34.0,20.0,28.0,30.0,31.0,30.0,33.0,27.0,29.0,23.0,25.0,34.0,26.0,24.0,29.0,30.0,23.0,34.0,34.0,35.0,16.0,26.0,23.0,29.0,23.0,24.0,27.0,34.0,29.0,22.0
39.0,27.0,27.0,25.0,37.0,33.0,27.0,23.0,36.0,31.0,31.0,31.0,29.0,33.0,34.0,30.0,33.0,26.0,34.0,29.0,23.0,41.0,31.0,44.0,26.0,27.0,26.0,32.0,31.0,36.0,44.0,30.0,29.0,23.0,24.0,40.0,25.0,30.0,35.0,43.0,22.0,33.0,23.0,37.0,36.0,17.0,35.0,37.0,22.0,28.0
33.0,31.0,35.0,34.0,35.0,42.0,47.0,38.0,34.0,32.0,38.0,37.0,35.0,51.0,32.0,27.0,33.0,39.0,32.0,40.0,38.0,47.0,41.0,42.0,35.0,44.0,38.0,42.0,41.0,37.0,49.0,24.0,46.0,40.0,38.0,26.0,39.0,33.0,41.0,29.0,39.0,31.0,47.0,45.0,50.0,32.0,32.0,43.0,25.0,37.0
13.0,17.0,21.0,23.0,18.0,22.0,15.0,22.0,22.0,25.0,26.0,20.0,20.0,27.0,23.0,20.0,19.0,25.0,26.0,21.0,24.0,13.0,24.0,21.0,19.0,27.0,16.0,17.0,23.0,28.0,20.0,25.0,22.0,20.0,27.0,21.0,17.0,21.0,27.0,16.0,19.0,22.0,18.0,23.0,29.0,27.0,22.0,22.0,19.0,19.0
34.0,27.0,33.0,46.0,29.0,44.0,36.0,35.0,49.0,26.0,37.0,28.0,34.0,32.0,40.0,39.0,37.0,31.0,25.0,33.0,48.0,28.0,42.0,27.0,43.0,35.0,46.0,31.0,39.0,30.0,31.0,32.0,30.0,34.0,43.0,25.0,29.0,29.0,35.0,25.0,26.0,33.0,40.0,35.0,33.0,31.0,35.0,40.0,35.0,34.0
22.0,22.0,25.0,21.0,21.0,21.0,22.0,31.0,27.0,27.0,14.0,26.0,25.0,21.0,24.0,20.0,22.0,23.0,24.0,29.0,32.0,20.0,31.0,23.0,22.0,23.0,21.0,21.0,21.0,20.0,31.0,18.0,25.0,22.0,27.0,33.0,34.0,22.0,19.0,24.0,26.0,31.0,20.0,26.0,28.0,21.0,22.0,31.0,23.0,27.0
42.0,30.0,30.0,37.0,27.0,44.0,45.0,31.0,27.0,35.0,39.0,35.0,41.0,30.0,37.0,38.0,45.0,36.0,33.0,41.0,28.0,29.0,36.0,39.0,40.0,29.0,34.0,32.0,37.0,36.0,26.0,48.0,34.0,39.0,42.0,41.0,31.0,37.0,32.0,36.0,41.0,27.0,38.0,38.0,40.0,43.0,34.0,35.0,38.0,31.0
34.0,34.0,34.0,31.0,32.0,30.0,24.0,38.0,32.0,32.0,38.0,38.0,29.0,37.0,26.0,27.0,35.0,34.0,31.0,26.0,38.0,20.0,38.0,30.0,28.0,32.0,29.0,36.0,36.0,39.0,28.0,29.0,32.0,26.0,31.0,30.0,34.0,36.0,29.0,31.0,25.0,35.0,42.0,26.0,37.0,34.0,32.0,26.0,29.0,37.0
20.0,24.0,25.0,28.0,29.0,22.0,29.0,22.0,25.0,27.0,20.0,20.0,17.0,28.0,16.0,22.0,19.0,20.0,29.0,22.0,24.0,34.0,20.0,25.0,25.0,23.0,15.0,30.0,23.0,28.0,21.0,20.0,25.0,20.0,27.0,18.0,19.0,25.0,20.0,35.0,31.0,19.0,33.0,28.0,28.0,20.0,30.0,10.0,24.0,18.0
10.0,18.0,15.0,20.0,25.0,23.0,23.0,21.0,18.0,22.0,20.0,18.0,25.0,20.0,31.0,19.0,30.0,22.0,22.0,26.0,26.0,20.0,19.0,25.0,19.0,14.0,22.0,20.0,17.0,24.0,19.0,29.0,15.0,17.0,24.0,29.0,19.0,20.0,20.0,23.0,17.0,21.0,22.0,16.0,23.0,24.0,20.0,21.0,23.0,18.0
