10,50,1000
17.066528,18.290868,17.475258,15.583396,15.850391,16.966385,15.609523,17.831651,18.088412,19.68909
7.276299,5.93743,7.599758,7.048672,6.293596,6.231209,8.578125,5.455804,9.152432,8.742153
0.0,10.0,20.0,30.0,40.0,50.0,60.0,70.0,80.0,90.0
10.0,0.0,10.0,20.0,30.0,40.0,50.0,60.0,70.0,80.0
20.0,10.0,0.0,10.0,20.0,30.0,40.0,50.0,60.0,70.0
30.0,20.0,10.0,0.0,10.0,20.0,30.0,40.0,50.0,60.0
40.0,30.0,20.0,10.0,0.0,10.0,20.0,30.0,40.0,50.0
50.0,40.0,30.0,20.0,10.0,0.0,10.0,20.0,30.0,40.0
60.0,50.0,40.0,30.0,20.0,10.0,0.0,10.0,20.0,30.0
70.0,60.0,50.0,40.0,30.0,20.0,10.0,0.0,10.0,20.0
80.0,70.0,60.0,50.0,40.0,30.0,20.0,10.0,0.0,10.0
90.0,80.0,70.0,60.0,50.0,40.0,30.0,20.0,10.0,0.0
450.0,400.0,350.0,300.0,250.0,250.0,300.0,350.0,400.0,450.0
0.0,1.0,2.0,3.0,4.0,5.0,6.0,7.0,8.0,9.0
1.0,0.0,1.0,2.0,3.0,4.0,5.0,6.0,7.0,8.0
2.0,1.0,0.0,1.0,2.0,3.0,4.0,5.0,6.0,7.0
3.0,2.0,1.0,0.0,1.0,2.0,3.0,4.0,5.0,6.0
4.0,3.0,2.0,1.0,0.0,1.0,2.0,3.0,4.0,5.0
5.0,4.0,3.0,2.0,1.0,0.0,1.0,2.0,3.0,4.0
6.0,5.0,4.0,3.0,2.0,1.0,0.0,1.0,2.0,3.0
7.0,6.0,5.0,4.0,3.0,2.0,1.0,0.0,1.0,2.0
8.0,7.0,6.0,5.0,4.0,3.0,2.0,1.0,0.0,1.0
9.0,8.0,7.0,6.0,5.0,4.0,3.0,2.0,1.0,0.0
45.0,40.0,35.0,30.0,25.0,25.0,30.0,35.0,40.0,45.0
29.0,31.0,20.0,32.0,23.0,31.0,33.0,16.0,27.0,29.0,23.0,26.0,24.0,27.0,35.0,26.0,23.0,36.0,27.0,28.0,27.0,31.0,23.0,28.0,31.0,25.0,31.0,19.0,29.0,26.0,28.0,24.0,27.0,19.0,26.0,25.0,29.0,31.0,28.0,28.0,23.0,24.0,36.0,24.0,23.0,28.0,28.0,31.0,36.0,27.0
16.0,14.0,22.0,23.0,24.0,18.0,22.0,26.0,31.0,25.0,22.0,28.0,23.0,25.0,22.0,34.0,19.0,26.0,26.0,25.0,16.0,23.0,23.0,25.0,27.0,19.0,28.0,21.0,39.0,31.0,31.0,18.0,22.0,21.0,30.0,22.0,21.0,29.0,24.0,25.0,22.0,28.0,37.0,20.0,19.0,21.0,22.0,16.0,27.0,23.0
30.0,28.0,31.0,30.0,27.0,25.0,32.0,35.0,37.0,32.0,29.0,26.0,30.0,31.0,28.0,22.0,32.0,25.0,27.0,21.0,25.0,31.0,24.0,30.0,24.0,40.0,24.0,37.0,35.0,23.0,35.0,39.0,21.0,33.0,34.0,38.0,28.0,36.0,30.0,24.0,23.0,29.0,27.0,28.0,20.0,23.0,27.0,38.0,30.0,31.0
28.0,30.0,19.0,33.0,26.0,22.0,35.0,23.0,22.0,33.0,26.0,30.0,26.0,24.0,22.0,25.0,29.0,29.0,29.0,33.0,30.0,25.0,22.0,35.0,28.0,14.0,33.0,26.0,24.0,34.0,34.0,18.0,40.0,35.0,31.0,26.0,24.0,31.0,29.0,31.0,25.0,23.0,26.0,23.0,31.0,26.0,21.0,22.0,28.0,18.0
27.0,28.0,22.0,20.0,33.0,33.0,19.0,20.0,21.0,20.0,22.0,28.0,22.0,17.0,21.0,29.0,24.0,23.0,29.0,24.0,19.0,29.0,29.0,25.0,23.0,21.0,21.0,23.0,19.0,34.0,15.0,35.0,23.0,21.0,24.0,22.0,19.0,28.0,16.0,17.0,25.0,32.0,22.0,21.0,22.0,17.0,20.0,26.0,33.0,20.0
21.0,28.0,25.0,21.0,20.0,29.0,31.0,18.0,13.0,33.0,19.0,24.0,24.0,28.0,23.0,31.0,26.0,20.0,17.0,26.0,31.0,24.0,23.0,20.0,26.0,20.0,18.0,26.0,22.0,42.0,25.0,23.0,29.0,28.0,35.0,22.0,24.0,23.0,24.0,25.0,26.0,26.0,24.0,26.0,25.0,23.0,19.0,22.0,21.0,29.0
27.0,22.0,36.0,29.0,32.0,36.0,32.0,31.0,29.0,28.0,34.0,31.0,24.0,26.0,20.0,46.0,30.0,40.0,37.0,34.0,34.0,29.0,30.0,27.0,28.0,40.0,25.0,32.0,25.0,42.0,34.0,28.0,29.0,32.0,38.0,30.0,42.0,38.0,28.0,27.0,28.0,29.0,27.0,28.0,39.0,37.0,42.0,34.0,36.0,31.0
23.0,29.0,28.0,19.0,17.0,18.0,19.0,20.0,26.0,27.0,20.0,22.0,20.0,29.0,16.0,17.0,22.0,22.0,13.0,30.0,21.0,19.0,17.0,19.0,25.0,32.0,31.0,18.0,15.0,13.0,26.0,26.0,23.0,21.0,27.0,23.0,16.0,22.0,24.0,23.0,29.0,27.0,16.0,23.0,16.0,17.0,17.0,22.0,21.0,24.0
42.0,36.0,31.0,25.0,30.0,31.0,18.0,27.0,24.0,29.0,34.0,36.0,26.0,36.0,43.0,37.0,23.0,36.0,35.0,34.0,27.0,34.0,34.0,39.0,29.0,33.0,37.0,38.0,27.0,34.0,37.0,39.0,39.0,34.0,22.0,32.0,32.0,30.0,31.0,33.0,37.0,37.0,33.0,30.0,33.0,36.0,33.0,44.0,38.0,27.0
33.0,30.0,30.0,39.0,35.0,25.0,34.0,29.0,46.0,36.0,27.0,36.0,29.0,27.0,36.0,30.0,38.0,31.0,28.0,37.0,37.0,36.0,40.0,35.0,37.0,34.0,34.0,36.0,30.0,33.0,37.0,29.0,31.0,35.0,40.0,32.0,27.0,31.0,39.0,32.0,39.0,33.0,34.0,44.0,44.0,28.0,27.0,31.0,33.0,30.0
