10,50,1000
18.890175,15.636691,18.38829,19.227224,19.514678,17.921344,16.136601,15.879436,15.012544,16.228188
7.146092,7.40747,7.336178,7.162056,8.561013,8.623234,8.057715,7.426232,6.615201,9.305017
0.0,10.0,20.0,30.0,40.0,50.0,60.0,70.0,80.0,90.0
10.0,0.0,10.0,20.0,30.0,40.0,50.0,60.0,70.0,80.0
20.0,10.0,0.0,10.0,20.0,30.0,40.0,50.0,60.0,70.0
30.0,20.0,10.0,0.0,10.0,20.0,30.0,40.0,50.0,60.0
40.0,30.0,20.0,10.0,0.0,10.0,20.0,30.0,40.0,50.0
50.0,40.0,30.0,20.0,10.0,0.0,10.0,20.0,30.0,40.0
60.0,50.0,40.0,30.0,20.0,10.0,0.0,10.0,20.0,30.0
70.0,60.0,50.0,40.0,30.0,20.0,10.0,0.0,10.0,20.0
80.0,70.0,60.0,50.0,40.0,30.0,20.0,10.0,0.0,10.0
90.0,80.0,70.0,60.0,50.0,40.0,30.0,20.0,10.0,0.0
450.0,400.0,350.0,300.0,250.0,250.0,300.0,350.0,400.0,450.0
0.0,1.0,2.0,3.0,4.0,5.0,6.0,7.0,8.0,9.0
1.0,0.0,1.0,2.0,3.0,4.0,5.0,6.0,7.0,8.0
2.0,1.0,0.0,1.0,2.0,3.0,4.0,5.0,6.0,7.0
3.0,2.0,1.0,0.0,1.0,2.0,3.0,4.0,5.0,6.0
4.0,3.0,2.0,1.0,0.0,1.0,2.0,3.0,4.0,5.0
5.0,4.0,3.0,2.0,1.0,0.0,1.0,2.0,3.0,4.0
6.0,5.0,4.0,3.0,2.0,1.0,0.0,1.0,2.0,3.0
7.0,6.0,5.0,4.0,3.0,2.0,1.0,0.0,1.0,2.0
8.0,7.0,6.0,5.0,4.0,3.0,2.0,1.0,0.0,1.0
9.0,8.0,7.0,6.0,5.0,4.0,3.0,2.0,1.0,0.0
45.0,40.0,35.0,30.0,25.0,25.0,30.0,35.0,40.0,45.0
31.0,20.0,26.0,36.0,22.0,37.0,25.0,24.0,33.0,32.0,35.0,31.0,28.0,28.0,29.0,29.0,29.0,33.0,32.0,20.0,29.0,19.0,36.0,19.0,28.0,34.0,29.0,31.0,20.0,22.0,26.0,29.0,28.0,24.0,25.0,31.0,33.0,26.0,19.0,28.0,33.0,29.0,21.0,22.0,23.0,15.0,28.0,24.0,24.0,24.0
28.0,29.0,27.0,24.0,24.0,36.0,34.0,20.0,29.0,28.0,22.0,27.0,27.0,16.0,29.0,27.0,40.0,38.0,34.0,32.0,32.0,31.0,31.0,24.0,32.0,37.0,28.0,22.0,34.0,33.0,37.0,31.0,23.0,30.0,28.0,25.0,33.0,28.0,29.0,31.0,29.0,24.0,24.0,37.0,37.0,25.0,38.0,24.0,32.0,31.0
29.0,31.0,26.0,31.0,24.0,35.0,32.0,31.0,31.0,31.0,28.0,20.0,27.0,39.0,33.0,25.0,32.0,22.0,34.0,27.0,39.0,27.0,34.0,23.0,25.0,28.0,23.0,30.0,29.0,22.0,32.0,37.0,33.0,23.0,26.0,24.0,31.0,34.0,28.0,24.0,26.0,26.0,23.0,33.0,24.0,36.0,25.0,30.0,32.0,35.0
22.0,21.0,29.0,29.0,29.0,25.0,38.0,22.0,24.0,34.0,36.0,24.0,30.0,27.0,29.0,34.0,31.0,26.0,39.0,31.0,37.0,16.0,37.0,29.0,32.0,25.0,21.0,21.0,24.0,33.0,38.0,23.0,34.0,23.0,22.0,28.0,22.0,32.0,27.0,21.0,30.0,28.0,23.0,25.0,26.0,27.0,29.0,27.0,26.0,16.0
40.0,30.0,47.0,30.0,33.0,37.0,28.0,30.0,31.0,37.0,28.0,40.0,40.0,33.0,32.0,31.0,28.0,20.0,30.0,34.0,32.0,37.0,28.0,40.0,36.0,29.0,28.0,34.0,35.0,37.0,30.0,49.0,34.0,37.0,45.0,25.0,33.0,34.0,33.0,28.0,28.0,27.0,38.0,44.0,28.0,40.0,39.0,36.0,40.0,41.0
35.0,24.0,30.0,42.0,38.0,34.0,39.0,26.0,33.0,33.0,25.0,44.0,30.0,30.0,36.0,34.0,39.0,34.0,29.0,38.0,39.0,37.0,34.0,34.0,29.0,26.0,24.0,41.0,24.0,34.0,34.0,25.0,26.0,35.0,31.0,41.0,34.0,19.0,41.0,44.0,41.0,26.0,34.0,35.0,32.0,34.0,31.0,36.0,27.0,30.0
32.0,36.0,24.0,28.0,31.0,28.0,27.0,27.0,35.0,19.0,43.0,39.0,31.0,27.0,29.0,30.0,41.0,39.0,40.0,33.0,29.0,32.0,36.0,32.0,24.0,29.0,25.0,30.0,38.0,28.0,28.0,22.0,26.0,35.0,32.0,27.0,32.0,31.0,26.0,33.0,27.0,36.0,25.0,28.0,32.0,35.0,29.0,29.0,27.0,31.0
31.0,22.0,27.0,36.0,25.0,23.0,31.0,28.0,26.0,35.0,23.0,29.0,25.0,25.0,29.0,37.0,30.0,21.0,28.0,24.0,26.0,28.0,36.0,31.0,21.0,22.0,30.0,26.0,26.0,27.0,25.0,30.0,28.0,32.0,24.0,28.0,28.0,20.0,29.0,35.0,24.0,28.0,25.0,42.0,32.0,25.0,32.0,35.0,19.0,20.0
26.0,32.0,21.0,24.0,16.0,29.0,35.0,22.0,37.0,27.0,23.0,21.0,26.0,36.0,16.0,31.0,27.0,22.0,36.0,27.0,25.0,20.0,25.0,18.0,25.0,30.0,29.0,21.0,24.0,29.0,25.0,22.0,31.0,35.0,29.0,20.0,35.0,23.0,30.0,21.0,30.0,19.0,24.0,31.0,26.0,44.0,19.0,19.0,24.0,29.0
33.0,28.0,38.0,36.0,29.0,38.0,39.0,34.0,37.0,36.0,42.0,28.0,30.0,31.0,45.0,38.0,39.0,33.0,30.0,31.0,29.0,35.0,30.0,39.0,36.0,39.0,34.0,28.0,36.0,34.0,25.0,32.0,32.0,38.0,26.0,27.0,26.0,37.0,35.0,37.0,36.0,34.0,32.0,39.0,32.0,20.0,40.0,27.0,34.0,42.0
