10,50,1000
18.854249,15.981686,18.144661,15.23836,18.841863,17.60606,16.806385,17.113208,15.479905,16.636968
5.798334,7.459418,5.934674,7.386725,5.445396,5.004711,8.078585,5.749902,5.191789,5.950173
0.0,10.0,20.0,30.0,40.0,50.0,60.0,70.0,80.0,90.0
10.0,0.0,10.0,20.0,30.0,40.0,50.0,60.0,70.0,80.0
20.0,10.0,0.0,10.0,20.0,30.0,40.0,50.0,60.0,70.0
30.0,20.0,10.0,0.0,10.0,20.0,30.0,40.0,50.0,60.0
40.0,30.0,20.0,10.0,0.0,10.0,20.0,30.0,40.0,50.0
50.0,40.0,30.0,20.0,10.0,0.0,10.0,20.0,30.0,40.0
60.0,50.0,40.0,30.0,20.0,10.0,0.0,10.0,20.0,30.0
70.0,60.0,50.0,40.0,30.0,20.0,10.0,0.0,10.0,20.0
80.0,70.0,60.0,50.0,40.0,30.0,20.0,10.0,0.0,10.0
90.0,80.0,70.0,60.0,50.0,40.0,30.0,20.0,10.0,0.0
450.0,400.0,350.0,300.0,250.0,250.0,300.0,350.0,400.0,450.0
0.0,1.0,2.0,3.0,4.0,5.0,6.0,7.0,8.0,9.0
1.0,0.0,1.0,2.0,3.0,4.0,5.0,6.0,7.0,8.0
2.0,1.0,0.0,1.0,2.0,3.0,4.0,5.0,6.0,7.0
3.0,2.0,1.0,0.0,1.0,2.0,3.0,4.0,5.0,6.0
4.0,3.0,2.0,1.0,0.0,1.0,2.0,3.0,4.0,5.0
5.0,4.0,3.0,2.0,1.0,0.0,1.0,2.0,3.0,4.0
6.0,5.0,4.0,3.0,2.0,1.0,0.0,1.0,2.0,3.0
7.0,6.0,5.0,4.0,3.0,2.0,1.0,0.0,1.0,2.0
8.0,7.0,6.0,5.0,4.0,3.0,2.0,1.0,0.0,1.0
9.0,8.0,7.0,6.0,5.0,4.0,3.0,2.0,1.0,0.0
45.0,40.0,35.0,30.0,25.0,25.0,30.0,35.0,40.0,45.0
24.0,25.0,27.0,21.0,35.0,33.0,30.0,19.0,36.0,20.0,20.0,25.0,19.0,26.0,14.0,27.0,25.0,18.0,27.0,27.0,25.0,25.0,16.0,23.0,23.0,17.0,22.0,35.0,32.0,21.0,29.0,28.0,26.0,21.0,32.0,18.0,24.0,26.0,25.0,31.0,17.0,20.0,13.0,24.0,21.0,28.0,31.0,29.0,18.0,19.0
27.0,36.0,24.0,30.0,32.0,24.0,20.0,35.0,36.0,33.0,36.0,40.0,26.0,16.0,25.0,25.0,22.0,26.0,24.0,25.0,36.0,32.0,36.0,31.0,27.0,31.0,33.0,33.0,33.0,25.0,26.0,23.0,29.0,32.0,31.0,27.0,29.0,39.0,20.0,25.0,32.0,33.0,21.0,36.0,29.0,23.0,27.0,32.0,27.0,23.0
16.0,24.0,24.0,27.0,25.0,18.0,33.0,25.0,23.0,18.0,30.0,25.0,19.0,22.0,32.0,30.0,28.0,26.0,23.0,24.0,20.0,21.0,34.0,24.0,30.0,29.0,25.0,17.0,17.0,14.0,17.0,26.0,27.0,33.0,23.0,22.0,27.0,28.0,22.0,15.0,25.0,21.0,21.0,32.0,31.0,14.0,25.0,30.0,20.0,26.0
22.0,26.0,25.0,29.0,27.0,29.0,22.0,38.0,31.0,23.0,29.0,25.0,23.0,29.0,39.0,26.0,18.0,30.0,38.0,24.0,18.0,26.0,23.0,36.0,35.0,33.0,28.0,34.0,33.0,22.0,27.0,30.0,31.0,31.0,26.0,22.0,39.0,31.0,31.0,32.0,28.0,28.0,33.0,26.0,25.0,27.0,28.0,20.0,21.0,22.0
28.0,25.0,20.0,26.0,27.0,21.0,15.0,29.0,28.0,21.0,27.0,14.0,32.0,25.0,20.0,26.0,22.0,20.0,25.0,32.0,26.0,17.0,23.0,25.0,23.0,24.0,22.0,18.0,22.0,28.0,24.0,22.0,14.0,18.0,20.0,19.0,21.0,21.0,31.0,19.0,25.0,32.0,28.0,24.0,22.0,24.0,15.0,20.0,33.0,25.0
19.0,13.0,26.0,30.0,19.0,15.0,25.0,20.0,15.0,26.0,27.0,25.0,20.0,21.0,25.0,21.0,30.0,23.0,18.0,16.0,23.0,24.0,20.0,24.0,25.0,17.0,23.0,28.0,18.0,21.0,21.0,17.0,19.0,23.0,22.0,22.0,28.0,18.0,19.0,14.0,14.0,16.0,22.0,19.0,19.0,24.0,18.0,29.0,22.0,23.0
30.0,32.0,43.0,33.0,24.0,37.0,27.0,30.0,32.0,25.0,31.0,22.0,33.0,29.0,18.0,25.0,38.0,38.0,22.0,29.0,32.0,33.0,27.0,29.0,27.0,35.0,38.0,22.0,30.0,33.0,27.0,31.0,25.0,30.0,21.0,26.0,41.0,36.0,36.0,27.0,26.0,29.0,35.0,21.0,24.0,26.0,30.0,18.0,24.0,22.0
26.0,18.0,25.0,22.0,28.0,19.0,24.0,24.0,21.0,18.0,21.0,24.0,18.0,20.0,20.0,27.0,24.0,28.0,17.0,21.0,26.0,21.0,22.0,22.0,15.0,24.0,28.0,28.0,17.0,27.0,28.0,24.0,22.0,20.0,28.0,21.0,23.0,20.0,21.0,29.0,32.0,21.0,23.0,11.0,23.0,20.0,22.0,26.0,25.0,28.0
18.0,18.0,18.0,20.0,22.0,14.0,17.0,19.0,14.0,25.0,21.0,21.0,22.0,22.0,28.0,22.0,19.0,15.0,27.0,17.0,20.0,23.0,23.0,22.0,22.0,25.0,24.0,22.0,18.0,22.0,19.0,24.0,21.0,18.0,17.0,26.0,21.0,21.0,27.0,18.0,25.0,21.0,26.0,25.0,18.0,23.0,21.0,21.0,25.0,22.0
30.0,34.0,19.0,30.0,29.0,21.0,29.0,24.0,32.0,18.0,27.0,25.0,24.0,24.0,22.0,29.0,21.0,26.0,30.0,21.0,21.0,31.0,23.0,26.0,22.0,34.0,26.0,27.0,29.0,18.0,27.0,30.0,27.0,22.0,20.0,24.0,10.0,22.0,19.0,29.0,20.0,20.0,27.0,18.0,24.0,21.0,21.0,28.0,32.0,23.0
