10,50,1000
18.883491,15.450522,18.60829,18.031017,17.380405,16.817136,16.149736,16.476466,16.483652,17.242255
8.49739,9.718883,5.658259,9.926411,8.281333,6.135789,5.321152,7.761008,7.905709,9.958611
0.0,10.0,20.0,30.0,40.0,50.0,60.0,70.0,80.0,90.0
10.0,0.0,10.0,20.0,30.0,40.0,50.0,60.0,70.0,80.0
20.0,10.0,0.0,10.0,20.0,30.0,40.0,50.0,60.0,70.0
30.0,20.0,10.0,0.0,10.0,20.0,30.0,40.0,50.0,60.0
40.0,30.0,20.0,10.0,0.0,10.0,20.0,30.0,40.0,50.0
50.0,40.0,30.0,20.0,10.0,0.0,10.0,20.0,30.0,40.0
60.0,50.0,40.0,30.0,20.0,10.0,0.0,10.0,20.0,30.0
70.0,60.0,50.0,40.0,30.0,20.0,10.0,0.0,10.0,20.0
80.0,70.0,60.0,50.0,40.0,30.0,20.0,10.0,0.0,10.0
90.0,80.0,70.0,60.0,50.0,40.0,30.0,20.0,10.0,0.0
450.0,400.0,350.0,300.0,250.0,250.0,300.0,350.0,400.0,450.0
0.0,1.0,2.0,3.0,4.0,5.0,6.0,7.0,8.0,9.0
1.0,0.0,1.0,2.0,3.0,4.0,5.0,6.0,7.0,8.0
2.0,1.0,0.0,1.0,2.0,3.0,4.0,5.0,6.0,7.0
3.0,2.0,1.0,0.0,1.0,2.0,3.0,4.0,5.0,6.0
4.0,3.0,2.0,1.0,0.0,1.0,2.0,3.0,4.0,5.0
5.0,4.0,3.0,2.0,1.0,0.0,1.0,2.0,3.0,4.0
6.0,5.0,4.0,3.0,2.0,1.0,0.0,1.0,2.0,3.0
7.0,6.0,5.0,4.0,3.0,2.0,1.0,0.0,1.0,2.0
8.0,7.0,6.0,5.0,4.0,3.0,2.0,1.0,0.0,1.0
9.0,8.0,7.0,6.0,5.0,4.0,3.0,2.0,1.0,0.0
45.0,40.0,35.0,30.0,25.0,25.0,30.0,35.0,40.0,45.0
33.0,36.0,36.0,35.0,28.0,34.0,30.0,31.0,31.0,40.0,27.0,34.0,25.0,30.0,26.0,41.0,33.0,27.0,34.0,33.0,25.0,28.0,43.0,43.0,43.0,29.0,31.0,31.0,25.0,36.0,45.0,45.0,29.0,28.0,31.0,25.0,29.0,28.0,35.0,30.0,35.0,37.0,29.0,30.0,24.0,32.0,27.0,30.0,30.0,36.0
38.0,31.0,28.0,33.0,40.0,27.0,43.0,43.0,28.0,30.0,33.0,39.0,36.0,32.0,34.0,30.0,34.0,43.0,27.0,39.0,34.0,24.0,37.0,36.0,28.0,30.0,45.0,33.0,32.0,23.0,32.0,29.0,37.0,34.0,48.0,29.0,38.0,43.0,41.0,37.0,27.0,27.0,36.0,37.0,32.0,33.0,34.0,26.0,36.0,48.0
20.0,20.0,24.0,28.0,23.0,23.0,26.0,25.0,25.0,25.0,21.0,15.0,31.0,18.0,20.0,24.0,23.0,38.0,23.0,23.0,28.0,22.0,15.0,20.0,24.0,25.0,19.0,29.0,20.0,23.0,15.0,17.0,18.0,22.0,27.0,31.0,24.0,27.0,21.0,16.0,19.0,17.0,29.0,26.0,28.0,26.0,30.0,26.0,20.0,27.0
38.0,38.0,43.0,34.0,43.0,44.0,35.0,43.0,34.0,47.0,39.0,37.0,35.0,39.0,37.0,39.0,40.0,35.0,39.0,45.0,41.0,34.0,39.0,34.0,32.0,27.0,48.0,37.0,34.0,31.0,33.0,40.0,27.0,33.0,40.0,37.0,41.0,31.0,30.0,35.0,42.0,38.0,40.0,36.0,38.0,32.0,32.0,22.0,35.0,38.0
36.0,29.0,20.0,28.0,20.0,28.0,33.0,38.0,34.0,32.0,31.0,30.0,35.0,31.0,35.0,29.0,27.0,33.0,25.0,34.0,39.0,39.0,43.0,30.0,30.0,25.0,25.0,36.0,33.0,16.0,38.0,36.0,43.0,23.0,33.0,46.0,27.0,28.0,18.0,30.0,28.0,32.0,34.0,23.0,27.0,24.0,30.0,26.0,27.0,40.0
30.0,21.0,32.0,23.0,28.0,24.0,26.0,32.0,25.0,21.0,30.0,25.0,35.0,30.0,27.0,27.0,31.0,34.0,28.0,27.0,28.0,26.0,24.0,28.0,19.0,21.0,19.0,22.0,24.0,23.0,26.0,22.0,25.0,18.0,27.0,23.0,28.0,19.0,20.0,21.0,29.0,26.0,27.0,25.0,25.0,24.0,22.0,18.0,22.0,34.0
29.0,20.0,17.0,15.0,31.0,25.0,17.0,21.0,23.0,21.0,22.0,21.0,26.0,25.0,19.0,32.0,22.0,24.0,20.0,24.0,21.0,21.0,24.0,19.0,16.0,18.0,12.0,23.0,22.0,15.0,20.0,25.0,19.0,23.0,19.0,17.0,24.0,26.0,18.0,25.0,18.0,24.0,25.0,23.0,16.0,17.0,20.0,27.0,19.0,29.0
29.0,26.0,25.0,27.0,29.0,31.0,23.0,30.0,24.0,22.0,26.0,30.0,31.0,34.0,30.0,32.0,32.0,29.0,26.0,33.0,14.0,27.0,25.0,19.0,37.0,27.0,19.0,34.0,26.0,27.0,31.0,39.0,37.0,29.0,27.0,32.0,25.0,36.0,34.0,27.0,26.0,21.0,20.0,35.0,34.0,32.0,34.0,36.0,26.0,37.0
34.0,28.0,31.0,32.0,33.0,30.0,29.0,21.0,30.0,31.0,26.0,37.0,23.0,27.0,34.0,28.0,29.0,33.0,36.0,38.0,33.0,28.0,29.0,36.0,33.0,34.0,22.0,31.0,33.0,35.0,27.0,27.0,36.0,30.0,24.0,24.0,21.0,26.0,27.0,41.0,33.0,33.0,36.0,30.0,34.0,38.0,24.0,20.0,25.0,26.0
35.0,41.0,37.0,31.0,33.0,31.0,36.0,29.0,39.0,38.0,52.0,32.0,34.0,30.0,36.0,29.0,39.0,40.0,32.0,34.0,28.0,40.0,39.0,44.0,47.0,26.0,26.0,35.0,33.0,42.0,29.0,33.0,33.0,35.0,37.0,31.0,27.0,35.0,41.0,37.0,45.0,41.0,40.0,32.0,43.0,35.0,44.0,34.0,34.0,45.0
