10,50,1000
19.203072,19.720023,18.421388,16.571151,19.144174,19.400525,17.434419,18.155427,19.032638,18.367208
7.255999,6.198677,9.14972,7.450088,6.376718,6.007224,6.235475,9.91291,5.591701,6.4898
0.0,10.0,20.0,30.0,40.0,50.0,60.0,70.0,80.0,90.0
10.0,0.0,10.0,20.0,30.0,40.0,50.0,60.0,70.0,80.0
20.0,10.0,0.0,10.0,20.0,30.0,40.0,50.0,60.0,70.0
30.0,20.0,10.0,0.0,10.0,20.0,30.0,40.0,50.0,60.0
40.0,30.0,20.0,10.0,0.0,10.0,20.0,30.0,40.0,50.0
50.0,40.0,30.0,20.0,10.0,0.0,10.0,20.0,30.0,40.0
60.0,50.0,40.0,30.0,20.0,10.0,0.0,10.0,20.0,30.0
70.0,60.0,50.0,40.0,30.0,20.0,10.0,0.0,10.0,20.0
80.0,70.0,60.0,50.0,40.0,30.0,20.0,10.0,0.0,10.0
90.0,80.0,70.0,60.0,50.0,40.0,30.0,20.0,10.0,0.0
450.0,400.0,350.0,300.0,250.0,250.0,300.0,350.0,400.0,450.0
0.0,1.0,2.0,3.0,4.0,5.0,6.0,7.0,8.0,9.0
1.0,0.0,1.0,2.0,3.0,4.0,5.0,6.0,7.0,8.0
2.0,1.0,0.0,1.0,2.0,3.0,4.0,5.0,6.0,7.0
3.0,2.0,1.0,0.0,1.0,2.0,3.0,4.0,5.0,6.0
4.0,3.0,2.0,1.0,0.0,1.0,2.0,3.0,4.0,5.0
5.0,4.0,3.0,2.0,1.0,0.0,1.0,2.0,3.0,4.0
6.0,5.0,4.0,3.0,2.0,1.0,0.0,1.0,2.0,3.0
7.0,6.0,5.0,4.0,3.0,2.0,1.0,0.0,1.0,2.0
8.0,7.0,6.0,5.0,4.0,3.0,2.0,1.0,0.0,1.0
9.0,8.0,7.0,6.0,5.0,4.0,3.0,2.0,1.0,0.0
45.0,40.0,35.0,30.0,25.0,25.0,30.0,35.0,40.0,45.0
27.0,34.0,25.0,41.0,29.0,34.0,35.0,35.0,25.0,24.0,29.0,27.0,21.0,20.0,35.0,26.0,40.0,24.0,24.0,32.0,28.0,30.0,30.0,33.0,32.0,17.0,26.0,26.0,19.0,33.0,31.0,32.0,24.0,22.0,31.0,19.0,24.0,26.0,26.0,31.0,19.0,33.0,19.0,33.0,35.0,30.0,35.0,28.0,34.0,27.0
25.0,35.0,30.0,27.0,19.0,27.0,24.0,30.0,36.0,27.0,26.0,23.0,24.0,21.0,12.0,15.0,25.0,25.0,25.0,30.0,27.0,20.0,19.0,34.0,32.0,18.0,17.0,27.0,27.0,24.0,25.0,24.0,24.0,20.0,17.0,24.0,21.0,29.0,15.0,22.0,23.0,27.0,23.0,32.0,20.0,30.0,27.0,25.0,28.0,31.0
41.0,45.0,34.0,24.0,30.0,26.0,39.0,35.0,36.0,32.0,34.0,37.0,25.0,42.0,36.0,32.0,30.0,36.0,30.0,38.0,28.0,41.0,50.0,33.0,43.0,32.0,30.0,36.0,32.0,39.0,30.0,47.0,42.0,33.0,44.0,25.0,37.0,33.0,33.0,25.0,31.0,35.0,38.0,35.0,50.0,36.0,34.0,30.0,36.0,30.0
40.0,36.0,34.0,30.0,25.0,24.0,33.0,30.0,28.0,30.0,30.0,22.0,27.0,22.0,34.0,24.0,18.0,29.0,20.0,21.0,25.0,28.0,33.0,39.0,28.0,32.0,24.0,26.0,36.0,16.0,23.0,23.0,34.0,25.0,28.0,19.0,23.0,31.0,34.0,31.0,36.0,24.0,35.0,27.0,23.0,24.0,24.0,29.0,30.0,25.0
23.0,38.0,37.0,20.0,24.0,27.0,23.0,36.0,16.0,35.0,24.0,18.0,21.0,27.0,20.0,26.0,20.0,21.0,24.0,34.0,30.0,26.0,20.0,35.0,18.0,15.0,23.0,20.0,25.0,34.0,21.0,29.0,28.0,21.0,26.0,27.0,34.0,21.0,26.0,20.0,33.0,31.0,20.0,30.0,32.0,27.0,29.0,28.0,28.0,24.0
31.0,25.0,29.0,24.0,20.0,26.0,18.0,29.0,22.0,20.0,26.0,27.0,23.0,25.0,24.0,24.0,33.0,21.0,16.0,28.0,25.0,30.0,31.0,24.0,22.0,25.0,23.0,19.0,24.0,25.0,25.0,28.0,24.0,31.0,35.0,19.0,30.0,16.0,26.0,29.0,29.0,22.0,24.0,17.0,25.0,28.0,22.0,20.0,30.0,32.0
33.0,21.0,21.0,22.0,22.0,20.0,14.0,35.0,17.0,17.0,31.0,23.0,25.0,14.0,30.0,26.0,21.0,19.0,29.0,37.0,18.0,17.0,25.0,32.0,25.0,27.0,32.0,25.0,22.0,30.0,18.0,15.0,19.0,29.0,28.0,21.0,27.0,18.0,19.0,28.0,17.0,22.0,29.0,28.0,24.0,17.0,21.0,24.0,26.0,22.0
45.0,32.0,43.0,40.0,39.0,30.0,39.0,32.0,36.0,44.0,32.0,40.0,40.0,37.0,38.0,40.0,43.0,48.0,41.0,37.0,41.0,35.0,44.0,40.0,37.0,32.0,33.0,47.0,34.0,45.0,33.0,30.0,42.0,35.0,35.0,45.0,51.0,25.0,42.0,36.0,41.0,43.0,29.0,48.0,32.0,37.0,45.0,37.0,39.0,52.0
21.0,26.0,26.0,19.0,17.0,29.0,15.0,23.0,15.0,24.0,23.0,25.0,19.0,26.0,22.0,23.0,23.0,23.0,29.0,28.0,28.0,28.0,10.0,22.0,18.0,24.0,33.0,20.0,22.0,20.0,28.0,17.0,27.0,24.0,24.0,19.0,26.0,16.0,21.0,22.0,16.0,18.0,16.0,28.0,25.0,23.0,27.0,18.0,20.0,24.0
21.0,29.0,35.0,28.0,33.0,28.0,26.0,19.0,30.0,25.0,26.0,33.0,35.0,24.0,28.0,26.0,22.0,31.0,24.0,25.0,24.0,22.0,28.0,29.0,18.0,35.0,28.0,30.0,24.0,30.0,24.0,24.0,21.0,27.0,27.0,26.0,23.0,26.0,15.0,29.0,25.0,31.0,26.0,24.0,24.0,22.0,23.0,21.0,30.0,23.0
