10,50,1000
15.69172,19.596302,15.712238,18.621246,18.254273,18.095212,15.983553,18.647398,19.883745,18.522524
9.002109,9.479993,9.283845,9.314686,5.289662,5.804261,8.476942,9.896424,6.236664,7.949269
0.0,10.0,20.0,30.0,40.0,50.0,60.0,70.0,80.0,90.0
10.0,0.0,10.0,20.0,30.0,40.0,50.0,60.0,70.0,80.0
20.0,10.0,0.0,10.0,20.0,30.0,40.0,50.0,60.0,70.0
30.0,20.0,10.0,0.0,10.0,20.0,30.0,40.0,50.0,60.0
40.0,30.0,20.0,10.0,0.0,10.0,20.0,30.0,40.0,50.0
50.0,40.0,30.0,20.0,10.0,0.0,10.0,20.0,30.0,40.0
60.0,50.0,40.0,30.0,20.0,10.0,0.0,10.0,20.0,30.0
70.0,60.0,50.0,40.0,30.0,20.0,10.0,0.0,10.0,20.0
80.0,70.0,60.0,50.0,40.0,30.0,20.0,10.0,0.0,10.0
90.0,80.0,70.0,60.0,50.0,40.0,30.0,20.0,10.0,0.0
450.0,400.0,350.0,300.0,250.0,250.0,300.0,350.0,400.0,450.0
0.0,1.0,2.0,3.0,4.0,5.0,6.0,7.0,8.0,9.0
1.0,0.0,1.0,2.0,3.0,4.0,5.0,6.0,7.0,8.0
2.0,1.0,0.0,1.0,2.0,3.0,4.0,5.0,6.0,7.0
3.0,2.0,1.0,0.0,1.0,2.0,3.0,4.0,5.0,6.0
4.0,3.0,2.0,1.0,0.0,1.0,2.0,3.0,4.0,5.0
5.0,4.0,3.0,2.0,1.0,0.0,1.0,2.0,3.0,4.0
6.0,5.0,4.0,3.0,2.0,1.0,0.0,1.0,2.0,3.0
7.0,6.0,5.0,4.0,3.0,2.0,1.0,0.0,1.0,2.0
8.0,7.0,6.0,5.0,4.0,3.0,2.0,1.0,0.0,1.0
9.0,8.0,7.0,6.0,5.0,4.0,3.0,2.0,1.0,0.0
45.0,40.0,35.0,30.0,25.0,25.0,30.0,35.0,40.0,45.0
31.0,27.0,37.0,21.0,34.0,34.0,25.0,27.0,35.0,38.0,34.0,39.0,40.0,36.0,35.0,37.0,27.0,34.0,30.0,31.0,32.0,27.0,34.0,22.0,28.0,27.0,35.0,29.0,47.0,30.0,37.0,29.0,33.0,41.0,32.0,31.0,44.0,26.0,19.0,31.0,32.0,24.0,32.0,36.0,30.0,43.0,24.0,33.0,33.0,42.0
32.0,34.0,43.0,36.0,37.0,37.0,41.0,44.0,33.0,37.0,34.0,32.0,34.0,41.0,35.0,38.0,47.0,27.0,38.0,38.0,37.0,43.0,47.0,45.0,27.0,34.0,43.0,43.0,38.0,37.0,44.0,39.0,32.0,28.0,33.0,35.0,32.0,39.0,34.0,36.0,31.0,37.0,49.0,31.0,34.0,40.0,41.0,43.0,32.0,31.0
22.0,26.0,42.0,36.0,34.0,29.0,34.0,26.0,34.0,30.0,38.0,42.0,45.0,48.0,33.0,35.0,27.0,30.0,37.0,30.0,48.0,34.0,25.0,40.0,29.0,33.0,37.0,32.0,32.0,36.0,26.0,34.0,33.0,35.0,33.0,26.0,23.0,38.0,37.0,34.0,47.0,30.0,27.0,27.0,38.0,33.0,43.0,33.0,41.0,39.0
46.0,29.0,31.0,31.0,44.0,37.0,37.0,34.0,39.0,43.0,39.0,31.0,35.0,37.0,43.0,52.0,34.0,39.0,34.0,33.0,33.0,29.0,36.0,39.0,23.0,38.0,36.0,48.0,39.0,45.0,33.0,40.0,36.0,35.0,48.0,40.0,27.0,35.0,34.0,33.0,33.0,42.0,42.0,35.0,32.0,28.0,32.0,37.0,41.0,28.0
21.0,18.0,17.0,29.0,26.0,29.0,20.0,21.0,13.0,22.0,17.0,23.0,25.0,19.0,27.0,17.0,22.0,17.0,30.0,40.0,24.0,17.0,20.0,23.0,23.0,25.0,29.0,12.0,22.0,30.0,30.0,27.0,23.0,16.0,22.0,30.0,19.0,22.0,14.0,24.0,22.0,32.0,27.0,14.0,22.0,26.0,29.0,15.0,28.0,20.0
25.0,21.0,22.0,23.0,19.0,27.0,24.0,19.0,20.0,27.0,28.0,27.0,22.0,22.0,16.0,21.0,21.0,23.0,31.0,30.0,22.0,20.0,26.0,14.0,29.0,28.0,21.0,20.0,25.0,40.0,26.0,27.0,32.0,22.0,23.0,18.0,20.0,20.0,24.0,19.0,30.0,18.0,22.0,29.0,24.0,22.0,20.0,27.0,27.0,26.0
31.0,24.0,34.0,27.0,24.0,41.0,32.0,33.0,24.0,25.0,44.0,32.0,29.0,34.0,31.0,35.0,38.0,36.0,35.0,36.0,31.0,36.0,38.0,34.0,32.0,35.0,35.0,38.0,27.0,34.0,31.0,34.0,29.0,31.0,25.0,26.0,43.0,45.0,32.0,20.0,40.0,33.0,25.0,24.0,22.0,42.0,23.0,28.0,30.0,37.0
35.0,35.0,35.0,51.0,38.0,38.0,29.0,35.0,39.0,33.0,41.0,40.0,43.0,47.0,34.0,38.0,42.0,46.0,31.0,38.0,36.0,34.0,43.0,37.0,42.0,36.0,34.0,39.0,44.0,33.0,35.0,41.0,39.0,32.0,42.0,42.0,41.0,39.0,47.0,39.0,36.0,35.0,41.0,35.0,40.0,26.0,30.0,41.0,30.0,21.0
24.0,31.0,26.0,29.0,32.0,21.0,25.0,35.0,30.0,30.0,23.0,27.0,20.0,27.0,22.0,26.0,19.0,35.0,31.0,30.0,22.0,32.0,21.0,22.0,20.0,27.0,26.0,24.0,24.0,26.0,23.0,33.0,26.0,29.0,38.0,34.0,24.0,31.0,25.0,20.0,23.0,19.0,25.0,30.0,20.0,27.0,20.0,25.0,30.0,29.0
33.0,36.0,23.0,35.0,31.0,34.0,26.0,31.0,24.0,30.0,30.0,17.0,26.0,33.0,32.0,21.0,30.0,30.0,17.0,33.0,26.0,31.0,19.0,31.0,34.0,21.0,36.0,25.0,43.0,35.0,28.0,25.0,27.0,33.0,32.0,27.0,33.0,36.0,28.0,35.0,26.0,26.0,30.0,22.0,35.0,24.0,21.0,35.0,30.0,29.0
