10,50,1000
19.12198,19.723717,19.898091,19.779595,17.111149,15.910931,15.681591,19.073179,19.224442,16.190259
6.771489,9.815594,5.438251,9.140106,9.305401,9.914909,5.327366,9.89211,5.258929,5.74729
0.0,10.0,20.0,30.0,40.0,50.0,60.0,70.0,80.0,90.0
10.0,0.0,10.0,20.0,30.0,40.0,50.0,60.0,70.0,80.0
20.0,10.0,0.0,10.0,20.0,30.0,40.0,50.0,60.0,70.0
30.0,20.0,10.0,0.0,10.0,20.0,30.0,40.0,50.0,60.0
40.0,30.0,20.0,10.0,0.0,10.0,20.0,30.0,40.0,50.0
50.0,40.0,30.0,20.0,10.0,0.0,10.0,20.0,30.0,40.0
60.0,50.0,40.0,30.0,20.0,10.0,0.0,10.0,20.0,30.0
70.0,60.0,50.0,40.0,30.0,20.0,10.0,0.0,10.0,20.0
80.0,70.0,60.0,50.0,40.0,30.0,20.0,10.0,0.0,10.0
90.0,80.0,70.0,60.0,50.0,40.0,30.0,20.0,10.0,0.0
450.0,400.0,350.0,300.0,250.0,250.0,300.0,350.0,400.0,450.0
0.0,1.0,2.0,3.0,4.0,5.0,6.0,7.0,8.0,9.0
1.0,0.0,1.0,2.0,3.0,4.0,5.0,6.0,7.0,8.0
2.0,1.0,0.0,1.0,2.0,3.0,4.0,5.0,6.0,7.0
3.0,2.0,1.0,0.0,1.0,2.0,3.0,4.0,5.0,6.0
4.0,3.0,2.0,1.0,0.0,1.0,2.0,3.0,4.0,5.0
5.0,4.0,3.0,2.0,1.0,0.0,1.0,2.0,3.0,4.0
6.0,5.0,4.0,3.0,2.0,1.0,0.0,1.0,2.0,3.0
7.0,6.0,5.0,4.0,3.0,2.0,1.0,0.0,1.0,2.0
8.0,7.0,6.0,5.0,4.0,3.0,2.0,1.0,0.0,1.0
9.0,8.0,7.0,6.0,5.0,4.0,3.0,2.0,1.0,0.0
45.0,40.0,35.0,30.0,25.0,25.0,30.0,35.0,40.0,45.0
28.0,36.0,28.0,34.0,19.0,24.0,23.0,30.0,23.0,33.0,26.0,27.0,21.0,28.0,25.0,29.0,21.0,27.0,23.0,26.0,21.0,27.0,23.0,30.0,18.0,27.0,29.0,28.0,24.0,33.0,30.0,23.0,29.0,26.0,33.0,25.0,29.0,37.0,28.0,27.0,34.0,26.0,28.0,35.0,31.0,26.0,28.0,35.0,20.0,31.0
19.0,43.0,38.0,47.0,43.0,32.0,39.0,39.0,43.0,37.0,36.0,37.0,37.0,38.0,38.0,41.0,38.0,40.0,28.0,32.0,32.0,49.0,44.0,34.0,40.0,35.0,49.0,34.0,41.0,29.0,37.0,31.0,43.0,33.0,39.0,35.0,34.0,30.0,34.0,37.0,34.0,37.0,40.0,35.0,40.0,31.0,25.0,43.0,27.0,40.0
24.0,17.0,27.0,17.0,22.0,24.0,19.0,21.0,16.0,29.0,21.0,27.0,25.0,18.0,22.0,25.0,31.0,17.0,17.0,22.0,18.0,37.0,19.0,34.0,24.0,18.0,32.0,19.0,24.0,14.0,15.0,22.0,39.0,30.0,25.0,28.0,28.0,28.0,32.0,22.0,25.0,23.0,22.0,21.0,27.0,19.0,18.0,19.0,33.0,26.0
32.0,48.0,33.0,29.0,37.0,42.0,38.0,34.0,43.0,36.0,29.0,28.0,30.0,38.0,41.0,38.0,22.0,34.0,42.0,37.0,41.0,32.0,26.0,43.0,36.0,29.0,40.0,37.0,35.0,41.0,31.0,25.0,36.0,24.0,36.0,32.0,28.0,36.0,39.0,37.0,37.0,36.0,38.0,34.0,37.0,37.0,32.0,29.0,35.0,35.0
38.0,28.0,38.0,33.0,32.0,42.0,35.0,30.0,31.0,34.0,39.0,31.0,32.0,25.0,33.0,31.0,35.0,30.0,41.0,40.0,36.0,24.0,34.0,38.0,35.0,50.0,35.0,39.0,25.0,38.0,27.0,35.0,30.0,32.0,33.0,38.0,26.0,40.0,27.0,29.0,40.0,46.0,28.0,41.0,32.0,34.0,32.0,38.0,39.0,26.0
40.0,32.0,37.0,28.0,34.0,37.0,37.0,36.0,50.0,39.0,31.0,31.0,33.0,39.0,44.0,26.0,33.0,24.0,34.0,37.0,46.0,37.0,53.0,36.0,19.0,36.0,47.0,40.0,27.0,40.0,37.0,40.0,37.0,29.0,31.0,26.0,35.0,30.0,37.0,37.0,42.0,33.0,46.0,22.0,36.0,41.0,39.0,34.0,30.0,37.0
24.0,18.0,20.0,19.0,19.0,15.0,20.0,23.0,28.0,21.0,28.0,18.0,24.0,20.0,23.0,16.0,19.0,17.0,26.0,19.0,16.0,17.0,21.0,20.0,23.0,20.0,19.0,30.0,24.0,16.0,24.0,22.0,16.0,17.0,21.0,21.0,29.0,16.0,24.0,24.0,21.0,21.0,24.0,26.0,14.0,29.0,17.0,25.0,21.0,15.0
41.0,45.0,46.0,41.0,33.0,43.0,42.0,37.0,39.0,51.0,39.0,34.0,45.0,34.0,46.0,35.0,28.0,45.0,36.0,31.0,37.0,32.0,51.0,40.0,41.0,28.0,36.0,39.0,30.0,33.0,39.0,44.0,36.0,30.0,30.0,30.0,35.0,38.0,33.0,36.0,27.0,35.0,45.0,28.0,40.0,40.0,40.0,35.0,29.0,35.0
31.0,15.0,31.0,24.0,24.0,25.0,14.0,23.0,18.0,21.0,18.0,19.0,24.0,17.0,23.0,18.0,19.0,36.0,22.0,24.0,22.0,25.0,25.0,19.0,22.0,20.0,27.0,30.0,26.0,25.0,26.0,22.0,21.0,29.0,26.0,20.0,15.0,26.0,13.0,25.0,22.0,28.0,20.0,23.0,20.0,26.0,25.0,25.0,26.0,26.0
16.0,18.0,31.0,19.0,26.0,22.0,12.0,24.0,32.0,27.0,30.0,21.0,26.0,23.0,23.0,33.0,22.0,23.0,15.0,26.0,21.0,26.0,25.0,23.0,27.0,27.0,20.0,24.0,17.0,21.0,37.0,21.0,28.0,18.0,18.0,31.0,23.0,21.0,25.0,13.0,25.0,16.0,30.0,23.0,14.0,20.0,25.0,21.0,33.0,25.0
