10,50,1000
15.144982,19.269598,16.325557,19.972993,15.632788,18.404232,18.859436,19.116737,16.477283,19.66912
5.767018,6.446885,9.991507,5.993323,5.743126,5.086726,9.512977,6.911761,9.081333,6.475368
0.0,10.0,20.0,30.0,40.0,50.0,60.0,70.0,80.0,90.0
10.0,0.0,10.0,20.0,30.0,40.0,50.0,60.0,70.0,80.0
20.0,10.0,0.0,10.0,20.0,30.0,40.0,50.0,60.0,70.0
30.0,20.0,10.0,0.0,10.0,20.0,30.0,40.0,50.0,60.0
40.0,30.0,20.0,10.0,0.0,10.0,20.0,30.0,40.0,50.0
50.0,40.0,30.0,20.0,10.0,0.0,10.0,20.0,30.0,40.0
60.0,50.0,40.0,30.0,20.0,10.0,0.0,10.0,20.0,30.0
70.0,60.0,50.0,40.0,30.0,20.0,10.0,0.0,10.0,20.0
80.0,70.0,60.0,50.0,40.0,30.0,20.0,10.0,0.0,10.0
90.0,80.0,70.0,60.0,50.0,40.0,30.0,20.0,10.0,0.0
450.0,400.0,350.0,300.0,250.0,250.0,300.0,350.0,400.0,450.0
0.0,1.0,2.0,3.0,4.0,5.0,6.0,7.0,8.0,9.0
1.0,0.0,1.0,2.0,3.0,4.0,5.0,6.0,7.0,8.0
2.0,1.0,0.0,1.0,2.0,3.0,4.0,5.0,6.0,7.0
3.0,2.0,1.0,0.0,1.0,2.0,3.0,4.0,5.0,6.0
4.0,3.0,2.0,1.0,0.0,1.0,2.0,3.0,4.0,5.0
5.0,4.0,3.0,2.0,1.0,0.0,1.0,2.0,3.0,4.0
6.0,5.0,4.0,3.0,2.0,1.0,0.0,1.0,2.0,3.0
7.0,6.0,5.0,4.0,3.0,2.0,1.0,0.0,1.0,2.0
8.0,7.0,6.0,5.0,4.0,3.0,2.0,1.0,0.0,1.0
9.0,8.0,7.0,6.0,5.0,4.0,3.0,2.0,1.0,0.0
45.0,40.0,35.0,30.0,25.0,25.0,30.0,35.0,40.0,45.0
21.0,22.0,25.0,27.0,31.0,28.0,18.0,25.0,28.0,17.0,27.0,26.0,17.0,22.0,30.0,18.0,24.0,18.0,23.0,20.0,34.0,23.0,25.0,32.0,26.0,18.0,24.0,12.0,22.0,23.0,31.0,18.0,25.0,28.0,28.0,26.0,18.0,30.0,20.0,25.0,24.0,28.0,16.0,24.0,32.0,21.0,26.0,18.0,25.0,23.0
17.0,26.0,19.0,28.0,31.0,26.0,27.0,28.0,35.0,33.0,28.0,27.0,31.0,17.0,32.0,34.0,30.0,21.0,25.0,25.0,30.0,41.0,24.0,24.0,21.0,32.0,28.0,22.0,26.0,29.0,30.0,27.0,25.0,39.0,28.0,22.0,29.0,18.0,25.0,23.0,27.0,33.0,23.0,19.0,28.0,27.0,31.0,23.0,30.0,21.0
33.0,34.0,37.0,41.0,34.0,39.0,32.0,33.0,39.0,34.0,28.0,32.0,30.0,33.0,36.0,37.0,52.0,36.0,33.0,41.0,31.0,37.0,39.0,36.0,26.0,33.0,35.0,43.0,43.0,34.0,29.0,43.0,26.0,48.0,39.0,40.0,34.0,36.0,43.0,34.0,32.0,39.0,32.0,35.0,49.0,35.0,45.0,46.0,40.0,32.0
26.0,22.0,29.0,25.0,29.0,21.0,21.0,19.0,31.0,21.0,22.0,28.0,25.0,30.0,22.0,26.0,24.0,31.0,31.0,26.0,23.0,36.0,19.0,24.0,20.0,17.0,29.0,31.0,29.0,18.0,30.0,23.0,21.0,26.0,25.0,25.0,18.0,28.0,24.0,22.0,26.0,29.0,23.0,29.0,25.0,25.0,25.0,21.0,25.0,22.0
24.0,28.0,34.0,32.0,16.0,21.0,20.0,20.0,22.0,20.0,36.0,22.0,18.0,37.0,29.0,18.0,30.0,26.0,29.0,15.0,26.0,20.0,14.0,27.0,20.0,30.0,27.0,30.0,22.0,18.0,28.0,25.0,21.0,24.0,29.0,20.0,15.0,22.0,27.0,21.0,22.0,21.0,23.0,17.0,21.0,35.0,16.0,26.0,30.0,29.0
22.0,25.0,20.0,26.0,19.0,26.0,22.0,22.0,24.0,21.0,20.0,19.0,19.0,21.0,26.0,26.0,17.0,20.0,14.0,25.0,21.0,19.0,22.0,26.0,26.0,25.0,21.0,18.0,14.0,17.0,24.0,18.0,24.0,34.0,25.0,25.0,21.0,16.0,23.0,23.0,24.0,29.0,23.0,20.0,23.0,23.0,14.0,19.0,24.0,27.0
36.0,32.0,43.0,30.0,28.0,41.0,35.0,25.0,38.0,36.0,42.0,39.0,35.0,28.0,42.0,44.0,29.0,30.0,45.0,36.0,35.0,33.0,38.0,35.0,34.0,44.0,34.0,45.0,28.0,38.0,29.0,39.0,44.0,45.0,34.0,24.0,30.0,40.0,37.0,33.0,26.0,38.0,34.0,43.0,34.0,39.0,38.0,37.0,35.0,37.0
29.0,19.0,27.0,27.0,21.0,35.0,23.0,26.0,17.0,16.0,30.0,26.0,22.0,25.0,37.0,33.0,25.0,23.0,27.0,26.0,22.0,35.0,26.0,24.0,17.0,17.0,24.0,26.0,25.0,27.0,20.0,30.0,36.0,28.0,21.0,31.0,24.0,31.0,27.0,24.0,33.0,30.0,25.0,26.0,29.0,31.0,40.0,30.0,32.0,32.0
28.0,27.0,37.0,27.0,41.0,36.0,35.0,30.0,35.0,30.0,35.0,39.0,42.0,35.0,29.0,32.0,23.0,35.0,46.0,36.0,31.0,39.0,36.0,27.0,26.0,23.0,27.0,42.0,29.0,31.0,32.0,29.0,30.0,21.0,42.0,31.0,28.0,38.0,38.0,29.0,41.0,33.0,37.0,30.0,37.0,28.0,33.0,33.0,31.0,39.0
24.0,30.0,34.0,22.0,19.0,26.0,21.0,25.0,26.0,20.0,24.0,16.0,24.0,23.0,27.0,25.0,23.0,31.0,18.0,27.0,23.0,30.0,28.0,16.0,32.0,27.0,32.0,22.0,37.0,26.0,25.0,28.0,21.0,28.0,21.0,28.0,34.0,20.0,30.0,25.0,26.0,28.0,20.0,29.0,18.0,35.0,23.0,22.0,25.0,33.0
