10,50,1000
19.821193,17.694048,19.908424,17.41754,18.648619,18.34947,15.411132,16.284534,18.068026,19.881129
5.54683,6.090741,6.809447,9.841724,8.429935,8.532792,7.958807,6.119958,5.409931,8.642153
0.0,10.0,20.0,30.0,40.0,50.0,60.0,70.0,80.0,90.0
10.0,0.0,10.0,20.0,30.0,40.0,50.0,60.0,70.0,80.0
20.0,10.0,0.0,10.0,20.0,30.0,40.0,50.0,60.0,70.0
30.0,20.0,10.0,0.0,10.0,20.0,30.0,40.0,50.0,60.0
40.0,30.0,20.0,10.0,0.0,10.0,20.0,30.0,40.0,50.0
50.0,40.0,30.0,20.0,10.0,0.0,10.0,20.0,30.0,40.0
60.0,50.0,40.0,30.0,20.0,10.0,0.0,10.0,20.0,30.0
70.0,60.0,50.0,40.0,30.0,20.0,10.0,0.0,10.0,20.0
80.0,70.0,60.0,50.0,40.0,30.0,20.0,10.0,0.0,10.0
90.0,80.0,70.0,60.0,50.0,40.0,30.0,20.0,10.0,0.0
450.0,400.0,350.0,300.0,250.0,250.0,300.0,350.0,400.0,450.0
0.0,1.0,2.0,3.0,4.0,5.0,6.0,7.0,8.0,9.0
1.0,0.0,1.0,2.0,3.0,4.0,5.0,6.0,7.0,8.0
2.0,1.0,0.0,1.0,2.0,3.0,4.0,5.0,6.0,7.0
3.0,2.0,1.0,0.0,1.0,2.0,3.0,4.0,5.0,6.0
4.0,3.0,2.0,1.0,0.0,1.0,2.0,3.0,4.0,5.0
5.0,4.0,3.0,2.0,1.0,0.0,1.0,2.0,3.0,4.0
6.0,5.0,4.0,3.0,2.0,1.0,0.0,1.0,2.0,3.0
7.0,6.0,5.0,4.0,3.0,2.0,1.0,0.0,1.0,2.0
8.0,7.0,6.0,5.0,4.0,3.0,2.0,1.0,0.0,1.0
9.0,8.0,7.0,6.0,5.0,4.0,3.0,2.0,1.0,0.0
45.0,40.0,35.0,30.0,25.0,25.0,30.0,35.0,40.0,45.0
28.0,26.0,21.0,27.0,24.0,28.0,22.0,20.0,30.0,25.0,25.0,22.0,17.0,19.0,25.0,25.0,18.0,16.0,21.0,25.0,22.0,21.0,25.0,19.0,16.0,20.0,28.0,22.0,25.0,25.0,20.0,20.0,20.0,29.0,22.0,25.0,17.0,29.0,26.0,27.0,17.0,20.0,24.0,21.0,24.0,22.0,26.0,23.0,21.0,22.0
23.0,23.0,22.0,25.0,25.0,24.0,22.0,24.0,20.0,23.0,30.0,29.0,22.0,20.0,27.0,28.0,24.0,21.0,27.0,18.0,29.0,26.0,32.0,20.0,21.0,22.0,25.0,28.0,17.0,29.0,13.0,22.0,31.0,17.0,27.0,31.0,15.0,17.0,26.0,26.0,25.0,30.0,21.0,15.0,28.0,16.0,25.0,27.0,20.0,20.0
31.0,26.0,33.0,18.0,32.0,26.0,32.0,28.0,18.0,23.0,31.0,26.0,31.0,30.0,27.0,23.0,20.0,29.0,28.0,30.0,28.0,28.0,29.0,32.0,23.0,17.0,29.0,26.0,26.0,25.0,29.0,23.0,24.0,38.0,26.0,36.0,24.0,25.0,31.0,27.0,30.0,32.0,20.0,26.0,36.0,25.0,32.0,18.0,23.0,30.0
27.0,32.0,42.0,29.0,35.0,30.0,43.0,39.0,41.0,46.0,36.0,35.0,28.0,29.0,32.0,30.0,45.0,42.0,39.0,30.0,32.0,41.0,42.0,39.0,28.0,27.0,33.0,32.0,43.0,35.0,36.0,42.0,40.0,42.0,29.0,30.0,21.0,36.0,41.0,30.0,34.0,36.0,43.0,39.0,29.0,28.0,37.0,30.0,39.0,36.0
36.0,26.0,34.0,27.0,34.0,42.0,26.0,44.0,31.0,25.0,30.0,25.0,18.0,36.0,32.0,32.0,36.0,32.0,38.0,33.0,42.0,34.0,35.0,36.0,42.0,36.0,36.0,38.0,26.0,31.0,29.0,33.0,39.0,39.0,32.0,21.0,33.0,27.0,37.0,30.0,24.0,28.0,24.0,39.0,33.0,39.0,35.0,41.0,35.0,24.0
35.0,40.0,30.0,38.0,32.0,31.0,26.0,40.0,26.0,34.0,21.0,36.0,40.0,33.0,30.0,35.0,43.0,29.0,38.0,30.0,36.0,38.0,28.0,36.0,31.0,34.0,29.0,33.0,31.0,30.0,23.0,28.0,34.0,35.0,36.0,34.0,37.0,29.0,34.0,33.0,28.0,31.0,31.0,30.0,40.0,29.0,25.0,34.0,31.0,36.0
35.0,29.0,29.0,31.0,30.0,29.0,36.0,25.0,29.0,26.0,29.0,32.0,21.0,31.0,35.0,30.0,29.0,39.0,35.0,44.0,21.0,35.0,34.0,38.0,29.0,29.0,34.0,21.0,33.0,26.0,33.0,32.0,23.0,32.0,27.0,25.0,35.0,34.0,33.0,33.0,30.0,28.0,30.0,27.0,29.0,35.0,30.0,27.0,33.0,26.0
23.0,22.0,20.0,20.0,31.0,13.0,23.0,20.0,15.0,28.0,24.0,25.0,20.0,28.0,20.0,23.0,25.0,25.0,23.0,20.0,21.0,22.0,28.0,28.0,21.0,27.0,18.0,25.0,24.0,19.0,28.0,29.0,24.0,19.0,19.0,27.0,21.0,28.0,16.0,26.0,27.0,23.0,23.0,33.0,35.0,21.0,20.0,24.0,28.0,19.0
25.0,27.0,16.0,16.0,26.0,19.0,25.0,24.0,20.0,21.0,18.0,23.0,22.0,22.0,25.0,24.0,24.0,21.0,28.0,26.0,23.0,22.0,17.0,32.0,19.0,17.0,24.0,23.0,21.0,16.0,23.0,29.0,21.0,27.0,22.0,24.0,21.0,22.0,26.0,28.0,21.0,31.0,23.0,24.0,23.0,15.0,18.0,18.0,14.0,20.0
35.0,32.0,31.0,31.0,33.0,32.0,26.0,46.0,40.0,40.0,32.0,38.0,35.0,24.0,40.0,30.0,28.0,37.0,30.0,23.0,31.0,33.0,24.0,29.0,35.0,29.0,34.0,28.0,36.0,52.0,34.0,40.0,28.0,30.0,33.0,29.0,32.0,30.0,34.0,35.0,33.0,37.0,32.0,28.0,31.0,38.0,32.0,40.0,30.0,44.0
