10,50,1000
18.204503,15.990973,15.351247,16.590677,18.859427,18.028164,16.705265,17.55101,18.5171,19.506952
9.46198,8.637986,9.584418,8.70267,6.892287,7.237445,8.91396,7.344447,6.837405,7.353651
0.0,10.0,20.0,30.0,40.0,50.0,60.0,70.0,80.0,90.0
10.0,0.0,10.0,20.0,30.0,40.0,50.0,60.0,70.0,80.0
20.0,10.0,0.0,10.0,20.0,30.0,40.0,50.0,60.0,70.0
30.0,20.0,10.0,0.0,10.0,20.0,30.0,40.0,50.0,60.0
40.0,30.0,20.0,10.0,0.0,10.0,20.0,30.0,40.0,50.0
50.0,40.0,30.0,20.0,10.0,0.0,10.0,20.0,30.0,40.0
60.0,50.0,40.0,30.0,20.0,10.0,0.0,10.0,20.0,30.0
70.0,60.0,50.0,40.0,30.0,20.0,10.0,0.0,10.0,20.0
80.0,70.0,60.0,50.0,40.0,30.0,20.0,10.0,0.0,10.0
90.0,80.0,70.0,60.0,50.0,40.0,30.0,20.0,10.0,0.0
450.0,400.0,350.0,300.0,250.0,250.0,300.0,350.0,400.0,450.0
0.0,1.0,2.0,3.0,4.0,5.0,6.0,7.0,8.0,9.0
1.0,0.0,1.0,2.0,3.0,4.0,5.0,6.0,7.0,8.0
2.0,1.0,0.0,1.0,2.0,3.0,4.0,5.0,6.0,7.0
3.0,2.0,1.0,0.0,1.0,2.0,3.0,4.0,5.0,6.0
4.0,3.0,2.0,1.0,0.0,1.0,2.0,3.0,4.0,5.0
5.0,4.0,3.0,2.0,1.0,0.0,1.0,2.0,3.0,4.0
6.0,5.0,4.0,3.0,2.0,1.0,0.0,1.0,2.0,3.0
7.0,6.0,5.0,4.0,3.0,2.0,1.0,0.0,1.0,2.0
8.0,7.0,6.0,5.0,4.0,3.0,2.0,1.0,0.0,1.0
9.0,8.0,7.0,6.0,5.0,4.0,3.0,2.0,1.0,0.0
45.0,40.0,35.0,30.0,25.0,25.0,30.0,35.0,40.0,45.0
36.0,24.0,37.0,34.0,36.0,29.0,37.0,32.0,35.0,42.0,30.0,42.0,37.0,35.0,40.0,38.0,28.0,31.0,42.0,28.0,31.0,35.0,28.0,27.0,39.0,26.0,26.0,40.0,40.0,39.0,39.0,29.0,31.0,28.0,52.0,50.0,36.0,35.0,39.0,41.0,37.0,18.0,30.0,30.0,29.0,35.0,39.0,40.0,35.0,33.0
34.0,29.0,31.0,33.0,32.0,37.0,32.0,30.0,32.0,27.0,28.0,33.0,42.0,36.0,27.0,41.0,29.0,44.0,33.0,41.0,21.0,32.0,38.0,44.0,37.0,33.0,40.0,28.0,33.0,30.0,21.0,38.0,23.0,34.0,24.0,39.0,35.0,28.0,33.0,32.0,28.0,28.0,30.0,31.0,30.0,26.0,35.0,31.0,38.0,45.0
37.0,34.0,32.0,38.0,36.0,32.0,41.0,28.0,29.0,26.0,29.0,36.0,27.0,35.0,28.0,41.0,44.0,33.0,41.0,36.0,42.0,25.0,32.0,28.0,33.0,41.0,29.0,28.0,36.0,26.0,42.0,24.0,41.0,17.0,24.0,40.0,36.0,30.0,40.0,40.0,42.0,45.0,43.0,34.0,40.0,36.0,27.0,23.0,39.0,42.0
35.0,35.0,36.0,41.0,32.0,32.0,40.0,30.0,32.0,30.0,35.0,35.0,32.0,42.0,35.0,36.0,33.0,43.0,33.0,29.0,25.0,34.0,34.0,37.0,26.0,32.0,26.0,37.0,33.0,21.0,36.0,37.0,30.0,33.0,33.0,21.0,34.0,32.0,24.0,26.0,42.0,37.0,39.0,32.0,27.0,32.0,33.0,22.0,20.0,38.0
23.0,23.0,32.0,33.0,27.0,25.0,28.0,35.0,26.0,30.0,31.0,26.0,20.0,32.0,26.0,33.0,32.0,25.0,22.0,23.0,28.0,27.0,31.0,29.0,27.0,30.0,25.0,26.0,19.0,31.0,31.0,28.0,20.0,33.0,18.0,29.0,20.0,27.0,17.0,36.0,29.0,35.0,22.0,30.0,21.0,29.0,37.0,27.0,35.0,25.0
29.0,34.0,22.0,23.0,30.0,40.0,27.0,25.0,24.0,35.0,24.0,27.0,23.0,32.0,31.0,32.0,31.0,36.0,22.0,30.0,32.0,33.0,35.0,24.0,23.0,29.0,35.0,28.0,28.0,19.0,24.0,37.0,25.0,36.0,36.0,30.0,28.0,36.0,22.0,19.0,26.0,27.0,31.0,20.0,31.0,30.0,21.0,21.0,23.0,28.0
41.0,39.0,37.0,32.0,32.0,41.0,35.0,25.0,34.0,33.0,29.0,33.0,20.0,30.0,30.0,39.0,32.0,35.0,41.0,32.0,25.0,32.0,28.0,32.0,31.0,27.0,27.0,25.0,37.0,31.0,35.0,36.0,36.0,32.0,31.0,35.0,37.0,36.0,45.0,27.0,43.0,35.0,38.0,37.0,27.0,31.0,34.0,28.0,34.0,22.0
25.0,23.0,26.0,31.0,23.0,29.0,28.0,29.0,27.0,22.0,28.0,17.0,36.0,31.0,22.0,33.0,17.0,25.0,38.0,27.0,26.0,27.0,37.0,27.0,29.0,28.0,23.0,20.0,32.0,31.0,37.0,32.0,31.0,28.0,30.0,32.0,37.0,28.0,28.0,24.0,29.0,22.0,23.0,33.0,25.0,34.0,23.0,22.0,27.0,29.0
25.0,23.0,23.0,28.0,14.0,21.0,26.0,26.0,23.0,38.0,30.0,31.0,27.0,31.0,28.0,27.0,37.0,24.0,26.0,30.0,24.0,26.0,27.0,27.0,33.0,37.0,25.0,21.0,21.0,28.0,24.0,21.0,18.0,17.0,27.0,21.0,20.0,32.0,27.0,39.0,27.0,32.0,26.0,33.0,24.0,31.0,20.0,30.0,24.0,29.0
31.0,22.0,34.0,32.0,30.0,27.0,31.0,31.0,43.0,38.0,35.0,33.0,28.0,32.0,27.0,21.0,24.0,30.0,28.0,27.0,26.0,31.0,32.0,26.0,32.0,35.0,30.0,31.0,31.0,23.0,28.0,27.0,21.0,26.0,28.0,32.0,22.0,30.0,26.0,24.0,26.0,19.0,21.0,30.0,19.0,29.0,32.0,19.0,27.0,34.0
