10,50,1000
18.912995,17.20584,19.570285,18.392233,16.104495,15.130558,18.475773,16.679422,15.291797,16.372064
7.552066,5.238659,6.657328,9.872936,7.317892,9.964168,5.264124,8.040048,6.148994,5.369412
0.0,10.0,20.0,30.0,40.0,50.0,60.0,70.0,80.0,90.0
10.0,0.0,10.0,20.0,30.0,40.0,50.0,60.0,70.0,80.0
20.0,10.0,0.0,10.0,20.0,30.0,40.0,50.0,60.0,70.0
30.0,20.0,10.0,0.0,10.0,20.0,30.0,40.0,50.0,60.0
40.0,30.0,20.0,10.0,0.0,10.0,20.0,30.0,40.0,50.0
50.0,40.0,30.0,20.0,10.0,0.0,10.0,20.0,30.0,40.0
60.0,50.0,40.0,30.0,20.0,10.0,0.0,10.0,20.0,30.0
70.0,60.0,50.0,40.0,30.0,20.0,10.0,0.0,10.0,20.0
80.0,70.0,60.0,50.0,40.0,30.0,20.0,10.0,0.0,10.0
90.0,80.0,70.0,60.0,50.0,40.0,30.0,20.0,10.0,0.0
450.0,400.0,350.0,300.0,250.0,250.0,300.0,350.0,400.0,450.0
0.0,1.0,2.0,3.0,4.0,5.0,6.0,7.0,8.0,9.0
1.0,0.0,1.0,2.0,3.0,4.0,5.0,6.0,7.0,8.0
2.0,1.0,0.0,1.0,2.0,3.0,4.0,5.0,6.0,7.0
3.0,2.0,1.0,0.0,1.0,2.0,3.0,4.0,5.0,6.0
4.0,3.0,2.0,1.0,0.0,1.0,2.0,3.0,4.0,5.0
5.0,4.0,3.0,2.0,1.0,0.0,1.0,2.0,3.0,4.0
6.0,5.0,4.0,3.0,2.0,1.0,0.0,1.0,2.0,3.0
7.0,6.0,5.0,4.0,3.0,2.0,1.0,0.0,1.0,2.0
8.0,7.0,6.0,5.0,4.0,3.0,2.0,1.0,0.0,1.0
9.0,8.0,7.0,6.0,5.0,4.0,3.0,2.0,1.0,0.0
45.0,40.0,35.0,30.0,25.0,25.0,30.0,35.0,40.0,45.0
20.0,30.0,22.0,30.0,40.0,31.0,31.0,32.0,26.0,27.0,34.0,18.0,28.0,27.0,22.0,32.0,30.0,39.0,36.0,24.0,17.0,34.0,21.0,25.0,23.0,25.0,31.0,27.0,30.0,32.0,33.0,23.0,35.0,29.0,28.0,24.0,24.0,24.0,39.0,24.0,22.0,22.0,30.0,22.0,32.0,25.0,24.0,35.0,32.0,25.0
20.0,26.0,18.0,24.0,21.0,19.0,23.0,21.0,24.0,19.0,22.0,19.0,21.0,20.0,22.0,25.0,14.0,30.0,23.0,17.0,23.0,20.0,22.0,24.0,13.0,22.0,21.0,19.0,24.0,27.0,20.0,22.0,19.0,20.0,22.0,18.0,19.0,21.0,19.0,24.0,29.0,26.0,19.0,24.0,17.0,24.0,24.0,17.0,20.0,22.0
20.0,35.0,20.0,30.0,25.0,30.0,29.0,22.0,35.0,27.0,23.0,26.0,26.0,27.0,20.0,21.0,24.0,25.0,24.0,29.0,23.0,35.0,30.0,21.0,26.0,29.0,23.0,33.0,25.0,25.0,35.0,27.0,30.0,25.0,26.0,22.0,27.0,33.0,37.0,33.0,27.0,33.0,23.0,23.0,25.0,33.0,29.0,24.0,28.0,22.0
31.0,36.0,30.0,33.0,27.0,31.0,31.0,41.0,42.0,47.0,39.0,32.0,33.0,30.0,32.0,33.0,38.0,33.0,35.0,34.0,35.0,44.0,23.0,32.0,40.0,47.0,40.0,39.0,38.0,40.0,36.0,38.0,34.0,39.0,41.0,34.0,41.0,36.0,29.0,37.0,31.0,41.0,38.0,30.0,34.0,43.0,35.0,31.0,32.0,28.0
33.0,27.0,32.0,29.0,27.0,28.0,24.0,28.0,29.0,29.0,32.0,36.0,30.0,25.0,22.0,20.0,30.0,32.0,25.0,32.0,32.0,28.0,26.0,23.0,33.0,28.0,31.0,28.0,26.0,29.0,32.0,30.0,18.0,16.0,34.0,28.0,36.0,30.0,21.0,19.0,25.0,23.0,26.0,28.0,20.0,34.0,16.0,20.0,35.0,27.0
44.0,35.0,29.0,36.0,28.0,37.0,32.0,37.0,30.0,29.0,30.0,40.0,37.0,47.0,30.0,42.0,34.0,52.0,38.0,40.0,32.0,38.0,41.0,41.0,30.0,33.0,36.0,24.0,31.0,30.0,38.0,38.0,40.0,45.0,42.0,34.0,29.0,37.0,34.0,33.0,28.0,33.0,30.0,30.0,34.0,32.0,35.0,53.0,41.0,38.0
21.0,20.0,20.0,27.0,25.0,23.0,22.0,16.0,23.0,24.0,22.0,27.0,24.0,24.0,24.0,17.0,16.0,26.0,24.0,20.0,16.0,26.0,27.0,25.0,14.0,22.0,23.0,18.0,19.0,33.0,32.0,13.0,36.0,21.0,24.0,27.0,24.0,24.0,21.0,24.0,22.0,21.0,17.0,20.0,26.0,22.0,13.0,13.0,17.0,16.0
24.0,25.0,27.0,33.0,29.0,32.0,23.0,25.0,31.0,32.0,29.0,30.0,34.0,31.0,24.0,27.0,35.0,38.0,35.0,32.0,25.0,32.0,28.0,27.0,30.0,27.0,34.0,29.0,23.0,30.0,28.0,28.0,30.0,35.0,37.0,32.0,34.0,33.0,33.0,27.0,35.0,33.0,30.0,24.0,29.0,13.0,24.0,32.0,28.0,30.0
21.0,19.0,23.0,27.0,16.0,18.0,20.0,33.0,26.0,29.0,25.0,23.0,31.0,25.0,26.0,30.0,16.0,24.0,30.0,23.0,31.0,25.0,31.0,36.0,32.0,24.0,14.0,16.0,24.0,20.0,23.0,19.0,21.0,27.0,21.0,32.0,23.0,16.0,24.0,19.0,26.0,29.0,19.0,17.0,31.0,18.0,25.0,20.0,16.0,26.0
15.0,28.0,20.0,18.0,24.0,17.0,24.0,17.0,29.0,27.0,19.0,17.0,17.0,22.0,36.0,24.0,23.0,26.0,12.0,20.0,21.0,18.0,21.0,20.0,28.0,23.0,36.0,25.0,21.0,27.0,21.0,18.0,21.0,21.0,20.0,27.0,16.0,22.0,22.0,22.0,25.0,14.0,22.0,24.0,19.0,24.0,16.0,27.0,18.0,23.0
