10,50,1000
19.766563,18.357339,16.10546,17.978677,18.156885,19.384743,18.245257,18.783868,16.509977,19.720378
7.950527,7.857491,9.485406,8.485446,5.806147,7.543737,8.560806,6.006937,9.442779,9.32155
0.0,10.0,20.0,30.0,40.0,50.0,60.0,70.0,80.0,90.0
10.0,0.0,10.0,20.0,30.0,40.0,50.0,60.0,70.0,80.0
20.0,10.0,0.0,10.0,20.0,30.0,40.0,50.0,60.0,70.0
30.0,20.0,10.0,0.0,10.0,20.0,30.0,40.0,50.0,60.0
40.0,30.0,20.0,10.0,0.0,10.0,20.0,30.0,40.0,50.0
50.0,40.0,30.0,20.0,10.0,0.0,10.0,20.0,30.0,40.0
60.0,50.0,40.0,30.0,20.0,10.0,0.0,10.0,20.0,30.0
70.0,60.0,50.0,40.0,30.0,20.0,10.0,0.0,10.0,20.0
80.0,70.0,60.0,50.0,40.0,30.0,20.0,10.0,0.0,10.0
90.0,80.0,70.0,60.0,50.0,40.0,30.0,20.0,10.0,0.0
450.0,400.0,350.0,300.0,250.0,250.0,300.0,350.0,400.0,450.0
0.0,1.0,2.0,3.0,4.0,5.0,6.0,7.0,8.0,9.0
1.0,0.0,1.0,2.0,3.0,4.0,5.0,6.0,7.0,8.0
2.0,1.0,0.0,1.0,2.0,3.0,4.0,5.0,6.0,7.0
3.0,2.0,1.0,0.0,1.0,2.0,3.0,4.0,5.0,6.0
4.0,3.0,2.0,1.0,0.0,1.0,2.0,3.0,4.0,5.0
5.0,4.0,3.0,2.0,1.0,0.0,1.0,2.0,3.0,4.0
6.0,5.0,4.0,3.0,2.0,1.0,0.0,1.0,2.0,3.0
7.0,6.0,5.0,4.0,3.0,2.0,1.0,0.0,1.0,2.0
8.0,7.0,6.0,5.0,4.0,3.0,2.0,1.0,0.0,1.0
9.0,8.0,7.0,6.0,5.0,4.0,3.0,2.0,1.0,0.0
45.0,40.0,35.0,30.0,25.0,25.0,30.0,35.0,40.0,45.0
34.0,36.0,30.0,29.0,28.0,21.0,38.0,34.0,25.0,35.0,42.0,25.0,30.0,26.0,32.0,35.0,36.0,30.0,35.0,34.0,37.0,34.0,29.0,25.0,27.0,32.0,33.0,29.0,41.0,23.0,40.0,24.0,30.0,33.0,31.0,36.0,40.0,27.0,23.0,25.0,36.0,39.0,37.0,28.0,28.0,25.0,28.0,41.0,23.0,31.0
26.0,38.0,29.0,24.0,33.0,40.0,22.0,27.0,33.0,35.0,35.0,27.0,30.0,29.0,32.0,33.0,22.0,34.0,24.0,32.0,26.0,32.0,21.0,29.0,30.0,39.0,28.0,33.0,38.0,28.0,31.0,22.0,29.0,38.0,31.0,34.0,34.0,31.0,31.0,30.0,26.0,32.0,28.0,25.0,30.0,37.0,34.0,20.0,39.0,27.0
39.0,34.0,36.0,39.0,28.0,36.0,34.0,34.0,46.0,29.0,42.0,40.0,46.0,33.0,38.0,43.0,42.0,35.0,34.0,32.0,29.0,38.0,40.0,38.0,34.0,34.0,46.0,47.0,41.0,38.0,41.0,29.0,39.0,39.0,34.0,33.0,30.0,33.0,41.0,40.0,35.0,40.0,41.0,30.0,26.0,36.0,41.0,35.0,43.0,32.0
31.0,26.0,34.0,24.0,36.0,40.0,31.0,36.0,37.0,32.0,27.0,34.0,39.0,33.0,36.0,43.0,27.0,37.0,35.0,21.0,33.0,26.0,30.0,30.0,34.0,34.0,33.0,43.0,31.0,35.0,22.0,24.0,42.0,33.0,27.0,29.0,35.0,40.0,35.0,21.0,33.0,28.0,28.0,31.0,29.0,42.0,33.0,28.0,29.0,25.0
26.0,34.0,23.0,28.0,25.0,28.0,23.0,20.0,25.0,29.0,21.0,23.0,32.0,32.0,24.0,32.0,34.0,21.0,37.0,23.0,27.0,29.0,18.0,20.0,31.0,19.0,19.0,21.0,34.0,25.0,34.0,18.0,23.0,25.0,28.0,14.0,23.0,19.0,30.0,21.0,25.0,23.0,30.0,20.0,26.0,28.0,34.0,22.0,28.0,32.0
32.0,25.0,32.0,26.0,22.0,31.0,36.0,36.0,29.0,17.0,33.0,34.0,28.0,35.0,31.0,30.0,24.0,35.0,27.0,21.0,33.0,36.0,21.0,37.0,20.0,29.0,25.0,40.0,31.0,21.0,31.0,27.0,38.0,20.0,42.0,38.0,31.0,25.0,29.0,45.0,21.0,23.0,23.0,26.0,25.0,22.0,30.0,22.0,32.0,31.0
33.0,29.0,27.0,33.0,40.0,32.0,35.0,31.0,35.0,30.0,39.0,42.0,30.0,31.0,35.0,31.0,39.0,34.0,42.0,38.0,43.0,40.0,44.0,33.0,34.0,31.0,41.0,29.0,37.0,36.0,29.0,28.0,35.0,26.0,36.0,32.0,41.0,30.0,34.0,33.0,25.0,33.0,30.0,29.0,34.0,32.0,34.0,37.0,35.0,30.0
30.0,31.0,23.0,17.0,23.0,38.0,26.0,18.0,32.0,25.0,24.0,19.0,23.0,27.0,15.0,23.0,22.0,29.0,26.0,25.0,19.0,33.0,24.0,24.0,25.0,20.0,13.0,26.0,29.0,19.0,31.0,28.0,24.0,26.0,25.0,22.0,33.0,21.0,25.0,21.0,23.0,23.0,17.0,22.0,12.0,22.0,22.0,23.0,27.0,25.0
42.0,39.0,38.0,41.0,41.0,43.0,43.0,43.0,36.0,37.0,39.0,47.0,36.0,40.0,41.0,34.0,32.0,37.0,32.0,40.0,40.0,34.0,41.0,32.0,33.0,37.0,37.0,38.0,29.0,38.0,37.0,36.0,35.0,34.0,32.0,35.0,39.0,31.0,45.0,20.0,37.0,29.0,37.0,37.0,33.0,57.0,39.0,23.0,45.0,31.0
37.0,30.0,26.0,32.0,33.0,45.0,25.0,29.0,34.0,35.0,31.0,37.0,45.0,33.0,21.0,32.0,35.0,45.0,26.0,28.0,37.0,24.0,34.0,31.0,38.0,25.0,50.0,35.0,35.0,36.0,38.0,33.0,32.0,32.0,28.0,39.0,22.0,39.0,40.0,33.0,17.0,42.0,31.0,36.0,36.0,33.0,18.0,43.0,38.0,26.0
