10,50,1000
18.930401,18.779158,19.699028,16.66921,18.690448,17.459697,17.629578,17.579077,19.808326,15.860917
7.104928,8.482363,9.728427,8.570952,9.698827,5.763725,6.519737,7.375259,8.943992,9.507903
0.0,10.0,20.0,30.0,40.0,50.0,60.0,70.0,80.0,90.0
10.0,0.0,10.0,20.0,30.0,40.0,50.0,60.0,70.0,80.0
20.0,10.0,0.0,10.0,20.0,30.0,40.0,50.0,60.0,70.0
30.0,20.0,10.0,0.0,10.0,20.0,30.0,40.0,50.0,60.0
40.0,30.0,20.0,10.0,0.0,10.0,20.0,30.0,40.0,50.0
50.0,40.0,30.0,20.0,10.0,0.0,10.0,20.0,30.0,40.0
60.0,50.0,40.0,30.0,20.0,10.0,0.0,10.0,20.0,30.0
70.0,60.0,50.0,40.0,30.0,20.0,10.0,0.0,10.0,20.0
80.0,70.0,60.0,50.0,40.0,30.0,20.0,10.0,0.0,10.0
90.0,80.0,70.0,60.0,50.0,40.0,30.0,20.0,10.0,0.0
450.0,400.0,350.0,300.0,250.0,250.0,300.0,350.0,400.0,450.0
0.0,1.0,2.0,3.0,4.0,5.0,6.0,7.0,8.0,9.0
1.0,0.0,1.0,2.0,3.0,4.0,5.0,6.0,7.0,8.0
2.0,1.0,0.0,1.0,2.0,3.0,4.0,5.0,6.0,7.0
3.0,2.0,1.0,0.0,1.0,2.0,3.0,4.0,5.0,6.0
4.0,3.0,2.0,1.0,0.0,1.0,2.0,3.0,4.0,5.0
5.0,4.0,3.0,2.0,1.0,0.0,1.0,2.0,3.0,4.0
6.0,5.0,4.0,3.0,2.0,1.0,0.0,1.0,2.0,3.0
7.0,6.0,5.0,4.0,3.0,2.0,1.0,0.0,1.0,2.0
8.0,7.0,6.0,5.0,4.0,3.0,2.0,1.0,0.0,1.0
9.0,8.0,7.0,6.0,5.0,4.0,3.0,2.0,1.0,0.0
45.0,40.0,35.0,30.0,25.0,25.0,30.0,35.0,40.0,45.0
44.0,28.0,24.0,21.0,31.0,18.0,30.0,26.0,31.0,34.0,38.0,30.0,25.0,25.0,29.0,41.0,28.0,19.0,30.0,36.0,26.0,20.0,19.0,23.0,24.0,28.0,25.0,29.0,24.0,25.0,28.0,32.0,32.0,34.0,27.0,33.0,37.0,33.0,23.0,22.0,24.0,27.0,24.0,22.0,36.0,25.0,29.0,22.0,35.0,26.0
32.0,28.0,32.0,37.0,33.0,37.0,32.0,33.0,32.0,18.0,29.0,36.0,31.0,32.0,22.0,37.0,40.0,31.0,22.0,49.0,36.0,24.0,32.0,28.0,35.0,34.0,31.0,36.0,28.0,29.0,33.0,23.0,38.0,37.0,28.0,34.0,37.0,25.0,44.0,39.0,21.0,29.0,27.0,29.0,40.0,34.0,36.0,30.0,34.0,28.0
35.0,45.0,44.0,36.0,45.0,38.0,41.0,36.0,25.0,39.0,33.0,37.0,39.0,31.0,39.0,42.0,52.0,34.0,24.0,40.0,38.0,26.0,39.0,24.0,32.0,28.0,33.0,43.0,29.0,34.0,31.0,36.0,41.0,33.0,42.0,54.0,28.0,44.0,41.0,34.0,34.0,36.0,38.0,37.0,37.0,40.0,40.0,32.0,29.0,38.0
32.0,31.0,24.0,22.0,41.0,29.0,27.0,19.0,37.0,40.0,29.0,35.0,27.0,36.0,24.0,25.0,42.0,31.0,28.0,25.0,25.0,38.0,34.0,32.0,28.0,23.0,46.0,25.0,32.0,29.0,27.0,29.0,44.0,27.0,35.0,20.0,38.0,27.0,32.0,29.0,26.0,37.0,37.0,28.0,23.0,41.0,25.0,31.0,42.0,25.0
34.0,43.0,34.0,39.0,43.0,56.0,35.0,41.0,46.0,35.0,33.0,34.0,34.0,34.0,34.0,38.0,35.0,31.0,39.0,27.0,37.0,36.0,35.0,30.0,40.0,36.0,30.0,34.0,40.0,30.0,41.0,33.0,35.0,34.0,24.0,45.0,30.0,38.0,27.0,37.0,37.0,34.0,49.0,35.0,30.0,33.0,29.0,48.0,38.0,37.0
26.0,21.0,15.0,18.0,24.0,22.0,22.0,36.0,19.0,25.0,22.0,16.0,22.0,30.0,22.0,28.0,27.0,19.0,23.0,23.0,26.0,15.0,25.0,20.0,26.0,29.0,28.0,30.0,20.0,26.0,23.0,28.0,16.0,20.0,14.0,28.0,27.0,29.0,25.0,24.0,22.0,25.0,32.0,28.0,19.0,22.0,27.0,19.0,13.0,28.0
19.0,23.0,22.0,24.0,25.0,32.0,25.0,19.0,30.0,30.0,30.0,34.0,27.0,18.0,20.0,16.0,25.0,29.0,17.0,28.0,23.0,24.0,24.0,23.0,31.0,26.0,23.0,32.0,30.0,30.0,24.0,28.0,22.0,30.0,16.0,23.0,19.0,29.0,28.0,18.0,24.0,26.0,29.0,18.0,18.0,26.0,32.0,32.0,22.0,23.0
27.0,25.0,30.0,26.0,40.0,32.0,32.0,28.0,28.0,39.0,26.0,30.0,33.0,31.0,27.0,18.0,25.0,25.0,24.0,32.0,30.0,29.0,23.0,31.0,26.0,25.0,34.0,27.0,24.0,34.0,30.0,27.0,27.0,35.0,27.0,24.0,26.0,42.0,32.0,36.0,34.0,26.0,30.0,32.0,32.0,27.0,22.0,22.0,36.0,27.0
39.0,40.0,33.0,36.0,37.0,26.0,46.0,33.0,24.0,30.0,41.0,34.0,40.0,37.0,30.0,36.0,33.0,25.0,29.0,40.0,35.0,30.0,32.0,31.0,37.0,39.0,38.0,34.0,32.0,36.0,26.0,32.0,38.0,28.0,40.0,37.0,38.0,33.0,35.0,31.0,22.0,35.0,31.0,31.0,45.0,41.0,37.0,33.0,27.0,38.0
45.0,34.0,22.0,37.0,35.0,40.0,38.0,29.0,45.0,33.0,38.0,23.0,49.0,35.0,35.0,39.0,29.0,33.0,42.0,36.0,30.0,30.0,39.0,33.0,38.0,38.0,31.0,41.0,25.0,40.0,39.0,42.0,28.0,43.0,40.0,34.0,37.0,35.0,43.0,40.0,44.0,24.0,44.0,35.0,36.0,35.0,25.0,35.0,35.0,29.0
