10,50,1000
18.386694,16.447227,16.2838,19.110268,18.935264,19.847167,18.475981,17.615058,15.758126,16.383066
7.677935,5.419958,6.316133,6.39557,5.896061,8.398275,9.295449,9.509156,9.856652,6.581482
0.0,10.0,20.0,30.0,40.0,50.0,60.0,70.0,80.0,90.0
10.0,0.0,10.0,20.0,30.0,40.0,50.0,60.0,70.0,80.0
20.0,10.0,0.0,10.0,20.0,30.0,40.0,50.0,60.0,70.0
30.0,20.0,10.0,0.0,10.0,20.0,30.0,40.0,50.0,60.0
40.0,30.0,20.0,10.0,0.0,10.0,20.0,30.0,40.0,50.0
50.0,40.0,30.0,20.0,10.0,0.0,10.0,20.0,30.0,40.0
60.0,50.0,40.0,30.0,20.0,10.0,0.0,10.0,20.0,30.0
70.0,60.0,50.0,40.0,30.0,20.0,10.0,0.0,10.0,20.0
80.0,70.0,60.0,50.0,40.0,30.0,20.0,10.0,0.0,10.0
90.0,80.0,70.0,60.0,50.0,40.0,30.0,20.0,10.0,0.0
450.0,400.0,350.0,300.0,250.0,250.0,300.0,350.0,400.0,450.0
0.0,1.0,2.0,3.0,4.0,5.0,6.0,7.0,8.0,9.0
1.0,0.0,1.0,2.0,3.0,4.0,5.0,6.0,7.0,8.0
2.0,1.0,0.0,1.0,2.0,3.0,4.0,5.0,6.0,7.0
3.0,2.0,1.0,0.0,1.0,2.0,3.0,4.0,5.0,6.0
4.0,3.0,2.0,1.0,0.0,1.0,2.0,3.0,4.0,5.0
5.0,4.0,3.0,2.0,1.0,0.0,1.0,2.0,3.0,4.0
6.0,5.0,4.0,3.0,2.0,1.0,0.0,1.0,2.0,3.0
7.0,6.0,5.0,4.0,3.0,2.0,1.0,0.0,1.0,2.0
8.0,7.0,6.0,5.0,4.0,3.0,2.0,1.0,0.0,1.0
9.0,8.0,7.0,6.0,5.0,4.0,3.0,2.0,1.0,0.0
45.0,40.0,35.0,30.0,25.0,25.0,30.0,35.0,40.0,45.0
22.0,28.0,32.0,28.0,26.0,33.0,22.0,24.0,33.0,32.0,34.0,27.0,41.0,42.0,28.0,30.0,26.0,35.0,32.0,20.0,31.0,33.0,20.0,28.0,34.0,31.0,29.0,38.0,39.0,26.0,31.0,23.0,30.0,23.0,36.0,34.0,41.0,19.0,43.0,27.0,16.0,31.0,22.0,32.0,36.0,48.0,33.0,32.0,30.0,35.0
19.0,20.0,25.0,13.0,27.0,31.0,22.0,30.0,16.0,20.0,22.0,23.0,19.0,21.0,11.0,18.0,25.0,30.0,27.0,24.0,23.0,24.0,15.0,24.0,23.0,17.0,17.0,28.0,26.0,20.0,29.0,23.0,28.0,15.0,30.0,22.0,16.0,15.0,26.0,25.0,18.0,36.0,28.0,23.0,18.0,18.0,17.0,14.0,25.0,21.0
36.0,15.0,25.0,27.0,22.0,25.0,28.0,21.0,27.0,23.0,29.0,28.0,24.0,28.0,28.0,22.0,25.0,25.0,27.0,25.0,16.0,27.0,26.0,37.0,33.0,27.0,30.0,27.0,18.0,26.0,21.0,30.0,26.0,28.0,18.0,28.0,22.0,23.0,22.0,26.0,20.0,21.0,28.0,32.0,28.0,27.0,17.0,23.0,21.0,30.0
32.0,30.0,29.0,29.0,28.0,33.0,25.0,36.0,21.0,23.0,33.0,20.0,17.0,26.0,21.0,29.0,21.0,24.0,31.0,21.0,21.0,25.0,29.0,27.0,26.0,30.0,28.0,21.0,12.0,30.0,28.0,24.0,27.0,28.0,23.0,27.0,27.0,38.0,19.0,20.0,16.0,21.0,23.0,31.0,28.0,16.0,21.0,22.0,24.0,24.0
26.0,24.0,15.0,24.0,24.0,23.0,19.0,26.0,25.0,27.0,31.0,16.0,20.0,18.0,26.0,25.0,24.0,28.0,19.0,20.0,27.0,29.0,23.0,27.0,22.0,17.0,14.0,23.0,24.0,22.0,26.0,27.0,21.0,25.0,27.0,23.0,25.0,22.0,33.0,20.0,26.0,24.0,24.0,16.0,27.0,19.0,25.0,33.0,17.0,29.0
37.0,36.0,33.0,37.0,29.0,23.0,25.0,33.0,27.0,35.0,28.0,34.0,26.0,20.0,24.0,28.0,32.0,38.0,33.0,41.0,22.0,40.0,48.0,35.0,25.0,26.0,27.0,27.0,28.0,32.0,42.0,35.0,38.0,30.0,36.0,28.0,28.0,34.0,26.0,31.0,28.0,42.0,37.0,28.0,26.0,34.0,26.0,40.0,37.0,36.0
23.0,36.0,50.0,34.0,29.0,28.0,32.0,29.0,34.0,40.0,30.0,48.0,21.0,30.0,32.0,37.0,36.0,48.0,27.0,43.0,35.0,30.0,49.0,30.0,41.0,35.0,43.0,43.0,35.0,31.0,39.0,27.0,46.0,34.0,37.0,27.0,33.0,35.0,39.0,34.0,48.0,47.0,28.0,32.0,41.0,37.0,44.0,36.0,35.0,25.0
48.0,40.0,46.0,40.0,27.0,31.0,39.0,43.0,41.0,25.0,45.0,32.0,32.0,29.0,39.0,29.0,44.0,36.0,33.0,32.0,30.0,36.0,41.0,37.0,34.0,40.0,28.0,30.0,28.0,46.0,33.0,32.0,40.0,38.0,38.0,31.0,42.0,32.0,31.0,27.0,38.0,45.0,42.0,30.0,38.0,39.0,40.0,36.0,28.0,35.0
28.0,37.0,36.0,31.0,36.0,36.0,37.0,34.0,39.0,40.0,39.0,34.0,37.0,30.0,40.0,57.0,36.0,39.0,32.0,38.0,34.0,44.0,38.0,41.0,42.0,37.0,39.0,29.0,44.0,32.0,40.0,43.0,34.0,29.0,25.0,43.0,40.0,38.0,37.0,27.0,45.0,33.0,37.0,29.0,32.0,35.0,49.0,30.0,40.0,32.0
21.0,24.0,26.0,34.0,23.0,27.0,32.0,28.0,21.0,23.0,15.0,29.0,24.0,26.0,25.0,22.0,28.0,22.0,20.0,17.0,27.0,24.0,34.0,35.0,12.0,23.0,21.0,36.0,11.0,27.0,21.0,25.0,31.0,31.0,33.0,21.0,28.0,23.0,24.0,28.0,13.0,22.0,20.0,24.0,34.0,20.0,25.0,26.0,17.0,34.0
