10,50,1000
15.003255,16.970178,17.915468,16.877669,18.716991,17.598339,16.932582,19.729829,15.059294,15.990031
5.48934,8.822537,8.890242,9.934301,6.987992,8.810932,9.376898,5.05537,8.275365,7.964392
0.0,10.0,20.0,30.0,40.0,50.0,60.0,70.0,80.0,90.0
10.0,0.0,10.0,20.0,30.0,40.0,50.0,60.0,70.0,80.0
20.0,10.0,0.0,10.0,20.0,30.0,40.0,50.0,60.0,70.0
30.0,20.0,10.0,0.0,10.0,20.0,30.0,40.0,50.0,60.0
40.0,30.0,20.0,10.0,0.0,10.0,20.0,30.0,40.0,50.0
50.0,40.0,30.0,20.0,10.0,0.0,10.0,20.0,30.0,40.0
60.0,50.0,40.0,30.0,20.0,10.0,0.0,10.0,20.0,30.0
70.0,60.0,50.0,40.0,30.0,20.0,10.0,0.0,10.0,20.0
80.0,70.0,60.0,50.0,40.0,30.0,20.0,10.0,0.0,10.0
90.0,80.0,70.0,60.0,50.0,40.0,30.0,20.0,10.0,0.0
450.0,400.0,350.0,300.0,250.0,250.0,300.0,350.0,400.0,450.0
0.0,1.0,2.0,3.0,4.0,5.0,6.0,7.0,8.0,9.0
1.0,0.0,1.0,2.0,3.0,4.0,5.0,6.0,7.0,8.0
2.0,1.0,0.0,1.0,2.0,3.0,4.0,5.0,6.0,7.0
3.0,2.0,1.0,0.0,1.0,2.0,3.0,4.0,5.0,6.0
4.0,3.0,2.0,1.0,0.0,1.0,2.0,3.0,4.0,5.0
5.0,4.0,3.0,2.0,1.0,0.0,1.0,2.0,3.0,4.0
6.0,5.0,4.0,3.0,2.0,1.0,0.0,1.0,2.0,3.0
7.0,6.0,5.0,4.0,3.0,2.0,1.0,0.0,1.0,2.0
8.0,7.0,6.0,5.0,4.0,3.0,2.0,1.0,0.0,1.0
9.0,8.0,7.0,6.0,5.0,4.0,3.0,2.0,1.0,0.0
45.0,40.0,35.0,30.0,25.0,25.0,30.0,35.0,40.0,45.0
24.0,21.0,17.0,23.0,20.0,24.0,29.0,18.0,24.0,30.0,29.0,22.0,17.0,15.0,20.0,22.0,22.0,23.0,17.0,17.0,13.0,29.0,22.0,17.0,24.0,22.0,16.0,21.0,22.0,23.0,13.0,20.0,17.0,18.0,28.0,24.0,16.0,16.0,22.0,22.0,19.0,32.0,29.0,26.0,20.0,29.0,22.0,28.0,28.0,27.0
31.0,29.0,32.0,41.0,32.0,32.0,24.0,26.0,28.0,37.0,30.0,32.0,32.0,29.0,35.0,38.0,32.0,26.0,28.0,29.0,29.0,32.0,33.0,35.0,43.0,39.0,27.0,31.0,22.0,34.0,25.0,30.0,39.0,31.0,28.0,32.0,31.0,38.0,36.0,35.0,24.0,31.0,27.0,42.0,32.0,27.0,27.0,30.0,31.0,34.0
33.0,36.0,39.0,29.0,41.0,30.0,34.0,21.0,32.0,22.0,35.0,34.0,31.0,31.0,36.0,42.0,32.0,26.0,38.0,36.0,29.0,39.0,30.0,29.0,35.0,25.0,42.0,29.0,30.0,27.0,20.0,31.0,27.0,34.0,30.0,43.0,29.0,35.0,31.0,38.0,37.0,31.0,27.0,30.0,27.0,27.0,38.0,42.0,40.0,27.0
35.0,39.0,35.0,33.0,36.0,27.0,44.0,39.0,40.0,32.0,37.0,35.0,43.0,34.0,24.0,39.0,44.0,33.0,36.0,23.0,43.0,38.0,39.0,35.0,39.0,36.0,39.0,39.0,46.0,31.0,38.0,19.0,29.0,40.0,38.0,31.0,28.0,40.0,43.0,27.0,35.0,38.0,40.0,32.0,37.0,29.0,37.0,36.0,36.0,24.0
29.0,32.0,30.0,28.0,26.0,22.0,24.0,27.0,28.0,23.0,34.0,29.0,24.0,33.0,26.0,19.0,34.0,28.0,30.0,20.0,26.0,28.0,30.0,32.0,24.0,22.0,31.0,26.0,30.0,29.0,18.0,28.0,34.0,30.0,34.0,33.0,16.0,28.0,29.0,25.0,26.0,27.0,23.0,31.0,30.0,23.0,30.0,28.0,32.0,38.0
27.0,31.0,35.0,30.0,29.0,36.0,28.0,28.0,22.0,33.0,29.0,29.0,34.0,36.0,32.0,55.0,24.0,31.0,27.0,39.0,23.0,31.0,28.0,31.0,29.0,28.0,38.0,31.0,30.0,21.0,32.0,28.0,35.0,38.0,23.0,36.0,35.0,27.0,28.0,47.0,34.0,35.0,31.0,35.0,39.0,25.0,33.0,35.0,35.0,40.0
34.0,30.0,44.0,45.0,35.0,31.0,43.0,26.0,33.0,40.0,30.0,27.0,44.0,46.0,43.0,40.0,31.0,39.0,44.0,37.0,32.0,42.0,41.0,26.0,40.0,27.0,35.0,32.0,24.0,35.0,37.0,36.0,37.0,37.0,36.0,27.0,31.0,48.0,34.0,32.0,32.0,31.0,37.0,40.0,45.0,29.0,32.0,44.0,30.0,42.0
17.0,22.0,31.0,18.0,20.0,27.0,21.0,16.0,17.0,19.0,22.0,20.0,21.0,25.0,21.0,13.0,25.0,20.0,25.0,28.0,25.0,20.0,20.0,25.0,24.0,21.0,27.0,22.0,23.0,24.0,25.0,20.0,30.0,24.0,18.0,16.0,23.0,24.0,18.0,33.0,22.0,24.0,23.0,24.0,21.0,30.0,18.0,10.0,23.0,20.0
25.0,48.0,32.0,36.0,33.0,31.0,37.0,39.0,32.0,27.0,28.0,27.0,23.0,31.0,36.0,34.0,32.0,37.0,34.0,25.0,29.0,23.0,30.0,30.0,22.0,19.0,35.0,42.0,26.0,38.0,30.0,34.0,33.0,25.0,21.0,31.0,39.0,24.0,25.0,26.0,23.0,27.0,23.0,27.0,30.0,34.0,34.0,33.0,33.0,29.0
34.0,38.0,40.0,35.0,37.0,27.0,38.0,36.0,32.0,37.0,22.0,39.0,32.0,22.0,38.0,28.0,26.0,39.0,35.0,30.0,29.0,35.0,32.0,26.0,27.0,29.0,30.0,21.0,21.0,45.0,26.0,28.0,36.0,29.0,39.0,30.0,29.0,31.0,27.0,24.0,35.0,35.0,36.0,23.0,20.0,35.0,28.0,29.0,37.0,26.0
