10,50,1000
16.44804,18.710251,15.49304,15.964518,16.869154,18.035465,18.168598,17.786638,16.637171,17.779337
5.444167,6.859501,6.615974,6.592816,7.846181,7.296273,7.32646,8.896038,5.089487,5.841553
0.0,10.0,20.0,30.0,40.0,50.0,60.0,70.0,80.0,90.0
10.0,0.0,10.0,20.0,30.0,40.0,50.0,60.0,70.0,80.0
20.0,10.0,0.0,10.0,20.0,30.0,40.0,50.0,60.0,70.0
30.0,20.0,10.0,0.0,10.0,20.0,30.0,40.0,50.0,60.0
40.0,30.0,20.0,10.0,0.0,10.0,20.0,30.0,40.0,50.0
50.0,40.0,30.0,20.0,10.0,0.0,10.0,20.0,30.0,40.0
60.0,50.0,40.0,30.0,20.0,10.0,0.0,10.0,20.0,30.0
70.0,60.0,50.0,40.0,30.0,20.0,10.0,0.0,10.0,20.0
80.0,70.0,60.0,50.0,40.0,30.0,20.0,10.0,0.0,10.0
90.0,80.0,70.0,60.0,50.0,40.0,30.0,20.0,10.0,0.0
450.0,400.0,350.0,300.0,250.0,250.0,300.0,350.0,400.0,450.0
0.0,1.0,2.0,3.0,4.0,5.0,6.0,7.0,8.0,9.0
1.0,0.0,1.0,2.0,3.0,4.0,5.0,6.0,7.0,8.0
2.0,1.0,0.0,1.0,2.0,3.0,4.0,5.0,6.0,7.0
3.0,2.0,1.0,0.0,1.0,2.0,3.0,4.0,5.0,6.0
4.0,3.0,2.0,1.0,0.0,1.0,2.0,3.0,4.0,5.0
5.0,4.0,3.0,2.0,1.0,0.0,1.0,2.0,3.0,4.0
6.0,5.0,4.0,3.0,2.0,1.0,0.0,1.0,2.0,3.0
7.0,6.0,5.0,4.0,3.0,2.0,1.0,0.0,1.0,2.0
8.0,7.0,6.0,5.0,4.0,3.0,2.0,1.0,0.0,1.0
9.0,8.0,7.0,6.0,5.0,4.0,3.0,2.0,1.0,0.0
45.0,40.0,35.0,30.0,25.0,25.0,30.0,35.0,40.0,45.0
29.0,30.0,15.0,21.0,16.0,16.0,30.0,24.0,25.0,27.0,19.0,29.0,19.0,19.0,21.0,20.0,27.0,28.0,21.0,23.0,14.0,17.0,25.0,24.0,19.0,22.0,18.0,31.0,24.0,18.0,27.0,27.0,14.0,19.0,25.0,24.0,14.0,16.0,23.0,17.0,23.0,22.0,19.0,27.0,22.0,24.0,14.0,17.0,23.0,21.0
31.0,21.0,33.0,26.0,40.0,41.0,28.0,25.0,29.0,23.0,26.0,20.0,22.0,19.0,28.0,31.0,21.0,32.0,25.0,25.0,27.0,33.0,26.0,31.0,25.0,25.0,28.0,28.0,22.0,21.0,28.0,20.0,27.0,32.0,29.0,27.0,25.0,24.0,34.0,27.0,25.0,31.0,27.0,23.0,28.0,21.0,21.0,28.0,34.0,29.0
29.0,26.0,15.0,22.0,21.0,25.0,17.0,24.0,36.0,21.0,21.0,25.0,23.0,24.0,27.0,24.0,23.0,30.0,20.0,33.0,25.0,18.0,27.0,24.0,29.0,26.0,23.0,23.0,35.0,29.0,23.0,28.0,21.0,21.0,25.0,23.0,29.0,27.0,24.0,22.0,21.0,19.0,25.0,34.0,24.0,22.0,25.0,20.0,26.0,17.0
31.0,26.0,24.0,29.0,34.0,36.0,25.0,29.0,22.0,31.0,23.0,28.0,20.0,17.0,29.0,29.0,29.0,31.0,25.0,18.0,21.0,23.0,21.0,17.0,25.0,22.0,29.0,27.0,22.0,26.0,23.0,19.0,19.0,22.0,25.0,26.0,15.0,29.0,26.0,28.0,26.0,28.0,28.0,25.0,33.0,26.0,24.0,28.0,23.0,28.0
27.0,29.0,28.0,35.0,32.0,23.0,24.0,26.0,42.0,42.0,31.0,35.0,26.0,36.0,25.0,25.0,36.0,39.0,37.0,32.0,33.0,37.0,22.0,28.0,31.0,30.0,36.0,25.0,32.0,26.0,33.0,28.0,34.0,32.0,22.0,39.0,25.0,33.0,29.0,26.0,27.0,32.0,35.0,27.0,33.0,30.0,30.0,28.0,29.0,28.0
27.0,26.0,31.0,29.0,32.0,26.0,20.0,35.0,25.0,31.0,31.0,19.0,24.0,28.0,34.0,30.0,34.0,22.0,28.0,41.0,20.0,26.0,37.0,27.0,35.0,31.0,30.0,29.0,31.0,36.0,22.0,32.0,28.0,19.0,21.0,23.0,39.0,27.0,34.0,32.0,31.0,35.0,26.0,28.0,30.0,28.0,19.0,31.0,38.0,36.0
32.0,42.0,25.0,38.0,21.0,27.0,21.0,21.0,18.0,27.0,32.0,26.0,14.0,28.0,27.0,31.0,28.0,33.0,29.0,27.0,32.0,37.0,31.0,24.0,27.0,34.0,24.0,22.0,29.0,26.0,25.0,22.0,23.0,31.0,30.0,33.0,26.0,31.0,24.0,32.0,44.0,31.0,31.0,29.0,35.0,28.0,27.0,37.0,24.0,29.0
27.0,47.0,35.0,35.0,26.0,33.0,34.0,28.0,31.0,27.0,44.0,34.0,32.0,50.0,26.0,39.0,33.0,27.0,33.0,35.0,31.0,31.0,51.0,41.0,20.0,40.0,25.0,23.0,37.0,30.0,38.0,25.0,39.0,26.0,30.0,34.0,39.0,34.0,42.0,25.0,32.0,27.0,34.0,36.0,30.0,36.0,22.0,29.0,32.0,28.0
17.0,17.0,15.0,26.0,24.0,25.0,11.0,17.0,24.0,22.0,23.0,15.0,21.0,14.0,23.0,30.0,22.0,22.0,18.0,21.0,15.0,31.0,20.0,15.0,18.0,20.0,30.0,26.0,22.0,20.0,10.0,26.0,16.0,20.0,20.0,19.0,14.0,22.0,9.0,18.0,21.0,21.0,30.0,22.0,23.0,26.0,19.0,28.0,22.0,24.0
17.0,23.0,22.0,30.0,25.0,26.0,23.0,26.0,35.0,29.0,22.0,18.0,26.0,21.0,25.0,20.0,19.0,25.0,28.0,20.0,26.0,27.0,27.0,23.0,21.0,26.0,27.0,25.0,19.0,30.0,31.0,27.0,15.0,26.0,22.0,25.0,18.0,23.0,24.0,39.0,28.0,25.0,24.0,26.0,25.0,21.0,31.0,30.0,23.0,23.0
