10,50,1000
19.414097,16.942151,19.643872,16.348027,16.269418,15.796006,18.043214,15.564226,15.710682,16.939697
6.323725,8.088647,6.838944,8.582305,5.234954,8.403436,5.289143,5.508692,5.256692,5.119456
0.0,10.0,20.0,30.0,40.0,50.0,60.0,70.0,80.0,90.0
10.0,0.0,10.0,20.0,30.0,40.0,50.0,60.0,70.0,80.0
20.0,10.0,0.0,10.0,20.0,30.0,40.0,50.0,60.0,70.0
30.0,20.0,10.0,0.0,10.0,20.0,30.0,40.0,50.0,60.0
40.0,30.0,20.0,10.0,0.0,10.0,20.0,30.0,40.0,50.0
50.0,40.0,30.0,20.0,10.0,0.0,10.0,20.0,30.0,40.0
60.0,50.0,40.0,30.0,20.0,10.0,0.0,10.0,20.0,30.0
70.0,60.0,50.0,40.0,30.0,20.0,10.0,0.0,10.0,20.0
80.0,70.0,60.0,50.0,40.0,30.0,20.0,10.0,0.0,10.0
90.0,80.0,70.0,60.0,50.0,40.0,30.0,20.0,10.0,0.0
450.0,400.0,350.0,300.0,250.0,250.0,300.0,350.0,400.0,450.0
0.0,1.0,2.0,3.0,4.0,5.0,6.0,7.0,8.0,9.0
1.0,0.0,1.0,2.0,3.0,4.0,5.0,6.0,7.0,8.0
2.0,1.0,0.0,1.0,2.0,3.0,4.0,5.0,6.0,7.0
3.0,2.0,1.0,0.0,1.0,2.0,3.0,4.0,5.0,6.0
4.0,3.0,2.0,1.0,0.0,1.0,2.0,3.0,4.0,5.0
5.0,4.0,3.0,2.0,1.0,0.0,1.0,2.0,3.0,4.0
6.0,5.0,4.0,3.0,2.0,1.0,0.0,1.0,2.0,3.0
7.0,6.0,5.0,4.0,3.0,2.0,1.0,0.0,1.0,2.0
8.0,7.0,6.0,5.0,4.0,3.0,2.0,1.0,0.0,1.0
9.0,8.0,7.0,6.0,5.0,4.0,3.0,2.0,1.0,0.0
45.0,40.0,35.0,30.0,25.0,25.0,30.0,35.0,40.0,45.0
36.0,21.0,29.0,36.0,30.0,22.0,27.0,23.0,30.0,41.0,25.0,18.0,20.0,23.0,24.0,21.0,25.0,28.0,23.0,29.0,22.0,30.0,29.0,20.0,21.0,39.0,30.0,26.0,24.0,25.0,30.0,29.0,25.0,27.0,25.0,31.0,28.0,27.0,33.0,32.0,39.0,24.0,23.0,30.0,33.0,28.0,28.0,27.0,23.0,29.0
31.0,34.0,33.0,36.0,29.0,21.0,37.0,30.0,22.0,34.0,40.0,33.0,40.0,40.0,33.0,27.0,33.0,25.0,24.0,29.0,36.0,35.0,24.0,24.0,27.0,29.0,19.0,30.0,20.0,28.0,25.0,26.0,26.0,29.0,17.0,21.0,25.0,26.0,26.0,26.0,32.0,28.0,25.0,28.0,22.0,20.0,27.0,35.0,31.0,28.0
30.0,21.0,40.0,25.0,21.0,35.0,29.0,35.0,32.0,26.0,34.0,25.0,30.0,19.0,26.0,29.0,26.0,36.0,18.0,19.0,27.0,32.0,27.0,23.0,29.0,29.0,20.0,32.0,23.0,25.0,28.0,18.0,39.0,20.0,21.0,27.0,34.0,30.0,20.0,29.0,20.0,23.0,26.0,31.0,27.0,33.0,29.0,28.0,23.0,24.0
30.0,28.0,38.0,38.0,32.0,32.0,33.0,33.0,26.0,28.0,31.0,38.0,21.0,37.0,19.0,29.0,25.0,35.0,36.0,25.0,41.0,34.0,31.0,31.0,33.0,26.0,37.0,24.0,31.0,30.0,26.0,33.0,34.0,51.0,28.0,39.0,33.0,29.0,24.0,38.0,35.0,28.0,31.0,27.0,32.0,31.0,38.0,26.0,35.0,30.0
19.0,22.0,21.0,23.0,16.0,26.0,22.0,14.0,14.0,22.0,29.0,25.0,14.0,22.0,21.0,18.0,29.0,16.0,25.0,19.0,27.0,27.0,18.0,21.0,14.0,19.0,13.0,16.0,19.0,22.0,19.0,22.0,21.0,17.0,20.0,29.0,18.0,15.0,20.0,26.0,16.0,21.0,20.0,28.0,30.0,23.0,18.0,23.0,29.0,18.0
31.0,28.0,38.0,23.0,30.0,27.0,17.0,26.0,23.0,29.0,32.0,28.0,28.0,33.0,31.0,24.0,31.0,39.0,45.0,33.0,23.0,21.0,24.0,37.0,35.0,31.0,31.0,28.0,32.0,35.0,28.0,35.0,23.0,30.0,39.0,24.0,31.0,28.0,37.0,26.0,28.0,21.0,33.0,26.0,24.0,33.0,26.0,25.0,28.0,30.0
20.0,22.0,31.0,21.0,22.0,17.0,23.0,21.0,22.0,20.0,17.0,24.0,24.0,24.0,24.0,29.0,23.0,26.0,26.0,30.0,27.0,22.0,26.0,30.0,19.0,26.0,20.0,26.0,19.0,21.0,31.0,21.0,26.0,13.0,27.0,15.0,18.0,24.0,27.0,23.0,27.0,24.0,27.0,22.0,28.0,18.0,19.0,24.0,22.0,22.0
23.0,24.0,20.0,23.0,31.0,20.0,21.0,23.0,15.0,35.0,23.0,19.0,18.0,22.0,25.0,18.0,26.0,27.0,23.0,22.0,17.0,22.0,22.0,25.0,18.0,15.0,26.0,31.0,19.0,26.0,24.0,25.0,19.0,26.0,23.0,15.0,29.0,21.0,27.0,24.0,26.0,21.0,21.0,19.0,23.0,17.0,13.0,21.0,25.0,25.0
19.0,22.0,28.0,14.0,18.0,24.0,17.0,25.0,19.0,23.0,20.0,16.0,26.0,26.0,17.0,20.0,20.0,18.0,18.0,18.0,24.0,17.0,22.0,17.0,19.0,28.0,22.0,19.0,22.0,15.0,20.0,24.0,24.0,17.0,19.0,21.0,27.0,19.0,31.0,20.0,19.0,17.0,10.0,24.0,27.0,21.0,20.0,19.0,21.0,24.0
24.0,25.0,16.0,18.0,17.0,24.0,26.0,22.0,19.0,22.0,23.0,25.0,16.0,19.0,26.0,18.0,17.0,16.0,25.0,19.0,21.0,21.0,24.0,25.0,23.0,19.0,27.0,20.0,24.0,30.0,17.0,14.0,16.0,16.0,22.0,19.0,18.0,19.0,16.0,31.0,22.0,26.0,26.0,17.0,22.0,16.0,18.0,22.0,19.0,22.0
