10,50,1000
18.704296,16.11628,19.319274,16.593747,17.95369,16.793314,15.984748,19.751777,16.594961,15.514591
5.387964,7.649906,5.254442,9.934981,9.663705,8.621586,5.774888,9.292853,7.817443,9.711754
0.0,10.0,20.0,30.0,40.0,50.0,60.0,70.0,80.0,90.0
10.0,0.0,10.0,20.0,30.0,40.0,50.0,60.0,70.0,80.0
20.0,10.0,0.0,10.0,20.0,30.0,40.0,50.0,60.0,70.0
30.0,20.0,10.0,0.0,10.0,20.0,30.0,40.0,50.0,60.0
40.0,30.0,20.0,10.0,0.0,10.0,20.0,30.0,40.0,50.0
50.0,40.0,30.0,20.0,10.0,0.0,10.0,20.0,30.0,40.0
60.0,50.0,40.0,30.0,20.0,10.0,0.0,10.0,20.0,30.0
70.0,60.0,50.0,40.0,30.0,20.0,10.0,0.0,10.0,20.0
80.0,70.0,60.0,50.0,40.0,30.0,20.0,10.0,0.0,10.0
90.0,80.0,70.0,60.0,50.0,40.0,30.0,20.0,10.0,0.0
450.0,400.0,350.0,300.0,250.0,250.0,300.0,350.0,400.0,450.0
0.0,1.0,2.0,3.0,4.0,5.0,6.0,7.0,8.0,9.0
1.0,0.0,1.0,2.0,3.0,4.0,5.0,6.0,7.0,8.0
2.0,1.0,0.0,1.0,2.0,3.0,4.0,5.0,6.0,7.0
3.0,2.0,1.0,0.0,1.0,2.0,3.0,4.0,5.0,6.0
4.0,3.0,2.0,1.0,0.0,1.0,2.0,3.0,4.0,5.0
5.0,4.0,3.0,2.0,1.0,0.0,1.0,2.0,3.0,4.0
6.0,5.0,4.0,3.0,2.0,1.0,0.0,1.0,2.0,3.0
7.0,6.0,5.0,4.0,3.0,2.0,1.0,0.0,1.0,2.0
8.0,7.0,6.0,5.0,4.0,3.0,2.0,1.0,0.0,1.0
9.0,8.0,7.0,6.0,5.0,4.0,3.0,2.0,1.0,0.0
45.0,40.0,35.0,30.0,25.0,25.0,30.0,35.0,40.0,45.0
23.0,30.0,22.0,22.0,27.0,22.0,13.0,28.0,20.0,29.0,22.0,19.0,22.0,22.0,17.0,18.0,30.0,29.0,15.0,30.0,21.0,24.0,27.0,22.0,23.0,20.0,24.0,19.0,27.0,22.0,19.0,27.0,12.0,15.0,30.0,22.0,22.0,17.0,27.0,25.0,22.0,20.0,18.0,17.0,19.0,13.0,27.0,26.0,29.0,28.0
36.0,33.0,31.0,30.0,21.0,25.0,34.0,29.0,37.0,21.0,31.0,31.0,39.0,34.0,24.0,24.0,35.0,26.0,26.0,25.0,31.0,33.0,25.0,36.0,37.0,29.0,18.0,26.0,35.0,37.0,33.0,26.0,23.0,21.0,26.0,26.0,34.0,32.0,32.0,24.0,28.0,27.0,33.0,23.0,27.0,34.0,26.0,29.0,25.0,34.0
18.0,17.0,17.0,27.0,22.0,15.0,19.0,17.0,19.0,17.0,26.0,20.0,19.0,20.0,20.0,27.0,13.0,27.0,23.0,20.0,24.0,30.0,24.0,21.0,29.0,24.0,31.0,24.0,17.0,19.0,22.0,23.0,20.0,16.0,21.0,15.0,22.0,26.0,34.0,15.0,26.0,18.0,25.0,23.0,15.0,20.0,20.0,19.0,21.0,15.0
44.0,33.0,38.0,29.0,44.0,37.0,36.0,38.0,27.0,33.0,49.0,38.0,31.0,33.0,39.0,36.0,38.0,39.0,36.0,38.0,31.0,38.0,51.0,47.0,34.0,31.0,31.0,34.0,37.0,22.0,40.0,32.0,33.0,32.0,42.0,38.0,39.0,30.0,27.0,37.0,46.0,31.0,40.0,38.0,25.0,38.0,47.0,36.0,35.0,46.0
26.0,36.0,29.0,34.0,37.0,37.0,37.0,34.0,37.0,44.0,48.0,30.0,38.0,38.0,36.0,40.0,36.0,32.0,35.0,35.0,40.0,37.0,36.0,35.0,51.0,37.0,36.0,36.0,33.0,41.0,45.0,41.0,45.0,43.0,29.0,35.0,33.0,36.0,35.0,44.0,41.0,32.0,33.0,42.0,36.0,37.0,39.0,45.0,36.0,40.0
46.0,42.0,23.0,33.0,30.0,32.0,42.0,40.0,33.0,29.0,28.0,38.0,29.0,32.0,31.0,34.0,41.0,30.0,35.0,28.0,27.0,22.0,26.0,32.0,28.0,32.0,30.0,39.0,35.0,30.0,35.0,30.0,30.0,36.0,31.0,32.0,36.0,37.0,30.0,29.0,33.0,29.0,43.0,27.0,41.0,34.0,35.0,30.0,39.0,43.0
24.0,19.0,36.0,24.0,28.0,20.0,23.0,26.0,28.0,30.0,23.0,22.0,16.0,22.0,24.0,24.0,16.0,22.0,20.0,15.0,26.0,20.0,18.0,21.0,25.0,29.0,24.0,26.0,31.0,26.0,27.0,26.0,19.0,27.0,27.0,22.0,18.0,19.0,13.0,23.0,17.0,22.0,28.0,19.0,31.0,16.0,18.0,24.0,25.0,26.0
40.0,28.0,47.0,32.0,45.0,42.0,35.0,33.0,42.0,25.0,34.0,25.0,34.0,33.0,35.0,32.0,33.0,28.0,40.0,41.0,38.0,31.0,33.0,31.0,36.0,36.0,37.0,30.0,33.0,36.0,40.0,34.0,25.0,47.0,34.0,36.0,44.0,30.0,30.0,26.0,28.0,37.0,42.0,41.0,33.0,37.0,41.0,36.0,42.0,32.0
33.0,30.0,30.0,27.0,23.0,26.0,28.0,32.0,19.0,41.0,24.0,23.0,25.0,40.0,32.0,31.0,35.0,24.0,27.0,30.0,29.0,39.0,28.0,22.0,28.0,34.0,34.0,35.0,28.0,28.0,33.0,36.0,26.0,27.0,22.0,30.0,28.0,17.0,30.0,27.0,30.0,36.0,32.0,32.0,27.0,32.0,24.0,25.0,34.0,28.0
39.0,33.0,27.0,42.0,30.0,26.0,32.0,36.0,30.0,38.0,39.0,37.0,40.0,34.0,33.0,37.0,35.0,30.0,35.0,40.0,45.0,35.0,45.0,38.0,52.0,29.0,41.0,33.0,27.0,22.0,39.0,40.0,30.0,30.0,38.0,31.0,38.0,29.0,24.0,31.0,30.0,25.0,46.0,37.0,44.0,31.0,38.0,35.0,30.0,37.0
