10,50,1000
19.840042,18.343954,17.08913,18.437095,15.841152,19.075483,16.504665,19.358801,19.965329,19.848317
9.872954,8.794815,9.176767,9.313761,9.310319,6.597207,9.131746,7.880208,7.273428,8.72588
0.0,10.0,20.0,30.0,40.0,50.0,60.0,70.0,80.0,90.0
10.0,0.0,10.0,20.0,30.0,40.0,50.0,60.0,70.0,80.0
20.0,10.0,0.0,10.0,20.0,30.0,40.0,50.0,60.0,70.0
30.0,20.0,10.0,0.0,10.0,20.0,30.0,40.0,50.0,60.0
40.0,30.0,20.0,10.0,0.0,10.0,20.0,30.0,40.0,50.0
50.0,40.0,30.0,20.0,10.0,0.0,10.0,20.0,30.0,40.0
60.0,50.0,40.0,30.0,20.0,10.0,0.0,10.0,20.0,30.0
70.0,60.0,50.0,40.0,30.0,20.0,10.0,0.0,10.0,20.0
80.0,70.0,60.0,50.0,40.0,30.0,20.0,10.0,0.0,10.0
90.0,80.0,70.0,60.0,50.0,40.0,30.0,20.0,10.0,0.0
450.0,400.0,350.0,300.0,250.0,250.0,300.0,350.0,400.0,450.0
0.0,1.0,2.0,3.0,4.0,5.0,6.0,7.0,8.0,9.0
1.0,0.0,1.0,2.0,3.0,4.0,5.0,6.0,7.0,8.0
2.0,1.0,0.0,1.0,2.0,3.0,4.0,5.0,6.0,7.0
3.0,2.0,1.0,0.0,1.0,2.0,3.0,4.0,5.0,6.0
4.0,3.0,2.0,1.0,0.0,1.0,2.0,3.0,4.0,5.0
5.0,4.0,3.0,2.0,1.0,0.0,1.0,2.0,3.0,4.0
6.0,5.0,4.0,3.0,2.0,1.0,0.0,1.0,2.0,3.0
7.0,6.0,5.0,4.0,3.0,2.0,1.0,0.0,1.0,2.0
8.0,7.0,6.0,5.0,4.0,3.0,2.0,1.0,0.0,1.0
9.0,8.0,7.0,6.0,5.0,4.0,3.0,2.0,1.0,0.0
45.0,40.0,35.0,30.0,25.0,25.0,30.0,35.0,40.0,45.0
30.0,51.0,36.0,42.0,44.0,33.0,42.0,29.0,38.0,32.0,32.0,35.0,27.0,38.0,41.0,39.0,37.0,30.0,40.0,30.0,31.0,45.0,33.0,45.0,35.0,29.0,42.0,39.0,29.0,42.0,33.0,34.0,37.0,32.0,39.0,26.0,48.0,33.0,33.0,31.0,31.0,39.0,34.0,32.0,34.0,38.0,30.0,34.0,39.0,34.0
35.0,30.0,27.0,45.0,35.0,26.0,37.0,43.0,37.0,40.0,34.0,39.0,29.0,36.0,31.0,26.0,35.0,29.0,24.0,28.0,29.0,30.0,26.0,40.0,34.0,35.0,38.0,39.0,31.0,39.0,29.0,33.0,24.0,23.0,31.0,30.0,30.0,37.0,25.0,27.0,26.0,33.0,37.0,30.0,35.0,35.0,26.0,32.0,26.0,30.0
37.0,34.0,32.0,28.0,33.0,30.0,44.0,28.0,37.0,46.0,34.0,36.0,28.0,36.0,34.0,28.0,36.0,42.0,33.0,30.0,36.0,40.0,28.0,32.0,29.0,40.0,37.0,44.0,23.0,39.0,33.0,32.0,27.0,34.0,34.0,39.0,33.0,35.0,32.0,26.0,35.0,36.0,25.0,27.0,41.0,39.0,37.0,30.0,46.0,27.0
37.0,38.0,42.0,31.0,40.0,34.0,34.0,33.0,36.0,31.0,43.0,28.0,33.0,50.0,38.0,36.0,28.0,31.0,42.0,35.0,26.0,45.0,34.0,30.0,29.0,35.0,35.0,32.0,31.0,26.0,28.0,38.0,40.0,25.0,35.0,24.0,26.0,35.0,30.0,34.0,42.0,29.0,33.0,30.0,38.0,34.0,31.0,35.0,39.0,39.0
32.0,37.0,25.0,29.0,45.0,31.0,38.0,34.0,31.0,33.0,31.0,34.0,31.0,28.0,38.0,39.0,30.0,39.0,40.0,40.0,41.0,35.0,28.0,34.0,37.0,40.0,37.0,34.0,40.0,32.0,33.0,31.0,40.0,46.0,38.0,32.0,32.0,41.0,38.0,30.0,37.0,32.0,30.0,34.0,37.0,34.0,33.0,41.0,42.0,41.0
34.0,25.0,30.0,25.0,28.0,30.0,29.0,31.0,30.0,27.0,23.0,26.0,30.0,26.0,33.0,26.0,23.0,23.0,27.0,23.0,20.0,30.0,24.0,25.0,29.0,26.0,25.0,20.0,22.0,25.0,28.0,25.0,24.0,26.0,25.0,28.0,24.0,29.0,25.0,24.0,28.0,24.0,35.0,14.0,22.0,23.0,24.0,22.0,22.0,30.0
30.0,45.0,34.0,31.0,36.0,43.0,34.0,19.0,33.0,26.0,32.0,31.0,30.0,36.0,39.0,38.0,38.0,32.0,32.0,40.0,36.0,37.0,34.0,27.0,31.0,30.0,41.0,30.0,29.0,38.0,25.0,37.0,18.0,24.0,37.0,33.0,45.0,39.0,43.0,38.0,27.0,30.0,29.0,28.0,33.0,30.0,35.0,37.0,24.0,31.0
29.0,36.0,32.0,26.0,33.0,45.0,28.0,31.0,44.0,23.0,31.0,29.0,32.0,34.0,41.0,25.0,20.0,40.0,33.0,40.0,21.0,37.0,25.0,23.0,36.0,36.0,24.0,39.0,29.0,33.0,31.0,34.0,35.0,40.0,33.0,36.0,34.0,30.0,38.0,24.0,29.0,28.0,34.0,35.0,43.0,41.0,41.0,30.0,30.0,34.0
25.0,28.0,36.0,40.0,30.0,36.0,28.0,27.0,23.0,29.0,27.0,34.0,26.0,29.0,30.0,17.0,29.0,25.0,20.0,36.0,22.0,31.0,35.0,39.0,39.0,28.0,38.0,34.0,32.0,31.0,20.0,34.0,26.0,34.0,25.0,30.0,28.0,29.0,26.0,42.0,28.0,26.0,34.0,27.0,28.0,34.0,29.0,15.0,39.0,35.0
32.0,35.0,31.0,43.0,35.0,29.0,42.0,32.0,34.0,35.0,33.0,31.0,30.0,27.0,34.0,32.0,37.0,38.0,34.0,29.0,36.0,33.0,31.0,27.0,37.0,33.0,37.0,30.0,35.0,45.0,33.0,25.0,38.0,29.0,37.0,26.0,29.0,32.0,42.0,30.0,35.0,36.0,40.0,34.0,21.0,47.0,31.0,40.0,38.0,34.0
