10,50,1000
18.755807,16.916312,19.994351,16.054559,15.711702,17.363652,16.272671,16.744292,15.709755,15.070812
7.686925,7.148459,5.615725,5.534827,5.988714,9.423181,9.175036,5.306013,9.659538,9.992679
0.0,10.0,20.0,30.0,40.0,50.0,60.0,70.0,80.0,90.0
10.0,0.0,10.0,20.0,30.0,40.0,50.0,60.0,70.0,80.0
20.0,10.0,0.0,10.0,20.0,30.0,40.0,50.0,60.0,70.0
30.0,20.0,10.0,0.0,10.0,20.0,30.0,40.0,50.0,60.0
40.0,30.0,20.0,10.0,0.0,10.0,20.0,30.0,40.0,50.0
50.0,40.0,30.0,20.0,10.0,0.0,10.0,20.0,30.0,40.0
60.0,50.0,40.0,30.0,20.0,10.0,0.0,10.0,20.0,30.0
70.0,60.0,50.0,40.0,30.0,20.0,10.0,0.0,10.0,20.0
80.0,70.0,60.0,50.0,40.0,30.0,20.0,10.0,0.0,10.0
90.0,80.0,70.0,60.0,50.0,40.0,30.0,20.0,10.0,0.0
450.0,400.0,350.0,300.0,250.0,250.0,300.0,350.0,400.0,450.0
0.0,1.0,2.0,3.0,4.0,5.0,6.0,7.0,8.0,9.0
1.0,0.0,1.0,2.0,3.0,4.0,5.0,6.0,7.0,8.0
2.0,1.0,0.0,1.0,2.0,3.0,4.0,5.0,6.0,7.0
3.0,2.0,1.0,0.0,1.0,2.0,3.0,4.0,5.0,6.0
4.0,3.0,2.0,1.0,0.0,1.0,2.0,3.0,4.0,5.0
5.0,4.0,3.0,2.0,1.0,0.0,1.0,2.0,3.0,4.0
6.0,5.0,4.0,3.0,2.0,1.0,0.0,1.0,2.0,3.0
7.0,6.0,5.0,4.0,3.0,2.0,1.0,0.0,1.0,2.0
8.0,7.0,6.0,5.0,4.0,3.0,2.0,1.0,0.0,1.0
9.0,8.0,7.0,6.0,5.0,4.0,3.0,2.0,1.0,0.0
45.0,40.0,35.0,30.0,25.0,25.0,30.0,35.0,40.0,45.0
28.0,33.0,31.0,30.0,26.0,32.0,36.0,40.0,32.0,26.0,26.0,23.0,26.0,29.0,22.0,37.0,25.0,30.0,34.0,31.0,28.0,37.0,33.0,36.0,33.0,34.0,32.0,31.0,29.0,25.0,38.0,39.0,15.0,22.0,32.0,26.0,28.0,31.0,27.0,29.0,30.0,41.0,32.0,25.0,31.0,27.0,28.0,34.0,32.0,18.0
30.0,31.0,29.0,32.0,24.0,31.0,28.0,27.0,19.0,26.0,30.0,24.0,25.0,31.0,20.0,18.0,30.0,25.0,19.0,30.0,17.0,31.0,27.0,23.0,27.0,23.0,23.0,27.0,27.0,22.0,26.0,30.0,26.0,31.0,23.0,24.0,20.0,15.0,24.0,18.0,33.0,28.0,37.0,33.0,30.0,26.0,35.0,21.0,23.0,29.0
34.0,22.0,21.0,20.0,11.0,27.0,26.0,30.0,27.0,27.0,29.0,18.0,25.0,17.0,25.0,18.0,31.0,34.0,25.0,23.0,21.0,23.0,24.0,23.0,27.0,25.0,23.0,29.0,26.0,21.0,18.0,23.0,28.0,25.0,27.0,21.0,21.0,26.0,24.0,21.0,20.0,24.0,20.0,18.0,32.0,28.0,21.0,30.0,20.0,20.0
22.0,21.0,22.0,30.0,20.0,19.0,15.0,17.0,19.0,16.0,20.0,18.0,17.0,16.0,23.0,22.0,24.0,23.0,19.0,21.0,27.0,20.0,17.0,17.0,24.0,23.0,17.0,13.0,19.0,27.0,25.0,20.0,17.0,20.0,26.0,21.0,24.0,16.0,26.0,27.0,38.0,23.0,21.0,28.0,18.0,22.0,22.0,28.0,17.0,24.0
25.0,16.0,12.0,22.0,17.0,25.0,17.0,28.0,29.0,15.0,31.0,26.0,21.0,26.0,20.0,21.0,21.0,19.0,24.0,21.0,25.0,28.0,21.0,21.0,20.0,29.0,26.0,29.0,21.0,21.0,29.0,23.0,25.0,22.0,17.0,20.0,20.0,25.0,18.0,16.0,20.0,26.0,15.0,18.0,21.0,16.0,20.0,21.0,32.0,26.0
27.0,39.0,37.0,29.0,32.0,29.0,39.0,37.0,36.0,36.0,29.0,27.0,44.0,28.0,35.0,44.0,26.0,32.0,31.0,41.0,34.0,38.0,43.0,39.0,34.0,25.0,41.0,35.0,40.0,43.0,37.0,31.0,41.0,42.0,33.0,40.0,51.0,35.0,45.0,29.0,45.0,27.0,30.0,40.0,28.0,22.0,26.0,36.0,38.0,29.0
34.0,33.0,27.0,36.0,29.0,31.0,32.0,29.0,38.0,35.0,24.0,28.0,34.0,35.0,35.0,36.0,32.0,36.0,35.0,28.0,37.0,24.0,41.0,44.0,32.0,44.0,40.0,35.0,40.0,29.0,33.0,36.0,40.0,39.0,40.0,33.0,36.0,31.0,35.0,33.0,31.0,23.0,37.0,43.0,28.0,23.0,30.0,33.0,38.0,36.0
18.0,24.0,23.0,24.0,22.0,18.0,22.0,19.0,25.0,21.0,27.0,17.0,16.0,24.0,25.0,25.0,29.0,20.0,29.0,22.0,18.0,24.0,20.0,25.0,24.0,23.0,22.0,25.0,22.0,19.0,21.0,20.0,18.0,21.0,24.0,19.0,19.0,28.0,19.0,32.0,20.0,21.0,18.0,17.0,23.0,15.0,27.0,17.0,20.0,31.0
36.0,37.0,36.0,31.0,34.0,36.0,36.0,33.0,48.0,44.0,28.0,31.0,38.0,38.0,39.0,29.0,34.0,33.0,35.0,30.0,32.0,30.0,34.0,36.0,37.0,35.0,38.0,33.0,30.0,27.0,40.0,28.0,31.0,36.0,34.0,37.0,29.0,29.0,40.0,26.0,34.0,36.0,37.0,37.0,41.0,44.0,32.0,36.0,38.0,27.0
27.0,34.0,35.0,37.0,29.0,32.0,57.0,36.0,31.0,39.0,31.0,29.0,33.0,44.0,42.0,40.0,33.0,39.0,41.0,37.0,40.0,49.0,38.0,35.0,37.0,37.0,35.0,26.0,39.0,30.0,35.0,24.0,45.0,30.0,31.0,39.0,32.0,48.0,38.0,35.0,45.0,41.0,34.0,39.0,35.0,33.0,42.0,40.0,36.0,40.0
