10,50,1000
19.719796,16.22243,18.91091,16.73129,19.612779,16.843471,17.486714,19.112055,17.111235,18.649154
9.384718,8.619212,7.848903,5.61054,8.684267,5.865441,5.16486,5.953045,8.64647,8.064017
0.0,10.0,20.0,30.0,40.0,50.0,60.0,70.0,80.0,90.0
10.0,0.0,10.0,20.0,30.0,40.0,50.0,60.0,70.0,80.0
20.0,10.0,0.0,10.0,20.0,30.0,40.0,50.0,60.0,70.0
30.0,20.0,10.0,0.0,10.0,20.0,30.0,40.0,50.0,60.0
40.0,30.0,20.0,10.0,0.0,10.0,20.0,30.0,40.0,50.0
50.0,40.0,30.0,20.0,10.0,0.0,10.0,20.0,30.0,40.0
60.0,50.0,40.0,30.0,20.0,10.0,0.0,10.0,20.0,30.0
70.0,60.0,50.0,40.0,30.0,20.0,10.0,0.0,10.0,20.0
80.0,70.0,60.0,50.0,40.0,30.0,20.0,10.0,0.0,10.0
90.0,80.0,70.0,60.0,50.0,40.0,30.0,20.0,10.0,0.0
450.0,400.0,350.0,300.0,250.0,250.0,300.0,350.0,400.0,450.0
0.0,1.0,2.0,3.0,4.0,5.0,6.0,7.0,8.0,9.0
1.0,0.0,1.0,2.0,3.0,4.0,5.0,6.0,7.0,8.0
2.0,1.0,0.0,1.0,2.0,3.0,4.0,5.0,6.0,7.0
3.0,2.0,1.0,0.0,1.0,2.0,3.0,4.0,5.0,6.0
4.0,3.0,2.0,1.0,0.0,1.0,2.0,3.0,4.0,5.0
5.0,4.0,3.0,2.0,1.0,0.0,1.0,2.0,3.0,4.0
6.0,5.0,4.0,3.0,2.0,1.0,0.0,1.0,2.0,3.0
7.0,6.0,5.0,4.0,3.0,2.0,1.0,0.0,1.0,2.0
8.0,7.0,6.0,5.0,4.0,3.0,2.0,1.0,0.0,1.0
9.0,8.0,7.0,6.0,5.0,4.0,3.0,2.0,1.0,0.0
45.0,40.0,35.0,30.0,25.0,25.0,30.0,35.0,40.0,45.0
39.0,24.0,42.0,29.0,38.0,42.0,38.0,30.0,41.0,35.0,44.0,30.0,32.0,36.0,37.0,36.0,35.0,38.0,27.0,37.0,35.0,34.0,33.0,44.0,32.0,25.0,34.0,39.0,44.0,44.0,41.0,33.0,41.0,37.0,49.0,35.0,27.0,36.0,36.0,30.0,30.0,26.0,32.0,28.0,29.0,35.0,35.0,42.0,24.0,27.0
33.0,25.0,26.0,28.0,30.0,27.0,28.0,29.0,31.0,34.0,27.0,23.0,36.0,29.0,27.0,30.0,34.0,37.0,32.0,29.0,31.0,32.0,23.0,30.0,44.0,40.0,31.0,34.0,36.0,35.0,29.0,29.0,31.0,33.0,29.0,33.0,28.0,29.0,32.0,39.0,41.0,23.0,34.0,43.0,28.0,26.0,33.0,31.0,29.0,35.0
32.0,22.0,24.0,30.0,29.0,37.0,26.0,37.0,30.0,20.0,23.0,36.0,25.0,32.0,30.0,21.0,30.0,33.0,29.0,33.0,25.0,39.0,25.0,26.0,32.0,37.0,32.0,35.0,39.0,31.0,40.0,33.0,30.0,26.0,26.0,28.0,22.0,28.0,34.0,27.0,40.0,35.0,21.0,40.0,23.0,28.0,23.0,34.0,30.0,33.0
24.0,21.0,19.0,20.0,25.0,22.0,16.0,28.0,16.0,24.0,21.0,17.0,37.0,26.0,18.0,19.0,22.0,21.0,32.0,18.0,27.0,24.0,22.0,25.0,24.0,26.0,22.0,23.0,29.0,30.0,21.0,24.0,21.0,25.0,27.0,17.0,17.0,18.0,20.0,23.0,22.0,27.0,26.0,17.0,22.0,24.0,21.0,26.0,23.0,20.0
40.0,32.0,31.0,35.0,41.0,36.0,28.0,42.0,29.0,33.0,25.0,32.0,44.0,36.0,49.0,31.0,34.0,31.0,28.0,24.0,31.0,31.0,33.0,21.0,37.0,34.0,34.0,36.0,32.0,30.0,36.0,29.0,39.0,31.0,37.0,30.0,32.0,20.0,43.0,36.0,42.0,37.0,35.0,32.0,40.0,30.0,32.0,31.0,31.0,42.0
24.0,21.0,24.0,23.0,21.0,19.0,22.0,31.0,15.0,20.0,20.0,28.0,26.0,37.0,28.0,21.0,16.0,19.0,31.0,16.0,22.0,24.0,27.0,14.0,21.0,20.0,25.0,22.0,20.0,23.0,23.0,22.0,26.0,21.0,21.0,25.0,22.0,15.0,36.0,33.0,24.0,20.0,24.0,18.0,27.0,20.0,37.0,25.0,20.0,25.0
17.0,21.0,18.0,24.0,26.0,19.0,22.0,31.0,29.0,16.0,21.0,19.0,20.0,19.0,26.0,29.0,22.0,25.0,16.0,21.0,21.0,17.0,25.0,19.0,25.0,21.0,18.0,19.0,23.0,26.0,21.0,27.0,27.0,18.0,18.0,15.0,17.0,24.0,24.0,32.0,17.0,22.0,27.0,20.0,20.0,32.0,23.0,18.0,22.0,11.0
25.0,22.0,27.0,24.0,33.0,18.0,22.0,20.0,25.0,19.0,25.0,22.0,32.0,28.0,20.0,20.0,29.0,22.0,24.0,33.0,22.0,26.0,27.0,16.0,22.0,26.0,20.0,21.0,22.0,26.0,30.0,19.0,32.0,19.0,31.0,28.0,21.0,32.0,19.0,22.0,19.0,30.0,22.0,25.0,26.0,24.0,22.0,21.0,26.0,33.0
28.0,24.0,31.0,20.0,41.0,35.0,38.0,26.0,35.0,25.0,37.0,27.0,31.0,41.0,29.0,32.0,29.0,27.0,27.0,25.0,28.0,24.0,25.0,40.0,30.0,36.0,31.0,22.0,22.0,28.0,31.0,31.0,31.0,28.0,35.0,35.0,30.0,31.0,38.0,31.0,29.0,29.0,26.0,25.0,40.0,41.0,27.0,30.0,35.0,33.0
31.0,31.0,28.0,29.0,26.0,23.0,25.0,40.0,32.0,31.0,32.0,25.0,33.0,33.0,33.0,30.0,22.0,24.0,32.0,19.0,33.0,25.0,21.0,35.0,35.0,26.0,23.0,37.0,39.0,29.0,33.0,27.0,35.0,32.0,50.0,38.0,30.0,30.0,23.0,29.0,38.0,35.0,35.0,34.0,29.0,36.0,32.0,31.0,44.0,26.0
