10,50,1000
17.175911,16.103962,16.879313,17.896564,16.750566,19.848378,16.078608,19.67474,17.178462,18.914495
6.994996,9.2177,6.205553,7.800707,5.459271,5.263129,6.797198,5.60498,5.346429,6.838615
0.0,10.0,20.0,30.0,40.0,50.0,60.0,70.0,80.0,90.0
10.0,0.0,10.0,20.0,30.0,40.0,50.0,60.0,70.0,80.0
20.0,10.0,0.0,10.0,20.0,30.0,40.0,50.0,60.0,70.0
30.0,20.0,10.0,0.0,10.0,20.0,30.0,40.0,50.0,60.0
40.0,30.0,20.0,10.0,0.0,10.0,20.0,30.0,40.0,50.0
50.0,40.0,30.0,20.0,10.0,0.0,10.0,20.0,30.0,40.0
60.0,50.0,40.0,30.0,20.0,10.0,0.0,10.0,20.0,30.0
70.0,60.0,50.0,40.0,30.0,20.0,10.0,0.0,10.0,20.0
80.0,70.0,60.0,50.0,40.0,30.0,20.0,10.0,0.0,10.0
90.0,80.0,70.0,60.0,50.0,40.0,30.0,20.0,10.0,0.0
450.0,400.0,350.0,300.0,250.0,250.0,300.0,350.0,400.0,450.0
0.0,1.0,2.0,3.0,4.0,5.0,6.0,7.0,8.0,9.0
1.0,0.0,1.0,2.0,3.0,4.0,5.0,6.0,7.0,8.0
2.0,1.0,0.0,1.0,2.0,3.0,4.0,5.0,6.0,7.0
3.0,2.0,1.0,0.0,1.0,2.0,3.0,4.0,5.0,6.0
4.0,3.0,2.0,1.0,0.0,1.0,2.0,3.0,4.0,5.0
5.0,4.0,3.0,2.0,1.0,0.0,1.0,2.0,3.0,4.0
6.0,5.0,4.0,3.0,2.0,1.0,0.0,1.0,2.0,3.0
7.0,6.0,5.0,4.0,3.0,2.0,1.0,0.0,1.0,2.0
8.0,7.0,6.0,5.0,4.0,3.0,2.0,1.0,0.0,1.0
9.0,8.0,7.0,6.0,5.0,4.0,3.0,2.0,1.0,0.0
45.0,40.0,35.0,30.0,25.0,25.0,30.0,35.0,40.0,45.0
27.0,27.0,31.0,43.0,27.0,28.0,25.0,25.0,22.0,24.0,28.0,38.0,23.0,23.0,30.0,30.0,31.0,25.0,23.0,28.0,26.0,30.0,27.0,24.0,35.0,26.0,22.0,29.0,24.0,20.0,35.0,28.0,28.0,20.0,23.0,18.0,19.0,19.0,33.0,31.0,27.0,27.0,37.0,24.0,29.0,21.0,30.0,19.0,21.0,25.0
39.0,37.0,23.0,34.0,46.0,34.0,32.0,33.0,34.0,29.0,35.0,31.0,44.0,37.0,34.0,31.0,35.0,34.0,40.0,45.0,16.0,37.0,34.0,33.0,34.0,31.0,34.0,33.0,41.0,24.0,35.0,47.0,31.0,25.0,35.0,32.0,35.0,28.0,28.0,31.0,28.0,29.0,29.0,39.0,36.0,37.0,37.0,33.0,31.0,26.0
21.0,34.0,20.0,22.0,23.0,27.0,22.0,26.0,15.0,20.0,18.0,24.0,19.0,22.0,23.0,28.0,26.0,22.0,20.0,25.0,28.0,23.0,19.0,22.0,15.0,24.0,19.0,22.0,25.0,17.0,30.0,30.0,41.0,23.0,19.0,28.0,23.0,19.0,26.0,29.0,29.0,27.0,33.0,24.0,23.0,28.0,38.0,22.0,13.0,27.0
25.0,29.0,28.0,26.0,34.0,29.0,31.0,28.0,25.0,28.0,25.0,34.0,43.0,29.0,31.0,43.0,29.0,32.0,23.0,29.0,34.0,23.0,29.0,22.0,37.0,36.0,33.0,26.0,30.0,33.0,32.0,26.0,42.0,31.0,30.0,24.0,32.0,31.0,23.0,31.0,39.0,25.0,30.0,27.0,23.0,26.0,32.0,27.0,34.0,29.0
24.0,17.0,22.0,22.0,21.0,23.0,24.0,22.0,22.0,19.0,19.0,11.0,22.0,25.0,21.0,22.0,24.0,18.0,21.0,27.0,18.0,17.0,34.0,21.0,21.0,29.0,30.0,30.0,20.0,15.0,29.0,25.0,20.0,26.0,29.0,18.0,21.0,20.0,18.0,21.0,26.0,33.0,19.0,17.0,26.0,23.0,20.0,27.0,23.0,17.0
18.0,26.0,21.0,31.0,17.0,23.0,24.0,20.0,18.0,26.0,17.0,25.0,30.0,29.0,20.0,11.0,11.0,19.0,20.0,19.0,20.0,24.0,22.0,33.0,22.0,24.0,19.0,20.0,21.0,17.0,26.0,15.0,24.0,23.0,30.0,25.0,24.0,30.0,24.0,18.0,22.0,15.0,31.0,23.0,16.0,14.0,24.0,15.0,20.0,18.0
21.0,28.0,19.0,24.0,28.0,36.0,29.0,22.0,31.0,22.0,31.0,23.0,28.0,21.0,31.0,20.0,20.0,22.0,25.0,34.0,21.0,30.0,20.0,31.0,38.0,28.0,31.0,27.0,17.0,25.0,22.0,23.0,35.0,27.0,28.0,35.0,33.0,29.0,36.0,27.0,25.0,17.0,14.0,28.0,17.0,27.0,23.0,29.0,21.0,27.0
29.0,30.0,23.0,18.0,25.0,20.0,27.0,29.0,25.0,34.0,23.0,24.0,29.0,18.0,21.0,29.0,20.0,16.0,17.0,22.0,20.0,22.0,22.0,23.0,26.0,36.0,20.0,16.0,23.0,29.0,28.0,25.0,24.0,28.0,23.0,24.0,18.0,19.0,27.0,28.0,22.0,20.0,23.0,22.0,25.0,22.0,32.0,25.0,19.0,16.0
21.0,20.0,26.0,18.0,30.0,20.0,22.0,18.0,23.0,22.0,20.0,18.0,20.0,23.0,23.0,26.0,29.0,16.0,25.0,18.0,27.0,33.0,19.0,21.0,19.0,24.0,19.0,24.0,24.0,24.0,25.0,17.0,23.0,25.0,16.0,25.0,15.0,18.0,15.0,26.0,32.0,25.0,27.0,21.0,23.0,17.0,15.0,19.0,26.0,16.0
25.0,27.0,30.0,31.0,25.0,26.0,19.0,18.0,34.0,24.0,24.0,26.0,31.0,23.0,31.0,26.0,19.0,31.0,29.0,28.0,16.0,29.0,17.0,24.0,27.0,22.0,32.0,29.0,25.0,34.0,25.0,30.0,23.0,21.0,28.0,30.0,24.0,31.0,28.0,24.0,31.0,26.0,20.0,14.0,17.0,23.0,25.0,33.0,29.0,30.0
