10,50,1000
18.466275,17.227006,18.23195,17.450686,18.490345,19.700894,16.596566,17.654024,18.368848,18.06773
8.340263,5.151102,9.666656,8.969548,6.366084,6.393546,7.093579,5.935344,5.904752,5.657925
0.0,10.0,20.0,30.0,40.0,50.0,60.0,70.0,80.0,90.0
10.0,0.0,10.0,20.0,30.0,40.0,50.0,60.0,70.0,80.0
20.0,10.0,0.0,10.0,20.0,30.0,40.0,50.0,60.0,70.0
30.0,20.0,10.0,0.0,10.0,20.0,30.0,40.0,50.0,60.0
40.0,30.0,20.0,10.0,0.0,10.0,20.0,30.0,40.0,50.0
50.0,40.0,30.0,20.0,10.0,0.0,10.0,20.0,30.0,40.0
60.0,50.0,40.0,30.0,20.0,10.0,0.0,10.0,20.0,30.0
70.0,60.0,50.0,40.0,30.0,20.0,10.0,0.0,10.0,20.0
80.0,70.0,60.0,50.0,40.0,30.0,20.0,10.0,0.0,10.0
90.0,80.0,70.0,60.0,50.0,40.0,30.0,20.0,10.0,0.0
450.0,400.0,350.0,300.0,250.0,250.0,300.0,350.0,400.0,450.0
0.0,1.0,2.0,3.0,4.0,5.0,6.0,7.0,8.0,9.0
1.0,0.0,1.0,2.0,3.0,4.0,5.0,6.0,7.0,8.0
2.0,1.0,0.0,1.0,2.0,3.0,4.0,5.0,6.0,7.0
3.0,2.0,1.0,0.0,1.0,2.0,3.0,4.0,5.0,6.0
4.0,3.0,2.0,1.0,0.0,1.0,2.0,3.0,4.0,5.0
5.0,4.0,3.0,2.0,1.0,0.0,1.0,2.0,3.0,4.0
6.0,5.0,4.0,3.0,2.0,1.0,0.0,1.0,2.0,3.0
7.0,6.0,5.0,4.0,3.0,2.0,1.0,0.0,1.0,2.0
8.0,7.0,6.0,5.0,4.0,3.0,2.0,1.0,0.0,1.0
9.0,8.0,7.0,6.0,5.0,4.0,3.0,2.0,1.0,0.0
45.0,40.0,35.0,30.0,25.0,25.0,30.0,35.0,40.0,45.0
32.0,45.0,23.0,31.0,31.0,27.0,22.0,35.0,26.0,21.0,32.0,25.0,30.0,30.0,25.0,37.0,31.0,30.0,28.0,39.0,26.0,40.0,22.0,28.0,38.0,26.0,39.0,28.0,27.0,34.0,33.0,28.0,42.0,39.0,32.0,38.0,35.0,31.0,22.0,26.0,27.0,34.0,41.0,30.0,32.0,25.0,35.0,41.0,32.0,30.0
22.0,32.0,21.0,24.0,24.0,19.0,19.0,14.0,20.0,14.0,18.0,26.0,17.0,23.0,25.0,22.0,28.0,15.0,26.0,17.0,22.0,21.0,15.0,22.0,21.0,25.0,30.0,24.0,19.0,26.0,22.0,26.0,26.0,20.0,29.0,30.0,18.0,20.0,22.0,17.0,15.0,19.0,17.0,21.0,14.0,15.0,13.0,17.0,21.0,17.0
53.0,51.0,38.0,50.0,35.0,37.0,36.0,40.0,38.0,37.0,50.0,32.0,36.0,39.0,39.0,32.0,30.0,44.0,43.0,28.0,24.0,38.0,35.0,33.0,36.0,36.0,44.0,32.0,33.0,36.0,30.0,35.0,33.0,43.0,34.0,37.0,36.0,35.0,43.0,32.0,29.0,45.0,33.0,39.0,35.0,28.0,38.0,31.0,37.0,49.0
22.0,30.0,23.0,40.0,27.0,38.0,30.0,36.0,39.0,28.0,34.0,22.0,32.0,33.0,39.0,35.0,33.0,31.0,23.0,26.0,26.0,37.0,34.0,29.0,31.0,30.0,32.0,29.0,25.0,42.0,22.0,28.0,41.0,33.0,31.0,29.0,33.0,38.0,30.0,27.0,27.0,35.0,25.0,33.0,34.0,28.0,43.0,33.0,38.0,32.0
21.0,25.0,29.0,30.0,20.0,17.0,14.0,22.0,19.0,22.0,21.0,23.0,18.0,26.0,31.0,26.0,25.0,33.0,28.0,25.0,22.0,20.0,19.0,16.0,26.0,27.0,35.0,25.0,11.0,15.0,23.0,25.0,26.0,25.0,19.0,21.0,29.0,36.0,26.0,23.0,24.0,34.0,19.0,32.0,22.0,32.0,26.0,31.0,28.0,22.0
17.0,22.0,21.0,29.0,29.0,29.0,20.0,21.0,28.0,27.0,25.0,30.0,27.0,18.0,23.0,22.0,26.0,34.0,35.0,27.0,17.0,27.0,29.0,29.0,25.0,27.0,25.0,32.0,37.0,23.0,25.0,17.0,31.0,22.0,34.0,33.0,20.0,28.0,25.0,17.0,23.0,31.0,25.0,28.0,20.0,28.0,26.0,26.0,30.0,38.0
33.0,28.0,34.0,36.0,30.0,28.0,22.0,30.0,19.0,21.0,19.0,24.0,21.0,29.0,29.0,20.0,34.0,24.0,29.0,20.0,21.0,29.0,33.0,28.0,19.0,19.0,16.0,21.0,28.0,31.0,26.0,23.0,20.0,20.0,17.0,23.0,22.0,31.0,32.0,15.0,27.0,24.0,19.0,22.0,25.0,21.0,25.0,36.0,34.0,30.0
25.0,23.0,21.0,19.0,26.0,30.0,15.0,16.0,26.0,22.0,19.0,24.0,27.0,19.0,27.0,26.0,15.0,24.0,28.0,22.0,19.0,21.0,23.0,21.0,24.0,20.0,29.0,17.0,23.0,31.0,16.0,22.0,22.0,24.0,30.0,28.0,32.0,20.0,20.0,29.0,18.0,28.0,26.0,33.0,22.0,24.0,29.0,21.0,31.0,36.0
28.0,24.0,21.0,23.0,28.0,32.0,31.0,18.0,27.0,24.0,29.0,27.0,16.0,26.0,24.0,24.0,27.0,21.0,21.0,19.0,25.0,22.0,33.0,27.0,22.0,28.0,21.0,26.0,23.0,23.0,30.0,23.0,18.0,23.0,14.0,21.0,24.0,24.0,27.0,31.0,18.0,18.0,22.0,26.0,16.0,18.0,22.0,26.0,17.0,30.0
22.0,26.0,26.0,22.0,23.0,27.0,27.0,32.0,22.0,16.0,23.0,24.0,21.0,27.0,22.0,19.0,21.0,24.0,18.0,26.0,19.0,13.0,18.0,16.0,14.0,21.0,21.0,16.0,25.0,28.0,31.0,24.0,22.0,37.0,19.0,18.0,28.0,17.0,23.0,25.0,18.0,14.0,31.0,19.0,36.0,19.0,24.0,28.0,24.0,25.0
