10,50,1000
15.960378,16.144527,19.092362,19.68691,18.05552,19.32616,18.983812,17.418391,19.002896,18.820679
9.343628,5.156204,5.180148,5.377443,5.421563,9.510727,6.657287,7.104565,8.791544,7.406363
0.0,10.0,20.0,30.0,40.0,50.0,60.0,70.0,80.0,90.0
10.0,0.0,10.0,20.0,30.0,40.0,50.0,60.0,70.0,80.0
20.0,10.0,0.0,10.0,20.0,30.0,40.0,50.0,60.0,70.0
30.0,20.0,10.0,0.0,10.0,20.0,30.0,40.0,50.0,60.0
40.0,30.0,20.0,10.0,0.0,10.0,20.0,30.0,40.0,50.0
50.0,40.0,30.0,20.0,10.0,0.0,10.0,20.0,30.0,40.0
60.0,50.0,40.0,30.0,20.0,10.0,0.0,10.0,20.0,30.0
70.0,60.0,50.0,40.0,30.0,20.0,10.0,0.0,10.0,20.0
80.0,70.0,60.0,50.0,40.0,30.0,20.0,10.0,0.0,10.0
90.0,80.0,70.0,60.0,50.0,40.0,30.0,20.0,10.0,0.0
450.0,400.0,350.0,300.0,250.0,250.0,300.0,350.0,400.0,450.0
0.0,1.0,2.0,3.0,4.0,5.0,6.0,7.0,8.0,9.0
1.0,0.0,1.0,2.0,3.0,4.0,5.0,6.0,7.0,8.0
2.0,1.0,0.0,1.0,2.0,3.0,4.0,5.0,6.0,7.0
3.0,2.0,1.0,0.0,1.0,2.0,3.0,4.0,5.0,6.0
4.0,3.0,2.0,1.0,0.0,1.0,2.0,3.0,4.0,5.0
5.0,4.0,3.0,2.0,1.0,0.0,1.0,2.0,3.0,4.0
6.0,5.0,4.0,3.0,2.0,1.0,0.0,1.0,2.0,3.0
7.0,6.0,5.0,4.0,3.0,2.0,1.0,0.0,1.0,2.0
8.0,7.0,6.0,5.0,4.0,3.0,2.0,1.0,0.0,1.0
9.0,8.0,7.0,6.0,5.0,4.0,3.0,2.0,1.0,0.0
45.0,40.0,35.0,30.0,25.0,25.0,30.0,35.0,40.0,45.0
43.0,25.0,33.0,31.0,21.0,37.0,22.0,36.0,38.0,38.0,36.0,45.0,40.0,41.0,33.0,32.0,26.0,39.0,32.0,33.0,40.0,36.0,34.0,38.0,43.0,36.0,32.0,25.0,33.0,30.0,40.0,37.0,35.0,36.0,43.0,27.0,31.0,23.0,22.0,33.0,26.0,30.0,33.0,43.0,40.0,22.0,24.0,39.0,28.0,36.0
29.0,24.0,14.0,25.0,24.0,23.0,10.0,25.0,19.0,23.0,22.0,17.0,15.0,19.0,23.0,21.0,27.0,20.0,25.0,18.0,17.0,19.0,23.0,19.0,20.0,24.0,18.0,24.0,22.0,20.0,18.0,27.0,23.0,30.0,18.0,24.0,11.0,21.0,23.0,23.0,28.0,21.0,22.0,20.0,19.0,15.0,15.0,25.0,16.0,21.0
15.0,27.0,22.0,23.0,13.0,19.0,24.0,17.0,30.0,24.0,16.0,22.0,18.0,20.0,27.0,15.0,17.0,19.0,17.0,23.0,15.0,21.0,18.0,16.0,25.0,21.0,26.0,24.0,24.0,18.0,15.0,21.0,24.0,17.0,21.0,18.0,25.0,23.0,29.0,19.0,30.0,24.0,27.0,22.0,18.0,20.0,24.0,20.0,25.0,20.0
19.0,25.0,16.0,19.0,21.0,24.0,22.0,19.0,21.0,22.0,25.0,21.0,25.0,27.0,20.0,16.0,24.0,20.0,26.0,21.0,26.0,18.0,27.0,22.0,27.0,29.0,21.0,22.0,26.0,22.0,24.0,24.0,24.0,18.0,19.0,23.0,22.0,17.0,25.0,22.0,24.0,29.0,17.0,15.0,29.0,24.0,18.0,20.0,19.0,24.0
24.0,17.0,21.0,23.0,19.0,25.0,26.0,22.0,22.0,12.0,14.0,22.0,21.0,23.0,23.0,27.0,23.0,33.0,25.0,22.0,19.0,19.0,15.0,27.0,13.0,24.0,18.0,24.0,27.0,23.0,18.0,23.0,21.0,27.0,25.0,32.0,21.0,21.0,22.0,16.0,13.0,21.0,28.0,16.0,21.0,16.0,35.0,24.0,24.0,15.0
35.0,41.0,39.0,36.0,39.0,26.0,35.0,45.0,33.0,48.0,33.0,34.0,35.0,35.0,37.0,38.0,39.0,43.0,28.0,34.0,31.0,36.0,40.0,29.0,37.0,30.0,32.0,37.0,34.0,30.0,27.0,33.0,38.0,32.0,37.0,35.0,45.0,32.0,37.0,31.0,36.0,30.0,33.0,44.0,43.0,34.0,32.0,42.0,40.0,36.0
24.0,31.0,15.0,30.0,24.0,26.0,24.0,16.0,25.0,22.0,30.0,27.0,24.0,26.0,24.0,17.0,28.0,30.0,22.0,30.0,25.0,34.0,22.0,30.0,25.0,27.0,41.0,20.0,23.0,33.0,34.0,19.0,25.0,21.0,24.0,20.0,20.0,26.0,28.0,26.0,22.0,36.0,26.0,29.0,28.0,30.0,27.0,35.0,24.0,34.0
18.0,30.0,22.0,33.0,22.0,26.0,19.0,30.0,32.0,23.0,24.0,27.0,21.0,18.0,22.0,33.0,36.0,24.0,31.0,26.0,30.0,28.0,29.0,27.0,25.0,29.0,23.0,35.0,24.0,39.0,30.0,29.0,37.0,30.0,26.0,30.0,20.0,24.0,31.0,27.0,25.0,31.0,21.0,27.0,35.0,25.0,21.0,32.0,23.0,24.0
40.0,31.0,26.0,24.0,34.0,26.0,36.0,33.0,32.0,27.0,41.0,22.0,33.0,36.0,38.0,26.0,37.0,28.0,23.0,33.0,25.0,30.0,48.0,25.0,36.0,27.0,35.0,41.0,24.0,33.0,34.0,30.0,27.0,34.0,41.0,39.0,24.0,27.0,31.0,37.0,32.0,36.0,25.0,36.0,28.0,32.0,29.0,29.0,23.0,37.0
23.0,26.0,25.0,29.0,33.0,30.0,33.0,25.0,22.0,37.0,25.0,32.0,36.0,27.0,29.0,36.0,19.0,29.0,27.0,23.0,26.0,31.0,31.0,24.0,22.0,25.0,27.0,28.0,24.0,25.0,31.0,29.0,22.0,26.0,34.0,24.0,34.0,35.0,28.0,38.0,33.0,46.0,25.0,33.0,28.0,24.0,21.0,29.0,21.0,28.0
