10,50,1000
18.289902,15.580302,18.961127,19.129092,18.057479,19.499031,16.5218,18.141191,15.240362,18.564955
9.426423,7.763153,7.769812,9.195366,9.038183,6.719531,5.721129,5.389213,9.54178,6.200641
0.0,10.0,20.0,30.0,40.0,50.0,60.0,70.0,80.0,90.0
10.0,0.0,10.0,20.0,30.0,40.0,50.0,60.0,70.0,80.0
20.0,10.0,0.0,10.0,20.0,30.0,40.0,50.0,60.0,70.0
30.0,20.0,10.0,0.0,10.0,20.0,30.0,40.0,50.0,60.0
40.0,30.0,20.0,10.0,0.0,10.0,20.0,30.0,40.0,50.0
50.0,40.0,30.0,20.0,10.0,0.0,10.0,20.0,30.0,40.0
60.0,50.0,40.0,30.0,20.0,10.0,0.0,10.0,20.0,30.0
70.0,60.0,50.0,40.0,30.0,20.0,10.0,0.0,10.0,20.0
80.0,70.0,60.0,50.0,40.0,30.0,20.0,10.0,0.0,10.0
90.0,80.0,70.0,60.0,50.0,40.0,30.0,20.0,10.0,0.0
450.0,400.0,350.0,300.0,250.0,250.0,300.0,350.0,400.0,450.0
0.0,1.0,2.0,3.0,4.0,5.0,6.0,7.0,8.0,9.0
1.0,0.0,1.0,2.0,3.0,4.0,5.0,6.0,7.0,8.0
2.0,1.0,0.0,1.0,2.0,3.0,4.0,5.0,6.0,7.0
3.0,2.0,1.0,0.0,1.0,2.0,3.0,4.0,5.0,6.0
4.0,3.0,2.0,1.0,0.0,1.0,2.0,3.0,4.0,5.0
5.0,4.0,3.0,2.0,1.0,0.0,1.0,2.0,3.0,4.0
6.0,5.0,4.0,3.0,2.0,1.0,0.0,1.0,2.0,3.0
7.0,6.0,5.0,4.0,3.0,2.0,1.0,0.0,1.0,2.0
8.0,7.0,6.0,5.0,4.0,3.0,2.0,1.0,0.0,1.0
9.0,8.0,7.0,6.0,5.0,4.0,3.0,2.0,1.0,0.0
45.0,40.0,35.0,30.0,25.0,25.0,30.0,35.0,40.0,45.0
36.0,30.0,33.0,20.0,34.0,31.0,38.0,29.0,30.0,40.0,41.0,44.0,31.0,30.0,36.0,33.0,40.0,34.0,40.0,32.0,38.0,33.0,39.0,36.0,43.0,32.0,39.0,29.0,27.0,39.0,45.0,30.0,42.0,32.0,37.0,26.0,36.0,22.0,40.0,44.0,38.0,42.0,37.0,41.0,52.0,33.0,40.0,37.0,47.0,30.0
27.0,36.0,36.0,28.0,29.0,30.0,23.0,28.0,25.0,25.0,30.0,26.0,17.0,29.0,24.0,34.0,33.0,30.0,33.0,32.0,39.0,22.0,24.0,24.0,29.0,27.0,29.0,33.0,30.0,26.0,26.0,25.0,27.0,33.0,37.0,31.0,27.0,29.0,31.0,26.0,31.0,29.0,36.0,22.0,26.0,26.0,29.0,28.0,28.0,37.0
30.0,38.0,27.0,27.0,29.0,32.0,27.0,20.0,23.0,29.0,31.0,29.0,36.0,30.0,31.0,34.0,35.0,23.0,34.0,29.0,20.0,35.0,26.0,20.0,33.0,34.0,33.0,38.0,31.0,29.0,36.0,31.0,26.0,38.0,34.0,20.0,31.0,26.0,26.0,40.0,22.0,37.0,26.0,33.0,32.0,25.0,42.0,31.0,27.0,43.0
35.0,36.0,36.0,40.0,35.0,32.0,31.0,44.0,39.0,27.0,40.0,29.0,39.0,31.0,34.0,46.0,37.0,45.0,32.0,30.0,39.0,41.0,31.0,39.0,36.0,30.0,46.0,33.0,37.0,36.0,40.0,51.0,37.0,21.0,33.0,32.0,41.0,35.0,42.0,28.0,35.0,40.0,53.0,35.0,30.0,33.0,23.0,27.0,40.0,32.0
35.0,27.0,32.0,44.0,35.0,32.0,35.0,35.0,34.0,35.0,37.0,33.0,33.0,36.0,32.0,28.0,46.0,30.0,27.0,38.0,22.0,43.0,38.0,45.0,28.0,17.0,30.0,31.0,29.0,26.0,32.0,19.0,48.0,32.0,36.0,30.0,45.0,32.0,38.0,37.0,35.0,31.0,32.0,39.0,24.0,40.0,41.0,37.0,44.0,44.0
35.0,31.0,27.0,29.0,29.0,35.0,34.0,26.0,31.0,24.0,17.0,32.0,24.0,28.0,32.0,26.0,26.0,26.0,27.0,30.0,23.0,28.0,31.0,28.0,29.0,31.0,22.0,23.0,30.0,21.0,22.0,23.0,22.0,25.0,25.0,28.0,24.0,21.0,27.0,34.0,23.0,24.0,29.0,19.0,30.0,32.0,24.0,34.0,15.0,26.0
25.0,24.0,28.0,20.0,13.0,18.0,33.0,22.0,21.0,27.0,25.0,19.0,23.0,30.0,25.0,22.0,23.0,21.0,20.0,18.0,24.0,29.0,23.0,28.0,23.0,16.0,31.0,22.0,19.0,15.0,19.0,18.0,17.0,13.0,15.0,16.0,27.0,29.0,15.0,25.0,19.0,15.0,21.0,28.0,26.0,22.0,20.0,25.0,21.0,24.0
25.0,18.0,22.0,23.0,14.0,21.0,22.0,14.0,27.0,27.0,24.0,25.0,24.0,19.0,19.0,13.0,19.0,18.0,26.0,19.0,24.0,24.0,21.0,25.0,21.0,25.0,19.0,19.0,21.0,23.0,24.0,13.0,25.0,22.0,28.0,22.0,27.0,23.0,12.0,20.0,25.0,25.0,23.0,18.0,15.0,22.0,25.0,22.0,25.0,21.0
35.0,31.0,29.0,28.0,35.0,42.0,33.0,29.0,47.0,30.0,40.0,24.0,24.0,35.0,30.0,34.0,27.0,39.0,39.0,32.0,30.0,35.0,29.0,27.0,44.0,39.0,24.0,28.0,33.0,36.0,42.0,33.0,49.0,30.0,34.0,26.0,31.0,32.0,43.0,33.0,45.0,38.0,35.0,26.0,31.0,47.0,39.0,32.0,40.0,32.0
24.0,27.0,20.0,27.0,30.0,28.0,23.0,27.0,32.0,30.0,26.0,23.0,30.0,21.0,24.0,29.0,20.0,20.0,25.0,30.0,20.0,19.0,26.0,19.0,20.0,21.0,24.0,30.0,25.0,25.0,20.0,20.0,34.0,28.0,22.0,19.0,26.0,27.0,17.0,26.0,27.0,19.0,21.0,28.0,25.0,28.0,21.0,26.0,29.0,20.0
