10,50,1000
16.666508,15.376641,16.074284,19.301715,15.336353,15.406177,17.458694,17.703758,19.32693,19.883072
6.374348,9.451244,6.661556,7.254002,5.688581,5.992329,6.228349,6.415891,9.003341,9.855734
0.0,10.0,20.0,30.0,40.0,50.0,60.0,70.0,80.0,90.0
10.0,0.0,10.0,20.0,30.0,40.0,50.0,60.0,70.0,80.0
20.0,10.0,0.0,10.0,20.0,30.0,40.0,50.0,60.0,70.0
30.0,20.0,10.0,0.0,10.0,20.0,30.0,40.0,50.0,60.0
40.0,30.0,20.0,10.0,0.0,10.0,20.0,30.0,40.0,50.0
50.0,40.0,30.0,20.0,10.0,0.0,10.0,20.0,30.0,40.0
60.0,50.0,40.0,30.0,20.0,10.0,0.0,10.0,20.0,30.0
70.0,60.0,50.0,40.0,30.0,20.0,10.0,0.0,10.0,20.0
80.0,70.0,60.0,50.0,40.0,30.0,20.0,10.0,0.0,10.0
90.0,80.0,70.0,60.0,50.0,40.0,30.0,20.0,10.0,0.0
450.0,400.0,350.0,300.0,250.0,250.0,300.0,350.0,400.0,450.0
0.0,1.0,2.0,3.0,4.0,5.0,6.0,7.0,8.0,9.0
1.0,0.0,1.0,2.0,3.0,4.0,5.0,6.0,7.0,8.0
2.0,1.0,0.0,1.0,2.0,3.0,4.0,5.0,6.0,7.0
3.0,2.0,1.0,0.0,1.0,2.0,3.0,4.0,5.0,6.0
4.0,3.0,2.0,1.0,0.0,1.0,2.0,3.0,4.0,5.0
5.0,4.0,3.0,2.0,1.0,0.0,1.0,2.0,3.0,4.0
6.0,5.0,4.0,3.0,2.0,1.0,0.0,1.0,2.0,3.0
7.0,6.0,5.0,4.0,3.0,2.0,1.0,0.0,1.0,2.0
8.0,7.0,6.0,5.0,4.0,3.0,2.0,1.0,0.0,1.0
9.0,8.0,7.0,6.0,5.0,4.0,3.0,2.0,1.0,0.0
45.0,40.0,35.0,30.0,25.0,25.0,30.0,35.0,40.0,45.0
26.0,26.0,22.0,22.0,25.0,26.0,14.0,29.0,21.0,28.0,38.0,17.0,23.0,31.0,32.0,20.0,30.0,23.0,25.0,14.0,26.0,24.0,23.0,21.0,29.0,28.0,20.0,16.0,21.0,28.0,27.0,26.0,37.0,29.0,22.0,31.0,29.0,30.0,27.0,25.0,39.0,26.0,29.0,30.0,31.0,17.0,35.0,29.0,22.0,33.0
41.0,40.0,37.0,26.0,45.0,28.0,35.0,41.0,34.0,37.0,27.0,40.0,35.0,36.0,36.0,41.0,32.0,40.0,33.0,42.0,33.0,34.0,35.0,32.0,35.0,38.0,27.0,40.0,28.0,39.0,39.0,35.0,39.0,37.0,28.0,35.0,33.0,31.0,40.0,42.0,32.0,28.0,31.0,35.0,44.0,29.0,38.0,40.0,39.0,34.0
21.0,30.0,33.0,26.0,21.0,27.0,23.0,27.0,21.0,34.0,30.0,20.0,24.0,21.0,32.0,31.0,26.0,22.0,27.0,18.0,26.0,27.0,22.0,35.0,24.0,28.0,26.0,28.0,26.0,26.0,25.0,24.0,26.0,28.0,24.0,29.0,33.0,21.0,21.0,26.0,25.0,24.0,32.0,28.0,31.0,23.0,26.0,28.0,35.0,22.0
29.0,24.0,22.0,35.0,28.0,32.0,26.0,38.0,27.0,26.0,27.0,36.0,25.0,28.0,21.0,32.0,26.0,38.0,21.0,40.0,34.0,39.0,33.0,27.0,23.0,36.0,29.0,33.0,37.0,28.0,24.0,25.0,28.0,25.0,29.0,37.0,24.0,23.0,25.0,18.0,31.0,27.0,26.0,32.0,24.0,36.0,27.0,34.0,29.0,26.0
22.0,23.0,22.0,15.0,21.0,25.0,23.0,22.0,18.0,19.0,26.0,20.0,21.0,24.0,43.0,22.0,17.0,23.0,29.0,19.0,23.0,19.0,22.0,23.0,32.0,21.0,19.0,27.0,16.0,22.0,25.0,34.0,28.0,14.0,28.0,19.0,21.0,15.0,27.0,20.0,20.0,16.0,23.0,21.0,21.0,24.0,19.0,20.0,18.0,20.0
22.0,22.0,19.0,23.0,19.0,26.0,26.0,25.0,23.0,21.0,26.0,26.0,30.0,24.0,19.0,24.0,32.0,17.0,14.0,23.0,22.0,37.0,22.0,16.0,8.0,29.0,28.0,25.0,29.0,19.0,25.0,18.0,17.0,31.0,28.0,19.0,20.0,23.0,32.0,26.0,22.0,21.0,19.0,30.0,22.0,28.0,23.0,28.0,31.0,26.0
28.0,16.0,27.0,31.0,26.0,24.0,24.0,16.0,15.0,31.0,24.0,31.0,23.0,26.0,21.0,27.0,24.0,39.0,22.0,21.0,26.0,23.0,28.0,26.0,20.0,24.0,31.0,24.0,20.0,19.0,24.0,25.0,22.0,21.0,28.0,22.0,29.0,22.0,26.0,11.0,21.0,20.0,20.0,22.0,23.0,22.0,39.0,24.0,24.0,25.0
24.0,36.0,23.0,24.0,20.0,23.0,23.0,26.0,21.0,21.0,23.0,25.0,27.0,18.0,33.0,41.0,29.0,27.0,24.0,24.0,30.0,29.0,24.0,28.0,23.0,23.0,19.0,26.0,23.0,17.0,26.0,33.0,22.0,24.0,26.0,22.0,21.0,31.0,26.0,28.0,26.0,27.0,21.0,19.0,18.0,23.0,17.0,28.0,15.0,33.0
34.0,34.0,33.0,37.0,32.0,35.0,49.0,36.0,38.0,31.0,27.0,36.0,29.0,25.0,38.0,38.0,30.0,37.0,37.0,32.0,24.0,51.0,35.0,29.0,23.0,32.0,35.0,29.0,36.0,34.0,35.0,38.0,32.0,35.0,39.0,42.0,39.0,45.0,32.0,32.0,34.0,37.0,38.0,34.0,36.0,38.0,29.0,29.0,35.0,39.0
39.0,44.0,36.0,38.0,47.0,31.0,43.0,28.0,31.0,36.0,42.0,40.0,35.0,35.0,30.0,38.0,36.0,39.0,32.0,32.0,26.0,37.0,34.0,34.0,37.0,31.0,37.0,36.0,36.0,38.0,42.0,28.0,53.0,32.0,31.0,30.0,45.0,41.0,36.0,32.0,24.0,31.0,39.0,41.0,31.0,35.0,34.0,34.0,39.0,36.0
