10,50,1000
17.648112,16.322263,16.918433,19.415053,19.116832,15.018923,16.448835,18.962249,15.678794,18.131776
7.954315,8.270674,5.593846,6.40968,8.673367,9.719004,5.047178,8.909856,8.870051,7.156708
0.0,10.0,20.0,30.0,40.0,50.0,60.0,70.0,80.0,90.0
10.0,0.0,10.0,20.0,30.0,40.0,50.0,60.0,70.0,80.0
20.0,10.0,0.0,10.0,20.0,30.0,40.0,50.0,60.0,70.0
30.0,20.0,10.0,0.0,10.0,20.0,30.0,40.0,50.0,60.0
40.0,30.0,20.0,10.0,0.0,10.0,20.0,30.0,40.0,50.0
50.0,40.0,30.0,20.0,10.0,0.0,10.0,20.0,30.0,40.0
60.0,50.0,40.0,30.0,20.0,10.0,0.0,10.0,20.0,30.0
70.0,60.0,50.0,40.0,30.0,20.0,10.0,0.0,10.0,20.0
80.0,70.0,60.0,50.0,40.0,30.0,20.0,10.0,0.0,10.0
90.0,80.0,70.0,60.0,50.0,40.0,30.0,20.0,10.0,0.0
450.0,400.0,350.0,300.0,250.0,250.0,300.0,350.0,400.0,450.0
0.0,1.0,2.0,3.0,4.0,5.0,6.0,7.0,8.0,9.0
1.0,0.0,1.0,2.0,3.0,4.0,5.0,6.0,7.0,8.0
2.0,1.0,0.0,1.0,2.0,3.0,4.0,5.0,6.0,7.0
3.0,2.0,1.0,0.0,1.0,2.0,3.0,4.0,5.0,6.0
4.0,3.0,2.0,1.0,0.0,1.0,2.0,3.0,4.0,5.0
5.0,4.0,3.0,2.0,1.0,0.0,1.0,2.0,3.0,4.0
6.0,5.0,4.0,3.0,2.0,1.0,0.0,1.0,2.0,3.0
7.0,6.0,5.0,4.0,3.0,2.0,1.0,0.0,1.0,2.0
8.0,7.0,6.0,5.0,4.0,3.0,2.0,1.0,0.0,1.0
9.0,8.0,7.0,6.0,5.0,4.0,3.0,2.0,1.0,0.0
45.0,40.0,35.0,30.0,25.0,25.0,30.0,35.0,40.0,45.0
28.0,31.0,35.0,33.0,27.0,34.0,40.0,32.0,28.0,25.0,35.0,42.0,29.0,31.0,30.0,40.0,33.0,26.0,32.0,26.0,24.0,32.0,38.0,21.0,26.0,21.0,39.0,29.0,27.0,24.0,23.0,40.0,26.0,28.0,34.0,25.0,28.0,35.0,30.0,25.0,29.0,45.0,33.0,36.0,21.0,26.0,33.0,23.0,27.0,30.0
38.0,26.0,29.0,29.0,34.0,31.0,36.0,44.0,38.0,33.0,31.0,25.0,23.0,35.0,40.0,27.0,38.0,31.0,46.0,30.0,24.0,37.0,33.0,22.0,32.0,22.0,37.0,31.0,32.0,35.0,29.0,38.0,22.0,38.0,34.0,28.0,35.0,22.0,35.0,21.0,24.0,24.0,31.0,32.0,27.0,29.0,41.0,38.0,37.0,31.0
27.0,27.0,22.0,26.0,26.0,25.0,18.0,27.0,22.0,31.0,30.0,24.0,21.0,31.0,17.0,20.0,23.0,19.0,20.0,21.0,27.0,27.0,30.0,28.0,16.0,27.0,29.0,29.0,13.0,25.0,30.0,18.0,21.0,17.0,23.0,23.0,19.0,25.0,21.0,24.0,26.0,24.0,26.0,23.0,21.0,23.0,20.0,28.0,19.0,32.0
20.0,29.0,16.0,23.0,23.0,22.0,24.0,28.0,20.0,24.0,30.0,25.0,21.0,23.0,24.0,24.0,30.0,24.0,23.0,22.0,32.0,19.0,32.0,42.0,30.0,29.0,29.0,20.0,22.0,26.0,26.0,22.0,23.0,27.0,27.0,26.0,28.0,30.0,21.0,24.0,27.0,25.0,31.0,25.0,24.0,25.0,32.0,23.0,29.0,28.0
38.0,44.0,38.0,30.0,35.0,40.0,35.0,32.0,30.0,30.0,28.0,32.0,44.0,26.0,37.0,29.0,38.0,42.0,36.0,40.0,45.0,31.0,38.0,34.0,30.0,36.0,36.0,23.0,23.0,29.0,24.0,37.0,32.0,46.0,37.0,36.0,31.0,28.0,35.0,41.0,27.0,31.0,36.0,32.0,33.0,38.0,41.0,23.0,28.0,31.0
42.0,33.0,31.0,26.0,32.0,17.0,40.0,34.0,36.0,34.0,31.0,36.0,34.0,29.0,31.0,43.0,29.0,32.0,34.0,26.0,30.0,41.0,33.0,44.0,30.0,31.0,35.0,45.0,38.0,33.0,31.0,33.0,48.0,38.0,31.0,36.0,42.0,20.0,35.0,43.0,36.0,33.0,44.0,36.0,27.0,38.0,27.0,25.0,36.0,43.0
19.0,22.0,21.0,23.0,30.0,15.0,23.0,12.0,23.0,23.0,19.0,20.0,23.0,14.0,26.0,26.0,20.0,38.0,23.0,20.0,25.0,30.0,23.0,18.0,23.0,18.0,26.0,23.0,22.0,16.0,17.0,15.0,19.0,26.0,22.0,20.0,21.0,14.0,23.0,13.0,18.0,14.0,16.0,21.0,20.0,16.0,24.0,16.0,19.0,16.0
25.0,36.0,34.0,31.0,33.0,39.0,28.0,31.0,30.0,32.0,37.0,35.0,25.0,30.0,36.0,29.0,30.0,39.0,31.0,40.0,34.0,31.0,34.0,39.0,36.0,30.0,34.0,44.0,33.0,29.0,34.0,34.0,42.0,47.0,25.0,35.0,39.0,33.0,37.0,26.0,29.0,37.0,39.0,26.0,31.0,38.0,25.0,34.0,47.0,39.0
26.0,29.0,33.0,33.0,20.0,22.0,30.0,47.0,35.0,34.0,36.0,37.0,21.0,24.0,31.0,32.0,38.0,42.0,37.0,26.0,35.0,32.0,41.0,28.0,34.0,30.0,26.0,27.0,23.0,27.0,37.0,37.0,38.0,35.0,36.0,42.0,29.0,30.0,34.0,45.0,34.0,39.0,32.0,37.0,42.0,27.0,28.0,37.0,22.0,29.0
31.0,30.0,25.0,33.0,27.0,38.0,38.0,30.0,29.0,28.0,25.0,33.0,27.0,25.0,41.0,24.0,21.0,25.0,22.0,29.0,28.0,27.0,33.0,30.0,17.0,31.0,17.0,22.0,32.0,30.0,31.0,32.0,19.0,13.0,29.0,22.0,29.0,34.0,29.0,32.0,24.0,42.0,24.0,37.0,26.0,25.0,32.0,33.0,33.0,16.0
