10,50,1000
17.805178,17.914258,16.890132,16.543045,15.976836,15.155766,19.973062,17.927587,18.87071,15.408102
9.724801,6.36808,7.503155,9.446058,9.055025,8.408083,8.724923,6.049358,5.235122,5.011241
0.0,10.0,20.0,30.0,40.0,50.0,60.0,70.0,80.0,90.0
10.0,0.0,10.0,20.0,30.0,40.0,50.0,60.0,70.0,80.0
20.0,10.0,0.0,10.0,20.0,30.0,40.0,50.0,60.0,70.0
30.0,20.0,10.0,0.0,10.0,20.0,30.0,40.0,50.0,60.0
40.0,30.0,20.0,10.0,0.0,10.0,20.0,30.0,40.0,50.0
50.0,40.0,30.0,20.0,10.0,0.0,10.0,20.0,30.0,40.0
60.0,50.0,40.0,30.0,20.0,10.0,0.0,10.0,20.0,30.0
70.0,60.0,50.0,40.0,30.0,20.0,10.0,0.0,10.0,20.0
80.0,70.0,60.0,50.0,40.0,30.0,20.0,10.0,0.0,10.0
90.0,80.0,70.0,60.0,50.0,40.0,30.0,20.0,10.0,0.0
450.0,400.0,350.0,300.0,250.0,250.0,300.0,350.0,400.0,450.0
0.0,1.0,2.0,3.0,4.0,5.0,6.0,7.0,8.0,9.0
1.0,0.0,1.0,2.0,3.0,4.0,5.0,6.0,7.0,8.0
2.0,1.0,0.0,1.0,2.0,3.0,4.0,5.0,6.0,7.0
3.0,2.0,1.0,0.0,1.0,2.0,3.0,4.0,5.0,6.0
4.0,3.0,2.0,1.0,0.0,1.0,2.0,3.0,4.0,5.0
5.0,4.0,3.0,2.0,1.0,0.0,1.0,2.0,3.0,4.0
6.0,5.0,4.0,3.0,2.0,1.0,0.0,1.0,2.0,3.0
7.0,6.0,5.0,4.0,3.0,2.0,1.0,0.0,1.0,2.0
8.0,7.0,6.0,5.0,4.0,3.0,2.0,1.0,0.0,1.0
9.0,8.0,7.0,6.0,5.0,4.0,3.0,2.0,1.0,0.0
45.0,40.0,35.0,30.0,25.0,25.0,30.0,35.0,40.0,45.0
41.0,36.0,24.0,41.0,38.0,36.0,39.0,39.0,46.0,30.0,34.0,45.0,44.0,31.0,35.0,34.0,38.0,36.0,49.0,45.0,37.0,39.0,40.0,35.0,37.0,37.0,24.0,34.0,37.0,32.0,30.0,35.0,29.0,26.0,45.0,38.0,38.0,40.0,30.0,34.0,37.0,28.0,39.0,33.0,45.0,35.0,31.0,35.0,43.0,24.0
26.0,31.0,19.0,15.0,17.0,20.0,26.0,21.0,16.0,27.0,19.0,26.0,32.0,24.0,28.0,27.0,25.0,23.0,23.0,21.0,26.0,13.0,22.0,24.0,23.0,24.0,26.0,23.0,26.0,26.0,27.0,28.0,26.0,24.0,18.0,27.0,27.0,36.0,26.0,16.0,27.0,32.0,19.0,25.0,25.0,24.0,21.0,17.0,29.0,25.0
25.0,33.0,34.0,29.0,38.0,30.0,31.0,37.0,33.0,36.0,27.0,28.0,24.0,43.0,24.0,30.0,23.0,18.0,20.0,31.0,22.0,31.0,35.0,29.0,26.0,33.0,32.0,26.0,35.0,32.0,32.0,28.0,25.0,26.0,26.0,34.0,40.0,19.0,30.0,30.0,36.0,34.0,26.0,26.0,30.0,25.0,28.0,20.0,32.0,31.0
35.0,38.0,41.0,44.0,33.0,27.0,36.0,31.0,32.0,37.0,30.0,41.0,30.0,33.0,24.0,29.0,35.0,25.0,30.0,25.0,36.0,24.0,27.0,34.0,35.0,34.0,29.0,34.0,32.0,33.0,32.0,40.0,40.0,40.0,32.0,28.0,39.0,35.0,38.0,36.0,43.0,31.0,29.0,37.0,33.0,49.0,33.0,43.0,32.0,33.0
23.0,35.0,32.0,35.0,39.0,28.0,34.0,38.0,21.0,29.0,22.0,37.0,30.0,40.0,32.0,41.0,30.0,25.0,46.0,29.0,35.0,38.0,35.0,33.0,20.0,34.0,31.0,36.0,28.0,33.0,33.0,35.0,41.0,24.0,33.0,29.0,44.0,28.0,28.0,31.0,24.0,22.0,31.0,31.0,34.0,31.0,40.0,25.0,32.0,39.0
20.0,31.0,36.0,28.0,25.0,28.0,31.0,29.0,28.0,31.0,33.0,35.0,28.0,28.0,40.0,34.0,29.0,21.0,19.0,32.0,37.0,39.0,32.0,25.0,32.0,36.0,31.0,29.0,31.0,30.0,39.0,41.0,40.0,36.0,38.0,30.0,22.0,42.0,28.0,31.0,31.0,38.0,29.0,26.0,25.0,30.0,33.0,25.0,44.0,30.0
34.0,33.0,29.0,34.0,29.0,32.0,39.0,36.0,40.0,30.0,36.0,38.0,25.0,27.0,45.0,31.0,24.0,33.0,31.0,29.0,38.0,26.0,32.0,32.0,33.0,34.0,40.0,39.0,33.0,35.0,31.0,33.0,24.0,40.0,33.0,37.0,31.0,31.0,40.0,33.0,36.0,37.0,32.0,39.0,35.0,36.0,24.0,31.0,21.0,26.0
17.0,24.0,18.0,26.0,29.0,32.0,16.0,19.0,23.0,24.0,18.0,20.0,22.0,31.0,22.0,14.0,26.0,23.0,27.0,28.0,22.0,19.0,26.0,36.0,19.0,19.0,20.0,27.0,34.0,28.0,28.0,24.0,29.0,31.0,27.0,26.0,34.0,24.0,30.0,20.0,15.0,27.0,22.0,19.0,23.0,22.0,24.0,16.0,23.0,25.0
23.0,30.0,19.0,22.0,18.0,15.0,24.0,18.0,25.0,19.0,18.0,25.0,22.0,25.0,24.0,24.0,19.0,31.0,14.0,22.0,25.0,30.0,18.0,31.0,15.0,23.0,27.0,20.0,22.0,24.0,15.0,22.0,22.0,17.0,21.0,28.0,28.0,31.0,25.0,18.0,14.0,27.0,10.0,28.0,29.0,18.0,24.0,18.0,21.0,22.0
26.0,21.0,26.0,12.0,26.0,14.0,15.0,9.0,19.0,24.0,27.0,28.0,18.0,22.0,16.0,21.0,18.0,25.0,12.0,25.0,14.0,30.0,14.0,12.0,28.0,24.0,20.0,19.0,21.0,10.0,19.0,15.0,19.0,24.0,22.0,19.0,16.0,14.0,16.0,24.0,22.0,20.0,22.0,19.0,26.0,16.0,30.0,20.0,21.0,17.0
