10,50,1000
15.860831,18.338989,15.907609,17.987049,19.456402,16.089623,15.112723,18.23433,17.192618,16.157063
6.817432,6.661036,5.864484,6.549124,6.070012,9.455837,5.185513,7.675694,6.191649,5.792636
0.0,10.0,20.0,30.0,40.0,50.0,60.0,70.0,80.0,90.0
10.0,0.0,10.0,20.0,30.0,40.0,50.0,60.0,70.0,80.0
20.0,10.0,0.0,10.0,20.0,30.0,40.0,50.0,60.0,70.0
30.0,20.0,10.0,0.0,10.0,20.0,30.0,40.0,50.0,60.0
40.0,30.0,20.0,10.0,0.0,10.0,20.0,30.0,40.0,50.0
50.0,40.0,30.0,20.0,10.0,0.0,10.0,20.0,30.0,40.0
60.0,50.0,40.0,30.0,20.0,10.0,0.0,10.0,20.0,30.0
70.0,60.0,50.0,40.0,30.0,20.0,10.0,0.0,10.0,20.0
80.0,70.0,60.0,50.0,40.0,30.0,20.0,10.0,0.0,10.0
90.0,80.0,70.0,60.0,50.0,40.0,30.0,20.0,10.0,0.0
450.0,400.0,350.0,300.0,250.0,250.0,300.0,350.0,400.0,450.0
0.0,1.0,2.0,3.0,4.0,5.0,6.0,7.0,8.0,9.0
1.0,0.0,1.0,2.0,3.0,4.0,5.0,6.0,7.0,8.0
2.0,1.0,0.0,1.0,2.0,3.0,4.0,5.0,6.0,7.0
3.0,2.0,1.0,0.0,1.0,2.0,3.0,4.0,5.0,6.0
4.0,3.0,2.0,1.0,0.0,1.0,2.0,3.0,4.0,5.0
5.0,4.0,3.0,2.0,1.0,0.0,1.0,2.0,3.0,4.0
6.0,5.0,4.0,3.0,2.0,1.0,0.0,1.0,2.0,3.0
7.0,6.0,5.0,4.0,3.0,2.0,1.0,0.0,1.0,2.0
8.0,7.0,6.0,5.0,4.0,3.0,2.0,1.0,0.0,1.0
9.0,8.0,7.0,6.0,5.0,4.0,3.0,2.0,1.0,0.0
45.0,40.0,35.0,30.0,25.0,25.0,30.0,35.0,40.0,45.0
29.0,31.0,24.0,26.0,27.0,27.0,21.0,38.0,25.0,25.0,32.0,25.0,22.0,22.0,26.0,20.0,20.0,27.0,26.0,26.0,21.0,33.0,37.0,17.0,28.0,19.0,33.0,28.0,30.0,26.0,19.0,22.0,26.0,32.0,19.0,26.0,22.0,22.0,16.0,31.0,27.0,25.0,30.0,29.0,26.0,16.0,26.0,28.0,28.0,34.0
28.0,25.0,23.0,25.0,17.0,20.0,28.0,22.0,23.0,23.0,27.0,26.0,25.0,30.0,28.0,23.0,24.0,19.0,27.0,27.0,21.0,32.0,19.0,23.0,22.0,24.0,23.0,29.0,22.0,22.0,27.0,27.0,17.0,30.0,25.0,19.0,26.0,30.0,28.0,28.0,15.0,25.0,30.0,34.0,21.0,24.0,16.0,28.0,30.0,28.0
26.0,15.0,22.0,20.0,23.0,25.0,18.0,16.0,20.0,24.0,26.0,13.0,20.0,18.0,15.0,27.0,23.0,28.0,23.0,26.0,23.0,20.0,25.0,28.0,22.0,28.0,23.0,15.0,20.0,27.0,10.0,27.0,20.0,25.0,24.0,21.0,22.0,30.0,33.0,23.0,19.0,18.0,23.0,27.0,22.0,23.0,19.0,26.0,22.0,22.0
25.0,31.0,24.0,28.0,38.0,37.0,32.0,27.0,31.0,28.0,32.0,39.0,23.0,24.0,31.0,22.0,18.0,29.0,20.0,35.0,13.0,22.0,25.0,15.0,36.0,27.0,21.0,23.0,31.0,32.0,29.0,29.0,29.0,24.0,26.0,24.0,23.0,19.0,26.0,28.0,21.0,28.0,25.0,35.0,33.0,23.0,27.0,22.0,26.0,24.0
21.0,25.0,27.0,25.0,28.0,21.0,24.0,19.0,25.0,28.0,17.0,28.0,22.0,17.0,31.0,30.0,34.0,24.0,34.0,23.0,31.0,26.0,22.0,10.0,19.0,31.0,25.0,28.0,23.0,29.0,24.0,21.0,26.0,27.0,17.0,28.0,26.0,24.0,20.0,19.0,29.0,15.0,25.0,29.0,21.0,27.0,18.0,26.0,26.0,23.0
34.0,29.0,24.0,31.0,32.0,33.0,29.0,32.0,32.0,30.0,39.0,37.0,38.0,42.0,25.0,35.0,37.0,27.0,35.0,28.0,34.0,37.0,39.0,29.0,30.0,44.0,33.0,35.0,45.0,35.0,42.0,36.0,33.0,37.0,39.0,33.0,35.0,33.0,30.0,29.0,34.0,26.0,41.0,21.0,33.0,39.0,26.0,32.0,33.0,26.0
16.0,28.0,19.0,21.0,18.0,18.0,21.0,27.0,19.0,18.0,20.0,20.0,25.0,22.0,17.0,21.0,19.0,20.0,20.0,22.0,29.0,19.0,27.0,17.0,23.0,23.0,20.0,14.0,26.0,18.0,17.0,18.0,17.0,31.0,31.0,18.0,25.0,25.0,20.0,21.0,19.0,16.0,19.0,21.0,26.0,14.0,23.0,17.0,26.0,29.0
28.0,33.0,28.0,21.0,32.0,27.0,25.0,22.0,26.0,30.0,28.0,34.0,31.0,25.0,27.0,16.0,29.0,30.0,27.0,37.0,34.0,29.0,31.0,26.0,38.0,29.0,29.0,33.0,24.0,29.0,26.0,33.0,34.0,30.0,28.0,33.0,29.0,33.0,28.0,27.0,27.0,27.0,26.0,27.0,33.0,28.0,33.0,30.0,29.0,35.0
24.0,20.0,24.0,23.0,25.0,26.0,33.0,25.0,28.0,22.0,19.0,22.0,23.0,20.0,25.0,30.0,15.0,20.0,23.0,29.0,23.0,22.0,27.0,28.0,33.0,21.0,28.0,29.0,24.0,24.0,28.0,26.0,14.0,34.0,30.0,18.0,18.0,29.0,26.0,17.0,30.0,23.0,25.0,27.0,21.0,23.0,25.0,26.0,20.0,27.0
14.0,20.0,18.0,33.0,23.0,23.0,18.0,25.0,22.0,19.0,22.0,14.0,27.0,25.0,31.0,25.0,26.0,23.0,22.0,14.0,17.0,18.0,24.0,26.0,22.0,24.0,18.0,18.0,25.0,24.0,21.0,26.0,19.0,20.0,15.0,22.0,25.0,14.0,19.0,28.0,23.0,17.0,16.0,33.0,21.0,29.0,23.0,26.0,26.0,28.0
