10,50,1000
16.261014,16.840752,19.160359,15.641544,19.618958,17.142719,16.429921,18.472156,15.176456,16.072072
9.673529,7.249827,7.895275,7.180091,8.075751,9.468917,6.419596,8.257791,9.104412,7.40687
0.0,10.0,20.0,30.0,40.0,50.0,60.0,70.0,80.0,90.0
10.0,0.0,10.0,20.0,30.0,40.0,50.0,60.0,70.0,80.0
20.0,10.0,0.0,10.0,20.0,30.0,40.0,50.0,60.0,70.0
30.0,20.0,10.0,0.0,10.0,20.0,30.0,40.0,50.0,60.0
40.0,30.0,20.0,10.0,0.0,10.0,20.0,30.0,40.0,50.0
50.0,40.0,30.0,20.0,10.0,0.0,10.0,20.0,30.0,40.0
60.0,50.0,40.0,30.0,20.0,10.0,0.0,10.0,20.0,30.0
70.0,60.0,50.0,40.0,30.0,20.0,10.0,0.0,10.0,20.0
80.0,70.0,60.0,50.0,40.0,30.0,20.0,10.0,0.0,10.0
90.0,80.0,70.0,60.0,50.0,40.0,30.0,20.0,10.0,0.0
450.0,400.0,350.0,300.0,250.0,250.0,300.0,350.0,400.0,450.0
0.0,1.0,2.0,3.0,4.0,5.0,6.0,7.0,8.0,9.0
1.0,0.0,1.0,2.0,3.0,4.0,5.0,6.0,7.0,8.0
2.0,1.0,0.0,1.0,2.0,3.0,4.0,5.0,6.0,7.0
3.0,2.0,1.0,0.0,1.0,2.0,3.0,4.0,5.0,6.0
4.0,3.0,2.0,1.0,0.0,1.0,2.0,3.0,4.0,5.0
5.0,4.0,3.0,2.0,1.0,0.0,1.0,2.0,3.0,4.0
6.0,5.0,4.0,3.0,2.0,1.0,0.0,1.0,2.0,3.0
7.0,6.0,5.0,4.0,3.0,2.0,1.0,0.0,1.0,2.0
8.0,7.0,6.0,5.0,4.0,3.0,2.0,1.0,0.0,1.0
9.0,8.0,7.0,6.0,5.0,4.0,3.0,2.0,1.0,0.0
45.0,40.0,35.0,30.0,25.0,25.0,30.0,35.0,40.0,45.0
33.0,28.0,31.0,36.0,30.0,28.0,32.0,36.0,44.0,38.0,35.0,34.0,38.0,29.0,39.0,34.0,26.0,35.0,23.0,28.0,29.0,30.0,45.0,35.0,44.0,36.0,41.0,33.0,37.0,35.0,46.0,36.0,39.0,24.0,37.0,28.0,29.0,42.0,25.0,27.0,28.0,43.0,41.0,46.0,39.0,34.0,35.0,29.0,30.0,29.0
28.0,25.0,30.0,27.0,18.0,22.0,21.0,37.0,23.0,33.0,29.0,27.0,31.0,32.0,28.0,25.0,32.0,27.0,22.0,29.0,26.0,30.0,31.0,25.0,28.0,37.0,29.0,23.0,21.0,39.0,26.0,30.0,24.0,20.0,29.0,30.0,34.0,17.0,24.0,22.0,25.0,26.0,25.0,28.0,30.0,27.0,32.0,34.0,23.0,16.0
24.0,30.0,23.0,37.0,27.0,37.0,30.0,30.0,16.0,29.0,30.0,27.0,24.0,41.0,35.0,26.0,27.0,30.0,28.0,23.0,29.0,28.0,26.0,35.0,27.0,25.0,34.0,32.0,39.0,39.0,36.0,44.0,17.0,36.0,39.0,29.0,30.0,31.0,37.0,28.0,35.0,26.0,29.0,26.0,28.0,36.0,26.0,36.0,30.0,36.0
31.0,27.0,22.0,22.0,17.0,24.0,25.0,21.0,30.0,44.0,29.0,25.0,28.0,28.0,29.0,30.0,33.0,26.0,23.0,33.0,28.0,26.0,23.0,24.0,27.0,20.0,37.0,31.0,27.0,21.0,30.0,37.0,19.0,30.0,29.0,29.0,19.0,23.0,33.0,34.0,25.0,34.0,34.0,32.0,28.0,29.0,37.0,23.0,21.0,18.0
34.0,30.0,27.0,43.0,28.0,36.0,27.0,21.0,34.0,32.0,36.0,41.0,42.0,33.0,29.0,24.0,34.0,27.0,26.0,30.0,34.0,25.0,38.0,24.0,32.0,32.0,22.0,30.0,34.0,37.0,37.0,36.0,32.0,28.0,41.0,28.0,37.0,36.0,23.0,33.0,31.0,37.0,32.0,35.0,25.0,36.0,39.0,36.0,29.0,22.0
40.0,27.0,38.0,36.0,30.0,33.0,46.0,36.0,35.0,40.0,38.0,30.0,29.0,51.0,39.0,34.0,35.0,26.0,40.0,46.0,40.0,36.0,27.0,27.0,28.0,51.0,39.0,41.0,41.0,42.0,34.0,39.0,32.0,27.0,38.0,33.0,29.0,31.0,30.0,27.0,33.0,30.0,45.0,36.0,31.0,35.0,33.0,36.0,39.0,39.0
34.0,27.0,21.0,32.0,23.0,25.0,32.0,17.0,31.0,31.0,18.0,29.0,18.0,23.0,23.0,26.0,36.0,27.0,19.0,21.0,28.0,22.0,28.0,24.0,28.0,40.0,16.0,38.0,22.0,23.0,28.0,35.0,26.0,26.0,28.0,25.0,29.0,20.0,28.0,20.0,23.0,26.0,25.0,31.0,17.0,22.0,32.0,27.0,24.0,36.0
37.0,35.0,36.0,28.0,36.0,24.0,36.0,38.0,21.0,28.0,27.0,28.0,25.0,33.0,30.0,33.0,35.0,44.0,30.0,32.0,27.0,26.0,35.0,30.0,39.0,37.0,34.0,25.0,28.0,29.0,32.0,29.0,35.0,30.0,31.0,32.0,23.0,32.0,27.0,30.0,34.0,33.0,27.0,33.0,29.0,23.0,32.0,28.0,31.0,31.0
41.0,26.0,44.0,23.0,34.0,32.0,38.0,33.0,25.0,35.0,27.0,38.0,38.0,33.0,38.0,38.0,38.0,33.0,36.0,40.0,40.0,28.0,38.0,41.0,34.0,32.0,36.0,32.0,38.0,36.0,33.0,31.0,39.0,29.0,26.0,27.0,45.0,35.0,33.0,22.0,31.0,28.0,40.0,30.0,35.0,35.0,37.0,21.0,34.0,35.0
35.0,34.0,28.0,34.0,31.0,35.0,31.0,32.0,26.0,33.0,24.0,30.0,39.0,28.0,31.0,30.0,27.0,32.0,26.0,30.0,29.0,16.0,31.0,26.0,29.0,31.0,30.0,29.0,31.0,36.0,26.0,31.0,23.0,30.0,32.0,33.0,26.0,35.0,32.0,22.0,34.0,35.0,26.0,30.0,14.0,29.0,33.0,31.0,30.0,30.0
