10,50,1000
15.263631,17.577777,15.560306,18.486025,16.596989,19.976503,15.799558,19.255008,17.516421,15.424597
6.979995,5.24521,6.730716,7.679246,9.980244,9.534755,5.89942,9.315303,8.1934,6.441092
0.0,10.0,20.0,30.0,40.0,50.0,60.0,70.0,80.0,90.0
10.0,0.0,10.0,20.0,30.0,40.0,50.0,60.0,70.0,80.0
20.0,10.0,0.0,10.0,20.0,30.0,40.0,50.0,60.0,70.0
30.0,20.0,10.0,0.0,10.0,20.0,30.0,40.0,50.0,60.0
40.0,30.0,20.0,10.0,0.0,10.0,20.0,30.0,40.0,50.0
50.0,40.0,30.0,20.0,10.0,0.0,10.0,20.0,30.0,40.0
60.0,50.0,40.0,30.0,20.0,10.0,0.0,10.0,20.0,30.0
70.0,60.0,50.0,40.0,30.0,20.0,10.0,0.0,10.0,20.0
80.0,70.0,60.0,50.0,40.0,30.0,20.0,10.0,0.0,10.0
90.0,80.0,70.0,60.0,50.0,40.0,30.0,20.0,10.0,0.0
450.0,400.0,350.0,300.0,250.0,250.0,300.0,350.0,400.0,450.0
0.0,1.0,2.0,3.0,4.0,5.0,6.0,7.0,8.0,9.0
1.0,0.0,1.0,2.0,3.0,4.0,5.0,6.0,7.0,8.0
2.0,1.0,0.0,1.0,2.0,3.0,4.0,5.0,6.0,7.0
3.0,2.0,1.0,0.0,1.0,2.0,3.0,4.0,5.0,6.0
4.0,3.0,2.0,1.0,0.0,1.0,2.0,3.0,4.0,5.0
5.0,4.0,3.0,2.0,1.0,0.0,1.0,2.0,3.0,4.0
6.0,5.0,4.0,3.0,2.0,1.0,0.0,1.0,2.0,3.0
7.0,6.0,5.0,4.0,3.0,2.0,1.0,0.0,1.0,2.0
8.0,7.0,6.0,5.0,4.0,3.0,2.0,1.0,0.0,1.0
9.0,8.0,7.0,6.0,5.0,4.0,3.0,2.0,1.0,0.0
45.0,40.0,35.0,30.0,25.0,25.0,30.0,35.0,40.0,45.0
33.0,34.0,34.0,24.0,32.0,31.0,20.0,35.0,23.0,22.0,33.0,17.0,18.0,28.0,30.0,22.0,24.0,24.0,27.0,35.0,29.0,24.0,18.0,21.0,27.0,25.0,30.0,24.0,27.0,20.0,26.0,25.0,30.0,35.0,24.0,30.0,19.0,30.0,23.0,29.0,21.0,24.0,29.0,23.0,19.0,25.0,24.0,35.0,25.0,33.0
18.0,18.0,21.0,15.0,21.0,25.0,30.0,30.0,19.0,23.0,34.0,15.0,21.0,26.0,23.0,28.0,22.0,21.0,24.0,27.0,27.0,19.0,25.0,21.0,24.0,21.0,25.0,20.0,27.0,18.0,20.0,21.0,31.0,33.0,22.0,15.0,24.0,26.0,20.0,19.0,22.0,17.0,16.0,26.0,25.0,24.0,21.0,19.0,18.0,21.0
20.0,29.0,27.0,23.0,26.0,31.0,34.0,27.0,19.0,27.0,24.0,35.0,28.0,27.0,27.0,22.0,34.0,22.0,30.0,32.0,27.0,29.0,15.0,28.0,31.0,34.0,26.0,24.0,30.0,31.0,21.0,18.0,21.0,30.0,19.0,24.0,29.0,31.0,26.0,23.0,27.0,25.0,35.0,34.0,28.0,25.0,29.0,29.0,31.0,36.0
26.0,32.0,23.0,28.0,18.0,33.0,39.0,29.0,26.0,24.0,38.0,28.0,34.0,30.0,23.0,28.0,30.0,31.0,19.0,24.0,43.0,22.0,25.0,46.0,29.0,30.0,26.0,26.0,36.0,31.0,32.0,29.0,31.0,30.0,40.0,25.0,32.0,28.0,26.0,32.0,37.0,26.0,24.0,31.0,35.0,34.0,29.0,30.0,32.0,30.0
37.0,34.0,35.0,46.0,41.0,35.0,29.0,34.0,40.0,32.0,39.0,22.0,32.0,38.0,30.0,44.0,48.0,46.0,34.0,41.0,41.0,38.0,25.0,42.0,38.0,31.0,38.0,28.0,32.0,37.0,36.0,27.0,38.0,48.0,30.0,26.0,42.0,37.0,39.0,36.0,30.0,46.0,51.0,35.0,29.0,25.0,37.0,39.0,40.0,38.0
23.0,35.0,45.0,39.0,30.0,30.0,43.0,25.0,40.0,35.0,43.0,42.0,53.0,34.0,33.0,44.0,28.0,35.0,35.0,45.0,34.0,26.0,29.0,42.0,32.0,33.0,36.0,25.0,25.0,37.0,36.0,38.0,38.0,43.0,38.0,36.0,34.0,38.0,35.0,33.0,39.0,31.0,53.0,37.0,32.0,33.0,37.0,44.0,34.0,35.0
25.0,25.0,22.0,23.0,26.0,32.0,20.0,20.0,22.0,19.0,24.0,26.0,30.0,20.0,25.0,20.0,22.0,20.0,31.0,25.0,20.0,22.0,25.0,17.0,23.0,17.0,17.0,25.0,21.0,28.0,17.0,27.0,20.0,17.0,24.0,32.0,27.0,27.0,30.0,23.0,22.0,27.0,17.0,24.0,19.0,18.0,29.0,28.0,19.0,31.0
39.0,29.0,48.0,33.0,26.0,26.0,35.0,29.0,34.0,39.0,36.0,26.0,36.0,31.0,41.0,39.0,30.0,39.0,45.0,41.0,40.0,30.0,30.0,31.0,24.0,37.0,31.0,29.0,40.0,32.0,37.0,38.0,32.0,30.0,36.0,41.0,26.0,38.0,33.0,28.0,36.0,28.0,38.0,36.0,36.0,28.0,35.0,41.0,35.0,36.0
24.0,35.0,26.0,38.0,25.0,26.0,37.0,31.0,28.0,37.0,24.0,27.0,36.0,36.0,20.0,22.0,33.0,31.0,32.0,20.0,35.0,28.0,22.0,39.0,27.0,32.0,23.0,33.0,24.0,24.0,30.0,38.0,42.0,31.0,38.0,40.0,26.0,25.0,37.0,28.0,21.0,23.0,36.0,28.0,17.0,36.0,42.0,31.0,29.0,25.0
23.0,29.0,26.0,31.0,29.0,22.0,27.0,36.0,26.0,25.0,30.0,25.0,26.0,19.0,24.0,27.0,22.0,25.0,25.0,27.0,29.0,40.0,29.0,19.0,28.0,27.0,28.0,34.0,29.0,31.0,30.0,32.0,29.0,19.0,28.0,26.0,24.0,25.0,24.0,28.0,19.0,22.0,23.0,27.0,25.0,28.0,21.0,32.0,16.0,24.0
