10,50,1000
19.083377,15.178723,18.265825,15.707908,19.605033,19.921314,18.737172,17.308332,19.379916,19.117734
9.29496,8.729392,5.660062,8.577899,5.206133,5.880664,7.210627,7.379625,7.284308,7.020532
0.0,10.0,20.0,30.0,40.0,50.0,60.0,70.0,80.0,90.0
10.0,0.0,10.0,20.0,30.0,40.0,50.0,60.0,70.0,80.0
20.0,10.0,0.0,10.0,20.0,30.0,40.0,50.0,60.0,70.0
30.0,20.0,10.0,0.0,10.0,20.0,30.0,40.0,50.0,60.0
40.0,30.0,20.0,10.0,0.0,10.0,20.0,30.0,40.0,50.0
50.0,40.0,30.0,20.0,10.0,0.0,10.0,20.0,30.0,40.0
60.0,50.0,40.0,30.0,20.0,10.0,0.0,10.0,20.0,30.0
70.0,60.0,50.0,40.0,30.0,20.0,10.0,0.0,10.0,20.0
80.0,70.0,60.0,50.0,40.0,30.0,20.0,10.0,0.0,10.0
90.0,80.0,70.0,60.0,50.0,40.0,30.0,20.0,10.0,0.0
450.0,400.0,350.0,300.0,250.0,250.0,300.0,350.0,400.0,450.0
0.0,1.0,2.0,3.0,4.0,5.0,6.0,7.0,8.0,9.0
1.0,0.0,1.0,2.0,3.0,4.0,5.0,6.0,7.0,8.0
2.0,1.0,0.0,1.0,2.0,3.0,4.0,5.0,6.0,7.0
3.0,2.0,1.0,0.0,1.0,2.0,3.0,4.0,5.0,6.0
4.0,3.0,2.0,1.0,0.0,1.0,2.0,3.0,4.0,5.0
5.0,4.0,3.0,2.0,1.0,0.0,1.0,2.0,3.0,4.0
6.0,5.0,4.0,3.0,2.0,1.0,0.0,1.0,2.0,3.0
7.0,6.0,5.0,4.0,3.0,2.0,1.0,0.0,1.0,2.0
8.0,7.0,6.0,5.0,4.0,3.0,2.0,1.0,0.0,1.0
9.0,8.0,7.0,6.0,5.0,4.0,3.0,2.0,1.0,0.0
45.0,40.0,35.0,30.0,25.0,25.0,30.0,35.0,40.0,45.0
43.0,34.0,33.0,35.0,24.0,37.0,31.0,29.0,24.0,31.0,34.0,25.0,34.0,43.0,32.0,43.0,33.0,44.0,34.0,40.0,28.0,47.0,31.0,35.0,40.0,32.0,34.0,32.0,39.0,36.0,41.0,37.0,33.0,34.0,42.0,31.0,42.0,43.0,34.0,34.0,42.0,34.0,38.0,40.0,31.0,22.0,44.0,32.0,42.0,24.0
33.0,32.0,28.0,28.0,27.0,24.0,28.0,31.0,31.0,28.0,30.0,28.0,26.0,34.0,33.0,33.0,37.0,27.0,28.0,45.0,23.0,27.0,35.0,34.0,43.0,36.0,33.0,38.0,30.0,31.0,27.0,29.0,30.0,28.0,31.0,25.0,37.0,36.0,24.0,36.0,32.0,34.0,35.0,23.0,42.0,34.0,32.0,28.0,23.0,35.0
25.0,27.0,22.0,18.0,23.0,22.0,27.0,22.0,16.0,24.0,28.0,23.0,28.0,19.0,18.0,20.0,30.0,28.0,21.0,24.0,20.0,22.0,27.0,28.0,28.0,26.0,19.0,27.0,22.0,27.0,27.0,25.0,27.0,22.0,23.0,23.0,28.0,26.0,27.0,17.0,12.0,25.0,20.0,13.0,21.0,24.0,13.0,25.0,23.0,20.0
28.0,34.0,30.0,43.0,32.0,26.0,31.0,26.0,36.0,34.0,30.0,25.0,33.0,29.0,41.0,29.0,28.0,26.0,38.0,37.0,28.0,30.0,30.0,31.0,26.0,34.0,33.0,25.0,27.0,37.0,29.0,25.0,38.0,36.0,23.0,37.0,32.0,22.0,38.0,26.0,30.0,31.0,33.0,26.0,33.0,35.0,37.0,33.0,29.0,39.0
18.0,23.0,16.0,31.0,28.0,19.0,31.0,26.0,20.0,30.0,21.0,18.0,15.0,25.0,25.0,18.0,22.0,24.0,21.0,20.0,21.0,27.0,25.0,26.0,25.0,15.0,30.0,24.0,18.0,21.0,22.0,31.0,24.0,28.0,18.0,24.0,25.0,15.0,17.0,26.0,31.0,21.0,23.0,26.0,20.0,17.0,28.0,29.0,15.0,21.0
25.0,26.0,20.0,16.0,29.0,17.0,26.0,26.0,15.0,30.0,26.0,26.0,25.0,25.0,24.0,33.0,18.0,26.0,26.0,22.0,21.0,21.0,23.0,15.0,30.0,14.0,29.0,28.0,19.0,29.0,28.0,28.0,23.0,28.0,17.0,18.0,18.0,27.0,23.0,27.0,26.0,18.0,33.0,20.0,29.0,22.0,20.0,24.0,26.0,22.0
28.0,22.0,40.0,21.0,25.0,17.0,20.0,28.0,38.0,28.0,33.0,27.0,34.0,34.0,28.0,23.0,31.0,36.0,35.0,30.0,31.0,30.0,22.0,31.0,36.0,39.0,28.0,34.0,29.0,29.0,27.0,30.0,30.0,28.0,26.0,31.0,31.0,30.0,32.0,22.0,25.0,27.0,39.0,31.0,26.0,46.0,37.0,21.0,27.0,24.0
25.0,22.0,22.0,26.0,27.0,35.0,37.0,30.0,22.0,28.0,30.0,32.0,32.0,21.0,25.0,40.0,23.0,24.0,22.0,35.0,21.0,31.0,28.0,38.0,16.0,23.0,35.0,32.0,35.0,27.0,28.0,24.0,25.0,22.0,31.0,25.0,21.0,37.0,27.0,28.0,41.0,30.0,27.0,21.0,30.0,35.0,26.0,30.0,19.0,31.0
28.0,38.0,29.0,26.0,24.0,27.0,21.0,40.0,25.0,30.0,32.0,33.0,29.0,28.0,28.0,31.0,24.0,28.0,36.0,27.0,27.0,22.0,33.0,30.0,25.0,31.0,22.0,25.0,23.0,19.0,27.0,35.0,34.0,23.0,36.0,23.0,38.0,28.0,33.0,31.0,23.0,22.0,24.0,24.0,23.0,36.0,33.0,26.0,36.0,21.0
27.0,33.0,22.0,28.0,23.0,32.0,24.0,35.0,37.0,26.0,27.0,25.0,36.0,28.0,38.0,31.0,25.0,34.0,22.0,31.0,34.0,26.0,20.0,22.0,27.0,30.0,25.0,30.0,24.0,33.0,27.0,23.0,23.0,28.0,29.0,34.0,29.0,28.0,39.0,28.0,26.0,28.0,22.0,32.0,31.0,33.0,43.0,30.0,30.0,28.0
