10,50,1000
17.024812,15.611751,15.562096,15.994821,17.076653,17.375901,19.975579,17.37194,18.498964,17.188702
5.546713,7.785692,9.78968,5.439618,8.322631,6.051188,6.252504,7.168238,9.501188,5.830214
0.0,10.0,20.0,30.0,40.0,50.0,60.0,70.0,80.0,90.0
10.0,0.0,10.0,20.0,30.0,40.0,50.0,60.0,70.0,80.0
20.0,10.0,0.0,10.0,20.0,30.0,40.0,50.0,60.0,70.0
30.0,20.0,10.0,0.0,10.0,20.0,30.0,40.0,50.0,60.0
40.0,30.0,20.0,10.0,0.0,10.0,20.0,30.0,40.0,50.0
50.0,40.0,30.0,20.0,10.0,0.0,10.0,20.0,30.0,40.0
60.0,50.0,40.0,30.0,20.0,10.0,0.0,10.0,20.0,30.0
70.0,60.0,50.0,40.0,30.0,20.0,10.0,0.0,10.0,20.0
80.0,70.0,60.0,50.0,40.0,30.0,20.0,10.0,0.0,10.0
90.0,80.0,70.0,60.0,50.0,40.0,30.0,20.0,10.0,0.0
450.0,400.0,350.0,300.0,250.0,250.0,300.0,350.0,400.0,450.0
0.0,1.0,2.0,3.0,4.0,5.0,6.0,7.0,8.0,9.0
1.0,0.0,1.0,2.0,3.0,4.0,5.0,6.0,7.0,8.0
2.0,1.0,0.0,1.0,2.0,3.0,4.0,5.0,6.0,7.0
3.0,2.0,1.0,0.0,1.0,2.0,3.0,4.0,5.0,6.0
4.0,3.0,2.0,1.0,0.0,1.0,2.0,3.0,4.0,5.0
5.0,4.0,3.0,2.0,1.0,0.0,1.0,2.0,3.0,4.0
6.0,5.0,4.0,3.0,2.0,1.0,0.0,1.0,2.0,3.0
7.0,6.0,5.0,4.0,3.0,2.0,1.0,0.0,1.0,2.0
8.0,7.0,6.0,5.0,4.0,3.0,2.0,1.0,0.0,1.0
9.0,8.0,7.0,6.0,5.0,4.0,3.0,2.0,1.0,0.0
45.0,40.0,35.0,30.0,25.0,25.0,30.0,35.0,40.0,45.0
12.0,16.0,31.0,25.0,22.0,19.0,19.0,27.0,23.0,21.0,21.0,19.0,24.0,20.0,25.0,21.0,16.0,22.0,28.0,24.0,24.0,26.0,21.0,19.0,30.0,25.0,16.0,21.0,26.0,24.0,34.0,23.0,20.0,21.0,22.0,19.0,26.0,21.0,17.0,25.0,25.0,24.0,19.0,14.0,18.0,20.0,22.0,34.0,29.0,24.0
31.0,18.0,24.0,38.0,25.0,32.0,32.0,25.0,24.0,36.0,19.0,38.0,27.0,32.0,24.0,26.0,25.0,35.0,24.0,21.0,28.0,31.0,36.0,28.0,27.0,25.0,31.0,35.0,31.0,20.0,26.0,30.0,23.0,18.0,30.0,21.0,34.0,32.0,27.0,34.0,36.0,27.0,35.0,24.0,21.0,21.0,25.0,32.0,31.0,30.0
35.0,33.0,43.0,34.0,33.0,47.0,38.0,40.0,35.0,36.0,42.0,35.0,43.0,38.0,36.0,22.0,36.0,36.0,32.0,35.0,39.0,28.0,45.0,26.0,33.0,41.0,33.0,33.0,51.0,40.0,24.0,41.0,36.0,39.0,31.0,31.0,43.0,32.0,39.0,25.0,45.0,43.0,38.0,31.0,38.0,32.0,31.0,32.0,36.0,31.0
10.0,28.0,24.0,28.0,20.0,24.0,35.0,27.0,29.0,22.0,20.0,31.0,18.0,25.0,18.0,19.0,29.0,23.0,24.0,21.0,27.0,21.0,23.0,24.0,29.0,29.0,22.0,19.0,30.0,28.0,19.0,24.0,23.0,17.0,14.0,14.0,23.0,29.0,17.0,21.0,16.0,26.0,21.0,19.0,25.0,25.0,25.0,26.0,22.0,28.0
36.0,29.0,28.0,39.0,36.0,40.0,33.0,30.0,33.0,31.0,29.0,24.0,27.0,39.0,29.0,29.0,24.0,24.0,28.0,32.0,35.0,28.0,36.0,37.0,36.0,43.0,32.0,29.0,31.0,43.0,39.0,34.0,42.0,33.0,52.0,30.0,31.0,24.0,26.0,34.0,38.0,28.0,21.0,30.0,24.0,29.0,33.0,30.0,35.0,25.0
20.0,23.0,26.0,23.0,21.0,34.0,18.0,23.0,18.0,27.0,29.0,20.0,19.0,13.0,22.0,29.0,25.0,25.0,34.0,33.0,26.0,27.0,25.0,27.0,30.0,25.0,19.0,26.0,27.0,16.0,23.0,19.0,23.0,31.0,24.0,27.0,28.0,22.0,27.0,25.0,23.0,18.0,18.0,29.0,36.0,23.0,22.0,22.0,18.0,22.0
30.0,24.0,28.0,27.0,24.0,27.0,25.0,28.0,18.0,24.0,26.0,14.0,32.0,27.0,25.0,28.0,32.0,28.0,22.0,20.0,18.0,26.0,27.0,22.0,24.0,32.0,29.0,26.0,15.0,29.0,34.0,28.0,23.0,21.0,29.0,32.0,21.0,19.0,20.0,24.0,27.0,28.0,16.0,25.0,29.0,29.0,29.0,23.0,25.0,19.0
25.0,31.0,26.0,32.0,28.0,29.0,27.0,34.0,24.0,21.0,29.0,39.0,25.0,24.0,26.0,29.0,22.0,20.0,29.0,27.0,30.0,33.0,32.0,22.0,31.0,26.0,28.0,20.0,26.0,33.0,29.0,30.0,25.0,20.0,36.0,29.0,26.0,28.0,32.0,24.0,33.0,28.0,33.0,26.0,28.0,32.0,23.0,29.0,31.0,31.0
38.0,33.0,27.0,32.0,38.0,28.0,41.0,42.0,42.0,32.0,38.0,36.0,22.0,30.0,32.0,35.0,40.0,49.0,26.0,40.0,32.0,39.0,35.0,45.0,38.0,36.0,39.0,27.0,39.0,29.0,38.0,31.0,33.0,35.0,27.0,37.0,38.0,33.0,43.0,40.0,29.0,35.0,35.0,30.0,41.0,33.0,28.0,31.0,27.0,44.0
22.0,20.0,29.0,20.0,24.0,22.0,20.0,29.0,22.0,22.0,32.0,16.0,24.0,21.0,23.0,34.0,24.0,25.0,24.0,21.0,23.0,29.0,13.0,19.0,18.0,24.0,23.0,28.0,33.0,24.0,29.0,14.0,24.0,21.0,29.0,19.0,26.0,21.0,21.0,19.0,21.0,17.0,30.0,25.0,19.0,21.0,22.0,26.0,24.0,25.0
