10,50,1000
16.681985,17.547214,16.955552,18.885687,18.53022,17.095583,19.79291,17.517452,15.83587,15.74
5.248903,5.366592,9.631002,9.938608,7.957469,9.965725,6.775596,7.961189,7.408222,5.973461
0.0,10.0,20.0,30.0,40.0,50.0,60.0,70.0,80.0,90.0
10.0,0.0,10.0,20.0,30.0,40.0,50.0,60.0,70.0,80.0
20.0,10.0,0.0,10.0,20.0,30.0,40.0,50.0,60.0,70.0
30.0,20.0,10.0,0.0,10.0,20.0,30.0,40.0,50.0,60.0
40.0,30.0,20.0,10.0,0.0,10.0,20.0,30.0,40.0,50.0
50.0,40.0,30.0,20.0,10.0,0.0,10.0,20.0,30.0,40.0
60.0,50.0,40.0,30.0,20.0,10.0,0.0,10.0,20.0,30.0
70.0,60.0,50.0,40.0,30.0,20.0,10.0,0.0,10.0,20.0
80.0,70.0,60.0,50.0,40.0,30.0,20.0,10.0,0.0,10.0
90.0,80.0,70.0,60.0,50.0,40.0,30.0,20.0,10.0,0.0
450.0,400.0,350.0,300.0,250.0,250.0,300.0,350.0,400.0,450.0
0.0,1.0,2.0,3.0,4.0,5.0,6.0,7.0,8.0,9.0
1.0,0.0,1.0,2.0,3.0,4.0,5.0,6.0,7.0,8.0
2.0,1.0,0.0,1.0,2.0,3.0,4.0,5.0,6.0,7.0
3.0,2.0,1.0,0.0,1.0,2.0,3.0,4.0,5.0,6.0
4.0,3.0,2.0,1.0,0.0,1.0,2.0,3.0,4.0,5.0
5.0,4.0,3.0,2.0,1.0,0.0,1.0,2.0,3.0,4.0
6.0,5.0,4.0,3.0,2.0,1.0,0.0,1.0,2.0,3.0
7.0,6.0,5.0,4.0,3.0,2.0,1.0,0.0,1.0,2.0
8.0,7.0,6.0,5.0,4.0,3.0,2.0,1.0,0.0,1.0
9.0,8.0,7.0,6.0,5.0,4.0,3.0,2.0,1.0,0.0
45.0,40.0,35.0,30.0,25.0,25.0,30.0,35.0,40.0,45.0
17.0,22.0,24.0,22.0,23.0,20.0,20.0,23.0,14.0,23.0,12.0,23.0,22.0,14.0,19.0,24.0,25.0,21.0,23.0,11.0,20.0,27.0,18.0,17.0,22.0,20.0,15.0,20.0,27.0,23.0,16.0,25.0,18.0,20.0,17.0,18.0,27.0,25.0,28.0,23.0,25.0,24.0,20.0,17.0,19.0,26.0,28.0,19.0,13.0,21.0
18.0,31.0,20.0,17.0,27.0,21.0,32.0,15.0,19.0,24.0,19.0,27.0,18.0,23.0,23.0,12.0,22.0,26.0,21.0,24.0,19.0,19.0,28.0,20.0,18.0,21.0,30.0,26.0,25.0,26.0,19.0,21.0,26.0,17.0,35.0,26.0,28.0,24.0,23.0,25.0,23.0,19.0,25.0,17.0,24.0,13.0,27.0,25.0,23.0,24.0
42.0,34.0,36.0,37.0,34.0,45.0,34.0,41.0,33.0,37.0,40.0,39.0,39.0,30.0,34.0,38.0,39.0,41.0,34.0,37.0,29.0,36.0,31.0,28.0,38.0,26.0,36.0,30.0,30.0,37.0,37.0,35.0,33.0,30.0,24.0,24.0,21.0,41.0,34.0,43.0,37.0,32.0,26.0,30.0,33.0,45.0,28.0,26.0,34.0,38.0
42.0,41.0,28.0,33.0,33.0,50.0,41.0,41.0,42.0,40.0,28.0,39.0,45.0,31.0,27.0,43.0,38.0,32.0,38.0,39.0,26.0,33.0,28.0,45.0,36.0,35.0,40.0,37.0,40.0,40.0,37.0,40.0,30.0,36.0,42.0,37.0,37.0,40.0,31.0,40.0,37.0,33.0,38.0,39.0,33.0,30.0,37.0,22.0,34.0,32.0
36.0,37.0,37.0,40.0,28.0,46.0,28.0,31.0,27.0,33.0,23.0,28.0,29.0,33.0,23.0,31.0,25.0,37.0,40.0,28.0,37.0,23.0,26.0,28.0,28.0,32.0,32.0,21.0,19.0,29.0,31.0,31.0,33.0,40.0,31.0,28.0,37.0,38.0,31.0,28.0,43.0,42.0,42.0,17.0,29.0,35.0,27.0,47.0,34.0,28.0
36.0,38.0,34.0,40.0,30.0,41.0,32.0,37.0,43.0,46.0,34.0,41.0,37.0,37.0,45.0,40.0,38.0,30.0,36.0,22.0,33.0,36.0,44.0,36.0,29.0,41.0,41.0,29.0,35.0,31.0,45.0,31.0,43.0,32.0,34.0,48.0,39.0,39.0,28.0,42.0,32.0,41.0,42.0,30.0,49.0,32.0,35.0,33.0,22.0,34.0
28.0,33.0,24.0,20.0,27.0,37.0,30.0,20.0,30.0,34.0,27.0,34.0,25.0,19.0,24.0,24.0,25.0,34.0,34.0,21.0,36.0,26.0,27.0,28.0,21.0,20.0,20.0,21.0,27.0,24.0,16.0,25.0,13.0,24.0,19.0,24.0,24.0,24.0,25.0,22.0,25.0,21.0,24.0,24.0,42.0,24.0,30.0,19.0,27.0,24.0
36.0,34.0,30.0,31.0,31.0,23.0,25.0,33.0,24.0,20.0,35.0,33.0,26.0,29.0,26.0,30.0,41.0,26.0,26.0,33.0,37.0,28.0,26.0,27.0,25.0,27.0,27.0,28.0,29.0,39.0,31.0,29.0,38.0,30.0,24.0,37.0,24.0,34.0,35.0,34.0,32.0,34.0,36.0,40.0,26.0,27.0,27.0,35.0,31.0,29.0
26.0,25.0,29.0,37.0,22.0,30.0,24.0,36.0,38.0,25.0,26.0,27.0,28.0,35.0,36.0,17.0,31.0,18.0,30.0,26.0,30.0,28.0,30.0,23.0,25.0,33.0,33.0,20.0,29.0,26.0,31.0,26.0,26.0,31.0,35.0,26.0,31.0,28.0,16.0,30.0,33.0,21.0,24.0,24.0,29.0,29.0,21.0,25.0,23.0,25.0
17.0,15.0,18.0,24.0,26.0,16.0,20.0,17.0,17.0,22.0,21.0,29.0,16.0,17.0,23.0,18.0,25.0,23.0,27.0,25.0,32.0,19.0,14.0,24.0,20.0,23.0,16.0,26.0,24.0,19.0,24.0,24.0,27.0,15.0,29.0,20.0,31.0,25.0,23.0,23.0,26.0,22.0,20.0,28.0,24.0,29.0,22.0,20.0,25.0,17.0
