10,50,1000
15.648921,18.147788,15.984758,19.508231,15.472283,19.497263,15.667273,17.598438,18.572635,16.745972
8.166334,9.837807,9.138789,9.885036,6.981829,7.243592,7.806483,5.754602,7.798317,6.708865
0.0,10.0,20.0,30.0,40.0,50.0,60.0,70.0,80.0,90.0
10.0,0.0,10.0,20.0,30.0,40.0,50.0,60.0,70.0,80.0
20.0,10.0,0.0,10.0,20.0,30.0,40.0,50.0,60.0,70.0
30.0,20.0,10.0,0.0,10.0,20.0,30.0,40.0,50.0,60.0
40.0,30.0,20.0,10.0,0.0,10.0,20.0,30.0,40.0,50.0
50.0,40.0,30.0,20.0,10.0,0.0,10.0,20.0,30.0,40.0
60.0,50.0,40.0,30.0,20.0,10.0,0.0,10.0,20.0,30.0
70.0,60.0,50.0,40.0,30.0,20.0,10.0,0.0,10.0,20.0
80.0,70.0,60.0,50.0,40.0,30.0,20.0,10.0,0.0,10.0
90.0,80.0,70.0,60.0,50.0,40.0,30.0,20.0,10.0,0.0
450.0,400.0,350.0,300.0,250.0,250.0,300.0,350.0,400.0,450.0
0.0,1.0,2.0,3.0,4.0,5.0,6.0,7.0,8.0,9.0
1.0,0.0,1.0,2.0,3.0,4.0,5.0,6.0,7.0,8.0
2.0,1.0,0.0,1.0,2.0,3.0,4.0,5.0,6.0,7.0
3.0,2.0,1.0,0.0,1.0,2.0,3.0,4.0,5.0,6.0
4.0,3.0,2.0,1.0,0.0,1.0,2.0,3.0,4.0,5.0
5.0,4.0,3.0,2.0,1.0,0.0,1.0,2.0,3.0,4.0
6.0,5.0,4.0,3.0,2.0,1.0,0.0,1.0,2.0,3.0
7.0,6.0,5.0,4.0,3.0,2.0,1.0,0.0,1.0,2.0
8.0,7.0,6.0,5.0,4.0,3.0,2.0,1.0,0.0,1.0
9.0,8.0,7.0,6.0,5.0,4.0,3.0,2.0,1.0,0.0
45.0,40.0,35.0,30.0,25.0,25.0,30.0,35.0,40.0,45.0
25.0,25.0,40.0,30.0,23.0,29.0,31.0,33.0,33.0,25.0,32.0,39.0,30.0,31.0,29.0,28.0,27.0,26.0,31.0,31.0,28.0,25.0,23.0,29.0,25.0,35.0,32.0,18.0,31.0,35.0,30.0,34.0,25.0,29.0,24.0,41.0,41.0,26.0,35.0,31.0,26.0,40.0,31.0,25.0,25.0,24.0,41.0,27.0,29.0,25.0
36.0,32.0,35.0,40.0,36.0,34.0,32.0,38.0,27.0,44.0,50.0,35.0,34.0,31.0,47.0,38.0,31.0,38.0,47.0,28.0,40.0,29.0,32.0,27.0,37.0,35.0,40.0,37.0,41.0,28.0,40.0,35.0,39.0,30.0,34.0,41.0,40.0,43.0,27.0,29.0,44.0,47.0,44.0,33.0,35.0,26.0,42.0,41.0,33.0,40.0
25.0,40.0,27.0,32.0,26.0,32.0,32.0,43.0,30.0,36.0,34.0,33.0,35.0,36.0,34.0,38.0,41.0,31.0,26.0,27.0,33.0,39.0,44.0,31.0,37.0,24.0,37.0,22.0,32.0,28.0,35.0,29.0,37.0,32.0,30.0,27.0,28.0,22.0,33.0,35.0,32.0,28.0,34.0,30.0,39.0,14.0,34.0,31.0,33.0,37.0
38.0,41.0,46.0,48.0,41.0,30.0,37.0,49.0,41.0,33.0,28.0,50.0,49.0,50.0,33.0,24.0,33.0,34.0,30.0,36.0,45.0,34.0,36.0,33.0,37.0,39.0,41.0,35.0,30.0,35.0,31.0,41.0,47.0,38.0,42.0,38.0,47.0,35.0,35.0,54.0,50.0,35.0,42.0,45.0,31.0,37.0,39.0,37.0,41.0,38.0
23.0,35.0,29.0,21.0,29.0,23.0,22.0,24.0,15.0,17.0,30.0,31.0,23.0,33.0,22.0,34.0,19.0,24.0,22.0,34.0,24.0,27.0,27.0,18.0,30.0,25.0,14.0,23.0,25.0,26.0,26.0,28.0,19.0,29.0,21.0,30.0,18.0,21.0,33.0,31.0,23.0,32.0,34.0,22.0,22.0,24.0,24.0,27.0,24.0,26.0
29.0,38.0,32.0,35.0,28.0,34.0,29.0,28.0,32.0,29.0,32.0,33.0,28.0,25.0,22.0,35.0,31.0,30.0,27.0,29.0,29.0,27.0,34.0,22.0,37.0,31.0,33.0,27.0,25.0,34.0,29.0,23.0,29.0,26.0,25.0,30.0,35.0,27.0,29.0,32.0,24.0,21.0,30.0,34.0,31.0,27.0,27.0,33.0,24.0,21.0
22.0,34.0,36.0,40.0,26.0,19.0,26.0,36.0,22.0,30.0,31.0,22.0,18.0,34.0,24.0,32.0,23.0,26.0,34.0,32.0,26.0,24.0,36.0,31.0,26.0,27.0,38.0,24.0,25.0,29.0,27.0,16.0,21.0,33.0,29.0,20.0,27.0,25.0,25.0,29.0,33.0,29.0,24.0,36.0,27.0,27.0,29.0,26.0,24.0,34.0
16.0,14.0,21.0,19.0,28.0,22.0,21.0,36.0,21.0,14.0,28.0,28.0,24.0,26.0,19.0,23.0,26.0,27.0,33.0,22.0,24.0,30.0,26.0,29.0,29.0,22.0,19.0,24.0,18.0,25.0,23.0,21.0,17.0,18.0,23.0,21.0,32.0,22.0,24.0,27.0,22.0,28.0,15.0,22.0,28.0,23.0,24.0,25.0,24.0,19.0
26.0,38.0,30.0,37.0,34.0,36.0,24.0,24.0,37.0,27.0,33.0,35.0,35.0,30.0,38.0,31.0,30.0,23.0,35.0,31.0,30.0,25.0,35.0,23.0,32.0,21.0,30.0,28.0,29.0,29.0,34.0,32.0,31.0,30.0,28.0,29.0,24.0,25.0,37.0,42.0,21.0,35.0,30.0,25.0,33.0,28.0,27.0,26.0,41.0,41.0
25.0,23.0,19.0,21.0,28.0,17.0,24.0,18.0,34.0,26.0,25.0,21.0,31.0,29.0,21.0,24.0,21.0,33.0,28.0,24.0,30.0,30.0,22.0,27.0,25.0,35.0,31.0,42.0,23.0,38.0,24.0,34.0,17.0,21.0,32.0,30.0,25.0,21.0,28.0,26.0,33.0,30.0,17.0,24.0,31.0,20.0,45.0,24.0,22.0,23.0
