10,50,1000
18.364597,16.69939,18.0529,19.478267,15.828705,17.999001,16.42089,19.91681,15.704164,15.959224
7.783678,5.075829,7.334509,5.284729,7.725216,8.47147,6.508532,7.276621,5.513364,8.64091
0.0,10.0,20.0,30.0,40.0,50.0,60.0,70.0,80.0,90.0
10.0,0.0,10.0,20.0,30.0,40.0,50.0,60.0,70.0,80.0
20.0,10.0,0.0,10.0,20.0,30.0,40.0,50.0,60.0,70.0
30.0,20.0,10.0,0.0,10.0,20.0,30.0,40.0,50.0,60.0
40.0,30.0,20.0,10.0,0.0,10.0,20.0,30.0,40.0,50.0
50.0,40.0,30.0,20.0,10.0,0.0,10.0,20.0,30.0,40.0
60.0,50.0,40.0,30.0,20.0,10.0,0.0,10.0,20.0,30.0
70.0,60.0,50.0,40.0,30.0,20.0,10.0,0.0,10.0,20.0
80.0,70.0,60.0,50.0,40.0,30.0,20.0,10.0,0.0,10.0
90.0,80.0,70.0,60.0,50.0,40.0,30.0,20.0,10.0,0.0
450.0,400.0,350.0,300.0,250.0,250.0,300.0,350.0,400.0,450.0
0.0,1.0,2.0,3.0,4.0,5.0,6.0,7.0,8.0,9.0
1.0,0.0,1.0,2.0,3.0,4.0,5.0,6.0,7.0,8.0
2.0,1.0,0.0,1.0,2.0,3.0,4.0,5.0,6.0,7.0
3.0,2.0,1.0,0.0,1.0,2.0,3.0,4.0,5.0,6.0
4.0,3.0,2.0,1.0,0.0,1.0,2.0,3.0,4.0,5.0
5.0,4.0,3.0,2.0,1.0,0.0,1.0,2.0,3.0,4.0
6.0,5.0,4.0,3.0,2.0,1.0,0.0,1.0,2.0,3.0
7.0,6.0,5.0,4.0,3.0,2.0,1.0,0.0,1.0,2.0
8.0,7.0,6.0,5.0,4.0,3.0,2.0,1.0,0.0,1.0
9.0,8.0,7.0,6.0,5.0,4.0,3.0,2.0,1.0,0.0
45.0,40.0,35.0,30.0,25.0,25.0,30.0,35.0,40.0,45.0
31.0,33.0,22.0,33.0,37.0,29.0,32.0,20.0,25.0,32.0,36.0,47.0,28.0,26.0,25.0,37.0,36.0,29.0,29.0,22.0,42.0,29.0,27.0,24.0,25.0,39.0,34.0,31.0,28.0,33.0,36.0,37.0,31.0,39.0,24.0,36.0,30.0,37.0,28.0,32.0,28.0,23.0,28.0,36.0,22.0,27.0,32.0,34.0,25.0,37.0
22.0,15.0,27.0,20.0,16.0,18.0,17.0,23.0,26.0,15.0,36.0,17.0,18.0,17.0,16.0,22.0,18.0,26.0,17.0,16.0,28.0,18.0,20.0,16.0,17.0,23.0,19.0,26.0,30.0,16.0,19.0,16.0,24.0,18.0,21.0,25.0,14.0,22.0,25.0,22.0,22.0,25.0,22.0,19.0,24.0,18.0,21.0,17.0,15.0,17.0
28.0,21.0,24.0,33.0,31.0,36.0,25.0,19.0,32.0,32.0,36.0,26.0,29.0,22.0,33.0,29.0,21.0,30.0,27.0,29.0,24.0,33.0,32.0,29.0,33.0,28.0,27.0,33.0,33.0,22.0,18.0,21.0,25.0,25.0,31.0,28.0,23.0,21.0,32.0,30.0,32.0,32.0,23.0,30.0,17.0,31.0,29.0,26.0,30.0,27.0
15.0,18.0,23.0,28.0,21.0,23.0,26.0,32.0,23.0,22.0,19.0,21.0,26.0,19.0,24.0,21.0,25.0,15.0,20.0,22.0,19.0,35.0,24.0,25.0,23.0,26.0,28.0,20.0,24.0,29.0,25.0,20.0,24.0,32.0,28.0,19.0,26.0,25.0,19.0,26.0,30.0,20.0,19.0,29.0,23.0,21.0,25.0,25.0,29.0,18.0
34.0,24.0,20.0,26.0,33.0,28.0,30.0,38.0,26.0,27.0,25.0,40.0,25.0,32.0,37.0,28.0,28.0,28.0,22.0,29.0,27.0,33.0,30.0,38.0,38.0,34.0,29.0,34.0,32.0,21.0,27.0,23.0,31.0,32.0,35.0,31.0,28.0,24.0,31.0,26.0,20.0,28.0,33.0,26.0,23.0,27.0,23.0,31.0,30.0,22.0
29.0,18.0,28.0,30.0,27.0,37.0,32.0,41.0,26.0,30.0,32.0,38.0,42.0,32.0,35.0,29.0,28.0,29.0,35.0,25.0,36.0,29.0,23.0,24.0,31.0,35.0,35.0,31.0,31.0,28.0,34.0,31.0,33.0,36.0,29.0,32.0,37.0,28.0,36.0,34.0,29.0,28.0,21.0,35.0,37.0,28.0,36.0,28.0,28.0,32.0
27.0,24.0,25.0,25.0,23.0,22.0,22.0,23.0,20.0,20.0,25.0,26.0,24.0,33.0,26.0,23.0,26.0,26.0,24.0,25.0,24.0,24.0,25.0,25.0,22.0,26.0,21.0,28.0,21.0,26.0,28.0,14.0,33.0,31.0,32.0,32.0,27.0,30.0,18.0,23.0,24.0,28.0,32.0,30.0,27.0,34.0,22.0,21.0,28.0,23.0
29.0,32.0,37.0,35.0,24.0,27.0,29.0,34.0,31.0,23.0,38.0,43.0,29.0,28.0,32.0,22.0,33.0,29.0,24.0,31.0,29.0,28.0,40.0,26.0,42.0,33.0,30.0,26.0,24.0,24.0,35.0,22.0,30.0,24.0,31.0,37.0,24.0,25.0,30.0,33.0,31.0,29.0,26.0,35.0,20.0,34.0,30.0,29.0,23.0,32.0
16.0,23.0,16.0,21.0,19.0,32.0,20.0,23.0,13.0,28.0,26.0,12.0,24.0,26.0,22.0,21.0,24.0,20.0,23.0,24.0,20.0,21.0,28.0,28.0,28.0,14.0,14.0,27.0,17.0,24.0,22.0,24.0,37.0,21.0,18.0,25.0,19.0,24.0,13.0,23.0,28.0,13.0,23.0,32.0,19.0,18.0,23.0,18.0,26.0,14.0
35.0,32.0,28.0,33.0,26.0,37.0,30.0,40.0,39.0,29.0,34.0,40.0,42.0,37.0,38.0,30.0,35.0,39.0,28.0,42.0,35.0,29.0,37.0,30.0,26.0,25.0,29.0,35.0,29.0,27.0,34.0,38.0,35.0,30.0,27.0,38.0,32.0,38.0,24.0,28.0,29.0,35.0,38.0,46.0,38.0,33.0,28.0,26.0,37.0,36.0
