10,50,1000
18.494752,15.329897,17.876127,19.700128,15.147568,16.712317,19.704511,17.45568,19.948122,16.596797
5.222983,7.684831,9.328302,8.223192,5.08161,8.810906,7.556443,7.129265,9.899001,8.733122
0.0,10.0,20.0,30.0,40.0,50.0,60.0,70.0,80.0,90.0
10.0,0.0,10.0,20.0,30.0,40.0,50.0,60.0,70.0,80.0
20.0,10.0,0.0,10.0,20.0,30.0,40.0,50.0,60.0,70.0
30.0,20.0,10.0,0.0,10.0,20.0,30.0,40.0,50.0,60.0
40.0,30.0,20.0,10.0,0.0,10.0,20.0,30.0,40.0,50.0
50.0,40.0,30.0,20.0,10.0,0.0,10.0,20.0,30.0,40.0
60.0,50.0,40.0,30.0,20.0,10.0,0.0,10.0,20.0,30.0
70.0,60.0,50.0,40.0,30.0,20.0,10.0,0.0,10.0,20.0
80.0,70.0,60.0,50.0,40.0,30.0,20.0,10.0,0.0,10.0
90.0,80.0,70.0,60.0,50.0,40.0,30.0,20.0,10.0,0.0
450.0,400.0,350.0,300.0,250.0,250.0,300.0,350.0,400.0,450.0
0.0,1.0,2.0,3.0,4.0,5.0,6.0,7.0,8.0,9.0
1.0,0.0,1.0,2.0,3.0,4.0,5.0,6.0,7.0,8.0
2.0,1.0,0.0,1.0,2.0,3.0,4.0,5.0,6.0,7.0
3.0,2.0,1.0,0.0,1.0,2.0,3.0,4.0,5.0,6.0
4.0,3.0,2.0,1.0,0.0,1.0,2.0,3.0,4.0,5.0
5.0,4.0,3.0,2.0,1.0,0.0,1.0,2.0,3.0,4.0
6.0,5.0,4.0,3.0,2.0,1.0,0.0,1.0,2.0,3.0
7.0,6.0,5.0,4.0,3.0,2.0,1.0,0.0,1.0,2.0
8.0,7.0,6.0,5.0,4.0,3.0,2.0,1.0,0.0,1.0
9.0,8.0,7.0,6.0,5.0,4.0,3.0,2.0,1.0,0.0
45.0,40.0,35.0,30.0,25.0,25.0,30.0,35.0,40.0,45.0
13.0,21.0,23.0,19.0,21.0,23.0,24.0,26.0,19.0,23.0,17.0,29.0,20.0,28.0,22.0,27.0,20.0,23.0,29.0,25.0,24.0,22.0,21.0,20.0,35.0,30.0,21.0,27.0,29.0,21.0,25.0,16.0,24.0,16.0,20.0,21.0,27.0,16.0,24.0,21.0,21.0,24.0,18.0,22.0,27.0,23.0,26.0,35.0,24.0,27.0
29.0,34.0,32.0,37.0,29.0,23.0,33.0,35.0,23.0,39.0,32.0,24.0,34.0,28.0,23.0,27.0,21.0,31.0,30.0,23.0,32.0,31.0,22.0,24.0,26.0,30.0,34.0,40.0,28.0,31.0,33.0,27.0,17.0,33.0,30.0,27.0,21.0,23.0,27.0,24.0,32.0,29.0,28.0,31.0,35.0,22.0,22.0,40.0,33.0,24.0
19.0,30.0,38.0,38.0,31.0,44.0,34.0,47.0,48.0,37.0,34.0,41.0,34.0,38.0,38.0,41.0,36.0,27.0,41.0,30.0,29.0,27.0,31.0,34.0,43.0,45.0,24.0,38.0,17.0,33.0,34.0,46.0,45.0,32.0,51.0,30.0,31.0,35.0,39.0,38.0,37.0,36.0,33.0,32.0,29.0,42.0,34.0,34.0,41.0,34.0
26.0,29.0,42.0,22.0,22.0,31.0,38.0,30.0,44.0,40.0,39.0,33.0,28.0,42.0,40.0,22.0,40.0,35.0,28.0,29.0,34.0,24.0,22.0,50.0,35.0,29.0,39.0,34.0,35.0,31.0,19.0,34.0,27.0,27.0,38.0,40.0,31.0,24.0,35.0,34.0,36.0,33.0,31.0,40.0,29.0,47.0,21.0,33.0,31.0,38.0
30.0,25.0,23.0,13.0,16.0,14.0,19.0,22.0,23.0,20.0,22.0,15.0,21.0,11.0,15.0,27.0,16.0,23.0,20.0,10.0,19.0,21.0,22.0,21.0,27.0,16.0,20.0,18.0,16.0,26.0,20.0,19.0,20.0,21.0,25.0,25.0,21.0,17.0,20.0,24.0,23.0,19.0,18.0,28.0,18.0,16.0,21.0,18.0,18.0,21.0
31.0,28.0,39.0,29.0,34.0,25.0,32.0,25.0,34.0,34.0,32.0,30.0,42.0,36.0,39.0,28.0,34.0,32.0,36.0,23.0,30.0,35.0,29.0,27.0,37.0,31.0,28.0,29.0,29.0,25.0,31.0,37.0,27.0,24.0,27.0,38.0,34.0,24.0,34.0,48.0,33.0,30.0,28.0,29.0,31.0,33.0,30.0,34.0,23.0,32.0
28.0,28.0,37.0,26.0,29.0,29.0,23.0,28.0,38.0,33.0,23.0,25.0,27.0,30.0,43.0,28.0,38.0,31.0,25.0,38.0,26.0,39.0,19.0,39.0,32.0,41.0,25.0,22.0,35.0,34.0,35.0,40.0,24.0,31.0,28.0,30.0,24.0,32.0,39.0,42.0,28.0,26.0,29.0,32.0,23.0,32.0,25.0,26.0,42.0,28.0
29.0,27.0,38.0,32.0,20.0,35.0,30.0,24.0,28.0,29.0,33.0,25.0,32.0,23.0,20.0,27.0,31.0,23.0,25.0,27.0,29.0,19.0,22.0,35.0,19.0,22.0,26.0,17.0,24.0,28.0,19.0,24.0,31.0,20.0,28.0,21.0,36.0,39.0,22.0,28.0,30.0,32.0,21.0,30.0,24.0,24.0,31.0,26.0,18.0,27.0
40.0,40.0,40.0,43.0,29.0,38.0,37.0,24.0,43.0,30.0,51.0,30.0,43.0,39.0,43.0,41.0,31.0,44.0,38.0,40.0,43.0,47.0,32.0,52.0,38.0,34.0,29.0,44.0,40.0,42.0,50.0,33.0,38.0,29.0,35.0,37.0,41.0,35.0,34.0,43.0,33.0,34.0,49.0,38.0,44.0,30.0,36.0,36.0,38.0,35.0
35.0,35.0,30.0,31.0,20.0,26.0,29.0,32.0,26.0,36.0,36.0,18.0,35.0,24.0,35.0,35.0,28.0,29.0,36.0,24.0,35.0,26.0,37.0,32.0,27.0,36.0,35.0,31.0,31.0,28.0,33.0,36.0,24.0,24.0,36.0,34.0,28.0,31.0,27.0,29.0,27.0,41.0,30.0,34.0,33.0,22.0,38.0,33.0,34.0,25.0
