10,50,1000
15.400702,19.577165,19.915604,19.026222,15.457879,16.559435,15.583676,16.044843,19.474247,19.816365
8.011623,9.364489,9.149797,8.68728,8.001739,8.923838,7.651851,9.481178,8.505275,7.896616
0.0,10.0,20.0,30.0,40.0,50.0,60.0,70.0,80.0,90.0
10.0,0.0,10.0,20.0,30.0,40.0,50.0,60.0,70.0,80.0
20.0,10.0,0.0,10.0,20.0,30.0,40.0,50.0,60.0,70.0
30.0,20.0,10.0,0.0,10.0,20.0,30.0,40.0,50.0,60.0
40.0,30.0,20.0,10.0,0.0,10.0,20.0,30.0,40.0,50.0
50.0,40.0,30.0,20.0,10.0,0.0,10.0,20.0,30.0,40.0
60.0,50.0,40.0,30.0,20.0,10.0,0.0,10.0,20.0,30.0
70.0,60.0,50.0,40.0,30.0,20.0,10.0,0.0,10.0,20.0
80.0,70.0,60.0,50.0,40.0,30.0,20.0,10.0,0.0,10.0
90.0,80.0,70.0,60.0,50.0,40.0,30.0,20.0,10.0,0.0
450.0,400.0,350.0,300.0,250.0,250.0,300.0,350.0,400.0,450.0
0.0,1.0,2.0,3.0,4.0,5.0,6.0,7.0,8.0,9.0
1.0,0.0,1.0,2.0,3.0,4.0,5.0,6.0,7.0,8.0
2.0,1.0,0.0,1.0,2.0,3.0,4.0,5.0,6.0,7.0
3.0,2.0,1.0,0.0,1.0,2.0,3.0,4.0,5.0,6.0
4.0,3.0,2.0,1.0,0.0,1.0,2.0,3.0,4.0,5.0
5.0,4.0,3.0,2.0,1.0,0.0,1.0,2.0,3.0,4.0
6.0,5.0,4.0,3.0,2.0,1.0,0.0,1.0,2.0,3.0
7.0,6.0,5.0,4.0,3.0,2.0,1.0,0.0,1.0,2.0
8.0,7.0,6.0,5.0,4.0,3.0,2.0,1.0,0.0,1.0
9.0,8.0,7.0,6.0,5.0,4.0,3.0,2.0,1.0,0.0
45.0,40.0,35.0,30.0,25.0,25.0,30.0,35.0,40.0,45.0
34.0,42.0,34.0,31.0,34.0,26.0,27.0,32.0,28.0,25.0,26.0,25.0,36.0,25.0,26.0,29.0,42.0,31.0,31.0,32.0,37.0,34.0,31.0,28.0,21.0,28.0,28.0,29.0,29.0,34.0,20.0,26.0,31.0,38.0,35.0,36.0,28.0,24.0,31.0,20.0,25.0,34.0,23.0,28.0,30.0,30.0,29.0,31.0,41.0,30.0
37.0,33.0,32.0,33.0,29.0,31.0,27.0,33.0,33.0,37.0,42.0,21.0,34.0,45.0,25.0,41.0,26.0,42.0,22.0,39.0,25.0,36.0,31.0,44.0,42.0,37.0,34.0,46.0,49.0,41.0,42.0,37.0,36.0,32.0,39.0,30.0,31.0,31.0,41.0,37.0,33.0,30.0,38.0,31.0,38.0,32.0,34.0,25.0,32.0,34.0
39.0,35.0,34.0,36.0,41.0,34.0,28.0,38.0,36.0,21.0,28.0,27.0,33.0,35.0,30.0,38.0,31.0,29.0,26.0,29.0,23.0,38.0,35.0,31.0,33.0,29.0,21.0,44.0,36.0,36.0,43.0,42.0,42.0,33.0,28.0,41.0,41.0,37.0,30.0,30.0,32.0,33.0,44.0,37.0,42.0,32.0,42.0,25.0,41.0,36.0
36.0,38.0,25.0,41.0,35.0,32.0,25.0,45.0,34.0,29.0,24.0,31.0,33.0,36.0,34.0,34.0,27.0,32.0,41.0,29.0,34.0,29.0,32.0,36.0,35.0,27.0,20.0,26.0,30.0,42.0,33.0,30.0,54.0,28.0,37.0,29.0,32.0,38.0,32.0,29.0,28.0,26.0,36.0,33.0,35.0,35.0,29.0,37.0,38.0,34.0
30.0,29.0,35.0,32.0,28.0,25.0,32.0,39.0,34.0,43.0,30.0,31.0,24.0,28.0,34.0,25.0,33.0,28.0,41.0,27.0,26.0,32.0,21.0,25.0,41.0,30.0,32.0,25.0,31.0,31.0,41.0,30.0,29.0,35.0,32.0,28.0,29.0,30.0,31.0,29.0,30.0,38.0,28.0,30.0,22.0,26.0,34.0,30.0,23.0,27.0
35.0,30.0,25.0,28.0,32.0,30.0,33.0,32.0,28.0,34.0,44.0,35.0,29.0,29.0,48.0,31.0,43.0,27.0,38.0,39.0,41.0,32.0,27.0,41.0,43.0,27.0,33.0,31.0,26.0,34.0,29.0,29.0,34.0,26.0,34.0,29.0,30.0,34.0,44.0,39.0,39.0,34.0,37.0,38.0,38.0,29.0,33.0,36.0,30.0,34.0
34.0,28.0,23.0,25.0,27.0,34.0,32.0,27.0,23.0,33.0,25.0,31.0,31.0,20.0,36.0,18.0,34.0,19.0,29.0,19.0,27.0,17.0,32.0,26.0,29.0,24.0,41.0,20.0,33.0,31.0,33.0,23.0,23.0,34.0,28.0,22.0,21.0,33.0,32.0,28.0,28.0,40.0,33.0,23.0,27.0,40.0,26.0,30.0,26.0,28.0
43.0,35.0,34.0,44.0,34.0,29.0,31.0,25.0,20.0,39.0,38.0,32.0,35.0,46.0,41.0,27.0,29.0,32.0,42.0,38.0,39.0,25.0,30.0,32.0,38.0,43.0,39.0,35.0,37.0,30.0,40.0,26.0,28.0,33.0,29.0,39.0,27.0,35.0,41.0,27.0,41.0,35.0,32.0,35.0,34.0,30.0,39.0,35.0,45.0,40.0
49.0,43.0,29.0,53.0,38.0,26.0,27.0,30.0,42.0,21.0,35.0,27.0,28.0,19.0,34.0,41.0,40.0,34.0,28.0,33.0,33.0,34.0,31.0,30.0,27.0,29.0,43.0,35.0,31.0,29.0,28.0,27.0,39.0,34.0,35.0,27.0,31.0,30.0,26.0,29.0,32.0,26.0,30.0,37.0,34.0,37.0,43.0,36.0,38.0,25.0
41.0,32.0,32.0,32.0,35.0,35.0,25.0,43.0,35.0,15.0,34.0,46.0,36.0,38.0,26.0,28.0,19.0,29.0,38.0,34.0,30.0,23.0,33.0,27.0,28.0,27.0,42.0,31.0,36.0,32.0,28.0,32.0,26.0,33.0,40.0,30.0,25.0,29.0,24.0,42.0,42.0,31.0,42.0,35.0,25.0,29.0,42.0,24.0,28.0,33.0
