10,50,1000
17.388874,18.97316,16.472185,17.705682,18.856589,15.248767,18.392051,18.203822,19.970299,15.578038
9.179111,8.527474,5.122527,9.388172,9.106313,7.859587,9.774189,8.065651,6.076357,9.23775
0.0,10.0,20.0,30.0,40.0,50.0,60.0,70.0,80.0,90.0
10.0,0.0,10.0,20.0,30.0,40.0,50.0,60.0,70.0,80.0
20.0,10.0,0.0,10.0,20.0,30.0,40.0,50.0,60.0,70.0
30.0,20.0,10.0,0.0,10.0,20.0,30.0,40.0,50.0,60.0
40.0,30.0,20.0,10.0,0.0,10.0,20.0,30.0,40.0,50.0
50.0,40.0,30.0,20.0,10.0,0.0,10.0,20.0,30.0,40.0
60.0,50.0,40.0,30.0,20.0,10.0,0.0,10.0,20.0,30.0
70.0,60.0,50.0,40.0,30.0,20.0,10.0,0.0,10.0,20.0
80.0,70.0,60.0,50.0,40.0,30.0,20.0,10.0,0.0,10.0
90.0,80.0,70.0,60.0,50.0,40.0,30.0,20.0,10.0,0.0
450.0,400.0,350.0,300.0,250.0,250.0,300.0,350.0,400.0,450.0
0.0,1.0,2.0,3.0,4.0,5.0,6.0,7.0,8.0,9.0
1.0,0.0,1.0,2.0,3.0,4.0,5.0,6.0,7.0,8.0
2.0,1.0,0.0,1.0,2.0,3.0,4.0,5.0,6.0,7.0
3.0,2.0,1.0,0.0,1.0,2.0,3.0,4.0,5.0,6.0
4.0,3.0,2.0,1.0,0.0,1.0,2.0,3.0,4.0,5.0
5.0,4.0,3.0,2.0,1.0,0.0,1.0,2.0,3.0,4.0
6.0,5.0,4.0,3.0,2.0,1.0,0.0,1.0,2.0,3.0
7.0,6.0,5.0,4.0,3.0,2.0,1.0,0.0,1.0,2.0
8.0,7.0,6.0,5.0,4.0,3.0,2.0,1.0,0.0,1.0
9.0,8.0,7.0,6.0,5.0,4.0,3.0,2.0,1.0,0.0
45.0,40.0,35.0,30.0,25.0,25.0,30.0,35.0,40.0,45.0
46.0,29.0,32.0,37.0,35.0,33.0,39.0,42.0,31.0,44.0,35.0,30.0,38.0,42.0,37.0,28.0,20.0,45.0,34.0,30.0,33.0,35.0,30.0,33.0,42.0,32.0,34.0,30.0,23.0,32.0,34.0,38.0,35.0,36.0,26.0,35.0,31.0,39.0,31.0,34.0,43.0,27.0,44.0,42.0,36.0,38.0,28.0,25.0,41.0,36.0
29.0,32.0,38.0,26.0,38.0,47.0,34.0,32.0,27.0,22.0,25.0,40.0,38.0,37.0,30.0,40.0,35.0,39.0,41.0,42.0,25.0,30.0,29.0,31.0,33.0,28.0,25.0,35.0,33.0,24.0,28.0,29.0,28.0,31.0,35.0,33.0,39.0,34.0,21.0,26.0,27.0,33.0,23.0,33.0,37.0,33.0,42.0,39.0,33.0,31.0
19.0,14.0,25.0,19.0,27.0,28.0,19.0,26.0,13.0,16.0,29.0,22.0,26.0,23.0,24.0,16.0,14.0,19.0,18.0,17.0,16.0,20.0,22.0,20.0,28.0,23.0,17.0,25.0,25.0,21.0,22.0,18.0,23.0,23.0,29.0,21.0,14.0,13.0,20.0,31.0,25.0,16.0,21.0,23.0,30.0,17.0,24.0,18.0,21.0,25.0
28.0,35.0,35.0,42.0,44.0,27.0,29.0,36.0,37.0,36.0,36.0,30.0,37.0,27.0,35.0,32.0,35.0,38.0,42.0,34.0,36.0,42.0,38.0,29.0,43.0,34.0,27.0,35.0,33.0,33.0,30.0,32.0,33.0,34.0,39.0,29.0,26.0,41.0,34.0,39.0,50.0,29.0,31.0,40.0,51.0,42.0,34.0,34.0,26.0,34.0
37.0,42.0,22.0,36.0,33.0,23.0,41.0,36.0,41.0,32.0,41.0,30.0,40.0,37.0,22.0,36.0,35.0,29.0,32.0,25.0,26.0,28.0,33.0,27.0,28.0,29.0,33.0,27.0,30.0,36.0,24.0,35.0,40.0,25.0,29.0,28.0,37.0,31.0,39.0,41.0,42.0,31.0,30.0,34.0,26.0,32.0,38.0,43.0,26.0,36.0
28.0,30.0,31.0,34.0,30.0,28.0,28.0,28.0,43.0,24.0,24.0,26.0,33.0,36.0,27.0,21.0,24.0,27.0,31.0,33.0,25.0,21.0,18.0,28.0,37.0,33.0,26.0,24.0,20.0,24.0,27.0,28.0,33.0,26.0,39.0,32.0,34.0,37.0,33.0,35.0,23.0,25.0,24.0,40.0,20.0,39.0,27.0,26.0,27.0,34.0
34.0,39.0,45.0,37.0,38.0,40.0,42.0,29.0,40.0,31.0,33.0,32.0,25.0,40.0,41.0,35.0,33.0,41.0,41.0,35.0,39.0,25.0,29.0,34.0,37.0,27.0,37.0,43.0,41.0,40.0,34.0,38.0,40.0,36.0,32.0,35.0,40.0,34.0,51.0,31.0,25.0,26.0,56.0,34.0,43.0,40.0,40.0,34.0,35.0,36.0
28.0,31.0,27.0,27.0,34.0,39.0,39.0,30.0,35.0,36.0,31.0,28.0,31.0,29.0,42.0,29.0,25.0,28.0,27.0,27.0,36.0,36.0,23.0,30.0,33.0,37.0,34.0,23.0,21.0,41.0,23.0,33.0,29.0,32.0,36.0,33.0,28.0,34.0,35.0,36.0,29.0,36.0,38.0,30.0,34.0,27.0,36.0,25.0,31.0,32.0
22.0,32.0,29.0,19.0,25.0,21.0,20.0,24.0,18.0,21.0,29.0,31.0,32.0,27.0,23.0,32.0,21.0,21.0,33.0,25.0,29.0,29.0,25.0,28.0,31.0,23.0,31.0,24.0,30.0,22.0,25.0,29.0,26.0,27.0,25.0,27.0,31.0,21.0,29.0,33.0,22.0,26.0,26.0,26.0,32.0,11.0,29.0,22.0,22.0,25.0
34.0,41.0,30.0,36.0,35.0,39.0,29.0,33.0,38.0,32.0,35.0,39.0,30.0,29.0,46.0,43.0,33.0,46.0,34.0,31.0,28.0,42.0,35.0,34.0,32.0,34.0,27.0,33.0,33.0,27.0,36.0,39.0,30.0,35.0,39.0,37.0,39.0,41.0,30.0,25.0,39.0,38.0,30.0,40.0,28.0,31.0,50.0,30.0,24.0,33.0
