10,50,1000
17.317536,15.475183,16.70725,15.538768,17.046121,15.559107,19.517054,19.058476,15.187242,15.464585
9.820101,8.442477,5.52667,8.613388,7.570237,5.487375,7.57018,8.869131,8.277369,7.129284
0.0,10.0,20.0,30.0,40.0,50.0,60.0,70.0,80.0,90.0
10.0,0.0,10.0,20.0,30.0,40.0,50.0,60.0,70.0,80.0
20.0,10.0,0.0,10.0,20.0,30.0,40.0,50.0,60.0,70.0
30.0,20.0,10.0,0.0,10.0,20.0,30.0,40.0,50.0,60.0
40.0,30.0,20.0,10.0,0.0,10.0,20.0,30.0,40.0,50.0
50.0,40.0,30.0,20.0,10.0,0.0,10.0,20.0,30.0,40.0
60.0,50.0,40.0,30.0,20.0,10.0,0.0,10.0,20.0,30.0
70.0,60.0,50.0,40.0,30.0,20.0,10.0,0.0,10.0,20.0
80.0,70.0,60.0,50.0,40.0,30.0,20.0,10.0,0.0,10.0
90.0,80.0,70.0,60.0,50.0,40.0,30.0,20.0,10.0,0.0
450.0,400.0,350.0,300.0,250.0,250.0,300.0,350.0,400.0,450.0
0.0,1.0,2.0,3.0,4.0,5.0,6.0,7.0,8.0,9.0
1.0,0.0,1.0,2.0,3.0,4.0,5.0,6.0,7.0,8.0
2.0,1.0,0.0,1.0,2.0,3.0,4.0,5.0,6.0,7.0
3.0,2.0,1.0,0.0,1.0,2.0,3.0,4.0,5.0,6.0
4.0,3.0,2.0,1.0,0.0,1.0,2.0,3.0,4.0,5.0
5.0,4.0,3.0,2.0,1.0,0.0,1.0,2.0,3.0,4.0
6.0,5.0,4.0,3.0,2.0,1.0,0.0,1.0,2.0,3.0
7.0,6.0,5.0,4.0,3.0,2.0,1.0,0.0,1.0,2.0
8.0,7.0,6.0,5.0,4.0,3.0,2.0,1.0,0.0,1.0
9.0,8.0,7.0,6.0,5.0,4.0,3.0,2.0,1.0,0.0
45.0,40.0,35.0,30.0,25.0,25.0,30.0,35.0,40.0,45.0
44.0,33.0,37.0,33.0,35.0,28.0,38.0,30.0,29.0,34.0,38.0,38.0,42.0,36.0,30.0,33.0,41.0,31.0,41.0,36.0,42.0,38.0,31.0,43.0,24.0,37.0,44.0,45.0,36.0,37.0,32.0,40.0,34.0,34.0,28.0,37.0,42.0,27.0,34.0,31.0,41.0,37.0,36.0,33.0,33.0,40.0,39.0,40.0,41.0,38.0
35.0,22.0,33.0,32.0,30.0,33.0,25.0,29.0,30.0,25.0,27.0,31.0,25.0,32.0,25.0,33.0,30.0,33.0,35.0,29.0,35.0,35.0,33.0,24.0,29.0,33.0,31.0,33.0,33.0,29.0,35.0,29.0,30.0,37.0,34.0,36.0,31.0,31.0,37.0,43.0,27.0,31.0,29.0,28.0,31.0,44.0,26.0,45.0,36.0,41.0
27.0,25.0,29.0,22.0,24.0,23.0,22.0,24.0,17.0,18.0,27.0,20.0,22.0,23.0,20.0,22.0,23.0,22.0,12.0,19.0,30.0,28.0,20.0,21.0,21.0,19.0,25.0,32.0,17.0,28.0,30.0,28.0,22.0,26.0,23.0,16.0,17.0,31.0,22.0,14.0,29.0,22.0,30.0,21.0,26.0,28.0,21.0,20.0,9.0,21.0
32.0,31.0,30.0,38.0,30.0,24.0,22.0,35.0,29.0,37.0,38.0,28.0,41.0,20.0,30.0,38.0,27.0,33.0,32.0,35.0,42.0,33.0,33.0,26.0,29.0,32.0,36.0,34.0,28.0,38.0,25.0,24.0,43.0,20.0,27.0,35.0,29.0,31.0,38.0,26.0,32.0,30.0,38.0,27.0,29.0,31.0,29.0,29.0,30.0,31.0
38.0,36.0,35.0,28.0,31.0,36.0,31.0,29.0,23.0,22.0,29.0,35.0,33.0,30.0,25.0,24.0,35.0,31.0,21.0,26.0,34.0,25.0,34.0,27.0,30.0,26.0,28.0,31.0,26.0,27.0,29.0,32.0,26.0,31.0,14.0,35.0,27.0,34.0,22.0,26.0,27.0,32.0,39.0,36.0,30.0,35.0,31.0,28.0,18.0,26.0
26.0,22.0,11.0,22.0,15.0,27.0,21.0,19.0,14.0,18.0,18.0,16.0,26.0,18.0,34.0,23.0,28.0,21.0,12.0,30.0,20.0,23.0,26.0,18.0,12.0,18.0,14.0,24.0,24.0,16.0,21.0,22.0,23.0,21.0,23.0,17.0,23.0,18.0,14.0,20.0,26.0,14.0,25.0,21.0,17.0,29.0,22.0,25.0,20.0,16.0
33.0,32.0,34.0,26.0,32.0,39.0,30.0,28.0,27.0,34.0,28.0,38.0,31.0,20.0,29.0,34.0,36.0,30.0,30.0,23.0,23.0,32.0,25.0,34.0,31.0,35.0,20.0,28.0,28.0,35.0,57.0,31.0,22.0,20.0,26.0,26.0,34.0,20.0,33.0,31.0,29.0,33.0,41.0,34.0,26.0,29.0,30.0,40.0,27.0,37.0
35.0,34.0,46.0,45.0,34.0,41.0,31.0,36.0,36.0,32.0,28.0,24.0,35.0,42.0,32.0,37.0,42.0,28.0,29.0,40.0,35.0,33.0,37.0,34.0,35.0,32.0,29.0,42.0,42.0,43.0,38.0,39.0,33.0,32.0,38.0,43.0,39.0,37.0,32.0,42.0,23.0,33.0,42.0,35.0,37.0,40.0,33.0,41.0,40.0,31.0
21.0,31.0,27.0,19.0,31.0,31.0,36.0,21.0,26.0,33.0,37.0,30.0,29.0,27.0,21.0,31.0,32.0,25.0,28.0,38.0,23.0,28.0,26.0,33.0,32.0,37.0,32.0,28.0,27.0,25.0,34.0,26.0,37.0,28.0,35.0,36.0,30.0,28.0,31.0,24.0,32.0,23.0,38.0,23.0,26.0,25.0,22.0,22.0,34.0,31.0
28.0,28.0,17.0,30.0,35.0,20.0,32.0,36.0,26.0,27.0,22.0,20.0,36.0,26.0,26.0,20.0,29.0,20.0,34.0,36.0,17.0,35.0,24.0,25.0,34.0,25.0,25.0,29.0,26.0,23.0,32.0,29.0,20.0,25.0,25.0,31.0,27.0,32.0,28.0,32.0,29.0,20.0,29.0,18.0,33.0,24.0,15.0,29.0,21.0,29.0
