10,50,1000
19.949643,16.520662,18.276253,19.39932,17.571422,16.689283,16.495723,16.591872,17.681839,15.134005
7.453709,6.581029,5.885349,5.282705,5.524123,9.687414,8.620783,7.584836,8.191709,6.918918
0.0,10.0,20.0,30.0,40.0,50.0,60.0,70.0,80.0,90.0
10.0,0.0,10.0,20.0,30.0,40.0,50.0,60.0,70.0,80.0
20.0,10.0,0.0,10.0,20.0,30.0,40.0,50.0,60.0,70.0
30.0,20.0,10.0,0.0,10.0,20.0,30.0,40.0,50.0,60.0
40.0,30.0,20.0,10.0,0.0,10.0,20.0,30.0,40.0,50.0
50.0,40.0,30.0,20.0,10.0,0.0,10.0,20.0,30.0,40.0
60.0,50.0,40.0,30.0,20.0,10.0,0.0,10.0,20.0,30.0
70.0,60.0,50.0,40.0,30.0,20.0,10.0,0.0,10.0,20.0
80.0,70.0,60.0,50.0,40.0,30.0,20.0,10.0,0.0,10.0
90.0,80.0,70.0,60.0,50.0,40.0,30.0,20.0,10.0,0.0
450.0,400.0,350.0,300.0,250.0,250.0,300.0,350.0,400.0,450.0
0.0,1.0,2.0,3.0,4.0,5.0,6.0,7.0,8.0,9.0
1.0,0.0,1.0,2.0,3.0,4.0,5.0,6.0,7.0,8.0
2.0,1.0,0.0,1.0,2.0,3.0,4.0,5.0,6.0,7.0
3.0,2.0,1.0,0.0,1.0,2.0,3.0,4.0,5.0,6.0
4.0,3.0,2.0,1.0,0.0,1.0,2.0,3.0,4.0,5.0
5.0,4.0,3.0,2.0,1.0,0.0,1.0,2.0,3.0,4.0
6.0,5.0,4.0,3.0,2.0,1.0,0.0,1.0,2.0,3.0
7.0,6.0,5.0,4.0,3.0,2.0,1.0,0.0,1.0,2.0
8.0,7.0,6.0,5.0,4.0,3.0,2.0,1.0,0.0,1.0
9.0,8.0,7.0,6.0,5.0,4.0,3.0,2.0,1.0,0.0
45.0,40.0,35.0,30.0,25.0,25.0,30.0,35.0,40.0,45.0
32.0,35.0,24.0,37.0,30.0,25.0,32.0,36.0,37.0,25.0,35.0,28.0,22.0,25.0,31.0,39.0,24.0,29.0,29.0,33.0,34.0,28.0,28.0,32.0,26.0,30.0,32.0,28.0,30.0,24.0,23.0,33.0,33.0,33.0,38.0,26.0,27.0,24.0,32.0,36.0,21.0,27.0,29.0,31.0,35.0,19.0,32.0,30.0,35.0,37.0
31.0,22.0,27.0,28.0,20.0,21.0,29.0,20.0,21.0,22.0,34.0,40.0,25.0,27.0,27.0,26.0,26.0,18.0,16.0,33.0,36.0,35.0,34.0,20.0,23.0,23.0,21.0,28.0,28.0,24.0,34.0,39.0,18.0,21.0,27.0,25.0,23.0,26.0,29.0,21.0,29.0,23.0,24.0,21.0,27.0,27.0,26.0,22.0,32.0,33.0
34.0,21.0,22.0,25.0,21.0,28.0,21.0,26.0,25.0,20.0,24.0,20.0,29.0,25.0,30.0,23.0,8.0,18.0,17.0,23.0,26.0,28.0,22.0,24.0,22.0,19.0,17.0,26.0,27.0,28.0,21.0,22.0,24.0,35.0,27.0,25.0,21.0,27.0,27.0,26.0,25.0,26.0,25.0,23.0,23.0,19.0,20.0,26.0,21.0,26.0
25.0,34.0,23.0,25.0,15.0,31.0,19.0,25.0,17.0,22.0,27.0,19.0,21.0,24.0,26.0,15.0,18.0,24.0,26.0,18.0,13.0,23.0,11.0,28.0,11.0,17.0,22.0,18.0,22.0,21.0,15.0,21.0,17.0,13.0,25.0,22.0,22.0,19.0,19.0,18.0,16.0,19.0,19.0,30.0,22.0,28.0,23.0,30.0,31.0,19.0
20.0,19.0,15.0,27.0,21.0,32.0,34.0,25.0,20.0,22.0,22.0,36.0,30.0,31.0,18.0,22.0,29.0,14.0,21.0,19.0,23.0,29.0,17.0,21.0,18.0,20.0,23.0,30.0,26.0,24.0,21.0,21.0,25.0,21.0,25.0,24.0,26.0,20.0,22.0,18.0,29.0,22.0,24.0,22.0,30.0,15.0,23.0,17.0,23.0,20.0
32.0,41.0,39.0,24.0,28.0,32.0,31.0,28.0,28.0,36.0,32.0,38.0,30.0,30.0,31.0,22.0,27.0,24.0,32.0,29.0,41.0,34.0,43.0,32.0,37.0,32.0,31.0,23.0,44.0,26.0,32.0,30.0,28.0,36.0,34.0,31.0,34.0,49.0,26.0,31.0,30.0,29.0,37.0,38.0,35.0,32.0,33.0,35.0,34.0,35.0
34.0,36.0,30.0,28.0,28.0,39.0,32.0,25.0,27.0,23.0,18.0,32.0,46.0,26.0,38.0,32.0,41.0,25.0,26.0,26.0,30.0,23.0,36.0,37.0,42.0,25.0,30.0,28.0,30.0,36.0,30.0,22.0,35.0,26.0,30.0,29.0,28.0,29.0,24.0,33.0,28.0,27.0,21.0,29.0,25.0,37.0,32.0,39.0,21.0,36.0
35.0,28.0,39.0,29.0,23.0,28.0,24.0,31.0,23.0,39.0,27.0,32.0,38.0,22.0,24.0,21.0,30.0,33.0,30.0,30.0,32.0,31.0,33.0,24.0,27.0,30.0,36.0,25.0,33.0,25.0,27.0,28.0,26.0,29.0,24.0,28.0,19.0,23.0,32.0,17.0,28.0,26.0,29.0,24.0,32.0,24.0,34.0,27.0,30.0,22.0
28.0,30.0,32.0,29.0,27.0,33.0,39.0,46.0,32.0,33.0,25.0,26.0,30.0,36.0,28.0,42.0,25.0,29.0,31.0,27.0,40.0,32.0,39.0,29.0,32.0,30.0,32.0,33.0,35.0,23.0,37.0,30.0,30.0,29.0,29.0,33.0,22.0,42.0,25.0,25.0,37.0,29.0,32.0,31.0,32.0,28.0,24.0,36.0,22.0,42.0
26.0,24.0,22.0,25.0,26.0,29.0,35.0,38.0,29.0,19.0,27.0,30.0,27.0,30.0,25.0,26.0,24.0,36.0,25.0,31.0,31.0,19.0,26.0,19.0,33.0,22.0,38.0,39.0,15.0,31.0,18.0,25.0,22.0,28.0,26.0,25.0,22.0,24.0,25.0,22.0,21.0,26.0,30.0,30.0,25.0,31.0,25.0,29.0,29.0,27.0
