10,50,1000
16.281377,16.239872,17.308158,17.063823,15.710898,16.547491,17.117185,17.040307,16.025573,15.72917
8.855198,9.978478,5.536315,9.287123,5.626079,9.885882,5.997202,8.77479,9.863656,7.877407
0.0,10.0,20.0,30.0,40.0,50.0,60.0,70.0,80.0,90.0
10.0,0.0,10.0,20.0,30.0,40.0,50.0,60.0,70.0,80.0
20.0,10.0,0.0,10.0,20.0,30.0,40.0,50.0,60.0,70.0
30.0,20.0,10.0,0.0,10.0,20.0,30.0,40.0,50.0,60.0
40.0,30.0,20.0,10.0,0.0,10.0,20.0,30.0,40.0,50.0
50.0,40.0,30.0,20.0,10.0,0.0,10.0,20.0,30.0,40.0
60.0,50.0,40.0,30.0,20.0,10.0,0.0,10.0,20.0,30.0
70.0,60.0,50.0,40.0,30.0,20.0,10.0,0.0,10.0,20.0
80.0,70.0,60.0,50.0,40.0,30.0,20.0,10.0,0.0,10.0
90.0,80.0,70.0,60.0,50.0,40.0,30.0,20.0,10.0,0.0
450.0,400.0,350.0,300.0,250.0,250.0,300.0,350.0,400.0,450.0
0.0,1.0,2.0,3.0,4.0,5.0,6.0,7.0,8.0,9.0
1.0,0.0,1.0,2.0,3.0,4.0,5.0,6.0,7.0,8.0
2.0,1.0,0.0,1.0,2.0,3.0,4.0,5.0,6.0,7.0
3.0,2.0,1.0,0.0,1.0,2.0,3.0,4.0,5.0,6.0
4.0,3.0,2.0,1.0,0.0,1.0,2.0,3.0,4.0,5.0
5.0,4.0,3.0,2.0,1.0,0.0,1.0,2.0,3.0,4.0
6.0,5.0,4.0,3.0,2.0,1.0,0.0,1.0,2.0,3.0
7.0,6.0,5.0,4.0,3.0,2.0,1.0,0.0,1.0,2.0
8.0,7.0,6.0,5.0,4.0,3.0,2.0,1.0,0.0,1.0
9.0,8.0,7.0,6.0,5.0,4.0,3.0,2.0,1.0,0.0
45.0,40.0,35.0,30.0,25.0,25.0,30.0,35.0,40.0,45.0
33.0,40.0,23.0,25.0,39.0,32.0,27.0,27.0,29.0,36.0,31.0,22.0,33.0,34.0,29.0,26.0,43.0,33.0,37.0,40.0,33.0,39.0,33.0,39.0,33.0,33.0,26.0,36.0,49.0,36.0,29.0,32.0,45.0,30.0,26.0,33.0,36.0,37.0,34.0,36.0,32.0,37.0,20.0,38.0,34.0,30.0,23.0,22.0,27.0,27.0
43.0,23.0,34.0,33.0,31.0,30.0,33.0,39.0,36.0,34.0,29.0,47.0,36.0,39.0,37.0,34.0,35.0,37.0,33.0,35.0,35.0,29.0,39.0,42.0,41.0,43.0,38.0,39.0,36.0,36.0,36.0,32.0,24.0,33.0,27.0,39.0,38.0,31.0,41.0,36.0,44.0,33.0,41.0,39.0,35.0,31.0,47.0,41.0,42.0,41.0
26.0,24.0,24.0,23.0,33.0,21.0,25.0,26.0,22.0,19.0,23.0,22.0,25.0,25.0,28.0,19.0,24.0,23.0,28.0,27.0,20.0,26.0,20.0,25.0,34.0,22.0,21.0,21.0,22.0,16.0,14.0,31.0,16.0,29.0,24.0,17.0,27.0,22.0,29.0,18.0,16.0,20.0,21.0,16.0,20.0,33.0,22.0,23.0,22.0,24.0
32.0,37.0,28.0,27.0,35.0,32.0,34.0,31.0,39.0,27.0,37.0,22.0,28.0,33.0,26.0,41.0,39.0,37.0,46.0,34.0,30.0,28.0,30.0,42.0,22.0,23.0,35.0,38.0,32.0,38.0,32.0,30.0,27.0,37.0,32.0,30.0,36.0,45.0,32.0,36.0,48.0,30.0,24.0,44.0,32.0,33.0,32.0,25.0,38.0,30.0
31.0,24.0,28.0,21.0,18.0,17.0,22.0,28.0,16.0,34.0,27.0,24.0,33.0,21.0,29.0,20.0,22.0,20.0,27.0,12.0,22.0,25.0,21.0,22.0,20.0,32.0,23.0,23.0,23.0,31.0,12.0,23.0,19.0,27.0,28.0,18.0,19.0,25.0,27.0,19.0,22.0,21.0,25.0,21.0,19.0,15.0,33.0,25.0,24.0,11.0
28.0,36.0,39.0,34.0,46.0,28.0,46.0,37.0,39.0,39.0,28.0,39.0,27.0,33.0,44.0,40.0,33.0,40.0,33.0,38.0,46.0,40.0,46.0,41.0,32.0,32.0,37.0,31.0,39.0,32.0,41.0,35.0,41.0,28.0,38.0,23.0,27.0,41.0,30.0,23.0,45.0,40.0,47.0,47.0,51.0,39.0,42.0,44.0,37.0,33.0
19.0,26.0,24.0,25.0,20.0,21.0,20.0,21.0,24.0,27.0,22.0,20.0,24.0,22.0,19.0,26.0,23.0,18.0,32.0,21.0,28.0,31.0,28.0,24.0,17.0,23.0,19.0,17.0,26.0,20.0,25.0,19.0,29.0,29.0,29.0,27.0,24.0,25.0,24.0,24.0,28.0,26.0,34.0,22.0,18.0,21.0,20.0,27.0,18.0,24.0
40.0,32.0,32.0,34.0,38.0,26.0,23.0,23.0,36.0,37.0,36.0,29.0,41.0,35.0,34.0,27.0,37.0,38.0,39.0,27.0,34.0,38.0,46.0,31.0,34.0,32.0,31.0,34.0,28.0,33.0,37.0,34.0,37.0,26.0,27.0,36.0,40.0,41.0,40.0,31.0,41.0,30.0,36.0,35.0,27.0,29.0,34.0,29.0,34.0,50.0
40.0,34.0,40.0,36.0,32.0,36.0,32.0,39.0,34.0,28.0,43.0,39.0,39.0,46.0,42.0,31.0,33.0,35.0,42.0,39.0,25.0,35.0,34.0,42.0,36.0,30.0,38.0,42.0,27.0,33.0,36.0,27.0,39.0,30.0,41.0,37.0,45.0,30.0,35.0,37.0,39.0,33.0,40.0,40.0,46.0,25.0,34.0,23.0,38.0,30.0
22.0,35.0,27.0,40.0,18.0,26.0,34.0,23.0,23.0,32.0,24.0,32.0,25.0,30.0,20.0,35.0,28.0,30.0,16.0,19.0,24.0,30.0,33.0,25.0,19.0,35.0,25.0,31.0,29.0,23.0,36.0,37.0,33.0,28.0,27.0,26.0,26.0,22.0,29.0,23.0,26.0,20.0,31.0,32.0,29.0,29.0,31.0,33.0,22.0,27.0
