10,50,1000
18.558273,17.582816,18.385318,18.404427,17.274868,16.626808,19.963759,17.962179,15.188081,18.422455
9.961481,9.939323,5.372836,6.966496,6.81595,5.956816,5.991865,7.327199,6.944981,8.186253
0.0,10.0,20.0,30.0,40.0,50.0,60.0,70.0,80.0,90.0
10.0,0.0,10.0,20.0,30.0,40.0,50.0,60.0,70.0,80.0
20.0,10.0,0.0,10.0,20.0,30.0,40.0,50.0,60.0,70.0
30.0,20.0,10.0,0.0,10.0,20.0,30.0,40.0,50.0,60.0
40.0,30.0,20.0,10.0,0.0,10.0,20.0,30.0,40.0,50.0
50.0,40.0,30.0,20.0,10.0,0.0,10.0,20.0,30.0,40.0
60.0,50.0,40.0,30.0,20.0,10.0,0.0,10.0,20.0,30.0
70.0,60.0,50.0,40.0,30.0,20.0,10.0,0.0,10.0,20.0
80.0,70.0,60.0,50.0,40.0,30.0,20.0,10.0,0.0,10.0
90.0,80.0,70.0,60.0,50.0,40.0,30.0,20.0,10.0,0.0
450.0,400.0,350.0,300.0,250.0,250.0,300.0,350.0,400.0,450.0
0.0,1.0,2.0,3.0,4.0,5.0,6.0,7.0,8.0,9.0
1.0,0.0,1.0,2.0,3.0,4.0,5.0,6.0,7.0,8.0
2.0,1.0,0.0,1.0,2.0,3.0,4.0,5.0,6.0,7.0
3.0,2.0,1.0,0.0,1.0,2.0,3.0,4.0,5.0,6.0
4.0,3.0,2.0,1.0,0.0,1.0,2.0,3.0,4.0,5.0
5.0,4.0,3.0,2.0,1.0,0.0,1.0,2.0,3.0,4.0
6.0,5.0,4.0,3.0,2.0,1.0,0.0,1.0,2.0,3.0
7.0,6.0,5.0,4.0,3.0,2.0,1.0,0.0,1.0,2.0
8.0,7.0,6.0,5.0,4.0,3.0,2.0,1.0,0.0,1.0
9.0,8.0,7.0,6.0,5.0,4.0,3.0,2.0,1.0,0.0
45.0,40.0,35.0,30.0,25.0,25.0,30.0,35.0,40.0,45.0
34.0,33.0,30.0,36.0,36.0,36.0,36.0,40.0,38.0,37.0,43.0,31.0,42.0,36.0,31.0,32.0,36.0,42.0,27.0,50.0,30.0,43.0,50.0,38.0,36.0,45.0,33.0,28.0,35.0,27.0,36.0,30.0,31.0,44.0,46.0,30.0,48.0,37.0,36.0,32.0,40.0,36.0,33.0,44.0,31.0,26.0,45.0,51.0,38.0,33.0
35.0,42.0,37.0,36.0,29.0,24.0,29.0,48.0,39.0,34.0,24.0,29.0,40.0,36.0,42.0,32.0,22.0,48.0,43.0,34.0,43.0,40.0,37.0,39.0,40.0,36.0,36.0,42.0,38.0,39.0,45.0,33.0,30.0,35.0,23.0,28.0,40.0,39.0,31.0,40.0,29.0,31.0,30.0,36.0,41.0,39.0,43.0,38.0,36.0,35.0
28.0,20.0,18.0,22.0,33.0,18.0,27.0,12.0,24.0,18.0,22.0,23.0,22.0,13.0,26.0,19.0,22.0,25.0,21.0,22.0,23.0,21.0,20.0,13.0,24.0,22.0,13.0,28.0,24.0,21.0,21.0,28.0,24.0,26.0,22.0,12.0,30.0,20.0,21.0,20.0,25.0,14.0,19.0,20.0,22.0,20.0,20.0,22.0,20.0,21.0
18.0,32.0,34.0,23.0,24.0,32.0,36.0,23.0,25.0,23.0,25.0,32.0,23.0,29.0,42.0,29.0,22.0,23.0,22.0,21.0,21.0,32.0,32.0,24.0,32.0,22.0,28.0,37.0,26.0,18.0,32.0,26.0,26.0,24.0,32.0,29.0,34.0,20.0,31.0,26.0,29.0,20.0,26.0,28.0,23.0,22.0,20.0,23.0,24.0,31.0
18.0,23.0,24.0,25.0,29.0,28.0,27.0,23.0,29.0,25.0,34.0,22.0,30.0,31.0,26.0,30.0,30.0,29.0,17.0,26.0,26.0,28.0,25.0,28.0,18.0,40.0,24.0,27.0,29.0,26.0,30.0,23.0,36.0,32.0,34.0,19.0,23.0,23.0,25.0,22.0,25.0,24.0,25.0,23.0,19.0,29.0,37.0,28.0,27.0,25.0
30.0,27.0,23.0,27.0,19.0,32.0,16.0,29.0,20.0,19.0,26.0,17.0,25.0,23.0,22.0,17.0,16.0,18.0,27.0,26.0,21.0,21.0,14.0,22.0,32.0,26.0,23.0,34.0,20.0,22.0,17.0,24.0,27.0,27.0,21.0,31.0,21.0,30.0,29.0,15.0,29.0,30.0,22.0,18.0,21.0,27.0,24.0,33.0,21.0,23.0
29.0,25.0,33.0,27.0,28.0,33.0,29.0,33.0,31.0,23.0,26.0,24.0,27.0,26.0,27.0,18.0,27.0,23.0,25.0,24.0,30.0,27.0,36.0,19.0,22.0,24.0,24.0,24.0,27.0,13.0,24.0,28.0,26.0,25.0,21.0,24.0,26.0,24.0,27.0,20.0,25.0,32.0,35.0,28.0,29.0,19.0,28.0,28.0,29.0,21.0
19.0,29.0,17.0,22.0,28.0,29.0,22.0,32.0,29.0,27.0,29.0,32.0,32.0,35.0,39.0,38.0,35.0,21.0,22.0,25.0,35.0,33.0,26.0,25.0,35.0,22.0,26.0,29.0,32.0,33.0,27.0,26.0,34.0,36.0,26.0,21.0,30.0,31.0,26.0,33.0,30.0,27.0,41.0,26.0,41.0,22.0,29.0,38.0,28.0,11.0
30.0,39.0,34.0,19.0,20.0,32.0,26.0,30.0,24.0,23.0,32.0,33.0,30.0,33.0,24.0,23.0,27.0,27.0,31.0,27.0,24.0,15.0,34.0,27.0,24.0,34.0,23.0,29.0,26.0,26.0,35.0,26.0,23.0,28.0,25.0,20.0,39.0,26.0,22.0,31.0,24.0,25.0,22.0,31.0,22.0,24.0,20.0,33.0,18.0,23.0
26.0,32.0,31.0,29.0,30.0,34.0,27.0,38.0,30.0,35.0,24.0,32.0,30.0,27.0,36.0,30.0,27.0,27.0,40.0,36.0,49.0,38.0,25.0,28.0,31.0,39.0,34.0,34.0,27.0,38.0,31.0,37.0,38.0,40.0,37.0,30.0,27.0,38.0,31.0,26.0,31.0,30.0,34.0,26.0,36.0,28.0,27.0,26.0,22.0,25.0
