10,50,1000
15.478038,15.121148,16.341412,15.314415,17.230136,18.450571,19.511655,18.832625,17.064925,18.036675
7.323957,6.04852,5.549484,9.390013,5.131601,6.515335,9.574323,7.719281,6.895613,7.16614
0.0,10.0,20.0,30.0,40.0,50.0,60.0,70.0,80.0,90.0
10.0,0.0,10.0,20.0,30.0,40.0,50.0,60.0,70.0,80.0
20.0,10.0,0.0,10.0,20.0,30.0,40.0,50.0,60.0,70.0
30.0,20.0,10.0,0.0,10.0,20.0,30.0,40.0,50.0,60.0
40.0,30.0,20.0,10.0,0.0,10.0,20.0,30.0,40.0,50.0
50.0,40.0,30.0,20.0,10.0,0.0,10.0,20.0,30.0,40.0
60.0,50.0,40.0,30.0,20.0,10.0,0.0,10.0,20.0,30.0
70.0,60.0,50.0,40.0,30.0,20.0,10.0,0.0,10.0,20.0
80.0,70.0,60.0,50.0,40.0,30.0,20.0,10.0,0.0,10.0
90.0,80.0,70.0,60.0,50.0,40.0,30.0,20.0,10.0,0.0
450.0,400.0,350.0,300.0,250.0,250.0,300.0,350.0,400.0,450.0
0.0,1.0,2.0,3.0,4.0,5.0,6.0,7.0,8.0,9.0
1.0,0.0,1.0,2.0,3.0,4.0,5.0,6.0,7.0,8.0
2.0,1.0,0.0,1.0,2.0,3.0,4.0,5.0,6.0,7.0
3.0,2.0,1.0,0.0,1.0,2.0,3.0,4.0,5.0,6.0
4.0,3.0,2.0,1.0,0.0,1.0,2.0,3.0,4.0,5.0
5.0,4.0,3.0,2.0,1.0,0.0,1.0,2.0,3.0,4.0
6.0,5.0,4.0,3.0,2.0,1.0,0.0,1.0,2.0,3.0
7.0,6.0,5.0,4.0,3.0,2.0,1.0,0.0,1.0,2.0
8.0,7.0,6.0,5.0,4.0,3.0,2.0,1.0,0.0,1.0
9.0,8.0,7.0,6.0,5.0,4.0,3.0,2.0,1.0,0.0
45.0,40.0,35.0,30.0,25.0,25.0,30.0,35.0,40.0,45.0
31.0,31.0,25.0,29.0,25.0,23.0,31.0,26.0,22.0,34.0,29.0,25.0,14.0,24.0,26.0,29.0,21.0,20.0,32.0,31.0,27.0,27.0,34.0,29.0,27.0,29.0,29.0,27.0,27.0,30.0,27.0,28.0,29.0,43.0,28.0,26.0,32.0,27.0,20.0,32.0,26.0,25.0,20.0,33.0,36.0,29.0,43.0,35.0,33.0,23.0
23.0,29.0,20.0,18.0,27.0,21.0,22.0,26.0,24.0,20.0,19.0,14.0,22.0,27.0,18.0,16.0,7.0,24.0,22.0,12.0,19.0,25.0,16.0,26.0,19.0,29.0,25.0,27.0,26.0,19.0,28.0,19.0,24.0,13.0,25.0,20.0,20.0,18.0,10.0,23.0,20.0,32.0,22.0,29.0,22.0,17.0,22.0,21.0,25.0,16.0
17.0,32.0,22.0,26.0,18.0,20.0,17.0,22.0,27.0,24.0,22.0,21.0,22.0,23.0,12.0,23.0,24.0,24.0,25.0,16.0,18.0,22.0,18.0,28.0,25.0,20.0,24.0,27.0,25.0,19.0,21.0,18.0,20.0,22.0,15.0,17.0,21.0,17.0,28.0,31.0,17.0,21.0,28.0,28.0,22.0,27.0,22.0,26.0,19.0,33.0
38.0,35.0,31.0,24.0,33.0,32.0,31.0,45.0,37.0,32.0,36.0,29.0,32.0,33.0,38.0,35.0,37.0,24.0,25.0,36.0,31.0,26.0,27.0,35.0,41.0,28.0,34.0,32.0,34.0,28.0,25.0,38.0,32.0,33.0,36.0,33.0,32.0,40.0,30.0,39.0,40.0,27.0,34.0,43.0,34.0,33.0,36.0,39.0,35.0,31.0
31.0,23.0,21.0,30.0,13.0,19.0,27.0,12.0,26.0,23.0,17.0,17.0,22.0,23.0,21.0,11.0,27.0,17.0,21.0,23.0,19.0,18.0,23.0,19.0,16.0,18.0,18.0,22.0,20.0,25.0,22.0,18.0,25.0,15.0,27.0,19.0,26.0,7.0,21.0,17.0,32.0,18.0,26.0,18.0,22.0,21.0,20.0,16.0,16.0,14.0
24.0,23.0,36.0,25.0,25.0,23.0,22.0,23.0,33.0,29.0,31.0,29.0,25.0,28.0,31.0,22.0,24.0,36.0,25.0,33.0,25.0,21.0,31.0,29.0,21.0,25.0,24.0,21.0,31.0,23.0,34.0,31.0,19.0,22.0,25.0,21.0,22.0,20.0,28.0,25.0,19.0,30.0,30.0,29.0,22.0,26.0,29.0,28.0,25.0,28.0
35.0,36.0,33.0,32.0,46.0,25.0,31.0,27.0,37.0,41.0,31.0,32.0,43.0,46.0,34.0,36.0,41.0,37.0,34.0,34.0,35.0,37.0,37.0,32.0,35.0,30.0,35.0,38.0,32.0,40.0,26.0,40.0,28.0,42.0,39.0,35.0,35.0,39.0,35.0,38.0,32.0,29.0,37.0,47.0,43.0,44.0,27.0,42.0,40.0,30.0
29.0,35.0,33.0,18.0,28.0,30.0,27.0,33.0,25.0,29.0,35.0,34.0,25.0,32.0,31.0,28.0,26.0,32.0,29.0,37.0,26.0,33.0,32.0,38.0,40.0,22.0,28.0,32.0,31.0,29.0,27.0,31.0,43.0,36.0,30.0,37.0,38.0,39.0,35.0,17.0,28.0,27.0,30.0,31.0,24.0,29.0,37.0,26.0,29.0,30.0
35.0,26.0,35.0,26.0,26.0,29.0,28.0,26.0,25.0,22.0,25.0,30.0,26.0,26.0,29.0,22.0,26.0,26.0,25.0,25.0,37.0,30.0,23.0,26.0,31.0,33.0,31.0,31.0,25.0,20.0,33.0,23.0,28.0,22.0,30.0,30.0,25.0,28.0,30.0,28.0,33.0,24.0,28.0,26.0,24.0,20.0,23.0,18.0,25.0,33.0
28.0,25.0,34.0,26.0,41.0,32.0,36.0,32.0,27.0,28.0,28.0,37.0,34.0,38.0,29.0,27.0,27.0,31.0,28.0,23.0,24.0,34.0,34.0,31.0,25.0,32.0,22.0,32.0,21.0,19.0,36.0,25.0,25.0,26.0,40.0,29.0,25.0,25.0,28.0,21.0,38.0,32.0,26.0,19.0,25.0,31.0,21.0,30.0,31.0,27.0
