10,50,1000
16.219192,18.768102,15.88042,16.958626,19.492826,17.874024,18.404085,18.623271,18.099557,18.365953
8.460378,6.34991,6.160635,7.594248,8.815033,5.161819,6.634382,8.927118,7.400849,6.731148
0.0,10.0,20.0,30.0,40.0,50.0,60.0,70.0,80.0,90.0
10.0,0.0,10.0,20.0,30.0,40.0,50.0,60.0,70.0,80.0
20.0,10.0,0.0,10.0,20.0,30.0,40.0,50.0,60.0,70.0
30.0,20.0,10.0,0.0,10.0,20.0,30.0,40.0,50.0,60.0
40.0,30.0,20.0,10.0,0.0,10.0,20.0,30.0,40.0,50.0
50.0,40.0,30.0,20.0,10.0,0.0,10.0,20.0,30.0,40.0
60.0,50.0,40.0,30.0,20.0,10.0,0.0,10.0,20.0,30.0
70.0,60.0,50.0,40.0,30.0,20.0,10.0,0.0,10.0,20.0
80.0,70.0,60.0,50.0,40.0,30.0,20.0,10.0,0.0,10.0
90.0,80.0,70.0,60.0,50.0,40.0,30.0,20.0,10.0,0.0
450.0,400.0,350.0,300.0,250.0,250.0,300.0,350.0,400.0,450.0
0.0,1.0,2.0,3.0,4.0,5.0,6.0,7.0,8.0,9.0
1.0,0.0,1.0,2.0,3.0,4.0,5.0,6.0,7.0,8.0
2.0,1.0,0.0,1.0,2.0,3.0,4.0,5.0,6.0,7.0
3.0,2.0,1.0,0.0,1.0,2.0,3.0,4.0,5.0,6.0
4.0,3.0,2.0,1.0,0.0,1.0,2.0,3.0,4.0,5.0
5.0,4.0,3.0,2.0,1.0,0.0,1.0,2.0,3.0,4.0
6.0,5.0,4.0,3.0,2.0,1.0,0.0,1.0,2.0,3.0
7.0,6.0,5.0,4.0,3.0,2.0,1.0,0.0,1.0,2.0
8.0,7.0,6.0,5.0,4.0,3.0,2.0,1.0,0.0,1.0
9.0,8.0,7.0,6.0,5.0,4.0,3.0,2.0,1.0,0.0
45.0,40.0,35.0,30.0,25.0,25.0,30.0,35.0,40.0,45.0
36.0,17.0,29.0,31.0,29.0,39.0,33.0,31.0,36.0,28.0,35.0,27.0,24.0,30.0,29.0,25.0,31.0,29.0,32.0,29.0,36.0,32.0,43.0,42.0,31.0,34.0,31.0,41.0,28.0,31.0,31.0,39.0,40.0,35.0,29.0,33.0,33.0,32.0,34.0,41.0,27.0,32.0,36.0,29.0,24.0,32.0,36.0,27.0,35.0,39.0
33.0,29.0,33.0,42.0,38.0,26.0,27.0,24.0,25.0,26.0,31.0,25.0,35.0,29.0,30.0,28.0,23.0,28.0,25.0,27.0,17.0,28.0,21.0,24.0,23.0,20.0,28.0,18.0,32.0,24.0,20.0,36.0,26.0,31.0,27.0,23.0,20.0,26.0,27.0,30.0,26.0,34.0,16.0,27.0,22.0,19.0,25.0,33.0,28.0,20.0
19.0,25.0,19.0,33.0,21.0,15.0,31.0,28.0,20.0,25.0,23.0,23.0,19.0,27.0,23.0,17.0,24.0,20.0,30.0,22.0,31.0,25.0,26.0,18.0,16.0,27.0,22.0,26.0,22.0,20.0,25.0,19.0,20.0,22.0,27.0,17.0,19.0,31.0,32.0,14.0,27.0,20.0,30.0,26.0,25.0,23.0,18.0,21.0,28.0,24.0
25.0,30.0,34.0,23.0,35.0,34.0,23.0,37.0,35.0,26.0,23.0,36.0,32.0,28.0,25.0,25.0,22.0,35.0,26.0,34.0,26.0,27.0,44.0,23.0,31.0,38.0,27.0,26.0,30.0,28.0,25.0,38.0,26.0,35.0,31.0,34.0,28.0,31.0,27.0,30.0,33.0,27.0,37.0,23.0,32.0,30.0,25.0,37.0,36.0,39.0
30.0,30.0,33.0,33.0,41.0,30.0,33.0,34.0,31.0,35.0,41.0,37.0,44.0,27.0,36.0,28.0,34.0,48.0,33.0,37.0,32.0,31.0,38.0,35.0,36.0,33.0,39.0,30.0,26.0,29.0,29.0,34.0,33.0,29.0,33.0,22.0,38.0,33.0,41.0,30.0,40.0,43.0,33.0,45.0,23.0,24.0,39.0,30.0,40.0,37.0
21.0,22.0,20.0,24.0,23.0,16.0,20.0,28.0,27.0,21.0,16.0,16.0,17.0,18.0,24.0,12.0,18.0,23.0,18.0,19.0,20.0,19.0,20.0,19.0,24.0,19.0,13.0,26.0,27.0,17.0,20.0,17.0,15.0,19.0,27.0,30.0,19.0,18.0,27.0,21.0,24.0,12.0,26.0,26.0,20.0,22.0,21.0,21.0,26.0,25.0
30.0,21.0,28.0,28.0,21.0,33.0,28.0,23.0,29.0,37.0,26.0,23.0,29.0,29.0,34.0,24.0,28.0,20.0,25.0,42.0,22.0,28.0,20.0,30.0,27.0,31.0,23.0,29.0,27.0,22.0,23.0,26.0,26.0,26.0,30.0,29.0,33.0,26.0,22.0,30.0,26.0,22.0,26.0,24.0,25.0,28.0,29.0,25.0,25.0,25.0
33.0,26.0,27.0,30.0,32.0,41.0,24.0,34.0,33.0,37.0,39.0,35.0,39.0,32.0,29.0,34.0,29.0,35.0,27.0,34.0,32.0,26.0,34.0,34.0,31.0,26.0,25.0,34.0,29.0,32.0,39.0,38.0,30.0,26.0,31.0,37.0,32.0,33.0,34.0,35.0,39.0,36.0,29.0,39.0,37.0,29.0,29.0,35.0,42.0,30.0
22.0,23.0,34.0,23.0,35.0,37.0,33.0,39.0,23.0,27.0,29.0,27.0,33.0,27.0,33.0,21.0,23.0,22.0,38.0,33.0,19.0,29.0,26.0,26.0,26.0,29.0,28.0,32.0,26.0,33.0,24.0,26.0,31.0,33.0,26.0,23.0,20.0,27.0,33.0,32.0,26.0,25.0,30.0,32.0,23.0,25.0,25.0,35.0,21.0,22.0
23.0,27.0,30.0,23.0,21.0,34.0,28.0,30.0,30.0,30.0,37.0,24.0,28.0,29.0,18.0,32.0,17.0,37.0,32.0,30.0,29.0,33.0,26.0,20.0,23.0,31.0,21.0,27.0,23.0,33.0,27.0,19.0,23.0,29.0,18.0,22.0,18.0,30.0,32.0,22.0,27.0,15.0,27.0,27.0,19.0,18.0,28.0,29.0,27.0,30.0
