10,50,1000
18.867273,15.921397,16.094496,18.902049,18.260629,19.64622,17.210827,16.055288,15.260466,16.236443
8.598873,7.341862,6.787795,9.838863,6.155665,9.021593,9.573111,6.907667,5.424297,6.199454
0.0,10.0,20.0,30.0,40.0,50.0,60.0,70.0,80.0,90.0
10.0,0.0,10.0,20.0,30.0,40.0,50.0,60.0,70.0,80.0
20.0,10.0,0.0,10.0,20.0,30.0,40.0,50.0,60.0,70.0
30.0,20.0,10.0,0.0,10.0,20.0,30.0,40.0,50.0,60.0
40.0,30.0,20.0,10.0,0.0,10.0,20.0,30.0,40.0,50.0
50.0,40.0,30.0,20.0,10.0,0.0,10.0,20.0,30.0,40.0
60.0,50.0,40.0,30.0,20.0,10.0,0.0,10.0,20.0,30.0
70.0,60.0,50.0,40.0,30.0,20.0,10.0,0.0,10.0,20.0
80.0,70.0,60.0,50.0,40.0,30.0,20.0,10.0,0.0,10.0
90.0,80.0,70.0,60.0,50.0,40.0,30.0,20.0,10.0,0.0
450.0,400.0,350.0,300.0,250.0,250.0,300.0,350.0,400.0,450.0
0.0,1.0,2.0,3.0,4.0,5.0,6.0,7.0,8.0,9.0
1.0,0.0,1.0,2.0,3.0,4.0,5.0,6.0,7.0,8.0
2.0,1.0,0.0,1.0,2.0,3.0,4.0,5.0,6.0,7.0
3.0,2.0,1.0,0.0,1.0,2.0,3.0,4.0,5.0,6.0
4.0,3.0,2.0,1.0,0.0,1.0,2.0,3.0,4.0,5.0
5.0,4.0,3.0,2.0,1.0,0.0,1.0,2.0,3.0,4.0
6.0,5.0,4.0,3.0,2.0,1.0,0.0,1.0,2.0,3.0
7.0,6.0,5.0,4.0,3.0,2.0,1.0,0.0,1.0,2.0
8.0,7.0,6.0,5.0,4.0,3.0,2.0,1.0,0.0,1.0
9.0,8.0,7.0,6.0,5.0,4.0,3.0,2.0,1.0,0.0
45.0,40.0,35.0,30.0,25.0,25.0,30.0,35.0,40.0,45.0
35.0,23.0,39.0,35.0,26.0,39.0,30.0,33.0,38.0,29.0,36.0,33.0,35.0,31.0,29.0,29.0,32.0,28.0,28.0,37.0,38.0,25.0,26.0,30.0,30.0,33.0,27.0,29.0,33.0,39.0,41.0,37.0,32.0,33.0,34.0,30.0,24.0,38.0,36.0,29.0,31.0,36.0,30.0,29.0,30.0,29.0,29.0,23.0,33.0,32.0
23.0,20.0,25.0,28.0,29.0,24.0,38.0,26.0,22.0,20.0,29.0,29.0,25.0,33.0,31.0,31.0,42.0,39.0,28.0,19.0,29.0,28.0,28.0,27.0,21.0,31.0,35.0,26.0,24.0,32.0,27.0,31.0,29.0,26.0,26.0,24.0,28.0,33.0,30.0,31.0,23.0,38.0,26.0,25.0,28.0,29.0,29.0,25.0,34.0,26.0
38.0,23.0,22.0,25.0,33.0,23.0,22.0,18.0,28.0,29.0,36.0,26.0,26.0,23.0,22.0,23.0,25.0,21.0,22.0,27.0,28.0,24.0,18.0,27.0,28.0,26.0,24.0,29.0,36.0,19.0,25.0,27.0,34.0,17.0,27.0,16.0,29.0,24.0,31.0,15.0,27.0,26.0,33.0,26.0,37.0,30.0,25.0,24.0,28.0,23.0
35.0,34.0,39.0,43.0,43.0,47.0,36.0,40.0,39.0,35.0,39.0,38.0,46.0,37.0,38.0,39.0,41.0,52.0,28.0,34.0,36.0,35.0,44.0,41.0,31.0,35.0,54.0,32.0,44.0,52.0,41.0,38.0,45.0,33.0,48.0,38.0,44.0,37.0,31.0,44.0,41.0,41.0,40.0,39.0,31.0,34.0,29.0,32.0,39.0,47.0
24.0,25.0,17.0,23.0,33.0,26.0,30.0,26.0,27.0,20.0,26.0,27.0,30.0,21.0,27.0,13.0,30.0,23.0,23.0,32.0,26.0,28.0,16.0,26.0,26.0,29.0,18.0,16.0,20.0,21.0,20.0,33.0,19.0,27.0,28.0,18.0,33.0,26.0,18.0,23.0,27.0,22.0,31.0,28.0,22.0,33.0,20.0,21.0,33.0,20.0
35.0,46.0,42.0,27.0,32.0,32.0,43.0,31.0,38.0,42.0,31.0,37.0,42.0,39.0,35.0,29.0,48.0,38.0,36.0,46.0,30.0,38.0,33.0,22.0,44.0,33.0,30.0,36.0,20.0,31.0,39.0,37.0,32.0,31.0,31.0,37.0,39.0,39.0,37.0,31.0,32.0,41.0,37.0,39.0,42.0,39.0,39.0,34.0,30.0,22.0
40.0,25.0,42.0,38.0,35.0,41.0,50.0,23.0,35.0,42.0,37.0,42.0,41.0,43.0,44.0,36.0,31.0,31.0,31.0,35.0,34.0,36.0,37.0,29.0,32.0,34.0,33.0,41.0,29.0,34.0,30.0,41.0,36.0,32.0,40.0,24.0,36.0,38.0,42.0,42.0,38.0,33.0,37.0,35.0,36.0,42.0,32.0,38.0,44.0,47.0
27.0,24.0,26.0,32.0,23.0,30.0,22.0,27.0,23.0,26.0,31.0,36.0,41.0,27.0,21.0,21.0,29.0,22.0,25.0,22.0,22.0,29.0,25.0,35.0,21.0,22.0,25.0,27.0,23.0,37.0,25.0,31.0,19.0,30.0,22.0,14.0,31.0,26.0,26.0,23.0,28.0,16.0,19.0,24.0,26.0,27.0,23.0,30.0,32.0,25.0
17.0,19.0,23.0,31.0,16.0,23.0,29.0,15.0,21.0,25.0,21.0,20.0,20.0,14.0,25.0,19.0,26.0,22.0,20.0,17.0,15.0,23.0,26.0,25.0,27.0,17.0,17.0,19.0,25.0,28.0,23.0,24.0,25.0,27.0,12.0,15.0,28.0,31.0,28.0,14.0,17.0,21.0,21.0,16.0,18.0,20.0,19.0,22.0,16.0,16.0
38.0,27.0,21.0,22.0,23.0,18.0,22.0,26.0,21.0,20.0,30.0,19.0,25.0,29.0,23.0,26.0,24.0,27.0,27.0,18.0,23.0,25.0,31.0,27.0,24.0,8.0,17.0,22.0,23.0,23.0,26.0,24.0,25.0,24.0,26.0,24.0,25.0,35.0,31.0,26.0,37.0,31.0,22.0,33.0,18.0,23.0,26.0,35.0,34.0,17.0
