10,50,1000
17.497123,18.601225,18.902454,15.971108,17.195871,19.954688,17.88904,15.597084,15.26541,15.646565
6.152757,9.186774,8.598655,9.536472,8.630978,9.761901,7.420599,8.147641,8.800963,5.645373
0.0,10.0,20.0,30.0,40.0,50.0,60.0,70.0,80.0,90.0
10.0,0.0,10.0,20.0,30.0,40.0,50.0,60.0,70.0,80.0
20.0,10.0,0.0,10.0,20.0,30.0,40.0,50.0,60.0,70.0
30.0,20.0,10.0,0.0,10.0,20.0,30.0,40.0,50.0,60.0
40.0,30.0,20.0,10.0,0.0,10.0,20.0,30.0,40.0,50.0
50.0,40.0,30.0,20.0,10.0,0.0,10.0,20.0,30.0,40.0
60.0,50.0,40.0,30.0,20.0,10.0,0.0,10.0,20.0,30.0
70.0,60.0,50.0,40.0,30.0,20.0,10.0,0.0,10.0,20.0
80.0,70.0,60.0,50.0,40.0,30.0,20.0,10.0,0.0,10.0
90.0,80.0,70.0,60.0,50.0,40.0,30.0,20.0,10.0,0.0
450.0,400.0,350.0,300.0,250.0,250.0,300.0,350.0,400.0,450.0
0.0,1.0,2.0,3.0,4.0,5.0,6.0,7.0,8.0,9.0
1.0,0.0,1.0,2.0,3.0,4.0,5.0,6.0,7.0,8.0
2.0,1.0,0.0,1.0,2.0,3.0,4.0,5.0,6.0,7.0
3.0,2.0,1.0,0.0,1.0,2.0,3.0,4.0,5.0,6.0
4.0,3.0,2.0,1.0,0.0,1.0,2.0,3.0,4.0,5.0
5.0,4.0,3.0,2.0,1.0,0.0,1.0,2.0,3.0,4.0
6.0,5.0,4.0,3.0,2.0,1.0,0.0,1.0,2.0,3.0
7.0,6.0,5.0,4.0,3.0,2.0,1.0,0.0,1.0,2.0
8.0,7.0,6.0,5.0,4.0,3.0,2.0,1.0,0.0,1.0
9.0,8.0,7.0,6.0,5.0,4.0,3.0,2.0,1.0,0.0
45.0,40.0,35.0,30.0,25.0,25.0,30.0,35.0,40.0,45.0
25.0,23.0,24.0,15.0,26.0,33.0,25.0,28.0,19.0,16.0,13.0,27.0,26.0,34.0,28.0,12.0,25.0,20.0,30.0,17.0,36.0,29.0,22.0,24.0,21.0,22.0,33.0,26.0,20.0,31.0,27.0,23.0,22.0,33.0,22.0,22.0,21.0,26.0,20.0,17.0,18.0,21.0,24.0,23.0,25.0,22.0,24.0,22.0,29.0,20.0
41.0,36.0,42.0,43.0,41.0,45.0,24.0,30.0,25.0,40.0,41.0,23.0,24.0,41.0,30.0,36.0,32.0,39.0,36.0,40.0,36.0,33.0,23.0,24.0,39.0,37.0,32.0,45.0,33.0,23.0,29.0,23.0,33.0,34.0,47.0,39.0,47.0,34.0,33.0,29.0,49.0,29.0,34.0,23.0,38.0,38.0,51.0,33.0,33.0,30.0
32.0,26.0,40.0,27.0,26.0,28.0,33.0,24.0,31.0,34.0,38.0,36.0,24.0,29.0,32.0,26.0,27.0,32.0,27.0,32.0,32.0,29.0,30.0,27.0,42.0,35.0,23.0,30.0,33.0,31.0,30.0,44.0,28.0,30.0,31.0,32.0,27.0,27.0,34.0,35.0,33.0,33.0,32.0,25.0,40.0,35.0,24.0,34.0,41.0,26.0
34.0,45.0,30.0,46.0,33.0,38.0,24.0,43.0,44.0,37.0,22.0,37.0,43.0,37.0,36.0,41.0,32.0,26.0,41.0,31.0,37.0,38.0,42.0,21.0,40.0,32.0,45.0,37.0,35.0,36.0,31.0,26.0,31.0,52.0,44.0,37.0,33.0,40.0,29.0,31.0,43.0,37.0,31.0,32.0,47.0,39.0,36.0,22.0,41.0,37.0
27.0,32.0,31.0,35.0,35.0,35.0,35.0,35.0,34.0,22.0,39.0,29.0,31.0,37.0,21.0,33.0,39.0,33.0,33.0,43.0,23.0,30.0,33.0,22.0,34.0,36.0,35.0,28.0,26.0,38.0,30.0,38.0,35.0,20.0,32.0,36.0,34.0,27.0,37.0,27.0,38.0,37.0,27.0,34.0,25.0,27.0,32.0,36.0,26.0,35.0
51.0,28.0,38.0,36.0,30.0,20.0,42.0,37.0,38.0,28.0,41.0,27.0,31.0,24.0,36.0,38.0,32.0,38.0,30.0,40.0,40.0,31.0,43.0,42.0,26.0,43.0,38.0,38.0,31.0,39.0,38.0,35.0,45.0,36.0,34.0,32.0,44.0,40.0,36.0,44.0,45.0,41.0,31.0,34.0,44.0,39.0,36.0,27.0,42.0,38.0
34.0,25.0,27.0,38.0,27.0,27.0,27.0,31.0,31.0,20.0,35.0,33.0,26.0,39.0,35.0,38.0,41.0,29.0,35.0,39.0,31.0,34.0,21.0,17.0,24.0,23.0,31.0,27.0,26.0,31.0,26.0,20.0,31.0,38.0,19.0,27.0,34.0,39.0,36.0,20.0,24.0,36.0,28.0,30.0,24.0,25.0,33.0,27.0,22.0,35.0
37.0,38.0,28.0,26.0,29.0,21.0,33.0,20.0,21.0,31.0,35.0,28.0,35.0,16.0,32.0,38.0,36.0,29.0,33.0,25.0,30.0,35.0,41.0,30.0,30.0,29.0,30.0,22.0,32.0,29.0,33.0,30.0,33.0,31.0,28.0,30.0,30.0,22.0,21.0,30.0,25.0,35.0,35.0,33.0,34.0,32.0,34.0,23.0,35.0,24.0
29.0,37.0,28.0,27.0,39.0,44.0,26.0,41.0,26.0,32.0,32.0,32.0,25.0,27.0,32.0,28.0,35.0,30.0,33.0,33.0,37.0,29.0,29.0,33.0,25.0,44.0,28.0,35.0,37.0,28.0,34.0,27.0,41.0,32.0,33.0,31.0,31.0,34.0,34.0,27.0,40.0,39.0,27.0,30.0,30.0,30.0,30.0,35.0,35.0,33.0
26.0,18.0,24.0,18.0,23.0,30.0,17.0,19.0,22.0,19.0,19.0,22.0,33.0,17.0,20.0,24.0,19.0,20.0,23.0,19.0,21.0,17.0,20.0,27.0,25.0,30.0,31.0,22.0,18.0,16.0,23.0,22.0,20.0,24.0,28.0,23.0,28.0,31.0,19.0,29.0,16.0,22.0,24.0,15.0,17.0,18.0,19.0,28.0,25.0,21.0
