10,50,1000
16.145559,16.734899,16.200311,18.264161,19.671251,18.53195,15.430833,15.14967,15.917231,15.734511
5.195443,5.100922,5.918175,9.467909,7.96245,7.251788,9.206137,8.698216,7.642347,5.69034
0.0,10.0,20.0,30.0,40.0,50.0,60.0,70.0,80.0,90.0
10.0,0.0,10.0,20.0,30.0,40.0,50.0,60.0,70.0,80.0
20.0,10.0,0.0,10.0,20.0,30.0,40.0,50.0,60.0,70.0
30.0,20.0,10.0,0.0,10.0,20.0,30.0,40.0,50.0,60.0
40.0,30.0,20.0,10.0,0.0,10.0,20.0,30.0,40.0,50.0
50.0,40.0,30.0,20.0,10.0,0.0,10.0,20.0,30.0,40.0
60.0,50.0,40.0,30.0,20.0,10.0,0.0,10.0,20.0,30.0
70.0,60.0,50.0,40.0,30.0,20.0,10.0,0.0,10.0,20.0
80.0,70.0,60.0,50.0,40.0,30.0,20.0,10.0,0.0,10.0
90.0,80.0,70.0,60.0,50.0,40.0,30.0,20.0,10.0,0.0
450.0,400.0,350.0,300.0,250.0,250.0,300.0,350.0,400.0,450.0
0.0,1.0,2.0,3.0,4.0,5.0,6.0,7.0,8.0,9.0
1.0,0.0,1.0,2.0,3.0,4.0,5.0,6.0,7.0,8.0
2.0,1.0,0.0,1.0,2.0,3.0,4.0,5.0,6.0,7.0
3.0,2.0,1.0,0.0,1.0,2.0,3.0,4.0,5.0,6.0
4.0,3.0,2.0,1.0,0.0,1.0,2.0,3.0,4.0,5.0
5.0,4.0,3.0,2.0,1.0,0.0,1.0,2.0,3.0,4.0
6.0,5.0,4.0,3.0,2.0,1.0,0.0,1.0,2.0,3.0
7.0,6.0,5.0,4.0,3.0,2.0,1.0,0.0,1.0,2.0
8.0,7.0,6.0,5.0,4.0,3.0,2.0,1.0,0.0,1.0
9.0,8.0,7.0,6.0,5.0,4.0,3.0,2.0,1.0,0.0
45.0,40.0,35.0,30.0,25.0,25.0,30.0,35.0,40.0,45.0
17.0,25.0,15.0,21.0,20.0,23.0,22.0,21.0,22.0,14.0,20.0,16.0,22.0,20.0,21.0,30.0,19.0,15.0,21.0,23.0,24.0,26.0,21.0,23.0,26.0,21.0,15.0,24.0,15.0,19.0,16.0,20.0,30.0,20.0,18.0,15.0,16.0,18.0,10.0,21.0,24.0,26.0,17.0,18.0,21.0,20.0,24.0,23.0,26.0,26.0
23.0,24.0,20.0,30.0,21.0,21.0,25.0,17.0,22.0,25.0,16.0,17.0,23.0,20.0,27.0,20.0,18.0,23.0,16.0,17.0,19.0,16.0,18.0,20.0,24.0,25.0,24.0,22.0,16.0,29.0,24.0,24.0,28.0,18.0,26.0,22.0,30.0,17.0,11.0,29.0,17.0,27.0,18.0,20.0,20.0,27.0,27.0,19.0,21.0,11.0
18.0,20.0,18.0,18.0,26.0,29.0,35.0,16.0,30.0,27.0,15.0,17.0,23.0,29.0,29.0,19.0,27.0,20.0,25.0,15.0,19.0,28.0,25.0,25.0,20.0,21.0,24.0,24.0,25.0,37.0,22.0,24.0,22.0,27.0,23.0,28.0,15.0,10.0,20.0,24.0,20.0,21.0,24.0,24.0,23.0,28.0,28.0,23.0,24.0,23.0
33.0,30.0,33.0,44.0,41.0,39.0,37.0,28.0,31.0,42.0,32.0,31.0,46.0,32.0,38.0,38.0,35.0,39.0,34.0,27.0,35.0,37.0,47.0,36.0,45.0,49.0,45.0,32.0,34.0,33.0,29.0,32.0,33.0,32.0,24.0,38.0,26.0,26.0,36.0,40.0,46.0,33.0,30.0,30.0,29.0,38.0,34.0,43.0,37.0,49.0
22.0,33.0,29.0,34.0,26.0,32.0,31.0,25.0,34.0,22.0,31.0,25.0,39.0,26.0,32.0,30.0,38.0,30.0,34.0,29.0,31.0,33.0,26.0,28.0,33.0,40.0,34.0,37.0,30.0,30.0,42.0,37.0,35.0,38.0,34.0,39.0,25.0,36.0,24.0,17.0,35.0,41.0,40.0,30.0,22.0,33.0,30.0,35.0,31.0,29.0
38.0,26.0,25.0,29.0,29.0,30.0,26.0,24.0,31.0,22.0,29.0,20.0,26.0,39.0,39.0,27.0,26.0,22.0,32.0,30.0,42.0,25.0,33.0,21.0,29.0,27.0,33.0,30.0,23.0,34.0,30.0,27.0,26.0,24.0,17.0,20.0,32.0,23.0,20.0,34.0,55.0,35.0,26.0,24.0,43.0,30.0,27.0,29.0,28.0,29.0
24.0,32.0,29.0,31.0,30.0,38.0,50.0,34.0,39.0,34.0,24.0,31.0,31.0,35.0,25.0,33.0,30.0,29.0,40.0,21.0,33.0,34.0,30.0,36.0,31.0,30.0,31.0,31.0,29.0,33.0,36.0,29.0,27.0,31.0,30.0,43.0,31.0,34.0,49.0,40.0,34.0,42.0,42.0,38.0,40.0,24.0,29.0,37.0,22.0,26.0
29.0,30.0,15.0,40.0,29.0,32.0,32.0,36.0,33.0,30.0,45.0,34.0,32.0,37.0,29.0,41.0,35.0,32.0,42.0,26.0,23.0,29.0,40.0,28.0,39.0,38.0,34.0,35.0,23.0,23.0,31.0,23.0,35.0,31.0,29.0,29.0,29.0,30.0,35.0,31.0,34.0,33.0,36.0,35.0,33.0,23.0,25.0,40.0,24.0,37.0
27.0,34.0,27.0,31.0,33.0,29.0,24.0,31.0,37.0,23.0,31.0,31.0,35.0,29.0,23.0,18.0,36.0,29.0,33.0,37.0,24.0,24.0,25.0,32.0,31.0,40.0,21.0,27.0,33.0,24.0,37.0,29.0,30.0,30.0,34.0,27.0,26.0,37.0,26.0,16.0,30.0,30.0,19.0,30.0,44.0,36.0,25.0,27.0,27.0,33.0
25.0,25.0,16.0,19.0,27.0,29.0,20.0,14.0,21.0,15.0,20.0,18.0,16.0,20.0,18.0,23.0,18.0,25.0,19.0,29.0,20.0,20.0,20.0,15.0,21.0,25.0,26.0,26.0,20.0,17.0,23.0,27.0,12.0,26.0,19.0,29.0,27.0,23.0,14.0,23.0,20.0,22.0,21.0,27.0,31.0,20.0,19.0,26.0,16.0,13.0
