10,50,1000
18.139659,16.197003,17.432103,18.300292,19.827962,16.319111,18.269204,15.215074,17.185759,18.683863
5.880195,7.71676,7.467583,9.648487,7.851755,5.66555,9.552523,9.122316,8.249148,6.170111
0.0,10.0,20.0,30.0,40.0,50.0,60.0,70.0,80.0,90.0
10.0,0.0,10.0,20.0,30.0,40.0,50.0,60.0,70.0,80.0
20.0,10.0,0.0,10.0,20.0,30.0,40.0,50.0,60.0,70.0
30.0,20.0,10.0,0.0,10.0,20.0,30.0,40.0,50.0,60.0
40.0,30.0,20.0,10.0,0.0,10.0,20.0,30.0,40.0,50.0
50.0,40.0,30.0,20.0,10.0,0.0,10.0,20.0,30.0,40.0
60.0,50.0,40.0,30.0,20.0,10.0,0.0,10.0,20.0,30.0
70.0,60.0,50.0,40.0,30.0,20.0,10.0,0.0,10.0,20.0
80.0,70.0,60.0,50.0,40.0,30.0,20.0,10.0,0.0,10.0
90.0,80.0,70.0,60.0,50.0,40.0,30.0,20.0,10.0,0.0
450.0,400.0,350.0,300.0,250.0,250.0,300.0,350.0,400.0,450.0
0.0,1.0,2.0,3.0,4.0,5.0,6.0,7.0,8.0,9.0
1.0,0.0,1.0,2.0,3.0,4.0,5.0,6.0,7.0,8.0
2.0,1.0,0.0,1.0,2.0,3.0,4.0,5.0,6.0,7.0
3.0,2.0,1.0,0.0,1.0,2.0,3.0,4.0,5.0,6.0
4.0,3.0,2.0,1.0,0.0,1.0,2.0,3.0,4.0,5.0
5.0,4.0,3.0,2.0,1.0,0.0,1.0,2.0,3.0,4.0
6.0,5.0,4.0,3.0,2.0,1.0,0.0,1.0,2.0,3.0
7.0,6.0,5.0,4.0,3.0,2.0,1.0,0.0,1.0,2.0
8.0,7.0,6.0,5.0,4.0,3.0,2.0,1.0,0.0,1.0
9.0,8.0,7.0,6.0,5.0,4.0,3.0,2.0,1.0,0.0
45.0,40.0,35.0,30.0,25.0,25.0,30.0,35.0,40.0,45.0
21.0,21.0,28.0,22.0,17.0,20.0,21.0,20.0,29.0,27.0,18.0,13.0,21.0,24.0,27.0,27.0,27.0,27.0,28.0,38.0,26.0,29.0,18.0,17.0,17.0,29.0,21.0,29.0,19.0,25.0,22.0,26.0,23.0,13.0,26.0,16.0,26.0,16.0,18.0,26.0,24.0,22.0,25.0,28.0,26.0,24.0,17.0,18.0,25.0,20.0
20.0,43.0,26.0,23.0,20.0,28.0,31.0,29.0,20.0,26.0,27.0,28.0,25.0,25.0,27.0,29.0,35.0,38.0,26.0,25.0,21.0,29.0,16.0,29.0,29.0,29.0,40.0,28.0,37.0,25.0,29.0,23.0,24.0,33.0,25.0,21.0,34.0,26.0,26.0,35.0,21.0,14.0,24.0,37.0,33.0,33.0,31.0,36.0,35.0,28.0
35.0,32.0,26.0,40.0,40.0,28.0,31.0,38.0,28.0,30.0,25.0,34.0,22.0,29.0,32.0,33.0,31.0,27.0,37.0,23.0,46.0,26.0,33.0,24.0,36.0,36.0,30.0,33.0,19.0,18.0,25.0,28.0,34.0,28.0,28.0,25.0,24.0,34.0,22.0,27.0,26.0,27.0,26.0,34.0,27.0,29.0,31.0,33.0,20.0,29.0
35.0,39.0,39.0,46.0,37.0,42.0,27.0,27.0,44.0,33.0,44.0,36.0,39.0,35.0,36.0,33.0,38.0,36.0,33.0,39.0,33.0,34.0,26.0,34.0,40.0,41.0,29.0,28.0,41.0,37.0,33.0,41.0,36.0,36.0,44.0,30.0,39.0,32.0,38.0,33.0,25.0,30.0,37.0,50.0,35.0,36.0,28.0,32.0,38.0,32.0
30.0,21.0,19.0,27.0,31.0,32.0,28.0,30.0,50.0,35.0,26.0,37.0,36.0,26.0,29.0,23.0,26.0,40.0,38.0,40.0,30.0,47.0,31.0,29.0,30.0,30.0,27.0,33.0,32.0,31.0,34.0,23.0,31.0,30.0,26.0,30.0,38.0,36.0,30.0,41.0,29.0,28.0,30.0,41.0,28.0,28.0,39.0,35.0,28.0,29.0
28.0,21.0,32.0,20.0,22.0,22.0,34.0,25.0,23.0,20.0,21.0,22.0,14.0,25.0,28.0,20.0,18.0,21.0,13.0,30.0,20.0,31.0,28.0,20.0,22.0,25.0,29.0,31.0,21.0,23.0,21.0,21.0,21.0,26.0,23.0,30.0,13.0,21.0,25.0,25.0,18.0,16.0,19.0,27.0,21.0,18.0,20.0,23.0,27.0,13.0
41.0,36.0,33.0,20.0,33.0,34.0,34.0,38.0,44.0,36.0,33.0,36.0,35.0,32.0,32.0,49.0,38.0,28.0,31.0,42.0,31.0,38.0,32.0,31.0,44.0,39.0,47.0,37.0,31.0,38.0,38.0,43.0,45.0,36.0,34.0,29.0,29.0,30.0,37.0,23.0,46.0,33.0,27.0,33.0,38.0,35.0,35.0,38.0,32.0,32.0
34.0,29.0,41.0,31.0,43.0,28.0,37.0,31.0,29.0,47.0,37.0,33.0,31.0,26.0,35.0,34.0,33.0,41.0,36.0,31.0,29.0,26.0,22.0,30.0,32.0,41.0,24.0,31.0,34.0,31.0,25.0,32.0,26.0,40.0,39.0,49.0,23.0,40.0,34.0,39.0,36.0,25.0,24.0,38.0,29.0,28.0,28.0,37.0,43.0,40.0
34.0,28.0,37.0,42.0,27.0,44.0,28.0,25.0,35.0,35.0,36.0,29.0,27.0,29.0,37.0,31.0,30.0,41.0,25.0,31.0,32.0,37.0,33.0,32.0,31.0,39.0,36.0,39.0,26.0,29.0,26.0,21.0,32.0,30.0,22.0,29.0,42.0,22.0,25.0,32.0,30.0,42.0,31.0,35.0,31.0,39.0,28.0,32.0,36.0,30.0
27.0,24.0,18.0,27.0,24.0,27.0,24.0,20.0,29.0,21.0,30.0,29.0,19.0,15.0,28.0,23.0,27.0,34.0,18.0,20.0,22.0,22.0,24.0,33.0,21.0,16.0,26.0,25.0,23.0,27.0,26.0,34.0,21.0,28.0,21.0,27.0,22.0,29.0,17.0,31.0,20.0,26.0,25.0,23.0,17.0,28.0,24.0,28.0,22.0,22.0
