10,50,1000
16.193674,15.28674,17.381194,17.441913,16.480152,17.047782,15.898654,16.733032,19.888003,16.950105
7.459214,6.009889,6.033115,7.81055,5.52789,9.815862,8.379037,6.398895,9.935579,9.405107
0.0,10.0,20.0,30.0,40.0,50.0,60.0,70.0,80.0,90.0
10.0,0.0,10.0,20.0,30.0,40.0,50.0,60.0,70.0,80.0
20.0,10.0,0.0,10.0,20.0,30.0,40.0,50.0,60.0,70.0
30.0,20.0,10.0,0.0,10.0,20.0,30.0,40.0,50.0,60.0
40.0,30.0,20.0,10.0,0.0,10.0,20.0,30.0,40.0,50.0
50.0,40.0,30.0,20.0,10.0,0.0,10.0,20.0,30.0,40.0
60.0,50.0,40.0,30.0,20.0,10.0,0.0,10.0,20.0,30.0
70.0,60.0,50.0,40.0,30.0,20.0,10.0,0.0,10.0,20.0
80.0,70.0,60.0,50.0,40.0,30.0,20.0,10.0,0.0,10.0
90.0,80.0,70.0,60.0,50.0,40.0,30.0,20.0,10.0,0.0
450.0,400.0,350.0,300.0,250.0,250.0,300.0,350.0,400.0,450.0
0.0,1.0,2.0,3.0,4.0,5.0,6.0,7.0,8.0,9.0
1.0,0.0,1.0,2.0,3.0,4.0,5.0,6.0,7.0,8.0
2.0,1.0,0.0,1.0,2.0,3.0,4.0,5.0,6.0,7.0
3.0,2.0,1.0,0.0,1.0,2.0,3.0,4.0,5.0,6.0
4.0,3.0,2.0,1.0,0.0,1.0,2.0,3.0,4.0,5.0
5.0,4.0,3.0,2.0,1.0,0.0,1.0,2.0,3.0,4.0
6.0,5.0,4.0,3.0,2.0,1.0,0.0,1.0,2.0,3.0
7.0,6.0,5.0,4.0,3.0,2.0,1.0,0.0,1.0,2.0
8.0,7.0,6.0,5.0,4.0,3.0,2.0,1.0,0.0,1.0
9.0,8.0,7.0,6.0,5.0,4.0,3.0,2.0,1.0,0.0
45.0,40.0,35.0,30.0,25.0,25.0,30.0,35.0,40.0,45.0
30.0,23.0,33.0,14.0,25.0,34.0,33.0,33.0,34.0,27.0,31.0,34.0,29.0,19.0,27.0,18.0,24.0,32.0,32.0,31.0,20.0,33.0,21.0,21.0,20.0,25.0,27.0,26.0,24.0,29.0,15.0,31.0,24.0,22.0,34.0,30.0,33.0,30.0,28.0,32.0,25.0,38.0,38.0,23.0,34.0,19.0,23.0,27.0,37.0,23.0
30.0,23.0,28.0,18.0,26.0,16.0,21.0,24.0,13.0,30.0,22.0,25.0,21.0,26.0,25.0,32.0,31.0,15.0,20.0,21.0,26.0,20.0,17.0,26.0,26.0,33.0,17.0,31.0,23.0,25.0,28.0,22.0,17.0,30.0,30.0,28.0,22.0,24.0,22.0,30.0,12.0,18.0,14.0,20.0,17.0,21.0,23.0,20.0,14.0,25.0
21.0,15.0,23.0,24.0,15.0,29.0,28.0,20.0,19.0,23.0,21.0,19.0,26.0,19.0,14.0,22.0,23.0,22.0,32.0,21.0,23.0,15.0,30.0,20.0,31.0,25.0,19.0,25.0,28.0,17.0,15.0,19.0,26.0,28.0,28.0,19.0,28.0,27.0,22.0,15.0,24.0,30.0,24.0,23.0,22.0,20.0,24.0,35.0,37.0,21.0
22.0,34.0,22.0,34.0,25.0,32.0,29.0,40.0,24.0,32.0,35.0,37.0,22.0,32.0,31.0,27.0,25.0,32.0,34.0,24.0,32.0,25.0,35.0,25.0,22.0,24.0,27.0,25.0,41.0,20.0,32.0,25.0,32.0,38.0,26.0,29.0,30.0,24.0,23.0,23.0,23.0,30.0,23.0,28.0,31.0,32.0,19.0,40.0,29.0,27.0
19.0,18.0,15.0,18.0,29.0,19.0,18.0,20.0,27.0,23.0,20.0,29.0,23.0,19.0,18.0,19.0,24.0,20.0,18.0,27.0,22.0,21.0,19.0,28.0,17.0,27.0,26.0,25.0,22.0,21.0,20.0,24.0,15.0,28.0,25.0,20.0,28.0,18.0,18.0,25.0,9.0,23.0,31.0,18.0,22.0,19.0,18.0,14.0,18.0,22.0
47.0,42.0,31.0,37.0,29.0,37.0,49.0,37.0,33.0,32.0,29.0,40.0,40.0,31.0,32.0,36.0,53.0,31.0,34.0,37.0,34.0,22.0,41.0,32.0,33.0,30.0,32.0,32.0,40.0,33.0,44.0,36.0,33.0,40.0,43.0,41.0,28.0,40.0,38.0,42.0,35.0,26.0,36.0,39.0,27.0,38.0,39.0,39.0,42.0,32.0
37.0,28.0,25.0,24.0,28.0,28.0,40.0,32.0,32.0,33.0,33.0,15.0,30.0,39.0,30.0,30.0,38.0,36.0,29.0,20.0,31.0,30.0,24.0,34.0,26.0,36.0,30.0,25.0,41.0,22.0,35.0,27.0,36.0,21.0,42.0,28.0,32.0,34.0,23.0,34.0,22.0,29.0,35.0,25.0,31.0,33.0,32.0,37.0,30.0,39.0
28.0,33.0,18.0,9.0,28.0,25.0,23.0,11.0,18.0,28.0,33.0,22.0,19.0,32.0,27.0,21.0,29.0,32.0,26.0,33.0,30.0,27.0,41.0,24.0,38.0,28.0,30.0,23.0,24.0,27.0,24.0,29.0,28.0,24.0,41.0,20.0,34.0,27.0,27.0,32.0,30.0,24.0,23.0,24.0,30.0,30.0,26.0,21.0,28.0,29.0
41.0,36.0,29.0,37.0,41.0,27.0,30.0,38.0,34.0,56.0,43.0,26.0,26.0,40.0,31.0,38.0,41.0,33.0,33.0,39.0,34.0,36.0,41.0,41.0,30.0,45.0,36.0,29.0,35.0,39.0,44.0,35.0,37.0,39.0,32.0,48.0,44.0,37.0,29.0,28.0,40.0,38.0,35.0,40.0,33.0,30.0,48.0,39.0,40.0,36.0
42.0,25.0,39.0,33.0,38.0,40.0,38.0,39.0,25.0,31.0,25.0,37.0,36.0,27.0,34.0,33.0,31.0,24.0,35.0,54.0,40.0,30.0,31.0,40.0,31.0,33.0,43.0,45.0,30.0,33.0,30.0,33.0,29.0,30.0,40.0,34.0,26.0,41.0,38.0,30.0,34.0,45.0,31.0,42.0,23.0,34.0,30.0,35.0,52.0,41.0
