10,50,1000
19.459554,16.837236,19.401372,17.043088,17.918654,16.826281,18.948569,15.607542,16.22592,17.610278
7.720266,8.34951,6.794911,5.398496,7.932316,6.653785,6.758871,8.002752,8.573642,6.07658
0.0,10.0,20.0,30.0,40.0,50.0,60.0,70.0,80.0,90.0
10.0,0.0,10.0,20.0,30.0,40.0,50.0,60.0,70.0,80.0
20.0,10.0,0.0,10.0,20.0,30.0,40.0,50.0,60.0,70.0
30.0,20.0,10.0,0.0,10.0,20.0,30.0,40.0,50.0,60.0
40.0,30.0,20.0,10.0,0.0,10.0,20.0,30.0,40.0,50.0
50.0,40.0,30.0,20.0,10.0,0.0,10.0,20.0,30.0,40.0
60.0,50.0,40.0,30.0,20.0,10.0,0.0,10.0,20.0,30.0
70.0,60.0,50.0,40.0,30.0,20.0,10.0,0.0,10.0,20.0
80.0,70.0,60.0,50.0,40.0,30.0,20.0,10.0,0.0,10.0
90.0,80.0,70.0,60.0,50.0,40.0,30.0,20.0,10.0,0.0
450.0,400.0,350.0,300.0,250.0,250.0,300.0,350.0,400.0,450.0
0.0,1.0,2.0,3.0,4.0,5.0,6.0,7.0,8.0,9.0
1.0,0.0,1.0,2.0,3.0,4.0,5.0,6.0,7.0,8.0
2.0,1.0,0.0,1.0,2.0,3.0,4.0,5.0,6.0,7.0
3.0,2.0,1.0,0.0,1.0,2.0,3.0,4.0,5.0,6.0
4.0,3.0,2.0,1.0,0.0,1.0,2.0,3.0,4.0,5.0
5.0,4.0,3.0,2.0,1.0,0.0,1.0,2.0,3.0,4.0
6.0,5.0,4.0,3.0,2.0,1.0,0.0,1.0,2.0,3.0
7.0,6.0,5.0,4.0,3.0,2.0,1.0,0.0,1.0,2.0
8.0,7.0,6.0,5.0,4.0,3.0,2.0,1.0,0.0,1.0
9.0,8.0,7.0,6.0,5.0,4.0,3.0,2.0,1.0,0.0
45.0,40.0,35.0,30.0,25.0,25.0,30.0,35.0,40.0,45.0
30.0,26.0,37.0,32.0,35.0,23.0,28.0,35.0,38.0,35.0,26.0,29.0,32.0,30.0,30.0,35.0,28.0,25.0,28.0,27.0,25.0,30.0,28.0,32.0,30.0,28.0,30.0,28.0,28.0,29.0,25.0,34.0,38.0,27.0,23.0,27.0,28.0,29.0,34.0,30.0,22.0,24.0,41.0,23.0,24.0,30.0,39.0,31.0,31.0,31.0
29.0,36.0,24.0,32.0,29.0,35.0,25.0,27.0,35.0,26.0,32.0,30.0,38.0,40.0,39.0,30.0,28.0,32.0,25.0,21.0,26.0,40.0,33.0,19.0,33.0,22.0,38.0,25.0,30.0,31.0,29.0,21.0,30.0,31.0,26.0,31.0,31.0,34.0,39.0,42.0,34.0,30.0,18.0,28.0,34.0,30.0,34.0,22.0,20.0,31.0
32.0,27.0,31.0,30.0,26.0,23.0,22.0,21.0,46.0,31.0,20.0,42.0,27.0,28.0,28.0,25.0,25.0,29.0,33.0,29.0,24.0,37.0,27.0,29.0,30.0,27.0,28.0,23.0,31.0,29.0,23.0,34.0,27.0,28.0,22.0,27.0,16.0,31.0,29.0,23.0,24.0,32.0,33.0,22.0,34.0,27.0,30.0,21.0,26.0,34.0
21.0,18.0,15.0,17.0,22.0,19.0,21.0,23.0,28.0,23.0,22.0,23.0,27.0,18.0,21.0,19.0,20.0,26.0,27.0,19.0,28.0,18.0,24.0,24.0,29.0,33.0,20.0,26.0,18.0,21.0,21.0,23.0,24.0,24.0,25.0,22.0,18.0,17.0,25.0,22.0,18.0,25.0,27.0,25.0,25.0,22.0,21.0,21.0,23.0,18.0
28.0,29.0,32.0,29.0,31.0,35.0,27.0,19.0,25.0,32.0,40.0,33.0,32.0,29.0,36.0,40.0,19.0,32.0,28.0,29.0,19.0,23.0,33.0,29.0,25.0,28.0,26.0,31.0,32.0,24.0,33.0,33.0,38.0,37.0,35.0,36.0,21.0,30.0,20.0,38.0,30.0,29.0,38.0,29.0,23.0,34.0,29.0,36.0,29.0,43.0
20.0,21.0,21.0,35.0,28.0,29.0,26.0,24.0,36.0,22.0,21.0,29.0,33.0,35.0,30.0,28.0,26.0,21.0,22.0,22.0,19.0,22.0,24.0,21.0,20.0,31.0,20.0,28.0,24.0,30.0,26.0,28.0,22.0,18.0,30.0,32.0,27.0,22.0,25.0,29.0,37.0,20.0,29.0,27.0,37.0,28.0,21.0,24.0,27.0,22.0
33.0,29.0,28.0,25.0,37.0,32.0,26.0,19.0,20.0,30.0,24.0,27.0,26.0,20.0,37.0,39.0,27.0,25.0,23.0,27.0,21.0,28.0,20.0,26.0,20.0,22.0,31.0,19.0,25.0,24.0,27.0,26.0,22.0,27.0,30.0,34.0,26.0,23.0,27.0,26.0,27.0,26.0,32.0,28.0,21.0,26.0,31.0,29.0,27.0,30.0
31.0,36.0,34.0,32.0,37.0,41.0,28.0,29.0,26.0,31.0,20.0,32.0,30.0,26.0,44.0,19.0,24.0,25.0,33.0,21.0,35.0,23.0,30.0,23.0,34.0,22.0,30.0,33.0,36.0,23.0,30.0,25.0,34.0,29.0,26.0,34.0,28.0,28.0,20.0,27.0,28.0,29.0,34.0,32.0,33.0,29.0,33.0,25.0,32.0,32.0
29.0,30.0,30.0,28.0,34.0,24.0,36.0,32.0,30.0,34.0,32.0,28.0,30.0,31.0,35.0,33.0,34.0,28.0,33.0,35.0,40.0,31.0,35.0,25.0,25.0,33.0,26.0,23.0,40.0,31.0,31.0,32.0,33.0,38.0,27.0,23.0,28.0,42.0,39.0,29.0,35.0,35.0,33.0,33.0,44.0,32.0,28.0,33.0,29.0,30.0
23.0,21.0,30.0,26.0,16.0,22.0,26.0,24.0,29.0,23.0,25.0,28.0,20.0,27.0,23.0,21.0,15.0,23.0,20.0,25.0,24.0,30.0,25.0,23.0,26.0,20.0,22.0,27.0,31.0,23.0,23.0,23.0,25.0,22.0,27.0,17.0,23.0,23.0,22.0,25.0,29.0,23.0,21.0,29.0,27.0,33.0,25.0,21.0,25.0,32.0
