10,50,1000
15.700945,15.448012,16.081733,18.914053,15.339159,19.537832,18.065302,15.732338,19.690068,15.765375
5.542506,5.725325,7.379423,5.253939,7.987006,9.298034,7.667085,8.718658,5.612634,7.29358
0.0,10.0,20.0,30.0,40.0,50.0,60.0,70.0,80.0,90.0
10.0,0.0,10.0,20.0,30.0,40.0,50.0,60.0,70.0,80.0
20.0,10.0,0.0,10.0,20.0,30.0,40.0,50.0,60.0,70.0
30.0,20.0,10.0,0.0,10.0,20.0,30.0,40.0,50.0,60.0
40.0,30.0,20.0,10.0,0.0,10.0,20.0,30.0,40.0,50.0
50.0,40.0,30.0,20.0,10.0,0.0,10.0,20.0,30.0,40.0
60.0,50.0,40.0,30.0,20.0,10.0,0.0,10.0,20.0,30.0
70.0,60.0,50.0,40.0,30.0,20.0,10.0,0.0,10.0,20.0
80.0,70.0,60.0,50.0,40.0,30.0,20.0,10.0,0.0,10.0
90.0,80.0,70.0,60.0,50.0,40.0,30.0,20.0,10.0,0.0
450.0,400.0,350.0,300.0,250.0,250.0,300.0,350.0,400.0,450.0
0.0,1.0,2.0,3.0,4.0,5.0,6.0,7.0,8.0,9.0
1.0,0.0,1.0,2.0,3.0,4.0,5.0,6.0,7.0,8.0
2.0,1.0,0.0,1.0,2.0,3.0,4.0,5.0,6.0,7.0
3.0,2.0,1.0,0.0,1.0,2.0,3.0,4.0,5.0,6.0
4.0,3.0,2.0,1.0,0.0,1.0,2.0,3.0,4.0,5.0
5.0,4.0,3.0,2.0,1.0,0.0,1.0,2.0,3.0,4.0
6.0,5.0,4.0,3.0,2.0,1.0,0.0,1.0,2.0,3.0
7.0,6.0,5.0,4.0,3.0,2.0,1.0,0.0,1.0,2.0
8.0,7.0,6.0,5.0,4.0,3.0,2.0,1.0,0.0,1.0
9.0,8.0,7.0,6.0,5.0,4.0,3.0,2.0,1.0,0.0
45.0,40.0,35.0,30.0,25.0,25.0,30.0,35.0,40.0,45.0
24.0,19.0,35.0,24.0,25.0,20.0,17.0,19.0,28.0,17.0,25.0,17.0,23.0,15.0,17.0,24.0,23.0,27.0,36.0,13.0,23.0,24.0,22.0,14.0,23.0,21.0,18.0,20.0,21.0,18.0,17.0,19.0,23.0,22.0,23.0,27.0,26.0,16.0,21.0,20.0,26.0,25.0,18.0,22.0,17.0,20.0,22.0,16.0,22.0,21.0
21.0,26.0,16.0,30.0,20.0,20.0,24.0,18.0,20.0,18.0,22.0,27.0,27.0,22.0,19.0,22.0,14.0,22.0,22.0,25.0,21.0,21.0,24.0,15.0,28.0,21.0,21.0,17.0,17.0,16.0,26.0,16.0,20.0,31.0,15.0,12.0,21.0,16.0,11.0,21.0,17.0,34.0,23.0,13.0,21.0,22.0,18.0,18.0,21.0,23.0
32.0,32.0,18.0,25.0,31.0,27.0,26.0,33.0,24.0,26.0,27.0,31.0,24.0,26.0,33.0,31.0,32.0,28.0,23.0,25.0,34.0,34.0,24.0,22.0,25.0,25.0,30.0,28.0,25.0,29.0,27.0,26.0,30.0,33.0,25.0,30.0,32.0,24.0,36.0,23.0,33.0,27.0,32.0,31.0,22.0,37.0,16.0,28.0,34.0,33.0
22.0,23.0,25.0,20.0,23.0,16.0,20.0,28.0,23.0,24.0,21.0,19.0,20.0,30.0,19.0,21.0,23.0,22.0,26.0,17.0,19.0,24.0,23.0,22.0,21.0,12.0,19.0,21.0,24.0,22.0,23.0,24.0,21.0,25.0,22.0,12.0,19.0,20.0,21.0,26.0,21.0,19.0,24.0,28.0,20.0,21.0,22.0,21.0,27.0,24.0
23.0,43.0,26.0,26.0,25.0,31.0,29.0,33.0,33.0,27.0,34.0,36.0,37.0,24.0,27.0,30.0,29.0,29.0,36.0,38.0,29.0,37.0,31.0,32.0,35.0,38.0,28.0,26.0,22.0,33.0,34.0,24.0,28.0,31.0,24.0,32.0,29.0,25.0,27.0,26.0,23.0,26.0,29.0,41.0,33.0,36.0,25.0,29.0,32.0,32.0
41.0,32.0,38.0,32.0,27.0,23.0,38.0,38.0,31.0,27.0,30.0,20.0,35.0,36.0,38.0,45.0,41.0,27.0,41.0,41.0,37.0,33.0,44.0,34.0,36.0,39.0,36.0,26.0,36.0,39.0,33.0,43.0,38.0,29.0,31.0,37.0,38.0,30.0,44.0,45.0,33.0,33.0,33.0,39.0,27.0,23.0,32.0,37.0,47.0,43.0
31.0,35.0,27.0,32.0,27.0,24.0,29.0,40.0,31.0,29.0,30.0,21.0,17.0,32.0,28.0,30.0,27.0,28.0,28.0,30.0,28.0,21.0,23.0,25.0,33.0,30.0,28.0,36.0,26.0,44.0,33.0,32.0,35.0,31.0,29.0,27.0,35.0,29.0,31.0,32.0,23.0,18.0,30.0,25.0,43.0,33.0,18.0,30.0,24.0,34.0
41.0,32.0,33.0,35.0,36.0,36.0,30.0,26.0,31.0,29.0,37.0,35.0,33.0,36.0,30.0,30.0,39.0,25.0,33.0,22.0,36.0,34.0,31.0,42.0,33.0,37.0,24.0,28.0,36.0,32.0,33.0,21.0,23.0,29.0,40.0,34.0,46.0,40.0,26.0,39.0,25.0,25.0,22.0,30.0,35.0,34.0,37.0,36.0,33.0,31.0
27.0,19.0,18.0,26.0,22.0,22.0,25.0,23.0,16.0,30.0,31.0,12.0,20.0,21.0,33.0,13.0,17.0,19.0,21.0,23.0,32.0,22.0,18.0,19.0,19.0,26.0,18.0,27.0,36.0,22.0,33.0,23.0,20.0,17.0,37.0,23.0,22.0,20.0,25.0,15.0,22.0,17.0,13.0,23.0,25.0,21.0,29.0,30.0,24.0,23.0
28.0,32.0,37.0,28.0,32.0,32.0,30.0,24.0,24.0,22.0,23.0,20.0,31.0,23.0,25.0,31.0,31.0,31.0,32.0,35.0,21.0,24.0,34.0,28.0,25.0,16.0,32.0,25.0,31.0,25.0,28.0,29.0,19.0,28.0,26.0,38.0,22.0,16.0,26.0,24.0,30.0,28.0,25.0,32.0,33.0,24.0,19.0,29.0,30.0,30.0
