10,50,1000
16.37032,17.429283,15.468587,17.625324,18.827027,18.941314,19.558971,18.542078,17.896807,18.159989
9.003858,5.183968,7.530432,9.474392,8.767593,6.908819,8.217301,5.820194,8.699535,8.865811
0.0,10.0,20.0,30.0,40.0,50.0,60.0,70.0,80.0,90.0
10.0,0.0,10.0,20.0,30.0,40.0,50.0,60.0,70.0,80.0
20.0,10.0,0.0,10.0,20.0,30.0,40.0,50.0,60.0,70.0
30.0,20.0,10.0,0.0,10.0,20.0,30.0,40.0,50.0,60.0
40.0,30.0,20.0,10.0,0.0,10.0,20.0,30.0,40.0,50.0
50.0,40.0,30.0,20.0,10.0,0.0,10.0,20.0,30.0,40.0
60.0,50.0,40.0,30.0,20.0,10.0,0.0,10.0,20.0,30.0
70.0,60.0,50.0,40.0,30.0,20.0,10.0,0.0,10.0,20.0
80.0,70.0,60.0,50.0,40.0,30.0,20.0,10.0,0.0,10.0
90.0,80.0,70.0,60.0,50.0,40.0,30.0,20.0,10.0,0.0
450.0,400.0,350.0,300.0,250.0,250.0,300.0,350.0,400.0,450.0
0.0,1.0,2.0,3.0,4.0,5.0,6.0,7.0,8.0,9.0
1.0,0.0,1.0,2.0,3.0,4.0,5.0,6.0,7.0,8.0
2.0,1.0,0.0,1.0,2.0,3.0,4.0,5.0,6.0,7.0
3.0,2.0,1.0,0.0,1.0,2.0,3.0,4.0,5.0,6.0
4.0,3.0,2.0,1.0,0.0,1.0,2.0,3.0,4.0,5.0
5.0,4.0,3.0,2.0,1.0,0.0,1.0,2.0,3.0,4.0
6.0,5.0,4.0,3.0,2.0,1.0,0.0,1.0,2.0,3.0
7.0,6.0,5.0,4.0,3.0,2.0,1.0,0.0,1.0,2.0
8.0,7.0,6.0,5.0,4.0,3.0,2.0,1.0,0.0,1.0
9.0,8.0,7.0,6.0,5.0,4.0,3.0,2.0,1.0,0.0
45.0,40.0,35.0,30.0,25.0,25.0,30.0,35.0,40.0,45.0
35.0,30.0,22.0,37.0,39.0,34.0,36.0,38.0,26.0,47.0,32.0,34.0,33.0,27.0,51.0,30.0,38.0,28.0,28.0,29.0,29.0,31.0,33.0,36.0,33.0,34.0,38.0,34.0,28.0,40.0,30.0,30.0,37.0,34.0,28.0,32.0,37.0,25.0,35.0,35.0,30.0,33.0,33.0,30.0,25.0,31.0,22.0,39.0,31.0,23.0
17.0,29.0,28.0,15.0,24.0,25.0,24.0,19.0,23.0,18.0,24.0,32.0,19.0,22.0,12.0,24.0,17.0,25.0,22.0,21.0,18.0,33.0,19.0,20.0,10.0,20.0,23.0,21.0,25.0,17.0,19.0,22.0,22.0,24.0,21.0,16.0,14.0,21.0,16.0,29.0,24.0,19.0,21.0,22.0,26.0,24.0,16.0,26.0,32.0,27.0
36.0,29.0,24.0,21.0,28.0,24.0,23.0,24.0,34.0,26.0,25.0,35.0,27.0,32.0,24.0,28.0,34.0,32.0,25.0,22.0,33.0,33.0,27.0,26.0,16.0,34.0,22.0,25.0,26.0,18.0,25.0,18.0,28.0,31.0,20.0,29.0,31.0,29.0,33.0,23.0,27.0,24.0,36.0,35.0,29.0,32.0,21.0,24.0,44.0,36.0
26.0,30.0,28.0,35.0,33.0,34.0,32.0,44.0,48.0,44.0,39.0,47.0,32.0,45.0,30.0,32.0,28.0,34.0,38.0,29.0,37.0,39.0,42.0,33.0,26.0,33.0,34.0,37.0,42.0,34.0,30.0,37.0,32.0,35.0,40.0,29.0,39.0,33.0,41.0,36.0,31.0,32.0,33.0,27.0,35.0,28.0,40.0,35.0,42.0,36.0
34.0,44.0,24.0,37.0,43.0,33.0,23.0,39.0,31.0,33.0,44.0,45.0,34.0,38.0,31.0,30.0,29.0,30.0,21.0,44.0,39.0,46.0,45.0,25.0,34.0,38.0,40.0,40.0,36.0,27.0,35.0,31.0,41.0,27.0,30.0,26.0,32.0,38.0,35.0,33.0,31.0,36.0,39.0,30.0,26.0,30.0,28.0,34.0,41.0,36.0
22.0,20.0,28.0,25.0,37.0,45.0,30.0,27.0,14.0,34.0,27.0,26.0,26.0,28.0,15.0,28.0,29.0,36.0,35.0,39.0,30.0,31.0,28.0,23.0,35.0,25.0,34.0,23.0,32.0,36.0,30.0,26.0,27.0,16.0,21.0,28.0,19.0,35.0,29.0,23.0,23.0,24.0,29.0,20.0,31.0,26.0,28.0,27.0,29.0,34.0
21.0,33.0,31.0,32.0,25.0,34.0,42.0,27.0,36.0,31.0,40.0,36.0,39.0,34.0,37.0,35.0,34.0,39.0,41.0,38.0,34.0,34.0,35.0,30.0,24.0,34.0,27.0,37.0,32.0,23.0,33.0,31.0,27.0,23.0,29.0,26.0,35.0,34.0,27.0,33.0,31.0,26.0,26.0,32.0,17.0,51.0,30.0,37.0,36.0,34.0
22.0,23.0,17.0,21.0,19.0,24.0,20.0,26.0,26.0,22.0,31.0,17.0,21.0,30.0,27.0,16.0,25.0,18.0,19.0,25.0,26.0,23.0,25.0,27.0,26.0,25.0,22.0,18.0,22.0,25.0,17.0,12.0,30.0,24.0,29.0,27.0,25.0,22.0,23.0,23.0,24.0,38.0,23.0,27.0,19.0,20.0,19.0,33.0,27.0,25.0
33.0,35.0,38.0,22.0,31.0,31.0,33.0,26.0,30.0,38.0,48.0,14.0,40.0,36.0,34.0,31.0,32.0,27.0,29.0,30.0,32.0,24.0,35.0,27.0,31.0,31.0,35.0,29.0,30.0,38.0,32.0,34.0,35.0,21.0,32.0,36.0,33.0,38.0,34.0,27.0,44.0,25.0,30.0,43.0,36.0,34.0,41.0,38.0,31.0,33.0
30.0,29.0,25.0,31.0,39.0,34.0,30.0,26.0,38.0,30.0,33.0,24.0,40.0,38.0,28.0,36.0,29.0,40.0,29.0,32.0,30.0,38.0,27.0,32.0,28.0,37.0,29.0,29.0,37.0,34.0,26.0,31.0,37.0,35.0,31.0,28.0,25.0,31.0,34.0,41.0,32.0,36.0,44.0,29.0,32.0,28.0,34.0,37.0,28.0,30.0
