10,50,1000
18.075839,19.187195,16.798094,15.594538,19.119387,17.643661,15.808111,18.459768,18.046146,18.235116
5.679185,7.755143,9.838478,7.025222,9.393466,7.41048,6.108321,7.795973,8.474422,5.210336
0.0,10.0,20.0,30.0,40.0,50.0,60.0,70.0,80.0,90.0
10.0,0.0,10.0,20.0,30.0,40.0,50.0,60.0,70.0,80.0
20.0,10.0,0.0,10.0,20.0,30.0,40.0,50.0,60.0,70.0
30.0,20.0,10.0,0.0,10.0,20.0,30.0,40.0,50.0,60.0
40.0,30.0,20.0,10.0,0.0,10.0,20.0,30.0,40.0,50.0
50.0,40.0,30.0,20.0,10.0,0.0,10.0,20.0,30.0,40.0
60.0,50.0,40.0,30.0,20.0,10.0,0.0,10.0,20.0,30.0
70.0,60.0,50.0,40.0,30.0,20.0,10.0,0.0,10.0,20.0
80.0,70.0,60.0,50.0,40.0,30.0,20.0,10.0,0.0,10.0
90.0,80.0,70.0,60.0,50.0,40.0,30.0,20.0,10.0,0.0
450.0,400.0,350.0,300.0,250.0,250.0,300.0,350.0,400.0,450.0
0.0,1.0,2.0,3.0,4.0,5.0,6.0,7.0,8.0,9.0
1.0,0.0,1.0,2.0,3.0,4.0,5.0,6.0,7.0,8.0
2.0,1.0,0.0,1.0,2.0,3.0,4.0,5.0,6.0,7.0
3.0,2.0,1.0,0.0,1.0,2.0,3.0,4.0,5.0,6.0
4.0,3.0,2.0,1.0,0.0,1.0,2.0,3.0,4.0,5.0
5.0,4.0,3.0,2.0,1.0,0.0,1.0,2.0,3.0,4.0
6.0,5.0,4.0,3.0,2.0,1.0,0.0,1.0,2.0,3.0
7.0,6.0,5.0,4.0,3.0,2.0,1.0,0.0,1.0,2.0
8.0,7.0,6.0,5.0,4.0,3.0,2.0,1.0,0.0,1.0
9.0,8.0,7.0,6.0,5.0,4.0,3.0,2.0,1.0,0.0
45.0,40.0,35.0,30.0,25.0,25.0,30.0,35.0,40.0,45.0
25.0,21.0,26.0,13.0,22.0,28.0,25.0,24.0,19.0,25.0,27.0,29.0,25.0,22.0,29.0,24.0,23.0,31.0,20.0,26.0,19.0,29.0,24.0,23.0,17.0,27.0,23.0,21.0,24.0,31.0,25.0,27.0,24.0,25.0,24.0,22.0,18.0,30.0,29.0,22.0,31.0,29.0,31.0,14.0,23.0,33.0,26.0,18.0,20.0,22.0
27.0,28.0,29.0,32.0,36.0,27.0,28.0,23.0,28.0,33.0,28.0,39.0,32.0,25.0,47.0,29.0,30.0,36.0,36.0,29.0,29.0,32.0,30.0,30.0,28.0,34.0,29.0,25.0,29.0,34.0,27.0,33.0,24.0,31.0,32.0,29.0,36.0,34.0,31.0,29.0,27.0,31.0,29.0,35.0,31.0,24.0,33.0,39.0,36.0,29.0
28.0,29.0,28.0,37.0,37.0,37.0,32.0,28.0,38.0,31.0,35.0,32.0,31.0,36.0,36.0,45.0,38.0,28.0,52.0,32.0,45.0,32.0,40.0,38.0,40.0,24.0,38.0,35.0,27.0,34.0,41.0,49.0,36.0,25.0,45.0,31.0,35.0,40.0,38.0,40.0,33.0,31.0,39.0,39.0,44.0,35.0,41.0,42.0,31.0,40.0
24.0,22.0,33.0,27.0,22.0,19.0,34.0,29.0,27.0,28.0,25.0,19.0,16.0,29.0,30.0,31.0,25.0,33.0,28.0,23.0,29.0,25.0,24.0,32.0,24.0,27.0,34.0,27.0,28.0,26.0,22.0,29.0,21.0,32.0,24.0,30.0,25.0,23.0,17.0,28.0,34.0,30.0,26.0,28.0,18.0,41.0,32.0,24.0,26.0,35.0
38.0,42.0,30.0,41.0,23.0,31.0,32.0,34.0,36.0,27.0,30.0,33.0,25.0,33.0,23.0,29.0,42.0,34.0,37.0,38.0,30.0,29.0,45.0,24.0,38.0,42.0,32.0,34.0,35.0,36.0,30.0,27.0,36.0,45.0,33.0,30.0,38.0,30.0,39.0,33.0,31.0,27.0,36.0,39.0,38.0,31.0,28.0,36.0,27.0,32.0
33.0,40.0,33.0,28.0,20.0,30.0,37.0,31.0,37.0,27.0,20.0,34.0,29.0,36.0,36.0,27.0,24.0,28.0,31.0,36.0,19.0,27.0,29.0,36.0,25.0,28.0,29.0,24.0,30.0,30.0,34.0,28.0,22.0,27.0,30.0,36.0,24.0,29.0,26.0,28.0,22.0,39.0,26.0,29.0,39.0,37.0,30.0,29.0,32.0,37.0
16.0,31.0,19.0,26.0,25.0,24.0,19.0,25.0,16.0,21.0,21.0,26.0,30.0,23.0,25.0,28.0,28.0,27.0,24.0,15.0,27.0,35.0,33.0,17.0,35.0,20.0,23.0,28.0,17.0,32.0,23.0,19.0,26.0,19.0,14.0,30.0,28.0,26.0,29.0,24.0,35.0,20.0,21.0,28.0,30.0,23.0,19.0,27.0,22.0,26.0
30.0,37.0,28.0,31.0,26.0,31.0,33.0,22.0,34.0,36.0,30.0,37.0,41.0,31.0,36.0,30.0,28.0,32.0,30.0,36.0,29.0,21.0,29.0,32.0,32.0,28.0,39.0,34.0,30.0,31.0,34.0,35.0,36.0,38.0,26.0,25.0,30.0,35.0,34.0,27.0,34.0,26.0,31.0,28.0,31.0,38.0,30.0,39.0,25.0,26.0
33.0,39.0,33.0,36.0,29.0,34.0,26.0,27.0,34.0,24.0,30.0,37.0,22.0,25.0,31.0,39.0,25.0,32.0,29.0,21.0,27.0,33.0,30.0,30.0,40.0,29.0,29.0,32.0,34.0,29.0,38.0,26.0,39.0,23.0,37.0,38.0,29.0,32.0,39.0,31.0,32.0,25.0,42.0,24.0,32.0,26.0,28.0,24.0,31.0,30.0
20.0,34.0,16.0,24.0,25.0,18.0,26.0,14.0,18.0,14.0,20.0,18.0,19.0,24.0,23.0,20.0,23.0,21.0,24.0,28.0,11.0,19.0,21.0,28.0,15.0,28.0,22.0,29.0,28.0,18.0,20.0,27.0,26.0,18.0,17.0,23.0,23.0,25.0,26.0,23.0,23.0,16.0,26.0,22.0,26.0,19.0,21.0,19.0,21.0,21.0
