10,50,1000
18.144429,17.665131,18.02548,15.662942,17.404107,19.802897,15.437777,17.462259,15.543421,16.648121
9.308074,8.976522,9.004509,7.427738,8.929597,5.2887,7.360304,7.304229,6.843012,9.212136
0.0,10.0,20.0,30.0,40.0,50.0,60.0,70.0,80.0,90.0
10.0,0.0,10.0,20.0,30.0,40.0,50.0,60.0,70.0,80.0
20.0,10.0,0.0,10.0,20.0,30.0,40.0,50.0,60.0,70.0
30.0,20.0,10.0,0.0,10.0,20.0,30.0,40.0,50.0,60.0
40.0,30.0,20.0,10.0,0.0,10.0,20.0,30.0,40.0,50.0
50.0,40.0,30.0,20.0,10.0,0.0,10.0,20.0,30.0,40.0
60.0,50.0,40.0,30.0,20.0,10.0,0.0,10.0,20.0,30.0
70.0,60.0,50.0,40.0,30.0,20.0,10.0,0.0,10.0,20.0
80.0,70.0,60.0,50.0,40.0,30.0,20.0,10.0,0.0,10.0
90.0,80.0,70.0,60.0,50.0,40.0,30.0,20.0,10.0,0.0
450.0,400.0,350.0,300.0,250.0,250.0,300.0,350.0,400.0,450.0
0.0,1.0,2.0,3.0,4.0,5.0,6.0,7.0,8.0,9.0
1.0,0.0,1.0,2.0,3.0,4.0,5.0,6.0,7.0,8.0
2.0,1.0,0.0,1.0,2.0,3.0,4.0,5.0,6.0,7.0
3.0,2.0,1.0,0.0,1.0,2.0,3.0,4.0,5.0,6.0
4.0,3.0,2.0,1.0,0.0,1.0,2.0,3.0,4.0,5.0
5.0,4.0,3.0,2.0,1.0,0.0,1.0,2.0,3.0,4.0
6.0,5.0,4.0,3.0,2.0,1.0,0.0,1.0,2.0,3.0
7.0,6.0,5.0,4.0,3.0,2.0,1.0,0.0,1.0,2.0
8.0,7.0,6.0,5.0,4.0,3.0,2.0,1.0,0.0,1.0
9.0,8.0,7.0,6.0,5.0,4.0,3.0,2.0,1.0,0.0
45.0,40.0,35.0,30.0,25.0,25.0,30.0,35.0,40.0,45.0
30.0,25.0,24.0,42.0,34.0,47.0,30.0,32.0,47.0,36.0,44.0,39.0,28.0,25.0,37.0,41.0,34.0,34.0,39.0,32.0,35.0,43.0,30.0,37.0,38.0,38.0,32.0,38.0,43.0,36.0,38.0,34.0,47.0,34.0,30.0,35.0,32.0,52.0,31.0,48.0,46.0,33.0,45.0,18.0,42.0,38.0,31.0,36.0,42.0,30.0
38.0,35.0,33.0,31.0,27.0,34.0,33.0,39.0,31.0,35.0,35.0,20.0,30.0,33.0,34.0,26.0,23.0,31.0,35.0,43.0,37.0,32.0,41.0,27.0,30.0,24.0,38.0,42.0,29.0,38.0,28.0,39.0,35.0,36.0,33.0,35.0,31.0,33.0,33.0,42.0,29.0,25.0,34.0,28.0,31.0,23.0,29.0,43.0,31.0,37.0
43.0,29.0,29.0,38.0,22.0,35.0,34.0,30.0,27.0,32.0,43.0,35.0,33.0,34.0,32.0,34.0,39.0,38.0,39.0,35.0,43.0,35.0,29.0,37.0,37.0,36.0,40.0,32.0,31.0,39.0,35.0,31.0,49.0,42.0,38.0,37.0,41.0,36.0,30.0,31.0,35.0,42.0,40.0,39.0,34.0,40.0,46.0,36.0,36.0,33.0
31.0,29.0,21.0,34.0,43.0,27.0,25.0,20.0,28.0,23.0,31.0,13.0,26.0,30.0,37.0,28.0,23.0,29.0,25.0,31.0,26.0,27.0,23.0,29.0,24.0,28.0,27.0,46.0,27.0,23.0,27.0,36.0,23.0,38.0,20.0,30.0,26.0,22.0,26.0,25.0,30.0,35.0,27.0,29.0,25.0,23.0,19.0,22.0,32.0,30.0
35.0,36.0,35.0,32.0,28.0,36.0,35.0,26.0,30.0,33.0,30.0,27.0,42.0,33.0,35.0,40.0,32.0,30.0,29.0,24.0,31.0,34.0,37.0,26.0,33.0,38.0,38.0,32.0,33.0,37.0,33.0,33.0,48.0,28.0,35.0,31.0,36.0,33.0,34.0,34.0,32.0,38.0,27.0,35.0,30.0,32.0,25.0,42.0,43.0,33.0
26.0,21.0,16.0,16.0,28.0,26.0,21.0,15.0,26.0,18.0,18.0,29.0,30.0,24.0,25.0,25.0,22.0,20.0,24.0,16.0,32.0,24.0,24.0,20.0,26.0,22.0,13.0,27.0,18.0,16.0,28.0,21.0,14.0,25.0,12.0,17.0,29.0,13.0,24.0,14.0,23.0,25.0,21.0,19.0,27.0,28.0,19.0,30.0,17.0,18.0
28.0,25.0,31.0,35.0,27.0,25.0,29.0,22.0,32.0,27.0,34.0,34.0,32.0,16.0,33.0,32.0,27.0,32.0,35.0,26.0,25.0,26.0,30.0,31.0,22.0,30.0,31.0,24.0,25.0,30.0,17.0,25.0,29.0,36.0,31.0,21.0,28.0,21.0,36.0,26.0,24.0,25.0,26.0,27.0,23.0,22.0,26.0,32.0,33.0,34.0
29.0,19.0,38.0,22.0,28.0,34.0,31.0,24.0,24.0,25.0,29.0,27.0,24.0,29.0,23.0,36.0,30.0,25.0,24.0,34.0,21.0,20.0,26.0,32.0,29.0,25.0,25.0,24.0,29.0,33.0,37.0,30.0,25.0,28.0,26.0,27.0,30.0,33.0,38.0,30.0,45.0,23.0,25.0,27.0,24.0,26.0,28.0,32.0,27.0,26.0
19.0,22.0,25.0,24.0,22.0,18.0,26.0,23.0,21.0,25.0,21.0,26.0,15.0,28.0,20.0,27.0,27.0,25.0,27.0,24.0,28.0,28.0,26.0,31.0,31.0,30.0,23.0,20.0,35.0,32.0,24.0,20.0,23.0,31.0,27.0,29.0,20.0,15.0,22.0,30.0,33.0,26.0,17.0,24.0,31.0,22.0,33.0,34.0,29.0,34.0
32.0,20.0,32.0,33.0,43.0,49.0,26.0,32.0,26.0,34.0,39.0,36.0,48.0,38.0,34.0,38.0,37.0,37.0,26.0,29.0,29.0,31.0,41.0,41.0,45.0,35.0,36.0,51.0,40.0,39.0,37.0,37.0,33.0,28.0,43.0,32.0,31.0,33.0,41.0,39.0,31.0,33.0,22.0,26.0,29.0,43.0,38.0,25.0,33.0,36.0
