10,50,1000
17.355686,19.665983,15.201641,17.40051,16.586492,15.292077,16.539696,17.666291,15.930885,16.390265
6.907609,9.598243,8.91611,6.308586,9.265147,6.760501,8.111171,9.384171,8.114467,9.36383
0.0,10.0,20.0,30.0,40.0,50.0,60.0,70.0,80.0,90.0
10.0,0.0,10.0,20.0,30.0,40.0,50.0,60.0,70.0,80.0
20.0,10.0,0.0,10.0,20.0,30.0,40.0,50.0,60.0,70.0
30.0,20.0,10.0,0.0,10.0,20.0,30.0,40.0,50.0,60.0
40.0,30.0,20.0,10.0,0.0,10.0,20.0,30.0,40.0,50.0
50.0,40.0,30.0,20.0,10.0,0.0,10.0,20.0,30.0,40.0
60.0,50.0,40.0,30.0,20.0,10.0,0.0,10.0,20.0,30.0
70.0,60.0,50.0,40.0,30.0,20.0,10.0,0.0,10.0,20.0
80.0,70.0,60.0,50.0,40.0,30.0,20.0,10.0,0.0,10.0
90.0,80.0,70.0,60.0,50.0,40.0,30.0,20.0,10.0,0.0
450.0,400.0,350.0,300.0,250.0,250.0,300.0,350.0,400.0,450.0
0.0,1.0,2.0,3.0,4.0,5.0,6.0,7.0,8.0,9.0
1.0,0.0,1.0,2.0,3.0,4.0,5.0,6.0,7.0,8.0
2.0,1.0,0.0,1.0,2.0,3.0,4.0,5.0,6.0,7.0
3.0,2.0,1.0,0.0,1.0,2.0,3.0,4.0,5.0,6.0
4.0,3.0,2.0,1.0,0.0,1.0,2.0,3.0,4.0,5.0
5.0,4.0,3.0,2.0,1.0,0.0,1.0,2.0,3.0,4.0
6.0,5.0,4.0,3.0,2.0,1.0,0.0,1.0,2.0,3.0
7.0,6.0,5.0,4.0,3.0,2.0,1.0,0.0,1.0,2.0
8.0,7.0,6.0,5.0,4.0,3.0,2.0,1.0,0.0,1.0
9.0,8.0,7.0,6.0,5.0,4.0,3.0,2.0,1.0,0.0
45.0,40.0,35.0,30.0,25.0,25.0,30.0,35.0,40.0,45.0
28.0,25.0,36.0,22.0,21.0,32.0,30.0,32.0,32.0,38.0,32.0,27.0,29.0,31.0,30.0,18.0,31.0,24.0,26.0,26.0,33.0,24.0,24.0,24.0,18.0,26.0,24.0,24.0,35.0,23.0,18.0,28.0,28.0,28.0,20.0,27.0,34.0,30.0,26.0,22.0,14.0,25.0,28.0,28.0,26.0,27.0,38.0,17.0,26.0,25.0
36.0,41.0,28.0,34.0,37.0,39.0,34.0,41.0,30.0,41.0,33.0,23.0,40.0,39.0,45.0,38.0,41.0,40.0,36.0,43.0,54.0,39.0,31.0,44.0,37.0,40.0,32.0,41.0,30.0,38.0,39.0,37.0,37.0,36.0,38.0,34.0,35.0,39.0,37.0,31.0,34.0,36.0,35.0,42.0,31.0,41.0,35.0,41.0,32.0,29.0
31.0,46.0,37.0,27.0,28.0,37.0,27.0,38.0,27.0,39.0,42.0,37.0,30.0,35.0,25.0,33.0,41.0,34.0,23.0,30.0,31.0,41.0,29.0,23.0,36.0,20.0,31.0,31.0,40.0,35.0,35.0,33.0,29.0,38.0,48.0,32.0,35.0,35.0,23.0,28.0,25.0,47.0,28.0,36.0,39.0,24.0,36.0,25.0,34.0,32.0
30.0,24.0,35.0,28.0,31.0,29.0,18.0,19.0,22.0,26.0,19.0,20.0,24.0,21.0,14.0,24.0,20.0,37.0,19.0,27.0,23.0,21.0,35.0,36.0,23.0,28.0,32.0,31.0,45.0,26.0,32.0,21.0,23.0,26.0,19.0,16.0,24.0,30.0,25.0,38.0,19.0,29.0,43.0,31.0,23.0,28.0,34.0,24.0,23.0,25.0
34.0,32.0,30.0,38.0,36.0,44.0,41.0,35.0,35.0,40.0,39.0,45.0,40.0,28.0,44.0,32.0,28.0,33.0,36.0,41.0,40.0,40.0,34.0,35.0,33.0,34.0,34.0,35.0,34.0,29.0,33.0,35.0,30.0,39.0,31.0,28.0,40.0,37.0,34.0,28.0,33.0,22.0,29.0,33.0,39.0,40.0,45.0,32.0,41.0,38.0
27.0,31.0,38.0,30.0,33.0,33.0,25.0,25.0,19.0,24.0,33.0,25.0,28.0,27.0,34.0,27.0,26.0,20.0,28.0,30.0,29.0,19.0,22.0,21.0,19.0,24.0,26.0,21.0,28.0,25.0,21.0,22.0,29.0,26.0,20.0,24.0,23.0,29.0,22.0,32.0,27.0,25.0,33.0,24.0,28.0,25.0,26.0,25.0,32.0,25.0
29.0,31.0,22.0,37.0,35.0,34.0,19.0,33.0,44.0,27.0,29.0,31.0,29.0,34.0,28.0,20.0,26.0,21.0,26.0,32.0,33.0,24.0,29.0,30.0,36.0,27.0,50.0,30.0,38.0,25.0,30.0,26.0,24.0,20.0,33.0,34.0,26.0,21.0,27.0,35.0,40.0,22.0,20.0,25.0,27.0,35.0,34.0,25.0,27.0,35.0
23.0,31.0,39.0,34.0,34.0,44.0,30.0,35.0,29.0,35.0,52.0,29.0,40.0,42.0,45.0,42.0,34.0,31.0,50.0,34.0,44.0,41.0,38.0,21.0,32.0,39.0,45.0,32.0,40.0,37.0,39.0,28.0,30.0,42.0,39.0,26.0,31.0,50.0,38.0,31.0,33.0,37.0,30.0,39.0,38.0,39.0,28.0,42.0,35.0,43.0
38.0,38.0,32.0,22.0,23.0,24.0,39.0,27.0,37.0,36.0,29.0,37.0,22.0,35.0,31.0,29.0,30.0,40.0,31.0,24.0,36.0,27.0,25.0,26.0,22.0,30.0,40.0,34.0,31.0,26.0,34.0,33.0,27.0,28.0,26.0,26.0,27.0,27.0,36.0,37.0,28.0,38.0,25.0,23.0,26.0,33.0,40.0,31.0,31.0,33.0
36.0,30.0,30.0,38.0,40.0,38.0,24.0,29.0,26.0,32.0,30.0,42.0,35.0,38.0,28.0,38.0,32.0,34.0,31.0,33.0,36.0,24.0,42.0,36.0,28.0,38.0,33.0,28.0,29.0,26.0,24.0,26.0,28.0,42.0,24.0,38.0,34.0,43.0,35.0,34.0,46.0,32.0,28.0,41.0,28.0,31.0,54.0,34.0,33.0,25.0
