10,50,1000
19.397531,19.734055,17.891086,16.845274,18.60211,19.769272,15.602313,18.359494,15.525739,17.451268
6.292918,8.753684,9.405806,7.090431,5.553371,9.049004,5.235066,6.717266,7.981826,9.761704
0.0,10.0,20.0,30.0,40.0,50.0,60.0,70.0,80.0,90.0
10.0,0.0,10.0,20.0,30.0,40.0,50.0,60.0,70.0,80.0
20.0,10.0,0.0,10.0,20.0,30.0,40.0,50.0,60.0,70.0
30.0,20.0,10.0,0.0,10.0,20.0,30.0,40.0,50.0,60.0
40.0,30.0,20.0,10.0,0.0,10.0,20.0,30.0,40.0,50.0
50.0,40.0,30.0,20.0,10.0,0.0,10.0,20.0,30.0,40.0
60.0,50.0,40.0,30.0,20.0,10.0,0.0,10.0,20.0,30.0
70.0,60.0,50.0,40.0,30.0,20.0,10.0,0.0,10.0,20.0
80.0,70.0,60.0,50.0,40.0,30.0,20.0,10.0,0.0,10.0
90.0,80.0,70.0,60.0,50.0,40.0,30.0,20.0,10.0,0.0
450.0,400.0,350.0,300.0,250.0,250.0,300.0,350.0,400.0,450.0
0.0,1.0,2.0,3.0,4.0,5.0,6.0,7.0,8.0,9.0
1.0,0.0,1.0,2.0,3.0,4.0,5.0,6.0,7.0,8.0
2.0,1.0,0.0,1.0,2.0,3.0,4.0,5.0,6.0,7.0
3.0,2.0,1.0,0.0,1.0,2.0,3.0,4.0,5.0,6.0
4.0,3.0,2.0,1.0,0.0,1.0,2.0,3.0,4.0,5.0
5.0,4.0,3.0,2.0,1.0,0.0,1.0,2.0,3.0,4.0
6.0,5.0,4.0,3.0,2.0,1.0,0.0,1.0,2.0,3.0
7.0,6.0,5.0,4.0,3.0,2.0,1.0,0.0,1.0,2.0
8.0,7.0,6.0,5.0,4.0,3.0,2.0,1.0,0.0,1.0
9.0,8.0,7.0,6.0,5.0,4.0,3.0,2.0,1.0,0.0
45.0,40.0,35.0,30.0,25.0,25.0,30.0,35.0,40.0,45.0
20.0,31.0,30.0,27.0,36.0,17.0,26.0,27.0,30.0,26.0,25.0,22.0,30.0,20.0,23.0,32.0,23.0,24.0,30.0,20.0,29.0,35.0,22.0,35.0,27.0,32.0,22.0,28.0,24.0,25.0,30.0,33.0,31.0,28.0,31.0,25.0,22.0,17.0,34.0,22.0,17.0,28.0,23.0,43.0,27.0,30.0,23.0,24.0,27.0,26.0
31.0,30.0,38.0,21.0,28.0,52.0,34.0,42.0,44.0,34.0,40.0,35.0,28.0,28.0,36.0,36.0,36.0,28.0,29.0,28.0,32.0,27.0,55.0,41.0,32.0,36.0,27.0,43.0,32.0,20.0,37.0,36.0,44.0,46.0,21.0,43.0,25.0,36.0,35.0,28.0,28.0,36.0,37.0,37.0,30.0,36.0,39.0,31.0,34.0,23.0
32.0,34.0,34.0,27.0,41.0,25.0,41.0,35.0,33.0,31.0,49.0,39.0,40.0,36.0,31.0,41.0,36.0,44.0,49.0,35.0,29.0,29.0,36.0,26.0,35.0,40.0,29.0,25.0,34.0,40.0,34.0,46.0,38.0,37.0,23.0,41.0,29.0,41.0,34.0,37.0,35.0,35.0,32.0,44.0,38.0,15.0,33.0,32.0,37.0,27.0
30.0,24.0,24.0,29.0,33.0,33.0,26.0,22.0,23.0,19.0,30.0,38.0,31.0,24.0,35.0,31.0,25.0,21.0,21.0,24.0,28.0,31.0,23.0,24.0,31.0,22.0,22.0,21.0,28.0,26.0,25.0,28.0,31.0,31.0,23.0,23.0,35.0,23.0,28.0,33.0,44.0,28.0,27.0,33.0,21.0,25.0,19.0,25.0,26.0,37.0
17.0,14.0,22.0,25.0,31.0,26.0,26.0,23.0,20.0,32.0,27.0,26.0,22.0,23.0,16.0,21.0,20.0,19.0,34.0,21.0,19.0,24.0,25.0,24.0,24.0,22.0,19.0,26.0,30.0,20.0,17.0,17.0,20.0,21.0,28.0,25.0,32.0,16.0,20.0,21.0,21.0,20.0,29.0,26.0,23.0,20.0,26.0,24.0,22.0,25.0
34.0,35.0,36.0,42.0,37.0,33.0,21.0,45.0,44.0,42.0,43.0,39.0,36.0,25.0,34.0,35.0,33.0,42.0,25.0,47.0,28.0,26.0,40.0,33.0,34.0,35.0,32.0,32.0,35.0,29.0,27.0,35.0,24.0,33.0,43.0,29.0,35.0,40.0,33.0,36.0,29.0,41.0,39.0,32.0,34.0,28.0,33.0,38.0,36.0,30.0
21.0,17.0,23.0,16.0,22.0,19.0,20.0,17.0,21.0,20.0,21.0,16.0,27.0,16.0,24.0,28.0,19.0,24.0,15.0,21.0,21.0,16.0,27.0,23.0,14.0,19.0,15.0,24.0,29.0,20.0,23.0,24.0,15.0,20.0,21.0,25.0,31.0,18.0,22.0,28.0,19.0,28.0,19.0,21.0,15.0,18.0,18.0,28.0,25.0,31.0
32.0,25.0,22.0,23.0,22.0,34.0,33.0,24.0,32.0,24.0,38.0,31.0,30.0,44.0,24.0,24.0,39.0,38.0,28.0,32.0,28.0,34.0,28.0,34.0,36.0,35.0,30.0,17.0,20.0,36.0,29.0,35.0,22.0,42.0,25.0,29.0,19.0,28.0,28.0,34.0,28.0,23.0,24.0,28.0,23.0,25.0,25.0,27.0,32.0,22.0
35.0,50.0,30.0,31.0,29.0,46.0,31.0,27.0,34.0,33.0,33.0,35.0,36.0,28.0,40.0,31.0,23.0,29.0,30.0,33.0,28.0,27.0,37.0,27.0,17.0,25.0,27.0,25.0,23.0,18.0,29.0,24.0,34.0,28.0,27.0,26.0,39.0,39.0,40.0,22.0,48.0,37.0,39.0,31.0,37.0,29.0,24.0,35.0,28.0,30.0
33.0,34.0,35.0,43.0,38.0,29.0,48.0,37.0,38.0,36.0,40.0,36.0,36.0,35.0,33.0,40.0,31.0,40.0,34.0,33.0,40.0,41.0,35.0,46.0,41.0,47.0,34.0,43.0,35.0,41.0,32.0,43.0,22.0,33.0,30.0,36.0,33.0,30.0,30.0,40.0,41.0,44.0,44.0,40.0,33.0,35.0,34.0,36.0,30.0,41.0
