10,50,1000
16.79187,17.534799,17.362017,15.470762,16.135301,17.723565,16.437349,19.356071,19.318596,16.355658
7.702102,6.638369,9.998946,9.077251,5.213106,5.952218,5.952183,5.566826,6.287241,9.910706
0.0,10.0,20.0,30.0,40.0,50.0,60.0,70.0,80.0,90.0
10.0,0.0,10.0,20.0,30.0,40.0,50.0,60.0,70.0,80.0
20.0,10.0,0.0,10.0,20.0,30.0,40.0,50.0,60.0,70.0
30.0,20.0,10.0,0.0,10.0,20.0,30.0,40.0,50.0,60.0
40.0,30.0,20.0,10.0,0.0,10.0,20.0,30.0,40.0,50.0
50.0,40.0,30.0,20.0,10.0,0.0,10.0,20.0,30.0,40.0
60.0,50.0,40.0,30.0,20.0,10.0,0.0,10.0,20.0,30.0
70.0,60.0,50.0,40.0,30.0,20.0,10.0,0.0,10.0,20.0
80.0,70.0,60.0,50.0,40.0,30.0,20.0,10.0,0.0,10.0
90.0,80.0,70.0,60.0,50.0,40.0,30.0,20.0,10.0,0.0
450.0,400.0,350.0,300.0,250.0,250.0,300.0,350.0,400.0,450.0
0.0,1.0,2.0,3.0,4.0,5.0,6.0,7.0,8.0,9.0
1.0,0.0,1.0,2.0,3.0,4.0,5.0,6.0,7.0,8.0
2.0,1.0,0.0,1.0,2.0,3.0,4.0,5.0,6.0,7.0
3.0,2.0,1.0,0.0,1.0,2.0,3.0,4.0,5.0,6.0
4.0,3.0,2.0,1.0,0.0,1.0,2.0,3.0,4.0,5.0
5.0,4.0,3.0,2.0,1.0,0.0,1.0,2.0,3.0,4.0
6.0,5.0,4.0,3.0,2.0,1.0,0.0,1.0,2.0,3.0
7.0,6.0,5.0,4.0,3.0,2.0,1.0,0.0,1.0,2.0
8.0,7.0,6.0,5.0,4.0,3.0,2.0,1.0,0.0,1.0
9.0,8.0,7.0,6.0,5.0,4.0,3.0,2.0,1.0,0.0
45.0,40.0,35.0,30.0,25.0,25.0,30.0,35.0,40.0,45.0
28.0,26.0,29.0,22.0,34.0,33.0,32.0,35.0,25.0,20.0,21.0,29.0,20.0,30.0,27.0,24.0,31.0,37.0,42.0,27.0,28.0,22.0,35.0,23.0,27.0,25.0,29.0,29.0,33.0,27.0,32.0,30.0,22.0,28.0,27.0,39.0,30.0,23.0,29.0,37.0,26.0,31.0,36.0,20.0,34.0,24.0,33.0,26.0,23.0,22.0
24.0,18.0,28.0,29.0,32.0,29.0,23.0,35.0,25.0,22.0,26.0,27.0,24.0,35.0,29.0,25.0,18.0,24.0,25.0,24.0,22.0,24.0,32.0,29.0,20.0,23.0,25.0,26.0,17.0,30.0,33.0,22.0,29.0,28.0,28.0,21.0,28.0,30.0,25.0,36.0,31.0,21.0,18.0,31.0,28.0,24.0,21.0,19.0,35.0,29.0
38.0,37.0,35.0,21.0,46.0,30.0,28.0,36.0,39.0,30.0,38.0,37.0,33.0,34.0,26.0,46.0,31.0,43.0,37.0,42.0,20.0,37.0,43.0,32.0,34.0,26.0,31.0,36.0,28.0,31.0,26.0,35.0,45.0,44.0,49.0,29.0,25.0,38.0,30.0,48.0,36.0,47.0,37.0,38.0,34.0,31.0,35.0,27.0,36.0,46.0
30.0,25.0,34.0,39.0,36.0,28.0,44.0,26.0,26.0,30.0,26.0,49.0,36.0,40.0,41.0,36.0,36.0,35.0,32.0,23.0,39.0,37.0,33.0,25.0,30.0,42.0,34.0,37.0,38.0,35.0,24.0,33.0,33.0,31.0,28.0,37.0,33.0,32.0,28.0,33.0,29.0,28.0,33.0,37.0,30.0,46.0,29.0,36.0,26.0,32.0
21.0,24.0,26.0,18.0,30.0,24.0,25.0,27.0,25.0,17.0,18.0,27.0,20.0,27.0,22.0,23.0,27.0,22.0,23.0,25.0,19.0,19.0,30.0,19.0,23.0,16.0,15.0,15.0,18.0,19.0,21.0,20.0,16.0,22.0,21.0,21.0,22.0,24.0,18.0,24.0,22.0,21.0,31.0,20.0,19.0,21.0,16.0,22.0,20.0,24.0
25.0,30.0,29.0,25.0,22.0,18.0,21.0,19.0,16.0,24.0,26.0,19.0,26.0,25.0,27.0,20.0,27.0,21.0,22.0,27.0,25.0,25.0,33.0,20.0,23.0,28.0,29.0,23.0,21.0,25.0,24.0,23.0,32.0,19.0,28.0,21.0,32.0,20.0,30.0,24.0,21.0,14.0,25.0,25.0,23.0,28.0,22.0,27.0,24.0,27.0
23.0,24.0,28.0,23.0,26.0,21.0,24.0,26.0,23.0,21.0,18.0,20.0,22.0,25.0,21.0,26.0,16.0,22.0,24.0,29.0,23.0,27.0,26.0,27.0,28.0,25.0,24.0,24.0,22.0,25.0,24.0,17.0,19.0,18.0,24.0,24.0,21.0,26.0,25.0,25.0,27.0,21.0,28.0,21.0,22.0,20.0,32.0,31.0,26.0,26.0
18.0,20.0,28.0,26.0,23.0,17.0,30.0,21.0,20.0,19.0,28.0,21.0,31.0,37.0,29.0,33.0,28.0,21.0,21.0,21.0,26.0,25.0,26.0,24.0,27.0,23.0,25.0,27.0,29.0,23.0,17.0,22.0,37.0,19.0,25.0,24.0,22.0,24.0,20.0,17.0,27.0,22.0,24.0,19.0,25.0,25.0,19.0,26.0,33.0,27.0
26.0,21.0,26.0,15.0,29.0,20.0,34.0,20.0,28.0,18.0,37.0,26.0,19.0,29.0,26.0,22.0,29.0,21.0,29.0,21.0,24.0,25.0,22.0,29.0,35.0,22.0,21.0,23.0,26.0,23.0,25.0,18.0,25.0,36.0,20.0,26.0,26.0,27.0,29.0,16.0,25.0,13.0,33.0,24.0,33.0,21.0,23.0,20.0,27.0,24.0
34.0,44.0,31.0,42.0,46.0,34.0,27.0,40.0,37.0,46.0,31.0,32.0,33.0,47.0,36.0,40.0,35.0,34.0,26.0,47.0,39.0,44.0,23.0,31.0,33.0,41.0,46.0,34.0,36.0,33.0,31.0,45.0,34.0,33.0,40.0,32.0,37.0,39.0,38.0,42.0,31.0,38.0,37.0,30.0,29.0,31.0,34.0,45.0,25.0,37.0
