10,50,1000
17.448375,18.758754,16.910808,15.280183,19.483692,16.154082,19.614759,15.025221,18.542865,17.185411
9.631077,7.81991,5.435863,9.993295,5.874419,5.551691,5.147338,5.724228,5.147335,7.00529
0.0,10.0,20.0,30.0,40.0,50.0,60.0,70.0,80.0,90.0
10.0,0.0,10.0,20.0,30.0,40.0,50.0,60.0,70.0,80.0
20.0,10.0,0.0,10.0,20.0,30.0,40.0,50.0,60.0,70.0
30.0,20.0,10.0,0.0,10.0,20.0,30.0,40.0,50.0,60.0
40.0,30.0,20.0,10.0,0.0,10.0,20.0,30.0,40.0,50.0
50.0,40.0,30.0,20.0,10.0,0.0,10.0,20.0,30.0,40.0
60.0,50.0,40.0,30.0,20.0,10.0,0.0,10.0,20.0,30.0
70.0,60.0,50.0,40.0,30.0,20.0,10.0,0.0,10.0,20.0
80.0,70.0,60.0,50.0,40.0,30.0,20.0,10.0,0.0,10.0
90.0,80.0,70.0,60.0,50.0,40.0,30.0,20.0,10.0,0.0
450.0,400.0,350.0,300.0,250.0,250.0,300.0,350.0,400.0,450.0
0.0,1.0,2.0,3.0,4.0,5.0,6.0,7.0,8.0,9.0
1.0,0.0,1.0,2.0,3.0,4.0,5.0,6.0,7.0,8.0
2.0,1.0,0.0,1.0,2.0,3.0,4.0,5.0,6.0,7.0
3.0,2.0,1.0,0.0,1.0,2.0,3.0,4.0,5.0,6.0
4.0,3.0,2.0,1.0,0.0,1.0,2.0,3.0,4.0,5.0
5.0,4.0,3.0,2.0,1.0,0.0,1.0,2.0,3.0,4.0
6.0,5.0,4.0,3.0,2.0,1.0,0.0,1.0,2.0,3.0
7.0,6.0,5.0,4.0,3.0,2.0,1.0,0.0,1.0,2.0
8.0,7.0,6.0,5.0,4.0,3.0,2.0,1.0,0.0,1.0
9.0,8.0,7.0,6.0,5.0,4.0,3.0,2.0,1.0,0.0
45.0,40.0,35.0,30.0,25.0,25.0,30.0,35.0,40.0,45.0
39.0,25.0,27.0,38.0,36.0,42.0,41.0,44.0,32.0,29.0,39.0,34.0,39.0,27.0,30.0,33.0,31.0,36.0,39.0,39.0,24.0,26.0,40.0,30.0,28.0,32.0,36.0,27.0,38.0,29.0,36.0,26.0,44.0,28.0,42.0,42.0,27.0,47.0,39.0,40.0,48.0,34.0,35.0,29.0,40.0,30.0,40.0,36.0,30.0,32.0
35.0,29.0,31.0,32.0,23.0,25.0,37.0,23.0,35.0,28.0,29.0,39.0,28.0,31.0,30.0,29.0,25.0,29.0,32.0,30.0,33.0,35.0,34.0,32.0,33.0,29.0,21.0,21.0,29.0,27.0,32.0,26.0,29.0,27.0,22.0,24.0,26.0,35.0,23.0,28.0,25.0,29.0,41.0,28.0,29.0,27.0,26.0,27.0,34.0,38.0
18.0,28.0,22.0,26.0,24.0,16.0,38.0,24.0,24.0,20.0,14.0,26.0,26.0,22.0,26.0,23.0,25.0,15.0,18.0,28.0,33.0,23.0,22.0,27.0,19.0,29.0,26.0,22.0,24.0,21.0,25.0,22.0,18.0,27.0,24.0,25.0,23.0,25.0,22.0,26.0,26.0,27.0,21.0,25.0,21.0,21.0,29.0,19.0,32.0,25.0
38.0,46.0,39.0,38.0,49.0,41.0,33.0,31.0,37.0,39.0,46.0,40.0,30.0,43.0,36.0,36.0,35.0,29.0,47.0,40.0,40.0,42.0,41.0,37.0,37.0,30.0,42.0,35.0,44.0,29.0,39.0,29.0,42.0,43.0,40.0,42.0,31.0,40.0,38.0,26.0,38.0,47.0,26.0,30.0,36.0,38.0,35.0,36.0,33.0,37.0
22.0,21.0,24.0,16.0,22.0,25.0,25.0,37.0,31.0,27.0,23.0,26.0,27.0,18.0,34.0,23.0,18.0,21.0,32.0,34.0,26.0,16.0,28.0,32.0,31.0,24.0,26.0,21.0,24.0,27.0,22.0,35.0,17.0,23.0,28.0,29.0,20.0,14.0,27.0,20.0,18.0,21.0,23.0,15.0,32.0,25.0,28.0,18.0,16.0,16.0
28.0,17.0,24.0,23.0,24.0,21.0,14.0,20.0,15.0,20.0,24.0,31.0,20.0,14.0,24.0,17.0,19.0,29.0,23.0,26.0,16.0,20.0,27.0,19.0,17.0,23.0,23.0,19.0,11.0,29.0,25.0,19.0,33.0,25.0,28.0,16.0,21.0,25.0,20.0,23.0,23.0,27.0,26.0,17.0,21.0,27.0,16.0,22.0,21.0,28.0
20.0,26.0,22.0,20.0,19.0,24.0,19.0,18.0,20.0,26.0,20.0,23.0,17.0,18.0,19.0,13.0,15.0,21.0,23.0,21.0,24.0,16.0,23.0,19.0,26.0,21.0,24.0,25.0,14.0,20.0,35.0,29.0,31.0,17.0,22.0,20.0,23.0,17.0,26.0,21.0,34.0,24.0,22.0,22.0,21.0,26.0,17.0,17.0,14.0,30.0
23.0,26.0,22.0,25.0,26.0,21.0,21.0,28.0,15.0,19.0,14.0,21.0,23.0,23.0,17.0,16.0,23.0,20.0,17.0,21.0,28.0,24.0,22.0,20.0,23.0,22.0,20.0,14.0,20.0,25.0,24.0,19.0,15.0,17.0,18.0,20.0,24.0,20.0,26.0,25.0,18.0,34.0,27.0,30.0,25.0,27.0,17.0,14.0,24.0,17.0
30.0,18.0,15.0,19.0,21.0,27.0,21.0,18.0,19.0,19.0,15.0,17.0,24.0,18.0,19.0,12.0,15.0,19.0,13.0,25.0,23.0,18.0,15.0,19.0,24.0,16.0,28.0,27.0,22.0,33.0,22.0,30.0,30.0,23.0,24.0,14.0,23.0,20.0,21.0,26.0,22.0,24.0,17.0,20.0,25.0,23.0,19.0,15.0,31.0,27.0
23.0,32.0,30.0,20.0,29.0,26.0,34.0,29.0,33.0,38.0,21.0,27.0,27.0,24.0,28.0,29.0,24.0,30.0,23.0,31.0,22.0,23.0,30.0,27.0,30.0,23.0,29.0,33.0,33.0,31.0,25.0,36.0,24.0,21.0,27.0,31.0,21.0,24.0,29.0,19.0,27.0,21.0,26.0,29.0,32.0,24.0,20.0,23.0,26.0,15.0
