10,50,1000
19.009462,15.594478,15.47848,18.253579,18.736879,19.139827,19.333471,18.179125,18.483434,16.998848
9.833312,7.506703,9.782522,8.83024,7.128813,5.018874,8.747291,9.57179,7.379124,5.195419
0.0,10.0,20.0,30.0,40.0,50.0,60.0,70.0,80.0,90.0
10.0,0.0,10.0,20.0,30.0,40.0,50.0,60.0,70.0,80.0
20.0,10.0,0.0,10.0,20.0,30.0,40.0,50.0,60.0,70.0
30.0,20.0,10.0,0.0,10.0,20.0,30.0,40.0,50.0,60.0
40.0,30.0,20.0,10.0,0.0,10.0,20.0,30.0,40.0,50.0
50.0,40.0,30.0,20.0,10.0,0.0,10.0,20.0,30.0,40.0
60.0,50.0,40.0,30.0,20.0,10.0,0.0,10.0,20.0,30.0
70.0,60.0,50.0,40.0,30.0,20.0,10.0,0.0,10.0,20.0
80.0,70.0,60.0,50.0,40.0,30.0,20.0,10.0,0.0,10.0
90.0,80.0,70.0,60.0,50.0,40.0,30.0,20.0,10.0,0.0
450.0,400.0,350.0,300.0,250.0,250.0,300.0,350.0,400.0,450.0
0.0,1.0,2.0,3.0,4.0,5.0,6.0,7.0,8.0,9.0
1.0,0.0,1.0,2.0,3.0,4.0,5.0,6.0,7.0,8.0
2.0,1.0,0.0,1.0,2.0,3.0,4.0,5.0,6.0,7.0
3.0,2.0,1.0,0.0,1.0,2.0,3.0,4.0,5.0,6.0
4.0,3.0,2.0,1.0,0.0,1.0,2.0,3.0,4.0,5.0
5.0,4.0,3.0,2.0,1.0,0.0,1.0,2.0,3.0,4.0
6.0,5.0,4.0,3.0,2.0,1.0,0.0,1.0,2.0,3.0
7.0,6.0,5.0,4.0,3.0,2.0,1.0,0.0,1.0,2.0
8.0,7.0,6.0,5.0,4.0,3.0,2.0,1.0,0.0,1.0
9.0,8.0,7.0,6.0,5.0,4.0,3.0,2.0,1.0,0.0
45.0,40.0,35.0,30.0,25.0,25.0,30.0,35.0,40.0,45.0
39.0,30.0,33.0,37.0,32.0,45.0,35.0,48.0,41.0,42.0,31.0,33.0,34.0,41.0,35.0,50.0,29.0,33.0,39.0,33.0,34.0,34.0,34.0,35.0,34.0,42.0,32.0,37.0,37.0,34.0,46.0,39.0,40.0,36.0,41.0,43.0,30.0,23.0,46.0,37.0,37.0,34.0,45.0,30.0,38.0,33.0,47.0,34.0,36.0,39.0
34.0,32.0,29.0,25.0,24.0,18.0,31.0,24.0,32.0,30.0,26.0,23.0,28.0,31.0,25.0,42.0,27.0,23.0,26.0,21.0,22.0,28.0,26.0,27.0,33.0,29.0,27.0,28.0,29.0,23.0,34.0,32.0,24.0,22.0,21.0,29.0,29.0,22.0,34.0,24.0,33.0,21.0,25.0,34.0,32.0,37.0,23.0,39.0,26.0,24.0
32.0,35.0,32.0,28.0,40.0,29.0,31.0,39.0,31.0,28.0,41.0,31.0,35.0,47.0,43.0,28.0,33.0,38.0,32.0,37.0,44.0,30.0,29.0,22.0,22.0,31.0,34.0,34.0,38.0,26.0,44.0,41.0,29.0,44.0,28.0,30.0,39.0,39.0,34.0,29.0,39.0,27.0,39.0,32.0,28.0,28.0,40.0,39.0,40.0,37.0
36.0,28.0,34.0,32.0,29.0,36.0,35.0,33.0,21.0,39.0,29.0,25.0,40.0,27.0,38.0,28.0,45.0,40.0,35.0,35.0,32.0,26.0,28.0,24.0,27.0,33.0,32.0,32.0,32.0,23.0,33.0,27.0,31.0,26.0,31.0,37.0,32.0,36.0,38.0,24.0,51.0,36.0,33.0,33.0,34.0,35.0,32.0,37.0,42.0,30.0
19.0,33.0,25.0,28.0,23.0,34.0,31.0,32.0,25.0,33.0,21.0,40.0,26.0,31.0,31.0,42.0,30.0,24.0,26.0,35.0,19.0,38.0,27.0,28.0,26.0,23.0,25.0,18.0,31.0,34.0,24.0,26.0,22.0,28.0,22.0,39.0,30.0,30.0,32.0,20.0,27.0,32.0,24.0,26.0,25.0,31.0,27.0,33.0,30.0,28.0
22.0,21.0,19.0,22.0,29.0,15.0,20.0,22.0,18.0,26.0,30.0,17.0,17.0,25.0,22.0,23.0,22.0,20.0,17.0,17.0,20.0,28.0,18.0,26.0,15.0,21.0,11.0,17.0,11.0,23.0,21.0,24.0,26.0,22.0,17.0,23.0,22.0,25.0,22.0,13.0,18.0,25.0,27.0,25.0,20.0,19.0,31.0,15.0,23.0,17.0
35.0,35.0,38.0,30.0,33.0,29.0,25.0,31.0,30.0,32.0,28.0,33.0,30.0,23.0,34.0,43.0,27.0,28.0,27.0,36.0,42.0,49.0,18.0,36.0,34.0,35.0,39.0,29.0,33.0,29.0,45.0,35.0,28.0,32.0,27.0,33.0,31.0,33.0,41.0,27.0,29.0,24.0,34.0,33.0,28.0,20.0,36.0,31.0,37.0,29.0
38.0,41.0,46.0,27.0,40.0,27.0,37.0,44.0,32.0,40.0,29.0,36.0,30.0,45.0,35.0,35.0,21.0,39.0,29.0,34.0,42.0,38.0,35.0,28.0,29.0,37.0,37.0,36.0,32.0,40.0,36.0,31.0,42.0,29.0,50.0,45.0,38.0,44.0,39.0,39.0,36.0,33.0,31.0,40.0,34.0,29.0,23.0,38.0,41.0,45.0
30.0,36.0,36.0,30.0,25.0,29.0,38.0,20.0,38.0,33.0,32.0,19.0,31.0,27.0,31.0,23.0,20.0,26.0,27.0,26.0,29.0,23.0,34.0,27.0,30.0,30.0,28.0,33.0,34.0,31.0,28.0,31.0,37.0,24.0,30.0,31.0,30.0,26.0,32.0,33.0,37.0,40.0,32.0,36.0,31.0,29.0,36.0,27.0,27.0,31.0
18.0,24.0,17.0,22.0,28.0,20.0,17.0,22.0,28.0,17.0,21.0,16.0,27.0,12.0,17.0,22.0,22.0,16.0,20.0,28.0,20.0,16.0,12.0,24.0,21.0,18.0,21.0,15.0,25.0,17.0,17.0,30.0,15.0,31.0,24.0,19.0,19.0,18.0,20.0,21.0,20.0,16.0,14.0,23.0,17.0,21.0,16.0,22.0,23.0,21.0
