10,50,1000
15.647919,16.228333,15.051083,18.552245,16.381387,16.63138,17.548728,17.386082,15.731483,19.025133
6.604472,7.302865,6.917852,6.886838,7.323611,6.596737,7.624288,8.630472,7.421995,6.35963
0.0,10.0,20.0,30.0,40.0,50.0,60.0,70.0,80.0,90.0
10.0,0.0,10.0,20.0,30.0,40.0,50.0,60.0,70.0,80.0
20.0,10.0,0.0,10.0,20.0,30.0,40.0,50.0,60.0,70.0
30.0,20.0,10.0,0.0,10.0,20.0,30.0,40.0,50.0,60.0
40.0,30.0,20.0,10.0,0.0,10.0,20.0,30.0,40.0,50.0
50.0,40.0,30.0,20.0,10.0,0.0,10.0,20.0,30.0,40.0
60.0,50.0,40.0,30.0,20.0,10.0,0.0,10.0,20.0,30.0
70.0,60.0,50.0,40.0,30.0,20.0,10.0,0.0,10.0,20.0
80.0,70.0,60.0,50.0,40.0,30.0,20.0,10.0,0.0,10.0
90.0,80.0,70.0,60.0,50.0,40.0,30.0,20.0,10.0,0.0
450.0,400.0,350.0,300.0,250.0,250.0,300.0,350.0,400.0,450.0
0.0,1.0,2.0,3.0,4.0,5.0,6.0,7.0,8.0,9.0
1.0,0.0,1.0,2.0,3.0,4.0,5.0,6.0,7.0,8.0
2.0,1.0,0.0,1.0,2.0,3.0,4.0,5.0,6.0,7.0
3.0,2.0,1.0,0.0,1.0,2.0,3.0,4.0,5.0,6.0
4.0,3.0,2.0,1.0,0.0,1.0,2.0,3.0,4.0,5.0
5.0,4.0,3.0,2.0,1.0,0.0,1.0,2.0,3.0,4.0
6.0,5.0,4.0,3.0,2.0,1.0,0.0,1.0,2.0,3.0
7.0,6.0,5.0,4.0,3.0,2.0,1.0,0.0,1.0,2.0
8.0,7.0,6.0,5.0,4.0,3.0,2.0,1.0,0.0,1.0
9.0,8.0,7.0,6.0,5.0,4.0,3.0,2.0,1.0,0.0
45.0,40.0,35.0,30.0,25.0,25.0,30.0,35.0,40.0,45.0
24.0,27.0,18.0,29.0,23.0,23.0,34.0,25.0,19.0,24.0,26.0,25.0,28.0,24.0,27.0,18.0,13.0,25.0,25.0,25.0,32.0,27.0,20.0,25.0,20.0,34.0,28.0,33.0,27.0,25.0,28.0,19.0,13.0,34.0,24.0,29.0,26.0,31.0,22.0,27.0,21.0,22.0,21.0,27.0,25.0,30.0,16.0,19.0,18.0,26.0
26.0,19.0,23.0,28.0,23.0,19.0,36.0,26.0,26.0,29.0,29.0,18.0,26.0,28.0,22.0,34.0,15.0,32.0,29.0,28.0,24.0,22.0,26.0,30.0,24.0,30.0,28.0,29.0,26.0,29.0,27.0,31.0,35.0,21.0,28.0,35.0,27.0,26.0,24.0,39.0,29.0,34.0,28.0,26.0,24.0,31.0,37.0,29.0,36.0,34.0
28.0,27.0,30.0,22.0,35.0,24.0,18.0,23.0,23.0,30.0,16.0,33.0,28.0,26.0,25.0,17.0,25.0,24.0,24.0,15.0,38.0,32.0,25.0,20.0,25.0,23.0,34.0,24.0,33.0,26.0,30.0,27.0,25.0,24.0,36.0,22.0,22.0,34.0,21.0,25.0,30.0,23.0,21.0,21.0,23.0,39.0,18.0,21.0,23.0,24.0
27.0,28.0,30.0,21.0,33.0,17.0,22.0,19.0,35.0,18.0,25.0,32.0,19.0,28.0,36.0,29.0,23.0,31.0,35.0,17.0,16.0,21.0,22.0,32.0,37.0,31.0,25.0,25.0,15.0,28.0,29.0,31.0,19.0,21.0,21.0,30.0,28.0,29.0,30.0,29.0,35.0,21.0,19.0,27.0,33.0,34.0,37.0,26.0,20.0,29.0
25.0,29.0,30.0,31.0,24.0,23.0,30.0,29.0,31.0,30.0,24.0,28.0,30.0,23.0,25.0,26.0,25.0,26.0,34.0,36.0,26.0,30.0,30.0,27.0,33.0,35.0,27.0,27.0,25.0,25.0,25.0,26.0,24.0,27.0,20.0,34.0,25.0,24.0,32.0,34.0,29.0,34.0,26.0,26.0,31.0,30.0,26.0,26.0,24.0,31.0
33.0,27.0,28.0,32.0,37.0,30.0,24.0,20.0,24.0,19.0,25.0,36.0,29.0,28.0,32.0,33.0,24.0,30.0,34.0,32.0,28.0,22.0,22.0,28.0,17.0,35.0,44.0,24.0,28.0,30.0,21.0,18.0,17.0,29.0,41.0,32.0,25.0,31.0,29.0,27.0,29.0,30.0,22.0,15.0,19.0,29.0,26.0,23.0,29.0,22.0
33.0,30.0,25.0,27.0,30.0,40.0,26.0,36.0,22.0,32.0,31.0,26.0,33.0,22.0,35.0,25.0,35.0,24.0,27.0,28.0,32.0,29.0,23.0,23.0,28.0,28.0,35.0,35.0,21.0,23.0,24.0,28.0,38.0,29.0,26.0,28.0,34.0,27.0,26.0,29.0,22.0,29.0,38.0,39.0,23.0,32.0,36.0,37.0,22.0,28.0
29.0,24.0,22.0,30.0,24.0,35.0,34.0,33.0,35.0,39.0,32.0,31.0,33.0,29.0,41.0,32.0,35.0,32.0,29.0,34.0,31.0,30.0,30.0,29.0,39.0,32.0,31.0,42.0,31.0,28.0,37.0,36.0,27.0,43.0,35.0,30.0,33.0,37.0,30.0,34.0,31.0,31.0,31.0,29.0,30.0,22.0,38.0,32.0,34.0,28.0
40.0,28.0,22.0,17.0,29.0,30.0,26.0,28.0,34.0,33.0,27.0,33.0,30.0,25.0,27.0,26.0,24.0,30.0,38.0,22.0,35.0,27.0,40.0,26.0,23.0,22.0,25.0,23.0,25.0,20.0,36.0,34.0,30.0,33.0,26.0,25.0,21.0,18.0,25.0,23.0,26.0,23.0,26.0,26.0,31.0,42.0,26.0,36.0,25.0,24.0
29.0,25.0,29.0,33.0,26.0,27.0,18.0,31.0,31.0,25.0,22.0,27.0,22.0,27.0,25.0,34.0,20.0,26.0,27.0,37.0,29.0,34.0,22.0,25.0,15.0,36.0,15.0,28.0,31.0,21.0,38.0,23.0,34.0,28.0,27.0,15.0,25.0,26.0,28.0,36.0,17.0,28.0,24.0,37.0,30.0,33.0,24.0,35.0,33.0,35.0
