10,50,1000
19.37685,16.945988,17.502692,16.402614,19.457463,17.482616,16.362925,19.350892,19.910928,17.260626
8.825306,7.494657,5.64428,9.176169,7.328965,8.035801,9.827189,9.351514,6.372208,7.858906
0.0,10.0,20.0,30.0,40.0,50.0,60.0,70.0,80.0,90.0
10.0,0.0,10.0,20.0,30.0,40.0,50.0,60.0,70.0,80.0
20.0,10.0,0.0,10.0,20.0,30.0,40.0,50.0,60.0,70.0
30.0,20.0,10.0,0.0,10.0,20.0,30.0,40.0,50.0,60.0
40.0,30.0,20.0,10.0,0.0,10.0,20.0,30.0,40.0,50.0
50.0,40.0,30.0,20.0,10.0,0.0,10.0,20.0,30.0,40.0
60.0,50.0,40.0,30.0,20.0,10.0,0.0,10.0,20.0,30.0
70.0,60.0,50.0,40.0,30.0,20.0,10.0,0.0,10.0,20.0
80.0,70.0,60.0,50.0,40.0,30.0,20.0,10.0,0.0,10.0
90.0,80.0,70.0,60.0,50.0,40.0,30.0,20.0,10.0,0.0
450.0,400.0,350.0,300.0,250.0,250.0,300.0,350.0,400.0,450.0
0.0,1.0,2.0,3.0,4.0,5.0,6.0,7.0,8.0,9.0
1.0,0.0,1.0,2.0,3.0,4.0,5.0,6.0,7.0,8.0
2.0,1.0,0.0,1.0,2.0,3.0,4.0,5.0,6.0,7.0
3.0,2.0,1.0,0.0,1.0,2.0,3.0,4.0,5.0,6.0
4.0,3.0,2.0,1.0,0.0,1.0,2.0,3.0,4.0,5.0
5.0,4.0,3.0,2.0,1.0,0.0,1.0,2.0,3.0,4.0
6.0,5.0,4.0,3.0,2.0,1.0,0.0,1.0,2.0,3.0
7.0,6.0,5.0,4.0,3.0,2.0,1.0,0.0,1.0,2.0
8.0,7.0,6.0,5.0,4.0,3.0,2.0,1.0,0.0,1.0
9.0,8.0,7.0,6.0,5.0,4.0,3.0,2.0,1.0,0.0
45.0,40.0,35.0,30.0,25.0,25.0,30.0,35.0,40.0,45.0
29.0,40.0,35.0,30.0,37.0,35.0,38.0,30.0,28.0,31.0,35.0,36.0,35.0,36.0,41.0,28.0,38.0,37.0,37.0,28.0,27.0,39.0,41.0,36.0,22.0,48.0,32.0,21.0,43.0,31.0,29.0,29.0,31.0,28.0,45.0,38.0,32.0,43.0,32.0,37.0,37.0,48.0,36.0,35.0,37.0,40.0,47.0,28.0,27.0,22.0
37.0,24.0,27.0,31.0,29.0,34.0,33.0,32.0,30.0,31.0,24.0,41.0,34.0,28.0,36.0,25.0,31.0,28.0,32.0,27.0,28.0,31.0,42.0,26.0,26.0,36.0,30.0,31.0,26.0,30.0,33.0,33.0,26.0,28.0,35.0,19.0,33.0,38.0,21.0,36.0,23.0,24.0,31.0,31.0,38.0,25.0,19.0,25.0,29.0,28.0
33.0,28.0,25.0,27.0,21.0,25.0,20.0,17.0,21.0,28.0,21.0,24.0,23.0,21.0,17.0,28.0,25.0,30.0,23.0,26.0,22.0,15.0,30.0,26.0,18.0,34.0,17.0,27.0,16.0,21.0,19.0,22.0,18.0,21.0,27.0,20.0,25.0,27.0,25.0,27.0,25.0,30.0,23.0,21.0,23.0,27.0,17.0,37.0,21.0,23.0
31.0,29.0,37.0,31.0,36.0,43.0,40.0,36.0,27.0,30.0,34.0,30.0,29.0,31.0,33.0,36.0,27.0,36.0,33.0,39.0,33.0,32.0,26.0,31.0,40.0,31.0,37.0,28.0,39.0,33.0,30.0,28.0,31.0,29.0,31.0,37.0,32.0,30.0,36.0,29.0,28.0,38.0,19.0,24.0,39.0,40.0,43.0,31.0,38.0,32.0
33.0,26.0,29.0,33.0,32.0,35.0,30.0,36.0,34.0,25.0,29.0,26.0,35.0,38.0,28.0,36.0,28.0,30.0,28.0,31.0,34.0,30.0,22.0,33.0,33.0,36.0,31.0,37.0,29.0,36.0,27.0,39.0,31.0,30.0,26.0,28.0,29.0,29.0,32.0,34.0,29.0,37.0,30.0,33.0,32.0,32.0,32.0,32.0,26.0,34.0
24.0,29.0,34.0,37.0,28.0,31.0,32.0,34.0,41.0,38.0,32.0,42.0,30.0,20.0,25.0,23.0,32.0,27.0,38.0,26.0,33.0,27.0,27.0,26.0,26.0,28.0,32.0,28.0,23.0,30.0,35.0,28.0,26.0,39.0,39.0,31.0,35.0,41.0,37.0,30.0,42.0,28.0,36.0,33.0,35.0,29.0,31.0,39.0,31.0,35.0
52.0,40.0,32.0,50.0,35.0,35.0,32.0,35.0,34.0,33.0,36.0,29.0,36.0,37.0,39.0,45.0,46.0,37.0,42.0,38.0,47.0,37.0,32.0,29.0,50.0,31.0,40.0,34.0,28.0,43.0,40.0,44.0,38.0,29.0,45.0,43.0,33.0,39.0,44.0,46.0,33.0,43.0,43.0,40.0,43.0,39.0,34.0,32.0,35.0,28.0
35.0,35.0,33.0,31.0,35.0,37.0,37.0,39.0,26.0,30.0,35.0,38.0,33.0,43.0,34.0,39.0,39.0,48.0,27.0,27.0,28.0,37.0,31.0,42.0,28.0,40.0,37.0,26.0,36.0,38.0,36.0,26.0,39.0,40.0,31.0,37.0,43.0,30.0,31.0,28.0,46.0,30.0,26.0,32.0,34.0,31.0,35.0,34.0,34.0,28.0
34.0,15.0,26.0,32.0,26.0,31.0,24.0,28.0,23.0,31.0,25.0,29.0,28.0,28.0,26.0,26.0,30.0,23.0,28.0,32.0,25.0,24.0,18.0,26.0,27.0,34.0,26.0,22.0,28.0,33.0,30.0,29.0,23.0,31.0,26.0,24.0,29.0,18.0,30.0,27.0,30.0,29.0,20.0,16.0,24.0,25.0,28.0,22.0,27.0,31.0
39.0,28.0,25.0,42.0,34.0,21.0,26.0,29.0,31.0,30.0,27.0,29.0,31.0,31.0,34.0,32.0,29.0,37.0,27.0,32.0,33.0,28.0,30.0,27.0,31.0,27.0,24.0,28.0,31.0,33.0,20.0,30.0,30.0,39.0,32.0,23.0,20.0,25.0,33.0,26.0,32.0,29.0,30.0,30.0,29.0,31.0,28.0,29.0,39.0,35.0
