10,50,1000
16.554928,15.589745,15.35597,19.938685,18.994268,18.580858,19.434986,16.3289,18.799719,19.745029
7.532055,7.461412,7.413121,7.26272,7.628486,8.491901,7.663437,9.365348,5.655857,9.183988
0.0,10.0,20.0,30.0,40.0,50.0,60.0,70.0,80.0,90.0
10.0,0.0,10.0,20.0,30.0,40.0,50.0,60.0,70.0,80.0
20.0,10.0,0.0,10.0,20.0,30.0,40.0,50.0,60.0,70.0
30.0,20.0,10.0,0.0,10.0,20.0,30.0,40.0,50.0,60.0
40.0,30.0,20.0,10.0,0.0,10.0,20.0,30.0,40.0,50.0
50.0,40.0,30.0,20.0,10.0,0.0,10.0,20.0,30.0,40.0
60.0,50.0,40.0,30.0,20.0,10.0,0.0,10.0,20.0,30.0
70.0,60.0,50.0,40.0,30.0,20.0,10.0,0.0,10.0,20.0
80.0,70.0,60.0,50.0,40.0,30.0,20.0,10.0,0.0,10.0
90.0,80.0,70.0,60.0,50.0,40.0,30.0,20.0,10.0,0.0
450.0,400.0,350.0,300.0,250.0,250.0,300.0,350.0,400.0,450.0
0.0,1.0,2.0,3.0,4.0,5.0,6.0,7.0,8.0,9.0
1.0,0.0,1.0,2.0,3.0,4.0,5.0,6.0,7.0,8.0
2.0,1.0,0.0,1.0,2.0,3.0,4.0,5.0,6.0,7.0
3.0,2.0,1.0,0.0,1.0,2.0,3.0,4.0,5.0,6.0
4.0,3.0,2.0,1.0,0.0,1.0,2.0,3.0,4.0,5.0
5.0,4.0,3.0,2.0,1.0,0.0,1.0,2.0,3.0,4.0
6.0,5.0,4.0,3.0,2.0,1.0,0.0,1.0,2.0,3.0
7.0,6.0,5.0,4.0,3.0,2.0,1.0,0.0,1.0,2.0
8.0,7.0,6.0,5.0,4.0,3.0,2.0,1.0,0.0,1.0
9.0,8.0,7.0,6.0,5.0,4.0,3.0,2.0,1.0,0.0
45.0,40.0,35.0,30.0,25.0,25.0,30.0,35.0,40.0,45.0
30.0,31.0,22.0,29.0,25.0,31.0,31.0,29.0,29.0,17.0,32.0,28.0,34.0,36.0,28.0,24.0,27.0,33.0,28.0,22.0,38.0,29.0,28.0,30.0,42.0,36.0,29.0,33.0,36.0,32.0,27.0,39.0,34.0,20.0,26.0,35.0,35.0,29.0,38.0,17.0,28.0,19.0,32.0,22.0,23.0,31.0,25.0,24.0,29.0,29.0
25.0,25.0,22.0,24.0,34.0,23.0,18.0,24.0,27.0,23.0,21.0,28.0,25.0,29.0,28.0,27.0,31.0,33.0,27.0,24.0,24.0,28.0,37.0,32.0,36.0,24.0,25.0,26.0,32.0,26.0,22.0,27.0,22.0,34.0,30.0,25.0,29.0,32.0,29.0,28.0,22.0,19.0,31.0,28.0,20.0,37.0,30.0,27.0,26.0,23.0
30.0,27.0,34.0,26.0,24.0,27.0,29.0,32.0,34.0,31.0,26.0,18.0,32.0,37.0,32.0,32.0,25.0,37.0,22.0,21.0,34.0,31.0,33.0,23.0,27.0,30.0,36.0,20.0,21.0,38.0,29.0,28.0,25.0,20.0,27.0,29.0,26.0,34.0,31.0,29.0,37.0,26.0,28.0,30.0,30.0,26.0,24.0,39.0,31.0,31.0
34.0,24.0,23.0,29.0,23.0,22.0,32.0,37.0,30.0,35.0,34.0,25.0,29.0,25.0,31.0,28.0,28.0,26.0,25.0,28.0,36.0,28.0,26.0,28.0,46.0,30.0,35.0,27.0,23.0,25.0,26.0,26.0,32.0,35.0,25.0,27.0,18.0,34.0,23.0,18.0,26.0,29.0,32.0,26.0,38.0,34.0,27.0,21.0,30.0,25.0
33.0,37.0,26.0,34.0,18.0,24.0,33.0,25.0,23.0,27.0,26.0,21.0,32.0,36.0,26.0,25.0,35.0,31.0,31.0,34.0,34.0,32.0,27.0,24.0,21.0,32.0,35.0,23.0,26.0,39.0,30.0,36.0,23.0,29.0,31.0,27.0,23.0,25.0,36.0,28.0,33.0,37.0,35.0,30.0,29.0,30.0,31.0,15.0,37.0,30.0
30.0,28.0,32.0,33.0,35.0,31.0,37.0,37.0,36.0,27.0,37.0,25.0,38.0,42.0,40.0,32.0,34.0,32.0,51.0,29.0,27.0,40.0,43.0,38.0,39.0,28.0,28.0,37.0,46.0,38.0,33.0,25.0,32.0,32.0,24.0,31.0,26.0,35.0,31.0,34.0,38.0,31.0,44.0,26.0,38.0,37.0,32.0,37.0,30.0,35.0
27.0,29.0,33.0,32.0,36.0,34.0,26.0,25.0,30.0,23.0,33.0,26.0,28.0,27.0,35.0,35.0,23.0,28.0,29.0,25.0,30.0,29.0,31.0,37.0,29.0,39.0,34.0,33.0,22.0,37.0,29.0,31.0,26.0,29.0,34.0,33.0,33.0,28.0,28.0,29.0,37.0,27.0,51.0,25.0,31.0,29.0,36.0,26.0,30.0,14.0
28.0,40.0,32.0,36.0,32.0,33.0,26.0,33.0,34.0,33.0,30.0,39.0,32.0,33.0,29.0,32.0,34.0,24.0,33.0,38.0,29.0,30.0,36.0,29.0,35.0,24.0,39.0,41.0,34.0,34.0,25.0,45.0,28.0,34.0,34.0,33.0,43.0,26.0,35.0,28.0,34.0,38.0,26.0,25.0,40.0,32.0,17.0,39.0,33.0,43.0
27.0,28.0,31.0,16.0,21.0,24.0,18.0,17.0,23.0,21.0,22.0,19.0,21.0,37.0,23.0,21.0,21.0,18.0,15.0,28.0,22.0,19.0,21.0,28.0,24.0,32.0,23.0,22.0,26.0,26.0,20.0,24.0,26.0,17.0,34.0,23.0,20.0,24.0,25.0,23.0,19.0,21.0,28.0,23.0,16.0,20.0,18.0,22.0,14.0,17.0
33.0,40.0,45.0,37.0,29.0,43.0,32.0,41.0,40.0,36.0,42.0,30.0,34.0,26.0,32.0,38.0,42.0,39.0,33.0,41.0,37.0,39.0,46.0,36.0,33.0,35.0,32.0,30.0,37.0,42.0,34.0,35.0,32.0,25.0,37.0,35.0,39.0,37.0,26.0,33.0,31.0,33.0,30.0,33.0,30.0,27.0,29.0,46.0,41.0,39.0
