10,50,1000
15.315798,18.774289,16.824734,18.920434,15.965486,18.171082,18.441651,15.637663,19.320925,16.631035
9.249995,6.480897,9.218881,5.749451,8.386788,9.469114,9.708323,8.181914,7.227911,6.362994
0.0,10.0,20.0,30.0,40.0,50.0,60.0,70.0,80.0,90.0
10.0,0.0,10.0,20.0,30.0,40.0,50.0,60.0,70.0,80.0
20.0,10.0,0.0,10.0,20.0,30.0,40.0,50.0,60.0,70.0
30.0,20.0,10.0,0.0,10.0,20.0,30.0,40.0,50.0,60.0
40.0,30.0,20.0,10.0,0.0,10.0,20.0,30.0,40.0,50.0
50.0,40.0,30.0,20.0,10.0,0.0,10.0,20.0,30.0,40.0
60.0,50.0,40.0,30.0,20.0,10.0,0.0,10.0,20.0,30.0
70.0,60.0,50.0,40.0,30.0,20.0,10.0,0.0,10.0,20.0
80.0,70.0,60.0,50.0,40.0,30.0,20.0,10.0,0.0,10.0
90.0,80.0,70.0,60.0,50.0,40.0,30.0,20.0,10.0,0.0
450.0,400.0,350.0,300.0,250.0,250.0,300.0,350.0,400.0,450.0
0.0,1.0,2.0,3.0,4.0,5.0,6.0,7.0,8.0,9.0
1.0,0.0,1.0,2.0,3.0,4.0,5.0,6.0,7.0,8.0
2.0,1.0,0.0,1.0,2.0,3.0,4.0,5.0,6.0,7.0
3.0,2.0,1.0,0.0,1.0,2.0,3.0,4.0,5.0,6.0
4.0,3.0,2.0,1.0,0.0,1.0,2.0,3.0,4.0,5.0
5.0,4.0,3.0,2.0,1.0,0.0,1.0,2.0,3.0,4.0
6.0,5.0,4.0,3.0,2.0,1.0,0.0,1.0,2.0,3.0
7.0,6.0,5.0,4.0,3.0,2.0,1.0,0.0,1.0,2.0
8.0,7.0,6.0,5.0,4.0,3.0,2.0,1.0,0.0,1.0
9.0,8.0,7.0,6.0,5.0,4.0,3.0,2.0,1.0,0.0
45.0,40.0,35.0,30.0,25.0,25.0,30.0,35.0,40.0,45.0
42.0,44.0,27.0,29.0,33.0,35.0,37.0,39.0,37.0,29.0,21.0,33.0,46.0,19.0,35.0,42.0,35.0,39.0,30.0,24.0,33.0,35.0,29.0,29.0,34.0,29.0,39.0,30.0,31.0,38.0,39.0,31.0,35.0,35.0,39.0,34.0,28.0,44.0,28.0,45.0,19.0,25.0,24.0,29.0,35.0,30.0,48.0,37.0,33.0,43.0
28.0,24.0,20.0,22.0,37.0,26.0,24.0,31.0,17.0,31.0,34.0,33.0,34.0,22.0,25.0,24.0,25.0,23.0,23.0,19.0,24.0,25.0,28.0,25.0,22.0,29.0,26.0,18.0,26.0,18.0,38.0,21.0,23.0,25.0,32.0,28.0,26.0,33.0,22.0,21.0,25.0,26.0,32.0,32.0,30.0,30.0,25.0,21.0,32.0,19.0
49.0,30.0,36.0,30.0,19.0,41.0,31.0,27.0,21.0,35.0,26.0,28.0,40.0,27.0,45.0,28.0,35.0,42.0,39.0,30.0,38.0,36.0,33.0,27.0,26.0,38.0,39.0,31.0,29.0,26.0,34.0,36.0,37.0,21.0,40.0,29.0,44.0,36.0,40.0,52.0,34.0,22.0,39.0,47.0,37.0,27.0,33.0,28.0,26.0,35.0
22.0,27.0,24.0,18.0,17.0,25.0,19.0,27.0,25.0,27.0,23.0,22.0,22.0,31.0,19.0,23.0,24.0,20.0,20.0,24.0,20.0,35.0,28.0,24.0,28.0,30.0,26.0,27.0,27.0,30.0,31.0,30.0,37.0,35.0,23.0,23.0,19.0,23.0,26.0,26.0,26.0,21.0,25.0,19.0,20.0,19.0,18.0,20.0,18.0,21.0
29.0,24.0,27.0,34.0,36.0,22.0,25.0,25.0,35.0,35.0,40.0,22.0,41.0,33.0,32.0,29.0,37.0,33.0,20.0,37.0,31.0,30.0,33.0,32.0,28.0,31.0,27.0,32.0,24.0,35.0,23.0,38.0,34.0,33.0,31.0,38.0,32.0,24.0,38.0,33.0,38.0,25.0,24.0,31.0,25.0,25.0,37.0,32.0,29.0,19.0
56.0,41.0,47.0,31.0,47.0,34.0,32.0,44.0,29.0,36.0,27.0,31.0,39.0,25.0,45.0,42.0,32.0,38.0,28.0,31.0,34.0,30.0,30.0,30.0,27.0,37.0,31.0,43.0,33.0,29.0,37.0,43.0,36.0,35.0,29.0,36.0,40.0,33.0,34.0,31.0,28.0,44.0,32.0,34.0,40.0,36.0,34.0,50.0,33.0,39.0
43.0,50.0,26.0,27.0,19.0,29.0,43.0,37.0,30.0,50.0,46.0,39.0,44.0,31.0,40.0,30.0,29.0,46.0,38.0,28.0,34.0,30.0,50.0,41.0,29.0,47.0,38.0,32.0,32.0,43.0,38.0,34.0,33.0,30.0,33.0,36.0,35.0,42.0,39.0,35.0,39.0,37.0,38.0,33.0,45.0,31.0,22.0,38.0,34.0,43.0
32.0,37.0,31.0,30.0,31.0,28.0,29.0,36.0,30.0,32.0,24.0,32.0,23.0,27.0,36.0,24.0,19.0,23.0,23.0,34.0,37.0,26.0,27.0,30.0,31.0,34.0,16.0,27.0,23.0,36.0,28.0,27.0,26.0,25.0,25.0,23.0,38.0,29.0,30.0,36.0,23.0,25.0,27.0,29.0,31.0,33.0,31.0,34.0,30.0,22.0
30.0,26.0,23.0,23.0,20.0,25.0,31.0,27.0,21.0,25.0,30.0,33.0,31.0,27.0,27.0,31.0,26.0,29.0,26.0,30.0,24.0,31.0,36.0,27.0,21.0,34.0,30.0,26.0,31.0,27.0,24.0,21.0,27.0,29.0,27.0,31.0,29.0,22.0,35.0,37.0,23.0,31.0,26.0,25.0,28.0,25.0,28.0,30.0,30.0,30.0
30.0,23.0,26.0,35.0,33.0,28.0,19.0,22.0,30.0,24.0,28.0,21.0,35.0,24.0,19.0,22.0,18.0,25.0,18.0,23.0,29.0,18.0,28.0,31.0,24.0,18.0,32.0,25.0,23.0,30.0,26.0,24.0,28.0,19.0,18.0,30.0,17.0,19.0,27.0,28.0,32.0,32.0,22.0,26.0,23.0,29.0,21.0,22.0,26.0,27.0
