10,50,1000
17.549131,15.470567,18.503047,15.309582,15.615354,19.905572,16.798995,17.988356,19.826043,19.840117
9.386295,9.288551,6.716524,7.601071,7.183572,6.471711,9.849061,7.160613,9.988711,8.769741
0.0,10.0,20.0,30.0,40.0,50.0,60.0,70.0,80.0,90.0
10.0,0.0,10.0,20.0,30.0,40.0,50.0,60.0,70.0,80.0
20.0,10.0,0.0,10.0,20.0,30.0,40.0,50.0,60.0,70.0
30.0,20.0,10.0,0.0,10.0,20.0,30.0,40.0,50.0,60.0
40.0,30.0,20.0,10.0,0.0,10.0,20.0,30.0,40.0,50.0
50.0,40.0,30.0,20.0,10.0,0.0,10.0,20.0,30.0,40.0
60.0,50.0,40.0,30.0,20.0,10.0,0.0,10.0,20.0,30.0
70.0,60.0,50.0,40.0,30.0,20.0,10.0,0.0,10.0,20.0
80.0,70.0,60.0,50.0,40.0,30.0,20.0,10.0,0.0,10.0
90.0,80.0,70.0,60.0,50.0,40.0,30.0,20.0,10.0,0.0
450.0,400.0,350.0,300.0,250.0,250.0,300.0,350.0,400.0,450.0
0.0,1.0,2.0,3.0,4.0,5.0,6.0,7.0,8.0,9.0
1.0,0.0,1.0,2.0,3.0,4.0,5.0,6.0,7.0,8.0
2.0,1.0,0.0,1.0,2.0,3.0,4.0,5.0,6.0,7.0
3.0,2.0,1.0,0.0,1.0,2.0,3.0,4.0,5.0,6.0
4.0,3.0,2.0,1.0,0.0,1.0,2.0,3.0,4.0,5.0
5.0,4.0,3.0,2.0,1.0,0.0,1.0,2.0,3.0,4.0
6.0,5.0,4.0,3.0,2.0,1.0,0.0,1.0,2.0,3.0
7.0,6.0,5.0,4.0,3.0,2.0,1.0,0.0,1.0,2.0
8.0,7.0,6.0,5.0,4.0,3.0,2.0,1.0,0.0,1.0
9.0,8.0,7.0,6.0,5.0,4.0,3.0,2.0,1.0,0.0
45.0,40.0,35.0,30.0,25.0,25.0,30.0,35.0,40.0,45.0
44.0,41.0,49.0,41.0,37.0,43.0,38.0,28.0,36.0,34.0,40.0,33.0,31.0,21.0,38.0,28.0,34.0,31.0,37.0,20.0,30.0,34.0,37.0,37.0,34.0,42.0,37.0,28.0,34.0,37.0,36.0,31.0,48.0,31.0,32.0,27.0,45.0,32.0,26.0,30.0,40.0,41.0,27.0,32.0,39.0,37.0,25.0,41.0,46.0,34.0
31.0,31.0,31.0,39.0,37.0,36.0,31.0,41.0,34.0,32.0,28.0,26.0,31.0,28.0,32.0,38.0,47.0,25.0,40.0,41.0,29.0,25.0,34.0,34.0,28.0,35.0,34.0,42.0,38.0,30.0,40.0,28.0,43.0,41.0,39.0,24.0,34.0,32.0,35.0,36.0,29.0,34.0,31.0,34.0,37.0,30.0,30.0,27.0,37.0,32.0
25.0,25.0,17.0,22.0,29.0,31.0,23.0,25.0,19.0,28.0,23.0,26.0,16.0,35.0,28.0,26.0,31.0,26.0,29.0,30.0,29.0,21.0,27.0,31.0,24.0,26.0,17.0,30.0,21.0,19.0,25.0,22.0,24.0,22.0,24.0,22.0,26.0,33.0,25.0,32.0,28.0,38.0,32.0,23.0,28.0,21.0,25.0,28.0,27.0,26.0
20.0,26.0,29.0,33.0,26.0,26.0,37.0,36.0,32.0,24.0,33.0,37.0,32.0,30.0,22.0,22.0,32.0,22.0,23.0,23.0,34.0,21.0,27.0,19.0,31.0,35.0,33.0,27.0,31.0,36.0,32.0,29.0,23.0,28.0,23.0,23.0,34.0,21.0,31.0,33.0,33.0,27.0,18.0,34.0,30.0,38.0,35.0,28.0,33.0,29.0
20.0,19.0,22.0,31.0,28.0,30.0,32.0,23.0,29.0,25.0,26.0,28.0,24.0,27.0,28.0,26.0,24.0,28.0,39.0,23.0,23.0,31.0,31.0,31.0,34.0,36.0,32.0,23.0,24.0,25.0,24.0,37.0,22.0,23.0,26.0,22.0,35.0,19.0,20.0,40.0,20.0,26.0,24.0,35.0,30.0,26.0,36.0,35.0,20.0,27.0
28.0,25.0,25.0,28.0,29.0,22.0,29.0,21.0,28.0,22.0,27.0,24.0,29.0,26.0,21.0,32.0,23.0,23.0,32.0,25.0,23.0,15.0,26.0,22.0,27.0,16.0,25.0,27.0,29.0,31.0,32.0,19.0,25.0,37.0,25.0,24.0,24.0,28.0,19.0,22.0,25.0,19.0,26.0,24.0,29.0,22.0,20.0,26.0,22.0,31.0
40.0,35.0,34.0,32.0,33.0,31.0,39.0,35.0,33.0,30.0,32.0,33.0,25.0,35.0,40.0,37.0,35.0,48.0,41.0,28.0,31.0,37.0,36.0,36.0,36.0,44.0,38.0,57.0,41.0,39.0,28.0,35.0,45.0,29.0,35.0,29.0,46.0,24.0,38.0,32.0,31.0,37.0,29.0,39.0,27.0,36.0,35.0,38.0,37.0,25.0
19.0,31.0,23.0,20.0,29.0,25.0,23.0,18.0,27.0,34.0,35.0,32.0,28.0,26.0,26.0,25.0,26.0,32.0,24.0,30.0,33.0,33.0,34.0,26.0,22.0,29.0,21.0,26.0,27.0,26.0,27.0,25.0,25.0,37.0,32.0,25.0,30.0,32.0,31.0,29.0,24.0,35.0,31.0,36.0,27.0,33.0,25.0,28.0,32.0,31.0
30.0,43.0,38.0,40.0,33.0,34.0,30.0,51.0,41.0,47.0,34.0,32.0,38.0,40.0,29.0,27.0,33.0,38.0,35.0,44.0,42.0,28.0,34.0,34.0,40.0,32.0,33.0,43.0,38.0,40.0,35.0,34.0,30.0,37.0,49.0,34.0,36.0,36.0,26.0,39.0,35.0,39.0,41.0,26.0,42.0,31.0,49.0,28.0,44.0,41.0
29.0,39.0,41.0,37.0,28.0,40.0,28.0,32.0,32.0,34.0,32.0,37.0,33.0,28.0,34.0,35.0,33.0,23.0,29.0,34.0,37.0,26.0,42.0,32.0,35.0,33.0,35.0,31.0,32.0,28.0,42.0,43.0,40.0,34.0,30.0,31.0,31.0,28.0,30.0,33.0,35.0,35.0,39.0,34.0,37.0,37.0,33.0,33.0,38.0,44.0
