10,50,1000
17.278093,18.639311,15.214575,18.929398,16.40453,18.617966,15.295232,16.388929,19.610703,17.53116
7.352311,5.137516,7.277736,9.380156,6.478776,8.093058,9.95377,8.115909,5.121376,9.016397
0.0,10.0,20.0,30.0,40.0,50.0,60.0,70.0,80.0,90.0
10.0,0.0,10.0,20.0,30.0,40.0,50.0,60.0,70.0,80.0
20.0,10.0,0.0,10.0,20.0,30.0,40.0,50.0,60.0,70.0
30.0,20.0,10.0,0.0,10.0,20.0,30.0,40.0,50.0,60.0
40.0,30.0,20.0,10.0,0.0,10.0,20.0,30.0,40.0,50.0
50.0,40.0,30.0,20.0,10.0,0.0,10.0,20.0,30.0,40.0
60.0,50.0,40.0,30.0,20.0,10.0,0.0,10.0,20.0,30.0
70.0,60.0,50.0,40.0,30.0,20.0,10.0,0.0,10.0,20.0
80.0,70.0,60.0,50.0,40.0,30.0,20.0,10.0,0.0,10.0
90.0,80.0,70.0,60.0,50.0,40.0,30.0,20.0,10.0,0.0
450.0,400.0,350.0,300.0,250.0,250.0,300.0,350.0,400.0,450.0
0.0,1.0,2.0,3.0,4.0,5.0,6.0,7.0,8.0,9.0
1.0,0.0,1.0,2.0,3.0,4.0,5.0,6.0,7.0,8.0
2.0,1.0,0.0,1.0,2.0,3.0,4.0,5.0,6.0,7.0
3.0,2.0,1.0,0.0,1.0,2.0,3.0,4.0,5.0,6.0
4.0,3.0,2.0,1.0,0.0,1.0,2.0,3.0,4.0,5.0
5.0,4.0,3.0,2.0,1.0,0.0,1.0,2.0,3.0,4.0
6.0,5.0,4.0,3.0,2.0,1.0,0.0,1.0,2.0,3.0
7.0,6.0,5.0,4.0,3.0,2.0,1.0,0.0,1.0,2.0
8.0,7.0,6.0,5.0,4.0,3.0,2.0,1.0,0.0,1.0
9.0,8.0,7.0,6.0,5.0,4.0,3.0,2.0,1.0,0.0
45.0,40.0,35.0,30.0,25.0,25.0,30.0,35.0,40.0,45.0
29.0,25.0,26.0,35.0,25.0,34.0,23.0,19.0,17.0,25.0,24.0,17.0,25.0,26.0,26.0,26.0,24.0,25.0,18.0,26.0,34.0,24.0,31.0,21.0,29.0,30.0,33.0,29.0,33.0,24.0,27.0,28.0,23.0,34.0,36.0,25.0,30.0,36.0,28.0,26.0,25.0,23.0,27.0,30.0,33.0,34.0,32.0,29.0,40.0,36.0
29.0,15.0,21.0,16.0,27.0,20.0,16.0,20.0,24.0,25.0,21.0,17.0,27.0,28.0,26.0,22.0,25.0,20.0,22.0,20.0,16.0,16.0,26.0,19.0,16.0,23.0,17.0,14.0,26.0,24.0,17.0,21.0,17.0,16.0,21.0,23.0,28.0,23.0,21.0,25.0,24.0,19.0,23.0,17.0,21.0,23.0,22.0,22.0,26.0,19.0
29.0,36.0,30.0,32.0,27.0,26.0,29.0,27.0,22.0,23.0,31.0,37.0,21.0,32.0,26.0,33.0,18.0,31.0,26.0,33.0,35.0,18.0,22.0,24.0,31.0,23.0,26.0,28.0,22.0,25.0,20.0,31.0,36.0,35.0,23.0,28.0,24.0,29.0,28.0,26.0,28.0,24.0,23.0,29.0,19.0,29.0,36.0,20.0,33.0,23.0
29.0,33.0,30.0,41.0,41.0,31.0,30.0,39.0,40.0,44.0,39.0,35.0,24.0,40.0,44.0,33.0,31.0,25.0,27.0,34.0,36.0,37.0,38.0,38.0,33.0,39.0,34.0,39.0,31.0,34.0,34.0,36.0,30.0,30.0,34.0,42.0,41.0,29.0,41.0,30.0,28.0,40.0,41.0,33.0,30.0,37.0,38.0,46.0,37.0,40.0
26.0,24.0,19.0,28.0,30.0,32.0,24.0,21.0,29.0,25.0,20.0,22.0,31.0,20.0,23.0,29.0,23.0,18.0,27.0,23.0,34.0,22.0,28.0,26.0,20.0,22.0,24.0,25.0,31.0,26.0,24.0,35.0,25.0,17.0,26.0,37.0,30.0,20.0,23.0,28.0,21.0,24.0,25.0,23.0,31.0,22.0,24.0,28.0,21.0,29.0
32.0,40.0,22.0,35.0,26.0,32.0,35.0,26.0,25.0,28.0,25.0,36.0,23.0,31.0,41.0,39.0,42.0,44.0,36.0,27.0,23.0,20.0,25.0,28.0,38.0,31.0,29.0,39.0,30.0,29.0,32.0,28.0,32.0,37.0,27.0,32.0,33.0,33.0,21.0,34.0,22.0,35.0,31.0,31.0,39.0,35.0,32.0,33.0,44.0,37.0
37.0,46.0,19.0,43.0,19.0,38.0,47.0,19.0,43.0,47.0,35.0,45.0,30.0,43.0,33.0,32.0,29.0,30.0,30.0,36.0,32.0,37.0,35.0,46.0,29.0,31.0,34.0,40.0,37.0,34.0,42.0,44.0,44.0,40.0,33.0,44.0,36.0,34.0,37.0,41.0,32.0,30.0,36.0,36.0,29.0,42.0,34.0,37.0,50.0,33.0
25.0,21.0,35.0,32.0,27.0,29.0,34.0,23.0,28.0,29.0,27.0,16.0,31.0,41.0,19.0,26.0,21.0,39.0,26.0,27.0,37.0,22.0,24.0,23.0,34.0,35.0,28.0,33.0,29.0,28.0,28.0,41.0,26.0,33.0,23.0,24.0,33.0,27.0,33.0,36.0,37.0,27.0,29.0,29.0,29.0,28.0,34.0,22.0,27.0,34.0
15.0,21.0,22.0,20.0,29.0,25.0,15.0,21.0,20.0,12.0,19.0,31.0,27.0,22.0,28.0,20.0,13.0,26.0,22.0,24.0,26.0,28.0,18.0,26.0,16.0,15.0,24.0,25.0,26.0,21.0,23.0,27.0,24.0,31.0,23.0,19.0,23.0,28.0,18.0,21.0,24.0,30.0,15.0,14.0,19.0,26.0,25.0,23.0,18.0,14.0
32.0,30.0,35.0,30.0,30.0,27.0,30.0,39.0,31.0,36.0,39.0,29.0,30.0,26.0,37.0,32.0,33.0,40.0,32.0,29.0,37.0,37.0,34.0,38.0,40.0,35.0,31.0,39.0,36.0,23.0,28.0,40.0,25.0,36.0,31.0,45.0,31.0,31.0,36.0,35.0,41.0,35.0,34.0,34.0,17.0,31.0,34.0,30.0,36.0,34.0
