10,50,1000
19.76798,19.534689,16.064468,18.892412,17.976428,19.968827,19.460128,18.16612,18.01427,17.031175
8.051016,6.665033,5.85573,6.549677,7.147956,8.712297,6.808711,5.660101,7.87193,8.332938
0.0,10.0,20.0,30.0,40.0,50.0,60.0,70.0,80.0,90.0
10.0,0.0,10.0,20.0,30.0,40.0,50.0,60.0,70.0,80.0
20.0,10.0,0.0,10.0,20.0,30.0,40.0,50.0,60.0,70.0
30.0,20.0,10.0,0.0,10.0,20.0,30.0,40.0,50.0,60.0
40.0,30.0,20.0,10.0,0.0,10.0,20.0,30.0,40.0,50.0
50.0,40.0,30.0,20.0,10.0,0.0,10.0,20.0,30.0,40.0
60.0,50.0,40.0,30.0,20.0,10.0,0.0,10.0,20.0,30.0
70.0,60.0,50.0,40.0,30.0,20.0,10.0,0.0,10.0,20.0
80.0,70.0,60.0,50.0,40.0,30.0,20.0,10.0,0.0,10.0
90.0,80.0,70.0,60.0,50.0,40.0,30.0,20.0,10.0,0.0
450.0,400.0,350.0,300.0,250.0,250.0,300.0,350.0,400.0,450.0
0.0,1.0,2.0,3.0,4.0,5.0,6.0,7.0,8.0,9.0
1.0,0.0,1.0,2.0,3.0,4.0,5.0,6.0,7.0,8.0
2.0,1.0,0.0,1.0,2.0,3.0,4.0,5.0,6.0,7.0
3.0,2.0,1.0,0.0,1.0,2.0,3.0,4.0,5.0,6.0
4.0,3.0,2.0,1.0,0.0,1.0,2.0,3.0,4.0,5.0
5.0,4.0,3.0,2.0,1.0,0.0,1.0,2.0,3.0,4.0
6.0,5.0,4.0,3.0,2.0,1.0,0.0,1.0,2.0,3.0
7.0,6.0,5.0,4.0,3.0,2.0,1.0,0.0,1.0,2.0
8.0,7.0,6.0,5.0,4.0,3.0,2.0,1.0,0.0,1.0
9.0,8.0,7.0,6.0,5.0,4.0,3.0,2.0,1.0,0.0
45.0,40.0,35.0,30.0,25.0,25.0,30.0,35.0,40.0,45.0
40.0,29.0,44.0,40.0,37.0,37.0,32.0,30.0,28.0,45.0,29.0,41.0,29.0,30.0,22.0,41.0,35.0,34.0,36.0,25.0,36.0,35.0,32.0,32.0,31.0,40.0,39.0,32.0,34.0,35.0,28.0,34.0,23.0,38.0,34.0,19.0,31.0,27.0,33.0,30.0,28.0,37.0,28.0,38.0,33.0,50.0,30.0,27.0,30.0,33.0
22.0,27.0,29.0,28.0,26.0,19.0,27.0,30.0,28.0,22.0,36.0,18.0,28.0,32.0,32.0,26.0,36.0,29.0,26.0,22.0,18.0,28.0,20.0,30.0,23.0,34.0,20.0,29.0,34.0,29.0,19.0,22.0,25.0,32.0,28.0,27.0,24.0,22.0,31.0,26.0,25.0,25.0,29.0,19.0,30.0,35.0,25.0,22.0,33.0,29.0
17.0,19.0,28.0,38.0,23.0,28.0,17.0,21.0,25.0,29.0,36.0,19.0,21.0,34.0,29.0,28.0,25.0,21.0,28.0,26.0,35.0,23.0,14.0,17.0,22.0,26.0,37.0,19.0,13.0,31.0,31.0,28.0,15.0,25.0,23.0,26.0,21.0,21.0,22.0,25.0,19.0,28.0,23.0,21.0,17.0,29.0,27.0,28.0,20.0,19.0
25.0,30.0,25.0,32.0,23.0,22.0,26.0,21.0,21.0,18.0,23.0,31.0,18.0,33.0,33.0,38.0,31.0,25.0,19.0,21.0,24.0,18.0,33.0,36.0,21.0,35.0,27.0,25.0,29.0,24.0,24.0,32.0,17.0,34.0,30.0,26.0,21.0,35.0,27.0,31.0,32.0,22.0,25.0,30.0,27.0,20.0,20.0,36.0,27.0,23.0
22.0,24.0,30.0,31.0,28.0,30.0,30.0,29.0,23.0,17.0,25.0,25.0,28.0,35.0,27.0,36.0,26.0,28.0,32.0,29.0,32.0,28.0,37.0,32.0,29.0,28.0,26.0,31.0,40.0,42.0,28.0,37.0,30.0,24.0,18.0,27.0,24.0,24.0,24.0,24.0,33.0,33.0,19.0,29.0,27.0,30.0,28.0,20.0,25.0,31.0
31.0,27.0,45.0,24.0,22.0,32.0,25.0,26.0,39.0,39.0,31.0,31.0,47.0,36.0,27.0,32.0,32.0,24.0,37.0,41.0,38.0,28.0,39.0,38.0,28.0,26.0,29.0,27.0,32.0,38.0,25.0,33.0,32.0,26.0,28.0,30.0,36.0,27.0,35.0,32.0,29.0,38.0,32.0,32.0,31.0,35.0,27.0,34.0,38.0,33.0
29.0,29.0,35.0,21.0,23.0,26.0,19.0,28.0,22.0,24.0,32.0,20.0,23.0,25.0,33.0,21.0,39.0,18.0,22.0,31.0,24.0,29.0,24.0,27.0,28.0,19.0,26.0,21.0,37.0,24.0,23.0,29.0,21.0,25.0,23.0,32.0,19.0,22.0,25.0,21.0,25.0,20.0,24.0,32.0,22.0,33.0,21.0,29.0,25.0,36.0
32.0,26.0,23.0,22.0,28.0,28.0,27.0,27.0,28.0,19.0,21.0,28.0,22.0,28.0,29.0,20.0,15.0,29.0,27.0,21.0,23.0,20.0,20.0,23.0,20.0,18.0,30.0,27.0,23.0,22.0,26.0,16.0,27.0,22.0,15.0,23.0,27.0,23.0,20.0,15.0,16.0,32.0,27.0,28.0,19.0,26.0,24.0,32.0,22.0,21.0
32.0,19.0,18.0,29.0,29.0,20.0,33.0,36.0,26.0,26.0,26.0,30.0,43.0,23.0,23.0,36.0,22.0,30.0,24.0,24.0,29.0,32.0,32.0,36.0,21.0,29.0,26.0,30.0,27.0,28.0,30.0,26.0,25.0,34.0,31.0,31.0,33.0,24.0,32.0,31.0,35.0,25.0,33.0,36.0,33.0,22.0,31.0,23.0,35.0,32.0
41.0,28.0,32.0,32.0,26.0,29.0,23.0,33.0,35.0,35.0,27.0,25.0,32.0,35.0,38.0,37.0,32.0,36.0,27.0,26.0,27.0,40.0,33.0,32.0,35.0,37.0,37.0,32.0,39.0,24.0,30.0,36.0,32.0,23.0,31.0,34.0,41.0,35.0,24.0,25.0,30.0,31.0,29.0,38.0,25.0,22.0,33.0,30.0,36.0,32.0
