10,50,1000
17.461899,17.841276,16.87696,17.316249,15.345105,15.960328,18.451802,15.779991,16.919486,17.708237
6.491934,7.041516,8.534424,7.943054,5.350344,6.855363,5.621727,5.412391,9.353305,7.94158
0.0,10.0,20.0,30.0,40.0,50.0,60.0,70.0,80.0,90.0
10.0,0.0,10.0,20.0,30.0,40.0,50.0,60.0,70.0,80.0
20.0,10.0,0.0,10.0,20.0,30.0,40.0,50.0,60.0,70.0
30.0,20.0,10.0,0.0,10.0,20.0,30.0,40.0,50.0,60.0
40.0,30.0,20.0,10.0,0.0,10.0,20.0,30.0,40.0,50.0
50.0,40.0,30.0,20.0,10.0,0.0,10.0,20.0,30.0,40.0
60.0,50.0,40.0,30.0,20.0,10.0,0.0,10.0,20.0,30.0
70.0,60.0,50.0,40.0,30.0,20.0,10.0,0.0,10.0,20.0
80.0,70.0,60.0,50.0,40.0,30.0,20.0,10.0,0.0,10.0
90.0,80.0,70.0,60.0,50.0,40.0,30.0,20.0,10.0,0.0
450.0,400.0,350.0,300.0,250.0,250.0,300.0,350.0,400.0,450.0
0.0,1.0,2.0,3.0,4.0,5.0,6.0,7.0,8.0,9.0
1.0,0.0,1.0,2.0,3.0,4.0,5.0,6.0,7.0,8.0
2.0,1.0,0.0,1.0,2.0,3.0,4.0,5.0,6.0,7.0
3.0,2.0,1.0,0.0,1.0,2.0,3.0,4.0,5.0,6.0
4.0,3.0,2.0,1.0,0.0,1.0,2.0,3.0,4.0,5.0
5.0,4.0,3.0,2.0,1.0,0.0,1.0,2.0,3.0,4.0
6.0,5.0,4.0,3.0,2.0,1.0,0.0,1.0,2.0,3.0
7.0,6.0,5.0,4.0,3.0,2.0,1.0,0.0,1.0,2.0
8.0,7.0,6.0,5.0,4.0,3.0,2.0,1.0,0.0,1.0
9.0,8.0,7.0,6.0,5.0,4.0,3.0,2.0,1.0,0.0
45.0,40.0,35.0,30.0,25.0,25.0,30.0,35.0,40.0,45.0
26.0,29.0,29.0,21.0,27.0,21.0,23.0,28.0,27.0,28.0,26.0,24.0,29.0,26.0,21.0,18.0,25.0,35.0,34.0,27.0,16.0,27.0,34.0,23.0,21.0,38.0,28.0,29.0,20.0,31.0,31.0,23.0,24.0,23.0,22.0,26.0,31.0,32.0,32.0,23.0,24.0,24.0,24.0,37.0,27.0,43.0,18.0,18.0,29.0,22.0
28.0,23.0,38.0,29.0,26.0,29.0,16.0,18.0,28.0,27.0,28.0,26.0,27.0,19.0,33.0,24.0,15.0,16.0,26.0,40.0,17.0,26.0,27.0,28.0,33.0,28.0,28.0,27.0,20.0,20.0,21.0,40.0,29.0,24.0,24.0,26.0,21.0,15.0,25.0,19.0,19.0,17.0,22.0,23.0,16.0,34.0,33.0,25.0,25.0,24.0
31.0,35.0,34.0,32.0,26.0,32.0,31.0,35.0,42.0,29.0,35.0,39.0,27.0,26.0,27.0,32.0,29.0,35.0,34.0,32.0,30.0,16.0,25.0,33.0,18.0,24.0,34.0,32.0,33.0,33.0,34.0,23.0,38.0,37.0,36.0,36.0,35.0,32.0,32.0,39.0,35.0,33.0,34.0,30.0,35.0,31.0,30.0,28.0,22.0,32.0
29.0,19.0,35.0,42.0,25.0,26.0,44.0,36.0,25.0,28.0,30.0,32.0,36.0,32.0,20.0,27.0,26.0,26.0,39.0,28.0,36.0,33.0,33.0,25.0,28.0,33.0,25.0,24.0,26.0,29.0,33.0,38.0,30.0,27.0,29.0,24.0,20.0,30.0,27.0,35.0,32.0,26.0,17.0,25.0,23.0,35.0,26.0,23.0,28.0,30.0
20.0,18.0,27.0,21.0,23.0,24.0,23.0,20.0,26.0,21.0,24.0,25.0,23.0,16.0,25.0,23.0,17.0,21.0,20.0,28.0,25.0,25.0,15.0,17.0,19.0,12.0,20.0,23.0,24.0,28.0,19.0,14.0,17.0,16.0,23.0,17.0,16.0,19.0,24.0,14.0,21.0,26.0,23.0,19.0,26.0,26.0,28.0,18.0,18.0,26.0
29.0,33.0,29.0,25.0,29.0,30.0,24.0,21.0,25.0,19.0,32.0,37.0,28.0,20.0,27.0,24.0,23.0,21.0,26.0,22.0,32.0,34.0,35.0,30.0,24.0,30.0,27.0,31.0,27.0,32.0,32.0,22.0,37.0,29.0,21.0,23.0,29.0,19.0,25.0,18.0,33.0,24.0,33.0,26.0,21.0,25.0,23.0,23.0,20.0,29.0
15.0,31.0,24.0,25.0,18.0,27.0,20.0,16.0,25.0,24.0,21.0,30.0,19.0,25.0,20.0,35.0,23.0,21.0,18.0,26.0,26.0,27.0,25.0,20.0,23.0,15.0,24.0,21.0,22.0,27.0,20.0,24.0,23.0,22.0,20.0,27.0,20.0,14.0,20.0,26.0,20.0,23.0,22.0,28.0,19.0,21.0,16.0,22.0,32.0,26.0
26.0,19.0,22.0,30.0,21.0,18.0,17.0,21.0,24.0,26.0,25.0,23.0,33.0,23.0,21.0,21.0,24.0,16.0,27.0,19.0,21.0,25.0,28.0,24.0,25.0,27.0,24.0,25.0,26.0,21.0,27.0,23.0,24.0,18.0,28.0,18.0,19.0,17.0,16.0,16.0,14.0,15.0,27.0,24.0,21.0,16.0,27.0,23.0,16.0,22.0
40.0,39.0,25.0,37.0,42.0,31.0,26.0,35.0,36.0,37.0,32.0,39.0,31.0,35.0,25.0,33.0,29.0,28.0,30.0,37.0,32.0,36.0,28.0,36.0,30.0,27.0,32.0,32.0,33.0,37.0,27.0,39.0,33.0,35.0,27.0,36.0,31.0,24.0,31.0,38.0,31.0,38.0,35.0,40.0,38.0,33.0,27.0,34.0,34.0,31.0
37.0,31.0,28.0,28.0,37.0,30.0,23.0,33.0,29.0,43.0,30.0,26.0,26.0,19.0,30.0,32.0,34.0,29.0,45.0,33.0,26.0,34.0,33.0,23.0,25.0,28.0,27.0,31.0,28.0,29.0,25.0,31.0,22.0,26.0,28.0,26.0,30.0,25.0,32.0,35.0,33.0,30.0,31.0,30.0,31.0,33.0,30.0,38.0,27.0,32.0
