10,50,1000
15.437107,16.626148,19.251496,19.054131,17.435605,15.458096,16.563496,16.406491,15.957729,19.669036
9.21846,9.025653,7.2458,5.066003,9.323105,7.311208,9.048366,6.758378,7.968545,8.44959
0.0,10.0,20.0,30.0,40.0,50.0,60.0,70.0,80.0,90.0
10.0,0.0,10.0,20.0,30.0,40.0,50.0,60.0,70.0,80.0
20.0,10.0,0.0,10.0,20.0,30.0,40.0,50.0,60.0,70.0
30.0,20.0,10.0,0.0,10.0,20.0,30.0,40.0,50.0,60.0
40.0,30.0,20.0,10.0,0.0,10.0,20.0,30.0,40.0,50.0
50.0,40.0,30.0,20.0,10.0,0.0,10.0,20.0,30.0,40.0
60.0,50.0,40.0,30.0,20.0,10.0,0.0,10.0,20.0,30.0
70.0,60.0,50.0,40.0,30.0,20.0,10.0,0.0,10.0,20.0
80.0,70.0,60.0,50.0,40.0,30.0,20.0,10.0,0.0,10.0
90.0,80.0,70.0,60.0,50.0,40.0,30.0,20.0,10.0,0.0
450.0,400.0,350.0,300.0,250.0,250.0,300.0,350.0,400.0,450.0
0.0,1.0,2.0,3.0,4.0,5.0,6.0,7.0,8.0,9.0
1.0,0.0,1.0,2.0,3.0,4.0,5.0,6.0,7.0,8.0
2.0,1.0,0.0,1.0,2.0,3.0,4.0,5.0,6.0,7.0
3.0,2.0,1.0,0.0,1.0,2.0,3.0,4.0,5.0,6.0
4.0,3.0,2.0,1.0,0.0,1.0,2.0,3.0,4.0,5.0
5.0,4.0,3.0,2.0,1.0,0.0,1.0,2.0,3.0,4.0
6.0,5.0,4.0,3.0,2.0,1.0,0.0,1.0,2.0,3.0
7.0,6.0,5.0,4.0,3.0,2.0,1.0,0.0,1.0,2.0
8.0,7.0,6.0,5.0,4.0,3.0,2.0,1.0,0.0,1.0
9.0,8.0,7.0,6.0,5.0,4.0,3.0,2.0,1.0,0.0
45.0,40.0,35.0,30.0,25.0,25.0,30.0,35.0,40.0,45.0
39.0,28.0,35.0,31.0,37.0,35.0,39.0,42.0,29.0,33.0,29.0,30.0,37.0,33.0,28.0,38.0,26.0,30.0,40.0,37.0,34.0,30.0,28.0,28.0,30.0,40.0,38.0,39.0,26.0,32.0,32.0,36.0,44.0,33.0,25.0,38.0,20.0,38.0,24.0,29.0,25.0,25.0,35.0,47.0,31.0,38.0,32.0,40.0,33.0,26.0
32.0,38.0,40.0,31.0,40.0,40.0,37.0,32.0,42.0,41.0,41.0,34.0,28.0,32.0,30.0,37.0,40.0,30.0,46.0,30.0,44.0,31.0,30.0,43.0,27.0,40.0,32.0,34.0,27.0,37.0,31.0,40.0,32.0,34.0,28.0,31.0,35.0,41.0,48.0,28.0,29.0,32.0,27.0,40.0,37.0,30.0,31.0,34.0,35.0,30.0
30.0,46.0,29.0,41.0,32.0,19.0,25.0,27.0,24.0,22.0,19.0,19.0,33.0,28.0,36.0,19.0,22.0,29.0,31.0,24.0,25.0,23.0,23.0,26.0,29.0,30.0,25.0,24.0,26.0,38.0,19.0,23.0,35.0,23.0,25.0,42.0,27.0,36.0,35.0,26.0,18.0,30.0,37.0,27.0,25.0,24.0,19.0,21.0,28.0,37.0
24.0,12.0,23.0,22.0,16.0,30.0,21.0,20.0,19.0,24.0,27.0,18.0,24.0,18.0,24.0,22.0,22.0,11.0,29.0,20.0,24.0,25.0,19.0,22.0,24.0,23.0,27.0,18.0,22.0,20.0,21.0,19.0,19.0,19.0,28.0,25.0,21.0,28.0,18.0,22.0,19.0,19.0,20.0,21.0,14.0,19.0,29.0,23.0,27.0,12.0
37.0,35.0,31.0,25.0,29.0,44.0,36.0,41.0,29.0,31.0,35.0,41.0,25.0,43.0,43.0,41.0,36.0,28.0,32.0,47.0,43.0,42.0,31.0,25.0,27.0,45.0,33.0,40.0,29.0,33.0,34.0,34.0,41.0,31.0,36.0,33.0,35.0,30.0,29.0,33.0,32.0,27.0,38.0,34.0,31.0,26.0,25.0,31.0,40.0,36.0
33.0,28.0,34.0,34.0,25.0,22.0,25.0,26.0,29.0,36.0,26.0,27.0,31.0,36.0,36.0,24.0,23.0,33.0,29.0,22.0,20.0,38.0,23.0,23.0,21.0,32.0,30.0,23.0,33.0,25.0,29.0,24.0,26.0,19.0,25.0,24.0,29.0,31.0,27.0,37.0,32.0,30.0,23.0,22.0,32.0,31.0,30.0,31.0,29.0,25.0
29.0,37.0,34.0,45.0,34.0,23.0,26.0,33.0,20.0,31.0,32.0,34.0,37.0,24.0,42.0,29.0,41.0,49.0,22.0,29.0,33.0,23.0,33.0,35.0,23.0,29.0,37.0,37.0,35.0,30.0,32.0,39.0,38.0,29.0,28.0,33.0,39.0,29.0,31.0,37.0,30.0,39.0,32.0,25.0,36.0,33.0,44.0,35.0,32.0,32.0
25.0,31.0,17.0,18.0,29.0,30.0,20.0,22.0,32.0,28.0,25.0,29.0,20.0,39.0,28.0,32.0,19.0,17.0,28.0,35.0,25.0,25.0,22.0,25.0,32.0,30.0,25.0,24.0,25.0,26.0,26.0,22.0,31.0,24.0,28.0,25.0,33.0,25.0,14.0,27.0,33.0,24.0,26.0,22.0,29.0,25.0,28.0,33.0,27.0,31.0
29.0,31.0,21.0,23.0,30.0,33.0,29.0,27.0,23.0,27.0,24.0,34.0,30.0,32.0,31.0,39.0,22.0,22.0,26.0,29.0,32.0,23.0,36.0,39.0,32.0,36.0,32.0,34.0,40.0,31.0,30.0,27.0,19.0,23.0,22.0,22.0,39.0,39.0,32.0,35.0,26.0,30.0,23.0,23.0,25.0,30.0,34.0,38.0,21.0,28.0
34.0,36.0,30.0,20.0,21.0,32.0,25.0,33.0,34.0,33.0,37.0,27.0,31.0,29.0,36.0,20.0,18.0,24.0,32.0,37.0,22.0,25.0,33.0,38.0,28.0,25.0,41.0,48.0,23.0,36.0,34.0,23.0,29.0,29.0,30.0,28.0,36.0,29.0,29.0,28.0,35.0,28.0,22.0,30.0,23.0,26.0,30.0,31.0,28.0,35.0
