10,50,1000
15.403381,16.239372,18.855688,17.64712,15.493628,18.884834,17.961672,17.225484,16.383588,16.72696
5.327407,6.787485,8.698816,7.971622,9.495631,7.069451,8.707746,9.643141,6.28506,5.169526
0.0,10.0,20.0,30.0,40.0,50.0,60.0,70.0,80.0,90.0
10.0,0.0,10.0,20.0,30.0,40.0,50.0,60.0,70.0,80.0
20.0,10.0,0.0,10.0,20.0,30.0,40.0,50.0,60.0,70.0
30.0,20.0,10.0,0.0,10.0,20.0,30.0,40.0,50.0,60.0
40.0,30.0,20.0,10.0,0.0,10.0,20.0,30.0,40.0,50.0
50.0,40.0,30.0,20.0,10.0,0.0,10.0,20.0,30.0,40.0
60.0,50.0,40.0,30.0,20.0,10.0,0.0,10.0,20.0,30.0
70.0,60.0,50.0,40.0,30.0,20.0,10.0,0.0,10.0,20.0
80.0,70.0,60.0,50.0,40.0,30.0,20.0,10.0,0.0,10.0
90.0,80.0,70.0,60.0,50.0,40.0,30.0,20.0,10.0,0.0
450.0,400.0,350.0,300.0,250.0,250.0,300.0,350.0,400.0,450.0
0.0,1.0,2.0,3.0,4.0,5.0,6.0,7.0,8.0,9.0
1.0,0.0,1.0,2.0,3.0,4.0,5.0,6.0,7.0,8.0
2.0,1.0,0.0,1.0,2.0,3.0,4.0,5.0,6.0,7.0
3.0,2.0,1.0,0.0,1.0,2.0,3.0,4.0,5.0,6.0
4.0,3.0,2.0,1.0,0.0,1.0,2.0,3.0,4.0,5.0
5.0,4.0,3.0,2.0,1.0,0.0,1.0,2.0,3.0,4.0
6.0,5.0,4.0,3.0,2.0,1.0,0.0,1.0,2.0,3.0
7.0,6.0,5.0,4.0,3.0,2.0,1.0,0.0,1.0,2.0
8.0,7.0,6.0,5.0,4.0,3.0,2.0,1.0,0.0,1.0
9.0,8.0,7.0,6.0,5.0,4.0,3.0,2.0,1.0,0.0
45.0,40.0,35.0,30.0,25.0,25.0,30.0,35.0,40.0,45.0
30.0,24.0,13.0,27.0,19.0,26.0,24.0,23.0,19.0,14.0,24.0,15.0,17.0,15.0,17.0,22.0,24.0,21.0,18.0,22.0,24.0,27.0,15.0,37.0,22.0,20.0,17.0,24.0,12.0,19.0,19.0,18.0,30.0,19.0,23.0,27.0,30.0,14.0,29.0,21.0,17.0,27.0,20.0,21.0,18.0,12.0,19.0,18.0,23.0,25.0
27.0,16.0,22.0,34.0,28.0,23.0,28.0,32.0,18.0,25.0,22.0,34.0,17.0,23.0,26.0,42.0,30.0,27.0,34.0,20.0,25.0,21.0,29.0,25.0,22.0,43.0,30.0,27.0,26.0,32.0,23.0,19.0,19.0,25.0,17.0,19.0,25.0,32.0,25.0,23.0,16.0,18.0,20.0,27.0,19.0,27.0,21.0,25.0,30.0,24.0
28.0,35.0,39.0,40.0,36.0,29.0,25.0,43.0,35.0,30.0,26.0,43.0,24.0,25.0,42.0,34.0,40.0,33.0,27.0,31.0,32.0,36.0,38.0,31.0,28.0,34.0,30.0,26.0,32.0,28.0,28.0,35.0,30.0,29.0,28.0,41.0,41.0,35.0,37.0,25.0,43.0,27.0,37.0,34.0,31.0,38.0,30.0,29.0,35.0,41.0
31.0,32.0,31.0,27.0,25.0,32.0,31.0,30.0,25.0,28.0,27.0,25.0,34.0,36.0,40.0,24.0,35.0,26.0,28.0,31.0,28.0,24.0,36.0,29.0,29.0,33.0,28.0,36.0,25.0,29.0,31.0,28.0,24.0,41.0,35.0,32.0,34.0,23.0,28.0,21.0,29.0,29.0,26.0,29.0,34.0,29.0,25.0,23.0,30.0,22.0
38.0,40.0,41.0,29.0,39.0,33.0,43.0,34.0,42.0,38.0,39.0,27.0,29.0,29.0,42.0,26.0,31.0,31.0,37.0,23.0,33.0,37.0,31.0,38.0,37.0,22.0,25.0,31.0,35.0,31.0,37.0,35.0,20.0,34.0,38.0,40.0,41.0,44.0,29.0,23.0,30.0,31.0,41.0,24.0,40.0,41.0,37.0,34.0,30.0,30.0
27.0,34.0,23.0,18.0,31.0,25.0,24.0,27.0,36.0,34.0,34.0,32.0,35.0,36.0,28.0,25.0,32.0,28.0,36.0,30.0,26.0,33.0,25.0,22.0,20.0,20.0,26.0,32.0,34.0,31.0,25.0,28.0,30.0,33.0,22.0,16.0,31.0,21.0,35.0,21.0,32.0,29.0,25.0,24.0,22.0,28.0,25.0,27.0,24.0,31.0
35.0,24.0,40.0,29.0,29.0,36.0,48.0,43.0,30.0,39.0,32.0,37.0,28.0,28.0,34.0,30.0,39.0,32.0,36.0,31.0,39.0,40.0,45.0,26.0,32.0,33.0,32.0,31.0,30.0,39.0,27.0,29.0,25.0,36.0,30.0,27.0,38.0,33.0,29.0,35.0,36.0,38.0,41.0,25.0,47.0,42.0,37.0,37.0,30.0,35.0
40.0,37.0,39.0,30.0,41.0,37.0,30.0,31.0,46.0,26.0,32.0,40.0,30.0,39.0,32.0,42.0,35.0,44.0,53.0,33.0,37.0,22.0,30.0,30.0,38.0,41.0,42.0,41.0,35.0,26.0,33.0,43.0,34.0,34.0,32.0,32.0,41.0,44.0,24.0,34.0,36.0,34.0,28.0,31.0,37.0,38.0,54.0,37.0,43.0,39.0
22.0,14.0,36.0,23.0,34.0,27.0,25.0,31.0,24.0,17.0,24.0,35.0,19.0,22.0,22.0,28.0,19.0,20.0,28.0,27.0,28.0,34.0,27.0,22.0,36.0,26.0,22.0,16.0,24.0,31.0,22.0,24.0,23.0,17.0,26.0,24.0,26.0,23.0,25.0,19.0,31.0,28.0,17.0,35.0,27.0,33.0,22.0,39.0,30.0,25.0
19.0,20.0,9.0,30.0,23.0,18.0,16.0,22.0,22.0,28.0,22.0,13.0,28.0,19.0,19.0,21.0,23.0,23.0,18.0,22.0,23.0,22.0,25.0,18.0,23.0,20.0,25.0,20.0,12.0,16.0,26.0,21.0,21.0,20.0,18.0,24.0,20.0,26.0,22.0,17.0,17.0,18.0,26.0,30.0,24.0,16.0,17.0,22.0,15.0,18.0
