10,50,1000
17.212332,19.825025,15.536347,16.794993,17.484506,16.234129,19.560059,17.04157,19.225539,16.24098
8.61818,7.494196,8.834168,8.029687,9.649523,8.634298,7.183131,5.878791,7.812006,6.907851
0.0,10.0,20.0,30.0,40.0,50.0,60.0,70.0,80.0,90.0
10.0,0.0,10.0,20.0,30.0,40.0,50.0,60.0,70.0,80.0
20.0,10.0,0.0,10.0,20.0,30.0,40.0,50.0,60.0,70.0
30.0,20.0,10.0,0.0,10.0,20.0,30.0,40.0,50.0,60.0
40.0,30.0,20.0,10.0,0.0,10.0,20.0,30.0,40.0,50.0
50.0,40.0,30.0,20.0,10.0,0.0,10.0,20.0,30.0,40.0
60.0,50.0,40.0,30.0,20.0,10.0,0.0,10.0,20.0,30.0
70.0,60.0,50.0,40.0,30.0,20.0,10.0,0.0,10.0,20.0
80.0,70.0,60.0,50.0,40.0,30.0,20.0,10.0,0.0,10.0
90.0,80.0,70.0,60.0,50.0,40.0,30.0,20.0,10.0,0.0
450.0,400.0,350.0,300.0,250.0,250.0,300.0,350.0,400.0,450.0
0.0,1.0,2.0,3.0,4.0,5.0,6.0,7.0,8.0,9.0
1.0,0.0,1.0,2.0,3.0,4.0,5.0,6.0,7.0,8.0
2.0,1.0,0.0,1.0,2.0,3.0,4.0,5.0,6.0,7.0
3.0,2.0,1.0,0.0,1.0,2.0,3.0,4.0,5.0,6.0
4.0,3.0,2.0,1.0,0.0,1.0,2.0,3.0,4.0,5.0
5.0,4.0,3.0,2.0,1.0,0.0,1.0,2.0,3.0,4.0
6.0,5.0,4.0,3.0,2.0,1.0,0.0,1.0,2.0,3.0
7.0,6.0,5.0,4.0,3.0,2.0,1.0,0.0,1.0,2.0
8.0,7.0,6.0,5.0,4.0,3.0,2.0,1.0,0.0,1.0
9.0,8.0,7.0,6.0,5.0,4.0,3.0,2.0,1.0,0.0
45.0,40.0,35.0,30.0,25.0,25.0,30.0,35.0,40.0,45.0
30.0,31.0,24.0,38.0,27.0,37.0,23.0,40.0,33.0,26.0,24.0,38.0,28.0,35.0,36.0,28.0,27.0,32.0,35.0,26.0,38.0,35.0,39.0,27.0,29.0,27.0,34.0,33.0,33.0,45.0,47.0,37.0,38.0,26.0,32.0,29.0,30.0,39.0,30.0,35.0,43.0,38.0,30.0,34.0,36.0,42.0,32.0,24.0,31.0,29.0
24.0,18.0,23.0,32.0,22.0,41.0,30.0,27.0,17.0,28.0,28.0,31.0,32.0,30.0,36.0,29.0,32.0,17.0,46.0,26.0,33.0,30.0,33.0,29.0,26.0,21.0,27.0,30.0,36.0,22.0,41.0,33.0,31.0,23.0,20.0,28.0,27.0,32.0,40.0,29.0,39.0,35.0,26.0,28.0,27.0,22.0,35.0,37.0,33.0,30.0
22.0,35.0,30.0,30.0,40.0,27.0,31.0,35.0,47.0,33.0,37.0,27.0,45.0,28.0,27.0,28.0,30.0,26.0,29.0,31.0,23.0,32.0,33.0,41.0,39.0,43.0,29.0,26.0,34.0,34.0,36.0,34.0,31.0,27.0,26.0,32.0,35.0,29.0,32.0,40.0,30.0,31.0,42.0,34.0,27.0,23.0,25.0,30.0,37.0,35.0
30.0,26.0,27.0,25.0,23.0,29.0,29.0,29.0,37.0,35.0,40.0,27.0,27.0,30.0,26.0,30.0,21.0,26.0,25.0,31.0,31.0,28.0,28.0,39.0,22.0,33.0,31.0,14.0,31.0,25.0,27.0,39.0,22.0,31.0,31.0,31.0,23.0,26.0,39.0,16.0,24.0,33.0,28.0,42.0,32.0,33.0,30.0,40.0,28.0,37.0
31.0,34.0,31.0,39.0,33.0,25.0,39.0,27.0,36.0,35.0,33.0,42.0,32.0,43.0,23.0,46.0,34.0,36.0,40.0,34.0,47.0,45.0,30.0,38.0,33.0,32.0,37.0,35.0,37.0,34.0,34.0,31.0,34.0,26.0,36.0,39.0,33.0,25.0,36.0,34.0,36.0,32.0,48.0,37.0,31.0,36.0,34.0,32.0,30.0,50.0
32.0,24.0,37.0,35.0,34.0,31.0,31.0,27.0,24.0,26.0,25.0,30.0,34.0,32.0,27.0,31.0,33.0,36.0,23.0,39.0,36.0,29.0,21.0,34.0,26.0,26.0,25.0,27.0,39.0,40.0,29.0,31.0,23.0,22.0,31.0,26.0,27.0,37.0,22.0,44.0,31.0,29.0,26.0,33.0,43.0,34.0,39.0,31.0,35.0,28.0
32.0,31.0,21.0,39.0,27.0,32.0,34.0,32.0,27.0,25.0,37.0,30.0,28.0,33.0,21.0,27.0,33.0,38.0,22.0,32.0,21.0,32.0,25.0,27.0,30.0,27.0,21.0,28.0,28.0,25.0,23.0,19.0,24.0,22.0,33.0,31.0,29.0,28.0,23.0,31.0,23.0,26.0,17.0,30.0,27.0,22.0,37.0,31.0,35.0,19.0
17.0,21.0,26.0,18.0,23.0,18.0,21.0,26.0,21.0,20.0,16.0,24.0,24.0,22.0,30.0,12.0,14.0,28.0,30.0,24.0,24.0,21.0,22.0,28.0,26.0,26.0,13.0,18.0,24.0,26.0,21.0,24.0,22.0,34.0,24.0,21.0,31.0,23.0,26.0,26.0,20.0,16.0,18.0,23.0,28.0,21.0,22.0,19.0,30.0,23.0
34.0,23.0,26.0,28.0,31.0,16.0,37.0,35.0,31.0,26.0,30.0,27.0,31.0,25.0,29.0,26.0,26.0,34.0,28.0,30.0,25.0,34.0,17.0,26.0,38.0,34.0,29.0,24.0,25.0,28.0,27.0,32.0,33.0,29.0,30.0,31.0,28.0,38.0,32.0,27.0,35.0,35.0,31.0,19.0,42.0,26.0,32.0,26.0,23.0,14.0
24.0,25.0,36.0,29.0,27.0,37.0,22.0,19.0,28.0,21.0,20.0,28.0,24.0,17.0,24.0,28.0,25.0,35.0,24.0,27.0,29.0,27.0,28.0,28.0,27.0,26.0,31.0,33.0,22.0,24.0,26.0,27.0,19.0,11.0,20.0,26.0,21.0,29.0,38.0,28.0,24.0,29.0,23.0,23.0,25.0,24.0,25.0,30.0,27.0,28.0
