10,50,1000
19.255281,16.30841,17.422869,17.207069,15.870055,15.625768,18.309882,17.434315,17.266668,18.154912
5.939215,7.725191,5.692706,7.725742,5.920342,8.186967,9.585733,5.576785,9.613007,7.645267
0.0,10.0,20.0,30.0,40.0,50.0,60.0,70.0,80.0,90.0
10.0,0.0,10.0,20.0,30.0,40.0,50.0,60.0,70.0,80.0
20.0,10.0,0.0,10.0,20.0,30.0,40.0,50.0,60.0,70.0
30.0,20.0,10.0,0.0,10.0,20.0,30.0,40.0,50.0,60.0
40.0,30.0,20.0,10.0,0.0,10.0,20.0,30.0,40.0,50.0
50.0,40.0,30.0,20.0,10.0,0.0,10.0,20.0,30.0,40.0
60.0,50.0,40.0,30.0,20.0,10.0,0.0,10.0,20.0,30.0
70.0,60.0,50.0,40.0,30.0,20.0,10.0,0.0,10.0,20.0
80.0,70.0,60.0,50.0,40.0,30.0,20.0,10.0,0.0,10.0
90.0,80.0,70.0,60.0,50.0,40.0,30.0,20.0,10.0,0.0
450.0,400.0,350.0,300.0,250.0,250.0,300.0,350.0,400.0,450.0
0.0,1.0,2.0,3.0,4.0,5.0,6.0,7.0,8.0,9.0
1.0,0.0,1.0,2.0,3.0,4.0,5.0,6.0,7.0,8.0
2.0,1.0,0.0,1.0,2.0,3.0,4.0,5.0,6.0,7.0
3.0,2.0,1.0,0.0,1.0,2.0,3.0,4.0,5.0,6.0
4.0,3.0,2.0,1.0,0.0,1.0,2.0,3.0,4.0,5.0
5.0,4.0,3.0,2.0,1.0,0.0,1.0,2.0,3.0,4.0
6.0,5.0,4.0,3.0,2.0,1.0,0.0,1.0,2.0,3.0
7.0,6.0,5.0,4.0,3.0,2.0,1.0,0.0,1.0,2.0
8.0,7.0,6.0,5.0,4.0,3.0,2.0,1.0,0.0,1.0
9.0,8.0,7.0,6.0,5.0,4.0,3.0,2.0,1.0,0.0
45.0,40.0,35.0,30.0,25.0,25.0,30.0,35.0,40.0,45.0
22.0,30.0,19.0,33.0,24.0,20.0,18.0,23.0,23.0,21.0,27.0,21.0,25.0,23.0,35.0,31.0,35.0,20.0,20.0,22.0,25.0,30.0,31.0,27.0,30.0,15.0,16.0,27.0,22.0,21.0,25.0,24.0,28.0,20.0,25.0,26.0,23.0,16.0,22.0,21.0,37.0,24.0,25.0,15.0,23.0,20.0,25.0,21.0,30.0,27.0
31.0,32.0,30.0,27.0,28.0,25.0,31.0,41.0,23.0,28.0,24.0,23.0,34.0,24.0,29.0,27.0,25.0,32.0,26.0,36.0,30.0,29.0,33.0,29.0,28.0,27.0,21.0,30.0,43.0,25.0,38.0,27.0,27.0,31.0,25.0,28.0,24.0,27.0,26.0,28.0,29.0,24.0,30.0,40.0,32.0,28.0,25.0,29.0,34.0,39.0
30.0,28.0,23.0,24.0,18.0,22.0,30.0,21.0,24.0,22.0,25.0,25.0,20.0,17.0,19.0,20.0,12.0,19.0,21.0,23.0,22.0,26.0,23.0,21.0,21.0,20.0,14.0,16.0,26.0,28.0,25.0,29.0,20.0,28.0,27.0,20.0,23.0,22.0,24.0,21.0,23.0,15.0,28.0,25.0,27.0,34.0,21.0,20.0,13.0,20.0
33.0,31.0,34.0,30.0,23.0,36.0,25.0,25.0,29.0,30.0,32.0,30.0,32.0,26.0,24.0,36.0,31.0,36.0,22.0,29.0,23.0,34.0,27.0,25.0,21.0,36.0,25.0,21.0,42.0,39.0,26.0,23.0,26.0,28.0,36.0,23.0,34.0,27.0,26.0,31.0,32.0,27.0,24.0,31.0,26.0,26.0,26.0,23.0,24.0,40.0
19.0,21.0,29.0,20.0,25.0,22.0,21.0,21.0,19.0,26.0,22.0,28.0,19.0,22.0,25.0,27.0,26.0,22.0,15.0,27.0,22.0,20.0,19.0,30.0,25.0,19.0,19.0,18.0,17.0,23.0,29.0,18.0,24.0,15.0,17.0,32.0,38.0,16.0,20.0,19.0,15.0,25.0,23.0,30.0,27.0,29.0,26.0,22.0,24.0,20.0
29.0,27.0,27.0,34.0,30.0,30.0,21.0,31.0,27.0,21.0,35.0,34.0,25.0,38.0,21.0,24.0,23.0,29.0,31.0,28.0,31.0,33.0,32.0,44.0,35.0,32.0,29.0,24.0,26.0,36.0,20.0,32.0,25.0,32.0,19.0,38.0,34.0,27.0,28.0,27.0,28.0,40.0,36.0,31.0,27.0,36.0,25.0,18.0,38.0,32.0
38.0,46.0,32.0,31.0,41.0,38.0,29.0,39.0,45.0,37.0,34.0,38.0,42.0,26.0,38.0,31.0,31.0,42.0,34.0,40.0,34.0,42.0,33.0,32.0,32.0,40.0,38.0,32.0,37.0,45.0,36.0,39.0,32.0,35.0,32.0,35.0,33.0,32.0,41.0,30.0,39.0,40.0,33.0,42.0,46.0,27.0,48.0,43.0,32.0,35.0
18.0,17.0,25.0,23.0,21.0,25.0,22.0,24.0,22.0,19.0,23.0,26.0,25.0,25.0,26.0,25.0,28.0,40.0,21.0,19.0,22.0,27.0,18.0,17.0,19.0,20.0,24.0,30.0,23.0,23.0,17.0,33.0,18.0,31.0,24.0,30.0,20.0,33.0,19.0,28.0,24.0,17.0,24.0,23.0,21.0,30.0,35.0,28.0,27.0,25.0
35.0,40.0,43.0,31.0,30.0,26.0,36.0,42.0,39.0,34.0,42.0,34.0,30.0,42.0,23.0,33.0,31.0,37.0,32.0,45.0,28.0,34.0,22.0,29.0,29.0,31.0,41.0,28.0,43.0,34.0,42.0,31.0,36.0,37.0,27.0,35.0,35.0,18.0,35.0,35.0,40.0,40.0,33.0,32.0,34.0,40.0,48.0,36.0,40.0,32.0
33.0,30.0,25.0,28.0,35.0,25.0,19.0,20.0,21.0,37.0,29.0,28.0,24.0,33.0,21.0,40.0,30.0,36.0,35.0,34.0,29.0,31.0,28.0,33.0,40.0,21.0,31.0,20.0,26.0,27.0,22.0,28.0,41.0,29.0,35.0,26.0,29.0,34.0,18.0,30.0,38.0,27.0,31.0,25.0,32.0,28.0,26.0,30.0,30.0,28.0
