10,50,1000
18.492234,15.619163,17.923317,16.360972,17.216257,19.229774,17.326259,19.509526,19.2024,16.70739
6.906184,6.77757,8.543339,9.66703,7.449623,9.974555,6.323986,8.86288,7.936769,9.283942
0.0,10.0,20.0,30.0,40.0,50.0,60.0,70.0,80.0,90.0
10.0,0.0,10.0,20.0,30.0,40.0,50.0,60.0,70.0,80.0
20.0,10.0,0.0,10.0,20.0,30.0,40.0,50.0,60.0,70.0
30.0,20.0,10.0,0.0,10.0,20.0,30.0,40.0,50.0,60.0
40.0,30.0,20.0,10.0,0.0,10.0,20.0,30.0,40.0,50.0
50.0,40.0,30.0,20.0,10.0,0.0,10.0,20.0,30.0,40.0
60.0,50.0,40.0,30.0,20.0,10.0,0.0,10.0,20.0,30.0
70.0,60.0,50.0,40.0,30.0,20.0,10.0,0.0,10.0,20.0
80.0,70.0,60.0,50.0,40.0,30.0,20.0,10.0,0.0,10.0
90.0,80.0,70.0,60.0,50.0,40.0,30.0,20.0,10.0,0.0
450.0,400.0,350.0,300.0,250.0,250.0,300.0,350.0,400.0,450.0
0.0,1.0,2.0,3.0,4.0,5.0,6.0,7.0,8.0,9.0
1.0,0.0,1.0,2.0,3.0,4.0,5.0,6.0,7.0,8.0
2.0,1.0,0.0,1.0,2.0,3.0,4.0,5.0,6.0,7.0
3.0,2.0,1.0,0.0,1.0,2.0,3.0,4.0,5.0,6.0
4.0,3.0,2.0,1.0,0.0,1.0,2.0,3.0,4.0,5.0
5.0,4.0,3.0,2.0,1.0,0.0,1.0,2.0,3.0,4.0
6.0,5.0,4.0,3.0,2.0,1.0,0.0,1.0,2.0,3.0
7.0,6.0,5.0,4.0,3.0,2.0,1.0,0.0,1.0,2.0
8.0,7.0,6.0,5.0,4.0,3.0,2.0,1.0,0.0,1.0
9.0,8.0,7.0,6.0,5.0,4.0,3.0,2.0,1.0,0.0
45.0,40.0,35.0,30.0,25.0,25.0,30.0,35.0,40.0,45.0
24.0,35.0,27.0,25.0,28.0,15.0,27.0,26.0,24.0,26.0,24.0,32.0,17.0,25.0,24.0,26.0,22.0,21.0,26.0,29.0,24.0,23.0,18.0,31.0,32.0,21.0,26.0,15.0,28.0,22.0,32.0,22.0,33.0,28.0,31.0,16.0,25.0,30.0,22.0,27.0,25.0,23.0,42.0,32.0,29.0,22.0,34.0,28.0,30.0,21.0
34.0,20.0,24.0,24.0,19.0,21.0,26.0,26.0,20.0,24.0,16.0,17.0,28.0,20.0,19.0,35.0,24.0,24.0,23.0,29.0,26.0,25.0,27.0,18.0,25.0,20.0,24.0,22.0,23.0,25.0,16.0,27.0,24.0,26.0,31.0,18.0,23.0,36.0,31.0,43.0,19.0,30.0,21.0,31.0,34.0,31.0,29.0,17.0,16.0,23.0
23.0,35.0,28.0,25.0,31.0,32.0,37.0,34.0,36.0,24.0,34.0,32.0,27.0,27.0,26.0,36.0,26.0,36.0,25.0,30.0,24.0,36.0,26.0,24.0,35.0,29.0,23.0,32.0,36.0,43.0,32.0,37.0,30.0,39.0,26.0,27.0,24.0,40.0,34.0,35.0,40.0,42.0,39.0,31.0,39.0,32.0,31.0,35.0,35.0,23.0
43.0,32.0,35.0,48.0,34.0,28.0,32.0,33.0,35.0,21.0,41.0,26.0,36.0,29.0,36.0,48.0,47.0,24.0,38.0,35.0,31.0,33.0,29.0,37.0,46.0,28.0,36.0,37.0,24.0,37.0,32.0,38.0,40.0,28.0,39.0,33.0,34.0,39.0,42.0,27.0,40.0,38.0,33.0,38.0,34.0,35.0,35.0,50.0,33.0,34.0
22.0,25.0,20.0,32.0,28.0,28.0,28.0,27.0,26.0,27.0,33.0,25.0,30.0,37.0,30.0,31.0,33.0,31.0,26.0,22.0,21.0,31.0,31.0,32.0,19.0,34.0,27.0,22.0,28.0,24.0,24.0,24.0,31.0,39.0,24.0,35.0,29.0,26.0,28.0,32.0,28.0,30.0,40.0,24.0,24.0,38.0,32.0,23.0,24.0,23.0
41.0,39.0,37.0,38.0,33.0,30.0,47.0,29.0,42.0,50.0,31.0,39.0,29.0,41.0,26.0,51.0,41.0,33.0,32.0,34.0,37.0,39.0,42.0,26.0,30.0,30.0,44.0,39.0,39.0,34.0,34.0,37.0,34.0,27.0,40.0,42.0,38.0,44.0,32.0,34.0,39.0,37.0,42.0,31.0,38.0,30.0,32.0,32.0,33.0,36.0
18.0,28.0,30.0,32.0,22.0,22.0,18.0,24.0,23.0,22.0,29.0,27.0,29.0,25.0,23.0,23.0,26.0,21.0,25.0,17.0,18.0,26.0,18.0,24.0,25.0,23.0,20.0,37.0,33.0,17.0,25.0,28.0,19.0,26.0,29.0,23.0,39.0,30.0,27.0,33.0,33.0,25.0,28.0,26.0,23.0,26.0,27.0,21.0,18.0,25.0
31.0,37.0,22.0,41.0,33.0,29.0,29.0,35.0,38.0,27.0,43.0,21.0,40.0,36.0,39.0,32.0,36.0,40.0,26.0,44.0,34.0,41.0,33.0,39.0,42.0,28.0,38.0,37.0,41.0,37.0,39.0,33.0,29.0,33.0,39.0,27.0,34.0,38.0,40.0,30.0,33.0,30.0,33.0,28.0,30.0,42.0,30.0,36.0,32.0,36.0
36.0,23.0,27.0,35.0,20.0,39.0,36.0,28.0,36.0,29.0,27.0,18.0,31.0,26.0,38.0,41.0,35.0,29.0,24.0,30.0,40.0,34.0,42.0,34.0,36.0,37.0,26.0,32.0,22.0,30.0,32.0,44.0,35.0,31.0,34.0,30.0,35.0,46.0,24.0,44.0,33.0,31.0,32.0,32.0,32.0,27.0,27.0,41.0,30.0,33.0
37.0,29.0,28.0,41.0,48.0,34.0,44.0,38.0,37.0,32.0,29.0,38.0,37.0,36.0,43.0,44.0,35.0,41.0,39.0,24.0,36.0,28.0,46.0,37.0,22.0,36.0,44.0,21.0,47.0,29.0,40.0,34.0,44.0,42.0,29.0,25.0,32.0,28.0,39.0,43.0,24.0,29.0,38.0,44.0,30.0,39.0,43.0,38.0,43.0,46.0
