10,50,1000
16.590822,19.522503,19.764158,16.60195,19.155059,19.047746,19.61987,18.901988,15.682449,18.946268
5.58783,5.94474,9.560525,7.202838,9.512001,6.3786,7.919909,7.046954,5.141076,6.665968
0.0,10.0,20.0,30.0,40.0,50.0,60.0,70.0,80.0,90.0
10.0,0.0,10.0,20.0,30.0,40.0,50.0,60.0,70.0,80.0
20.0,10.0,0.0,10.0,20.0,30.0,40.0,50.0,60.0,70.0
30.0,20.0,10.0,0.0,10.0,20.0,30.0,40.0,50.0,60.0
40.0,30.0,20.0,10.0,0.0,10.0,20.0,30.0,40.0,50.0
50.0,40.0,30.0,20.0,10.0,0.0,10.0,20.0,30.0,40.0
60.0,50.0,40.0,30.0,20.0,10.0,0.0,10.0,20.0,30.0
70.0,60.0,50.0,40.0,30.0,20.0,10.0,0.0,10.0,20.0
80.0,70.0,60.0,50.0,40.0,30.0,20.0,10.0,0.0,10.0
90.0,80.0,70.0,60.0,50.0,40.0,30.0,20.0,10.0,0.0
450.0,400.0,350.0,300.0,250.0,250.0,300.0,350.0,400.0,450.0
0.0,1.0,2.0,3.0,4.0,5.0,6.0,7.0,8.0,9.0
1.0,0.0,1.0,2.0,3.0,4.0,5.0,6.0,7.0,8.0
2.0,1.0,0.0,1.0,2.0,3.0,4.0,5.0,6.0,7.0
3.0,2.0,1.0,0.0,1.0,2.0,3.0,4.0,5.0,6.0
4.0,3.0,2.0,1.0,0.0,1.0,2.0,3.0,4.0,5.0
5.0,4.0,3.0,2.0,1.0,0.0,1.0,2.0,3.0,4.0
6.0,5.0,4.0,3.0,2.0,1.0,0.0,1.0,2.0,3.0
7.0,6.0,5.0,4.0,3.0,2.0,1.0,0.0,1.0,2.0
8.0,7.0,6.0,5.0,4.0,3.0,2.0,1.0,0.0,1.0
9.0,8.0,7.0,6.0,5.0,4.0,3.0,2.0,1.0,0.0
45.0,40.0,35.0,30.0,25.0,25.0,30.0,35.0,40.0,45.0
18.0,18.0,24.0,22.0,25.0,21.0,25.0,17.0,21.0,23.0,33.0,17.0,26.0,29.0,7.0,25.0,31.0,22.0,30.0,21.0,26.0,18.0,22.0,19.0,33.0,23.0,20.0,28.0,27.0,27.0,24.0,16.0,17.0,25.0,15.0,23.0,14.0,12.0,18.0,22.0,19.0,26.0,21.0,17.0,22.0,15.0,28.0,24.0,19.0,27.0
23.0,26.0,29.0,20.0,20.0,15.0,22.0,20.0,25.0,21.0,19.0,21.0,38.0,23.0,25.0,27.0,30.0,34.0,11.0,21.0,22.0,27.0,26.0,24.0,25.0,25.0,26.0,28.0,30.0,15.0,20.0,33.0,21.0,19.0,21.0,27.0,12.0,28.0,19.0,25.0,24.0,19.0,27.0,21.0,29.0,24.0,17.0,18.0,26.0,22.0
35.0,30.0,31.0,31.0,38.0,30.0,38.0,35.0,36.0,35.0,34.0,22.0,28.0,34.0,49.0,41.0,29.0,32.0,44.0,48.0,32.0,39.0,27.0,41.0,23.0,42.0,39.0,31.0,29.0,33.0,33.0,41.0,39.0,36.0,50.0,32.0,34.0,36.0,41.0,44.0,46.0,29.0,37.0,43.0,35.0,33.0,28.0,30.0,46.0,36.0
27.0,29.0,34.0,22.0,29.0,23.0,32.0,36.0,33.0,26.0,24.0,30.0,28.0,28.0,31.0,27.0,31.0,28.0,25.0,21.0,30.0,28.0,27.0,32.0,31.0,11.0,38.0,30.0,32.0,28.0,31.0,28.0,24.0,30.0,26.0,33.0,19.0,28.0,29.0,33.0,34.0,33.0,28.0,29.0,29.0,30.0,19.0,26.0,21.0,28.0
32.0,28.0,45.0,44.0,25.0,30.0,34.0,44.0,29.0,39.0,42.0,49.0,38.0,29.0,30.0,41.0,29.0,35.0,41.0,29.0,36.0,33.0,34.0,28.0,25.0,36.0,37.0,32.0,40.0,38.0,39.0,34.0,40.0,33.0,30.0,32.0,37.0,44.0,35.0,39.0,35.0,49.0,30.0,37.0,34.0,34.0,36.0,34.0,35.0,32.0
31.0,30.0,24.0,20.0,25.0,27.0,26.0,32.0,23.0,30.0,27.0,23.0,23.0,28.0,28.0,22.0,23.0,23.0,23.0,26.0,26.0,17.0,27.0,27.0,25.0,17.0,23.0,31.0,27.0,25.0,26.0,19.0,22.0,30.0,33.0,25.0,23.0,28.0,30.0,22.0,29.0,24.0,21.0,29.0,27.0,26.0,24.0,20.0,20.0,24.0
18.0,30.0,29.0,34.0,22.0,27.0,29.0,31.0,28.0,29.0,36.0,43.0,19.0,31.0,30.0,25.0,36.0,25.0,36.0,27.0,22.0,31.0,36.0,26.0,37.0,25.0,29.0,38.0,33.0,30.0,31.0,28.0,29.0,32.0,30.0,34.0,36.0,28.0,30.0,43.0,40.0,31.0,26.0,29.0,43.0,37.0,22.0,41.0,27.0,22.0
34.0,29.0,38.0,26.0,17.0,25.0,25.0,32.0,31.0,24.0,21.0,28.0,34.0,27.0,24.0,30.0,25.0,25.0,26.0,23.0,20.0,28.0,32.0,28.0,35.0,27.0,31.0,32.0,28.0,30.0,27.0,24.0,32.0,34.0,23.0,26.0,23.0,16.0,26.0,30.0,33.0,23.0,31.0,30.0,17.0,24.0,28.0,28.0,25.0,24.0
27.0,26.0,26.0,15.0,23.0,16.0,19.0,20.0,30.0,16.0,31.0,20.0,27.0,18.0,16.0,26.0,18.0,15.0,19.0,17.0,14.0,15.0,18.0,25.0,21.0,26.0,19.0,25.0,28.0,21.0,10.0,23.0,21.0,17.0,27.0,21.0,16.0,23.0,25.0,25.0,34.0,32.0,17.0,24.0,24.0,16.0,22.0,27.0,26.0,17.0
24.0,14.0,31.0,29.0,30.0,24.0,24.0,25.0,31.0,24.0,19.0,30.0,26.0,26.0,22.0,25.0,31.0,22.0,31.0,23.0,27.0,40.0,31.0,46.0,28.0,24.0,22.0,21.0,25.0,26.0,30.0,36.0,31.0,26.0,26.0,27.0,28.0,28.0,23.0,28.0,24.0,31.0,25.0,19.0,23.0,29.0,30.0,26.0,22.0,28.0
