10,50,1000
17.06138,18.500949,18.301936,16.225467,18.774942,15.586815,17.800382,15.760414,18.710713,18.249706
8.076131,7.820848,5.783365,6.14659,8.938618,8.794308,5.026224,5.188698,9.605596,8.772343
0.0,10.0,20.0,30.0,40.0,50.0,60.0,70.0,80.0,90.0
10.0,0.0,10.0,20.0,30.0,40.0,50.0,60.0,70.0,80.0
20.0,10.0,0.0,10.0,20.0,30.0,40.0,50.0,60.0,70.0
30.0,20.0,10.0,0.0,10.0,20.0,30.0,40.0,50.0,60.0
40.0,30.0,20.0,10.0,0.0,10.0,20.0,30.0,40.0,50.0
50.0,40.0,30.0,20.0,10.0,0.0,10.0,20.0,30.0,40.0
60.0,50.0,40.0,30.0,20.0,10.0,0.0,10.0,20.0,30.0
70.0,60.0,50.0,40.0,30.0,20.0,10.0,0.0,10.0,20.0
80.0,70.0,60.0,50.0,40.0,30.0,20.0,10.0,0.0,10.0
90.0,80.0,70.0,60.0,50.0,40.0,30.0,20.0,10.0,0.0
450.0,400.0,350.0,300.0,250.0,250.0,300.0,350.0,400.0,450.0
0.0,1.0,2.0,3.0,4.0,5.0,6.0,7.0,8.0,9.0
1.0,0.0,1.0,2.0,3.0,4.0,5.0,6.0,7.0,8.0
2.0,1.0,0.0,1.0,2.0,3.0,4.0,5.0,6.0,7.0
3.0,2.0,1.0,0.0,1.0,2.0,3.0,4.0,5.0,6.0
4.0,3.0,2.0,1.0,0.0,1.0,2.0,3.0,4.0,5.0
5.0,4.0,3.0,2.0,1.0,0.0,1.0,2.0,3.0,4.0
6.0,5.0,4.0,3.0,2.0,1.0,0.0,1.0,2.0,3.0
7.0,6.0,5.0,4.0,3.0,2.0,1.0,0.0,1.0,2.0
8.0,7.0,6.0,5.0,4.0,3.0,2.0,1.0,0.0,1.0
9.0,8.0,7.0,6.0,5.0,4.0,3.0,2.0,1.0,0.0
45.0,40.0,35.0,30.0,25.0,25.0,30.0,35.0,40.0,45.0
27.0,25.0,27.0,24.0,30.0,29.0,39.0,31.0,31.0,32.0,26.0,31.0,30.0,37.0,24.0,31.0,24.0,24.0,25.0,47.0,20.0,40.0,33.0,27.0,33.0,42.0,25.0,28.0,31.0,25.0,31.0,26.0,36.0,20.0,32.0,34.0,33.0,31.0,44.0,39.0,33.0,19.0,20.0,20.0,32.0,27.0,32.0,25.0,31.0,23.0
29.0,36.0,40.0,26.0,29.0,29.0,29.0,36.0,24.0,21.0,30.0,26.0,32.0,30.0,21.0,31.0,25.0,30.0,34.0,32.0,26.0,33.0,32.0,40.0,36.0,38.0,44.0,36.0,25.0,31.0,35.0,37.0,27.0,36.0,17.0,25.0,30.0,30.0,19.0,32.0,29.0,27.0,35.0,30.0,34.0,31.0,35.0,31.0,36.0,17.0
18.0,28.0,16.0,25.0,23.0,28.0,28.0,25.0,22.0,24.0,34.0,43.0,24.0,19.0,23.0,33.0,32.0,22.0,16.0,21.0,17.0,23.0,27.0,27.0,20.0,23.0,18.0,23.0,14.0,14.0,24.0,20.0,25.0,20.0,35.0,30.0,20.0,13.0,32.0,20.0,31.0,30.0,22.0,21.0,18.0,20.0,12.0,20.0,34.0,33.0
21.0,23.0,30.0,23.0,31.0,29.0,19.0,28.0,24.0,20.0,30.0,24.0,18.0,27.0,35.0,18.0,27.0,35.0,31.0,24.0,19.0,25.0,18.0,19.0,24.0,25.0,26.0,19.0,25.0,22.0,23.0,20.0,30.0,31.0,10.0,18.0,26.0,26.0,29.0,14.0,26.0,22.0,22.0,27.0,28.0,21.0,24.0,22.0,18.0,26.0
41.0,27.0,27.0,31.0,24.0,29.0,29.0,34.0,27.0,30.0,33.0,37.0,41.0,33.0,36.0,31.0,30.0,27.0,33.0,35.0,40.0,36.0,43.0,32.0,28.0,34.0,22.0,42.0,36.0,36.0,39.0,30.0,34.0,29.0,34.0,34.0,33.0,38.0,40.0,29.0,37.0,31.0,35.0,39.0,30.0,36.0,26.0,32.0,35.0,36.0
40.0,29.0,27.0,30.0,36.0,30.0,29.0,31.0,25.0,29.0,37.0,32.0,30.0,29.0,25.0,42.0,32.0,23.0,25.0,17.0,28.0,32.0,35.0,37.0,29.0,21.0,40.0,28.0,39.0,32.0,30.0,29.0,30.0,25.0,27.0,34.0,37.0,29.0,26.0,31.0,39.0,33.0,27.0,31.0,31.0,24.0,21.0,33.0,40.0,31.0
27.0,20.0,22.0,17.0,15.0,29.0,24.0,22.0,16.0,13.0,21.0,24.0,18.0,23.0,17.0,22.0,18.0,19.0,27.0,26.0,20.0,18.0,20.0,23.0,19.0,20.0,20.0,23.0,25.0,26.0,20.0,24.0,14.0,31.0,18.0,22.0,20.0,15.0,20.0,30.0,26.0,26.0,21.0,21.0,18.0,22.0,11.0,21.0,32.0,21.0
19.0,28.0,17.0,22.0,18.0,11.0,19.0,31.0,19.0,21.0,20.0,27.0,20.0,19.0,18.0,27.0,21.0,16.0,13.0,19.0,23.0,14.0,13.0,21.0,15.0,16.0,21.0,17.0,14.0,13.0,29.0,17.0,16.0,20.0,19.0,20.0,12.0,14.0,21.0,24.0,19.0,20.0,31.0,8.0,28.0,17.0,27.0,20.0,26.0,20.0
31.0,29.0,46.0,31.0,44.0,36.0,33.0,39.0,37.0,31.0,24.0,39.0,40.0,31.0,28.0,33.0,36.0,42.0,30.0,45.0,35.0,33.0,42.0,41.0,38.0,38.0,35.0,40.0,32.0,43.0,39.0,35.0,58.0,38.0,27.0,34.0,29.0,39.0,21.0,30.0,49.0,32.0,37.0,41.0,32.0,33.0,33.0,38.0,34.0,43.0
36.0,24.0,43.0,17.0,28.0,30.0,26.0,29.0,29.0,36.0,35.0,34.0,29.0,35.0,29.0,33.0,26.0,25.0,32.0,26.0,41.0,32.0,33.0,27.0,28.0,40.0,39.0,30.0,34.0,36.0,30.0,39.0,48.0,27.0,31.0,24.0,35.0,35.0,27.0,25.0,27.0,32.0,19.0,38.0,39.0,34.0,30.0,38.0,25.0,32.0
