10,50,1000
17.57697,17.451817,16.960646,19.006677,16.328094,17.868959,18.086079,15.900257,16.917632,18.724992
9.626976,5.186011,8.349047,7.572869,8.946822,9.718226,6.615722,5.340964,7.70992,9.799221
0.0,10.0,20.0,30.0,40.0,50.0,60.0,70.0,80.0,90.0
10.0,0.0,10.0,20.0,30.0,40.0,50.0,60.0,70.0,80.0
20.0,10.0,0.0,10.0,20.0,30.0,40.0,50.0,60.0,70.0
30.0,20.0,10.0,0.0,10.0,20.0,30.0,40.0,50.0,60.0
40.0,30.0,20.0,10.0,0.0,10.0,20.0,30.0,40.0,50.0
50.0,40.0,30.0,20.0,10.0,0.0,10.0,20.0,30.0,40.0
60.0,50.0,40.0,30.0,20.0,10.0,0.0,10.0,20.0,30.0
70.0,60.0,50.0,40.0,30.0,20.0,10.0,0.0,10.0,20.0
80.0,70.0,60.0,50.0,40.0,30.0,20.0,10.0,0.0,10.0
90.0,80.0,70.0,60.0,50.0,40.0,30.0,20.0,10.0,0.0
450.0,400.0,350.0,300.0,250.0,250.0,300.0,350.0,400.0,450.0
0.0,1.0,2.0,3.0,4.0,5.0,6.0,7.0,8.0,9.0
1.0,0.0,1.0,2.0,3.0,4.0,5.0,6.0,7.0,8.0
2.0,1.0,0.0,1.0,2.0,3.0,4.0,5.0,6.0,7.0
3.0,2.0,1.0,0.0,1.0,2.0,3.0,4.0,5.0,6.0
4.0,3.0,2.0,1.0,0.0,1.0,2.0,3.0,4.0,5.0
5.0,4.0,3.0,2.0,1.0,0.0,1.0,2.0,3.0,4.0
6.0,5.0,4.0,3.0,2.0,1.0,0.0,1.0,2.0,3.0
7.0,6.0,5.0,4.0,3.0,2.0,1.0,0.0,1.0,2.0
8.0,7.0,6.0,5.0,4.0,3.0,2.0,1.0,0.0,1.0
9.0,8.0,7.0,6.0,5.0,4.0,3.0,2.0,1.0,0.0
45.0,40.0,35.0,30.0,25.0,25.0,30.0,35.0,40.0,45.0
34.0,34.0,44.0,46.0,28.0,41.0,29.0,40.0,36.0,33.0,37.0,40.0,35.0,39.0,42.0,31.0,32.0,37.0,33.0,35.0,41.0,41.0,38.0,32.0,47.0,31.0,32.0,49.0,30.0,32.0,29.0,37.0,41.0,31.0,34.0,37.0,43.0,41.0,29.0,35.0,39.0,44.0,40.0,29.0,35.0,35.0,34.0,26.0,36.0,32.0
18.0,23.0,14.0,25.0,27.0,25.0,31.0,24.0,22.0,29.0,20.0,17.0,13.0,26.0,26.0,24.0,18.0,27.0,20.0,29.0,22.0,18.0,26.0,21.0,26.0,22.0,23.0,13.0,26.0,22.0,18.0,24.0,22.0,21.0,22.0,19.0,20.0,19.0,26.0,22.0,25.0,22.0,11.0,22.0,23.0,15.0,21.0,24.0,17.0,19.0
44.0,30.0,31.0,32.0,34.0,35.0,28.0,31.0,29.0,33.0,31.0,23.0,24.0,25.0,32.0,30.0,29.0,33.0,36.0,36.0,38.0,39.0,37.0,32.0,20.0,36.0,39.0,35.0,22.0,27.0,31.0,37.0,38.0,36.0,24.0,31.0,15.0,31.0,30.0,42.0,35.0,22.0,28.0,34.0,30.0,23.0,25.0,34.0,35.0,24.0
22.0,33.0,29.0,26.0,42.0,35.0,23.0,27.0,28.0,27.0,32.0,29.0,20.0,29.0,32.0,27.0,23.0,29.0,36.0,35.0,34.0,34.0,24.0,16.0,31.0,33.0,22.0,30.0,27.0,27.0,29.0,31.0,20.0,28.0,33.0,22.0,32.0,21.0,24.0,24.0,23.0,34.0,39.0,30.0,22.0,30.0,20.0,22.0,41.0,28.0
41.0,30.0,38.0,24.0,38.0,30.0,37.0,28.0,37.0,35.0,31.0,42.0,31.0,34.0,33.0,36.0,31.0,45.0,30.0,25.0,33.0,33.0,34.0,30.0,36.0,33.0,37.0,43.0,35.0,26.0,35.0,28.0,30.0,26.0,24.0,31.0,21.0,41.0,31.0,19.0,45.0,33.0,31.0,47.0,33.0,43.0,29.0,29.0,38.0,38.0
26.0,34.0,42.0,38.0,40.0,30.0,29.0,44.0,34.0,42.0,41.0,41.0,45.0,26.0,46.0,23.0,37.0,45.0,42.0,35.0,34.0,21.0,39.0,35.0,29.0,45.0,29.0,29.0,34.0,28.0,44.0,32.0,32.0,40.0,38.0,47.0,39.0,40.0,34.0,30.0,23.0,28.0,34.0,40.0,37.0,38.0,37.0,39.0,27.0,29.0
21.0,29.0,28.0,15.0,30.0,26.0,40.0,39.0,34.0,31.0,20.0,31.0,24.0,27.0,28.0,21.0,30.0,24.0,22.0,23.0,15.0,18.0,31.0,24.0,31.0,26.0,27.0,28.0,35.0,32.0,28.0,30.0,27.0,34.0,25.0,32.0,21.0,30.0,29.0,33.0,30.0,27.0,31.0,35.0,29.0,21.0,37.0,27.0,27.0,30.0
29.0,21.0,16.0,19.0,15.0,26.0,24.0,12.0,22.0,19.0,26.0,26.0,18.0,18.0,21.0,23.0,15.0,27.0,22.0,30.0,16.0,35.0,22.0,18.0,26.0,22.0,19.0,23.0,22.0,24.0,18.0,20.0,17.0,18.0,28.0,25.0,22.0,24.0,25.0,21.0,20.0,18.0,25.0,12.0,24.0,20.0,16.0,22.0,19.0,21.0
25.0,35.0,24.0,26.0,36.0,29.0,24.0,34.0,25.0,33.0,27.0,23.0,42.0,26.0,28.0,28.0,41.0,25.0,25.0,27.0,24.0,25.0,34.0,25.0,30.0,29.0,22.0,28.0,23.0,21.0,30.0,31.0,41.0,28.0,24.0,27.0,28.0,39.0,28.0,25.0,41.0,20.0,31.0,25.0,22.0,34.0,31.0,41.0,25.0,26.0
36.0,40.0,39.0,41.0,20.0,32.0,37.0,42.0,34.0,40.0,34.0,25.0,34.0,38.0,36.0,36.0,42.0,42.0,36.0,42.0,38.0,36.0,42.0,42.0,31.0,38.0,38.0,37.0,41.0,47.0,30.0,37.0,46.0,35.0,44.0,29.0,34.0,40.0,35.0,41.0,43.0,39.0,41.0,41.0,46.0,35.0,37.0,37.0,40.0,37.0
