10,50,1000
18.867615,19.744698,19.315057,18.096511,18.097777,17.130452,16.63131,19.68292,16.694693,17.112898
8.195559,6.974562,8.016093,5.098201,6.56881,6.494569,7.760887,9.259891,7.775742,7.482922
0.0,10.0,20.0,30.0,40.0,50.0,60.0,70.0,80.0,90.0
10.0,0.0,10.0,20.0,30.0,40.0,50.0,60.0,70.0,80.0
20.0,10.0,0.0,10.0,20.0,30.0,40.0,50.0,60.0,70.0
30.0,20.0,10.0,0.0,10.0,20.0,30.0,40.0,50.0,60.0
40.0,30.0,20.0,10.0,0.0,10.0,20.0,30.0,40.0,50.0
50.0,40.0,30.0,20.0,10.0,0.0,10.0,20.0,30.0,40.0
60.0,50.0,40.0,30.0,20.0,10.0,0.0,10.0,20.0,30.0
70.0,60.0,50.0,40.0,30.0,20.0,10.0,0.0,10.0,20.0
80.0,70.0,60.0,50.0,40.0,30.0,20.0,10.0,0.0,10.0
90.0,80.0,70.0,60.0,50.0,40.0,30.0,20.0,10.0,0.0
450.0,400.0,350.0,300.0,250.0,250.0,300.0,350.0,400.0,450.0
0.0,1.0,2.0,3.0,4.0,5.0,6.0,7.0,8.0,9.0
1.0,0.0,1.0,2.0,3.0,4.0,5.0,6.0,7.0,8.0
2.0,1.0,0.0,1.0,2.0,3.0,4.0,5.0,6.0,7.0
3.0,2.0,1.0,0.0,1.0,2.0,3.0,4.0,5.0,6.0
4.0,3.0,2.0,1.0,0.0,1.0,2.0,3.0,4.0,5.0
5.0,4.0,3.0,2.0,1.0,0.0,1.0,2.0,3.0,4.0
6.0,5.0,4.0,3.0,2.0,1.0,0.0,1.0,2.0,3.0
7.0,6.0,5.0,4.0,3.0,2.0,1.0,0.0,1.0,2.0
8.0,7.0,6.0,5.0,4.0,3.0,2.0,1.0,0.0,1.0
9.0,8.0,7.0,6.0,5.0,4.0,3.0,2.0,1.0,0.0
45.0,40.0,35.0,30.0,25.0,25.0,30.0,35.0,40.0,45.0
32.0,34.0,26.0,32.0,42.0,29.0,25.0,37.0,27.0,22.0,42.0,30.0,26.0,25.0,29.0,32.0,36.0,30.0,29.0,28.0,37.0,38.0,26.0,34.0,25.0,42.0,30.0,36.0,31.0,41.0,41.0,31.0,36.0,31.0,27.0,25.0,48.0,34.0,36.0,49.0,35.0,34.0,24.0,21.0,32.0,28.0,28.0,34.0,31.0,39.0
23.0,36.0,23.0,32.0,37.0,28.0,32.0,30.0,14.0,29.0,31.0,31.0,34.0,33.0,24.0,24.0,23.0,28.0,24.0,29.0,32.0,30.0,30.0,33.0,25.0,21.0,22.0,32.0,28.0,20.0,30.0,27.0,26.0,24.0,28.0,27.0,17.0,38.0,21.0,27.0,24.0,23.0,30.0,21.0,28.0,28.0,21.0,27.0,24.0,26.0
35.0,31.0,31.0,26.0,38.0,37.0,22.0,31.0,32.0,31.0,27.0,26.0,29.0,26.0,28.0,33.0,35.0,41.0,34.0,32.0,32.0,25.0,32.0,34.0,41.0,32.0,45.0,27.0,24.0,37.0,27.0,30.0,31.0,49.0,39.0,27.0,26.0,42.0,41.0,48.0,41.0,29.0,33.0,36.0,28.0,28.0,28.0,32.0,34.0,33.0
19.0,24.0,36.0,17.0,24.0,17.0,17.0,18.0,20.0,19.0,8.0,21.0,15.0,21.0,25.0,34.0,21.0,19.0,23.0,24.0,19.0,20.0,21.0,16.0,21.0,27.0,13.0,14.0,22.0,17.0,29.0,20.0,12.0,20.0,14.0,22.0,19.0,19.0,20.0,16.0,23.0,24.0,24.0,28.0,22.0,20.0,19.0,20.0,25.0,16.0
27.0,29.0,28.0,20.0,32.0,33.0,25.0,25.0,24.0,24.0,24.0,31.0,19.0,26.0,28.0,27.0,27.0,33.0,18.0,19.0,31.0,26.0,25.0,30.0,29.0,24.0,28.0,24.0,25.0,37.0,31.0,26.0,24.0,22.0,23.0,33.0,28.0,21.0,23.0,25.0,27.0,32.0,26.0,25.0,28.0,20.0,23.0,19.0,25.0,29.0
35.0,23.0,29.0,22.0,25.0,18.0,21.0,22.0,26.0,31.0,24.0,25.0,14.0,32.0,19.0,28.0,25.0,23.0,26.0,19.0,22.0,30.0,33.0,16.0,23.0,21.0,18.0,20.0,21.0,27.0,20.0,26.0,36.0,19.0,29.0,31.0,20.0,27.0,16.0,25.0,26.0,22.0,30.0,21.0,22.0,26.0,24.0,23.0,35.0,25.0
24.0,30.0,25.0,28.0,27.0,22.0,25.0,22.0,25.0,36.0,33.0,25.0,33.0,35.0,28.0,25.0,27.0,27.0,30.0,33.0,29.0,28.0,31.0,30.0,22.0,30.0,26.0,28.0,21.0,29.0,28.0,27.0,27.0,30.0,27.0,19.0,32.0,39.0,35.0,42.0,24.0,27.0,26.0,21.0,33.0,25.0,32.0,28.0,20.0,36.0
41.0,34.0,29.0,46.0,32.0,33.0,35.0,31.0,34.0,34.0,31.0,35.0,32.0,33.0,37.0,25.0,30.0,38.0,24.0,39.0,37.0,29.0,38.0,34.0,38.0,34.0,36.0,25.0,36.0,43.0,31.0,36.0,47.0,35.0,30.0,41.0,38.0,33.0,39.0,42.0,38.0,40.0,29.0,27.0,35.0,38.0,36.0,27.0,26.0,43.0
32.0,32.0,35.0,29.0,32.0,25.0,31.0,29.0,34.0,35.0,28.0,35.0,28.0,32.0,36.0,26.0,33.0,30.0,22.0,30.0,24.0,36.0,22.0,31.0,33.0,41.0,28.0,42.0,29.0,43.0,21.0,24.0,35.0,28.0,28.0,23.0,32.0,35.0,25.0,27.0,26.0,32.0,24.0,33.0,39.0,24.0,32.0,23.0,25.0,30.0
20.0,37.0,48.0,25.0,33.0,38.0,32.0,32.0,29.0,31.0,27.0,21.0,25.0,29.0,30.0,35.0,32.0,27.0,38.0,35.0,29.0,24.0,26.0,30.0,26.0,23.0,28.0,33.0,42.0,32.0,21.0,34.0,39.0,28.0,31.0,30.0,32.0,32.0,29.0,28.0,28.0,31.0,32.0,24.0,26.0,25.0,29.0,29.0,17.0,37.0
