10,50,1000
16.794949,17.457513,17.094394,16.893225,16.215763,16.582495,19.366139,19.260339,15.910876,17.956356
7.703912,7.09702,6.683131,9.505663,8.813069,7.056902,8.358297,9.458322,6.297571,5.657847
0.0,10.0,20.0,30.0,40.0,50.0,60.0,70.0,80.0,90.0
10.0,0.0,10.0,20.0,30.0,40.0,50.0,60.0,70.0,80.0
20.0,10.0,0.0,10.0,20.0,30.0,40.0,50.0,60.0,70.0
30.0,20.0,10.0,0.0,10.0,20.0,30.0,40.0,50.0,60.0
40.0,30.0,20.0,10.0,0.0,10.0,20.0,30.0,40.0,50.0
50.0,40.0,30.0,20.0,10.0,0.0,10.0,20.0,30.0,40.0
60.0,50.0,40.0,30.0,20.0,10.0,0.0,10.0,20.0,30.0
70.0,60.0,50.0,40.0,30.0,20.0,10.0,0.0,10.0,20.0
80.0,70.0,60.0,50.0,40.0,30.0,20.0,10.0,0.0,10.0
90.0,80.0,70.0,60.0,50.0,40.0,30.0,20.0,10.0,0.0
450.0,400.0,350.0,300.0,250.0,250.0,300.0,350.0,400.0,450.0
0.0,1.0,2.0,3.0,4.0,5.0,6.0,7.0,8.0,9.0
1.0,0.0,1.0,2.0,3.0,4.0,5.0,6.0,7.0,8.0
2.0,1.0,0.0,1.0,2.0,3.0,4.0,5.0,6.0,7.0
3.0,2.0,1.0,0.0,1.0,2.0,3.0,4.0,5.0,6.0
4.0,3.0,2.0,1.0,0.0,1.0,2.0,3.0,4.0,5.0
5.0,4.0,3.0,2.0,1.0,0.0,1.0,2.0,3.0,4.0
6.0,5.0,4.0,3.0,2.0,1.0,0.0,1.0,2.0,3.0
7.0,6.0,5.0,4.0,3.0,2.0,1.0,0.0,1.0,2.0
8.0,7.0,6.0,5.0,4.0,3.0,2.0,1.0,0.0,1.0
9.0,8.0,7.0,6.0,5.0,4.0,3.0,2.0,1.0,0.0
45.0,40.0,35.0,30.0,25.0,25.0,30.0,35.0,40.0,45.0
28.0,30.0,18.0,33.0,33.0,20.0,36.0,29.0,28.0,21.0,25.0,29.0,22.0,31.0,27.0,25.0,25.0,25.0,20.0,32.0,25.0,36.0,26.0,24.0,21.0,25.0,30.0,47.0,26.0,31.0,23.0,27.0,28.0,22.0,40.0,32.0,19.0,34.0,34.0,27.0,22.0,34.0,29.0,23.0,33.0,31.0,33.0,33.0,31.0,26.0
24.0,27.0,28.0,23.0,29.0,26.0,26.0,22.0,17.0,41.0,27.0,28.0,19.0,25.0,30.0,13.0,26.0,29.0,29.0,29.0,26.0,32.0,22.0,29.0,17.0,28.0,22.0,31.0,32.0,26.0,21.0,24.0,20.0,23.0,23.0,24.0,30.0,30.0,22.0,26.0,32.0,27.0,30.0,21.0,21.0,26.0,34.0,22.0,30.0,17.0
30.0,24.0,24.0,24.0,22.0,24.0,21.0,26.0,20.0,32.0,32.0,26.0,18.0,25.0,30.0,26.0,35.0,26.0,17.0,30.0,19.0,26.0,38.0,32.0,18.0,30.0,21.0,26.0,28.0,31.0,23.0,31.0,21.0,33.0,21.0,21.0,16.0,24.0,23.0,26.0,25.0,33.0,15.0,34.0,23.0,25.0,14.0,17.0,25.0,21.0
26.0,35.0,38.0,41.0,46.0,25.0,35.0,35.0,32.0,29.0,42.0,33.0,33.0,31.0,42.0,30.0,36.0,36.0,39.0,35.0,38.0,36.0,34.0,37.0,39.0,32.0,41.0,33.0,39.0,34.0,38.0,36.0,37.0,39.0,39.0,43.0,42.0,41.0,38.0,33.0,46.0,26.0,41.0,38.0,35.0,35.0,39.0,37.0,37.0,34.0
31.0,27.0,28.0,27.0,41.0,29.0,23.0,34.0,35.0,30.0,33.0,40.0,36.0,31.0,24.0,30.0,28.0,36.0,38.0,20.0,28.0,24.0,39.0,33.0,37.0,38.0,36.0,27.0,23.0,36.0,33.0,26.0,30.0,27.0,33.0,30.0,39.0,25.0,34.0,41.0,25.0,27.0,32.0,27.0,18.0,29.0,28.0,29.0,19.0,25.0
22.0,35.0,33.0,24.0,13.0,25.0,28.0,29.0,34.0,31.0,27.0,37.0,27.0,23.0,33.0,26.0,21.0,29.0,27.0,26.0,17.0,25.0,40.0,30.0,27.0,22.0,21.0,31.0,30.0,28.0,25.0,27.0,18.0,20.0,24.0,26.0,37.0,26.0,30.0,31.0,31.0,38.0,16.0,25.0,18.0,22.0,23.0,30.0,29.0,28.0
35.0,23.0,34.0,26.0,38.0,36.0,25.0,35.0,40.0,37.0,35.0,34.0,32.0,23.0,34.0,30.0,23.0,30.0,24.0,21.0,39.0,41.0,29.0,28.0,31.0,31.0,25.0,33.0,28.0,29.0,43.0,27.0,25.0,29.0,26.0,35.0,30.0,43.0,22.0,31.0,42.0,23.0,35.0,18.0,24.0,30.0,38.0,39.0,30.0,24.0
32.0,40.0,35.0,41.0,29.0,31.0,35.0,34.0,32.0,33.0,35.0,37.0,39.0,44.0,33.0,36.0,44.0,41.0,45.0,30.0,34.0,37.0,31.0,46.0,35.0,32.0,42.0,43.0,39.0,38.0,34.0,32.0,38.0,26.0,32.0,39.0,40.0,30.0,45.0,37.0,41.0,41.0,45.0,31.0,37.0,27.0,39.0,34.0,30.0,42.0
28.0,22.0,28.0,33.0,25.0,28.0,29.0,30.0,18.0,27.0,21.0,29.0,28.0,21.0,21.0,23.0,24.0,30.0,21.0,25.0,20.0,27.0,34.0,18.0,25.0,37.0,23.0,16.0,23.0,24.0,27.0,23.0,14.0,28.0,19.0,20.0,28.0,15.0,30.0,27.0,18.0,31.0,27.0,22.0,17.0,18.0,15.0,27.0,19.0,24.0
31.0,18.0,16.0,24.0,19.0,20.0,20.0,30.0,24.0,19.0,20.0,28.0,25.0,20.0,22.0,22.0,25.0,13.0,22.0,16.0,18.0,25.0,22.0,19.0,21.0,37.0,29.0,24.0,26.0,19.0,32.0,20.0,17.0,20.0,24.0,19.0,13.0,28.0,24.0,18.0,32.0,25.0,22.0,17.0,13.0,27.0,18.0,16.0,23.0,24.0
