10,50,1000
17.002817,19.582428,18.520713,16.573152,18.112396,16.037134,15.840532,18.448085,18.009876,16.592842
8.917985,8.227574,5.281319,8.124184,7.191927,7.458134,7.70132,5.984992,5.832189,6.018499
0.0,10.0,20.0,30.0,40.0,50.0,60.0,70.0,80.0,90.0
10.0,0.0,10.0,20.0,30.0,40.0,50.0,60.0,70.0,80.0
20.0,10.0,0.0,10.0,20.0,30.0,40.0,50.0,60.0,70.0
30.0,20.0,10.0,0.0,10.0,20.0,30.0,40.0,50.0,60.0
40.0,30.0,20.0,10.0,0.0,10.0,20.0,30.0,40.0,50.0
50.0,40.0,30.0,20.0,10.0,0.0,10.0,20.0,30.0,40.0
60.0,50.0,40.0,30.0,20.0,10.0,0.0,10.0,20.0,30.0
70.0,60.0,50.0,40.0,30.0,20.0,10.0,0.0,10.0,20.0
80.0,70.0,60.0,50.0,40.0,30.0,20.0,10.0,0.0,10.0
90.0,80.0,70.0,60.0,50.0,40.0,30.0,20.0,10.0,0.0
450.0,400.0,350.0,300.0,250.0,250.0,300.0,350.0,400.0,450.0
0.0,1.0,2.0,3.0,4.0,5.0,6.0,7.0,8.0,9.0
1.0,0.0,1.0,2.0,3.0,4.0,5.0,6.0,7.0,8.0
2.0,1.0,0.0,1.0,2.0,3.0,4.0,5.0,6.0,7.0
3.0,2.0,1.0,0.0,1.0,2.0,3.0,4.0,5.0,6.0
4.0,3.0,2.0,1.0,0.0,1.0,2.0,3.0,4.0,5.0
5.0,4.0,3.0,2.0,1.0,0.0,1.0,2.0,3.0,4.0
6.0,5.0,4.0,3.0,2.0,1.0,0.0,1.0,2.0,3.0
7.0,6.0,5.0,4.0,3.0,2.0,1.0,0.0,1.0,2.0
8.0,7.0,6.0,5.0,4.0,3.0,2.0,1.0,0.0,1.0
9.0,8.0,7.0,6.0,5.0,4.0,3.0,2.0,1.0,0.0
45.0,40.0,35.0,30.0,25.0,25.0,30.0,35.0,40.0,45.0
40.0,47.0,30.0,28.0,26.0,33.0,30.0,31.0,40.0,31.0,48.0,27.0,37.0,35.0,35.0,33.0,27.0,28.0,33.0,31.0,32.0,20.0,31.0,25.0,44.0,30.0,28.0,20.0,40.0,22.0,22.0,35.0,27.0,27.0,36.0,31.0,41.0,38.0,31.0,31.0,35.0,23.0,22.0,37.0,29.0,29.0,28.0,30.0,36.0,38.0
29.0,38.0,36.0,28.0,34.0,36.0,34.0,26.0,22.0,31.0,33.0,24.0,30.0,22.0,22.0,35.0,28.0,29.0,29.0,33.0,28.0,44.0,34.0,35.0,34.0,37.0,21.0,34.0,30.0,28.0,35.0,31.0,33.0,33.0,34.0,44.0,34.0,28.0,33.0,26.0,35.0,34.0,35.0,28.0,44.0,31.0,31.0,35.0,37.0,26.0
21.0,22.0,20.0,31.0,17.0,28.0,28.0,17.0,18.0,19.0,27.0,21.0,24.0,24.0,11.0,22.0,19.0,25.0,28.0,25.0,21.0,18.0,20.0,34.0,23.0,17.0,18.0,18.0,21.0,17.0,25.0,24.0,28.0,20.0,18.0,16.0,22.0,11.0,21.0,24.0,22.0,26.0,21.0,23.0,23.0,26.0,18.0,23.0,22.0,19.0
34.0,32.0,22.0,33.0,34.0,26.0,37.0,30.0,31.0,32.0,31.0,20.0,31.0,27.0,26.0,30.0,33.0,40.0,30.0,26.0,25.0,25.0,27.0,35.0,34.0,24.0,30.0,25.0,40.0,29.0,30.0,27.0,32.0,31.0,32.0,32.0,28.0,29.0,31.0,32.0,27.0,32.0,26.0,36.0,30.0,27.0,25.0,37.0,30.0,26.0
22.0,31.0,41.0,28.0,30.0,29.0,40.0,19.0,32.0,29.0,22.0,22.0,29.0,36.0,22.0,17.0,28.0,30.0,29.0,27.0,25.0,19.0,35.0,34.0,35.0,24.0,26.0,26.0,37.0,27.0,28.0,31.0,39.0,29.0,35.0,29.0,23.0,26.0,28.0,37.0,31.0,28.0,28.0,25.0,23.0,26.0,22.0,33.0,24.0,29.0
26.0,27.0,33.0,33.0,28.0,18.0,28.0,34.0,34.0,36.0,20.0,32.0,24.0,32.0,29.0,22.0,28.0,29.0,36.0,22.0,31.0,33.0,28.0,37.0,31.0,30.0,29.0,24.0,26.0,26.0,28.0,31.0,31.0,26.0,30.0,25.0,28.0,30.0,28.0,28.0,25.0,23.0,32.0,25.0,26.0,25.0,30.0,22.0,23.0,30.0
28.0,28.0,31.0,29.0,22.0,25.0,39.0,23.0,36.0,28.0,39.0,31.0,27.0,30.0,35.0,25.0,27.0,26.0,31.0,31.0,29.0,19.0,30.0,33.0,33.0,28.0,28.0,26.0,27.0,28.0,31.0,35.0,32.0,35.0,24.0,34.0,35.0,30.0,28.0,20.0,24.0,29.0,32.0,30.0,24.0,28.0,25.0,26.0,20.0,29.0
20.0,23.0,22.0,30.0,29.0,22.0,40.0,18.0,25.0,25.0,22.0,22.0,17.0,21.0,22.0,24.0,19.0,26.0,21.0,30.0,25.0,26.0,20.0,29.0,29.0,16.0,22.0,27.0,36.0,27.0,28.0,17.0,34.0,19.0,26.0,27.0,20.0,18.0,19.0,21.0,20.0,30.0,24.0,16.0,25.0,17.0,25.0,21.0,29.0,18.0
21.0,27.0,22.0,22.0,25.0,19.0,28.0,24.0,21.0,16.0,21.0,25.0,24.0,26.0,30.0,23.0,34.0,20.0,17.0,31.0,22.0,27.0,21.0,20.0,24.0,28.0,27.0,18.0,22.0,31.0,22.0,22.0,19.0,20.0,19.0,31.0,17.0,23.0,24.0,15.0,22.0,29.0,20.0,28.0,24.0,19.0,20.0,16.0,25.0,21.0
22.0,19.0,18.0,27.0,23.0,23.0,24.0,22.0,24.0,28.0,30.0,29.0,27.0,21.0,22.0,33.0,25.0,30.0,23.0,28.0,14.0,28.0,28.0,28.0,22.0,34.0,22.0,18.0,19.0,13.0,22.0,20.0,31.0,31.0,30.0,19.0,23.0,22.0,28.0,19.0,25.0,17.0,27.0,17.0,23.0,21.0,24.0,21.0,33.0,29.0
