10,50,1000
19.120365,19.391886,17.812193,16.340905,17.772398,19.456873,18.364026,15.082143,17.279081,15.146667
6.77228,6.762499,7.994736,6.482891,5.403362,9.896329,5.344036,5.727411,9.906321,9.135416
0.0,10.0,20.0,30.0,40.0,50.0,60.0,70.0,80.0,90.0
10.0,0.0,10.0,20.0,30.0,40.0,50.0,60.0,70.0,80.0
20.0,10.0,0.0,10.0,20.0,30.0,40.0,50.0,60.0,70.0
30.0,20.0,10.0,0.0,10.0,20.0,30.0,40.0,50.0,60.0
40.0,30.0,20.0,10.0,0.0,10.0,20.0,30.0,40.0,50.0
50.0,40.0,30.0,20.0,10.0,0.0,10.0,20.0,30.0,40.0
60.0,50.0,40.0,30.0,20.0,10.0,0.0,10.0,20.0,30.0
70.0,60.0,50.0,40.0,30.0,20.0,10.0,0.0,10.0,20.0
80.0,70.0,60.0,50.0,40.0,30.0,20.0,10.0,0.0,10.0
90.0,80.0,70.0,60.0,50.0,40.0,30.0,20.0,10.0,0.0
450.0,400.0,350.0,300.0,250.0,250.0,300.0,350.0,400.0,450.0
0.0,1.0,2.0,3.0,4.0,5.0,6.0,7.0,8.0,9.0
1.0,0.0,1.0,2.0,3.0,4.0,5.0,6.0,7.0,8.0
2.0,1.0,0.0,1.0,2.0,3.0,4.0,5.0,6.0,7.0
3.0,2.0,1.0,0.0,1.0,2.0,3.0,4.0,5.0,6.0
4.0,3.0,2.0,1.0,0.0,1.0,2.0,3.0,4.0,5.0
5.0,4.0,3.0,2.0,1.0,0.0,1.0,2.0,3.0,4.0
6.0,5.0,4.0,3.0,2.0,1.0,0.0,1.0,2.0,3.0
7.0,6.0,5.0,4.0,3.0,2.0,1.0,0.0,1.0,2.0
8.0,7.0,6.0,5.0,4.0,3.0,2.0,1.0,0.0,1.0
9.0,8.0,7.0,6.0,5.0,4.0,3.0,2.0,1.0,0.0
45.0,40.0,35.0,30.0,25.0,25.0,30.0,35.0,40.0,45.0
20.0,20.0,23.0,34.0,33.0,25.0,25.0,24.0,29.0,40.0,27.0,27.0,29.0,29.0,31.0,33.0,28.0,25.0,33.0,27.0,23.0,17.0,35.0,22.0,26.0,23.0,26.0,25.0,29.0,23.0,35.0,25.0,28.0,29.0,24.0,32.0,23.0,23.0,28.0,21.0,32.0,20.0,18.0,28.0,21.0,26.0,20.0,23.0,33.0,26.0
37.0,28.0,16.0,22.0,28.0,22.0,26.0,25.0,27.0,28.0,32.0,24.0,28.0,26.0,29.0,31.0,24.0,22.0,28.0,28.0,28.0,23.0,24.0,24.0,28.0,22.0,25.0,39.0,25.0,33.0,32.0,20.0,22.0,33.0,23.0,29.0,24.0,27.0,23.0,22.0,26.0,25.0,24.0,25.0,28.0,24.0,29.0,25.0,28.0,23.0
29.0,35.0,35.0,38.0,28.0,35.0,32.0,23.0,36.0,42.0,18.0,24.0,39.0,27.0,23.0,26.0,31.0,35.0,36.0,38.0,22.0,19.0,17.0,28.0,29.0,31.0,28.0,24.0,35.0,25.0,28.0,28.0,36.0,34.0,34.0,30.0,34.0,34.0,32.0,39.0,32.0,31.0,40.0,29.0,29.0,22.0,26.0,30.0,37.0,33.0
34.0,27.0,28.0,24.0,23.0,20.0,20.0,20.0,24.0,21.0,25.0,26.0,20.0,24.0,21.0,23.0,28.0,27.0,14.0,21.0,28.0,14.0,30.0,29.0,28.0,23.0,23.0,20.0,29.0,29.0,20.0,29.0,26.0,26.0,27.0,29.0,29.0,25.0,23.0,25.0,22.0,22.0,27.0,25.0,31.0,27.0,23.0,26.0,21.0,19.0
26.0,22.0,22.0,24.0,24.0,17.0,26.0,22.0,14.0,20.0,25.0,18.0,26.0,26.0,23.0,22.0,17.0,16.0,19.0,20.0,27.0,21.0,23.0,15.0,30.0,25.0,23.0,20.0,21.0,23.0,16.0,23.0,22.0,25.0,21.0,19.0,24.0,29.0,17.0,15.0,22.0,19.0,32.0,25.0,20.0,24.0,26.0,26.0,21.0,24.0
35.0,39.0,40.0,34.0,45.0,32.0,41.0,39.0,39.0,33.0,43.0,38.0,25.0,39.0,39.0,44.0,44.0,37.0,32.0,32.0,37.0,41.0,37.0,40.0,29.0,41.0,37.0,26.0,50.0,28.0,49.0,46.0,39.0,48.0,38.0,36.0,33.0,48.0,25.0,44.0,45.0,45.0,34.0,30.0,38.0,37.0,40.0,48.0,47.0,27.0
29.0,16.0,14.0,22.0,9.0,29.0,24.0,15.0,19.0,18.0,18.0,22.0,17.0,16.0,33.0,21.0,18.0,18.0,23.0,22.0,21.0,15.0,31.0,22.0,25.0,21.0,32.0,25.0,33.0,15.0,14.0,18.0,20.0,20.0,22.0,22.0,18.0,17.0,26.0,31.0,24.0,26.0,20.0,15.0,21.0,19.0,18.0,15.0,22.0,28.0
20.0,25.0,22.0,25.0,22.0,23.0,30.0,24.0,23.0,29.0,22.0,25.0,24.0,28.0,25.0,35.0,23.0,18.0,15.0,21.0,23.0,15.0,14.0,32.0,23.0,27.0,25.0,25.0,31.0,11.0,19.0,23.0,28.0,20.0,26.0,27.0,33.0,31.0,20.0,22.0,24.0,18.0,29.0,27.0,20.0,17.0,21.0,24.0,20.0,24.0
32.0,33.0,28.0,31.0,36.0,29.0,40.0,41.0,41.0,47.0,38.0,39.0,42.0,42.0,38.0,40.0,37.0,37.0,28.0,38.0,40.0,33.0,36.0,25.0,40.0,42.0,30.0,53.0,29.0,31.0,40.0,44.0,30.0,30.0,28.0,41.0,31.0,40.0,28.0,27.0,44.0,33.0,50.0,30.0,28.0,36.0,25.0,39.0,27.0,43.0
27.0,38.0,32.0,37.0,38.0,32.0,27.0,43.0,27.0,31.0,33.0,27.0,32.0,36.0,36.0,34.0,31.0,33.0,38.0,34.0,40.0,25.0,38.0,40.0,35.0,40.0,46.0,38.0,32.0,33.0,42.0,33.0,36.0,37.0,37.0,27.0,32.0,39.0,42.0,32.0,37.0,30.0,34.0,38.0,36.0,42.0,36.0,30.0,26.0,34.0
