10,50,1000
15.993468,17.854602,18.338688,18.599557,15.194963,15.314715,16.115438,16.042015,15.171343,15.985896
9.096095,8.648625,9.699834,7.706008,8.254206,8.696988,6.589655,9.296089,5.015609,5.317475
0.0,10.0,20.0,30.0,40.0,50.0,60.0,70.0,80.0,90.0
10.0,0.0,10.0,20.0,30.0,40.0,50.0,60.0,70.0,80.0
20.0,10.0,0.0,10.0,20.0,30.0,40.0,50.0,60.0,70.0
30.0,20.0,10.0,0.0,10.0,20.0,30.0,40.0,50.0,60.0
40.0,30.0,20.0,10.0,0.0,10.0,20.0,30.0,40.0,50.0
50.0,40.0,30.0,20.0,10.0,0.0,10.0,20.0,30.0,40.0
60.0,50.0,40.0,30.0,20.0,10.0,0.0,10.0,20.0,30.0
70.0,60.0,50.0,40.0,30.0,20.0,10.0,0.0,10.0,20.0
80.0,70.0,60.0,50.0,40.0,30.0,20.0,10.0,0.0,10.0
90.0,80.0,70.0,60.0,50.0,40.0,30.0,20.0,10.0,0.0
450.0,400.0,350.0,300.0,250.0,250.0,300.0,350.0,400.0,450.0
0.0,1.0,2.0,3.0,4.0,5.0,6.0,7.0,8.0,9.0
1.0,0.0,1.0,2.0,3.0,4.0,5.0,6.0,7.0,8.0
2.0,1.0,0.0,1.0,2.0,3.0,4.0,5.0,6.0,7.0
3.0,2.0,1.0,0.0,1.0,2.0,3.0,4.0,5.0,6.0
4.0,3.0,2.0,1.0,0.0,1.0,2.0,3.0,4.0,5.0
5.0,4.0,3.0,2.0,1.0,0.0,1.0,2.0,3.0,4.0
6.0,5.0,4.0,3.0,2.0,1.0,0.0,1.0,2.0,3.0
7.0,6.0,5.0,4.0,3.0,2.0,1.0,0.0,1.0,2.0
8.0,7.0,6.0,5.0,4.0,3.0,2.0,1.0,0.0,1.0
9.0,8.0,7.0,6.0,5.0,4.0,3.0,2.0,1.0,0.0
45.0,40.0,35.0,30.0,25.0,25.0,30.0,35.0,40.0,45.0
30.0,33.0,30.0,28.0,27.0,22.0,37.0,37.0,36.0,35.0,42.0,31.0,31.0,39.0,39.0,38.0,25.0,40.0,21.0,29.0,40.0,37.0,39.0,30.0,22.0,35.0,32.0,31.0,35.0,33.0,31.0,35.0,34.0,36.0,37.0,29.0,35.0,32.0,48.0,21.0,29.0,30.0,34.0,40.0,42.0,28.0,37.0,28.0,35.0,21.0
39.0,27.0,37.0,28.0,27.0,38.0,41.0,33.0,27.0,27.0,25.0,23.0,25.0,37.0,22.0,35.0,43.0,29.0,23.0,30.0,25.0,43.0,30.0,32.0,29.0,28.0,27.0,35.0,38.0,34.0,36.0,30.0,28.0,29.0,28.0,41.0,25.0,27.0,35.0,26.0,34.0,21.0,31.0,24.0,23.0,32.0,23.0,22.0,31.0,36.0
36.0,31.0,45.0,43.0,40.0,37.0,34.0,26.0,26.0,50.0,29.0,37.0,36.0,34.0,23.0,31.0,35.0,41.0,36.0,35.0,40.0,42.0,35.0,28.0,30.0,37.0,35.0,30.0,43.0,38.0,40.0,21.0,27.0,40.0,32.0,33.0,38.0,39.0,33.0,40.0,27.0,40.0,33.0,31.0,36.0,32.0,43.0,41.0,39.0,31.0
28.0,26.0,27.0,23.0,32.0,29.0,32.0,31.0,32.0,35.0,32.0,34.0,23.0,34.0,35.0,30.0,36.0,32.0,32.0,33.0,36.0,38.0,29.0,38.0,29.0,41.0,25.0,33.0,30.0,33.0,27.0,35.0,28.0,35.0,39.0,31.0,33.0,34.0,20.0,18.0,32.0,30.0,42.0,26.0,19.0,33.0,28.0,17.0,19.0,27.0
22.0,18.0,34.0,39.0,33.0,32.0,32.0,29.0,30.0,29.0,44.0,39.0,24.0,25.0,36.0,29.0,31.0,20.0,27.0,39.0,18.0,34.0,30.0,27.0,19.0,20.0,26.0,40.0,20.0,40.0,34.0,25.0,36.0,22.0,28.0,31.0,26.0,24.0,22.0,35.0,31.0,27.0,37.0,25.0,24.0,36.0,31.0,23.0,26.0,16.0
35.0,29.0,24.0,24.0,25.0,24.0,28.0,36.0,26.0,34.0,26.0,38.0,25.0,33.0,33.0,31.0,34.0,27.0,31.0,43.0,28.0,24.0,47.0,23.0,30.0,35.0,24.0,27.0,23.0,33.0,22.0,33.0,24.0,29.0,36.0,40.0,38.0,30.0,34.0,37.0,39.0,29.0,31.0,21.0,24.0,28.0,31.0,33.0,25.0,30.0
28.0,26.0,24.0,27.0,18.0,21.0,25.0,19.0,34.0,24.0,28.0,19.0,23.0,31.0,12.0,22.0,20.0,20.0,27.0,29.0,43.0,29.0,19.0,19.0,17.0,28.0,23.0,29.0,31.0,18.0,28.0,24.0,23.0,18.0,27.0,27.0,25.0,23.0,29.0,23.0,21.0,26.0,22.0,22.0,34.0,22.0,30.0,15.0,28.0,23.0
33.0,36.0,37.0,29.0,35.0,32.0,34.0,31.0,32.0,22.0,25.0,34.0,44.0,38.0,22.0,42.0,37.0,35.0,29.0,37.0,40.0,20.0,26.0,19.0,31.0,32.0,30.0,25.0,27.0,34.0,34.0,33.0,34.0,40.0,34.0,32.0,27.0,34.0,30.0,32.0,30.0,30.0,32.0,36.0,26.0,44.0,37.0,43.0,38.0,34.0
23.0,16.0,12.0,16.0,20.0,18.0,15.0,16.0,15.0,23.0,22.0,16.0,15.0,13.0,21.0,13.0,22.0,27.0,23.0,19.0,17.0,12.0,17.0,22.0,16.0,18.0,15.0,17.0,34.0,22.0,26.0,27.0,27.0,18.0,21.0,32.0,21.0,21.0,21.0,16.0,20.0,21.0,21.0,19.0,23.0,17.0,24.0,20.0,25.0,20.0
23.0,17.0,25.0,28.0,24.0,22.0,19.0,27.0,16.0,22.0,24.0,24.0,24.0,28.0,16.0,22.0,20.0,24.0,28.0,30.0,17.0,26.0,31.0,17.0,18.0,16.0,22.0,18.0,18.0,18.0,19.0,23.0,21.0,19.0,20.0,18.0,18.0,21.0,32.0,32.0,23.0,22.0,21.0,16.0,15.0,19.0,29.0,24.0,23.0,22.0
