10,50,1000
16.317113,15.774883,18.432559,18.606482,17.506175,18.244026,19.267909,17.298099,17.603993,16.069712
6.278207,5.295998,6.223455,9.351415,5.898321,7.266236,6.372153,8.80322,9.593997,9.811017
0.0,10.0,20.0,30.0,40.0,50.0,60.0,70.0,80.0,90.0
10.0,0.0,10.0,20.0,30.0,40.0,50.0,60.0,70.0,80.0
20.0,10.0,0.0,10.0,20.0,30.0,40.0,50.0,60.0,70.0
30.0,20.0,10.0,0.0,10.0,20.0,30.0,40.0,50.0,60.0
40.0,30.0,20.0,10.0,0.0,10.0,20.0,30.0,40.0,50.0
50.0,40.0,30.0,20.0,10.0,0.0,10.0,20.0,30.0,40.0
60.0,50.0,40.0,30.0,20.0,10.0,0.0,10.0,20.0,30.0
70.0,60.0,50.0,40.0,30.0,20.0,10.0,0.0,10.0,20.0
80.0,70.0,60.0,50.0,40.0,30.0,20.0,10.0,0.0,10.0
90.0,80.0,70.0,60.0,50.0,40.0,30.0,20.0,10.0,0.0
450.0,400.0,350.0,300.0,250.0,250.0,300.0,350.0,400.0,450.0
0.0,1.0,2.0,3.0,4.0,5.0,6.0,7.0,8.0,9.0
1.0,0.0,1.0,2.0,3.0,4.0,5.0,6.0,7.0,8.0
2.0,1.0,0.0,1.0,2.0,3.0,4.0,5.0,6.0,7.0
3.0,2.0,1.0,0.0,1.0,2.0,3.0,4.0,5.0,6.0
4.0,3.0,2.0,1.0,0.0,1.0,2.0,3.0,4.0,5.0
5.0,4.0,3.0,2.0,1.0,0.0,1.0,2.0,3.0,4.0
6.0,5.0,4.0,3.0,2.0,1.0,0.0,1.0,2.0,3.0
7.0,6.0,5.0,4.0,3.0,2.0,1.0,0.0,1.0,2.0
8.0,7.0,6.0,5.0,4.0,3.0,2.0,1.0,0.0,1.0
9.0,8.0,7.0,6.0,5.0,4.0,3.0,2.0,1.0,0.0
45.0,40.0,35.0,30.0,25.0,25.0,30.0,35.0,40.0,45.0
23.0,20.0,23.0,32.0,30.0,19.0,26.0,27.0,23.0,20.0,23.0,30.0,19.0,25.0,33.0,33.0,25.0,34.0,26.0,25.0,23.0,22.0,25.0,25.0,25.0,25.0,28.0,18.0,27.0,22.0,22.0,23.0,28.0,33.0,34.0,16.0,25.0,17.0,26.0,34.0,22.0,25.0,21.0,18.0,24.0,33.0,25.0,30.0,20.0,25.0
22.0,26.0,15.0,30.0,23.0,27.0,25.0,18.0,22.0,13.0,26.0,14.0,25.0,17.0,14.0,25.0,18.0,18.0,20.0,27.0,16.0,26.0,17.0,20.0,25.0,23.0,17.0,25.0,32.0,20.0,17.0,20.0,21.0,21.0,29.0,22.0,18.0,22.0,16.0,17.0,22.0,23.0,21.0,20.0,22.0,16.0,21.0,14.0,30.0,19.0
26.0,24.0,32.0,16.0,29.0,29.0,24.0,21.0,38.0,22.0,25.0,18.0,24.0,24.0,20.0,22.0,30.0,22.0,27.0,27.0,29.0,30.0,20.0,18.0,32.0,28.0,29.0,25.0,21.0,17.0,19.0,34.0,23.0,28.0,26.0,22.0,21.0,30.0,23.0,26.0,22.0,21.0,27.0,23.0,25.0,29.0,27.0,27.0,19.0,22.0
39.0,38.0,30.0,47.0,47.0,40.0,32.0,30.0,30.0,41.0,32.0,36.0,31.0,30.0,34.0,27.0,41.0,39.0,38.0,30.0,35.0,34.0,33.0,40.0,36.0,36.0,28.0,32.0,34.0,42.0,24.0,30.0,38.0,41.0,39.0,33.0,34.0,26.0,26.0,51.0,36.0,35.0,45.0,32.0,26.0,32.0,40.0,29.0,44.0,27.0
29.0,18.0,24.0,19.0,20.0,24.0,22.0,19.0,36.0,25.0,20.0,25.0,24.0,25.0,19.0,37.0,37.0,19.0,27.0,31.0,26.0,20.0,22.0,25.0,22.0,29.0,22.0,26.0,25.0,21.0,18.0,21.0,26.0,22.0,25.0,22.0,25.0,30.0,19.0,26.0,26.0,22.0,25.0,24.0,27.0,22.0,26.0,27.0,28.0,26.0
24.0,26.0,33.0,30.0,26.0,30.0,36.0,31.0,32.0,29.0,17.0,25.0,30.0,22.0,36.0,26.0,27.0,20.0,31.0,25.0,27.0,34.0,31.0,29.0,25.0,26.0,27.0,28.0,22.0,24.0,37.0,39.0,20.0,33.0,30.0,24.0,37.0,29.0,34.0,24.0,34.0,26.0,27.0,38.0,24.0,38.0,32.0,27.0,23.0,28.0
29.0,23.0,23.0,31.0,26.0,27.0,28.0,21.0,33.0,23.0,22.0,18.0,39.0,23.0,28.0,25.0,25.0,21.0,22.0,32.0,31.0,24.0,29.0,20.0,29.0,25.0,17.0,22.0,23.0,22.0,23.0,25.0,22.0,19.0,24.0,19.0,25.0,35.0,27.0,30.0,29.0,19.0,26.0,27.0,21.0,32.0,24.0,22.0,37.0,21.0
26.0,37.0,47.0,31.0,28.0,45.0,29.0,40.0,36.0,34.0,30.0,28.0,41.0,34.0,38.0,43.0,23.0,32.0,36.0,51.0,30.0,34.0,31.0,24.0,38.0,31.0,24.0,32.0,35.0,35.0,28.0,44.0,33.0,26.0,22.0,43.0,36.0,33.0,35.0,30.0,37.0,40.0,39.0,26.0,34.0,36.0,33.0,31.0,49.0,26.0
34.0,37.0,36.0,39.0,29.0,36.0,38.0,33.0,34.0,33.0,35.0,34.0,39.0,45.0,36.0,37.0,42.0,38.0,29.0,31.0,39.0,33.0,30.0,32.0,49.0,32.0,34.0,35.0,31.0,30.0,38.0,40.0,24.0,40.0,37.0,32.0,27.0,49.0,38.0,37.0,41.0,46.0,45.0,38.0,27.0,39.0,38.0,29.0,43.0,32.0
32.0,44.0,39.0,24.0,37.0,32.0,31.0,26.0,30.0,39.0,37.0,38.0,32.0,33.0,40.0,41.0,32.0,37.0,38.0,30.0,36.0,36.0,32.0,33.0,47.0,37.0,32.0,30.0,39.0,34.0,46.0,45.0,35.0,42.0,39.0,45.0,26.0,36.0,30.0,37.0,34.0,40.0,40.0,37.0,34.0,30.0,33.0,26.0,21.0,22.0
