10,50,1000
18.298109,15.035456,16.30295,15.438749,16.318829,16.205715,19.787945,19.816452,15.149502,19.987686
8.596615,5.784025,7.610218,5.01575,8.884911,5.5161,6.719428,6.793472,7.097253,7.146358
0.0,10.0,20.0,30.0,40.0,50.0,60.0,70.0,80.0,90.0
10.0,0.0,10.0,20.0,30.0,40.0,50.0,60.0,70.0,80.0
20.0,10.0,0.0,10.0,20.0,30.0,40.0,50.0,60.0,70.0
30.0,20.0,10.0,0.0,10.0,20.0,30.0,40.0,50.0,60.0
40.0,30.0,20.0,10.0,0.0,10.0,20.0,30.0,40.0,50.0
50.0,40.0,30.0,20.0,10.0,0.0,10.0,20.0,30.0,40.0
60.0,50.0,40.0,30.0,20.0,10.0,0.0,10.0,20.0,30.0
70.0,60.0,50.0,40.0,30.0,20.0,10.0,0.0,10.0,20.0
80.0,70.0,60.0,50.0,40.0,30.0,20.0,10.0,0.0,10.0
90.0,80.0,70.0,60.0,50.0,40.0,30.0,20.0,10.0,0.0
450.0,400.0,350.0,300.0,250.0,250.0,300.0,350.0,400.0,450.0
0.0,1.0,2.0,3.0,4.0,5.0,6.0,7.0,8.0,9.0
1.0,0.0,1.0,2.0,3.0,4.0,5.0,6.0,7.0,8.0
2.0,1.0,0.0,1.0,2.0,3.0,4.0,5.0,6.0,7.0
3.0,2.0,1.0,0.0,1.0,2.0,3.0,4.0,5.0,6.0
4.0,3.0,2.0,1.0,0.0,1.0,2.0,3.0,4.0,5.0
5.0,4.0,3.0,2.0,1.0,0.0,1.0,2.0,3.0,4.0
6.0,5.0,4.0,3.0,2.0,1.0,0.0,1.0,2.0,3.0
7.0,6.0,5.0,4.0,3.0,2.0,1.0,0.0,1.0,2.0
8.0,7.0,6.0,5.0,4.0,3.0,2.0,1.0,0.0,1.0
9.0,8.0,7.0,6.0,5.0,4.0,3.0,2.0,1.0,0.0
45.0,40.0,35.0,30.0,25.0,25.0,30.0,35.0,40.0,45.0
29.0,36.0,34.0,31.0,27.0,33.0,48.0,24.0,31.0,31.0,25.0,36.0,32.0,33.0,28.0,26.0,40.0,56.0,32.0,29.0,43.0,40.0,31.0,33.0,36.0,39.0,34.0,32.0,20.0,41.0,30.0,33.0,43.0,30.0,32.0,32.0,27.0,28.0,36.0,26.0,28.0,29.0,43.0,43.0,40.0,28.0,26.0,34.0,34.0,26.0
18.0,26.0,31.0,20.0,20.0,18.0,17.0,21.0,19.0,21.0,26.0,25.0,21.0,18.0,18.0,25.0,27.0,33.0,17.0,28.0,25.0,28.0,23.0,22.0,20.0,22.0,13.0,26.0,16.0,29.0,19.0,30.0,20.0,26.0,27.0,22.0,23.0,25.0,20.0,26.0,20.0,24.0,19.0,18.0,20.0,27.0,18.0,24.0,27.0,21.0
29.0,31.0,38.0,27.0,35.0,34.0,31.0,29.0,22.0,28.0,34.0,36.0,29.0,41.0,34.0,41.0,35.0,33.0,37.0,20.0,31.0,44.0,33.0,24.0,27.0,30.0,26.0,33.0,27.0,31.0,26.0,33.0,35.0,35.0,31.0,34.0,34.0,25.0,25.0,25.0,25.0,34.0,29.0,26.0,30.0,35.0,28.0,35.0,30.0,29.0
18.0,25.0,14.0,14.0,20.0,20.0,12.0,25.0,19.0,20.0,21.0,22.0,17.0,18.0,26.0,16.0,24.0,16.0,23.0,22.0,18.0,19.0,16.0,27.0,22.0,19.0,29.0,17.0,20.0,22.0,17.0,13.0,25.0,15.0,23.0,14.0,19.0,15.0,15.0,15.0,15.0,21.0,25.0,28.0,21.0,23.0,19.0,18.0,23.0,24.0
33.0,32.0,36.0,30.0,32.0,31.0,41.0,34.0,31.0,35.0,24.0,34.0,30.0,44.0,35.0,40.0,32.0,39.0,40.0,31.0,30.0,26.0,32.0,36.0,45.0,36.0,32.0,31.0,28.0,36.0,29.0,27.0,37.0,33.0,24.0,33.0,31.0,28.0,33.0,28.0,27.0,32.0,28.0,28.0,21.0,32.0,37.0,36.0,36.0,30.0
18.0,16.0,24.0,18.0,23.0,16.0,23.0,20.0,22.0,20.0,26.0,19.0,30.0,20.0,21.0,29.0,24.0,29.0,22.0,27.0,26.0,26.0,16.0,24.0,23.0,22.0,13.0,15.0,28.0,14.0,36.0,32.0,13.0,21.0,26.0,18.0,24.0,17.0,27.0,22.0,26.0,19.0,26.0,18.0,18.0,23.0,15.0,21.0,18.0,15.0
24.0,20.0,19.0,24.0,27.0,26.0,23.0,25.0,25.0,23.0,39.0,20.0,30.0,27.0,24.0,22.0,19.0,26.0,33.0,30.0,32.0,27.0,28.0,25.0,22.0,25.0,26.0,22.0,21.0,27.0,31.0,27.0,21.0,40.0,19.0,23.0,19.0,30.0,35.0,36.0,28.0,29.0,27.0,29.0,36.0,35.0,25.0,26.0,27.0,26.0
18.0,33.0,26.0,28.0,32.0,28.0,20.0,33.0,27.0,29.0,34.0,24.0,14.0,21.0,29.0,32.0,24.0,21.0,22.0,27.0,27.0,27.0,26.0,30.0,32.0,26.0,26.0,31.0,33.0,29.0,34.0,25.0,24.0,23.0,26.0,29.0,27.0,33.0,30.0,34.0,20.0,28.0,25.0,32.0,20.0,24.0,26.0,24.0,32.0,37.0
25.0,22.0,21.0,25.0,26.0,27.0,33.0,34.0,29.0,24.0,21.0,21.0,34.0,24.0,27.0,32.0,29.0,29.0,25.0,27.0,26.0,23.0,34.0,25.0,21.0,39.0,30.0,32.0,21.0,38.0,26.0,20.0,26.0,26.0,20.0,23.0,27.0,30.0,16.0,29.0,23.0,32.0,31.0,26.0,23.0,20.0,36.0,23.0,25.0,28.0
27.0,29.0,33.0,20.0,34.0,28.0,33.0,35.0,35.0,26.0,30.0,17.0,32.0,29.0,30.0,28.0,31.0,27.0,27.0,25.0,34.0,21.0,33.0,30.0,27.0,26.0,20.0,22.0,21.0,34.0,31.0,34.0,20.0,36.0,19.0,28.0,19.0,36.0,25.0,31.0,20.0,25.0,24.0,27.0,18.0,38.0,26.0,19.0,25.0,28.0
