10,50,1000
15.115489,16.552835,15.033971,15.320324,16.634764,16.934781,15.414367,18.299159,15.999082,18.808887
9.669613,6.132706,7.117927,9.891101,5.773446,8.709112,6.4854,5.444133,7.006033,9.748946
0.0,10.0,20.0,30.0,40.0,50.0,60.0,70.0,80.0,90.0
10.0,0.0,10.0,20.0,30.0,40.0,50.0,60.0,70.0,80.0
20.0,10.0,0.0,10.0,20.0,30.0,40.0,50.0,60.0,70.0
30.0,20.0,10.0,0.0,10.0,20.0,30.0,40.0,50.0,60.0
40.0,30.0,20.0,10.0,0.0,10.0,20.0,30.0,40.0,50.0
50.0,40.0,30.0,20.0,10.0,0.0,10.0,20.0,30.0,40.0
60.0,50.0,40.0,30.0,20.0,10.0,0.0,10.0,20.0,30.0
70.0,60.0,50.0,40.0,30.0,20.0,10.0,0.0,10.0,20.0
80.0,70.0,60.0,50.0,40.0,30.0,20.0,10.0,0.0,10.0
90.0,80.0,70.0,60.0,50.0,40.0,30.0,20.0,10.0,0.0
450.0,400.0,350.0,300.0,250.0,250.0,300.0,350.0,400.0,450.0
0.0,1.0,2.0,3.0,4.0,5.0,6.0,7.0,8.0,9.0
1.0,0.0,1.0,2.0,3.0,4.0,5.0,6.0,7.0,8.0
2.0,1.0,0.0,1.0,2.0,3.0,4.0,5.0,6.0,7.0
3.0,2.0,1.0,0.0,1.0,2.0,3.0,4.0,5.0,6.0
4.0,3.0,2.0,1.0,0.0,1.0,2.0,3.0,4.0,5.0
5.0,4.0,3.0,2.0,1.0,0.0,1.0,2.0,3.0,4.0
6.0,5.0,4.0,3.0,2.0,1.0,0.0,1.0,2.0,3.0
7.0,6.0,5.0,4.0,3.0,2.0,1.0,0.0,1.0,2.0
8.0,7.0,6.0,5.0,4.0,3.0,2.0,1.0,0.0,1.0
9.0,8.0,7.0,6.0,5.0,4.0,3.0,2.0,1.0,0.0
45.0,40.0,35.0,30.0,25.0,25.0,30.0,35.0,40.0,45.0
38.0,41.0,34.0,42.0,34.0,42.0,30.0,34.0,42.0,39.0,34.0,36.0,28.0,35.0,41.0,34.0,46.0,35.0,34.0,32.0,36.0,35.0,41.0,35.0,43.0,32.0,38.0,33.0,37.0,37.0,41.0,30.0,31.0,30.0,31.0,38.0,46.0,40.0,36.0,35.0,37.0,37.0,39.0,28.0,40.0,46.0,39.0,38.0,39.0,37.0
32.0,21.0,21.0,26.0,26.0,28.0,20.0,27.0,14.0,16.0,35.0,38.0,21.0,26.0,42.0,30.0,32.0,29.0,36.0,19.0,27.0,25.0,23.0,25.0,30.0,35.0,21.0,31.0,17.0,28.0,15.0,27.0,20.0,15.0,26.0,23.0,21.0,17.0,27.0,19.0,32.0,17.0,31.0,24.0,22.0,18.0,22.0,32.0,27.0,31.0
33.0,34.0,21.0,27.0,22.0,26.0,28.0,34.0,21.0,21.0,23.0,23.0,20.0,30.0,22.0,22.0,27.0,25.0,23.0,30.0,34.0,35.0,33.0,26.0,33.0,25.0,21.0,29.0,27.0,30.0,27.0,35.0,25.0,17.0,22.0,26.0,31.0,27.0,22.0,37.0,35.0,31.0,29.0,20.0,18.0,29.0,20.0,37.0,32.0,38.0
43.0,41.0,30.0,34.0,35.0,30.0,37.0,32.0,27.0,31.0,30.0,27.0,31.0,33.0,34.0,32.0,42.0,43.0,37.0,38.0,30.0,36.0,35.0,39.0,33.0,33.0,47.0,30.0,31.0,44.0,33.0,33.0,37.0,37.0,32.0,26.0,31.0,31.0,29.0,32.0,36.0,36.0,27.0,36.0,27.0,45.0,30.0,35.0,40.0,45.0
24.0,21.0,15.0,32.0,21.0,26.0,21.0,19.0,20.0,17.0,36.0,14.0,26.0,27.0,18.0,22.0,19.0,15.0,17.0,13.0,22.0,13.0,32.0,24.0,17.0,19.0,33.0,29.0,27.0,24.0,21.0,31.0,16.0,22.0,26.0,25.0,18.0,21.0,25.0,25.0,23.0,27.0,29.0,27.0,22.0,20.0,30.0,23.0,33.0,21.0
32.0,36.0,21.0,32.0,30.0,23.0,29.0,30.0,40.0,35.0,30.0,27.0,33.0,43.0,32.0,33.0,31.0,45.0,32.0,33.0,25.0,39.0,28.0,37.0,27.0,38.0,27.0,31.0,26.0,27.0,23.0,25.0,31.0,47.0,31.0,36.0,46.0,30.0,35.0,36.0,32.0,40.0,26.0,39.0,24.0,38.0,36.0,30.0,37.0,29.0
19.0,24.0,23.0,22.0,31.0,21.0,16.0,21.0,18.0,24.0,15.0,23.0,24.0,30.0,18.0,23.0,22.0,19.0,26.0,31.0,26.0,23.0,26.0,31.0,22.0,27.0,38.0,23.0,25.0,18.0,27.0,29.0,28.0,27.0,31.0,25.0,36.0,22.0,19.0,24.0,27.0,29.0,24.0,30.0,32.0,29.0,15.0,20.0,23.0,29.0
23.0,19.0,16.0,19.0,18.0,24.0,19.0,28.0,22.0,25.0,27.0,28.0,29.0,24.0,22.0,18.0,24.0,23.0,22.0,34.0,21.0,17.0,19.0,25.0,27.0,28.0,22.0,23.0,31.0,13.0,20.0,19.0,20.0,19.0,24.0,22.0,17.0,29.0,21.0,24.0,27.0,16.0,27.0,17.0,27.0,20.0,29.0,25.0,27.0,28.0
28.0,36.0,29.0,24.0,31.0,30.0,23.0,30.0,24.0,22.0,25.0,24.0,17.0,27.0,30.0,34.0,35.0,27.0,26.0,33.0,36.0,19.0,22.0,28.0,23.0,33.0,24.0,29.0,22.0,31.0,42.0,17.0,23.0,35.0,28.0,23.0,20.0,26.0,26.0,28.0,24.0,25.0,29.0,23.0,26.0,24.0,26.0,18.0,28.0,22.0
31.0,29.0,24.0,52.0,39.0,27.0,45.0,36.0,34.0,32.0,31.0,35.0,24.0,23.0,46.0,41.0,37.0,33.0,44.0,28.0,37.0,30.0,42.0,38.0,28.0,34.0,38.0,34.0,31.0,32.0,33.0,33.0,47.0,42.0,37.0,41.0,44.0,36.0,39.0,35.0,31.0,41.0,37.0,34.0,24.0,40.0,38.0,40.0,30.0,32.0
