10,50,1000
18.717023,15.730331,16.781291,17.753316,15.604411,17.417826,17.984106,16.932657,17.711667,19.18564
8.992431,7.79332,9.598565,9.479831,8.243095,8.514028,5.395425,5.823762,9.012709,8.185615
0.0,10.0,20.0,30.0,40.0,50.0,60.0,70.0,80.0,90.0
10.0,0.0,10.0,20.0,30.0,40.0,50.0,60.0,70.0,80.0
20.0,10.0,0.0,10.0,20.0,30.0,40.0,50.0,60.0,70.0
30.0,20.0,10.0,0.0,10.0,20.0,30.0,40.0,50.0,60.0
40.0,30.0,20.0,10.0,0.0,10.0,20.0,30.0,40.0,50.0
50.0,40.0,30.0,20.0,10.0,0.0,10.0,20.0,30.0,40.0
60.0,50.0,40.0,30.0,20.0,10.0,0.0,10.0,20.0,30.0
70.0,60.0,50.0,40.0,30.0,20.0,10.0,0.0,10.0,20.0
80.0,70.0,60.0,50.0,40.0,30.0,20.0,10.0,0.0,10.0
90.0,80.0,70.0,60.0,50.0,40.0,30.0,20.0,10.0,0.0
450.0,400.0,350.0,300.0,250.0,250.0,300.0,350.0,400.0,450.0
0.0,1.0,2.0,3.0,4.0,5.0,6.0,7.0,8.0,9.0
1.0,0.0,1.0,2.0,3.0,4.0,5.0,6.0,7.0,8.0
2.0,1.0,0.0,1.0,2.0,3.0,4.0,5.0,6.0,7.0
3.0,2.0,1.0,0.0,1.0,2.0,3.0,4.0,5.0,6.0
4.0,3.0,2.0,1.0,0.0,1.0,2.0,3.0,4.0,5.0
5.0,4.0,3.0,2.0,1.0,0.0,1.0,2.0,3.0,4.0
6.0,5.0,4.0,3.0,2.0,1.0,0.0,1.0,2.0,3.0
7.0,6.0,5.0,4.0,3.0,2.0,1.0,0.0,1.0,2.0
8.0,7.0,6.0,5.0,4.0,3.0,2.0,1.0,0.0,1.0
9.0,8.0,7.0,6.0,5.0,4.0,3.0,2.0,1.0,0.0
45.0,40.0,35.0,30.0,25.0,25.0,30.0,35.0,40.0,45.0
39.0,35.0,35.0,27.0,45.0,36.0,24.0,30.0,37.0,28.0,29.0,38.0,38.0,22.0,52.0,29.0,32.0,30.0,39.0,31.0,21.0,32.0,36.0,34.0,39.0,37.0,25.0,41.0,28.0,31.0,32.0,25.0,30.0,39.0,30.0,36.0,35.0,24.0,30.0,40.0,34.0,39.0,39.0,30.0,30.0,28.0,30.0,37.0,41.0,29.0
29.0,32.0,24.0,28.0,24.0,34.0,23.0,32.0,28.0,25.0,34.0,28.0,31.0,30.0,28.0,34.0,28.0,24.0,30.0,22.0,31.0,32.0,35.0,30.0,24.0,40.0,23.0,30.0,22.0,26.0,31.0,31.0,30.0,18.0,27.0,33.0,31.0,31.0,25.0,26.0,24.0,33.0,28.0,29.0,22.0,26.0,28.0,28.0,32.0,19.0
36.0,35.0,34.0,31.0,40.0,38.0,36.0,29.0,37.0,35.0,33.0,25.0,26.0,33.0,29.0,47.0,38.0,36.0,38.0,40.0,29.0,37.0,30.0,35.0,33.0,43.0,42.0,36.0,42.0,44.0,32.0,50.0,36.0,28.0,34.0,35.0,32.0,28.0,25.0,38.0,35.0,32.0,40.0,51.0,30.0,41.0,40.0,42.0,27.0,32.0
37.0,40.0,30.0,48.0,37.0,42.0,20.0,40.0,36.0,41.0,28.0,40.0,28.0,31.0,33.0,35.0,32.0,35.0,30.0,25.0,41.0,34.0,36.0,28.0,39.0,33.0,40.0,44.0,29.0,33.0,35.0,33.0,46.0,32.0,36.0,33.0,32.0,34.0,41.0,28.0,42.0,32.0,28.0,39.0,34.0,44.0,30.0,32.0,44.0,32.0
25.0,20.0,29.0,28.0,33.0,31.0,29.0,36.0,29.0,27.0,28.0,30.0,42.0,26.0,32.0,38.0,31.0,38.0,30.0,33.0,37.0,25.0,27.0,21.0,30.0,32.0,35.0,23.0,43.0,23.0,29.0,22.0,29.0,27.0,38.0,26.0,34.0,29.0,33.0,33.0,32.0,29.0,30.0,39.0,41.0,25.0,32.0,25.0,29.0,31.0
23.0,25.0,37.0,37.0,29.0,22.0,32.0,34.0,28.0,36.0,35.0,23.0,21.0,28.0,30.0,38.0,32.0,34.0,17.0,22.0,38.0,33.0,25.0,31.0,35.0,32.0,36.0,33.0,27.0,43.0,29.0,27.0,39.0,32.0,31.0,28.0,39.0,27.0,35.0,33.0,29.0,38.0,46.0,28.0,24.0,34.0,41.0,31.0,25.0,32.0
24.0,18.0,22.0,17.0,23.0,15.0,25.0,21.0,24.0,24.0,20.0,29.0,17.0,28.0,23.0,22.0,27.0,16.0,23.0,24.0,18.0,16.0,21.0,19.0,19.0,21.0,19.0,18.0,24.0,21.0,20.0,19.0,12.0,22.0,16.0,18.0,21.0,21.0,13.0,19.0,25.0,24.0,21.0,19.0,16.0,23.0,20.0,31.0,28.0,19.0
25.0,24.0,28.0,20.0,25.0,21.0,23.0,25.0,23.0,17.0,20.0,25.0,27.0,31.0,26.0,23.0,25.0,18.0,18.0,25.0,20.0,19.0,20.0,18.0,23.0,19.0,20.0,32.0,22.0,27.0,22.0,25.0,23.0,21.0,22.0,26.0,22.0,15.0,15.0,20.0,23.0,18.0,23.0,27.0,18.0,29.0,24.0,20.0,22.0,22.0
37.0,38.0,32.0,30.0,42.0,30.0,55.0,32.0,36.0,26.0,43.0,31.0,35.0,31.0,35.0,34.0,39.0,44.0,34.0,30.0,28.0,33.0,29.0,32.0,27.0,32.0,26.0,35.0,33.0,35.0,35.0,34.0,25.0,38.0,41.0,29.0,35.0,36.0,36.0,35.0,32.0,30.0,34.0,23.0,25.0,33.0,30.0,33.0,28.0,40.0
34.0,29.0,31.0,40.0,29.0,36.0,47.0,24.0,40.0,39.0,31.0,32.0,21.0,36.0,36.0,32.0,35.0,26.0,26.0,18.0,30.0,22.0,34.0,38.0,51.0,29.0,28.0,27.0,30.0,29.0,26.0,32.0,33.0,34.0,45.0,20.0,25.0,28.0,33.0,28.0,38.0,36.0,30.0,39.0,35.0,25.0,26.0,27.0,29.0,26.0
