10,50,1000
15.539762,17.502165,19.762732,16.594149,18.891009,19.943903,19.983511,17.034422,17.954761,17.524357
6.895719,5.643799,5.639615,9.789875,9.692342,7.478518,8.874177,8.995765,6.268102,8.650863
0.0,10.0,20.0,30.0,40.0,50.0,60.0,70.0,80.0,90.0
10.0,0.0,10.0,20.0,30.0,40.0,50.0,60.0,70.0,80.0
20.0,10.0,0.0,10.0,20.0,30.0,40.0,50.0,60.0,70.0
30.0,20.0,10.0,0.0,10.0,20.0,30.0,40.0,50.0,60.0
40.0,30.0,20.0,10.0,0.0,10.0,20.0,30.0,40.0,50.0
50.0,40.0,30.0,20.0,10.0,0.0,10.0,20.0,30.0,40.0
60.0,50.0,40.0,30.0,20.0,10.0,0.0,10.0,20.0,30.0
70.0,60.0,50.0,40.0,30.0,20.0,10.0,0.0,10.0,20.0
80.0,70.0,60.0,50.0,40.0,30.0,20.0,10.0,0.0,10.0
90.0,80.0,70.0,60.0,50.0,40.0,30.0,20.0,10.0,0.0
450.0,400.0,350.0,300.0,250.0,250.0,300.0,350.0,400.0,450.0
0.0,1.0,2.0,3.0,4.0,5.0,6.0,7.0,8.0,9.0
1.0,0.0,1.0,2.0,3.0,4.0,5.0,6.0,7.0,8.0
2.0,1.0,0.0,1.0,2.0,3.0,4.0,5.0,6.0,7.0
3.0,2.0,1.0,0.0,1.0,2.0,3.0,4.0,5.0,6.0
4.0,3.0,2.0,1.0,0.0,1.0,2.0,3.0,4.0,5.0
5.0,4.0,3.0,2.0,1.0,0.0,1.0,2.0,3.0,4.0
6.0,5.0,4.0,3.0,2.0,1.0,0.0,1.0,2.0,3.0
7.0,6.0,5.0,4.0,3.0,2.0,1.0,0.0,1.0,2.0
8.0,7.0,6.0,5.0,4.0,3.0,2.0,1.0,0.0,1.0
9.0,8.0,7.0,6.0,5.0,4.0,3.0,2.0,1.0,0.0
45.0,40.0,35.0,30.0,25.0,25.0,30.0,35.0,40.0,45.0
17.0,19.0,32.0,26.0,31.0,21.0,29.0,25.0,21.0,27.0,26.0,26.0,23.0,24.0,27.0,20.0,28.0,27.0,33.0,24.0,30.0,31.0,29.0,23.0,24.0,16.0,30.0,35.0,17.0,24.0,37.0,31.0,20.0,26.0,25.0,32.0,28.0,21.0,22.0,23.0,25.0,19.0,13.0,27.0,25.0,26.0,21.0,27.0,31.0,34.0
21.0,22.0,23.0,21.0,31.0,23.0,29.0,25.0,21.0,22.0,18.0,20.0,14.0,22.0,17.0,31.0,25.0,17.0,24.0,27.0,21.0,18.0,26.0,20.0,24.0,18.0,19.0,18.0,27.0,18.0,16.0,32.0,23.0,16.0,23.0,24.0,26.0,15.0,23.0,32.0,25.0,18.0,23.0,18.0,20.0,17.0,26.0,26.0,18.0,17.0
24.0,17.0,19.0,24.0,21.0,24.0,27.0,22.0,30.0,27.0,31.0,24.0,16.0,13.0,27.0,25.0,17.0,26.0,26.0,24.0,28.0,16.0,25.0,25.0,23.0,22.0,30.0,24.0,29.0,26.0,25.0,30.0,30.0,32.0,16.0,28.0,24.0,32.0,22.0,27.0,25.0,25.0,26.0,23.0,31.0,19.0,19.0,24.0,27.0,21.0
54.0,37.0,35.0,38.0,37.0,42.0,46.0,37.0,31.0,38.0,31.0,30.0,34.0,30.0,34.0,37.0,31.0,33.0,34.0,25.0,37.0,36.0,47.0,28.0,47.0,24.0,44.0,38.0,32.0,36.0,34.0,41.0,33.0,47.0,42.0,36.0,32.0,34.0,34.0,24.0,46.0,47.0,32.0,45.0,41.0,42.0,41.0,36.0,41.0,41.0
33.0,31.0,36.0,42.0,46.0,45.0,30.0,35.0,35.0,48.0,42.0,46.0,42.0,31.0,37.0,32.0,40.0,31.0,36.0,33.0,32.0,32.0,39.0,41.0,38.0,43.0,33.0,48.0,40.0,41.0,36.0,41.0,44.0,40.0,29.0,38.0,25.0,26.0,36.0,42.0,36.0,35.0,41.0,39.0,36.0,31.0,28.0,26.0,38.0,40.0
26.0,24.0,29.0,23.0,32.0,32.0,27.0,27.0,28.0,24.0,29.0,34.0,31.0,29.0,28.0,37.0,30.0,29.0,27.0,32.0,25.0,40.0,30.0,24.0,20.0,25.0,25.0,32.0,34.0,36.0,31.0,29.0,27.0,28.0,33.0,24.0,30.0,31.0,34.0,28.0,44.0,28.0,31.0,38.0,15.0,34.0,21.0,32.0,28.0,30.0
30.0,30.0,38.0,35.0,31.0,22.0,44.0,29.0,44.0,31.0,39.0,39.0,25.0,31.0,26.0,35.0,40.0,40.0,34.0,29.0,39.0,43.0,34.0,29.0,39.0,30.0,33.0,40.0,30.0,35.0,36.0,35.0,26.0,36.0,30.0,34.0,37.0,28.0,25.0,29.0,26.0,33.0,49.0,44.0,30.0,28.0,33.0,37.0,34.0,31.0
41.0,31.0,31.0,31.0,26.0,32.0,26.0,38.0,28.0,35.0,33.0,28.0,32.0,33.0,45.0,37.0,28.0,30.0,32.0,37.0,28.0,25.0,28.0,36.0,35.0,24.0,29.0,40.0,27.0,24.0,32.0,34.0,27.0,36.0,33.0,33.0,41.0,39.0,25.0,33.0,35.0,33.0,28.0,24.0,28.0,32.0,31.0,21.0,25.0,31.0
26.0,18.0,29.0,21.0,25.0,16.0,21.0,36.0,29.0,23.0,22.0,23.0,28.0,22.0,25.0,32.0,25.0,26.0,19.0,27.0,25.0,21.0,31.0,24.0,28.0,17.0,17.0,17.0,28.0,21.0,27.0,19.0,25.0,31.0,31.0,21.0,18.0,20.0,25.0,27.0,15.0,21.0,18.0,25.0,27.0,27.0,16.0,13.0,29.0,18.0
34.0,29.0,29.0,33.0,35.0,28.0,26.0,36.0,30.0,34.0,42.0,30.0,35.0,28.0,29.0,38.0,40.0,35.0,25.0,41.0,33.0,37.0,27.0,43.0,29.0,31.0,34.0,46.0,25.0,37.0,21.0,42.0,34.0,42.0,36.0,32.0,36.0,24.0,35.0,30.0,32.0,36.0,26.0,29.0,24.0,35.0,27.0,26.0,34.0,28.0
