10,50,1000
17.093914,16.835087,16.282208,17.902653,15.633735,15.940855,18.602774,16.181992,19.305776,15.028428
9.904597,7.065047,8.417832,5.679717,7.386789,5.782186,5.248909,7.775412,9.725533,6.988601
0.0,10.0,20.0,30.0,40.0,50.0,60.0,70.0,80.0,90.0
10.0,0.0,10.0,20.0,30.0,40.0,50.0,60.0,70.0,80.0
20.0,10.0,0.0,10.0,20.0,30.0,40.0,50.0,60.0,70.0
30.0,20.0,10.0,0.0,10.0,20.0,30.0,40.0,50.0,60.0
40.0,30.0,20.0,10.0,0.0,10.0,20.0,30.0,40.0,50.0
50.0,40.0,30.0,20.0,10.0,0.0,10.0,20.0,30.0,40.0
60.0,50.0,40.0,30.0,20.0,10.0,0.0,10.0,20.0,30.0
70.0,60.0,50.0,40.0,30.0,20.0,10.0,0.0,10.0,20.0
80.0,70.0,60.0,50.0,40.0,30.0,20.0,10.0,0.0,10.0
90.0,80.0,70.0,60.0,50.0,40.0,30.0,20.0,10.0,0.0
450.0,400.0,350.0,300.0,250.0,250.0,300.0,350.0,400.0,450.0
0.0,1.0,2.0,3.0,4.0,5.0,6.0,7.0,8.0,9.0
1.0,0.0,1.0,2.0,3.0,4.0,5.0,6.0,7.0,8.0
2.0,1.0,0.0,1.0,2.0,3.0,4.0,5.0,6.0,7.0
3.0,2.0,1.0,0.0,1.0,2.0,3.0,4.0,5.0,6.0
4.0,3.0,2.0,1.0,0.0,1.0,2.0,3.0,4.0,5.0
5.0,4.0,3.0,2.0,1.0,0.0,1.0,2.0,3.0,4.0
6.0,5.0,4.0,3.0,2.0,1.0,0.0,1.0,2.0,3.0
7.0,6.0,5.0,4.0,3.0,2.0,1.0,0.0,1.0,2.0
8.0,7.0,6.0,5.0,4.0,3.0,2.0,1.0,0.0,1.0
9.0,8.0,7.0,6.0,5.0,4.0,3.0,2.0,1.0,0.0
45.0,40.0,35.0,30.0,25.0,25.0,30.0,35.0,40.0,45.0
49.0,42.0,43.0,41.0,42.0,34.0,39.0,29.0,47.0,31.0,38.0,37.0,38.0,57.0,31.0,46.0,34.0,35.0,43.0,40.0,46.0,45.0,33.0,38.0,40.0,31.0,42.0,47.0,41.0,40.0,44.0,32.0,37.0,32.0,36.0,35.0,35.0,36.0,31.0,24.0,37.0,31.0,40.0,53.0,30.0,48.0,33.0,38.0,37.0,28.0
27.0,25.0,36.0,28.0,28.0,27.0,25.0,23.0,23.0,29.0,23.0,25.0,28.0,24.0,28.0,34.0,29.0,29.0,44.0,32.0,23.0,27.0,28.0,35.0,38.0,30.0,26.0,22.0,39.0,33.0,30.0,24.0,24.0,25.0,25.0,30.0,20.0,28.0,29.0,24.0,24.0,34.0,26.0,36.0,27.0,22.0,34.0,21.0,35.0,24.0
30.0,33.0,30.0,25.0,28.0,21.0,37.0,20.0,25.0,31.0,28.0,33.0,38.0,22.0,33.0,29.0,37.0,34.0,26.0,30.0,30.0,24.0,40.0,36.0,24.0,32.0,32.0,28.0,33.0,38.0,28.0,28.0,20.0,34.0,29.0,38.0,25.0,32.0,22.0,29.0,27.0,19.0,31.0,24.0,33.0,32.0,30.0,34.0,29.0,27.0
26.0,18.0,20.0,23.0,28.0,21.0,25.0,25.0,25.0,14.0,27.0,31.0,19.0,21.0,22.0,24.0,11.0,16.0,16.0,21.0,21.0,18.0,26.0,24.0,22.0,29.0,20.0,35.0,17.0,28.0,27.0,21.0,17.0,25.0,26.0,25.0,31.0,20.0,23.0,18.0,23.0,35.0,23.0,18.0,18.0,34.0,13.0,17.0,21.0,18.0
23.0,26.0,30.0,23.0,36.0,23.0,26.0,42.0,30.0,27.0,14.0,28.0,20.0,25.0,34.0,21.0,25.0,28.0,31.0,35.0,32.0,16.0,35.0,31.0,25.0,30.0,31.0,32.0,23.0,27.0,33.0,25.0,18.0,25.0,32.0,27.0,37.0,25.0,21.0,30.0,21.0,23.0,25.0,30.0,31.0,37.0,21.0,24.0,22.0,32.0
17.0,33.0,22.0,18.0,23.0,26.0,14.0,21.0,26.0,15.0,21.0,22.0,25.0,22.0,19.0,30.0,20.0,23.0,17.0,29.0,24.0,28.0,30.0,20.0,21.0,19.0,22.0,18.0,31.0,24.0,20.0,17.0,21.0,24.0,26.0,15.0,17.0,21.0,26.0,20.0,28.0,31.0,43.0,27.0,26.0,23.0,32.0,18.0,27.0,24.0
24.0,31.0,30.0,25.0,16.0,27.0,25.0,14.0,21.0,26.0,25.0,21.0,22.0,16.0,25.0,22.0,21.0,17.0,22.0,15.0,22.0,19.0,22.0,18.0,24.0,20.0,26.0,16.0,16.0,21.0,22.0,16.0,20.0,23.0,31.0,20.0,20.0,20.0,26.0,24.0,21.0,16.0,17.0,26.0,26.0,21.0,18.0,27.0,28.0,20.0
29.0,32.0,25.0,24.0,29.0,28.0,29.0,26.0,30.0,27.0,32.0,30.0,31.0,19.0,25.0,25.0,25.0,37.0,35.0,26.0,30.0,35.0,38.0,19.0,25.0,39.0,37.0,31.0,23.0,20.0,30.0,32.0,37.0,31.0,33.0,33.0,23.0,20.0,31.0,29.0,34.0,31.0,22.0,35.0,26.0,28.0,39.0,23.0,26.0,24.0
44.0,41.0,31.0,29.0,33.0,38.0,33.0,37.0,40.0,44.0,40.0,28.0,34.0,20.0,46.0,37.0,46.0,24.0,39.0,40.0,39.0,41.0,36.0,44.0,33.0,28.0,36.0,50.0,38.0,29.0,32.0,33.0,41.0,34.0,44.0,34.0,30.0,34.0,45.0,44.0,37.0,27.0,35.0,39.0,28.0,35.0,34.0,32.0,40.0,44.0
16.0,27.0,26.0,27.0,21.0,21.0,16.0,32.0,33.0,20.0,29.0,22.0,24.0,29.0,30.0,22.0,32.0,25.0,25.0,27.0,24.0,19.0,29.0,24.0,28.0,33.0,22.0,25.0,26.0,21.0,15.0,27.0,25.0,36.0,29.0,31.0,25.0,26.0,31.0,19.0,24.0,28.0,21.0,24.0,24.0,31.0,21.0,37.0,19.0,28.0
