10,50,1000
18.771986,17.576603,19.018756,17.971102,19.732949,18.470778,16.479838,15.92006,18.686265,16.655327
9.793656,6.428309,5.339171,9.780512,8.62055,6.889864,8.794916,7.709773,9.140394,7.569708
0.0,10.0,20.0,30.0,40.0,50.0,60.0,70.0,80.0,90.0
10.0,0.0,10.0,20.0,30.0,40.0,50.0,60.0,70.0,80.0
20.0,10.0,0.0,10.0,20.0,30.0,40.0,50.0,60.0,70.0
30.0,20.0,10.0,0.0,10.0,20.0,30.0,40.0,50.0,60.0
40.0,30.0,20.0,10.0,0.0,10.0,20.0,30.0,40.0,50.0
50.0,40.0,30.0,20.0,10.0,0.0,10.0,20.0,30.0,40.0
60.0,50.0,40.0,30.0,20.0,10.0,0.0,10.0,20.0,30.0
70.0,60.0,50.0,40.0,30.0,20.0,10.0,0.0,10.0,20.0
80.0,70.0,60.0,50.0,40.0,30.0,20.0,10.0,0.0,10.0
90.0,80.0,70.0,60.0,50.0,40.0,30.0,20.0,10.0,0.0
450.0,400.0,350.0,300.0,250.0,250.0,300.0,350.0,400.0,450.0
0.0,1.0,2.0,3.0,4.0,5.0,6.0,7.0,8.0,9.0
1.0,0.0,1.0,2.0,3.0,4.0,5.0,6.0,7.0,8.0
2.0,1.0,0.0,1.0,2.0,3.0,4.0,5.0,6.0,7.0
3.0,2.0,1.0,0.0,1.0,2.0,3.0,4.0,5.0,6.0
4.0,3.0,2.0,1.0,0.0,1.0,2.0,3.0,4.0,5.0
5.0,4.0,3.0,2.0,1.0,0.0,1.0,2.0,3.0,4.0
6.0,5.0,4.0,3.0,2.0,1.0,0.0,1.0,2.0,3.0
7.0,6.0,5.0,4.0,3.0,2.0,1.0,0.0,1.0,2.0
8.0,7.0,6.0,5.0,4.0,3.0,2.0,1.0,0.0,1.0
9.0,8.0,7.0,6.0,5.0,4.0,3.0,2.0,1.0,0.0
45.0,40.0,35.0,30.0,25.0,25.0,30.0,35.0,40.0,45.0
31.0,40.0,43.0,44.0,33.0,37.0,36.0,32.0,43.0,33.0,32.0,42.0,37.0,28.0,33.0,28.0,26.0,39.0,29.0,37.0,41.0,33.0,36.0,27.0,35.0,34.0,31.0,31.0,48.0,39.0,37.0,27.0,41.0,31.0,40.0,27.0,29.0,35.0,41.0,41.0,31.0,43.0,37.0,30.0,36.0,47.0,32.0,39.0,44.0,38.0
25.0,28.0,20.0,35.0,32.0,26.0,32.0,31.0,22.0,25.0,24.0,20.0,21.0,25.0,30.0,23.0,27.0,24.0,32.0,20.0,18.0,18.0,20.0,24.0,25.0,20.0,12.0,19.0,22.0,31.0,29.0,20.0,21.0,22.0,23.0,18.0,27.0,24.0,26.0,28.0,29.0,22.0,26.0,35.0,26.0,25.0,32.0,32.0,24.0,23.0
23.0,19.0,19.0,23.0,25.0,24.0,21.0,32.0,16.0,19.0,10.0,19.0,27.0,25.0,29.0,20.0,21.0,14.0,32.0,27.0,18.0,20.0,22.0,18.0,21.0,18.0,22.0,18.0,19.0,22.0,28.0,23.0,18.0,31.0,31.0,25.0,14.0,21.0,23.0,17.0,19.0,22.0,17.0,16.0,25.0,24.0,27.0,23.0,29.0,23.0
44.0,43.0,35.0,37.0,38.0,33.0,39.0,37.0,36.0,37.0,28.0,39.0,39.0,39.0,39.0,45.0,37.0,36.0,48.0,36.0,35.0,27.0,47.0,36.0,38.0,32.0,45.0,44.0,40.0,49.0,36.0,31.0,45.0,34.0,45.0,35.0,29.0,20.0,28.0,44.0,41.0,39.0,39.0,41.0,32.0,28.0,27.0,31.0,39.0,49.0
32.0,25.0,26.0,39.0,26.0,26.0,33.0,33.0,36.0,51.0,28.0,38.0,34.0,36.0,26.0,34.0,21.0,28.0,24.0,27.0,38.0,39.0,30.0,35.0,36.0,33.0,30.0,40.0,38.0,35.0,21.0,28.0,30.0,36.0,33.0,37.0,32.0,35.0,23.0,27.0,40.0,36.0,38.0,35.0,30.0,32.0,34.0,40.0,31.0,37.0
26.0,21.0,22.0,24.0,25.0,18.0,38.0,25.0,19.0,19.0,28.0,26.0,29.0,27.0,31.0,28.0,29.0,28.0,31.0,22.0,32.0,28.0,21.0,29.0,29.0,26.0,31.0,23.0,29.0,26.0,27.0,26.0,26.0,24.0,28.0,23.0,33.0,34.0,34.0,34.0,33.0,27.0,29.0,33.0,23.0,28.0,31.0,26.0,31.0,29.0
31.0,32.0,25.0,41.0,40.0,41.0,35.0,30.0,27.0,37.0,31.0,37.0,32.0,24.0,23.0,33.0,35.0,37.0,39.0,29.0,32.0,25.0,43.0,34.0,34.0,32.0,31.0,33.0,20.0,28.0,29.0,31.0,41.0,33.0,33.0,33.0,23.0,33.0,40.0,46.0,25.0,37.0,36.0,29.0,25.0,20.0,39.0,29.0,26.0,29.0
28.0,32.0,37.0,46.0,30.0,32.0,30.0,22.0,34.0,31.0,32.0,28.0,37.0,37.0,25.0,23.0,27.0,27.0,21.0,31.0,32.0,25.0,40.0,34.0,31.0,27.0,18.0,30.0,27.0,19.0,28.0,24.0,30.0,21.0,22.0,28.0,33.0,32.0,26.0,24.0,31.0,29.0,29.0,38.0,24.0,34.0,32.0,34.0,32.0,29.0
33.0,30.0,39.0,43.0,25.0,27.0,41.0,27.0,23.0,40.0,39.0,37.0,33.0,37.0,25.0,29.0,33.0,38.0,36.0,36.0,32.0,35.0,34.0,32.0,33.0,31.0,36.0,33.0,27.0,38.0,41.0,25.0,29.0,34.0,31.0,30.0,34.0,32.0,38.0,38.0,20.0,42.0,41.0,37.0,29.0,35.0,46.0,35.0,32.0,32.0
24.0,22.0,28.0,23.0,26.0,33.0,34.0,29.0,15.0,30.0,37.0,43.0,26.0,27.0,31.0,26.0,33.0,31.0,25.0,26.0,28.0,28.0,18.0,32.0,25.0,26.0,22.0,32.0,22.0,26.0,34.0,24.0,29.0,24.0,23.0,35.0,40.0,31.0,22.0,36.0,25.0,38.0,30.0,37.0,33.0,31.0,30.0,31.0,20.0,36.0
