10,50,1000
15.813475,16.263397,18.332467,15.886032,18.224102,15.26017,17.558257,19.948199,16.983044,19.856686
8.287007,5.251615,8.810559,5.107033,7.542875,5.917663,9.806992,7.885996,8.213942,7.039816
0.0,10.0,20.0,30.0,40.0,50.0,60.0,70.0,80.0,90.0
10.0,0.0,10.0,20.0,30.0,40.0,50.0,60.0,70.0,80.0
20.0,10.0,0.0,10.0,20.0,30.0,40.0,50.0,60.0,70.0
30.0,20.0,10.0,0.0,10.0,20.0,30.0,40.0,50.0,60.0
40.0,30.0,20.0,10.0,0.0,10.0,20.0,30.0,40.0,50.0
50.0,40.0,30.0,20.0,10.0,0.0,10.0,20.0,30.0,40.0
60.0,50.0,40.0,30.0,20.0,10.0,0.0,10.0,20.0,30.0
70.0,60.0,50.0,40.0,30.0,20.0,10.0,0.0,10.0,20.0
80.0,70.0,60.0,50.0,40.0,30.0,20.0,10.0,0.0,10.0
90.0,80.0,70.0,60.0,50.0,40.0,30.0,20.0,10.0,0.0
450.0,400.0,350.0,300.0,250.0,250.0,300.0,350.0,400.0,450.0
0.0,1.0,2.0,3.0,4.0,5.0,6.0,7.0,8.0,9.0
1.0,0.0,1.0,2.0,3.0,4.0,5.0,6.0,7.0,8.0
2.0,1.0,0.0,1.0,2.0,3.0,4.0,5.0,6.0,7.0
3.0,2.0,1.0,0.0,1.0,2.0,3.0,4.0,5.0,6.0
4.0,3.0,2.0,1.0,0.0,1.0,2.0,3.0,4.0,5.0
5.0,4.0,3.0,2.0,1.0,0.0,1.0,2.0,3.0,4.0
6.0,5.0,4.0,3.0,2.0,1.0,0.0,1.0,2.0,3.0
7.0,6.0,5.0,4.0,3.0,2.0,1.0,0.0,1.0,2.0
8.0,7.0,6.0,5.0,4.0,3.0,2.0,1.0,0.0,1.0
9.0,8.0,7.0,6.0,5.0,4.0,3.0,2.0,1.0,0.0
45.0,40.0,35.0,30.0,25.0,25.0,30.0,35.0,40.0,45.0
38.0,30.0,32.0,29.0,25.0,42.0,35.0,28.0,25.0,48.0,38.0,31.0,33.0,42.0,28.0,39.0,31.0,33.0,30.0,29.0,38.0,32.0,40.0,39.0,37.0,35.0,34.0,41.0,24.0,33.0,29.0,29.0,31.0,30.0,38.0,27.0,42.0,26.0,35.0,33.0,34.0,30.0,30.0,30.0,41.0,35.0,33.0,34.0,32.0,34.0
15.0,15.0,29.0,28.0,15.0,19.0,23.0,23.0,18.0,25.0,21.0,17.0,23.0,22.0,29.0,20.0,20.0,14.0,26.0,15.0,30.0,24.0,23.0,20.0,20.0,18.0,23.0,21.0,29.0,19.0,18.0,18.0,12.0,15.0,24.0,17.0,22.0,19.0,36.0,20.0,21.0,18.0,24.0,18.0,25.0,36.0,19.0,23.0,14.0,19.0
27.0,41.0,33.0,34.0,34.0,31.0,34.0,29.0,40.0,31.0,28.0,27.0,44.0,31.0,27.0,28.0,28.0,30.0,28.0,32.0,30.0,27.0,33.0,29.0,34.0,40.0,33.0,39.0,44.0,30.0,36.0,33.0,28.0,32.0,35.0,32.0,24.0,30.0,27.0,28.0,27.0,31.0,33.0,30.0,23.0,44.0,39.0,26.0,50.0,27.0
32.0,18.0,28.0,23.0,14.0,19.0,20.0,26.0,15.0,23.0,21.0,17.0,15.0,26.0,18.0,24.0,26.0,26.0,25.0,20.0,19.0,19.0,25.0,28.0,18.0,24.0,25.0,21.0,29.0,21.0,15.0,12.0,20.0,20.0,21.0,18.0,30.0,28.0,21.0,15.0,23.0,20.0,24.0,25.0,17.0,26.0,21.0,33.0,26.0,9.0
32.0,35.0,25.0,30.0,34.0,25.0,27.0,30.0,29.0,36.0,34.0,18.0,24.0,34.0,25.0,31.0,28.0,31.0,29.0,39.0,23.0,33.0,36.0,19.0,27.0,31.0,30.0,35.0,25.0,32.0,34.0,26.0,24.0,32.0,30.0,28.0,38.0,33.0,23.0,36.0,31.0,23.0,22.0,28.0,31.0,21.0,34.0,32.0,26.0,23.0
13.0,21.0,24.0,25.0,23.0,30.0,34.0,14.0,29.0,28.0,32.0,21.0,25.0,17.0,14.0,20.0,23.0,24.0,22.0,19.0,27.0,24.0,17.0,25.0,23.0,36.0,25.0,23.0,27.0,21.0,18.0,27.0,22.0,17.0,25.0,24.0,22.0,32.0,29.0,25.0,17.0,10.0,18.0,17.0,41.0,17.0,19.0,31.0,18.0,18.0
21.0,30.0,32.0,38.0,34.0,32.0,42.0,51.0,41.0,48.0,38.0,38.0,27.0,36.0,37.0,28.0,26.0,32.0,33.0,31.0,36.0,28.0,35.0,47.0,48.0,25.0,39.0,41.0,28.0,36.0,41.0,36.0,34.0,50.0,42.0,31.0,42.0,39.0,40.0,37.0,30.0,28.0,46.0,46.0,37.0,44.0,40.0,34.0,37.0,29.0
37.0,32.0,34.0,31.0,27.0,26.0,34.0,40.0,34.0,33.0,35.0,25.0,32.0,30.0,32.0,32.0,34.0,28.0,35.0,34.0,26.0,28.0,32.0,37.0,41.0,28.0,31.0,28.0,25.0,34.0,31.0,31.0,32.0,31.0,23.0,34.0,33.0,35.0,26.0,38.0,39.0,35.0,37.0,28.0,33.0,28.0,28.0,27.0,30.0,35.0
41.0,30.0,39.0,21.0,30.0,32.0,33.0,25.0,38.0,46.0,26.0,32.0,29.0,31.0,23.0,29.0,30.0,31.0,23.0,19.0,41.0,28.0,44.0,19.0,25.0,21.0,22.0,32.0,34.0,30.0,30.0,49.0,35.0,35.0,35.0,38.0,24.0,26.0,23.0,33.0,26.0,36.0,34.0,36.0,33.0,33.0,31.0,23.0,25.0,33.0
32.0,34.0,18.0,34.0,24.0,38.0,22.0,28.0,26.0,39.0,24.0,23.0,25.0,24.0,18.0,38.0,19.0,26.0,31.0,28.0,29.0,32.0,22.0,25.0,22.0,28.0,19.0,29.0,21.0,37.0,21.0,29.0,24.0,41.0,30.0,25.0,26.0,28.0,24.0,23.0,19.0,35.0,32.0,36.0,25.0,21.0,26.0,29.0,18.0,30.0
