10,50,1000
18.483287,15.737976,16.214664,18.840845,17.386472,17.883003,16.479686,19.108277,18.837963,17.40784
6.03528,8.311843,8.581766,8.387622,8.525478,7.894856,7.614018,5.151198,9.521078,9.489593
0.0,10.0,20.0,30.0,40.0,50.0,60.0,70.0,80.0,90.0
10.0,0.0,10.0,20.0,30.0,40.0,50.0,60.0,70.0,80.0
20.0,10.0,0.0,10.0,20.0,30.0,40.0,50.0,60.0,70.0
30.0,20.0,10.0,0.0,10.0,20.0,30.0,40.0,50.0,60.0
40.0,30.0,20.0,10.0,0.0,10.0,20.0,30.0,40.0,50.0
50.0,40.0,30.0,20.0,10.0,0.0,10.0,20.0,30.0,40.0
60.0,50.0,40.0,30.0,20.0,10.0,0.0,10.0,20.0,30.0
70.0,60.0,50.0,40.0,30.0,20.0,10.0,0.0,10.0,20.0
80.0,70.0,60.0,50.0,40.0,30.0,20.0,10.0,0.0,10.0
90.0,80.0,70.0,60.0,50.0,40.0,30.0,20.0,10.0,0.0
450.0,400.0,350.0,300.0,250.0,250.0,300.0,350.0,400.0,450.0
0.0,1.0,2.0,3.0,4.0,5.0,6.0,7.0,8.0,9.0
1.0,0.0,1.0,2.0,3.0,4.0,5.0,6.0,7.0,8.0
2.0,1.0,0.0,1.0,2.0,3.0,4.0,5.0,6.0,7.0
3.0,2.0,1.0,0.0,1.0,2.0,3.0,4.0,5.0,6.0
4.0,3.0,2.0,1.0,0.0,1.0,2.0,3.0,4.0,5.0
5.0,4.0,3.0,2.0,1.0,0.0,1.0,2.0,3.0,4.0
6.0,5.0,4.0,3.0,2.0,1.0,0.0,1.0,2.0,3.0
7.0,6.0,5.0,4.0,3.0,2.0,1.0,0.0,1.0,2.0
8.0,7.0,6.0,5.0,4.0,3.0,2.0,1.0,0.0,1.0
9.0,8.0,7.0,6.0,5.0,4.0,3.0,2.0,1.0,0.0
45.0,40.0,35.0,30.0,25.0,25.0,30.0,35.0,40.0,45.0
26.0,24.0,26.0,16.0,15.0,24.0,27.0,22.0,22.0,20.0,21.0,27.0,14.0,28.0,22.0,20.0,22.0,29.0,24.0,19.0,21.0,28.0,22.0,26.0,27.0,32.0,30.0,31.0,30.0,19.0,27.0,33.0,28.0,17.0,25.0,29.0,23.0,25.0,19.0,32.0,17.0,24.0,15.0,26.0,18.0,25.0,25.0,23.0,20.0,29.0
40.0,26.0,25.0,36.0,31.0,37.0,23.0,27.0,32.0,29.0,28.0,35.0,32.0,34.0,30.0,32.0,26.0,32.0,39.0,33.0,25.0,32.0,27.0,23.0,31.0,30.0,31.0,33.0,25.0,28.0,21.0,26.0,33.0,32.0,22.0,34.0,30.0,30.0,38.0,33.0,38.0,37.0,21.0,26.0,40.0,30.0,34.0,31.0,27.0,27.0
38.0,25.0,23.0,28.0,32.0,39.0,38.0,32.0,34.0,35.0,34.0,32.0,26.0,35.0,31.0,28.0,35.0,30.0,23.0,41.0,24.0,26.0,36.0,29.0,29.0,25.0,36.0,32.0,32.0,30.0,41.0,23.0,27.0,36.0,32.0,31.0,30.0,24.0,30.0,25.0,35.0,29.0,47.0,26.0,25.0,28.0,26.0,31.0,41.0,26.0
31.0,31.0,29.0,34.0,23.0,40.0,35.0,26.0,27.0,26.0,24.0,34.0,31.0,19.0,32.0,31.0,27.0,43.0,27.0,31.0,33.0,32.0,28.0,20.0,27.0,26.0,36.0,36.0,37.0,32.0,32.0,27.0,21.0,41.0,37.0,36.0,29.0,26.0,35.0,27.0,33.0,28.0,33.0,29.0,17.0,33.0,47.0,39.0,23.0,29.0
31.0,28.0,39.0,24.0,32.0,23.0,25.0,25.0,28.0,31.0,36.0,28.0,33.0,28.0,33.0,33.0,24.0,29.0,34.0,42.0,39.0,41.0,34.0,47.0,27.0,34.0,34.0,32.0,31.0,39.0,35.0,26.0,29.0,45.0,33.0,30.0,38.0,44.0,35.0,30.0,26.0,32.0,34.0,39.0,30.0,31.0,35.0,30.0,29.0,29.0
27.0,34.0,44.0,38.0,33.0,30.0,31.0,23.0,28.0,36.0,20.0,27.0,30.0,39.0,42.0,24.0,30.0,34.0,27.0,29.0,34.0,28.0,24.0,24.0,28.0,41.0,30.0,40.0,28.0,31.0,21.0,36.0,28.0,30.0,36.0,29.0,28.0,26.0,37.0,38.0,34.0,25.0,26.0,24.0,27.0,27.0,32.0,29.0,27.0,39.0
19.0,28.0,24.0,30.0,28.0,28.0,32.0,34.0,25.0,33.0,26.0,28.0,34.0,30.0,31.0,38.0,36.0,31.0,31.0,27.0,33.0,26.0,32.0,30.0,25.0,41.0,25.0,35.0,34.0,30.0,33.0,44.0,26.0,26.0,32.0,26.0,31.0,33.0,29.0,30.0,32.0,32.0,32.0,29.0,27.0,23.0,32.0,28.0,31.0,31.0
23.0,24.0,22.0,25.0,25.0,28.0,27.0,27.0,19.0,24.0,20.0,18.0,23.0,17.0,24.0,19.0,25.0,28.0,25.0,21.0,28.0,12.0,19.0,21.0,14.0,20.0,27.0,27.0,19.0,21.0,24.0,25.0,29.0,17.0,18.0,23.0,19.0,24.0,23.0,17.0,24.0,23.0,31.0,30.0,16.0,30.0,21.0,19.0,20.0,24.0
38.0,29.0,36.0,32.0,44.0,35.0,29.0,33.0,35.0,42.0,33.0,25.0,36.0,41.0,26.0,39.0,31.0,41.0,42.0,32.0,30.0,31.0,37.0,28.0,31.0,37.0,30.0,38.0,38.0,40.0,33.0,40.0,30.0,37.0,37.0,39.0,42.0,45.0,31.0,39.0,38.0,36.0,39.0,43.0,33.0,47.0,40.0,32.0,28.0,34.0
42.0,35.0,31.0,45.0,36.0,41.0,32.0,30.0,36.0,37.0,30.0,43.0,31.0,30.0,31.0,33.0,35.0,38.0,40.0,38.0,33.0,24.0,31.0,38.0,39.0,38.0,39.0,27.0,32.0,31.0,32.0,24.0,31.0,32.0,30.0,42.0,40.0,34.0,32.0,41.0,35.0,37.0,27.0,31.0,38.0,35.0,27.0,36.0,35.0,42.0
