10,50,1000
16.875861,16.563862,17.409314,19.507273,15.354325,16.25569,15.443867,16.250027,16.531274,15.996738
5.2042,6.591162,6.132183,7.362682,6.700853,9.602084,7.416902,7.772492,6.050694,8.372964
0.0,10.0,20.0,30.0,40.0,50.0,60.0,70.0,80.0,90.0
10.0,0.0,10.0,20.0,30.0,40.0,50.0,60.0,70.0,80.0
20.0,10.0,0.0,10.0,20.0,30.0,40.0,50.0,60.0,70.0
30.0,20.0,10.0,0.0,10.0,20.0,30.0,40.0,50.0,60.0
40.0,30.0,20.0,10.0,0.0,10.0,20.0,30.0,40.0,50.0
50.0,40.0,30.0,20.0,10.0,0.0,10.0,20.0,30.0,40.0
60.0,50.0,40.0,30.0,20.0,10.0,0.0,10.0,20.0,30.0
70.0,60.0,50.0,40.0,30.0,20.0,10.0,0.0,10.0,20.0
80.0,70.0,60.0,50.0,40.0,30.0,20.0,10.0,0.0,10.0
90.0,80.0,70.0,60.0,50.0,40.0,30.0,20.0,10.0,0.0
450.0,400.0,350.0,300.0,250.0,250.0,300.0,350.0,400.0,450.0
0.0,1.0,2.0,3.0,4.0,5.0,6.0,7.0,8.0,9.0
1.0,0.0,1.0,2.0,3.0,4.0,5.0,6.0,7.0,8.0
2.0,1.0,0.0,1.0,2.0,3.0,4.0,5.0,6.0,7.0
3.0,2.0,1.0,0.0,1.0,2.0,3.0,4.0,5.0,6.0
4.0,3.0,2.0,1.0,0.0,1.0,2.0,3.0,4.0,5.0
5.0,4.0,3.0,2.0,1.0,0.0,1.0,2.0,3.0,4.0
6.0,5.0,4.0,3.0,2.0,1.0,0.0,1.0,2.0,3.0
7.0,6.0,5.0,4.0,3.0,2.0,1.0,0.0,1.0,2.0
8.0,7.0,6.0,5.0,4.0,3.0,2.0,1.0,0.0,1.0
9.0,8.0,7.0,6.0,5.0,4.0,3.0,2.0,1.0,0.0
45.0,40.0,35.0,30.0,25.0,25.0,30.0,35.0,40.0,45.0
23.0,21.0,21.0,20.0,31.0,24.0,22.0,22.0,30.0,19.0,15.0,22.0,16.0,16.0,19.0,20.0,24.0,25.0,34.0,20.0,20.0,23.0,28.0,23.0,20.0,16.0,22.0,19.0,18.0,22.0,17.0,19.0,19.0,24.0,20.0,23.0,16.0,21.0,30.0,25.0,18.0,27.0,23.0,24.0,22.0,26.0,17.0,25.0,28.0,22.0
28.0,32.0,24.0,21.0,29.0,28.0,34.0,17.0,25.0,26.0,23.0,14.0,30.0,24.0,24.0,26.0,34.0,35.0,35.0,25.0,29.0,32.0,36.0,21.0,27.0,24.0,24.0,22.0,30.0,31.0,15.0,24.0,30.0,25.0,24.0,33.0,20.0,24.0,20.0,26.0,25.0,24.0,32.0,27.0,26.0,28.0,17.0,25.0,30.0,29.0
19.0,27.0,22.0,22.0,29.0,25.0,22.0,24.0,22.0,29.0,23.0,27.0,24.0,20.0,24.0,27.0,21.0,30.0,20.0,22.0,18.0,21.0,21.0,22.0,25.0,24.0,33.0,20.0,25.0,32.0,25.0,17.0,27.0,24.0,18.0,21.0,25.0,27.0,31.0,21.0,25.0,31.0,26.0,27.0,26.0,24.0,18.0,19.0,30.0,26.0
32.0,37.0,33.0,31.0,31.0,26.0,33.0,30.0,31.0,26.0,39.0,27.0,26.0,32.0,26.0,30.0,22.0,30.0,35.0,39.0,42.0,47.0,28.0,27.0,24.0,34.0,24.0,25.0,34.0,35.0,24.0,22.0,37.0,35.0,35.0,26.0,32.0,24.0,38.0,36.0,26.0,36.0,28.0,29.0,37.0,24.0,31.0,25.0,28.0,27.0
22.0,28.0,31.0,22.0,25.0,27.0,34.0,21.0,25.0,16.0,33.0,22.0,29.0,33.0,26.0,27.0,24.0,28.0,26.0,24.0,26.0,32.0,34.0,28.0,17.0,36.0,39.0,25.0,25.0,27.0,29.0,30.0,30.0,26.0,23.0,21.0,22.0,20.0,26.0,28.0,22.0,20.0,28.0,33.0,24.0,21.0,26.0,19.0,23.0,20.0
30.0,39.0,30.0,33.0,34.0,42.0,28.0,32.0,30.0,29.0,38.0,34.0,40.0,34.0,45.0,42.0,39.0,46.0,30.0,42.0,35.0,39.0,42.0,31.0,26.0,28.0,55.0,45.0,34.0,35.0,37.0,37.0,39.0,33.0,30.0,31.0,36.0,33.0,34.0,29.0,31.0,34.0,35.0,21.0,40.0,31.0,40.0,34.0,40.0,32.0
29.0,24.0,16.0,29.0,22.0,30.0,37.0,25.0,24.0,31.0,30.0,23.0,25.0,25.0,27.0,29.0,35.0,28.0,28.0,23.0,23.0,40.0,22.0,17.0,27.0,27.0,32.0,34.0,27.0,26.0,27.0,31.0,18.0,25.0,20.0,26.0,26.0,37.0,24.0,31.0,21.0,34.0,23.0,23.0,32.0,34.0,24.0,28.0,26.0,27.0
28.0,34.0,42.0,22.0,19.0,28.0,28.0,31.0,20.0,17.0,31.0,29.0,27.0,27.0,32.0,33.0,38.0,21.0,30.0,35.0,38.0,32.0,38.0,36.0,19.0,30.0,22.0,29.0,23.0,38.0,30.0,30.0,29.0,23.0,31.0,42.0,24.0,32.0,30.0,37.0,28.0,25.0,22.0,36.0,26.0,28.0,37.0,31.0,20.0,33.0
20.0,22.0,26.0,26.0,16.0,27.0,30.0,24.0,27.0,23.0,23.0,22.0,25.0,17.0,28.0,36.0,25.0,34.0,21.0,17.0,34.0,15.0,34.0,25.0,24.0,18.0,16.0,22.0,28.0,20.0,31.0,29.0,28.0,19.0,22.0,18.0,18.0,25.0,32.0,24.0,22.0,21.0,25.0,25.0,16.0,22.0,22.0,28.0,44.0,26.0
27.0,32.0,33.0,31.0,34.0,38.0,30.0,18.0,38.0,30.0,33.0,31.0,35.0,35.0,35.0,29.0,32.0,31.0,30.0,28.0,28.0,24.0,27.0,27.0,34.0,25.0,24.0,27.0,18.0,30.0,37.0,30.0,25.0,23.0,36.0,29.0,31.0,26.0,28.0,39.0,35.0,27.0,40.0,25.0,36.0,30.0,26.0,32.0,27.0,26.0
