10,50,1000
16.145709,17.925065,15.304534,18.301965,16.024192,17.253202,17.146322,17.503514,15.10936,15.917822
9.639102,6.681651,9.23724,7.504169,7.349188,5.068293,7.655559,9.940781,6.407901,7.420772
0.0,10.0,20.0,30.0,40.0,50.0,60.0,70.0,80.0,90.0
10.0,0.0,10.0,20.0,30.0,40.0,50.0,60.0,70.0,80.0
20.0,10.0,0.0,10.0,20.0,30.0,40.0,50.0,60.0,70.0
30.0,20.0,10.0,0.0,10.0,20.0,30.0,40.0,50.0,60.0
40.0,30.0,20.0,10.0,0.0,10.0,20.0,30.0,40.0,50.0
50.0,40.0,30.0,20.0,10.0,0.0,10.0,20.0,30.0,40.0
60.0,50.0,40.0,30.0,20.0,10.0,0.0,10.0,20.0,30.0
70.0,60.0,50.0,40.0,30.0,20.0,10.0,0.0,10.0,20.0
80.0,70.0,60.0,50.0,40.0,30.0,20.0,10.0,0.0,10.0
90.0,80.0,70.0,60.0,50.0,40.0,30.0,20.0,10.0,0.0
450.0,400.0,350.0,300.0,250.0,250.0,300.0,350.0,400.0,450.0
0.0,1.0,2.0,3.0,4.0,5.0,6.0,7.0,8.0,9.0
1.0,0.0,1.0,2.0,3.0,4.0,5.0,6.0,7.0,8.0
2.0,1.0,0.0,1.0,2.0,3.0,4.0,5.0,6.0,7.0
3.0,2.0,1.0,0.0,1.0,2.0,3.0,4.0,5.0,6.0
4.0,3.0,2.0,1.0,0.0,1.0,2.0,3.0,4.0,5.0
5.0,4.0,3.0,2.0,1.0,0.0,1.0,2.0,3.0,4.0
6.0,5.0,4.0,3.0,2.0,1.0,0.0,1.0,2.0,3.0
7.0,6.0,5.0,4.0,3.0,2.0,1.0,0.0,1.0,2.0
8.0,7.0,6.0,5.0,4.0,3.0,2.0,1.0,0.0,1.0
9.0,8.0,7.0,6.0,5.0,4.0,3.0,2.0,1.0,0.0
45.0,40.0,35.0,30.0,25.0,25.0,30.0,35.0,40.0,45.0
40.0,39.0,37.0,32.0,41.0,33.0,39.0,33.0,42.0,33.0,35.0,36.0,42.0,46.0,26.0,41.0,44.0,48.0,31.0,31.0,27.0,40.0,23.0,38.0,32.0,28.0,31.0,34.0,34.0,42.0,38.0,33.0,31.0,41.0,35.0,35.0,32.0,40.0,35.0,22.0,41.0,50.0,39.0,33.0,30.0,32.0,32.0,34.0,28.0,33.0
32.0,24.0,19.0,36.0,25.0,31.0,29.0,27.0,27.0,25.0,29.0,27.0,22.0,25.0,28.0,23.0,26.0,24.0,24.0,20.0,26.0,25.0,30.0,24.0,21.0,29.0,23.0,21.0,33.0,23.0,24.0,35.0,25.0,30.0,26.0,33.0,30.0,25.0,22.0,26.0,24.0,25.0,27.0,19.0,29.0,28.0,26.0,32.0,29.0,26.0
47.0,38.0,30.0,39.0,30.0,28.0,39.0,43.0,28.0,29.0,28.0,27.0,34.0,36.0,30.0,34.0,47.0,31.0,39.0,26.0,30.0,42.0,31.0,34.0,38.0,38.0,32.0,48.0,38.0,46.0,22.0,32.0,33.0,32.0,45.0,35.0,37.0,29.0,37.0,36.0,30.0,33.0,33.0,38.0,41.0,30.0,45.0,44.0,42.0,35.0
39.0,28.0,31.0,23.0,28.0,26.0,21.0,36.0,25.0,22.0,35.0,39.0,35.0,36.0,29.0,33.0,35.0,33.0,31.0,32.0,40.0,34.0,25.0,29.0,24.0,31.0,32.0,38.0,26.0,25.0,45.0,38.0,28.0,25.0,41.0,26.0,20.0,26.0,26.0,23.0,33.0,33.0,25.0,27.0,35.0,36.0,30.0,26.0,31.0,31.0
26.0,27.0,35.0,24.0,26.0,30.0,26.0,32.0,24.0,25.0,28.0,29.0,38.0,31.0,20.0,24.0,29.0,31.0,23.0,23.0,23.0,28.0,14.0,27.0,27.0,32.0,31.0,32.0,38.0,26.0,32.0,36.0,31.0,24.0,24.0,23.0,35.0,31.0,24.0,29.0,28.0,29.0,31.0,32.0,23.0,36.0,26.0,34.0,24.0,25.0
24.0,25.0,10.0,24.0,22.0,18.0,24.0,31.0,17.0,20.0,13.0,18.0,28.0,18.0,23.0,20.0,18.0,19.0,18.0,26.0,28.0,16.0,20.0,22.0,16.0,15.0,26.0,23.0,13.0,18.0,20.0,22.0,29.0,25.0,26.0,17.0,22.0,21.0,22.0,18.0,23.0,24.0,12.0,15.0,25.0,14.0,19.0,24.0,22.0,17.0
28.0,35.0,28.0,26.0,31.0,16.0,36.0,30.0,29.0,32.0,27.0,39.0,22.0,35.0,31.0,30.0,34.0,17.0,22.0,26.0,16.0,27.0,25.0,33.0,25.0,34.0,40.0,26.0,34.0,13.0,28.0,22.0,22.0,28.0,29.0,27.0,28.0,30.0,25.0,31.0,24.0,29.0,29.0,29.0,26.0,35.0,22.0,33.0,29.0,38.0
47.0,34.0,28.0,30.0,39.0,33.0,33.0,45.0,54.0,36.0,38.0,35.0,32.0,35.0,48.0,31.0,41.0,44.0,34.0,43.0,38.0,42.0,37.0,46.0,38.0,30.0,45.0,39.0,29.0,34.0,36.0,38.0,28.0,33.0,43.0,31.0,30.0,38.0,37.0,31.0,32.0,30.0,39.0,30.0,38.0,37.0,31.0,39.0,39.0,36.0
21.0,31.0,20.0,21.0,26.0,19.0,28.0,24.0,27.0,28.0,25.0,30.0,21.0,28.0,22.0,33.0,26.0,37.0,23.0,29.0,19.0,25.0,28.0,21.0,27.0,23.0,30.0,30.0,24.0,24.0,27.0,29.0,24.0,19.0,24.0,23.0,30.0,25.0,27.0,23.0,25.0,24.0,29.0,25.0,28.0,26.0,32.0,19.0,28.0,19.0
31.0,28.0,32.0,31.0,28.0,27.0,28.0,25.0,28.0,26.0,39.0,26.0,23.0,27.0,27.0,35.0,28.0,21.0,24.0,26.0,23.0,20.0,32.0,23.0,30.0,38.0,24.0,27.0,25.0,14.0,23.0,41.0,29.0,33.0,26.0,33.0,29.0,24.0,33.0,27.0,17.0,24.0,22.0,31.0,26.0,31.0,23.0,25.0,25.0,25.0
