10,50,1000
17.336894,18.738199,18.891171,17.900261,18.769184,16.502957,16.155844,19.416876,19.542563,18.144653
9.278295,9.317719,5.46557,8.170225,5.876264,9.072976,6.73787,9.356012,5.33727,8.326139
0.0,10.0,20.0,30.0,40.0,50.0,60.0,70.0,80.0,90.0
10.0,0.0,10.0,20.0,30.0,40.0,50.0,60.0,70.0,80.0
20.0,10.0,0.0,10.0,20.0,30.0,40.0,50.0,60.0,70.0
30.0,20.0,10.0,0.0,10.0,20.0,30.0,40.0,50.0,60.0
40.0,30.0,20.0,10.0,0.0,10.0,20.0,30.0,40.0,50.0
50.0,40.0,30.0,20.0,10.0,0.0,10.0,20.0,30.0,40.0
60.0,50.0,40.0,30.0,20.0,10.0,0.0,10.0,20.0,30.0
70.0,60.0,50.0,40.0,30.0,20.0,10.0,0.0,10.0,20.0
80.0,70.0,60.0,50.0,40.0,30.0,20.0,10.0,0.0,10.0
90.0,80.0,70.0,60.0,50.0,40.0,30.0,20.0,10.0,0.0
450.0,400.0,350.0,300.0,250.0,250.0,300.0,350.0,400.0,450.0
0.0,1.0,2.0,3.0,4.0,5.0,6.0,7.0,8.0,9.0
1.0,0.0,1.0,2.0,3.0,4.0,5.0,6.0,7.0,8.0
2.0,1.0,0.0,1.0,2.0,3.0,4.0,5.0,6.0,7.0
3.0,2.0,1.0,0.0,1.0,2.0,3.0,4.0,5.0,6.0
4.0,3.0,2.0,1.0,0.0,1.0,2.0,3.0,4.0,5.0
5.0,4.0,3.0,2.0,1.0,0.0,1.0,2.0,3.0,4.0
6.0,5.0,4.0,3.0,2.0,1.0,0.0,1.0,2.0,3.0
7.0,6.0,5.0,4.0,3.0,2.0,1.0,0.0,1.0,2.0
8.0,7.0,6.0,5.0,4.0,3.0,2.0,1.0,0.0,1.0
9.0,8.0,7.0,6.0,5.0,4.0,3.0,2.0,1.0,0.0
45.0,40.0,35.0,30.0,25.0,25.0,30.0,35.0,40.0,45.0
24.0,27.0,34.0,31.0,30.0,42.0,37.0,27.0,32.0,35.0,36.0,27.0,36.0,32.0,37.0,41.0,29.0,36.0,33.0,32.0,35.0,35.0,47.0,39.0,36.0,32.0,36.0,31.0,22.0,31.0,30.0,30.0,38.0,30.0,37.0,38.0,39.0,25.0,29.0,18.0,36.0,38.0,35.0,30.0,38.0,32.0,36.0,39.0,40.0,39.0
30.0,29.0,32.0,37.0,26.0,33.0,34.0,34.0,47.0,32.0,32.0,35.0,45.0,36.0,30.0,31.0,32.0,39.0,32.0,42.0,40.0,38.0,47.0,34.0,28.0,33.0,51.0,36.0,37.0,29.0,21.0,44.0,33.0,28.0,27.0,36.0,29.0,35.0,41.0,33.0,43.0,33.0,30.0,36.0,22.0,24.0,35.0,39.0,37.0,41.0
21.0,25.0,34.0,14.0,19.0,25.0,14.0,24.0,21.0,25.0,22.0,20.0,24.0,11.0,20.0,18.0,29.0,20.0,27.0,18.0,27.0,32.0,22.0,18.0,35.0,20.0,24.0,22.0,17.0,26.0,23.0,20.0,21.0,20.0,25.0,24.0,25.0,20.0,14.0,18.0,20.0,23.0,26.0,25.0,23.0,26.0,20.0,26.0,24.0,23.0
26.0,30.0,28.0,39.0,36.0,24.0,32.0,25.0,34.0,42.0,35.0,31.0,33.0,36.0,34.0,31.0,41.0,35.0,35.0,30.0,30.0,27.0,36.0,33.0,26.0,31.0,34.0,27.0,23.0,33.0,33.0,32.0,29.0,30.0,43.0,34.0,31.0,27.0,26.0,23.0,32.0,36.0,32.0,31.0,38.0,27.0,28.0,30.0,33.0,29.0
28.0,33.0,22.0,30.0,22.0,23.0,26.0,28.0,25.0,24.0,25.0,27.0,25.0,28.0,32.0,10.0,21.0,22.0,30.0,29.0,21.0,20.0,35.0,23.0,24.0,26.0,20.0,19.0,31.0,24.0,19.0,39.0,19.0,22.0,19.0,31.0,25.0,21.0,21.0,23.0,16.0,23.0,30.0,26.0,22.0,22.0,24.0,33.0,28.0,33.0
19.0,43.0,47.0,24.0,35.0,37.0,31.0,39.0,30.0,46.0,46.0,39.0,40.0,33.0,41.0,39.0,40.0,40.0,29.0,34.0,36.0,38.0,33.0,35.0,20.0,32.0,20.0,39.0,28.0,28.0,35.0,29.0,40.0,34.0,28.0,29.0,46.0,32.0,38.0,31.0,45.0,36.0,30.0,28.0,27.0,23.0,32.0,31.0,36.0,25.0
29.0,24.0,34.0,34.0,28.0,25.0,29.0,30.0,28.0,29.0,27.0,33.0,20.0,26.0,24.0,26.0,34.0,26.0,31.0,22.0,32.0,20.0,25.0,22.0,27.0,36.0,34.0,23.0,26.0,26.0,39.0,28.0,31.0,34.0,25.0,28.0,23.0,26.0,34.0,30.0,32.0,18.0,25.0,28.0,18.0,22.0,33.0,29.0,28.0,31.0
28.0,37.0,36.0,37.0,31.0,43.0,35.0,41.0,24.0,35.0,26.0,28.0,34.0,41.0,27.0,22.0,42.0,26.0,37.0,35.0,37.0,28.0,31.0,35.0,42.0,39.0,30.0,32.0,37.0,32.0,43.0,29.0,28.0,31.0,37.0,38.0,36.0,40.0,46.0,29.0,34.0,32.0,33.0,41.0,36.0,26.0,33.0,28.0,37.0,36.0
22.0,17.0,22.0,30.0,25.0,18.0,28.0,34.0,28.0,26.0,25.0,23.0,24.0,16.0,22.0,22.0,26.0,26.0,31.0,22.0,25.0,23.0,28.0,18.0,22.0,17.0,22.0,27.0,18.0,25.0,23.0,29.0,19.0,25.0,20.0,19.0,23.0,20.0,31.0,17.0,23.0,15.0,19.0,19.0,21.0,26.0,24.0,34.0,15.0,16.0
39.0,22.0,26.0,32.0,48.0,21.0,35.0,26.0,36.0,26.0,34.0,28.0,34.0,28.0,28.0,35.0,26.0,18.0,32.0,25.0,37.0,39.0,30.0,32.0,29.0,31.0,38.0,38.0,25.0,28.0,31.0,35.0,30.0,29.0,33.0,33.0,36.0,32.0,39.0,34.0,28.0,32.0,28.0,39.0,37.0,30.0,29.0,30.0,27.0,32.0
