10,50,1000
17.95479,15.671672,17.583745,19.442047,15.490777,19.656279,15.933005,15.283246,19.964607,19.934491
9.128804,9.293954,8.767632,6.734157,5.07179,9.50279,5.248303,6.273141,8.325502,5.107661
0.0,10.0,20.0,30.0,40.0,50.0,60.0,70.0,80.0,90.0
10.0,0.0,10.0,20.0,30.0,40.0,50.0,60.0,70.0,80.0
20.0,10.0,0.0,10.0,20.0,30.0,40.0,50.0,60.0,70.0
30.0,20.0,10.0,0.0,10.0,20.0,30.0,40.0,50.0,60.0
40.0,30.0,20.0,10.0,0.0,10.0,20.0,30.0,40.0,50.0
50.0,40.0,30.0,20.0,10.0,0.0,10.0,20.0,30.0,40.0
60.0,50.0,40.0,30.0,20.0,10.0,0.0,10.0,20.0,30.0
70.0,60.0,50.0,40.0,30.0,20.0,10.0,0.0,10.0,20.0
80.0,70.0,60.0,50.0,40.0,30.0,20.0,10.0,0.0,10.0
90.0,80.0,70.0,60.0,50.0,40.0,30.0,20.0,10.0,0.0
450.0,400.0,350.0,300.0,250.0,250.0,300.0,350.0,400.0,450.0
0.0,1.0,2.0,3.0,4.0,5.0,6.0,7.0,8.0,9.0
1.0,0.0,1.0,2.0,3.0,4.0,5.0,6.0,7.0,8.0
2.0,1.0,0.0,1.0,2.0,3.0,4.0,5.0,6.0,7.0
3.0,2.0,1.0,0.0,1.0,2.0,3.0,4.0,5.0,6.0
4.0,3.0,2.0,1.0,0.0,1.0,2.0,3.0,4.0,5.0
5.0,4.0,3.0,2.0,1.0,0.0,1.0,2.0,3.0,4.0
6.0,5.0,4.0,3.0,2.0,1.0,0.0,1.0,2.0,3.0
7.0,6.0,5.0,4.0,3.0,2.0,1.0,0.0,1.0,2.0
8.0,7.0,6.0,5.0,4.0,3.0,2.0,1.0,0.0,1.0
9.0,8.0,7.0,6.0,5.0,4.0,3.0,2.0,1.0,0.0
45.0,40.0,35.0,30.0,25.0,25.0,30.0,35.0,40.0,45.0
25.0,33.0,35.0,35.0,30.0,29.0,35.0,36.0,42.0,38.0,36.0,26.0,29.0,32.0,33.0,41.0,31.0,37.0,31.0,38.0,28.0,34.0,31.0,40.0,31.0,29.0,35.0,31.0,42.0,39.0,40.0,40.0,43.0,39.0,40.0,38.0,34.0,34.0,26.0,25.0,27.0,47.0,34.0,36.0,34.0,32.0,35.0,43.0,29.0,43.0
35.0,25.0,32.0,36.0,36.0,43.0,40.0,38.0,30.0,26.0,29.0,29.0,28.0,38.0,24.0,29.0,44.0,28.0,39.0,37.0,24.0,33.0,28.0,32.0,39.0,34.0,32.0,22.0,32.0,31.0,43.0,45.0,41.0,38.0,33.0,39.0,32.0,44.0,37.0,36.0,21.0,38.0,30.0,33.0,23.0,32.0,29.0,40.0,36.0,31.0
32.0,39.0,46.0,25.0,37.0,31.0,44.0,28.0,34.0,29.0,39.0,38.0,28.0,40.0,34.0,34.0,15.0,34.0,24.0,33.0,22.0,30.0,23.0,36.0,30.0,29.0,31.0,39.0,38.0,35.0,34.0,34.0,33.0,40.0,31.0,40.0,26.0,30.0,39.0,25.0,18.0,30.0,34.0,39.0,33.0,22.0,29.0,32.0,28.0,35.0
33.0,25.0,29.0,29.0,24.0,22.0,19.0,26.0,18.0,30.0,29.0,32.0,32.0,22.0,26.0,33.0,22.0,29.0,31.0,26.0,25.0,24.0,28.0,26.0,33.0,30.0,26.0,27.0,31.0,28.0,31.0,21.0,24.0,30.0,25.0,21.0,24.0,25.0,17.0,34.0,33.0,21.0,26.0,34.0,42.0,33.0,24.0,29.0,29.0,26.0
30.0,20.0,14.0,28.0,21.0,21.0,15.0,24.0,13.0,22.0,24.0,23.0,22.0,18.0,10.0,16.0,16.0,8.0,17.0,18.0,13.0,20.0,24.0,12.0,14.0,28.0,15.0,18.0,21.0,16.0,13.0,17.0,26.0,24.0,21.0,19.0,18.0,19.0,19.0,23.0,24.0,12.0,13.0,24.0,29.0,24.0,14.0,12.0,17.0,19.0
29.0,35.0,39.0,33.0,41.0,30.0,28.0,39.0,47.0,23.0,32.0,48.0,39.0,27.0,28.0,36.0,33.0,37.0,30.0,42.0,38.0,26.0,38.0,29.0,32.0,47.0,42.0,49.0,35.0,24.0,33.0,38.0,32.0,37.0,39.0,45.0,34.0,38.0,30.0,41.0,36.0,38.0,25.0,36.0,34.0,40.0,33.0,38.0,28.0,24.0
28.0,17.0,20.0,23.0,27.0,21.0,21.0,23.0,21.0,12.0,20.0,15.0,23.0,18.0,20.0,27.0,25.0,20.0,26.0,20.0,15.0,23.0,23.0,23.0,21.0,26.0,20.0,17.0,19.0,27.0,18.0,17.0,22.0,26.0,13.0,21.0,25.0,21.0,19.0,24.0,23.0,25.0,20.0,29.0,23.0,20.0,16.0,21.0,18.0,20.0
34.0,23.0,30.0,25.0,40.0,23.0,23.0,27.0,25.0,33.0,25.0,28.0,30.0,24.0,25.0,21.0,20.0,27.0,18.0,33.0,17.0,33.0,27.0,32.0,27.0,21.0,26.0,19.0,20.0,19.0,24.0,26.0,19.0,26.0,29.0,20.0,27.0,30.0,32.0,28.0,23.0,26.0,22.0,22.0,21.0,33.0,20.0,23.0,23.0,25.0
35.0,25.0,38.0,33.0,29.0,27.0,37.0,34.0,40.0,28.0,31.0,29.0,30.0,27.0,50.0,40.0,31.0,36.0,38.0,42.0,21.0,33.0,31.0,33.0,28.0,33.0,33.0,26.0,32.0,37.0,39.0,38.0,29.0,40.0,39.0,34.0,32.0,37.0,31.0,38.0,34.0,35.0,34.0,30.0,30.0,39.0,34.0,26.0,39.0,33.0
15.0,23.0,28.0,13.0,19.0,20.0,19.0,18.0,16.0,30.0,31.0,21.0,15.0,18.0,23.0,19.0,29.0,29.0,20.0,19.0,18.0,19.0,27.0,17.0,26.0,20.0,21.0,18.0,19.0,23.0,14.0,23.0,26.0,30.0,23.0,18.0,25.0,24.0,18.0,18.0,21.0,27.0,20.0,16.0,26.0,24.0,16.0,24.0,19.0,23.0
