10,50,1000
19.895075,16.515739,18.621587,16.729545,15.135378,17.130695,16.586458,16.516273,18.958283,17.075305
9.118875,9.459443,8.105576,5.120103,7.63193,5.935712,9.65857,9.835203,8.094303,8.110548
0.0,10.0,20.0,30.0,40.0,50.0,60.0,70.0,80.0,90.0
10.0,0.0,10.0,20.0,30.0,40.0,50.0,60.0,70.0,80.0
20.0,10.0,0.0,10.0,20.0,30.0,40.0,50.0,60.0,70.0
30.0,20.0,10.0,0.0,10.0,20.0,30.0,40.0,50.0,60.0
40.0,30.0,20.0,10.0,0.0,10.0,20.0,30.0,40.0,50.0
50.0,40.0,30.0,20.0,10.0,0.0,10.0,20.0,30.0,40.0
60.0,50.0,40.0,30.0,20.0,10.0,0.0,10.0,20.0,30.0
70.0,60.0,50.0,40.0,30.0,20.0,10.0,0.0,10.0,20.0
80.0,70.0,60.0,50.0,40.0,30.0,20.0,10.0,0.0,10.0
90.0,80.0,70.0,60.0,50.0,40.0,30.0,20.0,10.0,0.0
450.0,400.0,350.0,300.0,250.0,250.0,300.0,350.0,400.0,450.0
0.0,1.0,2.0,3.0,4.0,5.0,6.0,7.0,8.0,9.0
1.0,0.0,1.0,2.0,3.0,4.0,5.0,6.0,7.0,8.0
2.0,1.0,0.0,1.0,2.0,3.0,4.0,5.0,6.0,7.0
3.0,2.0,1.0,0.0,1.0,2.0,3.0,4.0,5.0,6.0
4.0,3.0,2.0,1.0,0.0,1.0,2.0,3.0,4.0,5.0
5.0,4.0,3.0,2.0,1.0,0.0,1.0,2.0,3.0,4.0
6.0,5.0,4.0,3.0,2.0,1.0,0.0,1.0,2.0,3.0
7.0,6.0,5.0,4.0,3.0,2.0,1.0,0.0,1.0,2.0
8.0,7.0,6.0,5.0,4.0,3.0,2.0,1.0,0.0,1.0
9.0,8.0,7.0,6.0,5.0,4.0,3.0,2.0,1.0,0.0
45.0,40.0,35.0,30.0,25.0,25.0,30.0,35.0,40.0,45.0
39.0,39.0,34.0,31.0,33.0,39.0,40.0,38.0,24.0,31.0,28.0,41.0,38.0,27.0,33.0,30.0,42.0,36.0,29.0,28.0,30.0,28.0,32.0,34.0,23.0,33.0,31.0,42.0,37.0,29.0,26.0,40.0,36.0,38.0,44.0,36.0,34.0,44.0,41.0,35.0,19.0,36.0,26.0,30.0,41.0,37.0,31.0,38.0,39.0,39.0
42.0,23.0,30.0,35.0,32.0,37.0,25.0,40.0,34.0,35.0,37.0,36.0,18.0,37.0,26.0,30.0,29.0,43.0,25.0,26.0,32.0,45.0,26.0,35.0,36.0,33.0,42.0,32.0,33.0,38.0,31.0,38.0,44.0,42.0,34.0,30.0,42.0,27.0,29.0,31.0,46.0,32.0,25.0,34.0,29.0,47.0,31.0,48.0,33.0,33.0
29.0,21.0,38.0,35.0,29.0,36.0,31.0,23.0,30.0,36.0,28.0,38.0,33.0,29.0,34.0,36.0,21.0,33.0,33.0,40.0,23.0,30.0,44.0,33.0,27.0,35.0,29.0,38.0,28.0,29.0,36.0,33.0,33.0,32.0,26.0,30.0,26.0,38.0,30.0,36.0,29.0,33.0,24.0,37.0,23.0,36.0,27.0,27.0,30.0,32.0
22.0,21.0,16.0,23.0,20.0,21.0,18.0,24.0,14.0,25.0,21.0,28.0,26.0,20.0,21.0,26.0,19.0,21.0,19.0,20.0,21.0,18.0,23.0,17.0,27.0,13.0,11.0,22.0,22.0,22.0,12.0,12.0,25.0,13.0,26.0,23.0,23.0,24.0,19.0,25.0,22.0,21.0,26.0,24.0,17.0,20.0,20.0,22.0,20.0,20.0
24.0,26.0,21.0,30.0,22.0,26.0,35.0,21.0,28.0,32.0,26.0,26.0,27.0,26.0,27.0,31.0,25.0,18.0,30.0,28.0,27.0,28.0,41.0,25.0,33.0,33.0,26.0,41.0,27.0,27.0,24.0,39.0,28.0,26.0,35.0,32.0,28.0,25.0,28.0,31.0,31.0,36.0,21.0,41.0,27.0,28.0,37.0,39.0,26.0,23.0
24.0,26.0,26.0,26.0,22.0,22.0,27.0,31.0,23.0,29.0,21.0,20.0,21.0,22.0,16.0,14.0,25.0,28.0,31.0,17.0,25.0,23.0,26.0,22.0,23.0,29.0,22.0,25.0,21.0,30.0,23.0,22.0,28.0,18.0,25.0,25.0,15.0,27.0,14.0,37.0,29.0,23.0,23.0,19.0,33.0,23.0,27.0,17.0,18.0,21.0
36.0,41.0,36.0,36.0,24.0,37.0,28.0,26.0,27.0,30.0,32.0,29.0,37.0,35.0,33.0,34.0,47.0,30.0,50.0,41.0,41.0,40.0,36.0,36.0,42.0,36.0,37.0,26.0,32.0,37.0,31.0,34.0,43.0,42.0,28.0,28.0,35.0,31.0,39.0,31.0,33.0,32.0,31.0,30.0,40.0,30.0,32.0,37.0,38.0,35.0
34.0,39.0,34.0,34.0,33.0,31.0,36.0,43.0,26.0,32.0,44.0,23.0,34.0,33.0,46.0,45.0,29.0,40.0,45.0,43.0,31.0,47.0,23.0,35.0,34.0,32.0,43.0,25.0,31.0,35.0,36.0,38.0,34.0,38.0,32.0,27.0,23.0,42.0,33.0,27.0,49.0,35.0,37.0,39.0,37.0,36.0,28.0,22.0,36.0,40.0
33.0,32.0,30.0,29.0,31.0,29.0,32.0,33.0,28.0,25.0,28.0,35.0,28.0,29.0,33.0,26.0,31.0,27.0,34.0,31.0,35.0,29.0,27.0,22.0,46.0,26.0,23.0,30.0,33.0,37.0,29.0,24.0,22.0,29.0,34.0,26.0,23.0,37.0,39.0,33.0,36.0,29.0,35.0,28.0,28.0,30.0,26.0,22.0,22.0,28.0
32.0,25.0,30.0,36.0,40.0,38.0,27.0,22.0,29.0,23.0,37.0,34.0,24.0,37.0,32.0,33.0,29.0,37.0,33.0,34.0,33.0,40.0,29.0,35.0,36.0,32.0,27.0,32.0,28.0,29.0,29.0,30.0,38.0,32.0,31.0,33.0,28.0,33.0,31.0,26.0,25.0,35.0,30.0,36.0,20.0,34.0,26.0,26.0,42.0,24.0
