10,50,1000
17.204719,19.268343,19.927793,15.734582,19.501327,18.187188,17.72796,15.187017,18.44301,16.328821
6.654175,5.280536,9.500736,7.963359,9.5489,9.140474,9.60417,6.408562,7.589818,6.954449
0.0,10.0,20.0,30.0,40.0,50.0,60.0,70.0,80.0,90.0
10.0,0.0,10.0,20.0,30.0,40.0,50.0,60.0,70.0,80.0
20.0,10.0,0.0,10.0,20.0,30.0,40.0,50.0,60.0,70.0
30.0,20.0,10.0,0.0,10.0,20.0,30.0,40.0,50.0,60.0
40.0,30.0,20.0,10.0,0.0,10.0,20.0,30.0,40.0,50.0
50.0,40.0,30.0,20.0,10.0,0.0,10.0,20.0,30.0,40.0
60.0,50.0,40.0,30.0,20.0,10.0,0.0,10.0,20.0,30.0
70.0,60.0,50.0,40.0,30.0,20.0,10.0,0.0,10.0,20.0
80.0,70.0,60.0,50.0,40.0,30.0,20.0,10.0,0.0,10.0
90.0,80.0,70.0,60.0,50.0,40.0,30.0,20.0,10.0,0.0
450.0,400.0,350.0,300.0,250.0,250.0,300.0,350.0,400.0,450.0
0.0,1.0,2.0,3.0,4.0,5.0,6.0,7.0,8.0,9.0
1.0,0.0,1.0,2.0,3.0,4.0,5.0,6.0,7.0,8.0
2.0,1.0,0.0,1.0,2.0,3.0,4.0,5.0,6.0,7.0
3.0,2.0,1.0,0.0,1.0,2.0,3.0,4.0,5.0,6.0
4.0,3.0,2.0,1.0,0.0,1.0,2.0,3.0,4.0,5.0
5.0,4.0,3.0,2.0,1.0,0.0,1.0,2.0,3.0,4.0
6.0,5.0,4.0,3.0,2.0,1.0,0.0,1.0,2.0,3.0
7.0,6.0,5.0,4.0,3.0,2.0,1.0,0.0,1.0,2.0
8.0,7.0,6.0,5.0,4.0,3.0,2.0,1.0,0.0,1.0
9.0,8.0,7.0,6.0,5.0,4.0,3.0,2.0,1.0,0.0
45.0,40.0,35.0,30.0,25.0,25.0,30.0,35.0,40.0,45.0
33.0,28.0,29.0,19.0,22.0,33.0,32.0,26.0,31.0,28.0,30.0,23.0,29.0,25.0,25.0,33.0,29.0,28.0,29.0,26.0,25.0,29.0,23.0,22.0,25.0,32.0,23.0,19.0,26.0,28.0,30.0,37.0,38.0,41.0,32.0,34.0,19.0,21.0,31.0,27.0,29.0,22.0,26.0,25.0,24.0,18.0,25.0,28.0,22.0,22.0
22.0,18.0,25.0,25.0,15.0,29.0,19.0,36.0,17.0,24.0,26.0,15.0,24.0,27.0,19.0,16.0,15.0,22.0,20.0,24.0,19.0,23.0,24.0,14.0,19.0,23.0,21.0,25.0,18.0,25.0,21.0,21.0,28.0,22.0,26.0,16.0,23.0,21.0,18.0,30.0,22.0,25.0,26.0,21.0,20.0,20.0,19.0,24.0,24.0,26.0
37.0,28.0,37.0,36.0,46.0,33.0,39.0,35.0,39.0,38.0,31.0,38.0,36.0,34.0,36.0,37.0,48.0,32.0,34.0,36.0,34.0,33.0,39.0,37.0,33.0,32.0,43.0,36.0,36.0,41.0,33.0,40.0,26.0,30.0,31.0,49.0,27.0,31.0,32.0,37.0,32.0,43.0,39.0,28.0,42.0,33.0,30.0,36.0,30.0,40.0
32.0,26.0,33.0,20.0,33.0,26.0,35.0,18.0,23.0,20.0,26.0,30.0,22.0,34.0,28.0,20.0,21.0,30.0,25.0,28.0,30.0,31.0,36.0,28.0,31.0,27.0,29.0,30.0,23.0,30.0,26.0,23.0,25.0,33.0,28.0,31.0,27.0,35.0,28.0,42.0,37.0,28.0,36.0,32.0,22.0,28.0,34.0,39.0,35.0,39.0
35.0,34.0,36.0,45.0,42.0,35.0,25.0,51.0,42.0,21.0,34.0,26.0,28.0,41.0,34.0,40.0,39.0,29.0,32.0,38.0,40.0,33.0,39.0,34.0,43.0,33.0,24.0,44.0,36.0,32.0,47.0,35.0,43.0,46.0,37.0,38.0,34.0,40.0,34.0,42.0,28.0,35.0,32.0,31.0,36.0,40.0,48.0,32.0,36.0,41.0
37.0,36.0,29.0,34.0,43.0,30.0,29.0,31.0,28.0,38.0,27.0,32.0,34.0,35.0,29.0,33.0,32.0,39.0,34.0,35.0,29.0,35.0,32.0,35.0,32.0,38.0,35.0,37.0,37.0,38.0,46.0,30.0,37.0,33.0,32.0,41.0,35.0,33.0,25.0,45.0,43.0,30.0,26.0,44.0,32.0,37.0,39.0,41.0,33.0,39.0
36.0,30.0,30.0,37.0,30.0,29.0,34.0,32.0,46.0,30.0,36.0,33.0,38.0,46.0,42.0,28.0,34.0,45.0,35.0,28.0,43.0,39.0,32.0,35.0,35.0,42.0,33.0,34.0,35.0,39.0,31.0,29.0,27.0,37.0,34.0,38.0,44.0,31.0,28.0,39.0,43.0,36.0,33.0,29.0,38.0,33.0,39.0,42.0,40.0,41.0
21.0,18.0,24.0,13.0,20.0,24.0,28.0,25.0,28.0,27.0,30.0,21.0,24.0,27.0,19.0,29.0,24.0,28.0,26.0,24.0,29.0,24.0,24.0,26.0,20.0,29.0,12.0,20.0,27.0,31.0,30.0,29.0,23.0,29.0,22.0,29.0,23.0,26.0,20.0,28.0,24.0,28.0,27.0,15.0,32.0,22.0,36.0,29.0,26.0,29.0
31.0,30.0,25.0,37.0,34.0,27.0,23.0,22.0,25.0,31.0,26.0,31.0,24.0,32.0,35.0,29.0,33.0,28.0,28.0,29.0,34.0,35.0,37.0,23.0,29.0,40.0,21.0,36.0,26.0,33.0,27.0,42.0,24.0,28.0,27.0,38.0,31.0,32.0,27.0,30.0,23.0,33.0,30.0,32.0,29.0,31.0,24.0,28.0,36.0,22.0
30.0,27.0,21.0,25.0,28.0,29.0,25.0,28.0,26.0,28.0,29.0,38.0,27.0,32.0,21.0,26.0,25.0,29.0,21.0,31.0,36.0,29.0,31.0,33.0,25.0,26.0,35.0,32.0,18.0,26.0,33.0,17.0,21.0,23.0,26.0,35.0,21.0,34.0,34.0,26.0,29.0,30.0,35.0,24.0,33.0,28.0,27.0,29.0,31.0,29.0
