10,50,1000
15.593795,18.866542,19.317697,16.702111,15.012707,17.272155,19.304316,15.562702,17.328821,15.134675
5.316567,7.317065,5.042622,9.446813,5.256972,5.35233,9.675947,9.215573,9.534567,9.912149
0.0,10.0,20.0,30.0,40.0,50.0,60.0,70.0,80.0,90.0
10.0,0.0,10.0,20.0,30.0,40.0,50.0,60.0,70.0,80.0
20.0,10.0,0.0,10.0,20.0,30.0,40.0,50.0,60.0,70.0
30.0,20.0,10.0,0.0,10.0,20.0,30.0,40.0,50.0,60.0
40.0,30.0,20.0,10.0,0.0,10.0,20.0,30.0,40.0,50.0
50.0,40.0,30.0,20.0,10.0,0.0,10.0,20.0,30.0,40.0
60.0,50.0,40.0,30.0,20.0,10.0,0.0,10.0,20.0,30.0
70.0,60.0,50.0,40.0,30.0,20.0,10.0,0.0,10.0,20.0
80.0,70.0,60.0,50.0,40.0,30.0,20.0,10.0,0.0,10.0
90.0,80.0,70.0,60.0,50.0,40.0,30.0,20.0,10.0,0.0
450.0,400.0,350.0,300.0,250.0,250.0,300.0,350.0,400.0,450.0
0.0,1.0,2.0,3.0,4.0,5.0,6.0,7.0,8.0,9.0
1.0,0.0,1.0,2.0,3.0,4.0,5.0,6.0,7.0,8.0
2.0,1.0,0.0,1.0,2.0,3.0,4.0,5.0,6.0,7.0
3.0,2.0,1.0,0.0,1.0,2.0,3.0,4.0,5.0,6.0
4.0,3.0,2.0,1.0,0.0,1.0,2.0,3.0,4.0,5.0
5.0,4.0,3.0,2.0,1.0,0.0,1.0,2.0,3.0,4.0
6.0,5.0,4.0,3.0,2.0,1.0,0.0,1.0,2.0,3.0
7.0,6.0,5.0,4.0,3.0,2.0,1.0,0.0,1.0,2.0
8.0,7.0,6.0,5.0,4.0,3.0,2.0,1.0,0.0,1.0
9.0,8.0,7.0,6.0,5.0,4.0,3.0,2.0,1.0,0.0
45.0,40.0,35.0,30.0,25.0,25.0,30.0,35.0,40.0,45.0
20.0,18.0,22.0,18.0,20.0,26.0,30.0,20.0,14.0,20.0,14.0,27.0,22.0,28.0,29.0,18.0,20.0,28.0,16.0,23.0,19.0,29.0,24.0,20.0,25.0,16.0,17.0,16.0,14.0,22.0,26.0,31.0,18.0,20.0,21.0,17.0,25.0,24.0,20.0,13.0,23.0,26.0,21.0,25.0,17.0,22.0,20.0,13.0,20.0,22.0
22.0,31.0,29.0,29.0,33.0,39.0,27.0,31.0,24.0,34.0,29.0,33.0,28.0,32.0,27.0,27.0,28.0,39.0,28.0,26.0,25.0,35.0,33.0,22.0,30.0,26.0,30.0,24.0,24.0,30.0,25.0,27.0,36.0,30.0,33.0,33.0,31.0,33.0,40.0,35.0,29.0,35.0,26.0,21.0,26.0,23.0,32.0,24.0,28.0,32.0
22.0,16.0,25.0,24.0,23.0,22.0,16.0,19.0,25.0,19.0,18.0,20.0,14.0,23.0,26.0,22.0,28.0,21.0,23.0,35.0,24.0,18.0,32.0,15.0,26.0,18.0,19.0,22.0,23.0,17.0,18.0,21.0,27.0,17.0,20.0,24.0,20.0,22.0,25.0,21.0,27.0,23.0,23.0,22.0,29.0,20.0,23.0,23.0,20.0,27.0
35.0,38.0,32.0,41.0,34.0,30.0,37.0,45.0,27.0,28.0,37.0,43.0,32.0,44.0,31.0,35.0,33.0,34.0,44.0,35.0,40.0,43.0,28.0,39.0,42.0,35.0,33.0,33.0,36.0,41.0,30.0,28.0,37.0,28.0,32.0,36.0,31.0,42.0,42.0,35.0,44.0,30.0,33.0,33.0,28.0,36.0,34.0,36.0,36.0,21.0
18.0,15.0,28.0,18.0,20.0,16.0,29.0,21.0,17.0,9.0,17.0,24.0,20.0,19.0,15.0,19.0,14.0,12.0,25.0,11.0,18.0,20.0,19.0,12.0,17.0,10.0,16.0,19.0,29.0,23.0,21.0,16.0,22.0,11.0,23.0,22.0,27.0,13.0,17.0,17.0,23.0,24.0,26.0,21.0,22.0,19.0,24.0,32.0,25.0,19.0
24.0,23.0,17.0,20.0,19.0,25.0,16.0,20.0,30.0,19.0,22.0,32.0,18.0,26.0,21.0,29.0,22.0,26.0,18.0,21.0,24.0,22.0,16.0,18.0,25.0,17.0,29.0,13.0,17.0,17.0,26.0,23.0,17.0,18.0,23.0,17.0,17.0,23.0,23.0,24.0,21.0,16.0,23.0,36.0,26.0,12.0,27.0,24.0,19.0,15.0
28.0,30.0,37.0,25.0,38.0,32.0,37.0,39.0,28.0,40.0,31.0,34.0,38.0,36.0,27.0,26.0,38.0,32.0,41.0,39.0,38.0,33.0,33.0,31.0,38.0,22.0,39.0,45.0,45.0,33.0,36.0,25.0,30.0,39.0,36.0,40.0,36.0,36.0,36.0,38.0,31.0,31.0,33.0,38.0,35.0,38.0,34.0,29.0,44.0,29.0
25.0,38.0,42.0,30.0,34.0,28.0,34.0,36.0,30.0,26.0,29.0,25.0,28.0,34.0,34.0,34.0,31.0,34.0,31.0,34.0,24.0,25.0,32.0,29.0,37.0,36.0,26.0,32.0,38.0,36.0,36.0,39.0,29.0,38.0,30.0,37.0,34.0,34.0,40.0,36.0,40.0,33.0,33.0,30.0,28.0,37.0,37.0,32.0,32.0,35.0
36.0,42.0,39.0,42.0,32.0,41.0,38.0,32.0,27.0,40.0,37.0,26.0,32.0,26.0,38.0,33.0,43.0,37.0,31.0,36.0,31.0,31.0,37.0,29.0,32.0,31.0,43.0,24.0,32.0,38.0,34.0,35.0,32.0,33.0,32.0,41.0,30.0,36.0,36.0,27.0,27.0,36.0,24.0,34.0,36.0,43.0,45.0,35.0,40.0,36.0
22.0,36.0,36.0,37.0,26.0,39.0,36.0,34.0,39.0,27.0,51.0,38.0,34.0,38.0,42.0,41.0,43.0,38.0,29.0,29.0,40.0,27.0,40.0,29.0,37.0,34.0,37.0,44.0,43.0,30.0,42.0,35.0,42.0,29.0,33.0,33.0,43.0,28.0,34.0,28.0,44.0,31.0,36.0,40.0,35.0,28.0,36.0,32.0,36.0,29.0
