10,50,1000
19.679426,18.128698,18.081373,19.561463,15.817653,16.039202,18.550617,18.675856,17.753415,17.774533
5.966218,8.605825,7.45365,6.185834,8.274454,6.912616,7.322214,5.008764,6.450654,6.909025
0.0,10.0,20.0,30.0,40.0,50.0,60.0,70.0,80.0,90.0
10.0,0.0,10.0,20.0,30.0,40.0,50.0,60.0,70.0,80.0
20.0,10.0,0.0,10.0,20.0,30.0,40.0,50.0,60.0,70.0
30.0,20.0,10.0,0.0,10.0,20.0,30.0,40.0,50.0,60.0
40.0,30.0,20.0,10.0,0.0,10.0,20.0,30.0,40.0,50.0
50.0,40.0,30.0,20.0,10.0,0.0,10.0,20.0,30.0,40.0
60.0,50.0,40.0,30.0,20.0,10.0,0.0,10.0,20.0,30.0
70.0,60.0,50.0,40.0,30.0,20.0,10.0,0.0,10.0,20.0
80.0,70.0,60.0,50.0,40.0,30.0,20.0,10.0,0.0,10.0
90.0,80.0,70.0,60.0,50.0,40.0,30.0,20.0,10.0,0.0
450.0,400.0,350.0,300.0,250.0,250.0,300.0,350.0,400.0,450.0
0.0,1.0,2.0,3.0,4.0,5.0,6.0,7.0,8.0,9.0
1.0,0.0,1.0,2.0,3.0,4.0,5.0,6.0,7.0,8.0
2.0,1.0,0.0,1.0,2.0,3.0,4.0,5.0,6.0,7.0
3.0,2.0,1.0,0.0,1.0,2.0,3.0,4.0,5.0,6.0
4.0,3.0,2.0,1.0,0.0,1.0,2.0,3.0,4.0,5.0
5.0,4.0,3.0,2.0,1.0,0.0,1.0,2.0,3.0,4.0
6.0,5.0,4.0,3.0,2.0,1.0,0.0,1.0,2.0,3.0
7.0,6.0,5.0,4.0,3.0,2.0,1.0,0.0,1.0,2.0
8.0,7.0,6.0,5.0,4.0,3.0,2.0,1.0,0.0,1.0
9.0,8.0,7.0,6.0,5.0,4.0,3.0,2.0,1.0,0.0
45.0,40.0,35.0,30.0,25.0,25.0,30.0,35.0,40.0,45.0
22.0,31.0,29.0,24.0,26.0,27.0,25.0,12.0,34.0,18.0,29.0,26.0,31.0,23.0,22.0,31.0,18.0,22.0,24.0,26.0,31.0,19.0,26.0,23.0,25.0,30.0,21.0,27.0,23.0,22.0,21.0,25.0,22.0,25.0,27.0,19.0,30.0,25.0,23.0,30.0,29.0,26.0,26.0,19.0,24.0,33.0,22.0,21.0,22.0,28.0
26.0,34.0,29.0,32.0,40.0,36.0,34.0,29.0,28.0,25.0,40.0,31.0,33.0,36.0,31.0,26.0,24.0,28.0,31.0,39.0,31.0,38.0,37.0,30.0,23.0,24.0,31.0,32.0,27.0,26.0,36.0,26.0,33.0,23.0,29.0,22.0,35.0,31.0,35.0,33.0,24.0,33.0,32.0,42.0,32.0,35.0,29.0,36.0,28.0,35.0
26.0,24.0,31.0,23.0,26.0,27.0,46.0,27.0,31.0,27.0,33.0,27.0,30.0,35.0,30.0,27.0,25.0,30.0,41.0,29.0,24.0,29.0,27.0,29.0,30.0,22.0,28.0,20.0,22.0,30.0,32.0,35.0,34.0,31.0,25.0,30.0,32.0,30.0,25.0,29.0,27.0,21.0,26.0,34.0,34.0,38.0,34.0,34.0,19.0,33.0
21.0,28.0,27.0,30.0,29.0,15.0,12.0,25.0,25.0,23.0,28.0,25.0,25.0,24.0,23.0,24.0,24.0,24.0,30.0,17.0,26.0,24.0,28.0,20.0,21.0,23.0,26.0,34.0,23.0,20.0,16.0,20.0,15.0,22.0,22.0,23.0,36.0,20.0,25.0,34.0,21.0,25.0,28.0,32.0,26.0,24.0,29.0,22.0,29.0,30.0
30.0,28.0,26.0,27.0,35.0,30.0,24.0,36.0,24.0,34.0,37.0,34.0,28.0,29.0,33.0,44.0,22.0,34.0,38.0,42.0,34.0,38.0,22.0,25.0,30.0,32.0,32.0,28.0,31.0,32.0,39.0,27.0,24.0,21.0,23.0,37.0,22.0,35.0,17.0,25.0,22.0,26.0,25.0,38.0,31.0,23.0,28.0,28.0,24.0,46.0
27.0,26.0,29.0,33.0,28.0,32.0,27.0,24.0,32.0,29.0,23.0,26.0,19.0,18.0,19.0,31.0,20.0,33.0,29.0,26.0,11.0,31.0,22.0,21.0,25.0,22.0,29.0,27.0,33.0,31.0,28.0,24.0,32.0,31.0,23.0,33.0,23.0,32.0,11.0,21.0,27.0,12.0,26.0,35.0,27.0,31.0,28.0,27.0,27.0,22.0
24.0,30.0,32.0,34.0,30.0,33.0,29.0,32.0,33.0,26.0,23.0,26.0,26.0,25.0,35.0,31.0,30.0,22.0,38.0,30.0,29.0,20.0,27.0,32.0,28.0,26.0,21.0,29.0,16.0,25.0,24.0,30.0,20.0,23.0,40.0,29.0,30.0,28.0,28.0,44.0,35.0,39.0,33.0,32.0,35.0,26.0,30.0,32.0,33.0,36.0
21.0,16.0,15.0,17.0,12.0,19.0,32.0,25.0,23.0,20.0,12.0,23.0,18.0,29.0,21.0,22.0,19.0,31.0,21.0,17.0,19.0,21.0,19.0,25.0,25.0,21.0,16.0,24.0,19.0,24.0,25.0,24.0,10.0,26.0,21.0,18.0,27.0,22.0,22.0,14.0,25.0,20.0,26.0,26.0,12.0,17.0,18.0,17.0,17.0,20.0
20.0,21.0,15.0,23.0,35.0,24.0,25.0,20.0,18.0,30.0,20.0,30.0,29.0,32.0,32.0,50.0,31.0,30.0,21.0,26.0,21.0,25.0,32.0,23.0,25.0,29.0,23.0,17.0,32.0,22.0,33.0,28.0,29.0,22.0,26.0,19.0,19.0,39.0,23.0,29.0,20.0,29.0,22.0,27.0,24.0,34.0,18.0,28.0,25.0,31.0
17.0,34.0,34.0,18.0,25.0,23.0,24.0,25.0,30.0,33.0,25.0,17.0,31.0,27.0,33.0,18.0,23.0,14.0,29.0,31.0,26.0,19.0,27.0,28.0,23.0,34.0,37.0,25.0,23.0,22.0,31.0,26.0,23.0,30.0,28.0,17.0,26.0,22.0,34.0,19.0,24.0,21.0,26.0,27.0,32.0,28.0,26.0,34.0,24.0,23.0
