10,50,1000
17.410879,19.718475,18.564786,18.379366,19.006404,15.641828,17.449662,18.800817,18.436094,15.645335
8.781938,6.86531,5.227408,9.167479,6.120208,8.794701,7.087019,9.954263,9.262838,7.100475
0.0,10.0,20.0,30.0,40.0,50.0,60.0,70.0,80.0,90.0
10.0,0.0,10.0,20.0,30.0,40.0,50.0,60.0,70.0,80.0
20.0,10.0,0.0,10.0,20.0,30.0,40.0,50.0,60.0,70.0
30.0,20.0,10.0,0.0,10.0,20.0,30.0,40.0,50.0,60.0
40.0,30.0,20.0,10.0,0.0,10.0,20.0,30.0,40.0,50.0
50.0,40.0,30.0,20.0,10.0,0.0,10.0,20.0,30.0,40.0
60.0,50.0,40.0,30.0,20.0,10.0,0.0,10.0,20.0,30.0
70.0,60.0,50.0,40.0,30.0,20.0,10.0,0.0,10.0,20.0
80.0,70.0,60.0,50.0,40.0,30.0,20.0,10.0,0.0,10.0
90.0,80.0,70.0,60.0,50.0,40.0,30.0,20.0,10.0,0.0
450.0,400.0,350.0,300.0,250.0,250.0,300.0,350.0,400.0,450.0
0.0,1.0,2.0,3.0,4.0,5.0,6.0,7.0,8.0,9.0
1.0,0.0,1.0,2.0,3.0,4.0,5.0,6.0,7.0,8.0
2.0,1.0,0.0,1.0,2.0,3.0,4.0,5.0,6.0,7.0
3.0,2.0,1.0,0.0,1.0,2.0,3.0,4.0,5.0,6.0
4.0,3.0,2.0,1.0,0.0,1.0,2.0,3.0,4.0,5.0
5.0,4.0,3.0,2.0,1.0,0.0,1.0,2.0,3.0,4.0
6.0,5.0,4.0,3.0,2.0,1.0,0.0,1.0,2.0,3.0
7.0,6.0,5.0,4.0,3.0,2.0,1.0,0.0,1.0,2.0
8.0,7.0,6.0,5.0,4.0,3.0,2.0,1.0,0.0,1.0
9.0,8.0,7.0,6.0,5.0,4.0,3.0,2.0,1.0,0.0
45.0,40.0,35.0,30.0,25.0,25.0,30.0,35.0,40.0,45.0
26.0,33.0,35.0,34.0,35.0,31.0,29.0,40.0,29.0,24.0,34.0,32.0,32.0,33.0,30.0,36.0,28.0,35.0,20.0,40.0,33.0,39.0,44.0,19.0,39.0,23.0,47.0,36.0,38.0,21.0,22.0,38.0,38.0,43.0,27.0,26.0,26.0,26.0,35.0,32.0,26.0,29.0,37.0,31.0,31.0,31.0,44.0,34.0,36.0,37.0
25.0,24.0,20.0,18.0,22.0,24.0,23.0,29.0,35.0,22.0,24.0,23.0,22.0,32.0,23.0,23.0,21.0,33.0,30.0,28.0,28.0,23.0,25.0,29.0,32.0,25.0,24.0,28.0,16.0,22.0,26.0,28.0,26.0,18.0,24.0,11.0,29.0,26.0,25.0,23.0,34.0,26.0,32.0,34.0,38.0,30.0,20.0,30.0,30.0,20.0
28.0,25.0,17.0,23.0,19.0,23.0,22.0,20.0,25.0,22.0,21.0,27.0,22.0,24.0,25.0,24.0,16.0,12.0,32.0,19.0,24.0,17.0,25.0,24.0,22.0,17.0,22.0,18.0,26.0,17.0,22.0,30.0,18.0,22.0,25.0,21.0,19.0,33.0,22.0,21.0,16.0,21.0,14.0,26.0,32.0,12.0,13.0,21.0,27.0,20.0
35.0,39.0,37.0,34.0,30.0,33.0,30.0,34.0,35.0,35.0,39.0,34.0,34.0,35.0,34.0,38.0,27.0,28.0,32.0,44.0,40.0,29.0,25.0,21.0,31.0,32.0,34.0,35.0,33.0,38.0,35.0,29.0,30.0,28.0,32.0,34.0,30.0,33.0,27.0,42.0,30.0,39.0,45.0,32.0,30.0,40.0,33.0,30.0,29.0,31.0
28.0,31.0,24.0,15.0,27.0,25.0,35.0,24.0,24.0,24.0,28.0,30.0,32.0,20.0,26.0,35.0,25.0,34.0,26.0,20.0,24.0,27.0,25.0,19.0,27.0,31.0,21.0,32.0,12.0,21.0,30.0,24.0,19.0,23.0,29.0,26.0,27.0,21.0,22.0,19.0,33.0,32.0,38.0,19.0,26.0,25.0,25.0,17.0,23.0,25.0
35.0,30.0,43.0,36.0,20.0,39.0,33.0,33.0,35.0,34.0,45.0,26.0,31.0,29.0,47.0,35.0,29.0,40.0,33.0,31.0,20.0,33.0,36.0,37.0,22.0,27.0,34.0,33.0,28.0,25.0,28.0,29.0,43.0,24.0,18.0,28.0,49.0,37.0,31.0,26.0,35.0,36.0,30.0,40.0,45.0,26.0,40.0,33.0,22.0,24.0
30.0,22.0,33.0,19.0,31.0,23.0,20.0,30.0,15.0,27.0,24.0,30.0,33.0,26.0,25.0,43.0,25.0,33.0,29.0,24.0,30.0,27.0,22.0,34.0,22.0,34.0,23.0,31.0,26.0,30.0,27.0,31.0,30.0,24.0,21.0,36.0,21.0,24.0,29.0,26.0,30.0,28.0,19.0,31.0,22.0,24.0,36.0,21.0,27.0,25.0
29.0,36.0,37.0,48.0,37.0,42.0,35.0,39.0,27.0,45.0,34.0,43.0,43.0,42.0,32.0,40.0,33.0,32.0,29.0,39.0,35.0,25.0,39.0,38.0,39.0,33.0,47.0,50.0,46.0,46.0,41.0,44.0,34.0,44.0,34.0,36.0,36.0,35.0,43.0,29.0,44.0,39.0,33.0,41.0,28.0,30.0,37.0,41.0,44.0,41.0
32.0,38.0,27.0,41.0,43.0,35.0,28.0,41.0,37.0,34.0,29.0,32.0,41.0,25.0,29.0,45.0,31.0,27.0,46.0,41.0,37.0,26.0,47.0,38.0,31.0,33.0,39.0,52.0,30.0,27.0,34.0,37.0,37.0,31.0,40.0,43.0,39.0,44.0,28.0,36.0,43.0,28.0,30.0,35.0,31.0,35.0,33.0,51.0,33.0,45.0
23.0,25.0,19.0,20.0,23.0,32.0,38.0,27.0,20.0,25.0,27.0,25.0,28.0,27.0,22.0,24.0,22.0,32.0,23.0,20.0,24.0,33.0,29.0,23.0,30.0,24.0,20.0,25.0,21.0,22.0,28.0,27.0,22.0,20.0,18.0,36.0,24.0,20.0,26.0,25.0,22.0,33.0,20.0,20.0,22.0,33.0,30.0,31.0,31.0,26.0
