10,50,1000
15.080816,16.417425,16.522238,19.600722,19.041823,15.277511,19.925894,15.911631,16.798914,16.054556
5.895676,5.054637,8.832551,9.174399,9.139534,9.907711,5.933118,5.157645,5.211395,5.418547
0.0,10.0,20.0,30.0,40.0,50.0,60.0,70.0,80.0,90.0
10.0,0.0,10.0,20.0,30.0,40.0,50.0,60.0,70.0,80.0
20.0,10.0,0.0,10.0,20.0,30.0,40.0,50.0,60.0,70.0
30.0,20.0,10.0,0.0,10.0,20.0,30.0,40.0,50.0,60.0
40.0,30.0,20.0,10.0,0.0,10.0,20.0,30.0,40.0,50.0
50.0,40.0,30.0,20.0,10.0,0.0,10.0,20.0,30.0,40.0
60.0,50.0,40.0,30.0,20.0,10.0,0.0,10.0,20.0,30.0
70.0,60.0,50.0,40.0,30.0,20.0,10.0,0.0,10.0,20.0
80.0,70.0,60.0,50.0,40.0,30.0,20.0,10.0,0.0,10.0
90.0,80.0,70.0,60.0,50.0,40.0,30.0,20.0,10.0,0.0
450.0,400.0,350.0,300.0,250.0,250.0,300.0,350.0,400.0,450.0
0.0,1.0,2.0,3.0,4.0,5.0,6.0,7.0,8.0,9.0
1.0,0.0,1.0,2.0,3.0,4.0,5.0,6.0,7.0,8.0
2.0,1.0,0.0,1.0,2.0,3.0,4.0,5.0,6.0,7.0
3.0,2.0,1.0,0.0,1.0,2.0,3.0,4.0,5.0,6.0
4.0,3.0,2.0,1.0,0.0,1.0,2.0,3.0,4.0,5.0
5.0,4.0,3.0,2.0,1.0,0.0,1.0,2.0,3.0,4.0
6.0,5.0,4.0,3.0,2.0,1.0,0.0,1.0,2.0,3.0
7.0,6.0,5.0,4.0,3.0,2.0,1.0,0.0,1.0,2.0
8.0,7.0,6.0,5.0,4.0,3.0,2.0,1.0,0.0,1.0
9.0,8.0,7.0,6.0,5.0,4.0,3.0,2.0,1.0,0.0
45.0,40.0,35.0,30.0,25.0,25.0,30.0,35.0,40.0,45.0
23.0,21.0,26.0,18.0,31.0,32.0,21.0,23.0,16.0,20.0,20.0,25.0,21.0,27.0,21.0,16.0,23.0,18.0,22.0,23.0,21.0,24.0,20.0,30.0,26.0,17.0,14.0,23.0,28.0,17.0,32.0,28.0,27.0,20.0,21.0,19.0,20.0,20.0,18.0,28.0,23.0,19.0,28.0,10.0,18.0,28.0,21.0,21.0,22.0,17.0
22.0,13.0,20.0,21.0,15.0,21.0,29.0,27.0,23.0,29.0,23.0,15.0,22.0,18.0,20.0,28.0,23.0,25.0,23.0,26.0,24.0,15.0,19.0,24.0,16.0,23.0,21.0,23.0,28.0,18.0,18.0,23.0,18.0,11.0,25.0,19.0,15.0,12.0,24.0,18.0,19.0,27.0,19.0,26.0,18.0,21.0,25.0,25.0,27.0,20.0
33.0,38.0,26.0,34.0,38.0,26.0,45.0,27.0,26.0,34.0,26.0,31.0,34.0,35.0,38.0,30.0,32.0,40.0,38.0,38.0,29.0,35.0,21.0,34.0,37.0,23.0,26.0,31.0,35.0,34.0,37.0,32.0,28.0,29.0,39.0,41.0,33.0,38.0,24.0,28.0,34.0,28.0,34.0,35.0,32.0,36.0,39.0,36.0,26.0,27.0
44.0,43.0,36.0,32.0,35.0,34.0,37.0,37.0,40.0,30.0,37.0,27.0,36.0,40.0,32.0,29.0,29.0,30.0,33.0,41.0,27.0,27.0,37.0,35.0,40.0,39.0,42.0,27.0,44.0,35.0,35.0,40.0,34.0,37.0,34.0,35.0,32.0,32.0,29.0,41.0,38.0,34.0,35.0,33.0,32.0,37.0,31.0,33.0,45.0,34.0
38.0,33.0,29.0,47.0,44.0,28.0,40.0,29.0,36.0,30.0,32.0,36.0,27.0,35.0,32.0,34.0,50.0,20.0,37.0,45.0,36.0,24.0,40.0,36.0,21.0,35.0,35.0,36.0,43.0,31.0,29.0,41.0,26.0,27.0,32.0,28.0,39.0,39.0,31.0,37.0,30.0,30.0,40.0,37.0,26.0,38.0,33.0,33.0,34.0,36.0
30.0,31.0,35.0,48.0,24.0,26.0,43.0,32.0,32.0,33.0,44.0,30.0,37.0,34.0,35.0,33.0,38.0,41.0,35.0,32.0,27.0,42.0,34.0,36.0,41.0,40.0,27.0,39.0,29.0,38.0,37.0,31.0,39.0,38.0,39.0,29.0,26.0,40.0,28.0,44.0,33.0,32.0,29.0,43.0,41.0,29.0,37.0,30.0,47.0,36.0
28.0,25.0,25.0,22.0,23.0,23.0,17.0,26.0,26.0,32.0,29.0,25.0,29.0,21.0,25.0,31.0,24.0,24.0,18.0,22.0,18.0,26.0,20.0,30.0,23.0,24.0,30.0,19.0,24.0,29.0,22.0,10.0,24.0,26.0,22.0,28.0,29.0,23.0,24.0,29.0,31.0,31.0,26.0,26.0,22.0,27.0,24.0,20.0,16.0,20.0
18.0,21.0,23.0,16.0,21.0,24.0,18.0,23.0,23.0,23.0,21.0,21.0,28.0,16.0,22.0,19.0,22.0,23.0,26.0,24.0,14.0,16.0,22.0,27.0,22.0,17.0,27.0,34.0,12.0,11.0,22.0,29.0,23.0,15.0,24.0,23.0,18.0,19.0,23.0,14.0,26.0,15.0,29.0,19.0,19.0,15.0,24.0,27.0,15.0,28.0
31.0,20.0,18.0,29.0,26.0,21.0,15.0,22.0,22.0,18.0,24.0,18.0,20.0,14.0,15.0,25.0,23.0,24.0,15.0,22.0,15.0,16.0,15.0,23.0,21.0,21.0,17.0,27.0,20.0,28.0,24.0,16.0,15.0,23.0,18.0,19.0,30.0,19.0,27.0,16.0,14.0,18.0,24.0,15.0,18.0,29.0,29.0,19.0,19.0,26.0
18.0,27.0,23.0,37.0,20.0,21.0,13.0,24.0,15.0,22.0,21.0,30.0,24.0,21.0,17.0,22.0,21.0,22.0,17.0,26.0,24.0,21.0,15.0,24.0,28.0,19.0,14.0,15.0,23.0,17.0,18.0,21.0,19.0,19.0,20.0,22.0,22.0,23.0,24.0,14.0,18.0,16.0,18.0,28.0,20.0,17.0,20.0,25.0,19.0,15.0
