10,50,1000
19.04896,15.571116,16.244402,16.89267,15.844944,19.452036,16.877929,15.025108,19.837318,17.471627
9.144158,5.911459,6.538134,6.598544,7.205624,6.488041,7.020346,6.638741,9.664142,7.527379
0.0,10.0,20.0,30.0,40.0,50.0,60.0,70.0,80.0,90.0
10.0,0.0,10.0,20.0,30.0,40.0,50.0,60.0,70.0,80.0
20.0,10.0,0.0,10.0,20.0,30.0,40.0,50.0,60.0,70.0
30.0,20.0,10.0,0.0,10.0,20.0,30.0,40.0,50.0,60.0
40.0,30.0,20.0,10.0,0.0,10.0,20.0,30.0,40.0,50.0
50.0,40.0,30.0,20.0,10.0,0.0,10.0,20.0,30.0,40.0
60.0,50.0,40.0,30.0,20.0,10.0,0.0,10.0,20.0,30.0
70.0,60.0,50.0,40.0,30.0,20.0,10.0,0.0,10.0,20.0
80.0,70.0,60.0,50.0,40.0,30.0,20.0,10.0,0.0,10.0
90.0,80.0,70.0,60.0,50.0,40.0,30.0,20.0,10.0,0.0
450.0,400.0,350.0,300.0,250.0,250.0,300.0,350.0,400.0,450.0
0.0,1.0,2.0,3.0,4.0,5.0,6.0,7.0,8.0,9.0
1.0,0.0,1.0,2.0,3.0,4.0,5.0,6.0,7.0,8.0
2.0,1.0,0.0,1.0,2.0,3.0,4.0,5.0,6.0,7.0
3.0,2.0,1.0,0.0,1.0,2.0,3.0,4.0,5.0,6.0
4.0,3.0,2.0,1.0,0.0,1.0,2.0,3.0,4.0,5.0
5.0,4.0,3.0,2.0,1.0,0.0,1.0,2.0,3.0,4.0
6.0,5.0,4.0,3.0,2.0,1.0,0.0,1.0,2.0,3.0
7.0,6.0,5.0,4.0,3.0,2.0,1.0,0.0,1.0,2.0
8.0,7.0,6.0,5.0,4.0,3.0,2.0,1.0,0.0,1.0
9.0,8.0,7.0,6.0,5.0,4.0,3.0,2.0,1.0,0.0
45.0,40.0,35.0,30.0,25.0,25.0,30.0,35.0,40.0,45.0
33.0,41.0,33.0,33.0,28.0,41.0,42.0,34.0,22.0,30.0,43.0,36.0,42.0,42.0,35.0,35.0,35.0,42.0,32.0,43.0,32.0,36.0,36.0,40.0,35.0,41.0,30.0,40.0,28.0,44.0,48.0,30.0,33.0,36.0,39.0,34.0,40.0,39.0,42.0,30.0,32.0,33.0,44.0,37.0,39.0,29.0,29.0,29.0,40.0,38.0
26.0,29.0,21.0,25.0,23.0,25.0,26.0,27.0,27.0,19.0,24.0,31.0,16.0,29.0,17.0,17.0,25.0,14.0,21.0,24.0,25.0,26.0,16.0,19.0,25.0,27.0,23.0,31.0,24.0,15.0,16.0,30.0,22.0,24.0,30.0,21.0,22.0,17.0,25.0,15.0,13.0,21.0,23.0,27.0,19.0,17.0,22.0,20.0,23.0,22.0
28.0,22.0,26.0,23.0,24.0,24.0,28.0,19.0,24.0,18.0,26.0,25.0,25.0,16.0,30.0,23.0,23.0,24.0,18.0,27.0,25.0,19.0,25.0,24.0,26.0,18.0,23.0,19.0,26.0,27.0,29.0,35.0,12.0,21.0,28.0,23.0,23.0,31.0,21.0,21.0,24.0,27.0,28.0,35.0,28.0,29.0,24.0,21.0,28.0,21.0
23.0,24.0,15.0,30.0,27.0,38.0,23.0,31.0,26.0,25.0,26.0,27.0,18.0,26.0,21.0,16.0,26.0,29.0,24.0,26.0,25.0,19.0,24.0,25.0,32.0,23.0,22.0,24.0,39.0,27.0,25.0,24.0,27.0,28.0,27.0,30.0,23.0,28.0,25.0,21.0,22.0,25.0,28.0,35.0,36.0,24.0,32.0,23.0,36.0,28.0
36.0,24.0,27.0,24.0,33.0,30.0,20.0,34.0,29.0,28.0,24.0,26.0,22.0,42.0,17.0,23.0,32.0,31.0,22.0,35.0,30.0,21.0,21.0,30.0,23.0,30.0,34.0,26.0,20.0,26.0,28.0,27.0,31.0,29.0,25.0,21.0,25.0,26.0,36.0,32.0,24.0,21.0,25.0,18.0,23.0,25.0,28.0,27.0,25.0,28.0
32.0,27.0,18.0,32.0,22.0,36.0,27.0,22.0,30.0,30.0,31.0,29.0,19.0,14.0,25.0,27.0,22.0,24.0,27.0,19.0,32.0,29.0,25.0,23.0,23.0,33.0,31.0,29.0,22.0,20.0,15.0,27.0,30.0,22.0,21.0,29.0,32.0,26.0,27.0,32.0,20.0,32.0,20.0,25.0,22.0,25.0,21.0,25.0,16.0,28.0
24.0,21.0,26.0,25.0,29.0,30.0,25.0,22.0,26.0,30.0,28.0,31.0,29.0,21.0,30.0,28.0,17.0,36.0,23.0,32.0,23.0,38.0,28.0,24.0,27.0,28.0,32.0,30.0,26.0,21.0,35.0,34.0,35.0,26.0,25.0,21.0,30.0,19.0,14.0,31.0,30.0,28.0,34.0,26.0,28.0,37.0,37.0,22.0,29.0,32.0
25.0,24.0,27.0,28.0,35.0,25.0,21.0,34.0,20.0,25.0,25.0,22.0,32.0,19.0,34.0,14.0,18.0,24.0,29.0,20.0,24.0,28.0,24.0,24.0,31.0,18.0,16.0,26.0,28.0,20.0,26.0,20.0,20.0,19.0,21.0,18.0,22.0,25.0,25.0,22.0,23.0,25.0,27.0,20.0,26.0,25.0,16.0,23.0,21.0,18.0
30.0,45.0,23.0,31.0,32.0,34.0,47.0,42.0,34.0,34.0,27.0,28.0,36.0,38.0,41.0,34.0,58.0,39.0,25.0,25.0,33.0,38.0,36.0,45.0,41.0,42.0,40.0,41.0,38.0,32.0,36.0,38.0,25.0,35.0,29.0,30.0,36.0,44.0,36.0,38.0,40.0,33.0,23.0,30.0,31.0,45.0,35.0,35.0,39.0,36.0
24.0,40.0,26.0,29.0,27.0,33.0,34.0,33.0,30.0,19.0,32.0,28.0,24.0,27.0,28.0,26.0,22.0,29.0,33.0,27.0,19.0,31.0,30.0,19.0,29.0,32.0,29.0,26.0,22.0,23.0,29.0,32.0,32.0,28.0,19.0,32.0,21.0,30.0,35.0,35.0,27.0,21.0,28.0,26.0,33.0,37.0,38.0,35.0,25.0,35.0
