10,50,1000
15.918498,18.914255,18.948878,19.811329,18.114722,18.336911,16.267755,16.603943,17.38975,15.265592
7.600415,6.026479,9.491393,5.183229,8.653817,8.54697,5.718742,5.416017,9.891342,8.395574
0.0,10.0,20.0,30.0,40.0,50.0,60.0,70.0,80.0,90.0
10.0,0.0,10.0,20.0,30.0,40.0,50.0,60.0,70.0,80.0
20.0,10.0,0.0,10.0,20.0,30.0,40.0,50.0,60.0,70.0
30.0,20.0,10.0,0.0,10.0,20.0,30.0,40.0,50.0,60.0
40.0,30.0,20.0,10.0,0.0,10.0,20.0,30.0,40.0,50.0
50.0,40.0,30.0,20.0,10.0,0.0,10.0,20.0,30.0,40.0
60.0,50.0,40.0,30.0,20.0,10.0,0.0,10.0,20.0,30.0
70.0,60.0,50.0,40.0,30.0,20.0,10.0,0.0,10.0,20.0
80.0,70.0,60.0,50.0,40.0,30.0,20.0,10.0,0.0,10.0
90.0,80.0,70.0,60.0,50.0,40.0,30.0,20.0,10.0,0.0
450.0,400.0,350.0,300.0,250.0,250.0,300.0,350.0,400.0,450.0
0.0,1.0,2.0,3.0,4.0,5.0,6.0,7.0,8.0,9.0
1.0,0.0,1.0,2.0,3.0,4.0,5.0,6.0,7.0,8.0
2.0,1.0,0.0,1.0,2.0,3.0,4.0,5.0,6.0,7.0
3.0,2.0,1.0,0.0,1.0,2.0,3.0,4.0,5.0,6.0
4.0,3.0,2.0,1.0,0.0,1.0,2.0,3.0,4.0,5.0
5.0,4.0,3.0,2.0,1.0,0.0,1.0,2.0,3.0,4.0
6.0,5.0,4.0,3.0,2.0,1.0,0.0,1.0,2.0,3.0
7.0,6.0,5.0,4.0,3.0,2.0,1.0,0.0,1.0,2.0
8.0,7.0,6.0,5.0,4.0,3.0,2.0,1.0,0.0,1.0
9.0,8.0,7.0,6.0,5.0,4.0,3.0,2.0,1.0,0.0
45.0,40.0,35.0,30.0,25.0,25.0,30.0,35.0,40.0,45.0
34.0,28.0,37.0,29.0,29.0,18.0,36.0,30.0,36.0,33.0,29.0,26.0,26.0,34.0,29.0,42.0,34.0,36.0,23.0,26.0,25.0,31.0,32.0,32.0,38.0,28.0,39.0,34.0,27.0,27.0,30.0,31.0,34.0,27.0,42.0,30.0,36.0,21.0,31.0,27.0,31.0,21.0,23.0,31.0,24.0,41.0,35.0,26.0,33.0,26.0
25.0,20.0,27.0,18.0,21.0,29.0,32.0,28.0,22.0,25.0,24.0,27.0,28.0,26.0,19.0,31.0,28.0,26.0,33.0,19.0,29.0,26.0,32.0,23.0,25.0,26.0,27.0,24.0,27.0,20.0,24.0,23.0,25.0,16.0,22.0,22.0,27.0,31.0,24.0,23.0,24.0,22.0,15.0,20.0,23.0,29.0,31.0,20.0,24.0,37.0
37.0,30.0,28.0,38.0,43.0,42.0,30.0,25.0,31.0,37.0,48.0,39.0,51.0,27.0,35.0,23.0,39.0,36.0,34.0,34.0,37.0,35.0,46.0,41.0,33.0,27.0,31.0,47.0,50.0,27.0,35.0,30.0,31.0,40.0,30.0,32.0,26.0,34.0,37.0,44.0,33.0,28.0,39.0,40.0,44.0,28.0,36.0,43.0,42.0,30.0
25.0,16.0,25.0,23.0,24.0,22.0,17.0,24.0,20.0,14.0,27.0,22.0,24.0,15.0,18.0,14.0,30.0,21.0,14.0,22.0,28.0,19.0,15.0,17.0,24.0,25.0,21.0,20.0,24.0,13.0,18.0,16.0,30.0,20.0,16.0,20.0,22.0,20.0,21.0,26.0,16.0,18.0,13.0,30.0,25.0,19.0,22.0,23.0,17.0,27.0
32.0,34.0,33.0,25.0,31.0,25.0,31.0,34.0,28.0,44.0,36.0,34.0,32.0,40.0,28.0,30.0,34.0,39.0,32.0,28.0,39.0,33.0,34.0,39.0,43.0,24.0,40.0,37.0,37.0,36.0,37.0,33.0,33.0,31.0,28.0,38.0,36.0,36.0,30.0,23.0,23.0,28.0,33.0,35.0,34.0,36.0,28.0,39.0,34.0,33.0
29.0,32.0,26.0,35.0,38.0,28.0,36.0,28.0,36.0,32.0,38.0,46.0,37.0,40.0,34.0,30.0,20.0,31.0,40.0,30.0,22.0,24.0,25.0,28.0,36.0,39.0,23.0,30.0,34.0,33.0,38.0,33.0,31.0,27.0,33.0,39.0,35.0,29.0,30.0,35.0,34.0,28.0,30.0,39.0,31.0,23.0,26.0,39.0,28.0,29.0
24.0,16.0,16.0,22.0,23.0,22.0,28.0,25.0,11.0,20.0,30.0,18.0,19.0,18.0,21.0,23.0,24.0,19.0,24.0,19.0,18.0,21.0,19.0,17.0,28.0,31.0,21.0,31.0,18.0,24.0,27.0,30.0,26.0,18.0,25.0,27.0,20.0,17.0,26.0,38.0,32.0,16.0,13.0,24.0,31.0,24.0,24.0,23.0,24.0,25.0
16.0,18.0,22.0,22.0,14.0,24.0,22.0,18.0,25.0,26.0,18.0,24.0,20.0,21.0,23.0,18.0,19.0,21.0,27.0,17.0,26.0,15.0,30.0,17.0,21.0,23.0,24.0,23.0,23.0,22.0,20.0,18.0,25.0,31.0,21.0,26.0,21.0,19.0,17.0,30.0,20.0,22.0,25.0,22.0,20.0,22.0,24.0,30.0,25.0,20.0
32.0,45.0,39.0,35.0,40.0,39.0,41.0,38.0,36.0,34.0,31.0,41.0,37.0,45.0,29.0,33.0,33.0,34.0,48.0,30.0,29.0,35.0,36.0,40.0,30.0,31.0,30.0,28.0,41.0,41.0,41.0,34.0,35.0,29.0,28.0,33.0,28.0,43.0,37.0,39.0,33.0,41.0,41.0,24.0,48.0,29.0,36.0,34.0,40.0,40.0
29.0,32.0,34.0,34.0,25.0,37.0,22.0,33.0,38.0,35.0,27.0,41.0,22.0,31.0,38.0,18.0,23.0,30.0,28.0,30.0,45.0,30.0,33.0,35.0,28.0,27.0,27.0,25.0,36.0,35.0,32.0,31.0,39.0,27.0,38.0,31.0,33.0,32.0,28.0,16.0,40.0,43.0,34.0,29.0,26.0,34.0,33.0,29.0,33.0,36.0
