10,50,1000
18.130345,17.487058,16.369599,19.121008,15.089137,16.353661,19.419318,19.9066,19.012794,17.16646
7.839372,8.363439,5.069585,5.12415,8.188278,7.731911,7.440774,7.933795,8.433574,8.619499
0.0,10.0,20.0,30.0,40.0,50.0,60.0,70.0,80.0,90.0
10.0,0.0,10.0,20.0,30.0,40.0,50.0,60.0,70.0,80.0
20.0,10.0,0.0,10.0,20.0,30.0,40.0,50.0,60.0,70.0
30.0,20.0,10.0,0.0,10.0,20.0,30.0,40.0,50.0,60.0
40.0,30.0,20.0,10.0,0.0,10.0,20.0,30.0,40.0,50.0
50.0,40.0,30.0,20.0,10.0,0.0,10.0,20.0,30.0,40.0
60.0,50.0,40.0,30.0,20.0,10.0,0.0,10.0,20.0,30.0
70.0,60.0,50.0,40.0,30.0,20.0,10.0,0.0,10.0,20.0
80.0,70.0,60.0,50.0,40.0,30.0,20.0,10.0,0.0,10.0
90.0,80.0,70.0,60.0,50.0,40.0,30.0,20.0,10.0,0.0
450.0,400.0,350.0,300.0,250.0,250.0,300.0,350.0,400.0,450.0
0.0,1.0,2.0,3.0,4.0,5.0,6.0,7.0,8.0,9.0
1.0,0.0,1.0,2.0,3.0,4.0,5.0,6.0,7.0,8.0
2.0,1.0,0.0,1.0,2.0,3.0,4.0,5.0,6.0,7.0
3.0,2.0,1.0,0.0,1.0,2.0,3.0,4.0,5.0,6.0
4.0,3.0,2.0,1.0,0.0,1.0,2.0,3.0,4.0,5.0
5.0,4.0,3.0,2.0,1.0,0.0,1.0,2.0,3.0,4.0
6.0,5.0,4.0,3.0,2.0,1.0,0.0,1.0,2.0,3.0
7.0,6.0,5.0,4.0,3.0,2.0,1.0,0.0,1.0,2.0
8.0,7.0,6.0,5.0,4.0,3.0,2.0,1.0,0.0,1.0
9.0,8.0,7.0,6.0,5.0,4.0,3.0,2.0,1.0,0.0
45.0,40.0,35.0,30.0,25.0,25.0,30.0,35.0,40.0,45.0
37.0,29.0,28.0,36.0,31.0,27.0,41.0,24.0,22.0,34.0,23.0,33.0,38.0,29.0,40.0,26.0,26.0,29.0,31.0,34.0,29.0,26.0,31.0,25.0,33.0,39.0,45.0,26.0,35.0,30.0,35.0,31.0,34.0,35.0,38.0,27.0,20.0,35.0,36.0,34.0,29.0,33.0,26.0,26.0,20.0,28.0,31.0,33.0,27.0,29.0
32.0,42.0,43.0,32.0,33.0,29.0,25.0,36.0,28.0,38.0,36.0,36.0,27.0,42.0,29.0,28.0,27.0,32.0,33.0,26.0,32.0,34.0,40.0,37.0,39.0,29.0,30.0,35.0,34.0,29.0,32.0,32.0,37.0,29.0,25.0,24.0,30.0,30.0,33.0,25.0,47.0,24.0,19.0,30.0,37.0,35.0,28.0,28.0,35.0,43.0
17.0,20.0,18.0,24.0,26.0,19.0,24.0,12.0,24.0,26.0,19.0,23.0,29.0,19.0,21.0,19.0,20.0,22.0,24.0,23.0,20.0,25.0,8.0,18.0,15.0,17.0,20.0,18.0,21.0,31.0,26.0,19.0,25.0,22.0,15.0,27.0,21.0,14.0,23.0,22.0,20.0,27.0,31.0,20.0,18.0,22.0,22.0,22.0,13.0,15.0
23.0,19.0,27.0,13.0,22.0,21.0,21.0,23.0,22.0,37.0,21.0,19.0,27.0,25.0,19.0,28.0,22.0,16.0,18.0,19.0,23.0,24.0,25.0,29.0,22.0,15.0,18.0,25.0,23.0,22.0,12.0,32.0,18.0,22.0,28.0,20.0,12.0,28.0,16.0,16.0,19.0,27.0,18.0,32.0,25.0,23.0,24.0,16.0,20.0,16.0
37.0,36.0,31.0,25.0,32.0,34.0,39.0,31.0,32.0,33.0,33.0,27.0,28.0,34.0,25.0,35.0,33.0,28.0,36.0,36.0,27.0,27.0,42.0,28.0,32.0,26.0,29.0,29.0,31.0,26.0,26.0,31.0,22.0,28.0,23.0,24.0,20.0,44.0,32.0,29.0,22.0,31.0,33.0,40.0,26.0,39.0,26.0,26.0,23.0,32.0
33.0,33.0,29.0,18.0,34.0,22.0,24.0,26.0,31.0,19.0,23.0,30.0,23.0,27.0,28.0,31.0,25.0,24.0,24.0,22.0,30.0,21.0,40.0,29.0,41.0,34.0,26.0,34.0,33.0,33.0,25.0,30.0,43.0,24.0,30.0,31.0,33.0,30.0,33.0,32.0,41.0,25.0,38.0,27.0,34.0,25.0,35.0,32.0,23.0,32.0
35.0,21.0,16.0,40.0,19.0,23.0,22.0,28.0,23.0,28.0,23.0,21.0,27.0,26.0,37.0,38.0,21.0,33.0,28.0,23.0,28.0,19.0,30.0,33.0,29.0,39.0,19.0,32.0,29.0,25.0,27.0,35.0,29.0,34.0,31.0,25.0,23.0,21.0,30.0,28.0,29.0,26.0,27.0,37.0,22.0,26.0,31.0,32.0,20.0,30.0
32.0,33.0,29.0,34.0,34.0,36.0,27.0,37.0,27.0,32.0,26.0,39.0,22.0,29.0,22.0,29.0,33.0,26.0,29.0,30.0,28.0,34.0,31.0,39.0,32.0,31.0,41.0,30.0,22.0,39.0,45.0,32.0,27.0,29.0,35.0,36.0,35.0,30.0,29.0,42.0,37.0,25.0,32.0,36.0,34.0,32.0,45.0,33.0,36.0,42.0
31.0,41.0,27.0,35.0,29.0,30.0,27.0,38.0,30.0,36.0,30.0,30.0,28.0,34.0,39.0,27.0,28.0,32.0,26.0,35.0,30.0,35.0,26.0,38.0,31.0,42.0,37.0,41.0,37.0,25.0,41.0,28.0,38.0,36.0,29.0,22.0,30.0,40.0,36.0,40.0,33.0,25.0,38.0,27.0,24.0,31.0,34.0,27.0,34.0,31.0
29.0,23.0,35.0,32.0,25.0,29.0,36.0,29.0,28.0,24.0,25.0,29.0,31.0,29.0,32.0,29.0,22.0,33.0,36.0,27.0,33.0,34.0,41.0,28.0,33.0,30.0,32.0,24.0,30.0,38.0,21.0,35.0,41.0,27.0,35.0,36.0,28.0,33.0,34.0,42.0,31.0,34.0,26.0,30.0,36.0,25.0,26.0,28.0,27.0,29.0
