10,50,1000
17.994547,15.706928,19.30007,18.308969,15.598446,19.68427,17.587156,19.298872,19.801304,19.969128
7.248747,6.954345,5.710029,6.316963,9.575255,6.092901,8.40847,8.293761,7.045227,9.82865
0.0,10.0,20.0,30.0,40.0,50.0,60.0,70.0,80.0,90.0
10.0,0.0,10.0,20.0,30.0,40.0,50.0,60.0,70.0,80.0
20.0,10.0,0.0,10.0,20.0,30.0,40.0,50.0,60.0,70.0
30.0,20.0,10.0,0.0,10.0,20.0,30.0,40.0,50.0,60.0
40.0,30.0,20.0,10.0,0.0,10.0,20.0,30.0,40.0,50.0
50.0,40.0,30.0,20.0,10.0,0.0,10.0,20.0,30.0,40.0
60.0,50.0,40.0,30.0,20.0,10.0,0.0,10.0,20.0,30.0
70.0,60.0,50.0,40.0,30.0,20.0,10.0,0.0,10.0,20.0
80.0,70.0,60.0,50.0,40.0,30.0,20.0,10.0,0.0,10.0
90.0,80.0,70.0,60.0,50.0,40.0,30.0,20.0,10.0,0.0
450.0,400.0,350.0,300.0,250.0,250.0,300.0,350.0,400.0,450.0
0.0,1.0,2.0,3.0,4.0,5.0,6.0,7.0,8.0,9.0
1.0,0.0,1.0,2.0,3.0,4.0,5.0,6.0,7.0,8.0
2.0,1.0,0.0,1.0,2.0,3.0,4.0,5.0,6.0,7.0
3.0,2.0,1.0,0.0,1.0,2.0,3.0,4.0,5.0,6.0
4.0,3.0,2.0,1.0,0.0,1.0,2.0,3.0,4.0,5.0
5.0,4.0,3.0,2.0,1.0,0.0,1.0,2.0,3.0,4.0
6.0,5.0,4.0,3.0,2.0,1.0,0.0,1.0,2.0,3.0
7.0,6.0,5.0,4.0,3.0,2.0,1.0,0.0,1.0,2.0
8.0,7.0,6.0,5.0,4.0,3.0,2.0,1.0,0.0,1.0
9.0,8.0,7.0,6.0,5.0,4.0,3.0,2.0,1.0,0.0
45.0,40.0,35.0,30.0,25.0,25.0,30.0,35.0,40.0,45.0
27.0,25.0,24.0,19.0,28.0,31.0,22.0,33.0,25.0,30.0,26.0,26.0,22.0,38.0,21.0,27.0,25.0,32.0,33.0,25.0,28.0,25.0,19.0,24.0,31.0,32.0,35.0,26.0,31.0,31.0,33.0,23.0,22.0,29.0,35.0,28.0,28.0,21.0,28.0,33.0,18.0,29.0,33.0,20.0,20.0,20.0,21.0,35.0,25.0,24.0
28.0,29.0,30.0,31.0,21.0,36.0,28.0,24.0,20.0,29.0,24.0,20.0,23.0,28.0,34.0,23.0,30.0,26.0,31.0,28.0,32.0,20.0,26.0,20.0,32.0,37.0,31.0,23.0,22.0,30.0,17.0,23.0,30.0,24.0,15.0,17.0,19.0,22.0,26.0,25.0,19.0,26.0,24.0,24.0,24.0,17.0,25.0,35.0,25.0,29.0
13.0,30.0,23.0,31.0,36.0,27.0,22.0,22.0,26.0,24.0,15.0,17.0,25.0,12.0,20.0,24.0,18.0,18.0,25.0,19.0,28.0,28.0,31.0,21.0,18.0,26.0,23.0,18.0,27.0,29.0,20.0,15.0,22.0,15.0,33.0,21.0,24.0,16.0,19.0,11.0,19.0,27.0,34.0,24.0,31.0,30.0,30.0,17.0,21.0,29.0
27.0,27.0,18.0,26.0,25.0,27.0,26.0,16.0,24.0,31.0,30.0,25.0,19.0,17.0,25.0,17.0,30.0,35.0,26.0,24.0,28.0,28.0,30.0,21.0,20.0,24.0,32.0,23.0,21.0,28.0,26.0,36.0,27.0,15.0,18.0,33.0,31.0,32.0,18.0,34.0,24.0,22.0,33.0,32.0,34.0,21.0,30.0,22.0,21.0,31.0
52.0,28.0,33.0,27.0,32.0,33.0,34.0,37.0,36.0,29.0,32.0,39.0,32.0,26.0,36.0,32.0,38.0,41.0,44.0,27.0,38.0,35.0,37.0,35.0,38.0,36.0,31.0,42.0,27.0,29.0,26.0,38.0,34.0,42.0,26.0,43.0,30.0,40.0,36.0,30.0,35.0,42.0,26.0,42.0,42.0,40.0,35.0,53.0,26.0,47.0
32.0,17.0,23.0,23.0,17.0,20.0,24.0,18.0,30.0,23.0,22.0,28.0,24.0,16.0,22.0,29.0,23.0,32.0,21.0,26.0,23.0,17.0,23.0,24.0,24.0,28.0,25.0,24.0,26.0,23.0,23.0,31.0,34.0,21.0,20.0,37.0,24.0,22.0,24.0,27.0,27.0,27.0,20.0,25.0,30.0,35.0,23.0,31.0,19.0,27.0
34.0,29.0,34.0,33.0,39.0,30.0,29.0,25.0,31.0,32.0,29.0,39.0,31.0,20.0,25.0,26.0,33.0,33.0,26.0,31.0,23.0,27.0,39.0,25.0,36.0,22.0,35.0,35.0,32.0,32.0,32.0,30.0,32.0,27.0,35.0,30.0,35.0,25.0,26.0,28.0,32.0,35.0,44.0,27.0,41.0,38.0,31.0,36.0,31.0,33.0
30.0,35.0,27.0,34.0,33.0,35.0,28.0,24.0,33.0,26.0,39.0,41.0,33.0,28.0,36.0,40.0,28.0,25.0,26.0,31.0,32.0,29.0,28.0,26.0,27.0,22.0,27.0,29.0,29.0,34.0,43.0,32.0,32.0,31.0,36.0,30.0,31.0,30.0,30.0,38.0,32.0,42.0,28.0,32.0,28.0,30.0,26.0,31.0,29.0,32.0
30.0,37.0,29.0,26.0,26.0,19.0,27.0,28.0,27.0,26.0,27.0,33.0,21.0,29.0,24.0,26.0,26.0,44.0,23.0,30.0,24.0,23.0,17.0,27.0,26.0,19.0,26.0,25.0,28.0,29.0,25.0,28.0,27.0,35.0,31.0,38.0,25.0,27.0,33.0,38.0,22.0,19.0,28.0,25.0,29.0,23.0,23.0,22.0,30.0,33.0
42.0,37.0,31.0,31.0,42.0,42.0,39.0,44.0,35.0,36.0,41.0,37.0,30.0,50.0,32.0,31.0,37.0,37.0,36.0,35.0,50.0,24.0,31.0,37.0,48.0,36.0,45.0,28.0,31.0,32.0,40.0,30.0,27.0,37.0,52.0,36.0,46.0,48.0,41.0,30.0,41.0,44.0,37.0,28.0,37.0,41.0,44.0,24.0,42.0,47.0
