10,50,1000
19.262448,17.277531,18.729494,18.394615,16.554458,16.079508,16.171303,16.1041,19.626284,16.163136
5.756709,7.387157,5.058759,5.853171,8.928126,6.897275,6.050134,5.484399,6.20035,5.646197
0.0,10.0,20.0,30.0,40.0,50.0,60.0,70.0,80.0,90.0
10.0,0.0,10.0,20.0,30.0,40.0,50.0,60.0,70.0,80.0
20.0,10.0,0.0,10.0,20.0,30.0,40.0,50.0,60.0,70.0
30.0,20.0,10.0,0.0,10.0,20.0,30.0,40.0,50.0,60.0
40.0,30.0,20.0,10.0,0.0,10.0,20.0,30.0,40.0,50.0
50.0,40.0,30.0,20.0,10.0,0.0,10.0,20.0,30.0,40.0
60.0,50.0,40.0,30.0,20.0,10.0,0.0,10.0,20.0,30.0
70.0,60.0,50.0,40.0,30.0,20.0,10.0,0.0,10.0,20.0
80.0,70.0,60.0,50.0,40.0,30.0,20.0,10.0,0.0,10.0
90.0,80.0,70.0,60.0,50.0,40.0,30.0,20.0,10.0,0.0
450.0,400.0,350.0,300.0,250.0,250.0,300.0,350.0,400.0,450.0
0.0,1.0,2.0,3.0,4.0,5.0,6.0,7.0,8.0,9.0
1.0,0.0,1.0,2.0,3.0,4.0,5.0,6.0,7.0,8.0
2.0,1.0,0.0,1.0,2.0,3.0,4.0,5.0,6.0,7.0
3.0,2.0,1.0,0.0,1.0,2.0,3.0,4.0,5.0,6.0
4.0,3.0,2.0,1.0,0.0,1.0,2.0,3.0,4.0,5.0
5.0,4.0,3.0,2.0,1.0,0.0,1.0,2.0,3.0,4.0
6.0,5.0,4.0,3.0,2.0,1.0,0.0,1.0,2.0,3.0
7.0,6.0,5.0,4.0,3.0,2.0,1.0,0.0,1.0,2.0
8.0,7.0,6.0,5.0,4.0,3.0,2.0,1.0,0.0,1.0
9.0,8.0,7.0,6.0,5.0,4.0,3.0,2.0,1.0,0.0
45.0,40.0,35.0,30.0,25.0,25.0,30.0,35.0,40.0,45.0
20.0,23.0,23.0,27.0,24.0,19.0,24.0,21.0,26.0,29.0,36.0,24.0,31.0,21.0,23.0,28.0,14.0,22.0,30.0,17.0,24.0,23.0,33.0,25.0,23.0,23.0,13.0,26.0,19.0,27.0,27.0,35.0,24.0,21.0,19.0,25.0,33.0,28.0,32.0,27.0,29.0,27.0,18.0,15.0,33.0,30.0,24.0,25.0,21.0,24.0
34.0,34.0,25.0,33.0,29.0,31.0,23.0,30.0,35.0,31.0,29.0,39.0,25.0,16.0,24.0,27.0,30.0,28.0,31.0,27.0,20.0,31.0,23.0,16.0,20.0,15.0,28.0,24.0,25.0,26.0,27.0,29.0,26.0,46.0,23.0,25.0,30.0,28.0,25.0,17.0,35.0,26.0,16.0,21.0,30.0,20.0,21.0,19.0,31.0,29.0
25.0,19.0,19.0,16.0,23.0,18.0,23.0,31.0,16.0,20.0,17.0,28.0,23.0,19.0,26.0,22.0,18.0,13.0,25.0,27.0,13.0,19.0,25.0,18.0,27.0,29.0,25.0,13.0,19.0,17.0,27.0,25.0,19.0,24.0,13.0,14.0,19.0,18.0,17.0,26.0,23.0,23.0,18.0,23.0,15.0,22.0,19.0,19.0,20.0,25.0
23.0,28.0,26.0,35.0,27.0,21.0,27.0,28.0,18.0,28.0,26.0,23.0,21.0,17.0,18.0,20.0,21.0,28.0,27.0,29.0,30.0,30.0,12.0,23.0,22.0,28.0,25.0,29.0,18.0,31.0,23.0,25.0,28.0,30.0,13.0,27.0,30.0,18.0,20.0,20.0,24.0,28.0,31.0,19.0,19.0,32.0,24.0,25.0,27.0,28.0
28.0,37.0,32.0,31.0,32.0,30.0,29.0,21.0,33.0,36.0,34.0,37.0,35.0,39.0,47.0,29.0,28.0,21.0,32.0,41.0,25.0,35.0,41.0,30.0,25.0,33.0,32.0,36.0,33.0,40.0,46.0,33.0,33.0,29.0,35.0,34.0,32.0,23.0,34.0,36.0,31.0,28.0,47.0,31.0,30.0,29.0,38.0,26.0,39.0,34.0
33.0,26.0,31.0,24.0,27.0,24.0,20.0,17.0,23.0,27.0,37.0,36.0,33.0,33.0,28.0,30.0,23.0,21.0,34.0,26.0,25.0,31.0,27.0,26.0,23.0,16.0,17.0,21.0,27.0,30.0,24.0,29.0,33.0,22.0,29.0,18.0,24.0,19.0,30.0,16.0,25.0,24.0,27.0,35.0,29.0,23.0,28.0,23.0,24.0,35.0
28.0,26.0,28.0,20.0,24.0,20.0,28.0,27.0,27.0,29.0,26.0,24.0,26.0,23.0,27.0,26.0,19.0,24.0,25.0,33.0,33.0,33.0,27.0,13.0,25.0,23.0,33.0,32.0,30.0,24.0,21.0,23.0,22.0,21.0,27.0,18.0,26.0,25.0,20.0,19.0,25.0,16.0,21.0,21.0,24.0,25.0,24.0,28.0,15.0,23.0
32.0,29.0,24.0,16.0,16.0,22.0,18.0,22.0,15.0,21.0,18.0,24.0,16.0,24.0,17.0,19.0,17.0,16.0,29.0,26.0,21.0,25.0,23.0,27.0,21.0,18.0,16.0,22.0,26.0,13.0,15.0,24.0,21.0,14.0,22.0,26.0,27.0,28.0,22.0,19.0,19.0,23.0,20.0,20.0,17.0,22.0,20.0,22.0,22.0,32.0
29.0,26.0,31.0,30.0,29.0,22.0,22.0,25.0,32.0,31.0,21.0,23.0,26.0,26.0,30.0,20.0,18.0,32.0,28.0,26.0,22.0,18.0,26.0,21.0,20.0,19.0,34.0,28.0,20.0,23.0,26.0,27.0,22.0,16.0,19.0,22.0,28.0,22.0,29.0,25.0,18.0,31.0,22.0,32.0,21.0,30.0,16.0,29.0,30.0,20.0
14.0,11.0,20.0,22.0,17.0,18.0,23.0,26.0,22.0,15.0,22.0,26.0,26.0,22.0,16.0,21.0,21.0,28.0,19.0,14.0,29.0,13.0,18.0,16.0,24.0,25.0,22.0,26.0,24.0,25.0,24.0,26.0,20.0,24.0,24.0,24.0,19.0,23.0,18.0,20.0,23.0,13.0,24.0,20.0,33.0,21.0,16.0,26.0,27.0,18.0
