10,50,1000
17.720113,19.923638,15.202965,19.612564,16.878486,18.120784,17.568863,19.837835,16.855016,17.683609
9.237683,9.472803,8.995818,9.570069,9.162828,5.739185,7.104932,7.973001,8.663207,5.857749
0.0,10.0,20.0,30.0,40.0,50.0,60.0,70.0,80.0,90.0
10.0,0.0,10.0,20.0,30.0,40.0,50.0,60.0,70.0,80.0
20.0,10.0,0.0,10.0,20.0,30.0,40.0,50.0,60.0,70.0
30.0,20.0,10.0,0.0,10.0,20.0,30.0,40.0,50.0,60.0
40.0,30.0,20.0,10.0,0.0,10.0,20.0,30.0,40.0,50.0
50.0,40.0,30.0,20.0,10.0,0.0,10.0,20.0,30.0,40.0
60.0,50.0,40.0,30.0,20.0,10.0,0.0,10.0,20.0,30.0
70.0,60.0,50.0,40.0,30.0,20.0,10.0,0.0,10.0,20.0
80.0,70.0,60.0,50.0,40.0,30.0,20.0,10.0,0.0,10.0
90.0,80.0,70.0,60.0,50.0,40.0,30.0,20.0,10.0,0.0
450.0,400.0,350.0,300.0,250.0,250.0,300.0,350.0,400.0,450.0
0.0,1.0,2.0,3.0,4.0,5.0,6.0,7.0,8.0,9.0
1.0,0.0,1.0,2.0,3.0,4.0,5.0,6.0,7.0,8.0
2.0,1.0,0.0,1.0,2.0,3.0,4.0,5.0,6.0,7.0
3.0,2.0,1.0,0.0,1.0,2.0,3.0,4.0,5.0,6.0
4.0,3.0,2.0,1.0,0.0,1.0,2.0,3.0,4.0,5.0
5.0,4.0,3.0,2.0,1.0,0.0,1.0,2.0,3.0,4.0
6.0,5.0,4.0,3.0,2.0,1.0,0.0,1.0,2.0,3.0
7.0,6.0,5.0,4.0,3.0,2.0,1.0,0.0,1.0,2.0
8.0,7.0,6.0,5.0,4.0,3.0,2.0,1.0,0.0,1.0
9.0,8.0,7.0,6.0,5.0,4.0,3.0,2.0,1.0,0.0
45.0,40.0,35.0,30.0,25.0,25.0,30.0,35.0,40.0,45.0
26.0,44.0,33.0,34.0,35.0,36.0,34.0,30.0,41.0,36.0,37.0,34.0,37.0,39.0,36.0,33.0,29.0,39.0,29.0,43.0,33.0,27.0,34.0,32.0,39.0,29.0,31.0,33.0,29.0,40.0,42.0,31.0,37.0,34.0,37.0,30.0,34.0,34.0,26.0,32.0,41.0,24.0,32.0,32.0,37.0,33.0,40.0,33.0,32.0,29.0
40.0,37.0,43.0,44.0,33.0,33.0,36.0,51.0,39.0,42.0,33.0,35.0,37.0,29.0,41.0,40.0,45.0,38.0,35.0,35.0,21.0,30.0,35.0,41.0,33.0,33.0,44.0,39.0,44.0,36.0,29.0,36.0,31.0,32.0,32.0,36.0,44.0,36.0,38.0,25.0,37.0,30.0,37.0,34.0,33.0,37.0,24.0,41.0,42.0,35.0
38.0,37.0,44.0,33.0,34.0,33.0,39.0,34.0,35.0,31.0,35.0,31.0,32.0,32.0,26.0,25.0,32.0,34.0,32.0,31.0,43.0,35.0,40.0,40.0,42.0,34.0,26.0,36.0,38.0,34.0,32.0,31.0,39.0,35.0,43.0,27.0,19.0,25.0,38.0,29.0,36.0,25.0,30.0,35.0,24.0,36.0,28.0,37.0,30.0,47.0
33.0,27.0,46.0,37.0,27.0,38.0,36.0,27.0,36.0,38.0,43.0,46.0,44.0,35.0,36.0,34.0,36.0,36.0,40.0,29.0,38.0,37.0,38.0,28.0,32.0,28.0,33.0,32.0,21.0,34.0,35.0,38.0,35.0,32.0,44.0,29.0,36.0,38.0,23.0,43.0,34.0,33.0,45.0,25.0,38.0,50.0,26.0,37.0,42.0,45.0
35.0,41.0,31.0,34.0,38.0,45.0,27.0,22.0,19.0,37.0,36.0,31.0,35.0,32.0,42.0,32.0,31.0,30.0,32.0,34.0,38.0,36.0,31.0,44.0,35.0,32.0,35.0,34.0,34.0,27.0,44.0,30.0,31.0,33.0,25.0,25.0,30.0,38.0,37.0,31.0,37.0,31.0,38.0,31.0,33.0,27.0,23.0,35.0,25.0,35.0
28.0,30.0,29.0,18.0,33.0,26.0,26.0,19.0,20.0,28.0,17.0,20.0,24.0,23.0,27.0,19.0,24.0,28.0,23.0,22.0,17.0,25.0,20.0,24.0,14.0,25.0,24.0,26.0,23.0,16.0,32.0,32.0,14.0,17.0,20.0,19.0,20.0,26.0,28.0,21.0,23.0,19.0,17.0,23.0,22.0,27.0,24.0,37.0,28.0,19.0
29.0,28.0,25.0,32.0,31.0,35.0,23.0,32.0,28.0,17.0,31.0,22.0,24.0,29.0,27.0,23.0,34.0,36.0,27.0,26.0,20.0,29.0,19.0,23.0,28.0,26.0,31.0,19.0,28.0,23.0,34.0,33.0,27.0,23.0,35.0,35.0,28.0,32.0,34.0,31.0,30.0,36.0,25.0,27.0,27.0,30.0,30.0,21.0,31.0,24.0
32.0,29.0,35.0,40.0,27.0,26.0,31.0,34.0,38.0,19.0,30.0,35.0,39.0,26.0,26.0,38.0,24.0,20.0,31.0,32.0,37.0,40.0,32.0,31.0,26.0,27.0,33.0,31.0,21.0,30.0,33.0,32.0,47.0,27.0,31.0,31.0,21.0,28.0,31.0,31.0,29.0,33.0,27.0,32.0,26.0,36.0,28.0,22.0,36.0,36.0
37.0,43.0,29.0,37.0,39.0,32.0,36.0,32.0,22.0,23.0,31.0,34.0,24.0,27.0,37.0,24.0,33.0,40.0,38.0,34.0,26.0,30.0,24.0,28.0,35.0,36.0,27.0,28.0,33.0,31.0,25.0,23.0,37.0,33.0,34.0,27.0,25.0,27.0,26.0,39.0,25.0,33.0,30.0,35.0,42.0,33.0,22.0,36.0,25.0,37.0
20.0,21.0,15.0,22.0,26.0,18.0,31.0,24.0,21.0,31.0,23.0,24.0,16.0,24.0,20.0,22.0,32.0,26.0,26.0,17.0,28.0,15.0,25.0,32.0,28.0,32.0,37.0,21.0,24.0,32.0,20.0,32.0,32.0,20.0,20.0,26.0,18.0,21.0,22.0,20.0,27.0,35.0,21.0,21.0,28.0,24.0,24.0,29.0,19.0,21.0
