10,50,1000
17.682639,19.404844,19.307475,18.0843,15.713339,16.069601,17.882085,19.108735,17.467059,16.165071
6.195082,5.803937,6.910033,8.617238,5.486492,6.997714,9.351562,7.844845,9.640673,5.590422
0.0,10.0,20.0,30.0,40.0,50.0,60.0,70.0,80.0,90.0
10.0,0.0,10.0,20.0,30.0,40.0,50.0,60.0,70.0,80.0
20.0,10.0,0.0,10.0,20.0,30.0,40.0,50.0,60.0,70.0
30.0,20.0,10.0,0.0,10.0,20.0,30.0,40.0,50.0,60.0
40.0,30.0,20.0,10.0,0.0,10.0,20.0,30.0,40.0,50.0
50.0,40.0,30.0,20.0,10.0,0.0,10.0,20.0,30.0,40.0
60.0,50.0,40.0,30.0,20.0,10.0,0.0,10.0,20.0,30.0
70.0,60.0,50.0,40.0,30.0,20.0,10.0,0.0,10.0,20.0
80.0,70.0,60.0,50.0,40.0,30.0,20.0,10.0,0.0,10.0
90.0,80.0,70.0,60.0,50.0,40.0,30.0,20.0,10.0,0.0
450.0,400.0,350.0,300.0,250.0,250.0,300.0,350.0,400.0,450.0
0.0,1.0,2.0,3.0,4.0,5.0,6.0,7.0,8.0,9.0
1.0,0.0,1.0,2.0,3.0,4.0,5.0,6.0,7.0,8.0
2.0,1.0,0.0,1.0,2.0,3.0,4.0,5.0,6.0,7.0
3.0,2.0,1.0,0.0,1.0,2.0,3.0,4.0,5.0,6.0
4.0,3.0,2.0,1.0,0.0,1.0,2.0,3.0,4.0,5.0
5.0,4.0,3.0,2.0,1.0,0.0,1.0,2.0,3.0,4.0
6.0,5.0,4.0,3.0,2.0,1.0,0.0,1.0,2.0,3.0
7.0,6.0,5.0,4.0,3.0,2.0,1.0,0.0,1.0,2.0
8.0,7.0,6.0,5.0,4.0,3.0,2.0,1.0,0.0,1.0
9.0,8.0,7.0,6.0,5.0,4.0,3.0,2.0,1.0,0.0
45.0,40.0,35.0,30.0,25.0,25.0,30.0,35.0,40.0,45.0
29.0,26.0,30.0,29.0,20.0,29.0,25.0,27.0,28.0,20.0,28.0,28.0,28.0,33.0,20.0,17.0,24.0,23.0,30.0,25.0,20.0,29.0,23.0,27.0,21.0,19.0,22.0,21.0,25.0,28.0,24.0,27.0,24.0,31.0,22.0,23.0,23.0,26.0,27.0,18.0,25.0,28.0,25.0,24.0,31.0,30.0,27.0,32.0,29.0,22.0
30.0,25.0,24.0,23.0,28.0,33.0,21.0,24.0,28.0,19.0,24.0,22.0,28.0,27.0,21.0,21.0,25.0,19.0,23.0,18.0,20.0,25.0,22.0,16.0,20.0,26.0,25.0,28.0,20.0,24.0,26.0,24.0,36.0,27.0,26.0,24.0,25.0,30.0,36.0,19.0,26.0,28.0,28.0,23.0,28.0,20.0,29.0,27.0,30.0,24.0
24.0,25.0,33.0,32.0,25.0,32.0,29.0,21.0,26.0,27.0,26.0,27.0,24.0,21.0,20.0,39.0,24.0,24.0,29.0,26.0,24.0,29.0,33.0,33.0,20.0,30.0,37.0,23.0,31.0,24.0,24.0,27.0,26.0,25.0,27.0,25.0,24.0,29.0,27.0,30.0,22.0,23.0,18.0,28.0,26.0,27.0,35.0,37.0,28.0,30.0
24.0,31.0,26.0,35.0,37.0,40.0,33.0,32.0,31.0,32.0,28.0,40.0,40.0,31.0,32.0,43.0,27.0,41.0,16.0,34.0,33.0,25.0,30.0,22.0,37.0,33.0,40.0,36.0,39.0,35.0,34.0,22.0,17.0,25.0,32.0,25.0,26.0,36.0,27.0,34.0,32.0,32.0,25.0,33.0,42.0,32.0,37.0,37.0,36.0,31.0
35.0,15.0,25.0,18.0,18.0,27.0,22.0,15.0,27.0,18.0,21.0,8.0,33.0,20.0,27.0,19.0,23.0,24.0,19.0,21.0,23.0,17.0,21.0,17.0,23.0,29.0,26.0,21.0,22.0,21.0,24.0,29.0,25.0,21.0,22.0,20.0,31.0,29.0,26.0,21.0,23.0,17.0,15.0,19.0,19.0,15.0,18.0,32.0,31.0,25.0
31.0,27.0,29.0,21.0,29.0,17.0,18.0,28.0,19.0,28.0,21.0,25.0,41.0,23.0,25.0,24.0,29.0,29.0,35.0,22.0,33.0,28.0,25.0,25.0,25.0,28.0,19.0,23.0,20.0,24.0,25.0,29.0,32.0,33.0,25.0,26.0,28.0,22.0,23.0,24.0,28.0,30.0,31.0,22.0,24.0,23.0,23.0,27.0,35.0,24.0
37.0,40.0,35.0,34.0,43.0,31.0,42.0,32.0,35.0,34.0,38.0,33.0,31.0,34.0,32.0,33.0,31.0,27.0,36.0,26.0,33.0,27.0,41.0,35.0,34.0,22.0,39.0,36.0,46.0,32.0,39.0,34.0,46.0,29.0,35.0,39.0,37.0,34.0,35.0,38.0,34.0,37.0,35.0,40.0,34.0,36.0,32.0,24.0,44.0,37.0
27.0,27.0,39.0,18.0,21.0,28.0,39.0,28.0,32.0,25.0,31.0,23.0,31.0,26.0,22.0,42.0,34.0,27.0,39.0,25.0,40.0,32.0,45.0,39.0,22.0,27.0,37.0,37.0,32.0,23.0,33.0,35.0,28.0,18.0,29.0,30.0,22.0,27.0,37.0,37.0,21.0,38.0,30.0,25.0,27.0,26.0,33.0,29.0,32.0,33.0
39.0,28.0,45.0,39.0,30.0,26.0,25.0,35.0,25.0,32.0,32.0,37.0,35.0,40.0,34.0,29.0,40.0,34.0,31.0,32.0,30.0,25.0,31.0,33.0,33.0,37.0,48.0,30.0,25.0,35.0,33.0,38.0,26.0,40.0,41.0,43.0,35.0,40.0,36.0,40.0,35.0,40.0,31.0,29.0,37.0,42.0,41.0,33.0,32.0,38.0
21.0,20.0,15.0,19.0,15.0,25.0,23.0,27.0,32.0,29.0,24.0,24.0,20.0,24.0,20.0,23.0,32.0,21.0,22.0,23.0,28.0,26.0,32.0,23.0,22.0,19.0,25.0,31.0,25.0,30.0,26.0,22.0,25.0,30.0,18.0,26.0,18.0,16.0,22.0,30.0,17.0,25.0,22.0,31.0,30.0,19.0,21.0,25.0,7.0,21.0
