10,50,1000
18.851841,18.388037,15.497975,15.862406,16.993564,16.38651,16.688868,18.423356,19.840229,19.096769
7.59431,5.832203,5.732213,7.972762,6.117928,7.078732,8.1458,8.977744,7.597692,9.512961
0.0,10.0,20.0,30.0,40.0,50.0,60.0,70.0,80.0,90.0
10.0,0.0,10.0,20.0,30.0,40.0,50.0,60.0,70.0,80.0
20.0,10.0,0.0,10.0,20.0,30.0,40.0,50.0,60.0,70.0
30.0,20.0,10.0,0.0,10.0,20.0,30.0,40.0,50.0,60.0
40.0,30.0,20.0,10.0,0.0,10.0,20.0,30.0,40.0,50.0
50.0,40.0,30.0,20.0,10.0,0.0,10.0,20.0,30.0,40.0
60.0,50.0,40.0,30.0,20.0,10.0,0.0,10.0,20.0,30.0
70.0,60.0,50.0,40.0,30.0,20.0,10.0,0.0,10.0,20.0
80.0,70.0,60.0,50.0,40.0,30.0,20.0,10.0,0.0,10.0
90.0,80.0,70.0,60.0,50.0,40.0,30.0,20.0,10.0,0.0
450.0,400.0,350.0,300.0,250.0,250.0,300.0,350.0,400.0,450.0
0.0,1.0,2.0,3.0,4.0,5.0,6.0,7.0,8.0,9.0
1.0,0.0,1.0,2.0,3.0,4.0,5.0,6.0,7.0,8.0
2.0,1.0,0.0,1.0,2.0,3.0,4.0,5.0,6.0,7.0
3.0,2.0,1.0,0.0,1.0,2.0,3.0,4.0,5.0,6.0
4.0,3.0,2.0,1.0,0.0,1.0,2.0,3.0,4.0,5.0
5.0,4.0,3.0,2.0,1.0,0.0,1.0,2.0,3.0,4.0
6.0,5.0,4.0,3.0,2.0,1.0,0.0,1.0,2.0,3.0
7.0,6.0,5.0,4.0,3.0,2.0,1.0,0.0,1.0,2.0
8.0,7.0,6.0,5.0,4.0,3.0,2.0,1.0,0.0,1.0
9.0,8.0,7.0,6.0,5.0,4.0,3.0,2.0,1.0,0.0
45.0,40.0,35.0,30.0,25.0,25.0,30.0,35.0,40.0,45.0
29.0,24.0,29.0,29.0,35.0,36.0,29.0,22.0,34.0,25.0,29.0,23.0,27.0,28.0,28.0,27.0,26.0,21.0,39.0,33.0,39.0,23.0,29.0,32.0,31.0,27.0,25.0,22.0,26.0,32.0,32.0,26.0,34.0,36.0,31.0,25.0,29.0,31.0,29.0,27.0,33.0,30.0,32.0,28.0,32.0,24.0,27.0,28.0,34.0,28.0
26.0,25.0,19.0,20.0,24.0,20.0,17.0,13.0,21.0,26.0,34.0,28.0,17.0,25.0,21.0,29.0,20.0,24.0,32.0,24.0,30.0,23.0,20.0,26.0,27.0,20.0,23.0,24.0,21.0,22.0,21.0,21.0,22.0,20.0,23.0,21.0,28.0,25.0,27.0,30.0,25.0,23.0,21.0,25.0,25.0,29.0,25.0,33.0,24.0,29.0
21.0,18.0,28.0,34.0,25.0,19.0,19.0,24.0,17.0,25.0,24.0,23.0,25.0,21.0,21.0,14.0,22.0,24.0,27.0,25.0,32.0,20.0,22.0,20.0,28.0,26.0,18.0,30.0,31.0,30.0,25.0,26.0,20.0,19.0,26.0,21.0,26.0,22.0,24.0,21.0,26.0,14.0,22.0,28.0,31.0,28.0,20.0,25.0,23.0,16.0
29.0,27.0,33.0,26.0,31.0,23.0,25.0,26.0,29.0,30.0,38.0,34.0,41.0,21.0,29.0,31.0,34.0,27.0,27.0,31.0,33.0,25.0,24.0,32.0,33.0,24.0,30.0,28.0,34.0,35.0,43.0,27.0,33.0,36.0,21.0,22.0,26.0,31.0,32.0,21.0,33.0,25.0,25.0,25.0,31.0,28.0,33.0,26.0,26.0,40.0
23.0,22.0,33.0,30.0,32.0,24.0,27.0,23.0,24.0,21.0,25.0,33.0,20.0,22.0,23.0,20.0,24.0,23.0,25.0,20.0,28.0,17.0,26.0,35.0,23.0,26.0,19.0,28.0,26.0,26.0,26.0,25.0,16.0,29.0,27.0,27.0,12.0,30.0,23.0,26.0,28.0,25.0,20.0,21.0,24.0,30.0,13.0,20.0,24.0,22.0
32.0,32.0,25.0,30.0,34.0,23.0,26.0,24.0,18.0,26.0,27.0,24.0,25.0,42.0,31.0,33.0,31.0,36.0,31.0,28.0,28.0,21.0,22.0,30.0,27.0,26.0,35.0,22.0,33.0,29.0,21.0,25.0,24.0,23.0,29.0,32.0,30.0,29.0,31.0,27.0,22.0,17.0,23.0,18.0,28.0,31.0,26.0,28.0,27.0,21.0
33.0,30.0,33.0,30.0,21.0,35.0,31.0,44.0,32.0,27.0,32.0,24.0,35.0,33.0,39.0,22.0,25.0,32.0,32.0,35.0,34.0,22.0,35.0,23.0,26.0,28.0,24.0,20.0,36.0,29.0,28.0,31.0,25.0,30.0,34.0,36.0,30.0,28.0,29.0,45.0,32.0,24.0,37.0,31.0,45.0,33.0,36.0,29.0,36.0,30.0
36.0,38.0,37.0,41.0,29.0,41.0,32.0,27.0,28.0,36.0,41.0,28.0,43.0,32.0,39.0,35.0,41.0,36.0,40.0,35.0,30.0,32.0,43.0,29.0,41.0,37.0,35.0,32.0,38.0,33.0,32.0,37.0,41.0,24.0,39.0,34.0,47.0,18.0,23.0,29.0,38.0,33.0,33.0,36.0,39.0,42.0,27.0,40.0,37.0,40.0
24.0,29.0,33.0,24.0,27.0,23.0,47.0,26.0,26.0,36.0,21.0,43.0,18.0,28.0,31.0,40.0,36.0,40.0,27.0,33.0,15.0,26.0,21.0,31.0,34.0,40.0,24.0,27.0,26.0,30.0,27.0,29.0,27.0,38.0,26.0,32.0,28.0,32.0,24.0,33.0,27.0,33.0,26.0,27.0,33.0,24.0,20.0,30.0,39.0,35.0
33.0,37.0,35.0,27.0,28.0,36.0,45.0,52.0,38.0,35.0,40.0,37.0,35.0,36.0,25.0,43.0,25.0,36.0,35.0,36.0,33.0,39.0,38.0,31.0,44.0,33.0,28.0,45.0,40.0,36.0,34.0,38.0,32.0,33.0,38.0,39.0,44.0,38.0,38.0,39.0,42.0,36.0,34.0,51.0,38.0,33.0,30.0,41.0,42.0,38.0
