10,50,1000
19.437291,18.739346,15.526824,15.797878,15.246602,17.144883,19.9492,19.717214,19.437224,17.461012
6.798612,7.782637,8.060589,9.778299,9.556783,6.241613,5.860383,9.051536,8.867215,8.188695
0.0,10.0,20.0,30.0,40.0,50.0,60.0,70.0,80.0,90.0
10.0,0.0,10.0,20.0,30.0,40.0,50.0,60.0,70.0,80.0
20.0,10.0,0.0,10.0,20.0,30.0,40.0,50.0,60.0,70.0
30.0,20.0,10.0,0.0,10.0,20.0,30.0,40.0,50.0,60.0
40.0,30.0,20.0,10.0,0.0,10.0,20.0,30.0,40.0,50.0
50.0,40.0,30.0,20.0,10.0,0.0,10.0,20.0,30.0,40.0
60.0,50.0,40.0,30.0,20.0,10.0,0.0,10.0,20.0,30.0
70.0,60.0,50.0,40.0,30.0,20.0,10.0,0.0,10.0,20.0
80.0,70.0,60.0,50.0,40.0,30.0,20.0,10.0,0.0,10.0
90.0,80.0,70.0,60.0,50.0,40.0,30.0,20.0,10.0,0.0
450.0,400.0,350.0,300.0,250.0,250.0,300.0,350.0,400.0,450.0
0.0,1.0,2.0,3.0,4.0,5.0,6.0,7.0,8.0,9.0
1.0,0.0,1.0,2.0,3.0,4.0,5.0,6.0,7.0,8.0
2.0,1.0,0.0,1.0,2.0,3.0,4.0,5.0,6.0,7.0
3.0,2.0,1.0,0.0,1.0,2.0,3.0,4.0,5.0,6.0
4.0,3.0,2.0,1.0,0.0,1.0,2.0,3.0,4.0,5.0
5.0,4.0,3.0,2.0,1.0,0.0,1.0,2.0,3.0,4.0
6.0,5.0,4.0,3.0,2.0,1.0,0.0,1.0,2.0,3.0
7.0,6.0,5.0,4.0,3.0,2.0,1.0,0.0,1.0,2.0
8.0,7.0,6.0,5.0,4.0,3.0,2.0,1.0,0.0,1.0
9.0,8.0,7.0,6.0,5.0,4.0,3.0,2.0,1.0,0.0
45.0,40.0,35.0,30.0,25.0,25.0,30.0,35.0,40.0,45.0
28.0,27.0,20.0,27.0,30.0,27.0,24.0,34.0,13.0,25.0,24.0,35.0,22.0,27.0,26.0,25.0,28.0,20.0,26.0,25.0,32.0,21.0,32.0,21.0,22.0,30.0,29.0,23.0,30.0,32.0,20.0,31.0,27.0,24.0,23.0,23.0,32.0,30.0,37.0,26.0,26.0,27.0,18.0,30.0,19.0,31.0,24.0,27.0,24.0,36.0
32.0,35.0,30.0,22.0,32.0,31.0,30.0,22.0,34.0,32.0,21.0,24.0,29.0,39.0,34.0,30.0,33.0,28.0,26.0,28.0,28.0,25.0,28.0,32.0,27.0,38.0,33.0,29.0,21.0,34.0,28.0,27.0,25.0,30.0,28.0,31.0,24.0,36.0,34.0,29.0,49.0,28.0,28.0,22.0,32.0,21.0,37.0,32.0,32.0,37.0
18.0,33.0,27.0,32.0,37.0,27.0,28.0,29.0,28.0,26.0,24.0,27.0,21.0,27.0,33.0,32.0,31.0,39.0,25.0,25.0,36.0,31.0,37.0,32.0,23.0,18.0,28.0,24.0,30.0,22.0,34.0,33.0,25.0,25.0,22.0,35.0,28.0,33.0,35.0,26.0,41.0,37.0,35.0,26.0,28.0,33.0,31.0,27.0,27.0,38.0
41.0,31.0,25.0,30.0,32.0,31.0,31.0,45.0,54.0,30.0,33.0,41.0,35.0,26.0,47.0,41.0,45.0,47.0,30.0,37.0,36.0,31.0,30.0,47.0,30.0,30.0,32.0,41.0,27.0,37.0,30.0,34.0,37.0,24.0,40.0,34.0,43.0,33.0,32.0,40.0,32.0,40.0,30.0,25.0,45.0,38.0,34.0,41.0,35.0,29.0
36.0,41.0,26.0,43.0,41.0,37.0,37.0,35.0,32.0,35.0,37.0,46.0,28.0,34.0,27.0,33.0,42.0,24.0,28.0,31.0,27.0,38.0,34.0,37.0,29.0,31.0,36.0,25.0,30.0,34.0,35.0,37.0,37.0,38.0,27.0,40.0,33.0,38.0,37.0,40.0,34.0,43.0,36.0,34.0,29.0,41.0,34.0,41.0,31.0,38.0
16.0,30.0,24.0,28.0,19.0,28.0,27.0,22.0,33.0,19.0,35.0,27.0,22.0,23.0,24.0,27.0,22.0,28.0,33.0,19.0,27.0,30.0,18.0,21.0,22.0,28.0,24.0,18.0,25.0,26.0,26.0,29.0,26.0,26.0,14.0,21.0,28.0,32.0,32.0,33.0,26.0,16.0,30.0,34.0,26.0,21.0,32.0,28.0,28.0,21.0
29.0,18.0,25.0,21.0,30.0,35.0,28.0,26.0,25.0,19.0,23.0,25.0,21.0,28.0,19.0,22.0,32.0,28.0,18.0,28.0,24.0,30.0,31.0,27.0,22.0,23.0,20.0,31.0,20.0,26.0,22.0,39.0,37.0,27.0,27.0,26.0,23.0,22.0,30.0,27.0,22.0,17.0,18.0,27.0,24.0,22.0,24.0,21.0,26.0,17.0
35.0,35.0,43.0,36.0,36.0,37.0,38.0,31.0,34.0,32.0,23.0,35.0,27.0,25.0,31.0,40.0,31.0,40.0,30.0,29.0,36.0,37.0,29.0,29.0,52.0,27.0,29.0,22.0,36.0,31.0,34.0,35.0,36.0,40.0,29.0,35.0,39.0,34.0,33.0,41.0,39.0,32.0,32.0,26.0,40.0,38.0,38.0,32.0,34.0,29.0
29.0,33.0,34.0,38.0,38.0,32.0,32.0,41.0,34.0,35.0,27.0,25.0,37.0,42.0,32.0,37.0,34.0,36.0,32.0,33.0,30.0,32.0,31.0,30.0,39.0,38.0,31.0,48.0,37.0,32.0,31.0,29.0,31.0,29.0,30.0,23.0,40.0,23.0,31.0,39.0,32.0,44.0,18.0,31.0,25.0,32.0,25.0,40.0,30.0,29.0
30.0,23.0,25.0,33.0,42.0,29.0,34.0,34.0,41.0,30.0,34.0,28.0,30.0,34.0,34.0,24.0,39.0,28.0,31.0,36.0,43.0,26.0,36.0,30.0,31.0,35.0,26.0,30.0,41.0,30.0,23.0,30.0,31.0,38.0,39.0,33.0,27.0,32.0,27.0,33.0,16.0,43.0,25.0,28.0,31.0,32.0,28.0,33.0,33.0,28.0
