10,50,1000
18.922606,15.744206,15.068663,19.06011,19.949033,19.154435,18.833863,15.855168,19.234914,15.072807
8.089484,8.172847,7.653683,5.682293,7.007489,9.473583,8.185311,9.374361,8.769134,8.278323
0.0,10.0,20.0,30.0,40.0,50.0,60.0,70.0,80.0,90.0
10.0,0.0,10.0,20.0,30.0,40.0,50.0,60.0,70.0,80.0
20.0,10.0,0.0,10.0,20.0,30.0,40.0,50.0,60.0,70.0
30.0,20.0,10.0,0.0,10.0,20.0,30.0,40.0,50.0,60.0
40.0,30.0,20.0,10.0,0.0,10.0,20.0,30.0,40.0,50.0
50.0,40.0,30.0,20.0,10.0,0.0,10.0,20.0,30.0,40.0
60.0,50.0,40.0,30.0,20.0,10.0,0.0,10.0,20.0,30.0
70.0,60.0,50.0,40.0,30.0,20.0,10.0,0.0,10.0,20.0
80.0,70.0,60.0,50.0,40.0,30.0,20.0,10.0,0.0,10.0
90.0,80.0,70.0,60.0,50.0,40.0,30.0,20.0,10.0,0.0
450.0,400.0,350.0,300.0,250.0,250.0,300.0,350.0,400.0,450.0
0.0,1.0,2.0,3.0,4.0,5.0,6.0,7.0,8.0,9.0
1.0,0.0,1.0,2.0,3.0,4.0,5.0,6.0,7.0,8.0
2.0,1.0,0.0,1.0,2.0,3.0,4.0,5.0,6.0,7.0
3.0,2.0,1.0,0.0,1.0,2.0,3.0,4.0,5.0,6.0
4.0,3.0,2.0,1.0,0.0,1.0,2.0,3.0,4.0,5.0
5.0,4.0,3.0,2.0,1.0,0.0,1.0,2.0,3.0,4.0
6.0,5.0,4.0,3.0,2.0,1.0,0.0,1.0,2.0,3.0
7.0,6.0,5.0,4.0,3.0,2.0,1.0,0.0,1.0,2.0
8.0,7.0,6.0,5.0,4.0,3.0,2.0,1.0,0.0,1.0
9.0,8.0,7.0,6.0,5.0,4.0,3.0,2.0,1.0,0.0
45.0,40.0,35.0,30.0,25.0,25.0,30.0,35.0,40.0,45.0
39.0,27.0,32.0,34.0,32.0,31.0,37.0,32.0,34.0,19.0,26.0,28.0,33.0,29.0,37.0,23.0,29.0,34.0,40.0,26.0,24.0,28.0,34.0,37.0,30.0,29.0,32.0,35.0,29.0,23.0,27.0,38.0,33.0,34.0,32.0,29.0,26.0,26.0,38.0,33.0,32.0,30.0,29.0,36.0,31.0,23.0,37.0,40.0,46.0,26.0
35.0,24.0,36.0,26.0,32.0,26.0,29.0,33.0,37.0,26.0,31.0,35.0,31.0,30.0,25.0,31.0,33.0,25.0,34.0,17.0,32.0,28.0,30.0,32.0,28.0,33.0,32.0,30.0,31.0,38.0,34.0,20.0,32.0,28.0,28.0,31.0,28.0,29.0,31.0,31.0,28.0,42.0,30.0,30.0,33.0,31.0,25.0,35.0,32.0,40.0
33.0,29.0,39.0,26.0,26.0,23.0,31.0,22.0,26.0,30.0,18.0,41.0,22.0,31.0,30.0,42.0,25.0,33.0,32.0,31.0,40.0,33.0,33.0,23.0,35.0,36.0,34.0,32.0,28.0,30.0,23.0,22.0,24.0,33.0,34.0,24.0,32.0,21.0,29.0,29.0,34.0,22.0,28.0,39.0,32.0,31.0,27.0,30.0,19.0,32.0
24.0,23.0,28.0,22.0,32.0,26.0,26.0,30.0,25.0,32.0,23.0,17.0,22.0,21.0,20.0,28.0,16.0,25.0,25.0,24.0,26.0,26.0,13.0,16.0,34.0,32.0,27.0,23.0,11.0,22.0,30.0,14.0,32.0,24.0,22.0,24.0,25.0,16.0,24.0,25.0,19.0,20.0,20.0,24.0,19.0,24.0,23.0,27.0,27.0,19.0
36.0,28.0,22.0,26.0,34.0,20.0,33.0,25.0,33.0,34.0,26.0,34.0,22.0,24.0,34.0,33.0,26.0,19.0,28.0,27.0,24.0,33.0,32.0,21.0,29.0,38.0,21.0,21.0,26.0,28.0,33.0,21.0,43.0,27.0,26.0,28.0,28.0,23.0,25.0,44.0,30.0,27.0,21.0,32.0,28.0,27.0,25.0,29.0,27.0,23.0
33.0,27.0,36.0,54.0,26.0,30.0,43.0,32.0,32.0,35.0,33.0,35.0,36.0,31.0,32.0,35.0,40.0,42.0,40.0,41.0,35.0,36.0,44.0,40.0,30.0,37.0,30.0,43.0,43.0,37.0,32.0,36.0,43.0,39.0,39.0,34.0,32.0,38.0,27.0,40.0,22.0,47.0,32.0,31.0,38.0,29.0,33.0,37.0,36.0,35.0
26.0,36.0,33.0,30.0,37.0,35.0,26.0,35.0,36.0,37.0,31.0,29.0,33.0,31.0,31.0,35.0,34.0,32.0,27.0,31.0,20.0,41.0,25.0,32.0,32.0,38.0,34.0,29.0,32.0,36.0,26.0,23.0,23.0,31.0,29.0,30.0,33.0,30.0,32.0,29.0,26.0,17.0,25.0,25.0,32.0,35.0,34.0,32.0,25.0,31.0
41.0,31.0,33.0,20.0,38.0,29.0,38.0,39.0,29.0,39.0,33.0,27.0,30.0,33.0,32.0,51.0,33.0,43.0,29.0,41.0,30.0,31.0,18.0,40.0,31.0,42.0,25.0,29.0,39.0,33.0,41.0,32.0,42.0,36.0,25.0,28.0,32.0,33.0,32.0,36.0,31.0,42.0,38.0,41.0,31.0,30.0,27.0,37.0,26.0,39.0
37.0,35.0,30.0,29.0,28.0,38.0,34.0,26.0,34.0,31.0,41.0,34.0,33.0,39.0,32.0,47.0,33.0,31.0,30.0,30.0,45.0,31.0,22.0,34.0,28.0,29.0,31.0,30.0,33.0,38.0,36.0,37.0,33.0,23.0,21.0,31.0,32.0,36.0,34.0,32.0,32.0,40.0,43.0,32.0,33.0,35.0,44.0,29.0,31.0,45.0
37.0,30.0,24.0,27.0,26.0,46.0,20.0,46.0,27.0,39.0,25.0,31.0,24.0,24.0,29.0,25.0,38.0,33.0,31.0,35.0,35.0,28.0,33.0,24.0,40.0,40.0,48.0,34.0,29.0,29.0,35.0,28.0,25.0,25.0,33.0,38.0,33.0,27.0,22.0,39.0,23.0,16.0,34.0,23.0,30.0,33.0,27.0,30.0,26.0,29.0
