10,50,1000
15.59159,19.535855,16.251653,15.386386,15.351912,15.492107,18.160786,19.34597,16.869107,18.679236
9.095804,9.549897,5.391447,6.882008,8.161504,8.839407,9.167602,9.53401,9.578512,8.303265
0.0,10.0,20.0,30.0,40.0,50.0,60.0,70.0,80.0,90.0
10.0,0.0,10.0,20.0,30.0,40.0,50.0,60.0,70.0,80.0
20.0,10.0,0.0,10.0,20.0,30.0,40.0,50.0,60.0,70.0
30.0,20.0,10.0,0.0,10.0,20.0,30.0,40.0,50.0,60.0
40.0,30.0,20.0,10.0,0.0,10.0,20.0,30.0,40.0,50.0
50.0,40.0,30.0,20.0,10.0,0.0,10.0,20.0,30.0,40.0
60.0,50.0,40.0,30.0,20.0,10.0,0.0,10.0,20.0,30.0
70.0,60.0,50.0,40.0,30.0,20.0,10.0,0.0,10.0,20.0
80.0,70.0,60.0,50.0,40.0,30.0,20.0,10.0,0.0,10.0
90.0,80.0,70.0,60.0,50.0,40.0,30.0,20.0,10.0,0.0
450.0,400.0,350.0,300.0,250.0,250.0,300.0,350.0,400.0,450.0
0.0,1.0,2.0,3.0,4.0,5.0,6.0,7.0,8.0,9.0
1.0,0.0,1.0,2.0,3.0,4.0,5.0,6.0,7.0,8.0
2.0,1.0,0.0,1.0,2.0,3.0,4.0,5.0,6.0,7.0
3.0,2.0,1.0,0.0,1.0,2.0,3.0,4.0,5.0,6.0
4.0,3.0,2.0,1.0,0.0,1.0,2.0,3.0,4.0,5.0
5.0,4.0,3.0,2.0,1.0,0.0,1.0,2.0,3.0,4.0
6.0,5.0,4.0,3.0,2.0,1.0,0.0,1.0,2.0,3.0
7.0,6.0,5.0,4.0,3.0,2.0,1.0,0.0,1.0,2.0
8.0,7.0,6.0,5.0,4.0,3.0,2.0,1.0,0.0,1.0
9.0,8.0,7.0,6.0,5.0,4.0,3.0,2.0,1.0,0.0
45.0,40.0,35.0,30.0,25.0,25.0,30.0,35.0,40.0,45.0
34.0,36.0,28.0,38.0,24.0,32.0,40.0,38.0,30.0,38.0,29.0,36.0,33.0,34.0,35.0,37.0,30.0,30.0,40.0,41.0,27.0,30.0,34.0,26.0,30.0,30.0,40.0,31.0,34.0,31.0,44.0,32.0,42.0,32.0,29.0,32.0,33.0,37.0,31.0,30.0,24.0,37.0,26.0,37.0,29.0,23.0,31.0,40.0,27.0,39.0
36.0,35.0,32.0,42.0,38.0,43.0,38.0,32.0,31.0,51.0,33.0,38.0,34.0,44.0,40.0,31.0,37.0,32.0,32.0,41.0,28.0,38.0,33.0,32.0,34.0,47.0,53.0,34.0,37.0,31.0,47.0,34.0,39.0,46.0,29.0,39.0,34.0,35.0,28.0,27.0,29.0,36.0,36.0,31.0,36.0,34.0,36.0,43.0,39.0,44.0
22.0,27.0,22.0,26.0,20.0,18.0,20.0,20.0,22.0,19.0,18.0,19.0,23.0,23.0,22.0,32.0,19.0,20.0,25.0,23.0,21.0,18.0,23.0,23.0,24.0,29.0,28.0,22.0,23.0,21.0,21.0,25.0,23.0,29.0,15.0,25.0,18.0,22.0,12.0,23.0,33.0,21.0,28.0,17.0,14.0,22.0,23.0,24.0,15.0,13.0
29.0,21.0,18.0,21.0,27.0,24.0,28.0,32.0,26.0,26.0,29.0,22.0,20.0,24.0,25.0,35.0,27.0,28.0,28.0,25.0,33.0,29.0,28.0,25.0,35.0,33.0,25.0,23.0,30.0,23.0,32.0,36.0,38.0,27.0,32.0,22.0,38.0,31.0,25.0,21.0,19.0,33.0,24.0,29.0,24.0,26.0,27.0,25.0,23.0,25.0
24.0,28.0,34.0,30.0,30.0,36.0,25.0,25.0,33.0,30.0,33.0,32.0,32.0,30.0,35.0,17.0,31.0,41.0,42.0,25.0,34.0,27.0,22.0,30.0,26.0,25.0,30.0,30.0,26.0,26.0,27.0,29.0,29.0,44.0,30.0,39.0,26.0,29.0,36.0,34.0,26.0,29.0,31.0,22.0,39.0,22.0,40.0,21.0,33.0,21.0
53.0,26.0,43.0,34.0,32.0,27.0,50.0,34.0,24.0,39.0,36.0,29.0,30.0,36.0,27.0,38.0,24.0,27.0,34.0,31.0,37.0,29.0,40.0,33.0,36.0,24.0,34.0,34.0,31.0,37.0,42.0,25.0,30.0,32.0,36.0,21.0,36.0,37.0,44.0,32.0,27.0,25.0,36.0,37.0,32.0,33.0,29.0,29.0,26.0,22.0
34.0,47.0,41.0,39.0,33.0,29.0,31.0,33.0,34.0,35.0,40.0,38.0,27.0,26.0,30.0,33.0,29.0,29.0,41.0,36.0,25.0,44.0,30.0,47.0,26.0,32.0,39.0,28.0,31.0,32.0,35.0,40.0,43.0,27.0,38.0,31.0,32.0,36.0,42.0,37.0,24.0,30.0,26.0,29.0,36.0,34.0,42.0,41.0,34.0,34.0
33.0,28.0,37.0,31.0,42.0,44.0,42.0,41.0,38.0,47.0,28.0,26.0,34.0,36.0,35.0,41.0,24.0,26.0,41.0,39.0,47.0,44.0,39.0,35.0,44.0,39.0,32.0,32.0,31.0,41.0,23.0,29.0,29.0,30.0,41.0,31.0,43.0,43.0,46.0,37.0,41.0,36.0,39.0,42.0,41.0,42.0,36.0,44.0,35.0,35.0
33.0,31.0,37.0,43.0,23.0,31.0,34.0,42.0,28.0,36.0,33.0,33.0,48.0,36.0,37.0,41.0,33.0,37.0,33.0,31.0,45.0,37.0,38.0,35.0,32.0,29.0,42.0,24.0,34.0,36.0,33.0,32.0,29.0,46.0,31.0,37.0,30.0,35.0,29.0,31.0,27.0,37.0,48.0,33.0,48.0,35.0,34.0,37.0,40.0,35.0
37.0,22.0,24.0,33.0,28.0,30.0,35.0,33.0,33.0,23.0,40.0,33.0,31.0,26.0,31.0,28.0,33.0,21.0,25.0,34.0,28.0,39.0,27.0,24.0,48.0,44.0,31.0,34.0,31.0,31.0,29.0,31.0,32.0,24.0,33.0,25.0,33.0,26.0,36.0,22.0,26.0,35.0,37.0,30.0,36.0,32.0,21.0,43.0,31.0,30.0
