10,50,1000
16.746569,19.412153,17.751808,15.053837,17.246414,19.60013,17.264405,17.860554,16.98887,16.798682
6.691813,7.679811,8.836444,8.430379,8.093085,6.869222,6.047069,5.857146,5.808555,5.162982
0.0,10.0,20.0,30.0,40.0,50.0,60.0,70.0,80.0,90.0
10.0,0.0,10.0,20.0,30.0,40.0,50.0,60.0,70.0,80.0
20.0,10.0,0.0,10.0,20.0,30.0,40.0,50.0,60.0,70.0
30.0,20.0,10.0,0.0,10.0,20.0,30.0,40.0,50.0,60.0
40.0,30.0,20.0,10.0,0.0,10.0,20.0,30.0,40.0,50.0
50.0,40.0,30.0,20.0,10.0,0.0,10.0,20.0,30.0,40.0
60.0,50.0,40.0,30.0,20.0,10.0,0.0,10.0,20.0,30.0
70.0,60.0,50.0,40.0,30.0,20.0,10.0,0.0,10.0,20.0
80.0,70.0,60.0,50.0,40.0,30.0,20.0,10.0,0.0,10.0
90.0,80.0,70.0,60.0,50.0,40.0,30.0,20.0,10.0,0.0
450.0,400.0,350.0,300.0,250.0,250.0,300.0,350.0,400.0,450.0
0.0,1.0,2.0,3.0,4.0,5.0,6.0,7.0,8.0,9.0
1.0,0.0,1.0,2.0,3.0,4.0,5.0,6.0,7.0,8.0
2.0,1.0,0.0,1.0,2.0,3.0,4.0,5.0,6.0,7.0
3.0,2.0,1.0,0.0,1.0,2.0,3.0,4.0,5.0,6.0
4.0,3.0,2.0,1.0,0.0,1.0,2.0,3.0,4.0,5.0
5.0,4.0,3.0,2.0,1.0,0.0,1.0,2.0,3.0,4.0
6.0,5.0,4.0,3.0,2.0,1.0,0.0,1.0,2.0,3.0
7.0,6.0,5.0,4.0,3.0,2.0,1.0,0.0,1.0,2.0
8.0,7.0,6.0,5.0,4.0,3.0,2.0,1.0,0.0,1.0
9.0,8.0,7.0,6.0,5.0,4.0,3.0,2.0,1.0,0.0
45.0,40.0,35.0,30.0,25.0,25.0,30.0,35.0,40.0,45.0
30.0,18.0,18.0,22.0,27.0,17.0,27.0,21.0,26.0,30.0,25.0,27.0,20.0,23.0,30.0,25.0,26.0,16.0,36.0,21.0,29.0,22.0,42.0,25.0,27.0,26.0,17.0,24.0,34.0,34.0,27.0,29.0,25.0,25.0,20.0,20.0,24.0,29.0,29.0,32.0,22.0,28.0,34.0,20.0,22.0,23.0,26.0,27.0,21.0,28.0
31.0,36.0,21.0,18.0,34.0,26.0,33.0,31.0,29.0,35.0,31.0,37.0,27.0,30.0,29.0,32.0,27.0,32.0,29.0,32.0,31.0,26.0,30.0,21.0,37.0,26.0,32.0,22.0,38.0,30.0,41.0,29.0,29.0,37.0,31.0,25.0,29.0,28.0,43.0,28.0,33.0,36.0,30.0,34.0,29.0,35.0,25.0,29.0,27.0,34.0
34.0,34.0,34.0,29.0,25.0,33.0,34.0,35.0,40.0,27.0,34.0,40.0,33.0,32.0,35.0,29.0,39.0,35.0,42.0,29.0,39.0,33.0,30.0,28.0,29.0,29.0,39.0,29.0,30.0,21.0,36.0,29.0,28.0,20.0,31.0,37.0,27.0,33.0,39.0,39.0,37.0,32.0,36.0,32.0,35.0,48.0,30.0,37.0,36.0,32.0
36.0,25.0,27.0,29.0,27.0,24.0,36.0,31.0,29.0,34.0,22.0,35.0,33.0,24.0,31.0,20.0,32.0,43.0,38.0,40.0,41.0,25.0,30.0,38.0,23.0,22.0,30.0,31.0,35.0,37.0,22.0,24.0,29.0,25.0,24.0,35.0,35.0,35.0,32.0,29.0,32.0,37.0,37.0,22.0,37.0,25.0,37.0,42.0,29.0,18.0
35.0,30.0,31.0,29.0,40.0,28.0,22.0,36.0,27.0,29.0,33.0,32.0,31.0,36.0,30.0,30.0,32.0,30.0,31.0,42.0,40.0,33.0,28.0,34.0,32.0,24.0,27.0,28.0,27.0,21.0,34.0,27.0,35.0,39.0,26.0,20.0,28.0,29.0,28.0,28.0,43.0,35.0,33.0,33.0,22.0,39.0,23.0,29.0,41.0,26.0
32.0,31.0,29.0,31.0,20.0,16.0,25.0,27.0,22.0,27.0,33.0,35.0,24.0,22.0,28.0,27.0,24.0,30.0,26.0,20.0,28.0,33.0,26.0,17.0,25.0,33.0,30.0,40.0,27.0,25.0,30.0,30.0,31.0,24.0,28.0,24.0,23.0,23.0,24.0,27.0,26.0,24.0,27.0,28.0,29.0,27.0,22.0,28.0,23.0,23.0
17.0,19.0,22.0,24.0,19.0,32.0,32.0,25.0,26.0,17.0,22.0,30.0,22.0,25.0,14.0,22.0,23.0,30.0,23.0,25.0,30.0,34.0,27.0,29.0,32.0,20.0,39.0,20.0,20.0,25.0,18.0,24.0,31.0,27.0,17.0,28.0,24.0,19.0,34.0,30.0,27.0,24.0,29.0,16.0,24.0,24.0,32.0,24.0,18.0,17.0
36.0,26.0,19.0,20.0,20.0,33.0,18.0,29.0,27.0,19.0,15.0,21.0,20.0,23.0,24.0,31.0,23.0,27.0,23.0,21.0,22.0,33.0,22.0,31.0,24.0,37.0,24.0,24.0,27.0,26.0,26.0,31.0,19.0,26.0,14.0,33.0,18.0,21.0,18.0,32.0,16.0,21.0,21.0,28.0,19.0,19.0,26.0,32.0,19.0,23.0
28.0,17.0,24.0,28.0,30.0,23.0,32.0,26.0,21.0,17.0,23.0,18.0,22.0,16.0,20.0,17.0,20.0,32.0,27.0,26.0,27.0,29.0,32.0,28.0,24.0,24.0,22.0,23.0,30.0,26.0,26.0,19.0,23.0,22.0,22.0,28.0,27.0,25.0,22.0,28.0,20.0,21.0,18.0,26.0,29.0,36.0,20.0,24.0,15.0,27.0
29.0,13.0,16.0,27.0,28.0,24.0,24.0,23.0,21.0,17.0,21.0,17.0,21.0,27.0,30.0,23.0,24.0,25.0,31.0,24.0,26.0,26.0,26.0,18.0,20.0,24.0,18.0,21.0,21.0,30.0,11.0,15.0,9.0,27.0,22.0,17.0,32.0,21.0,22.0,21.0,25.0,27.0,17.0,20.0,20.0,16.0,29.0,12.0,29.0,24.0
