10,50,1000
17.191285,15.521885,19.843259,17.58718,18.203704,16.279681,19.627394,19.332017,19.597363,16.44112
7.710055,8.586516,8.09671,8.591371,9.770789,8.834367,9.622087,7.093959,6.721691,8.170621
0.0,10.0,20.0,30.0,40.0,50.0,60.0,70.0,80.0,90.0
10.0,0.0,10.0,20.0,30.0,40.0,50.0,60.0,70.0,80.0
20.0,10.0,0.0,10.0,20.0,30.0,40.0,50.0,60.0,70.0
30.0,20.0,10.0,0.0,10.0,20.0,30.0,40.0,50.0,60.0
40.0,30.0,20.0,10.0,0.0,10.0,20.0,30.0,40.0,50.0
50.0,40.0,30.0,20.0,10.0,0.0,10.0,20.0,30.0,40.0
60.0,50.0,40.0,30.0,20.0,10.0,0.0,10.0,20.0,30.0
70.0,60.0,50.0,40.0,30.0,20.0,10.0,0.0,10.0,20.0
80.0,70.0,60.0,50.0,40.0,30.0,20.0,10.0,0.0,10.0
90.0,80.0,70.0,60.0,50.0,40.0,30.0,20.0,10.0,0.0
450.0,400.0,350.0,300.0,250.0,250.0,300.0,350.0,400.0,450.0
0.0,1.0,2.0,3.0,4.0,5.0,6.0,7.0,8.0,9.0
1.0,0.0,1.0,2.0,3.0,4.0,5.0,6.0,7.0,8.0
2.0,1.0,0.0,1.0,2.0,3.0,4.0,5.0,6.0,7.0
3.0,2.0,1.0,0.0,1.0,2.0,3.0,4.0,5.0,6.0
4.0,3.0,2.0,1.0,0.0,1.0,2.0,3.0,4.0,5.0
5.0,4.0,3.0,2.0,1.0,0.0,1.0,2.0,3.0,4.0
6.0,5.0,4.0,3.0,2.0,1.0,0.0,1.0,2.0,3.0
7.0,6.0,5.0,4.0,3.0,2.0,1.0,0.0,1.0,2.0
8.0,7.0,6.0,5.0,4.0,3.0,2.0,1.0,0.0,1.0
9.0,8.0,7.0,6.0,5.0,4.0,3.0,2.0,1.0,0.0
45.0,40.0,35.0,30.0,25.0,25.0,30.0,35.0,40.0,45.0
29.0,20.0,29.0,25.0,33.0,29.0,18.0,30.0,21.0,34.0,42.0,32.0,26.0,37.0,21.0,30.0,30.0,27.0,25.0,34.0,23.0,26.0,29.0,37.0,33.0,26.0,33.0,23.0,27.0,27.0,37.0,25.0,28.0,29.0,22.0,34.0,25.0,33.0,31.0,35.0,24.0,34.0,38.0,36.0,33.0,28.0,32.0,28.0,36.0,32.0
34.0,26.0,38.0,28.0,39.0,28.0,38.0,37.0,29.0,29.0,30.0,23.0,38.0,38.0,26.0,31.0,37.0,38.0,24.0,36.0,24.0,32.0,29.0,36.0,25.0,32.0,34.0,39.0,38.0,39.0,32.0,28.0,34.0,39.0,20.0,33.0,34.0,35.0,22.0,34.0,29.0,35.0,28.0,40.0,27.0,27.0,28.0,30.0,32.0,29.0
24.0,33.0,26.0,35.0,32.0,32.0,44.0,41.0,31.0,28.0,30.0,29.0,26.0,33.0,34.0,27.0,31.0,26.0,24.0,25.0,27.0,32.0,24.0,24.0,24.0,26.0,28.0,32.0,21.0,31.0,40.0,27.0,41.0,45.0,33.0,24.0,35.0,35.0,43.0,35.0,35.0,44.0,29.0,27.0,26.0,40.0,23.0,25.0,28.0,42.0
41.0,33.0,33.0,25.0,34.0,31.0,32.0,36.0,25.0,31.0,35.0,35.0,32.0,39.0,37.0,25.0,24.0,39.0,33.0,22.0,33.0,28.0,43.0,42.0,34.0,27.0,34.0,32.0,32.0,28.0,24.0,31.0,26.0,44.0,41.0,34.0,27.0,28.0,31.0,31.0,32.0,23.0,38.0,47.0,40.0,27.0,32.0,32.0,40.0,43.0
34.0,29.0,33.0,32.0,27.0,34.0,46.0,48.0,35.0,42.0,34.0,30.0,37.0,41.0,33.0,31.0,31.0,31.0,26.0,31.0,42.0,35.0,26.0,36.0,44.0,37.0,21.0,33.0,41.0,41.0,25.0,37.0,38.0,40.0,33.0,40.0,37.0,35.0,37.0,27.0,44.0,34.0,30.0,29.0,39.0,25.0,31.0,36.0,44.0,44.0
37.0,33.0,30.0,28.0,34.0,30.0,34.0,37.0,28.0,36.0,24.0,32.0,29.0,36.0,29.0,30.0,33.0,29.0,35.0,28.0,28.0,42.0,28.0,39.0,41.0,26.0,33.0,31.0,34.0,29.0,30.0,33.0,38.0,34.0,36.0,36.0,27.0,33.0,35.0,32.0,27.0,29.0,37.0,27.0,30.0,34.0,26.0,34.0,38.0,24.0
39.0,49.0,34.0,32.0,34.0,26.0,35.0,28.0,36.0,32.0,40.0,40.0,29.0,42.0,33.0,28.0,42.0,40.0,40.0,37.0,45.0,39.0,41.0,45.0,36.0,35.0,41.0,32.0,26.0,36.0,38.0,25.0,37.0,32.0,45.0,32.0,36.0,39.0,28.0,27.0,29.0,41.0,41.0,34.0,33.0,34.0,38.0,36.0,26.0,38.0
27.0,32.0,20.0,27.0,29.0,21.0,27.0,26.0,21.0,24.0,24.0,31.0,30.0,23.0,27.0,14.0,27.0,32.0,33.0,25.0,30.0,32.0,27.0,30.0,22.0,30.0,35.0,33.0,30.0,26.0,35.0,21.0,32.0,37.0,26.0,32.0,24.0,22.0,22.0,28.0,29.0,24.0,29.0,32.0,31.0,25.0,32.0,24.0,18.0,36.0
22.0,30.0,34.0,28.0,27.0,18.0,24.0,30.0,32.0,26.0,19.0,25.0,39.0,30.0,30.0,36.0,34.0,27.0,37.0,32.0,26.0,32.0,20.0,22.0,24.0,26.0,24.0,19.0,31.0,31.0,30.0,34.0,30.0,19.0,36.0,35.0,29.0,29.0,29.0,32.0,19.0,19.0,35.0,32.0,28.0,21.0,25.0,29.0,26.0,28.0
36.0,33.0,33.0,34.0,23.0,26.0,33.0,35.0,27.0,33.0,22.0,31.0,42.0,37.0,25.0,28.0,34.0,41.0,35.0,32.0,32.0,35.0,23.0,30.0,27.0,34.0,29.0,23.0,39.0,38.0,36.0,32.0,30.0,18.0,30.0,30.0,37.0,37.0,38.0,33.0,26.0,38.0,36.0,30.0,30.0,29.0,34.0,30.0,33.0,25.0
