10,50,1000
16.364528,15.644409,15.502804,16.377814,15.632342,17.681218,15.760138,17.754436,15.355602,16.236066
5.932227,9.1959,9.902115,5.347605,6.485513,8.223265,6.739083,8.211171,5.593244,9.186737
0.0,10.0,20.0,30.0,40.0,50.0,60.0,70.0,80.0,90.0
10.0,0.0,10.0,20.0,30.0,40.0,50.0,60.0,70.0,80.0
20.0,10.0,0.0,10.0,20.0,30.0,40.0,50.0,60.0,70.0
30.0,20.0,10.0,0.0,10.0,20.0,30.0,40.0,50.0,60.0
40.0,30.0,20.0,10.0,0.0,10.0,20.0,30.0,40.0,50.0
50.0,40.0,30.0,20.0,10.0,0.0,10.0,20.0,30.0,40.0
60.0,50.0,40.0,30.0,20.0,10.0,0.0,10.0,20.0,30.0
70.0,60.0,50.0,40.0,30.0,20.0,10.0,0.0,10.0,20.0
80.0,70.0,60.0,50.0,40.0,30.0,20.0,10.0,0.0,10.0
90.0,80.0,70.0,60.0,50.0,40.0,30.0,20.0,10.0,0.0
450.0,400.0,350.0,300.0,250.0,250.0,300.0,350.0,400.0,450.0
0.0,1.0,2.0,3.0,4.0,5.0,6.0,7.0,8.0,9.0
1.0,0.0,1.0,2.0,3.0,4.0,5.0,6.0,7.0,8.0
2.0,1.0,0.0,1.0,2.0,3.0,4.0,5.0,6.0,7.0
3.0,2.0,1.0,0.0,1.0,2.0,3.0,4.0,5.0,6.0
4.0,3.0,2.0,1.0,0.0,1.0,2.0,3.0,4.0,5.0
5.0,4.0,3.0,2.0,1.0,0.0,1.0,2.0,3.0,4.0
6.0,5.0,4.0,3.0,2.0,1.0,0.0,1.0,2.0,3.0
7.0,6.0,5.0,4.0,3.0,2.0,1.0,0.0,1.0,2.0
8.0,7.0,6.0,5.0,4.0,3.0,2.0,1.0,0.0,1.0
9.0,8.0,7.0,6.0,5.0,4.0,3.0,2.0,1.0,0.0
45.0,40.0,35.0,30.0,25.0,25.0,30.0,35.0,40.0,45.0
20.0,20.0,21.0,26.0,35.0,24.0,16.0,16.0,17.0,27.0,29.0,31.0,32.0,33.0,24.0,17.0,21.0,19.0,32.0,19.0,25.0,19.0,15.0,21.0,32.0,19.0,17.0,20.0,24.0,20.0,20.0,15.0,21.0,28.0,34.0,25.0,25.0,21.0,21.0,29.0,18.0,28.0,25.0,32.0,18.0,22.0,19.0,19.0,19.0,25.0
32.0,38.0,42.0,40.0,33.0,32.0,28.0,40.0,32.0,28.0,43.0,36.0,26.0,26.0,31.0,33.0,44.0,29.0,43.0,33.0,30.0,26.0,31.0,22.0,44.0,38.0,33.0,29.0,28.0,25.0,32.0,40.0,46.0,27.0,33.0,35.0,29.0,41.0,31.0,40.0,27.0,42.0,29.0,28.0,28.0,25.0,32.0,31.0,35.0,33.0
27.0,33.0,36.0,39.0,40.0,46.0,32.0,32.0,32.0,43.0,35.0,24.0,30.0,41.0,43.0,36.0,42.0,31.0,29.0,35.0,34.0,29.0,36.0,31.0,39.0,35.0,37.0,28.0,31.0,46.0,29.0,43.0,29.0,32.0,32.0,32.0,33.0,41.0,41.0,38.0,34.0,34.0,43.0,50.0,41.0,29.0,32.0,42.0,36.0,36.0
9.0,20.0,21.0,25.0,17.0,17.0,25.0,18.0,23.0,15.0,21.0,16.0,23.0,26.0,29.0,20.0,17.0,16.0,13.0,26.0,21.0,16.0,20.0,27.0,23.0,26.0,20.0,18.0,22.0,10.0,22.0,23.0,13.0,19.0,13.0,28.0,23.0,19.0,24.0,22.0,28.0,19.0,23.0,24.0,21.0,22.0,21.0,23.0,18.0,27.0
16.0,34.0,30.0,22.0,26.0,18.0,32.0,36.0,28.0,24.0,22.0,23.0,29.0,18.0,23.0,19.0,21.0,26.0,29.0,17.0,21.0,21.0,35.0,34.0,28.0,19.0,24.0,20.0,22.0,30.0,39.0,26.0,24.0,23.0,19.0,26.0,30.0,18.0,26.0,21.0,36.0,26.0,39.0,26.0,29.0,20.0,16.0,20.0,27.0,23.0
24.0,29.0,36.0,27.0,21.0,36.0,39.0,35.0,17.0,33.0,32.0,29.0,40.0,29.0,25.0,34.0,41.0,29.0,37.0,26.0,33.0,27.0,30.0,27.0,31.0,39.0,34.0,26.0,26.0,21.0,26.0,24.0,31.0,30.0,34.0,32.0,36.0,36.0,32.0,37.0,35.0,31.0,25.0,38.0,24.0,26.0,37.0,35.0,36.0,31.0
26.0,19.0,16.0,24.0,18.0,17.0,37.0,34.0,25.0,28.0,30.0,27.0,30.0,28.0,26.0,29.0,24.0,18.0,19.0,32.0,33.0,21.0,26.0,26.0,28.0,31.0,25.0,18.0,29.0,17.0,28.0,24.0,22.0,25.0,35.0,18.0,25.0,37.0,27.0,28.0,22.0,36.0,31.0,25.0,29.0,29.0,22.0,27.0,25.0,28.0
26.0,39.0,31.0,35.0,31.0,32.0,32.0,35.0,32.0,46.0,23.0,34.0,37.0,41.0,39.0,33.0,27.0,38.0,30.0,37.0,32.0,36.0,40.0,37.0,35.0,33.0,22.0,22.0,35.0,25.0,37.0,25.0,31.0,44.0,27.0,24.0,25.0,30.0,28.0,27.0,35.0,31.0,29.0,25.0,24.0,27.0,34.0,17.0,32.0,28.0
27.0,25.0,19.0,22.0,19.0,22.0,27.0,20.0,25.0,28.0,23.0,21.0,27.0,24.0,16.0,17.0,36.0,18.0,23.0,31.0,24.0,19.0,21.0,22.0,21.0,20.0,24.0,21.0,26.0,34.0,18.0,22.0,21.0,19.0,15.0,21.0,11.0,21.0,26.0,21.0,20.0,30.0,21.0,20.0,22.0,26.0,13.0,21.0,22.0,16.0
32.0,38.0,28.0,29.0,36.0,28.0,27.0,30.0,34.0,35.0,43.0,44.0,35.0,34.0,40.0,37.0,36.0,42.0,37.0,27.0,34.0,32.0,33.0,29.0,33.0,31.0,30.0,33.0,38.0,27.0,41.0,29.0,41.0,38.0,35.0,31.0,26.0,35.0,33.0,38.0,34.0,26.0,26.0,35.0,48.0,28.0,36.0,30.0,35.0,32.0
