10,50,1000
17.496554,19.346951,18.042964,16.537984,17.079916,19.953609,18.197487,19.878702,18.768211,19.227851
7.429741,8.254882,5.99541,9.756124,9.33883,8.892943,8.008933,9.672241,9.606488,8.650902
0.0,10.0,20.0,30.0,40.0,50.0,60.0,70.0,80.0,90.0
10.0,0.0,10.0,20.0,30.0,40.0,50.0,60.0,70.0,80.0
20.0,10.0,0.0,10.0,20.0,30.0,40.0,50.0,60.0,70.0
30.0,20.0,10.0,0.0,10.0,20.0,30.0,40.0,50.0,60.0
40.0,30.0,20.0,10.0,0.0,10.0,20.0,30.0,40.0,50.0
50.0,40.0,30.0,20.0,10.0,0.0,10.0,20.0,30.0,40.0
60.0,50.0,40.0,30.0,20.0,10.0,0.0,10.0,20.0,30.0
70.0,60.0,50.0,40.0,30.0,20.0,10.0,0.0,10.0,20.0
80.0,70.0,60.0,50.0,40.0,30.0,20.0,10.0,0.0,10.0
90.0,80.0,70.0,60.0,50.0,40.0,30.0,20.0,10.0,0.0
450.0,400.0,350.0,300.0,250.0,250.0,300.0,350.0,400.0,450.0
0.0,1.0,2.0,3.0,4.0,5.0,6.0,7.0,8.0,9.0
1.0,0.0,1.0,2.0,3.0,4.0,5.0,6.0,7.0,8.0
2.0,1.0,0.0,1.0,2.0,3.0,4.0,5.0,6.0,7.0
3.0,2.0,1.0,0.0,1.0,2.0,3.0,4.0,5.0,6.0
4.0,3.0,2.0,1.0,0.0,1.0,2.0,3.0,4.0,5.0
5.0,4.0,3.0,2.0,1.0,0.0,1.0,2.0,3.0,4.0
6.0,5.0,4.0,3.0,2.0,1.0,0.0,1.0,2.0,3.0
7.0,6.0,5.0,4.0,3.0,2.0,1.0,0.0,1.0,2.0
8.0,7.0,6.0,5.0,4.0,3.0,2.0,1.0,0.0,1.0
9.0,8.0,7.0,6.0,5.0,4.0,3.0,2.0,1.0,0.0
45.0,40.0,35.0,30.0,25.0,25.0,30.0,35.0,40.0,45.0
40.0,15.0,37.0,33.0,33.0,23.0,17.0,41.0,24.0,30.0,30.0,34.0,36.0,35.0,32.0,30.0,29.0,14.0,22.0,23.0,36.0,39.0,22.0,30.0,31.0,25.0,31.0,35.0,29.0,31.0,28.0,27.0,29.0,34.0,32.0,27.0,24.0,26.0,34.0,31.0,38.0,35.0,24.0,29.0,28.0,29.0,31.0,41.0,24.0,26.0
40.0,36.0,24.0,35.0,34.0,36.0,20.0,28.0,29.0,44.0,36.0,36.0,32.0,25.0,29.0,30.0,33.0,31.0,20.0,25.0,34.0,36.0,25.0,38.0,27.0,16.0,26.0,25.0,40.0,32.0,40.0,42.0,25.0,33.0,24.0,25.0,25.0,30.0,36.0,20.0,37.0,27.0,28.0,35.0,32.0,31.0,35.0,25.0,28.0,43.0
32.0,27.0,18.0,22.0,28.0,35.0,28.0,31.0,24.0,24.0,30.0,23.0,18.0,26.0,18.0,21.0,26.0,28.0,21.0,31.0,18.0,37.0,25.0,27.0,25.0,30.0,23.0,25.0,22.0,21.0,20.0,30.0,27.0,28.0,18.0,25.0,26.0,36.0,15.0,24.0,29.0,22.0,22.0,20.0,19.0,25.0,24.0,24.0,22.0,19.0
37.0,39.0,26.0,42.0,27.0,29.0,40.0,33.0,31.0,40.0,44.0,43.0,27.0,43.0,39.0,42.0,36.0,38.0,29.0,34.0,30.0,43.0,37.0,38.0,36.0,51.0,37.0,42.0,40.0,35.0,42.0,40.0,43.0,34.0,33.0,35.0,39.0,40.0,40.0,34.0,35.0,38.0,46.0,29.0,38.0,36.0,40.0,23.0,29.0,37.0
29.0,36.0,32.0,42.0,29.0,23.0,42.0,35.0,22.0,40.0,37.0,30.0,34.0,34.0,34.0,34.0,48.0,50.0,37.0,34.0,31.0,40.0,37.0,41.0,32.0,33.0,29.0,32.0,29.0,47.0,35.0,36.0,28.0,42.0,27.0,38.0,27.0,34.0,34.0,39.0,42.0,42.0,37.0,33.0,33.0,37.0,28.0,38.0,30.0,34.0
35.0,32.0,39.0,32.0,32.0,37.0,39.0,24.0,37.0,31.0,31.0,40.0,34.0,30.0,28.0,34.0,30.0,36.0,45.0,31.0,25.0,40.0,35.0,36.0,34.0,28.0,31.0,40.0,29.0,41.0,37.0,34.0,33.0,36.0,42.0,32.0,45.0,29.0,31.0,39.0,36.0,31.0,27.0,40.0,38.0,36.0,42.0,39.0,39.0,29.0
36.0,36.0,47.0,37.0,32.0,23.0,37.0,22.0,29.0,40.0,38.0,34.0,35.0,34.0,32.0,32.0,36.0,32.0,27.0,33.0,35.0,25.0,29.0,36.0,35.0,30.0,44.0,34.0,19.0,24.0,24.0,35.0,35.0,25.0,29.0,30.0,33.0,35.0,39.0,31.0,31.0,47.0,34.0,35.0,29.0,31.0,35.0,24.0,31.0,20.0
47.0,50.0,35.0,38.0,29.0,36.0,38.0,45.0,29.0,32.0,40.0,32.0,37.0,27.0,50.0,42.0,47.0,28.0,36.0,34.0,34.0,41.0,34.0,26.0,36.0,44.0,41.0,46.0,40.0,29.0,33.0,33.0,30.0,31.0,29.0,33.0,37.0,32.0,37.0,29.0,46.0,44.0,32.0,38.0,35.0,35.0,37.0,35.0,32.0,37.0
36.0,39.0,39.0,37.0,40.0,46.0,41.0,30.0,34.0,34.0,34.0,43.0,43.0,33.0,38.0,42.0,33.0,36.0,38.0,37.0,36.0,36.0,45.0,35.0,36.0,29.0,41.0,40.0,35.0,30.0,31.0,31.0,48.0,29.0,36.0,29.0,41.0,28.0,38.0,36.0,39.0,39.0,33.0,37.0,42.0,36.0,45.0,33.0,40.0,36.0
30.0,38.0,33.0,37.0,29.0,24.0,32.0,30.0,31.0,42.0,28.0,48.0,34.0,30.0,36.0,33.0,39.0,30.0,40.0,33.0,34.0,38.0,35.0,26.0,40.0,35.0,36.0,40.0,30.0,34.0,27.0,21.0,29.0,32.0,28.0,40.0,41.0,24.0,23.0,31.0,47.0,41.0,30.0,29.0,30.0,42.0,52.0,30.0,35.0,34.0
