10,50,1000
19.500352,18.544628,19.037461,19.310665,19.078719,18.936705,18.396111,18.66533,17.079266,17.503027
7.789556,8.391475,9.236089,6.826353,5.828231,9.225364,7.601577,5.246516,5.208011,5.112364
0.0,10.0,20.0,30.0,40.0,50.0,60.0,70.0,80.0,90.0
10.0,0.0,10.0,20.0,30.0,40.0,50.0,60.0,70.0,80.0
20.0,10.0,0.0,10.0,20.0,30.0,40.0,50.0,60.0,70.0
30.0,20.0,10.0,0.0,10.0,20.0,30.0,40.0,50.0,60.0
40.0,30.0,20.0,10.0,0.0,10.0,20.0,30.0,40.0,50.0
50.0,40.0,30.0,20.0,10.0,0.0,10.0,20.0,30.0,40.0
60.0,50.0,40.0,30.0,20.0,10.0,0.0,10.0,20.0,30.0
70.0,60.0,50.0,40.0,30.0,20.0,10.0,0.0,10.0,20.0
80.0,70.0,60.0,50.0,40.0,30.0,20.0,10.0,0.0,10.0
90.0,80.0,70.0,60.0,50.0,40.0,30.0,20.0,10.0,0.0
450.0,400.0,350.0,300.0,250.0,250.0,300.0,350.0,400.0,450.0
0.0,1.0,2.0,3.0,4.0,5.0,6.0,7.0,8.0,9.0
1.0,0.0,1.0,2.0,3.0,4.0,5.0,6.0,7.0,8.0
2.0,1.0,0.0,1.0,2.0,3.0,4.0,5.0,6.0,7.0
3.0,2.0,1.0,0.0,1.0,2.0,3.0,4.0,5.0,6.0
4.0,3.0,2.0,1.0,0.0,1.0,2.0,3.0,4.0,5.0
5.0,4.0,3.0,2.0,1.0,0.0,1.0,2.0,3.0,4.0
6.0,5.0,4.0,3.0,2.0,1.0,0.0,1.0,2.0,3.0
7.0,6.0,5.0,4.0,3.0,2.0,1.0,0.0,1.0,2.0
8.0,7.0,6.0,5.0,4.0,3.0,2.0,1.0,0.0,1.0
9.0,8.0,7.0,6.0,5.0,4.0,3.0,2.0,1.0,0.0
45.0,40.0,35.0,30.0,25.0,25.0,30.0,35.0,40.0,45.0
31.0,18.0,24.0,34.0,33.0,25.0,33.0,23.0,32.0,34.0,36.0,24.0,34.0,23.0,32.0,27.0,31.0,34.0,36.0,27.0,20.0,28.0,32.0,42.0,30.0,39.0,26.0,26.0,28.0,29.0,27.0,27.0,25.0,22.0,27.0,33.0,30.0,25.0,36.0,35.0,31.0,24.0,34.0,30.0,31.0,31.0,21.0,40.0,35.0,28.0
28.0,28.0,28.0,36.0,29.0,34.0,36.0,20.0,31.0,34.0,38.0,30.0,43.0,32.0,37.0,29.0,31.0,34.0,35.0,30.0,27.0,27.0,28.0,31.0,35.0,34.0,33.0,30.0,25.0,28.0,36.0,31.0,37.0,28.0,37.0,29.0,32.0,28.0,27.0,33.0,31.0,27.0,28.0,24.0,42.0,41.0,37.0,34.0,32.0,28.0
40.0,42.0,33.0,30.0,37.0,37.0,38.0,30.0,24.0,46.0,24.0,37.0,43.0,47.0,42.0,37.0,41.0,39.0,32.0,22.0,23.0,35.0,47.0,35.0,38.0,35.0,35.0,31.0,32.0,33.0,33.0,29.0,32.0,42.0,40.0,35.0,36.0,33.0,47.0,30.0,32.0,36.0,34.0,23.0,47.0,41.0,48.0,44.0,40.0,36.0
27.0,26.0,29.0,20.0,23.0,25.0,28.0,20.0,24.0,34.0,22.0,28.0,28.0,27.0,24.0,38.0,21.0,32.0,25.0,25.0,23.0,24.0,31.0,23.0,23.0,34.0,26.0,36.0,36.0,26.0,33.0,32.0,22.0,27.0,33.0,22.0,28.0,34.0,29.0,18.0,20.0,21.0,25.0,32.0,29.0,20.0,28.0,25.0,21.0,20.0
15.0,26.0,26.0,26.0,23.0,26.0,18.0,16.0,27.0,32.0,25.0,18.0,25.0,22.0,26.0,34.0,20.0,34.0,23.0,30.0,23.0,32.0,31.0,32.0,30.0,25.0,24.0,20.0,29.0,27.0,23.0,27.0,37.0,26.0,19.0,22.0,19.0,23.0,29.0,20.0,19.0,22.0,28.0,24.0,27.0,19.0,26.0,26.0,25.0,25.0
40.0,30.0,26.0,43.0,26.0,41.0,36.0,31.0,37.0,31.0,33.0,42.0,30.0,36.0,35.0,34.0,25.0,35.0,34.0,34.0,28.0,36.0,41.0,48.0,32.0,28.0,43.0,39.0,41.0,34.0,32.0,26.0,33.0,38.0,24.0,34.0,39.0,27.0,38.0,41.0,35.0,42.0,30.0,33.0,32.0,43.0,45.0,43.0,29.0,25.0
28.0,21.0,36.0,29.0,33.0,23.0,33.0,38.0,24.0,28.0,30.0,26.0,26.0,24.0,32.0,25.0,26.0,20.0,32.0,29.0,23.0,34.0,30.0,27.0,28.0,23.0,18.0,42.0,29.0,27.0,37.0,25.0,33.0,27.0,29.0,25.0,37.0,31.0,27.0,29.0,39.0,17.0,23.0,24.0,30.0,29.0,26.0,24.0,19.0,31.0
16.0,30.0,25.0,13.0,30.0,14.0,24.0,17.0,15.0,13.0,14.0,25.0,28.0,18.0,20.0,17.0,18.0,15.0,23.0,26.0,22.0,23.0,23.0,28.0,19.0,22.0,15.0,17.0,27.0,25.0,33.0,21.0,28.0,22.0,18.0,19.0,15.0,16.0,19.0,19.0,8.0,21.0,26.0,19.0,22.0,18.0,23.0,25.0,21.0,30.0
24.0,15.0,14.0,20.0,25.0,22.0,21.0,22.0,12.0,22.0,23.0,27.0,17.0,21.0,15.0,29.0,23.0,26.0,20.0,21.0,15.0,12.0,23.0,22.0,17.0,27.0,22.0,12.0,22.0,15.0,27.0,18.0,16.0,21.0,26.0,16.0,25.0,21.0,20.0,20.0,22.0,23.0,22.0,18.0,18.0,23.0,20.0,12.0,21.0,14.0
17.0,23.0,23.0,30.0,25.0,22.0,24.0,23.0,21.0,24.0,20.0,26.0,20.0,26.0,20.0,19.0,20.0,26.0,28.0,25.0,17.0,16.0,23.0,33.0,20.0,24.0,16.0,25.0,17.0,21.0,23.0,19.0,21.0,23.0,20.0,19.0,18.0,20.0,21.0,19.0,21.0,22.0,17.0,21.0,28.0,19.0,26.0,24.0,17.0,22.0
