10,50,1000
16.273662,17.268946,15.048945,18.130377,15.790383,18.579699,19.797228,18.83887,19.150539,17.495316
8.606868,6.784008,8.640397,6.102109,8.207199,6.92491,6.471067,9.35088,5.010613,9.045727
0.0,10.0,20.0,30.0,40.0,50.0,60.0,70.0,80.0,90.0
10.0,0.0,10.0,20.0,30.0,40.0,50.0,60.0,70.0,80.0
20.0,10.0,0.0,10.0,20.0,30.0,40.0,50.0,60.0,70.0
30.0,20.0,10.0,0.0,10.0,20.0,30.0,40.0,50.0,60.0
40.0,30.0,20.0,10.0,0.0,10.0,20.0,30.0,40.0,50.0
50.0,40.0,30.0,20.0,10.0,0.0,10.0,20.0,30.0,40.0
60.0,50.0,40.0,30.0,20.0,10.0,0.0,10.0,20.0,30.0
70.0,60.0,50.0,40.0,30.0,20.0,10.0,0.0,10.0,20.0
80.0,70.0,60.0,50.0,40.0,30.0,20.0,10.0,0.0,10.0
90.0,80.0,70.0,60.0,50.0,40.0,30.0,20.0,10.0,0.0
450.0,400.0,350.0,300.0,250.0,250.0,300.0,350.0,400.0,450.0
0.0,1.0,2.0,3.0,4.0,5.0,6.0,7.0,8.0,9.0
1.0,0.0,1.0,2.0,3.0,4.0,5.0,6.0,7.0,8.0
2.0,1.0,0.0,1.0,2.0,3.0,4.0,5.0,6.0,7.0
3.0,2.0,1.0,0.0,1.0,2.0,3.0,4.0,5.0,6.0
4.0,3.0,2.0,1.0,0.0,1.0,2.0,3.0,4.0,5.0
5.0,4.0,3.0,2.0,1.0,0.0,1.0,2.0,3.0,4.0
6.0,5.0,4.0,3.0,2.0,1.0,0.0,1.0,2.0,3.0
7.0,6.0,5.0,4.0,3.0,2.0,1.0,0.0,1.0,2.0
8.0,7.0,6.0,5.0,4.0,3.0,2.0,1.0,0.0,1.0
9.0,8.0,7.0,6.0,5.0,4.0,3.0,2.0,1.0,0.0
45.0,40.0,35.0,30.0,25.0,25.0,30.0,35.0,40.0,45.0
38.0,29.0,36.0,30.0,39.0,34.0,39.0,22.0,28.0,32.0,23.0,46.0,38.0,33.0,37.0,34.0,37.0,27.0,35.0,38.0,30.0,37.0,43.0,28.0,17.0,37.0,33.0,44.0,31.0,33.0,31.0,22.0,30.0,34.0,37.0,38.0,49.0,38.0,24.0,28.0,31.0,34.0,27.0,31.0,30.0,33.0,29.0,38.0,19.0,33.0
27.0,28.0,18.0,22.0,30.0,24.0,33.0,24.0,33.0,27.0,23.0,16.0,31.0,27.0,25.0,32.0,30.0,20.0,25.0,32.0,23.0,19.0,30.0,27.0,27.0,26.0,27.0,38.0,24.0,26.0,20.0,25.0,28.0,22.0,35.0,21.0,25.0,34.0,18.0,23.0,38.0,29.0,32.0,37.0,21.0,32.0,32.0,17.0,24.0,38.0
41.0,32.0,27.0,39.0,38.0,32.0,32.0,30.0,32.0,28.0,25.0,28.0,33.0,33.0,36.0,26.0,20.0,36.0,30.0,41.0,23.0,37.0,31.0,32.0,14.0,43.0,27.0,29.0,28.0,25.0,41.0,34.0,37.0,33.0,32.0,21.0,33.0,36.0,26.0,31.0,28.0,39.0,39.0,32.0,25.0,33.0,39.0,39.0,29.0,34.0
27.0,37.0,20.0,20.0,20.0,22.0,30.0,28.0,28.0,27.0,22.0,27.0,23.0,21.0,25.0,24.0,28.0,26.0,18.0,20.0,19.0,26.0,28.0,31.0,30.0,24.0,28.0,31.0,17.0,24.0,17.0,23.0,23.0,22.0,27.0,30.0,22.0,35.0,20.0,29.0,21.0,27.0,23.0,32.0,21.0,23.0,16.0,16.0,19.0,19.0
27.0,30.0,22.0,32.0,37.0,29.0,22.0,40.0,32.0,19.0,32.0,29.0,27.0,26.0,20.0,24.0,24.0,30.0,28.0,36.0,29.0,22.0,33.0,34.0,26.0,24.0,25.0,27.0,32.0,27.0,22.0,34.0,29.0,28.0,39.0,31.0,25.0,19.0,31.0,39.0,33.0,24.0,32.0,28.0,23.0,31.0,26.0,33.0,36.0,23.0
33.0,30.0,28.0,37.0,25.0,25.0,38.0,23.0,23.0,24.0,33.0,27.0,30.0,24.0,24.0,29.0,19.0,25.0,26.0,25.0,31.0,37.0,33.0,37.0,24.0,22.0,30.0,23.0,31.0,27.0,40.0,28.0,20.0,28.0,27.0,19.0,24.0,27.0,34.0,22.0,21.0,22.0,25.0,29.0,19.0,25.0,24.0,23.0,29.0,30.0
25.0,28.0,27.0,35.0,35.0,27.0,21.0,32.0,23.0,22.0,27.0,31.0,30.0,23.0,22.0,28.0,34.0,25.0,27.0,15.0,18.0,32.0,28.0,27.0,22.0,23.0,21.0,25.0,32.0,24.0,25.0,24.0,18.0,19.0,32.0,22.0,20.0,21.0,17.0,26.0,23.0,24.0,22.0,26.0,31.0,30.0,23.0,23.0,28.0,32.0
39.0,30.0,39.0,37.0,41.0,30.0,41.0,35.0,31.0,26.0,36.0,43.0,38.0,36.0,34.0,32.0,23.0,33.0,41.0,29.0,45.0,16.0,38.0,37.0,32.0,32.0,33.0,34.0,32.0,33.0,35.0,40.0,34.0,38.0,40.0,41.0,37.0,36.0,29.0,33.0,29.0,35.0,41.0,21.0,33.0,33.0,32.0,34.0,35.0,43.0
12.0,34.0,17.0,20.0,13.0,16.0,20.0,13.0,19.0,12.0,24.0,19.0,18.0,24.0,20.0,16.0,18.0,17.0,27.0,20.0,21.0,23.0,18.0,12.0,25.0,27.0,22.0,22.0,18.0,17.0,22.0,22.0,21.0,22.0,18.0,18.0,25.0,26.0,24.0,28.0,25.0,20.0,25.0,10.0,20.0,23.0,25.0,25.0,18.0,17.0
34.0,39.0,30.0,36.0,39.0,37.0,39.0,40.0,34.0,32.0,32.0,48.0,36.0,25.0,40.0,31.0,39.0,42.0,27.0,29.0,34.0,28.0,30.0,41.0,34.0,35.0,31.0,33.0,37.0,34.0,39.0,32.0,38.0,35.0,41.0,37.0,30.0,28.0,36.0,35.0,34.0,29.0,41.0,42.0,27.0,31.0,28.0,40.0,33.0,42.0
