10,50,1000
18.224705,19.700026,16.84625,15.583858,17.910337,18.465538,17.134097,18.129855,17.849963,19.583708
9.382204,6.715162,9.251844,5.716225,5.255923,6.128866,9.643579,9.686035,5.123584,5.477955
0.0,10.0,20.0,30.0,40.0,50.0,60.0,70.0,80.0,90.0
10.0,0.0,10.0,20.0,30.0,40.0,50.0,60.0,70.0,80.0
20.0,10.0,0.0,10.0,20.0,30.0,40.0,50.0,60.0,70.0
30.0,20.0,10.0,0.0,10.0,20.0,30.0,40.0,50.0,60.0
40.0,30.0,20.0,10.0,0.0,10.0,20.0,30.0,40.0,50.0
50.0,40.0,30.0,20.0,10.0,0.0,10.0,20.0,30.0,40.0
60.0,50.0,40.0,30.0,20.0,10.0,0.0,10.0,20.0,30.0
70.0,60.0,50.0,40.0,30.0,20.0,10.0,0.0,10.0,20.0
80.0,70.0,60.0,50.0,40.0,30.0,20.0,10.0,0.0,10.0
90.0,80.0,70.0,60.0,50.0,40.0,30.0,20.0,10.0,0.0
450.0,400.0,350.0,300.0,250.0,250.0,300.0,350.0,400.0,450.0
0.0,1.0,2.0,3.0,4.0,5.0,6.0,7.0,8.0,9.0
1.0,0.0,1.0,2.0,3.0,4.0,5.0,6.0,7.0,8.0
2.0,1.0,0.0,1.0,2.0,3.0,4.0,5.0,6.0,7.0
3.0,2.0,1.0,0.0,1.0,2.0,3.0,4.0,5.0,6.0
4.0,3.0,2.0,1.0,0.0,1.0,2.0,3.0,4.0,5.0
5.0,4.0,3.0,2.0,1.0,0.0,1.0,2.0,3.0,4.0
6.0,5.0,4.0,3.0,2.0,1.0,0.0,1.0,2.0,3.0
7.0,6.0,5.0,4.0,3.0,2.0,1.0,0.0,1.0,2.0
8.0,7.0,6.0,5.0,4.0,3.0,2.0,1.0,0.0,1.0
9.0,8.0,7.0,6.0,5.0,4.0,3.0,2.0,1.0,0.0
45.0,40.0,35.0,30.0,25.0,25.0,30.0,35.0,40.0,45.0
35.0,43.0,29.0,42.0,30.0,40.0,29.0,32.0,38.0,35.0,25.0,41.0,37.0,33.0,35.0,45.0,41.0,27.0,31.0,28.0,44.0,36.0,45.0,34.0,34.0,45.0,29.0,35.0,40.0,56.0,42.0,45.0,38.0,37.0,35.0,30.0,30.0,28.0,31.0,39.0,27.0,43.0,33.0,39.0,36.0,40.0,50.0,34.0,41.0,40.0
31.0,33.0,24.0,26.0,31.0,24.0,33.0,27.0,27.0,26.0,24.0,32.0,24.0,29.0,33.0,30.0,26.0,29.0,24.0,21.0,25.0,29.0,27.0,21.0,24.0,23.0,24.0,23.0,19.0,34.0,24.0,25.0,35.0,23.0,27.0,30.0,30.0,31.0,27.0,32.0,22.0,26.0,25.0,32.0,25.0,32.0,25.0,20.0,25.0,16.0
30.0,40.0,37.0,30.0,42.0,34.0,22.0,37.0,42.0,21.0,24.0,43.0,31.0,33.0,33.0,40.0,34.0,31.0,35.0,38.0,37.0,43.0,42.0,37.0,35.0,43.0,42.0,41.0,43.0,28.0,27.0,39.0,26.0,46.0,33.0,49.0,48.0,46.0,25.0,42.0,32.0,35.0,47.0,45.0,33.0,38.0,27.0,30.0,48.0,31.0
19.0,27.0,18.0,19.0,32.0,24.0,30.0,25.0,17.0,17.0,25.0,27.0,34.0,25.0,27.0,27.0,28.0,16.0,24.0,24.0,28.0,25.0,23.0,26.0,24.0,23.0,22.0,43.0,24.0,22.0,25.0,24.0,28.0,19.0,26.0,17.0,23.0,16.0,31.0,24.0,26.0,30.0,25.0,24.0,20.0,16.0,24.0,30.0,28.0,22.0
21.0,21.0,23.0,10.0,11.0,16.0,22.0,25.0,19.0,31.0,27.0,18.0,20.0,15.0,29.0,21.0,24.0,22.0,23.0,23.0,20.0,20.0,20.0,14.0,28.0,21.0,21.0,25.0,21.0,22.0,21.0,26.0,18.0,31.0,19.0,31.0,16.0,18.0,21.0,22.0,18.0,21.0,16.0,16.0,26.0,21.0,19.0,20.0,32.0,23.0
16.0,27.0,21.0,36.0,27.0,22.0,22.0,31.0,22.0,13.0,35.0,15.0,27.0,24.0,26.0,24.0,35.0,33.0,28.0,24.0,30.0,30.0,23.0,23.0,22.0,35.0,15.0,26.0,37.0,28.0,28.0,19.0,26.0,19.0,34.0,22.0,24.0,25.0,21.0,25.0,17.0,28.0,24.0,29.0,25.0,26.0,13.0,27.0,27.0,22.0
31.0,23.0,21.0,48.0,32.0,29.0,28.0,36.0,40.0,33.0,41.0,42.0,33.0,24.0,36.0,36.0,31.0,23.0,33.0,42.0,31.0,28.0,29.0,26.0,32.0,36.0,38.0,32.0,32.0,42.0,33.0,36.0,38.0,38.0,31.0,33.0,28.0,50.0,42.0,34.0,41.0,32.0,35.0,39.0,33.0,32.0,35.0,34.0,35.0,32.0
36.0,40.0,41.0,39.0,43.0,55.0,29.0,44.0,44.0,39.0,38.0,36.0,38.0,41.0,31.0,35.0,39.0,33.0,44.0,31.0,32.0,28.0,38.0,38.0,37.0,39.0,43.0,42.0,44.0,39.0,32.0,34.0,30.0,24.0,50.0,38.0,34.0,32.0,36.0,38.0,31.0,27.0,35.0,39.0,35.0,35.0,48.0,38.0,49.0,45.0
17.0,30.0,30.0,24.0,18.0,14.0,18.0,20.0,22.0,13.0,14.0,15.0,23.0,22.0,23.0,22.0,30.0,23.0,15.0,14.0,12.0,27.0,22.0,30.0,24.0,16.0,19.0,21.0,18.0,18.0,19.0,18.0,22.0,25.0,17.0,20.0,24.0,16.0,30.0,32.0,16.0,16.0,17.0,19.0,14.0,18.0,16.0,23.0,21.0,14.0
21.0,24.0,25.0,17.0,20.0,33.0,18.0,18.0,36.0,22.0,25.0,18.0,31.0,20.0,19.0,30.0,16.0,23.0,23.0,18.0,21.0,23.0,19.0,18.0,22.0,25.0,15.0,27.0,19.0,25.0,23.0,23.0,23.0,21.0,19.0,19.0,23.0,24.0,25.0,26.0,26.0,15.0,19.0,17.0,19.0,24.0,21.0,18.0,26.0,18.0
