10,50,1000
18.590241,15.317462,19.922279,15.144602,18.613569,19.605931,19.983208,18.766972,19.13915,17.244325
6.943749,8.51052,7.185801,5.209913,5.303113,6.813455,6.739778,7.162241,5.90833,9.759406
0.0,10.0,20.0,30.0,40.0,50.0,60.0,70.0,80.0,90.0
10.0,0.0,10.0,20.0,30.0,40.0,50.0,60.0,70.0,80.0
20.0,10.0,0.0,10.0,20.0,30.0,40.0,50.0,60.0,70.0
30.0,20.0,10.0,0.0,10.0,20.0,30.0,40.0,50.0,60.0
40.0,30.0,20.0,10.0,0.0,10.0,20.0,30.0,40.0,50.0
50.0,40.0,30.0,20.0,10.0,0.0,10.0,20.0,30.0,40.0
60.0,50.0,40.0,30.0,20.0,10.0,0.0,10.0,20.0,30.0
70.0,60.0,50.0,40.0,30.0,20.0,10.0,0.0,10.0,20.0
80.0,70.0,60.0,50.0,40.0,30.0,20.0,10.0,0.0,10.0
90.0,80.0,70.0,60.0,50.0,40.0,30.0,20.0,10.0,0.0
450.0,400.0,350.0,300.0,250.0,250.0,300.0,350.0,400.0,450.0
0.0,1.0,2.0,3.0,4.0,5.0,6.0,7.0,8.0,9.0
1.0,0.0,1.0,2.0,3.0,4.0,5.0,6.0,7.0,8.0
2.0,1.0,0.0,1.0,2.0,3.0,4.0,5.0,6.0,7.0
3.0,2.0,1.0,0.0,1.0,2.0,3.0,4.0,5.0,6.0
4.0,3.0,2.0,1.0,0.0,1.0,2.0,3.0,4.0,5.0
5.0,4.0,3.0,2.0,1.0,0.0,1.0,2.0,3.0,4.0
6.0,5.0,4.0,3.0,2.0,1.0,0.0,1.0,2.0,3.0
7.0,6.0,5.0,4.0,3.0,2.0,1.0,0.0,1.0,2.0
8.0,7.0,6.0,5.0,4.0,3.0,2.0,1.0,0.0,1.0
9.0,8.0,7.0,6.0,5.0,4.0,3.0,2.0,1.0,0.0
45.0,40.0,35.0,30.0,25.0,25.0,30.0,35.0,40.0,45.0
34.0,24.0,24.0,26.0,23.0,36.0,37.0,37.0,31.0,28.0,24.0,17.0,32.0,27.0,20.0,33.0,27.0,36.0,20.0,25.0,26.0,27.0,22.0,40.0,25.0,21.0,24.0,30.0,26.0,17.0,24.0,27.0,21.0,22.0,25.0,21.0,20.0,38.0,31.0,22.0,27.0,24.0,23.0,30.0,31.0,21.0,26.0,23.0,27.0,28.0
30.0,26.0,27.0,33.0,44.0,29.0,29.0,24.0,23.0,25.0,25.0,29.0,28.0,37.0,28.0,33.0,39.0,38.0,32.0,24.0,26.0,24.0,37.0,36.0,32.0,32.0,29.0,34.0,20.0,34.0,37.0,27.0,38.0,23.0,40.0,30.0,30.0,30.0,27.0,38.0,39.0,24.0,25.0,26.0,36.0,32.0,30.0,26.0,45.0,33.0
28.0,25.0,32.0,32.0,26.0,28.0,32.0,34.0,36.0,28.0,29.0,33.0,30.0,30.0,34.0,18.0,23.0,31.0,26.0,28.0,32.0,32.0,31.0,23.0,28.0,29.0,27.0,25.0,36.0,33.0,22.0,26.0,33.0,22.0,25.0,25.0,24.0,27.0,23.0,26.0,37.0,31.0,22.0,22.0,29.0,37.0,27.0,31.0,25.0,38.0
22.0,17.0,22.0,27.0,17.0,21.0,24.0,20.0,21.0,28.0,22.0,27.0,18.0,16.0,21.0,19.0,27.0,17.0,25.0,28.0,18.0,19.0,25.0,19.0,20.0,18.0,20.0,24.0,15.0,19.0,17.0,21.0,18.0,16.0,15.0,22.0,25.0,20.0,21.0,14.0,20.0,23.0,21.0,21.0,21.0,21.0,32.0,33.0,19.0,19.0
22.0,17.0,25.0,16.0,24.0,21.0,29.0,26.0,29.0,23.0,17.0,23.0,17.0,16.0,23.0,27.0,16.0,11.0,19.0,13.0,22.0,28.0,13.0,23.0,25.0,23.0,20.0,14.0,20.0,19.0,27.0,26.0,20.0,24.0,23.0,24.0,26.0,21.0,25.0,11.0,35.0,16.0,19.0,17.0,29.0,18.0,14.0,31.0,25.0,15.0
27.0,30.0,17.0,29.0,26.0,32.0,25.0,31.0,31.0,25.0,29.0,28.0,23.0,23.0,24.0,17.0,28.0,35.0,28.0,23.0,23.0,28.0,31.0,17.0,23.0,26.0,25.0,26.0,27.0,27.0,35.0,25.0,36.0,27.0,33.0,27.0,28.0,30.0,35.0,26.0,22.0,18.0,22.0,25.0,29.0,17.0,29.0,27.0,33.0,23.0
24.0,23.0,28.0,21.0,27.0,23.0,39.0,20.0,23.0,27.0,34.0,27.0,28.0,31.0,26.0,30.0,21.0,18.0,33.0,36.0,26.0,24.0,21.0,27.0,34.0,31.0,18.0,27.0,25.0,32.0,34.0,21.0,28.0,27.0,23.0,28.0,28.0,30.0,20.0,34.0,24.0,26.0,35.0,23.0,25.0,29.0,24.0,29.0,25.0,23.0
30.0,35.0,24.0,30.0,35.0,40.0,29.0,21.0,30.0,29.0,35.0,18.0,20.0,20.0,40.0,26.0,31.0,28.0,28.0,31.0,31.0,28.0,24.0,27.0,26.0,27.0,24.0,31.0,27.0,26.0,23.0,31.0,25.0,22.0,30.0,32.0,24.0,29.0,31.0,28.0,27.0,21.0,34.0,36.0,24.0,24.0,30.0,31.0,30.0,38.0
14.0,16.0,19.0,30.0,20.0,14.0,21.0,22.0,37.0,26.0,23.0,25.0,31.0,30.0,29.0,22.0,28.0,22.0,15.0,18.0,25.0,25.0,29.0,28.0,25.0,29.0,13.0,26.0,22.0,21.0,16.0,17.0,26.0,24.0,30.0,23.0,36.0,27.0,20.0,23.0,15.0,27.0,27.0,27.0,32.0,27.0,22.0,25.0,32.0,25.0
44.0,40.0,34.0,40.0,42.0,31.0,37.0,45.0,24.0,33.0,35.0,39.0,39.0,33.0,51.0,44.0,27.0,53.0,45.0,20.0,36.0,35.0,42.0,43.0,38.0,32.0,34.0,33.0,39.0,32.0,28.0,29.0,42.0,34.0,44.0,34.0,43.0,40.0,42.0,44.0,43.0,42.0,35.0,47.0,39.0,36.0,34.0,28.0,35.0,44.0
