10,50,1000
15.003399,19.569488,15.688975,15.610771,17.791999,16.550844,15.402299,19.612688,17.45029,18.221433
8.857025,7.336777,7.708407,6.095371,8.892733,9.001391,8.502833,5.39707,9.194935,6.999659
0.0,10.0,20.0,30.0,40.0,50.0,60.0,70.0,80.0,90.0
10.0,0.0,10.0,20.0,30.0,40.0,50.0,60.0,70.0,80.0
20.0,10.0,0.0,10.0,20.0,30.0,40.0,50.0,60.0,70.0
30.0,20.0,10.0,0.0,10.0,20.0,30.0,40.0,50.0,60.0
40.0,30.0,20.0,10.0,0.0,10.0,20.0,30.0,40.0,50.0
50.0,40.0,30.0,20.0,10.0,0.0,10.0,20.0,30.0,40.0
60.0,50.0,40.0,30.0,20.0,10.0,0.0,10.0,20.0,30.0
70.0,60.0,50.0,40.0,30.0,20.0,10.0,0.0,10.0,20.0
80.0,70.0,60.0,50.0,40.0,30.0,20.0,10.0,0.0,10.0
90.0,80.0,70.0,60.0,50.0,40.0,30.0,20.0,10.0,0.0
450.0,400.0,350.0,300.0,250.0,250.0,300.0,350.0,400.0,450.0
0.0,1.0,2.0,3.0,4.0,5.0,6.0,7.0,8.0,9.0
1.0,0.0,1.0,2.0,3.0,4.0,5.0,6.0,7.0,8.0
2.0,1.0,0.0,1.0,2.0,3.0,4.0,5.0,6.0,7.0
3.0,2.0,1.0,0.0,1.0,2.0,3.0,4.0,5.0,6.0
4.0,3.0,2.0,1.0,0.0,1.0,2.0,3.0,4.0,5.0
5.0,4.0,3.0,2.0,1.0,0.0,1.0,2.0,3.0,4.0
6.0,5.0,4.0,3.0,2.0,1.0,0.0,1.0,2.0,3.0
7.0,6.0,5.0,4.0,3.0,2.0,1.0,0.0,1.0,2.0
8.0,7.0,6.0,5.0,4.0,3.0,2.0,1.0,0.0,1.0
9.0,8.0,7.0,6.0,5.0,4.0,3.0,2.0,1.0,0.0
45.0,40.0,35.0,30.0,25.0,25.0,30.0,35.0,40.0,45.0
34.0,46.0,40.0,39.0,27.0,38.0,30.0,26.0,30.0,39.0,44.0,30.0,30.0,23.0,40.0,38.0,32.0,33.0,35.0,34.0,30.0,37.0,24.0,29.0,40.0,30.0,27.0,26.0,36.0,33.0,30.0,24.0,30.0,35.0,22.0,25.0,43.0,29.0,37.0,31.0,25.0,32.0,27.0,24.0,30.0,39.0,29.0,27.0,41.0,32.0
32.0,23.0,26.0,27.0,27.0,17.0,31.0,38.0,31.0,23.0,19.0,31.0,34.0,39.0,26.0,33.0,28.0,30.0,28.0,32.0,34.0,28.0,29.0,31.0,35.0,26.0,28.0,30.0,42.0,31.0,33.0,29.0,23.0,27.0,32.0,31.0,27.0,29.0,26.0,16.0,37.0,23.0,24.0,25.0,31.0,30.0,23.0,22.0,21.0,26.0
29.0,31.0,19.0,33.0,32.0,29.0,24.0,33.0,25.0,29.0,24.0,40.0,26.0,26.0,35.0,23.0,26.0,24.0,33.0,30.0,33.0,33.0,27.0,29.0,27.0,21.0,25.0,25.0,27.0,25.0,24.0,25.0,27.0,32.0,29.0,32.0,30.0,42.0,28.0,29.0,30.0,34.0,28.0,36.0,24.0,29.0,39.0,27.0,26.0,33.0
27.0,19.0,21.0,22.0,20.0,22.0,21.0,25.0,22.0,26.0,24.0,26.0,18.0,26.0,29.0,16.0,30.0,30.0,19.0,26.0,22.0,25.0,14.0,20.0,32.0,22.0,30.0,32.0,18.0,37.0,18.0,26.0,28.0,21.0,20.0,23.0,21.0,17.0,24.0,27.0,28.0,22.0,19.0,15.0,25.0,20.0,22.0,16.0,33.0,24.0
33.0,36.0,41.0,19.0,36.0,29.0,39.0,29.0,34.0,23.0,36.0,30.0,41.0,27.0,35.0,35.0,37.0,25.0,33.0,31.0,34.0,24.0,32.0,38.0,29.0,29.0,39.0,26.0,27.0,29.0,36.0,32.0,31.0,40.0,31.0,32.0,32.0,34.0,24.0,34.0,44.0,33.0,21.0,37.0,40.0,31.0,32.0,40.0,34.0,37.0
33.0,33.0,36.0,26.0,33.0,41.0,42.0,24.0,26.0,39.0,36.0,29.0,38.0,31.0,32.0,28.0,22.0,45.0,34.0,37.0,30.0,35.0,30.0,31.0,41.0,39.0,33.0,34.0,35.0,44.0,24.0,40.0,26.0,29.0,29.0,31.0,31.0,45.0,34.0,31.0,40.0,33.0,35.0,35.0,36.0,31.0,28.0,32.0,25.0,36.0
33.0,37.0,36.0,30.0,43.0,40.0,27.0,36.0,41.0,29.0,33.0,28.0,31.0,24.0,34.0,40.0,36.0,33.0,36.0,30.0,29.0,34.0,21.0,36.0,29.0,30.0,41.0,39.0,23.0,24.0,36.0,43.0,23.0,22.0,27.0,30.0,34.0,35.0,44.0,45.0,25.0,27.0,22.0,20.0,25.0,37.0,23.0,35.0,37.0,27.0
26.0,17.0,18.0,28.0,22.0,32.0,17.0,15.0,19.0,29.0,25.0,22.0,21.0,28.0,20.0,21.0,28.0,26.0,25.0,24.0,25.0,29.0,28.0,21.0,18.0,20.0,26.0,16.0,25.0,20.0,23.0,28.0,23.0,32.0,30.0,25.0,26.0,35.0,28.0,20.0,25.0,18.0,18.0,25.0,18.0,27.0,16.0,20.0,25.0,24.0
34.0,30.0,40.0,32.0,29.0,27.0,42.0,39.0,38.0,30.0,29.0,37.0,33.0,30.0,39.0,39.0,35.0,38.0,33.0,27.0,30.0,30.0,28.0,34.0,28.0,24.0,33.0,36.0,33.0,38.0,30.0,39.0,24.0,38.0,41.0,33.0,40.0,27.0,33.0,27.0,29.0,36.0,37.0,36.0,43.0,40.0,34.0,33.0,27.0,34.0
28.0,34.0,15.0,22.0,38.0,28.0,31.0,31.0,26.0,33.0,36.0,14.0,26.0,32.0,24.0,25.0,21.0,23.0,25.0,27.0,38.0,34.0,20.0,25.0,19.0,27.0,23.0,24.0,31.0,18.0,25.0,34.0,31.0,35.0,26.0,38.0,25.0,31.0,33.0,28.0,24.0,32.0,20.0,31.0,25.0,22.0,25.0,37.0,19.0,28.0
