10,50,1000
19.40003,17.528448,16.348486,19.908743,18.294232,17.252114,16.374248,17.841544,18.016411,17.090896
6.288368,6.526553,9.562569,5.208263,6.798032,6.125191,5.613466,7.816445,6.916477,9.099375
0.0,10.0,20.0,30.0,40.0,50.0,60.0,70.0,80.0,90.0
10.0,0.0,10.0,20.0,30.0,40.0,50.0,60.0,70.0,80.0
20.0,10.0,0.0,10.0,20.0,30.0,40.0,50.0,60.0,70.0
30.0,20.0,10.0,0.0,10.0,20.0,30.0,40.0,50.0,60.0
40.0,30.0,20.0,10.0,0.0,10.0,20.0,30.0,40.0,50.0
50.0,40.0,30.0,20.0,10.0,0.0,10.0,20.0,30.0,40.0
60.0,50.0,40.0,30.0,20.0,10.0,0.0,10.0,20.0,30.0
70.0,60.0,50.0,40.0,30.0,20.0,10.0,0.0,10.0,20.0
80.0,70.0,60.0,50.0,40.0,30.0,20.0,10.0,0.0,10.0
90.0,80.0,70.0,60.0,50.0,40.0,30.0,20.0,10.0,0.0
450.0,400.0,350.0,300.0,250.0,250.0,300.0,350.0,400.0,450.0
0.0,1.0,2.0,3.0,4.0,5.0,6.0,7.0,8.0,9.0
1.0,0.0,1.0,2.0,3.0,4.0,5.0,6.0,7.0,8.0
2.0,1.0,0.0,1.0,2.0,3.0,4.0,5.0,6.0,7.0
3.0,2.0,1.0,0.0,1.0,2.0,3.0,4.0,5.0,6.0
4.0,3.0,2.0,1.0,0.0,1.0,2.0,3.0,4.0,5.0
5.0,4.0,3.0,2.0,1.0,0.0,1.0,2.0,3.0,4.0
6.0,5.0,4.0,3.0,2.0,1.0,0.0,1.0,2.0,3.0
7.0,6.0,5.0,4.0,3.0,2.0,1.0,0.0,1.0,2.0
8.0,7.0,6.0,5.0,4.0,3.0,2.0,1.0,0.0,1.0
9.0,8.0,7.0,6.0,5.0,4.0,3.0,2.0,1.0,0.0
45.0,40.0,35.0,30.0,25.0,25.0,30.0,35.0,40.0,45.0
18.0,39.0,25.0,17.0,25.0,26.0,22.0,21.0,20.0,35.0,26.0,40.0,28.0,31.0,18.0,18.0,21.0,25.0,28.0,24.0,33.0,25.0,27.0,24.0,24.0,20.0,29.0,24.0,17.0,15.0,25.0,22.0,18.0,30.0,22.0,36.0,22.0,23.0,26.0,20.0,22.0,36.0,34.0,30.0,26.0,31.0,33.0,24.0,33.0,25.0
27.0,30.0,31.0,31.0,28.0,28.0,34.0,18.0,19.0,27.0,25.0,30.0,25.0,26.0,26.0,27.0,25.0,24.0,21.0,22.0,24.0,31.0,18.0,30.0,22.0,24.0,20.0,18.0,31.0,23.0,20.0,21.0,23.0,21.0,30.0,32.0,43.0,18.0,15.0,30.0,27.0,37.0,31.0,25.0,28.0,25.0,30.0,32.0,20.0,27.0
39.0,37.0,36.0,41.0,31.0,50.0,45.0,37.0,32.0,44.0,36.0,39.0,34.0,32.0,39.0,37.0,30.0,34.0,36.0,30.0,37.0,35.0,39.0,33.0,38.0,33.0,30.0,34.0,34.0,27.0,35.0,40.0,39.0,38.0,32.0,29.0,39.0,43.0,35.0,28.0,33.0,41.0,35.0,30.0,32.0,38.0,35.0,32.0,31.0,42.0
16.0,19.0,21.0,33.0,19.0,27.0,24.0,19.0,30.0,23.0,24.0,30.0,20.0,20.0,22.0,27.0,31.0,21.0,24.0,35.0,26.0,28.0,24.0,25.0,24.0,19.0,22.0,16.0,16.0,21.0,34.0,15.0,20.0,18.0,26.0,21.0,17.0,15.0,23.0,18.0,15.0,14.0,22.0,32.0,15.0,26.0,24.0,20.0,23.0,30.0
26.0,17.0,38.0,22.0,23.0,31.0,20.0,28.0,27.0,25.0,22.0,29.0,25.0,33.0,36.0,34.0,26.0,25.0,32.0,32.0,27.0,27.0,21.0,39.0,31.0,24.0,24.0,22.0,28.0,30.0,35.0,39.0,20.0,21.0,27.0,34.0,27.0,24.0,26.0,21.0,29.0,23.0,24.0,32.0,28.0,27.0,27.0,20.0,23.0,29.0
32.0,22.0,29.0,23.0,27.0,22.0,21.0,23.0,22.0,21.0,23.0,25.0,23.0,29.0,32.0,42.0,22.0,31.0,24.0,14.0,23.0,28.0,23.0,26.0,21.0,29.0,19.0,29.0,20.0,25.0,19.0,18.0,28.0,28.0,20.0,24.0,25.0,34.0,28.0,20.0,21.0,27.0,24.0,18.0,34.0,33.0,16.0,21.0,21.0,27.0
24.0,17.0,25.0,20.0,21.0,22.0,30.0,25.0,24.0,24.0,22.0,20.0,23.0,21.0,29.0,16.0,20.0,15.0,19.0,19.0,24.0,22.0,16.0,19.0,20.0,18.0,26.0,15.0,22.0,26.0,19.0,22.0,15.0,30.0,22.0,27.0,17.0,18.0,17.0,30.0,22.0,28.0,22.0,29.0,19.0,23.0,18.0,16.0,19.0,22.0
27.0,23.0,43.0,39.0,24.0,27.0,23.0,37.0,24.0,32.0,30.0,37.0,40.0,15.0,22.0,31.0,36.0,33.0,22.0,32.0,30.0,37.0,30.0,31.0,29.0,29.0,19.0,22.0,33.0,31.0,29.0,27.0,18.0,29.0,33.0,34.0,26.0,24.0,27.0,28.0,44.0,38.0,39.0,40.0,31.0,30.0,38.0,30.0,26.0,25.0
29.0,21.0,25.0,26.0,22.0,28.0,16.0,29.0,18.0,22.0,17.0,36.0,29.0,24.0,20.0,23.0,27.0,15.0,26.0,21.0,25.0,27.0,28.0,38.0,29.0,33.0,31.0,35.0,18.0,22.0,29.0,32.0,26.0,30.0,26.0,36.0,29.0,28.0,25.0,32.0,25.0,25.0,22.0,26.0,30.0,19.0,26.0,30.0,25.0,24.0
36.0,31.0,41.0,27.0,47.0,25.0,38.0,26.0,39.0,31.0,40.0,29.0,38.0,32.0,33.0,34.0,29.0,51.0,38.0,36.0,37.0,45.0,31.0,27.0,32.0,37.0,40.0,29.0,28.0,45.0,28.0,37.0,31.0,44.0,20.0,42.0,34.0,32.0,28.0,36.0,37.0,28.0,32.0,24.0,38.0,35.0,41.0,45.0,31.0,34.0
