10,50,1000
17.153851,19.099905,19.641212,19.145056,18.626183,17.968692,19.666135,17.264116,18.946363,17.32226
8.512592,9.211795,8.334253,7.185601,7.53133,7.190847,5.674839,5.851998,8.492007,9.788059
0.0,10.0,20.0,30.0,40.0,50.0,60.0,70.0,80.0,90.0
10.0,0.0,10.0,20.0,30.0,40.0,50.0,60.0,70.0,80.0
20.0,10.0,0.0,10.0,20.0,30.0,40.0,50.0,60.0,70.0
30.0,20.0,10.0,0.0,10.0,20.0,30.0,40.0,50.0,60.0
40.0,30.0,20.0,10.0,0.0,10.0,20.0,30.0,40.0,50.0
50.0,40.0,30.0,20.0,10.0,0.0,10.0,20.0,30.0,40.0
60.0,50.0,40.0,30.0,20.0,10.0,0.0,10.0,20.0,30.0
70.0,60.0,50.0,40.0,30.0,20.0,10.0,0.0,10.0,20.0
80.0,70.0,60.0,50.0,40.0,30.0,20.0,10.0,0.0,10.0
90.0,80.0,70.0,60.0,50.0,40.0,30.0,20.0,10.0,0.0
450.0,400.0,350.0,300.0,250.0,250.0,300.0,350.0,400.0,450.0
0.0,1.0,2.0,3.0,4.0,5.0,6.0,7.0,8.0,9.0
1.0,0.0,1.0,2.0,3.0,4.0,5.0,6.0,7.0,8.0
2.0,1.0,0.0,1.0,2.0,3.0,4.0,5.0,6.0,7.0
3.0,2.0,1.0,0.0,1.0,2.0,3.0,4.0,5.0,6.0
4.0,3.0,2.0,1.0,0.0,1.0,2.0,3.0,4.0,5.0
5.0,4.0,3.0,2.0,1.0,0.0,1.0,2.0,3.0,4.0
6.0,5.0,4.0,3.0,2.0,1.0,0.0,1.0,2.0,3.0
7.0,6.0,5.0,4.0,3.0,2.0,1.0,0.0,1.0,2.0
8.0,7.0,6.0,5.0,4.0,3.0,2.0,1.0,0.0,1.0
9.0,8.0,7.0,6.0,5.0,4.0,3.0,2.0,1.0,0.0
45.0,40.0,35.0,30.0,25.0,25.0,30.0,35.0,40.0,45.0
35.0,34.0,43.0,17.0,30.0,36.0,24.0,38.0,30.0,35.0,33.0,31.0,30.0,25.0,35.0,25.0,30.0,32.0,41.0,36.0,35.0,25.0,28.0,29.0,25.0,35.0,42.0,41.0,32.0,27.0,31.0,41.0,39.0,38.0,32.0,28.0,31.0,33.0,27.0,36.0,22.0,39.0,33.0,27.0,32.0,36.0,32.0,34.0,33.0,33.0
31.0,35.0,39.0,42.0,33.0,28.0,41.0,43.0,32.0,32.0,33.0,21.0,43.0,42.0,46.0,32.0,37.0,44.0,22.0,38.0,40.0,37.0,36.0,31.0,35.0,25.0,47.0,28.0,42.0,30.0,27.0,22.0,38.0,39.0,48.0,38.0,29.0,20.0,37.0,33.0,45.0,31.0,25.0,32.0,29.0,35.0,35.0,36.0,36.0,28.0
41.0,27.0,32.0,34.0,25.0,30.0,28.0,40.0,32.0,37.0,17.0,33.0,28.0,28.0,31.0,23.0,27.0,36.0,14.0,32.0,29.0,28.0,31.0,30.0,22.0,29.0,37.0,31.0,28.0,37.0,28.0,26.0,34.0,34.0,28.0,35.0,34.0,29.0,35.0,46.0,31.0,24.0,26.0,31.0,27.0,34.0,23.0,41.0,27.0,35.0
35.0,33.0,37.0,29.0,21.0,24.0,34.0,26.0,35.0,30.0,27.0,26.0,28.0,30.0,25.0,18.0,22.0,26.0,17.0,27.0,34.0,24.0,23.0,29.0,18.0,27.0,28.0,33.0,40.0,33.0,25.0,24.0,26.0,19.0,27.0,23.0,36.0,35.0,35.0,24.0,26.0,29.0,15.0,25.0,25.0,22.0,23.0,16.0,32.0,29.0
26.0,27.0,30.0,28.0,33.0,29.0,25.0,25.0,32.0,25.0,32.0,33.0,27.0,27.0,34.0,31.0,30.0,27.0,30.0,28.0,18.0,33.0,32.0,25.0,25.0,25.0,25.0,27.0,30.0,25.0,25.0,35.0,23.0,27.0,26.0,25.0,31.0,33.0,28.0,35.0,34.0,26.0,28.0,26.0,29.0,22.0,27.0,33.0,26.0,40.0
30.0,30.0,27.0,28.0,37.0,20.0,26.0,27.0,22.0,34.0,19.0,35.0,21.0,24.0,25.0,26.0,24.0,39.0,25.0,29.0,25.0,20.0,28.0,31.0,36.0,30.0,25.0,28.0,23.0,18.0,32.0,19.0,33.0,27.0,24.0,36.0,27.0,28.0,29.0,26.0,36.0,35.0,22.0,22.0,28.0,17.0,33.0,31.0,19.0,27.0
22.0,29.0,27.0,11.0,27.0,29.0,30.0,19.0,25.0,19.0,31.0,24.0,24.0,23.0,20.0,22.0,22.0,19.0,28.0,21.0,15.0,27.0,20.0,17.0,31.0,30.0,31.0,24.0,27.0,25.0,21.0,16.0,22.0,37.0,26.0,24.0,18.0,34.0,30.0,13.0,26.0,21.0,19.0,28.0,21.0,21.0,23.0,21.0,24.0,23.0
24.0,13.0,24.0,27.0,31.0,34.0,26.0,28.0,20.0,24.0,35.0,26.0,26.0,14.0,33.0,28.0,23.0,32.0,25.0,20.0,18.0,31.0,19.0,19.0,28.0,23.0,32.0,27.0,26.0,21.0,24.0,14.0,24.0,24.0,20.0,17.0,18.0,18.0,21.0,18.0,28.0,26.0,44.0,19.0,21.0,27.0,18.0,14.0,19.0,23.0
35.0,40.0,30.0,38.0,35.0,32.0,26.0,21.0,26.0,26.0,38.0,31.0,33.0,32.0,27.0,27.0,32.0,18.0,35.0,34.0,42.0,22.0,39.0,41.0,34.0,31.0,36.0,41.0,24.0,29.0,21.0,33.0,20.0,39.0,31.0,35.0,32.0,31.0,39.0,29.0,26.0,41.0,33.0,34.0,28.0,35.0,33.0,29.0,35.0,31.0
40.0,32.0,32.0,39.0,39.0,38.0,26.0,39.0,36.0,30.0,42.0,34.0,30.0,29.0,34.0,36.0,45.0,41.0,45.0,45.0,36.0,45.0,47.0,31.0,29.0,40.0,49.0,30.0,27.0,40.0,38.0,29.0,37.0,33.0,37.0,39.0,41.0,36.0,34.0,39.0,37.0,49.0,32.0,40.0,31.0,38.0,33.0,44.0,34.0,42.0
