10,50,1000
15.905407,17.235301,16.967221,17.704147,15.127737,17.164173,15.930503,16.141944,19.747083,18.701883
6.291461,5.759478,9.521044,6.10303,6.282894,7.875541,5.364143,7.801841,7.449996,9.763552
0.0,10.0,20.0,30.0,40.0,50.0,60.0,70.0,80.0,90.0
10.0,0.0,10.0,20.0,30.0,40.0,50.0,60.0,70.0,80.0
20.0,10.0,0.0,10.0,20.0,30.0,40.0,50.0,60.0,70.0
30.0,20.0,10.0,0.0,10.0,20.0,30.0,40.0,50.0,60.0
40.0,30.0,20.0,10.0,0.0,10.0,20.0,30.0,40.0,50.0
50.0,40.0,30.0,20.0,10.0,0.0,10.0,20.0,30.0,40.0
60.0,50.0,40.0,30.0,20.0,10.0,0.0,10.0,20.0,30.0
70.0,60.0,50.0,40.0,30.0,20.0,10.0,0.0,10.0,20.0
80.0,70.0,60.0,50.0,40.0,30.0,20.0,10.0,0.0,10.0
90.0,80.0,70.0,60.0,50.0,40.0,30.0,20.0,10.0,0.0
450.0,400.0,350.0,300.0,250.0,250.0,300.0,350.0,400.0,450.0
0.0,1.0,2.0,3.0,4.0,5.0,6.0,7.0,8.0,9.0
1.0,0.0,1.0,2.0,3.0,4.0,5.0,6.0,7.0,8.0
2.0,1.0,0.0,1.0,2.0,3.0,4.0,5.0,6.0,7.0
3.0,2.0,1.0,0.0,1.0,2.0,3.0,4.0,5.0,6.0
4.0,3.0,2.0,1.0,0.0,1.0,2.0,3.0,4.0,5.0
5.0,4.0,3.0,2.0,1.0,0.0,1.0,2.0,3.0,4.0
6.0,5.0,4.0,3.0,2.0,1.0,0.0,1.0,2.0,3.0
7.0,6.0,5.0,4.0,3.0,2.0,1.0,0.0,1.0,2.0
8.0,7.0,6.0,5.0,4.0,3.0,2.0,1.0,0.0,1.0
9.0,8.0,7.0,6.0,5.0,4.0,3.0,2.0,1.0,0.0
45.0,40.0,35.0,30.0,25.0,25.0,30.0,35.0,40.0,45.0
29.0,46.0,19.0,18.0,25.0,30.0,28.0,17.0,28.0,13.0,24.0,25.0,15.0,27.0,23.0,24.0,18.0,20.0,25.0,27.0,30.0,19.0,29.0,26.0,27.0,14.0,28.0,28.0,28.0,31.0,18.0,27.0,20.0,26.0,24.0,28.0,28.0,27.0,26.0,25.0,39.0,34.0,27.0,24.0,24.0,31.0,24.0,13.0,19.0,21.0
16.0,19.0,34.0,16.0,23.0,18.0,19.0,27.0,18.0,16.0,23.0,23.0,20.0,19.0,23.0,29.0,26.0,24.0,20.0,17.0,20.0,24.0,28.0,16.0,30.0,29.0,27.0,22.0,22.0,24.0,16.0,28.0,20.0,24.0,35.0,16.0,17.0,20.0,22.0,15.0,20.0,28.0,27.0,16.0,20.0,24.0,25.0,29.0,20.0,21.0
34.0,41.0,31.0,32.0,41.0,33.0,38.0,25.0,36.0,43.0,39.0,35.0,33.0,44.0,25.0,28.0,34.0,38.0,31.0,49.0,27.0,34.0,41.0,36.0,42.0,48.0,44.0,32.0,30.0,39.0,34.0,34.0,31.0,39.0,37.0,44.0,41.0,29.0,46.0,48.0,36.0,31.0,35.0,32.0,37.0,33.0,32.0,30.0,39.0,36.0
25.0,18.0,20.0,23.0,28.0,27.0,25.0,17.0,25.0,23.0,24.0,18.0,29.0,26.0,27.0,28.0,23.0,26.0,29.0,21.0,26.0,31.0,24.0,23.0,22.0,25.0,30.0,18.0,14.0,30.0,20.0,35.0,28.0,21.0,26.0,32.0,24.0,31.0,19.0,23.0,16.0,28.0,26.0,17.0,25.0,27.0,13.0,32.0,29.0,21.0
18.0,22.0,27.0,27.0,17.0,30.0,22.0,30.0,26.0,30.0,16.0,30.0,23.0,19.0,34.0,24.0,28.0,26.0,26.0,17.0,34.0,27.0,24.0,36.0,29.0,24.0,23.0,17.0,27.0,26.0,27.0,21.0,26.0,22.0,26.0,24.0,25.0,32.0,15.0,29.0,36.0,24.0,30.0,29.0,27.0,29.0,16.0,30.0,33.0,19.0
30.0,33.0,32.0,25.0,26.0,35.0,21.0,32.0,26.0,31.0,31.0,28.0,24.0,19.0,29.0,28.0,31.0,25.0,35.0,24.0,38.0,32.0,23.0,31.0,27.0,28.0,27.0,25.0,29.0,31.0,26.0,37.0,30.0,26.0,40.0,30.0,33.0,40.0,27.0,33.0,30.0,31.0,32.0,23.0,39.0,40.0,30.0,29.0,29.0,25.0
14.0,21.0,20.0,16.0,20.0,15.0,24.0,19.0,21.0,22.0,22.0,30.0,28.0,23.0,25.0,19.0,20.0,21.0,17.0,23.0,18.0,29.0,24.0,22.0,16.0,29.0,31.0,26.0,23.0,22.0,20.0,26.0,18.0,17.0,26.0,35.0,22.0,28.0,25.0,17.0,26.0,28.0,21.0,26.0,21.0,24.0,18.0,21.0,21.0,23.0
31.0,23.0,26.0,31.0,27.0,25.0,32.0,22.0,27.0,37.0,37.0,29.0,27.0,32.0,30.0,29.0,25.0,25.0,38.0,35.0,12.0,20.0,30.0,26.0,27.0,32.0,33.0,36.0,31.0,33.0,26.0,38.0,38.0,21.0,36.0,28.0,37.0,29.0,26.0,34.0,25.0,25.0,30.0,25.0,30.0,33.0,33.0,38.0,28.0,26.0
23.0,29.0,24.0,33.0,28.0,28.0,37.0,24.0,27.0,30.0,30.0,33.0,19.0,30.0,41.0,12.0,32.0,36.0,35.0,32.0,37.0,30.0,33.0,33.0,25.0,29.0,20.0,24.0,27.0,31.0,36.0,24.0,37.0,32.0,32.0,29.0,25.0,25.0,30.0,28.0,27.0,24.0,28.0,23.0,25.0,34.0,37.0,41.0,32.0,24.0
38.0,36.0,23.0,37.0,35.0,39.0,38.0,46.0,37.0,32.0,37.0,34.0,37.0,33.0,36.0,31.0,44.0,37.0,34.0,38.0,30.0,32.0,32.0,35.0,48.0,38.0,35.0,40.0,37.0,38.0,39.0,55.0,44.0,42.0,44.0,47.0,47.0,33.0,34.0,35.0,33.0,42.0,36.0,38.0,22.0,41.0,40.0,39.0,38.0,40.0
