10,50,1000
15.13104,19.958775,15.50491,17.068415,18.020887,17.744148,18.653735,16.210523,17.638206,17.475139
7.554788,8.878233,9.659394,9.029028,8.531844,5.105577,7.72653,8.872839,7.508561,8.604863
0.0,10.0,20.0,30.0,40.0,50.0,60.0,70.0,80.0,90.0
10.0,0.0,10.0,20.0,30.0,40.0,50.0,60.0,70.0,80.0
20.0,10.0,0.0,10.0,20.0,30.0,40.0,50.0,60.0,70.0
30.0,20.0,10.0,0.0,10.0,20.0,30.0,40.0,50.0,60.0
40.0,30.0,20.0,10.0,0.0,10.0,20.0,30.0,40.0,50.0
50.0,40.0,30.0,20.0,10.0,0.0,10.0,20.0,30.0,40.0
60.0,50.0,40.0,30.0,20.0,10.0,0.0,10.0,20.0,30.0
70.0,60.0,50.0,40.0,30.0,20.0,10.0,0.0,10.0,20.0
80.0,70.0,60.0,50.0,40.0,30.0,20.0,10.0,0.0,10.0
90.0,80.0,70.0,60.0,50.0,40.0,30.0,20.0,10.0,0.0
450.0,400.0,350.0,300.0,250.0,250.0,300.0,350.0,400.0,450.0
0.0,1.0,2.0,3.0,4.0,5.0,6.0,7.0,8.0,9.0
1.0,0.0,1.0,2.0,3.0,4.0,5.0,6.0,7.0,8.0
2.0,1.0,0.0,1.0,2.0,3.0,4.0,5.0,6.0,7.0
3.0,2.0,1.0,0.0,1.0,2.0,3.0,4.0,5.0,6.0
4.0,3.0,2.0,1.0,0.0,1.0,2.0,3.0,4.0,5.0
5.0,4.0,3.0,2.0,1.0,0.0,1.0,2.0,3.0,4.0
6.0,5.0,4.0,3.0,2.0,1.0,0.0,1.0,2.0,3.0
7.0,6.0,5.0,4.0,3.0,2.0,1.0,0.0,1.0,2.0
8.0,7.0,6.0,5.0,4.0,3.0,2.0,1.0,0.0,1.0
9.0,8.0,7.0,6.0,5.0,4.0,3.0,2.0,1.0,0.0
45.0,40.0,35.0,30.0,25.0,25.0,30.0,35.0,40.0,45.0
15.0,21.0,27.0,28.0,34.0,32.0,32.0,26.0,31.0,25.0,23.0,26.0,30.0,30.0,27.0,33.0,32.0,25.0,28.0,25.0,25.0,31.0,30.0,26.0,27.0,32.0,32.0,30.0,24.0,21.0,24.0,30.0,29.0,26.0,35.0,21.0,26.0,32.0,21.0,16.0,31.0,23.0,30.0,40.0,32.0,33.0,22.0,35.0,31.0,27.0
41.0,30.0,36.0,26.0,31.0,32.0,33.0,35.0,30.0,24.0,31.0,37.0,25.0,37.0,26.0,40.0,21.0,42.0,35.0,27.0,32.0,29.0,40.0,43.0,26.0,25.0,37.0,31.0,31.0,35.0,46.0,37.0,31.0,39.0,35.0,43.0,25.0,33.0,46.0,30.0,38.0,32.0,28.0,43.0,31.0,43.0,37.0,27.0,34.0,29.0
34.0,26.0,27.0,36.0,34.0,43.0,40.0,32.0,25.0,32.0,34.0,46.0,30.0,25.0,33.0,28.0,34.0,41.0,34.0,33.0,24.0,37.0,28.0,27.0,30.0,32.0,41.0,32.0,33.0,23.0,38.0,36.0,38.0,30.0,28.0,36.0,34.0,33.0,32.0,33.0,34.0,39.0,35.0,36.0,30.0,32.0,34.0,34.0,32.0,29.0
33.0,28.0,32.0,28.0,35.0,44.0,33.0,37.0,33.0,23.0,33.0,37.0,30.0,34.0,26.0,36.0,39.0,38.0,29.0,29.0,30.0,40.0,42.0,36.0,31.0,36.0,23.0,32.0,43.0,38.0,30.0,31.0,32.0,32.0,33.0,31.0,33.0,35.0,32.0,33.0,23.0,32.0,34.0,23.0,38.0,40.0,25.0,31.0,39.0,29.0
36.0,30.0,27.0,24.0,31.0,33.0,28.0,40.0,31.0,42.0,30.0,28.0,29.0,35.0,31.0,26.0,27.0,19.0,36.0,36.0,32.0,32.0,28.0,21.0,36.0,34.0,30.0,34.0,29.0,26.0,37.0,28.0,27.0,33.0,32.0,53.0,32.0,30.0,38.0,31.0,34.0,35.0,28.0,39.0,33.0,36.0,25.0,25.0,27.0,32.0
24.0,12.0,10.0,28.0,19.0,25.0,19.0,20.0,15.0,19.0,23.0,19.0,19.0,18.0,14.0,13.0,21.0,24.0,20.0,16.0,22.0,21.0,19.0,24.0,23.0,17.0,31.0,29.0,24.0,25.0,13.0,23.0,15.0,16.0,18.0,22.0,26.0,34.0,34.0,17.0,19.0,20.0,16.0,23.0,25.0,18.0,30.0,19.0,21.0,25.0
24.0,29.0,34.0,35.0,34.0,32.0,39.0,42.0,17.0,30.0,31.0,22.0,25.0,22.0,37.0,22.0,30.0,31.0,17.0,27.0,32.0,26.0,35.0,35.0,25.0,35.0,34.0,29.0,32.0,31.0,35.0,33.0,29.0,35.0,36.0,28.0,26.0,28.0,23.0,33.0,28.0,26.0,22.0,27.0,32.0,32.0,27.0,33.0,33.0,37.0
25.0,40.0,27.0,32.0,34.0,34.0,35.0,35.0,33.0,22.0,40.0,29.0,36.0,43.0,32.0,32.0,42.0,36.0,36.0,34.0,31.0,30.0,31.0,23.0,32.0,33.0,25.0,29.0,31.0,36.0,26.0,31.0,35.0,30.0,32.0,31.0,35.0,31.0,36.0,30.0,28.0,35.0,40.0,27.0,43.0,41.0,45.0,37.0,33.0,24.0
39.0,23.0,32.0,40.0,36.0,33.0,30.0,34.0,27.0,30.0,32.0,22.0,30.0,22.0,22.0,34.0,28.0,29.0,32.0,21.0,32.0,31.0,32.0,29.0,38.0,29.0,22.0,29.0,22.0,27.0,34.0,29.0,21.0,19.0,26.0,35.0,42.0,34.0,31.0,21.0,34.0,20.0,30.0,23.0,25.0,28.0,32.0,33.0,18.0,40.0
36.0,31.0,33.0,33.0,26.0,32.0,44.0,30.0,28.0,34.0,31.0,27.0,29.0,25.0,31.0,34.0,28.0,40.0,33.0,43.0,37.0,33.0,40.0,22.0,32.0,37.0,21.0,34.0,27.0,33.0,35.0,35.0,32.0,26.0,24.0,25.0,28.0,32.0,39.0,21.0,42.0,29.0,29.0,35.0,32.0,26.0,31.0,34.0,35.0,29.0
