10,50,1000
16.656042,18.898726,16.57843,19.710872,17.241571,17.773616,16.115934,18.585151,16.936289,19.216535
8.671003,9.372454,8.028308,8.337152,5.996083,9.979547,8.993681,5.330343,7.215897,8.649247
0.0,10.0,20.0,30.0,40.0,50.0,60.0,70.0,80.0,90.0
10.0,0.0,10.0,20.0,30.0,40.0,50.0,60.0,70.0,80.0
20.0,10.0,0.0,10.0,20.0,30.0,40.0,50.0,60.0,70.0
30.0,20.0,10.0,0.0,10.0,20.0,30.0,40.0,50.0,60.0
40.0,30.0,20.0,10.0,0.0,10.0,20.0,30.0,40.0,50.0
50.0,40.0,30.0,20.0,10.0,0.0,10.0,20.0,30.0,40.0
60.0,50.0,40.0,30.0,20.0,10.0,0.0,10.0,20.0,30.0
70.0,60.0,50.0,40.0,30.0,20.0,10.0,0.0,10.0,20.0
80.0,70.0,60.0,50.0,40.0,30.0,20.0,10.0,0.0,10.0
90.0,80.0,70.0,60.0,50.0,40.0,30.0,20.0,10.0,0.0
450.0,400.0,350.0,300.0,250.0,250.0,300.0,350.0,400.0,450.0
0.0,1.0,2.0,3.0,4.0,5.0,6.0,7.0,8.0,9.0
1.0,0.0,1.0,2.0,3.0,4.0,5.0,6.0,7.0,8.0
2.0,1.0,0.0,1.0,2.0,3.0,4.0,5.0,6.0,7.0
3.0,2.0,1.0,0.0,1.0,2.0,3.0,4.0,5.0,6.0
4.0,3.0,2.0,1.0,0.0,1.0,2.0,3.0,4.0,5.0
5.0,4.0,3.0,2.0,1.0,0.0,1.0,2.0,3.0,4.0
6.0,5.0,4.0,3.0,2.0,1.0,0.0,1.0,2.0,3.0
7.0,6.0,5.0,4.0,3.0,2.0,1.0,0.0,1.0,2.0
8.0,7.0,6.0,5.0,4.0,3.0,2.0,1.0,0.0,1.0
9.0,8.0,7.0,6.0,5.0,4.0,3.0,2.0,1.0,0.0
45.0,40.0,35.0,30.0,25.0,25.0,30.0,35.0,40.0,45.0
28.0,26.0,35.0,19.0,41.0,29.0,30.0,26.0,43.0,24.0,38.0,31.0,39.0,31.0,34.0,28.0,35.0,29.0,39.0,35.0,36.0,32.0,34.0,36.0,41.0,36.0,30.0,35.0,28.0,38.0,26.0,33.0,38.0,39.0,34.0,33.0,40.0,30.0,26.0,36.0,34.0,32.0,33.0,47.0,33.0,38.0,41.0,32.0,30.0,37.0
38.0,38.0,39.0,34.0,35.0,33.0,31.0,41.0,33.0,37.0,28.0,43.0,35.0,27.0,39.0,37.0,33.0,43.0,35.0,32.0,32.0,34.0,36.0,35.0,45.0,31.0,31.0,43.0,31.0,36.0,37.0,33.0,39.0,36.0,41.0,32.0,32.0,44.0,36.0,42.0,34.0,26.0,41.0,41.0,32.0,35.0,27.0,29.0,30.0,34.0
42.0,33.0,27.0,26.0,35.0,33.0,32.0,27.0,34.0,28.0,24.0,31.0,42.0,34.0,31.0,31.0,37.0,26.0,29.0,37.0,33.0,27.0,36.0,38.0,30.0,34.0,40.0,40.0,26.0,26.0,26.0,21.0,32.0,27.0,38.0,31.0,32.0,33.0,20.0,34.0,32.0,24.0,30.0,32.0,34.0,30.0,33.0,34.0,34.0,30.0
36.0,33.0,28.0,25.0,38.0,35.0,36.0,22.0,31.0,42.0,33.0,28.0,45.0,34.0,40.0,22.0,23.0,28.0,23.0,37.0,38.0,32.0,22.0,35.0,22.0,30.0,33.0,22.0,37.0,32.0,32.0,34.0,32.0,29.0,29.0,26.0,33.0,25.0,27.0,35.0,46.0,39.0,32.0,27.0,40.0,34.0,39.0,28.0,28.0,31.0
25.0,28.0,16.0,16.0,28.0,26.0,28.0,28.0,29.0,26.0,22.0,18.0,29.0,23.0,29.0,19.0,29.0,21.0,17.0,21.0,24.0,22.0,17.0,24.0,22.0,18.0,27.0,17.0,19.0,30.0,27.0,23.0,27.0,28.0,30.0,26.0,20.0,33.0,18.0,16.0,24.0,24.0,28.0,23.0,29.0,27.0,26.0,24.0,22.0,25.0
35.0,41.0,36.0,26.0,40.0,39.0,33.0,35.0,44.0,40.0,31.0,32.0,43.0,43.0,43.0,37.0,38.0,31.0,29.0,52.0,42.0,41.0,48.0,37.0,35.0,37.0,41.0,48.0,38.0,39.0,40.0,33.0,28.0,29.0,40.0,31.0,43.0,36.0,45.0,43.0,33.0,33.0,37.0,38.0,42.0,41.0,27.0,33.0,29.0,33.0
33.0,41.0,30.0,38.0,34.0,31.0,44.0,34.0,31.0,35.0,36.0,35.0,28.0,32.0,40.0,41.0,30.0,32.0,31.0,32.0,32.0,35.0,40.0,42.0,27.0,23.0,36.0,36.0,47.0,32.0,34.0,36.0,32.0,22.0,20.0,39.0,48.0,30.0,20.0,46.0,33.0,35.0,31.0,39.0,35.0,31.0,24.0,40.0,27.0,22.0
29.0,22.0,28.0,24.0,23.0,20.0,26.0,16.0,21.0,28.0,17.0,23.0,18.0,23.0,21.0,24.0,22.0,18.0,29.0,16.0,23.0,27.0,21.0,19.0,19.0,25.0,22.0,13.0,19.0,26.0,24.0,19.0,22.0,27.0,21.0,23.0,22.0,29.0,19.0,23.0,11.0,24.0,27.0,24.0,16.0,23.0,25.0,20.0,24.0,19.0
28.0,28.0,34.0,29.0,25.0,20.0,22.0,29.0,28.0,35.0,28.0,21.0,28.0,29.0,29.0,24.0,30.0,30.0,35.0,31.0,22.0,33.0,37.0,40.0,36.0,23.0,31.0,16.0,22.0,22.0,26.0,29.0,32.0,23.0,18.0,28.0,33.0,32.0,36.0,30.0,36.0,28.0,28.0,23.0,17.0,44.0,28.0,30.0,24.0,19.0
32.0,33.0,39.0,25.0,26.0,30.0,34.0,26.0,43.0,27.0,31.0,33.0,34.0,27.0,35.0,32.0,42.0,36.0,26.0,34.0,23.0,34.0,31.0,41.0,27.0,36.0,42.0,35.0,31.0,45.0,39.0,31.0,22.0,30.0,39.0,29.0,30.0,38.0,38.0,26.0,29.0,21.0,31.0,34.0,31.0,29.0,34.0,33.0,29.0,30.0
