10,50,1000
15.032335,16.524889,15.918541,19.719253,15.810736,15.151203,19.6463,19.161914,17.447747,17.105237
6.181042,8.69619,6.708587,5.164417,7.681709,8.970739,9.77505,8.913921,6.679771,5.224419
0.0,10.0,20.0,30.0,40.0,50.0,60.0,70.0,80.0,90.0
10.0,0.0,10.0,20.0,30.0,40.0,50.0,60.0,70.0,80.0
20.0,10.0,0.0,10.0,20.0,30.0,40.0,50.0,60.0,70.0
30.0,20.0,10.0,0.0,10.0,20.0,30.0,40.0,50.0,60.0
40.0,30.0,20.0,10.0,0.0,10.0,20.0,30.0,40.0,50.0
50.0,40.0,30.0,20.0,10.0,0.0,10.0,20.0,30.0,40.0
60.0,50.0,40.0,30.0,20.0,10.0,0.0,10.0,20.0,30.0
70.0,60.0,50.0,40.0,30.0,20.0,10.0,0.0,10.0,20.0
80.0,70.0,60.0,50.0,40.0,30.0,20.0,10.0,0.0,10.0
90.0,80.0,70.0,60.0,50.0,40.0,30.0,20.0,10.0,0.0
450.0,400.0,350.0,300.0,250.0,250.0,300.0,350.0,400.0,450.0
0.0,1.0,2.0,3.0,4.0,5.0,6.0,7.0,8.0,9.0
1.0,0.0,1.0,2.0,3.0,4.0,5.0,6.0,7.0,8.0
2.0,1.0,0.0,1.0,2.0,3.0,4.0,5.0,6.0,7.0
3.0,2.0,1.0,0.0,1.0,2.0,3.0,4.0,5.0,6.0
4.0,3.0,2.0,1.0,0.0,1.0,2.0,3.0,4.0,5.0
5.0,4.0,3.0,2.0,1.0,0.0,1.0,2.0,3.0,4.0
6.0,5.0,4.0,3.0,2.0,1.0,0.0,1.0,2.0,3.0
7.0,6.0,5.0,4.0,3.0,2.0,1.0,0.0,1.0,2.0
8.0,7.0,6.0,5.0,4.0,3.0,2.0,1.0,0.0,1.0
9.0,8.0,7.0,6.0,5.0,4.0,3.0,2.0,1.0,0.0
45.0,40.0,35.0,30.0,25.0,25.0,30.0,35.0,40.0,45.0
10.0,27.0,18.0,27.0,25.0,17.0,28.0,20.0,33.0,21.0,29.0,24.0,17.0,27.0,20.0,26.0,26.0,26.0,19.0,29.0,17.0,24.0,27.0,25.0,22.0,32.0,24.0,26.0,18.0,26.0,24.0,22.0,27.0,26.0,24.0,30.0,27.0,31.0,27.0,31.0,30.0,24.0,28.0,24.0,22.0,29.0,17.0,23.0,26.0,20.0
31.0,31.0,34.0,32.0,34.0,28.0,33.0,22.0,32.0,28.0,31.0,34.0,31.0,26.0,31.0,31.0,36.0,31.0,26.0,47.0,26.0,34.0,38.0,30.0,32.0,29.0,36.0,35.0,29.0,32.0,34.0,32.0,35.0,33.0,35.0,30.0,36.0,24.0,30.0,31.0,35.0,36.0,22.0,28.0,26.0,27.0,28.0,35.0,28.0,47.0
36.0,26.0,23.0,31.0,22.0,14.0,31.0,31.0,23.0,29.0,22.0,31.0,26.0,25.0,23.0,21.0,20.0,27.0,31.0,23.0,25.0,21.0,24.0,29.0,29.0,35.0,30.0,32.0,22.0,20.0,31.0,28.0,27.0,18.0,28.0,15.0,24.0,23.0,20.0,37.0,27.0,20.0,30.0,26.0,26.0,24.0,30.0,30.0,34.0,19.0
27.0,26.0,19.0,20.0,28.0,19.0,26.0,21.0,21.0,23.0,16.0,24.0,17.0,19.0,23.0,25.0,17.0,20.0,16.0,25.0,31.0,16.0,31.0,28.0,21.0,20.0,22.0,18.0,22.0,21.0,29.0,23.0,34.0,25.0,19.0,20.0,24.0,29.0,12.0,31.0,19.0,19.0,24.0,21.0,18.0,14.0,18.0,15.0,30.0,16.0
42.0,28.0,29.0,30.0,32.0,26.0,29.0,29.0,30.0,22.0,33.0,41.0,33.0,35.0,30.0,30.0,37.0,28.0,35.0,25.0,23.0,27.0,25.0,28.0,21.0,22.0,30.0,44.0,25.0,29.0,30.0,23.0,32.0,24.0,26.0,24.0,38.0,30.0,33.0,37.0,27.0,38.0,31.0,24.0,36.0,27.0,25.0,35.0,24.0,22.0
38.0,38.0,40.0,40.0,38.0,31.0,39.0,32.0,36.0,22.0,40.0,32.0,35.0,25.0,30.0,41.0,34.0,39.0,33.0,26.0,38.0,31.0,24.0,39.0,33.0,40.0,33.0,38.0,40.0,30.0,33.0,34.0,35.0,32.0,29.0,32.0,35.0,32.0,38.0,27.0,22.0,28.0,33.0,40.0,28.0,26.0,26.0,33.0,35.0,30.0
38.0,37.0,51.0,47.0,33.0,38.0,27.0,39.0,42.0,40.0,32.0,38.0,37.0,45.0,22.0,42.0,51.0,42.0,36.0,28.0,34.0,43.0,44.0,43.0,36.0,41.0,41.0,26.0,27.0,33.0,38.0,57.0,35.0,35.0,44.0,38.0,32.0,36.0,38.0,45.0,41.0,33.0,38.0,44.0,37.0,37.0,34.0,34.0,35.0,44.0
28.0,35.0,31.0,34.0,51.0,30.0,26.0,38.0,33.0,39.0,25.0,36.0,38.0,30.0,33.0,39.0,35.0,34.0,32.0,22.0,50.0,26.0,31.0,36.0,21.0,38.0,32.0,33.0,30.0,31.0,35.0,45.0,39.0,34.0,26.0,37.0,48.0,47.0,42.0,27.0,33.0,33.0,31.0,32.0,31.0,35.0,35.0,37.0,24.0,28.0
35.0,30.0,22.0,22.0,26.0,21.0,31.0,34.0,20.0,29.0,20.0,24.0,23.0,28.0,31.0,23.0,24.0,28.0,22.0,17.0,26.0,21.0,21.0,30.0,26.0,25.0,27.0,26.0,27.0,26.0,27.0,31.0,26.0,28.0,24.0,29.0,19.0,30.0,26.0,30.0,34.0,26.0,30.0,29.0,27.0,28.0,23.0,30.0,36.0,32.0
20.0,20.0,18.0,19.0,12.0,25.0,24.0,18.0,21.0,13.0,24.0,23.0,27.0,25.0,25.0,23.0,19.0,23.0,14.0,29.0,12.0,21.0,10.0,22.0,19.0,22.0,18.0,26.0,23.0,14.0,26.0,22.0,15.0,16.0,14.0,20.0,26.0,27.0,30.0,15.0,21.0,17.0,23.0,16.0,17.0,25.0,21.0,24.0,24.0,13.0
