10,50,1000
18.578759,15.21925,17.614177,18.307612,16.641908,18.472859,15.5397,16.161309,15.057719,19.690069
5.87019,7.980011,7.593718,9.875302,6.517334,5.052196,6.531201,8.669784,7.555541,9.389865
0.0,10.0,20.0,30.0,40.0,50.0,60.0,70.0,80.0,90.0
10.0,0.0,10.0,20.0,30.0,40.0,50.0,60.0,70.0,80.0
20.0,10.0,0.0,10.0,20.0,30.0,40.0,50.0,60.0,70.0
30.0,20.0,10.0,0.0,10.0,20.0,30.0,40.0,50.0,60.0
40.0,30.0,20.0,10.0,0.0,10.0,20.0,30.0,40.0,50.0
50.0,40.0,30.0,20.0,10.0,0.0,10.0,20.0,30.0,40.0
60.0,50.0,40.0,30.0,20.0,10.0,0.0,10.0,20.0,30.0
70.0,60.0,50.0,40.0,30.0,20.0,10.0,0.0,10.0,20.0
80.0,70.0,60.0,50.0,40.0,30.0,20.0,10.0,0.0,10.0
90.0,80.0,70.0,60.0,50.0,40.0,30.0,20.0,10.0,0.0
450.0,400.0,350.0,300.0,250.0,250.0,300.0,350.0,400.0,450.0
0.0,1.0,2.0,3.0,4.0,5.0,6.0,7.0,8.0,9.0
1.0,0.0,1.0,2.0,3.0,4.0,5.0,6.0,7.0,8.0
2.0,1.0,0.0,1.0,2.0,3.0,4.0,5.0,6.0,7.0
3.0,2.0,1.0,0.0,1.0,2.0,3.0,4.0,5.0,6.0
4.0,3.0,2.0,1.0,0.0,1.0,2.0,3.0,4.0,5.0
5.0,4.0,3.0,2.0,1.0,0.0,1.0,2.0,3.0,4.0
6.0,5.0,4.0,3.0,2.0,1.0,0.0,1.0,2.0,3.0
7.0,6.0,5.0,4.0,3.0,2.0,1.0,0.0,1.0,2.0
8.0,7.0,6.0,5.0,4.0,3.0,2.0,1.0,0.0,1.0
9.0,8.0,7.0,6.0,5.0,4.0,3.0,2.0,1.0,0.0
45.0,40.0,35.0,30.0,25.0,25.0,30.0,35.0,40.0,45.0
20.0,26.0,33.0,24.0,34.0,23.0,25.0,20.0,19.0,21.0,23.0,20.0,21.0,31.0,24.0,25.0,28.0,25.0,27.0,26.0,21.0,19.0,25.0,24.0,26.0,16.0,22.0,26.0,28.0,29.0,27.0,22.0,22.0,25.0,22.0,27.0,30.0,24.0,24.0,28.0,21.0,25.0,18.0,21.0,19.0,21.0,29.0,25.0,23.0,25.0
40.0,40.0,52.0,38.0,34.0,35.0,34.0,34.0,33.0,37.0,37.0,30.0,32.0,31.0,29.0,28.0,33.0,34.0,18.0,26.0,36.0,26.0,25.0,27.0,28.0,25.0,35.0,26.0,25.0,28.0,33.0,31.0,27.0,25.0,40.0,26.0,29.0,31.0,23.0,36.0,40.0,30.0,17.0,20.0,34.0,35.0,33.0,24.0,32.0,29.0
33.0,22.0,42.0,24.0,30.0,39.0,21.0,19.0,24.0,35.0,19.0,25.0,27.0,34.0,29.0,34.0,23.0,26.0,27.0,36.0,27.0,21.0,32.0,22.0,32.0,23.0,22.0,32.0,33.0,38.0,31.0,36.0,33.0,26.0,30.0,34.0,23.0,39.0,32.0,27.0,30.0,34.0,30.0,21.0,29.0,35.0,34.0,22.0,24.0,23.0
41.0,36.0,41.0,38.0,33.0,28.0,42.0,44.0,35.0,35.0,36.0,42.0,41.0,36.0,39.0,45.0,35.0,34.0,39.0,33.0,50.0,34.0,40.0,22.0,33.0,38.0,21.0,27.0,29.0,39.0,41.0,40.0,42.0,47.0,46.0,46.0,38.0,41.0,57.0,31.0,29.0,30.0,32.0,39.0,32.0,35.0,48.0,40.0,30.0,36.0
34.0,28.0,24.0,26.0,21.0,24.0,28.0,34.0,26.0,26.0,19.0,14.0,38.0,32.0,30.0,24.0,26.0,30.0,29.0,16.0,33.0,11.0,21.0,24.0,28.0,34.0,32.0,23.0,26.0,27.0,20.0,20.0,28.0,21.0,23.0,23.0,30.0,26.0,29.0,33.0,23.0,22.0,28.0,25.0,31.0,24.0,18.0,40.0,27.0,24.0
22.0,19.0,19.0,20.0,21.0,25.0,19.0,23.0,18.0,28.0,27.0,17.0,22.0,16.0,17.0,28.0,25.0,26.0,20.0,23.0,19.0,16.0,23.0,24.0,21.0,19.0,23.0,17.0,24.0,15.0,22.0,19.0,32.0,21.0,15.0,19.0,25.0,22.0,24.0,20.0,14.0,20.0,20.0,20.0,26.0,11.0,21.0,17.0,29.0,21.0
26.0,17.0,19.0,23.0,25.0,20.0,20.0,31.0,23.0,21.0,38.0,26.0,32.0,20.0,24.0,24.0,20.0,35.0,33.0,25.0,21.0,26.0,24.0,35.0,31.0,22.0,20.0,24.0,31.0,28.0,22.0,22.0,33.0,28.0,21.0,22.0,21.0,31.0,22.0,23.0,26.0,17.0,29.0,19.0,26.0,29.0,26.0,27.0,26.0,20.0
38.0,30.0,24.0,49.0,31.0,29.0,29.0,30.0,29.0,32.0,29.0,33.0,37.0,25.0,30.0,26.0,30.0,39.0,35.0,31.0,22.0,27.0,32.0,31.0,27.0,33.0,32.0,26.0,34.0,33.0,29.0,31.0,31.0,31.0,26.0,21.0,33.0,35.0,37.0,35.0,39.0,27.0,34.0,37.0,33.0,26.0,29.0,29.0,32.0,41.0
30.0,27.0,33.0,32.0,35.0,25.0,33.0,24.0,20.0,29.0,27.0,30.0,23.0,29.0,32.0,28.0,29.0,32.0,29.0,27.0,24.0,27.0,33.0,32.0,23.0,21.0,32.0,19.0,25.0,28.0,16.0,28.0,27.0,42.0,22.0,26.0,31.0,23.0,35.0,24.0,39.0,26.0,37.0,32.0,29.0,23.0,20.0,25.0,27.0,23.0
38.0,29.0,36.0,42.0,28.0,42.0,37.0,37.0,35.0,32.0,34.0,37.0,39.0,27.0,29.0,28.0,35.0,46.0,36.0,23.0,42.0,28.0,31.0,36.0,40.0,40.0,32.0,42.0,29.0,38.0,52.0,39.0,40.0,31.0,31.0,33.0,23.0,33.0,32.0,38.0,42.0,30.0,32.0,26.0,31.0,32.0,43.0,32.0,31.0,31.0
