10,50,1000
15.716031,17.68342,19.00511,19.997319,16.476949,15.543029,17.666444,19.804908,16.965025,19.534105
9.598235,7.699028,8.146469,9.614621,7.236285,9.213059,8.117293,6.959784,7.301219,6.75767
0.0,10.0,20.0,30.0,40.0,50.0,60.0,70.0,80.0,90.0
10.0,0.0,10.0,20.0,30.0,40.0,50.0,60.0,70.0,80.0
20.0,10.0,0.0,10.0,20.0,30.0,40.0,50.0,60.0,70.0
30.0,20.0,10.0,0.0,10.0,20.0,30.0,40.0,50.0,60.0
40.0,30.0,20.0,10.0,0.0,10.0,20.0,30.0,40.0,50.0
50.0,40.0,30.0,20.0,10.0,0.0,10.0,20.0,30.0,40.0
60.0,50.0,40.0,30.0,20.0,10.0,0.0,10.0,20.0,30.0
70.0,60.0,50.0,40.0,30.0,20.0,10.0,0.0,10.0,20.0
80.0,70.0,60.0,50.0,40.0,30.0,20.0,10.0,0.0,10.0
90.0,80.0,70.0,60.0,50.0,40.0,30.0,20.0,10.0,0.0
450.0,400.0,350.0,300.0,250.0,250.0,300.0,350.0,400.0,450.0
0.0,1.0,2.0,3.0,4.0,5.0,6.0,7.0,8.0,9.0
1.0,0.0,1.0,2.0,3.0,4.0,5.0,6.0,7.0,8.0
2.0,1.0,0.0,1.0,2.0,3.0,4.0,5.0,6.0,7.0
3.0,2.0,1.0,0.0,1.0,2.0,3.0,4.0,5.0,6.0
4.0,3.0,2.0,1.0,0.0,1.0,2.0,3.0,4.0,5.0
5.0,4.0,3.0,2.0,1.0,0.0,1.0,2.0,3.0,4.0
6.0,5.0,4.0,3.0,2.0,1.0,0.0,1.0,2.0,3.0
7.0,6.0,5.0,4.0,3.0,2.0,1.0,0.0,1.0,2.0
8.0,7.0,6.0,5.0,4.0,3.0,2.0,1.0,0.0,1.0
9.0,8.0,7.0,6.0,5.0,4.0,3.0,2.0,1.0,0.0
45.0,40.0,35.0,30.0,25.0,25.0,30.0,35.0,40.0,45.0
30.0,28.0,34.0,32.0,34.0,32.0,39.0,38.0,41.0,28.0,26.0,36.0,41.0,42.0,42.0,33.0,29.0,27.0,25.0,33.0,31.0,44.0,24.0,36.0,41.0,32.0,30.0,44.0,30.0,23.0,37.0,34.0,32.0,29.0,37.0,36.0,31.0,44.0,24.0,42.0,35.0,43.0,39.0,28.0,35.0,34.0,45.0,35.0,34.0,25.0
37.0,31.0,35.0,29.0,22.0,26.0,21.0,30.0,27.0,34.0,24.0,26.0,27.0,30.0,24.0,32.0,31.0,25.0,36.0,28.0,31.0,27.0,30.0,22.0,30.0,26.0,25.0,35.0,22.0,22.0,28.0,33.0,34.0,34.0,39.0,27.0,30.0,32.0,33.0,47.0,30.0,36.0,34.0,38.0,33.0,38.0,29.0,31.0,24.0,33.0
37.0,26.0,25.0,42.0,22.0,26.0,21.0,28.0,25.0,39.0,34.0,37.0,29.0,35.0,30.0,22.0,22.0,27.0,29.0,21.0,36.0,22.0,30.0,33.0,40.0,43.0,31.0,28.0,20.0,28.0,27.0,34.0,35.0,40.0,46.0,27.0,38.0,41.0,36.0,25.0,22.0,26.0,23.0,44.0,28.0,33.0,26.0,24.0,28.0,35.0
36.0,39.0,42.0,35.0,22.0,37.0,23.0,37.0,24.0,38.0,38.0,44.0,36.0,32.0,38.0,45.0,30.0,39.0,37.0,38.0,37.0,22.0,36.0,39.0,36.0,38.0,29.0,43.0,42.0,44.0,35.0,40.0,39.0,36.0,21.0,37.0,38.0,38.0,34.0,33.0,28.0,39.0,38.0,29.0,34.0,39.0,39.0,36.0,32.0,24.0
26.0,34.0,24.0,44.0,23.0,31.0,25.0,31.0,36.0,27.0,33.0,27.0,23.0,31.0,34.0,27.0,27.0,27.0,25.0,20.0,17.0,18.0,26.0,29.0,24.0,32.0,28.0,30.0,34.0,24.0,31.0,33.0,25.0,30.0,37.0,20.0,18.0,29.0,27.0,31.0,23.0,25.0,32.0,24.0,26.0,33.0,25.0,22.0,25.0,24.0
35.0,34.0,35.0,28.0,33.0,27.0,36.0,47.0,32.0,24.0,32.0,33.0,36.0,28.0,36.0,33.0,37.0,35.0,33.0,43.0,33.0,33.0,34.0,43.0,26.0,31.0,38.0,40.0,37.0,32.0,36.0,36.0,25.0,32.0,27.0,32.0,30.0,42.0,37.0,34.0,29.0,41.0,42.0,37.0,36.0,37.0,28.0,44.0,38.0,37.0
31.0,29.0,25.0,28.0,33.0,25.0,37.0,26.0,27.0,32.0,26.0,30.0,33.0,34.0,33.0,32.0,22.0,33.0,32.0,30.0,26.0,28.0,29.0,23.0,39.0,28.0,22.0,34.0,39.0,23.0,29.0,36.0,35.0,24.0,24.0,34.0,25.0,26.0,35.0,40.0,27.0,29.0,44.0,41.0,36.0,28.0,30.0,34.0,18.0,28.0
35.0,26.0,31.0,25.0,28.0,22.0,27.0,18.0,38.0,42.0,23.0,28.0,24.0,31.0,30.0,29.0,15.0,24.0,22.0,35.0,26.0,36.0,29.0,45.0,30.0,20.0,31.0,26.0,29.0,22.0,17.0,32.0,25.0,28.0,28.0,37.0,33.0,18.0,29.0,22.0,28.0,28.0,31.0,31.0,32.0,23.0,18.0,28.0,21.0,29.0
34.0,38.0,29.0,22.0,21.0,14.0,29.0,30.0,22.0,27.0,35.0,25.0,32.0,27.0,22.0,27.0,27.0,28.0,30.0,23.0,24.0,28.0,29.0,31.0,27.0,29.0,20.0,23.0,31.0,32.0,26.0,31.0,25.0,34.0,28.0,30.0,30.0,28.0,29.0,27.0,27.0,37.0,37.0,28.0,20.0,35.0,32.0,21.0,27.0,24.0
27.0,22.0,25.0,29.0,36.0,28.0,22.0,20.0,25.0,22.0,23.0,29.0,15.0,27.0,27.0,22.0,33.0,29.0,36.0,20.0,25.0,25.0,25.0,25.0,31.0,31.0,24.0,24.0,26.0,29.0,27.0,20.0,26.0,22.0,26.0,28.0,32.0,38.0,26.0,35.0,30.0,22.0,28.0,25.0,18.0,27.0,21.0,30.0,29.0,32.0
