10,50,1000
15.136173,16.281072,17.029233,15.428916,18.811506,15.843565,15.153078,18.488642,18.161957,19.732031
5.561539,7.205234,7.420326,9.981345,7.472503,7.416067,5.591573,8.462172,7.044387,5.782966
0.0,10.0,20.0,30.0,40.0,50.0,60.0,70.0,80.0,90.0
10.0,0.0,10.0,20.0,30.0,40.0,50.0,60.0,70.0,80.0
20.0,10.0,0.0,10.0,20.0,30.0,40.0,50.0,60.0,70.0
30.0,20.0,10.0,0.0,10.0,20.0,30.0,40.0,50.0,60.0
40.0,30.0,20.0,10.0,0.0,10.0,20.0,30.0,40.0,50.0
50.0,40.0,30.0,20.0,10.0,0.0,10.0,20.0,30.0,40.0
60.0,50.0,40.0,30.0,20.0,10.0,0.0,10.0,20.0,30.0
70.0,60.0,50.0,40.0,30.0,20.0,10.0,0.0,10.0,20.0
80.0,70.0,60.0,50.0,40.0,30.0,20.0,10.0,0.0,10.0
90.0,80.0,70.0,60.0,50.0,40.0,30.0,20.0,10.0,0.0
450.0,400.0,350.0,300.0,250.0,250.0,300.0,350.0,400.0,450.0
0.0,1.0,2.0,3.0,4.0,5.0,6.0,7.0,8.0,9.0
1.0,0.0,1.0,2.0,3.0,4.0,5.0,6.0,7.0,8.0
2.0,1.0,0.0,1.0,2.0,3.0,4.0,5.0,6.0,7.0
3.0,2.0,1.0,0.0,1.0,2.0,3.0,4.0,5.0,6.0
4.0,3.0,2.0,1.0,0.0,1.0,2.0,3.0,4.0,5.0
5.0,4.0,3.0,2.0,1.0,0.0,1.0,2.0,3.0,4.0
6.0,5.0,4.0,3.0,2.0,1.0,0.0,1.0,2.0,3.0
7.0,6.0,5.0,4.0,3.0,2.0,1.0,0.0,1.0,2.0
8.0,7.0,6.0,5.0,4.0,3.0,2.0,1.0,0.0,1.0
9.0,8.0,7.0,6.0,5.0,4.0,3.0,2.0,1.0,0.0
45.0,40.0,35.0,30.0,25.0,25.0,30.0,35.0,40.0,45.0
27.0,23.0,30.0,21.0,20.0,20.0,14.0,19.0,16.0,18.0,28.0,19.0,14.0,31.0,22.0,21.0,29.0,23.0,18.0,21.0,17.0,20.0,19.0,19.0,19.0,21.0,24.0,26.0,23.0,16.0,16.0,14.0,19.0,25.0,21.0,17.0,19.0,25.0,23.0,31.0,29.0,18.0,26.0,28.0,25.0,22.0,18.0,25.0,26.0,22.0
33.0,29.0,26.0,27.0,34.0,28.0,22.0,26.0,31.0,27.0,23.0,27.0,33.0,27.0,27.0,29.0,38.0,29.0,26.0,23.0,27.0,25.0,23.0,29.0,37.0,21.0,25.0,26.0,35.0,30.0,28.0,25.0,34.0,25.0,23.0,26.0,22.0,29.0,26.0,27.0,27.0,27.0,23.0,24.0,29.0,18.0,23.0,26.0,30.0,33.0
34.0,32.0,17.0,20.0,40.0,22.0,26.0,25.0,26.0,24.0,22.0,25.0,19.0,23.0,27.0,26.0,23.0,33.0,28.0,26.0,25.0,24.0,20.0,21.0,30.0,23.0,22.0,29.0,19.0,29.0,38.0,26.0,27.0,23.0,33.0,28.0,37.0,29.0,28.0,17.0,35.0,21.0,27.0,34.0,29.0,22.0,25.0,23.0,23.0,24.0
33.0,36.0,40.0,32.0,34.0,36.0,24.0,30.0,49.0,47.0,41.0,38.0,37.0,41.0,35.0,31.0,42.0,38.0,42.0,31.0,22.0,30.0,26.0,36.0,32.0,27.0,37.0,36.0,33.0,40.0,32.0,30.0,52.0,47.0,34.0,34.0,35.0,30.0,36.0,45.0,36.0,40.0,31.0,32.0,30.0,28.0,44.0,33.0,28.0,44.0
31.0,36.0,30.0,19.0,32.0,30.0,34.0,31.0,22.0,26.0,41.0,37.0,30.0,20.0,33.0,29.0,25.0,34.0,34.0,32.0,24.0,29.0,31.0,32.0,22.0,25.0,25.0,30.0,24.0,18.0,21.0,26.0,25.0,31.0,35.0,28.0,23.0,27.0,26.0,35.0,28.0,32.0,31.0,34.0,19.0,33.0,33.0,24.0,29.0,25.0
30.0,29.0,33.0,16.0,32.0,23.0,27.0,23.0,30.0,23.0,22.0,33.0,33.0,23.0,29.0,28.0,35.0,37.0,23.0,33.0,27.0,26.0,30.0,26.0,23.0,31.0,31.0,25.0,25.0,29.0,31.0,20.0,29.0,27.0,32.0,30.0,32.0,36.0,26.0,22.0,25.0,27.0,27.0,37.0,28.0,26.0,23.0,26.0,27.0,26.0
22.0,20.0,22.0,21.0,30.0,18.0,23.0,22.0,25.0,22.0,32.0,20.0,25.0,15.0,21.0,18.0,25.0,27.0,21.0,24.0,24.0,22.0,25.0,21.0,26.0,25.0,26.0,23.0,26.0,19.0,24.0,25.0,27.0,23.0,17.0,18.0,21.0,21.0,23.0,24.0,24.0,22.0,26.0,29.0,20.0,24.0,17.0,31.0,26.0,17.0
30.0,27.0,33.0,41.0,31.0,27.0,32.0,35.0,37.0,29.0,25.0,28.0,27.0,37.0,37.0,37.0,26.0,33.0,29.0,37.0,31.0,30.0,37.0,31.0,27.0,32.0,35.0,28.0,24.0,37.0,42.0,31.0,33.0,34.0,31.0,25.0,34.0,30.0,41.0,34.0,34.0,33.0,37.0,29.0,31.0,38.0,33.0,36.0,22.0,19.0
32.0,27.0,25.0,25.0,28.0,30.0,24.0,24.0,29.0,29.0,28.0,28.0,30.0,29.0,31.0,24.0,25.0,27.0,23.0,20.0,27.0,22.0,28.0,35.0,23.0,22.0,27.0,34.0,33.0,29.0,27.0,42.0,25.0,33.0,27.0,22.0,26.0,35.0,29.0,26.0,32.0,27.0,29.0,28.0,39.0,25.0,23.0,30.0,31.0,28.0
26.0,23.0,29.0,14.0,19.0,39.0,25.0,20.0,28.0,30.0,19.0,24.0,23.0,28.0,18.0,27.0,18.0,26.0,38.0,29.0,24.0,18.0,19.0,23.0,18.0,11.0,30.0,25.0,21.0,37.0,23.0,25.0,20.0,19.0,25.0,25.0,24.0,31.0,28.0,26.0,27.0,31.0,24.0,23.0,19.0,20.0,25.0,24.0,24.0,23.0
