10,50,1000
16.56906,17.671097,16.493584,19.539151,19.481511,16.65869,19.598551,17.921141,16.672435,15.687698
9.49167,9.421374,7.572897,6.704492,5.921104,8.332697,5.088804,8.64112,7.509937,8.439991
0.0,10.0,20.0,30.0,40.0,50.0,60.0,70.0,80.0,90.0
10.0,0.0,10.0,20.0,30.0,40.0,50.0,60.0,70.0,80.0
20.0,10.0,0.0,10.0,20.0,30.0,40.0,50.0,60.0,70.0
30.0,20.0,10.0,0.0,10.0,20.0,30.0,40.0,50.0,60.0
40.0,30.0,20.0,10.0,0.0,10.0,20.0,30.0,40.0,50.0
50.0,40.0,30.0,20.0,10.0,0.0,10.0,20.0,30.0,40.0
60.0,50.0,40.0,30.0,20.0,10.0,0.0,10.0,20.0,30.0
70.0,60.0,50.0,40.0,30.0,20.0,10.0,0.0,10.0,20.0
80.0,70.0,60.0,50.0,40.0,30.0,20.0,10.0,0.0,10.0
90.0,80.0,70.0,60.0,50.0,40.0,30.0,20.0,10.0,0.0
450.0,400.0,350.0,300.0,250.0,250.0,300.0,350.0,400.0,450.0
0.0,1.0,2.0,3.0,4.0,5.0,6.0,7.0,8.0,9.0
1.0,0.0,1.0,2.0,3.0,4.0,5.0,6.0,7.0,8.0
2.0,1.0,0.0,1.0,2.0,3.0,4.0,5.0,6.0,7.0
3.0,2.0,1.0,0.0,1.0,2.0,3.0,4.0,5.0,6.0
4.0,3.0,2.0,1.0,0.0,1.0,2.0,3.0,4.0,5.0
5.0,4.0,3.0,2.0,1.0,0.0,1.0,2.0,3.0,4.0
6.0,5.0,4.0,3.0,2.0,1.0,0.0,1.0,2.0,3.0
7.0,6.0,5.0,4.0,3.0,2.0,1.0,0.0,1.0,2.0
8.0,7.0,6.0,5.0,4.0,3.0,2.0,1.0,0.0,1.0
9.0,8.0,7.0,6.0,5.0,4.0,3.0,2.0,1.0,0.0
45.0,40.0,35.0,30.0,25.0,25.0,30.0,35.0,40.0,45.0
34.0,28.0,37.0,35.0,25.0,32.0,44.0,31.0,39.0,34.0,37.0,39.0,26.0,25.0,27.0,37.0,52.0,36.0,41.0,27.0,23.0,36.0,30.0,39.0,30.0,41.0,31.0,36.0,31.0,41.0,30.0,33.0,31.0,29.0,34.0,33.0,34.0,40.0,36.0,34.0,23.0,35.0,41.0,38.0,40.0,33.0,38.0,31.0,28.0,31.0
41.0,32.0,38.0,32.0,38.0,32.0,34.0,39.0,36.0,36.0,22.0,30.0,33.0,30.0,38.0,38.0,31.0,34.0,44.0,33.0,31.0,37.0,39.0,27.0,30.0,32.0,30.0,47.0,29.0,30.0,40.0,30.0,28.0,51.0,37.0,30.0,35.0,43.0,37.0,29.0,41.0,43.0,26.0,27.0,43.0,28.0,34.0,31.0,36.0,37.0
28.0,30.0,33.0,40.0,26.0,29.0,29.0,24.0,31.0,36.0,32.0,21.0,26.0,33.0,26.0,36.0,31.0,31.0,23.0,33.0,31.0,41.0,34.0,30.0,29.0,37.0,27.0,32.0,34.0,30.0,36.0,32.0,28.0,36.0,27.0,32.0,31.0,35.0,35.0,33.0,26.0,35.0,20.0,33.0,26.0,34.0,24.0,31.0,26.0,26.0
28.0,33.0,36.0,32.0,28.0,28.0,23.0,31.0,24.0,22.0,31.0,11.0,17.0,35.0,30.0,22.0,33.0,17.0,30.0,29.0,34.0,21.0,24.0,26.0,20.0,28.0,31.0,27.0,38.0,27.0,26.0,34.0,28.0,28.0,33.0,32.0,22.0,25.0,22.0,25.0,20.0,17.0,17.0,14.0,35.0,33.0,33.0,30.0,21.0,27.0
31.0,29.0,25.0,23.0,27.0,19.0,20.0,23.0,18.0,21.0,20.0,20.0,29.0,24.0,24.0,27.0,19.0,26.0,20.0,30.0,27.0,22.0,22.0,21.0,28.0,28.0,27.0,27.0,31.0,25.0,25.0,26.0,24.0,21.0,22.0,26.0,26.0,24.0,18.0,20.0,24.0,27.0,29.0,25.0,28.0,24.0,25.0,29.0,32.0,24.0
34.0,27.0,32.0,24.0,31.0,33.0,35.0,30.0,27.0,28.0,36.0,23.0,44.0,35.0,30.0,34.0,28.0,29.0,44.0,33.0,28.0,39.0,28.0,19.0,31.0,23.0,38.0,34.0,27.0,35.0,37.0,29.0,23.0,27.0,25.0,30.0,33.0,21.0,31.0,27.0,38.0,21.0,35.0,33.0,21.0,35.0,30.0,29.0,27.0,28.0
19.0,19.0,31.0,21.0,24.0,18.0,21.0,22.0,20.0,21.0,26.0,22.0,19.0,24.0,23.0,22.0,26.0,20.0,25.0,24.0,23.0,21.0,17.0,26.0,24.0,14.0,17.0,29.0,23.0,26.0,22.0,25.0,25.0,20.0,14.0,24.0,18.0,28.0,27.0,24.0,25.0,20.0,16.0,32.0,31.0,20.0,23.0,26.0,20.0,18.0
27.0,31.0,37.0,39.0,32.0,30.0,38.0,32.0,34.0,32.0,44.0,28.0,46.0,27.0,31.0,23.0,35.0,26.0,33.0,39.0,32.0,29.0,35.0,35.0,35.0,35.0,32.0,43.0,29.0,37.0,37.0,28.0,31.0,26.0,30.0,41.0,32.0,37.0,30.0,34.0,35.0,19.0,34.0,27.0,40.0,37.0,29.0,35.0,27.0,39.0
32.0,30.0,26.0,26.0,23.0,43.0,33.0,23.0,27.0,36.0,35.0,35.0,36.0,31.0,22.0,24.0,29.0,36.0,33.0,20.0,19.0,32.0,40.0,23.0,30.0,23.0,41.0,33.0,27.0,32.0,26.0,28.0,41.0,43.0,25.0,25.0,27.0,27.0,38.0,18.0,27.0,26.0,32.0,31.0,23.0,34.0,34.0,31.0,36.0,26.0
40.0,30.0,31.0,21.0,38.0,34.0,26.0,36.0,46.0,34.0,33.0,35.0,31.0,26.0,26.0,36.0,32.0,36.0,34.0,32.0,33.0,35.0,33.0,35.0,40.0,29.0,37.0,37.0,34.0,29.0,32.0,31.0,29.0,22.0,29.0,24.0,35.0,37.0,28.0,21.0,42.0,29.0,35.0,32.0,29.0,27.0,31.0,27.0,33.0,25.0
