10,50,1000
17.578107,16.058672,18.644262,19.84968,15.363644,18.148727,16.627072,15.529798,15.203552,17.838825
9.67765,6.146922,5.721163,7.220703,7.1554,5.723275,5.447368,9.336045,6.31671,8.397033
0.0,10.0,20.0,30.0,40.0,50.0,60.0,70.0,80.0,90.0
10.0,0.0,10.0,20.0,30.0,40.0,50.0,60.0,70.0,80.0
20.0,10.0,0.0,10.0,20.0,30.0,40.0,50.0,60.0,70.0
30.0,20.0,10.0,0.0,10.0,20.0,30.0,40.0,50.0,60.0
40.0,30.0,20.0,10.0,0.0,10.0,20.0,30.0,40.0,50.0
50.0,40.0,30.0,20.0,10.0,0.0,10.0,20.0,30.0,40.0
60.0,50.0,40.0,30.0,20.0,10.0,0.0,10.0,20.0,30.0
70.0,60.0,50.0,40.0,30.0,20.0,10.0,0.0,10.0,20.0
80.0,70.0,60.0,50.0,40.0,30.0,20.0,10.0,0.0,10.0
90.0,80.0,70.0,60.0,50.0,40.0,30.0,20.0,10.0,0.0
450.0,400.0,350.0,300.0,250.0,250.0,300.0,350.0,400.0,450.0
0.0,1.0,2.0,3.0,4.0,5.0,6.0,7.0,8.0,9.0
1.0,0.0,1.0,2.0,3.0,4.0,5.0,6.0,7.0,8.0
2.0,1.0,0.0,1.0,2.0,3.0,4.0,5.0,6.0,7.0
3.0,2.0,1.0,0.0,1.0,2.0,3.0,4.0,5.0,6.0
4.0,3.0,2.0,1.0,0.0,1.0,2.0,3.0,4.0,5.0
5.0,4.0,3.0,2.0,1.0,0.0,1.0,2.0,3.0,4.0
6.0,5.0,4.0,3.0,2.0,1.0,0.0,1.0,2.0,3.0
7.0,6.0,5.0,4.0,3.0,2.0,1.0,0.0,1.0,2.0
8.0,7.0,6.0,5.0,4.0,3.0,2.0,1.0,0.0,1.0
9.0,8.0,7.0,6.0,5.0,4.0,3.0,2.0,1.0,0.0
45.0,40.0,35.0,30.0,25.0,25.0,30.0,35.0,40.0,45.0
33.0,32.0,36.0,32.0,32.0,36.0,40.0,29.0,32.0,44.0,46.0,39.0,24.0,41.0,43.0,34.0,47.0,45.0,55.0,45.0,47.0,39.0,44.0,38.0,34.0,32.0,35.0,29.0,29.0,50.0,31.0,38.0,37.0,38.0,32.0,32.0,40.0,35.0,42.0,51.0,29.0,31.0,33.0,26.0,42.0,34.0,39.0,25.0,32.0,24.0
25.0,19.0,29.0,19.0,32.0,33.0,24.0,28.0,25.0,26.0,25.0,31.0,15.0,23.0,25.0,32.0,20.0,23.0,36.0,23.0,31.0,24.0,19.0,30.0,16.0,28.0,22.0,27.0,27.0,23.0,21.0,24.0,14.0,35.0,26.0,28.0,24.0,27.0,27.0,27.0,25.0,21.0,24.0,31.0,26.0,22.0,23.0,27.0,22.0,24.0
22.0,20.0,24.0,29.0,34.0,20.0,19.0,17.0,21.0,20.0,20.0,26.0,24.0,17.0,20.0,17.0,28.0,31.0,30.0,20.0,16.0,15.0,25.0,27.0,24.0,18.0,21.0,19.0,23.0,22.0,25.0,36.0,25.0,14.0,20.0,27.0,25.0,29.0,30.0,19.0,25.0,20.0,20.0,24.0,25.0,28.0,27.0,21.0,19.0,22.0
34.0,31.0,26.0,27.0,30.0,22.0,37.0,30.0,40.0,31.0,28.0,38.0,31.0,30.0,36.0,36.0,31.0,27.0,29.0,36.0,28.0,29.0,23.0,25.0,31.0,25.0,24.0,32.0,28.0,30.0,31.0,31.0,27.0,27.0,32.0,38.0,20.0,20.0,32.0,25.0,36.0,25.0,29.0,26.0,34.0,28.0,24.0,26.0,27.0,30.0
24.0,18.0,32.0,25.0,20.0,22.0,27.0,23.0,25.0,37.0,20.0,24.0,30.0,28.0,20.0,28.0,21.0,24.0,27.0,26.0,28.0,27.0,27.0,26.0,31.0,18.0,30.0,19.0,25.0,21.0,26.0,28.0,27.0,28.0,24.0,27.0,21.0,27.0,23.0,32.0,26.0,22.0,27.0,35.0,29.0,28.0,34.0,26.0,34.0,23.0
24.0,20.0,24.0,28.0,23.0,23.0,16.0,25.0,21.0,26.0,28.0,17.0,20.0,19.0,21.0,20.0,17.0,28.0,22.0,22.0,17.0,29.0,27.0,18.0,21.0,20.0,22.0,22.0,21.0,19.0,16.0,24.0,23.0,13.0,20.0,17.0,17.0,24.0,21.0,26.0,25.0,24.0,20.0,29.0,23.0,27.0,22.0,19.0,23.0,17.0
21.0,21.0,23.0,18.0,15.0,20.0,14.0,11.0,28.0,16.0,20.0,22.0,25.0,24.0,15.0,15.0,20.0,23.0,19.0,22.0,21.0,23.0,23.0,22.0,23.0,20.0,26.0,22.0,25.0,18.0,24.0,15.0,23.0,23.0,26.0,22.0,29.0,27.0,18.0,27.0,30.0,17.0,26.0,15.0,25.0,23.0,17.0,20.0,24.0,24.0
35.0,34.0,42.0,25.0,27.0,32.0,41.0,36.0,37.0,30.0,45.0,44.0,32.0,33.0,38.0,24.0,37.0,36.0,35.0,39.0,38.0,35.0,24.0,27.0,24.0,30.0,31.0,37.0,46.0,38.0,39.0,25.0,47.0,38.0,27.0,33.0,52.0,52.0,33.0,34.0,29.0,34.0,41.0,34.0,22.0,33.0,31.0,35.0,28.0,34.0
24.0,16.0,18.0,20.0,29.0,25.0,23.0,20.0,23.0,26.0,26.0,18.0,22.0,29.0,24.0,24.0,27.0,32.0,34.0,20.0,24.0,26.0,29.0,25.0,21.0,16.0,25.0,22.0,24.0,20.0,18.0,29.0,20.0,32.0,16.0,27.0,20.0,25.0,16.0,31.0,18.0,19.0,24.0,24.0,21.0,27.0,22.0,24.0,20.0,29.0
34.0,21.0,34.0,31.0,29.0,37.0,24.0,28.0,26.0,27.0,29.0,35.0,39.0,31.0,32.0,37.0,38.0,35.0,34.0,30.0,29.0,28.0,24.0,35.0,33.0,32.0,27.0,30.0,23.0,30.0,31.0,28.0,27.0,41.0,33.0,31.0,36.0,34.0,30.0,33.0,36.0,33.0,37.0,30.0,33.0,37.0,36.0,32.0,30.0,40.0
