10,50,1000
15.448641,18.467621,19.560748,15.829095,15.04342,16.2331,18.625139,19.941862,18.820991,18.395849
6.563862,7.389133,8.632939,6.756665,7.541721,8.648874,8.261495,8.219691,6.752445,6.119438
0.0,10.0,20.0,30.0,40.0,50.0,60.0,70.0,80.0,90.0
10.0,0.0,10.0,20.0,30.0,40.0,50.0,60.0,70.0,80.0
20.0,10.0,0.0,10.0,20.0,30.0,40.0,50.0,60.0,70.0
30.0,20.0,10.0,0.0,10.0,20.0,30.0,40.0,50.0,60.0
40.0,30.0,20.0,10.0,0.0,10.0,20.0,30.0,40.0,50.0
50.0,40.0,30.0,20.0,10.0,0.0,10.0,20.0,30.0,40.0
60.0,50.0,40.0,30.0,20.0,10.0,0.0,10.0,20.0,30.0
70.0,60.0,50.0,40.0,30.0,20.0,10.0,0.0,10.0,20.0
80.0,70.0,60.0,50.0,40.0,30.0,20.0,10.0,0.0,10.0
90.0,80.0,70.0,60.0,50.0,40.0,30.0,20.0,10.0,0.0
450.0,400.0,350.0,300.0,250.0,250.0,300.0,350.0,400.0,450.0
0.0,1.0,2.0,3.0,4.0,5.0,6.0,7.0,8.0,9.0
1.0,0.0,1.0,2.0,3.0,4.0,5.0,6.0,7.0,8.0
2.0,1.0,0.0,1.0,2.0,3.0,4.0,5.0,6.0,7.0
3.0,2.0,1.0,0.0,1.0,2.0,3.0,4.0,5.0,6.0
4.0,3.0,2.0,1.0,0.0,1.0,2.0,3.0,4.0,5.0
5.0,4.0,3.0,2.0,1.0,0.0,1.0,2.0,3.0,4.0
6.0,5.0,4.0,3.0,2.0,1.0,0.0,1.0,2.0,3.0
7.0,6.0,5.0,4.0,3.0,2.0,1.0,0.0,1.0,2.0
8.0,7.0,6.0,5.0,4.0,3.0,2.0,1.0,0.0,1.0
9.0,8.0,7.0,6.0,5.0,4.0,3.0,2.0,1.0,0.0
45.0,40.0,35.0,30.0,25.0,25.0,30.0,35.0,40.0,45.0
23.0,25.0,29.0,30.0,28.0,21.0,22.0,33.0,23.0,22.0,29.0,26.0,22.0,31.0,23.0,18.0,27.0,30.0,25.0,30.0,34.0,34.0,34.0,22.0,22.0,23.0,21.0,33.0,22.0,20.0,17.0,22.0,23.0,26.0,33.0,21.0,26.0,36.0,22.0,24.0,8.0,27.0,27.0,32.0,17.0,25.0,18.0,23.0,20.0,27.0
29.0,28.0,20.0,39.0,30.0,41.0,25.0,25.0,39.0,41.0,21.0,22.0,38.0,31.0,28.0,30.0,30.0,35.0,27.0,37.0,26.0,38.0,26.0,26.0,37.0,36.0,27.0,32.0,32.0,19.0,16.0,25.0,35.0,19.0,26.0,31.0,27.0,30.0,38.0,39.0,25.0,18.0,24.0,34.0,32.0,40.0,31.0,37.0,32.0,31.0
36.0,35.0,40.0,30.0,34.0,35.0,38.0,24.0,25.0,34.0,32.0,34.0,33.0,32.0,31.0,37.0,41.0,37.0,28.0,33.0,27.0,44.0,23.0,37.0,35.0,43.0,45.0,29.0,32.0,31.0,24.0,21.0,41.0,34.0,32.0,41.0,34.0,23.0,37.0,30.0,33.0,33.0,28.0,37.0,32.0,41.0,42.0,36.0,40.0,34.0
29.0,21.0,20.0,20.0,22.0,29.0,27.0,21.0,25.0,22.0,23.0,25.0,24.0,23.0,17.0,28.0,36.0,26.0,25.0,18.0,30.0,31.0,19.0,29.0,34.0,30.0,22.0,28.0,23.0,33.0,21.0,27.0,29.0,34.0,28.0,20.0,29.0,27.0,26.0,33.0,28.0,24.0,27.0,28.0,22.0,22.0,25.0,34.0,24.0,18.0
31.0,26.0,27.0,35.0,28.0,28.0,28.0,24.0,25.0,19.0,30.0,20.0,22.0,27.0,21.0,33.0,26.0,29.0,32.0,31.0,18.0,25.0,26.0,28.0,25.0,25.0,20.0,29.0,22.0,26.0,34.0,23.0,28.0,23.0,16.0,22.0,35.0,31.0,26.0,26.0,31.0,29.0,29.0,31.0,38.0,34.0,27.0,20.0,33.0,23.0
25.0,28.0,38.0,27.0,20.0,29.0,33.0,42.0,34.0,39.0,34.0,32.0,39.0,31.0,20.0,37.0,33.0,26.0,36.0,23.0,31.0,34.0,22.0,42.0,27.0,34.0,26.0,25.0,29.0,36.0,54.0,32.0,42.0,27.0,19.0,24.0,33.0,34.0,32.0,35.0,27.0,29.0,30.0,35.0,24.0,27.0,28.0,32.0,31.0,32.0
36.0,34.0,46.0,31.0,30.0,27.0,34.0,30.0,39.0,32.0,33.0,33.0,26.0,30.0,36.0,32.0,27.0,30.0,31.0,35.0,31.0,31.0,27.0,32.0,33.0,24.0,29.0,41.0,29.0,36.0,36.0,24.0,30.0,36.0,30.0,33.0,27.0,27.0,40.0,34.0,35.0,31.0,32.0,25.0,26.0,28.0,15.0,26.0,32.0,39.0
40.0,24.0,29.0,42.0,32.0,23.0,25.0,35.0,34.0,33.0,23.0,35.0,24.0,35.0,29.0,30.0,37.0,40.0,41.0,39.0,33.0,37.0,31.0,34.0,34.0,35.0,34.0,24.0,26.0,45.0,31.0,30.0,24.0,27.0,36.0,39.0,39.0,27.0,22.0,29.0,36.0,36.0,36.0,32.0,42.0,34.0,27.0,24.0,31.0,35.0
29.0,21.0,29.0,23.0,15.0,20.0,29.0,28.0,32.0,28.0,27.0,28.0,24.0,32.0,27.0,19.0,31.0,24.0,24.0,34.0,20.0,24.0,33.0,35.0,26.0,26.0,22.0,24.0,23.0,27.0,33.0,32.0,30.0,25.0,28.0,31.0,19.0,19.0,25.0,26.0,31.0,27.0,32.0,29.0,34.0,24.0,32.0,34.0,21.0,17.0
22.0,19.0,23.0,23.0,22.0,25.0,22.0,24.0,26.0,21.0,21.0,25.0,25.0,24.0,22.0,22.0,20.0,19.0,26.0,19.0,29.0,35.0,26.0,20.0,30.0,28.0,24.0,27.0,19.0,19.0,26.0,21.0,24.0,24.0,18.0,32.0,24.0,16.0,36.0,17.0,18.0,27.0,16.0,23.0,23.0,23.0,28.0,33.0,30.0,25.0
