10,50,1000
17.965928,18.610311,19.744667,18.259432,17.006836,16.345387,18.975335,19.375398,17.424698,19.594506
5.090718,8.475705,8.67916,9.094276,5.764196,8.061217,5.931696,8.072839,9.663751,6.558881
0.0,10.0,20.0,30.0,40.0,50.0,60.0,70.0,80.0,90.0
10.0,0.0,10.0,20.0,30.0,40.0,50.0,60.0,70.0,80.0
20.0,10.0,0.0,10.0,20.0,30.0,40.0,50.0,60.0,70.0
30.0,20.0,10.0,0.0,10.0,20.0,30.0,40.0,50.0,60.0
40.0,30.0,20.0,10.0,0.0,10.0,20.0,30.0,40.0,50.0
50.0,40.0,30.0,20.0,10.0,0.0,10.0,20.0,30.0,40.0
60.0,50.0,40.0,30.0,20.0,10.0,0.0,10.0,20.0,30.0
70.0,60.0,50.0,40.0,30.0,20.0,10.0,0.0,10.0,20.0
80.0,70.0,60.0,50.0,40.0,30.0,20.0,10.0,0.0,10.0
90.0,80.0,70.0,60.0,50.0,40.0,30.0,20.0,10.0,0.0
450.0,400.0,350.0,300.0,250.0,250.0,300.0,350.0,400.0,450.0
0.0,1.0,2.0,3.0,4.0,5.0,6.0,7.0,8.0,9.0
1.0,0.0,1.0,2.0,3.0,4.0,5.0,6.0,7.0,8.0
2.0,1.0,0.0,1.0,2.0,3.0,4.0,5.0,6.0,7.0
3.0,2.0,1.0,0.0,1.0,2.0,3.0,4.0,5.0,6.0
4.0,3.0,2.0,1.0,0.0,1.0,2.0,3.0,4.0,5.0
5.0,4.0,3.0,2.0,1.0,0.0,1.0,2.0,3.0,4.0
6.0,5.0,4.0,3.0,2.0,1.0,0.0,1.0,2.0,3.0
7.0,6.0,5.0,4.0,3.0,2.0,1.0,0.0,1.0,2.0
8.0,7.0,6.0,5.0,4.0,3.0,2.0,1.0,0.0,1.0
9.0,8.0,7.0,6.0,5.0,4.0,3.0,2.0,1.0,0.0
45.0,40.0,35.0,30.0,25.0,25.0,30.0,35.0,40.0,45.0
24.0,25.0,30.0,16.0,28.0,24.0,21.0,20.0,24.0,19.0,26.0,28.0,25.0,21.0,20.0,30.0,23.0,13.0,21.0,22.0,30.0,20.0,16.0,25.0,25.0,18.0,22.0,24.0,28.0,30.0,28.0,25.0,12.0,23.0,22.0,21.0,15.0,17.0,19.0,23.0,17.0,28.0,31.0,18.0,24.0,22.0,24.0,26.0,25.0,28.0
46.0,35.0,37.0,26.0,33.0,32.0,29.0,31.0,14.0,38.0,34.0,25.0,32.0,23.0,25.0,36.0,38.0,29.0,26.0,35.0,30.0,27.0,28.0,34.0,29.0,40.0,20.0,38.0,34.0,31.0,27.0,39.0,33.0,27.0,35.0,37.0,38.0,30.0,25.0,40.0,33.0,34.0,38.0,43.0,35.0,37.0,27.0,32.0,22.0,48.0
28.0,31.0,33.0,36.0,37.0,35.0,36.0,46.0,38.0,30.0,28.0,30.0,25.0,33.0,27.0,35.0,33.0,39.0,29.0,25.0,34.0,38.0,33.0,25.0,40.0,26.0,28.0,35.0,40.0,36.0,30.0,27.0,26.0,31.0,45.0,43.0,18.0,33.0,28.0,35.0,29.0,34.0,37.0,31.0,32.0,25.0,36.0,29.0,25.0,29.0
32.0,36.0,33.0,43.0,35.0,33.0,41.0,30.0,36.0,32.0,38.0,28.0,35.0,35.0,37.0,24.0,36.0,36.0,32.0,32.0,41.0,33.0,28.0,42.0,47.0,36.0,26.0,26.0,26.0,27.0,38.0,40.0,31.0,42.0,35.0,32.0,31.0,25.0,36.0,39.0,36.0,28.0,30.0,33.0,28.0,30.0,39.0,27.0,36.0,26.0
14.0,23.0,28.0,21.0,18.0,16.0,27.0,22.0,22.0,29.0,23.0,23.0,23.0,28.0,25.0,32.0,30.0,21.0,25.0,34.0,19.0,23.0,25.0,17.0,24.0,34.0,23.0,28.0,29.0,20.0,27.0,29.0,18.0,24.0,27.0,26.0,20.0,27.0,26.0,14.0,25.0,14.0,25.0,24.0,20.0,17.0,29.0,29.0,24.0,22.0
38.0,32.0,25.0,32.0,24.0,18.0,25.0,36.0,38.0,19.0,33.0,26.0,23.0,34.0,29.0,31.0,36.0,29.0,35.0,27.0,38.0,30.0,28.0,34.0,35.0,19.0,23.0,22.0,24.0,38.0,32.0,23.0,42.0,30.0,28.0,31.0,38.0,35.0,34.0,39.0,28.0,29.0,26.0,43.0,29.0,29.0,29.0,33.0,31.0,28.0
30.0,25.0,20.0,23.0,21.0,23.0,15.0,20.0,15.0,22.0,27.0,16.0,20.0,26.0,26.0,22.0,29.0,20.0,28.0,29.0,25.0,17.0,22.0,33.0,23.0,22.0,19.0,26.0,37.0,17.0,27.0,23.0,24.0,23.0,25.0,27.0,17.0,26.0,18.0,31.0,14.0,24.0,24.0,20.0,25.0,20.0,24.0,25.0,28.0,24.0
35.0,32.0,29.0,27.0,31.0,36.0,36.0,37.0,33.0,35.0,21.0,26.0,27.0,23.0,26.0,26.0,35.0,28.0,35.0,33.0,30.0,27.0,33.0,27.0,24.0,31.0,26.0,39.0,29.0,29.0,33.0,32.0,29.0,32.0,27.0,25.0,37.0,41.0,33.0,21.0,27.0,33.0,30.0,29.0,30.0,32.0,32.0,27.0,32.0,35.0
38.0,35.0,31.0,38.0,29.0,37.0,36.0,28.0,37.0,31.0,36.0,27.0,36.0,46.0,34.0,43.0,29.0,36.0,34.0,43.0,33.0,39.0,35.0,32.0,31.0,40.0,40.0,33.0,42.0,37.0,41.0,39.0,42.0,39.0,33.0,38.0,26.0,41.0,32.0,34.0,42.0,29.0,36.0,30.0,27.0,43.0,41.0,34.0,38.0,30.0
15.0,21.0,19.0,24.0,22.0,23.0,18.0,25.0,27.0,20.0,30.0,30.0,23.0,19.0,29.0,25.0,32.0,15.0,24.0,26.0,18.0,28.0,24.0,21.0,22.0,16.0,36.0,26.0,24.0,30.0,18.0,25.0,30.0,24.0,19.0,32.0,28.0,24.0,25.0,35.0,26.0,27.0,25.0,28.0,34.0,23.0,42.0,31.0,27.0,30.0
