10,50,1000
16.312707,16.107833,17.261759,15.073725,15.864465,19.131932,15.776864,19.716197,19.92158,15.269576
5.819709,6.683312,7.778079,5.152998,9.981338,8.195973,7.017471,5.954568,8.798086,7.639011
0.0,10.0,20.0,30.0,40.0,50.0,60.0,70.0,80.0,90.0
10.0,0.0,10.0,20.0,30.0,40.0,50.0,60.0,70.0,80.0
20.0,10.0,0.0,10.0,20.0,30.0,40.0,50.0,60.0,70.0
30.0,20.0,10.0,0.0,10.0,20.0,30.0,40.0,50.0,60.0
40.0,30.0,20.0,10.0,0.0,10.0,20.0,30.0,40.0,50.0
50.0,40.0,30.0,20.0,10.0,0.0,10.0,20.0,30.0,40.0
60.0,50.0,40.0,30.0,20.0,10.0,0.0,10.0,20.0,30.0
70.0,60.0,50.0,40.0,30.0,20.0,10.0,0.0,10.0,20.0
80.0,70.0,60.0,50.0,40.0,30.0,20.0,10.0,0.0,10.0
90.0,80.0,70.0,60.0,50.0,40.0,30.0,20.0,10.0,0.0
450.0,400.0,350.0,300.0,250.0,250.0,300.0,350.0,400.0,450.0
0.0,1.0,2.0,3.0,4.0,5.0,6.0,7.0,8.0,9.0
1.0,0.0,1.0,2.0,3.0,4.0,5.0,6.0,7.0,8.0
2.0,1.0,0.0,1.0,2.0,3.0,4.0,5.0,6.0,7.0
3.0,2.0,1.0,0.0,1.0,2.0,3.0,4.0,5.0,6.0
4.0,3.0,2.0,1.0,0.0,1.0,2.0,3.0,4.0,5.0
5.0,4.0,3.0,2.0,1.0,0.0,1.0,2.0,3.0,4.0
6.0,5.0,4.0,3.0,2.0,1.0,0.0,1.0,2.0,3.0
7.0,6.0,5.0,4.0,3.0,2.0,1.0,0.0,1.0,2.0
8.0,7.0,6.0,5.0,4.0,3.0,2.0,1.0,0.0,1.0
9.0,8.0,7.0,6.0,5.0,4.0,3.0,2.0,1.0,0.0
45.0,40.0,35.0,30.0,25.0,25.0,30.0,35.0,40.0,45.0
19.0,10.0,22.0,25.0,24.0,29.0,20.0,22.0,15.0,26.0,22.0,21.0,19.0,23.0,21.0,23.0,18.0,25.0,23.0,23.0,26.0,18.0,23.0,24.0,30.0,13.0,20.0,26.0,26.0,18.0,30.0,25.0,26.0,14.0,23.0,21.0,13.0,26.0,24.0,22.0,24.0,18.0,20.0,25.0,28.0,19.0,24.0,24.0,27.0,21.0
32.0,26.0,19.0,19.0,22.0,19.0,20.0,20.0,31.0,26.0,21.0,27.0,31.0,24.0,34.0,31.0,27.0,29.0,29.0,30.0,27.0,37.0,28.0,29.0,23.0,25.0,36.0,27.0,19.0,38.0,31.0,25.0,27.0,23.0,26.0,30.0,24.0,20.0,28.0,30.0,25.0,31.0,28.0,22.0,28.0,25.0,24.0,24.0,33.0,29.0
29.0,27.0,36.0,40.0,32.0,31.0,23.0,37.0,34.0,27.0,27.0,24.0,22.0,28.0,37.0,28.0,28.0,33.0,19.0,39.0,27.0,36.0,29.0,27.0,30.0,33.0,35.0,33.0,41.0,29.0,30.0,25.0,24.0,32.0,33.0,33.0,25.0,24.0,30.0,27.0,29.0,31.0,31.0,36.0,26.0,33.0,33.0,28.0,20.0,31.0
18.0,16.0,20.0,18.0,17.0,25.0,30.0,19.0,21.0,13.0,22.0,10.0,24.0,15.0,20.0,18.0,23.0,24.0,18.0,25.0,21.0,22.0,21.0,21.0,25.0,26.0,28.0,21.0,28.0,20.0,19.0,24.0,29.0,19.0,19.0,15.0,20.0,20.0,17.0,18.0,23.0,11.0,26.0,16.0,23.0,21.0,19.0,11.0,18.0,19.0
37.0,40.0,32.0,36.0,37.0,36.0,30.0,31.0,43.0,17.0,36.0,36.0,27.0,36.0,36.0,36.0,30.0,44.0,47.0,37.0,44.0,44.0,25.0,42.0,37.0,34.0,35.0,36.0,28.0,38.0,44.0,38.0,31.0,42.0,35.0,35.0,44.0,37.0,33.0,36.0,33.0,34.0,40.0,26.0,42.0,39.0,35.0,44.0,33.0,32.0
33.0,33.0,33.0,35.0,29.0,29.0,25.0,34.0,33.0,25.0,27.0,48.0,27.0,31.0,42.0,29.0,32.0,40.0,27.0,32.0,38.0,37.0,36.0,32.0,25.0,33.0,31.0,29.0,29.0,30.0,28.0,34.0,31.0,35.0,27.0,29.0,16.0,30.0,32.0,33.0,35.0,28.0,24.0,30.0,26.0,33.0,37.0,36.0,38.0,24.0
21.0,25.0,33.0,31.0,22.0,29.0,22.0,31.0,34.0,22.0,32.0,24.0,36.0,40.0,24.0,22.0,17.0,34.0,25.0,31.0,26.0,21.0,38.0,16.0,24.0,31.0,18.0,25.0,27.0,33.0,21.0,30.0,24.0,25.0,23.0,38.0,31.0,27.0,19.0,28.0,34.0,30.0,22.0,20.0,37.0,26.0,28.0,25.0,24.0,18.0
25.0,27.0,32.0,24.0,34.0,30.0,32.0,22.0,23.0,27.0,29.0,19.0,26.0,21.0,20.0,23.0,22.0,19.0,30.0,12.0,23.0,25.0,29.0,30.0,33.0,18.0,24.0,37.0,19.0,28.0,17.0,25.0,22.0,25.0,29.0,25.0,30.0,32.0,32.0,24.0,23.0,35.0,32.0,26.0,23.0,23.0,27.0,24.0,19.0,31.0
27.0,34.0,27.0,32.0,28.0,31.0,42.0,36.0,28.0,35.0,34.0,36.0,36.0,28.0,40.0,20.0,27.0,42.0,30.0,38.0,33.0,36.0,24.0,39.0,40.0,35.0,32.0,46.0,31.0,33.0,37.0,36.0,35.0,28.0,47.0,27.0,41.0,32.0,29.0,40.0,36.0,33.0,27.0,43.0,29.0,37.0,31.0,33.0,34.0,35.0
32.0,27.0,31.0,36.0,30.0,26.0,26.0,32.0,33.0,23.0,33.0,19.0,24.0,26.0,32.0,23.0,29.0,30.0,20.0,29.0,16.0,28.0,28.0,31.0,23.0,31.0,31.0,33.0,28.0,21.0,24.0,26.0,43.0,22.0,27.0,15.0,26.0,32.0,26.0,34.0,22.0,33.0,33.0,20.0,26.0,29.0,24.0,25.0,33.0,24.0
