10,50,1000
16.350209,16.772798,15.056018,15.951013,17.88467,17.165022,19.956469,16.91655,18.834118,16.776191
5.421166,8.614335,5.904989,7.983367,5.054118,6.346449,5.238167,7.62966,7.6165,8.003033
0.0,10.0,20.0,30.0,40.0,50.0,60.0,70.0,80.0,90.0
10.0,0.0,10.0,20.0,30.0,40.0,50.0,60.0,70.0,80.0
20.0,10.0,0.0,10.0,20.0,30.0,40.0,50.0,60.0,70.0
30.0,20.0,10.0,0.0,10.0,20.0,30.0,40.0,50.0,60.0
40.0,30.0,20.0,10.0,0.0,10.0,20.0,30.0,40.0,50.0
50.0,40.0,30.0,20.0,10.0,0.0,10.0,20.0,30.0,40.0
60.0,50.0,40.0,30.0,20.0,10.0,0.0,10.0,20.0,30.0
70.0,60.0,50.0,40.0,30.0,20.0,10.0,0.0,10.0,20.0
80.0,70.0,60.0,50.0,40.0,30.0,20.0,10.0,0.0,10.0
90.0,80.0,70.0,60.0,50.0,40.0,30.0,20.0,10.0,0.0
450.0,400.0,350.0,300.0,250.0,250.0,300.0,350.0,400.0,450.0
0.0,1.0,2.0,3.0,4.0,5.0,6.0,7.0,8.0,9.0
1.0,0.0,1.0,2.0,3.0,4.0,5.0,6.0,7.0,8.0
2.0,1.0,0.0,1.0,2.0,3.0,4.0,5.0,6.0,7.0
3.0,2.0,1.0,0.0,1.0,2.0,3.0,4.0,5.0,6.0
4.0,3.0,2.0,1.0,0.0,1.0,2.0,3.0,4.0,5.0
5.0,4.0,3.0,2.0,1.0,0.0,1.0,2.0,3.0,4.0
6.0,5.0,4.0,3.0,2.0,1.0,0.0,1.0,2.0,3.0
7.0,6.0,5.0,4.0,3.0,2.0,1.0,0.0,1.0,2.0
8.0,7.0,6.0,5.0,4.0,3.0,2.0,1.0,0.0,1.0
9.0,8.0,7.0,6.0,5.0,4.0,3.0,2.0,1.0,0.0
45.0,40.0,35.0,30.0,25.0,25.0,30.0,35.0,40.0,45.0
18.0,20.0,19.0,22.0,17.0,21.0,22.0,17.0,28.0,23.0,20.0,21.0,23.0,25.0,27.0,20.0,27.0,21.0,23.0,23.0,23.0,31.0,23.0,22.0,30.0,20.0,23.0,24.0,17.0,15.0,17.0,25.0,22.0,23.0,20.0,24.0,17.0,32.0,27.0,19.0,11.0,20.0,16.0,26.0,30.0,22.0,25.0,17.0,19.0,21.0
32.0,32.0,24.0,28.0,24.0,25.0,31.0,30.0,38.0,36.0,20.0,44.0,24.0,29.0,40.0,36.0,22.0,32.0,42.0,38.0,28.0,24.0,33.0,35.0,37.0,32.0,28.0,27.0,25.0,38.0,40.0,24.0,43.0,30.0,28.0,42.0,43.0,31.0,38.0,27.0,38.0,43.0,32.0,29.0,20.0,28.0,40.0,26.0,34.0,23.0
30.0,16.0,20.0,23.0,22.0,20.0,26.0,17.0,24.0,18.0,14.0,32.0,19.0,28.0,21.0,23.0,17.0,25.0,23.0,32.0,26.0,24.0,20.0,27.0,34.0,22.0,23.0,28.0,17.0,24.0,22.0,23.0,28.0,22.0,25.0,22.0,19.0,21.0,26.0,30.0,20.0,26.0,27.0,22.0,20.0,14.0,29.0,20.0,22.0,20.0
29.0,23.0,22.0,25.0,28.0,24.0,46.0,19.0,29.0,30.0,33.0,23.0,25.0,30.0,37.0,31.0,29.0,23.0,29.0,26.0,39.0,30.0,29.0,27.0,22.0,35.0,44.0,29.0,24.0,47.0,37.0,24.0,32.0,37.0,38.0,27.0,29.0,25.0,39.0,34.0,31.0,35.0,31.0,30.0,24.0,33.0,28.0,29.0,27.0,25.0
26.0,24.0,21.0,18.0,16.0,25.0,17.0,21.0,29.0,13.0,21.0,22.0,22.0,20.0,16.0,23.0,17.0,23.0,26.0,18.0,17.0,20.0,25.0,23.0,14.0,20.0,18.0,22.0,17.0,27.0,20.0,15.0,23.0,26.0,17.0,21.0,16.0,18.0,22.0,21.0,20.0,26.0,29.0,25.0,26.0,14.0,16.0,26.0,24.0,19.0
22.0,19.0,25.0,27.0,23.0,30.0,34.0,22.0,30.0,19.0,26.0,26.0,30.0,17.0,21.0,30.0,36.0,24.0,22.0,21.0,25.0,25.0,29.0,23.0,31.0,28.0,27.0,25.0,27.0,22.0,30.0,19.0,25.0,29.0,17.0,18.0,19.0,29.0,23.0,25.0,22.0,27.0,24.0,29.0,17.0,30.0,26.0,27.0,28.0,23.0
26.0,23.0,20.0,22.0,23.0,32.0,22.0,23.0,18.0,20.0,19.0,16.0,18.0,22.0,30.0,26.0,20.0,23.0,25.0,22.0,32.0,21.0,23.0,23.0,16.0,26.0,22.0,20.0,25.0,30.0,17.0,28.0,16.0,23.0,36.0,27.0,16.0,18.0,28.0,20.0,27.0,29.0,27.0,28.0,17.0,23.0,21.0,20.0,25.0,27.0
31.0,31.0,30.0,22.0,29.0,20.0,27.0,28.0,28.0,19.0,27.0,23.0,25.0,29.0,29.0,30.0,32.0,29.0,33.0,26.0,29.0,27.0,35.0,26.0,38.0,22.0,21.0,34.0,36.0,23.0,30.0,18.0,20.0,38.0,25.0,28.0,21.0,38.0,32.0,24.0,35.0,25.0,24.0,20.0,30.0,27.0,33.0,30.0,38.0,31.0
24.0,36.0,31.0,29.0,24.0,20.0,31.0,28.0,38.0,32.0,27.0,29.0,24.0,37.0,20.0,26.0,30.0,26.0,25.0,26.0,26.0,31.0,36.0,24.0,36.0,31.0,32.0,34.0,25.0,32.0,34.0,28.0,29.0,39.0,25.0,24.0,35.0,28.0,39.0,32.0,34.0,37.0,26.0,40.0,29.0,23.0,27.0,29.0,25.0,28.0
23.0,35.0,36.0,33.0,35.0,30.0,24.0,27.0,28.0,41.0,42.0,26.0,33.0,33.0,34.0,21.0,35.0,25.0,27.0,24.0,36.0,29.0,30.0,28.0,25.0,29.0,35.0,33.0,32.0,18.0,23.0,39.0,39.0,32.0,28.0,36.0,25.0,27.0,30.0,25.0,21.0,39.0,27.0,32.0,35.0,26.0,34.0,21.0,25.0,26.0
