10,50,1000
16.116995,19.356996,15.978864,17.025705,19.328002,19.624177,16.692457,18.639925,16.231849,16.739155
7.437872,9.383928,7.927732,9.602423,9.572695,8.040377,8.068707,7.693895,8.617253,6.649847
0.0,10.0,20.0,30.0,40.0,50.0,60.0,70.0,80.0,90.0
10.0,0.0,10.0,20.0,30.0,40.0,50.0,60.0,70.0,80.0
20.0,10.0,0.0,10.0,20.0,30.0,40.0,50.0,60.0,70.0
30.0,20.0,10.0,0.0,10.0,20.0,30.0,40.0,50.0,60.0
40.0,30.0,20.0,10.0,0.0,10.0,20.0,30.0,40.0,50.0
50.0,40.0,30.0,20.0,10.0,0.0,10.0,20.0,30.0,40.0
60.0,50.0,40.0,30.0,20.0,10.0,0.0,10.0,20.0,30.0
70.0,60.0,50.0,40.0,30.0,20.0,10.0,0.0,10.0,20.0
80.0,70.0,60.0,50.0,40.0,30.0,20.0,10.0,0.0,10.0
90.0,80.0,70.0,60.0,50.0,40.0,30.0,20.0,10.0,0.0
450.0,400.0,350.0,300.0,250.0,250.0,300.0,350.0,400.0,450.0
0.0,1.0,2.0,3.0,4.0,5.0,6.0,7.0,8.0,9.0
1.0,0.0,1.0,2.0,3.0,4.0,5.0,6.0,7.0,8.0
2.0,1.0,0.0,1.0,2.0,3.0,4.0,5.0,6.0,7.0
3.0,2.0,1.0,0.0,1.0,2.0,3.0,4.0,5.0,6.0
4.0,3.0,2.0,1.0,0.0,1.0,2.0,3.0,4.0,5.0
5.0,4.0,3.0,2.0,1.0,0.0,1.0,2.0,3.0,4.0
6.0,5.0,4.0,3.0,2.0,1.0,0.0,1.0,2.0,3.0
7.0,6.0,5.0,4.0,3.0,2.0,1.0,0.0,1.0,2.0
8.0,7.0,6.0,5.0,4.0,3.0,2.0,1.0,0.0,1.0
9.0,8.0,7.0,6.0,5.0,4.0,3.0,2.0,1.0,0.0
45.0,40.0,35.0,30.0,25.0,25.0,30.0,35.0,40.0,45.0
34.0,29.0,19.0,33.0,35.0,23.0,27.0,32.0,25.0,30.0,24.0,32.0,32.0,31.0,34.0,39.0,26.0,27.0,30.0,19.0,26.0,25.0,34.0,34.0,30.0,38.0,34.0,28.0,30.0,30.0,28.0,25.0,23.0,32.0,22.0,16.0,39.0,36.0,31.0,33.0,29.0,28.0,26.0,25.0,18.0,26.0,32.0,25.0,28.0,29.0
36.0,38.0,43.0,27.0,36.0,27.0,48.0,29.0,43.0,46.0,37.0,31.0,32.0,38.0,38.0,28.0,38.0,37.0,39.0,34.0,39.0,35.0,35.0,47.0,38.0,29.0,38.0,27.0,41.0,39.0,29.0,34.0,28.0,33.0,33.0,40.0,39.0,27.0,35.0,35.0,27.0,34.0,29.0,36.0,39.0,25.0,35.0,26.0,35.0,38.0
26.0,21.0,33.0,25.0,29.0,22.0,31.0,25.0,35.0,31.0,31.0,38.0,30.0,37.0,19.0,38.0,35.0,27.0,29.0,30.0,32.0,32.0,29.0,27.0,31.0,25.0,33.0,33.0,32.0,36.0,32.0,41.0,38.0,30.0,29.0,33.0,27.0,35.0,29.0,42.0,27.0,30.0,41.0,28.0,35.0,26.0,28.0,29.0,23.0,30.0
27.0,31.0,42.0,33.0,38.0,35.0,44.0,31.0,36.0,33.0,28.0,47.0,40.0,36.0,34.0,38.0,40.0,29.0,38.0,37.0,37.0,28.0,36.0,45.0,25.0,51.0,34.0,42.0,37.0,36.0,33.0,31.0,34.0,34.0,28.0,36.0,41.0,50.0,32.0,37.0,36.0,31.0,42.0,31.0,34.0,34.0,44.0,35.0,44.0,35.0
36.0,30.0,44.0,35.0,33.0,38.0,46.0,41.0,30.0,28.0,33.0,27.0,40.0,36.0,37.0,46.0,31.0,33.0,37.0,42.0,30.0,28.0,37.0,41.0,41.0,37.0,39.0,37.0,42.0,41.0,39.0,36.0,34.0,34.0,26.0,38.0,34.0,40.0,38.0,35.0,51.0,32.0,48.0,44.0,40.0,27.0,44.0,30.0,27.0,38.0
31.0,30.0,37.0,34.0,28.0,42.0,28.0,35.0,31.0,36.0,33.0,31.0,41.0,29.0,37.0,30.0,36.0,30.0,39.0,27.0,31.0,32.0,36.0,31.0,34.0,27.0,33.0,31.0,38.0,33.0,29.0,36.0,26.0,27.0,32.0,29.0,27.0,25.0,30.0,37.0,35.0,33.0,31.0,32.0,30.0,17.0,30.0,38.0,28.0,39.0
31.0,39.0,35.0,28.0,28.0,32.0,45.0,30.0,28.0,18.0,21.0,28.0,35.0,35.0,33.0,36.0,32.0,35.0,33.0,26.0,34.0,35.0,39.0,38.0,35.0,30.0,42.0,33.0,27.0,30.0,24.0,23.0,21.0,26.0,22.0,42.0,30.0,30.0,37.0,31.0,31.0,21.0,32.0,28.0,29.0,30.0,27.0,26.0,26.0,39.0
18.0,35.0,30.0,22.0,24.0,37.0,22.0,23.0,32.0,33.0,35.0,36.0,31.0,27.0,27.0,24.0,30.0,36.0,24.0,27.0,29.0,24.0,27.0,26.0,16.0,30.0,31.0,27.0,24.0,36.0,25.0,36.0,30.0,32.0,32.0,38.0,38.0,32.0,31.0,33.0,37.0,30.0,26.0,24.0,26.0,25.0,20.0,31.0,31.0,32.0
38.0,35.0,30.0,37.0,34.0,33.0,38.0,42.0,35.0,37.0,24.0,24.0,28.0,36.0,28.0,31.0,33.0,27.0,30.0,28.0,31.0,26.0,27.0,40.0,45.0,40.0,32.0,39.0,25.0,35.0,26.0,31.0,33.0,19.0,40.0,37.0,41.0,28.0,26.0,38.0,23.0,32.0,25.0,24.0,33.0,39.0,30.0,37.0,35.0,42.0
23.0,29.0,29.0,34.0,27.0,28.0,22.0,23.0,19.0,21.0,25.0,24.0,18.0,25.0,23.0,40.0,23.0,30.0,30.0,24.0,27.0,23.0,26.0,28.0,23.0,25.0,37.0,27.0,29.0,38.0,34.0,36.0,24.0,31.0,34.0,26.0,28.0,29.0,25.0,36.0,22.0,23.0,21.0,19.0,31.0,16.0,31.0,22.0,23.0,28.0
