10,50,1000
19.806831,17.49353,15.07022,19.102938,19.397564,17.565638,15.320475,17.399387,15.925339,18.262932
6.200518,5.671559,6.399421,7.810671,6.821811,9.279413,5.84081,8.417642,6.776052,5.499664
0.0,10.0,20.0,30.0,40.0,50.0,60.0,70.0,80.0,90.0
10.0,0.0,10.0,20.0,30.0,40.0,50.0,60.0,70.0,80.0
20.0,10.0,0.0,10.0,20.0,30.0,40.0,50.0,60.0,70.0
30.0,20.0,10.0,0.0,10.0,20.0,30.0,40.0,50.0,60.0
40.0,30.0,20.0,10.0,0.0,10.0,20.0,30.0,40.0,50.0
50.0,40.0,30.0,20.0,10.0,0.0,10.0,20.0,30.0,40.0
60.0,50.0,40.0,30.0,20.0,10.0,0.0,10.0,20.0,30.0
70.0,60.0,50.0,40.0,30.0,20.0,10.0,0.0,10.0,20.0
80.0,70.0,60.0,50.0,40.0,30.0,20.0,10.0,0.0,10.0
90.0,80.0,70.0,60.0,50.0,40.0,30.0,20.0,10.0,0.0
450.0,400.0,350.0,300.0,250.0,250.0,300.0,350.0,400.0,450.0
0.0,1.0,2.0,3.0,4.0,5.0,6.0,7.0,8.0,9.0
1.0,0.0,1.0,2.0,3.0,4.0,5.0,6.0,7.0,8.0
2.0,1.0,0.0,1.0,2.0,3.0,4.0,5.0,6.0,7.0
3.0,2.0,1.0,0.0,1.0,2.0,3.0,4.0,5.0,6.0
4.0,3.0,2.0,1.0,0.0,1.0,2.0,3.0,4.0,5.0
5.0,4.0,3.0,2.0,1.0,0.0,1.0,2.0,3.0,4.0
6.0,5.0,4.0,3.0,2.0,1.0,0.0,1.0,2.0,3.0
7.0,6.0,5.0,4.0,3.0,2.0,1.0,0.0,1.0,2.0
8.0,7.0,6.0,5.0,4.0,3.0,2.0,1.0,0.0,1.0
9.0,8.0,7.0,6.0,5.0,4.0,3.0,2.0,1.0,0.0
45.0,40.0,35.0,30.0,25.0,25.0,30.0,35.0,40.0,45.0
21.0,30.0,27.0,21.0,31.0,34.0,27.0,34.0,27.0,41.0,20.0,18.0,27.0,29.0,23.0,26.0,25.0,30.0,26.0,26.0,30.0,27.0,30.0,36.0,30.0,24.0,26.0,23.0,17.0,28.0,18.0,31.0,28.0,25.0,21.0,21.0,27.0,31.0,28.0,30.0,24.0,24.0,18.0,25.0,22.0,26.0,18.0,19.0,19.0,34.0
17.0,27.0,30.0,24.0,29.0,29.0,25.0,21.0,24.0,29.0,16.0,20.0,27.0,26.0,21.0,20.0,25.0,23.0,25.0,28.0,32.0,19.0,23.0,19.0,18.0,24.0,24.0,31.0,24.0,30.0,26.0,31.0,21.0,30.0,14.0,24.0,18.0,10.0,14.0,16.0,26.0,23.0,16.0,22.0,29.0,19.0,17.0,24.0,26.0,23.0
29.0,28.0,26.0,32.0,29.0,19.0,27.0,26.0,24.0,29.0,29.0,34.0,19.0,22.0,27.0,20.0,26.0,19.0,28.0,25.0,23.0,28.0,26.0,25.0,29.0,27.0,24.0,27.0,32.0,18.0,20.0,22.0,25.0,27.0,22.0,19.0,15.0,20.0,27.0,28.0,24.0,26.0,23.0,30.0,36.0,19.0,15.0,29.0,22.0,31.0
27.0,28.0,29.0,31.0,31.0,31.0,32.0,35.0,44.0,31.0,29.0,27.0,29.0,29.0,22.0,25.0,32.0,25.0,38.0,29.0,27.0,36.0,34.0,26.0,26.0,28.0,29.0,32.0,29.0,38.0,27.0,27.0,35.0,36.0,25.0,32.0,32.0,28.0,35.0,21.0,38.0,27.0,37.0,28.0,24.0,31.0,37.0,30.0,21.0,32.0
22.0,34.0,26.0,24.0,41.0,26.0,20.0,28.0,24.0,29.0,23.0,19.0,25.0,27.0,36.0,29.0,31.0,30.0,24.0,23.0,18.0,27.0,29.0,29.0,20.0,23.0,24.0,22.0,32.0,29.0,29.0,28.0,33.0,26.0,20.0,26.0,22.0,26.0,28.0,43.0,19.0,26.0,24.0,42.0,30.0,23.0,25.0,31.0,30.0,29.0
25.0,35.0,30.0,34.0,27.0,32.0,35.0,33.0,31.0,35.0,33.0,53.0,39.0,30.0,24.0,26.0,38.0,37.0,32.0,38.0,34.0,26.0,31.0,29.0,38.0,39.0,43.0,25.0,31.0,30.0,38.0,33.0,34.0,35.0,36.0,42.0,42.0,34.0,27.0,36.0,37.0,29.0,37.0,35.0,40.0,33.0,29.0,33.0,31.0,28.0
26.0,27.0,34.0,22.0,20.0,20.0,19.0,23.0,26.0,25.0,29.0,28.0,28.0,23.0,21.0,25.0,31.0,28.0,23.0,21.0,21.0,11.0,24.0,20.0,20.0,22.0,23.0,21.0,18.0,14.0,24.0,19.0,34.0,24.0,27.0,17.0,25.0,29.0,22.0,26.0,18.0,27.0,16.0,20.0,20.0,26.0,15.0,22.0,28.0,21.0
19.0,34.0,32.0,31.0,33.0,32.0,45.0,45.0,42.0,28.0,35.0,31.0,30.0,36.0,31.0,29.0,32.0,36.0,22.0,28.0,36.0,31.0,26.0,43.0,47.0,34.0,26.0,32.0,29.0,19.0,26.0,27.0,32.0,36.0,47.0,29.0,24.0,23.0,26.0,42.0,32.0,36.0,32.0,31.0,30.0,29.0,36.0,37.0,31.0,44.0
21.0,27.0,24.0,24.0,16.0,20.0,28.0,18.0,23.0,22.0,33.0,33.0,35.0,18.0,37.0,40.0,23.0,24.0,23.0,21.0,31.0,33.0,25.0,29.0,25.0,31.0,22.0,24.0,27.0,23.0,30.0,22.0,18.0,26.0,21.0,32.0,18.0,22.0,35.0,24.0,31.0,28.0,21.0,28.0,28.0,21.0,29.0,34.0,20.0,32.0
17.0,29.0,24.0,25.0,23.0,28.0,24.0,23.0,22.0,25.0,15.0,15.0,33.0,22.0,15.0,22.0,21.0,11.0,29.0,25.0,20.0,23.0,28.0,26.0,25.0,21.0,20.0,27.0,20.0,21.0,31.0,20.0,19.0,23.0,25.0,25.0,27.0,31.0,28.0,19.0,23.0,17.0,23.0,24.0,22.0,22.0,21.0,23.0,21.0,24.0
