10,50,1000
19.630544,19.82175,16.619675,19.113145,15.954982,16.930474,17.510035,15.755447,17.521457,17.778091
6.030895,8.010064,6.233184,7.534768,9.762374,5.753579,7.479189,8.972051,8.345094,6.897989
0.0,10.0,20.0,30.0,40.0,50.0,60.0,70.0,80.0,90.0
10.0,0.0,10.0,20.0,30.0,40.0,50.0,60.0,70.0,80.0
20.0,10.0,0.0,10.0,20.0,30.0,40.0,50.0,60.0,70.0
30.0,20.0,10.0,0.0,10.0,20.0,30.0,40.0,50.0,60.0
40.0,30.0,20.0,10.0,0.0,10.0,20.0,30.0,40.0,50.0
50.0,40.0,30.0,20.0,10.0,0.0,10.0,20.0,30.0,40.0
60.0,50.0,40.0,30.0,20.0,10.0,0.0,10.0,20.0,30.0
70.0,60.0,50.0,40.0,30.0,20.0,10.0,0.0,10.0,20.0
80.0,70.0,60.0,50.0,40.0,30.0,20.0,10.0,0.0,10.0
90.0,80.0,70.0,60.0,50.0,40.0,30.0,20.0,10.0,0.0
450.0,400.0,350.0,300.0,250.0,250.0,300.0,350.0,400.0,450.0
0.0,1.0,2.0,3.0,4.0,5.0,6.0,7.0,8.0,9.0
1.0,0.0,1.0,2.0,3.0,4.0,5.0,6.0,7.0,8.0
2.0,1.0,0.0,1.0,2.0,3.0,4.0,5.0,6.0,7.0
3.0,2.0,1.0,0.0,1.0,2.0,3.0,4.0,5.0,6.0
4.0,3.0,2.0,1.0,0.0,1.0,2.0,3.0,4.0,5.0
5.0,4.0,3.0,2.0,1.0,0.0,1.0,2.0,3.0,4.0
6.0,5.0,4.0,3.0,2.0,1.0,0.0,1.0,2.0,3.0
7.0,6.0,5.0,4.0,3.0,2.0,1.0,0.0,1.0,2.0
8.0,7.0,6.0,5.0,4.0,3.0,2.0,1.0,0.0,1.0
9.0,8.0,7.0,6.0,5.0,4.0,3.0,2.0,1.0,0.0
45.0,40.0,35.0,30.0,25.0,25.0,30.0,35.0,40.0,45.0
26.0,32.0,31.0,25.0,21.0,27.0,24.0,22.0,27.0,23.0,24.0,22.0,26.0,19.0,23.0,33.0,19.0,25.0,21.0,23.0,14.0,19.0,24.0,26.0,26.0,22.0,25.0,29.0,23.0,18.0,20.0,21.0,17.0,25.0,20.0,30.0,23.0,31.0,19.0,40.0,20.0,28.0,27.0,33.0,30.0,30.0,25.0,24.0,29.0,31.0
37.0,30.0,25.0,24.0,25.0,36.0,41.0,32.0,36.0,36.0,30.0,36.0,35.0,26.0,28.0,31.0,37.0,38.0,30.0,24.0,38.0,28.0,48.0,38.0,30.0,34.0,28.0,27.0,35.0,33.0,32.0,38.0,23.0,28.0,43.0,30.0,26.0,24.0,35.0,28.0,34.0,37.0,37.0,36.0,46.0,32.0,26.0,24.0,28.0,30.0
21.0,23.0,18.0,20.0,28.0,23.0,24.0,28.0,20.0,23.0,17.0,16.0,29.0,23.0,31.0,28.0,22.0,16.0,29.0,15.0,24.0,28.0,29.0,32.0,23.0,23.0,17.0,23.0,26.0,26.0,26.0,12.0,22.0,21.0,21.0,25.0,18.0,20.0,17.0,21.0,22.0,36.0,18.0,24.0,27.0,19.0,27.0,36.0,23.0,27.0
29.0,34.0,26.0,30.0,23.0,23.0,30.0,24.0,29.0,17.0,31.0,21.0,33.0,31.0,25.0,13.0,37.0,35.0,29.0,28.0,31.0,37.0,31.0,34.0,22.0,31.0,30.0,33.0,31.0,28.0,22.0,25.0,32.0,30.0,33.0,27.0,41.0,28.0,26.0,31.0,32.0,35.0,34.0,29.0,23.0,32.0,30.0,31.0,29.0,27.0
40.0,32.0,39.0,49.0,46.0,46.0,47.0,32.0,30.0,38.0,28.0,30.0,38.0,30.0,34.0,36.0,42.0,34.0,25.0,30.0,32.0,40.0,38.0,36.0,24.0,25.0,24.0,30.0,28.0,33.0,35.0,37.0,42.0,36.0,41.0,33.0,33.0,37.0,37.0,39.0,41.0,32.0,38.0,27.0,41.0,31.0,34.0,38.0,29.0,31.0
23.0,23.0,21.0,28.0,23.0,15.0,22.0,19.0,27.0,17.0,24.0,11.0,20.0,16.0,16.0,35.0,26.0,17.0,26.0,25.0,23.0,24.0,18.0,21.0,19.0,16.0,24.0,23.0,25.0,28.0,32.0,21.0,25.0,28.0,15.0,17.0,15.0,22.0,32.0,28.0,18.0,27.0,28.0,26.0,33.0,21.0,19.0,20.0,28.0,30.0
31.0,31.0,30.0,22.0,28.0,34.0,30.0,33.0,28.0,24.0,23.0,29.0,26.0,31.0,17.0,36.0,32.0,26.0,25.0,20.0,24.0,35.0,26.0,29.0,30.0,40.0,29.0,28.0,32.0,16.0,32.0,28.0,36.0,31.0,27.0,30.0,31.0,20.0,32.0,30.0,30.0,29.0,28.0,39.0,30.0,31.0,29.0,29.0,28.0,30.0
40.0,21.0,29.0,26.0,31.0,33.0,40.0,36.0,34.0,28.0,29.0,42.0,23.0,30.0,31.0,32.0,31.0,36.0,35.0,32.0,31.0,43.0,38.0,30.0,33.0,41.0,29.0,31.0,36.0,44.0,31.0,25.0,33.0,33.0,42.0,28.0,30.0,40.0,29.0,38.0,39.0,43.0,27.0,36.0,37.0,34.0,32.0,23.0,38.0,30.0
22.0,27.0,27.0,39.0,38.0,38.0,25.0,27.0,41.0,28.0,27.0,23.0,31.0,27.0,36.0,36.0,27.0,24.0,28.0,37.0,28.0,40.0,43.0,24.0,25.0,28.0,42.0,25.0,34.0,24.0,33.0,23.0,29.0,20.0,32.0,28.0,36.0,25.0,32.0,35.0,35.0,21.0,29.0,41.0,23.0,29.0,32.0,36.0,29.0,29.0
33.0,32.0,30.0,19.0,27.0,30.0,20.0,22.0,29.0,24.0,30.0,17.0,26.0,31.0,31.0,33.0,21.0,26.0,27.0,27.0,25.0,25.0,33.0,24.0,34.0,24.0,33.0,22.0,31.0,22.0,40.0,30.0,26.0,27.0,25.0,24.0,22.0,18.0,22.0,31.0,34.0,21.0,30.0,28.0,23.0,22.0,20.0,31.0,35.0,30.0
