10,50,1000
18.774666,19.822754,18.233248,16.019732,17.909089,19.131991,15.786484,18.210707,19.495465,18.659955
6.031654,5.090703,5.79569,8.872554,9.542615,5.81748,7.733173,9.59366,8.492568,7.830843
0.0,10.0,20.0,30.0,40.0,50.0,60.0,70.0,80.0,90.0
10.0,0.0,10.0,20.0,30.0,40.0,50.0,60.0,70.0,80.0
20.0,10.0,0.0,10.0,20.0,30.0,40.0,50.0,60.0,70.0
30.0,20.0,10.0,0.0,10.0,20.0,30.0,40.0,50.0,60.0
40.0,30.0,20.0,10.0,0.0,10.0,20.0,30.0,40.0,50.0
50.0,40.0,30.0,20.0,10.0,0.0,10.0,20.0,30.0,40.0
60.0,50.0,40.0,30.0,20.0,10.0,0.0,10.0,20.0,30.0
70.0,60.0,50.0,40.0,30.0,20.0,10.0,0.0,10.0,20.0
80.0,70.0,60.0,50.0,40.0,30.0,20.0,10.0,0.0,10.0
90.0,80.0,70.0,60.0,50.0,40.0,30.0,20.0,10.0,0.0
450.0,400.0,350.0,300.0,250.0,250.0,300.0,350.0,400.0,450.0
0.0,1.0,2.0,3.0,4.0,5.0,6.0,7.0,8.0,9.0
1.0,0.0,1.0,2.0,3.0,4.0,5.0,6.0,7.0,8.0
2.0,1.0,0.0,1.0,2.0,3.0,4.0,5.0,6.0,7.0
3.0,2.0,1.0,0.0,1.0,2.0,3.0,4.0,5.0,6.0
4.0,3.0,2.0,1.0,0.0,1.0,2.0,3.0,4.0,5.0
5.0,4.0,3.0,2.0,1.0,0.0,1.0,2.0,3.0,4.0
6.0,5.0,4.0,3.0,2.0,1.0,0.0,1.0,2.0,3.0
7.0,6.0,5.0,4.0,3.0,2.0,1.0,0.0,1.0,2.0
8.0,7.0,6.0,5.0,4.0,3.0,2.0,1.0,0.0,1.0
9.0,8.0,7.0,6.0,5.0,4.0,3.0,2.0,1.0,0.0
45.0,40.0,35.0,30.0,25.0,25.0,30.0,35.0,40.0,45.0
23.0,22.0,19.0,26.0,15.0,20.0,30.0,25.0,23.0,25.0,24.0,27.0,21.0,22.0,26.0,28.0,30.0,23.0,27.0,28.0,32.0,33.0,29.0,28.0,20.0,26.0,30.0,22.0,39.0,34.0,33.0,29.0,21.0,23.0,23.0,29.0,27.0,22.0,25.0,21.0,25.0,25.0,28.0,27.0,34.0,21.0,26.0,27.0,27.0,23.0
22.0,38.0,26.0,19.0,34.0,20.0,22.0,19.0,24.0,23.0,15.0,17.0,19.0,24.0,21.0,27.0,19.0,20.0,18.0,19.0,27.0,14.0,27.0,27.0,32.0,26.0,25.0,20.0,23.0,26.0,15.0,29.0,33.0,22.0,14.0,16.0,25.0,21.0,26.0,19.0,28.0,16.0,24.0,21.0,25.0,30.0,29.0,24.0,25.0,15.0
26.0,20.0,31.0,26.0,29.0,19.0,25.0,25.0,25.0,16.0,31.0,26.0,14.0,22.0,20.0,25.0,17.0,25.0,25.0,25.0,26.0,25.0,25.0,23.0,22.0,29.0,28.0,15.0,23.0,24.0,28.0,26.0,29.0,28.0,21.0,27.0,25.0,16.0,28.0,26.0,15.0,20.0,23.0,26.0,30.0,23.0,26.0,20.0,25.0,21.0
43.0,33.0,37.0,40.0,45.0,29.0,37.0,40.0,30.0,49.0,40.0,39.0,31.0,40.0,31.0,32.0,44.0,29.0,36.0,51.0,31.0,41.0,23.0,45.0,41.0,35.0,39.0,35.0,26.0,34.0,41.0,28.0,29.0,30.0,34.0,29.0,38.0,28.0,44.0,41.0,34.0,34.0,35.0,31.0,29.0,34.0,20.0,35.0,29.0,25.0
32.0,44.0,37.0,35.0,25.0,34.0,26.0,27.0,31.0,40.0,29.0,37.0,44.0,43.0,30.0,29.0,35.0,34.0,39.0,50.0,44.0,25.0,38.0,31.0,24.0,50.0,31.0,40.0,36.0,36.0,30.0,27.0,42.0,29.0,29.0,34.0,41.0,30.0,30.0,52.0,35.0,39.0,36.0,40.0,37.0,33.0,48.0,30.0,45.0,29.0
31.0,23.0,28.0,24.0,20.0,35.0,19.0,21.0,21.0,27.0,25.0,24.0,24.0,25.0,25.0,20.0,24.0,17.0,24.0,30.0,29.0,23.0,26.0,24.0,21.0,24.0,21.0,19.0,37.0,30.0,18.0,24.0,20.0,26.0,23.0,22.0,22.0,28.0,18.0,28.0,22.0,24.0,18.0,27.0,23.0,18.0,22.0,20.0,25.0,30.0
31.0,27.0,36.0,26.0,28.0,23.0,31.0,35.0,27.0,26.0,35.0,24.0,23.0,28.0,26.0,23.0,34.0,28.0,27.0,25.0,26.0,29.0,33.0,33.0,34.0,27.0,33.0,35.0,26.0,25.0,36.0,41.0,29.0,29.0,33.0,33.0,24.0,24.0,29.0,30.0,27.0,35.0,25.0,34.0,37.0,29.0,23.0,35.0,21.0,22.0
31.0,35.0,38.0,42.0,24.0,36.0,30.0,27.0,40.0,35.0,39.0,29.0,36.0,55.0,32.0,32.0,27.0,39.0,31.0,29.0,25.0,43.0,31.0,29.0,39.0,27.0,41.0,33.0,45.0,40.0,32.0,41.0,46.0,29.0,35.0,41.0,34.0,38.0,36.0,36.0,38.0,36.0,40.0,37.0,51.0,33.0,39.0,50.0,33.0,28.0
25.0,25.0,40.0,37.0,36.0,31.0,41.0,29.0,32.0,28.0,26.0,23.0,19.0,23.0,39.0,26.0,30.0,31.0,48.0,35.0,38.0,34.0,25.0,34.0,37.0,43.0,35.0,37.0,35.0,29.0,28.0,38.0,25.0,37.0,35.0,32.0,22.0,27.0,40.0,43.0,30.0,39.0,25.0,33.0,19.0,30.0,47.0,37.0,31.0,37.0
35.0,27.0,38.0,40.0,26.0,42.0,27.0,29.0,43.0,28.0,33.0,22.0,38.0,25.0,35.0,26.0,29.0,36.0,32.0,39.0,31.0,25.0,30.0,22.0,34.0,33.0,33.0,37.0,26.0,36.0,33.0,30.0,26.0,20.0,37.0,39.0,23.0,30.0,30.0,27.0,34.0,31.0,35.0,21.0,24.0,26.0,30.0,28.0,26.0,32.0
