10,50,1000
15.92711,16.431951,17.856438,15.979929,15.684197,17.006122,18.990274,17.93759,17.088724,16.252797
7.872295,6.064706,5.465039,9.237003,6.004375,9.040071,7.427012,8.389788,6.992954,9.235598
0.0,10.0,20.0,30.0,40.0,50.0,60.0,70.0,80.0,90.0
10.0,0.0,10.0,20.0,30.0,40.0,50.0,60.0,70.0,80.0
20.0,10.0,0.0,10.0,20.0,30.0,40.0,50.0,60.0,70.0
30.0,20.0,10.0,0.0,10.0,20.0,30.0,40.0,50.0,60.0
40.0,30.0,20.0,10.0,0.0,10.0,20.0,30.0,40.0,50.0
50.0,40.0,30.0,20.0,10.0,0.0,10.0,20.0,30.0,40.0
60.0,50.0,40.0,30.0,20.0,10.0,0.0,10.0,20.0,30.0
70.0,60.0,50.0,40.0,30.0,20.0,10.0,0.0,10.0,20.0
80.0,70.0,60.0,50.0,40.0,30.0,20.0,10.0,0.0,10.0
90.0,80.0,70.0,60.0,50.0,40.0,30.0,20.0,10.0,0.0
450.0,400.0,350.0,300.0,250.0,250.0,300.0,350.0,400.0,450.0
0.0,1.0,2.0,3.0,4.0,5.0,6.0,7.0,8.0,9.0
1.0,0.0,1.0,2.0,3.0,4.0,5.0,6.0,7.0,8.0
2.0,1.0,0.0,1.0,2.0,3.0,4.0,5.0,6.0,7.0
3.0,2.0,1.0,0.0,1.0,2.0,3.0,4.0,5.0,6.0
4.0,3.0,2.0,1.0,0.0,1.0,2.0,3.0,4.0,5.0
5.0,4.0,3.0,2.0,1.0,0.0,1.0,2.0,3.0,4.0
6.0,5.0,4.0,3.0,2.0,1.0,0.0,1.0,2.0,3.0
7.0,6.0,5.0,4.0,3.0,2.0,1.0,0.0,1.0,2.0
8.0,7.0,6.0,5.0,4.0,3.0,2.0,1.0,0.0,1.0
9.0,8.0,7.0,6.0,5.0,4.0,3.0,2.0,1.0,0.0
45.0,40.0,35.0,30.0,25.0,25.0,30.0,35.0,40.0,45.0
26.0,27.0,40.0,40.0,31.0,28.0,25.0,25.0,29.0,21.0,27.0,31.0,31.0,37.0,24.0,19.0,41.0,33.0,25.0,28.0,24.0,35.0,39.0,22.0,39.0,22.0,23.0,34.0,34.0,27.0,34.0,19.0,27.0,22.0,24.0,30.0,31.0,26.0,27.0,28.0,29.0,42.0,20.0,26.0,27.0,29.0,26.0,35.0,26.0,40.0
23.0,19.0,20.0,19.0,23.0,24.0,23.0,26.0,23.0,23.0,30.0,21.0,15.0,30.0,24.0,21.0,24.0,24.0,21.0,18.0,27.0,16.0,25.0,29.0,26.0,25.0,28.0,25.0,19.0,29.0,19.0,32.0,20.0,25.0,22.0,34.0,28.0,34.0,19.0,22.0,24.0,23.0,25.0,33.0,32.0,27.0,24.0,28.0,24.0,16.0
19.0,34.0,29.0,22.0,22.0,24.0,26.0,24.0,31.0,18.0,21.0,20.0,24.0,20.0,28.0,29.0,18.0,21.0,21.0,20.0,23.0,14.0,23.0,13.0,19.0,12.0,22.0,15.0,24.0,22.0,21.0,27.0,13.0,15.0,27.0,30.0,36.0,25.0,23.0,14.0,31.0,21.0,19.0,25.0,17.0,15.0,25.0,21.0,20.0,26.0
23.0,30.0,36.0,30.0,46.0,45.0,33.0,23.0,41.0,25.0,43.0,29.0,30.0,26.0,30.0,30.0,33.0,29.0,33.0,30.0,37.0,31.0,36.0,36.0,41.0,25.0,41.0,33.0,39.0,34.0,30.0,25.0,45.0,30.0,38.0,30.0,30.0,36.0,30.0,36.0,38.0,30.0,28.0,33.0,29.0,33.0,37.0,43.0,37.0,38.0
18.0,18.0,17.0,21.0,25.0,15.0,15.0,23.0,12.0,21.0,25.0,23.0,18.0,20.0,26.0,24.0,20.0,25.0,26.0,15.0,23.0,21.0,24.0,28.0,23.0,18.0,17.0,18.0,19.0,22.0,22.0,25.0,27.0,26.0,21.0,20.0,19.0,32.0,26.0,19.0,18.0,30.0,15.0,20.0,17.0,25.0,24.0,31.0,23.0,35.0
41.0,28.0,35.0,22.0,31.0,39.0,30.0,38.0,36.0,45.0,24.0,32.0,36.0,34.0,34.0,27.0,31.0,26.0,31.0,29.0,34.0,32.0,28.0,28.0,33.0,36.0,30.0,40.0,35.0,25.0,33.0,30.0,36.0,44.0,41.0,41.0,37.0,26.0,32.0,41.0,38.0,29.0,29.0,26.0,30.0,41.0,32.0,44.0,22.0,39.0
39.0,30.0,35.0,25.0,34.0,29.0,22.0,22.0,30.0,21.0,34.0,34.0,37.0,41.0,28.0,27.0,26.0,34.0,36.0,34.0,36.0,39.0,36.0,31.0,35.0,26.0,20.0,18.0,29.0,31.0,44.0,28.0,23.0,29.0,22.0,31.0,32.0,28.0,24.0,34.0,29.0,30.0,24.0,28.0,30.0,28.0,28.0,27.0,31.0,32.0
34.0,30.0,38.0,29.0,43.0,37.0,24.0,28.0,30.0,35.0,25.0,34.0,27.0,35.0,31.0,38.0,34.0,36.0,29.0,30.0,38.0,37.0,26.0,29.0,32.0,27.0,42.0,24.0,34.0,28.0,27.0,36.0,37.0,33.0,28.0,47.0,41.0,36.0,32.0,31.0,30.0,35.0,34.0,34.0,32.0,37.0,30.0,34.0,38.0,31.0
30.0,34.0,19.0,38.0,34.0,27.0,30.0,31.0,32.0,25.0,33.0,22.0,25.0,22.0,33.0,39.0,32.0,25.0,25.0,27.0,25.0,24.0,19.0,39.0,17.0,41.0,26.0,29.0,25.0,23.0,29.0,25.0,20.0,25.0,32.0,39.0,38.0,24.0,30.0,29.0,36.0,23.0,19.0,44.0,32.0,32.0,17.0,27.0,17.0,29.0
28.0,45.0,31.0,36.0,42.0,40.0,45.0,33.0,35.0,39.0,33.0,34.0,23.0,32.0,31.0,33.0,33.0,31.0,22.0,31.0,37.0,36.0,33.0,38.0,33.0,29.0,31.0,37.0,28.0,34.0,36.0,35.0,35.0,29.0,35.0,37.0,38.0,42.0,48.0,34.0,24.0,23.0,27.0,41.0,38.0,33.0,35.0,27.0,33.0,29.0
