10,50,1000
15.885758,19.030234,16.035017,15.735317,18.792644,17.611423,18.677149,17.414674,19.192163,15.596847
6.196177,7.021172,5.657025,7.076545,9.240278,6.762367,5.254505,5.341357,5.662006,5.618899
0.0,10.0,20.0,30.0,40.0,50.0,60.0,70.0,80.0,90.0
10.0,0.0,10.0,20.0,30.0,40.0,50.0,60.0,70.0,80.0
20.0,10.0,0.0,10.0,20.0,30.0,40.0,50.0,60.0,70.0
30.0,20.0,10.0,0.0,10.0,20.0,30.0,40.0,50.0,60.0
40.0,30.0,20.0,10.0,0.0,10.0,20.0,30.0,40.0,50.0
50.0,40.0,30.0,20.0,10.0,0.0,10.0,20.0,30.0,40.0
60.0,50.0,40.0,30.0,20.0,10.0,0.0,10.0,20.0,30.0
70.0,60.0,50.0,40.0,30.0,20.0,10.0,0.0,10.0,20.0
80.0,70.0,60.0,50.0,40.0,30.0,20.0,10.0,0.0,10.0
90.0,80.0,70.0,60.0,50.0,40.0,30.0,20.0,10.0,0.0
450.0,400.0,350.0,300.0,250.0,250.0,300.0,350.0,400.0,450.0
0.0,1.0,2.0,3.0,4.0,5.0,6.0,7.0,8.0,9.0
1.0,0.0,1.0,2.0,3.0,4.0,5.0,6.0,7.0,8.0
2.0,1.0,0.0,1.0,2.0,3.0,4.0,5.0,6.0,7.0
3.0,2.0,1.0,0.0,1.0,2.0,3.0,4.0,5.0,6.0
4.0,3.0,2.0,1.0,0.0,1.0,2.0,3.0,4.0,5.0
5.0,4.0,3.0,2.0,1.0,0.0,1.0,2.0,3.0,4.0
6.0,5.0,4.0,3.0,2.0,1.0,0.0,1.0,2.0,3.0
7.0,6.0,5.0,4.0,3.0,2.0,1.0,0.0,1.0,2.0
8.0,7.0,6.0,5.0,4.0,3.0,2.0,1.0,0.0,1.0
9.0,8.0,7.0,6.0,5.0,4.0,3.0,2.0,1.0,0.0
45.0,40.0,35.0,30.0,25.0,25.0,30.0,35.0,40.0,45.0
20.0,28.0,27.0,26.0,17.0,21.0,22.0,23.0,28.0,31.0,26.0,22.0,24.0,24.0,23.0,30.0,19.0,15.0,29.0,17.0,27.0,27.0,24.0,18.0,22.0,33.0,23.0,24.0,18.0,24.0,26.0,23.0,24.0,19.0,22.0,20.0,34.0,21.0,31.0,25.0,25.0,20.0,29.0,23.0,22.0,28.0,12.0,27.0,21.0,26.0
36.0,22.0,35.0,28.0,28.0,17.0,38.0,23.0,23.0,27.0,20.0,20.0,40.0,36.0,29.0,23.0,30.0,34.0,36.0,32.0,32.0,25.0,25.0,26.0,39.0,24.0,41.0,23.0,22.0,35.0,27.0,22.0,34.0,12.0,24.0,28.0,20.0,34.0,40.0,32.0,31.0,32.0,29.0,24.0,31.0,31.0,28.0,29.0,32.0,29.0
24.0,20.0,21.0,23.0,27.0,22.0,23.0,20.0,19.0,21.0,25.0,24.0,23.0,28.0,27.0,22.0,22.0,23.0,20.0,15.0,24.0,23.0,27.0,24.0,24.0,26.0,24.0,19.0,16.0,26.0,31.0,24.0,20.0,22.0,23.0,13.0,28.0,29.0,18.0,23.0,14.0,24.0,21.0,23.0,30.0,22.0,23.0,23.0,28.0,20.0
30.0,34.0,31.0,38.0,36.0,32.0,32.0,31.0,30.0,20.0,29.0,19.0,25.0,23.0,21.0,19.0,40.0,28.0,23.0,18.0,30.0,32.0,32.0,21.0,35.0,35.0,28.0,26.0,23.0,29.0,28.0,35.0,37.0,33.0,26.0,22.0,32.0,30.0,31.0,32.0,32.0,28.0,16.0,34.0,24.0,36.0,25.0,18.0,27.0,19.0
36.0,34.0,29.0,42.0,35.0,51.0,32.0,25.0,35.0,42.0,38.0,36.0,41.0,22.0,30.0,26.0,38.0,38.0,28.0,35.0,37.0,27.0,31.0,34.0,38.0,32.0,37.0,25.0,38.0,33.0,33.0,34.0,35.0,32.0,36.0,41.0,45.0,38.0,45.0,37.0,24.0,43.0,35.0,29.0,27.0,28.0,39.0,30.0,38.0,31.0
29.0,30.0,31.0,30.0,33.0,24.0,21.0,31.0,24.0,30.0,29.0,26.0,27.0,19.0,28.0,23.0,18.0,29.0,24.0,33.0,28.0,32.0,26.0,26.0,26.0,28.0,24.0,27.0,22.0,21.0,20.0,16.0,30.0,37.0,26.0,26.0,27.0,23.0,20.0,26.0,31.0,25.0,28.0,39.0,20.0,23.0,26.0,29.0,25.0,34.0
21.0,21.0,32.0,16.0,25.0,28.0,17.0,23.0,20.0,23.0,21.0,18.0,15.0,20.0,21.0,28.0,23.0,28.0,15.0,19.0,26.0,26.0,22.0,19.0,28.0,23.0,28.0,19.0,18.0,18.0,24.0,30.0,17.0,35.0,28.0,26.0,27.0,20.0,17.0,28.0,19.0,20.0,28.0,25.0,18.0,22.0,16.0,15.0,16.0,21.0
21.0,21.0,18.0,15.0,20.0,21.0,15.0,20.0,30.0,18.0,22.0,27.0,20.0,20.0,20.0,18.0,20.0,20.0,20.0,21.0,22.0,15.0,17.0,20.0,23.0,22.0,24.0,21.0,23.0,28.0,21.0,22.0,19.0,19.0,25.0,22.0,23.0,22.0,18.0,17.0,32.0,17.0,22.0,17.0,24.0,28.0,30.0,23.0,18.0,21.0
21.0,24.0,18.0,28.0,26.0,30.0,23.0,14.0,16.0,20.0,24.0,17.0,21.0,32.0,13.0,24.0,21.0,38.0,18.0,20.0,18.0,19.0,27.0,16.0,22.0,25.0,14.0,19.0,15.0,32.0,24.0,20.0,18.0,20.0,30.0,25.0,19.0,16.0,24.0,26.0,20.0,26.0,23.0,24.0,22.0,21.0,22.0,26.0,19.0,25.0
18.0,18.0,29.0,26.0,28.0,20.0,27.0,18.0,13.0,25.0,24.0,27.0,29.0,22.0,19.0,23.0,21.0,29.0,28.0,20.0,19.0,26.0,26.0,20.0,21.0,24.0,21.0,13.0,22.0,23.0,21.0,25.0,22.0,17.0,18.0,23.0,18.0,12.0,28.0,18.0,26.0,23.0,23.0,21.0,26.0,21.0,15.0,27.0,26.0,16.0
