10,50,1000
16.72017,19.246884,17.721583,17.555203,16.419153,15.147851,16.221978,18.697949,19.951856,15.752701
5.064603,7.820587,9.103853,7.630097,7.856765,9.826996,5.877643,7.645738,6.570639,5.317158
0.0,10.0,20.0,30.0,40.0,50.0,60.0,70.0,80.0,90.0
10.0,0.0,10.0,20.0,30.0,40.0,50.0,60.0,70.0,80.0
20.0,10.0,0.0,10.0,20.0,30.0,40.0,50.0,60.0,70.0
30.0,20.0,10.0,0.0,10.0,20.0,30.0,40.0,50.0,60.0
40.0,30.0,20.0,10.0,0.0,10.0,20.0,30.0,40.0,50.0
50.0,40.0,30.0,20.0,10.0,0.0,10.0,20.0,30.0,40.0
60.0,50.0,40.0,30.0,20.0,10.0,0.0,10.0,20.0,30.0
70.0,60.0,50.0,40.0,30.0,20.0,10.0,0.0,10.0,20.0
80.0,70.0,60.0,50.0,40.0,30.0,20.0,10.0,0.0,10.0
90.0,80.0,70.0,60.0,50.0,40.0,30.0,20.0,10.0,0.0
450.0,400.0,350.0,300.0,250.0,250.0,300.0,350.0,400.0,450.0
0.0,1.0,2.0,3.0,4.0,5.0,6.0,7.0,8.0,9.0
1.0,0.0,1.0,2.0,3.0,4.0,5.0,6.0,7.0,8.0
2.0,1.0,0.0,1.0,2.0,3.0,4.0,5.0,6.0,7.0
3.0,2.0,1.0,0.0,1.0,2.0,3.0,4.0,5.0,6.0
4.0,3.0,2.0,1.0,0.0,1.0,2.0,3.0,4.0,5.0
5.0,4.0,3.0,2.0,1.0,0.0,1.0,2.0,3.0,4.0
6.0,5.0,4.0,3.0,2.0,1.0,0.0,1.0,2.0,3.0
7.0,6.0,5.0,4.0,3.0,2.0,1.0,0.0,1.0,2.0
8.0,7.0,6.0,5.0,4.0,3.0,2.0,1.0,0.0,1.0
9.0,8.0,7.0,6.0,5.0,4.0,3.0,2.0,1.0,0.0
45.0,40.0,35.0,30.0,25.0,25.0,30.0,35.0,40.0,45.0
22.0,19.0,24.0,23.0,20.0,19.0,28.0,18.0,12.0,29.0,18.0,14.0,28.0,29.0,24.0,21.0,28.0,14.0,22.0,23.0,15.0,28.0,18.0,23.0,14.0,20.0,19.0,26.0,24.0,17.0,18.0,28.0,22.0,30.0,16.0,30.0,24.0,19.0,29.0,24.0,25.0,24.0,22.0,16.0,28.0,20.0,17.0,31.0,31.0,21.0
30.0,28.0,22.0,35.0,24.0,19.0,32.0,37.0,27.0,32.0,28.0,22.0,28.0,29.0,31.0,31.0,28.0,36.0,49.0,40.0,32.0,32.0,28.0,25.0,34.0,34.0,24.0,25.0,24.0,21.0,31.0,28.0,36.0,29.0,32.0,33.0,29.0,26.0,24.0,29.0,41.0,34.0,25.0,34.0,34.0,33.0,27.0,36.0,28.0,24.0
31.0,42.0,37.0,35.0,30.0,32.0,30.0,30.0,25.0,38.0,42.0,28.0,35.0,34.0,20.0,38.0,32.0,23.0,28.0,32.0,29.0,25.0,31.0,33.0,30.0,32.0,35.0,33.0,24.0,37.0,34.0,35.0,36.0,41.0,30.0,24.0,35.0,31.0,34.0,35.0,38.0,35.0,36.0,31.0,35.0,33.0,28.0,39.0,36.0,28.0
25.0,33.0,35.0,25.0,27.0,39.0,30.0,26.0,30.0,35.0,29.0,27.0,30.0,31.0,25.0,36.0,29.0,27.0,39.0,33.0,28.0,28.0,36.0,22.0,37.0,27.0,33.0,28.0,27.0,30.0,32.0,35.0,32.0,24.0,30.0,32.0,31.0,35.0,21.0,23.0,17.0,47.0,33.0,34.0,40.0,25.0,27.0,30.0,23.0,27.0
33.0,24.0,31.0,34.0,32.0,38.0,26.0,22.0,26.0,28.0,38.0,34.0,31.0,38.0,27.0,23.0,21.0,33.0,27.0,31.0,35.0,30.0,27.0,30.0,31.0,36.0,42.0,30.0,33.0,34.0,34.0,33.0,28.0,24.0,34.0,34.0,29.0,33.0,39.0,25.0,20.0,22.0,35.0,29.0,30.0,32.0,33.0,29.0,34.0,24.0
23.0,40.0,28.0,34.0,32.0,45.0,38.0,47.0,25.0,46.0,37.0,34.0,43.0,39.0,35.0,40.0,44.0,34.0,41.0,34.0,45.0,35.0,32.0,40.0,36.0,38.0,44.0,33.0,41.0,41.0,30.0,34.0,38.0,39.0,32.0,42.0,41.0,35.0,30.0,32.0,47.0,43.0,30.0,28.0,28.0,27.0,43.0,33.0,37.0,31.0
18.0,24.0,29.0,28.0,26.0,23.0,21.0,22.0,29.0,21.0,24.0,31.0,26.0,24.0,28.0,25.0,24.0,38.0,15.0,27.0,28.0,27.0,18.0,19.0,17.0,32.0,13.0,27.0,23.0,24.0,21.0,20.0,29.0,14.0,28.0,21.0,25.0,26.0,26.0,17.0,17.0,20.0,21.0,31.0,19.0,18.0,21.0,13.0,15.0,14.0
27.0,22.0,26.0,26.0,31.0,36.0,39.0,25.0,29.0,31.0,24.0,39.0,27.0,36.0,31.0,30.0,29.0,31.0,32.0,29.0,33.0,34.0,30.0,23.0,33.0,20.0,26.0,27.0,32.0,31.0,35.0,29.0,26.0,28.0,25.0,26.0,26.0,26.0,23.0,24.0,32.0,36.0,28.0,31.0,27.0,33.0,30.0,30.0,27.0,24.0
28.0,28.0,23.0,29.0,23.0,25.0,37.0,21.0,36.0,30.0,26.0,22.0,22.0,33.0,30.0,30.0,27.0,23.0,26.0,21.0,27.0,26.0,23.0,31.0,21.0,30.0,25.0,28.0,20.0,26.0,24.0,18.0,29.0,27.0,23.0,21.0,26.0,24.0,29.0,24.0,25.0,22.0,30.0,23.0,29.0,27.0,22.0,19.0,29.0,20.0
15.0,19.0,22.0,25.0,18.0,16.0,23.0,20.0,22.0,21.0,18.0,28.0,19.0,15.0,21.0,18.0,9.0,19.0,23.0,31.0,16.0,17.0,17.0,19.0,21.0,18.0,25.0,26.0,19.0,23.0,15.0,14.0,19.0,19.0,17.0,24.0,24.0,20.0,24.0,19.0,23.0,35.0,26.0,17.0,20.0,10.0,25.0,29.0,26.0,16.0
