10,50,1000
17.273253,16.744199,18.323743,15.851042,15.45595,15.295461,18.990874,18.362604,16.812129,18.664994
7.987487,8.599918,8.187373,9.073978,9.772338,9.971299,8.014709,5.307039,7.720697,9.250655
0.0,10.0,20.0,30.0,40.0,50.0,60.0,70.0,80.0,90.0
10.0,0.0,10.0,20.0,30.0,40.0,50.0,60.0,70.0,80.0
20.0,10.0,0.0,10.0,20.0,30.0,40.0,50.0,60.0,70.0
30.0,20.0,10.0,0.0,10.0,20.0,30.0,40.0,50.0,60.0
40.0,30.0,20.0,10.0,0.0,10.0,20.0,30.0,40.0,50.0
50.0,40.0,30.0,20.0,10.0,0.0,10.0,20.0,30.0,40.0
60.0,50.0,40.0,30.0,20.0,10.0,0.0,10.0,20.0,30.0
70.0,60.0,50.0,40.0,30.0,20.0,10.0,0.0,10.0,20.0
80.0,70.0,60.0,50.0,40.0,30.0,20.0,10.0,0.0,10.0
90.0,80.0,70.0,60.0,50.0,40.0,30.0,20.0,10.0,0.0
450.0,400.0,350.0,300.0,250.0,250.0,300.0,350.0,400.0,450.0
0.0,1.0,2.0,3.0,4.0,5.0,6.0,7.0,8.0,9.0
1.0,0.0,1.0,2.0,3.0,4.0,5.0,6.0,7.0,8.0
2.0,1.0,0.0,1.0,2.0,3.0,4.0,5.0,6.0,7.0
3.0,2.0,1.0,0.0,1.0,2.0,3.0,4.0,5.0,6.0
4.0,3.0,2.0,1.0,0.0,1.0,2.0,3.0,4.0,5.0
5.0,4.0,3.0,2.0,1.0,0.0,1.0,2.0,3.0,4.0
6.0,5.0,4.0,3.0,2.0,1.0,0.0,1.0,2.0,3.0
7.0,6.0,5.0,4.0,3.0,2.0,1.0,0.0,1.0,2.0
8.0,7.0,6.0,5.0,4.0,3.0,2.0,1.0,0.0,1.0
9.0,8.0,7.0,6.0,5.0,4.0,3.0,2.0,1.0,0.0
45.0,40.0,35.0,30.0,25.0,25.0,30.0,35.0,40.0,45.0
41.0,41.0,32.0,27.0,41.0,31.0,37.0,27.0,30.0,26.0,26.0,31.0,20.0,22.0,32.0,36.0,30.0,41.0,36.0,35.0,24.0,32.0,29.0,36.0,20.0,28.0,31.0,35.0,23.0,25.0,33.0,28.0,35.0,35.0,29.0,22.0,27.0,34.0,32.0,44.0,19.0,24.0,19.0,26.0,20.0,23.0,29.0,37.0,38.0,37.0
26.0,35.0,29.0,34.0,31.0,33.0,38.0,29.0,41.0,44.0,33.0,42.0,32.0,26.0,38.0,36.0,35.0,38.0,35.0,34.0,30.0,27.0,24.0,45.0,35.0,35.0,37.0,30.0,28.0,44.0,30.0,33.0,33.0,35.0,32.0,30.0,39.0,31.0,30.0,29.0,33.0,36.0,28.0,38.0,37.0,34.0,31.0,28.0,36.0,30.0
31.0,39.0,20.0,27.0,26.0,33.0,22.0,30.0,29.0,34.0,23.0,33.0,30.0,33.0,33.0,34.0,30.0,40.0,37.0,29.0,25.0,37.0,36.0,21.0,38.0,38.0,29.0,33.0,35.0,37.0,24.0,42.0,27.0,39.0,33.0,38.0,19.0,35.0,31.0,32.0,34.0,27.0,24.0,31.0,35.0,40.0,26.0,31.0,31.0,32.0
33.0,31.0,30.0,33.0,36.0,33.0,36.0,30.0,31.0,36.0,30.0,22.0,35.0,34.0,26.0,40.0,29.0,33.0,31.0,25.0,34.0,27.0,45.0,30.0,36.0,32.0,31.0,21.0,35.0,36.0,35.0,40.0,32.0,43.0,28.0,41.0,32.0,35.0,30.0,39.0,27.0,38.0,37.0,36.0,39.0,34.0,24.0,26.0,33.0,33.0
35.0,39.0,32.0,40.0,41.0,38.0,31.0,32.0,39.0,34.0,28.0,31.0,32.0,24.0,38.0,33.0,38.0,34.0,31.0,35.0,39.0,35.0,38.0,30.0,38.0,31.0,37.0,24.0,32.0,43.0,39.0,45.0,29.0,30.0,38.0,33.0,36.0,42.0,30.0,32.0,30.0,38.0,40.0,36.0,39.0,33.0,33.0,31.0,26.0,30.0
38.0,32.0,34.0,35.0,40.0,34.0,31.0,32.0,35.0,37.0,37.0,42.0,36.0,37.0,39.0,40.0,43.0,35.0,37.0,38.0,37.0,23.0,40.0,34.0,32.0,38.0,30.0,38.0,38.0,28.0,37.0,32.0,30.0,40.0,39.0,24.0,27.0,33.0,36.0,35.0,44.0,28.0,27.0,36.0,35.0,33.0,30.0,36.0,30.0,41.0
43.0,39.0,24.0,25.0,27.0,25.0,37.0,26.0,36.0,31.0,31.0,35.0,38.0,34.0,35.0,23.0,36.0,28.0,27.0,40.0,22.0,28.0,42.0,46.0,33.0,27.0,35.0,33.0,25.0,36.0,42.0,34.0,30.0,34.0,28.0,40.0,26.0,22.0,34.0,27.0,39.0,27.0,24.0,35.0,25.0,46.0,23.0,28.0,39.0,24.0
19.0,17.0,22.0,29.0,26.0,12.0,22.0,22.0,15.0,13.0,26.0,15.0,20.0,19.0,23.0,21.0,23.0,30.0,17.0,19.0,26.0,19.0,23.0,21.0,21.0,22.0,32.0,12.0,27.0,21.0,24.0,13.0,20.0,18.0,24.0,22.0,15.0,24.0,18.0,20.0,21.0,19.0,15.0,21.0,24.0,24.0,25.0,22.0,21.0,25.0
24.0,38.0,42.0,33.0,28.0,25.0,21.0,27.0,24.0,34.0,37.0,33.0,29.0,24.0,33.0,21.0,28.0,36.0,19.0,31.0,30.0,28.0,15.0,28.0,25.0,20.0,39.0,23.0,32.0,24.0,27.0,28.0,25.0,28.0,25.0,36.0,39.0,25.0,36.0,30.0,31.0,36.0,26.0,35.0,33.0,27.0,26.0,34.0,18.0,29.0
35.0,21.0,41.0,34.0,37.0,36.0,29.0,34.0,36.0,31.0,39.0,42.0,34.0,28.0,28.0,36.0,38.0,42.0,37.0,32.0,40.0,36.0,26.0,35.0,30.0,31.0,24.0,43.0,28.0,35.0,36.0,43.0,39.0,40.0,40.0,40.0,38.0,30.0,35.0,28.0,37.0,33.0,39.0,33.0,37.0,34.0,42.0,36.0,49.0,34.0
