10,50,1000
19.350188,17.822533,17.724013,15.692662,16.83768,18.484483,15.884139,17.087321,17.122575,18.734175
8.54697,7.888952,7.005465,8.657985,5.320363,8.87289,7.256223,5.077994,8.993015,8.287525
0.0,10.0,20.0,30.0,40.0,50.0,60.0,70.0,80.0,90.0
10.0,0.0,10.0,20.0,30.0,40.0,50.0,60.0,70.0,80.0
20.0,10.0,0.0,10.0,20.0,30.0,40.0,50.0,60.0,70.0
30.0,20.0,10.0,0.0,10.0,20.0,30.0,40.0,50.0,60.0
40.0,30.0,20.0,10.0,0.0,10.0,20.0,30.0,40.0,50.0
50.0,40.0,30.0,20.0,10.0,0.0,10.0,20.0,30.0,40.0
60.0,50.0,40.0,30.0,20.0,10.0,0.0,10.0,20.0,30.0
70.0,60.0,50.0,40.0,30.0,20.0,10.0,0.0,10.0,20.0
80.0,70.0,60.0,50.0,40.0,30.0,20.0,10.0,0.0,10.0
90.0,80.0,70.0,60.0,50.0,40.0,30.0,20.0,10.0,0.0
450.0,400.0,350.0,300.0,250.0,250.0,300.0,350.0,400.0,450.0
0.0,1.0,2.0,3.0,4.0,5.0,6.0,7.0,8.0,9.0
1.0,0.0,1.0,2.0,3.0,4.0,5.0,6.0,7.0,8.0
2.0,1.0,0.0,1.0,2.0,3.0,4.0,5.0,6.0,7.0
3.0,2.0,1.0,0.0,1.0,2.0,3.0,4.0,5.0,6.0
4.0,3.0,2.0,1.0,0.0,1.0,2.0,3.0,4.0,5.0
5.0,4.0,3.0,2.0,1.0,0.0,1.0,2.0,3.0,4.0
6.0,5.0,4.0,3.0,2.0,1.0,0.0,1.0,2.0,3.0
7.0,6.0,5.0,4.0,3.0,2.0,1.0,0.0,1.0,2.0
8.0,7.0,6.0,5.0,4.0,3.0,2.0,1.0,0.0,1.0
9.0,8.0,7.0,6.0,5.0,4.0,3.0,2.0,1.0,0.0
45.0,40.0,35.0,30.0,25.0,25.0,30.0,35.0,40.0,45.0
34.0,36.0,28.0,32.0,31.0,30.0,26.0,38.0,45.0,34.0,32.0,33.0,37.0,37.0,30.0,25.0,35.0,30.0,37.0,30.0,34.0,24.0,35.0,27.0,30.0,38.0,37.0,34.0,31.0,43.0,34.0,39.0,26.0,34.0,41.0,38.0,30.0,31.0,29.0,29.0,35.0,34.0,27.0,32.0,33.0,40.0,38.0,25.0,22.0,28.0
31.0,30.0,23.0,36.0,32.0,22.0,29.0,36.0,31.0,25.0,39.0,38.0,23.0,22.0,26.0,27.0,28.0,29.0,35.0,36.0,35.0,30.0,22.0,32.0,36.0,27.0,26.0,30.0,33.0,31.0,28.0,35.0,29.0,23.0,23.0,37.0,34.0,32.0,29.0,22.0,25.0,28.0,28.0,38.0,33.0,31.0,21.0,30.0,25.0,27.0
31.0,25.0,28.0,34.0,32.0,42.0,29.0,22.0,23.0,25.0,26.0,26.0,26.0,32.0,31.0,19.0,25.0,30.0,26.0,22.0,23.0,34.0,29.0,25.0,26.0,30.0,24.0,30.0,19.0,24.0,21.0,26.0,18.0,23.0,25.0,24.0,28.0,23.0,26.0,22.0,28.0,33.0,33.0,21.0,21.0,30.0,24.0,17.0,27.0,24.0
43.0,32.0,36.0,28.0,31.0,35.0,32.0,34.0,32.0,31.0,38.0,39.0,31.0,39.0,28.0,25.0,36.0,35.0,26.0,31.0,16.0,31.0,21.0,31.0,27.0,30.0,29.0,40.0,33.0,39.0,30.0,26.0,40.0,29.0,30.0,23.0,33.0,29.0,33.0,33.0,29.0,43.0,34.0,30.0,34.0,37.0,31.0,29.0,30.0,34.0
29.0,23.0,15.0,21.0,23.0,15.0,26.0,14.0,28.0,26.0,27.0,29.0,25.0,25.0,18.0,29.0,26.0,24.0,20.0,22.0,32.0,20.0,21.0,30.0,27.0,28.0,21.0,19.0,18.0,22.0,21.0,18.0,22.0,15.0,21.0,35.0,22.0,25.0,23.0,25.0,15.0,18.0,21.0,29.0,23.0,23.0,24.0,18.0,21.0,22.0
36.0,35.0,35.0,29.0,32.0,37.0,22.0,38.0,23.0,32.0,37.0,45.0,43.0,25.0,29.0,27.0,36.0,25.0,30.0,30.0,36.0,30.0,34.0,27.0,22.0,32.0,30.0,31.0,38.0,48.0,19.0,31.0,38.0,27.0,40.0,28.0,30.0,28.0,36.0,33.0,36.0,28.0,36.0,34.0,31.0,29.0,36.0,33.0,39.0,34.0
30.0,26.0,21.0,27.0,28.0,25.0,34.0,26.0,28.0,33.0,33.0,27.0,26.0,28.0,30.0,25.0,24.0,27.0,23.0,23.0,31.0,34.0,25.0,26.0,30.0,18.0,24.0,25.0,30.0,31.0,19.0,25.0,33.0,21.0,24.0,30.0,18.0,28.0,32.0,26.0,22.0,22.0,37.0,19.0,28.0,24.0,22.0,28.0,23.0,20.0
19.0,18.0,22.0,22.0,32.0,21.0,26.0,21.0,18.0,18.0,17.0,23.0,18.0,21.0,27.0,16.0,29.0,18.0,25.0,17.0,20.0,20.0,21.0,18.0,19.0,22.0,20.0,13.0,13.0,25.0,22.0,20.0,30.0,26.0,28.0,30.0,17.0,24.0,26.0,27.0,17.0,18.0,21.0,13.0,25.0,20.0,22.0,15.0,26.0,17.0
28.0,36.0,32.0,44.0,43.0,29.0,30.0,27.0,28.0,40.0,43.0,38.0,29.0,22.0,29.0,32.0,29.0,27.0,21.0,29.0,39.0,32.0,30.0,28.0,27.0,25.0,30.0,30.0,42.0,30.0,38.0,30.0,34.0,34.0,44.0,45.0,35.0,25.0,29.0,35.0,35.0,34.0,28.0,34.0,26.0,39.0,37.0,31.0,31.0,25.0
35.0,31.0,40.0,25.0,32.0,28.0,30.0,33.0,19.0,32.0,25.0,27.0,31.0,27.0,21.0,39.0,36.0,37.0,34.0,22.0,28.0,26.0,29.0,27.0,36.0,35.0,28.0,32.0,35.0,32.0,35.0,37.0,29.0,38.0,30.0,29.0,36.0,35.0,28.0,45.0,24.0,34.0,34.0,29.0,29.0,40.0,25.0,39.0,33.0,34.0
