10,50,1000
19.908367,19.574652,18.539825,19.557725,17.381906,17.113397,16.722422,16.1506,16.224048,18.019412
5.029844,5.715226,7.432016,7.118259,5.870699,6.36359,5.48935,6.629742,9.908566,7.427458
0.0,10.0,20.0,30.0,40.0,50.0,60.0,70.0,80.0,90.0
10.0,0.0,10.0,20.0,30.0,40.0,50.0,60.0,70.0,80.0
20.0,10.0,0.0,10.0,20.0,30.0,40.0,50.0,60.0,70.0
30.0,20.0,10.0,0.0,10.0,20.0,30.0,40.0,50.0,60.0
40.0,30.0,20.0,10.0,0.0,10.0,20.0,30.0,40.0,50.0
50.0,40.0,30.0,20.0,10.0,0.0,10.0,20.0,30.0,40.0
60.0,50.0,40.0,30.0,20.0,10.0,0.0,10.0,20.0,30.0
70.0,60.0,50.0,40.0,30.0,20.0,10.0,0.0,10.0,20.0
80.0,70.0,60.0,50.0,40.0,30.0,20.0,10.0,0.0,10.0
90.0,80.0,70.0,60.0,50.0,40.0,30.0,20.0,10.0,0.0
450.0,400.0,350.0,300.0,250.0,250.0,300.0,350.0,400.0,450.0
0.0,1.0,2.0,3.0,4.0,5.0,6.0,7.0,8.0,9.0
1.0,0.0,1.0,2.0,3.0,4.0,5.0,6.0,7.0,8.0
2.0,1.0,0.0,1.0,2.0,3.0,4.0,5.0,6.0,7.0
3.0,2.0,1.0,0.0,1.0,2.0,3.0,4.0,5.0,6.0
4.0,3.0,2.0,1.0,0.0,1.0,2.0,3.0,4.0,5.0
5.0,4.0,3.0,2.0,1.0,0.0,1.0,2.0,3.0,4.0
6.0,5.0,4.0,3.0,2.0,1.0,0.0,1.0,2.0,3.0
7.0,6.0,5.0,4.0,3.0,2.0,1.0,0.0,1.0,2.0
8.0,7.0,6.0,5.0,4.0,3.0,2.0,1.0,0.0,1.0
9.0,8.0,7.0,6.0,5.0,4.0,3.0,2.0,1.0,0.0
45.0,40.0,35.0,30.0,25.0,25.0,30.0,35.0,40.0,45.0
26.0,18.0,19.0,24.0,17.0,17.0,22.0,24.0,20.0,18.0,20.0,23.0,20.0,18.0,21.0,17.0,27.0,22.0,30.0,16.0,22.0,26.0,20.0,18.0,27.0,20.0,26.0,13.0,26.0,20.0,29.0,32.0,15.0,23.0,21.0,21.0,25.0,15.0,22.0,26.0,21.0,24.0,25.0,25.0,18.0,24.0,26.0,26.0,17.0,20.0
17.0,22.0,21.0,32.0,24.0,25.0,36.0,27.0,22.0,29.0,30.0,22.0,24.0,23.0,24.0,21.0,20.0,26.0,30.0,24.0,37.0,17.0,17.0,20.0,16.0,19.0,27.0,18.0,18.0,29.0,18.0,25.0,21.0,33.0,26.0,24.0,36.0,29.0,21.0,27.0,28.0,33.0,19.0,27.0,17.0,25.0,22.0,26.0,15.0,14.0
30.0,32.0,31.0,33.0,36.0,21.0,40.0,29.0,22.0,39.0,27.0,31.0,27.0,28.0,23.0,28.0,27.0,31.0,30.0,28.0,32.0,24.0,28.0,33.0,29.0,24.0,39.0,28.0,28.0,26.0,23.0,29.0,29.0,22.0,27.0,28.0,27.0,19.0,36.0,30.0,31.0,34.0,31.0,30.0,28.0,23.0,26.0,36.0,17.0,21.0
29.0,33.0,40.0,28.0,23.0,18.0,32.0,28.0,22.0,24.0,24.0,27.0,32.0,26.0,32.0,27.0,35.0,27.0,19.0,29.0,29.0,20.0,22.0,20.0,33.0,23.0,35.0,25.0,29.0,33.0,23.0,24.0,35.0,33.0,30.0,29.0,31.0,19.0,33.0,21.0,21.0,29.0,27.0,26.0,25.0,23.0,26.0,33.0,32.0,32.0
15.0,31.0,31.0,21.0,26.0,27.0,27.0,22.0,23.0,20.0,33.0,28.0,35.0,24.0,25.0,26.0,28.0,20.0,17.0,22.0,37.0,20.0,29.0,16.0,22.0,29.0,31.0,24.0,21.0,19.0,23.0,27.0,27.0,17.0,21.0,27.0,24.0,20.0,19.0,25.0,30.0,28.0,30.0,16.0,24.0,14.0,25.0,21.0,28.0,18.0
30.0,24.0,27.0,26.0,31.0,21.0,25.0,18.0,20.0,19.0,26.0,28.0,23.0,42.0,30.0,20.0,27.0,36.0,22.0,24.0,31.0,19.0,26.0,22.0,26.0,22.0,26.0,26.0,23.0,36.0,22.0,26.0,25.0,25.0,17.0,26.0,26.0,31.0,17.0,18.0,17.0,15.0,33.0,18.0,18.0,28.0,27.0,34.0,25.0,27.0
22.0,19.0,24.0,24.0,21.0,27.0,19.0,25.0,17.0,28.0,19.0,26.0,23.0,21.0,23.0,16.0,19.0,22.0,19.0,19.0,20.0,22.0,20.0,22.0,17.0,24.0,16.0,12.0,27.0,26.0,22.0,23.0,22.0,23.0,15.0,26.0,24.0,23.0,17.0,24.0,16.0,26.0,23.0,21.0,22.0,22.0,21.0,28.0,22.0,19.0
26.0,21.0,24.0,28.0,20.0,30.0,23.0,26.0,34.0,26.0,25.0,23.0,21.0,30.0,28.0,26.0,35.0,16.0,31.0,23.0,32.0,26.0,21.0,18.0,29.0,28.0,34.0,18.0,19.0,31.0,32.0,25.0,21.0,23.0,25.0,17.0,20.0,31.0,23.0,31.0,24.0,26.0,31.0,34.0,29.0,25.0,33.0,24.0,32.0,23.0
34.0,37.0,40.0,41.0,34.0,37.0,33.0,32.0,47.0,37.0,42.0,29.0,42.0,31.0,47.0,36.0,27.0,29.0,31.0,34.0,23.0,48.0,43.0,36.0,43.0,29.0,37.0,40.0,36.0,29.0,41.0,40.0,32.0,41.0,35.0,26.0,38.0,34.0,39.0,34.0,30.0,31.0,28.0,35.0,40.0,47.0,30.0,25.0,24.0,33.0
28.0,21.0,27.0,24.0,31.0,25.0,36.0,22.0,27.0,29.0,30.0,34.0,30.0,30.0,29.0,33.0,25.0,23.0,29.0,24.0,15.0,30.0,26.0,28.0,26.0,24.0,35.0,30.0,30.0,26.0,31.0,23.0,25.0,24.0,37.0,25.0,50.0,23.0,32.0,30.0,31.0,36.0,36.0,29.0,22.0,25.0,28.0,20.0,28.0,19.0
