10,50,1000
18.265912,15.325,15.522887,17.100209,15.061383,17.767583,16.898176,19.053669,16.965178,17.264942
5.840626,9.065367,9.928772,9.168729,5.431569,8.915907,8.791946,5.370013,5.296507,7.179501
0.0,10.0,20.0,30.0,40.0,50.0,60.0,70.0,80.0,90.0
10.0,0.0,10.0,20.0,30.0,40.0,50.0,60.0,70.0,80.0
20.0,10.0,0.0,10.0,20.0,30.0,40.0,50.0,60.0,70.0
30.0,20.0,10.0,0.0,10.0,20.0,30.0,40.0,50.0,60.0
40.0,30.0,20.0,10.0,0.0,10.0,20.0,30.0,40.0,50.0
50.0,40.0,30.0,20.0,10.0,0.0,10.0,20.0,30.0,40.0
60.0,50.0,40.0,30.0,20.0,10.0,0.0,10.0,20.0,30.0
70.0,60.0,50.0,40.0,30.0,20.0,10.0,0.0,10.0,20.0
80.0,70.0,60.0,50.0,40.0,30.0,20.0,10.0,0.0,10.0
90.0,80.0,70.0,60.0,50.0,40.0,30.0,20.0,10.0,0.0
450.0,400.0,350.0,300.0,250.0,250.0,300.0,350.0,400.0,450.0
0.0,1.0,2.0,3.0,4.0,5.0,6.0,7.0,8.0,9.0
1.0,0.0,1.0,2.0,3.0,4.0,5.0,6.0,7.0,8.0
2.0,1.0,0.0,1.0,2.0,3.0,4.0,5.0,6.0,7.0
3.0,2.0,1.0,0.0,1.0,2.0,3.0,4.0,5.0,6.0
4.0,3.0,2.0,1.0,0.0,1.0,2.0,3.0,4.0,5.0
5.0,4.0,3.0,2.0,1.0,0.0,1.0,2.0,3.0,4.0
6.0,5.0,4.0,3.0,2.0,1.0,0.0,1.0,2.0,3.0
7.0,6.0,5.0,4.0,3.0,2.0,1.0,0.0,1.0,2.0
8.0,7.0,6.0,5.0,4.0,3.0,2.0,1.0,0.0,1.0
9.0,8.0,7.0,6.0,5.0,4.0,3.0,2.0,1.0,0.0
45.0,40.0,35.0,30.0,25.0,25.0,30.0,35.0,40.0,45.0
24.0,21.0,22.0,25.0,23.0,25.0,24.0,15.0,21.0,23.0,25.0,30.0,24.0,19.0,35.0,20.0,35.0,23.0,25.0,20.0,20.0,15.0,32.0,21.0,24.0,26.0,20.0,15.0,26.0,24.0,23.0,28.0,31.0,21.0,13.0,18.0,24.0,34.0,30.0,25.0,23.0,24.0,18.0,28.0,20.0,27.0,31.0,18.0,17.0,23.0
28.0,36.0,24.0,33.0,33.0,30.0,38.0,31.0,27.0,31.0,31.0,35.0,25.0,27.0,35.0,46.0,43.0,33.0,25.0,38.0,28.0,30.0,41.0,41.0,25.0,47.0,16.0,23.0,32.0,30.0,30.0,29.0,40.0,41.0,33.0,41.0,39.0,27.0,34.0,32.0,33.0,33.0,46.0,34.0,33.0,37.0,33.0,21.0,28.0,31.0
33.0,29.0,41.0,37.0,39.0,31.0,36.0,29.0,38.0,47.0,49.0,32.0,30.0,37.0,35.0,28.0,33.0,40.0,32.0,35.0,38.0,35.0,34.0,41.0,42.0,30.0,40.0,38.0,41.0,28.0,43.0,35.0,36.0,35.0,34.0,24.0,45.0,31.0,31.0,30.0,34.0,36.0,36.0,31.0,34.0,33.0,35.0,39.0,24.0,33.0
19.0,35.0,40.0,28.0,28.0,32.0,37.0,30.0,27.0,38.0,32.0,30.0,36.0,25.0,26.0,34.0,33.0,33.0,36.0,26.0,43.0,29.0,37.0,27.0,38.0,31.0,32.0,29.0,35.0,46.0,34.0,27.0,31.0,36.0,31.0,33.0,45.0,37.0,29.0,31.0,27.0,27.0,26.0,31.0,22.0,28.0,26.0,21.0,32.0,26.0
31.0,23.0,20.0,19.0,17.0,14.0,26.0,22.0,20.0,20.0,21.0,22.0,17.0,21.0,18.0,12.0,25.0,26.0,20.0,24.0,14.0,22.0,18.0,7.0,21.0,18.0,13.0,23.0,26.0,12.0,16.0,18.0,24.0,13.0,24.0,14.0,20.0,23.0,22.0,21.0,15.0,19.0,19.0,34.0,19.0,26.0,13.0,19.0,22.0,25.0
32.0,30.0,32.0,30.0,21.0,40.0,43.0,21.0,28.0,30.0,33.0,32.0,34.0,27.0,40.0,28.0,32.0,35.0,27.0,32.0,34.0,21.0,27.0,34.0,40.0,34.0,33.0,36.0,34.0,25.0,23.0,39.0,27.0,23.0,33.0,33.0,39.0,27.0,44.0,26.0,32.0,28.0,31.0,31.0,37.0,47.0,21.0,30.0,35.0,34.0
35.0,45.0,25.0,38.0,40.0,34.0,24.0,27.0,33.0,26.0,30.0,32.0,22.0,27.0,39.0,20.0,25.0,38.0,37.0,41.0,36.0,36.0,33.0,39.0,44.0,36.0,38.0,38.0,36.0,42.0,41.0,37.0,34.0,34.0,29.0,41.0,31.0,33.0,24.0,36.0,26.0,32.0,31.0,38.0,30.0,32.0,38.0,24.0,29.0,36.0
38.0,25.0,28.0,27.0,26.0,19.0,19.0,20.0,22.0,26.0,31.0,33.0,20.0,20.0,27.0,26.0,22.0,24.0,29.0,21.0,23.0,19.0,22.0,30.0,20.0,27.0,32.0,30.0,30.0,31.0,17.0,24.0,27.0,23.0,28.0,22.0,22.0,22.0,25.0,14.0,28.0,31.0,23.0,26.0,15.0,11.0,23.0,20.0,23.0,21.0
15.0,25.0,18.0,19.0,23.0,26.0,25.0,22.0,25.0,19.0,20.0,23.0,22.0,25.0,32.0,35.0,24.0,22.0,26.0,24.0,28.0,21.0,22.0,23.0,20.0,24.0,13.0,15.0,20.0,23.0,17.0,15.0,18.0,22.0,20.0,24.0,19.0,13.0,17.0,25.0,25.0,23.0,18.0,26.0,15.0,25.0,28.0,24.0,18.0,20.0
37.0,27.0,30.0,21.0,30.0,28.0,22.0,32.0,31.0,38.0,31.0,28.0,27.0,20.0,24.0,26.0,31.0,28.0,25.0,32.0,31.0,27.0,31.0,23.0,30.0,28.0,30.0,26.0,38.0,32.0,30.0,28.0,27.0,32.0,34.0,42.0,24.0,29.0,33.0,30.0,25.0,32.0,20.0,26.0,21.0,27.0,27.0,22.0,20.0,23.0
