10,50,1000
19.751379,18.837837,18.718619,15.398095,19.569133,18.769832,18.893881,17.111537,16.137948,18.909476
8.18451,9.966351,7.677715,9.406442,8.792808,5.404451,5.999268,7.004207,9.846641,9.136616
0.0,10.0,20.0,30.0,40.0,50.0,60.0,70.0,80.0,90.0
10.0,0.0,10.0,20.0,30.0,40.0,50.0,60.0,70.0,80.0
20.0,10.0,0.0,10.0,20.0,30.0,40.0,50.0,60.0,70.0
30.0,20.0,10.0,0.0,10.0,20.0,30.0,40.0,50.0,60.0
40.0,30.0,20.0,10.0,0.0,10.0,20.0,30.0,40.0,50.0
50.0,40.0,30.0,20.0,10.0,0.0,10.0,20.0,30.0,40.0
60.0,50.0,40.0,30.0,20.0,10.0,0.0,10.0,20.0,30.0
70.0,60.0,50.0,40.0,30.0,20.0,10.0,0.0,10.0,20.0
80.0,70.0,60.0,50.0,40.0,30.0,20.0,10.0,0.0,10.0
90.0,80.0,70.0,60.0,50.0,40.0,30.0,20.0,10.0,0.0
450.0,400.0,350.0,300.0,250.0,250.0,300.0,350.0,400.0,450.0
0.0,1.0,2.0,3.0,4.0,5.0,6.0,7.0,8.0,9.0
1.0,0.0,1.0,2.0,3.0,4.0,5.0,6.0,7.0,8.0
2.0,1.0,0.0,1.0,2.0,3.0,4.0,5.0,6.0,7.0
3.0,2.0,1.0,0.0,1.0,2.0,3.0,4.0,5.0,6.0
4.0,3.0,2.0,1.0,0.0,1.0,2.0,3.0,4.0,5.0
5.0,4.0,3.0,2.0,1.0,0.0,1.0,2.0,3.0,4.0
6.0,5.0,4.0,3.0,2.0,1.0,0.0,1.0,2.0,3.0
7.0,6.0,5.0,4.0,3.0,2.0,1.0,0.0,1.0,2.0
8.0,7.0,6.0,5.0,4.0,3.0,2.0,1.0,0.0,1.0
9.0,8.0,7.0,6.0,5.0,4.0,3.0,2.0,1.0,0.0
45.0,40.0,35.0,30.0,25.0,25.0,30.0,35.0,40.0,45.0
36.0,36.0,34.0,29.0,34.0,30.0,34.0,31.0,27.0,33.0,28.0,33.0,34.0,33.0,28.0,22.0,32.0,32.0,26.0,29.0,20.0,34.0,36.0,40.0,36.0,46.0,29.0,28.0,31.0,33.0,32.0,29.0,42.0,36.0,20.0,33.0,38.0,29.0,28.0,22.0,28.0,38.0,30.0,32.0,35.0,24.0,35.0,35.0,32.0,35.0
40.0,35.0,36.0,37.0,33.0,35.0,48.0,26.0,33.0,28.0,37.0,26.0,34.0,34.0,32.0,44.0,41.0,39.0,20.0,39.0,39.0,42.0,39.0,41.0,42.0,33.0,32.0,38.0,41.0,36.0,37.0,37.0,36.0,37.0,27.0,38.0,35.0,22.0,44.0,43.0,36.0,45.0,47.0,42.0,49.0,36.0,32.0,35.0,43.0,39.0
26.0,31.0,27.0,28.0,27.0,27.0,30.0,30.0,25.0,22.0,33.0,34.0,38.0,32.0,37.0,28.0,38.0,33.0,30.0,28.0,32.0,27.0,31.0,31.0,22.0,36.0,36.0,26.0,33.0,40.0,29.0,44.0,36.0,34.0,31.0,31.0,37.0,31.0,27.0,36.0,29.0,26.0,31.0,25.0,24.0,27.0,24.0,32.0,29.0,33.0
26.0,28.0,34.0,32.0,28.0,33.0,23.0,35.0,23.0,46.0,32.0,31.0,35.0,33.0,26.0,37.0,30.0,28.0,36.0,46.0,18.0,26.0,37.0,35.0,30.0,32.0,35.0,24.0,39.0,34.0,41.0,34.0,19.0,35.0,33.0,33.0,37.0,45.0,40.0,40.0,34.0,33.0,35.0,30.0,34.0,36.0,32.0,32.0,31.0,32.0
40.0,35.0,31.0,34.0,35.0,27.0,25.0,33.0,32.0,26.0,34.0,23.0,37.0,34.0,27.0,38.0,45.0,27.0,19.0,30.0,32.0,41.0,38.0,36.0,36.0,29.0,34.0,31.0,37.0,24.0,30.0,37.0,43.0,33.0,33.0,29.0,43.0,33.0,28.0,36.0,33.0,26.0,30.0,31.0,36.0,31.0,31.0,35.0,31.0,32.0
30.0,29.0,20.0,22.0,24.0,23.0,20.0,14.0,21.0,33.0,29.0,26.0,23.0,22.0,15.0,26.0,19.0,23.0,18.0,24.0,20.0,24.0,17.0,28.0,22.0,20.0,19.0,21.0,20.0,28.0,21.0,23.0,18.0,26.0,21.0,26.0,29.0,20.0,20.0,26.0,22.0,17.0,29.0,28.0,16.0,19.0,32.0,27.0,24.0,18.0
14.0,23.0,28.0,31.0,17.0,27.0,29.0,24.0,18.0,20.0,22.0,25.0,16.0,23.0,20.0,28.0,25.0,27.0,18.0,20.0,24.0,29.0,21.0,27.0,23.0,21.0,28.0,32.0,26.0,25.0,20.0,19.0,18.0,30.0,23.0,30.0,18.0,20.0,28.0,26.0,21.0,31.0,20.0,27.0,27.0,30.0,25.0,24.0,22.0,21.0
27.0,19.0,26.0,17.0,32.0,29.0,17.0,24.0,35.0,29.0,27.0,32.0,27.0,20.0,28.0,23.0,20.0,26.0,31.0,31.0,28.0,32.0,18.0,24.0,25.0,19.0,16.0,22.0,21.0,35.0,21.0,23.0,32.0,25.0,28.0,29.0,25.0,22.0,28.0,32.0,32.0,25.0,18.0,21.0,20.0,41.0,28.0,30.0,32.0,23.0
31.0,36.0,37.0,40.0,40.0,36.0,45.0,34.0,50.0,35.0,32.0,33.0,33.0,29.0,28.0,34.0,40.0,42.0,47.0,37.0,34.0,47.0,30.0,44.0,38.0,34.0,44.0,48.0,38.0,44.0,33.0,39.0,46.0,36.0,54.0,43.0,47.0,38.0,41.0,45.0,40.0,42.0,36.0,22.0,28.0,41.0,27.0,46.0,48.0,36.0
35.0,39.0,30.0,34.0,33.0,24.0,37.0,38.0,33.0,18.0,32.0,34.0,27.0,36.0,37.0,33.0,38.0,34.0,45.0,17.0,37.0,48.0,39.0,31.0,35.0,34.0,50.0,31.0,35.0,25.0,26.0,38.0,36.0,27.0,29.0,30.0,49.0,26.0,29.0,43.0,40.0,32.0,35.0,28.0,44.0,27.0,28.0,42.0,23.0,32.0
