10,50,1000
17.218113,16.109662,18.461104,17.470163,19.883732,16.538347,16.696837,18.01996,15.125033,18.543953
9.99164,5.130646,8.066612,7.809904,8.296087,9.111045,8.487388,5.451958,8.555239,6.2538
0.0,10.0,20.0,30.0,40.0,50.0,60.0,70.0,80.0,90.0
10.0,0.0,10.0,20.0,30.0,40.0,50.0,60.0,70.0,80.0
20.0,10.0,0.0,10.0,20.0,30.0,40.0,50.0,60.0,70.0
30.0,20.0,10.0,0.0,10.0,20.0,30.0,40.0,50.0,60.0
40.0,30.0,20.0,10.0,0.0,10.0,20.0,30.0,40.0,50.0
50.0,40.0,30.0,20.0,10.0,0.0,10.0,20.0,30.0,40.0
60.0,50.0,40.0,30.0,20.0,10.0,0.0,10.0,20.0,30.0
70.0,60.0,50.0,40.0,30.0,20.0,10.0,0.0,10.0,20.0
80.0,70.0,60.0,50.0,40.0,30.0,20.0,10.0,0.0,10.0
90.0,80.0,70.0,60.0,50.0,40.0,30.0,20.0,10.0,0.0
450.0,400.0,350.0,300.0,250.0,250.0,300.0,350.0,400.0,450.0
0.0,1.0,2.0,3.0,4.0,5.0,6.0,7.0,8.0,9.0
1.0,0.0,1.0,2.0,3.0,4.0,5.0,6.0,7.0,8.0
2.0,1.0,0.0,1.0,2.0,3.0,4.0,5.0,6.0,7.0
3.0,2.0,1.0,0.0,1.0,2.0,3.0,4.0,5.0,6.0
4.0,3.0,2.0,1.0,0.0,1.0,2.0,3.0,4.0,5.0
5.0,4.0,3.0,2.0,1.0,0.0,1.0,2.0,3.0,4.0
6.0,5.0,4.0,3.0,2.0,1.0,0.0,1.0,2.0,3.0
7.0,6.0,5.0,4.0,3.0,2.0,1.0,0.0,1.0,2.0
8.0,7.0,6.0,5.0,4.0,3.0,2.0,1.0,0.0,1.0
9.0,8.0,7.0,6.0,5.0,4.0,3.0,2.0,1.0,0.0
45.0,40.0,35.0,30.0,25.0,25.0,30.0,35.0,40.0,45.0
35.0,51.0,24.0,39.0,35.0,41.0,40.0,44.0,45.0,30.0,41.0,36.0,26.0,42.0,30.0,38.0,38.0,36.0,38.0,30.0,47.0,40.0,22.0,34.0,32.0,35.0,39.0,41.0,34.0,30.0,32.0,49.0,26.0,35.0,45.0,44.0,37.0,31.0,39.0,34.0,43.0,34.0,26.0,40.0,35.0,50.0,42.0,40.0,35.0,35.0
19.0,27.0,24.0,22.0,17.0,21.0,18.0,20.0,27.0,17.0,20.0,27.0,18.0,29.0,19.0,15.0,23.0,26.0,17.0,22.0,14.0,29.0,25.0,14.0,22.0,18.0,18.0,20.0,17.0,20.0,14.0,23.0,17.0,30.0,21.0,21.0,22.0,19.0,16.0,18.0,22.0,26.0,26.0,22.0,22.0,26.0,21.0,20.0,20.0,16.0
42.0,33.0,25.0,39.0,30.0,41.0,37.0,31.0,33.0,28.0,41.0,25.0,27.0,32.0,28.0,45.0,32.0,28.0,30.0,27.0,32.0,31.0,26.0,21.0,32.0,27.0,24.0,37.0,26.0,28.0,24.0,31.0,19.0,26.0,27.0,15.0,43.0,35.0,33.0,27.0,42.0,31.0,31.0,31.0,28.0,34.0,29.0,29.0,23.0,32.0
36.0,28.0,32.0,30.0,36.0,19.0,38.0,24.0,24.0,20.0,33.0,32.0,31.0,28.0,30.0,31.0,33.0,24.0,33.0,35.0,28.0,31.0,39.0,28.0,40.0,37.0,27.0,30.0,30.0,18.0,23.0,33.0,33.0,28.0,25.0,37.0,34.0,27.0,32.0,32.0,20.0,34.0,25.0,33.0,27.0,29.0,28.0,38.0,25.0,31.0
36.0,34.0,32.0,32.0,30.0,37.0,19.0,23.0,32.0,38.0,37.0,42.0,24.0,31.0,42.0,41.0,36.0,40.0,28.0,32.0,36.0,33.0,31.0,24.0,27.0,34.0,30.0,26.0,24.0,33.0,30.0,34.0,36.0,28.0,26.0,23.0,33.0,23.0,31.0,27.0,32.0,37.0,34.0,36.0,34.0,30.0,28.0,36.0,29.0,28.0
31.0,33.0,33.0,39.0,31.0,33.0,26.0,36.0,38.0,35.0,43.0,38.0,31.0,34.0,40.0,40.0,33.0,33.0,42.0,32.0,25.0,31.0,32.0,38.0,30.0,35.0,37.0,41.0,50.0,44.0,37.0,37.0,34.0,32.0,30.0,44.0,32.0,38.0,34.0,40.0,52.0,29.0,35.0,37.0,33.0,19.0,31.0,37.0,38.0,29.0
24.0,29.0,31.0,36.0,27.0,39.0,38.0,36.0,26.0,32.0,35.0,24.0,26.0,31.0,29.0,39.0,29.0,47.0,30.0,32.0,42.0,37.0,42.0,34.0,27.0,26.0,25.0,39.0,36.0,31.0,26.0,29.0,39.0,24.0,34.0,24.0,32.0,41.0,26.0,22.0,21.0,29.0,29.0,32.0,39.0,39.0,28.0,27.0,35.0,32.0
14.0,18.0,27.0,23.0,18.0,23.0,20.0,21.0,26.0,22.0,18.0,19.0,23.0,25.0,20.0,18.0,21.0,23.0,19.0,15.0,20.0,23.0,25.0,25.0,23.0,20.0,27.0,31.0,28.0,21.0,24.0,22.0,24.0,27.0,19.0,20.0,36.0,25.0,23.0,22.0,27.0,20.0,19.0,24.0,24.0,29.0,19.0,17.0,22.0,23.0
26.0,38.0,23.0,23.0,23.0,34.0,27.0,31.0,29.0,27.0,45.0,31.0,31.0,37.0,30.0,33.0,25.0,39.0,28.0,31.0,32.0,35.0,28.0,37.0,32.0,34.0,42.0,37.0,35.0,39.0,30.0,31.0,29.0,33.0,29.0,17.0,33.0,32.0,27.0,28.0,32.0,39.0,31.0,32.0,33.0,26.0,40.0,35.0,33.0,43.0
13.0,26.0,27.0,28.0,22.0,25.0,27.0,18.0,23.0,45.0,21.0,27.0,26.0,22.0,25.0,37.0,30.0,32.0,25.0,32.0,20.0,20.0,31.0,25.0,22.0,13.0,21.0,33.0,24.0,23.0,22.0,26.0,15.0,25.0,32.0,20.0,25.0,24.0,27.0,33.0,28.0,27.0,30.0,18.0,21.0,15.0,12.0,28.0,23.0,17.0
