10,50,1000
19.380299,16.538623,19.721001,17.202109,18.677924,17.244918,15.805644,18.818958,17.735909,19.225834
5.330623,6.287017,7.434641,7.909998,7.847372,7.388399,7.260647,8.427045,9.50757,8.967349
0.0,10.0,20.0,30.0,40.0,50.0,60.0,70.0,80.0,90.0
10.0,0.0,10.0,20.0,30.0,40.0,50.0,60.0,70.0,80.0
20.0,10.0,0.0,10.0,20.0,30.0,40.0,50.0,60.0,70.0
30.0,20.0,10.0,0.0,10.0,20.0,30.0,40.0,50.0,60.0
40.0,30.0,20.0,10.0,0.0,10.0,20.0,30.0,40.0,50.0
50.0,40.0,30.0,20.0,10.0,0.0,10.0,20.0,30.0,40.0
60.0,50.0,40.0,30.0,20.0,10.0,0.0,10.0,20.0,30.0
70.0,60.0,50.0,40.0,30.0,20.0,10.0,0.0,10.0,20.0
80.0,70.0,60.0,50.0,40.0,30.0,20.0,10.0,0.0,10.0
90.0,80.0,70.0,60.0,50.0,40.0,30.0,20.0,10.0,0.0
450.0,400.0,350.0,300.0,250.0,250.0,300.0,350.0,400.0,450.0
0.0,1.0,2.0,3.0,4.0,5.0,6.0,7.0,8.0,9.0
1.0,0.0,1.0,2.0,3.0,4.0,5.0,6.0,7.0,8.0
2.0,1.0,0.0,1.0,2.0,3.0,4.0,5.0,6.0,7.0
3.0,2.0,1.0,0.0,1.0,2.0,3.0,4.0,5.0,6.0
4.0,3.0,2.0,1.0,0.0,1.0,2.0,3.0,4.0,5.0
5.0,4.0,3.0,2.0,1.0,0.0,1.0,2.0,3.0,4.0
6.0,5.0,4.0,3.0,2.0,1.0,0.0,1.0,2.0,3.0
7.0,6.0,5.0,4.0,3.0,2.0,1.0,0.0,1.0,2.0
8.0,7.0,6.0,5.0,4.0,3.0,2.0,1.0,0.0,1.0
9.0,8.0,7.0,6.0,5.0,4.0,3.0,2.0,1.0,0.0
45.0,40.0,35.0,30.0,25.0,25.0,30.0,35.0,40.0,45.0
24.0,18.0,14.0,15.0,17.0,21.0,34.0,17.0,14.0,20.0,24.0,21.0,16.0,23.0,22.0,26.0,17.0,23.0,17.0,18.0,24.0,22.0,20.0,15.0,26.0,20.0,25.0,28.0,25.0,33.0,20.0,28.0,17.0,23.0,18.0,16.0,21.0,25.0,20.0,26.0,26.0,23.0,17.0,24.0,25.0,21.0,29.0,18.0,21.0,29.0
22.0,24.0,24.0,20.0,26.0,22.0,24.0,26.0,25.0,18.0,30.0,29.0,26.0,22.0,26.0,14.0,21.0,28.0,27.0,26.0,27.0,31.0,22.0,37.0,32.0,18.0,28.0,31.0,28.0,30.0,31.0,33.0,17.0,20.0,20.0,26.0,22.0,25.0,32.0,26.0,26.0,26.0,15.0,20.0,20.0,29.0,24.0,33.0,25.0,27.0
21.0,31.0,27.0,31.0,31.0,34.0,35.0,22.0,34.0,30.0,26.0,24.0,32.0,33.0,29.0,40.0,30.0,33.0,25.0,34.0,23.0,20.0,22.0,32.0,31.0,25.0,29.0,40.0,30.0,32.0,32.0,31.0,29.0,34.0,34.0,20.0,29.0,39.0,37.0,27.0,23.0,32.0,22.0,16.0,29.0,23.0,35.0,29.0,32.0,33.0
40.0,32.0,36.0,35.0,29.0,41.0,35.0,32.0,41.0,30.0,30.0,28.0,41.0,30.0,27.0,36.0,31.0,28.0,33.0,30.0,21.0,37.0,36.0,34.0,30.0,23.0,22.0,28.0,38.0,31.0,29.0,17.0,41.0,34.0,27.0,37.0,27.0,30.0,22.0,30.0,25.0,30.0,29.0,33.0,27.0,27.0,32.0,34.0,31.0,29.0
36.0,29.0,28.0,30.0,25.0,22.0,29.0,32.0,28.0,28.0,32.0,26.0,30.0,28.0,30.0,28.0,37.0,46.0,31.0,29.0,34.0,24.0,28.0,41.0,31.0,37.0,33.0,28.0,28.0,26.0,20.0,23.0,24.0,38.0,29.0,35.0,36.0,34.0,31.0,28.0,31.0,26.0,25.0,31.0,37.0,25.0,21.0,24.0,34.0,40.0
26.0,25.0,24.0,25.0,19.0,26.0,38.0,27.0,34.0,29.0,40.0,30.0,31.0,27.0,23.0,22.0,29.0,31.0,24.0,27.0,15.0,23.0,25.0,19.0,25.0,27.0,30.0,24.0,34.0,30.0,35.0,23.0,31.0,26.0,26.0,22.0,27.0,29.0,35.0,26.0,30.0,23.0,25.0,25.0,20.0,35.0,28.0,34.0,31.0,31.0
21.0,22.0,17.0,30.0,24.0,27.0,24.0,25.0,29.0,23.0,42.0,23.0,21.0,25.0,34.0,24.0,23.0,30.0,19.0,29.0,29.0,28.0,38.0,24.0,32.0,30.0,23.0,21.0,28.0,26.0,31.0,24.0,19.0,38.0,19.0,32.0,26.0,31.0,31.0,35.0,25.0,15.0,32.0,22.0,29.0,15.0,22.0,31.0,25.0,21.0
29.0,46.0,37.0,33.0,30.0,23.0,34.0,27.0,28.0,37.0,23.0,37.0,34.0,33.0,38.0,42.0,33.0,37.0,26.0,29.0,41.0,30.0,38.0,32.0,42.0,28.0,35.0,35.0,34.0,25.0,24.0,47.0,27.0,27.0,28.0,25.0,41.0,43.0,35.0,26.0,23.0,26.0,23.0,35.0,29.0,25.0,23.0,30.0,39.0,28.0
35.0,39.0,34.0,41.0,37.0,42.0,22.0,36.0,30.0,27.0,36.0,40.0,36.0,37.0,31.0,33.0,42.0,28.0,31.0,36.0,38.0,31.0,45.0,40.0,38.0,24.0,31.0,30.0,39.0,26.0,38.0,30.0,29.0,28.0,39.0,36.0,32.0,32.0,23.0,39.0,45.0,30.0,26.0,37.0,33.0,27.0,39.0,40.0,37.0,33.0
25.0,35.0,37.0,35.0,33.0,27.0,36.0,32.0,34.0,33.0,30.0,29.0,48.0,36.0,25.0,29.0,34.0,26.0,27.0,37.0,31.0,25.0,31.0,46.0,27.0,29.0,23.0,32.0,38.0,26.0,31.0,28.0,28.0,41.0,39.0,39.0,39.0,34.0,34.0,29.0,28.0,21.0,30.0,37.0,42.0,35.0,31.0,35.0,32.0,31.0
