10,50,1000
16.671248,16.801562,17.315032,19.197106,15.157337,15.129785,18.69183,16.464123,18.793313,15.903789
8.887312,9.944911,5.331645,7.485077,5.396559,9.574829,6.932519,9.773557,8.202427,9.212738
0.0,10.0,20.0,30.0,40.0,50.0,60.0,70.0,80.0,90.0
10.0,0.0,10.0,20.0,30.0,40.0,50.0,60.0,70.0,80.0
20.0,10.0,0.0,10.0,20.0,30.0,40.0,50.0,60.0,70.0
30.0,20.0,10.0,0.0,10.0,20.0,30.0,40.0,50.0,60.0
40.0,30.0,20.0,10.0,0.0,10.0,20.0,30.0,40.0,50.0
50.0,40.0,30.0,20.0,10.0,0.0,10.0,20.0,30.0,40.0
60.0,50.0,40.0,30.0,20.0,10.0,0.0,10.0,20.0,30.0
70.0,60.0,50.0,40.0,30.0,20.0,10.0,0.0,10.0,20.0
80.0,70.0,60.0,50.0,40.0,30.0,20.0,10.0,0.0,10.0
90.0,80.0,70.0,60.0,50.0,40.0,30.0,20.0,10.0,0.0
450.0,400.0,350.0,300.0,250.0,250.0,300.0,350.0,400.0,450.0
0.0,1.0,2.0,3.0,4.0,5.0,6.0,7.0,8.0,9.0
1.0,0.0,1.0,2.0,3.0,4.0,5.0,6.0,7.0,8.0
2.0,1.0,0.0,1.0,2.0,3.0,4.0,5.0,6.0,7.0
3.0,2.0,1.0,0.0,1.0,2.0,3.0,4.0,5.0,6.0
4.0,3.0,2.0,1.0,0.0,1.0,2.0,3.0,4.0,5.0
5.0,4.0,3.0,2.0,1.0,0.0,1.0,2.0,3.0,4.0
6.0,5.0,4.0,3.0,2.0,1.0,0.0,1.0,2.0,3.0
7.0,6.0,5.0,4.0,3.0,2.0,1.0,0.0,1.0,2.0
8.0,7.0,6.0,5.0,4.0,3.0,2.0,1.0,0.0,1.0
9.0,8.0,7.0,6.0,5.0,4.0,3.0,2.0,1.0,0.0
45.0,40.0,35.0,30.0,25.0,25.0,30.0,35.0,40.0,45.0
36.0,35.0,31.0,35.0,27.0,47.0,30.0,27.0,36.0,19.0,34.0,30.0,36.0,39.0,41.0,38.0,28.0,40.0,28.0,45.0,34.0,40.0,30.0,36.0,29.0,35.0,33.0,30.0,28.0,32.0,27.0,29.0,32.0,24.0,39.0,26.0,38.0,36.0,28.0,26.0,25.0,32.0,30.0,20.0,33.0,46.0,46.0,31.0,34.0,30.0
31.0,30.0,39.0,41.0,44.0,37.0,38.0,27.0,32.0,37.0,39.0,27.0,30.0,35.0,37.0,38.0,28.0,49.0,29.0,38.0,41.0,38.0,30.0,26.0,31.0,40.0,36.0,44.0,35.0,26.0,35.0,34.0,35.0,47.0,34.0,37.0,33.0,37.0,43.0,41.0,40.0,44.0,41.0,50.0,36.0,45.0,39.0,44.0,31.0,36.0
20.0,29.0,22.0,21.0,19.0,18.0,24.0,26.0,22.0,29.0,24.0,30.0,18.0,25.0,17.0,19.0,13.0,18.0,24.0,15.0,11.0,15.0,31.0,21.0,15.0,20.0,27.0,17.0,18.0,23.0,21.0,32.0,23.0,20.0,22.0,21.0,22.0,30.0,21.0,16.0,33.0,18.0,24.0,24.0,22.0,17.0,16.0,22.0,20.0,28.0
24.0,31.0,41.0,30.0,27.0,32.0,27.0,40.0,35.0,31.0,22.0,30.0,29.0,26.0,21.0,37.0,17.0,33.0,23.0,27.0,27.0,33.0,26.0,35.0,33.0,28.0,19.0,37.0,25.0,37.0,35.0,26.0,28.0,26.0,21.0,30.0,25.0,22.0,32.0,26.0,31.0,31.0,25.0,28.0,34.0,34.0,20.0,36.0,38.0,24.0
17.0,17.0,28.0,23.0,33.0,17.0,24.0,18.0,18.0,23.0,21.0,18.0,20.0,27.0,25.0,18.0,18.0,20.0,28.0,20.0,12.0,24.0,12.0,32.0,27.0,25.0,23.0,24.0,27.0,22.0,32.0,28.0,20.0,26.0,21.0,15.0,20.0,18.0,18.0,26.0,25.0,24.0,23.0,24.0,21.0,28.0,26.0,22.0,20.0,14.0
32.0,33.0,32.0,40.0,26.0,38.0,31.0,51.0,31.0,39.0,45.0,27.0,27.0,37.0,26.0,36.0,34.0,28.0,35.0,23.0,37.0,32.0,35.0,43.0,37.0,36.0,18.0,27.0,33.0,31.0,33.0,39.0,26.0,39.0,26.0,33.0,34.0,41.0,29.0,35.0,27.0,41.0,41.0,37.0,47.0,38.0,40.0,32.0,39.0,33.0
19.0,24.0,27.0,43.0,28.0,18.0,33.0,22.0,31.0,27.0,26.0,29.0,32.0,29.0,31.0,31.0,26.0,29.0,22.0,25.0,29.0,27.0,26.0,36.0,33.0,30.0,33.0,22.0,30.0,29.0,27.0,22.0,25.0,22.0,19.0,28.0,34.0,27.0,23.0,20.0,27.0,29.0,29.0,24.0,16.0,25.0,32.0,28.0,26.0,26.0
29.0,39.0,29.0,35.0,44.0,28.0,42.0,31.0,32.0,37.0,33.0,34.0,39.0,29.0,32.0,36.0,30.0,42.0,28.0,32.0,37.0,39.0,36.0,35.0,30.0,31.0,37.0,29.0,29.0,32.0,23.0,39.0,37.0,29.0,39.0,30.0,36.0,29.0,38.0,30.0,42.0,34.0,41.0,41.0,35.0,41.0,41.0,29.0,40.0,42.0
41.0,17.0,23.0,32.0,27.0,32.0,26.0,21.0,21.0,27.0,32.0,29.0,34.0,41.0,40.0,27.0,25.0,32.0,25.0,35.0,29.0,32.0,30.0,33.0,28.0,28.0,35.0,19.0,34.0,33.0,30.0,27.0,27.0,24.0,42.0,32.0,35.0,22.0,40.0,33.0,30.0,33.0,27.0,30.0,23.0,26.0,30.0,27.0,27.0,38.0
32.0,28.0,29.0,36.0,35.0,39.0,41.0,38.0,39.0,32.0,34.0,36.0,39.0,32.0,29.0,29.0,36.0,32.0,23.0,30.0,29.0,44.0,28.0,33.0,33.0,39.0,37.0,39.0,35.0,40.0,37.0,26.0,32.0,41.0,40.0,33.0,34.0,24.0,36.0,43.0,28.0,35.0,36.0,28.0,34.0,40.0,31.0,37.0,33.0,35.0
