10,50,1000
16.730569,18.591822,18.645397,15.217193,17.354389,17.158714,15.268925,16.6289,17.952836,17.319804
6.938969,8.160662,5.430423,8.292494,8.266188,8.56534,9.76477,7.444442,9.052601,9.053435
0.0,10.0,20.0,30.0,40.0,50.0,60.0,70.0,80.0,90.0
10.0,0.0,10.0,20.0,30.0,40.0,50.0,60.0,70.0,80.0
20.0,10.0,0.0,10.0,20.0,30.0,40.0,50.0,60.0,70.0
30.0,20.0,10.0,0.0,10.0,20.0,30.0,40.0,50.0,60.0
40.0,30.0,20.0,10.0,0.0,10.0,20.0,30.0,40.0,50.0
50.0,40.0,30.0,20.0,10.0,0.0,10.0,20.0,30.0,40.0
60.0,50.0,40.0,30.0,20.0,10.0,0.0,10.0,20.0,30.0
70.0,60.0,50.0,40.0,30.0,20.0,10.0,0.0,10.0,20.0
80.0,70.0,60.0,50.0,40.0,30.0,20.0,10.0,0.0,10.0
90.0,80.0,70.0,60.0,50.0,40.0,30.0,20.0,10.0,0.0
450.0,400.0,350.0,300.0,250.0,250.0,300.0,350.0,400.0,450.0
0.0,1.0,2.0,3.0,4.0,5.0,6.0,7.0,8.0,9.0
1.0,0.0,1.0,2.0,3.0,4.0,5.0,6.0,7.0,8.0
2.0,1.0,0.0,1.0,2.0,3.0,4.0,5.0,6.0,7.0
3.0,2.0,1.0,0.0,1.0,2.0,3.0,4.0,5.0,6.0
4.0,3.0,2.0,1.0,0.0,1.0,2.0,3.0,4.0,5.0
5.0,4.0,3.0,2.0,1.0,0.0,1.0,2.0,3.0,4.0
6.0,5.0,4.0,3.0,2.0,1.0,0.0,1.0,2.0,3.0
7.0,6.0,5.0,4.0,3.0,2.0,1.0,0.0,1.0,2.0
8.0,7.0,6.0,5.0,4.0,3.0,2.0,1.0,0.0,1.0
9.0,8.0,7.0,6.0,5.0,4.0,3.0,2.0,1.0,0.0
45.0,40.0,35.0,30.0,25.0,25.0,30.0,35.0,40.0,45.0
26.0,36.0,36.0,24.0,32.0,21.0,19.0,30.0,24.0,29.0,26.0,30.0,30.0,22.0,40.0,27.0,23.0,23.0,24.0,30.0,31.0,25.0,19.0,29.0,34.0,32.0,32.0,27.0,29.0,35.0,33.0,23.0,29.0,37.0,26.0,28.0,30.0,25.0,30.0,31.0,30.0,25.0,28.0,23.0,22.0,36.0,20.0,33.0,26.0,29.0
39.0,25.0,32.0,19.0,29.0,37.0,29.0,32.0,27.0,24.0,28.0,34.0,40.0,32.0,31.0,30.0,38.0,32.0,30.0,33.0,27.0,41.0,38.0,35.0,36.0,28.0,33.0,47.0,28.0,31.0,39.0,32.0,34.0,35.0,23.0,34.0,38.0,26.0,32.0,25.0,35.0,31.0,20.0,41.0,28.0,33.0,33.0,34.0,26.0,25.0
19.0,16.0,20.0,17.0,31.0,25.0,19.0,19.0,28.0,26.0,29.0,20.0,21.0,28.0,26.0,18.0,23.0,19.0,25.0,18.0,24.0,25.0,28.0,23.0,23.0,29.0,22.0,21.0,23.0,27.0,26.0,27.0,28.0,28.0,26.0,25.0,19.0,16.0,28.0,21.0,28.0,18.0,23.0,24.0,32.0,23.0,19.0,14.0,20.0,23.0
19.0,28.0,43.0,36.0,38.0,21.0,37.0,32.0,31.0,33.0,35.0,27.0,31.0,35.0,49.0,33.0,31.0,32.0,38.0,41.0,26.0,43.0,38.0,28.0,24.0,27.0,29.0,33.0,34.0,28.0,39.0,22.0,29.0,23.0,27.0,36.0,43.0,32.0,20.0,31.0,21.0,38.0,35.0,27.0,30.0,37.0,34.0,29.0,33.0,26.0
26.0,30.0,29.0,24.0,31.0,40.0,33.0,33.0,21.0,43.0,24.0,26.0,32.0,22.0,31.0,32.0,32.0,26.0,30.0,39.0,31.0,18.0,30.0,35.0,27.0,36.0,31.0,38.0,37.0,32.0,33.0,30.0,25.0,31.0,30.0,25.0,30.0,40.0,28.0,29.0,31.0,28.0,35.0,32.0,27.0,32.0,38.0,27.0,35.0,27.0
43.0,24.0,31.0,30.0,31.0,36.0,28.0,24.0,39.0,26.0,23.0,28.0,33.0,30.0,31.0,33.0,37.0,27.0,35.0,22.0,38.0,31.0,41.0,32.0,24.0,36.0,25.0,31.0,30.0,38.0,37.0,27.0,29.0,33.0,24.0,36.0,26.0,29.0,30.0,36.0,27.0,27.0,29.0,38.0,30.0,39.0,31.0,39.0,26.0,34.0
30.0,37.0,32.0,43.0,31.0,31.0,31.0,31.0,33.0,37.0,41.0,28.0,35.0,27.0,34.0,38.0,36.0,43.0,34.0,40.0,41.0,35.0,33.0,35.0,33.0,35.0,30.0,37.0,20.0,33.0,47.0,36.0,31.0,26.0,34.0,35.0,33.0,28.0,40.0,34.0,29.0,23.0,37.0,32.0,44.0,36.0,37.0,40.0,39.0,39.0
24.0,26.0,23.0,24.0,33.0,35.0,30.0,37.0,24.0,28.0,34.0,26.0,35.0,28.0,32.0,28.0,30.0,29.0,26.0,29.0,24.0,25.0,25.0,31.0,30.0,19.0,44.0,23.0,31.0,16.0,32.0,24.0,33.0,25.0,29.0,31.0,29.0,17.0,20.0,26.0,33.0,31.0,27.0,28.0,23.0,27.0,31.0,30.0,29.0,28.0
34.0,30.0,30.0,29.0,32.0,36.0,33.0,44.0,30.0,36.0,39.0,29.0,42.0,37.0,43.0,32.0,49.0,32.0,38.0,31.0,38.0,38.0,33.0,31.0,49.0,36.0,26.0,33.0,32.0,27.0,34.0,33.0,40.0,29.0,30.0,41.0,44.0,45.0,38.0,38.0,43.0,41.0,24.0,26.0,29.0,23.0,36.0,38.0,37.0,27.0
32.0,34.0,25.0,32.0,39.0,34.0,41.0,30.0,30.0,33.0,36.0,32.0,31.0,31.0,30.0,22.0,30.0,33.0,36.0,22.0,31.0,32.0,38.0,20.0,28.0,28.0,43.0,31.0,34.0,26.0,41.0,23.0,42.0,32.0,36.0,41.0,31.0,34.0,35.0,29.0,29.0,38.0,19.0,33.0,30.0,37.0,33.0,38.0,32.0,35.0
