10,50,1000
18.003726,15.952695,19.864928,15.398367,15.058095,19.568917,15.02291,19.954642,18.003387,19.651709
9.454479,7.534503,8.205983,6.183805,8.011808,7.242777,8.037605,7.236256,5.877593,7.812108
0.0,10.0,20.0,30.0,40.0,50.0,60.0,70.0,80.0,90.0
10.0,0.0,10.0,20.0,30.0,40.0,50.0,60.0,70.0,80.0
20.0,10.0,0.0,10.0,20.0,30.0,40.0,50.0,60.0,70.0
30.0,20.0,10.0,0.0,10.0,20.0,30.0,40.0,50.0,60.0
40.0,30.0,20.0,10.0,0.0,10.0,20.0,30.0,40.0,50.0
50.0,40.0,30.0,20.0,10.0,0.0,10.0,20.0,30.0,40.0
60.0,50.0,40.0,30.0,20.0,10.0,0.0,10.0,20.0,30.0
70.0,60.0,50.0,40.0,30.0,20.0,10.0,0.0,10.0,20.0
80.0,70.0,60.0,50.0,40.0,30.0,20.0,10.0,0.0,10.0
90.0,80.0,70.0,60.0,50.0,40.0,30.0,20.0,10.0,0.0
450.0,400.0,350.0,300.0,250.0,250.0,300.0,350.0,400.0,450.0
0.0,1.0,2.0,3.0,4.0,5.0,6.0,7.0,8.0,9.0
1.0,0.0,1.0,2.0,3.0,4.0,5.0,6.0,7.0,8.0
2.0,1.0,0.0,1.0,2.0,3.0,4.0,5.0,6.0,7.0
3.0,2.0,1.0,0.0,1.0,2.0,3.0,4.0,5.0,6.0
4.0,3.0,2.0,1.0,0.0,1.0,2.0,3.0,4.0,5.0
5.0,4.0,3.0,2.0,1.0,0.0,1.0,2.0,3.0,4.0
6.0,5.0,4.0,3.0,2.0,1.0,0.0,1.0,2.0,3.0
7.0,6.0,5.0,4.0,3.0,2.0,1.0,0.0,1.0,2.0
8.0,7.0,6.0,5.0,4.0,3.0,2.0,1.0,0.0,1.0
9.0,8.0,7.0,6.0,5.0,4.0,3.0,2.0,1.0,0.0
45.0,40.0,35.0,30.0,25.0,25.0,30.0,35.0,40.0,45.0
35.0,33.0,30.0,25.0,39.0,42.0,42.0,28.0,37.0,29.0,35.0,33.0,35.0,32.0,34.0,40.0,32.0,36.0,31.0,38.0,38.0,37.0,30.0,31.0,38.0,30.0,42.0,43.0,39.0,45.0,32.0,34.0,41.0,37.0,42.0,36.0,41.0,46.0,34.0,53.0,33.0,38.0,37.0,38.0,37.0,42.0,42.0,34.0,38.0,35.0
35.0,29.0,34.0,31.0,25.0,29.0,20.0,33.0,26.0,32.0,23.0,25.0,28.0,29.0,31.0,30.0,29.0,32.0,25.0,24.0,33.0,28.0,33.0,22.0,29.0,17.0,31.0,28.0,27.0,27.0,25.0,22.0,26.0,21.0,30.0,33.0,22.0,32.0,29.0,35.0,37.0,27.0,19.0,33.0,26.0,17.0,23.0,22.0,20.0,33.0
30.0,30.0,36.0,42.0,29.0,41.0,36.0,31.0,42.0,29.0,31.0,35.0,28.0,35.0,34.0,36.0,35.0,36.0,32.0,31.0,22.0,27.0,34.0,25.0,33.0,32.0,33.0,36.0,28.0,40.0,25.0,27.0,46.0,34.0,31.0,25.0,32.0,31.0,33.0,41.0,28.0,32.0,35.0,37.0,23.0,29.0,29.0,31.0,32.0,30.0
19.0,27.0,32.0,24.0,30.0,31.0,30.0,27.0,24.0,26.0,21.0,22.0,21.0,31.0,33.0,20.0,29.0,27.0,27.0,24.0,27.0,28.0,21.0,27.0,20.0,33.0,18.0,24.0,28.0,20.0,21.0,27.0,30.0,23.0,28.0,22.0,25.0,24.0,32.0,23.0,31.0,29.0,23.0,24.0,39.0,21.0,33.0,19.0,11.0,24.0
27.0,27.0,37.0,34.0,29.0,24.0,30.0,32.0,39.0,32.0,31.0,33.0,22.0,30.0,25.0,31.0,33.0,34.0,25.0,33.0,28.0,26.0,21.0,32.0,35.0,33.0,34.0,30.0,24.0,37.0,35.0,39.0,29.0,31.0,33.0,35.0,34.0,20.0,32.0,23.0,35.0,24.0,22.0,28.0,20.0,23.0,35.0,28.0,31.0,39.0
25.0,28.0,20.0,31.0,20.0,32.0,37.0,30.0,22.0,40.0,32.0,25.0,32.0,21.0,27.0,24.0,43.0,38.0,41.0,28.0,28.0,26.0,23.0,12.0,39.0,30.0,24.0,30.0,31.0,31.0,36.0,30.0,42.0,29.0,31.0,29.0,42.0,37.0,34.0,27.0,27.0,37.0,31.0,32.0,39.0,30.0,32.0,33.0,25.0,23.0
24.0,29.0,38.0,36.0,25.0,30.0,33.0,30.0,38.0,33.0,49.0,24.0,21.0,33.0,32.0,27.0,24.0,30.0,30.0,31.0,29.0,21.0,44.0,31.0,39.0,26.0,26.0,29.0,33.0,37.0,36.0,26.0,33.0,31.0,34.0,24.0,29.0,33.0,29.0,28.0,28.0,29.0,28.0,31.0,32.0,28.0,22.0,39.0,25.0,34.0
22.0,29.0,33.0,21.0,30.0,34.0,30.0,36.0,19.0,32.0,18.0,29.0,29.0,30.0,28.0,27.0,26.0,38.0,35.0,25.0,26.0,38.0,36.0,36.0,30.0,42.0,20.0,32.0,32.0,23.0,23.0,27.0,33.0,27.0,29.0,27.0,31.0,25.0,33.0,27.0,36.0,31.0,32.0,27.0,28.0,34.0,26.0,39.0,27.0,28.0
18.0,19.0,28.0,23.0,15.0,25.0,20.0,32.0,24.0,29.0,20.0,24.0,21.0,19.0,14.0,29.0,30.0,29.0,24.0,28.0,32.0,25.0,29.0,27.0,27.0,25.0,30.0,18.0,21.0,29.0,19.0,25.0,27.0,22.0,19.0,27.0,21.0,22.0,28.0,24.0,21.0,30.0,23.0,19.0,24.0,31.0,18.0,19.0,27.0,27.0
31.0,20.0,25.0,43.0,29.0,31.0,22.0,33.0,25.0,34.0,27.0,20.0,27.0,38.0,39.0,31.0,32.0,31.0,22.0,27.0,24.0,38.0,28.0,32.0,22.0,39.0,27.0,30.0,32.0,17.0,28.0,39.0,26.0,42.0,24.0,28.0,24.0,19.0,32.0,30.0,23.0,41.0,30.0,35.0,25.0,34.0,30.0,32.0,34.0,36.0
