10,50,1000
17.492033,19.41603,17.405698,19.846394,17.885895,19.574795,18.29336,18.142864,17.576958,19.34661
8.731067,9.082017,9.555216,7.850263,5.681194,5.793466,9.080903,8.06734,7.498091,9.589651
0.0,10.0,20.0,30.0,40.0,50.0,60.0,70.0,80.0,90.0
10.0,0.0,10.0,20.0,30.0,40.0,50.0,60.0,70.0,80.0
20.0,10.0,0.0,10.0,20.0,30.0,40.0,50.0,60.0,70.0
30.0,20.0,10.0,0.0,10.0,20.0,30.0,40.0,50.0,60.0
40.0,30.0,20.0,10.0,0.0,10.0,20.0,30.0,40.0,50.0
50.0,40.0,30.0,20.0,10.0,0.0,10.0,20.0,30.0,40.0
60.0,50.0,40.0,30.0,20.0,10.0,0.0,10.0,20.0,30.0
70.0,60.0,50.0,40.0,30.0,20.0,10.0,0.0,10.0,20.0
80.0,70.0,60.0,50.0,40.0,30.0,20.0,10.0,0.0,10.0
90.0,80.0,70.0,60.0,50.0,40.0,30.0,20.0,10.0,0.0
450.0,400.0,350.0,300.0,250.0,250.0,300.0,350.0,400.0,450.0
0.0,1.0,2.0,3.0,4.0,5.0,6.0,7.0,8.0,9.0
1.0,0.0,1.0,2.0,3.0,4.0,5.0,6.0,7.0,8.0
2.0,1.0,0.0,1.0,2.0,3.0,4.0,5.0,6.0,7.0
3.0,2.0,1.0,0.0,1.0,2.0,3.0,4.0,5.0,6.0
4.0,3.0,2.0,1.0,0.0,1.0,2.0,3.0,4.0,5.0
5.0,4.0,3.0,2.0,1.0,0.0,1.0,2.0,3.0,4.0
6.0,5.0,4.0,3.0,2.0,1.0,0.0,1.0,2.0,3.0
7.0,6.0,5.0,4.0,3.0,2.0,1.0,0.0,1.0,2.0
8.0,7.0,6.0,5.0,4.0,3.0,2.0,1.0,0.0,1.0
9.0,8.0,7.0,6.0,5.0,4.0,3.0,2.0,1.0,0.0
45.0,40.0,35.0,30.0,25.0,25.0,30.0,35.0,40.0,45.0
31.0,30.0,25.0,37.0,29.0,35.0,31.0,30.0,30.0,47.0,27.0,29.0,49.0,31.0,29.0,40.0,30.0,31.0,28.0,30.0,35.0,34.0,32.0,33.0,41.0,31.0,32.0,28.0,38.0,35.0,41.0,38.0,30.0,32.0,33.0,32.0,28.0,33.0,31.0,34.0,31.0,26.0,35.0,40.0,32.0,29.0,36.0,33.0,23.0,32.0
21.0,37.0,45.0,35.0,21.0,34.0,33.0,29.0,42.0,38.0,38.0,31.0,38.0,25.0,23.0,34.0,39.0,34.0,33.0,27.0,32.0,35.0,44.0,37.0,34.0,35.0,43.0,43.0,30.0,27.0,40.0,36.0,30.0,26.0,33.0,44.0,30.0,21.0,28.0,38.0,31.0,27.0,33.0,43.0,34.0,32.0,24.0,30.0,34.0,29.0
36.0,28.0,33.0,41.0,28.0,35.0,36.0,32.0,43.0,39.0,49.0,44.0,42.0,29.0,32.0,31.0,35.0,32.0,43.0,44.0,43.0,43.0,32.0,44.0,32.0,36.0,36.0,46.0,38.0,42.0,25.0,39.0,35.0,37.0,43.0,29.0,39.0,27.0,41.0,35.0,25.0,31.0,36.0,33.0,35.0,41.0,28.0,40.0,44.0,44.0
30.0,37.0,28.0,33.0,30.0,32.0,23.0,35.0,39.0,33.0,23.0,30.0,27.0,30.0,32.0,29.0,32.0,37.0,19.0,25.0,29.0,29.0,39.0,34.0,29.0,29.0,20.0,31.0,26.0,28.0,37.0,31.0,35.0,35.0,34.0,37.0,32.0,15.0,28.0,27.0,39.0,46.0,28.0,30.0,29.0,25.0,43.0,28.0,22.0,30.0
26.0,19.0,25.0,25.0,22.0,12.0,31.0,28.0,17.0,30.0,24.0,20.0,24.0,27.0,22.0,23.0,20.0,21.0,20.0,18.0,18.0,21.0,24.0,26.0,24.0,31.0,28.0,26.0,21.0,26.0,27.0,26.0,11.0,26.0,10.0,23.0,25.0,17.0,25.0,26.0,26.0,17.0,27.0,17.0,20.0,19.0,19.0,18.0,17.0,32.0
21.0,28.0,18.0,28.0,26.0,21.0,24.0,27.0,32.0,20.0,15.0,18.0,20.0,22.0,18.0,21.0,24.0,23.0,23.0,17.0,23.0,21.0,19.0,30.0,30.0,32.0,27.0,24.0,27.0,21.0,24.0,22.0,24.0,28.0,23.0,28.0,26.0,23.0,21.0,26.0,33.0,23.0,29.0,18.0,20.0,30.0,20.0,12.0,22.0,24.0
28.0,34.0,40.0,26.0,30.0,29.0,43.0,31.0,29.0,33.0,45.0,36.0,40.0,24.0,28.0,31.0,45.0,37.0,44.0,28.0,32.0,30.0,26.0,32.0,34.0,42.0,25.0,40.0,37.0,24.0,36.0,32.0,42.0,36.0,36.0,38.0,31.0,41.0,40.0,31.0,23.0,32.0,31.0,34.0,24.0,34.0,30.0,28.0,30.0,33.0
28.0,36.0,29.0,24.0,24.0,35.0,26.0,31.0,32.0,26.0,29.0,31.0,22.0,25.0,39.0,19.0,41.0,33.0,31.0,36.0,33.0,24.0,28.0,33.0,44.0,35.0,32.0,24.0,36.0,42.0,27.0,37.0,36.0,21.0,22.0,37.0,32.0,28.0,37.0,28.0,33.0,29.0,27.0,27.0,38.0,37.0,38.0,39.0,29.0,31.0
29.0,33.0,32.0,32.0,27.0,27.0,33.0,26.0,30.0,29.0,24.0,24.0,28.0,37.0,35.0,31.0,27.0,31.0,28.0,27.0,21.0,25.0,32.0,24.0,45.0,25.0,28.0,34.0,28.0,26.0,32.0,33.0,24.0,42.0,28.0,35.0,38.0,19.0,32.0,29.0,23.0,27.0,24.0,26.0,37.0,28.0,29.0,28.0,29.0,26.0
31.0,37.0,32.0,31.0,37.0,40.0,35.0,36.0,29.0,34.0,39.0,43.0,53.0,33.0,23.0,30.0,42.0,40.0,32.0,29.0,34.0,35.0,35.0,39.0,45.0,33.0,44.0,36.0,25.0,40.0,32.0,37.0,36.0,31.0,38.0,36.0,24.0,38.0,38.0,39.0,29.0,37.0,40.0,26.0,33.0,37.0,31.0,31.0,29.0,39.0
