10,50,1000
18.050238,17.217088,18.800464,17.803815,18.328485,15.445662,15.190866,17.173953,16.341705,17.808663
9.42629,6.823861,8.937258,7.682555,5.166848,8.802702,6.724885,9.8978,6.746727,6.29845
0.0,10.0,20.0,30.0,40.0,50.0,60.0,70.0,80.0,90.0
10.0,0.0,10.0,20.0,30.0,40.0,50.0,60.0,70.0,80.0
20.0,10.0,0.0,10.0,20.0,30.0,40.0,50.0,60.0,70.0
30.0,20.0,10.0,0.0,10.0,20.0,30.0,40.0,50.0,60.0
40.0,30.0,20.0,10.0,0.0,10.0,20.0,30.0,40.0,50.0
50.0,40.0,30.0,20.0,10.0,0.0,10.0,20.0,30.0,40.0
60.0,50.0,40.0,30.0,20.0,10.0,0.0,10.0,20.0,30.0
70.0,60.0,50.0,40.0,30.0,20.0,10.0,0.0,10.0,20.0
80.0,70.0,60.0,50.0,40.0,30.0,20.0,10.0,0.0,10.0
90.0,80.0,70.0,60.0,50.0,40.0,30.0,20.0,10.0,0.0
450.0,400.0,350.0,300.0,250.0,250.0,300.0,350.0,400.0,450.0
0.0,1.0,2.0,3.0,4.0,5.0,6.0,7.0,8.0,9.0
1.0,0.0,1.0,2.0,3.0,4.0,5.0,6.0,7.0,8.0
2.0,1.0,0.0,1.0,2.0,3.0,4.0,5.0,6.0,7.0
3.0,2.0,1.0,0.0,1.0,2.0,3.0,4.0,5.0,6.0
4.0,3.0,2.0,1.0,0.0,1.0,2.0,3.0,4.0,5.0
5.0,4.0,3.0,2.0,1.0,0.0,1.0,2.0,3.0,4.0
6.0,5.0,4.0,3.0,2.0,1.0,0.0,1.0,2.0,3.0
7.0,6.0,5.0,4.0,3.0,2.0,1.0,0.0,1.0,2.0
8.0,7.0,6.0,5.0,4.0,3.0,2.0,1.0,0.0,1.0
9.0,8.0,7.0,6.0,5.0,4.0,3.0,2.0,1.0,0.0
45.0,40.0,35.0,30.0,25.0,25.0,30.0,35.0,40.0,45.0
41.0,31.0,35.0,32.0,41.0,32.0,34.0,36.0,34.0,42.0,32.0,28.0,30.0,28.0,37.0,36.0,37.0,24.0,40.0,36.0,32.0,42.0,28.0,38.0,28.0,34.0,34.0,43.0,29.0,36.0,38.0,25.0,40.0,33.0,30.0,45.0,34.0,36.0,46.0,33.0,27.0,35.0,42.0,42.0,38.0,38.0,34.0,39.0,30.0,41.0
22.0,20.0,31.0,35.0,25.0,42.0,27.0,30.0,22.0,16.0,38.0,29.0,23.0,22.0,30.0,28.0,31.0,33.0,30.0,20.0,25.0,25.0,25.0,13.0,20.0,29.0,29.0,28.0,27.0,20.0,28.0,25.0,22.0,28.0,28.0,33.0,18.0,28.0,26.0,20.0,20.0,24.0,26.0,29.0,21.0,26.0,31.0,28.0,29.0,24.0
35.0,39.0,32.0,28.0,31.0,31.0,44.0,31.0,25.0,36.0,29.0,26.0,41.0,33.0,23.0,24.0,32.0,28.0,46.0,35.0,37.0,38.0,34.0,35.0,21.0,32.0,34.0,22.0,38.0,34.0,38.0,34.0,33.0,33.0,35.0,20.0,36.0,29.0,37.0,33.0,32.0,38.0,34.0,46.0,35.0,29.0,35.0,37.0,38.0,42.0
27.0,21.0,17.0,24.0,27.0,25.0,29.0,38.0,32.0,39.0,37.0,31.0,27.0,28.0,25.0,30.0,24.0,38.0,31.0,23.0,25.0,33.0,29.0,29.0,24.0,27.0,28.0,27.0,35.0,27.0,32.0,33.0,28.0,34.0,31.0,21.0,25.0,36.0,30.0,34.0,31.0,29.0,32.0,29.0,35.0,27.0,29.0,33.0,26.0,25.0
16.0,20.0,19.0,22.0,25.0,25.0,29.0,24.0,22.0,15.0,33.0,18.0,22.0,19.0,19.0,30.0,28.0,16.0,28.0,29.0,23.0,17.0,20.0,19.0,19.0,15.0,25.0,21.0,28.0,26.0,23.0,26.0,20.0,32.0,27.0,24.0,24.0,20.0,24.0,15.0,16.0,18.0,25.0,16.0,26.0,15.0,18.0,24.0,21.0,17.0
35.0,34.0,34.0,43.0,29.0,39.0,40.0,36.0,40.0,30.0,25.0,40.0,32.0,24.0,36.0,30.0,34.0,19.0,30.0,30.0,39.0,31.0,39.0,31.0,31.0,32.0,42.0,28.0,31.0,33.0,33.0,26.0,39.0,28.0,43.0,43.0,38.0,23.0,35.0,31.0,29.0,32.0,28.0,29.0,37.0,35.0,36.0,39.0,28.0,26.0
28.0,23.0,30.0,28.0,27.0,31.0,25.0,26.0,23.0,29.0,31.0,21.0,23.0,26.0,25.0,22.0,26.0,25.0,21.0,19.0,32.0,30.0,33.0,28.0,28.0,19.0,24.0,25.0,25.0,17.0,33.0,26.0,33.0,28.0,20.0,27.0,23.0,24.0,25.0,32.0,33.0,34.0,28.0,26.0,32.0,16.0,23.0,29.0,26.0,25.0
37.0,39.0,33.0,43.0,38.0,40.0,37.0,37.0,32.0,35.0,38.0,39.0,28.0,39.0,39.0,36.0,33.0,27.0,40.0,26.0,33.0,35.0,35.0,35.0,35.0,27.0,41.0,31.0,32.0,25.0,32.0,50.0,42.0,29.0,22.0,38.0,45.0,32.0,44.0,38.0,39.0,35.0,32.0,30.0,23.0,38.0,39.0,38.0,33.0,41.0
26.0,29.0,26.0,30.0,28.0,32.0,25.0,23.0,26.0,20.0,26.0,20.0,27.0,21.0,37.0,33.0,25.0,21.0,24.0,41.0,26.0,28.0,20.0,19.0,28.0,13.0,23.0,32.0,26.0,33.0,29.0,22.0,26.0,28.0,18.0,25.0,26.0,30.0,19.0,25.0,28.0,31.0,22.0,25.0,30.0,36.0,30.0,30.0,21.0,21.0
27.0,22.0,23.0,23.0,29.0,28.0,20.0,30.0,26.0,23.0,24.0,21.0,31.0,21.0,28.0,18.0,29.0,36.0,26.0,27.0,24.0,23.0,21.0,24.0,26.0,21.0,22.0,25.0,19.0,20.0,13.0,25.0,21.0,33.0,17.0,26.0,28.0,24.0,18.0,21.0,24.0,35.0,32.0,25.0,38.0,28.0,27.0,23.0,24.0,26.0
