10,50,1000
15.837579,19.616861,16.133101,17.949551,16.274586,16.135818,18.6337,19.878824,19.329841,15.705463
7.914417,5.673293,9.056515,8.242769,5.559657,5.713953,8.674197,8.051763,5.581811,7.406219
0.0,10.0,20.0,30.0,40.0,50.0,60.0,70.0,80.0,90.0
10.0,0.0,10.0,20.0,30.0,40.0,50.0,60.0,70.0,80.0
20.0,10.0,0.0,10.0,20.0,30.0,40.0,50.0,60.0,70.0
30.0,20.0,10.0,0.0,10.0,20.0,30.0,40.0,50.0,60.0
40.0,30.0,20.0,10.0,0.0,10.0,20.0,30.0,40.0,50.0
50.0,40.0,30.0,20.0,10.0,0.0,10.0,20.0,30.0,40.0
60.0,50.0,40.0,30.0,20.0,10.0,0.0,10.0,20.0,30.0
70.0,60.0,50.0,40.0,30.0,20.0,10.0,0.0,10.0,20.0
80.0,70.0,60.0,50.0,40.0,30.0,20.0,10.0,0.0,10.0
90.0,80.0,70.0,60.0,50.0,40.0,30.0,20.0,10.0,0.0
450.0,400.0,350.0,300.0,250.0,250.0,300.0,350.0,400.0,450.0
0.0,1.0,2.0,3.0,4.0,5.0,6.0,7.0,8.0,9.0
1.0,0.0,1.0,2.0,3.0,4.0,5.0,6.0,7.0,8.0
2.0,1.0,0.0,1.0,2.0,3.0,4.0,5.0,6.0,7.0
3.0,2.0,1.0,0.0,1.0,2.0,3.0,4.0,5.0,6.0
4.0,3.0,2.0,1.0,0.0,1.0,2.0,3.0,4.0,5.0
5.0,4.0,3.0,2.0,1.0,0.0,1.0,2.0,3.0,4.0
6.0,5.0,4.0,3.0,2.0,1.0,0.0,1.0,2.0,3.0
7.0,6.0,5.0,4.0,3.0,2.0,1.0,0.0,1.0,2.0
8.0,7.0,6.0,5.0,4.0,3.0,2.0,1.0,0.0,1.0
9.0,8.0,7.0,6.0,5.0,4.0,3.0,2.0,1.0,0.0
45.0,40.0,35.0,30.0,25.0,25.0,30.0,35.0,40.0,45.0
39.0,28.0,27.0,30.0,39.0,27.0,37.0,25.0,36.0,34.0,29.0,29.0,32.0,30.0,21.0,28.0,29.0,37.0,28.0,27.0,37.0,29.0,36.0,36.0,35.0,28.0,25.0,25.0,29.0,31.0,31.0,28.0,32.0,30.0,35.0,30.0,30.0,31.0,31.0,29.0,30.0,14.0,22.0,26.0,26.0,24.0,25.0,35.0,31.0,32.0
30.0,33.0,24.0,28.0,28.0,25.0,13.0,28.0,37.0,26.0,32.0,24.0,28.0,28.0,20.0,20.0,27.0,24.0,23.0,23.0,23.0,27.0,28.0,21.0,25.0,24.0,21.0,27.0,23.0,22.0,21.0,33.0,21.0,18.0,20.0,33.0,22.0,20.0,19.0,26.0,25.0,16.0,26.0,20.0,30.0,21.0,23.0,23.0,24.0,23.0
40.0,39.0,30.0,37.0,32.0,36.0,23.0,27.0,40.0,40.0,34.0,37.0,40.0,19.0,33.0,34.0,29.0,43.0,23.0,39.0,26.0,37.0,33.0,36.0,41.0,38.0,30.0,34.0,30.0,31.0,25.0,41.0,27.0,30.0,42.0,31.0,31.0,34.0,19.0,33.0,36.0,27.0,34.0,41.0,31.0,40.0,39.0,38.0,28.0,37.0
33.0,38.0,31.0,21.0,28.0,27.0,31.0,22.0,28.0,41.0,38.0,35.0,26.0,24.0,26.0,26.0,27.0,28.0,24.0,32.0,28.0,30.0,23.0,35.0,30.0,33.0,23.0,32.0,37.0,37.0,29.0,43.0,23.0,34.0,37.0,34.0,23.0,22.0,37.0,31.0,27.0,30.0,44.0,33.0,30.0,31.0,31.0,37.0,37.0,29.0
16.0,19.0,18.0,30.0,19.0,22.0,20.0,18.0,22.0,20.0,20.0,27.0,20.0,29.0,19.0,22.0,16.0,16.0,30.0,17.0,15.0,21.0,18.0,25.0,15.0,24.0,19.0,28.0,15.0,22.0,13.0,14.0,21.0,15.0,15.0,24.0,20.0,20.0,27.0,28.0,23.0,20.0,20.0,22.0,22.0,13.0,26.0,14.0,22.0,19.0
19.0,26.0,23.0,22.0,25.0,14.0,28.0,23.0,18.0,30.0,22.0,25.0,27.0,32.0,25.0,14.0,23.0,33.0,17.0,25.0,35.0,25.0,16.0,27.0,21.0,29.0,17.0,21.0,27.0,14.0,18.0,21.0,17.0,22.0,20.0,18.0,28.0,20.0,21.0,32.0,22.0,25.0,25.0,25.0,18.0,32.0,25.0,23.0,22.0,17.0
31.0,28.0,33.0,33.0,33.0,31.0,36.0,27.0,38.0,40.0,44.0,35.0,37.0,39.0,30.0,36.0,29.0,19.0,33.0,40.0,23.0,38.0,35.0,28.0,28.0,46.0,38.0,30.0,26.0,38.0,36.0,29.0,36.0,22.0,28.0,27.0,38.0,26.0,28.0,27.0,36.0,22.0,43.0,34.0,35.0,34.0,46.0,53.0,36.0,20.0
28.0,28.0,33.0,29.0,27.0,38.0,35.0,30.0,25.0,27.0,21.0,36.0,36.0,35.0,31.0,23.0,37.0,36.0,30.0,31.0,33.0,34.0,29.0,36.0,37.0,31.0,24.0,31.0,30.0,37.0,33.0,38.0,38.0,28.0,28.0,31.0,34.0,22.0,35.0,33.0,35.0,38.0,30.0,30.0,24.0,28.0,33.0,33.0,31.0,40.0
24.0,20.0,33.0,22.0,22.0,30.0,14.0,23.0,26.0,26.0,22.0,25.0,19.0,21.0,23.0,22.0,21.0,19.0,24.0,15.0,20.0,25.0,18.0,16.0,17.0,29.0,17.0,25.0,34.0,33.0,32.0,27.0,14.0,31.0,19.0,22.0,16.0,26.0,26.0,19.0,24.0,23.0,23.0,30.0,25.0,26.0,17.0,33.0,18.0,22.0
29.0,28.0,20.0,30.0,25.0,26.0,26.0,27.0,20.0,28.0,31.0,28.0,25.0,24.0,32.0,20.0,24.0,19.0,35.0,27.0,34.0,25.0,32.0,22.0,21.0,30.0,24.0,19.0,31.0,26.0,27.0,17.0,31.0,22.0,33.0,34.0,26.0,20.0,24.0,20.0,27.0,27.0,27.0,24.0,34.0,18.0,24.0,27.0,23.0,24.0
