10,50,1000
15.743153,19.898448,16.293728,16.07038,16.590141,16.388776,17.229985,15.95191,15.488451,19.641162
9.581943,6.669208,9.326492,8.5032,9.001493,9.32798,7.040205,5.654697,9.554049,5.728456
0.0,10.0,20.0,30.0,40.0,50.0,60.0,70.0,80.0,90.0
10.0,0.0,10.0,20.0,30.0,40.0,50.0,60.0,70.0,80.0
20.0,10.0,0.0,10.0,20.0,30.0,40.0,50.0,60.0,70.0
30.0,20.0,10.0,0.0,10.0,20.0,30.0,40.0,50.0,60.0
40.0,30.0,20.0,10.0,0.0,10.0,20.0,30.0,40.0,50.0
50.0,40.0,30.0,20.0,10.0,0.0,10.0,20.0,30.0,40.0
60.0,50.0,40.0,30.0,20.0,10.0,0.0,10.0,20.0,30.0
70.0,60.0,50.0,40.0,30.0,20.0,10.0,0.0,10.0,20.0
80.0,70.0,60.0,50.0,40.0,30.0,20.0,10.0,0.0,10.0
90.0,80.0,70.0,60.0,50.0,40.0,30.0,20.0,10.0,0.0
450.0,400.0,350.0,300.0,250.0,250.0,300.0,350.0,400.0,450.0
0.0,1.0,2.0,3.0,4.0,5.0,6.0,7.0,8.0,9.0
1.0,0.0,1.0,2.0,3.0,4.0,5.0,6.0,7.0,8.0
2.0,1.0,0.0,1.0,2.0,3.0,4.0,5.0,6.0,7.0
3.0,2.0,1.0,0.0,1.0,2.0,3.0,4.0,5.0,6.0
4.0,3.0,2.0,1.0,0.0,1.0,2.0,3.0,4.0,5.0
5.0,4.0,3.0,2.0,1.0,0.0,1.0,2.0,3.0,4.0
6.0,5.0,4.0,3.0,2.0,1.0,0.0,1.0,2.0,3.0
7.0,6.0,5.0,4.0,3.0,2.0,1.0,0.0,1.0,2.0
8.0,7.0,6.0,5.0,4.0,3.0,2.0,1.0,0.0,1.0
9.0,8.0,7.0,6.0,5.0,4.0,3.0,2.0,1.0,0.0
45.0,40.0,35.0,30.0,25.0,25.0,30.0,35.0,40.0,45.0
32.0,36.0,28.0,30.0,31.0,40.0,41.0,47.0,36.0,31.0,34.0,40.0,34.0,37.0,34.0,26.0,39.0,37.0,42.0,33.0,39.0,36.0,40.0,36.0,45.0,28.0,39.0,39.0,37.0,44.0,37.0,30.0,49.0,38.0,35.0,34.0,35.0,38.0,31.0,42.0,43.0,28.0,42.0,35.0,25.0,31.0,40.0,26.0,32.0,41.0
25.0,22.0,26.0,25.0,27.0,31.0,25.0,27.0,25.0,26.0,21.0,33.0,22.0,21.0,18.0,25.0,34.0,25.0,26.0,27.0,20.0,27.0,24.0,28.0,21.0,25.0,32.0,33.0,32.0,26.0,25.0,32.0,27.0,21.0,26.0,30.0,42.0,30.0,29.0,23.0,17.0,30.0,32.0,30.0,31.0,27.0,28.0,33.0,20.0,29.0
39.0,28.0,37.0,30.0,29.0,32.0,38.0,30.0,23.0,36.0,33.0,35.0,29.0,44.0,40.0,31.0,26.0,36.0,35.0,33.0,32.0,37.0,43.0,32.0,33.0,43.0,20.0,26.0,40.0,28.0,27.0,23.0,36.0,26.0,40.0,32.0,26.0,38.0,25.0,43.0,40.0,30.0,40.0,34.0,33.0,38.0,30.0,36.0,40.0,31.0
24.0,29.0,17.0,37.0,25.0,24.0,35.0,28.0,22.0,23.0,31.0,42.0,33.0,25.0,19.0,19.0,29.0,40.0,39.0,28.0,31.0,29.0,32.0,42.0,29.0,22.0,18.0,26.0,22.0,31.0,31.0,39.0,39.0,30.0,36.0,32.0,21.0,29.0,31.0,29.0,34.0,23.0,27.0,33.0,31.0,29.0,37.0,30.0,36.0,38.0
34.0,45.0,33.0,43.0,34.0,31.0,34.0,35.0,23.0,27.0,31.0,45.0,28.0,32.0,36.0,22.0,38.0,41.0,25.0,38.0,34.0,39.0,38.0,28.0,37.0,33.0,32.0,32.0,33.0,28.0,36.0,34.0,28.0,47.0,33.0,28.0,34.0,36.0,33.0,35.0,40.0,43.0,34.0,32.0,22.0,32.0,35.0,38.0,35.0,31.0
36.0,34.0,22.0,28.0,35.0,30.0,39.0,34.0,45.0,24.0,30.0,33.0,40.0,33.0,36.0,26.0,27.0,26.0,37.0,28.0,24.0,35.0,40.0,27.0,35.0,40.0,23.0,31.0,39.0,28.0,36.0,28.0,25.0,40.0,37.0,34.0,38.0,32.0,40.0,37.0,38.0,35.0,43.0,31.0,42.0,32.0,34.0,35.0,32.0,33.0
25.0,40.0,27.0,27.0,20.0,22.0,21.0,21.0,28.0,17.0,30.0,25.0,21.0,26.0,27.0,25.0,48.0,28.0,32.0,30.0,18.0,29.0,31.0,18.0,31.0,31.0,29.0,25.0,35.0,32.0,20.0,32.0,23.0,13.0,26.0,27.0,30.0,21.0,30.0,26.0,25.0,40.0,32.0,28.0,24.0,34.0,19.0,20.0,26.0,33.0
24.0,12.0,21.0,21.0,28.0,24.0,28.0,21.0,24.0,18.0,25.0,26.0,29.0,24.0,11.0,26.0,15.0,16.0,25.0,25.0,38.0,17.0,14.0,17.0,24.0,23.0,21.0,19.0,20.0,20.0,25.0,17.0,18.0,24.0,29.0,35.0,26.0,32.0,23.0,25.0,30.0,22.0,14.0,37.0,22.0,20.0,19.0,21.0,24.0,18.0
28.0,36.0,31.0,33.0,38.0,28.0,36.0,36.0,29.0,39.0,45.0,42.0,29.0,35.0,49.0,32.0,32.0,27.0,37.0,42.0,34.0,40.0,35.0,30.0,36.0,40.0,35.0,44.0,35.0,29.0,32.0,44.0,29.0,38.0,34.0,31.0,26.0,34.0,26.0,34.0,33.0,30.0,41.0,42.0,42.0,29.0,45.0,33.0,36.0,38.0
29.0,26.0,32.0,20.0,26.0,30.0,28.0,32.0,28.0,32.0,20.0,18.0,20.0,21.0,17.0,26.0,26.0,17.0,24.0,24.0,27.0,28.0,23.0,21.0,18.0,28.0,28.0,21.0,19.0,23.0,21.0,20.0,31.0,20.0,42.0,23.0,15.0,26.0,32.0,25.0,25.0,22.0,22.0,29.0,26.0,19.0,24.0,25.0,28.0,28.0
