10,50,1000
19.890285,19.001636,16.292661,19.867886,18.516435,19.479934,18.16348,18.961013,16.099347,17.219533
7.719239,8.093292,9.009696,9.413903,8.927345,5.895527,7.512743,9.666627,6.746874,7.667582
0.0,10.0,20.0,30.0,40.0,50.0,60.0,70.0,80.0,90.0
10.0,0.0,10.0,20.0,30.0,40.0,50.0,60.0,70.0,80.0
20.0,10.0,0.0,10.0,20.0,30.0,40.0,50.0,60.0,70.0
30.0,20.0,10.0,0.0,10.0,20.0,30.0,40.0,50.0,60.0
40.0,30.0,20.0,10.0,0.0,10.0,20.0,30.0,40.0,50.0
50.0,40.0,30.0,20.0,10.0,0.0,10.0,20.0,30.0,40.0
60.0,50.0,40.0,30.0,20.0,10.0,0.0,10.0,20.0,30.0
70.0,60.0,50.0,40.0,30.0,20.0,10.0,0.0,10.0,20.0
80.0,70.0,60.0,50.0,40.0,30.0,20.0,10.0,0.0,10.0
90.0,80.0,70.0,60.0,50.0,40.0,30.0,20.0,10.0,0.0
450.0,400.0,350.0,300.0,250.0,250.0,300.0,350.0,400.0,450.0
0.0,1.0,2.0,3.0,4.0,5.0,6.0,7.0,8.0,9.0
1.0,0.0,1.0,2.0,3.0,4.0,5.0,6.0,7.0,8.0
2.0,1.0,0.0,1.0,2.0,3.0,4.0,5.0,6.0,7.0
3.0,2.0,1.0,0.0,1.0,2.0,3.0,4.0,5.0,6.0
4.0,3.0,2.0,1.0,0.0,1.0,2.0,3.0,4.0,5.0
5.0,4.0,3.0,2.0,1.0,0.0,1.0,2.0,3.0,4.0
6.0,5.0,4.0,3.0,2.0,1.0,0.0,1.0,2.0,3.0
7.0,6.0,5.0,4.0,3.0,2.0,1.0,0.0,1.0,2.0
8.0,7.0,6.0,5.0,4.0,3.0,2.0,1.0,0.0,1.0
9.0,8.0,7.0,6.0,5.0,4.0,3.0,2.0,1.0,0.0
45.0,40.0,35.0,30.0,25.0,25.0,30.0,35.0,40.0,45.0
29.0,32.0,33.0,24.0,26.0,26.0,30.0,28.0,33.0,33.0,24.0,31.0,38.0,24.0,37.0,28.0,34.0,30.0,28.0,31.0,33.0,29.0,29.0,32.0,29.0,30.0,31.0,36.0,30.0,29.0,22.0,36.0,44.0,30.0,34.0,27.0,30.0,30.0,23.0,36.0,28.0,32.0,34.0,20.0,36.0,37.0,26.0,28.0,28.0,32.0
27.0,27.0,34.0,34.0,30.0,36.0,18.0,22.0,43.0,34.0,30.0,36.0,27.0,28.0,26.0,40.0,43.0,35.0,33.0,23.0,27.0,23.0,27.0,35.0,26.0,33.0,32.0,36.0,26.0,41.0,26.0,31.0,26.0,32.0,33.0,32.0,38.0,30.0,25.0,37.0,30.0,33.0,28.0,28.0,28.0,35.0,37.0,29.0,26.0,26.0
27.0,31.0,36.0,36.0,40.0,33.0,24.0,39.0,35.0,27.0,51.0,42.0,37.0,42.0,31.0,28.0,37.0,32.0,33.0,36.0,45.0,31.0,32.0,39.0,32.0,24.0,25.0,27.0,34.0,38.0,35.0,42.0,33.0,37.0,39.0,35.0,29.0,32.0,31.0,31.0,28.0,34.0,39.0,28.0,25.0,35.0,42.0,32.0,40.0,46.0
38.0,45.0,27.0,38.0,37.0,36.0,32.0,43.0,36.0,49.0,34.0,31.0,22.0,29.0,48.0,35.0,59.0,30.0,46.0,38.0,37.0,23.0,35.0,29.0,31.0,31.0,46.0,33.0,32.0,41.0,41.0,39.0,42.0,36.0,31.0,31.0,31.0,45.0,41.0,29.0,38.0,34.0,45.0,28.0,39.0,38.0,35.0,35.0,50.0,37.0
40.0,34.0,26.0,42.0,37.0,35.0,34.0,25.0,25.0,37.0,36.0,32.0,24.0,29.0,35.0,34.0,36.0,42.0,35.0,36.0,32.0,36.0,31.0,36.0,29.0,22.0,25.0,34.0,30.0,41.0,33.0,31.0,34.0,35.0,28.0,44.0,44.0,28.0,33.0,28.0,26.0,34.0,30.0,34.0,31.0,40.0,50.0,41.0,37.0,39.0
25.0,28.0,26.0,23.0,33.0,21.0,21.0,33.0,21.0,25.0,26.0,25.0,21.0,19.0,21.0,29.0,20.0,30.0,29.0,21.0,31.0,27.0,26.0,26.0,24.0,29.0,33.0,25.0,33.0,24.0,30.0,24.0,37.0,29.0,24.0,26.0,21.0,19.0,22.0,19.0,21.0,31.0,29.0,24.0,15.0,22.0,17.0,27.0,27.0,21.0
21.0,29.0,30.0,30.0,25.0,23.0,25.0,31.0,28.0,29.0,30.0,25.0,26.0,24.0,28.0,27.0,25.0,25.0,27.0,27.0,32.0,28.0,32.0,29.0,31.0,32.0,34.0,28.0,35.0,24.0,34.0,28.0,33.0,35.0,26.0,38.0,31.0,33.0,29.0,27.0,16.0,27.0,35.0,36.0,32.0,24.0,28.0,22.0,21.0,23.0
44.0,37.0,34.0,35.0,36.0,33.0,46.0,46.0,42.0,32.0,38.0,34.0,37.0,48.0,31.0,30.0,33.0,36.0,38.0,33.0,34.0,39.0,41.0,29.0,35.0,36.0,34.0,44.0,36.0,37.0,38.0,40.0,43.0,47.0,41.0,43.0,47.0,34.0,31.0,46.0,45.0,28.0,41.0,38.0,35.0,26.0,37.0,36.0,35.0,33.0
18.0,27.0,18.0,24.0,20.0,33.0,11.0,19.0,33.0,24.0,28.0,22.0,32.0,20.0,28.0,20.0,20.0,31.0,23.0,38.0,28.0,19.0,32.0,30.0,33.0,32.0,24.0,21.0,28.0,22.0,23.0,29.0,23.0,22.0,27.0,29.0,23.0,28.0,27.0,38.0,29.0,24.0,23.0,22.0,22.0,29.0,26.0,23.0,26.0,23.0
31.0,32.0,25.0,25.0,37.0,22.0,31.0,27.0,31.0,28.0,40.0,26.0,32.0,29.0,27.0,31.0,30.0,37.0,37.0,23.0,21.0,36.0,28.0,32.0,25.0,27.0,29.0,18.0,39.0,24.0,28.0,35.0,24.0,30.0,15.0,21.0,28.0,37.0,27.0,33.0,28.0,27.0,26.0,27.0,31.0,27.0,29.0,29.0,30.0,34.0
