10,50,1000
15.935625,19.31459,18.085827,18.335738,15.036748,19.32065,15.741817,17.203788,16.484631,18.206606
5.09067,7.18414,9.194831,8.897363,9.005446,8.022396,8.708998,8.643401,8.838919,8.499518
0.0,10.0,20.0,30.0,40.0,50.0,60.0,70.0,80.0,90.0
10.0,0.0,10.0,20.0,30.0,40.0,50.0,60.0,70.0,80.0
20.0,10.0,0.0,10.0,20.0,30.0,40.0,50.0,60.0,70.0
30.0,20.0,10.0,0.0,10.0,20.0,30.0,40.0,50.0,60.0
40.0,30.0,20.0,10.0,0.0,10.0,20.0,30.0,40.0,50.0
50.0,40.0,30.0,20.0,10.0,0.0,10.0,20.0,30.0,40.0
60.0,50.0,40.0,30.0,20.0,10.0,0.0,10.0,20.0,30.0
70.0,60.0,50.0,40.0,30.0,20.0,10.0,0.0,10.0,20.0
80.0,70.0,60.0,50.0,40.0,30.0,20.0,10.0,0.0,10.0
90.0,80.0,70.0,60.0,50.0,40.0,30.0,20.0,10.0,0.0
450.0,400.0,350.0,300.0,250.0,250.0,300.0,350.0,400.0,450.0
0.0,1.0,2.0,3.0,4.0,5.0,6.0,7.0,8.0,9.0
1.0,0.0,1.0,2.0,3.0,4.0,5.0,6.0,7.0,8.0
2.0,1.0,0.0,1.0,2.0,3.0,4.0,5.0,6.0,7.0
3.0,2.0,1.0,0.0,1.0,2.0,3.0,4.0,5.0,6.0
4.0,3.0,2.0,1.0,0.0,1.0,2.0,3.0,4.0,5.0
5.0,4.0,3.0,2.0,1.0,0.0,1.0,2.0,3.0,4.0
6.0,5.0,4.0,3.0,2.0,1.0,0.0,1.0,2.0,3.0
7.0,6.0,5.0,4.0,3.0,2.0,1.0,0.0,1.0,2.0
8.0,7.0,6.0,5.0,4.0,3.0,2.0,1.0,0.0,1.0
9.0,8.0,7.0,6.0,5.0,4.0,3.0,2.0,1.0,0.0
45.0,40.0,35.0,30.0,25.0,25.0,30.0,35.0,40.0,45.0
23.0,16.0,23.0,22.0,22.0,14.0,19.0,18.0,19.0,19.0,17.0,23.0,28.0,19.0,16.0,12.0,27.0,23.0,18.0,20.0,20.0,20.0,16.0,27.0,16.0,17.0,20.0,29.0,18.0,20.0,27.0,21.0,30.0,19.0,19.0,22.0,29.0,12.0,14.0,26.0,23.0,25.0,26.0,19.0,30.0,16.0,18.0,22.0,19.0,25.0
42.0,28.0,27.0,20.0,22.0,29.0,26.0,27.0,32.0,27.0,30.0,30.0,24.0,32.0,31.0,32.0,31.0,26.0,22.0,30.0,31.0,27.0,37.0,24.0,23.0,28.0,16.0,33.0,32.0,20.0,25.0,29.0,28.0,24.0,38.0,33.0,23.0,27.0,29.0,35.0,27.0,21.0,27.0,33.0,31.0,25.0,31.0,27.0,36.0,26.0
39.0,41.0,32.0,26.0,40.0,30.0,27.0,24.0,39.0,35.0,36.0,33.0,32.0,31.0,28.0,35.0,30.0,36.0,26.0,35.0,31.0,32.0,27.0,38.0,34.0,40.0,30.0,38.0,34.0,39.0,47.0,33.0,27.0,39.0,24.0,29.0,41.0,39.0,34.0,33.0,26.0,26.0,37.0,37.0,20.0,29.0,29.0,28.0,31.0,44.0
20.0,36.0,27.0,40.0,36.0,34.0,35.0,28.0,41.0,30.0,35.0,43.0,34.0,24.0,20.0,34.0,39.0,38.0,34.0,28.0,51.0,37.0,31.0,37.0,25.0,34.0,41.0,23.0,34.0,33.0,33.0,34.0,34.0,28.0,22.0,36.0,35.0,43.0,37.0,33.0,25.0,31.0,45.0,32.0,32.0,33.0,30.0,32.0,42.0,35.0
32.0,27.0,35.0,33.0,25.0,34.0,27.0,36.0,34.0,47.0,28.0,30.0,35.0,35.0,25.0,36.0,26.0,22.0,35.0,27.0,29.0,22.0,31.0,35.0,36.0,33.0,33.0,33.0,36.0,24.0,33.0,37.0,37.0,44.0,38.0,41.0,25.0,20.0,30.0,45.0,22.0,30.0,23.0,40.0,27.0,40.0,41.0,28.0,31.0,29.0
29.0,38.0,31.0,39.0,32.0,32.0,29.0,25.0,36.0,30.0,30.0,27.0,33.0,23.0,30.0,28.0,31.0,26.0,33.0,31.0,30.0,34.0,36.0,34.0,30.0,40.0,30.0,34.0,19.0,24.0,29.0,34.0,31.0,39.0,41.0,26.0,34.0,38.0,33.0,35.0,30.0,33.0,30.0,31.0,33.0,27.0,41.0,31.0,35.0,37.0
32.0,37.0,24.0,31.0,26.0,29.0,35.0,31.0,31.0,37.0,42.0,32.0,31.0,34.0,27.0,26.0,27.0,28.0,31.0,31.0,34.0,32.0,23.0,28.0,34.0,39.0,30.0,26.0,27.0,29.0,41.0,25.0,31.0,38.0,28.0,26.0,28.0,40.0,34.0,27.0,32.0,24.0,38.0,34.0,30.0,23.0,33.0,28.0,36.0,26.0
33.0,38.0,27.0,31.0,31.0,37.0,33.0,40.0,30.0,44.0,31.0,34.0,40.0,32.0,27.0,38.0,41.0,32.0,36.0,31.0,36.0,43.0,29.0,33.0,27.0,32.0,27.0,31.0,31.0,20.0,43.0,32.0,24.0,33.0,32.0,32.0,47.0,36.0,29.0,36.0,33.0,43.0,28.0,40.0,35.0,31.0,20.0,29.0,22.0,17.0
32.0,34.0,28.0,38.0,32.0,38.0,27.0,30.0,31.0,41.0,27.0,40.0,32.0,23.0,37.0,33.0,31.0,35.0,32.0,22.0,39.0,39.0,37.0,43.0,36.0,42.0,29.0,28.0,43.0,34.0,37.0,31.0,34.0,36.0,43.0,35.0,27.0,36.0,33.0,24.0,26.0,37.0,31.0,27.0,31.0,38.0,33.0,30.0,35.0,31.0
30.0,49.0,36.0,39.0,31.0,35.0,27.0,25.0,36.0,36.0,33.0,35.0,35.0,44.0,23.0,35.0,30.0,32.0,32.0,23.0,29.0,35.0,30.0,28.0,39.0,36.0,29.0,31.0,24.0,28.0,35.0,33.0,35.0,42.0,31.0,29.0,32.0,40.0,42.0,30.0,26.0,37.0,41.0,33.0,46.0,35.0,30.0,34.0,31.0,31.0
