10,50,1000
17.837166,16.134725,16.178022,18.193286,16.457943,18.240681,15.859793,17.489624,17.245345,16.055588
7.071447,8.144911,5.820441,7.033684,9.677291,8.004978,8.006831,5.440361,8.087368,7.008962
0.0,10.0,20.0,30.0,40.0,50.0,60.0,70.0,80.0,90.0
10.0,0.0,10.0,20.0,30.0,40.0,50.0,60.0,70.0,80.0
20.0,10.0,0.0,10.0,20.0,30.0,40.0,50.0,60.0,70.0
30.0,20.0,10.0,0.0,10.0,20.0,30.0,40.0,50.0,60.0
40.0,30.0,20.0,10.0,0.0,10.0,20.0,30.0,40.0,50.0
50.0,40.0,30.0,20.0,10.0,0.0,10.0,20.0,30.0,40.0
60.0,50.0,40.0,30.0,20.0,10.0,0.0,10.0,20.0,30.0
70.0,60.0,50.0,40.0,30.0,20.0,10.0,0.0,10.0,20.0
80.0,70.0,60.0,50.0,40.0,30.0,20.0,10.0,0.0,10.0
90.0,80.0,70.0,60.0,50.0,40.0,30.0,20.0,10.0,0.0
450.0,400.0,350.0,300.0,250.0,250.0,300.0,350.0,400.0,450.0
0.0,1.0,2.0,3.0,4.0,5.0,6.0,7.0,8.0,9.0
1.0,0.0,1.0,2.0,3.0,4.0,5.0,6.0,7.0,8.0
2.0,1.0,0.0,1.0,2.0,3.0,4.0,5.0,6.0,7.0
3.0,2.0,1.0,0.0,1.0,2.0,3.0,4.0,5.0,6.0
4.0,3.0,2.0,1.0,0.0,1.0,2.0,3.0,4.0,5.0
5.0,4.0,3.0,2.0,1.0,0.0,1.0,2.0,3.0,4.0
6.0,5.0,4.0,3.0,2.0,1.0,0.0,1.0,2.0,3.0
7.0,6.0,5.0,4.0,3.0,2.0,1.0,0.0,1.0,2.0
8.0,7.0,6.0,5.0,4.0,3.0,2.0,1.0,0.0,1.0
9.0,8.0,7.0,6.0,5.0,4.0,3.0,2.0,1.0,0.0
45.0,40.0,35.0,30.0,25.0,25.0,30.0,35.0,40.0,45.0
30.0,30.0,29.0,33.0,27.0,30.0,22.0,35.0,39.0,27.0,22.0,26.0,28.0,37.0,35.0,20.0,28.0,27.0,28.0,30.0,29.0,20.0,30.0,25.0,37.0,30.0,25.0,23.0,30.0,33.0,32.0,34.0,26.0,20.0,34.0,31.0,30.0,25.0,31.0,35.0,30.0,31.0,30.0,39.0,27.0,32.0,25.0,28.0,19.0,27.0
23.0,26.0,37.0,25.0,42.0,30.0,26.0,32.0,28.0,39.0,28.0,41.0,32.0,38.0,26.0,24.0,29.0,27.0,34.0,31.0,27.0,24.0,29.0,30.0,30.0,28.0,32.0,29.0,25.0,25.0,31.0,31.0,20.0,37.0,38.0,26.0,22.0,25.0,38.0,17.0,24.0,33.0,39.0,28.0,41.0,34.0,22.0,34.0,30.0,35.0
17.0,28.0,19.0,32.0,23.0,32.0,13.0,19.0,25.0,28.0,22.0,19.0,19.0,28.0,26.0,20.0,20.0,18.0,29.0,28.0,19.0,22.0,26.0,28.0,31.0,26.0,28.0,31.0,20.0,21.0,19.0,25.0,17.0,29.0,18.0,23.0,28.0,14.0,26.0,36.0,10.0,26.0,28.0,27.0,23.0,18.0,26.0,21.0,19.0,32.0
25.0,20.0,24.0,19.0,24.0,27.0,21.0,23.0,25.0,30.0,25.0,27.0,28.0,33.0,25.0,17.0,27.0,27.0,34.0,27.0,37.0,28.0,25.0,22.0,29.0,24.0,26.0,28.0,33.0,26.0,31.0,30.0,23.0,32.0,32.0,22.0,25.0,28.0,19.0,24.0,34.0,34.0,25.0,22.0,27.0,25.0,33.0,28.0,25.0,18.0
33.0,33.0,33.0,34.0,47.0,33.0,26.0,40.0,29.0,38.0,39.0,29.0,34.0,46.0,32.0,25.0,32.0,34.0,52.0,39.0,30.0,33.0,29.0,35.0,43.0,41.0,39.0,27.0,31.0,40.0,36.0,40.0,34.0,41.0,34.0,44.0,32.0,30.0,33.0,36.0,36.0,39.0,37.0,24.0,26.0,46.0,42.0,25.0,40.0,33.0
26.0,36.0,36.0,31.0,29.0,17.0,35.0,16.0,28.0,43.0,37.0,27.0,26.0,28.0,21.0,35.0,34.0,29.0,24.0,37.0,29.0,25.0,28.0,32.0,25.0,35.0,34.0,29.0,23.0,31.0,31.0,40.0,38.0,29.0,32.0,35.0,37.0,35.0,34.0,28.0,30.0,26.0,29.0,18.0,38.0,32.0,33.0,29.0,33.0,33.0
28.0,26.0,28.0,36.0,33.0,30.0,35.0,30.0,35.0,32.0,25.0,33.0,31.0,30.0,30.0,32.0,30.0,29.0,34.0,42.0,32.0,27.0,22.0,29.0,29.0,25.0,29.0,26.0,29.0,32.0,35.0,25.0,31.0,23.0,25.0,31.0,27.0,28.0,23.0,39.0,28.0,27.0,30.0,33.0,29.0,28.0,26.0,30.0,28.0,28.0
17.0,25.0,27.0,17.0,23.0,17.0,20.0,19.0,32.0,19.0,27.0,37.0,22.0,23.0,26.0,18.0,20.0,31.0,24.0,16.0,27.0,18.0,20.0,26.0,33.0,15.0,21.0,14.0,21.0,27.0,34.0,24.0,21.0,18.0,18.0,18.0,22.0,14.0,27.0,22.0,26.0,17.0,24.0,22.0,23.0,18.0,24.0,20.0,26.0,22.0
26.0,31.0,32.0,40.0,30.0,31.0,27.0,36.0,29.0,33.0,29.0,39.0,28.0,28.0,32.0,32.0,30.0,21.0,33.0,40.0,25.0,28.0,30.0,44.0,31.0,43.0,28.0,23.0,38.0,29.0,26.0,34.0,28.0,22.0,33.0,33.0,36.0,37.0,30.0,24.0,29.0,41.0,30.0,24.0,29.0,36.0,35.0,29.0,33.0,28.0
26.0,28.0,28.0,35.0,25.0,32.0,31.0,32.0,41.0,22.0,28.0,26.0,26.0,34.0,31.0,25.0,27.0,27.0,25.0,16.0,30.0,35.0,22.0,32.0,36.0,28.0,27.0,35.0,28.0,28.0,19.0,20.0,33.0,25.0,29.0,24.0,36.0,30.0,25.0,22.0,24.0,23.0,34.0,20.0,30.0,34.0,24.0,26.0,31.0,32.0
