10,50,1000
17.432441,17.587551,16.593171,18.424931,16.158434,19.098981,16.773191,15.514746,19.232645,16.983418
9.023279,6.926994,8.785136,9.913465,9.948472,8.835063,9.720065,6.377121,8.768439,6.024857
0.0,10.0,20.0,30.0,40.0,50.0,60.0,70.0,80.0,90.0
10.0,0.0,10.0,20.0,30.0,40.0,50.0,60.0,70.0,80.0
20.0,10.0,0.0,10.0,20.0,30.0,40.0,50.0,60.0,70.0
30.0,20.0,10.0,0.0,10.0,20.0,30.0,40.0,50.0,60.0
40.0,30.0,20.0,10.0,0.0,10.0,20.0,30.0,40.0,50.0
50.0,40.0,30.0,20.0,10.0,0.0,10.0,20.0,30.0,40.0
60.0,50.0,40.0,30.0,20.0,10.0,0.0,10.0,20.0,30.0
70.0,60.0,50.0,40.0,30.0,20.0,10.0,0.0,10.0,20.0
80.0,70.0,60.0,50.0,40.0,30.0,20.0,10.0,0.0,10.0
90.0,80.0,70.0,60.0,50.0,40.0,30.0,20.0,10.0,0.0
450.0,400.0,350.0,300.0,250.0,250.0,300.0,350.0,400.0,450.0
0.0,1.0,2.0,3.0,4.0,5.0,6.0,7.0,8.0,9.0
1.0,0.0,1.0,2.0,3.0,4.0,5.0,6.0,7.0,8.0
2.0,1.0,0.0,1.0,2.0,3.0,4.0,5.0,6.0,7.0
3.0,2.0,1.0,0.0,1.0,2.0,3.0,4.0,5.0,6.0
4.0,3.0,2.0,1.0,0.0,1.0,2.0,3.0,4.0,5.0
5.0,4.0,3.0,2.0,1.0,0.0,1.0,2.0,3.0,4.0
6.0,5.0,4.0,3.0,2.0,1.0,0.0,1.0,2.0,3.0
7.0,6.0,5.0,4.0,3.0,2.0,1.0,0.0,1.0,2.0
8.0,7.0,6.0,5.0,4.0,3.0,2.0,1.0,0.0,1.0
9.0,8.0,7.0,6.0,5.0,4.0,3.0,2.0,1.0,0.0
45.0,40.0,35.0,30.0,25.0,25.0,30.0,35.0,40.0,45.0
40.0,33.0,27.0,35.0,30.0,33.0,30.0,38.0,27.0,43.0,37.0,32.0,32.0,33.0,30.0,20.0,23.0,46.0,29.0,31.0,33.0,43.0,32.0,25.0,40.0,41.0,40.0,36.0,35.0,33.0,30.0,37.0,27.0,29.0,29.0,26.0,24.0,36.0,32.0,49.0,41.0,47.0,25.0,38.0,32.0,36.0,37.0,30.0,29.0,46.0
29.0,23.0,23.0,25.0,26.0,31.0,28.0,25.0,23.0,24.0,21.0,31.0,28.0,21.0,27.0,26.0,26.0,24.0,22.0,25.0,31.0,29.0,23.0,19.0,33.0,20.0,32.0,30.0,33.0,20.0,27.0,25.0,31.0,27.0,34.0,17.0,31.0,27.0,28.0,39.0,20.0,28.0,28.0,34.0,31.0,36.0,26.0,30.0,25.0,27.0
26.0,31.0,25.0,31.0,40.0,29.0,22.0,29.0,39.0,30.0,30.0,24.0,30.0,37.0,27.0,25.0,28.0,37.0,36.0,35.0,35.0,44.0,31.0,43.0,45.0,20.0,30.0,42.0,37.0,44.0,29.0,32.0,36.0,39.0,30.0,35.0,36.0,34.0,34.0,34.0,27.0,38.0,25.0,38.0,48.0,38.0,35.0,40.0,26.0,40.0
40.0,35.0,36.0,30.0,49.0,41.0,36.0,33.0,30.0,31.0,43.0,38.0,28.0,35.0,34.0,24.0,39.0,42.0,33.0,30.0,38.0,34.0,52.0,52.0,33.0,41.0,39.0,38.0,33.0,45.0,40.0,35.0,35.0,37.0,40.0,30.0,46.0,31.0,31.0,30.0,35.0,45.0,34.0,31.0,30.0,34.0,32.0,51.0,34.0,43.0
30.0,41.0,30.0,45.0,29.0,37.0,36.0,32.0,34.0,38.0,31.0,42.0,38.0,37.0,31.0,31.0,43.0,25.0,36.0,40.0,37.0,33.0,35.0,33.0,37.0,47.0,40.0,43.0,40.0,28.0,29.0,27.0,27.0,23.0,40.0,41.0,38.0,36.0,37.0,40.0,35.0,35.0,37.0,42.0,40.0,34.0,25.0,35.0,27.0,36.0
38.0,34.0,34.0,32.0,27.0,30.0,30.0,31.0,24.0,32.0,46.0,32.0,34.0,36.0,25.0,30.0,36.0,41.0,25.0,39.0,29.0,32.0,28.0,33.0,52.0,30.0,34.0,39.0,29.0,28.0,34.0,39.0,35.0,29.0,29.0,27.0,36.0,37.0,35.0,34.0,40.0,26.0,32.0,36.0,36.0,36.0,31.0,34.0,30.0,28.0
46.0,37.0,36.0,30.0,26.0,31.0,36.0,29.0,43.0,30.0,39.0,30.0,48.0,48.0,39.0,31.0,42.0,35.0,35.0,43.0,39.0,37.0,33.0,31.0,39.0,44.0,48.0,35.0,40.0,34.0,36.0,37.0,33.0,36.0,35.0,37.0,33.0,42.0,31.0,33.0,28.0,32.0,24.0,30.0,30.0,32.0,48.0,41.0,38.0,37.0
32.0,23.0,22.0,17.0,30.0,28.0,20.0,29.0,35.0,28.0,21.0,27.0,24.0,27.0,20.0,26.0,24.0,22.0,15.0,25.0,28.0,18.0,22.0,22.0,14.0,28.0,22.0,33.0,16.0,14.0,23.0,17.0,33.0,26.0,20.0,29.0,25.0,22.0,24.0,28.0,20.0,22.0,36.0,19.0,22.0,22.0,29.0,22.0,17.0,25.0
30.0,31.0,35.0,30.0,29.0,30.0,24.0,30.0,26.0,37.0,35.0,32.0,29.0,36.0,35.0,39.0,42.0,29.0,28.0,40.0,29.0,41.0,33.0,49.0,38.0,39.0,32.0,30.0,20.0,28.0,32.0,25.0,30.0,33.0,35.0,37.0,33.0,31.0,28.0,30.0,34.0,27.0,26.0,31.0,31.0,40.0,27.0,28.0,19.0,43.0
20.0,19.0,28.0,17.0,33.0,22.0,22.0,25.0,14.0,20.0,34.0,26.0,21.0,21.0,27.0,24.0,24.0,23.0,34.0,26.0,18.0,21.0,19.0,27.0,24.0,20.0,23.0,27.0,19.0,28.0,22.0,23.0,26.0,25.0,16.0,23.0,26.0,20.0,25.0,25.0,14.0,34.0,24.0,20.0,27.0,29.0,24.0,20.0,26.0,21.0
