10,50,1000
17.688992,18.489072,19.671996,16.979686,15.181058,18.110726,15.231998,18.904968,16.724306,15.53807
8.273508,9.61758,7.812331,8.354303,9.962414,8.36769,9.006725,7.609599,7.85371,5.707936
0.0,10.0,20.0,30.0,40.0,50.0,60.0,70.0,80.0,90.0
10.0,0.0,10.0,20.0,30.0,40.0,50.0,60.0,70.0,80.0
20.0,10.0,0.0,10.0,20.0,30.0,40.0,50.0,60.0,70.0
30.0,20.0,10.0,0.0,10.0,20.0,30.0,40.0,50.0,60.0
40.0,30.0,20.0,10.0,0.0,10.0,20.0,30.0,40.0,50.0
50.0,40.0,30.0,20.0,10.0,0.0,10.0,20.0,30.0,40.0
60.0,50.0,40.0,30.0,20.0,10.0,0.0,10.0,20.0,30.0
70.0,60.0,50.0,40.0,30.0,20.0,10.0,0.0,10.0,20.0
80.0,70.0,60.0,50.0,40.0,30.0,20.0,10.0,0.0,10.0
90.0,80.0,70.0,60.0,50.0,40.0,30.0,20.0,10.0,0.0
450.0,400.0,350.0,300.0,250.0,250.0,300.0,350.0,400.0,450.0
0.0,1.0,2.0,3.0,4.0,5.0,6.0,7.0,8.0,9.0
1.0,0.0,1.0,2.0,3.0,4.0,5.0,6.0,7.0,8.0
2.0,1.0,0.0,1.0,2.0,3.0,4.0,5.0,6.0,7.0
3.0,2.0,1.0,0.0,1.0,2.0,3.0,4.0,5.0,6.0
4.0,3.0,2.0,1.0,0.0,1.0,2.0,3.0,4.0,5.0
5.0,4.0,3.0,2.0,1.0,0.0,1.0,2.0,3.0,4.0
6.0,5.0,4.0,3.0,2.0,1.0,0.0,1.0,2.0,3.0
7.0,6.0,5.0,4.0,3.0,2.0,1.0,0.0,1.0,2.0
8.0,7.0,6.0,5.0,4.0,3.0,2.0,1.0,0.0,1.0
9.0,8.0,7.0,6.0,5.0,4.0,3.0,2.0,1.0,0.0
45.0,40.0,35.0,30.0,25.0,25.0,30.0,35.0,40.0,45.0
31.0,39.0,27.0,24.0,28.0,25.0,29.0,24.0,33.0,32.0,23.0,28.0,35.0,35.0,40.0,37.0,33.0,27.0,37.0,38.0,35.0,35.0,24.0,36.0,33.0,27.0,22.0,37.0,32.0,28.0,27.0,34.0,40.0,41.0,21.0,31.0,40.0,26.0,28.0,25.0,31.0,21.0,41.0,30.0,33.0,24.0,25.0,23.0,36.0,36.0
40.0,39.0,31.0,44.0,33.0,43.0,26.0,34.0,31.0,43.0,31.0,43.0,42.0,29.0,37.0,30.0,42.0,30.0,31.0,36.0,29.0,33.0,39.0,29.0,28.0,43.0,34.0,38.0,36.0,49.0,39.0,29.0,48.0,42.0,30.0,32.0,35.0,38.0,37.0,31.0,33.0,32.0,27.0,33.0,50.0,39.0,36.0,43.0,26.0,33.0
30.0,37.0,25.0,28.0,29.0,30.0,27.0,22.0,34.0,29.0,31.0,34.0,28.0,29.0,44.0,27.0,34.0,30.0,24.0,33.0,43.0,31.0,28.0,26.0,35.0,28.0,25.0,29.0,33.0,26.0,38.0,33.0,35.0,19.0,30.0,30.0,24.0,29.0,34.0,30.0,26.0,38.0,26.0,19.0,26.0,34.0,39.0,33.0,27.0,39.0
46.0,40.0,29.0,28.0,23.0,40.0,29.0,39.0,26.0,41.0,35.0,33.0,34.0,36.0,35.0,39.0,25.0,35.0,41.0,20.0,32.0,31.0,31.0,37.0,35.0,33.0,15.0,29.0,36.0,37.0,30.0,28.0,38.0,51.0,30.0,33.0,29.0,38.0,31.0,28.0,28.0,34.0,34.0,30.0,33.0,27.0,25.0,22.0,29.0,26.0
36.0,28.0,34.0,37.0,35.0,37.0,38.0,40.0,36.0,31.0,37.0,36.0,42.0,28.0,41.0,33.0,38.0,37.0,27.0,39.0,54.0,35.0,44.0,38.0,42.0,41.0,40.0,38.0,36.0,35.0,29.0,31.0,38.0,37.0,36.0,45.0,42.0,42.0,44.0,31.0,40.0,36.0,33.0,38.0,41.0,50.0,34.0,39.0,36.0,31.0
36.0,29.0,34.0,32.0,24.0,29.0,26.0,30.0,28.0,33.0,33.0,32.0,36.0,34.0,34.0,38.0,28.0,31.0,39.0,25.0,32.0,29.0,42.0,25.0,27.0,31.0,33.0,32.0,28.0,39.0,35.0,29.0,37.0,26.0,25.0,34.0,24.0,31.0,35.0,29.0,36.0,28.0,25.0,36.0,29.0,30.0,24.0,38.0,34.0,36.0
35.0,54.0,38.0,32.0,35.0,25.0,26.0,27.0,27.0,27.0,42.0,30.0,42.0,35.0,20.0,27.0,45.0,35.0,34.0,37.0,26.0,30.0,28.0,32.0,45.0,32.0,32.0,38.0,22.0,34.0,37.0,39.0,38.0,38.0,35.0,28.0,36.0,30.0,30.0,42.0,31.0,35.0,35.0,31.0,39.0,36.0,41.0,35.0,28.0,39.0
35.0,25.0,27.0,37.0,34.0,34.0,34.0,35.0,29.0,25.0,30.0,33.0,37.0,38.0,29.0,36.0,24.0,33.0,22.0,27.0,12.0,35.0,23.0,40.0,17.0,29.0,23.0,30.0,33.0,32.0,38.0,22.0,31.0,34.0,35.0,30.0,37.0,39.0,33.0,24.0,23.0,27.0,28.0,26.0,39.0,27.0,30.0,33.0,23.0,26.0
36.0,30.0,32.0,27.0,34.0,28.0,34.0,14.0,29.0,22.0,26.0,17.0,29.0,36.0,23.0,42.0,27.0,29.0,32.0,28.0,21.0,27.0,24.0,28.0,36.0,32.0,29.0,29.0,48.0,27.0,30.0,30.0,30.0,20.0,28.0,25.0,34.0,48.0,13.0,24.0,27.0,28.0,29.0,21.0,36.0,45.0,27.0,27.0,33.0,23.0
28.0,13.0,25.0,31.0,19.0,25.0,12.0,24.0,21.0,19.0,25.0,18.0,19.0,28.0,22.0,25.0,14.0,9.0,24.0,25.0,23.0,19.0,25.0,25.0,15.0,16.0,27.0,19.0,21.0,21.0,26.0,31.0,17.0,18.0,23.0,23.0,28.0,22.0,23.0,17.0,13.0,13.0,23.0,21.0,18.0,17.0,21.0,12.0,23.0,23.0
