10,50,1000
16.818979,15.954189,15.114796,19.721234,18.100591,16.441038,19.598015,17.098063,15.298176,17.158932
5.957691,5.002956,6.811953,8.817832,7.371845,6.526921,6.703322,9.679911,8.136163,7.346077
0.0,10.0,20.0,30.0,40.0,50.0,60.0,70.0,80.0,90.0
10.0,0.0,10.0,20.0,30.0,40.0,50.0,60.0,70.0,80.0
20.0,10.0,0.0,10.0,20.0,30.0,40.0,50.0,60.0,70.0
30.0,20.0,10.0,0.0,10.0,20.0,30.0,40.0,50.0,60.0
40.0,30.0,20.0,10.0,0.0,10.0,20.0,30.0,40.0,50.0
50.0,40.0,30.0,20.0,10.0,0.0,10.0,20.0,30.0,40.0
60.0,50.0,40.0,30.0,20.0,10.0,0.0,10.0,20.0,30.0
70.0,60.0,50.0,40.0,30.0,20.0,10.0,0.0,10.0,20.0
80.0,70.0,60.0,50.0,40.0,30.0,20.0,10.0,0.0,10.0
90.0,80.0,70.0,60.0,50.0,40.0,30.0,20.0,10.0,0.0
450.0,400.0,350.0,300.0,250.0,250.0,300.0,350.0,400.0,450.0
0.0,1.0,2.0,3.0,4.0,5.0,6.0,7.0,8.0,9.0
1.0,0.0,1.0,2.0,3.0,4.0,5.0,6.0,7.0,8.0
2.0,1.0,0.0,1.0,2.0,3.0,4.0,5.0,6.0,7.0
3.0,2.0,1.0,0.0,1.0,2.0,3.0,4.0,5.0,6.0
4.0,3.0,2.0,1.0,0.0,1.0,2.0,3.0,4.0,5.0
5.0,4.0,3.0,2.0,1.0,0.0,1.0,2.0,3.0,4.0
6.0,5.0,4.0,3.0,2.0,1.0,0.0,1.0,2.0,3.0
7.0,6.0,5.0,4.0,3.0,2.0,1.0,0.0,1.0,2.0
8.0,7.0,6.0,5.0,4.0,3.0,2.0,1.0,0.0,1.0
9.0,8.0,7.0,6.0,5.0,4.0,3.0,2.0,1.0,0.0
45.0,40.0,35.0,30.0,25.0,25.0,30.0,35.0,40.0,45.0
22.0,26.0,19.0,16.0,14.0,25.0,31.0,14.0,21.0,18.0,20.0,26.0,24.0,25.0,26.0,13.0,20.0,14.0,25.0,27.0,25.0,25.0,32.0,19.0,20.0,15.0,27.0,26.0,32.0,24.0,23.0,26.0,21.0,33.0,27.0,19.0,23.0,26.0,28.0,26.0,15.0,34.0,34.0,25.0,20.0,18.0,31.0,28.0,32.0,24.0
20.0,35.0,24.0,26.0,17.0,22.0,14.0,24.0,25.0,22.0,27.0,25.0,19.0,18.0,12.0,31.0,17.0,22.0,20.0,24.0,16.0,23.0,20.0,21.0,19.0,19.0,20.0,25.0,20.0,23.0,22.0,20.0,17.0,26.0,28.0,19.0,23.0,21.0,22.0,19.0,22.0,15.0,18.0,21.0,20.0,20.0,22.0,15.0,27.0,25.0
26.0,26.0,19.0,16.0,25.0,34.0,27.0,20.0,31.0,26.0,22.0,24.0,20.0,25.0,33.0,33.0,26.0,34.0,35.0,21.0,24.0,25.0,22.0,27.0,26.0,27.0,37.0,23.0,20.0,19.0,22.0,28.0,32.0,24.0,23.0,27.0,33.0,28.0,20.0,22.0,22.0,27.0,20.0,22.0,33.0,32.0,21.0,28.0,27.0,36.0
39.0,37.0,34.0,25.0,39.0,27.0,33.0,43.0,29.0,30.0,28.0,28.0,38.0,36.0,34.0,37.0,38.0,29.0,41.0,36.0,32.0,37.0,23.0,33.0,27.0,34.0,29.0,37.0,31.0,31.0,32.0,39.0,25.0,29.0,47.0,37.0,42.0,52.0,38.0,36.0,34.0,29.0,29.0,34.0,42.0,31.0,30.0,30.0,41.0,34.0
32.0,32.0,25.0,29.0,27.0,29.0,26.0,33.0,29.0,20.0,33.0,34.0,20.0,26.0,27.0,33.0,27.0,29.0,25.0,32.0,21.0,23.0,24.0,30.0,23.0,25.0,32.0,29.0,39.0,31.0,23.0,28.0,35.0,25.0,43.0,32.0,29.0,30.0,30.0,18.0,19.0,36.0,30.0,31.0,32.0,35.0,41.0,19.0,23.0,24.0
28.0,27.0,23.0,21.0,24.0,31.0,23.0,21.0,26.0,17.0,24.0,30.0,23.0,27.0,25.0,29.0,25.0,25.0,27.0,29.0,26.0,19.0,26.0,27.0,24.0,28.0,21.0,19.0,20.0,27.0,23.0,24.0,20.0,33.0,23.0,24.0,25.0,25.0,23.0,13.0,23.0,27.0,31.0,22.0,29.0,27.0,23.0,28.0,40.0,28.0
23.0,23.0,28.0,32.0,21.0,34.0,25.0,23.0,27.0,24.0,22.0,34.0,30.0,34.0,27.0,32.0,26.0,31.0,33.0,26.0,26.0,33.0,28.0,28.0,40.0,24.0,25.0,32.0,39.0,26.0,25.0,29.0,20.0,33.0,27.0,43.0,27.0,29.0,29.0,27.0,20.0,24.0,24.0,24.0,26.0,24.0,36.0,22.0,22.0,33.0
40.0,34.0,32.0,32.0,27.0,36.0,31.0,27.0,45.0,34.0,39.0,34.0,35.0,42.0,35.0,43.0,30.0,36.0,28.0,27.0,25.0,20.0,42.0,30.0,41.0,30.0,42.0,31.0,38.0,42.0,39.0,34.0,37.0,40.0,40.0,31.0,36.0,24.0,36.0,39.0,30.0,37.0,35.0,41.0,30.0,43.0,38.0,34.0,33.0,36.0
33.0,23.0,27.0,30.0,26.0,36.0,38.0,26.0,38.0,26.0,35.0,28.0,18.0,20.0,34.0,20.0,28.0,32.0,32.0,33.0,32.0,22.0,36.0,19.0,23.0,23.0,29.0,33.0,35.0,28.0,29.0,36.0,36.0,36.0,29.0,24.0,35.0,29.0,24.0,31.0,28.0,37.0,34.0,30.0,24.0,27.0,30.0,31.0,32.0,25.0
33.0,29.0,40.0,28.0,20.0,27.0,27.0,29.0,27.0,22.0,33.0,35.0,32.0,30.0,29.0,33.0,30.0,28.0,38.0,35.0,26.0,21.0,22.0,23.0,26.0,29.0,22.0,19.0,25.0,26.0,36.0,30.0,22.0,25.0,25.0,26.0,29.0,30.0,36.0,26.0,34.0,23.0,29.0,20.0,42.0,28.0,34.0,30.0,29.0,32.0
