10,50,1000
19.152689,19.407322,15.966698,18.233202,18.849518,18.720348,19.73119,18.061725,18.303051,17.172533
9.800921,8.484404,8.448881,9.05138,9.221329,8.640427,9.423923,8.526093,9.109318,6.977452
0.0,10.0,20.0,30.0,40.0,50.0,60.0,70.0,80.0,90.0
10.0,0.0,10.0,20.0,30.0,40.0,50.0,60.0,70.0,80.0
20.0,10.0,0.0,10.0,20.0,30.0,40.0,50.0,60.0,70.0
30.0,20.0,10.0,0.0,10.0,20.0,30.0,40.0,50.0,60.0
40.0,30.0,20.0,10.0,0.0,10.0,20.0,30.0,40.0,50.0
50.0,40.0,30.0,20.0,10.0,0.0,10.0,20.0,30.0,40.0
60.0,50.0,40.0,30.0,20.0,10.0,0.0,10.0,20.0,30.0
70.0,60.0,50.0,40.0,30.0,20.0,10.0,0.0,10.0,20.0
80.0,70.0,60.0,50.0,40.0,30.0,20.0,10.0,0.0,10.0
90.0,80.0,70.0,60.0,50.0,40.0,30.0,20.0,10.0,0.0
450.0,400.0,350.0,300.0,250.0,250.0,300.0,350.0,400.0,450.0
0.0,1.0,2.0,3.0,4.0,5.0,6.0,7.0,8.0,9.0
1.0,0.0,1.0,2.0,3.0,4.0,5.0,6.0,7.0,8.0
2.0,1.0,0.0,1.0,2.0,3.0,4.0,5.0,6.0,7.0
3.0,2.0,1.0,0.0,1.0,2.0,3.0,4.0,5.0,6.0
4.0,3.0,2.0,1.0,0.0,1.0,2.0,3.0,4.0,5.0
5.0,4.0,3.0,2.0,1.0,0.0,1.0,2.0,3.0,4.0
6.0,5.0,4.0,3.0,2.0,1.0,0.0,1.0,2.0,3.0
7.0,6.0,5.0,4.0,3.0,2.0,1.0,0.0,1.0,2.0
8.0,7.0,6.0,5.0,4.0,3.0,2.0,1.0,0.0,1.0
9.0,8.0,7.0,6.0,5.0,4.0,3.0,2.0,1.0,0.0
45.0,40.0,35.0,30.0,25.0,25.0,30.0,35.0,40.0,45.0
37.0,47.0,47.0,33.0,39.0,35.0,36.0,36.0,40.0,35.0,45.0,41.0,43.0,36.0,36.0,26.0,39.0,40.0,36.0,48.0,37.0,35.0,29.0,40.0,27.0,37.0,33.0,39.0,37.0,40.0,34.0,34.0,39.0,36.0,36.0,33.0,36.0,36.0,35.0,34.0,37.0,29.0,32.0,41.0,29.0,35.0,27.0,36.0,28.0,31.0
34.0,29.0,34.0,30.0,35.0,29.0,30.0,36.0,26.0,25.0,27.0,32.0,34.0,30.0,28.0,28.0,39.0,37.0,29.0,30.0,29.0,29.0,28.0,33.0,34.0,36.0,32.0,26.0,36.0,28.0,30.0,25.0,35.0,27.0,36.0,26.0,26.0,33.0,34.0,26.0,33.0,33.0,25.0,29.0,35.0,32.0,47.0,42.0,38.0,29.0
31.0,18.0,22.0,32.0,35.0,31.0,29.0,31.0,32.0,31.0,30.0,30.0,34.0,33.0,24.0,25.0,37.0,24.0,26.0,23.0,41.0,27.0,27.0,25.0,29.0,35.0,43.0,33.0,18.0,28.0,32.0,31.0,34.0,26.0,37.0,33.0,18.0,21.0,32.0,30.0,23.0,27.0,23.0,32.0,34.0,26.0,33.0,27.0,24.0,38.0
35.0,31.0,30.0,41.0,35.0,31.0,41.0,37.0,37.0,38.0,42.0,26.0,26.0,28.0,29.0,37.0,48.0,40.0,30.0,44.0,40.0,30.0,38.0,43.0,32.0,26.0,38.0,29.0,32.0,28.0,42.0,25.0,35.0,25.0,28.0,31.0,29.0,38.0,34.0,41.0,39.0,33.0,42.0,29.0,39.0,31.0,43.0,32.0,36.0,35.0
38.0,40.0,33.0,45.0,38.0,29.0,37.0,40.0,40.0,33.0,49.0,44.0,33.0,39.0,28.0,42.0,41.0,34.0,25.0,29.0,39.0,35.0,36.0,38.0,32.0,47.0,36.0,35.0,43.0,30.0,41.0,54.0,40.0,33.0,35.0,31.0,35.0,42.0,42.0,37.0,35.0,27.0,38.0,40.0,48.0,28.0,34.0,38.0,42.0,34.0
26.0,26.0,38.0,23.0,32.0,39.0,44.0,29.0,27.0,28.0,35.0,36.0,30.0,42.0,26.0,36.0,26.0,32.0,33.0,36.0,30.0,34.0,29.0,47.0,39.0,33.0,33.0,47.0,26.0,29.0,36.0,37.0,32.0,39.0,43.0,24.0,27.0,30.0,39.0,41.0,33.0,33.0,32.0,38.0,36.0,30.0,36.0,33.0,38.0,33.0
44.0,32.0,32.0,35.0,34.0,36.0,39.0,26.0,24.0,38.0,37.0,36.0,35.0,37.0,38.0,35.0,44.0,27.0,29.0,44.0,36.0,40.0,40.0,39.0,38.0,43.0,30.0,31.0,31.0,23.0,40.0,43.0,32.0,35.0,36.0,34.0,30.0,34.0,22.0,41.0,34.0,31.0,37.0,35.0,36.0,35.0,45.0,31.0,29.0,36.0
39.0,29.0,32.0,32.0,31.0,35.0,35.0,30.0,39.0,23.0,30.0,39.0,24.0,38.0,35.0,24.0,35.0,36.0,32.0,31.0,28.0,26.0,43.0,22.0,19.0,30.0,28.0,22.0,28.0,33.0,29.0,35.0,28.0,23.0,31.0,35.0,33.0,35.0,31.0,32.0,35.0,28.0,36.0,24.0,30.0,22.0,22.0,30.0,28.0,28.0
37.0,34.0,22.0,37.0,32.0,33.0,23.0,32.0,40.0,38.0,35.0,37.0,35.0,29.0,43.0,31.0,40.0,43.0,37.0,24.0,32.0,31.0,44.0,51.0,35.0,28.0,32.0,27.0,33.0,36.0,34.0,41.0,28.0,29.0,27.0,31.0,27.0,27.0,41.0,26.0,40.0,29.0,26.0,39.0,35.0,22.0,44.0,30.0,35.0,26.0
32.0,26.0,34.0,17.0,19.0,24.0,25.0,19.0,30.0,34.0,31.0,21.0,34.0,43.0,25.0,30.0,33.0,29.0,28.0,26.0,21.0,24.0,27.0,29.0,23.0,21.0,31.0,31.0,29.0,27.0,28.0,31.0,32.0,28.0,18.0,28.0,22.0,29.0,29.0,22.0,32.0,26.0,29.0,31.0,35.0,21.0,21.0,27.0,26.0,33.0
