10,50,1000
18.722241,15.937594,19.810056,17.843949,18.118111,15.712183,19.565092,17.785875,18.253873,19.622407
7.521838,8.416891,7.69717,5.977541,7.865129,7.804688,8.232529,8.10246,5.140031,8.618864
0.0,10.0,20.0,30.0,40.0,50.0,60.0,70.0,80.0,90.0
10.0,0.0,10.0,20.0,30.0,40.0,50.0,60.0,70.0,80.0
20.0,10.0,0.0,10.0,20.0,30.0,40.0,50.0,60.0,70.0
30.0,20.0,10.0,0.0,10.0,20.0,30.0,40.0,50.0,60.0
40.0,30.0,20.0,10.0,0.0,10.0,20.0,30.0,40.0,50.0
50.0,40.0,30.0,20.0,10.0,0.0,10.0,20.0,30.0,40.0
60.0,50.0,40.0,30.0,20.0,10.0,0.0,10.0,20.0,30.0
70.0,60.0,50.0,40.0,30.0,20.0,10.0,0.0,10.0,20.0
80.0,70.0,60.0,50.0,40.0,30.0,20.0,10.0,0.0,10.0
90.0,80.0,70.0,60.0,50.0,40.0,30.0,20.0,10.0,0.0
450.0,400.0,350.0,300.0,250.0,250.0,300.0,350.0,400.0,450.0
0.0,1.0,2.0,3.0,4.0,5.0,6.0,7.0,8.0,9.0
1.0,0.0,1.0,2.0,3.0,4.0,5.0,6.0,7.0,8.0
2.0,1.0,0.0,1.0,2.0,3.0,4.0,5.0,6.0,7.0
3.0,2.0,1.0,0.0,1.0,2.0,3.0,4.0,5.0,6.0
4.0,3.0,2.0,1.0,0.0,1.0,2.0,3.0,4.0,5.0
5.0,4.0,3.0,2.0,1.0,0.0,1.0,2.0,3.0,4.0
6.0,5.0,4.0,3.0,2.0,1.0,0.0,1.0,2.0,3.0
7.0,6.0,5.0,4.0,3.0,2.0,1.0,0.0,1.0,2.0
8.0,7.0,6.0,5.0,4.0,3.0,2.0,1.0,0.0,1.0
9.0,8.0,7.0,6.0,5.0,4.0,3.0,2.0,1.0,0.0
45.0,40.0,35.0,30.0,25.0,25.0,30.0,35.0,40.0,45.0
34.0,21.0,33.0,38.0,33.0,24.0,41.0,34.0,22.0,28.0,30.0,23.0,25.0,33.0,30.0,30.0,37.0,23.0,31.0,35.0,24.0,26.0,25.0,28.0,36.0,33.0,28.0,31.0,34.0,21.0,38.0,30.0,27.0,26.0,26.0,31.0,33.0,23.0,25.0,18.0,35.0,37.0,33.0,34.0,23.0,21.0,31.0,24.0,31.0,21.0
32.0,38.0,35.0,36.0,27.0,33.0,40.0,41.0,23.0,41.0,19.0,24.0,34.0,33.0,22.0,33.0,27.0,29.0,30.0,31.0,27.0,41.0,21.0,27.0,49.0,25.0,35.0,23.0,33.0,25.0,26.0,31.0,31.0,34.0,31.0,28.0,27.0,26.0,34.0,43.0,28.0,25.0,34.0,28.0,37.0,29.0,33.0,35.0,31.0,21.0
29.0,42.0,40.0,26.0,25.0,24.0,31.0,35.0,34.0,34.0,32.0,30.0,32.0,25.0,33.0,28.0,35.0,46.0,31.0,24.0,20.0,31.0,26.0,25.0,26.0,33.0,23.0,26.0,31.0,34.0,31.0,32.0,28.0,34.0,32.0,31.0,26.0,43.0,34.0,31.0,28.0,24.0,17.0,23.0,37.0,28.0,41.0,37.0,34.0,28.0
18.0,20.0,18.0,16.0,21.0,25.0,19.0,32.0,26.0,30.0,19.0,23.0,37.0,33.0,27.0,23.0,16.0,24.0,20.0,21.0,34.0,28.0,25.0,27.0,40.0,25.0,19.0,23.0,21.0,21.0,19.0,13.0,27.0,31.0,21.0,26.0,27.0,20.0,19.0,26.0,14.0,20.0,25.0,20.0,26.0,22.0,29.0,24.0,34.0,20.0
24.0,31.0,28.0,26.0,27.0,34.0,28.0,30.0,24.0,32.0,31.0,26.0,31.0,31.0,25.0,29.0,21.0,24.0,21.0,32.0,35.0,36.0,29.0,24.0,32.0,39.0,34.0,27.0,26.0,24.0,29.0,31.0,45.0,35.0,31.0,29.0,33.0,34.0,29.0,36.0,17.0,31.0,29.0,32.0,27.0,31.0,27.0,31.0,29.0,27.0
29.0,31.0,28.0,30.0,24.0,26.0,34.0,35.0,27.0,31.0,42.0,22.0,33.0,23.0,25.0,35.0,33.0,35.0,24.0,21.0,32.0,29.0,28.0,23.0,30.0,36.0,36.0,27.0,37.0,21.0,27.0,34.0,30.0,37.0,30.0,27.0,28.0,32.0,37.0,26.0,30.0,31.0,28.0,33.0,37.0,28.0,39.0,36.0,31.0,46.0
34.0,37.0,35.0,20.0,39.0,35.0,36.0,26.0,26.0,35.0,27.0,32.0,30.0,36.0,36.0,27.0,41.0,37.0,32.0,29.0,28.0,39.0,32.0,35.0,34.0,30.0,34.0,34.0,28.0,37.0,39.0,22.0,31.0,39.0,35.0,31.0,29.0,45.0,30.0,24.0,27.0,45.0,32.0,30.0,33.0,37.0,26.0,22.0,27.0,28.0
28.0,30.0,30.0,43.0,35.0,37.0,29.0,27.0,32.0,32.0,26.0,26.0,32.0,39.0,37.0,23.0,30.0,35.0,33.0,34.0,32.0,28.0,31.0,23.0,24.0,39.0,39.0,27.0,37.0,38.0,32.0,26.0,30.0,24.0,30.0,36.0,31.0,29.0,26.0,37.0,22.0,29.0,30.0,26.0,32.0,25.0,25.0,36.0,24.0,25.0
24.0,18.0,25.0,20.0,25.0,25.0,25.0,29.0,18.0,23.0,30.0,24.0,21.0,15.0,26.0,23.0,23.0,25.0,20.0,17.0,17.0,17.0,19.0,26.0,24.0,23.0,24.0,27.0,27.0,18.0,22.0,23.0,24.0,18.0,21.0,20.0,25.0,25.0,18.0,15.0,20.0,17.0,23.0,16.0,21.0,30.0,18.0,18.0,20.0,23.0
26.0,40.0,35.0,37.0,27.0,28.0,33.0,25.0,26.0,41.0,28.0,28.0,39.0,41.0,39.0,33.0,34.0,25.0,35.0,38.0,33.0,30.0,32.0,28.0,32.0,27.0,34.0,27.0,39.0,36.0,40.0,34.0,39.0,38.0,32.0,38.0,26.0,33.0,31.0,42.0,41.0,45.0,30.0,45.0,28.0,32.0,24.0,26.0,28.0,31.0
