10,50,1000
18.586811,15.086586,19.339844,16.443592,15.026985,15.992359,15.139107,17.822509,16.424668,17.160384
7.972924,8.332189,8.458777,9.181022,7.80921,6.877546,7.461311,5.856115,9.561464,9.857042
0.0,10.0,20.0,30.0,40.0,50.0,60.0,70.0,80.0,90.0
10.0,0.0,10.0,20.0,30.0,40.0,50.0,60.0,70.0,80.0
20.0,10.0,0.0,10.0,20.0,30.0,40.0,50.0,60.0,70.0
30.0,20.0,10.0,0.0,10.0,20.0,30.0,40.0,50.0,60.0
40.0,30.0,20.0,10.0,0.0,10.0,20.0,30.0,40.0,50.0
50.0,40.0,30.0,20.0,10.0,0.0,10.0,20.0,30.0,40.0
60.0,50.0,40.0,30.0,20.0,10.0,0.0,10.0,20.0,30.0
70.0,60.0,50.0,40.0,30.0,20.0,10.0,0.0,10.0,20.0
80.0,70.0,60.0,50.0,40.0,30.0,20.0,10.0,0.0,10.0
90.0,80.0,70.0,60.0,50.0,40.0,30.0,20.0,10.0,0.0
450.0,400.0,350.0,300.0,250.0,250.0,300.0,350.0,400.0,450.0
0.0,1.0,2.0,3.0,4.0,5.0,6.0,7.0,8.0,9.0
1.0,0.0,1.0,2.0,3.0,4.0,5.0,6.0,7.0,8.0
2.0,1.0,0.0,1.0,2.0,3.0,4.0,5.0,6.0,7.0
3.0,2.0,1.0,0.0,1.0,2.0,3.0,4.0,5.0,6.0
4.0,3.0,2.0,1.0,0.0,1.0,2.0,3.0,4.0,5.0
5.0,4.0,3.0,2.0,1.0,0.0,1.0,2.0,3.0,4.0
6.0,5.0,4.0,3.0,2.0,1.0,0.0,1.0,2.0,3.0
7.0,6.0,5.0,4.0,3.0,2.0,1.0,0.0,1.0,2.0
8.0,7.0,6.0,5.0,4.0,3.0,2.0,1.0,0.0,1.0
9.0,8.0,7.0,6.0,5.0,4.0,3.0,2.0,1.0,0.0
45.0,40.0,35.0,30.0,25.0,25.0,30.0,35.0,40.0,45.0
34.0,37.0,31.0,27.0,34.0,32.0,39.0,26.0,40.0,35.0,32.0,35.0,34.0,26.0,31.0,32.0,32.0,40.0,28.0,18.0,36.0,30.0,36.0,26.0,29.0,36.0,35.0,29.0,30.0,25.0,37.0,24.0,29.0,33.0,30.0,39.0,35.0,22.0,21.0,27.0,31.0,29.0,28.0,17.0,28.0,27.0,40.0,23.0,40.0,35.0
36.0,30.0,36.0,36.0,29.0,29.0,27.0,26.0,32.0,27.0,41.0,37.0,23.0,44.0,47.0,29.0,46.0,20.0,22.0,28.0,31.0,37.0,23.0,37.0,34.0,34.0,23.0,36.0,22.0,28.0,36.0,33.0,28.0,30.0,32.0,29.0,30.0,32.0,27.0,23.0,33.0,21.0,20.0,41.0,29.0,31.0,30.0,27.0,32.0,34.0
33.0,31.0,23.0,25.0,36.0,24.0,29.0,28.0,33.0,26.0,37.0,23.0,29.0,28.0,36.0,28.0,40.0,28.0,31.0,31.0,30.0,40.0,36.0,26.0,21.0,28.0,24.0,35.0,38.0,30.0,28.0,39.0,33.0,26.0,31.0,30.0,34.0,33.0,27.0,33.0,29.0,31.0,21.0,41.0,34.0,40.0,37.0,27.0,24.0,26.0
44.0,27.0,26.0,29.0,31.0,24.0,39.0,36.0,40.0,30.0,44.0,28.0,29.0,35.0,31.0,26.0,39.0,22.0,37.0,42.0,32.0,31.0,28.0,44.0,29.0,33.0,34.0,42.0,39.0,30.0,26.0,32.0,26.0,30.0,35.0,28.0,39.0,31.0,34.0,25.0,34.0,32.0,33.0,23.0,28.0,42.0,42.0,23.0,31.0,30.0
33.0,26.0,23.0,41.0,31.0,27.0,24.0,21.0,30.0,36.0,33.0,28.0,24.0,35.0,25.0,32.0,31.0,33.0,39.0,33.0,23.0,32.0,29.0,30.0,37.0,33.0,29.0,26.0,43.0,34.0,27.0,26.0,18.0,25.0,25.0,28.0,31.0,29.0,33.0,31.0,32.0,32.0,21.0,28.0,27.0,24.0,34.0,24.0,39.0,31.0
19.0,25.0,28.0,29.0,29.0,34.0,23.0,39.0,26.0,26.0,29.0,20.0,26.0,15.0,32.0,21.0,20.0,26.0,31.0,24.0,31.0,35.0,28.0,27.0,32.0,31.0,26.0,19.0,34.0,25.0,23.0,34.0,20.0,18.0,31.0,23.0,34.0,22.0,23.0,30.0,22.0,19.0,26.0,18.0,18.0,21.0,31.0,24.0,37.0,30.0
21.0,25.0,33.0,27.0,24.0,29.0,27.0,44.0,33.0,26.0,26.0,23.0,31.0,30.0,36.0,24.0,26.0,26.0,26.0,25.0,31.0,34.0,33.0,23.0,29.0,19.0,30.0,19.0,19.0,16.0,28.0,19.0,30.0,24.0,36.0,19.0,28.0,25.0,34.0,28.0,22.0,29.0,26.0,38.0,34.0,26.0,34.0,16.0,27.0,30.0
22.0,33.0,23.0,19.0,22.0,18.0,32.0,31.0,26.0,21.0,22.0,28.0,27.0,22.0,24.0,17.0,19.0,20.0,31.0,27.0,32.0,13.0,25.0,26.0,24.0,26.0,28.0,24.0,25.0,22.0,21.0,25.0,26.0,24.0,16.0,22.0,23.0,17.0,14.0,21.0,25.0,21.0,29.0,27.0,23.0,24.0,21.0,21.0,23.0,30.0
36.0,43.0,43.0,30.0,40.0,23.0,32.0,37.0,38.0,38.0,36.0,33.0,43.0,33.0,28.0,29.0,35.0,40.0,27.0,36.0,34.0,34.0,32.0,29.0,33.0,35.0,33.0,40.0,42.0,29.0,39.0,30.0,37.0,41.0,33.0,38.0,32.0,34.0,30.0,45.0,34.0,31.0,35.0,35.0,34.0,36.0,29.0,36.0,25.0,44.0
44.0,30.0,39.0,42.0,33.0,32.0,37.0,31.0,21.0,36.0,33.0,41.0,40.0,32.0,44.0,49.0,27.0,34.0,36.0,32.0,39.0,35.0,28.0,41.0,31.0,41.0,42.0,44.0,32.0,43.0,39.0,34.0,32.0,43.0,31.0,32.0,45.0,35.0,26.0,35.0,31.0,34.0,34.0,32.0,40.0,30.0,35.0,44.0,37.0,39.0
