10,50,1000
15.267321,18.966034,16.73173,18.9482,17.11393,16.576159,16.643296,17.474813,16.237807,19.749398
6.475244,8.01447,6.177663,5.330855,7.106542,9.943951,5.673646,5.580358,8.845239,8.289557
0.0,10.0,20.0,30.0,40.0,50.0,60.0,70.0,80.0,90.0
10.0,0.0,10.0,20.0,30.0,40.0,50.0,60.0,70.0,80.0
20.0,10.0,0.0,10.0,20.0,30.0,40.0,50.0,60.0,70.0
30.0,20.0,10.0,0.0,10.0,20.0,30.0,40.0,50.0,60.0
40.0,30.0,20.0,10.0,0.0,10.0,20.0,30.0,40.0,50.0
50.0,40.0,30.0,20.0,10.0,0.0,10.0,20.0,30.0,40.0
60.0,50.0,40.0,30.0,20.0,10.0,0.0,10.0,20.0,30.0
70.0,60.0,50.0,40.0,30.0,20.0,10.0,0.0,10.0,20.0
80.0,70.0,60.0,50.0,40.0,30.0,20.0,10.0,0.0,10.0
90.0,80.0,70.0,60.0,50.0,40.0,30.0,20.0,10.0,0.0
450.0,400.0,350.0,300.0,250.0,250.0,300.0,350.0,400.0,450.0
0.0,1.0,2.0,3.0,4.0,5.0,6.0,7.0,8.0,9.0
1.0,0.0,1.0,2.0,3.0,4.0,5.0,6.0,7.0,8.0
2.0,1.0,0.0,1.0,2.0,3.0,4.0,5.0,6.0,7.0
3.0,2.0,1.0,0.0,1.0,2.0,3.0,4.0,5.0,6.0
4.0,3.0,2.0,1.0,0.0,1.0,2.0,3.0,4.0,5.0
5.0,4.0,3.0,2.0,1.0,0.0,1.0,2.0,3.0,4.0
6.0,5.0,4.0,3.0,2.0,1.0,0.0,1.0,2.0,3.0
7.0,6.0,5.0,4.0,3.0,2.0,1.0,0.0,1.0,2.0
8.0,7.0,6.0,5.0,4.0,3.0,2.0,1.0,0.0,1.0
9.0,8.0,7.0,6.0,5.0,4.0,3.0,2.0,1.0,0.0
45.0,40.0,35.0,30.0,25.0,25.0,30.0,35.0,40.0,45.0
26.0,21.0,28.0,19.0,28.0,32.0,27.0,19.0,24.0,22.0,23.0,28.0,27.0,24.0,25.0,29.0,29.0,24.0,21.0,29.0,28.0,17.0,28.0,28.0,21.0,22.0,26.0,24.0,31.0,29.0,18.0,30.0,22.0,27.0,19.0,25.0,27.0,28.0,31.0,33.0,33.0,32.0,21.0,25.0,23.0,20.0,32.0,23.0,31.0,30.0
28.0,39.0,33.0,38.0,25.0,33.0,43.0,40.0,39.0,32.0,29.0,30.0,41.0,31.0,35.0,33.0,33.0,23.0,33.0,24.0,24.0,29.0,50.0,31.0,31.0,26.0,31.0,33.0,48.0,21.0,33.0,38.0,24.0,34.0,30.0,35.0,23.0,30.0,31.0,25.0,28.0,34.0,27.0,29.0,19.0,39.0,38.0,36.0,24.0,36.0
21.0,23.0,28.0,29.0,21.0,27.0,20.0,27.0,15.0,24.0,16.0,26.0,18.0,28.0,30.0,33.0,27.0,21.0,25.0,23.0,28.0,25.0,22.0,26.0,30.0,21.0,16.0,19.0,26.0,16.0,22.0,24.0,20.0,18.0,27.0,24.0,29.0,33.0,22.0,28.0,34.0,22.0,29.0,20.0,22.0,25.0,23.0,18.0,28.0,17.0
27.0,14.0,28.0,22.0,28.0,24.0,22.0,19.0,14.0,20.0,26.0,24.0,25.0,21.0,22.0,19.0,17.0,16.0,20.0,20.0,15.0,17.0,18.0,17.0,16.0,15.0,17.0,20.0,25.0,25.0,25.0,22.0,28.0,24.0,25.0,26.0,18.0,18.0,16.0,21.0,26.0,21.0,24.0,23.0,23.0,21.0,25.0,25.0,20.0,21.0
27.0,26.0,25.0,29.0,29.0,27.0,33.0,32.0,29.0,33.0,21.0,22.0,34.0,36.0,22.0,38.0,29.0,32.0,26.0,28.0,30.0,32.0,28.0,28.0,27.0,26.0,28.0,31.0,26.0,22.0,30.0,24.0,27.0,29.0,28.0,32.0,29.0,28.0,34.0,27.0,21.0,24.0,20.0,29.0,24.0,26.0,24.0,37.0,28.0,27.0
42.0,41.0,27.0,31.0,27.0,44.0,46.0,33.0,40.0,28.0,38.0,37.0,38.0,34.0,34.0,35.0,37.0,38.0,25.0,35.0,40.0,36.0,41.0,31.0,45.0,46.0,44.0,36.0,43.0,28.0,38.0,38.0,32.0,39.0,42.0,38.0,35.0,41.0,29.0,36.0,40.0,32.0,34.0,28.0,35.0,41.0,31.0,32.0,40.0,33.0
29.0,26.0,25.0,28.0,17.0,19.0,23.0,24.0,21.0,21.0,28.0,23.0,26.0,21.0,18.0,20.0,21.0,25.0,20.0,25.0,25.0,28.0,24.0,20.0,27.0,17.0,27.0,19.0,26.0,29.0,16.0,24.0,18.0,25.0,15.0,31.0,18.0,22.0,21.0,18.0,26.0,22.0,15.0,32.0,25.0,29.0,30.0,18.0,29.0,18.0
25.0,21.0,14.0,30.0,21.0,21.0,25.0,25.0,25.0,36.0,18.0,29.0,17.0,20.0,24.0,26.0,26.0,30.0,26.0,16.0,22.0,17.0,28.0,29.0,16.0,18.0,35.0,15.0,25.0,32.0,19.0,15.0,27.0,28.0,23.0,15.0,31.0,29.0,28.0,22.0,24.0,19.0,19.0,19.0,26.0,31.0,23.0,16.0,30.0,17.0
31.0,33.0,23.0,30.0,33.0,39.0,29.0,36.0,39.0,33.0,30.0,24.0,33.0,36.0,40.0,25.0,31.0,40.0,36.0,37.0,26.0,31.0,31.0,38.0,38.0,31.0,32.0,32.0,27.0,34.0,25.0,39.0,33.0,34.0,28.0,34.0,37.0,33.0,32.0,26.0,36.0,17.0,32.0,27.0,34.0,27.0,34.0,36.0,26.0,39.0
30.0,33.0,32.0,36.0,38.0,37.0,37.0,37.0,33.0,28.0,29.0,36.0,27.0,30.0,41.0,32.0,36.0,25.0,35.0,34.0,38.0,38.0,21.0,36.0,38.0,32.0,33.0,36.0,38.0,34.0,29.0,31.0,32.0,38.0,28.0,15.0,30.0,33.0,29.0,38.0,34.0,38.0,19.0,35.0,30.0,28.0,30.0,37.0,30.0,39.0
