10,50,1000
18.709456,18.128144,18.657046,16.509355,19.236411,19.264187,17.28226,18.171278,18.705952,18.036925
7.679751,8.789394,6.746908,8.49364,6.069202,6.360604,8.159551,9.187622,7.486983,9.972899
0.0,10.0,20.0,30.0,40.0,50.0,60.0,70.0,80.0,90.0
10.0,0.0,10.0,20.0,30.0,40.0,50.0,60.0,70.0,80.0
20.0,10.0,0.0,10.0,20.0,30.0,40.0,50.0,60.0,70.0
30.0,20.0,10.0,0.0,10.0,20.0,30.0,40.0,50.0,60.0
40.0,30.0,20.0,10.0,0.0,10.0,20.0,30.0,40.0,50.0
50.0,40.0,30.0,20.0,10.0,0.0,10.0,20.0,30.0,40.0
60.0,50.0,40.0,30.0,20.0,10.0,0.0,10.0,20.0,30.0
70.0,60.0,50.0,40.0,30.0,20.0,10.0,0.0,10.0,20.0
80.0,70.0,60.0,50.0,40.0,30.0,20.0,10.0,0.0,10.0
90.0,80.0,70.0,60.0,50.0,40.0,30.0,20.0,10.0,0.0
450.0,400.0,350.0,300.0,250.0,250.0,300.0,350.0,400.0,450.0
0.0,1.0,2.0,3.0,4.0,5.0,6.0,7.0,8.0,9.0
1.0,0.0,1.0,2.0,3.0,4.0,5.0,6.0,7.0,8.0
2.0,1.0,0.0,1.0,2.0,3.0,4.0,5.0,6.0,7.0
3.0,2.0,1.0,0.0,1.0,2.0,3.0,4.0,5.0,6.0
4.0,3.0,2.0,1.0,0.0,1.0,2.0,3.0,4.0,5.0
5.0,4.0,3.0,2.0,1.0,0.0,1.0,2.0,3.0,4.0
6.0,5.0,4.0,3.0,2.0,1.0,0.0,1.0,2.0,3.0
7.0,6.0,5.0,4.0,3.0,2.0,1.0,0.0,1.0,2.0
8.0,7.0,6.0,5.0,4.0,3.0,2.0,1.0,0.0,1.0
9.0,8.0,7.0,6.0,5.0,4.0,3.0,2.0,1.0,0.0
45.0,40.0,35.0,30.0,25.0,25.0,30.0,35.0,40.0,45.0
29.0,25.0,39.0,38.0,30.0,40.0,29.0,38.0,18.0,26.0,26.0,33.0,25.0,35.0,28.0,32.0,25.0,26.0,25.0,36.0,39.0,25.0,25.0,26.0,35.0,34.0,28.0,35.0,33.0,35.0,26.0,35.0,24.0,33.0,30.0,36.0,35.0,34.0,25.0,31.0,28.0,35.0,31.0,38.0,28.0,24.0,33.0,38.0,30.0,21.0
33.0,34.0,32.0,30.0,34.0,48.0,22.0,35.0,33.0,28.0,20.0,45.0,30.0,52.0,35.0,34.0,24.0,40.0,35.0,29.0,26.0,35.0,37.0,41.0,43.0,34.0,34.0,32.0,37.0,33.0,42.0,40.0,25.0,34.0,29.0,33.0,31.0,33.0,45.0,31.0,30.0,28.0,36.0,36.0,25.0,40.0,35.0,35.0,33.0,28.0
20.0,24.0,28.0,25.0,25.0,27.0,20.0,22.0,34.0,30.0,28.0,27.0,29.0,22.0,33.0,15.0,29.0,24.0,28.0,29.0,26.0,30.0,29.0,32.0,19.0,32.0,24.0,32.0,19.0,20.0,33.0,28.0,26.0,26.0,27.0,26.0,28.0,21.0,31.0,42.0,28.0,32.0,27.0,22.0,27.0,25.0,29.0,27.0,27.0,17.0
37.0,43.0,37.0,32.0,31.0,26.0,34.0,27.0,35.0,34.0,32.0,42.0,32.0,22.0,27.0,26.0,35.0,42.0,32.0,30.0,25.0,34.0,40.0,23.0,18.0,35.0,39.0,25.0,29.0,38.0,37.0,34.0,27.0,26.0,32.0,27.0,25.0,32.0,24.0,36.0,34.0,35.0,28.0,38.0,28.0,41.0,23.0,32.0,33.0,24.0
18.0,24.0,27.0,21.0,27.0,23.0,24.0,25.0,22.0,23.0,29.0,17.0,18.0,22.0,21.0,30.0,13.0,24.0,18.0,18.0,27.0,24.0,20.0,26.0,18.0,20.0,15.0,29.0,34.0,32.0,31.0,23.0,20.0,23.0,27.0,28.0,20.0,24.0,30.0,23.0,27.0,34.0,24.0,30.0,24.0,32.0,29.0,18.0,25.0,33.0
33.0,27.0,31.0,22.0,25.0,24.0,26.0,25.0,31.0,21.0,26.0,27.0,27.0,21.0,30.0,27.0,22.0,31.0,37.0,39.0,21.0,28.0,35.0,25.0,29.0,24.0,31.0,30.0,21.0,28.0,34.0,32.0,30.0,25.0,22.0,31.0,29.0,19.0,23.0,33.0,26.0,32.0,39.0,32.0,21.0,25.0,29.0,21.0,25.0,27.0
24.0,30.0,31.0,23.0,38.0,19.0,19.0,27.0,27.0,30.0,24.0,36.0,21.0,41.0,29.0,33.0,32.0,31.0,26.0,27.0,33.0,25.0,23.0,26.0,24.0,33.0,39.0,41.0,24.0,42.0,29.0,35.0,33.0,29.0,28.0,33.0,22.0,31.0,21.0,28.0,35.0,37.0,41.0,23.0,26.0,37.0,35.0,28.0,24.0,36.0
26.0,37.0,32.0,27.0,38.0,26.0,22.0,30.0,32.0,38.0,25.0,40.0,43.0,40.0,32.0,40.0,33.0,36.0,32.0,37.0,36.0,34.0,38.0,33.0,33.0,35.0,24.0,30.0,31.0,37.0,35.0,32.0,37.0,37.0,31.0,43.0,37.0,42.0,30.0,31.0,40.0,27.0,34.0,36.0,31.0,34.0,42.0,33.0,41.0,33.0
28.0,22.0,28.0,40.0,31.0,34.0,28.0,30.0,26.0,25.0,27.0,27.0,34.0,34.0,35.0,28.0,25.0,34.0,26.0,26.0,27.0,26.0,26.0,26.0,28.0,24.0,29.0,24.0,24.0,23.0,29.0,23.0,36.0,27.0,32.0,24.0,18.0,31.0,31.0,33.0,34.0,27.0,36.0,30.0,26.0,18.0,26.0,31.0,28.0,45.0
45.0,44.0,48.0,26.0,30.0,35.0,33.0,28.0,33.0,27.0,34.0,46.0,42.0,38.0,34.0,54.0,59.0,37.0,47.0,35.0,36.0,30.0,27.0,36.0,49.0,47.0,24.0,46.0,42.0,35.0,43.0,31.0,35.0,38.0,46.0,28.0,29.0,46.0,40.0,49.0,33.0,39.0,31.0,42.0,49.0,24.0,46.0,34.0,31.0,42.0
