10,50,1000
17.357034,17.210666,15.09324,17.970463,19.354768,17.322524,17.605752,18.600552,16.294636,15.805028
7.853873,6.863676,9.062492,7.278232,8.968565,6.047904,6.967861,7.098562,8.714597,6.636756
0.0,10.0,20.0,30.0,40.0,50.0,60.0,70.0,80.0,90.0
10.0,0.0,10.0,20.0,30.0,40.0,50.0,60.0,70.0,80.0
20.0,10.0,0.0,10.0,20.0,30.0,40.0,50.0,60.0,70.0
30.0,20.0,10.0,0.0,10.0,20.0,30.0,40.0,50.0,60.0
40.0,30.0,20.0,10.0,0.0,10.0,20.0,30.0,40.0,50.0
50.0,40.0,30.0,20.0,10.0,0.0,10.0,20.0,30.0,40.0
60.0,50.0,40.0,30.0,20.0,10.0,0.0,10.0,20.0,30.0
70.0,60.0,50.0,40.0,30.0,20.0,10.0,0.0,10.0,20.0
80.0,70.0,60.0,50.0,40.0,30.0,20.0,10.0,0.0,10.0
90.0,80.0,70.0,60.0,50.0,40.0,30.0,20.0,10.0,0.0
450.0,400.0,350.0,300.0,250.0,250.0,300.0,350.0,400.0,450.0
0.0,1.0,2.0,3.0,4.0,5.0,6.0,7.0,8.0,9.0
1.0,0.0,1.0,2.0,3.0,4.0,5.0,6.0,7.0,8.0
2.0,1.0,0.0,1.0,2.0,3.0,4.0,5.0,6.0,7.0
3.0,2.0,1.0,0.0,1.0,2.0,3.0,4.0,5.0,6.0
4.0,3.0,2.0,1.0,0.0,1.0,2.0,3.0,4.0,5.0
5.0,4.0,3.0,2.0,1.0,0.0,1.0,2.0,3.0,4.0
6.0,5.0,4.0,3.0,2.0,1.0,0.0,1.0,2.0,3.0
7.0,6.0,5.0,4.0,3.0,2.0,1.0,0.0,1.0,2.0
8.0,7.0,6.0,5.0,4.0,3.0,2.0,1.0,0.0,1.0
9.0,8.0,7.0,6.0,5.0,4.0,3.0,2.0,1.0,0.0
45.0,40.0,35.0,30.0,25.0,25.0,30.0,35.0,40.0,45.0
28.0,39.0,33.0,30.0,32.0,46.0,27.0,32.0,37.0,41.0,29.0,22.0,29.0,39.0,30.0,23.0,34.0,32.0,36.0,30.0,30.0,33.0,24.0,29.0,28.0,29.0,32.0,31.0,34.0,27.0,30.0,27.0,38.0,22.0,27.0,22.0,35.0,20.0,29.0,26.0,24.0,41.0,34.0,23.0,31.0,27.0,31.0,26.0,25.0,36.0
25.0,19.0,21.0,26.0,22.0,27.0,20.0,24.0,32.0,32.0,33.0,33.0,25.0,27.0,25.0,29.0,29.0,29.0,29.0,25.0,33.0,26.0,24.0,31.0,30.0,22.0,26.0,30.0,35.0,24.0,27.0,30.0,26.0,25.0,24.0,22.0,31.0,23.0,27.0,26.0,22.0,30.0,34.0,23.0,33.0,26.0,29.0,28.0,33.0,29.0
37.0,29.0,18.0,31.0,27.0,30.0,36.0,24.0,31.0,38.0,36.0,40.0,28.0,33.0,32.0,31.0,32.0,36.0,37.0,34.0,31.0,33.0,22.0,27.0,32.0,43.0,33.0,31.0,22.0,39.0,28.0,32.0,42.0,40.0,37.0,32.0,41.0,25.0,44.0,24.0,31.0,44.0,35.0,34.0,31.0,39.0,39.0,30.0,24.0,39.0
27.0,28.0,17.0,28.0,24.0,31.0,28.0,25.0,23.0,37.0,23.0,24.0,25.0,34.0,36.0,21.0,23.0,31.0,34.0,37.0,33.0,30.0,30.0,31.0,21.0,25.0,26.0,29.0,32.0,31.0,33.0,21.0,28.0,37.0,25.0,33.0,28.0,28.0,24.0,32.0,18.0,24.0,29.0,28.0,30.0,29.0,38.0,21.0,24.0,26.0
25.0,51.0,31.0,40.0,39.0,16.0,41.0,32.0,31.0,40.0,20.0,27.0,21.0,36.0,32.0,35.0,32.0,42.0,35.0,34.0,39.0,33.0,32.0,32.0,26.0,25.0,36.0,30.0,31.0,22.0,45.0,43.0,24.0,33.0,30.0,26.0,34.0,37.0,38.0,40.0,43.0,25.0,29.0,41.0,37.0,32.0,37.0,28.0,37.0,31.0
19.0,26.0,18.0,33.0,22.0,10.0,26.0,18.0,31.0,19.0,23.0,20.0,20.0,33.0,22.0,22.0,25.0,20.0,28.0,23.0,21.0,25.0,16.0,30.0,18.0,18.0,28.0,23.0,22.0,35.0,18.0,29.0,29.0,18.0,26.0,28.0,20.0,28.0,21.0,24.0,22.0,20.0,19.0,26.0,20.0,20.0,26.0,29.0,24.0,26.0
29.0,30.0,18.0,22.0,28.0,27.0,23.0,21.0,27.0,32.0,27.0,18.0,23.0,24.0,28.0,33.0,33.0,25.0,29.0,29.0,21.0,20.0,25.0,21.0,23.0,25.0,23.0,26.0,18.0,32.0,21.0,29.0,17.0,31.0,25.0,29.0,25.0,31.0,31.0,24.0,30.0,26.0,33.0,31.0,32.0,25.0,27.0,22.0,27.0,37.0
23.0,29.0,30.0,22.0,25.0,34.0,19.0,36.0,29.0,29.0,26.0,25.0,29.0,27.0,28.0,26.0,28.0,25.0,26.0,33.0,28.0,36.0,30.0,27.0,23.0,27.0,28.0,23.0,33.0,28.0,27.0,25.0,26.0,39.0,32.0,29.0,29.0,29.0,29.0,26.0,31.0,32.0,25.0,35.0,40.0,31.0,35.0,39.0,35.0,23.0
29.0,31.0,32.0,28.0,34.0,39.0,21.0,25.0,36.0,33.0,38.0,40.0,33.0,30.0,30.0,36.0,41.0,26.0,42.0,32.0,44.0,38.0,34.0,32.0,34.0,36.0,29.0,32.0,21.0,30.0,24.0,31.0,35.0,27.0,36.0,33.0,29.0,39.0,32.0,26.0,33.0,39.0,35.0,30.0,29.0,36.0,29.0,33.0,28.0,26.0
23.0,25.0,23.0,29.0,25.0,18.0,33.0,25.0,31.0,27.0,24.0,17.0,28.0,26.0,26.0,34.0,29.0,21.0,24.0,18.0,29.0,28.0,25.0,23.0,35.0,22.0,19.0,26.0,19.0,29.0,24.0,27.0,23.0,27.0,25.0,31.0,15.0,28.0,26.0,22.0,16.0,26.0,28.0,32.0,27.0,30.0,21.0,30.0,22.0,26.0
