10,50,1000
18.166476,17.324613,16.719239,19.737588,19.405807,17.066939,17.800869,19.30167,19.611631,19.984705
5.023854,9.548955,9.688164,6.018002,8.50478,7.611594,9.357353,8.442257,7.641125,6.797784
0.0,10.0,20.0,30.0,40.0,50.0,60.0,70.0,80.0,90.0
10.0,0.0,10.0,20.0,30.0,40.0,50.0,60.0,70.0,80.0
20.0,10.0,0.0,10.0,20.0,30.0,40.0,50.0,60.0,70.0
30.0,20.0,10.0,0.0,10.0,20.0,30.0,40.0,50.0,60.0
40.0,30.0,20.0,10.0,0.0,10.0,20.0,30.0,40.0,50.0
50.0,40.0,30.0,20.0,10.0,0.0,10.0,20.0,30.0,40.0
60.0,50.0,40.0,30.0,20.0,10.0,0.0,10.0,20.0,30.0
70.0,60.0,50.0,40.0,30.0,20.0,10.0,0.0,10.0,20.0
80.0,70.0,60.0,50.0,40.0,30.0,20.0,10.0,0.0,10.0
90.0,80.0,70.0,60.0,50.0,40.0,30.0,20.0,10.0,0.0
450.0,400.0,350.0,300.0,250.0,250.0,300.0,350.0,400.0,450.0
0.0,1.0,2.0,3.0,4.0,5.0,6.0,7.0,8.0,9.0
1.0,0.0,1.0,2.0,3.0,4.0,5.0,6.0,7.0,8.0
2.0,1.0,0.0,1.0,2.0,3.0,4.0,5.0,6.0,7.0
3.0,2.0,1.0,0.0,1.0,2.0,3.0,4.0,5.0,6.0
4.0,3.0,2.0,1.0,0.0,1.0,2.0,3.0,4.0,5.0
5.0,4.0,3.0,2.0,1.0,0.0,1.0,2.0,3.0,4.0
6.0,5.0,4.0,3.0,2.0,1.0,0.0,1.0,2.0,3.0
7.0,6.0,5.0,4.0,3.0,2.0,1.0,0.0,1.0,2.0
8.0,7.0,6.0,5.0,4.0,3.0,2.0,1.0,0.0,1.0
9.0,8.0,7.0,6.0,5.0,4.0,3.0,2.0,1.0,0.0
45.0,40.0,35.0,30.0,25.0,25.0,30.0,35.0,40.0,45.0
13.0,22.0,17.0,22.0,19.0,25.0,17.0,9.0,13.0,17.0,22.0,18.0,24.0,13.0,17.0,23.0,26.0,20.0,30.0,16.0,24.0,26.0,21.0,23.0,23.0,17.0,26.0,27.0,24.0,30.0,15.0,23.0,27.0,15.0,20.0,24.0,22.0,19.0,29.0,18.0,28.0,18.0,20.0,16.0,22.0,21.0,19.0,23.0,22.0,17.0
29.0,34.0,33.0,34.0,40.0,37.0,31.0,33.0,32.0,37.0,31.0,44.0,33.0,43.0,33.0,28.0,38.0,25.0,30.0,30.0,36.0,34.0,35.0,46.0,25.0,29.0,29.0,39.0,44.0,33.0,40.0,37.0,29.0,42.0,41.0,28.0,38.0,29.0,42.0,27.0,47.0,42.0,33.0,31.0,32.0,37.0,37.0,38.0,40.0,42.0
30.0,34.0,31.0,36.0,33.0,38.0,38.0,42.0,38.0,33.0,34.0,32.0,41.0,45.0,36.0,45.0,35.0,28.0,42.0,36.0,33.0,32.0,28.0,34.0,28.0,46.0,30.0,27.0,31.0,45.0,41.0,37.0,47.0,33.0,38.0,40.0,25.0,35.0,20.0,40.0,42.0,30.0,25.0,34.0,29.0,39.0,37.0,38.0,30.0,36.0
20.0,26.0,28.0,31.0,23.0,27.0,32.0,18.0,22.0,24.0,31.0,31.0,32.0,29.0,23.0,23.0,27.0,23.0,28.0,24.0,21.0,28.0,24.0,28.0,22.0,32.0,24.0,22.0,23.0,29.0,22.0,26.0,23.0,23.0,32.0,32.0,32.0,29.0,25.0,20.0,22.0,27.0,26.0,30.0,22.0,34.0,27.0,19.0,20.0,20.0
38.0,38.0,36.0,39.0,41.0,37.0,24.0,36.0,33.0,38.0,20.0,30.0,26.0,34.0,28.0,27.0,28.0,28.0,36.0,30.0,30.0,34.0,37.0,30.0,37.0,23.0,38.0,34.0,26.0,41.0,38.0,32.0,32.0,24.0,32.0,36.0,34.0,31.0,34.0,28.0,37.0,34.0,37.0,48.0,31.0,33.0,41.0,35.0,33.0,43.0
20.0,16.0,35.0,37.0,27.0,28.0,33.0,27.0,29.0,20.0,32.0,23.0,26.0,25.0,27.0,21.0,24.0,30.0,29.0,32.0,34.0,29.0,25.0,36.0,27.0,36.0,26.0,23.0,30.0,29.0,29.0,28.0,29.0,29.0,28.0,31.0,35.0,31.0,34.0,25.0,30.0,23.0,36.0,35.0,25.0,34.0,24.0,27.0,26.0,37.0
36.0,33.0,43.0,36.0,27.0,41.0,29.0,37.0,38.0,49.0,32.0,43.0,29.0,27.0,37.0,39.0,32.0,21.0,26.0,32.0,29.0,36.0,27.0,22.0,38.0,38.0,29.0,38.0,30.0,39.0,37.0,34.0,29.0,26.0,32.0,34.0,36.0,37.0,37.0,35.0,37.0,41.0,27.0,35.0,36.0,32.0,31.0,28.0,35.0,27.0
31.0,34.0,20.0,19.0,38.0,30.0,33.0,39.0,20.0,28.0,34.0,30.0,33.0,24.0,28.0,21.0,28.0,38.0,24.0,41.0,35.0,37.0,33.0,30.0,40.0,30.0,32.0,29.0,24.0,50.0,25.0,32.0,21.0,24.0,30.0,22.0,33.0,35.0,33.0,37.0,25.0,36.0,33.0,33.0,35.0,29.0,37.0,21.0,27.0,33.0
28.0,31.0,31.0,37.0,32.0,35.0,29.0,32.0,34.0,25.0,38.0,41.0,25.0,23.0,30.0,23.0,28.0,25.0,33.0,38.0,31.0,27.0,27.0,30.0,29.0,28.0,29.0,32.0,35.0,50.0,26.0,22.0,28.0,25.0,31.0,36.0,19.0,22.0,38.0,28.0,26.0,39.0,28.0,24.0,34.0,28.0,42.0,30.0,28.0,30.0
19.0,26.0,23.0,30.0,23.0,26.0,42.0,32.0,24.0,27.0,22.0,31.0,33.0,22.0,23.0,30.0,29.0,26.0,19.0,26.0,18.0,44.0,38.0,29.0,26.0,39.0,28.0,25.0,19.0,28.0,26.0,22.0,26.0,28.0,31.0,26.0,22.0,20.0,24.0,28.0,16.0,28.0,35.0,27.0,32.0,25.0,23.0,26.0,27.0,18.0
