10,50,1000
16.637453,17.899741,18.48094,16.310876,17.008204,19.924393,17.919454,15.228403,16.162309,15.301002
8.637662,7.870364,8.942823,5.329822,9.374796,5.395684,7.642787,6.564171,9.787422,8.150653
0.0,10.0,20.0,30.0,40.0,50.0,60.0,70.0,80.0,90.0
10.0,0.0,10.0,20.0,30.0,40.0,50.0,60.0,70.0,80.0
20.0,10.0,0.0,10.0,20.0,30.0,40.0,50.0,60.0,70.0
30.0,20.0,10.0,0.0,10.0,20.0,30.0,40.0,50.0,60.0
40.0,30.0,20.0,10.0,0.0,10.0,20.0,30.0,40.0,50.0
50.0,40.0,30.0,20.0,10.0,0.0,10.0,20.0,30.0,40.0
60.0,50.0,40.0,30.0,20.0,10.0,0.0,10.0,20.0,30.0
70.0,60.0,50.0,40.0,30.0,20.0,10.0,0.0,10.0,20.0
80.0,70.0,60.0,50.0,40.0,30.0,20.0,10.0,0.0,10.0
90.0,80.0,70.0,60.0,50.0,40.0,30.0,20.0,10.0,0.0
450.0,400.0,350.0,300.0,250.0,250.0,300.0,350.0,400.0,450.0
0.0,1.0,2.0,3.0,4.0,5.0,6.0,7.0,8.0,9.0
1.0,0.0,1.0,2.0,3.0,4.0,5.0,6.0,7.0,8.0
2.0,1.0,0.0,1.0,2.0,3.0,4.0,5.0,6.0,7.0
3.0,2.0,1.0,0.0,1.0,2.0,3.0,4.0,5.0,6.0
4.0,3.0,2.0,1.0,0.0,1.0,2.0,3.0,4.0,5.0
5.0,4.0,3.0,2.0,1.0,0.0,1.0,2.0,3.0,4.0
6.0,5.0,4.0,3.0,2.0,1.0,0.0,1.0,2.0,3.0
7.0,6.0,5.0,4.0,3.0,2.0,1.0,0.0,1.0,2.0
8.0,7.0,6.0,5.0,4.0,3.0,2.0,1.0,0.0,1.0
9.0,8.0,7.0,6.0,5.0,4.0,3.0,2.0,1.0,0.0
45.0,40.0,35.0,30.0,25.0,25.0,30.0,35.0,40.0,45.0
32.0,35.0,29.0,36.0,29.0,27.0,31.0,35.0,32.0,26.0,26.0,36.0,31.0,29.0,29.0,33.0,28.0,37.0,35.0,36.0,43.0,23.0,31.0,36.0,33.0,33.0,26.0,31.0,37.0,29.0,26.0,18.0,27.0,29.0,34.0,38.0,36.0,29.0,38.0,36.0,26.0,35.0,33.0,36.0,28.0,39.0,30.0,40.0,31.0,25.0
29.0,41.0,38.0,25.0,30.0,22.0,33.0,30.0,28.0,30.0,22.0,23.0,27.0,26.0,37.0,30.0,31.0,34.0,34.0,33.0,27.0,23.0,22.0,34.0,26.0,39.0,28.0,23.0,22.0,41.0,24.0,31.0,38.0,33.0,33.0,34.0,31.0,27.0,28.0,25.0,32.0,30.0,33.0,22.0,32.0,32.0,32.0,35.0,31.0,30.0
40.0,31.0,32.0,38.0,35.0,33.0,34.0,37.0,45.0,41.0,41.0,25.0,37.0,26.0,37.0,31.0,40.0,34.0,36.0,41.0,31.0,33.0,27.0,36.0,27.0,36.0,24.0,31.0,34.0,26.0,42.0,37.0,39.0,21.0,29.0,27.0,35.0,30.0,27.0,37.0,42.0,40.0,34.0,32.0,33.0,33.0,27.0,37.0,24.0,30.0
28.0,15.0,24.0,24.0,16.0,16.0,27.0,21.0,22.0,13.0,24.0,34.0,29.0,12.0,16.0,17.0,28.0,21.0,18.0,22.0,25.0,16.0,23.0,15.0,23.0,24.0,16.0,22.0,22.0,13.0,25.0,19.0,22.0,21.0,25.0,25.0,26.0,24.0,22.0,22.0,15.0,24.0,18.0,21.0,22.0,15.0,22.0,20.0,13.0,21.0
26.0,32.0,36.0,27.0,39.0,32.0,23.0,50.0,36.0,49.0,27.0,28.0,42.0,43.0,39.0,37.0,40.0,37.0,41.0,45.0,39.0,35.0,33.0,37.0,34.0,35.0,36.0,39.0,28.0,44.0,28.0,32.0,39.0,39.0,29.0,34.0,35.0,46.0,32.0,36.0,38.0,44.0,28.0,30.0,46.0,47.0,20.0,36.0,36.0,33.0
27.0,25.0,21.0,20.0,21.0,18.0,19.0,29.0,20.0,22.0,24.0,14.0,24.0,29.0,27.0,29.0,29.0,18.0,23.0,19.0,25.0,19.0,24.0,21.0,14.0,24.0,20.0,27.0,24.0,16.0,17.0,21.0,21.0,30.0,31.0,25.0,22.0,26.0,30.0,11.0,25.0,16.0,19.0,22.0,28.0,16.0,17.0,25.0,17.0,25.0
26.0,33.0,28.0,25.0,30.0,28.0,37.0,28.0,27.0,24.0,27.0,25.0,30.0,26.0,36.0,28.0,27.0,38.0,24.0,19.0,25.0,22.0,35.0,28.0,26.0,29.0,33.0,26.0,30.0,32.0,40.0,19.0,29.0,31.0,22.0,28.0,28.0,24.0,32.0,34.0,30.0,28.0,42.0,30.0,27.0,36.0,34.0,32.0,31.0,37.0
21.0,22.0,20.0,26.0,29.0,26.0,21.0,18.0,23.0,22.0,33.0,25.0,24.0,38.0,27.0,27.0,30.0,22.0,34.0,21.0,18.0,20.0,26.0,24.0,27.0,22.0,33.0,30.0,22.0,27.0,34.0,33.0,28.0,30.0,29.0,18.0,16.0,28.0,21.0,34.0,18.0,28.0,28.0,19.0,29.0,19.0,22.0,39.0,24.0,22.0
33.0,33.0,33.0,37.0,35.0,29.0,43.0,48.0,28.0,29.0,37.0,41.0,29.0,41.0,29.0,35.0,34.0,26.0,39.0,26.0,30.0,33.0,34.0,23.0,36.0,30.0,30.0,36.0,37.0,37.0,39.0,24.0,38.0,31.0,42.0,40.0,38.0,40.0,33.0,38.0,39.0,28.0,38.0,40.0,44.0,33.0,34.0,37.0,32.0,33.0
32.0,25.0,26.0,34.0,27.0,28.0,40.0,23.0,29.0,32.0,30.0,33.0,27.0,37.0,31.0,35.0,39.0,29.0,35.0,26.0,27.0,16.0,31.0,23.0,28.0,28.0,34.0,35.0,30.0,40.0,40.0,32.0,34.0,43.0,33.0,22.0,33.0,31.0,28.0,32.0,35.0,26.0,20.0,26.0,33.0,37.0,28.0,19.0,25.0,27.0
