10,50,1000
17.649436,17.558906,16.215381,15.096097,18.736,15.704359,18.394716,19.348591,15.741274,19.654132
7.979908,6.069487,8.219748,7.730676,7.748532,8.348974,5.003722,9.208375,9.274197,8.703937
0.0,10.0,20.0,30.0,40.0,50.0,60.0,70.0,80.0,90.0
10.0,0.0,10.0,20.0,30.0,40.0,50.0,60.0,70.0,80.0
20.0,10.0,0.0,10.0,20.0,30.0,40.0,50.0,60.0,70.0
30.0,20.0,10.0,0.0,10.0,20.0,30.0,40.0,50.0,60.0
40.0,30.0,20.0,10.0,0.0,10.0,20.0,30.0,40.0,50.0
50.0,40.0,30.0,20.0,10.0,0.0,10.0,20.0,30.0,40.0
60.0,50.0,40.0,30.0,20.0,10.0,0.0,10.0,20.0,30.0
70.0,60.0,50.0,40.0,30.0,20.0,10.0,0.0,10.0,20.0
80.0,70.0,60.0,50.0,40.0,30.0,20.0,10.0,0.0,10.0
90.0,80.0,70.0,60.0,50.0,40.0,30.0,20.0,10.0,0.0
450.0,400.0,350.0,300.0,250.0,250.0,300.0,350.0,400.0,450.0
0.0,1.0,2.0,3.0,4.0,5.0,6.0,7.0,8.0,9.0
1.0,0.0,1.0,2.0,3.0,4.0,5.0,6.0,7.0,8.0
2.0,1.0,0.0,1.0,2.0,3.0,4.0,5.0,6.0,7.0
3.0,2.0,1.0,0.0,1.0,2.0,3.0,4.0,5.0,6.0
4.0,3.0,2.0,1.0,0.0,1.0,2.0,3.0,4.0,5.0
5.0,4.0,3.0,2.0,1.0,0.0,1.0,2.0,3.0,4.0
6.0,5.0,4.0,3.0,2.0,1.0,0.0,1.0,2.0,3.0
7.0,6.0,5.0,4.0,3.0,2.0,1.0,0.0,1.0,2.0
8.0,7.0,6.0,5.0,4.0,3.0,2.0,1.0,0.0,1.0
9.0,8.0,7.0,6.0,5.0,4.0,3.0,2.0,1.0,0.0
45.0,40.0,35.0,30.0,25.0,25.0,30.0,35.0,40.0,45.0
33.0,34.0,29.0,27.0,35.0,37.0,25.0,30.0,37.0,27.0,34.0,28.0,31.0,33.0,26.0,36.0,34.0,24.0,27.0,25.0,23.0,32.0,28.0,28.0,31.0,33.0,42.0,31.0,18.0,24.0,30.0,28.0,34.0,34.0,37.0,37.0,36.0,33.0,32.0,28.0,30.0,20.0,32.0,33.0,32.0,25.0,33.0,27.0,36.0,33.0
33.0,20.0,17.0,23.0,19.0,22.0,20.0,21.0,24.0,26.0,20.0,23.0,19.0,33.0,21.0,24.0,30.0,25.0,32.0,26.0,25.0,29.0,30.0,25.0,14.0,20.0,26.0,16.0,25.0,26.0,32.0,16.0,24.0,20.0,20.0,25.0,26.0,24.0,28.0,22.0,26.0,22.0,18.0,33.0,36.0,26.0,27.0,26.0,21.0,29.0
36.0,25.0,23.0,25.0,30.0,30.0,24.0,33.0,39.0,43.0,19.0,26.0,20.0,41.0,32.0,35.0,23.0,42.0,30.0,35.0,38.0,28.0,34.0,27.0,23.0,33.0,41.0,29.0,37.0,20.0,28.0,27.0,30.0,28.0,31.0,34.0,36.0,28.0,39.0,33.0,31.0,26.0,38.0,34.0,31.0,47.0,26.0,33.0,33.0,31.0
27.0,37.0,26.0,31.0,35.0,30.0,24.0,31.0,32.0,32.0,24.0,32.0,32.0,34.0,29.0,29.0,27.0,26.0,26.0,33.0,36.0,35.0,37.0,28.0,33.0,18.0,26.0,33.0,19.0,21.0,30.0,29.0,33.0,31.0,26.0,36.0,38.0,32.0,33.0,29.0,33.0,28.0,28.0,27.0,29.0,28.0,25.0,23.0,34.0,41.0
35.0,20.0,33.0,28.0,28.0,20.0,12.0,22.0,29.0,30.0,22.0,25.0,33.0,30.0,21.0,29.0,39.0,24.0,32.0,42.0,28.0,39.0,30.0,28.0,29.0,37.0,30.0,34.0,36.0,31.0,19.0,27.0,29.0,30.0,36.0,30.0,30.0,37.0,32.0,32.0,30.0,28.0,37.0,36.0,33.0,37.0,33.0,30.0,30.0,30.0
32.0,27.0,34.0,24.0,32.0,25.0,42.0,23.0,34.0,24.0,32.0,35.0,37.0,19.0,32.0,35.0,39.0,27.0,35.0,32.0,31.0,29.0,46.0,23.0,41.0,35.0,36.0,24.0,35.0,37.0,27.0,33.0,38.0,23.0,39.0,27.0,39.0,31.0,32.0,34.0,37.0,25.0,34.0,29.0,37.0,23.0,32.0,35.0,32.0,27.0
21.0,25.0,19.0,28.0,21.0,13.0,18.0,18.0,25.0,21.0,19.0,22.0,27.0,16.0,23.0,20.0,19.0,19.0,19.0,18.0,21.0,23.0,14.0,32.0,19.0,21.0,17.0,12.0,27.0,23.0,25.0,24.0,21.0,23.0,28.0,28.0,18.0,15.0,19.0,19.0,24.0,20.0,16.0,24.0,14.0,15.0,21.0,17.0,20.0,18.0
25.0,32.0,43.0,31.0,25.0,41.0,35.0,39.0,19.0,39.0,30.0,37.0,23.0,42.0,29.0,30.0,42.0,29.0,27.0,35.0,44.0,33.0,39.0,51.0,40.0,45.0,40.0,30.0,38.0,39.0,34.0,28.0,33.0,38.0,35.0,37.0,42.0,40.0,38.0,37.0,37.0,24.0,31.0,39.0,44.0,48.0,26.0,35.0,26.0,33.0
30.0,26.0,36.0,39.0,34.0,32.0,36.0,40.0,39.0,28.0,32.0,26.0,34.0,29.0,38.0,29.0,31.0,41.0,34.0,27.0,39.0,26.0,32.0,29.0,34.0,26.0,33.0,36.0,32.0,28.0,43.0,44.0,28.0,23.0,22.0,35.0,47.0,26.0,35.0,25.0,28.0,34.0,35.0,35.0,29.0,37.0,41.0,23.0,33.0,41.0
23.0,34.0,34.0,32.0,39.0,28.0,37.0,30.0,34.0,25.0,38.0,31.0,27.0,42.0,30.0,47.0,41.0,35.0,40.0,30.0,22.0,30.0,40.0,20.0,44.0,30.0,31.0,32.0,38.0,25.0,36.0,26.0,29.0,25.0,37.0,36.0,26.0,33.0,31.0,39.0,33.0,19.0,25.0,32.0,30.0,32.0,33.0,33.0,39.0,25.0
