10,50,1000
17.535511,16.35437,18.483284,18.892265,16.086592,15.738157,18.841379,17.229556,15.18402,18.939254
9.301784,7.130575,8.759211,6.368711,6.674703,8.257398,7.408833,9.559792,9.886846,6.631779
0.0,10.0,20.0,30.0,40.0,50.0,60.0,70.0,80.0,90.0
10.0,0.0,10.0,20.0,30.0,40.0,50.0,60.0,70.0,80.0
20.0,10.0,0.0,10.0,20.0,30.0,40.0,50.0,60.0,70.0
30.0,20.0,10.0,0.0,10.0,20.0,30.0,40.0,50.0,60.0
40.0,30.0,20.0,10.0,0.0,10.0,20.0,30.0,40.0,50.0
50.0,40.0,30.0,20.0,10.0,0.0,10.0,20.0,30.0,40.0
60.0,50.0,40.0,30.0,20.0,10.0,0.0,10.0,20.0,30.0
70.0,60.0,50.0,40.0,30.0,20.0,10.0,0.0,10.0,20.0
80.0,70.0,60.0,50.0,40.0,30.0,20.0,10.0,0.0,10.0
90.0,80.0,70.0,60.0,50.0,40.0,30.0,20.0,10.0,0.0
450.0,400.0,350.0,300.0,250.0,250.0,300.0,350.0,400.0,450.0
0.0,1.0,2.0,3.0,4.0,5.0,6.0,7.0,8.0,9.0
1.0,0.0,1.0,2.0,3.0,4.0,5.0,6.0,7.0,8.0
2.0,1.0,0.0,1.0,2.0,3.0,4.0,5.0,6.0,7.0
3.0,2.0,1.0,0.0,1.0,2.0,3.0,4.0,5.0,6.0
4.0,3.0,2.0,1.0,0.0,1.0,2.0,3.0,4.0,5.0
5.0,4.0,3.0,2.0,1.0,0.0,1.0,2.0,3.0,4.0
6.0,5.0,4.0,3.0,2.0,1.0,0.0,1.0,2.0,3.0
7.0,6.0,5.0,4.0,3.0,2.0,1.0,0.0,1.0,2.0
8.0,7.0,6.0,5.0,4.0,3.0,2.0,1.0,0.0,1.0
9.0,8.0,7.0,6.0,5.0,4.0,3.0,2.0,1.0,0.0
45.0,40.0,35.0,30.0,25.0,25.0,30.0,35.0,40.0,45.0
34.0,33.0,27.0,37.0,26.0,42.0,25.0,41.0,37.0,35.0,30.0,36.0,31.0,30.0,34.0,31.0,34.0,40.0,30.0,41.0,27.0,39.0,33.0,31.0,38.0,33.0,29.0,24.0,37.0,36.0,27.0,39.0,35.0,40.0,42.0,30.0,33.0,32.0,35.0,43.0,33.0,33.0,40.0,35.0,35.0,31.0,34.0,29.0,34.0,37.0
29.0,24.0,30.0,47.0,31.0,42.0,30.0,27.0,29.0,23.0,22.0,32.0,32.0,30.0,22.0,29.0,22.0,27.0,28.0,31.0,21.0,29.0,22.0,22.0,22.0,41.0,34.0,27.0,24.0,21.0,26.0,33.0,25.0,30.0,29.0,32.0,15.0,32.0,35.0,38.0,32.0,35.0,20.0,27.0,25.0,32.0,26.0,22.0,21.0,26.0
32.0,35.0,43.0,35.0,33.0,30.0,27.0,38.0,36.0,28.0,46.0,33.0,33.0,36.0,38.0,27.0,30.0,30.0,33.0,45.0,40.0,39.0,35.0,26.0,20.0,32.0,39.0,34.0,33.0,36.0,46.0,25.0,44.0,27.0,40.0,35.0,41.0,44.0,32.0,34.0,21.0,34.0,28.0,29.0,41.0,31.0,27.0,36.0,29.0,28.0
26.0,21.0,32.0,33.0,23.0,39.0,24.0,24.0,29.0,28.0,18.0,15.0,19.0,34.0,34.0,26.0,24.0,26.0,31.0,23.0,28.0,14.0,30.0,35.0,24.0,27.0,31.0,14.0,18.0,30.0,28.0,23.0,28.0,20.0,22.0,32.0,31.0,28.0,16.0,24.0,23.0,28.0,12.0,34.0,26.0,23.0,23.0,17.0,24.0,27.0
27.0,25.0,24.0,25.0,21.0,28.0,29.0,27.0,30.0,20.0,31.0,32.0,24.0,14.0,24.0,32.0,25.0,28.0,24.0,21.0,20.0,23.0,23.0,38.0,25.0,35.0,24.0,28.0,26.0,25.0,27.0,26.0,35.0,33.0,18.0,20.0,27.0,32.0,27.0,40.0,24.0,28.0,21.0,26.0,16.0,20.0,29.0,23.0,22.0,20.0
27.0,25.0,19.0,23.0,39.0,21.0,28.0,29.0,37.0,31.0,27.0,33.0,26.0,32.0,28.0,28.0,31.0,27.0,31.0,35.0,23.0,24.0,27.0,34.0,29.0,30.0,32.0,29.0,38.0,30.0,30.0,29.0,27.0,29.0,33.0,26.0,31.0,27.0,24.0,25.0,24.0,29.0,18.0,32.0,35.0,33.0,22.0,28.0,36.0,33.0
32.0,34.0,28.0,22.0,34.0,32.0,28.0,23.0,28.0,23.0,31.0,19.0,27.0,29.0,30.0,30.0,36.0,23.0,33.0,33.0,29.0,26.0,33.0,27.0,34.0,35.0,33.0,30.0,34.0,29.0,27.0,25.0,31.0,20.0,28.0,32.0,27.0,32.0,31.0,25.0,34.0,26.0,29.0,30.0,37.0,24.0,29.0,35.0,29.0,26.0
37.0,42.0,32.0,38.0,38.0,39.0,31.0,37.0,35.0,32.0,31.0,31.0,45.0,25.0,28.0,42.0,34.0,31.0,37.0,20.0,38.0,41.0,36.0,29.0,44.0,37.0,26.0,32.0,31.0,37.0,25.0,39.0,30.0,47.0,51.0,41.0,40.0,52.0,28.0,39.0,33.0,36.0,32.0,26.0,32.0,31.0,43.0,34.0,25.0,22.0
30.0,35.0,38.0,33.0,42.0,23.0,43.0,42.0,40.0,42.0,36.0,42.0,37.0,43.0,33.0,41.0,38.0,57.0,38.0,38.0,30.0,38.0,41.0,30.0,42.0,36.0,30.0,33.0,42.0,41.0,41.0,41.0,32.0,31.0,35.0,31.0,29.0,38.0,23.0,40.0,39.0,52.0,29.0,33.0,33.0,38.0,39.0,37.0,45.0,41.0
22.0,27.0,26.0,29.0,22.0,20.0,25.0,26.0,29.0,30.0,34.0,26.0,20.0,29.0,22.0,33.0,25.0,28.0,32.0,21.0,31.0,31.0,41.0,25.0,35.0,21.0,28.0,27.0,18.0,23.0,33.0,29.0,25.0,32.0,37.0,27.0,16.0,18.0,21.0,40.0,26.0,25.0,29.0,29.0,23.0,18.0,29.0,19.0,28.0,28.0
