10,50,1000
15.081956,19.781099,18.761659,15.054598,19.75503,19.136817,19.618008,17.081721,19.809529,16.264386
9.055281,6.242951,6.126892,5.673051,6.187473,7.376619,7.119514,8.003062,9.551975,9.711061
0.0,10.0,20.0,30.0,40.0,50.0,60.0,70.0,80.0,90.0
10.0,0.0,10.0,20.0,30.0,40.0,50.0,60.0,70.0,80.0
20.0,10.0,0.0,10.0,20.0,30.0,40.0,50.0,60.0,70.0
30.0,20.0,10.0,0.0,10.0,20.0,30.0,40.0,50.0,60.0
40.0,30.0,20.0,10.0,0.0,10.0,20.0,30.0,40.0,50.0
50.0,40.0,30.0,20.0,10.0,0.0,10.0,20.0,30.0,40.0
60.0,50.0,40.0,30.0,20.0,10.0,0.0,10.0,20.0,30.0
70.0,60.0,50.0,40.0,30.0,20.0,10.0,0.0,10.0,20.0
80.0,70.0,60.0,50.0,40.0,30.0,20.0,10.0,0.0,10.0
90.0,80.0,70.0,60.0,50.0,40.0,30.0,20.0,10.0,0.0
450.0,400.0,350.0,300.0,250.0,250.0,300.0,350.0,400.0,450.0
0.0,1.0,2.0,3.0,4.0,5.0,6.0,7.0,8.0,9.0
1.0,0.0,1.0,2.0,3.0,4.0,5.0,6.0,7.0,8.0
2.0,1.0,0.0,1.0,2.0,3.0,4.0,5.0,6.0,7.0
3.0,2.0,1.0,0.0,1.0,2.0,3.0,4.0,5.0,6.0
4.0,3.0,2.0,1.0,0.0,1.0,2.0,3.0,4.0,5.0
5.0,4.0,3.0,2.0,1.0,0.0,1.0,2.0,3.0,4.0
6.0,5.0,4.0,3.0,2.0,1.0,0.0,1.0,2.0,3.0
7.0,6.0,5.0,4.0,3.0,2.0,1.0,0.0,1.0,2.0
8.0,7.0,6.0,5.0,4.0,3.0,2.0,1.0,0.0,1.0
9.0,8.0,7.0,6.0,5.0,4.0,3.0,2.0,1.0,0.0
45.0,40.0,35.0,30.0,25.0,25.0,30.0,35.0,40.0,45.0
40.0,33.0,37.0,24.0,30.0,33.0,29.0,23.0,40.0,37.0,31.0,38.0,46.0,25.0,32.0,25.0,32.0,28.0,31.0,33.0,40.0,27.0,30.0,48.0,25.0,30.0,39.0,30.0,34.0,41.0,43.0,31.0,25.0,33.0,31.0,28.0,30.0,41.0,33.0,31.0,35.0,34.0,31.0,28.0,41.0,39.0,38.0,28.0,39.0,42.0
32.0,21.0,17.0,27.0,31.0,27.0,30.0,19.0,30.0,27.0,18.0,27.0,25.0,25.0,24.0,20.0,30.0,22.0,22.0,24.0,24.0,26.0,25.0,23.0,24.0,29.0,26.0,28.0,26.0,31.0,31.0,21.0,34.0,23.0,33.0,35.0,17.0,24.0,22.0,30.0,29.0,34.0,32.0,25.0,25.0,27.0,33.0,22.0,29.0,22.0
16.0,21.0,22.0,20.0,23.0,30.0,19.0,26.0,22.0,28.0,24.0,25.0,18.0,23.0,34.0,16.0,23.0,32.0,15.0,33.0,21.0,34.0,31.0,14.0,27.0,30.0,23.0,26.0,27.0,29.0,28.0,18.0,19.0,20.0,24.0,25.0,23.0,27.0,25.0,15.0,11.0,30.0,26.0,12.0,21.0,22.0,22.0,29.0,27.0,25.0
20.0,26.0,24.0,25.0,20.0,17.0,21.0,25.0,22.0,23.0,25.0,19.0,23.0,23.0,23.0,15.0,30.0,21.0,26.0,25.0,26.0,20.0,33.0,20.0,12.0,17.0,25.0,26.0,20.0,26.0,29.0,18.0,34.0,18.0,19.0,26.0,23.0,13.0,32.0,13.0,20.0,16.0,13.0,17.0,18.0,27.0,19.0,24.0,24.0,19.0
19.0,22.0,30.0,29.0,25.0,29.0,22.0,32.0,19.0,24.0,25.0,18.0,24.0,13.0,22.0,25.0,18.0,29.0,26.0,31.0,37.0,25.0,23.0,20.0,29.0,28.0,22.0,25.0,25.0,21.0,26.0,24.0,23.0,25.0,23.0,20.0,23.0,26.0,39.0,18.0,21.0,21.0,25.0,26.0,30.0,17.0,19.0,26.0,21.0,31.0
32.0,26.0,21.0,27.0,33.0,28.0,28.0,41.0,25.0,29.0,28.0,29.0,27.0,28.0,29.0,31.0,36.0,32.0,30.0,22.0,29.0,25.0,20.0,26.0,34.0,35.0,19.0,26.0,27.0,34.0,25.0,20.0,33.0,30.0,25.0,38.0,22.0,21.0,28.0,28.0,23.0,39.0,30.0,30.0,31.0,35.0,19.0,25.0,31.0,31.0
23.0,24.0,27.0,34.0,28.0,26.0,26.0,26.0,33.0,32.0,24.0,29.0,35.0,17.0,27.0,31.0,19.0,37.0,32.0,28.0,23.0,30.0,21.0,31.0,24.0,29.0,29.0,36.0,34.0,28.0,26.0,17.0,29.0,34.0,30.0,21.0,27.0,26.0,29.0,28.0,35.0,26.0,32.0,34.0,28.0,27.0,19.0,37.0,27.0,21.0
34.0,38.0,45.0,30.0,31.0,29.0,32.0,31.0,30.0,33.0,30.0,41.0,28.0,35.0,30.0,25.0,21.0,24.0,38.0,28.0,24.0,12.0,18.0,35.0,25.0,31.0,29.0,20.0,26.0,26.0,31.0,18.0,28.0,26.0,30.0,26.0,33.0,12.0,31.0,32.0,30.0,28.0,32.0,23.0,28.0,20.0,43.0,43.0,31.0,29.0
44.0,33.0,36.0,34.0,45.0,28.0,31.0,31.0,43.0,36.0,31.0,43.0,43.0,32.0,47.0,41.0,28.0,27.0,26.0,33.0,40.0,25.0,35.0,33.0,37.0,38.0,41.0,47.0,29.0,32.0,40.0,29.0,37.0,40.0,39.0,30.0,35.0,33.0,32.0,32.0,41.0,36.0,39.0,35.0,37.0,44.0,30.0,43.0,38.0,23.0
37.0,41.0,33.0,36.0,42.0,37.0,37.0,38.0,29.0,40.0,35.0,39.0,33.0,35.0,27.0,37.0,33.0,37.0,40.0,31.0,42.0,38.0,34.0,34.0,24.0,46.0,33.0,36.0,29.0,31.0,35.0,31.0,34.0,35.0,34.0,36.0,40.0,31.0,33.0,42.0,31.0,39.0,43.0,32.0,32.0,40.0,35.0,42.0,43.0,30.0
