10,50,1000
19.788393,15.559487,15.57387,16.510471,17.097723,19.891015,15.456565,18.892207,16.401556,18.579126
7.129921,5.866287,8.021377,7.782433,6.756114,5.569596,7.859307,8.530013,9.370277,5.271389
0.0,10.0,20.0,30.0,40.0,50.0,60.0,70.0,80.0,90.0
10.0,0.0,10.0,20.0,30.0,40.0,50.0,60.0,70.0,80.0
20.0,10.0,0.0,10.0,20.0,30.0,40.0,50.0,60.0,70.0
30.0,20.0,10.0,0.0,10.0,20.0,30.0,40.0,50.0,60.0
40.0,30.0,20.0,10.0,0.0,10.0,20.0,30.0,40.0,50.0
50.0,40.0,30.0,20.0,10.0,0.0,10.0,20.0,30.0,40.0
60.0,50.0,40.0,30.0,20.0,10.0,0.0,10.0,20.0,30.0
70.0,60.0,50.0,40.0,30.0,20.0,10.0,0.0,10.0,20.0
80.0,70.0,60.0,50.0,40.0,30.0,20.0,10.0,0.0,10.0
90.0,80.0,70.0,60.0,50.0,40.0,30.0,20.0,10.0,0.0
450.0,400.0,350.0,300.0,250.0,250.0,300.0,350.0,400.0,450.0
0.0,1.0,2.0,3.0,4.0,5.0,6.0,7.0,8.0,9.0
1.0,0.0,1.0,2.0,3.0,4.0,5.0,6.0,7.0,8.0
2.0,1.0,0.0,1.0,2.0,3.0,4.0,5.0,6.0,7.0
3.0,2.0,1.0,0.0,1.0,2.0,3.0,4.0,5.0,6.0
4.0,3.0,2.0,1.0,0.0,1.0,2.0,3.0,4.0,5.0
5.0,4.0,3.0,2.0,1.0,0.0,1.0,2.0,3.0,4.0
6.0,5.0,4.0,3.0,2.0,1.0,0.0,1.0,2.0,3.0
7.0,6.0,5.0,4.0,3.0,2.0,1.0,0.0,1.0,2.0
8.0,7.0,6.0,5.0,4.0,3.0,2.0,1.0,0.0,1.0
9.0,8.0,7.0,6.0,5.0,4.0,3.0,2.0,1.0,0.0
45.0,40.0,35.0,30.0,25.0,25.0,30.0,35.0,40.0,45.0
19.0,20.0,27.0,25.0,26.0,26.0,34.0,26.0,31.0,27.0,27.0,17.0,29.0,31.0,27.0,28.0,34.0,26.0,32.0,23.0,33.0,26.0,29.0,35.0,27.0,29.0,27.0,19.0,26.0,30.0,29.0,28.0,30.0,30.0,30.0,31.0,24.0,23.0,26.0,18.0,23.0,32.0,28.0,24.0,28.0,19.0,27.0,26.0,29.0,28.0
19.0,34.0,30.0,24.0,32.0,20.0,22.0,25.0,21.0,31.0,17.0,27.0,21.0,22.0,17.0,25.0,13.0,28.0,23.0,23.0,26.0,25.0,30.0,21.0,24.0,14.0,21.0,11.0,22.0,18.0,21.0,22.0,14.0,17.0,27.0,27.0,27.0,20.0,27.0,21.0,24.0,11.0,17.0,15.0,26.0,13.0,26.0,24.0,23.0,22.0
30.0,29.0,24.0,25.0,33.0,31.0,28.0,36.0,31.0,33.0,30.0,20.0,30.0,27.0,25.0,32.0,22.0,26.0,29.0,26.0,26.0,33.0,35.0,35.0,30.0,35.0,34.0,20.0,27.0,25.0,32.0,28.0,37.0,31.0,36.0,28.0,33.0,28.0,19.0,24.0,35.0,42.0,23.0,28.0,25.0,24.0,30.0,35.0,28.0,35.0
32.0,29.0,33.0,31.0,32.0,28.0,28.0,18.0,33.0,35.0,27.0,27.0,34.0,36.0,31.0,31.0,23.0,31.0,21.0,26.0,35.0,20.0,31.0,30.0,28.0,21.0,31.0,32.0,35.0,26.0,30.0,19.0,22.0,35.0,37.0,28.0,33.0,29.0,29.0,32.0,28.0,18.0,27.0,34.0,25.0,26.0,38.0,33.0,28.0,43.0
22.0,31.0,25.0,25.0,25.0,34.0,17.0,22.0,25.0,22.0,25.0,19.0,28.0,24.0,26.0,23.0,22.0,25.0,34.0,33.0,27.0,27.0,26.0,25.0,30.0,27.0,31.0,32.0,19.0,21.0,22.0,24.0,30.0,31.0,35.0,34.0,22.0,39.0,31.0,35.0,28.0,30.0,24.0,22.0,17.0,26.0,22.0,20.0,42.0,22.0
26.0,22.0,21.0,20.0,21.0,22.0,18.0,14.0,21.0,22.0,20.0,24.0,18.0,28.0,9.0,32.0,17.0,17.0,18.0,21.0,23.0,21.0,28.0,32.0,22.0,22.0,26.0,31.0,22.0,31.0,27.0,24.0,28.0,23.0,17.0,18.0,18.0,19.0,17.0,22.0,25.0,24.0,22.0,14.0,20.0,26.0,21.0,30.0,23.0,26.0
32.0,33.0,21.0,26.0,27.0,21.0,27.0,24.0,22.0,24.0,22.0,27.0,21.0,27.0,35.0,31.0,24.0,34.0,21.0,26.0,35.0,37.0,23.0,27.0,19.0,37.0,25.0,31.0,25.0,41.0,22.0,28.0,31.0,26.0,32.0,29.0,30.0,27.0,27.0,34.0,32.0,27.0,31.0,34.0,18.0,31.0,29.0,26.0,33.0,35.0
39.0,30.0,32.0,33.0,35.0,25.0,37.0,45.0,26.0,32.0,43.0,26.0,33.0,14.0,20.0,33.0,31.0,26.0,26.0,33.0,34.0,30.0,25.0,26.0,45.0,30.0,35.0,29.0,26.0,35.0,29.0,23.0,29.0,36.0,34.0,23.0,31.0,40.0,21.0,41.0,39.0,28.0,22.0,31.0,37.0,33.0,28.0,33.0,29.0,28.0
28.0,41.0,35.0,43.0,24.0,28.0,39.0,31.0,29.0,33.0,31.0,30.0,45.0,27.0,25.0,25.0,39.0,29.0,27.0,27.0,30.0,31.0,42.0,33.0,24.0,35.0,35.0,30.0,46.0,29.0,40.0,42.0,53.0,36.0,34.0,36.0,27.0,32.0,32.0,27.0,31.0,54.0,45.0,24.0,36.0,41.0,30.0,33.0,26.0,33.0
19.0,22.0,19.0,25.0,23.0,20.0,16.0,13.0,19.0,17.0,36.0,22.0,22.0,25.0,31.0,18.0,27.0,14.0,26.0,15.0,13.0,33.0,24.0,21.0,22.0,24.0,25.0,27.0,27.0,19.0,13.0,18.0,23.0,21.0,26.0,18.0,20.0,21.0,24.0,22.0,17.0,19.0,23.0,20.0,26.0,16.0,21.0,23.0,19.0,24.0
