10,50,1000
17.670071,15.995201,17.031613,17.079513,19.710742,19.354286,15.726684,18.797094,18.321086,19.083098
5.41907,5.169682,6.068143,9.321932,6.444916,6.149818,7.603881,5.82001,5.624201,5.004393
0.0,10.0,20.0,30.0,40.0,50.0,60.0,70.0,80.0,90.0
10.0,0.0,10.0,20.0,30.0,40.0,50.0,60.0,70.0,80.0
20.0,10.0,0.0,10.0,20.0,30.0,40.0,50.0,60.0,70.0
30.0,20.0,10.0,0.0,10.0,20.0,30.0,40.0,50.0,60.0
40.0,30.0,20.0,10.0,0.0,10.0,20.0,30.0,40.0,50.0
50.0,40.0,30.0,20.0,10.0,0.0,10.0,20.0,30.0,40.0
60.0,50.0,40.0,30.0,20.0,10.0,0.0,10.0,20.0,30.0
70.0,60.0,50.0,40.0,30.0,20.0,10.0,0.0,10.0,20.0
80.0,70.0,60.0,50.0,40.0,30.0,20.0,10.0,0.0,10.0
90.0,80.0,70.0,60.0,50.0,40.0,30.0,20.0,10.0,0.0
450.0,400.0,350.0,300.0,250.0,250.0,300.0,350.0,400.0,450.0
0.0,1.0,2.0,3.0,4.0,5.0,6.0,7.0,8.0,9.0
1.0,0.0,1.0,2.0,3.0,4.0,5.0,6.0,7.0,8.0
2.0,1.0,0.0,1.0,2.0,3.0,4.0,5.0,6.0,7.0
3.0,2.0,1.0,0.0,1.0,2.0,3.0,4.0,5.0,6.0
4.0,3.0,2.0,1.0,0.0,1.0,2.0,3.0,4.0,5.0
5.0,4.0,3.0,2.0,1.0,0.0,1.0,2.0,3.0,4.0
6.0,5.0,4.0,3.0,2.0,1.0,0.0,1.0,2.0,3.0
7.0,6.0,5.0,4.0,3.0,2.0,1.0,0.0,1.0,2.0
8.0,7.0,6.0,5.0,4.0,3.0,2.0,1.0,0.0,1.0
9.0,8.0,7.0,6.0,5.0,4.0,3.0,2.0,1.0,0.0
45.0,40.0,35.0,30.0,25.0,25.0,30.0,35.0,40.0,45.0
21.0,30.0,18.0,21.0,22.0,21.0,21.0,19.0,21.0,25.0,19.0,15.0,22.0,17.0,23.0,25.0,21.0,23.0,19.0,25.0,27.0,34.0,23.0,18.0,29.0,23.0,19.0,14.0,28.0,27.0,26.0,29.0,32.0,26.0,23.0,17.0,14.0,18.0,22.0,23.0,17.0,21.0,22.0,22.0,32.0,25.0,21.0,22.0,23.0,21.0
26.0,32.0,15.0,24.0,23.0,15.0,17.0,10.0,16.0,14.0,22.0,25.0,22.0,16.0,28.0,25.0,20.0,15.0,21.0,19.0,19.0,25.0,20.0,23.0,18.0,19.0,27.0,23.0,20.0,22.0,22.0,20.0,20.0,23.0,25.0,18.0,10.0,24.0,22.0,17.0,19.0,26.0,27.0,17.0,21.0,17.0,24.0,20.0,20.0,23.0
24.0,22.0,32.0,21.0,22.0,15.0,25.0,23.0,21.0,19.0,12.0,20.0,32.0,27.0,23.0,16.0,23.0,37.0,27.0,17.0,14.0,23.0,32.0,23.0,15.0,19.0,24.0,22.0,21.0,19.0,22.0,21.0,23.0,16.0,20.0,18.0,24.0,23.0,28.0,19.0,23.0,18.0,27.0,26.0,19.0,27.0,19.0,20.0,19.0,22.0
34.0,30.0,45.0,35.0,24.0,22.0,37.0,43.0,34.0,36.0,29.0,35.0,25.0,26.0,25.0,41.0,30.0,40.0,39.0,28.0,37.0,37.0,34.0,37.0,40.0,32.0,25.0,34.0,45.0,34.0,29.0,38.0,26.0,26.0,38.0,30.0,32.0,28.0,37.0,29.0,33.0,26.0,45.0,20.0,29.0,40.0,35.0,34.0,38.0,36.0
35.0,29.0,39.0,20.0,27.0,29.0,21.0,21.0,24.0,21.0,35.0,39.0,32.0,19.0,28.0,23.0,34.0,22.0,24.0,26.0,31.0,27.0,23.0,24.0,20.0,26.0,30.0,39.0,25.0,28.0,17.0,19.0,39.0,24.0,21.0,27.0,23.0,23.0,23.0,24.0,27.0,21.0,32.0,25.0,12.0,24.0,30.0,25.0,21.0,27.0
16.0,22.0,23.0,19.0,27.0,23.0,25.0,19.0,16.0,23.0,30.0,27.0,36.0,32.0,21.0,29.0,30.0,16.0,30.0,20.0,32.0,22.0,27.0,19.0,26.0,31.0,29.0,31.0,23.0,31.0,21.0,24.0,27.0,22.0,21.0,22.0,21.0,32.0,22.0,31.0,28.0,24.0,26.0,27.0,30.0,17.0,19.0,16.0,25.0,26.0
29.0,19.0,29.0,29.0,32.0,31.0,31.0,27.0,23.0,34.0,27.0,31.0,35.0,30.0,23.0,35.0,28.0,23.0,26.0,37.0,33.0,30.0,37.0,35.0,32.0,34.0,34.0,32.0,25.0,26.0,21.0,41.0,26.0,32.0,32.0,25.0,30.0,36.0,24.0,26.0,35.0,28.0,25.0,30.0,26.0,25.0,33.0,31.0,27.0,17.0
30.0,27.0,26.0,25.0,16.0,27.0,26.0,21.0,20.0,28.0,22.0,26.0,29.0,31.0,20.0,21.0,21.0,33.0,16.0,21.0,30.0,29.0,25.0,21.0,31.0,26.0,25.0,23.0,23.0,24.0,24.0,24.0,21.0,27.0,19.0,30.0,19.0,21.0,18.0,22.0,28.0,25.0,29.0,15.0,24.0,30.0,31.0,28.0,18.0,27.0
33.0,27.0,29.0,24.0,21.0,30.0,23.0,30.0,29.0,16.0,19.0,19.0,20.0,23.0,28.0,10.0,25.0,22.0,22.0,22.0,18.0,18.0,22.0,34.0,20.0,13.0,27.0,23.0,22.0,28.0,21.0,33.0,34.0,13.0,13.0,17.0,26.0,15.0,28.0,17.0,18.0,22.0,24.0,24.0,24.0,35.0,21.0,23.0,27.0,29.0
18.0,25.0,12.0,30.0,23.0,22.0,15.0,14.0,27.0,22.0,16.0,22.0,12.0,20.0,25.0,22.0,18.0,32.0,31.0,22.0,17.0,17.0,17.0,23.0,28.0,28.0,28.0,23.0,21.0,14.0,24.0,18.0,16.0,22.0,15.0,28.0,20.0,20.0,16.0,21.0,20.0,25.0,19.0,23.0,23.0,22.0,22.0,25.0,21.0,30.0
