10,50,1000
16.614043,15.070599,17.745133,18.629032,15.433521,17.260303,19.590857,17.333309,15.375889,15.982221
7.834135,7.520057,9.095902,7.704567,6.867806,8.685491,9.358424,6.900185,7.822895,7.660589
0.0,10.0,20.0,30.0,40.0,50.0,60.0,70.0,80.0,90.0
10.0,0.0,10.0,20.0,30.0,40.0,50.0,60.0,70.0,80.0
20.0,10.0,0.0,10.0,20.0,30.0,40.0,50.0,60.0,70.0
30.0,20.0,10.0,0.0,10.0,20.0,30.0,40.0,50.0,60.0
40.0,30.0,20.0,10.0,0.0,10.0,20.0,30.0,40.0,50.0
50.0,40.0,30.0,20.0,10.0,0.0,10.0,20.0,30.0,40.0
60.0,50.0,40.0,30.0,20.0,10.0,0.0,10.0,20.0,30.0
70.0,60.0,50.0,40.0,30.0,20.0,10.0,0.0,10.0,20.0
80.0,70.0,60.0,50.0,40.0,30.0,20.0,10.0,0.0,10.0
90.0,80.0,70.0,60.0,50.0,40.0,30.0,20.0,10.0,0.0
450.0,400.0,350.0,300.0,250.0,250.0,300.0,350.0,400.0,450.0
0.0,1.0,2.0,3.0,4.0,5.0,6.0,7.0,8.0,9.0
1.0,0.0,1.0,2.0,3.0,4.0,5.0,6.0,7.0,8.0
2.0,1.0,0.0,1.0,2.0,3.0,4.0,5.0,6.0,7.0
3.0,2.0,1.0,0.0,1.0,2.0,3.0,4.0,5.0,6.0
4.0,3.0,2.0,1.0,0.0,1.0,2.0,3.0,4.0,5.0
5.0,4.0,3.0,2.0,1.0,0.0,1.0,2.0,3.0,4.0
6.0,5.0,4.0,3.0,2.0,1.0,0.0,1.0,2.0,3.0
7.0,6.0,5.0,4.0,3.0,2.0,1.0,0.0,1.0,2.0
8.0,7.0,6.0,5.0,4.0,3.0,2.0,1.0,0.0,1.0
9.0,8.0,7.0,6.0,5.0,4.0,3.0,2.0,1.0,0.0
45.0,40.0,35.0,30.0,25.0,25.0,30.0,35.0,40.0,45.0
29.0,25.0,25.0,26.0,27.0,20.0,29.0,22.0,29.0,31.0,42.0,32.0,34.0,27.0,32.0,22.0,30.0,31.0,39.0,25.0,16.0,35.0,31.0,35.0,35.0,30.0,38.0,43.0,29.0,21.0,31.0,34.0,24.0,31.0,33.0,27.0,36.0,23.0,25.0,29.0,26.0,31.0,35.0,28.0,32.0,24.0,33.0,27.0,32.0,27.0
32.0,28.0,26.0,28.0,26.0,23.0,23.0,24.0,27.0,27.0,33.0,26.0,34.0,25.0,30.0,29.0,26.0,31.0,25.0,22.0,28.0,26.0,23.0,24.0,26.0,37.0,31.0,29.0,25.0,34.0,32.0,33.0,21.0,36.0,29.0,32.0,29.0,33.0,20.0,26.0,24.0,21.0,36.0,25.0,19.0,31.0,25.0,29.0,33.0,26.0
36.0,42.0,45.0,31.0,32.0,26.0,33.0,30.0,33.0,39.0,33.0,34.0,32.0,27.0,33.0,25.0,36.0,49.0,20.0,36.0,29.0,36.0,32.0,33.0,32.0,30.0,37.0,25.0,26.0,34.0,35.0,44.0,22.0,38.0,28.0,32.0,40.0,17.0,34.0,28.0,24.0,37.0,44.0,30.0,38.0,25.0,39.0,36.0,28.0,44.0
31.0,30.0,19.0,21.0,29.0,39.0,38.0,33.0,24.0,39.0,27.0,24.0,30.0,34.0,29.0,23.0,24.0,31.0,30.0,37.0,24.0,23.0,37.0,33.0,33.0,33.0,37.0,32.0,33.0,37.0,40.0,32.0,23.0,39.0,24.0,27.0,34.0,22.0,37.0,31.0,28.0,35.0,27.0,43.0,26.0,35.0,28.0,32.0,39.0,28.0
24.0,26.0,28.0,28.0,28.0,27.0,31.0,40.0,30.0,23.0,24.0,31.0,23.0,32.0,26.0,32.0,28.0,26.0,24.0,23.0,23.0,20.0,32.0,22.0,25.0,24.0,30.0,34.0,26.0,28.0,27.0,29.0,33.0,29.0,20.0,21.0,17.0,29.0,31.0,24.0,22.0,27.0,33.0,28.0,20.0,25.0,36.0,25.0,28.0,21.0
18.0,29.0,43.0,33.0,30.0,32.0,44.0,31.0,39.0,38.0,31.0,43.0,28.0,35.0,38.0,34.0,31.0,39.0,35.0,40.0,30.0,35.0,29.0,29.0,32.0,40.0,27.0,26.0,38.0,24.0,31.0,30.0,32.0,31.0,31.0,30.0,32.0,33.0,26.0,26.0,26.0,29.0,26.0,37.0,33.0,24.0,35.0,32.0,41.0,33.0
45.0,40.0,30.0,33.0,36.0,37.0,40.0,39.0,35.0,23.0,30.0,25.0,29.0,45.0,29.0,34.0,39.0,31.0,45.0,33.0,41.0,41.0,30.0,31.0,42.0,36.0,35.0,35.0,47.0,37.0,46.0,41.0,38.0,31.0,35.0,37.0,38.0,47.0,29.0,36.0,37.0,39.0,34.0,23.0,31.0,32.0,37.0,31.0,41.0,29.0
23.0,24.0,36.0,34.0,23.0,29.0,25.0,22.0,28.0,19.0,23.0,27.0,32.0,24.0,27.0,31.0,22.0,27.0,21.0,20.0,27.0,28.0,25.0,35.0,28.0,24.0,20.0,24.0,34.0,20.0,30.0,33.0,26.0,31.0,20.0,27.0,30.0,35.0,34.0,32.0,28.0,30.0,35.0,20.0,27.0,30.0,20.0,25.0,31.0,32.0
29.0,16.0,29.0,27.0,32.0,25.0,24.0,30.0,20.0,32.0,44.0,34.0,27.0,21.0,22.0,19.0,33.0,31.0,35.0,30.0,28.0,40.0,24.0,27.0,34.0,28.0,38.0,27.0,28.0,29.0,32.0,29.0,27.0,41.0,31.0,32.0,30.0,28.0,30.0,28.0,32.0,25.0,26.0,32.0,34.0,25.0,30.0,31.0,21.0,32.0
33.0,37.0,25.0,27.0,23.0,36.0,32.0,26.0,27.0,30.0,24.0,32.0,27.0,26.0,28.0,29.0,29.0,29.0,24.0,39.0,31.0,37.0,30.0,31.0,28.0,27.0,20.0,29.0,37.0,29.0,40.0,37.0,29.0,20.0,29.0,29.0,27.0,25.0,24.0,29.0,34.0,22.0,33.0,24.0,31.0,32.0,31.0,27.0,32.0,34.0
