10,50,1000
18.777918,18.23682,15.778936,18.988526,19.235711,18.979146,16.920961,17.257871,18.398333,18.836953
7.474024,5.005403,5.428043,8.525758,8.727361,5.859537,7.765382,5.136513,7.790045,9.222765
0.0,10.0,20.0,30.0,40.0,50.0,60.0,70.0,80.0,90.0
10.0,0.0,10.0,20.0,30.0,40.0,50.0,60.0,70.0,80.0
20.0,10.0,0.0,10.0,20.0,30.0,40.0,50.0,60.0,70.0
30.0,20.0,10.0,0.0,10.0,20.0,30.0,40.0,50.0,60.0
40.0,30.0,20.0,10.0,0.0,10.0,20.0,30.0,40.0,50.0
50.0,40.0,30.0,20.0,10.0,0.0,10.0,20.0,30.0,40.0
60.0,50.0,40.0,30.0,20.0,10.0,0.0,10.0,20.0,30.0
70.0,60.0,50.0,40.0,30.0,20.0,10.0,0.0,10.0,20.0
80.0,70.0,60.0,50.0,40.0,30.0,20.0,10.0,0.0,10.0
90.0,80.0,70.0,60.0,50.0,40.0,30.0,20.0,10.0,0.0
450.0,400.0,350.0,300.0,250.0,250.0,300.0,350.0,400.0,450.0
0.0,1.0,2.0,3.0,4.0,5.0,6.0,7.0,8.0,9.0
1.0,0.0,1.0,2.0,3.0,4.0,5.0,6.0,7.0,8.0
2.0,1.0,0.0,1.0,2.0,3.0,4.0,5.0,6.0,7.0
3.0,2.0,1.0,0.0,1.0,2.0,3.0,4.0,5.0,6.0
4.0,3.0,2.0,1.0,0.0,1.0,2.0,3.0,4.0,5.0
5.0,4.0,3.0,2.0,1.0,0.0,1.0,2.0,3.0,4.0
6.0,5.0,4.0,3.0,2.0,1.0,0.0,1.0,2.0,3.0
7.0,6.0,5.0,4.0,3.0,2.0,1.0,0.0,1.0,2.0
8.0,7.0,6.0,5.0,4.0,3.0,2.0,1.0,0.0,1.0
9.0,8.0,7.0,6.0,5.0,4.0,3.0,2.0,1.0,0.0
45.0,40.0,35.0,30.0,25.0,25.0,30.0,35.0,40.0,45.0
28.0,27.0,27.0,35.0,34.0,30.0,24.0,29.0,32.0,35.0,30.0,37.0,38.0,30.0,24.0,35.0,20.0,25.0,32.0,21.0,29.0,41.0,27.0,20.0,22.0,23.0,33.0,38.0,25.0,30.0,24.0,23.0,38.0,22.0,33.0,22.0,35.0,22.0,28.0,28.0,23.0,32.0,30.0,20.0,26.0,30.0,29.0,29.0,40.0,27.0
22.0,19.0,19.0,24.0,21.0,21.0,22.0,20.0,15.0,20.0,20.0,20.0,14.0,27.0,19.0,14.0,18.0,28.0,13.0,22.0,29.0,20.0,17.0,31.0,18.0,24.0,21.0,11.0,16.0,17.0,19.0,25.0,31.0,20.0,23.0,17.0,27.0,18.0,19.0,25.0,25.0,23.0,18.0,18.0,28.0,21.0,28.0,28.0,23.0,30.0
22.0,20.0,32.0,24.0,26.0,29.0,25.0,22.0,25.0,19.0,16.0,26.0,27.0,19.0,27.0,27.0,23.0,20.0,21.0,27.0,23.0,26.0,23.0,24.0,18.0,20.0,18.0,17.0,18.0,19.0,28.0,33.0,23.0,20.0,16.0,24.0,17.0,18.0,21.0,23.0,25.0,32.0,23.0,14.0,23.0,21.0,22.0,25.0,24.0,19.0
27.0,37.0,28.0,26.0,31.0,36.0,32.0,25.0,27.0,28.0,33.0,33.0,21.0,35.0,28.0,29.0,42.0,41.0,38.0,19.0,30.0,31.0,30.0,33.0,40.0,34.0,30.0,38.0,23.0,33.0,29.0,36.0,35.0,29.0,29.0,36.0,25.0,33.0,31.0,28.0,52.0,29.0,32.0,40.0,41.0,34.0,26.0,28.0,31.0,30.0
36.0,26.0,27.0,41.0,29.0,38.0,44.0,32.0,30.0,25.0,38.0,40.0,40.0,34.0,28.0,33.0,46.0,40.0,31.0,38.0,41.0,31.0,37.0,43.0,27.0,40.0,31.0,34.0,32.0,27.0,24.0,24.0,32.0,45.0,36.0,40.0,31.0,38.0,36.0,33.0,27.0,32.0,26.0,36.0,41.0,37.0,34.0,30.0,29.0,25.0
23.0,23.0,21.0,29.0,23.0,32.0,20.0,29.0,25.0,31.0,24.0,25.0,25.0,21.0,28.0,20.0,30.0,26.0,25.0,28.0,19.0,26.0,30.0,30.0,17.0,26.0,27.0,19.0,29.0,21.0,21.0,25.0,27.0,18.0,28.0,29.0,32.0,23.0,35.0,17.0,23.0,33.0,27.0,25.0,29.0,27.0,32.0,24.0,23.0,19.0
26.0,28.0,20.0,33.0,23.0,25.0,32.0,27.0,34.0,32.0,31.0,41.0,31.0,29.0,19.0,27.0,31.0,26.0,34.0,26.0,28.0,19.0,35.0,36.0,37.0,27.0,40.0,31.0,31.0,37.0,31.0,38.0,31.0,22.0,33.0,28.0,28.0,36.0,21.0,27.0,24.0,28.0,30.0,26.0,18.0,22.0,29.0,23.0,27.0,37.0
16.0,28.0,24.0,17.0,20.0,30.0,9.0,22.0,28.0,26.0,18.0,17.0,20.0,11.0,15.0,21.0,25.0,23.0,14.0,26.0,15.0,16.0,11.0,26.0,26.0,16.0,20.0,24.0,27.0,25.0,17.0,12.0,22.0,24.0,20.0,25.0,24.0,23.0,26.0,25.0,23.0,17.0,15.0,19.0,16.0,17.0,20.0,23.0,23.0,21.0
25.0,26.0,21.0,28.0,29.0,43.0,36.0,24.0,29.0,31.0,25.0,28.0,27.0,27.0,31.0,31.0,22.0,32.0,26.0,20.0,34.0,22.0,25.0,26.0,24.0,28.0,32.0,39.0,28.0,30.0,29.0,37.0,28.0,33.0,28.0,31.0,34.0,32.0,40.0,19.0,35.0,40.0,25.0,24.0,33.0,28.0,40.0,22.0,23.0,30.0
33.0,33.0,25.0,40.0,22.0,39.0,30.0,25.0,35.0,35.0,44.0,41.0,29.0,43.0,47.0,32.0,42.0,35.0,41.0,35.0,42.0,43.0,43.0,28.0,34.0,40.0,38.0,49.0,43.0,31.0,41.0,29.0,35.0,40.0,30.0,28.0,26.0,35.0,35.0,34.0,40.0,36.0,29.0,40.0,38.0,33.0,40.0,33.0,39.0,29.0
