10,50,1000
16.661505,15.912228,15.111766,15.008137,15.933364,18.029701,17.222846,17.762825,19.779663,17.441644
8.76776,7.791591,9.283794,8.061412,9.066846,8.217353,6.848966,8.506857,5.276558,7.94628
0.0,10.0,20.0,30.0,40.0,50.0,60.0,70.0,80.0,90.0
10.0,0.0,10.0,20.0,30.0,40.0,50.0,60.0,70.0,80.0
20.0,10.0,0.0,10.0,20.0,30.0,40.0,50.0,60.0,70.0
30.0,20.0,10.0,0.0,10.0,20.0,30.0,40.0,50.0,60.0
40.0,30.0,20.0,10.0,0.0,10.0,20.0,30.0,40.0,50.0
50.0,40.0,30.0,20.0,10.0,0.0,10.0,20.0,30.0,40.0
60.0,50.0,40.0,30.0,20.0,10.0,0.0,10.0,20.0,30.0
70.0,60.0,50.0,40.0,30.0,20.0,10.0,0.0,10.0,20.0
80.0,70.0,60.0,50.0,40.0,30.0,20.0,10.0,0.0,10.0
90.0,80.0,70.0,60.0,50.0,40.0,30.0,20.0,10.0,0.0
450.0,400.0,350.0,300.0,250.0,250.0,300.0,350.0,400.0,450.0
0.0,1.0,2.0,3.0,4.0,5.0,6.0,7.0,8.0,9.0
1.0,0.0,1.0,2.0,3.0,4.0,5.0,6.0,7.0,8.0
2.0,1.0,0.0,1.0,2.0,3.0,4.0,5.0,6.0,7.0
3.0,2.0,1.0,0.0,1.0,2.0,3.0,4.0,5.0,6.0
4.0,3.0,2.0,1.0,0.0,1.0,2.0,3.0,4.0,5.0
5.0,4.0,3.0,2.0,1.0,0.0,1.0,2.0,3.0,4.0
6.0,5.0,4.0,3.0,2.0,1.0,0.0,1.0,2.0,3.0
7.0,6.0,5.0,4.0,3.0,2.0,1.0,0.0,1.0,2.0
8.0,7.0,6.0,5.0,4.0,3.0,2.0,1.0,0.0,1.0
9.0,8.0,7.0,6.0,5.0,4.0,3.0,2.0,1.0,0.0
45.0,40.0,35.0,30.0,25.0,25.0,30.0,35.0,40.0,45.0
45.0,46.0,28.0,35.0,30.0,44.0,37.0,27.0,27.0,38.0,23.0,25.0,30.0,33.0,23.0,36.0,31.0,33.0,28.0,24.0,28.0,36.0,30.0,32.0,26.0,30.0,33.0,27.0,24.0,31.0,29.0,23.0,35.0,32.0,16.0,36.0,26.0,41.0,36.0,37.0,28.0,37.0,38.0,36.0,30.0,24.0,30.0,39.0,33.0,28.0
24.0,28.0,38.0,31.0,27.0,25.0,34.0,24.0,31.0,29.0,32.0,26.0,29.0,24.0,28.0,33.0,29.0,27.0,28.0,28.0,30.0,24.0,17.0,27.0,35.0,32.0,39.0,29.0,25.0,26.0,27.0,29.0,26.0,29.0,25.0,18.0,28.0,30.0,26.0,37.0,31.0,32.0,37.0,25.0,23.0,31.0,30.0,36.0,28.0,36.0
30.0,29.0,41.0,38.0,34.0,31.0,29.0,32.0,35.0,33.0,38.0,26.0,37.0,33.0,45.0,41.0,42.0,36.0,31.0,30.0,29.0,34.0,35.0,31.0,30.0,36.0,24.0,28.0,38.0,33.0,26.0,33.0,27.0,30.0,36.0,30.0,26.0,36.0,38.0,34.0,36.0,33.0,31.0,35.0,35.0,28.0,27.0,30.0,33.0,32.0
25.0,29.0,33.0,25.0,34.0,40.0,33.0,34.0,32.0,36.0,30.0,25.0,28.0,32.0,38.0,26.0,27.0,34.0,34.0,28.0,30.0,28.0,38.0,35.0,29.0,31.0,40.0,29.0,35.0,40.0,39.0,38.0,32.0,34.0,27.0,23.0,29.0,27.0,31.0,34.0,33.0,27.0,31.0,31.0,30.0,33.0,27.0,33.0,25.0,36.0
34.0,33.0,37.0,29.0,36.0,35.0,29.0,30.0,35.0,29.0,24.0,34.0,32.0,35.0,28.0,37.0,30.0,34.0,35.0,44.0,47.0,29.0,52.0,27.0,41.0,30.0,34.0,25.0,22.0,29.0,34.0,32.0,40.0,33.0,30.0,22.0,31.0,28.0,36.0,33.0,32.0,34.0,31.0,25.0,46.0,42.0,28.0,39.0,28.0,24.0
32.0,39.0,34.0,24.0,29.0,23.0,38.0,43.0,26.0,39.0,25.0,20.0,41.0,21.0,35.0,30.0,30.0,22.0,29.0,25.0,28.0,41.0,29.0,30.0,27.0,25.0,36.0,37.0,28.0,38.0,35.0,29.0,40.0,41.0,33.0,39.0,22.0,25.0,33.0,29.0,31.0,27.0,29.0,30.0,30.0,36.0,24.0,28.0,29.0,34.0
35.0,33.0,23.0,27.0,24.0,36.0,21.0,43.0,26.0,25.0,29.0,28.0,26.0,31.0,27.0,29.0,34.0,27.0,28.0,21.0,37.0,28.0,32.0,26.0,22.0,37.0,22.0,16.0,30.0,26.0,30.0,28.0,19.0,25.0,23.0,27.0,28.0,35.0,27.0,21.0,27.0,22.0,25.0,14.0,24.0,31.0,37.0,29.0,26.0,20.0
41.0,25.0,27.0,26.0,47.0,46.0,26.0,33.0,33.0,28.0,39.0,43.0,31.0,36.0,37.0,33.0,38.0,28.0,22.0,32.0,39.0,40.0,26.0,37.0,36.0,37.0,32.0,34.0,31.0,21.0,32.0,33.0,27.0,30.0,28.0,28.0,37.0,33.0,22.0,30.0,32.0,37.0,32.0,30.0,29.0,35.0,42.0,31.0,34.0,33.0
27.0,19.0,20.0,20.0,23.0,23.0,21.0,19.0,23.0,22.0,23.0,19.0,21.0,11.0,21.0,18.0,21.0,22.0,30.0,22.0,16.0,23.0,34.0,26.0,23.0,27.0,25.0,19.0,34.0,29.0,30.0,31.0,16.0,15.0,14.0,27.0,22.0,24.0,25.0,22.0,25.0,23.0,20.0,18.0,27.0,18.0,20.0,19.0,25.0,18.0
24.0,29.0,33.0,23.0,19.0,34.0,25.0,30.0,21.0,39.0,26.0,22.0,27.0,35.0,29.0,31.0,31.0,35.0,35.0,26.0,36.0,27.0,35.0,31.0,25.0,36.0,20.0,24.0,29.0,24.0,30.0,30.0,29.0,37.0,35.0,40.0,26.0,40.0,36.0,25.0,23.0,22.0,27.0,31.0,27.0,21.0,29.0,35.0,33.0,40.0
