10,50,1000
17.349351,15.148791,19.135626,16.546726,15.792257,15.609887,16.00205,18.446051,16.548122,19.36344
5.747587,6.210442,7.68645,5.617788,6.801845,7.397055,5.290833,9.809154,7.464161,5.945225
0.0,10.0,20.0,30.0,40.0,50.0,60.0,70.0,80.0,90.0
10.0,0.0,10.0,20.0,30.0,40.0,50.0,60.0,70.0,80.0
20.0,10.0,0.0,10.0,20.0,30.0,40.0,50.0,60.0,70.0
30.0,20.0,10.0,0.0,10.0,20.0,30.0,40.0,50.0,60.0
40.0,30.0,20.0,10.0,0.0,10.0,20.0,30.0,40.0,50.0
50.0,40.0,30.0,20.0,10.0,0.0,10.0,20.0,30.0,40.0
60.0,50.0,40.0,30.0,20.0,10.0,0.0,10.0,20.0,30.0
70.0,60.0,50.0,40.0,30.0,20.0,10.0,0.0,10.0,20.0
80.0,70.0,60.0,50.0,40.0,30.0,20.0,10.0,0.0,10.0
90.0,80.0,70.0,60.0,50.0,40.0,30.0,20.0,10.0,0.0
450.0,400.0,350.0,300.0,250.0,250.0,300.0,350.0,400.0,450.0
0.0,1.0,2.0,3.0,4.0,5.0,6.0,7.0,8.0,9.0
1.0,0.0,1.0,2.0,3.0,4.0,5.0,6.0,7.0,8.0
2.0,1.0,0.0,1.0,2.0,3.0,4.0,5.0,6.0,7.0
3.0,2.0,1.0,0.0,1.0,2.0,3.0,4.0,5.0,6.0
4.0,3.0,2.0,1.0,0.0,1.0,2.0,3.0,4.0,5.0
5.0,4.0,3.0,2.0,1.0,0.0,1.0,2.0,3.0,4.0
6.0,5.0,4.0,3.0,2.0,1.0,0.0,1.0,2.0,3.0
7.0,6.0,5.0,4.0,3.0,2.0,1.0,0.0,1.0,2.0
8.0,7.0,6.0,5.0,4.0,3.0,2.0,1.0,0.0,1.0
9.0,8.0,7.0,6.0,5.0,4.0,3.0,2.0,1.0,0.0
45.0,40.0,35.0,30.0,25.0,25.0,30.0,35.0,40.0,45.0
27.0,22.0,22.0,22.0,30.0,32.0,17.0,17.0,25.0,25.0,23.0,23.0,21.0,22.0,29.0,32.0,16.0,27.0,19.0,27.0,25.0,29.0,13.0,19.0,12.0,30.0,24.0,25.0,24.0,19.0,17.0,20.0,27.0,20.0,20.0,22.0,30.0,24.0,22.0,21.0,20.0,23.0,29.0,25.0,29.0,20.0,24.0,28.0,22.0,31.0
18.0,19.0,26.0,26.0,21.0,19.0,21.0,21.0,23.0,23.0,25.0,24.0,24.0,23.0,14.0,24.0,19.0,22.0,19.0,20.0,21.0,18.0,20.0,27.0,20.0,18.0,20.0,21.0,21.0,27.0,18.0,20.0,26.0,28.0,26.0,22.0,23.0,32.0,28.0,24.0,36.0,24.0,32.0,25.0,18.0,22.0,18.0,20.0,24.0,25.0
31.0,27.0,40.0,38.0,16.0,35.0,35.0,29.0,26.0,34.0,35.0,19.0,37.0,23.0,29.0,30.0,37.0,35.0,30.0,32.0,24.0,28.0,28.0,40.0,37.0,27.0,32.0,28.0,28.0,28.0,23.0,27.0,45.0,33.0,25.0,35.0,33.0,27.0,32.0,33.0,23.0,31.0,29.0,36.0,41.0,29.0,32.0,30.0,21.0,36.0
22.0,16.0,26.0,17.0,18.0,18.0,20.0,22.0,21.0,21.0,21.0,16.0,20.0,26.0,15.0,25.0,19.0,26.0,26.0,17.0,31.0,15.0,12.0,20.0,26.0,21.0,22.0,8.0,29.0,18.0,17.0,21.0,20.0,25.0,22.0,19.0,18.0,18.0,22.0,19.0,22.0,25.0,26.0,32.0,22.0,16.0,22.0,20.0,21.0,17.0
22.0,27.0,26.0,26.0,36.0,27.0,23.0,29.0,28.0,17.0,22.0,26.0,24.0,33.0,33.0,35.0,29.0,29.0,24.0,26.0,32.0,33.0,23.0,28.0,19.0,30.0,27.0,31.0,26.0,25.0,17.0,22.0,30.0,24.0,24.0,22.0,20.0,34.0,25.0,38.0,25.0,26.0,22.0,29.0,28.0,22.0,25.0,37.0,22.0,26.0
25.0,31.0,28.0,34.0,25.0,31.0,24.0,22.0,25.0,27.0,32.0,29.0,35.0,27.0,30.0,28.0,23.0,20.0,29.0,24.0,29.0,28.0,18.0,36.0,25.0,21.0,17.0,15.0,26.0,24.0,28.0,24.0,32.0,26.0,20.0,34.0,22.0,28.0,31.0,25.0,31.0,34.0,25.0,20.0,22.0,33.0,24.0,27.0,29.0,22.0
24.0,25.0,31.0,20.0,25.0,23.0,13.0,14.0,27.0,20.0,13.0,19.0,12.0,21.0,29.0,28.0,27.0,14.0,29.0,21.0,14.0,32.0,21.0,15.0,16.0,16.0,22.0,21.0,19.0,27.0,17.0,23.0,27.0,12.0,26.0,21.0,15.0,17.0,22.0,32.0,24.0,26.0,11.0,18.0,21.0,22.0,24.0,28.0,23.0,18.0
44.0,38.0,29.0,37.0,32.0,25.0,33.0,34.0,33.0,36.0,36.0,35.0,37.0,37.0,29.0,28.0,46.0,32.0,34.0,34.0,29.0,38.0,33.0,31.0,49.0,38.0,36.0,38.0,37.0,51.0,32.0,38.0,43.0,39.0,37.0,34.0,38.0,38.0,29.0,29.0,21.0,33.0,33.0,32.0,51.0,25.0,32.0,33.0,48.0,37.0
27.0,26.0,22.0,29.0,28.0,29.0,22.0,26.0,29.0,29.0,17.0,22.0,27.0,33.0,28.0,26.0,23.0,27.0,32.0,23.0,29.0,24.0,29.0,25.0,33.0,25.0,37.0,29.0,25.0,29.0,29.0,35.0,22.0,30.0,28.0,28.0,31.0,25.0,21.0,29.0,26.0,29.0,21.0,33.0,34.0,35.0,25.0,22.0,27.0,25.0
26.0,25.0,25.0,23.0,21.0,26.0,20.0,25.0,24.0,17.0,18.0,17.0,25.0,23.0,21.0,22.0,30.0,25.0,24.0,19.0,24.0,26.0,23.0,23.0,25.0,22.0,28.0,31.0,29.0,17.0,19.0,19.0,23.0,32.0,24.0,20.0,33.0,25.0,21.0,23.0,24.0,23.0,17.0,20.0,27.0,32.0,18.0,28.0,28.0,30.0
