10,50,1000
17.38393,18.86165,15.343728,16.18363,17.754719,17.179772,16.335806,18.23595,15.869178,16.131282
9.82829,8.84585,7.652894,6.383545,6.429862,5.557019,5.098469,6.369766,5.839822,7.482943
0.0,10.0,20.0,30.0,40.0,50.0,60.0,70.0,80.0,90.0
10.0,0.0,10.0,20.0,30.0,40.0,50.0,60.0,70.0,80.0
20.0,10.0,0.0,10.0,20.0,30.0,40.0,50.0,60.0,70.0
30.0,20.0,10.0,0.0,10.0,20.0,30.0,40.0,50.0,60.0
40.0,30.0,20.0,10.0,0.0,10.0,20.0,30.0,40.0,50.0
50.0,40.0,30.0,20.0,10.0,0.0,10.0,20.0,30.0,40.0
60.0,50.0,40.0,30.0,20.0,10.0,0.0,10.0,20.0,30.0
70.0,60.0,50.0,40.0,30.0,20.0,10.0,0.0,10.0,20.0
80.0,70.0,60.0,50.0,40.0,30.0,20.0,10.0,0.0,10.0
90.0,80.0,70.0,60.0,50.0,40.0,30.0,20.0,10.0,0.0
450.0,400.0,350.0,300.0,250.0,250.0,300.0,350.0,400.0,450.0
0.0,1.0,2.0,3.0,4.0,5.0,6.0,7.0,8.0,9.0
1.0,0.0,1.0,2.0,3.0,4.0,5.0,6.0,7.0,8.0
2.0,1.0,0.0,1.0,2.0,3.0,4.0,5.0,6.0,7.0
3.0,2.0,1.0,0.0,1.0,2.0,3.0,4.0,5.0,6.0
4.0,3.0,2.0,1.0,0.0,1.0,2.0,3.0,4.0,5.0
5.0,4.0,3.0,2.0,1.0,0.0,1.0,2.0,3.0,4.0
6.0,5.0,4.0,3.0,2.0,1.0,0.0,1.0,2.0,3.0
7.0,6.0,5.0,4.0,3.0,2.0,1.0,0.0,1.0,2.0
8.0,7.0,6.0,5.0,4.0,3.0,2.0,1.0,0.0,1.0
9.0,8.0,7.0,6.0,5.0,4.0,3.0,2.0,1.0,0.0
45.0,40.0,35.0,30.0,25.0,25.0,30.0,35.0,40.0,45.0
44.0,35.0,35.0,31.0,44.0,36.0,33.0,37.0,40.0,23.0,35.0,36.0,42.0,43.0,43.0,39.0,39.0,41.0,34.0,33.0,45.0,35.0,42.0,41.0,34.0,36.0,38.0,34.0,44.0,37.0,43.0,26.0,37.0,40.0,36.0,37.0,45.0,44.0,42.0,35.0,29.0,38.0,34.0,36.0,35.0,42.0,31.0,28.0,32.0,26.0
43.0,40.0,31.0,31.0,37.0,34.0,30.0,34.0,26.0,32.0,26.0,42.0,23.0,33.0,56.0,36.0,41.0,41.0,37.0,34.0,34.0,30.0,30.0,25.0,30.0,30.0,37.0,45.0,28.0,29.0,32.0,36.0,34.0,31.0,43.0,25.0,37.0,35.0,34.0,39.0,28.0,36.0,30.0,27.0,33.0,32.0,35.0,22.0,38.0,31.0
26.0,21.0,24.0,31.0,34.0,37.0,36.0,30.0,36.0,30.0,26.0,34.0,36.0,34.0,20.0,37.0,25.0,35.0,27.0,33.0,29.0,39.0,24.0,33.0,22.0,23.0,31.0,33.0,35.0,33.0,29.0,30.0,31.0,32.0,25.0,29.0,29.0,28.0,18.0,22.0,29.0,44.0,36.0,25.0,27.0,36.0,24.0,33.0,22.0,42.0
29.0,18.0,22.0,21.0,26.0,35.0,33.0,20.0,25.0,23.0,29.0,24.0,19.0,16.0,14.0,30.0,26.0,26.0,21.0,20.0,28.0,32.0,30.0,23.0,18.0,24.0,31.0,20.0,26.0,26.0,24.0,20.0,35.0,23.0,25.0,25.0,25.0,24.0,16.0,20.0,21.0,28.0,27.0,33.0,24.0,17.0,39.0,19.0,27.0,23.0
34.0,36.0,25.0,29.0,17.0,28.0,29.0,24.0,27.0,19.0,18.0,27.0,29.0,30.0,19.0,29.0,32.0,15.0,33.0,21.0,20.0,23.0,21.0,25.0,24.0,22.0,24.0,23.0,26.0,22.0,21.0,17.0,24.0,26.0,22.0,24.0,23.0,30.0,22.0,28.0,24.0,22.0,33.0,23.0,23.0,20.0,19.0,25.0,21.0,22.0
9.0,22.0,28.0,24.0,20.0,24.0,17.0,29.0,14.0,23.0,20.0,15.0,24.0,30.0,19.0,26.0,25.0,21.0,18.0,25.0,21.0,23.0,27.0,25.0,25.0,14.0,20.0,18.0,21.0,27.0,27.0,20.0,24.0,28.0,25.0,25.0,30.0,17.0,31.0,28.0,20.0,18.0,20.0,15.0,28.0,25.0,28.0,21.0,24.0,30.0
19.0,20.0,17.0,21.0,21.0,26.0,20.0,20.0,23.0,23.0,26.0,23.0,21.0,17.0,23.0,20.0,20.0,18.0,15.0,33.0,21.0,21.0,17.0,20.0,27.0,21.0,27.0,18.0,25.0,16.0,24.0,11.0,17.0,19.0,22.0,26.0,19.0,15.0,19.0,10.0,26.0,23.0,28.0,25.0,19.0,21.0,22.0,18.0,16.0,20.0
24.0,30.0,27.0,27.0,20.0,19.0,30.0,19.0,23.0,30.0,25.0,26.0,22.0,26.0,32.0,21.0,24.0,25.0,30.0,22.0,22.0,25.0,32.0,32.0,20.0,17.0,35.0,24.0,34.0,29.0,20.0,29.0,16.0,24.0,25.0,28.0,14.0,27.0,22.0,33.0,24.0,33.0,26.0,26.0,30.0,12.0,21.0,20.0,30.0,25.0
23.0,20.0,14.0,29.0,24.0,26.0,19.0,19.0,19.0,24.0,24.0,19.0,27.0,22.0,21.0,24.0,21.0,23.0,19.0,23.0,19.0,26.0,25.0,22.0,14.0,19.0,21.0,22.0,18.0,26.0,26.0,23.0,27.0,23.0,21.0,12.0,24.0,23.0,26.0,28.0,26.0,26.0,20.0,29.0,22.0,21.0,24.0,27.0,14.0,18.0
22.0,22.0,30.0,29.0,27.0,25.0,25.0,21.0,28.0,34.0,31.0,33.0,27.0,32.0,27.0,23.0,31.0,36.0,23.0,17.0,24.0,31.0,36.0,25.0,23.0,21.0,35.0,23.0,25.0,26.0,34.0,24.0,32.0,24.0,41.0,25.0,27.0,31.0,36.0,27.0,23.0,30.0,29.0,36.0,28.0,38.0,32.0,21.0,26.0,34.0
