10,50,1000
16.474285,17.749162,17.105857,18.255884,18.642223,16.348912,19.762655,18.703552,16.574038,17.297374
8.297112,5.983041,5.140428,6.395723,8.30464,8.053771,6.700179,8.9798,9.61216,5.952449
0.0,10.0,20.0,30.0,40.0,50.0,60.0,70.0,80.0,90.0
10.0,0.0,10.0,20.0,30.0,40.0,50.0,60.0,70.0,80.0
20.0,10.0,0.0,10.0,20.0,30.0,40.0,50.0,60.0,70.0
30.0,20.0,10.0,0.0,10.0,20.0,30.0,40.0,50.0,60.0
40.0,30.0,20.0,10.0,0.0,10.0,20.0,30.0,40.0,50.0
50.0,40.0,30.0,20.0,10.0,0.0,10.0,20.0,30.0,40.0
60.0,50.0,40.0,30.0,20.0,10.0,0.0,10.0,20.0,30.0
70.0,60.0,50.0,40.0,30.0,20.0,10.0,0.0,10.0,20.0
80.0,70.0,60.0,50.0,40.0,30.0,20.0,10.0,0.0,10.0
90.0,80.0,70.0,60.0,50.0,40.0,30.0,20.0,10.0,0.0
450.0,400.0,350.0,300.0,250.0,250.0,300.0,350.0,400.0,450.0
0.0,1.0,2.0,3.0,4.0,5.0,6.0,7.0,8.0,9.0
1.0,0.0,1.0,2.0,3.0,4.0,5.0,6.0,7.0,8.0
2.0,1.0,0.0,1.0,2.0,3.0,4.0,5.0,6.0,7.0
3.0,2.0,1.0,0.0,1.0,2.0,3.0,4.0,5.0,6.0
4.0,3.0,2.0,1.0,0.0,1.0,2.0,3.0,4.0,5.0
5.0,4.0,3.0,2.0,1.0,0.0,1.0,2.0,3.0,4.0
6.0,5.0,4.0,3.0,2.0,1.0,0.0,1.0,2.0,3.0
7.0,6.0,5.0,4.0,3.0,2.0,1.0,0.0,1.0,2.0
8.0,7.0,6.0,5.0,4.0,3.0,2.0,1.0,0.0,1.0
9.0,8.0,7.0,6.0,5.0,4.0,3.0,2.0,1.0,0.0
45.0,40.0,35.0,30.0,25.0,25.0,30.0,35.0,40.0,45.0
35.0,26.0,21.0,24.0,37.0,29.0,25.0,43.0,30.0,33.0,20.0,28.0,32.0,47.0,32.0,33.0,32.0,29.0,35.0,34.0,33.0,34.0,30.0,40.0,33.0,36.0,34.0,30.0,32.0,31.0,34.0,26.0,38.0,32.0,33.0,32.0,33.0,33.0,33.0,37.0,26.0,32.0,33.0,43.0,30.0,21.0,41.0,28.0,33.0,27.0
21.0,27.0,27.0,19.0,28.0,22.0,34.0,23.0,19.0,22.0,23.0,14.0,25.0,33.0,25.0,24.0,17.0,23.0,18.0,19.0,21.0,22.0,28.0,19.0,22.0,27.0,22.0,23.0,27.0,29.0,18.0,32.0,29.0,34.0,21.0,25.0,38.0,27.0,23.0,19.0,32.0,23.0,19.0,21.0,22.0,21.0,27.0,26.0,20.0,23.0
23.0,21.0,23.0,25.0,14.0,29.0,23.0,27.0,29.0,17.0,19.0,20.0,25.0,22.0,20.0,23.0,18.0,21.0,20.0,28.0,25.0,23.0,21.0,21.0,26.0,18.0,18.0,24.0,21.0,13.0,24.0,18.0,26.0,24.0,22.0,26.0,18.0,24.0,22.0,22.0,22.0,27.0,28.0,22.0,17.0,18.0,18.0,15.0,23.0,31.0
19.0,32.0,22.0,26.0,18.0,34.0,21.0,23.0,21.0,22.0,25.0,26.0,21.0,30.0,19.0,35.0,30.0,21.0,29.0,22.0,21.0,28.0,21.0,25.0,22.0,18.0,25.0,24.0,24.0,15.0,25.0,26.0,14.0,32.0,23.0,19.0,32.0,17.0,20.0,31.0,23.0,36.0,22.0,37.0,27.0,27.0,27.0,18.0,32.0,24.0
36.0,31.0,42.0,43.0,27.0,35.0,34.0,25.0,44.0,29.0,33.0,25.0,30.0,43.0,35.0,28.0,34.0,38.0,25.0,31.0,35.0,23.0,36.0,21.0,37.0,23.0,37.0,27.0,34.0,36.0,36.0,33.0,27.0,39.0,29.0,36.0,42.0,24.0,28.0,34.0,28.0,23.0,34.0,31.0,27.0,24.0,34.0,37.0,36.0,39.0
29.0,28.0,32.0,33.0,39.0,46.0,43.0,39.0,31.0,32.0,26.0,26.0,21.0,39.0,29.0,30.0,38.0,31.0,22.0,34.0,29.0,26.0,25.0,30.0,33.0,28.0,39.0,31.0,31.0,29.0,22.0,26.0,37.0,34.0,31.0,31.0,30.0,30.0,24.0,34.0,31.0,18.0,26.0,28.0,22.0,20.0,40.0,30.0,33.0,21.0
33.0,30.0,30.0,27.0,30.0,30.0,24.0,33.0,26.0,23.0,26.0,16.0,23.0,24.0,31.0,28.0,30.0,17.0,30.0,24.0,30.0,25.0,35.0,19.0,30.0,34.0,34.0,29.0,33.0,27.0,31.0,26.0,22.0,27.0,35.0,30.0,17.0,29.0,38.0,25.0,41.0,37.0,26.0,21.0,24.0,24.0,17.0,29.0,24.0,23.0
37.0,46.0,30.0,42.0,33.0,32.0,28.0,39.0,39.0,24.0,30.0,25.0,43.0,42.0,30.0,41.0,24.0,36.0,29.0,27.0,34.0,39.0,24.0,40.0,47.0,30.0,22.0,24.0,38.0,29.0,34.0,39.0,32.0,29.0,37.0,33.0,43.0,36.0,30.0,32.0,42.0,37.0,34.0,30.0,27.0,35.0,34.0,28.0,36.0,33.0
31.0,33.0,43.0,37.0,45.0,44.0,34.0,21.0,40.0,30.0,41.0,46.0,37.0,33.0,45.0,26.0,27.0,25.0,41.0,41.0,34.0,24.0,44.0,33.0,33.0,37.0,51.0,47.0,29.0,41.0,30.0,32.0,35.0,39.0,25.0,22.0,37.0,37.0,32.0,30.0,33.0,41.0,37.0,24.0,40.0,33.0,49.0,32.0,43.0,52.0
20.0,13.0,26.0,19.0,19.0,35.0,25.0,29.0,29.0,23.0,18.0,25.0,14.0,22.0,15.0,19.0,18.0,21.0,24.0,20.0,28.0,30.0,27.0,31.0,20.0,23.0,25.0,30.0,28.0,25.0,35.0,23.0,26.0,19.0,34.0,11.0,28.0,16.0,25.0,23.0,29.0,26.0,18.0,21.0,22.0,24.0,22.0,17.0,35.0,26.0
