10,50,1000
15.387,16.879616,16.909388,17.511396,19.733568,15.420793,18.863276,19.990632,16.147333,17.938906
7.220418,8.098196,7.42073,7.883779,9.883908,5.182026,9.684008,9.345128,5.968527,7.599962
0.0,10.0,20.0,30.0,40.0,50.0,60.0,70.0,80.0,90.0
10.0,0.0,10.0,20.0,30.0,40.0,50.0,60.0,70.0,80.0
20.0,10.0,0.0,10.0,20.0,30.0,40.0,50.0,60.0,70.0
30.0,20.0,10.0,0.0,10.0,20.0,30.0,40.0,50.0,60.0
40.0,30.0,20.0,10.0,0.0,10.0,20.0,30.0,40.0,50.0
50.0,40.0,30.0,20.0,10.0,0.0,10.0,20.0,30.0,40.0
60.0,50.0,40.0,30.0,20.0,10.0,0.0,10.0,20.0,30.0
70.0,60.0,50.0,40.0,30.0,20.0,10.0,0.0,10.0,20.0
80.0,70.0,60.0,50.0,40.0,30.0,20.0,10.0,0.0,10.0
90.0,80.0,70.0,60.0,50.0,40.0,30.0,20.0,10.0,0.0
450.0,400.0,350.0,300.0,250.0,250.0,300.0,350.0,400.0,450.0
0.0,1.0,2.0,3.0,4.0,5.0,6.0,7.0,8.0,9.0
1.0,0.0,1.0,2.0,3.0,4.0,5.0,6.0,7.0,8.0
2.0,1.0,0.0,1.0,2.0,3.0,4.0,5.0,6.0,7.0
3.0,2.0,1.0,0.0,1.0,2.0,3.0,4.0,5.0,6.0
4.0,3.0,2.0,1.0,0.0,1.0,2.0,3.0,4.0,5.0
5.0,4.0,3.0,2.0,1.0,0.0,1.0,2.0,3.0,4.0
6.0,5.0,4.0,3.0,2.0,1.0,0.0,1.0,2.0,3.0
7.0,6.0,5.0,4.0,3.0,2.0,1.0,0.0,1.0,2.0
8.0,7.0,6.0,5.0,4.0,3.0,2.0,1.0,0.0,1.0
9.0,8.0,7.0,6.0,5.0,4.0,3.0,2.0,1.0,0.0
45.0,40.0,35.0,30.0,25.0,25.0,30.0,35.0,40.0,45.0
32.0,27.0,23.0,31.0,24.0,32.0,24.0,27.0,33.0,23.0,18.0,25.0,25.0,29.0,34.0,23.0,25.0,32.0,25.0,26.0,30.0,25.0,29.0,22.0,21.0,31.0,27.0,28.0,30.0,22.0,19.0,23.0,20.0,26.0,25.0,38.0,28.0,26.0,31.0,24.0,27.0,27.0,27.0,26.0,25.0,25.0,25.0,23.0,35.0,25.0
27.0,33.0,35.0,27.0,32.0,29.0,31.0,33.0,26.0,28.0,27.0,32.0,29.0,18.0,31.0,38.0,26.0,27.0,30.0,37.0,29.0,26.0,28.0,36.0,24.0,36.0,25.0,46.0,25.0,32.0,29.0,28.0,29.0,23.0,28.0,30.0,26.0,21.0,35.0,28.0,33.0,29.0,29.0,26.0,36.0,32.0,30.0,27.0,34.0,35.0
22.0,25.0,24.0,33.0,25.0,23.0,28.0,28.0,29.0,35.0,30.0,36.0,27.0,21.0,29.0,26.0,28.0,27.0,33.0,30.0,25.0,33.0,28.0,42.0,27.0,31.0,32.0,43.0,34.0,32.0,29.0,26.0,31.0,35.0,21.0,24.0,25.0,32.0,27.0,23.0,24.0,25.0,35.0,28.0,31.0,26.0,30.0,18.0,35.0,30.0
36.0,32.0,36.0,38.0,26.0,20.0,22.0,21.0,29.0,24.0,31.0,18.0,28.0,30.0,29.0,29.0,33.0,29.0,30.0,37.0,26.0,36.0,42.0,27.0,27.0,25.0,30.0,20.0,21.0,22.0,37.0,28.0,30.0,34.0,36.0,29.0,22.0,25.0,26.0,26.0,25.0,30.0,27.0,31.0,21.0,18.0,32.0,29.0,28.0,31.0
38.0,26.0,40.0,34.0,30.0,41.0,36.0,35.0,37.0,52.0,40.0,35.0,32.0,24.0,42.0,31.0,32.0,35.0,32.0,30.0,31.0,28.0,31.0,33.0,51.0,35.0,28.0,32.0,47.0,41.0,40.0,31.0,36.0,51.0,33.0,38.0,36.0,46.0,41.0,34.0,39.0,44.0,29.0,46.0,34.0,44.0,43.0,38.0,30.0,23.0
18.0,23.0,22.0,14.0,22.0,22.0,14.0,20.0,23.0,12.0,19.0,21.0,27.0,23.0,13.0,22.0,26.0,21.0,20.0,16.0,26.0,17.0,24.0,20.0,17.0,19.0,18.0,24.0,22.0,13.0,20.0,29.0,11.0,27.0,24.0,27.0,19.0,19.0,23.0,17.0,17.0,21.0,18.0,15.0,18.0,21.0,27.0,21.0,23.0,21.0
34.0,31.0,30.0,38.0,27.0,28.0,44.0,42.0,38.0,40.0,45.0,41.0,30.0,42.0,28.0,32.0,30.0,30.0,36.0,31.0,36.0,28.0,30.0,38.0,39.0,38.0,31.0,41.0,36.0,39.0,37.0,36.0,32.0,33.0,43.0,38.0,38.0,37.0,44.0,41.0,27.0,34.0,32.0,28.0,37.0,41.0,35.0,38.0,35.0,46.0
31.0,19.0,43.0,36.0,32.0,34.0,40.0,27.0,36.0,39.0,39.0,35.0,35.0,39.0,44.0,42.0,30.0,21.0,41.0,34.0,40.0,31.0,27.0,38.0,36.0,29.0,28.0,33.0,28.0,37.0,42.0,34.0,30.0,30.0,36.0,29.0,33.0,40.0,26.0,37.0,40.0,35.0,43.0,38.0,47.0,35.0,28.0,36.0,45.0,45.0
24.0,25.0,17.0,21.0,19.0,26.0,21.0,20.0,16.0,22.0,23.0,27.0,20.0,23.0,21.0,37.0,18.0,28.0,13.0,20.0,23.0,20.0,17.0,22.0,20.0,24.0,18.0,15.0,25.0,12.0,22.0,26.0,26.0,17.0,26.0,26.0,23.0,27.0,27.0,33.0,21.0,28.0,17.0,33.0,19.0,20.0,28.0,25.0,28.0,24.0
26.0,32.0,25.0,22.0,33.0,31.0,26.0,31.0,28.0,17.0,40.0,19.0,28.0,32.0,33.0,32.0,28.0,34.0,36.0,40.0,26.0,19.0,25.0,28.0,27.0,26.0,37.0,29.0,37.0,36.0,33.0,39.0,25.0,30.0,28.0,29.0,31.0,29.0,19.0,28.0,23.0,25.0,17.0,32.0,31.0,32.0,39.0,31.0,32.0,31.0
