10,50,1000
18.268633,16.699143,18.43153,17.829268,16.637477,17.985181,15.771726,18.028508,18.323327,19.821177
7.045674,7.466774,5.650996,9.161611,9.878674,9.881959,5.358115,9.049162,5.498578,7.965159
0.0,10.0,20.0,30.0,40.0,50.0,60.0,70.0,80.0,90.0
10.0,0.0,10.0,20.0,30.0,40.0,50.0,60.0,70.0,80.0
20.0,10.0,0.0,10.0,20.0,30.0,40.0,50.0,60.0,70.0
30.0,20.0,10.0,0.0,10.0,20.0,30.0,40.0,50.0,60.0
40.0,30.0,20.0,10.0,0.0,10.0,20.0,30.0,40.0,50.0
50.0,40.0,30.0,20.0,10.0,0.0,10.0,20.0,30.0,40.0
60.0,50.0,40.0,30.0,20.0,10.0,0.0,10.0,20.0,30.0
70.0,60.0,50.0,40.0,30.0,20.0,10.0,0.0,10.0,20.0
80.0,70.0,60.0,50.0,40.0,30.0,20.0,10.0,0.0,10.0
90.0,80.0,70.0,60.0,50.0,40.0,30.0,20.0,10.0,0.0
450.0,400.0,350.0,300.0,250.0,250.0,300.0,350.0,400.0,450.0
0.0,1.0,2.0,3.0,4.0,5.0,6.0,7.0,8.0,9.0
1.0,0.0,1.0,2.0,3.0,4.0,5.0,6.0,7.0,8.0
2.0,1.0,0.0,1.0,2.0,3.0,4.0,5.0,6.0,7.0
3.0,2.0,1.0,0.0,1.0,2.0,3.0,4.0,5.0,6.0
4.0,3.0,2.0,1.0,0.0,1.0,2.0,3.0,4.0,5.0
5.0,4.0,3.0,2.0,1.0,0.0,1.0,2.0,3.0,4.0
6.0,5.0,4.0,3.0,2.0,1.0,0.0,1.0,2.0,3.0
7.0,6.0,5.0,4.0,3.0,2.0,1.0,0.0,1.0,2.0
8.0,7.0,6.0,5.0,4.0,3.0,2.0,1.0,0.0,1.0
9.0,8.0,7.0,6.0,5.0,4.0,3.0,2.0,1.0,0.0
45.0,40.0,35.0,30.0,25.0,25.0,30.0,35.0,40.0,45.0
26.0,25.0,28.0,34.0,28.0,27.0,24.0,23.0,23.0,28.0,24.0,18.0,24.0,23.0,25.0,25.0,28.0,29.0,34.0,34.0,30.0,20.0,32.0,35.0,32.0,23.0,22.0,24.0,26.0,20.0,24.0,36.0,35.0,24.0,36.0,29.0,29.0,35.0,33.0,28.0,32.0,33.0,32.0,25.0,31.0,23.0,23.0,28.0,23.0,28.0
25.0,27.0,24.0,36.0,31.0,21.0,30.0,25.0,23.0,27.0,26.0,26.0,37.0,28.0,27.0,25.0,30.0,20.0,18.0,36.0,30.0,25.0,18.0,30.0,33.0,15.0,23.0,33.0,29.0,29.0,23.0,29.0,27.0,30.0,32.0,23.0,21.0,31.0,37.0,29.0,38.0,24.0,34.0,26.0,24.0,18.0,30.0,21.0,40.0,30.0
18.0,29.0,22.0,26.0,19.0,20.0,14.0,14.0,22.0,29.0,19.0,29.0,34.0,32.0,28.0,21.0,22.0,30.0,18.0,15.0,17.0,26.0,18.0,21.0,25.0,24.0,14.0,25.0,18.0,24.0,31.0,20.0,27.0,27.0,33.0,23.0,14.0,24.0,11.0,19.0,15.0,24.0,20.0,17.0,16.0,30.0,22.0,15.0,25.0,19.0
38.0,33.0,32.0,33.0,34.0,34.0,41.0,29.0,32.0,41.0,42.0,33.0,41.0,34.0,41.0,23.0,35.0,31.0,34.0,36.0,35.0,34.0,44.0,27.0,34.0,41.0,43.0,40.0,25.0,40.0,37.0,27.0,35.0,30.0,30.0,35.0,34.0,43.0,34.0,27.0,45.0,29.0,35.0,30.0,30.0,33.0,30.0,26.0,37.0,36.0
30.0,34.0,29.0,36.0,35.0,34.0,36.0,32.0,35.0,36.0,43.0,24.0,25.0,36.0,46.0,33.0,37.0,39.0,30.0,43.0,38.0,36.0,54.0,34.0,35.0,42.0,27.0,42.0,41.0,23.0,43.0,43.0,39.0,34.0,44.0,38.0,44.0,27.0,35.0,37.0,34.0,32.0,26.0,38.0,34.0,29.0,40.0,27.0,34.0,32.0
37.0,39.0,30.0,34.0,39.0,24.0,52.0,33.0,37.0,36.0,38.0,31.0,32.0,38.0,32.0,43.0,43.0,52.0,39.0,33.0,48.0,29.0,33.0,41.0,31.0,32.0,41.0,47.0,40.0,41.0,43.0,43.0,36.0,39.0,28.0,31.0,46.0,27.0,39.0,36.0,35.0,36.0,35.0,36.0,33.0,32.0,23.0,45.0,35.0,33.0
27.0,23.0,15.0,17.0,21.0,21.0,21.0,18.0,20.0,17.0,23.0,17.0,28.0,26.0,24.0,18.0,18.0,20.0,20.0,19.0,9.0,16.0,15.0,18.0,19.0,24.0,20.0,17.0,23.0,21.0,16.0,16.0,22.0,28.0,14.0,16.0,13.0,20.0,23.0,20.0,26.0,17.0,15.0,27.0,19.0,23.0,21.0,20.0,24.0,25.0
34.0,34.0,38.0,33.0,34.0,31.0,39.0,40.0,41.0,37.0,33.0,37.0,37.0,30.0,44.0,45.0,31.0,41.0,25.0,30.0,35.0,30.0,22.0,40.0,24.0,42.0,34.0,30.0,23.0,39.0,31.0,35.0,32.0,33.0,33.0,29.0,34.0,47.0,29.0,25.0,20.0,32.0,29.0,22.0,39.0,32.0,37.0,34.0,42.0,53.0
25.0,18.0,26.0,20.0,24.0,28.0,25.0,22.0,23.0,20.0,24.0,27.0,19.0,20.0,20.0,21.0,13.0,20.0,29.0,15.0,22.0,22.0,20.0,25.0,23.0,20.0,25.0,22.0,24.0,28.0,26.0,21.0,28.0,17.0,27.0,25.0,23.0,18.0,22.0,21.0,23.0,25.0,21.0,21.0,24.0,25.0,25.0,24.0,28.0,25.0
34.0,27.0,32.0,30.0,32.0,37.0,30.0,25.0,23.0,30.0,30.0,37.0,33.0,34.0,39.0,31.0,32.0,32.0,31.0,38.0,31.0,35.0,38.0,35.0,29.0,32.0,30.0,34.0,43.0,30.0,23.0,23.0,32.0,31.0,32.0,31.0,32.0,31.0,33.0,24.0,33.0,40.0,27.0,37.0,21.0,33.0,32.0,25.0,17.0,31.0
