10,50,1000
15.286946,18.972874,16.189132,15.99834,15.851612,18.478492,16.570175,17.72306,16.41857,16.232417
9.911873,5.254788,6.916676,5.913583,5.539065,9.891812,9.58837,5.775243,9.784425,8.993239
0.0,10.0,20.0,30.0,40.0,50.0,60.0,70.0,80.0,90.0
10.0,0.0,10.0,20.0,30.0,40.0,50.0,60.0,70.0,80.0
20.0,10.0,0.0,10.0,20.0,30.0,40.0,50.0,60.0,70.0
30.0,20.0,10.0,0.0,10.0,20.0,30.0,40.0,50.0,60.0
40.0,30.0,20.0,10.0,0.0,10.0,20.0,30.0,40.0,50.0
50.0,40.0,30.0,20.0,10.0,0.0,10.0,20.0,30.0,40.0
60.0,50.0,40.0,30.0,20.0,10.0,0.0,10.0,20.0,30.0
70.0,60.0,50.0,40.0,30.0,20.0,10.0,0.0,10.0,20.0
80.0,70.0,60.0,50.0,40.0,30.0,20.0,10.0,0.0,10.0
90.0,80.0,70.0,60.0,50.0,40.0,30.0,20.0,10.0,0.0
450.0,400.0,350.0,300.0,250.0,250.0,300.0,350.0,400.0,450.0
0.0,1.0,2.0,3.0,4.0,5.0,6.0,7.0,8.0,9.0
1.0,0.0,1.0,2.0,3.0,4.0,5.0,6.0,7.0,8.0
2.0,1.0,0.0,1.0,2.0,3.0,4.0,5.0,6.0,7.0
3.0,2.0,1.0,0.0,1.0,2.0,3.0,4.0,5.0,6.0
4.0,3.0,2.0,1.0,0.0,1.0,2.0,3.0,4.0,5.0
5.0,4.0,3.0,2.0,1.0,0.0,1.0,2.0,3.0,4.0
6.0,5.0,4.0,3.0,2.0,1.0,0.0,1.0,2.0,3.0
7.0,6.0,5.0,4.0,3.0,2.0,1.0,0.0,1.0,2.0
8.0,7.0,6.0,5.0,4.0,3.0,2.0,1.0,0.0,1.0
9.0,8.0,7.0,6.0,5.0,4.0,3.0,2.0,1.0,0.0
45.0,40.0,35.0,30.0,25.0,25.0,30.0,35.0,40.0,45.0
34.0,40.0,38.0,32.0,29.0,30.0,34.0,27.0,28.0,38.0,43.0,38.0,39.0,34.0,47.0,33.0,33.0,48.0,41.0,38.0,29.0,40.0,26.0,46.0,44.0,39.0,35.0,37.0,38.0,33.0,36.0,36.0,37.0,32.0,43.0,37.0,42.0,35.0,33.0,41.0,43.0,33.0,43.0,35.0,42.0,38.0,48.0,37.0,32.0,32.0
19.0,20.0,17.0,24.0,13.0,19.0,23.0,15.0,21.0,14.0,19.0,28.0,22.0,17.0,20.0,19.0,28.0,21.0,24.0,29.0,21.0,22.0,17.0,25.0,15.0,23.0,21.0,15.0,24.0,18.0,17.0,22.0,23.0,29.0,24.0,24.0,27.0,25.0,27.0,24.0,18.0,26.0,31.0,27.0,19.0,16.0,19.0,28.0,15.0,24.0
23.0,29.0,17.0,25.0,16.0,30.0,24.0,29.0,28.0,27.0,26.0,31.0,18.0,26.0,29.0,23.0,27.0,28.0,31.0,22.0,26.0,27.0,30.0,23.0,25.0,29.0,20.0,30.0,27.0,29.0,19.0,18.0,25.0,27.0,27.0,33.0,29.0,21.0,28.0,17.0,38.0,36.0,31.0,25.0,23.0,26.0,30.0,30.0,22.0,30.0
14.0,14.0,20.0,22.0,19.0,21.0,17.0,20.0,15.0,29.0,25.0,24.0,21.0,23.0,20.0,19.0,28.0,30.0,26.0,26.0,26.0,31.0,26.0,17.0,22.0,23.0,29.0,16.0,18.0,23.0,23.0,22.0,26.0,21.0,20.0,21.0,26.0,19.0,17.0,34.0,30.0,40.0,23.0,27.0,18.0,18.0,37.0,17.0,27.0,24.0
21.0,17.0,20.0,20.0,23.0,25.0,25.0,23.0,32.0,24.0,29.0,26.0,18.0,21.0,27.0,12.0,18.0,33.0,18.0,25.0,20.0,22.0,31.0,18.0,13.0,25.0,18.0,24.0,28.0,21.0,18.0,30.0,25.0,17.0,29.0,26.0,29.0,22.0,19.0,24.0,16.0,13.0,20.0,22.0,22.0,23.0,22.0,25.0,26.0,26.0
36.0,29.0,32.0,37.0,43.0,37.0,38.0,36.0,35.0,42.0,45.0,36.0,38.0,34.0,31.0,35.0,39.0,45.0,32.0,34.0,36.0,36.0,42.0,34.0,37.0,34.0,32.0,32.0,44.0,36.0,23.0,40.0,28.0,36.0,40.0,40.0,36.0,42.0,33.0,34.0,42.0,30.0,38.0,38.0,52.0,42.0,35.0,31.0,40.0,35.0
38.0,43.0,36.0,29.0,37.0,39.0,43.0,34.0,27.0,36.0,36.0,37.0,23.0,23.0,32.0,39.0,31.0,24.0,39.0,30.0,37.0,33.0,28.0,35.0,35.0,33.0,28.0,47.0,21.0,31.0,40.0,33.0,34.0,31.0,39.0,30.0,31.0,43.0,33.0,35.0,42.0,28.0,28.0,34.0,34.0,37.0,35.0,29.0,32.0,29.0
20.0,25.0,29.0,16.0,25.0,14.0,21.0,22.0,21.0,15.0,17.0,28.0,25.0,28.0,21.0,17.0,25.0,21.0,21.0,24.0,26.0,30.0,33.0,22.0,24.0,26.0,19.0,27.0,21.0,33.0,25.0,21.0,24.0,21.0,16.0,20.0,33.0,22.0,24.0,29.0,27.0,17.0,20.0,21.0,15.0,26.0,21.0,17.0,21.0,28.0
27.0,37.0,40.0,33.0,38.0,41.0,45.0,32.0,37.0,42.0,44.0,36.0,39.0,51.0,36.0,48.0,24.0,40.0,27.0,37.0,28.0,25.0,40.0,32.0,45.0,34.0,36.0,30.0,39.0,39.0,33.0,39.0,33.0,38.0,29.0,43.0,45.0,33.0,36.0,35.0,39.0,26.0,42.0,43.0,39.0,39.0,35.0,36.0,35.0,45.0
37.0,27.0,38.0,30.0,31.0,39.0,37.0,48.0,30.0,37.0,27.0,34.0,35.0,34.0,35.0,40.0,38.0,47.0,25.0,29.0,34.0,44.0,23.0,36.0,29.0,43.0,24.0,38.0,35.0,26.0,36.0,31.0,37.0,33.0,26.0,33.0,41.0,33.0,37.0,30.0,32.0,38.0,30.0,37.0,31.0,40.0,25.0,31.0,38.0,35.0
