10,50,1000
19.117963,18.106477,15.115837,19.055647,16.238404,15.136147,19.307859,19.1725,16.416553,18.006667
7.883697,9.451193,5.486985,9.992017,8.512324,8.689685,6.678418,9.475751,8.490296,6.743143
0.0,10.0,20.0,30.0,40.0,50.0,60.0,70.0,80.0,90.0
10.0,0.0,10.0,20.0,30.0,40.0,50.0,60.0,70.0,80.0
20.0,10.0,0.0,10.0,20.0,30.0,40.0,50.0,60.0,70.0
30.0,20.0,10.0,0.0,10.0,20.0,30.0,40.0,50.0,60.0
40.0,30.0,20.0,10.0,0.0,10.0,20.0,30.0,40.0,50.0
50.0,40.0,30.0,20.0,10.0,0.0,10.0,20.0,30.0,40.0
60.0,50.0,40.0,30.0,20.0,10.0,0.0,10.0,20.0,30.0
70.0,60.0,50.0,40.0,30.0,20.0,10.0,0.0,10.0,20.0
80.0,70.0,60.0,50.0,40.0,30.0,20.0,10.0,0.0,10.0
90.0,80.0,70.0,60.0,50.0,40.0,30.0,20.0,10.0,0.0
450.0,400.0,350.0,300.0,250.0,250.0,300.0,350.0,400.0,450.0
0.0,1.0,2.0,3.0,4.0,5.0,6.0,7.0,8.0,9.0
1.0,0.0,1.0,2.0,3.0,4.0,5.0,6.0,7.0,8.0
2.0,1.0,0.0,1.0,2.0,3.0,4.0,5.0,6.0,7.0
3.0,2.0,1.0,0.0,1.0,2.0,3.0,4.0,5.0,6.0
4.0,3.0,2.0,1.0,0.0,1.0,2.0,3.0,4.0,5.0
5.0,4.0,3.0,2.0,1.0,0.0,1.0,2.0,3.0,4.0
6.0,5.0,4.0,3.0,2.0,1.0,0.0,1.0,2.0,3.0
7.0,6.0,5.0,4.0,3.0,2.0,1.0,0.0,1.0,2.0
8.0,7.0,6.0,5.0,4.0,3.0,2.0,1.0,0.0,1.0
9.0,8.0,7.0,6.0,5.0,4.0,3.0,2.0,1.0,0.0
45.0,40.0,35.0,30.0,25.0,25.0,30.0,35.0,40.0,45.0
29.0,25.0,26.0,28.0,32.0,26.0,27.0,23.0,43.0,25.0,28.0,35.0,35.0,34.0,27.0,29.0,29.0,38.0,25.0,29.0,37.0,29.0,31.0,29.0,14.0,33.0,27.0,30.0,39.0,36.0,26.0,29.0,37.0,21.0,28.0,27.0,41.0,39.0,31.0,32.0,29.0,28.0,23.0,35.0,32.0,30.0,38.0,32.0,25.0,37.0
42.0,36.0,33.0,50.0,52.0,40.0,29.0,38.0,27.0,35.0,49.0,37.0,38.0,27.0,31.0,37.0,29.0,34.0,36.0,30.0,27.0,36.0,23.0,34.0,29.0,42.0,40.0,34.0,43.0,38.0,38.0,46.0,43.0,27.0,34.0,36.0,42.0,32.0,29.0,29.0,43.0,24.0,23.0,37.0,30.0,38.0,41.0,25.0,42.0,34.0
19.0,21.0,27.0,21.0,17.0,17.0,23.0,25.0,22.0,29.0,28.0,22.0,23.0,24.0,15.0,22.0,20.0,17.0,21.0,21.0,16.0,24.0,26.0,20.0,20.0,18.0,25.0,29.0,25.0,22.0,28.0,19.0,23.0,24.0,21.0,26.0,40.0,22.0,18.0,19.0,20.0,22.0,19.0,22.0,21.0,24.0,12.0,16.0,19.0,24.0
47.0,43.0,35.0,37.0,30.0,43.0,45.0,38.0,42.0,36.0,43.0,47.0,41.0,32.0,35.0,37.0,46.0,35.0,33.0,34.0,43.0,38.0,33.0,46.0,46.0,52.0,36.0,31.0,42.0,40.0,31.0,39.0,40.0,44.0,33.0,32.0,30.0,35.0,40.0,35.0,33.0,37.0,26.0,43.0,31.0,38.0,35.0,24.0,30.0,31.0
27.0,25.0,20.0,35.0,41.0,31.0,32.0,31.0,36.0,31.0,38.0,32.0,46.0,41.0,29.0,25.0,34.0,27.0,30.0,38.0,24.0,31.0,32.0,34.0,26.0,37.0,40.0,31.0,28.0,36.0,45.0,22.0,30.0,38.0,34.0,21.0,27.0,25.0,31.0,37.0,36.0,24.0,33.0,28.0,29.0,21.0,25.0,29.0,31.0,30.0
24.0,29.0,30.0,34.0,27.0,32.0,29.0,26.0,31.0,38.0,22.0,27.0,28.0,37.0,25.0,23.0,20.0,24.0,29.0,38.0,26.0,29.0,37.0,33.0,38.0,27.0,32.0,43.0,36.0,28.0,26.0,42.0,30.0,24.0,34.0,29.0,38.0,34.0,49.0,28.0,29.0,32.0,36.0,32.0,39.0,40.0,29.0,34.0,35.0,40.0
30.0,23.0,27.0,38.0,25.0,25.0,26.0,30.0,19.0,15.0,28.0,31.0,21.0,36.0,24.0,17.0,28.0,29.0,24.0,24.0,26.0,30.0,20.0,29.0,31.0,33.0,26.0,28.0,29.0,30.0,25.0,29.0,26.0,23.0,21.0,17.0,18.0,31.0,18.0,26.0,28.0,23.0,20.0,23.0,22.0,33.0,21.0,21.0,25.0,29.0
39.0,54.0,31.0,33.0,34.0,37.0,34.0,41.0,42.0,42.0,40.0,25.0,36.0,20.0,28.0,34.0,40.0,30.0,44.0,33.0,33.0,39.0,38.0,38.0,24.0,42.0,39.0,35.0,39.0,35.0,35.0,26.0,41.0,36.0,34.0,33.0,47.0,36.0,36.0,27.0,36.0,34.0,26.0,28.0,23.0,42.0,26.0,43.0,31.0,42.0
34.0,31.0,39.0,43.0,32.0,39.0,36.0,33.0,32.0,34.0,38.0,26.0,37.0,36.0,31.0,32.0,39.0,45.0,27.0,38.0,26.0,29.0,30.0,30.0,32.0,38.0,31.0,31.0,33.0,29.0,36.0,37.0,36.0,25.0,29.0,33.0,24.0,45.0,34.0,35.0,37.0,35.0,30.0,29.0,32.0,43.0,29.0,33.0,25.0,35.0
29.0,29.0,19.0,33.0,26.0,24.0,29.0,25.0,30.0,26.0,26.0,37.0,32.0,26.0,21.0,25.0,28.0,19.0,28.0,22.0,31.0,26.0,25.0,31.0,32.0,21.0,23.0,28.0,23.0,33.0,29.0,30.0,27.0,29.0,24.0,30.0,34.0,27.0,31.0,23.0,36.0,21.0,19.0,25.0,27.0,30.0,23.0,33.0,25.0,29.0
