10,50,1000
16.673907,16.464651,16.91982,19.102505,17.445802,15.148378,18.908255,19.331285,19.435804,15.630104
5.191319,7.717732,9.396088,6.754119,9.722108,6.911057,7.04474,8.495327,9.082649,9.397376
0.0,10.0,20.0,30.0,40.0,50.0,60.0,70.0,80.0,90.0
10.0,0.0,10.0,20.0,30.0,40.0,50.0,60.0,70.0,80.0
20.0,10.0,0.0,10.0,20.0,30.0,40.0,50.0,60.0,70.0
30.0,20.0,10.0,0.0,10.0,20.0,30.0,40.0,50.0,60.0
40.0,30.0,20.0,10.0,0.0,10.0,20.0,30.0,40.0,50.0
50.0,40.0,30.0,20.0,10.0,0.0,10.0,20.0,30.0,40.0
60.0,50.0,40.0,30.0,20.0,10.0,0.0,10.0,20.0,30.0
70.0,60.0,50.0,40.0,30.0,20.0,10.0,0.0,10.0,20.0
80.0,70.0,60.0,50.0,40.0,30.0,20.0,10.0,0.0,10.0
90.0,80.0,70.0,60.0,50.0,40.0,30.0,20.0,10.0,0.0
450.0,400.0,350.0,300.0,250.0,250.0,300.0,350.0,400.0,450.0
0.0,1.0,2.0,3.0,4.0,5.0,6.0,7.0,8.0,9.0
1.0,0.0,1.0,2.0,3.0,4.0,5.0,6.0,7.0,8.0
2.0,1.0,0.0,1.0,2.0,3.0,4.0,5.0,6.0,7.0
3.0,2.0,1.0,0.0,1.0,2.0,3.0,4.0,5.0,6.0
4.0,3.0,2.0,1.0,0.0,1.0,2.0,3.0,4.0,5.0
5.0,4.0,3.0,2.0,1.0,0.0,1.0,2.0,3.0,4.0
6.0,5.0,4.0,3.0,2.0,1.0,0.0,1.0,2.0,3.0
7.0,6.0,5.0,4.0,3.0,2.0,1.0,0.0,1.0,2.0
8.0,7.0,6.0,5.0,4.0,3.0,2.0,1.0,0.0,1.0
9.0,8.0,7.0,6.0,5.0,4.0,3.0,2.0,1.0,0.0
45.0,40.0,35.0,30.0,25.0,25.0,30.0,35.0,40.0,45.0
21.0,26.0,22.0,19.0,20.0,17.0,21.0,19.0,19.0,17.0,24.0,29.0,29.0,15.0,29.0,22.0,18.0,16.0,16.0,29.0,24.0,24.0,14.0,16.0,17.0,19.0,27.0,24.0,15.0,21.0,27.0,31.0,21.0,15.0,27.0,26.0,21.0,21.0,28.0,20.0,22.0,34.0,17.0,24.0,20.0,21.0,16.0,19.0,15.0,27.0
40.0,26.0,25.0,24.0,25.0,29.0,31.0,31.0,25.0,30.0,27.0,21.0,29.0,34.0,33.0,30.0,23.0,40.0,24.0,31.0,30.0,19.0,22.0,31.0,28.0,27.0,20.0,38.0,32.0,31.0,36.0,27.0,28.0,32.0,23.0,26.0,31.0,25.0,21.0,31.0,41.0,31.0,22.0,29.0,28.0,22.0,38.0,24.0,32.0,24.0
34.0,29.0,31.0,35.0,34.0,38.0,27.0,39.0,29.0,28.0,27.0,35.0,24.0,38.0,34.0,35.0,36.0,32.0,31.0,40.0,44.0,38.0,31.0,38.0,27.0,28.0,27.0,40.0,44.0,25.0,29.0,35.0,38.0,29.0,34.0,39.0,35.0,28.0,24.0,28.0,30.0,40.0,42.0,35.0,35.0,35.0,34.0,34.0,33.0,32.0
28.0,23.0,28.0,31.0,28.0,34.0,19.0,29.0,19.0,27.0,22.0,19.0,21.0,28.0,28.0,32.0,29.0,24.0,24.0,23.0,20.0,24.0,22.0,38.0,33.0,27.0,28.0,32.0,26.0,34.0,32.0,26.0,27.0,25.0,23.0,29.0,22.0,26.0,30.0,29.0,28.0,31.0,26.0,35.0,39.0,36.0,39.0,23.0,22.0,28.0
37.0,42.0,31.0,35.0,41.0,32.0,33.0,47.0,37.0,31.0,34.0,39.0,38.0,36.0,32.0,39.0,40.0,19.0,36.0,35.0,40.0,33.0,36.0,39.0,42.0,32.0,42.0,32.0,43.0,35.0,40.0,49.0,33.0,41.0,29.0,33.0,29.0,30.0,34.0,31.0,37.0,43.0,39.0,32.0,37.0,38.0,31.0,34.0,44.0,36.0
31.0,28.0,29.0,34.0,35.0,26.0,33.0,28.0,33.0,31.0,25.0,24.0,24.0,32.0,26.0,25.0,19.0,17.0,31.0,20.0,42.0,26.0,28.0,28.0,29.0,37.0,25.0,23.0,36.0,28.0,16.0,31.0,33.0,20.0,28.0,23.0,29.0,24.0,17.0,32.0,23.0,21.0,27.0,19.0,34.0,29.0,20.0,23.0,27.0,27.0
19.0,25.0,23.0,24.0,21.0,28.0,26.0,25.0,31.0,25.0,23.0,31.0,30.0,24.0,34.0,25.0,29.0,16.0,30.0,32.0,26.0,26.0,21.0,30.0,30.0,18.0,29.0,29.0,26.0,25.0,29.0,33.0,28.0,22.0,27.0,27.0,35.0,20.0,38.0,30.0,25.0,29.0,29.0,31.0,26.0,26.0,35.0,22.0,35.0,34.0
33.0,28.0,29.0,38.0,29.0,35.0,34.0,30.0,31.0,31.0,32.0,30.0,37.0,38.0,43.0,20.0,38.0,26.0,39.0,34.0,37.0,30.0,40.0,30.0,31.0,38.0,36.0,35.0,35.0,29.0,38.0,21.0,35.0,33.0,28.0,39.0,34.0,29.0,24.0,38.0,38.0,30.0,40.0,35.0,38.0,31.0,27.0,26.0,41.0,33.0
37.0,34.0,29.0,34.0,29.0,36.0,44.0,36.0,31.0,37.0,26.0,39.0,37.0,31.0,32.0,49.0,33.0,36.0,37.0,42.0,43.0,31.0,29.0,29.0,34.0,34.0,48.0,34.0,41.0,39.0,32.0,25.0,36.0,30.0,32.0,34.0,44.0,44.0,32.0,46.0,29.0,31.0,30.0,40.0,32.0,33.0,37.0,42.0,32.0,27.0
27.0,39.0,32.0,40.0,34.0,31.0,42.0,34.0,38.0,33.0,38.0,35.0,32.0,38.0,48.0,40.0,32.0,18.0,28.0,37.0,34.0,36.0,36.0,32.0,29.0,33.0,39.0,24.0,29.0,32.0,34.0,37.0,35.0,40.0,41.0,33.0,30.0,37.0,37.0,30.0,33.0,31.0,27.0,50.0,37.0,35.0,25.0,32.0,49.0,37.0
