10,50,1000
16.772281,16.328284,15.099606,19.21743,17.988923,17.294626,17.15327,16.12011,15.098481,16.731665
5.971085,9.269064,9.878338,6.488214,6.061044,5.749346,8.619059,6.026186,7.733884,9.282867
0.0,10.0,20.0,30.0,40.0,50.0,60.0,70.0,80.0,90.0
10.0,0.0,10.0,20.0,30.0,40.0,50.0,60.0,70.0,80.0
20.0,10.0,0.0,10.0,20.0,30.0,40.0,50.0,60.0,70.0
30.0,20.0,10.0,0.0,10.0,20.0,30.0,40.0,50.0,60.0
40.0,30.0,20.0,10.0,0.0,10.0,20.0,30.0,40.0,50.0
50.0,40.0,30.0,20.0,10.0,0.0,10.0,20.0,30.0,40.0
60.0,50.0,40.0,30.0,20.0,10.0,0.0,10.0,20.0,30.0
70.0,60.0,50.0,40.0,30.0,20.0,10.0,0.0,10.0,20.0
80.0,70.0,60.0,50.0,40.0,30.0,20.0,10.0,0.0,10.0
90.0,80.0,70.0,60.0,50.0,40.0,30.0,20.0,10.0,0.0
450.0,400.0,350.0,300.0,250.0,250.0,300.0,350.0,400.0,450.0
0.0,1.0,2.0,3.0,4.0,5.0,6.0,7.0,8.0,9.0
1.0,0.0,1.0,2.0,3.0,4.0,5.0,6.0,7.0,8.0
2.0,1.0,0.0,1.0,2.0,3.0,4.0,5.0,6.0,7.0
3.0,2.0,1.0,0.0,1.0,2.0,3.0,4.0,5.0,6.0
4.0,3.0,2.0,1.0,0.0,1.0,2.0,3.0,4.0,5.0
5.0,4.0,3.0,2.0,1.0,0.0,1.0,2.0,3.0,4.0
6.0,5.0,4.0,3.0,2.0,1.0,0.0,1.0,2.0,3.0
7.0,6.0,5.0,4.0,3.0,2.0,1.0,0.0,1.0,2.0
8.0,7.0,6.0,5.0,4.0,3.0,2.0,1.0,0.0,1.0
9.0,8.0,7.0,6.0,5.0,4.0,3.0,2.0,1.0,0.0
45.0,40.0,35.0,30.0,25.0,25.0,30.0,35.0,40.0,45.0
25.0,26.0,22.0,31.0,25.0,30.0,23.0,25.0,25.0,33.0,27.0,15.0,16.0,19.0,25.0,20.0,22.0,26.0,19.0,29.0,27.0,21.0,22.0,20.0,26.0,31.0,18.0,19.0,13.0,29.0,31.0,35.0,30.0,22.0,27.0,25.0,21.0,40.0,19.0,24.0,19.0,25.0,25.0,17.0,17.0,26.0,26.0,23.0,22.0,22.0
31.0,31.0,45.0,27.0,24.0,37.0,34.0,25.0,40.0,26.0,34.0,32.0,34.0,38.0,32.0,25.0,33.0,34.0,25.0,26.0,35.0,38.0,27.0,31.0,34.0,32.0,37.0,31.0,35.0,42.0,33.0,29.0,40.0,29.0,31.0,38.0,45.0,35.0,31.0,34.0,41.0,29.0,35.0,26.0,29.0,27.0,32.0,28.0,36.0,40.0
34.0,29.0,33.0,40.0,47.0,29.0,32.0,29.0,35.0,36.0,27.0,42.0,43.0,35.0,36.0,48.0,32.0,40.0,26.0,40.0,24.0,24.0,28.0,38.0,47.0,39.0,41.0,31.0,36.0,28.0,31.0,34.0,32.0,34.0,36.0,31.0,39.0,32.0,43.0,31.0,38.0,37.0,37.0,35.0,37.0,45.0,40.0,39.0,39.0,37.0
14.0,35.0,30.0,27.0,25.0,14.0,23.0,28.0,21.0,23.0,26.0,38.0,27.0,24.0,26.0,29.0,33.0,21.0,22.0,28.0,28.0,22.0,24.0,27.0,35.0,29.0,21.0,27.0,24.0,28.0,22.0,37.0,27.0,26.0,26.0,29.0,19.0,26.0,27.0,31.0,17.0,28.0,26.0,26.0,33.0,28.0,22.0,27.0,30.0,23.0
17.0,24.0,17.0,22.0,24.0,18.0,24.0,24.0,27.0,28.0,27.0,29.0,21.0,25.0,22.0,25.0,27.0,25.0,27.0,21.0,22.0,30.0,24.0,24.0,26.0,12.0,17.0,19.0,18.0,25.0,20.0,26.0,20.0,18.0,24.0,8.0,16.0,22.0,23.0,24.0,22.0,31.0,19.0,24.0,35.0,15.0,26.0,22.0,28.0,15.0
22.0,26.0,28.0,33.0,20.0,22.0,26.0,23.0,19.0,22.0,30.0,20.0,33.0,27.0,22.0,14.0,26.0,23.0,24.0,17.0,12.0,18.0,26.0,24.0,23.0,19.0,25.0,17.0,27.0,32.0,28.0,27.0,28.0,27.0,26.0,23.0,31.0,14.0,28.0,22.0,17.0,16.0,21.0,14.0,23.0,18.0,24.0,23.0,30.0,29.0
30.0,44.0,35.0,32.0,39.0,40.0,36.0,38.0,33.0,35.0,36.0,21.0,33.0,26.0,46.0,29.0,31.0,24.0,30.0,29.0,27.0,25.0,29.0,35.0,39.0,36.0,40.0,35.0,36.0,30.0,22.0,28.0,34.0,36.0,40.0,28.0,39.0,38.0,35.0,41.0,29.0,32.0,27.0,29.0,40.0,39.0,31.0,42.0,27.0,35.0
20.0,23.0,24.0,24.0,24.0,31.0,25.0,28.0,31.0,19.0,33.0,28.0,25.0,21.0,23.0,25.0,22.0,31.0,29.0,28.0,30.0,25.0,34.0,23.0,30.0,26.0,24.0,17.0,14.0,24.0,24.0,26.0,27.0,24.0,31.0,19.0,20.0,23.0,25.0,26.0,28.0,20.0,33.0,26.0,31.0,23.0,23.0,16.0,30.0,25.0
25.0,34.0,30.0,36.0,26.0,27.0,30.0,32.0,34.0,30.0,24.0,33.0,34.0,28.0,24.0,30.0,36.0,26.0,28.0,31.0,30.0,32.0,25.0,31.0,22.0,39.0,32.0,27.0,24.0,30.0,20.0,30.0,37.0,32.0,27.0,35.0,24.0,30.0,25.0,25.0,33.0,25.0,32.0,39.0,28.0,29.0,31.0,18.0,25.0,24.0
38.0,39.0,30.0,36.0,47.0,26.0,37.0,31.0,25.0,36.0,41.0,32.0,26.0,32.0,33.0,44.0,41.0,30.0,35.0,41.0,30.0,38.0,34.0,34.0,27.0,38.0,29.0,33.0,37.0,35.0,26.0,34.0,33.0,29.0,31.0,34.0,39.0,40.0,32.0,31.0,33.0,28.0,36.0,36.0,41.0,36.0,45.0,42.0,34.0,31.0
