10,50,1000
15.724985,18.332456,15.091394,18.722575,17.139819,19.352576,17.194331,15.117924,17.475477,16.881935
8.900451,7.042658,7.751966,8.907943,7.850179,6.757098,9.88744,6.485099,5.6334,7.400689
0.0,10.0,20.0,30.0,40.0,50.0,60.0,70.0,80.0,90.0
10.0,0.0,10.0,20.0,30.0,40.0,50.0,60.0,70.0,80.0
20.0,10.0,0.0,10.0,20.0,30.0,40.0,50.0,60.0,70.0
30.0,20.0,10.0,0.0,10.0,20.0,30.0,40.0,50.0,60.0
40.0,30.0,20.0,10.0,0.0,10.0,20.0,30.0,40.0,50.0
50.0,40.0,30.0,20.0,10.0,0.0,10.0,20.0,30.0,40.0
60.0,50.0,40.0,30.0,20.0,10.0,0.0,10.0,20.0,30.0
70.0,60.0,50.0,40.0,30.0,20.0,10.0,0.0,10.0,20.0
80.0,70.0,60.0,50.0,40.0,30.0,20.0,10.0,0.0,10.0
90.0,80.0,70.0,60.0,50.0,40.0,30.0,20.0,10.0,0.0
450.0,400.0,350.0,300.0,250.0,250.0,300.0,350.0,400.0,450.0
0.0,1.0,2.0,3.0,4.0,5.0,6.0,7.0,8.0,9.0
1.0,0.0,1.0,2.0,3.0,4.0,5.0,6.0,7.0,8.0
2.0,1.0,0.0,1.0,2.0,3.0,4.0,5.0,6.0,7.0
3.0,2.0,1.0,0.0,1.0,2.0,3.0,4.0,5.0,6.0
4.0,3.0,2.0,1.0,0.0,1.0,2.0,3.0,4.0,5.0
5.0,4.0,3.0,2.0,1.0,0.0,1.0,2.0,3.0,4.0
6.0,5.0,4.0,3.0,2.0,1.0,0.0,1.0,2.0,3.0
7.0,6.0,5.0,4.0,3.0,2.0,1.0,0.0,1.0,2.0
8.0,7.0,6.0,5.0,4.0,3.0,2.0,1.0,0.0,1.0
9.0,8.0,7.0,6.0,5.0,4.0,3.0,2.0,1.0,0.0
45.0,40.0,35.0,30.0,25.0,25.0,30.0,35.0,40.0,45.0
37.0,44.0,22.0,26.0,26.0,22.0,23.0,36.0,35.0,37.0,25.0,30.0,28.0,38.0,33.0,32.0,36.0,41.0,35.0,38.0,33.0,27.0,27.0,29.0,32.0,30.0,39.0,31.0,29.0,34.0,47.0,32.0,32.0,37.0,34.0,31.0,30.0,40.0,40.0,37.0,33.0,34.0,40.0,32.0,32.0,29.0,35.0,40.0,28.0,40.0
37.0,22.0,24.0,33.0,25.0,39.0,24.0,27.0,28.0,26.0,21.0,25.0,26.0,25.0,27.0,33.0,20.0,22.0,26.0,30.0,32.0,15.0,30.0,25.0,26.0,32.0,29.0,30.0,19.0,27.0,27.0,27.0,27.0,30.0,26.0,26.0,23.0,30.0,28.0,21.0,41.0,27.0,30.0,19.0,25.0,29.0,27.0,39.0,24.0,27.0
32.0,28.0,28.0,23.0,26.0,30.0,26.0,21.0,30.0,23.0,29.0,25.0,25.0,27.0,35.0,28.0,24.0,37.0,24.0,23.0,24.0,38.0,30.0,38.0,21.0,27.0,23.0,28.0,26.0,31.0,30.0,31.0,29.0,27.0,25.0,49.0,25.0,21.0,21.0,36.0,23.0,31.0,36.0,21.0,24.0,27.0,36.0,35.0,34.0,31.0
28.0,27.0,34.0,38.0,32.0,35.0,30.0,23.0,33.0,29.0,34.0,26.0,32.0,33.0,44.0,38.0,33.0,24.0,39.0,26.0,45.0,32.0,32.0,29.0,27.0,31.0,44.0,40.0,36.0,30.0,44.0,31.0,33.0,38.0,30.0,30.0,38.0,36.0,36.0,43.0,33.0,31.0,33.0,48.0,30.0,25.0,44.0,26.0,39.0,37.0
36.0,29.0,41.0,34.0,35.0,26.0,35.0,30.0,35.0,27.0,37.0,26.0,33.0,30.0,27.0,26.0,25.0,22.0,36.0,24.0,26.0,21.0,38.0,34.0,27.0,24.0,42.0,30.0,24.0,30.0,43.0,30.0,28.0,30.0,31.0,32.0,35.0,30.0,22.0,21.0,30.0,31.0,22.0,33.0,26.0,24.0,31.0,31.0,38.0,26.0
25.0,26.0,15.0,26.0,25.0,27.0,28.0,26.0,23.0,24.0,30.0,31.0,27.0,25.0,23.0,35.0,25.0,28.0,23.0,29.0,20.0,25.0,24.0,21.0,28.0,17.0,25.0,32.0,31.0,31.0,23.0,21.0,22.0,23.0,32.0,32.0,25.0,31.0,25.0,29.0,30.0,30.0,28.0,23.0,28.0,24.0,31.0,27.0,20.0,24.0
43.0,35.0,29.0,35.0,34.0,43.0,24.0,32.0,30.0,36.0,41.0,40.0,45.0,40.0,33.0,34.0,42.0,28.0,33.0,25.0,36.0,30.0,34.0,47.0,36.0,39.0,49.0,35.0,39.0,28.0,46.0,39.0,41.0,37.0,42.0,36.0,34.0,42.0,32.0,30.0,40.0,29.0,31.0,46.0,27.0,37.0,37.0,41.0,37.0,41.0
33.0,25.0,17.0,19.0,28.0,30.0,23.0,29.0,19.0,30.0,16.0,22.0,20.0,28.0,21.0,19.0,26.0,22.0,30.0,17.0,30.0,22.0,28.0,21.0,27.0,22.0,24.0,18.0,17.0,21.0,19.0,24.0,20.0,35.0,23.0,31.0,23.0,28.0,21.0,20.0,26.0,20.0,24.0,23.0,28.0,32.0,14.0,30.0,30.0,22.0
23.0,20.0,42.0,28.0,24.0,21.0,32.0,12.0,14.0,17.0,28.0,26.0,26.0,28.0,28.0,18.0,33.0,18.0,19.0,20.0,27.0,17.0,20.0,26.0,25.0,20.0,25.0,32.0,21.0,24.0,26.0,19.0,20.0,19.0,27.0,29.0,22.0,27.0,26.0,23.0,19.0,21.0,17.0,24.0,13.0,23.0,23.0,16.0,25.0,20.0
37.0,38.0,32.0,31.0,22.0,29.0,26.0,27.0,15.0,30.0,26.0,36.0,36.0,26.0,29.0,29.0,25.0,26.0,27.0,26.0,31.0,34.0,15.0,26.0,36.0,23.0,25.0,25.0,33.0,26.0,28.0,26.0,18.0,28.0,30.0,25.0,29.0,33.0,34.0,28.0,20.0,28.0,22.0,27.0,34.0,34.0,21.0,35.0,30.0,35.0
