10,50,1000
19.65124,18.557708,19.853989,17.384591,16.97926,16.239688,15.163063,19.528881,18.565016,16.718757
6.236272,8.686648,6.495734,5.196142,9.458519,5.788715,9.984254,5.3331,7.668712,7.123019
0.0,10.0,20.0,30.0,40.0,50.0,60.0,70.0,80.0,90.0
10.0,0.0,10.0,20.0,30.0,40.0,50.0,60.0,70.0,80.0
20.0,10.0,0.0,10.0,20.0,30.0,40.0,50.0,60.0,70.0
30.0,20.0,10.0,0.0,10.0,20.0,30.0,40.0,50.0,60.0
40.0,30.0,20.0,10.0,0.0,10.0,20.0,30.0,40.0,50.0
50.0,40.0,30.0,20.0,10.0,0.0,10.0,20.0,30.0,40.0
60.0,50.0,40.0,30.0,20.0,10.0,0.0,10.0,20.0,30.0
70.0,60.0,50.0,40.0,30.0,20.0,10.0,0.0,10.0,20.0
80.0,70.0,60.0,50.0,40.0,30.0,20.0,10.0,0.0,10.0
90.0,80.0,70.0,60.0,50.0,40.0,30.0,20.0,10.0,0.0
450.0,400.0,350.0,300.0,250.0,250.0,300.0,350.0,400.0,450.0
0.0,1.0,2.0,3.0,4.0,5.0,6.0,7.0,8.0,9.0
1.0,0.0,1.0,2.0,3.0,4.0,5.0,6.0,7.0,8.0
2.0,1.0,0.0,1.0,2.0,3.0,4.0,5.0,6.0,7.0
3.0,2.0,1.0,0.0,1.0,2.0,3.0,4.0,5.0,6.0
4.0,3.0,2.0,1.0,0.0,1.0,2.0,3.0,4.0,5.0
5.0,4.0,3.0,2.0,1.0,0.0,1.0,2.0,3.0,4.0
6.0,5.0,4.0,3.0,2.0,1.0,0.0,1.0,2.0,3.0
7.0,6.0,5.0,4.0,3.0,2.0,1.0,0.0,1.0,2.0
8.0,7.0,6.0,5.0,4.0,3.0,2.0,1.0,0.0,1.0
9.0,8.0,7.0,6.0,5.0,4.0,3.0,2.0,1.0,0.0
45.0,40.0,35.0,30.0,25.0,25.0,30.0,35.0,40.0,45.0
23.0,22.0,34.0,18.0,28.0,17.0,36.0,17.0,19.0,25.0,22.0,17.0,20.0,20.0,18.0,19.0,37.0,17.0,29.0,33.0,21.0,27.0,28.0,28.0,25.0,17.0,28.0,26.0,26.0,29.0,28.0,24.0,41.0,21.0,29.0,34.0,24.0,30.0,19.0,27.0,28.0,24.0,36.0,22.0,20.0,33.0,32.0,19.0,26.0,18.0
26.0,46.0,30.0,29.0,27.0,24.0,30.0,30.0,35.0,44.0,39.0,29.0,34.0,39.0,29.0,29.0,37.0,30.0,33.0,37.0,34.0,22.0,39.0,32.0,31.0,25.0,33.0,38.0,26.0,33.0,44.0,39.0,47.0,39.0,24.0,37.0,30.0,39.0,29.0,31.0,32.0,30.0,26.0,36.0,37.0,30.0,35.0,29.0,29.0,34.0
28.0,25.0,31.0,24.0,19.0,22.0,26.0,16.0,21.0,24.0,35.0,24.0,28.0,33.0,32.0,23.0,20.0,24.0,22.0,29.0,23.0,26.0,25.0,27.0,31.0,23.0,30.0,31.0,27.0,21.0,25.0,31.0,18.0,29.0,29.0,26.0,27.0,26.0,29.0,25.0,23.0,26.0,29.0,22.0,32.0,23.0,25.0,32.0,33.0,20.0
16.0,18.0,23.0,19.0,21.0,22.0,24.0,19.0,26.0,16.0,20.0,31.0,25.0,14.0,15.0,19.0,21.0,11.0,23.0,23.0,17.0,14.0,21.0,20.0,12.0,19.0,16.0,25.0,20.0,18.0,19.0,23.0,24.0,24.0,26.0,21.0,19.0,22.0,25.0,13.0,21.0,19.0,21.0,19.0,27.0,18.0,20.0,17.0,20.0,20.0
35.0,45.0,41.0,27.0,48.0,35.0,43.0,24.0,39.0,41.0,42.0,43.0,37.0,38.0,39.0,38.0,35.0,27.0,33.0,28.0,24.0,33.0,39.0,26.0,46.0,36.0,41.0,41.0,38.0,37.0,24.0,31.0,35.0,31.0,36.0,35.0,47.0,27.0,35.0,30.0,25.0,35.0,36.0,26.0,43.0,33.0,33.0,46.0,34.0,36.0
22.0,24.0,21.0,19.0,30.0,21.0,34.0,18.0,24.0,24.0,26.0,24.0,19.0,22.0,29.0,30.0,19.0,19.0,19.0,21.0,21.0,31.0,29.0,25.0,21.0,14.0,29.0,11.0,22.0,22.0,30.0,23.0,24.0,25.0,25.0,19.0,29.0,26.0,23.0,17.0,21.0,13.0,25.0,19.0,16.0,29.0,18.0,24.0,33.0,16.0
31.0,38.0,33.0,33.0,48.0,40.0,37.0,42.0,48.0,38.0,54.0,35.0,33.0,33.0,47.0,34.0,43.0,32.0,39.0,36.0,45.0,30.0,36.0,45.0,30.0,29.0,49.0,41.0,34.0,32.0,35.0,43.0,32.0,39.0,34.0,32.0,35.0,34.0,33.0,40.0,43.0,48.0,40.0,38.0,31.0,36.0,33.0,30.0,40.0,29.0
26.0,27.0,26.0,23.0,24.0,21.0,19.0,25.0,27.0,20.0,30.0,21.0,17.0,33.0,22.0,24.0,24.0,18.0,20.0,16.0,32.0,26.0,20.0,21.0,21.0,23.0,21.0,23.0,12.0,20.0,15.0,24.0,24.0,19.0,25.0,25.0,28.0,20.0,21.0,29.0,20.0,17.0,24.0,24.0,28.0,21.0,22.0,20.0,22.0,26.0
31.0,31.0,33.0,33.0,25.0,30.0,31.0,35.0,30.0,32.0,30.0,30.0,26.0,27.0,29.0,30.0,30.0,22.0,32.0,36.0,25.0,35.0,43.0,36.0,20.0,26.0,28.0,30.0,28.0,36.0,43.0,40.0,29.0,32.0,32.0,25.0,34.0,33.0,34.0,34.0,23.0,32.0,33.0,14.0,22.0,29.0,28.0,32.0,37.0,20.0
27.0,30.0,38.0,28.0,25.0,18.0,25.0,27.0,30.0,23.0,30.0,22.0,29.0,22.0,27.0,26.0,28.0,29.0,28.0,30.0,24.0,27.0,30.0,28.0,26.0,36.0,19.0,31.0,19.0,33.0,21.0,22.0,27.0,24.0,23.0,24.0,34.0,22.0,28.0,35.0,32.0,31.0,30.0,25.0,28.0,31.0,22.0,30.0,28.0,30.0
