10,50,1000
18.457627,17.524735,19.709433,16.022868,15.695175,18.185066,19.296054,15.839875,18.067373,15.262768
8.954192,9.340895,5.60136,6.298271,9.551426,9.069898,5.771686,9.392874,7.581229,9.421093
0.0,10.0,20.0,30.0,40.0,50.0,60.0,70.0,80.0,90.0
10.0,0.0,10.0,20.0,30.0,40.0,50.0,60.0,70.0,80.0
20.0,10.0,0.0,10.0,20.0,30.0,40.0,50.0,60.0,70.0
30.0,20.0,10.0,0.0,10.0,20.0,30.0,40.0,50.0,60.0
40.0,30.0,20.0,10.0,0.0,10.0,20.0,30.0,40.0,50.0
50.0,40.0,30.0,20.0,10.0,0.0,10.0,20.0,30.0,40.0
60.0,50.0,40.0,30.0,20.0,10.0,0.0,10.0,20.0,30.0
70.0,60.0,50.0,40.0,30.0,20.0,10.0,0.0,10.0,20.0
80.0,70.0,60.0,50.0,40.0,30.0,20.0,10.0,0.0,10.0
90.0,80.0,70.0,60.0,50.0,40.0,30.0,20.0,10.0,0.0
450.0,400.0,350.0,300.0,250.0,250.0,300.0,350.0,400.0,450.0
0.0,1.0,2.0,3.0,4.0,5.0,6.0,7.0,8.0,9.0
1.0,0.0,1.0,2.0,3.0,4.0,5.0,6.0,7.0,8.0
2.0,1.0,0.0,1.0,2.0,3.0,4.0,5.0,6.0,7.0
3.0,2.0,1.0,0.0,1.0,2.0,3.0,4.0,5.0,6.0
4.0,3.0,2.0,1.0,0.0,1.0,2.0,3.0,4.0,5.0
5.0,4.0,3.0,2.0,1.0,0.0,1.0,2.0,3.0,4.0
6.0,5.0,4.0,3.0,2.0,1.0,0.0,1.0,2.0,3.0
7.0,6.0,5.0,4.0,3.0,2.0,1.0,0.0,1.0,2.0
8.0,7.0,6.0,5.0,4.0,3.0,2.0,1.0,0.0,1.0
9.0,8.0,7.0,6.0,5.0,4.0,3.0,2.0,1.0,0.0
45.0,40.0,35.0,30.0,25.0,25.0,30.0,35.0,40.0,45.0
38.0,29.0,37.0,32.0,36.0,33.0,38.0,40.0,40.0,29.0,39.0,31.0,35.0,29.0,38.0,37.0,43.0,42.0,34.0,35.0,36.0,29.0,36.0,25.0,32.0,33.0,42.0,26.0,33.0,35.0,37.0,34.0,36.0,30.0,35.0,32.0,30.0,33.0,33.0,29.0,29.0,38.0,33.0,35.0,34.0,35.0,35.0,38.0,35.0,35.0
31.0,31.0,33.0,44.0,40.0,32.0,35.0,36.0,27.0,31.0,29.0,45.0,29.0,34.0,23.0,48.0,41.0,47.0,39.0,30.0,25.0,38.0,35.0,49.0,41.0,42.0,40.0,42.0,25.0,33.0,43.0,24.0,37.0,27.0,25.0,28.0,32.0,34.0,45.0,25.0,37.0,38.0,20.0,38.0,24.0,40.0,28.0,32.0,36.0,36.0
30.0,24.0,18.0,22.0,14.0,25.0,17.0,20.0,22.0,18.0,17.0,16.0,30.0,21.0,23.0,20.0,16.0,22.0,18.0,23.0,24.0,25.0,29.0,24.0,19.0,18.0,22.0,21.0,21.0,33.0,20.0,34.0,26.0,20.0,26.0,20.0,20.0,30.0,18.0,17.0,29.0,27.0,16.0,15.0,17.0,29.0,21.0,19.0,26.0,20.0
28.0,23.0,25.0,25.0,28.0,27.0,29.0,25.0,22.0,20.0,29.0,23.0,16.0,23.0,23.0,37.0,26.0,23.0,33.0,30.0,23.0,32.0,26.0,12.0,30.0,24.0,32.0,27.0,24.0,19.0,26.0,23.0,26.0,23.0,27.0,26.0,26.0,19.0,31.0,24.0,19.0,30.0,13.0,28.0,19.0,28.0,26.0,22.0,18.0,26.0
22.0,36.0,30.0,51.0,43.0,28.0,41.0,32.0,29.0,47.0,36.0,24.0,36.0,37.0,34.0,40.0,42.0,34.0,44.0,22.0,43.0,39.0,33.0,40.0,32.0,34.0,39.0,32.0,34.0,41.0,43.0,40.0,43.0,29.0,43.0,34.0,45.0,40.0,34.0,34.0,39.0,45.0,29.0,39.0,39.0,34.0,28.0,37.0,23.0,36.0
23.0,45.0,35.0,39.0,20.0,32.0,35.0,42.0,30.0,30.0,45.0,41.0,27.0,35.0,34.0,28.0,41.0,29.0,25.0,33.0,38.0,51.0,32.0,24.0,31.0,45.0,34.0,24.0,33.0,34.0,35.0,35.0,47.0,33.0,36.0,39.0,33.0,37.0,30.0,43.0,37.0,36.0,22.0,35.0,44.0,35.0,35.0,30.0,37.0,20.0
22.0,24.0,18.0,19.0,27.0,25.0,30.0,29.0,17.0,37.0,25.0,22.0,22.0,23.0,24.0,25.0,19.0,24.0,27.0,35.0,20.0,19.0,25.0,27.0,14.0,26.0,27.0,26.0,30.0,22.0,27.0,27.0,24.0,19.0,27.0,23.0,23.0,17.0,26.0,22.0,23.0,28.0,34.0,25.0,29.0,42.0,24.0,21.0,18.0,22.0
38.0,34.0,34.0,31.0,27.0,24.0,38.0,41.0,37.0,39.0,22.0,33.0,45.0,36.0,35.0,27.0,36.0,31.0,23.0,34.0,35.0,51.0,38.0,33.0,37.0,37.0,37.0,36.0,40.0,26.0,37.0,33.0,41.0,43.0,32.0,42.0,40.0,35.0,31.0,40.0,30.0,42.0,24.0,40.0,25.0,40.0,35.0,30.0,31.0,35.0
26.0,32.0,24.0,34.0,28.0,31.0,30.0,20.0,24.0,24.0,29.0,31.0,28.0,30.0,37.0,29.0,30.0,23.0,27.0,28.0,29.0,18.0,35.0,28.0,27.0,35.0,29.0,24.0,29.0,25.0,21.0,33.0,33.0,29.0,34.0,27.0,38.0,31.0,33.0,24.0,39.0,36.0,30.0,35.0,17.0,32.0,26.0,26.0,24.0,35.0
38.0,36.0,30.0,38.0,37.0,30.0,31.0,37.0,36.0,31.0,29.0,31.0,30.0,41.0,28.0,31.0,41.0,34.0,25.0,29.0,30.0,23.0,33.0,35.0,24.0,38.0,39.0,34.0,34.0,29.0,44.0,38.0,30.0,49.0,34.0,46.0,45.0,34.0,32.0,21.0,31.0,30.0,34.0,34.0,37.0,29.0,33.0,39.0,35.0,31.0
