10,50,1000
15.249249,18.574944,19.200988,17.079261,19.084432,19.610769,19.649609,17.062932,15.049467,17.086429
8.50833,9.247206,5.966715,7.040382,9.297774,6.916924,6.173833,9.507456,7.953199,5.312084
0.0,10.0,20.0,30.0,40.0,50.0,60.0,70.0,80.0,90.0
10.0,0.0,10.0,20.0,30.0,40.0,50.0,60.0,70.0,80.0
20.0,10.0,0.0,10.0,20.0,30.0,40.0,50.0,60.0,70.0
30.0,20.0,10.0,0.0,10.0,20.0,30.0,40.0,50.0,60.0
40.0,30.0,20.0,10.0,0.0,10.0,20.0,30.0,40.0,50.0
50.0,40.0,30.0,20.0,10.0,0.0,10.0,20.0,30.0,40.0
60.0,50.0,40.0,30.0,20.0,10.0,0.0,10.0,20.0,30.0
70.0,60.0,50.0,40.0,30.0,20.0,10.0,0.0,10.0,20.0
80.0,70.0,60.0,50.0,40.0,30.0,20.0,10.0,0.0,10.0
90.0,80.0,70.0,60.0,50.0,40.0,30.0,20.0,10.0,0.0
450.0,400.0,350.0,300.0,250.0,250.0,300.0,350.0,400.0,450.0
0.0,1.0,2.0,3.0,4.0,5.0,6.0,7.0,8.0,9.0
1.0,0.0,1.0,2.0,3.0,4.0,5.0,6.0,7.0,8.0
2.0,1.0,0.0,1.0,2.0,3.0,4.0,5.0,6.0,7.0
3.0,2.0,1.0,0.0,1.0,2.0,3.0,4.0,5.0,6.0
4.0,3.0,2.0,1.0,0.0,1.0,2.0,3.0,4.0,5.0
5.0,4.0,3.0,2.0,1.0,0.0,1.0,2.0,3.0,4.0
6.0,5.0,4.0,3.0,2.0,1.0,0.0,1.0,2.0,3.0
7.0,6.0,5.0,4.0,3.0,2.0,1.0,0.0,1.0,2.0
8.0,7.0,6.0,5.0,4.0,3.0,2.0,1.0,0.0,1.0
9.0,8.0,7.0,6.0,5.0,4.0,3.0,2.0,1.0,0.0
45.0,40.0,35.0,30.0,25.0,25.0,30.0,35.0,40.0,45.0
23.0,25.0,37.0,26.0,24.0,34.0,27.0,26.0,25.0,35.0,34.0,43.0,20.0,36.0,26.0,26.0,31.0,32.0,32.0,29.0,31.0,34.0,34.0,30.0,34.0,28.0,36.0,30.0,31.0,29.0,24.0,35.0,34.0,34.0,34.0,31.0,32.0,35.0,37.0,22.0,26.0,31.0,24.0,35.0,31.0,33.0,26.0,34.0,26.0,35.0
27.0,35.0,32.0,37.0,29.0,33.0,33.0,35.0,37.0,39.0,34.0,34.0,28.0,23.0,18.0,47.0,36.0,40.0,45.0,36.0,40.0,31.0,26.0,23.0,36.0,33.0,33.0,28.0,30.0,43.0,29.0,28.0,32.0,36.0,42.0,43.0,39.0,34.0,37.0,48.0,49.0,39.0,33.0,47.0,27.0,45.0,39.0,26.0,47.0,37.0
23.0,28.0,21.0,19.0,15.0,26.0,29.0,18.0,24.0,24.0,30.0,17.0,25.0,23.0,21.0,16.0,20.0,27.0,22.0,24.0,26.0,22.0,17.0,20.0,22.0,22.0,35.0,25.0,25.0,25.0,23.0,22.0,26.0,16.0,18.0,27.0,18.0,21.0,27.0,35.0,23.0,20.0,14.0,23.0,24.0,22.0,30.0,22.0,28.0,22.0
33.0,30.0,30.0,21.0,20.0,26.0,27.0,31.0,36.0,29.0,31.0,38.0,31.0,23.0,38.0,25.0,27.0,25.0,22.0,19.0,34.0,27.0,27.0,27.0,22.0,30.0,36.0,19.0,36.0,32.0,24.0,26.0,26.0,37.0,23.0,32.0,25.0,28.0,32.0,25.0,29.0,24.0,33.0,22.0,31.0,34.0,22.0,23.0,30.0,19.0
37.0,35.0,31.0,31.0,31.0,30.0,37.0,42.0,39.0,44.0,32.0,39.0,39.0,32.0,45.0,32.0,33.0,45.0,34.0,37.0,28.0,33.0,37.0,34.0,32.0,37.0,38.0,48.0,42.0,40.0,39.0,36.0,41.0,36.0,31.0,34.0,28.0,36.0,36.0,42.0,34.0,28.0,32.0,40.0,37.0,32.0,34.0,30.0,50.0,36.0
23.0,28.0,26.0,21.0,23.0,31.0,23.0,33.0,33.0,34.0,39.0,23.0,28.0,26.0,30.0,24.0,24.0,30.0,34.0,30.0,24.0,37.0,28.0,32.0,21.0,35.0,26.0,24.0,32.0,34.0,29.0,28.0,28.0,23.0,23.0,36.0,30.0,40.0,39.0,28.0,24.0,22.0,23.0,28.0,34.0,29.0,25.0,28.0,28.0,33.0
32.0,30.0,20.0,24.0,22.0,22.0,21.0,21.0,21.0,27.0,21.0,22.0,18.0,26.0,25.0,24.0,25.0,23.0,23.0,27.0,26.0,26.0,27.0,18.0,21.0,26.0,21.0,25.0,26.0,24.0,24.0,29.0,18.0,24.0,22.0,23.0,27.0,20.0,24.0,36.0,21.0,25.0,23.0,30.0,27.0,19.0,11.0,33.0,23.0,32.0
38.0,32.0,37.0,33.0,31.0,37.0,41.0,38.0,42.0,32.0,36.0,52.0,43.0,38.0,47.0,39.0,37.0,41.0,37.0,37.0,36.0,31.0,38.0,40.0,38.0,33.0,36.0,34.0,36.0,33.0,29.0,39.0,32.0,31.0,41.0,39.0,33.0,40.0,29.0,38.0,34.0,35.0,39.0,32.0,38.0,30.0,44.0,57.0,30.0,37.0
30.0,32.0,27.0,19.0,38.0,27.0,24.0,25.0,39.0,30.0,26.0,29.0,26.0,27.0,16.0,25.0,32.0,22.0,32.0,33.0,27.0,27.0,37.0,25.0,32.0,36.0,26.0,37.0,31.0,27.0,35.0,25.0,33.0,38.0,34.0,36.0,28.0,28.0,30.0,31.0,35.0,16.0,28.0,22.0,33.0,27.0,22.0,38.0,28.0,23.0
25.0,19.0,24.0,19.0,24.0,14.0,26.0,23.0,26.0,30.0,31.0,23.0,20.0,25.0,31.0,25.0,28.0,16.0,24.0,21.0,23.0,14.0,22.0,26.0,19.0,15.0,20.0,25.0,22.0,28.0,21.0,18.0,25.0,20.0,20.0,21.0,32.0,17.0,24.0,26.0,27.0,24.0,23.0,17.0,23.0,22.0,20.0,29.0,15.0,27.0
