10,50,1000
16.846642,16.060773,15.117484,15.670165,19.351784,15.623983,18.52055,16.56013,16.903541,16.443573
9.42954,7.445499,7.130729,9.188324,9.023584,9.200253,7.658778,7.508454,9.078654,9.546062
0.0,10.0,20.0,30.0,40.0,50.0,60.0,70.0,80.0,90.0
10.0,0.0,10.0,20.0,30.0,40.0,50.0,60.0,70.0,80.0
20.0,10.0,0.0,10.0,20.0,30.0,40.0,50.0,60.0,70.0
30.0,20.0,10.0,0.0,10.0,20.0,30.0,40.0,50.0,60.0
40.0,30.0,20.0,10.0,0.0,10.0,20.0,30.0,40.0,50.0
50.0,40.0,30.0,20.0,10.0,0.0,10.0,20.0,30.0,40.0
60.0,50.0,40.0,30.0,20.0,10.0,0.0,10.0,20.0,30.0
70.0,60.0,50.0,40.0,30.0,20.0,10.0,0.0,10.0,20.0
80.0,70.0,60.0,50.0,40.0,30.0,20.0,10.0,0.0,10.0
90.0,80.0,70.0,60.0,50.0,40.0,30.0,20.0,10.0,0.0
450.0,400.0,350.0,300.0,250.0,250.0,300.0,350.0,400.0,450.0
0.0,1.0,2.0,3.0,4.0,5.0,6.0,7.0,8.0,9.0
1.0,0.0,1.0,2.0,3.0,4.0,5.0,6.0,7.0,8.0
2.0,1.0,0.0,1.0,2.0,3.0,4.0,5.0,6.0,7.0
3.0,2.0,1.0,0.0,1.0,2.0,3.0,4.0,5.0,6.0
4.0,3.0,2.0,1.0,0.0,1.0,2.0,3.0,4.0,5.0
5.0,4.0,3.0,2.0,1.0,0.0,1.0,2.0,3.0,4.0
6.0,5.0,4.0,3.0,2.0,1.0,0.0,1.0,2.0,3.0
7.0,6.0,5.0,4.0,3.0,2.0,1.0,0.0,1.0,2.0
8.0,7.0,6.0,5.0,4.0,3.0,2.0,1.0,0.0,1.0
9.0,8.0,7.0,6.0,5.0,4.0,3.0,2.0,1.0,0.0
45.0,40.0,35.0,30.0,25.0,25.0,30.0,35.0,40.0,45.0
42.0,40.0,34.0,43.0,44.0,24.0,25.0,34.0,40.0,23.0,31.0,32.0,32.0,47.0,41.0,29.0,29.0,38.0,34.0,32.0,33.0,37.0,34.0,39.0,34.0,31.0,36.0,30.0,33.0,35.0,37.0,37.0,32.0,28.0,35.0,29.0,31.0,32.0,29.0,39.0,39.0,30.0,49.0,31.0,28.0,29.0,28.0,32.0,33.0,33.0
28.0,27.0,28.0,25.0,26.0,20.0,22.0,34.0,25.0,26.0,37.0,16.0,31.0,28.0,22.0,28.0,27.0,20.0,25.0,31.0,32.0,23.0,34.0,30.0,28.0,31.0,30.0,25.0,35.0,32.0,28.0,28.0,32.0,25.0,31.0,31.0,17.0,27.0,24.0,36.0,28.0,27.0,24.0,25.0,25.0,21.0,36.0,22.0,32.0,23.0
31.0,17.0,34.0,26.0,28.0,25.0,24.0,31.0,22.0,33.0,24.0,21.0,42.0,40.0,23.0,27.0,15.0,30.0,32.0,33.0,25.0,28.0,34.0,22.0,33.0,21.0,27.0,23.0,19.0,27.0,26.0,22.0,24.0,23.0,29.0,19.0,28.0,25.0,21.0,22.0,41.0,18.0,32.0,29.0,21.0,25.0,29.0,29.0,29.0,26.0
26.0,33.0,39.0,34.0,20.0,41.0,27.0,28.0,34.0,38.0,36.0,33.0,30.0,31.0,31.0,23.0,31.0,28.0,35.0,33.0,34.0,37.0,32.0,30.0,25.0,28.0,36.0,31.0,29.0,33.0,33.0,35.0,30.0,40.0,21.0,46.0,28.0,33.0,29.0,41.0,30.0,30.0,39.0,33.0,43.0,35.0,24.0,38.0,29.0,34.0
36.0,41.0,28.0,39.0,42.0,37.0,36.0,40.0,38.0,39.0,32.0,22.0,38.0,34.0,34.0,37.0,27.0,28.0,29.0,31.0,51.0,28.0,36.0,29.0,34.0,34.0,36.0,33.0,46.0,36.0,31.0,32.0,29.0,30.0,39.0,30.0,24.0,26.0,31.0,34.0,37.0,37.0,32.0,33.0,31.0,38.0,38.0,42.0,37.0,38.0
31.0,40.0,32.0,31.0,31.0,38.0,43.0,35.0,41.0,35.0,33.0,46.0,30.0,35.0,31.0,33.0,38.0,37.0,38.0,39.0,41.0,34.0,32.0,31.0,33.0,39.0,32.0,22.0,32.0,39.0,41.0,42.0,33.0,32.0,25.0,30.0,23.0,35.0,28.0,33.0,37.0,30.0,38.0,39.0,45.0,30.0,32.0,33.0,25.0,26.0
31.0,35.0,35.0,35.0,35.0,18.0,30.0,23.0,33.0,24.0,24.0,20.0,27.0,38.0,43.0,32.0,25.0,37.0,24.0,34.0,39.0,23.0,41.0,34.0,29.0,31.0,25.0,33.0,33.0,36.0,29.0,30.0,29.0,23.0,25.0,26.0,30.0,34.0,29.0,32.0,31.0,31.0,35.0,31.0,22.0,32.0,26.0,31.0,33.0,31.0
25.0,31.0,28.0,32.0,25.0,38.0,20.0,26.0,32.0,29.0,33.0,37.0,27.0,24.0,38.0,24.0,26.0,31.0,26.0,46.0,34.0,25.0,22.0,21.0,20.0,43.0,33.0,35.0,30.0,28.0,25.0,30.0,29.0,32.0,16.0,34.0,32.0,32.0,18.0,35.0,37.0,26.0,25.0,36.0,23.0,31.0,18.0,24.0,29.0,16.0
30.0,27.0,47.0,26.0,49.0,27.0,32.0,26.0,36.0,30.0,35.0,29.0,26.0,30.0,35.0,38.0,34.0,49.0,31.0,37.0,36.0,38.0,34.0,27.0,31.0,48.0,34.0,47.0,33.0,41.0,31.0,22.0,39.0,29.0,35.0,38.0,40.0,34.0,37.0,41.0,33.0,31.0,41.0,37.0,41.0,25.0,33.0,33.0,28.0,34.0
38.0,43.0,38.0,39.0,26.0,30.0,43.0,39.0,32.0,40.0,44.0,29.0,39.0,41.0,34.0,45.0,29.0,38.0,38.0,31.0,22.0,34.0,44.0,38.0,39.0,32.0,36.0,47.0,38.0,49.0,35.0,32.0,52.0,29.0,38.0,32.0,29.0,45.0,27.0,36.0,26.0,42.0,41.0,37.0,37.0,37.0,30.0,42.0,35.0,37.0
