10,50,1000
16.169863,17.127863,19.989966,18.822366,17.281997,15.775233,18.992343,19.024311,19.748547,19.525653
5.774206,5.80041,6.242758,9.588244,7.830464,7.327177,5.776445,5.3735,7.044824,7.201333
0.0,10.0,20.0,30.0,40.0,50.0,60.0,70.0,80.0,90.0
10.0,0.0,10.0,20.0,30.0,40.0,50.0,60.0,70.0,80.0
20.0,10.0,0.0,10.0,20.0,30.0,40.0,50.0,60.0,70.0
30.0,20.0,10.0,0.0,10.0,20.0,30.0,40.0,50.0,60.0
40.0,30.0,20.0,10.0,0.0,10.0,20.0,30.0,40.0,50.0
50.0,40.0,30.0,20.0,10.0,0.0,10.0,20.0,30.0,40.0
60.0,50.0,40.0,30.0,20.0,10.0,0.0,10.0,20.0,30.0
70.0,60.0,50.0,40.0,30.0,20.0,10.0,0.0,10.0,20.0
80.0,70.0,60.0,50.0,40.0,30.0,20.0,10.0,0.0,10.0
90.0,80.0,70.0,60.0,50.0,40.0,30.0,20.0,10.0,0.0
450.0,400.0,350.0,300.0,250.0,250.0,300.0,350.0,400.0,450.0
0.0,1.0,2.0,3.0,4.0,5.0,6.0,7.0,8.0,9.0
1.0,0.0,1.0,2.0,3.0,4.0,5.0,6.0,7.0,8.0
2.0,1.0,0.0,1.0,2.0,3.0,4.0,5.0,6.0,7.0
3.0,2.0,1.0,0.0,1.0,2.0,3.0,4.0,5.0,6.0
4.0,3.0,2.0,1.0,0.0,1.0,2.0,3.0,4.0,5.0
5.0,4.0,3.0,2.0,1.0,0.0,1.0,2.0,3.0,4.0
6.0,5.0,4.0,3.0,2.0,1.0,0.0,1.0,2.0,3.0
7.0,6.0,5.0,4.0,3.0,2.0,1.0,0.0,1.0,2.0
8.0,7.0,6.0,5.0,4.0,3.0,2.0,1.0,0.0,1.0
9.0,8.0,7.0,6.0,5.0,4.0,3.0,2.0,1.0,0.0
45.0,40.0,35.0,30.0,25.0,25.0,30.0,35.0,40.0,45.0
20.0,25.0,37.0,23.0,25.0,25.0,27.0,25.0,19.0,18.0,25.0,27.0,21.0,22.0,27.0,25.0,26.0,27.0,23.0,24.0,29.0,29.0,26.0,21.0,22.0,33.0,20.0,17.0,22.0,19.0,17.0,20.0,21.0,21.0,22.0,26.0,28.0,23.0,14.0,21.0,35.0,23.0,25.0,19.0,20.0,14.0,18.0,25.0,23.0,20.0
20.0,33.0,21.0,22.0,16.0,19.0,12.0,23.0,28.0,20.0,22.0,29.0,19.0,26.0,24.0,18.0,28.0,16.0,29.0,20.0,15.0,22.0,23.0,27.0,24.0,34.0,25.0,22.0,23.0,22.0,19.0,24.0,26.0,23.0,17.0,25.0,38.0,21.0,21.0,16.0,30.0,28.0,18.0,26.0,21.0,21.0,15.0,22.0,24.0,14.0
32.0,27.0,28.0,28.0,18.0,32.0,13.0,23.0,22.0,23.0,32.0,24.0,23.0,25.0,30.0,28.0,33.0,17.0,27.0,22.0,23.0,27.0,33.0,20.0,20.0,24.0,21.0,23.0,23.0,25.0,28.0,26.0,33.0,24.0,11.0,28.0,16.0,23.0,29.0,16.0,29.0,20.0,22.0,29.0,16.0,21.0,26.0,31.0,32.0,32.0
41.0,32.0,38.0,36.0,34.0,29.0,42.0,34.0,33.0,41.0,33.0,49.0,39.0,37.0,38.0,27.0,38.0,38.0,42.0,41.0,41.0,39.0,37.0,40.0,29.0,45.0,42.0,30.0,44.0,40.0,41.0,36.0,39.0,31.0,28.0,37.0,43.0,38.0,45.0,36.0,41.0,30.0,36.0,32.0,37.0,35.0,27.0,34.0,28.0,43.0
31.0,37.0,24.0,38.0,29.0,34.0,31.0,32.0,44.0,22.0,30.0,24.0,22.0,36.0,31.0,39.0,37.0,22.0,30.0,25.0,33.0,20.0,33.0,37.0,26.0,41.0,27.0,26.0,31.0,34.0,26.0,25.0,31.0,32.0,30.0,40.0,25.0,26.0,29.0,27.0,24.0,25.0,30.0,32.0,29.0,40.0,29.0,22.0,28.0,30.0
32.0,27.0,34.0,16.0,33.0,23.0,27.0,16.0,29.0,38.0,24.0,28.0,31.0,27.0,25.0,22.0,23.0,24.0,25.0,27.0,30.0,38.0,23.0,26.0,29.0,37.0,29.0,28.0,30.0,29.0,34.0,35.0,30.0,30.0,29.0,26.0,19.0,29.0,35.0,28.0,28.0,37.0,29.0,35.0,30.0,27.0,20.0,24.0,14.0,31.0
21.0,21.0,19.0,22.0,16.0,23.0,18.0,20.0,19.0,27.0,21.0,24.0,28.0,35.0,21.0,32.0,23.0,17.0,22.0,20.0,23.0,28.0,24.0,16.0,25.0,24.0,16.0,20.0,19.0,40.0,20.0,21.0,17.0,20.0,32.0,21.0,24.0,23.0,22.0,23.0,25.0,29.0,15.0,16.0,24.0,23.0,24.0,23.0,27.0,23.0
29.0,18.0,30.0,27.0,28.0,23.0,23.0,22.0,24.0,24.0,16.0,19.0,20.0,22.0,23.0,21.0,21.0,17.0,21.0,22.0,27.0,16.0,23.0,26.0,20.0,33.0,21.0,28.0,30.0,31.0,24.0,20.0,23.0,34.0,26.0,25.0,21.0,26.0,18.0,18.0,30.0,22.0,29.0,38.0,25.0,25.0,23.0,25.0,24.0,26.0
36.0,26.0,35.0,34.0,36.0,25.0,23.0,26.0,21.0,26.0,35.0,28.0,22.0,25.0,21.0,29.0,25.0,28.0,20.0,20.0,27.0,31.0,34.0,33.0,22.0,32.0,28.0,33.0,31.0,31.0,29.0,33.0,19.0,25.0,35.0,26.0,33.0,19.0,24.0,24.0,28.0,32.0,26.0,33.0,29.0,39.0,30.0,23.0,34.0,37.0
33.0,33.0,28.0,27.0,25.0,27.0,29.0,32.0,28.0,39.0,25.0,24.0,35.0,30.0,21.0,31.0,30.0,33.0,28.0,37.0,37.0,32.0,33.0,30.0,20.0,17.0,32.0,25.0,28.0,28.0,20.0,20.0,28.0,27.0,21.0,28.0,19.0,32.0,25.0,29.0,27.0,31.0,24.0,22.0,38.0,35.0,34.0,22.0,33.0,23.0
