10,50,1000
19.348309,16.319223,18.46765,16.939683,19.546022,19.443585,16.733404,15.276271,16.396565,19.922273
6.495383,8.755635,9.756252,6.906901,5.990112,9.6694,7.829947,6.199766,5.236282,9.65196
0.0,10.0,20.0,30.0,40.0,50.0,60.0,70.0,80.0,90.0
10.0,0.0,10.0,20.0,30.0,40.0,50.0,60.0,70.0,80.0
20.0,10.0,0.0,10.0,20.0,30.0,40.0,50.0,60.0,70.0
30.0,20.0,10.0,0.0,10.0,20.0,30.0,40.0,50.0,60.0
40.0,30.0,20.0,10.0,0.0,10.0,20.0,30.0,40.0,50.0
50.0,40.0,30.0,20.0,10.0,0.0,10.0,20.0,30.0,40.0
60.0,50.0,40.0,30.0,20.0,10.0,0.0,10.0,20.0,30.0
70.0,60.0,50.0,40.0,30.0,20.0,10.0,0.0,10.0,20.0
80.0,70.0,60.0,50.0,40.0,30.0,20.0,10.0,0.0,10.0
90.0,80.0,70.0,60.0,50.0,40.0,30.0,20.0,10.0,0.0
450.0,400.0,350.0,300.0,250.0,250.0,300.0,350.0,400.0,450.0
0.0,1.0,2.0,3.0,4.0,5.0,6.0,7.0,8.0,9.0
1.0,0.0,1.0,2.0,3.0,4.0,5.0,6.0,7.0,8.0
2.0,1.0,0.0,1.0,2.0,3.0,4.0,5.0,6.0,7.0
3.0,2.0,1.0,0.0,1.0,2.0,3.0,4.0,5.0,6.0
4.0,3.0,2.0,1.0,0.0,1.0,2.0,3.0,4.0,5.0
5.0,4.0,3.0,2.0,1.0,0.0,1.0,2.0,3.0,4.0
6.0,5.0,4.0,3.0,2.0,1.0,0.0,1.0,2.0,3.0
7.0,6.0,5.0,4.0,3.0,2.0,1.0,0.0,1.0,2.0
8.0,7.0,6.0,5.0,4.0,3.0,2.0,1.0,0.0,1.0
9.0,8.0,7.0,6.0,5.0,4.0,3.0,2.0,1.0,0.0
45.0,40.0,35.0,30.0,25.0,25.0,30.0,35.0,40.0,45.0
19.0,31.0,20.0,32.0,26.0,13.0,24.0,23.0,22.0,21.0,21.0,31.0,23.0,33.0,28.0,33.0,30.0,26.0,26.0,29.0,23.0,27.0,32.0,22.0,30.0,30.0,28.0,24.0,24.0,18.0,28.0,28.0,23.0,34.0,27.0,29.0,27.0,25.0,22.0,29.0,27.0,29.0,21.0,27.0,24.0,22.0,20.0,14.0,35.0,28.0
33.0,25.0,26.0,33.0,35.0,28.0,33.0,33.0,39.0,32.0,36.0,33.0,27.0,29.0,31.0,41.0,35.0,30.0,37.0,32.0,29.0,29.0,32.0,30.0,32.0,38.0,25.0,32.0,32.0,36.0,41.0,31.0,36.0,28.0,35.0,33.0,29.0,35.0,44.0,26.0,35.0,30.0,29.0,44.0,30.0,30.0,31.0,32.0,32.0,32.0
37.0,43.0,37.0,36.0,38.0,34.0,37.0,46.0,22.0,19.0,25.0,37.0,30.0,39.0,34.0,38.0,23.0,35.0,37.0,38.0,44.0,45.0,33.0,35.0,28.0,39.0,30.0,27.0,39.0,27.0,23.0,43.0,35.0,40.0,35.0,29.0,38.0,32.0,38.0,25.0,39.0,36.0,40.0,30.0,35.0,36.0,34.0,45.0,34.0,46.0
33.0,32.0,23.0,25.0,31.0,24.0,22.0,29.0,40.0,24.0,18.0,31.0,31.0,29.0,21.0,29.0,27.0,24.0,24.0,36.0,28.0,17.0,22.0,19.0,17.0,21.0,27.0,27.0,29.0,22.0,28.0,23.0,33.0,23.0,22.0,32.0,21.0,31.0,32.0,21.0,24.0,24.0,30.0,26.0,25.0,22.0,27.0,19.0,34.0,20.0
20.0,21.0,25.0,22.0,18.0,24.0,21.0,25.0,35.0,21.0,27.0,30.0,27.0,25.0,40.0,31.0,27.0,23.0,25.0,22.0,21.0,21.0,21.0,21.0,24.0,15.0,31.0,14.0,20.0,29.0,27.0,20.0,30.0,24.0,20.0,25.0,28.0,25.0,22.0,32.0,17.0,16.0,28.0,24.0,29.0,33.0,29.0,27.0,18.0,21.0
35.0,43.0,36.0,32.0,39.0,44.0,29.0,29.0,42.0,38.0,35.0,42.0,35.0,34.0,29.0,38.0,38.0,34.0,42.0,45.0,36.0,30.0,27.0,45.0,38.0,37.0,40.0,37.0,34.0,37.0,42.0,40.0,38.0,37.0,41.0,30.0,32.0,43.0,40.0,32.0,29.0,50.0,36.0,37.0,30.0,31.0,32.0,30.0,50.0,44.0
23.0,36.0,34.0,26.0,28.0,36.0,29.0,35.0,22.0,36.0,33.0,31.0,36.0,23.0,25.0,28.0,26.0,29.0,29.0,30.0,28.0,35.0,21.0,30.0,24.0,32.0,24.0,26.0,35.0,33.0,25.0,32.0,28.0,27.0,32.0,27.0,40.0,29.0,23.0,27.0,27.0,28.0,24.0,15.0,33.0,35.0,31.0,26.0,29.0,24.0
26.0,16.0,23.0,17.0,29.0,21.0,30.0,23.0,18.0,23.0,26.0,27.0,23.0,28.0,25.0,24.0,18.0,27.0,28.0,15.0,19.0,29.0,30.0,26.0,9.0,25.0,15.0,26.0,29.0,13.0,20.0,18.0,19.0,21.0,19.0,26.0,27.0,28.0,21.0,25.0,24.0,27.0,25.0,31.0,24.0,17.0,20.0,21.0,26.0,31.0
26.0,20.0,27.0,31.0,27.0,19.0,15.0,21.0,31.0,24.0,29.0,15.0,12.0,14.0,26.0,19.0,25.0,25.0,22.0,16.0,19.0,21.0,23.0,24.0,17.0,20.0,18.0,20.0,19.0,16.0,37.0,26.0,17.0,21.0,32.0,16.0,15.0,22.0,23.0,25.0,23.0,19.0,21.0,24.0,34.0,16.0,23.0,23.0,19.0,25.0
35.0,47.0,35.0,26.0,40.0,45.0,41.0,38.0,32.0,37.0,29.0,31.0,34.0,29.0,44.0,34.0,40.0,29.0,35.0,33.0,30.0,28.0,36.0,39.0,48.0,38.0,27.0,42.0,32.0,29.0,40.0,43.0,33.0,29.0,39.0,31.0,26.0,34.0,35.0,36.0,30.0,43.0,27.0,30.0,30.0,38.0,37.0,51.0,43.0,29.0
