10,50,1000
18.862389,18.981784,17.545812,19.120627,15.070485,15.176568,19.964984,17.321575,16.821156,18.672544
6.633918,8.784756,5.37193,8.020993,7.951587,8.807433,8.364447,6.348276,9.710287,8.481649
0.0,10.0,20.0,30.0,40.0,50.0,60.0,70.0,80.0,90.0
10.0,0.0,10.0,20.0,30.0,40.0,50.0,60.0,70.0,80.0
20.0,10.0,0.0,10.0,20.0,30.0,40.0,50.0,60.0,70.0
30.0,20.0,10.0,0.0,10.0,20.0,30.0,40.0,50.0,60.0
40.0,30.0,20.0,10.0,0.0,10.0,20.0,30.0,40.0,50.0
50.0,40.0,30.0,20.0,10.0,0.0,10.0,20.0,30.0,40.0
60.0,50.0,40.0,30.0,20.0,10.0,0.0,10.0,20.0,30.0
70.0,60.0,50.0,40.0,30.0,20.0,10.0,0.0,10.0,20.0
80.0,70.0,60.0,50.0,40.0,30.0,20.0,10.0,0.0,10.0
90.0,80.0,70.0,60.0,50.0,40.0,30.0,20.0,10.0,0.0
450.0,400.0,350.0,300.0,250.0,250.0,300.0,350.0,400.0,450.0
0.0,1.0,2.0,3.0,4.0,5.0,6.0,7.0,8.0,9.0
1.0,0.0,1.0,2.0,3.0,4.0,5.0,6.0,7.0,8.0
2.0,1.0,0.0,1.0,2.0,3.0,4.0,5.0,6.0,7.0
3.0,2.0,1.0,0.0,1.0,2.0,3.0,4.0,5.0,6.0
4.0,3.0,2.0,1.0,0.0,1.0,2.0,3.0,4.0,5.0
5.0,4.0,3.0,2.0,1.0,0.0,1.0,2.0,3.0,4.0
6.0,5.0,4.0,3.0,2.0,1.0,0.0,1.0,2.0,3.0
7.0,6.0,5.0,4.0,3.0,2.0,1.0,0.0,1.0,2.0
8.0,7.0,6.0,5.0,4.0,3.0,2.0,1.0,0.0,1.0
9.0,8.0,7.0,6.0,5.0,4.0,3.0,2.0,1.0,0.0
45.0,40.0,35.0,30.0,25.0,25.0,30.0,35.0,40.0,45.0
14.0,33.0,25.0,28.0,24.0,30.0,20.0,23.0,20.0,31.0,36.0,28.0,28.0,27.0,28.0,31.0,30.0,14.0,24.0,19.0,19.0,27.0,23.0,21.0,35.0,21.0,32.0,24.0,27.0,28.0,30.0,24.0,28.0,21.0,31.0,21.0,28.0,22.0,23.0,27.0,24.0,27.0,25.0,23.0,24.0,26.0,37.0,22.0,29.0,29.0
35.0,31.0,36.0,42.0,29.0,23.0,35.0,45.0,34.0,34.0,30.0,24.0,39.0,41.0,32.0,29.0,34.0,34.0,33.0,34.0,24.0,31.0,38.0,32.0,36.0,35.0,26.0,34.0,41.0,44.0,29.0,42.0,26.0,36.0,22.0,22.0,42.0,36.0,30.0,37.0,31.0,39.0,27.0,33.0,37.0,37.0,25.0,27.0,19.0,37.0
20.0,19.0,27.0,17.0,13.0,13.0,32.0,18.0,23.0,18.0,14.0,20.0,18.0,29.0,23.0,20.0,16.0,21.0,24.0,21.0,32.0,17.0,13.0,21.0,19.0,19.0,21.0,31.0,18.0,20.0,22.0,35.0,26.0,29.0,17.0,27.0,24.0,17.0,22.0,14.0,22.0,19.0,22.0,26.0,22.0,19.0,28.0,27.0,20.0,30.0
31.0,30.0,36.0,21.0,34.0,28.0,33.0,30.0,34.0,46.0,33.0,22.0,32.0,25.0,33.0,31.0,35.0,29.0,33.0,30.0,28.0,37.0,34.0,30.0,24.0,28.0,27.0,37.0,25.0,29.0,34.0,38.0,29.0,33.0,28.0,37.0,27.0,33.0,40.0,34.0,29.0,20.0,33.0,25.0,27.0,26.0,39.0,35.0,38.0,30.0
25.0,32.0,28.0,34.0,30.0,27.0,33.0,24.0,22.0,28.0,27.0,22.0,21.0,24.0,32.0,34.0,39.0,28.0,27.0,21.0,31.0,28.0,22.0,26.0,37.0,19.0,21.0,24.0,24.0,30.0,37.0,31.0,33.0,40.0,31.0,36.0,38.0,36.0,32.0,25.0,27.0,37.0,38.0,25.0,30.0,27.0,30.0,28.0,30.0,26.0
34.0,28.0,36.0,27.0,32.0,37.0,32.0,46.0,36.0,29.0,37.0,39.0,33.0,29.0,35.0,35.0,42.0,28.0,25.0,27.0,42.0,34.0,35.0,37.0,28.0,34.0,38.0,27.0,26.0,35.0,32.0,23.0,31.0,25.0,31.0,23.0,34.0,35.0,25.0,31.0,35.0,20.0,36.0,31.0,25.0,32.0,28.0,41.0,21.0,27.0
25.0,24.0,35.0,29.0,45.0,25.0,25.0,35.0,37.0,40.0,40.0,22.0,28.0,47.0,38.0,26.0,44.0,28.0,31.0,40.0,35.0,38.0,38.0,30.0,35.0,37.0,44.0,36.0,30.0,36.0,29.0,36.0,34.0,27.0,24.0,31.0,29.0,30.0,42.0,31.0,26.0,29.0,29.0,37.0,35.0,22.0,36.0,34.0,27.0,27.0
23.0,27.0,18.0,28.0,27.0,16.0,20.0,26.0,33.0,26.0,22.0,27.0,27.0,19.0,23.0,34.0,34.0,23.0,26.0,26.0,41.0,25.0,20.0,28.0,19.0,31.0,20.0,29.0,26.0,23.0,20.0,29.0,31.0,23.0,19.0,21.0,40.0,29.0,26.0,20.0,18.0,29.0,34.0,21.0,32.0,26.0,20.0,22.0,19.0,27.0
37.0,38.0,33.0,29.0,36.0,31.0,24.0,31.0,36.0,32.0,45.0,25.0,32.0,26.0,38.0,37.0,43.0,36.0,40.0,41.0,41.0,33.0,24.0,35.0,53.0,38.0,45.0,18.0,32.0,37.0,48.0,31.0,46.0,46.0,29.0,37.0,34.0,44.0,42.0,38.0,32.0,33.0,38.0,49.0,39.0,31.0,31.0,35.0,43.0,37.0
44.0,28.0,27.0,32.0,35.0,29.0,28.0,37.0,31.0,41.0,32.0,34.0,27.0,25.0,24.0,34.0,26.0,32.0,21.0,33.0,34.0,35.0,39.0,26.0,30.0,30.0,43.0,28.0,28.0,36.0,30.0,32.0,34.0,32.0,42.0,41.0,26.0,36.0,35.0,26.0,35.0,28.0,40.0,37.0,28.0,24.0,35.0,33.0,35.0,32.0
