10,50,1000
16.083862,19.856914,17.640416,19.71099,17.877968,15.329639,16.195653,18.350947,18.755982,17.122125
7.574823,9.871714,7.534454,7.603362,6.978971,7.725603,5.835908,8.380387,9.975582,7.42817
0.0,10.0,20.0,30.0,40.0,50.0,60.0,70.0,80.0,90.0
10.0,0.0,10.0,20.0,30.0,40.0,50.0,60.0,70.0,80.0
20.0,10.0,0.0,10.0,20.0,30.0,40.0,50.0,60.0,70.0
30.0,20.0,10.0,0.0,10.0,20.0,30.0,40.0,50.0,60.0
40.0,30.0,20.0,10.0,0.0,10.0,20.0,30.0,40.0,50.0
50.0,40.0,30.0,20.0,10.0,0.0,10.0,20.0,30.0,40.0
60.0,50.0,40.0,30.0,20.0,10.0,0.0,10.0,20.0,30.0
70.0,60.0,50.0,40.0,30.0,20.0,10.0,0.0,10.0,20.0
80.0,70.0,60.0,50.0,40.0,30.0,20.0,10.0,0.0,10.0
90.0,80.0,70.0,60.0,50.0,40.0,30.0,20.0,10.0,0.0
450.0,400.0,350.0,300.0,250.0,250.0,300.0,350.0,400.0,450.0
0.0,1.0,2.0,3.0,4.0,5.0,6.0,7.0,8.0,9.0
1.0,0.0,1.0,2.0,3.0,4.0,5.0,6.0,7.0,8.0
2.0,1.0,0.0,1.0,2.0,3.0,4.0,5.0,6.0,7.0
3.0,2.0,1.0,0.0,1.0,2.0,3.0,4.0,5.0,6.0
4.0,3.0,2.0,1.0,0.0,1.0,2.0,3.0,4.0,5.0
5.0,4.0,3.0,2.0,1.0,0.0,1.0,2.0,3.0,4.0
6.0,5.0,4.0,3.0,2.0,1.0,0.0,1.0,2.0,3.0
7.0,6.0,5.0,4.0,3.0,2.0,1.0,0.0,1.0,2.0
8.0,7.0,6.0,5.0,4.0,3.0,2.0,1.0,0.0,1.0
9.0,8.0,7.0,6.0,5.0,4.0,3.0,2.0,1.0,0.0
45.0,40.0,35.0,30.0,25.0,25.0,30.0,35.0,40.0,45.0
22.0,19.0,35.0,38.0,42.0,27.0,24.0,24.0,39.0,32.0,18.0,29.0,40.0,27.0,24.0,32.0,26.0,40.0,33.0,36.0,40.0,22.0,34.0,29.0,36.0,25.0,27.0,23.0,22.0,39.0,23.0,32.0,20.0,38.0,26.0,24.0,24.0,23.0,41.0,25.0,30.0,28.0,24.0,28.0,29.0,34.0,32.0,28.0,27.0,31.0
31.0,37.0,33.0,35.0,40.0,34.0,27.0,42.0,25.0,29.0,51.0,32.0,38.0,38.0,33.0,41.0,36.0,36.0,38.0,35.0,47.0,45.0,35.0,27.0,36.0,31.0,33.0,33.0,32.0,39.0,41.0,42.0,37.0,28.0,29.0,48.0,44.0,39.0,40.0,34.0,35.0,36.0,42.0,26.0,52.0,39.0,42.0,47.0,36.0,34.0
28.0,23.0,31.0,32.0,23.0,34.0,32.0,31.0,18.0,34.0,31.0,24.0,33.0,29.0,32.0,36.0,23.0,29.0,39.0,25.0,30.0,16.0,19.0,25.0,20.0,27.0,29.0,38.0,22.0,30.0,31.0,28.0,30.0,31.0,31.0,26.0,30.0,18.0,33.0,31.0,26.0,35.0,17.0,37.0,29.0,21.0,25.0,25.0,31.0,27.0
37.0,22.0,40.0,21.0,33.0,29.0,35.0,24.0,19.0,31.0,21.0,26.0,27.0,32.0,27.0,28.0,19.0,25.0,26.0,25.0,35.0,36.0,28.0,30.0,31.0,27.0,28.0,36.0,27.0,24.0,30.0,27.0,38.0,29.0,40.0,43.0,42.0,29.0,32.0,31.0,30.0,29.0,23.0,30.0,30.0,24.0,25.0,39.0,32.0,39.0
23.0,23.0,18.0,30.0,31.0,17.0,30.0,19.0,26.0,23.0,30.0,36.0,27.0,23.0,23.0,26.0,25.0,23.0,27.0,18.0,19.0,25.0,33.0,30.0,24.0,30.0,36.0,28.0,22.0,29.0,45.0,20.0,25.0,32.0,22.0,27.0,12.0,37.0,23.0,26.0,16.0,28.0,29.0,26.0,32.0,23.0,32.0,30.0,23.0,31.0
43.0,25.0,38.0,40.0,33.0,32.0,29.0,31.0,26.0,28.0,27.0,32.0,29.0,30.0,32.0,26.0,30.0,20.0,38.0,24.0,34.0,35.0,34.0,32.0,31.0,24.0,20.0,27.0,32.0,37.0,44.0,28.0,41.0,23.0,35.0,32.0,33.0,27.0,31.0,32.0,33.0,28.0,32.0,34.0,27.0,30.0,37.0,22.0,29.0,21.0
24.0,25.0,25.0,27.0,30.0,24.0,29.0,17.0,18.0,23.0,11.0,21.0,21.0,23.0,24.0,34.0,30.0,21.0,21.0,15.0,15.0,22.0,26.0,18.0,22.0,24.0,21.0,28.0,16.0,21.0,26.0,26.0,24.0,18.0,18.0,27.0,26.0,27.0,25.0,27.0,25.0,11.0,25.0,19.0,27.0,15.0,19.0,16.0,23.0,17.0
29.0,29.0,36.0,33.0,31.0,33.0,17.0,39.0,37.0,47.0,26.0,21.0,32.0,36.0,26.0,24.0,29.0,35.0,33.0,35.0,31.0,33.0,35.0,23.0,25.0,35.0,29.0,35.0,30.0,32.0,27.0,37.0,33.0,35.0,37.0,37.0,30.0,40.0,33.0,42.0,29.0,25.0,35.0,33.0,39.0,27.0,32.0,25.0,24.0,25.0
49.0,37.0,35.0,25.0,39.0,34.0,37.0,32.0,36.0,22.0,39.0,35.0,39.0,40.0,34.0,41.0,48.0,31.0,28.0,38.0,44.0,42.0,39.0,38.0,40.0,40.0,36.0,40.0,28.0,38.0,38.0,35.0,39.0,26.0,33.0,38.0,35.0,40.0,33.0,47.0,38.0,37.0,29.0,32.0,44.0,37.0,38.0,30.0,38.0,42.0
25.0,38.0,23.0,14.0,26.0,23.0,20.0,29.0,28.0,17.0,26.0,33.0,31.0,19.0,25.0,26.0,19.0,21.0,31.0,26.0,16.0,17.0,35.0,40.0,22.0,25.0,26.0,20.0,25.0,36.0,26.0,24.0,29.0,29.0,26.0,29.0,29.0,39.0,30.0,22.0,34.0,27.0,23.0,31.0,28.0,38.0,24.0,31.0,26.0,35.0
