10,50,1000
16.169804,18.417394,19.775519,17.21888,18.270628,17.864978,17.335088,18.798495,15.231244,17.668314
9.095814,9.888989,7.436061,6.782465,5.361871,8.148934,8.787869,7.100359,9.115292,8.093532
0.0,10.0,20.0,30.0,40.0,50.0,60.0,70.0,80.0,90.0
10.0,0.0,10.0,20.0,30.0,40.0,50.0,60.0,70.0,80.0
20.0,10.0,0.0,10.0,20.0,30.0,40.0,50.0,60.0,70.0
30.0,20.0,10.0,0.0,10.0,20.0,30.0,40.0,50.0,60.0
40.0,30.0,20.0,10.0,0.0,10.0,20.0,30.0,40.0,50.0
50.0,40.0,30.0,20.0,10.0,0.0,10.0,20.0,30.0,40.0
60.0,50.0,40.0,30.0,20.0,10.0,0.0,10.0,20.0,30.0
70.0,60.0,50.0,40.0,30.0,20.0,10.0,0.0,10.0,20.0
80.0,70.0,60.0,50.0,40.0,30.0,20.0,10.0,0.0,10.0
90.0,80.0,70.0,60.0,50.0,40.0,30.0,20.0,10.0,0.0
450.0,400.0,350.0,300.0,250.0,250.0,300.0,350.0,400.0,450.0
0.0,1.0,2.0,3.0,4.0,5.0,6.0,7.0,8.0,9.0
1.0,0.0,1.0,2.0,3.0,4.0,5.0,6.0,7.0,8.0
2.0,1.0,0.0,1.0,2.0,3.0,4.0,5.0,6.0,7.0
3.0,2.0,1.0,0.0,1.0,2.0,3.0,4.0,5.0,6.0
4.0,3.0,2.0,1.0,0.0,1.0,2.0,3.0,4.0,5.0
5.0,4.0,3.0,2.0,1.0,0.0,1.0,2.0,3.0,4.0
6.0,5.0,4.0,3.0,2.0,1.0,0.0,1.0,2.0,3.0
7.0,6.0,5.0,4.0,3.0,2.0,1.0,0.0,1.0,2.0
8.0,7.0,6.0,5.0,4.0,3.0,2.0,1.0,0.0,1.0
9.0,8.0,7.0,6.0,5.0,4.0,3.0,2.0,1.0,0.0
45.0,40.0,35.0,30.0,25.0,25.0,30.0,35.0,40.0,45.0
31.0,32.0,37.0,35.0,44.0,37.0,32.0,23.0,38.0,25.0,31.0,41.0,31.0,35.0,32.0,29.0,33.0,33.0,29.0,35.0,31.0,34.0,32.0,34.0,34.0,41.0,40.0,39.0,30.0,43.0,36.0,33.0,39.0,22.0,29.0,34.0,36.0,35.0,28.0,47.0,42.0,34.0,28.0,25.0,28.0,34.0,31.0,25.0,32.0,31.0
39.0,44.0,30.0,31.0,32.0,39.0,43.0,35.0,41.0,40.0,29.0,41.0,22.0,35.0,39.0,29.0,41.0,34.0,45.0,32.0,34.0,36.0,33.0,26.0,42.0,49.0,38.0,41.0,46.0,27.0,38.0,59.0,31.0,37.0,37.0,37.0,45.0,31.0,40.0,28.0,40.0,46.0,38.0,28.0,37.0,38.0,34.0,29.0,39.0,34.0
33.0,38.0,27.0,31.0,30.0,30.0,37.0,32.0,28.0,29.0,28.0,25.0,36.0,23.0,37.0,26.0,30.0,32.0,32.0,40.0,31.0,36.0,37.0,28.0,31.0,31.0,25.0,24.0,39.0,28.0,28.0,40.0,26.0,28.0,38.0,22.0,24.0,26.0,30.0,25.0,20.0,34.0,34.0,30.0,38.0,28.0,23.0,25.0,22.0,18.0
27.0,29.0,25.0,27.0,30.0,19.0,30.0,25.0,25.0,33.0,29.0,30.0,20.0,19.0,26.0,33.0,25.0,18.0,28.0,26.0,22.0,20.0,23.0,16.0,35.0,29.0,20.0,33.0,24.0,23.0,15.0,17.0,26.0,35.0,19.0,23.0,27.0,36.0,21.0,29.0,23.0,24.0,26.0,23.0,20.0,23.0,31.0,27.0,24.0,41.0
18.0,16.0,23.0,24.0,15.0,19.0,27.0,23.0,21.0,18.0,16.0,17.0,20.0,23.0,29.0,27.0,25.0,18.0,17.0,22.0,16.0,18.0,31.0,24.0,19.0,18.0,21.0,27.0,24.0,27.0,27.0,26.0,29.0,25.0,17.0,20.0,28.0,15.0,22.0,17.0,22.0,16.0,20.0,19.0,21.0,20.0,18.0,16.0,17.0,25.0
35.0,29.0,31.0,30.0,32.0,36.0,36.0,37.0,33.0,29.0,21.0,36.0,27.0,34.0,31.0,31.0,25.0,41.0,29.0,20.0,32.0,31.0,30.0,23.0,40.0,30.0,35.0,36.0,30.0,28.0,30.0,36.0,27.0,32.0,31.0,32.0,33.0,32.0,25.0,30.0,30.0,45.0,29.0,39.0,25.0,35.0,32.0,29.0,37.0,34.0
33.0,33.0,42.0,29.0,33.0,43.0,35.0,25.0,29.0,22.0,36.0,38.0,34.0,45.0,34.0,42.0,26.0,31.0,38.0,36.0,40.0,39.0,32.0,34.0,27.0,30.0,17.0,37.0,32.0,31.0,32.0,34.0,31.0,32.0,26.0,32.0,31.0,33.0,27.0,38.0,39.0,32.0,41.0,28.0,33.0,41.0,36.0,27.0,26.0,35.0
17.0,24.0,31.0,20.0,29.0,26.0,28.0,28.0,28.0,27.0,28.0,35.0,24.0,31.0,29.0,31.0,30.0,25.0,38.0,31.0,25.0,35.0,24.0,23.0,33.0,34.0,27.0,36.0,31.0,23.0,26.0,28.0,45.0,30.0,34.0,25.0,27.0,27.0,26.0,29.0,31.0,30.0,34.0,46.0,41.0,30.0,37.0,29.0,22.0,31.0
41.0,27.0,36.0,44.0,26.0,28.0,40.0,36.0,50.0,29.0,37.0,27.0,34.0,31.0,33.0,35.0,39.0,24.0,33.0,40.0,30.0,25.0,34.0,33.0,29.0,27.0,22.0,28.0,39.0,31.0,41.0,41.0,29.0,39.0,32.0,31.0,35.0,46.0,32.0,26.0,32.0,28.0,34.0,35.0,38.0,32.0,37.0,27.0,28.0,31.0
27.0,23.0,32.0,30.0,30.0,34.0,37.0,18.0,31.0,24.0,28.0,30.0,25.0,38.0,26.0,32.0,34.0,27.0,32.0,33.0,29.0,35.0,29.0,38.0,28.0,24.0,28.0,31.0,30.0,34.0,33.0,32.0,36.0,29.0,27.0,25.0,31.0,32.0,29.0,34.0,26.0,29.0,34.0,32.0,30.0,39.0,37.0,26.0,30.0,32.0
