10,50,1000
19.870717,16.497664,18.841677,16.881062,18.906337,17.87051,19.622981,16.786585,18.398613,16.702927
6.61413,8.267243,9.406894,9.467044,9.058208,5.863279,7.825594,9.54744,9.934568,6.195994
0.0,10.0,20.0,30.0,40.0,50.0,60.0,70.0,80.0,90.0
10.0,0.0,10.0,20.0,30.0,40.0,50.0,60.0,70.0,80.0
20.0,10.0,0.0,10.0,20.0,30.0,40.0,50.0,60.0,70.0
30.0,20.0,10.0,0.0,10.0,20.0,30.0,40.0,50.0,60.0
40.0,30.0,20.0,10.0,0.0,10.0,20.0,30.0,40.0,50.0
50.0,40.0,30.0,20.0,10.0,0.0,10.0,20.0,30.0,40.0
60.0,50.0,40.0,30.0,20.0,10.0,0.0,10.0,20.0,30.0
70.0,60.0,50.0,40.0,30.0,20.0,10.0,0.0,10.0,20.0
80.0,70.0,60.0,50.0,40.0,30.0,20.0,10.0,0.0,10.0
90.0,80.0,70.0,60.0,50.0,40.0,30.0,20.0,10.0,0.0
450.0,400.0,350.0,300.0,250.0,250.0,300.0,350.0,400.0,450.0
0.0,1.0,2.0,3.0,4.0,5.0,6.0,7.0,8.0,9.0
1.0,0.0,1.0,2.0,3.0,4.0,5.0,6.0,7.0,8.0
2.0,1.0,0.0,1.0,2.0,3.0,4.0,5.0,6.0,7.0
3.0,2.0,1.0,0.0,1.0,2.0,3.0,4.0,5.0,6.0
4.0,3.0,2.0,1.0,0.0,1.0,2.0,3.0,4.0,5.0
5.0,4.0,3.0,2.0,1.0,0.0,1.0,2.0,3.0,4.0
6.0,5.0,4.0,3.0,2.0,1.0,0.0,1.0,2.0,3.0
7.0,6.0,5.0,4.0,3.0,2.0,1.0,0.0,1.0,2.0
8.0,7.0,6.0,5.0,4.0,3.0,2.0,1.0,0.0,1.0
9.0,8.0,7.0,6.0,5.0,4.0,3.0,2.0,1.0,0.0
45.0,40.0,35.0,30.0,25.0,25.0,30.0,35.0,40.0,45.0
28.0,28.0,34.0,33.0,17.0,33.0,30.0,25.0,23.0,29.0,23.0,32.0,33.0,27.0,36.0,34.0,22.0,27.0,21.0,31.0,26.0,21.0,30.0,28.0,30.0,31.0,28.0,34.0,24.0,27.0,23.0,34.0,28.0,29.0,21.0,25.0,27.0,34.0,31.0,22.0,25.0,31.0,24.0,28.0,25.0,25.0,29.0,34.0,25.0,39.0
42.0,30.0,26.0,27.0,28.0,36.0,33.0,30.0,41.0,27.0,28.0,23.0,26.0,33.0,25.0,36.0,20.0,25.0,35.0,20.0,35.0,35.0,34.0,20.0,24.0,21.0,39.0,26.0,29.0,35.0,27.0,36.0,27.0,35.0,29.0,32.0,36.0,29.0,27.0,29.0,36.0,23.0,27.0,33.0,37.0,32.0,36.0,31.0,31.0,30.0
38.0,37.0,39.0,38.0,30.0,40.0,34.0,31.0,35.0,34.0,28.0,30.0,47.0,32.0,33.0,35.0,34.0,33.0,39.0,27.0,41.0,34.0,32.0,29.0,33.0,34.0,32.0,42.0,41.0,34.0,25.0,46.0,21.0,30.0,34.0,27.0,33.0,35.0,39.0,36.0,19.0,21.0,38.0,31.0,33.0,26.0,33.0,34.0,26.0,43.0
43.0,35.0,35.0,30.0,48.0,37.0,42.0,29.0,33.0,42.0,41.0,28.0,28.0,31.0,37.0,24.0,32.0,26.0,39.0,29.0,48.0,43.0,44.0,40.0,51.0,38.0,47.0,37.0,32.0,32.0,43.0,39.0,31.0,40.0,29.0,33.0,36.0,29.0,36.0,35.0,41.0,31.0,31.0,43.0,33.0,45.0,31.0,35.0,31.0,28.0
35.0,35.0,45.0,39.0,42.0,35.0,23.0,37.0,39.0,40.0,40.0,41.0,22.0,34.0,32.0,45.0,45.0,28.0,42.0,22.0,22.0,41.0,36.0,36.0,29.0,23.0,44.0,24.0,27.0,34.0,36.0,35.0,31.0,30.0,38.0,37.0,40.0,33.0,32.0,30.0,45.0,33.0,21.0,47.0,39.0,37.0,27.0,33.0,23.0,31.0
40.0,30.0,30.0,24.0,23.0,21.0,21.0,24.0,25.0,17.0,22.0,24.0,19.0,22.0,18.0,19.0,20.0,27.0,22.0,22.0,22.0,28.0,23.0,25.0,29.0,34.0,26.0,23.0,28.0,24.0,29.0,29.0,21.0,26.0,34.0,28.0,38.0,26.0,26.0,30.0,19.0,17.0,26.0,26.0,25.0,33.0,15.0,28.0,25.0,27.0
38.0,26.0,24.0,26.0,37.0,27.0,23.0,18.0,30.0,32.0,27.0,37.0,31.0,30.0,27.0,21.0,32.0,23.0,25.0,21.0,41.0,25.0,35.0,30.0,23.0,23.0,32.0,32.0,30.0,31.0,41.0,27.0,37.0,33.0,26.0,35.0,27.0,32.0,24.0,28.0,36.0,27.0,29.0,38.0,28.0,34.0,34.0,33.0,34.0,20.0
37.0,28.0,32.0,33.0,32.0,41.0,37.0,34.0,22.0,35.0,40.0,38.0,47.0,47.0,40.0,38.0,51.0,35.0,39.0,34.0,41.0,33.0,25.0,30.0,33.0,43.0,42.0,34.0,39.0,40.0,26.0,38.0,35.0,26.0,32.0,26.0,32.0,30.0,37.0,36.0,40.0,30.0,29.0,28.0,37.0,32.0,39.0,28.0,38.0,33.0
33.0,44.0,36.0,36.0,33.0,40.0,39.0,29.0,38.0,36.0,33.0,29.0,38.0,32.0,37.0,25.0,42.0,41.0,35.0,45.0,36.0,31.0,32.0,33.0,39.0,33.0,40.0,49.0,47.0,50.0,36.0,37.0,27.0,33.0,42.0,35.0,21.0,32.0,25.0,37.0,41.0,37.0,48.0,45.0,32.0,36.0,34.0,35.0,32.0,38.0
24.0,24.0,22.0,25.0,20.0,30.0,28.0,17.0,21.0,21.0,28.0,17.0,15.0,15.0,18.0,24.0,22.0,22.0,18.0,23.0,23.0,29.0,28.0,21.0,27.0,20.0,26.0,29.0,23.0,32.0,17.0,20.0,26.0,20.0,27.0,17.0,20.0,23.0,17.0,29.0,27.0,24.0,24.0,25.0,19.0,31.0,35.0,27.0,25.0,15.0
