10,50,1000
18.929064,19.022648,18.264185,16.771966,16.548228,18.769307,19.007864,15.362041,16.950396,17.179256
8.526358,5.483108,6.211697,9.010534,5.661013,9.433727,6.278862,7.860018,6.239894,9.310294
0.0,10.0,20.0,30.0,40.0,50.0,60.0,70.0,80.0,90.0
10.0,0.0,10.0,20.0,30.0,40.0,50.0,60.0,70.0,80.0
20.0,10.0,0.0,10.0,20.0,30.0,40.0,50.0,60.0,70.0
30.0,20.0,10.0,0.0,10.0,20.0,30.0,40.0,50.0,60.0
40.0,30.0,20.0,10.0,0.0,10.0,20.0,30.0,40.0,50.0
50.0,40.0,30.0,20.0,10.0,0.0,10.0,20.0,30.0,40.0
60.0,50.0,40.0,30.0,20.0,10.0,0.0,10.0,20.0,30.0
70.0,60.0,50.0,40.0,30.0,20.0,10.0,0.0,10.0,20.0
80.0,70.0,60.0,50.0,40.0,30.0,20.0,10.0,0.0,10.0
90.0,80.0,70.0,60.0,50.0,40.0,30.0,20.0,10.0,0.0
450.0,400.0,350.0,300.0,250.0,250.0,300.0,350.0,400.0,450.0
0.0,1.0,2.0,3.0,4.0,5.0,6.0,7.0,8.0,9.0
1.0,0.0,1.0,2.0,3.0,4.0,5.0,6.0,7.0,8.0
2.0,1.0,0.0,1.0,2.0,3.0,4.0,5.0,6.0,7.0
3.0,2.0,1.0,0.0,1.0,2.0,3.0,4.0,5.0,6.0
4.0,3.0,2.0,1.0,0.0,1.0,2.0,3.0,4.0,5.0
5.0,4.0,3.0,2.0,1.0,0.0,1.0,2.0,3.0,4.0
6.0,5.0,4.0,3.0,2.0,1.0,0.0,1.0,2.0,3.0
7.0,6.0,5.0,4.0,3.0,2.0,1.0,0.0,1.0,2.0
8.0,7.0,6.0,5.0,4.0,3.0,2.0,1.0,0.0,1.0
9.0,8.0,7.0,6.0,5.0,4.0,3.0,2.0,1.0,0.0
45.0,40.0,35.0,30.0,25.0,25.0,30.0,35.0,40.0,45.0
23.0,21.0,36.0,32.0,29.0,28.0,28.0,29.0,32.0,33.0,25.0,32.0,36.0,27.0,32.0,37.0,31.0,28.0,13.0,32.0,33.0,30.0,32.0,40.0,29.0,37.0,23.0,31.0,37.0,31.0,27.0,31.0,37.0,31.0,37.0,26.0,28.0,39.0,42.0,34.0,26.0,34.0,32.0,33.0,34.0,23.0,38.0,27.0,34.0,33.0
28.0,26.0,18.0,22.0,27.0,18.0,33.0,21.0,22.0,23.0,24.0,24.0,30.0,24.0,24.0,28.0,24.0,20.0,27.0,30.0,18.0,25.0,29.0,22.0,23.0,21.0,28.0,23.0,20.0,23.0,26.0,18.0,26.0,32.0,19.0,28.0,23.0,27.0,37.0,18.0,31.0,23.0,25.0,17.0,22.0,14.0,18.0,30.0,25.0,17.0
25.0,28.0,30.0,26.0,24.0,17.0,24.0,27.0,20.0,23.0,30.0,24.0,31.0,19.0,38.0,25.0,26.0,32.0,19.0,28.0,29.0,19.0,29.0,16.0,28.0,22.0,17.0,26.0,22.0,30.0,25.0,16.0,23.0,26.0,30.0,17.0,29.0,32.0,27.0,23.0,22.0,25.0,22.0,21.0,17.0,26.0,21.0,27.0,20.0,22.0
33.0,37.0,32.0,41.0,26.0,33.0,26.0,29.0,54.0,35.0,37.0,25.0,35.0,23.0,26.0,31.0,28.0,36.0,28.0,38.0,31.0,34.0,41.0,27.0,33.0,30.0,36.0,30.0,31.0,21.0,35.0,35.0,37.0,27.0,39.0,45.0,34.0,35.0,45.0,41.0,38.0,34.0,35.0,28.0,36.0,37.0,35.0,38.0,40.0,42.0
19.0,20.0,29.0,27.0,24.0,21.0,21.0,22.0,27.0,25.0,24.0,24.0,20.0,22.0,18.0,25.0,18.0,26.0,26.0,23.0,26.0,22.0,24.0,28.0,15.0,16.0,25.0,28.0,20.0,31.0,22.0,22.0,20.0,29.0,29.0,23.0,24.0,24.0,30.0,20.0,21.0,21.0,25.0,25.0,24.0,22.0,17.0,26.0,19.0,20.0
35.0,31.0,50.0,28.0,21.0,27.0,31.0,34.0,33.0,38.0,30.0,40.0,30.0,31.0,29.0,34.0,32.0,39.0,34.0,41.0,37.0,30.0,38.0,33.0,29.0,29.0,34.0,33.0,32.0,39.0,33.0,26.0,41.0,39.0,39.0,32.0,23.0,34.0,41.0,29.0,35.0,33.0,29.0,32.0,35.0,27.0,24.0,31.0,32.0,35.0
35.0,21.0,23.0,23.0,26.0,25.0,24.0,33.0,21.0,20.0,18.0,25.0,26.0,30.0,23.0,25.0,21.0,20.0,20.0,18.0,23.0,19.0,34.0,29.0,20.0,27.0,29.0,21.0,34.0,34.0,24.0,27.0,27.0,28.0,23.0,21.0,23.0,29.0,23.0,25.0,23.0,25.0,23.0,20.0,20.0,19.0,26.0,23.0,27.0,22.0
29.0,27.0,30.0,25.0,26.0,34.0,25.0,24.0,24.0,27.0,34.0,26.0,28.0,29.0,31.0,26.0,31.0,29.0,27.0,37.0,30.0,27.0,24.0,30.0,29.0,27.0,22.0,32.0,21.0,29.0,32.0,27.0,30.0,34.0,19.0,30.0,29.0,34.0,29.0,31.0,34.0,26.0,34.0,21.0,29.0,32.0,31.0,32.0,35.0,29.0
26.0,21.0,27.0,28.0,23.0,31.0,25.0,27.0,31.0,18.0,30.0,20.0,26.0,28.0,39.0,17.0,24.0,23.0,28.0,24.0,28.0,17.0,18.0,32.0,33.0,39.0,27.0,27.0,23.0,20.0,34.0,34.0,35.0,33.0,22.0,25.0,30.0,13.0,28.0,24.0,26.0,22.0,27.0,23.0,20.0,36.0,19.0,27.0,15.0,24.0
37.0,29.0,27.0,31.0,40.0,29.0,21.0,38.0,28.0,30.0,31.0,28.0,35.0,34.0,32.0,25.0,28.0,38.0,37.0,32.0,41.0,37.0,40.0,33.0,32.0,32.0,39.0,34.0,31.0,42.0,36.0,43.0,26.0,25.0,38.0,28.0,37.0,33.0,32.0,36.0,29.0,35.0,38.0,30.0,43.0,26.0,26.0,50.0,31.0,37.0
