10,50,1000
16.377195,19.147898,15.733715,19.946791,16.773751,19.008721,16.326744,18.252711,18.626187,17.469282
7.753457,8.714864,6.326695,7.459795,8.322315,7.016832,6.600927,5.097395,8.745772,8.4362
0.0,10.0,20.0,30.0,40.0,50.0,60.0,70.0,80.0,90.0
10.0,0.0,10.0,20.0,30.0,40.0,50.0,60.0,70.0,80.0
20.0,10.0,0.0,10.0,20.0,30.0,40.0,50.0,60.0,70.0
30.0,20.0,10.0,0.0,10.0,20.0,30.0,40.0,50.0,60.0
40.0,30.0,20.0,10.0,0.0,10.0,20.0,30.0,40.0,50.0
50.0,40.0,30.0,20.0,10.0,0.0,10.0,20.0,30.0,40.0
60.0,50.0,40.0,30.0,20.0,10.0,0.0,10.0,20.0,30.0
70.0,60.0,50.0,40.0,30.0,20.0,10.0,0.0,10.0,20.0
80.0,70.0,60.0,50.0,40.0,30.0,20.0,10.0,0.0,10.0
90.0,80.0,70.0,60.0,50.0,40.0,30.0,20.0,10.0,0.0
450.0,400.0,350.0,300.0,250.0,250.0,300.0,350.0,400.0,450.0
0.0,1.0,2.0,3.0,4.0,5.0,6.0,7.0,8.0,9.0
1.0,0.0,1.0,2.0,3.0,4.0,5.0,6.0,7.0,8.0
2.0,1.0,0.0,1.0,2.0,3.0,4.0,5.0,6.0,7.0
3.0,2.0,1.0,0.0,1.0,2.0,3.0,4.0,5.0,6.0
4.0,3.0,2.0,1.0,0.0,1.0,2.0,3.0,4.0,5.0
5.0,4.0,3.0,2.0,1.0,0.0,1.0,2.0,3.0,4.0
6.0,5.0,4.0,3.0,2.0,1.0,0.0,1.0,2.0,3.0
7.0,6.0,5.0,4.0,3.0,2.0,1.0,0.0,1.0,2.0
8.0,7.0,6.0,5.0,4.0,3.0,2.0,1.0,0.0,1.0
9.0,8.0,7.0,6.0,5.0,4.0,3.0,2.0,1.0,0.0
45.0,40.0,35.0,30.0,25.0,25.0,30.0,35.0,40.0,45.0
27.0,28.0,28.0,38.0,24.0,25.0,27.0,30.0,29.0,17.0,23.0,30.0,32.0,25.0,25.0,40.0,32.0,28.0,32.0,22.0,19.0,29.0,36.0,23.0,39.0,18.0,25.0,30.0,27.0,34.0,31.0,29.0,28.0,25.0,36.0,29.0,25.0,24.0,22.0,35.0,26.0,33.0,23.0,34.0,34.0,34.0,31.0,28.0,26.0,35.0
37.0,31.0,34.0,38.0,36.0,36.0,36.0,23.0,34.0,21.0,32.0,24.0,40.0,37.0,25.0,36.0,31.0,35.0,38.0,24.0,35.0,34.0,36.0,32.0,36.0,30.0,41.0,28.0,36.0,41.0,26.0,32.0,36.0,42.0,32.0,29.0,34.0,37.0,41.0,37.0,24.0,35.0,28.0,29.0,31.0,37.0,26.0,26.0,46.0,37.0
22.0,21.0,33.0,29.0,24.0,21.0,22.0,26.0,23.0,28.0,31.0,22.0,27.0,22.0,20.0,26.0,19.0,13.0,18.0,30.0,15.0,17.0,15.0,23.0,26.0,29.0,16.0,17.0,23.0,26.0,23.0,31.0,30.0,19.0,24.0,28.0,26.0,30.0,28.0,31.0,20.0,29.0,18.0,24.0,26.0,29.0,23.0,21.0,26.0,24.0
38.0,20.0,28.0,38.0,35.0,34.0,28.0,36.0,30.0,27.0,25.0,24.0,23.0,27.0,26.0,36.0,27.0,29.0,37.0,28.0,29.0,32.0,23.0,26.0,27.0,32.0,29.0,27.0,28.0,24.0,26.0,25.0,30.0,31.0,20.0,27.0,29.0,20.0,35.0,37.0,35.0,36.0,38.0,24.0,28.0,29.0,25.0,33.0,28.0,34.0
34.0,38.0,35.0,31.0,32.0,45.0,25.0,29.0,33.0,25.0,45.0,30.0,34.0,26.0,27.0,40.0,34.0,21.0,32.0,30.0,40.0,34.0,29.0,36.0,32.0,33.0,34.0,25.0,20.0,26.0,32.0,30.0,44.0,26.0,29.0,38.0,25.0,33.0,29.0,30.0,33.0,48.0,22.0,30.0,39.0,31.0,31.0,39.0,37.0,42.0
27.0,37.0,36.0,31.0,37.0,34.0,22.0,29.0,21.0,16.0,31.0,28.0,37.0,30.0,30.0,35.0,27.0,35.0,36.0,29.0,34.0,35.0,29.0,32.0,35.0,34.0,34.0,41.0,28.0,19.0,31.0,28.0,33.0,31.0,34.0,26.0,24.0,19.0,39.0,25.0,39.0,27.0,26.0,25.0,30.0,24.0,28.0,31.0,31.0,31.0
22.0,27.0,29.0,27.0,32.0,27.0,21.0,22.0,30.0,29.0,25.0,18.0,29.0,31.0,37.0,27.0,32.0,26.0,29.0,28.0,27.0,32.0,21.0,17.0,25.0,18.0,22.0,21.0,27.0,32.0,32.0,26.0,23.0,21.0,26.0,28.0,21.0,17.0,23.0,34.0,23.0,22.0,21.0,23.0,21.0,13.0,24.0,23.0,32.0,32.0
15.0,16.0,16.0,18.0,19.0,14.0,24.0,20.0,19.0,26.0,21.0,14.0,18.0,20.0,19.0,18.0,19.0,17.0,22.0,18.0,26.0,12.0,24.0,26.0,29.0,20.0,15.0,20.0,17.0,19.0,17.0,23.0,22.0,25.0,13.0,15.0,19.0,29.0,16.0,14.0,27.0,14.0,18.0,29.0,26.0,20.0,17.0,22.0,14.0,24.0
30.0,31.0,33.0,33.0,29.0,25.0,32.0,27.0,21.0,38.0,28.0,32.0,45.0,23.0,40.0,31.0,37.0,32.0,32.0,36.0,36.0,24.0,31.0,42.0,42.0,36.0,26.0,41.0,36.0,30.0,43.0,33.0,30.0,34.0,26.0,32.0,40.0,39.0,35.0,35.0,25.0,39.0,32.0,29.0,35.0,40.0,36.0,37.0,32.0,39.0
30.0,29.0,29.0,34.0,26.0,33.0,32.0,31.0,33.0,24.0,20.0,37.0,48.0,27.0,32.0,30.0,26.0,30.0,28.0,31.0,25.0,23.0,44.0,35.0,34.0,31.0,40.0,25.0,38.0,28.0,31.0,33.0,29.0,36.0,33.0,33.0,34.0,30.0,39.0,34.0,22.0,32.0,35.0,30.0,38.0,37.0,29.0,32.0,31.0,32.0
