10,50,1000
18.357088,19.936457,19.594825,16.032196,16.306941,16.441508,15.133873,17.62467,19.359358,16.134923
9.558904,6.43313,7.770806,9.295584,6.896376,5.94101,5.796629,6.302364,9.178743,6.057102
0.0,10.0,20.0,30.0,40.0,50.0,60.0,70.0,80.0,90.0
10.0,0.0,10.0,20.0,30.0,40.0,50.0,60.0,70.0,80.0
20.0,10.0,0.0,10.0,20.0,30.0,40.0,50.0,60.0,70.0
30.0,20.0,10.0,0.0,10.0,20.0,30.0,40.0,50.0,60.0
40.0,30.0,20.0,10.0,0.0,10.0,20.0,30.0,40.0,50.0
50.0,40.0,30.0,20.0,10.0,0.0,10.0,20.0,30.0,40.0
60.0,50.0,40.0,30.0,20.0,10.0,0.0,10.0,20.0,30.0
70.0,60.0,50.0,40.0,30.0,20.0,10.0,0.0,10.0,20.0
80.0,70.0,60.0,50.0,40.0,30.0,20.0,10.0,0.0,10.0
90.0,80.0,70.0,60.0,50.0,40.0,30.0,20.0,10.0,0.0
450.0,400.0,350.0,300.0,250.0,250.0,300.0,350.0,400.0,450.0
0.0,1.0,2.0,3.0,4.0,5.0,6.0,7.0,8.0,9.0
1.0,0.0,1.0,2.0,3.0,4.0,5.0,6.0,7.0,8.0
2.0,1.0,0.0,1.0,2.0,3.0,4.0,5.0,6.0,7.0
3.0,2.0,1.0,0.0,1.0,2.0,3.0,4.0,5.0,6.0
4.0,3.0,2.0,1.0,0.0,1.0,2.0,3.0,4.0,5.0
5.0,4.0,3.0,2.0,1.0,0.0,1.0,2.0,3.0,4.0
6.0,5.0,4.0,3.0,2.0,1.0,0.0,1.0,2.0,3.0
7.0,6.0,5.0,4.0,3.0,2.0,1.0,0.0,1.0,2.0
8.0,7.0,6.0,5.0,4.0,3.0,2.0,1.0,0.0,1.0
9.0,8.0,7.0,6.0,5.0,4.0,3.0,2.0,1.0,0.0
45.0,40.0,35.0,30.0,25.0,25.0,30.0,35.0,40.0,45.0
34.0,31.0,35.0,35.0,48.0,43.0,38.0,39.0,24.0,34.0,37.0,53.0,37.0,38.0,34.0,21.0,30.0,38.0,31.0,44.0,34.0,27.0,36.0,40.0,36.0,33.0,31.0,48.0,39.0,38.0,45.0,40.0,27.0,40.0,45.0,41.0,36.0,27.0,34.0,39.0,35.0,38.0,44.0,27.0,23.0,35.0,29.0,37.0,38.0,37.0
22.0,22.0,24.0,23.0,19.0,26.0,34.0,29.0,27.0,15.0,31.0,23.0,29.0,26.0,20.0,23.0,36.0,25.0,25.0,29.0,30.0,30.0,28.0,31.0,17.0,27.0,23.0,24.0,16.0,25.0,33.0,30.0,29.0,34.0,19.0,26.0,33.0,33.0,29.0,35.0,27.0,30.0,24.0,21.0,40.0,27.0,41.0,25.0,34.0,40.0
24.0,31.0,23.0,34.0,27.0,36.0,36.0,23.0,34.0,32.0,43.0,29.0,31.0,27.0,37.0,35.0,24.0,30.0,24.0,30.0,34.0,32.0,27.0,23.0,35.0,23.0,38.0,31.0,24.0,28.0,34.0,27.0,36.0,37.0,22.0,30.0,25.0,27.0,30.0,31.0,29.0,28.0,35.0,34.0,24.0,31.0,27.0,32.0,41.0,32.0
35.0,31.0,28.0,34.0,40.0,38.0,37.0,42.0,33.0,37.0,37.0,38.0,29.0,32.0,33.0,34.0,28.0,45.0,31.0,29.0,33.0,35.0,33.0,44.0,32.0,37.0,45.0,21.0,38.0,29.0,43.0,39.0,36.0,37.0,29.0,39.0,45.0,33.0,34.0,32.0,29.0,31.0,29.0,37.0,40.0,41.0,27.0,34.0,35.0,36.0
31.0,29.0,27.0,28.0,26.0,21.0,36.0,20.0,33.0,25.0,18.0,30.0,32.0,25.0,28.0,18.0,26.0,32.0,20.0,20.0,21.0,29.0,23.0,29.0,26.0,28.0,26.0,19.0,24.0,28.0,22.0,25.0,28.0,26.0,26.0,27.0,18.0,20.0,20.0,24.0,24.0,30.0,14.0,33.0,19.0,23.0,23.0,19.0,38.0,28.0
16.0,26.0,16.0,22.0,16.0,21.0,23.0,29.0,25.0,19.0,26.0,19.0,21.0,11.0,24.0,20.0,26.0,21.0,23.0,15.0,24.0,16.0,31.0,20.0,26.0,19.0,24.0,26.0,23.0,32.0,22.0,15.0,29.0,24.0,20.0,23.0,29.0,17.0,24.0,16.0,25.0,21.0,26.0,22.0,26.0,14.0,15.0,22.0,23.0,19.0
18.0,17.0,24.0,26.0,25.0,14.0,24.0,28.0,17.0,22.0,24.0,23.0,28.0,19.0,16.0,29.0,24.0,18.0,22.0,31.0,26.0,34.0,18.0,19.0,24.0,25.0,20.0,19.0,21.0,15.0,19.0,20.0,32.0,16.0,25.0,25.0,25.0,29.0,26.0,31.0,22.0,20.0,29.0,28.0,30.0,15.0,36.0,19.0,25.0,21.0
31.0,28.0,24.0,22.0,26.0,20.0,19.0,31.0,29.0,25.0,20.0,13.0,26.0,31.0,21.0,28.0,28.0,30.0,24.0,31.0,27.0,21.0,29.0,26.0,21.0,25.0,22.0,28.0,22.0,26.0,34.0,30.0,28.0,39.0,28.0,29.0,18.0,21.0,25.0,21.0,31.0,21.0,23.0,27.0,20.0,30.0,23.0,28.0,21.0,34.0
37.0,33.0,45.0,26.0,38.0,46.0,42.0,37.0,35.0,34.0,46.0,32.0,38.0,34.0,29.0,44.0,35.0,38.0,35.0,30.0,37.0,32.0,43.0,33.0,42.0,36.0,34.0,34.0,29.0,37.0,39.0,36.0,35.0,38.0,28.0,30.0,23.0,32.0,47.0,42.0,29.0,27.0,28.0,39.0,33.0,37.0,45.0,31.0,26.0,44.0
30.0,23.0,30.0,25.0,20.0,30.0,22.0,29.0,17.0,27.0,23.0,28.0,21.0,28.0,25.0,20.0,26.0,25.0,27.0,14.0,15.0,26.0,27.0,15.0,23.0,19.0,19.0,32.0,28.0,24.0,13.0,29.0,30.0,21.0,20.0,27.0,24.0,25.0,22.0,21.0,29.0,19.0,22.0,28.0,17.0,24.0,21.0,18.0,32.0,33.0
