10,50,1000
15.873707,16.046782,15.86463,15.964369,16.592922,15.889622,17.812467,15.268691,16.416883,16.92491
8.650892,6.833117,9.679411,6.608693,5.788131,6.426674,5.503174,9.817678,9.045837,9.777756
0.0,10.0,20.0,30.0,40.0,50.0,60.0,70.0,80.0,90.0
10.0,0.0,10.0,20.0,30.0,40.0,50.0,60.0,70.0,80.0
20.0,10.0,0.0,10.0,20.0,30.0,40.0,50.0,60.0,70.0
30.0,20.0,10.0,0.0,10.0,20.0,30.0,40.0,50.0,60.0
40.0,30.0,20.0,10.0,0.0,10.0,20.0,30.0,40.0,50.0
50.0,40.0,30.0,20.0,10.0,0.0,10.0,20.0,30.0,40.0
60.0,50.0,40.0,30.0,20.0,10.0,0.0,10.0,20.0,30.0
70.0,60.0,50.0,40.0,30.0,20.0,10.0,0.0,10.0,20.0
80.0,70.0,60.0,50.0,40.0,30.0,20.0,10.0,0.0,10.0
90.0,80.0,70.0,60.0,50.0,40.0,30.0,20.0,10.0,0.0
450.0,400.0,350.0,300.0,250.0,250.0,300.0,350.0,400.0,450.0
0.0,1.0,2.0,3.0,4.0,5.0,6.0,7.0,8.0,9.0
1.0,0.0,1.0,2.0,3.0,4.0,5.0,6.0,7.0,8.0
2.0,1.0,0.0,1.0,2.0,3.0,4.0,5.0,6.0,7.0
3.0,2.0,1.0,0.0,1.0,2.0,3.0,4.0,5.0,6.0
4.0,3.0,2.0,1.0,0.0,1.0,2.0,3.0,4.0,5.0
5.0,4.0,3.0,2.0,1.0,0.0,1.0,2.0,3.0,4.0
6.0,5.0,4.0,3.0,2.0,1.0,0.0,1.0,2.0,3.0
7.0,6.0,5.0,4.0,3.0,2.0,1.0,0.0,1.0,2.0
8.0,7.0,6.0,5.0,4.0,3.0,2.0,1.0,0.0,1.0
9.0,8.0,7.0,6.0,5.0,4.0,3.0,2.0,1.0,0.0
45.0,40.0,35.0,30.0,25.0,25.0,30.0,35.0,40.0,45.0
31.0,32.0,43.0,36.0,38.0,27.0,38.0,29.0,34.0,21.0,33.0,33.0,30.0,32.0,30.0,32.0,31.0,23.0,37.0,32.0,36.0,23.0,30.0,26.0,29.0,36.0,30.0,47.0,37.0,36.0,23.0,38.0,33.0,30.0,34.0,38.0,31.0,34.0,25.0,33.0,30.0,34.0,37.0,31.0,24.0,37.0,40.0,28.0,25.0,34.0
30.0,30.0,20.0,23.0,19.0,19.0,25.0,28.0,24.0,22.0,25.0,19.0,25.0,30.0,25.0,27.0,17.0,15.0,18.0,25.0,33.0,25.0,24.0,21.0,22.0,24.0,18.0,18.0,30.0,30.0,33.0,36.0,22.0,22.0,21.0,18.0,22.0,26.0,27.0,22.0,31.0,21.0,23.0,25.0,28.0,36.0,19.0,38.0,28.0,33.0
29.0,32.0,33.0,47.0,34.0,34.0,38.0,27.0,39.0,31.0,37.0,33.0,26.0,30.0,32.0,29.0,45.0,31.0,27.0,46.0,30.0,33.0,25.0,35.0,29.0,33.0,32.0,37.0,33.0,36.0,32.0,30.0,35.0,41.0,27.0,41.0,33.0,32.0,39.0,41.0,31.0,28.0,39.0,35.0,42.0,34.0,29.0,29.0,26.0,19.0
24.0,37.0,32.0,33.0,23.0,27.0,17.0,17.0,21.0,16.0,26.0,20.0,24.0,21.0,26.0,24.0,20.0,24.0,22.0,20.0,35.0,21.0,15.0,33.0,28.0,22.0,35.0,26.0,10.0,25.0,29.0,27.0,18.0,29.0,25.0,24.0,25.0,31.0,23.0,24.0,29.0,25.0,26.0,16.0,20.0,24.0,20.0,21.0,23.0,25.0
22.0,26.0,28.0,26.0,18.0,19.0,22.0,27.0,22.0,22.0,23.0,29.0,18.0,22.0,24.0,31.0,23.0,22.0,20.0,26.0,20.0,26.0,26.0,19.0,31.0,32.0,20.0,25.0,21.0,31.0,23.0,19.0,26.0,17.0,17.0,28.0,31.0,29.0,27.0,25.0,32.0,16.0,21.0,39.0,15.0,29.0,20.0,22.0,19.0,30.0
15.0,24.0,33.0,20.0,29.0,31.0,21.0,17.0,24.0,21.0,23.0,25.0,23.0,29.0,23.0,27.0,25.0,31.0,17.0,22.0,24.0,29.0,26.0,22.0,22.0,30.0,37.0,29.0,24.0,29.0,35.0,26.0,17.0,35.0,19.0,30.0,21.0,22.0,26.0,24.0,29.0,22.0,25.0,27.0,25.0,31.0,26.0,22.0,30.0,22.0
30.0,13.0,30.0,22.0,16.0,28.0,26.0,17.0,26.0,20.0,16.0,30.0,29.0,20.0,32.0,19.0,26.0,32.0,24.0,24.0,14.0,25.0,29.0,24.0,25.0,19.0,20.0,20.0,30.0,32.0,24.0,16.0,20.0,28.0,29.0,29.0,18.0,23.0,26.0,20.0,22.0,26.0,23.0,22.0,20.0,25.0,19.0,22.0,24.0,22.0
41.0,33.0,35.0,37.0,36.0,33.0,34.0,50.0,28.0,29.0,38.0,27.0,44.0,40.0,31.0,39.0,45.0,44.0,32.0,30.0,41.0,38.0,30.0,33.0,38.0,37.0,33.0,33.0,28.0,34.0,40.0,33.0,42.0,31.0,40.0,48.0,34.0,30.0,33.0,36.0,41.0,37.0,27.0,42.0,35.0,33.0,41.0,34.0,27.0,31.0
30.0,37.0,29.0,34.0,32.0,31.0,35.0,38.0,26.0,44.0,33.0,34.0,27.0,30.0,37.0,31.0,38.0,28.0,25.0,33.0,35.0,30.0,38.0,29.0,41.0,30.0,31.0,32.0,30.0,39.0,30.0,46.0,28.0,28.0,37.0,38.0,37.0,37.0,30.0,35.0,39.0,38.0,41.0,33.0,46.0,26.0,33.0,37.0,38.0,32.0
35.0,41.0,33.0,27.0,35.0,43.0,33.0,37.0,31.0,37.0,36.0,44.0,30.0,47.0,43.0,32.0,35.0,32.0,38.0,25.0,33.0,39.0,42.0,37.0,37.0,47.0,41.0,40.0,41.0,41.0,40.0,34.0,29.0,35.0,31.0,35.0,30.0,45.0,37.0,40.0,40.0,33.0,34.0,41.0,36.0,23.0,35.0,29.0,33.0,28.0
