10,50,1000
17.047045,19.070763,15.01856,19.295902,18.097827,18.970008,17.749254,16.838209,17.862666,15.574454
7.059517,7.327361,9.407291,5.7986,9.648831,7.981967,5.18111,8.666938,5.354216,6.133783
0.0,10.0,20.0,30.0,40.0,50.0,60.0,70.0,80.0,90.0
10.0,0.0,10.0,20.0,30.0,40.0,50.0,60.0,70.0,80.0
20.0,10.0,0.0,10.0,20.0,30.0,40.0,50.0,60.0,70.0
30.0,20.0,10.0,0.0,10.0,20.0,30.0,40.0,50.0,60.0
40.0,30.0,20.0,10.0,0.0,10.0,20.0,30.0,40.0,50.0
50.0,40.0,30.0,20.0,10.0,0.0,10.0,20.0,30.0,40.0
60.0,50.0,40.0,30.0,20.0,10.0,0.0,10.0,20.0,30.0
70.0,60.0,50.0,40.0,30.0,20.0,10.0,0.0,10.0,20.0
80.0,70.0,60.0,50.0,40.0,30.0,20.0,10.0,0.0,10.0
90.0,80.0,70.0,60.0,50.0,40.0,30.0,20.0,10.0,0.0
450.0,400.0,350.0,300.0,250.0,250.0,300.0,350.0,400.0,450.0
0.0,1.0,2.0,3.0,4.0,5.0,6.0,7.0,8.0,9.0
1.0,0.0,1.0,2.0,3.0,4.0,5.0,6.0,7.0,8.0
2.0,1.0,0.0,1.0,2.0,3.0,4.0,5.0,6.0,7.0
3.0,2.0,1.0,0.0,1.0,2.0,3.0,4.0,5.0,6.0
4.0,3.0,2.0,1.0,0.0,1.0,2.0,3.0,4.0,5.0
5.0,4.0,3.0,2.0,1.0,0.0,1.0,2.0,3.0,4.0
6.0,5.0,4.0,3.0,2.0,1.0,0.0,1.0,2.0,3.0
7.0,6.0,5.0,4.0,3.0,2.0,1.0,0.0,1.0,2.0
8.0,7.0,6.0,5.0,4.0,3.0,2.0,1.0,0.0,1.0
9.0,8.0,7.0,6.0,5.0,4.0,3.0,2.0,1.0,0.0
45.0,40.0,35.0,30.0,25.0,25.0,30.0,35.0,40.0,45.0
30.0,19.0,27.0,28.0,31.0,28.0,37.0,13.0,24.0,25.0,28.0,26.0,23.0,23.0,21.0,27.0,23.0,19.0,32.0,26.0,23.0,30.0,28.0,22.0,17.0,35.0,25.0,34.0,27.0,32.0,19.0,36.0,21.0,27.0,20.0,23.0,31.0,24.0,31.0,29.0,21.0,33.0,31.0,32.0,26.0,29.0,33.0,22.0,27.0,31.0
31.0,30.0,29.0,30.0,33.0,30.0,31.0,19.0,31.0,31.0,22.0,33.0,24.0,32.0,31.0,38.0,31.0,25.0,36.0,31.0,35.0,21.0,28.0,34.0,31.0,31.0,24.0,25.0,35.0,24.0,27.0,27.0,29.0,45.0,26.0,34.0,25.0,27.0,31.0,31.0,29.0,21.0,42.0,36.0,38.0,34.0,25.0,33.0,23.0,27.0
32.0,27.0,40.0,28.0,28.0,45.0,31.0,31.0,42.0,23.0,26.0,37.0,39.0,30.0,37.0,28.0,32.0,27.0,44.0,30.0,43.0,29.0,36.0,35.0,28.0,32.0,34.0,30.0,38.0,39.0,46.0,29.0,31.0,33.0,47.0,38.0,25.0,26.0,36.0,35.0,28.0,37.0,26.0,40.0,31.0,29.0,42.0,42.0,37.0,34.0
25.0,22.0,28.0,24.0,21.0,35.0,23.0,22.0,30.0,28.0,22.0,20.0,30.0,29.0,16.0,23.0,26.0,28.0,22.0,17.0,29.0,22.0,22.0,23.0,27.0,19.0,27.0,20.0,25.0,30.0,22.0,22.0,22.0,30.0,29.0,23.0,32.0,19.0,23.0,25.0,33.0,23.0,32.0,31.0,31.0,33.0,20.0,17.0,22.0,26.0
31.0,33.0,33.0,38.0,36.0,34.0,31.0,35.0,31.0,48.0,21.0,33.0,36.0,33.0,29.0,35.0,25.0,34.0,38.0,49.0,40.0,43.0,39.0,36.0,36.0,34.0,32.0,33.0,41.0,40.0,24.0,39.0,36.0,36.0,43.0,27.0,33.0,36.0,36.0,40.0,31.0,41.0,34.0,26.0,41.0,30.0,31.0,29.0,47.0,37.0
35.0,32.0,32.0,37.0,37.0,29.0,35.0,35.0,18.0,36.0,30.0,29.0,36.0,31.0,31.0,36.0,38.0,28.0,33.0,31.0,33.0,34.0,36.0,30.0,32.0,31.0,24.0,37.0,32.0,24.0,31.0,28.0,33.0,36.0,25.0,24.0,34.0,35.0,38.0,23.0,27.0,23.0,33.0,38.0,30.0,39.0,31.0,33.0,38.0,34.0
23.0,19.0,19.0,15.0,21.0,29.0,19.0,21.0,23.0,23.0,16.0,19.0,16.0,11.0,32.0,24.0,18.0,30.0,19.0,19.0,24.0,20.0,27.0,25.0,30.0,23.0,19.0,21.0,26.0,12.0,25.0,21.0,19.0,15.0,17.0,21.0,17.0,22.0,25.0,18.0,28.0,19.0,21.0,15.0,20.0,21.0,23.0,22.0,23.0,23.0
36.0,35.0,35.0,39.0,25.0,45.0,37.0,28.0,38.0,35.0,43.0,31.0,22.0,29.0,26.0,35.0,32.0,27.0,33.0,36.0,32.0,41.0,29.0,30.0,34.0,32.0,25.0,28.0,33.0,35.0,39.0,17.0,20.0,29.0,25.0,31.0,27.0,28.0,30.0,34.0,37.0,34.0,41.0,28.0,32.0,48.0,39.0,27.0,35.0,28.0
26.0,30.0,23.0,25.0,21.0,16.0,26.0,22.0,18.0,30.0,27.0,25.0,26.0,26.0,12.0,24.0,24.0,23.0,23.0,25.0,20.0,21.0,23.0,17.0,25.0,31.0,26.0,19.0,26.0,31.0,18.0,28.0,13.0,24.0,26.0,23.0,24.0,28.0,33.0,22.0,18.0,24.0,18.0,27.0,16.0,28.0,22.0,18.0,20.0,30.0
23.0,21.0,24.0,25.0,12.0,26.0,30.0,19.0,29.0,20.0,24.0,30.0,34.0,28.0,25.0,31.0,24.0,21.0,19.0,23.0,24.0,16.0,25.0,17.0,33.0,21.0,22.0,26.0,36.0,34.0,29.0,27.0,32.0,18.0,23.0,19.0,20.0,28.0,23.0,15.0,15.0,26.0,19.0,30.0,25.0,24.0,30.0,29.0,24.0,28.0
