10,50,1000
17.130348,17.340362,18.774743,18.60041,19.890106,18.592482,19.253901,19.768706,16.913097,19.649943
9.609246,9.450723,6.622039,6.930661,8.651796,9.984441,8.155314,9.231406,9.715054,6.280062
0.0,10.0,20.0,30.0,40.0,50.0,60.0,70.0,80.0,90.0
10.0,0.0,10.0,20.0,30.0,40.0,50.0,60.0,70.0,80.0
20.0,10.0,0.0,10.0,20.0,30.0,40.0,50.0,60.0,70.0
30.0,20.0,10.0,0.0,10.0,20.0,30.0,40.0,50.0,60.0
40.0,30.0,20.0,10.0,0.0,10.0,20.0,30.0,40.0,50.0
50.0,40.0,30.0,20.0,10.0,0.0,10.0,20.0,30.0,40.0
60.0,50.0,40.0,30.0,20.0,10.0,0.0,10.0,20.0,30.0
70.0,60.0,50.0,40.0,30.0,20.0,10.0,0.0,10.0,20.0
80.0,70.0,60.0,50.0,40.0,30.0,20.0,10.0,0.0,10.0
90.0,80.0,70.0,60.0,50.0,40.0,30.0,20.0,10.0,0.0
450.0,400.0,350.0,300.0,250.0,250.0,300.0,350.0,400.0,450.0
0.0,1.0,2.0,3.0,4.0,5.0,6.0,7.0,8.0,9.0
1.0,0.0,1.0,2.0,3.0,4.0,5.0,6.0,7.0,8.0
2.0,1.0,0.0,1.0,2.0,3.0,4.0,5.0,6.0,7.0
3.0,2.0,1.0,0.0,1.0,2.0,3.0,4.0,5.0,6.0
4.0,3.0,2.0,1.0,0.0,1.0,2.0,3.0,4.0,5.0
5.0,4.0,3.0,2.0,1.0,0.0,1.0,2.0,3.0,4.0
6.0,5.0,4.0,3.0,2.0,1.0,0.0,1.0,2.0,3.0
7.0,6.0,5.0,4.0,3.0,2.0,1.0,0.0,1.0,2.0
8.0,7.0,6.0,5.0,4.0,3.0,2.0,1.0,0.0,1.0
9.0,8.0,7.0,6.0,5.0,4.0,3.0,2.0,1.0,0.0
45.0,40.0,35.0,30.0,25.0,25.0,30.0,35.0,40.0,45.0
34.0,27.0,32.0,30.0,35.0,37.0,40.0,35.0,28.0,37.0,32.0,42.0,34.0,33.0,24.0,31.0,30.0,31.0,40.0,36.0,40.0,44.0,36.0,39.0,30.0,34.0,31.0,40.0,34.0,36.0,35.0,33.0,36.0,38.0,33.0,37.0,37.0,27.0,36.0,39.0,39.0,43.0,35.0,32.0,35.0,46.0,33.0,42.0,23.0,39.0
31.0,32.0,33.0,30.0,30.0,38.0,27.0,44.0,29.0,30.0,34.0,41.0,27.0,27.0,24.0,28.0,40.0,34.0,36.0,27.0,25.0,47.0,34.0,45.0,31.0,29.0,32.0,33.0,36.0,35.0,36.0,37.0,31.0,34.0,33.0,31.0,39.0,36.0,36.0,37.0,33.0,37.0,31.0,34.0,26.0,43.0,39.0,41.0,33.0,47.0
28.0,13.0,35.0,27.0,28.0,13.0,36.0,28.0,20.0,31.0,26.0,24.0,21.0,24.0,29.0,16.0,24.0,27.0,35.0,36.0,29.0,17.0,25.0,18.0,15.0,34.0,27.0,22.0,27.0,30.0,25.0,34.0,23.0,22.0,33.0,21.0,29.0,33.0,32.0,25.0,26.0,27.0,34.0,30.0,28.0,30.0,29.0,23.0,26.0,25.0
34.0,25.0,23.0,34.0,27.0,30.0,21.0,28.0,17.0,23.0,29.0,26.0,31.0,31.0,34.0,26.0,35.0,25.0,25.0,28.0,25.0,22.0,28.0,33.0,22.0,26.0,26.0,25.0,22.0,30.0,25.0,28.0,32.0,19.0,27.0,23.0,23.0,22.0,26.0,26.0,24.0,26.0,24.0,21.0,28.0,29.0,31.0,30.0,17.0,31.0
34.0,31.0,39.0,33.0,37.0,19.0,26.0,36.0,32.0,31.0,33.0,33.0,26.0,35.0,30.0,39.0,31.0,39.0,43.0,29.0,32.0,37.0,35.0,21.0,33.0,33.0,35.0,31.0,32.0,44.0,44.0,30.0,22.0,40.0,28.0,39.0,35.0,36.0,30.0,33.0,36.0,29.0,36.0,34.0,28.0,37.0,36.0,29.0,36.0,26.0
31.0,29.0,39.0,35.0,40.0,25.0,43.0,42.0,37.0,39.0,39.0,31.0,39.0,33.0,40.0,44.0,34.0,43.0,30.0,43.0,42.0,31.0,33.0,35.0,25.0,38.0,33.0,45.0,40.0,45.0,29.0,26.0,42.0,26.0,43.0,32.0,31.0,38.0,39.0,43.0,41.0,37.0,41.0,45.0,29.0,39.0,41.0,30.0,36.0,42.0
24.0,44.0,33.0,27.0,34.0,29.0,41.0,31.0,44.0,33.0,28.0,34.0,28.0,27.0,26.0,34.0,32.0,39.0,24.0,35.0,23.0,28.0,28.0,36.0,26.0,30.0,31.0,31.0,34.0,40.0,26.0,36.0,33.0,22.0,33.0,33.0,42.0,26.0,29.0,33.0,29.0,27.0,28.0,30.0,40.0,25.0,27.0,27.0,34.0,37.0
37.0,45.0,37.0,28.0,37.0,34.0,37.0,29.0,30.0,40.0,27.0,40.0,33.0,26.0,35.0,52.0,31.0,39.0,40.0,34.0,27.0,38.0,31.0,39.0,37.0,33.0,34.0,25.0,29.0,38.0,43.0,41.0,32.0,33.0,27.0,28.0,41.0,26.0,32.0,30.0,23.0,32.0,46.0,43.0,32.0,27.0,34.0,37.0,36.0,41.0
49.0,38.0,30.0,43.0,29.0,34.0,32.0,33.0,34.0,32.0,32.0,40.0,32.0,36.0,28.0,30.0,46.0,36.0,46.0,34.0,34.0,32.0,34.0,23.0,28.0,41.0,37.0,34.0,33.0,32.0,33.0,39.0,33.0,26.0,48.0,41.0,24.0,40.0,45.0,43.0,39.0,32.0,41.0,35.0,35.0,42.0,28.0,31.0,27.0,30.0
23.0,26.0,29.0,33.0,28.0,22.0,32.0,29.0,23.0,19.0,26.0,22.0,25.0,29.0,23.0,38.0,21.0,23.0,23.0,16.0,28.0,25.0,26.0,23.0,22.0,29.0,22.0,33.0,24.0,25.0,27.0,24.0,23.0,30.0,30.0,24.0,34.0,24.0,27.0,28.0,24.0,27.0,32.0,25.0,35.0,25.0,25.0,28.0,32.0,19.0
