10,50,1000
18.688642,16.122116,18.325755,17.812226,17.931824,15.443837,19.559702,17.541119,17.483783,15.950619
8.390227,6.028594,6.283873,7.377344,6.292286,9.834482,6.175376,7.058462,9.61458,9.212144
0.0,10.0,20.0,30.0,40.0,50.0,60.0,70.0,80.0,90.0
10.0,0.0,10.0,20.0,30.0,40.0,50.0,60.0,70.0,80.0
20.0,10.0,0.0,10.0,20.0,30.0,40.0,50.0,60.0,70.0
30.0,20.0,10.0,0.0,10.0,20.0,30.0,40.0,50.0,60.0
40.0,30.0,20.0,10.0,0.0,10.0,20.0,30.0,40.0,50.0
50.0,40.0,30.0,20.0,10.0,0.0,10.0,20.0,30.0,40.0
60.0,50.0,40.0,30.0,20.0,10.0,0.0,10.0,20.0,30.0
70.0,60.0,50.0,40.0,30.0,20.0,10.0,0.0,10.0,20.0
80.0,70.0,60.0,50.0,40.0,30.0,20.0,10.0,0.0,10.0
90.0,80.0,70.0,60.0,50.0,40.0,30.0,20.0,10.0,0.0
450.0,400.0,350.0,300.0,250.0,250.0,300.0,350.0,400.0,450.0
0.0,1.0,2.0,3.0,4.0,5.0,6.0,7.0,8.0,9.0
1.0,0.0,1.0,2.0,3.0,4.0,5.0,6.0,7.0,8.0
2.0,1.0,0.0,1.0,2.0,3.0,4.0,5.0,6.0,7.0
3.0,2.0,1.0,0.0,1.0,2.0,3.0,4.0,5.0,6.0
4.0,3.0,2.0,1.0,0.0,1.0,2.0,3.0,4.0,5.0
5.0,4.0,3.0,2.0,1.0,0.0,1.0,2.0,3.0,4.0
6.0,5.0,4.0,3.0,2.0,1.0,0.0,1.0,2.0,3.0
7.0,6.0,5.0,4.0,3.0,2.0,1.0,0.0,1.0,2.0
8.0,7.0,6.0,5.0,4.0,3.0,2.0,1.0,0.0,1.0
9.0,8.0,7.0,6.0,5.0,4.0,3.0,2.0,1.0,0.0
45.0,40.0,35.0,30.0,25.0,25.0,30.0,35.0,40.0,45.0
35.0,40.0,34.0,27.0,26.0,41.0,33.0,30.0,24.0,29.0,33.0,34.0,40.0,16.0,35.0,29.0,27.0,37.0,32.0,25.0,36.0,37.0,38.0,28.0,28.0,29.0,34.0,25.0,43.0,36.0,23.0,46.0,27.0,35.0,29.0,34.0,35.0,32.0,25.0,32.0,22.0,29.0,36.0,27.0,31.0,31.0,39.0,32.0,38.0,28.0
30.0,15.0,21.0,25.0,18.0,23.0,26.0,30.0,20.0,37.0,26.0,28.0,19.0,24.0,29.0,26.0,17.0,25.0,18.0,31.0,30.0,33.0,28.0,26.0,31.0,29.0,20.0,15.0,24.0,23.0,36.0,21.0,22.0,22.0,24.0,23.0,17.0,31.0,29.0,23.0,26.0,15.0,20.0,29.0,26.0,23.0,21.0,21.0,28.0,28.0
27.0,26.0,28.0,25.0,23.0,22.0,31.0,28.0,26.0,32.0,28.0,30.0,28.0,30.0,18.0,17.0,24.0,34.0,21.0,29.0,32.0,24.0,18.0,30.0,27.0,19.0,25.0,33.0,24.0,29.0,18.0,21.0,27.0,36.0,14.0,28.0,19.0,21.0,24.0,29.0,18.0,29.0,26.0,22.0,22.0,27.0,29.0,25.0,21.0,24.0
34.0,23.0,28.0,25.0,22.0,29.0,33.0,32.0,28.0,22.0,29.0,32.0,23.0,26.0,29.0,31.0,29.0,22.0,29.0,25.0,28.0,27.0,36.0,32.0,28.0,21.0,31.0,25.0,32.0,24.0,18.0,26.0,26.0,31.0,30.0,33.0,34.0,38.0,26.0,30.0,27.0,22.0,29.0,31.0,28.0,30.0,26.0,40.0,30.0,19.0
31.0,27.0,25.0,22.0,27.0,18.0,31.0,25.0,24.0,16.0,27.0,25.0,12.0,27.0,26.0,27.0,20.0,21.0,17.0,21.0,20.0,25.0,23.0,20.0,19.0,23.0,30.0,22.0,35.0,18.0,22.0,21.0,21.0,32.0,23.0,33.0,22.0,19.0,19.0,31.0,21.0,27.0,21.0,24.0,24.0,26.0,28.0,25.0,19.0,17.0
33.0,35.0,41.0,41.0,46.0,35.0,28.0,24.0,36.0,25.0,32.0,33.0,36.0,35.0,38.0,42.0,23.0,32.0,27.0,30.0,31.0,32.0,33.0,32.0,37.0,36.0,35.0,27.0,33.0,38.0,37.0,47.0,37.0,41.0,23.0,31.0,47.0,33.0,28.0,28.0,34.0,36.0,36.0,27.0,44.0,33.0,36.0,28.0,31.0,27.0
26.0,31.0,21.0,23.0,33.0,24.0,26.0,30.0,28.0,19.0,17.0,23.0,26.0,18.0,32.0,23.0,18.0,22.0,28.0,32.0,18.0,32.0,15.0,28.0,26.0,26.0,28.0,26.0,26.0,22.0,24.0,25.0,25.0,21.0,16.0,27.0,30.0,30.0,16.0,22.0,22.0,33.0,24.0,23.0,27.0,28.0,21.0,20.0,23.0,31.0
30.0,20.0,23.0,25.0,28.0,25.0,17.0,33.0,21.0,20.0,28.0,20.0,31.0,33.0,33.0,30.0,21.0,26.0,29.0,29.0,28.0,21.0,29.0,30.0,19.0,30.0,25.0,18.0,31.0,22.0,34.0,28.0,25.0,26.0,27.0,37.0,33.0,27.0,23.0,33.0,28.0,26.0,32.0,34.0,24.0,25.0,33.0,27.0,21.0,24.0
31.0,51.0,36.0,30.0,44.0,47.0,46.0,32.0,34.0,31.0,38.0,32.0,39.0,46.0,30.0,29.0,37.0,31.0,42.0,44.0,29.0,33.0,36.0,31.0,31.0,38.0,40.0,34.0,35.0,34.0,45.0,34.0,46.0,41.0,37.0,42.0,36.0,37.0,37.0,41.0,38.0,40.0,43.0,31.0,28.0,32.0,30.0,26.0,47.0,38.0
33.0,45.0,37.0,29.0,35.0,26.0,28.0,32.0,31.0,32.0,27.0,28.0,31.0,30.0,38.0,36.0,28.0,45.0,27.0,34.0,36.0,30.0,36.0,25.0,29.0,33.0,41.0,38.0,34.0,30.0,28.0,32.0,24.0,28.0,41.0,31.0,33.0,31.0,35.0,31.0,28.0,37.0,40.0,35.0,38.0,26.0,37.0,30.0,40.0,38.0
