10,50,1000
17.613961,18.753606,19.816584,17.463067,16.602747,15.35285,15.624935,17.439495,17.899783,19.405339
6.932848,8.853893,6.631102,8.263284,7.527282,7.265853,6.06565,9.785927,9.857512,5.796467
0.0,10.0,20.0,30.0,40.0,50.0,60.0,70.0,80.0,90.0
10.0,0.0,10.0,20.0,30.0,40.0,50.0,60.0,70.0,80.0
20.0,10.0,0.0,10.0,20.0,30.0,40.0,50.0,60.0,70.0
30.0,20.0,10.0,0.0,10.0,20.0,30.0,40.0,50.0,60.0
40.0,30.0,20.0,10.0,0.0,10.0,20.0,30.0,40.0,50.0
50.0,40.0,30.0,20.0,10.0,0.0,10.0,20.0,30.0,40.0
60.0,50.0,40.0,30.0,20.0,10.0,0.0,10.0,20.0,30.0
70.0,60.0,50.0,40.0,30.0,20.0,10.0,0.0,10.0,20.0
80.0,70.0,60.0,50.0,40.0,30.0,20.0,10.0,0.0,10.0
90.0,80.0,70.0,60.0,50.0,40.0,30.0,20.0,10.0,0.0
450.0,400.0,350.0,300.0,250.0,250.0,300.0,350.0,400.0,450.0
0.0,1.0,2.0,3.0,4.0,5.0,6.0,7.0,8.0,9.0
1.0,0.0,1.0,2.0,3.0,4.0,5.0,6.0,7.0,8.0
2.0,1.0,0.0,1.0,2.0,3.0,4.0,5.0,6.0,7.0
3.0,2.0,1.0,0.0,1.0,2.0,3.0,4.0,5.0,6.0
4.0,3.0,2.0,1.0,0.0,1.0,2.0,3.0,4.0,5.0
5.0,4.0,3.0,2.0,1.0,0.0,1.0,2.0,3.0,4.0
6.0,5.0,4.0,3.0,2.0,1.0,0.0,1.0,2.0,3.0
7.0,6.0,5.0,4.0,3.0,2.0,1.0,0.0,1.0,2.0
8.0,7.0,6.0,5.0,4.0,3.0,2.0,1.0,0.0,1.0
9.0,8.0,7.0,6.0,5.0,4.0,3.0,2.0,1.0,0.0
45.0,40.0,35.0,30.0,25.0,25.0,30.0,35.0,40.0,45.0
26.0,32.0,30.0,23.0,28.0,19.0,28.0,27.0,42.0,32.0,33.0,28.0,17.0,16.0,24.0,23.0,37.0,25.0,30.0,15.0,29.0,30.0,28.0,21.0,25.0,35.0,32.0,25.0,23.0,28.0,19.0,21.0,20.0,28.0,31.0,28.0,30.0,31.0,34.0,32.0,28.0,25.0,25.0,26.0,22.0,24.0,26.0,28.0,30.0,20.0
36.0,34.0,23.0,36.0,34.0,40.0,28.0,45.0,31.0,28.0,27.0,37.0,37.0,38.0,25.0,34.0,34.0,23.0,30.0,35.0,44.0,34.0,35.0,37.0,35.0,34.0,33.0,27.0,33.0,27.0,34.0,24.0,31.0,31.0,30.0,31.0,31.0,34.0,39.0,37.0,38.0,36.0,33.0,31.0,33.0,31.0,33.0,32.0,37.0,30.0
25.0,30.0,22.0,26.0,25.0,31.0,30.0,31.0,22.0,28.0,28.0,30.0,31.0,29.0,28.0,34.0,29.0,23.0,20.0,33.0,26.0,23.0,27.0,22.0,17.0,20.0,34.0,29.0,27.0,24.0,28.0,23.0,28.0,24.0,21.0,39.0,21.0,21.0,41.0,22.0,30.0,29.0,38.0,24.0,29.0,24.0,27.0,32.0,27.0,24.0
27.0,24.0,42.0,18.0,30.0,30.0,24.0,36.0,31.0,21.0,26.0,19.0,30.0,32.0,26.0,30.0,28.0,28.0,24.0,33.0,27.0,33.0,32.0,33.0,32.0,24.0,17.0,34.0,31.0,27.0,31.0,20.0,35.0,19.0,32.0,36.0,33.0,31.0,29.0,24.0,24.0,28.0,35.0,27.0,46.0,27.0,36.0,23.0,35.0,34.0
28.0,30.0,30.0,41.0,29.0,38.0,27.0,23.0,22.0,28.0,23.0,33.0,34.0,32.0,24.0,32.0,37.0,24.0,29.0,21.0,30.0,33.0,34.0,31.0,36.0,28.0,39.0,32.0,32.0,29.0,27.0,32.0,37.0,34.0,27.0,24.0,29.0,27.0,38.0,35.0,34.0,24.0,40.0,31.0,33.0,30.0,23.0,36.0,24.0,21.0
37.0,38.0,26.0,35.0,29.0,25.0,31.0,31.0,21.0,29.0,31.0,29.0,22.0,26.0,29.0,17.0,30.0,22.0,40.0,31.0,28.0,25.0,17.0,30.0,26.0,27.0,25.0,30.0,34.0,36.0,25.0,35.0,28.0,29.0,24.0,25.0,25.0,31.0,27.0,13.0,20.0,22.0,25.0,21.0,22.0,30.0,25.0,26.0,27.0,26.0
24.0,18.0,26.0,28.0,28.0,25.0,33.0,27.0,22.0,30.0,21.0,28.0,26.0,25.0,27.0,22.0,28.0,18.0,22.0,27.0,18.0,21.0,25.0,23.0,18.0,18.0,30.0,18.0,30.0,23.0,23.0,18.0,17.0,35.0,25.0,30.0,17.0,21.0,26.0,16.0,26.0,24.0,28.0,25.0,30.0,28.0,36.0,24.0,32.0,24.0
42.0,34.0,38.0,39.0,38.0,34.0,36.0,36.0,42.0,41.0,23.0,29.0,38.0,35.0,40.0,49.0,28.0,39.0,34.0,36.0,34.0,34.0,27.0,30.0,40.0,29.0,34.0,41.0,37.0,37.0,37.0,38.0,40.0,40.0,32.0,27.0,44.0,34.0,43.0,32.0,32.0,40.0,26.0,33.0,28.0,35.0,44.0,33.0,39.0,29.0
47.0,36.0,42.0,47.0,45.0,40.0,36.0,44.0,32.0,34.0,42.0,29.0,37.0,40.0,40.0,34.0,41.0,36.0,31.0,30.0,38.0,39.0,24.0,33.0,34.0,41.0,38.0,40.0,44.0,33.0,39.0,30.0,37.0,35.0,38.0,35.0,42.0,45.0,49.0,26.0,35.0,38.0,29.0,35.0,34.0,45.0,31.0,33.0,33.0,39.0
26.0,24.0,21.0,29.0,14.0,20.0,22.0,26.0,31.0,26.0,22.0,25.0,22.0,34.0,22.0,21.0,21.0,25.0,23.0,21.0,22.0,25.0,29.0,31.0,29.0,28.0,16.0,22.0,18.0,28.0,27.0,30.0,24.0,21.0,25.0,17.0,21.0,24.0,21.0,26.0,17.0,34.0,24.0,21.0,28.0,27.0,19.0,23.0,22.0,24.0
