10,50,1000
17.380173,17.438286,15.788339,16.697071,19.626862,16.380038,17.11792,15.689285,17.073769,19.143933
8.593867,7.341051,7.611018,7.190498,9.867851,6.166252,8.630415,9.805904,7.984339,5.119751
0.0,10.0,20.0,30.0,40.0,50.0,60.0,70.0,80.0,90.0
10.0,0.0,10.0,20.0,30.0,40.0,50.0,60.0,70.0,80.0
20.0,10.0,0.0,10.0,20.0,30.0,40.0,50.0,60.0,70.0
30.0,20.0,10.0,0.0,10.0,20.0,30.0,40.0,50.0,60.0
40.0,30.0,20.0,10.0,0.0,10.0,20.0,30.0,40.0,50.0
50.0,40.0,30.0,20.0,10.0,0.0,10.0,20.0,30.0,40.0
60.0,50.0,40.0,30.0,20.0,10.0,0.0,10.0,20.0,30.0
70.0,60.0,50.0,40.0,30.0,20.0,10.0,0.0,10.0,20.0
80.0,70.0,60.0,50.0,40.0,30.0,20.0,10.0,0.0,10.0
90.0,80.0,70.0,60.0,50.0,40.0,30.0,20.0,10.0,0.0
450.0,400.0,350.0,300.0,250.0,250.0,300.0,350.0,400.0,450.0
0.0,1.0,2.0,3.0,4.0,5.0,6.0,7.0,8.0,9.0
1.0,0.0,1.0,2.0,3.0,4.0,5.0,6.0,7.0,8.0
2.0,1.0,0.0,1.0,2.0,3.0,4.0,5.0,6.0,7.0
3.0,2.0,1.0,0.0,1.0,2.0,3.0,4.0,5.0,6.0
4.0,3.0,2.0,1.0,0.0,1.0,2.0,3.0,4.0,5.0
5.0,4.0,3.0,2.0,1.0,0.0,1.0,2.0,3.0,4.0
6.0,5.0,4.0,3.0,2.0,1.0,0.0,1.0,2.0,3.0
7.0,6.0,5.0,4.0,3.0,2.0,1.0,0.0,1.0,2.0
8.0,7.0,6.0,5.0,4.0,3.0,2.0,1.0,0.0,1.0
9.0,8.0,7.0,6.0,5.0,4.0,3.0,2.0,1.0,0.0
45.0,40.0,35.0,30.0,25.0,25.0,30.0,35.0,40.0,45.0
34.0,20.0,30.0,37.0,30.0,22.0,26.0,28.0,37.0,38.0,33.0,39.0,29.0,28.0,37.0,34.0,18.0,29.0,37.0,43.0,30.0,36.0,32.0,41.0,32.0,38.0,29.0,33.0,33.0,22.0,37.0,30.0,35.0,25.0,43.0,23.0,30.0,37.0,38.0,28.0,29.0,32.0,32.0,28.0,21.0,42.0,28.0,26.0,36.0,27.0
25.0,33.0,28.0,28.0,22.0,28.0,21.0,29.0,27.0,32.0,27.0,20.0,23.0,33.0,28.0,32.0,27.0,19.0,32.0,32.0,38.0,30.0,21.0,22.0,38.0,25.0,29.0,39.0,26.0,35.0,24.0,31.0,28.0,21.0,25.0,37.0,15.0,15.0,27.0,24.0,27.0,35.0,35.0,25.0,28.0,36.0,23.0,33.0,32.0,28.0
19.0,28.0,38.0,31.0,22.0,27.0,28.0,29.0,31.0,39.0,26.0,33.0,27.0,25.0,27.0,35.0,32.0,30.0,31.0,32.0,27.0,23.0,25.0,34.0,37.0,28.0,31.0,26.0,20.0,28.0,33.0,29.0,27.0,25.0,28.0,27.0,27.0,43.0,28.0,24.0,20.0,26.0,19.0,31.0,35.0,25.0,31.0,30.0,30.0,26.0
28.0,30.0,34.0,16.0,31.0,29.0,26.0,29.0,12.0,19.0,30.0,21.0,24.0,24.0,21.0,32.0,23.0,21.0,19.0,30.0,26.0,23.0,31.0,28.0,20.0,28.0,25.0,29.0,29.0,37.0,26.0,28.0,42.0,24.0,26.0,23.0,33.0,27.0,32.0,27.0,24.0,18.0,24.0,27.0,22.0,26.0,29.0,22.0,22.0,20.0
39.0,35.0,34.0,38.0,40.0,26.0,35.0,45.0,37.0,35.0,44.0,34.0,36.0,39.0,35.0,39.0,35.0,32.0,37.0,31.0,40.0,32.0,39.0,37.0,34.0,33.0,41.0,38.0,37.0,29.0,37.0,37.0,38.0,24.0,32.0,25.0,45.0,37.0,43.0,31.0,46.0,47.0,33.0,42.0,29.0,37.0,34.0,23.0,43.0,39.0
15.0,19.0,19.0,30.0,29.0,26.0,34.0,26.0,26.0,24.0,22.0,15.0,29.0,23.0,17.0,28.0,17.0,21.0,25.0,29.0,28.0,24.0,18.0,19.0,21.0,25.0,32.0,27.0,28.0,34.0,31.0,28.0,21.0,13.0,24.0,23.0,28.0,41.0,22.0,26.0,21.0,20.0,23.0,22.0,29.0,20.0,18.0,27.0,32.0,20.0
32.0,34.0,46.0,28.0,29.0,37.0,26.0,31.0,37.0,30.0,24.0,29.0,29.0,31.0,26.0,32.0,30.0,28.0,26.0,28.0,48.0,30.0,32.0,36.0,26.0,29.0,33.0,43.0,27.0,33.0,40.0,34.0,24.0,37.0,28.0,37.0,24.0,37.0,23.0,40.0,31.0,29.0,21.0,16.0,46.0,25.0,35.0,33.0,24.0,31.0
33.0,45.0,30.0,37.0,36.0,35.0,32.0,40.0,40.0,34.0,37.0,32.0,33.0,43.0,34.0,38.0,29.0,39.0,31.0,39.0,32.0,34.0,30.0,37.0,29.0,49.0,29.0,37.0,35.0,41.0,33.0,34.0,30.0,32.0,29.0,37.0,32.0,35.0,39.0,32.0,35.0,39.0,43.0,37.0,36.0,39.0,49.0,39.0,28.0,31.0
26.0,20.0,27.0,19.0,39.0,37.0,26.0,27.0,31.0,29.0,31.0,31.0,31.0,25.0,36.0,31.0,23.0,34.0,30.0,38.0,29.0,32.0,35.0,33.0,31.0,33.0,31.0,26.0,29.0,26.0,20.0,26.0,31.0,41.0,23.0,16.0,28.0,34.0,29.0,30.0,29.0,28.0,24.0,32.0,24.0,34.0,23.0,32.0,28.0,26.0
17.0,19.0,26.0,18.0,17.0,27.0,23.0,13.0,18.0,29.0,13.0,22.0,19.0,28.0,24.0,15.0,19.0,21.0,21.0,22.0,20.0,20.0,23.0,13.0,27.0,15.0,22.0,23.0,24.0,29.0,24.0,12.0,26.0,16.0,20.0,18.0,28.0,25.0,25.0,23.0,21.0,21.0,19.0,14.0,31.0,20.0,19.0,19.0,29.0,18.0
