10,50,1000
19.097166,17.912978,16.32875,17.375272,16.642761,17.956378,19.771871,15.054117,19.1266,18.279749
9.258932,8.038973,8.918199,9.3372,8.87873,7.136389,8.356605,5.124765,8.651048,5.730789
0.0,10.0,20.0,30.0,40.0,50.0,60.0,70.0,80.0,90.0
10.0,0.0,10.0,20.0,30.0,40.0,50.0,60.0,70.0,80.0
20.0,10.0,0.0,10.0,20.0,30.0,40.0,50.0,60.0,70.0
30.0,20.0,10.0,0.0,10.0,20.0,30.0,40.0,50.0,60.0
40.0,30.0,20.0,10.0,0.0,10.0,20.0,30.0,40.0,50.0
50.0,40.0,30.0,20.0,10.0,0.0,10.0,20.0,30.0,40.0
60.0,50.0,40.0,30.0,20.0,10.0,0.0,10.0,20.0,30.0
70.0,60.0,50.0,40.0,30.0,20.0,10.0,0.0,10.0,20.0
80.0,70.0,60.0,50.0,40.0,30.0,20.0,10.0,0.0,10.0
90.0,80.0,70.0,60.0,50.0,40.0,30.0,20.0,10.0,0.0
450.0,400.0,350.0,300.0,250.0,250.0,300.0,350.0,400.0,450.0
0.0,1.0,2.0,3.0,4.0,5.0,6.0,7.0,8.0,9.0
1.0,0.0,1.0,2.0,3.0,4.0,5.0,6.0,7.0,8.0
2.0,1.0,0.0,1.0,2.0,3.0,4.0,5.0,6.0,7.0
3.0,2.0,1.0,0.0,1.0,2.0,3.0,4.0,5.0,6.0
4.0,3.0,2.0,1.0,0.0,1.0,2.0,3.0,4.0,5.0
5.0,4.0,3.0,2.0,1.0,0.0,1.0,2.0,3.0,4.0
6.0,5.0,4.0,3.0,2.0,1.0,0.0,1.0,2.0,3.0
7.0,6.0,5.0,4.0,3.0,2.0,1.0,0.0,1.0,2.0
8.0,7.0,6.0,5.0,4.0,3.0,2.0,1.0,0.0,1.0
9.0,8.0,7.0,6.0,5.0,4.0,3.0,2.0,1.0,0.0
45.0,40.0,35.0,30.0,25.0,25.0,30.0,35.0,40.0,45.0
34.0,36.0,37.0,25.0,31.0,36.0,28.0,42.0,31.0,26.0,36.0,38.0,35.0,35.0,36.0,47.0,33.0,41.0,35.0,37.0,36.0,41.0,43.0,33.0,44.0,29.0,21.0,35.0,21.0,36.0,45.0,27.0,35.0,34.0,31.0,30.0,30.0,40.0,34.0,36.0,25.0,32.0,30.0,45.0,32.0,39.0,43.0,31.0,31.0,36.0
34.0,35.0,36.0,19.0,34.0,33.0,42.0,34.0,37.0,33.0,34.0,15.0,28.0,33.0,33.0,32.0,39.0,34.0,30.0,29.0,34.0,36.0,27.0,36.0,35.0,32.0,36.0,31.0,28.0,28.0,36.0,24.0,32.0,42.0,32.0,31.0,32.0,32.0,28.0,32.0,25.0,30.0,24.0,34.0,26.0,33.0,32.0,35.0,39.0,23.0
37.0,28.0,40.0,37.0,33.0,27.0,35.0,27.0,26.0,31.0,35.0,37.0,41.0,41.0,37.0,28.0,37.0,38.0,26.0,33.0,34.0,42.0,27.0,20.0,36.0,42.0,33.0,41.0,26.0,37.0,37.0,27.0,30.0,32.0,35.0,27.0,40.0,38.0,34.0,29.0,34.0,28.0,32.0,36.0,41.0,37.0,32.0,33.0,21.0,29.0
31.0,33.0,41.0,41.0,41.0,27.0,40.0,32.0,34.0,39.0,24.0,41.0,32.0,34.0,36.0,36.0,36.0,29.0,33.0,36.0,30.0,42.0,27.0,39.0,36.0,31.0,37.0,43.0,32.0,37.0,50.0,28.0,29.0,28.0,33.0,35.0,32.0,27.0,38.0,29.0,39.0,30.0,35.0,33.0,32.0,43.0,33.0,43.0,40.0,34.0
34.0,28.0,32.0,39.0,35.0,32.0,25.0,39.0,25.0,44.0,25.0,33.0,33.0,28.0,31.0,34.0,38.0,29.0,30.0,32.0,33.0,41.0,26.0,34.0,27.0,38.0,38.0,39.0,28.0,35.0,34.0,29.0,32.0,31.0,19.0,41.0,38.0,35.0,40.0,29.0,40.0,38.0,36.0,33.0,28.0,40.0,36.0,36.0,35.0,27.0
42.0,30.0,23.0,33.0,35.0,26.0,19.0,30.0,31.0,19.0,22.0,33.0,41.0,20.0,32.0,29.0,26.0,28.0,34.0,22.0,34.0,34.0,31.0,22.0,22.0,20.0,27.0,30.0,37.0,21.0,24.0,32.0,29.0,30.0,22.0,14.0,37.0,28.0,25.0,33.0,27.0,28.0,27.0,29.0,27.0,23.0,26.0,37.0,34.0,20.0
44.0,34.0,32.0,31.0,35.0,31.0,27.0,28.0,32.0,27.0,40.0,26.0,30.0,32.0,26.0,30.0,42.0,30.0,26.0,40.0,21.0,34.0,25.0,44.0,28.0,24.0,32.0,33.0,30.0,33.0,23.0,29.0,36.0,35.0,28.0,27.0,28.0,36.0,27.0,17.0,25.0,25.0,23.0,33.0,29.0,38.0,30.0,28.0,30.0,29.0
20.0,31.0,24.0,16.0,21.0,22.0,17.0,18.0,20.0,17.0,23.0,13.0,18.0,23.0,16.0,19.0,19.0,16.0,16.0,20.0,19.0,15.0,20.0,27.0,14.0,19.0,12.0,22.0,15.0,20.0,16.0,23.0,24.0,19.0,21.0,14.0,16.0,32.0,16.0,19.0,24.0,14.0,23.0,25.0,33.0,24.0,20.0,15.0,17.0,22.0
35.0,35.0,46.0,34.0,34.0,36.0,21.0,26.0,40.0,33.0,34.0,35.0,28.0,38.0,47.0,29.0,26.0,35.0,31.0,28.0,26.0,30.0,31.0,34.0,37.0,39.0,32.0,43.0,37.0,31.0,34.0,27.0,43.0,33.0,35.0,29.0,35.0,36.0,32.0,43.0,26.0,29.0,26.0,30.0,40.0,30.0,23.0,45.0,25.0,34.0
23.0,19.0,18.0,26.0,25.0,27.0,27.0,33.0,28.0,22.0,23.0,25.0,32.0,27.0,18.0,23.0,23.0,23.0,27.0,25.0,18.0,29.0,26.0,17.0,23.0,17.0,18.0,24.0,15.0,24.0,26.0,23.0,24.0,14.0,30.0,22.0,24.0,22.0,20.0,19.0,21.0,26.0,24.0,20.0,25.0,19.0,27.0,27.0,21.0,27.0
