10,50,1000
15.831684,19.78225,17.21853,17.647882,15.083856,15.721554,16.874183,16.135562,19.051507,19.105397
7.677389,8.347193,6.293949,6.708712,6.517981,5.944562,9.523577,7.806518,8.251853,5.652878
0.0,10.0,20.0,30.0,40.0,50.0,60.0,70.0,80.0,90.0
10.0,0.0,10.0,20.0,30.0,40.0,50.0,60.0,70.0,80.0
20.0,10.0,0.0,10.0,20.0,30.0,40.0,50.0,60.0,70.0
30.0,20.0,10.0,0.0,10.0,20.0,30.0,40.0,50.0,60.0
40.0,30.0,20.0,10.0,0.0,10.0,20.0,30.0,40.0,50.0
50.0,40.0,30.0,20.0,10.0,0.0,10.0,20.0,30.0,40.0
60.0,50.0,40.0,30.0,20.0,10.0,0.0,10.0,20.0,30.0
70.0,60.0,50.0,40.0,30.0,20.0,10.0,0.0,10.0,20.0
80.0,70.0,60.0,50.0,40.0,30.0,20.0,10.0,0.0,10.0
90.0,80.0,70.0,60.0,50.0,40.0,30.0,20.0,10.0,0.0
450.0,400.0,350.0,300.0,250.0,250.0,300.0,350.0,400.0,450.0
0.0,1.0,2.0,3.0,4.0,5.0,6.0,7.0,8.0,9.0
1.0,0.0,1.0,2.0,3.0,4.0,5.0,6.0,7.0,8.0
2.0,1.0,0.0,1.0,2.0,3.0,4.0,5.0,6.0,7.0
3.0,2.0,1.0,0.0,1.0,2.0,3.0,4.0,5.0,6.0
4.0,3.0,2.0,1.0,0.0,1.0,2.0,3.0,4.0,5.0
5.0,4.0,3.0,2.0,1.0,0.0,1.0,2.0,3.0,4.0
6.0,5.0,4.0,3.0,2.0,1.0,0.0,1.0,2.0,3.0
7.0,6.0,5.0,4.0,3.0,2.0,1.0,0.0,1.0,2.0
8.0,7.0,6.0,5.0,4.0,3.0,2.0,1.0,0.0,1.0
9.0,8.0,7.0,6.0,5.0,4.0,3.0,2.0,1.0,0.0
45.0,40.0,35.0,30.0,25.0,25.0,30.0,35.0,40.0,45.0
40.0,25.0,26.0,27.0,37.0,23.0,30.0,25.0,28.0,23.0,27.0,22.0,28.0,26.0,28.0,20.0,32.0,36.0,31.0,29.0,36.0,32.0,29.0,29.0,25.0,24.0,29.0,37.0,27.0,29.0,26.0,17.0,30.0,34.0,31.0,29.0,26.0,29.0,29.0,24.0,21.0,24.0,37.0,36.0,32.0,32.0,23.0,30.0,30.0,26.0
31.0,29.0,33.0,29.0,38.0,28.0,31.0,37.0,33.0,41.0,36.0,21.0,35.0,22.0,28.0,39.0,32.0,29.0,35.0,31.0,43.0,32.0,24.0,25.0,33.0,27.0,37.0,33.0,34.0,30.0,50.0,29.0,27.0,27.0,25.0,28.0,33.0,27.0,34.0,22.0,44.0,45.0,32.0,33.0,35.0,23.0,34.0,31.0,37.0,33.0
22.0,18.0,19.0,19.0,16.0,20.0,33.0,26.0,19.0,23.0,14.0,22.0,24.0,26.0,36.0,26.0,30.0,24.0,24.0,21.0,22.0,26.0,32.0,20.0,26.0,31.0,25.0,37.0,23.0,30.0,26.0,21.0,23.0,35.0,31.0,18.0,18.0,25.0,30.0,22.0,26.0,17.0,27.0,22.0,20.0,32.0,25.0,27.0,22.0,31.0
22.0,21.0,21.0,23.0,21.0,27.0,22.0,24.0,26.0,38.0,20.0,24.0,28.0,28.0,31.0,26.0,30.0,37.0,30.0,24.0,28.0,20.0,32.0,29.0,21.0,17.0,24.0,27.0,25.0,30.0,31.0,20.0,27.0,28.0,26.0,31.0,26.0,20.0,30.0,26.0,22.0,26.0,31.0,23.0,28.0,18.0,26.0,20.0,24.0,29.0
19.0,21.0,32.0,28.0,22.0,25.0,25.0,22.0,19.0,30.0,36.0,40.0,18.0,23.0,27.0,32.0,28.0,34.0,29.0,26.0,25.0,29.0,31.0,23.0,23.0,31.0,22.0,26.0,26.0,27.0,18.0,25.0,21.0,27.0,18.0,28.0,18.0,20.0,23.0,23.0,26.0,23.0,27.0,15.0,25.0,22.0,17.0,28.0,18.0,20.0
33.0,21.0,19.0,20.0,21.0,22.0,23.0,21.0,28.0,20.0,26.0,28.0,20.0,23.0,23.0,23.0,22.0,23.0,25.0,19.0,31.0,23.0,24.0,29.0,21.0,23.0,20.0,22.0,16.0,23.0,25.0,23.0,23.0,10.0,21.0,23.0,27.0,26.0,25.0,21.0,19.0,30.0,20.0,20.0,28.0,26.0,24.0,16.0,25.0,25.0
39.0,32.0,27.0,22.0,38.0,41.0,34.0,42.0,29.0,40.0,26.0,43.0,27.0,38.0,29.0,26.0,35.0,28.0,36.0,34.0,28.0,39.0,38.0,26.0,38.0,48.0,38.0,28.0,54.0,31.0,32.0,32.0,32.0,36.0,41.0,25.0,33.0,39.0,40.0,33.0,25.0,36.0,38.0,28.0,33.0,29.0,37.0,36.0,34.0,39.0
25.0,31.0,28.0,23.0,25.0,28.0,27.0,33.0,38.0,27.0,25.0,34.0,23.0,20.0,27.0,30.0,35.0,25.0,32.0,23.0,27.0,27.0,26.0,27.0,27.0,24.0,31.0,28.0,25.0,36.0,36.0,24.0,32.0,30.0,25.0,33.0,35.0,18.0,27.0,28.0,26.0,22.0,25.0,35.0,26.0,27.0,31.0,27.0,32.0,20.0
32.0,24.0,33.0,25.0,32.0,41.0,33.0,23.0,37.0,35.0,34.0,37.0,35.0,31.0,27.0,32.0,32.0,31.0,22.0,27.0,29.0,33.0,28.0,20.0,33.0,34.0,36.0,35.0,29.0,32.0,25.0,30.0,37.0,34.0,40.0,30.0,36.0,26.0,18.0,23.0,33.0,21.0,27.0,44.0,30.0,32.0,31.0,45.0,36.0,23.0
16.0,18.0,15.0,31.0,22.0,26.0,21.0,26.0,20.0,19.0,21.0,21.0,19.0,24.0,22.0,29.0,28.0,22.0,22.0,22.0,23.0,16.0,24.0,23.0,17.0,19.0,22.0,20.0,20.0,19.0,30.0,23.0,20.0,19.0,11.0,24.0,24.0,26.0,22.0,16.0,22.0,24.0,21.0,28.0,16.0,23.0,23.0,19.0,17.0,27.0
