10,50,1000
19.09995,16.256577,15.053004,16.833493,16.176137,19.708513,16.625061,16.573968,16.664964,19.731541
9.12136,9.975216,9.511254,8.852904,9.315166,7.074428,5.011846,7.131297,7.930778,5.544033
0.0,10.0,20.0,30.0,40.0,50.0,60.0,70.0,80.0,90.0
10.0,0.0,10.0,20.0,30.0,40.0,50.0,60.0,70.0,80.0
20.0,10.0,0.0,10.0,20.0,30.0,40.0,50.0,60.0,70.0
30.0,20.0,10.0,0.0,10.0,20.0,30.0,40.0,50.0,60.0
40.0,30.0,20.0,10.0,0.0,10.0,20.0,30.0,40.0,50.0
50.0,40.0,30.0,20.0,10.0,0.0,10.0,20.0,30.0,40.0
60.0,50.0,40.0,30.0,20.0,10.0,0.0,10.0,20.0,30.0
70.0,60.0,50.0,40.0,30.0,20.0,10.0,0.0,10.0,20.0
80.0,70.0,60.0,50.0,40.0,30.0,20.0,10.0,0.0,10.0
90.0,80.0,70.0,60.0,50.0,40.0,30.0,20.0,10.0,0.0
450.0,400.0,350.0,300.0,250.0,250.0,300.0,350.0,400.0,450.0
0.0,1.0,2.0,3.0,4.0,5.0,6.0,7.0,8.0,9.0
1.0,0.0,1.0,2.0,3.0,4.0,5.0,6.0,7.0,8.0
2.0,1.0,0.0,1.0,2.0,3.0,4.0,5.0,6.0,7.0
3.0,2.0,1.0,0.0,1.0,2.0,3.0,4.0,5.0,6.0
4.0,3.0,2.0,1.0,0.0,1.0,2.0,3.0,4.0,5.0
5.0,4.0,3.0,2.0,1.0,0.0,1.0,2.0,3.0,4.0
6.0,5.0,4.0,3.0,2.0,1.0,0.0,1.0,2.0,3.0
7.0,6.0,5.0,4.0,3.0,2.0,1.0,0.0,1.0,2.0
8.0,7.0,6.0,5.0,4.0,3.0,2.0,1.0,0.0,1.0
9.0,8.0,7.0,6.0,5.0,4.0,3.0,2.0,1.0,0.0
45.0,40.0,35.0,30.0,25.0,25.0,30.0,35.0,40.0,45.0
31.0,27.0,41.0,24.0,27.0,32.0,34.0,36.0,32.0,37.0,35.0,40.0,38.0,38.0,25.0,39.0,30.0,32.0,35.0,35.0,34.0,47.0,32.0,25.0,27.0,42.0,31.0,41.0,29.0,36.0,32.0,29.0,32.0,25.0,41.0,32.0,24.0,30.0,36.0,34.0,37.0,35.0,32.0,34.0,32.0,34.0,41.0,29.0,30.0,37.0
39.0,39.0,30.0,32.0,29.0,35.0,43.0,35.0,28.0,39.0,47.0,28.0,37.0,33.0,28.0,36.0,38.0,32.0,28.0,34.0,45.0,31.0,33.0,31.0,39.0,32.0,34.0,33.0,36.0,30.0,33.0,27.0,48.0,29.0,34.0,41.0,34.0,32.0,31.0,45.0,36.0,33.0,32.0,31.0,26.0,36.0,31.0,33.0,43.0,32.0
26.0,24.0,37.0,35.0,40.0,46.0,28.0,34.0,27.0,33.0,35.0,37.0,32.0,30.0,39.0,39.0,29.0,35.0,32.0,35.0,32.0,36.0,32.0,29.0,30.0,34.0,20.0,37.0,35.0,26.0,40.0,23.0,38.0,28.0,39.0,31.0,37.0,42.0,32.0,31.0,31.0,29.0,34.0,23.0,22.0,40.0,30.0,42.0,35.0,28.0
43.0,34.0,34.0,35.0,33.0,26.0,33.0,39.0,34.0,25.0,32.0,42.0,41.0,39.0,36.0,27.0,31.0,33.0,31.0,28.0,30.0,26.0,31.0,35.0,44.0,33.0,35.0,33.0,23.0,36.0,34.0,34.0,35.0,34.0,38.0,27.0,49.0,24.0,40.0,30.0,22.0,34.0,26.0,35.0,38.0,36.0,32.0,32.0,33.0,39.0
34.0,28.0,28.0,38.0,25.0,37.0,28.0,29.0,38.0,33.0,28.0,45.0,37.0,35.0,36.0,35.0,33.0,27.0,33.0,27.0,40.0,26.0,29.0,35.0,32.0,33.0,37.0,28.0,44.0,36.0,34.0,37.0,38.0,23.0,32.0,38.0,31.0,44.0,38.0,32.0,30.0,32.0,33.0,36.0,36.0,32.0,27.0,29.0,34.0,33.0
26.0,35.0,24.0,22.0,34.0,28.0,24.0,38.0,28.0,21.0,31.0,22.0,28.0,15.0,20.0,23.0,30.0,32.0,23.0,36.0,28.0,23.0,22.0,31.0,27.0,32.0,33.0,27.0,32.0,31.0,19.0,21.0,23.0,30.0,23.0,30.0,27.0,24.0,28.0,32.0,31.0,22.0,32.0,35.0,27.0,30.0,37.0,25.0,28.0,26.0
21.0,18.0,15.0,18.0,20.0,24.0,16.0,27.0,27.0,19.0,15.0,22.0,14.0,20.0,20.0,16.0,15.0,23.0,27.0,23.0,22.0,17.0,18.0,17.0,15.0,18.0,26.0,29.0,17.0,26.0,18.0,16.0,19.0,23.0,16.0,20.0,20.0,30.0,13.0,24.0,26.0,20.0,14.0,30.0,20.0,19.0,18.0,22.0,28.0,17.0
27.0,26.0,31.0,29.0,33.0,23.0,24.0,25.0,16.0,30.0,24.0,33.0,31.0,29.0,21.0,25.0,23.0,24.0,27.0,33.0,22.0,20.0,29.0,26.0,24.0,26.0,24.0,24.0,30.0,35.0,32.0,25.0,30.0,30.0,27.0,21.0,27.0,24.0,33.0,28.0,28.0,28.0,24.0,24.0,30.0,34.0,44.0,30.0,23.0,17.0
31.0,27.0,27.0,25.0,26.0,33.0,37.0,31.0,40.0,34.0,23.0,41.0,26.0,28.0,31.0,25.0,26.0,35.0,23.0,34.0,28.0,26.0,36.0,29.0,30.0,24.0,32.0,29.0,35.0,36.0,38.0,36.0,22.0,27.0,24.0,35.0,29.0,22.0,22.0,31.0,33.0,30.0,33.0,28.0,36.0,32.0,32.0,28.0,30.0,30.0
27.0,18.0,22.0,27.0,21.0,33.0,26.0,25.0,18.0,20.0,19.0,16.0,27.0,21.0,24.0,24.0,26.0,32.0,31.0,24.0,30.0,13.0,15.0,21.0,26.0,16.0,25.0,21.0,23.0,22.0,27.0,13.0,15.0,25.0,29.0,21.0,21.0,25.0,21.0,19.0,17.0,22.0,32.0,17.0,29.0,28.0,23.0,20.0,29.0,19.0
