10,50,1000
19.817538,18.261183,18.899892,19.668632,17.102384,16.666847,15.900687,19.983058,19.485069,18.897464
7.189401,9.158373,6.873095,5.217624,5.680876,6.50576,8.692168,8.214574,9.77082,5.043674
0.0,10.0,20.0,30.0,40.0,50.0,60.0,70.0,80.0,90.0
10.0,0.0,10.0,20.0,30.0,40.0,50.0,60.0,70.0,80.0
20.0,10.0,0.0,10.0,20.0,30.0,40.0,50.0,60.0,70.0
30.0,20.0,10.0,0.0,10.0,20.0,30.0,40.0,50.0,60.0
40.0,30.0,20.0,10.0,0.0,10.0,20.0,30.0,40.0,50.0
50.0,40.0,30.0,20.0,10.0,0.0,10.0,20.0,30.0,40.0
60.0,50.0,40.0,30.0,20.0,10.0,0.0,10.0,20.0,30.0
70.0,60.0,50.0,40.0,30.0,20.0,10.0,0.0,10.0,20.0
80.0,70.0,60.0,50.0,40.0,30.0,20.0,10.0,0.0,10.0
90.0,80.0,70.0,60.0,50.0,40.0,30.0,20.0,10.0,0.0
450.0,400.0,350.0,300.0,250.0,250.0,300.0,350.0,400.0,450.0
0.0,1.0,2.0,3.0,4.0,5.0,6.0,7.0,8.0,9.0
1.0,0.0,1.0,2.0,3.0,4.0,5.0,6.0,7.0,8.0
2.0,1.0,0.0,1.0,2.0,3.0,4.0,5.0,6.0,7.0
3.0,2.0,1.0,0.0,1.0,2.0,3.0,4.0,5.0,6.0
4.0,3.0,2.0,1.0,0.0,1.0,2.0,3.0,4.0,5.0
5.0,4.0,3.0,2.0,1.0,0.0,1.0,2.0,3.0,4.0
6.0,5.0,4.0,3.0,2.0,1.0,0.0,1.0,2.0,3.0
7.0,6.0,5.0,4.0,3.0,2.0,1.0,0.0,1.0,2.0
8.0,7.0,6.0,5.0,4.0,3.0,2.0,1.0,0.0,1.0
9.0,8.0,7.0,6.0,5.0,4.0,3.0,2.0,1.0,0.0
45.0,40.0,35.0,30.0,25.0,25.0,30.0,35.0,40.0,45.0
33.0,20.0,20.0,31.0,26.0,22.0,23.0,41.0,22.0,22.0,23.0,27.0,22.0,33.0,30.0,31.0,35.0,29.0,29.0,17.0,36.0,25.0,32.0,43.0,32.0,27.0,25.0,21.0,22.0,29.0,27.0,31.0,26.0,38.0,36.0,35.0,32.0,36.0,29.0,27.0,22.0,23.0,30.0,26.0,27.0,26.0,23.0,38.0,39.0,33.0
27.0,39.0,31.0,44.0,30.0,36.0,29.0,39.0,35.0,26.0,32.0,35.0,30.0,32.0,29.0,43.0,34.0,33.0,39.0,40.0,27.0,28.0,39.0,28.0,38.0,37.0,40.0,39.0,39.0,42.0,40.0,34.0,40.0,39.0,33.0,40.0,36.0,34.0,31.0,38.0,34.0,38.0,27.0,45.0,30.0,38.0,33.0,33.0,28.0,38.0
26.0,24.0,25.0,27.0,22.0,26.0,27.0,25.0,23.0,23.0,27.0,35.0,21.0,29.0,22.0,26.0,30.0,21.0,22.0,24.0,31.0,30.0,23.0,33.0,30.0,29.0,31.0,26.0,30.0,27.0,26.0,33.0,24.0,29.0,30.0,22.0,38.0,29.0,18.0,26.0,23.0,28.0,35.0,19.0,27.0,29.0,28.0,12.0,23.0,28.0
21.0,19.0,11.0,16.0,14.0,17.0,22.0,33.0,23.0,16.0,23.0,19.0,24.0,10.0,19.0,19.0,26.0,27.0,19.0,30.0,31.0,19.0,12.0,19.0,21.0,23.0,25.0,25.0,21.0,21.0,15.0,18.0,26.0,20.0,16.0,26.0,22.0,23.0,20.0,16.0,20.0,24.0,24.0,24.0,19.0,31.0,18.0,14.0,17.0,22.0
24.0,24.0,27.0,25.0,27.0,32.0,22.0,23.0,18.0,27.0,23.0,26.0,22.0,20.0,27.0,23.0,24.0,26.0,26.0,26.0,22.0,22.0,25.0,16.0,28.0,29.0,27.0,24.0,29.0,18.0,27.0,25.0,22.0,25.0,25.0,21.0,19.0,21.0,25.0,20.0,36.0,22.0,19.0,21.0,19.0,18.0,26.0,28.0,17.0,22.0
23.0,25.0,28.0,24.0,29.0,26.0,25.0,36.0,29.0,25.0,28.0,27.0,28.0,28.0,21.0,18.0,26.0,15.0,29.0,31.0,28.0,23.0,24.0,22.0,30.0,24.0,26.0,27.0,24.0,33.0,22.0,34.0,24.0,26.0,26.0,24.0,19.0,30.0,21.0,20.0,20.0,17.0,32.0,28.0,31.0,23.0,19.0,16.0,25.0,22.0
31.0,30.0,21.0,37.0,27.0,36.0,34.0,31.0,26.0,31.0,25.0,44.0,33.0,42.0,34.0,38.0,31.0,27.0,40.0,25.0,28.0,30.0,31.0,25.0,25.0,23.0,33.0,43.0,31.0,25.0,29.0,34.0,32.0,39.0,23.0,27.0,27.0,41.0,31.0,32.0,32.0,39.0,33.0,39.0,33.0,32.0,24.0,41.0,39.0,29.0
24.0,26.0,32.0,30.0,37.0,39.0,33.0,32.0,27.0,30.0,33.0,35.0,35.0,21.0,37.0,27.0,30.0,31.0,26.0,20.0,32.0,45.0,33.0,32.0,29.0,39.0,25.0,40.0,30.0,38.0,41.0,29.0,34.0,32.0,37.0,33.0,23.0,38.0,33.0,37.0,33.0,19.0,29.0,29.0,29.0,30.0,32.0,43.0,29.0,28.0
44.0,42.0,40.0,47.0,33.0,35.0,39.0,25.0,38.0,47.0,40.0,34.0,43.0,32.0,36.0,43.0,39.0,32.0,43.0,32.0,44.0,34.0,37.0,30.0,31.0,44.0,39.0,45.0,30.0,48.0,36.0,34.0,37.0,42.0,34.0,36.0,41.0,50.0,34.0,49.0,43.0,43.0,40.0,38.0,32.0,39.0,29.0,40.0,35.0,30.0
28.0,16.0,25.0,29.0,19.0,21.0,27.0,17.0,25.0,22.0,23.0,18.0,29.0,20.0,17.0,17.0,23.0,28.0,21.0,22.0,28.0,24.0,22.0,20.0,15.0,25.0,22.0,18.0,19.0,14.0,16.0,22.0,27.0,12.0,23.0,23.0,15.0,24.0,17.0,26.0,24.0,30.0,24.0,21.0,26.0,33.0,16.0,27.0,19.0,24.0
