10,50,1000
18.20184,18.215034,19.904311,17.802202,17.808066,15.056631,16.794127,16.425546,17.475628,18.703069
8.869273,7.227133,9.964342,9.048309,7.112725,6.85311,9.928314,9.891784,8.90836,8.892365
0.0,10.0,20.0,30.0,40.0,50.0,60.0,70.0,80.0,90.0
10.0,0.0,10.0,20.0,30.0,40.0,50.0,60.0,70.0,80.0
20.0,10.0,0.0,10.0,20.0,30.0,40.0,50.0,60.0,70.0
30.0,20.0,10.0,0.0,10.0,20.0,30.0,40.0,50.0,60.0
40.0,30.0,20.0,10.0,0.0,10.0,20.0,30.0,40.0,50.0
50.0,40.0,30.0,20.0,10.0,0.0,10.0,20.0,30.0,40.0
60.0,50.0,40.0,30.0,20.0,10.0,0.0,10.0,20.0,30.0
70.0,60.0,50.0,40.0,30.0,20.0,10.0,0.0,10.0,20.0
80.0,70.0,60.0,50.0,40.0,30.0,20.0,10.0,0.0,10.0
90.0,80.0,70.0,60.0,50.0,40.0,30.0,20.0,10.0,0.0
450.0,400.0,350.0,300.0,250.0,250.0,300.0,350.0,400.0,450.0
0.0,1.0,2.0,3.0,4.0,5.0,6.0,7.0,8.0,9.0
1.0,0.0,1.0,2.0,3.0,4.0,5.0,6.0,7.0,8.0
2.0,1.0,0.0,1.0,2.0,3.0,4.0,5.0,6.0,7.0
3.0,2.0,1.0,0.0,1.0,2.0,3.0,4.0,5.0,6.0
4.0,3.0,2.0,1.0,0.0,1.0,2.0,3.0,4.0,5.0
5.0,4.0,3.0,2.0,1.0,0.0,1.0,2.0,3.0,4.0
6.0,5.0,4.0,3.0,2.0,1.0,0.0,1.0,2.0,3.0
7.0,6.0,5.0,4.0,3.0,2.0,1.0,0.0,1.0,2.0
8.0,7.0,6.0,5.0,4.0,3.0,2.0,1.0,0.0,1.0
9.0,8.0,7.0,6.0,5.0,4.0,3.0,2.0,1.0,0.0
45.0,40.0,35.0,30.0,25.0,25.0,30.0,35.0,40.0,45.0
29.0,36.0,27.0,34.0,35.0,33.0,26.0,36.0,35.0,39.0,31.0,40.0,33.0,29.0,34.0,24.0,23.0,32.0,29.0,28.0,34.0,39.0,35.0,38.0,35.0,29.0,34.0,36.0,40.0,37.0,40.0,32.0,39.0,25.0,40.0,28.0,41.0,27.0,28.0,29.0,29.0,34.0,37.0,44.0,31.0,33.0,35.0,34.0,25.0,35.0
29.0,30.0,26.0,39.0,26.0,27.0,35.0,27.0,28.0,18.0,36.0,20.0,25.0,27.0,25.0,23.0,28.0,29.0,23.0,21.0,34.0,36.0,29.0,21.0,26.0,34.0,28.0,28.0,32.0,31.0,26.0,23.0,25.0,32.0,17.0,37.0,21.0,32.0,24.0,42.0,27.0,25.0,29.0,30.0,33.0,36.0,26.0,20.0,32.0,22.0
26.0,48.0,37.0,36.0,33.0,51.0,36.0,40.0,36.0,38.0,43.0,47.0,48.0,42.0,36.0,33.0,44.0,49.0,42.0,24.0,35.0,37.0,26.0,24.0,39.0,34.0,36.0,33.0,41.0,45.0,33.0,32.0,33.0,51.0,22.0,31.0,40.0,38.0,39.0,35.0,33.0,29.0,33.0,45.0,42.0,22.0,47.0,21.0,34.0,33.0
39.0,31.0,35.0,32.0,32.0,31.0,41.0,28.0,33.0,47.0,34.0,33.0,36.0,27.0,46.0,27.0,34.0,35.0,21.0,24.0,33.0,22.0,23.0,24.0,39.0,32.0,36.0,33.0,38.0,35.0,30.0,33.0,31.0,33.0,30.0,41.0,39.0,29.0,30.0,43.0,32.0,26.0,22.0,29.0,23.0,27.0,31.0,39.0,33.0,40.0
29.0,27.0,27.0,27.0,32.0,26.0,30.0,26.0,31.0,25.0,28.0,21.0,26.0,33.0,23.0,33.0,30.0,24.0,25.0,36.0,24.0,30.0,32.0,27.0,32.0,29.0,37.0,26.0,31.0,41.0,37.0,29.0,19.0,26.0,37.0,30.0,31.0,26.0,25.0,28.0,35.0,23.0,27.0,25.0,29.0,31.0,30.0,33.0,25.0,20.0
24.0,36.0,28.0,16.0,21.0,18.0,28.0,19.0,27.0,26.0,33.0,32.0,17.0,18.0,28.0,21.0,36.0,18.0,22.0,35.0,25.0,38.0,29.0,30.0,26.0,16.0,14.0,28.0,33.0,27.0,25.0,20.0,40.0,27.0,22.0,27.0,23.0,25.0,27.0,27.0,21.0,16.0,22.0,23.0,21.0,28.0,23.0,25.0,20.0,25.0
39.0,45.0,31.0,45.0,31.0,40.0,35.0,30.0,35.0,32.0,34.0,29.0,41.0,35.0,40.0,33.0,38.0,27.0,38.0,34.0,34.0,41.0,29.0,39.0,28.0,39.0,39.0,32.0,23.0,34.0,23.0,29.0,38.0,36.0,30.0,42.0,43.0,33.0,32.0,45.0,29.0,36.0,40.0,37.0,32.0,33.0,44.0,41.0,44.0,30.0
30.0,29.0,27.0,39.0,34.0,29.0,39.0,32.0,40.0,46.0,34.0,29.0,46.0,42.0,33.0,34.0,28.0,29.0,38.0,33.0,30.0,43.0,30.0,41.0,39.0,29.0,29.0,34.0,28.0,41.0,41.0,34.0,32.0,38.0,32.0,27.0,39.0,42.0,37.0,32.0,34.0,36.0,35.0,24.0,44.0,38.0,40.0,28.0,39.0,40.0
23.0,32.0,29.0,32.0,30.0,41.0,42.0,29.0,37.0,31.0,34.0,47.0,28.0,41.0,30.0,37.0,40.0,31.0,35.0,35.0,47.0,42.0,34.0,27.0,29.0,42.0,35.0,29.0,27.0,29.0,24.0,38.0,24.0,42.0,39.0,26.0,26.0,34.0,28.0,43.0,27.0,35.0,39.0,29.0,38.0,33.0,24.0,30.0,40.0,28.0
49.0,35.0,41.0,20.0,33.0,39.0,41.0,37.0,34.0,32.0,27.0,34.0,35.0,35.0,44.0,31.0,34.0,43.0,34.0,41.0,37.0,36.0,26.0,35.0,43.0,31.0,31.0,27.0,35.0,36.0,30.0,27.0,42.0,30.0,31.0,34.0,34.0,44.0,27.0,31.0,34.0,37.0,34.0,27.0,33.0,30.0,43.0,33.0,36.0,39.0
