10,50,1000
19.467858,19.516891,16.809402,15.120159,16.267789,19.35155,15.373868,16.981984,19.193874,19.239503
7.153171,5.060128,9.593459,6.764567,8.929728,6.919539,8.034967,9.353765,9.264483,8.446317
0.0,10.0,20.0,30.0,40.0,50.0,60.0,70.0,80.0,90.0
10.0,0.0,10.0,20.0,30.0,40.0,50.0,60.0,70.0,80.0
20.0,10.0,0.0,10.0,20.0,30.0,40.0,50.0,60.0,70.0
30.0,20.0,10.0,0.0,10.0,20.0,30.0,40.0,50.0,60.0
40.0,30.0,20.0,10.0,0.0,10.0,20.0,30.0,40.0,50.0
50.0,40.0,30.0,20.0,10.0,0.0,10.0,20.0,30.0,40.0
60.0,50.0,40.0,30.0,20.0,10.0,0.0,10.0,20.0,30.0
70.0,60.0,50.0,40.0,30.0,20.0,10.0,0.0,10.0,20.0
80.0,70.0,60.0,50.0,40.0,30.0,20.0,10.0,0.0,10.0
90.0,80.0,70.0,60.0,50.0,40.0,30.0,20.0,10.0,0.0
450.0,400.0,350.0,300.0,250.0,250.0,300.0,350.0,400.0,450.0
0.0,1.0,2.0,3.0,4.0,5.0,6.0,7.0,8.0,9.0
1.0,0.0,1.0,2.0,3.0,4.0,5.0,6.0,7.0,8.0
2.0,1.0,0.0,1.0,2.0,3.0,4.0,5.0,6.0,7.0
3.0,2.0,1.0,0.0,1.0,2.0,3.0,4.0,5.0,6.0
4.0,3.0,2.0,1.0,0.0,1.0,2.0,3.0,4.0,5.0
5.0,4.0,3.0,2.0,1.0,0.0,1.0,2.0,3.0,4.0
6.0,5.0,4.0,3.0,2.0,1.0,0.0,1.0,2.0,3.0
7.0,6.0,5.0,4.0,3.0,2.0,1.0,0.0,1.0,2.0
8.0,7.0,6.0,5.0,4.0,3.0,2.0,1.0,0.0,1.0
9.0,8.0,7.0,6.0,5.0,4.0,3.0,2.0,1.0,0.0
45.0,40.0,35.0,30.0,25.0,25.0,30.0,35.0,40.0,45.0
32.0,20.0,30.0,29.0,24.0,33.0,23.0,23.0,31.0,37.0,31.0,29.0,29.0,29.0,34.0,22.0,30.0,22.0,32.0,30.0,31.0,20.0,37.0,28.0,30.0,22.0,26.0,27.0,32.0,35.0,33.0,30.0,25.0,29.0,22.0,27.0,23.0,27.0,31.0,26.0,26.0,29.0,26.0,27.0,31.0,33.0,32.0,37.0,26.0,24.0
25.0,14.0,22.0,23.0,29.0,22.0,26.0,18.0,32.0,22.0,32.0,22.0,25.0,27.0,23.0,23.0,11.0,29.0,24.0,27.0,25.0,20.0,20.0,25.0,16.0,19.0,18.0,24.0,23.0,26.0,19.0,16.0,23.0,19.0,21.0,20.0,21.0,27.0,21.0,18.0,16.0,19.0,20.0,25.0,23.0,21.0,22.0,25.0,20.0,17.0
37.0,37.0,39.0,37.0,39.0,24.0,39.0,36.0,38.0,30.0,39.0,37.0,43.0,25.0,37.0,27.0,52.0,43.0,37.0,27.0,36.0,30.0,38.0,39.0,31.0,30.0,33.0,41.0,41.0,26.0,44.0,45.0,33.0,36.0,41.0,28.0,32.0,35.0,36.0,41.0,30.0,38.0,31.0,44.0,36.0,28.0,33.0,30.0,32.0,46.0
25.0,28.0,25.0,22.0,21.0,31.0,21.0,27.0,30.0,28.0,24.0,30.0,35.0,31.0,29.0,30.0,34.0,31.0,29.0,27.0,29.0,27.0,25.0,22.0,22.0,29.0,32.0,21.0,27.0,41.0,24.0,30.0,23.0,34.0,30.0,25.0,21.0,39.0,30.0,26.0,27.0,33.0,21.0,23.0,21.0,37.0,33.0,17.0,35.0,31.0
36.0,44.0,44.0,31.0,40.0,35.0,34.0,34.0,41.0,39.0,29.0,29.0,35.0,41.0,27.0,32.0,31.0,39.0,38.0,25.0,30.0,25.0,41.0,33.0,37.0,28.0,40.0,31.0,27.0,40.0,27.0,31.0,40.0,32.0,26.0,31.0,45.0,39.0,28.0,26.0,36.0,34.0,40.0,35.0,25.0,33.0,22.0,29.0,40.0,26.0
28.0,33.0,35.0,28.0,32.0,35.0,27.0,37.0,21.0,23.0,30.0,32.0,35.0,33.0,24.0,27.0,31.0,30.0,32.0,23.0,28.0,30.0,31.0,30.0,30.0,40.0,25.0,33.0,22.0,32.0,23.0,34.0,24.0,17.0,17.0,35.0,24.0,32.0,31.0,31.0,39.0,27.0,35.0,21.0,32.0,41.0,17.0,11.0,22.0,28.0
33.0,27.0,28.0,29.0,29.0,25.0,24.0,31.0,23.0,25.0,32.0,31.0,35.0,29.0,32.0,35.0,32.0,26.0,25.0,30.0,28.0,36.0,33.0,36.0,37.0,36.0,25.0,25.0,30.0,37.0,34.0,29.0,33.0,35.0,27.0,27.0,28.0,33.0,32.0,44.0,17.0,35.0,29.0,25.0,27.0,36.0,38.0,26.0,28.0,23.0
47.0,34.0,36.0,24.0,33.0,35.0,42.0,37.0,31.0,41.0,32.0,32.0,37.0,32.0,26.0,27.0,39.0,35.0,40.0,39.0,36.0,34.0,43.0,25.0,25.0,22.0,35.0,35.0,38.0,46.0,30.0,31.0,31.0,36.0,38.0,27.0,31.0,32.0,37.0,24.0,43.0,37.0,35.0,33.0,28.0,39.0,44.0,49.0,30.0,30.0
37.0,35.0,31.0,37.0,34.0,28.0,27.0,44.0,40.0,30.0,40.0,37.0,31.0,41.0,38.0,42.0,27.0,39.0,31.0,39.0,49.0,41.0,38.0,34.0,31.0,35.0,33.0,40.0,32.0,34.0,26.0,31.0,28.0,31.0,34.0,41.0,36.0,31.0,29.0,27.0,29.0,36.0,27.0,37.0,33.0,41.0,37.0,36.0,41.0,37.0
35.0,33.0,31.0,28.0,32.0,37.0,24.0,38.0,28.0,30.0,36.0,29.0,25.0,26.0,40.0,29.0,27.0,32.0,30.0,19.0,25.0,24.0,34.0,29.0,28.0,29.0,26.0,31.0,24.0,44.0,32.0,35.0,23.0,32.0,33.0,24.0,40.0,26.0,41.0,29.0,33.0,35.0,37.0,30.0,20.0,39.0,40.0,25.0,45.0,30.0
