10,50,1000
16.466891,16.867259,16.202197,15.86941,17.814856,19.947494,18.062054,15.957446,17.782199,15.826208
5.805058,9.643939,6.385662,8.85707,9.213443,8.107093,7.372855,8.92044,6.800831,7.665233
0.0,10.0,20.0,30.0,40.0,50.0,60.0,70.0,80.0,90.0
10.0,0.0,10.0,20.0,30.0,40.0,50.0,60.0,70.0,80.0
20.0,10.0,0.0,10.0,20.0,30.0,40.0,50.0,60.0,70.0
30.0,20.0,10.0,0.0,10.0,20.0,30.0,40.0,50.0,60.0
40.0,30.0,20.0,10.0,0.0,10.0,20.0,30.0,40.0,50.0
50.0,40.0,30.0,20.0,10.0,0.0,10.0,20.0,30.0,40.0
60.0,50.0,40.0,30.0,20.0,10.0,0.0,10.0,20.0,30.0
70.0,60.0,50.0,40.0,30.0,20.0,10.0,0.0,10.0,20.0
80.0,70.0,60.0,50.0,40.0,30.0,20.0,10.0,0.0,10.0
90.0,80.0,70.0,60.0,50.0,40.0,30.0,20.0,10.0,0.0
450.0,400.0,350.0,300.0,250.0,250.0,300.0,350.0,400.0,450.0
0.0,1.0,2.0,3.0,4.0,5.0,6.0,7.0,8.0,9.0
1.0,0.0,1.0,2.0,3.0,4.0,5.0,6.0,7.0,8.0
2.0,1.0,0.0,1.0,2.0,3.0,4.0,5.0,6.0,7.0
3.0,2.0,1.0,0.0,1.0,2.0,3.0,4.0,5.0,6.0
4.0,3.0,2.0,1.0,0.0,1.0,2.0,3.0,4.0,5.0
5.0,4.0,3.0,2.0,1.0,0.0,1.0,2.0,3.0,4.0
6.0,5.0,4.0,3.0,2.0,1.0,0.0,1.0,2.0,3.0
7.0,6.0,5.0,4.0,3.0,2.0,1.0,0.0,1.0,2.0
8.0,7.0,6.0,5.0,4.0,3.0,2.0,1.0,0.0,1.0
9.0,8.0,7.0,6.0,5.0,4.0,3.0,2.0,1.0,0.0
45.0,40.0,35.0,30.0,25.0,25.0,30.0,35.0,40.0,45.0
20.0,16.0,32.0,21.0,21.0,20.0,31.0,20.0,19.0,19.0,16.0,20.0,16.0,32.0,28.0,12.0,24.0,17.0,22.0,20.0,17.0,22.0,20.0,18.0,16.0,24.0,25.0,12.0,28.0,24.0,20.0,31.0,30.0,19.0,24.0,20.0,30.0,17.0,26.0,28.0,34.0,30.0,19.0,22.0,26.0,27.0,28.0,15.0,26.0,26.0
38.0,27.0,30.0,34.0,34.0,40.0,34.0,28.0,27.0,25.0,38.0,47.0,35.0,42.0,32.0,34.0,28.0,33.0,33.0,34.0,35.0,29.0,28.0,39.0,43.0,29.0,30.0,31.0,38.0,28.0,26.0,25.0,30.0,45.0,38.0,36.0,25.0,30.0,25.0,33.0,39.0,33.0,41.0,34.0,34.0,40.0,34.0,25.0,36.0,40.0
24.0,23.0,26.0,23.0,38.0,28.0,24.0,33.0,26.0,20.0,25.0,23.0,23.0,23.0,23.0,29.0,26.0,31.0,34.0,25.0,29.0,28.0,31.0,18.0,16.0,23.0,22.0,22.0,28.0,35.0,30.0,20.0,30.0,32.0,34.0,28.0,33.0,24.0,21.0,33.0,25.0,26.0,27.0,33.0,22.0,24.0,18.0,23.0,25.0,24.0
45.0,27.0,26.0,33.0,40.0,35.0,35.0,31.0,28.0,23.0,41.0,39.0,45.0,36.0,30.0,35.0,33.0,27.0,23.0,26.0,39.0,39.0,40.0,36.0,31.0,28.0,22.0,39.0,27.0,34.0,32.0,33.0,44.0,30.0,36.0,31.0,27.0,30.0,30.0,40.0,35.0,24.0,28.0,25.0,22.0,31.0,35.0,30.0,28.0,34.0
24.0,27.0,44.0,40.0,43.0,34.0,42.0,38.0,24.0,42.0,35.0,34.0,29.0,37.0,27.0,45.0,33.0,32.0,33.0,31.0,25.0,29.0,37.0,38.0,44.0,43.0,26.0,31.0,26.0,34.0,28.0,29.0,37.0,43.0,22.0,35.0,37.0,41.0,32.0,37.0,36.0,37.0,25.0,40.0,30.0,26.0,42.0,26.0,29.0,41.0
43.0,33.0,31.0,31.0,29.0,26.0,23.0,28.0,33.0,26.0,28.0,34.0,37.0,25.0,22.0,32.0,28.0,33.0,26.0,24.0,33.0,34.0,30.0,40.0,34.0,34.0,37.0,23.0,27.0,41.0,34.0,24.0,39.0,29.0,31.0,28.0,33.0,41.0,24.0,31.0,33.0,25.0,34.0,29.0,39.0,48.0,29.0,37.0,34.0,36.0
28.0,24.0,29.0,34.0,24.0,30.0,28.0,35.0,30.0,20.0,27.0,33.0,30.0,22.0,29.0,24.0,26.0,29.0,32.0,30.0,26.0,23.0,30.0,26.0,29.0,30.0,33.0,36.0,44.0,28.0,19.0,32.0,33.0,29.0,27.0,27.0,39.0,26.0,25.0,24.0,30.0,33.0,37.0,32.0,33.0,25.0,34.0,30.0,39.0,28.0
24.0,30.0,32.0,38.0,34.0,35.0,36.0,42.0,40.0,36.0,41.0,41.0,32.0,44.0,34.0,29.0,30.0,35.0,25.0,40.0,35.0,27.0,28.0,31.0,34.0,34.0,35.0,43.0,40.0,27.0,24.0,38.0,40.0,38.0,33.0,33.0,28.0,26.0,32.0,29.0,28.0,33.0,27.0,37.0,39.0,34.0,34.0,27.0,33.0,24.0
20.0,21.0,23.0,25.0,29.0,32.0,29.0,27.0,20.0,27.0,19.0,31.0,35.0,27.0,26.0,29.0,33.0,22.0,21.0,34.0,28.0,26.0,22.0,25.0,23.0,34.0,30.0,21.0,30.0,29.0,18.0,25.0,27.0,27.0,31.0,27.0,28.0,24.0,22.0,33.0,35.0,21.0,26.0,32.0,26.0,27.0,30.0,25.0,19.0,26.0
27.0,36.0,33.0,19.0,33.0,27.0,33.0,40.0,27.0,30.0,30.0,25.0,27.0,34.0,26.0,23.0,25.0,27.0,34.0,34.0,43.0,36.0,31.0,33.0,22.0,29.0,35.0,36.0,50.0,26.0,32.0,25.0,25.0,20.0,23.0,36.0,29.0,22.0,34.0,27.0,36.0,28.0,30.0,21.0,26.0,24.0,28.0,23.0,21.0,42.0
