10,50,1000
15.304866,15.566217,18.833718,19.750789,15.489015,19.569806,15.425859,17.140179,19.72194,17.355835
7.462059,6.091931,9.337831,5.479999,9.21041,6.524357,5.569633,9.678551,7.56175,7.792778
0.0,10.0,20.0,30.0,40.0,50.0,60.0,70.0,80.0,90.0
10.0,0.0,10.0,20.0,30.0,40.0,50.0,60.0,70.0,80.0
20.0,10.0,0.0,10.0,20.0,30.0,40.0,50.0,60.0,70.0
30.0,20.0,10.0,0.0,10.0,20.0,30.0,40.0,50.0,60.0
40.0,30.0,20.0,10.0,0.0,10.0,20.0,30.0,40.0,50.0
50.0,40.0,30.0,20.0,10.0,0.0,10.0,20.0,30.0,40.0
60.0,50.0,40.0,30.0,20.0,10.0,0.0,10.0,20.0,30.0
70.0,60.0,50.0,40.0,30.0,20.0,10.0,0.0,10.0,20.0
80.0,70.0,60.0,50.0,40.0,30.0,20.0,10.0,0.0,10.0
90.0,80.0,70.0,60.0,50.0,40.0,30.0,20.0,10.0,0.0
450.0,400.0,350.0,300.0,250.0,250.0,300.0,350.0,400.0,450.0
0.0,1.0,2.0,3.0,4.0,5.0,6.0,7.0,8.0,9.0
1.0,0.0,1.0,2.0,3.0,4.0,5.0,6.0,7.0,8.0
2.0,1.0,0.0,1.0,2.0,3.0,4.0,5.0,6.0,7.0
3.0,2.0,1.0,0.0,1.0,2.0,3.0,4.0,5.0,6.0
4.0,3.0,2.0,1.0,0.0,1.0,2.0,3.0,4.0,5.0
5.0,4.0,3.0,2.0,1.0,0.0,1.0,2.0,3.0,4.0
6.0,5.0,4.0,3.0,2.0,1.0,0.0,1.0,2.0,3.0
7.0,6.0,5.0,4.0,3.0,2.0,1.0,0.0,1.0,2.0
8.0,7.0,6.0,5.0,4.0,3.0,2.0,1.0,0.0,1.0
9.0,8.0,7.0,6.0,5.0,4.0,3.0,2.0,1.0,0.0
45.0,40.0,35.0,30.0,25.0,25.0,30.0,35.0,40.0,45.0
24.0,22.0,33.0,33.0,23.0,37.0,32.0,21.0,29.0,24.0,29.0,21.0,36.0,24.0,32.0,23.0,29.0,30.0,22.0,36.0,41.0,28.0,28.0,29.0,32.0,14.0,26.0,28.0,32.0,28.0,37.0,44.0,33.0,22.0,28.0,27.0,26.0,29.0,32.0,26.0,26.0,24.0,29.0,32.0,28.0,24.0,33.0,29.0,26.0,26.0
21.0,24.0,24.0,26.0,20.0,17.0,25.0,28.0,18.0,30.0,14.0,27.0,33.0,17.0,28.0,27.0,28.0,15.0,23.0,15.0,31.0,26.0,23.0,24.0,20.0,21.0,24.0,38.0,28.0,27.0,20.0,30.0,26.0,20.0,20.0,25.0,27.0,21.0,20.0,29.0,21.0,18.0,23.0,32.0,21.0,24.0,23.0,29.0,28.0,30.0
38.0,42.0,37.0,37.0,38.0,38.0,34.0,37.0,32.0,28.0,41.0,34.0,27.0,36.0,43.0,31.0,33.0,37.0,34.0,30.0,30.0,31.0,43.0,30.0,36.0,32.0,31.0,39.0,34.0,35.0,29.0,38.0,28.0,40.0,31.0,28.0,40.0,30.0,40.0,35.0,33.0,42.0,38.0,44.0,31.0,28.0,31.0,31.0,37.0,36.0
24.0,8.0,32.0,23.0,24.0,21.0,24.0,26.0,17.0,24.0,17.0,17.0,20.0,25.0,21.0,28.0,22.0,23.0,25.0,23.0,28.0,26.0,17.0,18.0,20.0,28.0,21.0,20.0,19.0,24.0,23.0,21.0,24.0,28.0,20.0,19.0,13.0,26.0,22.0,26.0,20.0,31.0,19.0,31.0,33.0,30.0,20.0,25.0,22.0,13.0
36.0,31.0,42.0,21.0,33.0,28.0,36.0,27.0,34.0,38.0,49.0,36.0,36.0,32.0,34.0,38.0,36.0,37.0,29.0,29.0,34.0,41.0,29.0,44.0,27.0,35.0,28.0,35.0,29.0,39.0,41.0,32.0,24.0,38.0,29.0,26.0,34.0,29.0,37.0,32.0,22.0,28.0,41.0,23.0,21.0,36.0,36.0,36.0,35.0,43.0
22.0,20.0,22.0,37.0,35.0,27.0,22.0,24.0,29.0,26.0,20.0,25.0,15.0,31.0,21.0,22.0,27.0,25.0,22.0,32.0,18.0,28.0,32.0,21.0,25.0,21.0,29.0,30.0,27.0,31.0,32.0,32.0,31.0,24.0,26.0,34.0,18.0,12.0,31.0,27.0,18.0,24.0,26.0,29.0,20.0,32.0,26.0,31.0,30.0,23.0
22.0,16.0,24.0,17.0,23.0,23.0,20.0,25.0,24.0,25.0,20.0,25.0,13.0,25.0,24.0,23.0,21.0,28.0,18.0,27.0,28.0,25.0,23.0,16.0,26.0,22.0,15.0,27.0,20.0,19.0,27.0,18.0,19.0,29.0,34.0,24.0,19.0,32.0,10.0,20.0,24.0,17.0,31.0,22.0,24.0,18.0,24.0,10.0,16.0,28.0
42.0,43.0,35.0,38.0,34.0,43.0,39.0,39.0,28.0,45.0,29.0,37.0,44.0,31.0,33.0,38.0,41.0,29.0,31.0,33.0,33.0,29.0,33.0,43.0,37.0,32.0,29.0,32.0,33.0,34.0,36.0,25.0,38.0,38.0,30.0,28.0,54.0,32.0,38.0,29.0,35.0,40.0,34.0,40.0,45.0,32.0,47.0,27.0,40.0,35.0
32.0,37.0,26.0,33.0,30.0,36.0,35.0,31.0,20.0,25.0,34.0,24.0,31.0,24.0,37.0,27.0,26.0,16.0,29.0,28.0,28.0,34.0,31.0,32.0,24.0,35.0,25.0,23.0,26.0,25.0,36.0,30.0,24.0,36.0,28.0,38.0,30.0,29.0,27.0,23.0,35.0,34.0,25.0,23.0,45.0,30.0,29.0,27.0,28.0,30.0
25.0,30.0,39.0,37.0,30.0,44.0,30.0,45.0,29.0,33.0,39.0,24.0,23.0,37.0,30.0,29.0,30.0,28.0,39.0,41.0,32.0,25.0,38.0,22.0,28.0,33.0,36.0,30.0,33.0,28.0,27.0,35.0,25.0,35.0,30.0,28.0,49.0,25.0,26.0,25.0,35.0,24.0,36.0,30.0,27.0,41.0,30.0,38.0,33.0,31.0
