10,50,1000
18.481109,19.455308,16.569667,18.504514,16.735511,19.136441,15.875998,17.588048,15.908629,16.023153
7.324669,8.754216,7.952673,6.209475,5.913222,6.345098,5.646314,6.040052,6.533519,8.354021
0.0,10.0,20.0,30.0,40.0,50.0,60.0,70.0,80.0,90.0
10.0,0.0,10.0,20.0,30.0,40.0,50.0,60.0,70.0,80.0
20.0,10.0,0.0,10.0,20.0,30.0,40.0,50.0,60.0,70.0
30.0,20.0,10.0,0.0,10.0,20.0,30.0,40.0,50.0,60.0
40.0,30.0,20.0,10.0,0.0,10.0,20.0,30.0,40.0,50.0
50.0,40.0,30.0,20.0,10.0,0.0,10.0,20.0,30.0,40.0
60.0,50.0,40.0,30.0,20.0,10.0,0.0,10.0,20.0,30.0
70.0,60.0,50.0,40.0,30.0,20.0,10.0,0.0,10.0,20.0
80.0,70.0,60.0,50.0,40.0,30.0,20.0,10.0,0.0,10.0
90.0,80.0,70.0,60.0,50.0,40.0,30.0,20.0,10.0,0.0
450.0,400.0,350.0,300.0,250.0,250.0,300.0,350.0,400.0,450.0
0.0,1.0,2.0,3.0,4.0,5.0,6.0,7.0,8.0,9.0
1.0,0.0,1.0,2.0,3.0,4.0,5.0,6.0,7.0,8.0
2.0,1.0,0.0,1.0,2.0,3.0,4.0,5.0,6.0,7.0
3.0,2.0,1.0,0.0,1.0,2.0,3.0,4.0,5.0,6.0
4.0,3.0,2.0,1.0,0.0,1.0,2.0,3.0,4.0,5.0
5.0,4.0,3.0,2.0,1.0,0.0,1.0,2.0,3.0,4.0
6.0,5.0,4.0,3.0,2.0,1.0,0.0,1.0,2.0,3.0
7.0,6.0,5.0,4.0,3.0,2.0,1.0,0.0,1.0,2.0
8.0,7.0,6.0,5.0,4.0,3.0,2.0,1.0,0.0,1.0
9.0,8.0,7.0,6.0,5.0,4.0,3.0,2.0,1.0,0.0
45.0,40.0,35.0,30.0,25.0,25.0,30.0,35.0,40.0,45.0
26.0,31.0,37.0,27.0,31.0,28.0,31.0,34.0,30.0,26.0,28.0,28.0,34.0,24.0,24.0,29.0,27.0,32.0,24.0,26.0,27.0,31.0,28.0,26.0,37.0,24.0,39.0,17.0,24.0,32.0,27.0,34.0,21.0,24.0,34.0,34.0,25.0,27.0,31.0,31.0,19.0,26.0,34.0,26.0,42.0,24.0,24.0,31.0,21.0,20.0
29.0,37.0,23.0,51.0,36.0,44.0,39.0,32.0,29.0,41.0,32.0,26.0,29.0,41.0,44.0,32.0,30.0,36.0,40.0,40.0,45.0,29.0,31.0,34.0,31.0,36.0,26.0,32.0,30.0,30.0,42.0,34.0,27.0,24.0,29.0,35.0,30.0,31.0,47.0,37.0,29.0,30.0,31.0,37.0,38.0,46.0,31.0,35.0,22.0,33.0
27.0,24.0,31.0,45.0,25.0,35.0,34.0,27.0,28.0,33.0,24.0,33.0,25.0,25.0,29.0,28.0,20.0,25.0,29.0,20.0,33.0,41.0,40.0,34.0,37.0,32.0,30.0,21.0,30.0,24.0,30.0,33.0,33.0,19.0,27.0,35.0,35.0,31.0,34.0,34.0,33.0,29.0,19.0,25.0,26.0,23.0,25.0,31.0,28.0,28.0
19.0,18.0,25.0,25.0,25.0,29.0,23.0,26.0,21.0,23.0,34.0,24.0,26.0,21.0,17.0,23.0,21.0,29.0,19.0,24.0,24.0,24.0,22.0,15.0,19.0,21.0,28.0,27.0,20.0,36.0,23.0,24.0,21.0,40.0,14.0,25.0,24.0,29.0,18.0,32.0,20.0,28.0,23.0,22.0,29.0,23.0,27.0,32.0,33.0,29.0
30.0,24.0,24.0,14.0,22.0,32.0,34.0,12.0,18.0,22.0,28.0,26.0,27.0,20.0,26.0,26.0,20.0,24.0,20.0,21.0,29.0,29.0,30.0,18.0,25.0,21.0,26.0,21.0,25.0,23.0,27.0,25.0,15.0,20.0,16.0,28.0,23.0,21.0,27.0,17.0,21.0,26.0,28.0,19.0,19.0,23.0,20.0,24.0,19.0,27.0
22.0,32.0,27.0,33.0,18.0,27.0,28.0,27.0,20.0,18.0,30.0,40.0,20.0,42.0,27.0,29.0,20.0,30.0,18.0,39.0,24.0,27.0,27.0,21.0,14.0,35.0,27.0,24.0,24.0,28.0,29.0,18.0,21.0,24.0,27.0,32.0,26.0,27.0,26.0,26.0,21.0,26.0,29.0,30.0,23.0,28.0,23.0,32.0,30.0,21.0
24.0,20.0,17.0,28.0,26.0,25.0,20.0,25.0,27.0,26.0,29.0,28.0,14.0,36.0,19.0,33.0,23.0,11.0,20.0,23.0,13.0,18.0,22.0,21.0,28.0,21.0,25.0,21.0,19.0,27.0,20.0,18.0,17.0,24.0,24.0,33.0,22.0,24.0,22.0,20.0,24.0,21.0,27.0,23.0,30.0,21.0,20.0,22.0,17.0,21.0
16.0,25.0,25.0,25.0,35.0,23.0,14.0,17.0,17.0,14.0,26.0,28.0,22.0,29.0,23.0,22.0,23.0,21.0,21.0,27.0,26.0,35.0,25.0,26.0,21.0,23.0,19.0,29.0,29.0,19.0,17.0,20.0,20.0,23.0,19.0,31.0,22.0,23.0,20.0,17.0,26.0,21.0,28.0,27.0,29.0,25.0,31.0,32.0,25.0,31.0
16.0,34.0,25.0,32.0,29.0,28.0,26.0,24.0,34.0,25.0,26.0,22.0,25.0,21.0,14.0,19.0,27.0,24.0,29.0,19.0,27.0,22.0,20.0,35.0,25.0,30.0,28.0,23.0,25.0,28.0,23.0,24.0,18.0,22.0,23.0,27.0,22.0,19.0,22.0,33.0,24.0,23.0,29.0,24.0,27.0,23.0,25.0,25.0,27.0,25.0
37.0,22.0,28.0,30.0,33.0,35.0,35.0,25.0,33.0,41.0,31.0,34.0,27.0,34.0,38.0,36.0,28.0,22.0,27.0,40.0,23.0,43.0,35.0,34.0,43.0,17.0,22.0,31.0,37.0,28.0,33.0,32.0,29.0,43.0,33.0,23.0,27.0,23.0,23.0,36.0,30.0,30.0,32.0,36.0,29.0,27.0,42.0,29.0,27.0,40.0
