10,50,1000
18.894848,15.004357,15.661455,15.768108,16.675385,19.199137,17.039225,17.735641,17.954133,16.452216
5.25164,8.576254,7.053415,6.435539,9.13334,6.83258,5.684596,6.969746,9.439482,5.353861
0.0,10.0,20.0,30.0,40.0,50.0,60.0,70.0,80.0,90.0
10.0,0.0,10.0,20.0,30.0,40.0,50.0,60.0,70.0,80.0
20.0,10.0,0.0,10.0,20.0,30.0,40.0,50.0,60.0,70.0
30.0,20.0,10.0,0.0,10.0,20.0,30.0,40.0,50.0,60.0
40.0,30.0,20.0,10.0,0.0,10.0,20.0,30.0,40.0,50.0
50.0,40.0,30.0,20.0,10.0,0.0,10.0,20.0,30.0,40.0
60.0,50.0,40.0,30.0,20.0,10.0,0.0,10.0,20.0,30.0
70.0,60.0,50.0,40.0,30.0,20.0,10.0,0.0,10.0,20.0
80.0,70.0,60.0,50.0,40.0,30.0,20.0,10.0,0.0,10.0
90.0,80.0,70.0,60.0,50.0,40.0,30.0,20.0,10.0,0.0
450.0,400.0,350.0,300.0,250.0,250.0,300.0,350.0,400.0,450.0
0.0,1.0,2.0,3.0,4.0,5.0,6.0,7.0,8.0,9.0
1.0,0.0,1.0,2.0,3.0,4.0,5.0,6.0,7.0,8.0
2.0,1.0,0.0,1.0,2.0,3.0,4.0,5.0,6.0,7.0
3.0,2.0,1.0,0.0,1.0,2.0,3.0,4.0,5.0,6.0
4.0,3.0,2.0,1.0,0.0,1.0,2.0,3.0,4.0,5.0
5.0,4.0,3.0,2.0,1.0,0.0,1.0,2.0,3.0,4.0
6.0,5.0,4.0,3.0,2.0,1.0,0.0,1.0,2.0,3.0
7.0,6.0,5.0,4.0,3.0,2.0,1.0,0.0,1.0,2.0
8.0,7.0,6.0,5.0,4.0,3.0,2.0,1.0,0.0,1.0
9.0,8.0,7.0,6.0,5.0,4.0,3.0,2.0,1.0,0.0
45.0,40.0,35.0,30.0,25.0,25.0,30.0,35.0,40.0,45.0
27.0,17.0,18.0,19.0,23.0,17.0,27.0,25.0,24.0,22.0,20.0,19.0,23.0,21.0,28.0,19.0,21.0,12.0,23.0,25.0,17.0,19.0,23.0,25.0,16.0,25.0,26.0,19.0,22.0,12.0,23.0,22.0,28.0,16.0,19.0,17.0,29.0,19.0,30.0,22.0,15.0,28.0,25.0,15.0,23.0,20.0,16.0,23.0,17.0,13.0
29.0,31.0,27.0,30.0,32.0,21.0,30.0,38.0,35.0,28.0,34.0,31.0,26.0,36.0,27.0,36.0,33.0,27.0,30.0,22.0,27.0,31.0,33.0,23.0,31.0,30.0,26.0,32.0,31.0,30.0,28.0,43.0,36.0,27.0,32.0,31.0,25.0,38.0,31.0,34.0,35.0,30.0,26.0,26.0,30.0,23.0,28.0,35.0,35.0,32.0
31.0,27.0,18.0,31.0,36.0,24.0,21.0,32.0,20.0,26.0,23.0,30.0,21.0,22.0,29.0,21.0,28.0,35.0,35.0,29.0,27.0,28.0,27.0,26.0,27.0,25.0,20.0,26.0,31.0,21.0,20.0,22.0,29.0,28.0,22.0,32.0,22.0,32.0,18.0,29.0,31.0,29.0,28.0,32.0,27.0,18.0,23.0,25.0,30.0,37.0
23.0,17.0,22.0,31.0,30.0,22.0,16.0,23.0,27.0,38.0,19.0,30.0,26.0,23.0,20.0,27.0,29.0,31.0,27.0,29.0,27.0,25.0,28.0,34.0,22.0,24.0,22.0,23.0,24.0,34.0,28.0,25.0,36.0,33.0,24.0,17.0,20.0,24.0,28.0,30.0,16.0,22.0,24.0,28.0,29.0,22.0,18.0,20.0,23.0,20.0
28.0,28.0,30.0,37.0,30.0,34.0,37.0,43.0,47.0,37.0,37.0,38.0,29.0,30.0,28.0,34.0,37.0,32.0,32.0,28.0,40.0,31.0,29.0,28.0,29.0,27.0,38.0,37.0,31.0,31.0,26.0,12.0,32.0,28.0,23.0,35.0,34.0,43.0,38.0,27.0,38.0,34.0,39.0,41.0,35.0,33.0,30.0,43.0,32.0,15.0
22.0,27.0,28.0,32.0,32.0,28.0,22.0,28.0,22.0,28.0,18.0,37.0,26.0,34.0,34.0,21.0,21.0,27.0,35.0,23.0,30.0,24.0,31.0,26.0,29.0,19.0,28.0,34.0,32.0,28.0,22.0,33.0,29.0,23.0,32.0,27.0,23.0,38.0,30.0,31.0,28.0,31.0,28.0,23.0,20.0,32.0,30.0,36.0,37.0,22.0
17.0,31.0,28.0,21.0,16.0,19.0,30.0,23.0,23.0,24.0,21.0,25.0,26.0,21.0,27.0,19.0,20.0,20.0,24.0,18.0,30.0,20.0,18.0,26.0,15.0,16.0,23.0,25.0,21.0,24.0,25.0,13.0,29.0,17.0,22.0,31.0,23.0,19.0,22.0,22.0,20.0,24.0,25.0,14.0,24.0,21.0,29.0,19.0,22.0,25.0
21.0,25.0,21.0,32.0,21.0,27.0,25.0,23.0,27.0,19.0,32.0,34.0,20.0,21.0,21.0,33.0,23.0,21.0,34.0,28.0,27.0,24.0,27.0,28.0,33.0,23.0,34.0,26.0,27.0,23.0,29.0,28.0,20.0,35.0,22.0,18.0,23.0,25.0,24.0,27.0,24.0,33.0,20.0,29.0,28.0,27.0,36.0,20.0,29.0,28.0
33.0,28.0,33.0,31.0,31.0,28.0,25.0,32.0,42.0,40.0,40.0,40.0,42.0,39.0,36.0,31.0,49.0,29.0,36.0,38.0,28.0,36.0,42.0,33.0,32.0,33.0,28.0,36.0,34.0,35.0,34.0,35.0,32.0,26.0,32.0,32.0,34.0,40.0,29.0,35.0,25.0,34.0,40.0,34.0,31.0,30.0,42.0,39.0,32.0,34.0
22.0,18.0,16.0,21.0,27.0,17.0,18.0,29.0,32.0,26.0,21.0,9.0,19.0,22.0,19.0,25.0,19.0,22.0,22.0,25.0,33.0,31.0,30.0,23.0,17.0,24.0,20.0,25.0,17.0,23.0,17.0,25.0,27.0,24.0,19.0,16.0,27.0,19.0,23.0,27.0,18.0,18.0,23.0,27.0,22.0,30.0,24.0,16.0,26.0,22.0
