10,50,1000
18.844413,19.427361,18.228287,18.32645,18.371904,15.608434,16.546845,18.219034,18.174023,18.73364
9.029833,9.528865,6.448876,9.29544,6.86308,9.693318,9.821432,8.325236,9.162605,6.723474
0.0,10.0,20.0,30.0,40.0,50.0,60.0,70.0,80.0,90.0
10.0,0.0,10.0,20.0,30.0,40.0,50.0,60.0,70.0,80.0
20.0,10.0,0.0,10.0,20.0,30.0,40.0,50.0,60.0,70.0
30.0,20.0,10.0,0.0,10.0,20.0,30.0,40.0,50.0,60.0
40.0,30.0,20.0,10.0,0.0,10.0,20.0,30.0,40.0,50.0
50.0,40.0,30.0,20.0,10.0,0.0,10.0,20.0,30.0,40.0
60.0,50.0,40.0,30.0,20.0,10.0,0.0,10.0,20.0,30.0
70.0,60.0,50.0,40.0,30.0,20.0,10.0,0.0,10.0,20.0
80.0,70.0,60.0,50.0,40.0,30.0,20.0,10.0,0.0,10.0
90.0,80.0,70.0,60.0,50.0,40.0,30.0,20.0,10.0,0.0
450.0,400.0,350.0,300.0,250.0,250.0,300.0,350.0,400.0,450.0
0.0,1.0,2.0,3.0,4.0,5.0,6.0,7.0,8.0,9.0
1.0,0.0,1.0,2.0,3.0,4.0,5.0,6.0,7.0,8.0
2.0,1.0,0.0,1.0,2.0,3.0,4.0,5.0,6.0,7.0
3.0,2.0,1.0,0.0,1.0,2.0,3.0,4.0,5.0,6.0
4.0,3.0,2.0,1.0,0.0,1.0,2.0,3.0,4.0,5.0
5.0,4.0,3.0,2.0,1.0,0.0,1.0,2.0,3.0,4.0
6.0,5.0,4.0,3.0,2.0,1.0,0.0,1.0,2.0,3.0
7.0,6.0,5.0,4.0,3.0,2.0,1.0,0.0,1.0,2.0
8.0,7.0,6.0,5.0,4.0,3.0,2.0,1.0,0.0,1.0
9.0,8.0,7.0,6.0,5.0,4.0,3.0,2.0,1.0,0.0
45.0,40.0,35.0,30.0,25.0,25.0,30.0,35.0,40.0,45.0
38.0,30.0,33.0,39.0,41.0,24.0,35.0,30.0,35.0,28.0,42.0,29.0,31.0,30.0,34.0,30.0,37.0,43.0,26.0,42.0,24.0,32.0,33.0,41.0,38.0,31.0,36.0,34.0,35.0,36.0,34.0,40.0,36.0,38.0,49.0,34.0,33.0,26.0,34.0,44.0,34.0,35.0,35.0,29.0,33.0,35.0,31.0,40.0,32.0,35.0
36.0,39.0,39.0,42.0,28.0,40.0,37.0,37.0,32.0,31.0,35.0,34.0,35.0,39.0,40.0,31.0,31.0,36.0,35.0,38.0,32.0,36.0,39.0,40.0,34.0,37.0,28.0,26.0,44.0,42.0,35.0,41.0,24.0,38.0,41.0,32.0,32.0,40.0,44.0,30.0,35.0,49.0,32.0,35.0,38.0,36.0,37.0,37.0,34.0,26.0
29.0,32.0,25.0,19.0,28.0,18.0,26.0,36.0,22.0,23.0,16.0,28.0,32.0,25.0,28.0,24.0,32.0,25.0,29.0,26.0,28.0,22.0,31.0,24.0,38.0,24.0,26.0,20.0,20.0,29.0,31.0,25.0,30.0,25.0,21.0,25.0,22.0,33.0,25.0,18.0,31.0,23.0,13.0,28.0,22.0,25.0,19.0,12.0,31.0,29.0
37.0,35.0,37.0,31.0,43.0,30.0,29.0,33.0,47.0,36.0,27.0,32.0,37.0,25.0,34.0,40.0,33.0,36.0,35.0,31.0,39.0,32.0,44.0,44.0,45.0,35.0,33.0,43.0,37.0,36.0,39.0,45.0,31.0,31.0,35.0,35.0,29.0,37.0,42.0,25.0,28.0,39.0,34.0,27.0,35.0,41.0,27.0,33.0,40.0,31.0
28.0,30.0,24.0,31.0,25.0,28.0,13.0,40.0,24.0,29.0,23.0,32.0,27.0,30.0,21.0,24.0,32.0,35.0,36.0,20.0,26.0,29.0,16.0,35.0,24.0,23.0,34.0,32.0,24.0,35.0,42.0,32.0,26.0,39.0,24.0,36.0,25.0,27.0,23.0,24.0,25.0,33.0,34.0,27.0,17.0,28.0,32.0,29.0,23.0,31.0
31.0,22.0,50.0,38.0,37.0,29.0,42.0,41.0,39.0,36.0,32.0,28.0,26.0,36.0,37.0,35.0,38.0,24.0,28.0,46.0,30.0,41.0,36.0,31.0,40.0,26.0,36.0,24.0,35.0,45.0,39.0,41.0,34.0,46.0,36.0,28.0,42.0,32.0,35.0,37.0,33.0,32.0,25.0,32.0,45.0,41.0,42.0,31.0,31.0,36.0
31.0,35.0,37.0,33.0,42.0,35.0,31.0,25.0,39.0,33.0,42.0,32.0,40.0,36.0,40.0,42.0,42.0,40.0,31.0,34.0,34.0,39.0,34.0,52.0,37.0,32.0,34.0,34.0,33.0,29.0,30.0,34.0,22.0,25.0,34.0,32.0,40.0,34.0,39.0,33.0,38.0,47.0,42.0,35.0,28.0,44.0,37.0,42.0,31.0,40.0
31.0,41.0,34.0,18.0,27.0,28.0,31.0,29.0,28.0,35.0,32.0,34.0,29.0,32.0,46.0,33.0,38.0,32.0,30.0,38.0,44.0,33.0,32.0,29.0,39.0,30.0,30.0,21.0,30.0,29.0,23.0,43.0,30.0,38.0,30.0,29.0,37.0,27.0,33.0,28.0,38.0,32.0,36.0,22.0,30.0,32.0,35.0,30.0,39.0,26.0
34.0,34.0,30.0,26.0,30.0,39.0,31.0,44.0,20.0,26.0,38.0,32.0,32.0,26.0,56.0,37.0,39.0,34.0,28.0,44.0,42.0,26.0,27.0,42.0,35.0,40.0,34.0,32.0,35.0,30.0,39.0,36.0,34.0,33.0,33.0,30.0,32.0,36.0,28.0,22.0,28.0,42.0,30.0,30.0,24.0,30.0,33.0,28.0,37.0,36.0
33.0,28.0,23.0,20.0,29.0,27.0,25.0,25.0,27.0,26.0,28.0,28.0,28.0,23.0,31.0,27.0,25.0,26.0,25.0,25.0,32.0,26.0,25.0,24.0,25.0,24.0,27.0,19.0,30.0,23.0,23.0,26.0,23.0,18.0,31.0,27.0,31.0,15.0,34.0,31.0,17.0,34.0,23.0,22.0,14.0,25.0,31.0,26.0,22.0,26.0
