10,50,1000
17.836981,18.484283,17.160312,17.586551,19.446497,17.501453,16.508167,18.148196,15.928801,15.224747
7.806107,6.732436,5.906959,7.83761,9.495829,7.058936,6.131665,5.947785,5.507349,7.168941
0.0,10.0,20.0,30.0,40.0,50.0,60.0,70.0,80.0,90.0
10.0,0.0,10.0,20.0,30.0,40.0,50.0,60.0,70.0,80.0
20.0,10.0,0.0,10.0,20.0,30.0,40.0,50.0,60.0,70.0
30.0,20.0,10.0,0.0,10.0,20.0,30.0,40.0,50.0,60.0
40.0,30.0,20.0,10.0,0.0,10.0,20.0,30.0,40.0,50.0
50.0,40.0,30.0,20.0,10.0,0.0,10.0,20.0,30.0,40.0
60.0,50.0,40.0,30.0,20.0,10.0,0.0,10.0,20.0,30.0
70.0,60.0,50.0,40.0,30.0,20.0,10.0,0.0,10.0,20.0
80.0,70.0,60.0,50.0,40.0,30.0,20.0,10.0,0.0,10.0
90.0,80.0,70.0,60.0,50.0,40.0,30.0,20.0,10.0,0.0
450.0,400.0,350.0,300.0,250.0,250.0,300.0,350.0,400.0,450.0
0.0,1.0,2.0,3.0,4.0,5.0,6.0,7.0,8.0,9.0
1.0,0.0,1.0,2.0,3.0,4.0,5.0,6.0,7.0,8.0
2.0,1.0,0.0,1.0,2.0,3.0,4.0,5.0,6.0,7.0
3.0,2.0,1.0,0.0,1.0,2.0,3.0,4.0,5.0,6.0
4.0,3.0,2.0,1.0,0.0,1.0,2.0,3.0,4.0,5.0
5.0,4.0,3.0,2.0,1.0,0.0,1.0,2.0,3.0,4.0
6.0,5.0,4.0,3.0,2.0,1.0,0.0,1.0,2.0,3.0
7.0,6.0,5.0,4.0,3.0,2.0,1.0,0.0,1.0,2.0
8.0,7.0,6.0,5.0,4.0,3.0,2.0,1.0,0.0,1.0
9.0,8.0,7.0,6.0,5.0,4.0,3.0,2.0,1.0,0.0
45.0,40.0,35.0,30.0,25.0,25.0,30.0,35.0,40.0,45.0
40.0,31.0,19.0,29.0,23.0,38.0,30.0,40.0,35.0,27.0,26.0,28.0,30.0,33.0,26.0,28.0,29.0,32.0,17.0,34.0,28.0,37.0,28.0,27.0,34.0,29.0,21.0,25.0,34.0,33.0,27.0,36.0,27.0,32.0,27.0,35.0,29.0,35.0,37.0,31.0,35.0,33.0,38.0,21.0,28.0,21.0,39.0,29.0,40.0,32.0
32.0,20.0,34.0,34.0,30.0,25.0,24.0,17.0,23.0,27.0,25.0,31.0,27.0,30.0,39.0,30.0,33.0,24.0,18.0,34.0,21.0,20.0,34.0,30.0,22.0,21.0,29.0,32.0,29.0,31.0,25.0,26.0,34.0,29.0,24.0,23.0,32.0,28.0,27.0,35.0,21.0,25.0,23.0,23.0,25.0,22.0,27.0,24.0,30.0,21.0
27.0,26.0,28.0,17.0,29.0,20.0,29.0,30.0,22.0,19.0,24.0,19.0,15.0,22.0,24.0,23.0,26.0,27.0,23.0,17.0,25.0,22.0,25.0,19.0,31.0,35.0,19.0,24.0,29.0,21.0,27.0,23.0,31.0,25.0,28.0,15.0,16.0,33.0,19.0,18.0,22.0,17.0,14.0,26.0,21.0,25.0,21.0,21.0,23.0,31.0
33.0,29.0,27.0,31.0,32.0,21.0,27.0,18.0,24.0,27.0,25.0,34.0,26.0,18.0,23.0,39.0,18.0,26.0,40.0,27.0,32.0,31.0,25.0,21.0,30.0,32.0,24.0,26.0,37.0,25.0,20.0,36.0,26.0,31.0,32.0,26.0,26.0,28.0,32.0,30.0,35.0,29.0,22.0,22.0,31.0,35.0,30.0,29.0,35.0,28.0
25.0,51.0,27.0,28.0,35.0,31.0,45.0,31.0,35.0,29.0,29.0,31.0,35.0,31.0,32.0,30.0,33.0,44.0,43.0,26.0,38.0,41.0,36.0,42.0,39.0,25.0,34.0,36.0,25.0,33.0,27.0,32.0,45.0,39.0,35.0,39.0,38.0,42.0,36.0,30.0,36.0,25.0,38.0,31.0,38.0,35.0,36.0,39.0,33.0,35.0
33.0,33.0,28.0,26.0,22.0,17.0,27.0,28.0,24.0,22.0,37.0,27.0,20.0,23.0,28.0,26.0,27.0,33.0,31.0,29.0,24.0,34.0,23.0,26.0,18.0,24.0,34.0,30.0,29.0,26.0,35.0,25.0,29.0,27.0,23.0,21.0,23.0,30.0,31.0,28.0,34.0,31.0,30.0,32.0,23.0,37.0,22.0,19.0,23.0,19.0
19.0,21.0,20.0,32.0,24.0,23.0,19.0,22.0,25.0,18.0,17.0,24.0,19.0,18.0,34.0,22.0,13.0,22.0,31.0,21.0,24.0,29.0,27.0,23.0,26.0,22.0,25.0,24.0,28.0,28.0,27.0,18.0,25.0,20.0,21.0,26.0,19.0,17.0,19.0,24.0,17.0,16.0,13.0,18.0,11.0,23.0,22.0,18.0,17.0,23.0
23.0,25.0,29.0,27.0,31.0,24.0,20.0,20.0,24.0,34.0,26.0,24.0,26.0,27.0,29.0,30.0,28.0,33.0,16.0,21.0,26.0,34.0,19.0,19.0,26.0,28.0,33.0,23.0,28.0,34.0,24.0,17.0,27.0,21.0,24.0,22.0,29.0,28.0,21.0,24.0,24.0,17.0,30.0,23.0,22.0,29.0,29.0,15.0,28.0,23.0
22.0,26.0,16.0,26.0,31.0,21.0,25.0,19.0,24.0,21.0,23.0,29.0,18.0,16.0,22.0,19.0,29.0,19.0,37.0,22.0,17.0,23.0,31.0,12.0,17.0,13.0,20.0,18.0,24.0,18.0,18.0,30.0,21.0,22.0,28.0,22.0,26.0,24.0,25.0,23.0,17.0,23.0,24.0,28.0,11.0,24.0,19.0,16.0,26.0,29.0
29.0,29.0,31.0,27.0,26.0,20.0,29.0,32.0,20.0,29.0,35.0,24.0,19.0,25.0,24.0,29.0,33.0,23.0,30.0,33.0,34.0,25.0,32.0,19.0,26.0,18.0,23.0,32.0,41.0,23.0,23.0,27.0,29.0,25.0,29.0,18.0,26.0,29.0,40.0,15.0,23.0,23.0,31.0,32.0,26.0,30.0,26.0,20.0,24.0,21.0
