10,50,1000
15.481325,17.446309,18.224371,19.935454,17.59625,15.782455,19.446981,19.824893,15.742815,19.939151
8.625385,8.085828,8.758888,7.542316,7.101276,8.569569,5.709823,6.140485,5.844221,6.291048
0.0,10.0,20.0,30.0,40.0,50.0,60.0,70.0,80.0,90.0
10.0,0.0,10.0,20.0,30.0,40.0,50.0,60.0,70.0,80.0
20.0,10.0,0.0,10.0,20.0,30.0,40.0,50.0,60.0,70.0
30.0,20.0,10.0,0.0,10.0,20.0,30.0,40.0,50.0,60.0
40.0,30.0,20.0,10.0,0.0,10.0,20.0,30.0,40.0,50.0
50.0,40.0,30.0,20.0,10.0,0.0,10.0,20.0,30.0,40.0
60.0,50.0,40.0,30.0,20.0,10.0,0.0,10.0,20.0,30.0
70.0,60.0,50.0,40.0,30.0,20.0,10.0,0.0,10.0,20.0
80.0,70.0,60.0,50.0,40.0,30.0,20.0,10.0,0.0,10.0
90.0,80.0,70.0,60.0,50.0,40.0,30.0,20.0,10.0,0.0
450.0,400.0,350.0,300.0,250.0,250.0,300.0,350.0,400.0,450.0
0.0,1.0,2.0,3.0,4.0,5.0,6.0,7.0,8.0,9.0
1.0,0.0,1.0,2.0,3.0,4.0,5.0,6.0,7.0,8.0
2.0,1.0,0.0,1.0,2.0,3.0,4.0,5.0,6.0,7.0
3.0,2.0,1.0,0.0,1.0,2.0,3.0,4.0,5.0,6.0
4.0,3.0,2.0,1.0,0.0,1.0,2.0,3.0,4.0,5.0
5.0,4.0,3.0,2.0,1.0,0.0,1.0,2.0,3.0,4.0
6.0,5.0,4.0,3.0,2.0,1.0,0.0,1.0,2.0,3.0
7.0,6.0,5.0,4.0,3.0,2.0,1.0,0.0,1.0,2.0
8.0,7.0,6.0,5.0,4.0,3.0,2.0,1.0,0.0,1.0
9.0,8.0,7.0,6.0,5.0,4.0,3.0,2.0,1.0,0.0
45.0,40.0,35.0,30.0,25.0,25.0,30.0,35.0,40.0,45.0
34.0,36.0,32.0,34.0,35.0,28.0,34.0,32.0,28.0,31.0,48.0,24.0,31.0,26.0,31.0,31.0,34.0,29.0,32.0,38.0,37.0,33.0,33.0,35.0,35.0,40.0,39.0,31.0,37.0,33.0,28.0,27.0,23.0,22.0,29.0,35.0,24.0,36.0,35.0,42.0,40.0,30.0,30.0,35.0,36.0,36.0,28.0,37.0,30.0,26.0
25.0,23.0,22.0,38.0,20.0,28.0,33.0,34.0,36.0,26.0,31.0,25.0,30.0,28.0,42.0,29.0,34.0,35.0,36.0,28.0,28.0,36.0,42.0,23.0,48.0,29.0,31.0,30.0,38.0,37.0,35.0,33.0,27.0,34.0,36.0,28.0,36.0,39.0,39.0,25.0,51.0,37.0,33.0,27.0,27.0,32.0,34.0,52.0,36.0,29.0
39.0,28.0,35.0,28.0,24.0,27.0,30.0,36.0,38.0,28.0,23.0,30.0,27.0,31.0,35.0,39.0,31.0,35.0,28.0,32.0,27.0,28.0,32.0,40.0,31.0,42.0,48.0,45.0,31.0,28.0,31.0,36.0,33.0,33.0,30.0,35.0,29.0,34.0,39.0,32.0,29.0,31.0,30.0,38.0,45.0,25.0,48.0,36.0,34.0,34.0
27.0,32.0,31.0,35.0,22.0,31.0,36.0,28.0,30.0,36.0,26.0,28.0,37.0,34.0,52.0,25.0,27.0,26.0,32.0,26.0,23.0,26.0,29.0,33.0,38.0,31.0,31.0,22.0,32.0,37.0,36.0,34.0,23.0,20.0,28.0,26.0,28.0,33.0,27.0,33.0,32.0,24.0,21.0,27.0,29.0,27.0,33.0,31.0,30.0,32.0
37.0,28.0,34.0,23.0,32.0,30.0,34.0,24.0,29.0,33.0,29.0,27.0,25.0,27.0,28.0,26.0,25.0,23.0,21.0,23.0,24.0,23.0,30.0,25.0,20.0,25.0,21.0,28.0,30.0,30.0,30.0,27.0,35.0,28.0,21.0,30.0,40.0,34.0,39.0,34.0,32.0,23.0,39.0,26.0,27.0,24.0,33.0,22.0,22.0,33.0
29.0,42.0,32.0,34.0,34.0,34.0,41.0,30.0,31.0,26.0,33.0,49.0,36.0,34.0,34.0,32.0,30.0,32.0,34.0,23.0,24.0,32.0,48.0,27.0,37.0,33.0,24.0,31.0,29.0,40.0,30.0,27.0,28.0,33.0,33.0,31.0,40.0,27.0,34.0,38.0,41.0,38.0,33.0,30.0,32.0,39.0,36.0,38.0,29.0,48.0
31.0,28.0,19.0,27.0,25.0,26.0,33.0,25.0,25.0,25.0,20.0,30.0,20.0,26.0,29.0,23.0,34.0,18.0,22.0,25.0,29.0,29.0,24.0,23.0,22.0,19.0,15.0,21.0,31.0,15.0,18.0,19.0,24.0,22.0,17.0,15.0,27.0,25.0,26.0,25.0,28.0,18.0,17.0,31.0,26.0,20.0,31.0,21.0,27.0,24.0
20.0,19.0,25.0,24.0,28.0,19.0,28.0,24.0,26.0,18.0,37.0,22.0,27.0,26.0,23.0,23.0,23.0,25.0,24.0,22.0,25.0,28.0,31.0,25.0,27.0,26.0,23.0,34.0,31.0,25.0,22.0,23.0,24.0,28.0,22.0,19.0,21.0,29.0,23.0,39.0,16.0,38.0,30.0,23.0,25.0,26.0,15.0,30.0,28.0,29.0
30.0,20.0,22.0,21.0,25.0,22.0,20.0,28.0,28.0,25.0,16.0,22.0,18.0,25.0,21.0,28.0,23.0,23.0,21.0,20.0,30.0,21.0,23.0,27.0,20.0,22.0,25.0,27.0,21.0,21.0,16.0,21.0,13.0,19.0,27.0,18.0,28.0,25.0,17.0,23.0,29.0,23.0,15.0,21.0,31.0,18.0,24.0,23.0,24.0,32.0
29.0,25.0,25.0,22.0,27.0,32.0,26.0,25.0,26.0,26.0,29.0,30.0,26.0,26.0,30.0,28.0,30.0,41.0,25.0,27.0,38.0,23.0,26.0,31.0,23.0,23.0,26.0,29.0,27.0,31.0,23.0,29.0,28.0,23.0,18.0,22.0,26.0,25.0,25.0,26.0,20.0,26.0,27.0,25.0,19.0,24.0,19.0,17.0,25.0,14.0
