10,50,1000
16.228848,17.705457,16.12349,19.999135,18.650466,18.872839,17.278155,18.031983,18.923913,18.295052
9.940954,5.674409,7.5139,9.955991,7.37823,5.288594,8.610723,9.373404,9.656107,5.363282
0.0,10.0,20.0,30.0,40.0,50.0,60.0,70.0,80.0,90.0
10.0,0.0,10.0,20.0,30.0,40.0,50.0,60.0,70.0,80.0
20.0,10.0,0.0,10.0,20.0,30.0,40.0,50.0,60.0,70.0
30.0,20.0,10.0,0.0,10.0,20.0,30.0,40.0,50.0,60.0
40.0,30.0,20.0,10.0,0.0,10.0,20.0,30.0,40.0,50.0
50.0,40.0,30.0,20.0,10.0,0.0,10.0,20.0,30.0,40.0
60.0,50.0,40.0,30.0,20.0,10.0,0.0,10.0,20.0,30.0
70.0,60.0,50.0,40.0,30.0,20.0,10.0,0.0,10.0,20.0
80.0,70.0,60.0,50.0,40.0,30.0,20.0,10.0,0.0,10.0
90.0,80.0,70.0,60.0,50.0,40.0,30.0,20.0,10.0,0.0
450.0,400.0,350.0,300.0,250.0,250.0,300.0,350.0,400.0,450.0
0.0,1.0,2.0,3.0,4.0,5.0,6.0,7.0,8.0,9.0
1.0,0.0,1.0,2.0,3.0,4.0,5.0,6.0,7.0,8.0
2.0,1.0,0.0,1.0,2.0,3.0,4.0,5.0,6.0,7.0
3.0,2.0,1.0,0.0,1.0,2.0,3.0,4.0,5.0,6.0
4.0,3.0,2.0,1.0,0.0,1.0,2.0,3.0,4.0,5.0
5.0,4.0,3.0,2.0,1.0,0.0,1.0,2.0,3.0,4.0
6.0,5.0,4.0,3.0,2.0,1.0,0.0,1.0,2.0,3.0
7.0,6.0,5.0,4.0,3.0,2.0,1.0,0.0,1.0,2.0
8.0,7.0,6.0,5.0,4.0,3.0,2.0,1.0,0.0,1.0
9.0,8.0,7.0,6.0,5.0,4.0,3.0,2.0,1.0,0.0
45.0,40.0,35.0,30.0,25.0,25.0,30.0,35.0,40.0,45.0
35.0,27.0,33.0,37.0,42.0,37.0,39.0,46.0,31.0,37.0,38.0,34.0,39.0,38.0,30.0,37.0,31.0,34.0,30.0,26.0,40.0,40.0,35.0,36.0,27.0,47.0,26.0,41.0,30.0,35.0,45.0,32.0,39.0,33.0,29.0,48.0,35.0,38.0,41.0,32.0,32.0,40.0,46.0,29.0,32.0,27.0,32.0,41.0,36.0,29.0
21.0,24.0,17.0,16.0,23.0,17.0,26.0,25.0,20.0,24.0,23.0,16.0,23.0,22.0,21.0,18.0,22.0,30.0,20.0,25.0,25.0,20.0,20.0,28.0,27.0,20.0,24.0,21.0,16.0,25.0,13.0,18.0,16.0,22.0,19.0,20.0,23.0,21.0,24.0,22.0,26.0,17.0,18.0,30.0,18.0,26.0,25.0,24.0,21.0,19.0
23.0,21.0,29.0,27.0,23.0,29.0,29.0,27.0,33.0,34.0,19.0,28.0,27.0,26.0,26.0,26.0,40.0,24.0,32.0,24.0,26.0,32.0,26.0,30.0,21.0,37.0,29.0,29.0,33.0,26.0,26.0,25.0,27.0,25.0,25.0,35.0,29.0,11.0,32.0,32.0,28.0,34.0,28.0,34.0,34.0,27.0,18.0,22.0,31.0,37.0
43.0,30.0,48.0,34.0,43.0,38.0,47.0,40.0,34.0,49.0,36.0,40.0,41.0,52.0,40.0,38.0,32.0,30.0,35.0,27.0,37.0,33.0,29.0,39.0,35.0,47.0,39.0,32.0,40.0,42.0,39.0,45.0,35.0,39.0,35.0,33.0,34.0,37.0,24.0,28.0,29.0,37.0,43.0,35.0,34.0,39.0,41.0,26.0,43.0,30.0
30.0,28.0,34.0,23.0,24.0,38.0,19.0,39.0,29.0,30.0,31.0,22.0,21.0,40.0,21.0,29.0,35.0,31.0,30.0,27.0,22.0,24.0,26.0,25.0,39.0,23.0,24.0,28.0,29.0,41.0,32.0,24.0,25.0,31.0,24.0,26.0,23.0,25.0,26.0,26.0,25.0,24.0,38.0,23.0,29.0,33.0,23.0,22.0,26.0,27.0
23.0,26.0,24.0,26.0,10.0,30.0,18.0,18.0,19.0,30.0,19.0,16.0,23.0,19.0,17.0,21.0,27.0,17.0,22.0,19.0,23.0,17.0,21.0,23.0,23.0,19.0,13.0,21.0,21.0,23.0,30.0,25.0,23.0,20.0,18.0,24.0,12.0,15.0,24.0,15.0,20.0,19.0,19.0,26.0,24.0,21.0,21.0,15.0,15.0,24.0
37.0,27.0,31.0,29.0,35.0,35.0,39.0,30.0,36.0,44.0,33.0,28.0,35.0,30.0,32.0,42.0,32.0,31.0,41.0,39.0,35.0,30.0,46.0,23.0,24.0,30.0,43.0,28.0,39.0,32.0,34.0,40.0,36.0,31.0,28.0,17.0,29.0,25.0,20.0,46.0,41.0,32.0,34.0,30.0,39.0,28.0,25.0,20.0,33.0,33.0
31.0,30.0,36.0,38.0,33.0,19.0,31.0,29.0,35.0,27.0,31.0,40.0,30.0,36.0,38.0,32.0,34.0,36.0,25.0,37.0,33.0,34.0,42.0,35.0,35.0,38.0,35.0,33.0,36.0,30.0,25.0,54.0,32.0,35.0,40.0,39.0,41.0,29.0,31.0,34.0,27.0,31.0,33.0,37.0,32.0,35.0,35.0,33.0,43.0,30.0
27.0,40.0,37.0,27.0,28.0,40.0,50.0,29.0,31.0,48.0,41.0,36.0,42.0,47.0,34.0,29.0,39.0,33.0,38.0,39.0,31.0,41.0,42.0,35.0,36.0,45.0,31.0,44.0,34.0,41.0,33.0,31.0,44.0,30.0,38.0,27.0,42.0,43.0,33.0,37.0,28.0,30.0,39.0,35.0,27.0,28.0,39.0,37.0,41.0,37.0
27.0,24.0,21.0,18.0,29.0,13.0,22.0,16.0,19.0,16.0,22.0,29.0,23.0,22.0,18.0,18.0,18.0,18.0,23.0,24.0,24.0,20.0,23.0,30.0,21.0,22.0,21.0,12.0,24.0,32.0,20.0,19.0,21.0,21.0,25.0,25.0,23.0,27.0,21.0,25.0,22.0,34.0,27.0,27.0,16.0,25.0,25.0,20.0,22.0,19.0
