10,50,1000
18.360104,15.715886,15.268596,17.449413,18.645061,17.510142,16.186417,18.472797,16.838013,18.137175
5.252257,8.373686,9.324441,6.437103,6.033841,5.180458,6.3472,5.011362,9.053928,6.132212
0.0,10.0,20.0,30.0,40.0,50.0,60.0,70.0,80.0,90.0
10.0,0.0,10.0,20.0,30.0,40.0,50.0,60.0,70.0,80.0
20.0,10.0,0.0,10.0,20.0,30.0,40.0,50.0,60.0,70.0
30.0,20.0,10.0,0.0,10.0,20.0,30.0,40.0,50.0,60.0
40.0,30.0,20.0,10.0,0.0,10.0,20.0,30.0,40.0,50.0
50.0,40.0,30.0,20.0,10.0,0.0,10.0,20.0,30.0,40.0
60.0,50.0,40.0,30.0,20.0,10.0,0.0,10.0,20.0,30.0
70.0,60.0,50.0,40.0,30.0,20.0,10.0,0.0,10.0,20.0
80.0,70.0,60.0,50.0,40.0,30.0,20.0,10.0,0.0,10.0
90.0,80.0,70.0,60.0,50.0,40.0,30.0,20.0,10.0,0.0
450.0,400.0,350.0,300.0,250.0,250.0,300.0,350.0,400.0,450.0
0.0,1.0,2.0,3.0,4.0,5.0,6.0,7.0,8.0,9.0
1.0,0.0,1.0,2.0,3.0,4.0,5.0,6.0,7.0,8.0
2.0,1.0,0.0,1.0,2.0,3.0,4.0,5.0,6.0,7.0
3.0,2.0,1.0,0.0,1.0,2.0,3.0,4.0,5.0,6.0
4.0,3.0,2.0,1.0,0.0,1.0,2.0,3.0,4.0,5.0
5.0,4.0,3.0,2.0,1.0,0.0,1.0,2.0,3.0,4.0
6.0,5.0,4.0,3.0,2.0,1.0,0.0,1.0,2.0,3.0
7.0,6.0,5.0,4.0,3.0,2.0,1.0,0.0,1.0,2.0
8.0,7.0,6.0,5.0,4.0,3.0,2.0,1.0,0.0,1.0
9.0,8.0,7.0,6.0,5.0,4.0,3.0,2.0,1.0,0.0
45.0,40.0,35.0,30.0,25.0,25.0,30.0,35.0,40.0,45.0
23.0,19.0,25.0,32.0,20.0,21.0,30.0,19.0,22.0,25.0,29.0,14.0,16.0,17.0,25.0,20.0,24.0,22.0,17.0,26.0,31.0,27.0,18.0,13.0,25.0,23.0,21.0,19.0,30.0,24.0,20.0,19.0,17.0,25.0,15.0,27.0,19.0,22.0,22.0,15.0,28.0,15.0,19.0,27.0,21.0,15.0,19.0,30.0,20.0,25.0
27.0,32.0,49.0,25.0,24.0,33.0,38.0,35.0,31.0,29.0,37.0,35.0,37.0,32.0,27.0,25.0,30.0,33.0,38.0,28.0,35.0,29.0,34.0,29.0,33.0,28.0,36.0,31.0,24.0,34.0,38.0,24.0,25.0,27.0,25.0,25.0,28.0,33.0,29.0,37.0,31.0,20.0,31.0,33.0,25.0,40.0,27.0,32.0,28.0,28.0
36.0,31.0,34.0,29.0,31.0,36.0,27.0,35.0,24.0,29.0,37.0,25.0,32.0,32.0,28.0,39.0,34.0,40.0,36.0,44.0,35.0,37.0,32.0,27.0,33.0,33.0,35.0,42.0,32.0,29.0,32.0,27.0,36.0,40.0,39.0,28.0,40.0,39.0,36.0,35.0,39.0,37.0,40.0,31.0,40.0,31.0,34.0,38.0,34.0,35.0
28.0,28.0,24.0,19.0,24.0,34.0,24.0,25.0,27.0,20.0,25.0,20.0,23.0,24.0,25.0,19.0,24.0,25.0,29.0,28.0,27.0,24.0,20.0,23.0,25.0,20.0,23.0,32.0,20.0,23.0,32.0,25.0,30.0,22.0,28.0,32.0,21.0,19.0,14.0,25.0,24.0,20.0,13.0,37.0,20.0,21.0,24.0,26.0,31.0,37.0
24.0,18.0,24.0,30.0,27.0,21.0,24.0,24.0,27.0,21.0,19.0,21.0,24.0,17.0,22.0,24.0,26.0,26.0,25.0,33.0,16.0,11.0,28.0,25.0,22.0,33.0,17.0,22.0,20.0,25.0,22.0,25.0,25.0,29.0,21.0,24.0,23.0,27.0,20.0,20.0,23.0,28.0,18.0,19.0,31.0,26.0,19.0,24.0,20.0,22.0
26.0,16.0,21.0,22.0,25.0,16.0,22.0,21.0,34.0,23.0,29.0,21.0,21.0,24.0,20.0,22.0,24.0,20.0,24.0,15.0,26.0,23.0,13.0,30.0,21.0,22.0,23.0,27.0,21.0,26.0,22.0,22.0,19.0,19.0,24.0,20.0,24.0,21.0,20.0,20.0,17.0,18.0,11.0,25.0,27.0,24.0,12.0,27.0,25.0,16.0
33.0,22.0,20.0,30.0,17.0,27.0,22.0,24.0,23.0,30.0,34.0,25.0,20.0,23.0,23.0,29.0,20.0,16.0,27.0,23.0,27.0,22.0,34.0,25.0,25.0,22.0,26.0,16.0,21.0,27.0,22.0,36.0,26.0,23.0,13.0,23.0,23.0,19.0,23.0,25.0,28.0,26.0,22.0,25.0,23.0,20.0,27.0,26.0,26.0,27.0
26.0,19.0,17.0,24.0,29.0,25.0,21.0,21.0,18.0,25.0,20.0,20.0,18.0,20.0,23.0,12.0,27.0,12.0,27.0,16.0,19.0,18.0,26.0,26.0,17.0,23.0,21.0,22.0,21.0,18.0,17.0,17.0,20.0,24.0,18.0,17.0,17.0,15.0,21.0,17.0,22.0,20.0,18.0,26.0,24.0,19.0,22.0,24.0,23.0,16.0
22.0,28.0,34.0,32.0,31.0,34.0,32.0,35.0,34.0,25.0,45.0,29.0,42.0,32.0,36.0,30.0,29.0,24.0,38.0,30.0,36.0,29.0,24.0,48.0,33.0,23.0,44.0,31.0,33.0,27.0,34.0,27.0,37.0,35.0,25.0,31.0,33.0,27.0,23.0,41.0,36.0,36.0,30.0,32.0,36.0,33.0,33.0,28.0,36.0,27.0
22.0,24.0,23.0,30.0,23.0,21.0,33.0,26.0,20.0,20.0,15.0,28.0,25.0,31.0,31.0,24.0,23.0,20.0,28.0,24.0,24.0,24.0,24.0,28.0,29.0,24.0,17.0,12.0,31.0,26.0,24.0,23.0,23.0,24.0,29.0,15.0,20.0,32.0,27.0,33.0,25.0,29.0,30.0,26.0,26.0,29.0,26.0,19.0,23.0,15.0
