10,50,1000
15.910025,17.744909,15.87348,17.49232,16.329473,17.366038,17.993195,19.476986,17.779205,18.419986
8.352061,8.886095,9.244883,8.022767,6.380416,6.677316,8.274482,8.095477,5.354197,9.360186
0.0,10.0,20.0,30.0,40.0,50.0,60.0,70.0,80.0,90.0
10.0,0.0,10.0,20.0,30.0,40.0,50.0,60.0,70.0,80.0
20.0,10.0,0.0,10.0,20.0,30.0,40.0,50.0,60.0,70.0
30.0,20.0,10.0,0.0,10.0,20.0,30.0,40.0,50.0,60.0
40.0,30.0,20.0,10.0,0.0,10.0,20.0,30.0,40.0,50.0
50.0,40.0,30.0,20.0,10.0,0.0,10.0,20.0,30.0,40.0
60.0,50.0,40.0,30.0,20.0,10.0,0.0,10.0,20.0,30.0
70.0,60.0,50.0,40.0,30.0,20.0,10.0,0.0,10.0,20.0
80.0,70.0,60.0,50.0,40.0,30.0,20.0,10.0,0.0,10.0
90.0,80.0,70.0,60.0,50.0,40.0,30.0,20.0,10.0,0.0
450.0,400.0,350.0,300.0,250.0,250.0,300.0,350.0,400.0,450.0
0.0,1.0,2.0,3.0,4.0,5.0,6.0,7.0,8.0,9.0
1.0,0.0,1.0,2.0,3.0,4.0,5.0,6.0,7.0,8.0
2.0,1.0,0.0,1.0,2.0,3.0,4.0,5.0,6.0,7.0
3.0,2.0,1.0,0.0,1.0,2.0,3.0,4.0,5.0,6.0
4.0,3.0,2.0,1.0,0.0,1.0,2.0,3.0,4.0,5.0
5.0,4.0,3.0,2.0,1.0,0.0,1.0,2.0,3.0,4.0
6.0,5.0,4.0,3.0,2.0,1.0,0.0,1.0,2.0,3.0
7.0,6.0,5.0,4.0,3.0,2.0,1.0,0.0,1.0,2.0
8.0,7.0,6.0,5.0,4.0,3.0,2.0,1.0,0.0,1.0
9.0,8.0,7.0,6.0,5.0,4.0,3.0,2.0,1.0,0.0
45.0,40.0,35.0,30.0,25.0,25.0,30.0,35.0,40.0,45.0
38.0,21.0,23.0,29.0,31.0,53.0,30.0,35.0,38.0,33.0,29.0,35.0,23.0,34.0,40.0,27.0,37.0,30.0,37.0,35.0,23.0,32.0,29.0,30.0,37.0,35.0,26.0,34.0,26.0,37.0,36.0,40.0,28.0,19.0,32.0,28.0,34.0,29.0,31.0,26.0,31.0,40.0,29.0,31.0,29.0,32.0,38.0,39.0,33.0,21.0
34.0,42.0,35.0,39.0,43.0,22.0,31.0,24.0,29.0,20.0,36.0,27.0,21.0,32.0,33.0,35.0,41.0,34.0,35.0,40.0,28.0,30.0,37.0,25.0,28.0,38.0,36.0,34.0,24.0,40.0,28.0,28.0,32.0,37.0,31.0,36.0,41.0,27.0,37.0,32.0,39.0,41.0,30.0,37.0,29.0,27.0,24.0,39.0,38.0,32.0
31.0,39.0,40.0,44.0,34.0,44.0,35.0,34.0,30.0,45.0,38.0,44.0,44.0,31.0,43.0,39.0,36.0,30.0,33.0,41.0,43.0,36.0,28.0,35.0,31.0,30.0,40.0,28.0,44.0,34.0,29.0,30.0,36.0,31.0,38.0,31.0,45.0,39.0,36.0,45.0,31.0,27.0,24.0,29.0,30.0,40.0,32.0,42.0,35.0,27.0
34.0,30.0,32.0,28.0,21.0,20.0,33.0,30.0,29.0,24.0,36.0,25.0,31.0,23.0,27.0,27.0,33.0,32.0,32.0,36.0,26.0,28.0,30.0,37.0,36.0,35.0,33.0,27.0,26.0,28.0,34.0,28.0,21.0,34.0,33.0,36.0,31.0,35.0,27.0,23.0,39.0,25.0,26.0,29.0,26.0,30.0,30.0,18.0,33.0,28.0
20.0,24.0,20.0,19.0,31.0,20.0,26.0,32.0,23.0,25.0,23.0,26.0,21.0,32.0,25.0,28.0,25.0,30.0,11.0,25.0,25.0,23.0,25.0,23.0,29.0,25.0,24.0,33.0,29.0,29.0,32.0,32.0,24.0,29.0,28.0,24.0,29.0,29.0,28.0,27.0,15.0,22.0,15.0,29.0,16.0,23.0,28.0,16.0,22.0,21.0
32.0,30.0,22.0,24.0,20.0,34.0,30.0,33.0,27.0,24.0,29.0,19.0,34.0,21.0,29.0,27.0,35.0,22.0,20.0,20.0,33.0,40.0,11.0,19.0,26.0,23.0,23.0,22.0,24.0,31.0,31.0,26.0,31.0,15.0,28.0,30.0,26.0,28.0,22.0,18.0,29.0,23.0,17.0,13.0,22.0,27.0,32.0,25.0,27.0,24.0
37.0,32.0,33.0,41.0,26.0,29.0,22.0,29.0,40.0,34.0,34.0,33.0,26.0,33.0,29.0,23.0,18.0,13.0,33.0,26.0,31.0,30.0,30.0,32.0,32.0,30.0,27.0,26.0,33.0,27.0,34.0,31.0,19.0,39.0,31.0,37.0,26.0,28.0,44.0,23.0,35.0,32.0,36.0,44.0,32.0,30.0,34.0,30.0,28.0,36.0
23.0,34.0,28.0,25.0,31.0,41.0,36.0,32.0,22.0,24.0,38.0,25.0,35.0,29.0,31.0,33.0,36.0,32.0,27.0,34.0,29.0,45.0,34.0,31.0,30.0,30.0,30.0,28.0,28.0,26.0,29.0,26.0,34.0,38.0,27.0,33.0,33.0,24.0,38.0,28.0,27.0,26.0,32.0,39.0,22.0,36.0,34.0,32.0,29.0,20.0
28.0,18.0,19.0,26.0,22.0,19.0,28.0,26.0,19.0,23.0,18.0,26.0,16.0,30.0,23.0,37.0,18.0,20.0,16.0,21.0,18.0,26.0,15.0,29.0,15.0,20.0,29.0,17.0,19.0,24.0,12.0,26.0,28.0,24.0,24.0,12.0,20.0,27.0,31.0,20.0,22.0,28.0,31.0,27.0,19.0,19.0,21.0,17.0,27.0,23.0
34.0,33.0,32.0,30.0,32.0,31.0,30.0,36.0,33.0,30.0,25.0,39.0,33.0,38.0,39.0,40.0,29.0,37.0,27.0,35.0,33.0,43.0,41.0,24.0,30.0,40.0,32.0,37.0,33.0,37.0,43.0,32.0,38.0,25.0,33.0,35.0,29.0,37.0,30.0,31.0,28.0,29.0,36.0,32.0,39.0,37.0,30.0,36.0,33.0,34.0
