10,50,1000
17.048801,16.877666,17.108948,15.637941,15.881407,17.261993,17.440779,16.743467,18.275041,17.344666
8.875144,7.599275,9.616155,9.602277,7.929519,6.294663,6.274012,9.079264,8.604999,5.414568
0.0,10.0,20.0,30.0,40.0,50.0,60.0,70.0,80.0,90.0
10.0,0.0,10.0,20.0,30.0,40.0,50.0,60.0,70.0,80.0
20.0,10.0,0.0,10.0,20.0,30.0,40.0,50.0,60.0,70.0
30.0,20.0,10.0,0.0,10.0,20.0,30.0,40.0,50.0,60.0
40.0,30.0,20.0,10.0,0.0,10.0,20.0,30.0,40.0,50.0
50.0,40.0,30.0,20.0,10.0,0.0,10.0,20.0,30.0,40.0
60.0,50.0,40.0,30.0,20.0,10.0,0.0,10.0,20.0,30.0
70.0,60.0,50.0,40.0,30.0,20.0,10.0,0.0,10.0,20.0
80.0,70.0,60.0,50.0,40.0,30.0,20.0,10.0,0.0,10.0
90.0,80.0,70.0,60.0,50.0,40.0,30.0,20.0,10.0,0.0
450.0,400.0,350.0,300.0,250.0,250.0,300.0,350.0,400.0,450.0
0.0,1.0,2.0,3.0,4.0,5.0,6.0,7.0,8.0,9.0
1.0,0.0,1.0,2.0,3.0,4.0,5.0,6.0,7.0,8.0
2.0,1.0,0.0,1.0,2.0,3.0,4.0,5.0,6.0,7.0
3.0,2.0,1.0,0.0,1.0,2.0,3.0,4.0,5.0,6.0
4.0,3.0,2.0,1.0,0.0,1.0,2.0,3.0,4.0,5.0
5.0,4.0,3.0,2.0,1.0,0.0,1.0,2.0,3.0,4.0
6.0,5.0,4.0,3.0,2.0,1.0,0.0,1.0,2.0,3.0
7.0,6.0,5.0,4.0,3.0,2.0,1.0,0.0,1.0,2.0
8.0,7.0,6.0,5.0,4.0,3.0,2.0,1.0,0.0,1.0
9.0,8.0,7.0,6.0,5.0,4.0,3.0,2.0,1.0,0.0
45.0,40.0,35.0,30.0,25.0,25.0,30.0,35.0,40.0,45.0
28.0,29.0,27.0,29.0,37.0,33.0,35.0,34.0,32.0,37.0,35.0,24.0,31.0,28.0,46.0,39.0,32.0,26.0,39.0,19.0,36.0,21.0,40.0,30.0,33.0,30.0,30.0,29.0,26.0,35.0,33.0,29.0,47.0,29.0,47.0,33.0,30.0,35.0,23.0,38.0,39.0,34.0,29.0,22.0,23.0,28.0,30.0,24.0,34.0,35.0
40.0,29.0,26.0,32.0,35.0,23.0,22.0,34.0,32.0,35.0,27.0,24.0,32.0,32.0,34.0,22.0,28.0,38.0,29.0,22.0,29.0,27.0,26.0,29.0,30.0,32.0,32.0,33.0,27.0,31.0,22.0,39.0,30.0,31.0,29.0,25.0,29.0,31.0,30.0,33.0,32.0,24.0,27.0,26.0,26.0,26.0,29.0,30.0,25.0,32.0
32.0,27.0,33.0,29.0,40.0,33.0,41.0,28.0,26.0,34.0,35.0,30.0,51.0,37.0,31.0,51.0,36.0,36.0,35.0,40.0,42.0,42.0,33.0,27.0,29.0,42.0,38.0,53.0,43.0,38.0,41.0,35.0,32.0,39.0,33.0,37.0,31.0,39.0,39.0,28.0,56.0,37.0,33.0,34.0,45.0,34.0,39.0,35.0,37.0,39.0
42.0,28.0,33.0,30.0,43.0,40.0,28.0,30.0,29.0,36.0,36.0,40.0,41.0,32.0,31.0,33.0,23.0,34.0,29.0,29.0,35.0,26.0,33.0,24.0,39.0,37.0,41.0,29.0,45.0,37.0,29.0,29.0,32.0,22.0,38.0,41.0,34.0,25.0,24.0,34.0,29.0,37.0,39.0,31.0,41.0,42.0,30.0,37.0,42.0,32.0
32.0,31.0,35.0,29.0,35.0,34.0,23.0,40.0,36.0,28.0,34.0,23.0,31.0,40.0,36.0,40.0,26.0,32.0,22.0,31.0,32.0,27.0,30.0,28.0,30.0,31.0,29.0,34.0,27.0,30.0,36.0,34.0,27.0,24.0,21.0,27.0,37.0,37.0,27.0,27.0,24.0,33.0,28.0,34.0,34.0,30.0,36.0,42.0,28.0,31.0
29.0,26.0,21.0,20.0,18.0,29.0,27.0,26.0,24.0,26.0,17.0,20.0,27.0,29.0,35.0,26.0,29.0,24.0,20.0,28.0,27.0,25.0,36.0,48.0,34.0,42.0,27.0,32.0,26.0,17.0,26.0,21.0,19.0,21.0,21.0,22.0,32.0,21.0,28.0,21.0,25.0,26.0,22.0,18.0,24.0,33.0,26.0,31.0,18.0,23.0
26.0,17.0,26.0,23.0,33.0,29.0,23.0,24.0,21.0,29.0,27.0,25.0,32.0,23.0,46.0,24.0,32.0,38.0,19.0,20.0,25.0,29.0,30.0,26.0,28.0,20.0,19.0,17.0,18.0,24.0,19.0,20.0,29.0,22.0,23.0,27.0,17.0,27.0,24.0,33.0,17.0,25.0,17.0,31.0,29.0,25.0,41.0,32.0,28.0,35.0
35.0,28.0,33.0,39.0,30.0,43.0,25.0,27.0,30.0,43.0,36.0,22.0,41.0,47.0,27.0,28.0,38.0,28.0,31.0,49.0,31.0,41.0,46.0,30.0,33.0,28.0,38.0,24.0,31.0,36.0,38.0,29.0,42.0,44.0,42.0,23.0,44.0,43.0,33.0,42.0,29.0,33.0,29.0,36.0,28.0,35.0,46.0,34.0,25.0,31.0
33.0,34.0,32.0,42.0,39.0,30.0,25.0,36.0,16.0,22.0,35.0,33.0,33.0,39.0,37.0,37.0,27.0,30.0,30.0,41.0,29.0,31.0,35.0,36.0,27.0,24.0,29.0,31.0,35.0,30.0,32.0,30.0,38.0,34.0,22.0,35.0,33.0,31.0,36.0,25.0,36.0,29.0,38.0,29.0,38.0,38.0,40.0,27.0,26.0,30.0
23.0,25.0,24.0,19.0,25.0,21.0,20.0,16.0,23.0,19.0,26.0,16.0,17.0,33.0,18.0,16.0,24.0,21.0,24.0,13.0,21.0,17.0,22.0,20.0,21.0,26.0,30.0,17.0,31.0,22.0,26.0,18.0,21.0,20.0,22.0,19.0,23.0,31.0,20.0,18.0,20.0,23.0,24.0,15.0,21.0,18.0,26.0,21.0,18.0,24.0
