10,50,1000
15.403063,15.190178,18.46578,19.029167,17.435942,17.956887,19.539142,15.714609,19.47207,15.243701
8.823513,8.288951,6.151828,6.860342,5.04388,9.601655,8.18055,9.111689,8.624773,6.089443
0.0,10.0,20.0,30.0,40.0,50.0,60.0,70.0,80.0,90.0
10.0,0.0,10.0,20.0,30.0,40.0,50.0,60.0,70.0,80.0
20.0,10.0,0.0,10.0,20.0,30.0,40.0,50.0,60.0,70.0
30.0,20.0,10.0,0.0,10.0,20.0,30.0,40.0,50.0,60.0
40.0,30.0,20.0,10.0,0.0,10.0,20.0,30.0,40.0,50.0
50.0,40.0,30.0,20.0,10.0,0.0,10.0,20.0,30.0,40.0
60.0,50.0,40.0,30.0,20.0,10.0,0.0,10.0,20.0,30.0
70.0,60.0,50.0,40.0,30.0,20.0,10.0,0.0,10.0,20.0
80.0,70.0,60.0,50.0,40.0,30.0,20.0,10.0,0.0,10.0
90.0,80.0,70.0,60.0,50.0,40.0,30.0,20.0,10.0,0.0
450.0,400.0,350.0,300.0,250.0,250.0,300.0,350.0,400.0,450.0
0.0,1.0,2.0,3.0,4.0,5.0,6.0,7.0,8.0,9.0
1.0,0.0,1.0,2.0,3.0,4.0,5.0,6.0,7.0,8.0
2.0,1.0,0.0,1.0,2.0,3.0,4.0,5.0,6.0,7.0
3.0,2.0,1.0,0.0,1.0,2.0,3.0,4.0,5.0,6.0
4.0,3.0,2.0,1.0,0.0,1.0,2.0,3.0,4.0,5.0
5.0,4.0,3.0,2.0,1.0,0.0,1.0,2.0,3.0,4.0
6.0,5.0,4.0,3.0,2.0,1.0,0.0,1.0,2.0,3.0
7.0,6.0,5.0,4.0,3.0,2.0,1.0,0.0,1.0,2.0
8.0,7.0,6.0,5.0,4.0,3.0,2.0,1.0,0.0,1.0
9.0,8.0,7.0,6.0,5.0,4.0,3.0,2.0,1.0,0.0
45.0,40.0,35.0,30.0,25.0,25.0,30.0,35.0,40.0,45.0
35.0,40.0,32.0,27.0,37.0,28.0,26.0,26.0,29.0,37.0,37.0,26.0,27.0,34.0,28.0,28.0,36.0,33.0,23.0,22.0,42.0,22.0,19.0,32.0,28.0,33.0,37.0,34.0,31.0,30.0,35.0,32.0,26.0,36.0,34.0,42.0,42.0,32.0,37.0,36.0,37.0,30.0,38.0,19.0,32.0,29.0,35.0,34.0,29.0,23.0
35.0,26.0,30.0,24.0,31.0,36.0,28.0,29.0,34.0,32.0,29.0,30.0,41.0,24.0,33.0,39.0,29.0,41.0,20.0,46.0,38.0,30.0,27.0,33.0,21.0,37.0,34.0,40.0,26.0,37.0,23.0,35.0,27.0,24.0,37.0,30.0,24.0,33.0,35.0,19.0,28.0,28.0,22.0,27.0,22.0,26.0,39.0,31.0,27.0,35.0
27.0,25.0,19.0,26.0,32.0,35.0,27.0,19.0,24.0,24.0,26.0,16.0,20.0,24.0,23.0,24.0,22.0,26.0,25.0,35.0,23.0,27.0,26.0,29.0,29.0,28.0,24.0,24.0,26.0,25.0,25.0,24.0,18.0,25.0,24.0,39.0,18.0,35.0,25.0,29.0,19.0,27.0,27.0,22.0,23.0,21.0,21.0,35.0,25.0,23.0
27.0,17.0,36.0,31.0,31.0,30.0,17.0,24.0,32.0,28.0,23.0,31.0,23.0,34.0,26.0,27.0,20.0,30.0,28.0,25.0,35.0,21.0,24.0,26.0,30.0,25.0,28.0,26.0,14.0,33.0,18.0,27.0,20.0,24.0,24.0,22.0,31.0,35.0,25.0,25.0,25.0,28.0,23.0,28.0,17.0,32.0,24.0,19.0,29.0,33.0
22.0,14.0,20.0,27.0,24.0,18.0,24.0,19.0,21.0,23.0,19.0,20.0,26.0,24.0,14.0,19.0,21.0,21.0,20.0,25.0,22.0,27.0,21.0,18.0,15.0,18.0,22.0,25.0,19.0,16.0,26.0,20.0,18.0,16.0,13.0,18.0,26.0,12.0,23.0,27.0,28.0,8.0,17.0,27.0,17.0,18.0,13.0,19.0,27.0,18.0
32.0,31.0,37.0,33.0,28.0,33.0,41.0,45.0,33.0,40.0,33.0,55.0,35.0,33.0,49.0,38.0,39.0,31.0,34.0,35.0,37.0,37.0,35.0,40.0,33.0,25.0,37.0,33.0,37.0,34.0,37.0,35.0,43.0,36.0,37.0,38.0,43.0,29.0,35.0,38.0,22.0,34.0,43.0,37.0,35.0,38.0,39.0,34.0,33.0,33.0
26.0,37.0,23.0,19.0,25.0,32.0,30.0,20.0,28.0,41.0,35.0,28.0,26.0,36.0,32.0,37.0,35.0,38.0,32.0,28.0,43.0,37.0,37.0,31.0,35.0,21.0,29.0,35.0,29.0,35.0,23.0,39.0,40.0,43.0,17.0,42.0,23.0,27.0,31.0,24.0,26.0,42.0,26.0,31.0,23.0,33.0,34.0,25.0,16.0,30.0
33.0,40.0,43.0,36.0,33.0,40.0,31.0,30.0,41.0,23.0,25.0,46.0,42.0,28.0,44.0,28.0,34.0,24.0,43.0,35.0,23.0,37.0,36.0,39.0,28.0,41.0,42.0,31.0,37.0,25.0,35.0,32.0,25.0,29.0,41.0,26.0,35.0,36.0,30.0,31.0,30.0,31.0,26.0,31.0,32.0,37.0,32.0,28.0,30.0,35.0
29.0,24.0,25.0,36.0,36.0,30.0,35.0,29.0,33.0,33.0,30.0,37.0,34.0,32.0,24.0,39.0,36.0,32.0,40.0,36.0,33.0,41.0,28.0,34.0,34.0,32.0,35.0,27.0,38.0,33.0,29.0,41.0,33.0,29.0,32.0,30.0,29.0,30.0,35.0,31.0,25.0,27.0,28.0,27.0,37.0,40.0,29.0,47.0,32.0,39.0
23.0,28.0,24.0,24.0,26.0,23.0,20.0,21.0,25.0,20.0,23.0,19.0,23.0,20.0,15.0,23.0,18.0,22.0,29.0,23.0,31.0,19.0,27.0,22.0,21.0,15.0,18.0,19.0,14.0,17.0,17.0,23.0,31.0,28.0,19.0,16.0,23.0,31.0,28.0,31.0,24.0,30.0,20.0,17.0,29.0,31.0,21.0,23.0,29.0,16.0
