10,50,1000
16.745324,18.310244,19.788515,16.706741,17.106034,15.099122,19.334015,17.828848,19.309102,18.474474
8.749697,7.000245,9.102115,7.647749,7.798644,8.427812,6.793547,9.184842,7.814356,8.875702
0.0,10.0,20.0,30.0,40.0,50.0,60.0,70.0,80.0,90.0
10.0,0.0,10.0,20.0,30.0,40.0,50.0,60.0,70.0,80.0
20.0,10.0,0.0,10.0,20.0,30.0,40.0,50.0,60.0,70.0
30.0,20.0,10.0,0.0,10.0,20.0,30.0,40.0,50.0,60.0
40.0,30.0,20.0,10.0,0.0,10.0,20.0,30.0,40.0,50.0
50.0,40.0,30.0,20.0,10.0,0.0,10.0,20.0,30.0,40.0
60.0,50.0,40.0,30.0,20.0,10.0,0.0,10.0,20.0,30.0
70.0,60.0,50.0,40.0,30.0,20.0,10.0,0.0,10.0,20.0
80.0,70.0,60.0,50.0,40.0,30.0,20.0,10.0,0.0,10.0
90.0,80.0,70.0,60.0,50.0,40.0,30.0,20.0,10.0,0.0
450.0,400.0,350.0,300.0,250.0,250.0,300.0,350.0,400.0,450.0
0.0,1.0,2.0,3.0,4.0,5.0,6.0,7.0,8.0,9.0
1.0,0.0,1.0,2.0,3.0,4.0,5.0,6.0,7.0,8.0
2.0,1.0,0.0,1.0,2.0,3.0,4.0,5.0,6.0,7.0
3.0,2.0,1.0,0.0,1.0,2.0,3.0,4.0,5.0,6.0
4.0,3.0,2.0,1.0,0.0,1.0,2.0,3.0,4.0,5.0
5.0,4.0,3.0,2.0,1.0,0.0,1.0,2.0,3.0,4.0
6.0,5.0,4.0,3.0,2.0,1.0,0.0,1.0,2.0,3.0
7.0,6.0,5.0,4.0,3.0,2.0,1.0,0.0,1.0,2.0
8.0,7.0,6.0,5.0,4.0,3.0,2.0,1.0,0.0,1.0
9.0,8.0,7.0,6.0,5.0,4.0,3.0,2.0,1.0,0.0
45.0,40.0,35.0,30.0,25.0,25.0,30.0,35.0,40.0,45.0
45.0,24.0,31.0,25.0,32.0,32.0,38.0,38.0,30.0,38.0,32.0,30.0,35.0,36.0,28.0,18.0,26.0,29.0,34.0,31.0,33.0,31.0,29.0,27.0,29.0,35.0,28.0,40.0,28.0,28.0,37.0,30.0,32.0,32.0,33.0,29.0,27.0,30.0,32.0,23.0,34.0,34.0,31.0,38.0,36.0,31.0,34.0,32.0,40.0,31.0
21.0,26.0,27.0,25.0,30.0,32.0,25.0,25.0,28.0,24.0,36.0,31.0,23.0,29.0,26.0,33.0,18.0,26.0,19.0,23.0,27.0,28.0,26.0,26.0,19.0,24.0,22.0,29.0,21.0,28.0,26.0,27.0,24.0,26.0,35.0,25.0,26.0,34.0,20.0,29.0,24.0,24.0,26.0,40.0,27.0,23.0,20.0,28.0,30.0,27.0
37.0,37.0,38.0,40.0,32.0,29.0,44.0,24.0,27.0,37.0,32.0,50.0,36.0,41.0,41.0,33.0,41.0,39.0,42.0,39.0,47.0,34.0,36.0,31.0,29.0,34.0,41.0,25.0,36.0,50.0,31.0,43.0,35.0,37.0,40.0,50.0,27.0,39.0,35.0,35.0,40.0,39.0,36.0,30.0,36.0,28.0,31.0,34.0,29.0,34.0
29.0,23.0,24.0,31.0,28.0,29.0,25.0,32.0,26.0,30.0,35.0,38.0,20.0,27.0,28.0,23.0,34.0,17.0,24.0,26.0,30.0,23.0,35.0,32.0,27.0,31.0,30.0,27.0,27.0,33.0,34.0,30.0,22.0,30.0,26.0,47.0,33.0,28.0,27.0,34.0,30.0,38.0,30.0,34.0,33.0,23.0,23.0,29.0,25.0,35.0
24.0,36.0,28.0,41.0,26.0,26.0,31.0,28.0,38.0,31.0,33.0,40.0,37.0,31.0,29.0,38.0,34.0,31.0,26.0,31.0,22.0,33.0,26.0,31.0,28.0,33.0,29.0,34.0,30.0,28.0,40.0,35.0,33.0,30.0,20.0,31.0,34.0,23.0,31.0,29.0,29.0,21.0,39.0,19.0,32.0,26.0,28.0,29.0,39.0,23.0
28.0,28.0,33.0,32.0,28.0,27.0,25.0,25.0,45.0,22.0,30.0,25.0,32.0,37.0,26.0,34.0,38.0,34.0,33.0,38.0,29.0,36.0,25.0,31.0,25.0,26.0,37.0,20.0,31.0,30.0,38.0,35.0,24.0,27.0,31.0,36.0,32.0,24.0,36.0,31.0,30.0,22.0,40.0,39.0,38.0,34.0,20.0,46.0,35.0,34.0
27.0,22.0,19.0,32.0,36.0,29.0,36.0,36.0,23.0,24.0,29.0,25.0,22.0,32.0,28.0,21.0,22.0,29.0,29.0,21.0,35.0,32.0,32.0,31.0,33.0,30.0,44.0,27.0,15.0,20.0,29.0,34.0,30.0,19.0,31.0,35.0,25.0,17.0,28.0,20.0,23.0,19.0,21.0,19.0,21.0,30.0,49.0,38.0,26.0,22.0
40.0,31.0,41.0,41.0,30.0,32.0,18.0,36.0,37.0,36.0,37.0,28.0,36.0,36.0,33.0,47.0,48.0,41.0,32.0,39.0,31.0,39.0,28.0,35.0,23.0,25.0,33.0,40.0,30.0,37.0,41.0,29.0,26.0,33.0,37.0,31.0,33.0,48.0,24.0,26.0,33.0,33.0,37.0,27.0,49.0,38.0,28.0,30.0,34.0,28.0
40.0,34.0,19.0,25.0,34.0,26.0,30.0,34.0,26.0,32.0,28.0,27.0,25.0,28.0,26.0,29.0,29.0,35.0,44.0,30.0,34.0,35.0,32.0,40.0,31.0,32.0,25.0,34.0,32.0,38.0,21.0,32.0,18.0,27.0,26.0,45.0,43.0,28.0,21.0,35.0,22.0,33.0,29.0,30.0,32.0,37.0,31.0,26.0,32.0,27.0
41.0,31.0,22.0,37.0,30.0,37.0,32.0,34.0,44.0,36.0,44.0,38.0,33.0,37.0,32.0,29.0,41.0,26.0,31.0,31.0,31.0,26.0,28.0,39.0,31.0,38.0,28.0,44.0,40.0,25.0,39.0,32.0,39.0,31.0,39.0,34.0,36.0,45.0,34.0,35.0,33.0,29.0,30.0,41.0,36.0,36.0,22.0,45.0,32.0,19.0
