10,50,1000
17.752902,17.434709,16.40846,18.312218,18.070206,15.987448,18.668095,18.220806,19.794709,15.230248
7.373957,9.912285,5.148114,9.23619,8.698579,6.710303,5.087233,5.547459,8.193166,5.378458
0.0,10.0,20.0,30.0,40.0,50.0,60.0,70.0,80.0,90.0
10.0,0.0,10.0,20.0,30.0,40.0,50.0,60.0,70.0,80.0
20.0,10.0,0.0,10.0,20.0,30.0,40.0,50.0,60.0,70.0
30.0,20.0,10.0,0.0,10.0,20.0,30.0,40.0,50.0,60.0
40.0,30.0,20.0,10.0,0.0,10.0,20.0,30.0,40.0,50.0
50.0,40.0,30.0,20.0,10.0,0.0,10.0,20.0,30.0,40.0
60.0,50.0,40.0,30.0,20.0,10.0,0.0,10.0,20.0,30.0
70.0,60.0,50.0,40.0,30.0,20.0,10.0,0.0,10.0,20.0
80.0,70.0,60.0,50.0,40.0,30.0,20.0,10.0,0.0,10.0
90.0,80.0,70.0,60.0,50.0,40.0,30.0,20.0,10.0,0.0
450.0,400.0,350.0,300.0,250.0,250.0,300.0,350.0,400.0,450.0
0.0,1.0,2.0,3.0,4.0,5.0,6.0,7.0,8.0,9.0
1.0,0.0,1.0,2.0,3.0,4.0,5.0,6.0,7.0,8.0
2.0,1.0,0.0,1.0,2.0,3.0,4.0,5.0,6.0,7.0
3.0,2.0,1.0,0.0,1.0,2.0,3.0,4.0,5.0,6.0
4.0,3.0,2.0,1.0,0.0,1.0,2.0,3.0,4.0,5.0
5.0,4.0,3.0,2.0,1.0,0.0,1.0,2.0,3.0,4.0
6.0,5.0,4.0,3.0,2.0,1.0,0.0,1.0,2.0,3.0
7.0,6.0,5.0,4.0,3.0,2.0,1.0,0.0,1.0,2.0
8.0,7.0,6.0,5.0,4.0,3.0,2.0,1.0,0.0,1.0
9.0,8.0,7.0,6.0,5.0,4.0,3.0,2.0,1.0,0.0
45.0,40.0,35.0,30.0,25.0,25.0,30.0,35.0,40.0,45.0
24.0,31.0,32.0,24.0,27.0,21.0,20.0,23.0,23.0,25.0,29.0,23.0,31.0,23.0,22.0,29.0,26.0,31.0,36.0,27.0,29.0,27.0,25.0,27.0,32.0,29.0,31.0,31.0,24.0,34.0,33.0,35.0,29.0,25.0,30.0,32.0,19.0,24.0,28.0,27.0,26.0,28.0,28.0,22.0,25.0,23.0,26.0,24.0,27.0,32.0
26.0,40.0,37.0,38.0,33.0,32.0,30.0,36.0,33.0,34.0,42.0,39.0,31.0,36.0,30.0,42.0,34.0,48.0,30.0,28.0,38.0,43.0,42.0,30.0,38.0,57.0,31.0,42.0,36.0,38.0,47.0,38.0,28.0,38.0,31.0,42.0,20.0,33.0,33.0,36.0,41.0,31.0,32.0,53.0,39.0,22.0,50.0,34.0,43.0,28.0
19.0,28.0,24.0,24.0,31.0,23.0,32.0,23.0,25.0,24.0,26.0,20.0,20.0,18.0,23.0,25.0,23.0,22.0,24.0,22.0,21.0,17.0,29.0,25.0,21.0,18.0,27.0,31.0,18.0,18.0,21.0,22.0,24.0,27.0,27.0,21.0,22.0,20.0,19.0,22.0,17.0,21.0,22.0,24.0,22.0,29.0,21.0,19.0,29.0,22.0
30.0,33.0,36.0,33.0,35.0,26.0,37.0,28.0,33.0,25.0,36.0,27.0,34.0,33.0,33.0,37.0,29.0,27.0,46.0,28.0,27.0,39.0,33.0,28.0,27.0,37.0,40.0,34.0,33.0,40.0,41.0,38.0,45.0,35.0,33.0,34.0,45.0,34.0,30.0,36.0,34.0,36.0,39.0,36.0,26.0,38.0,37.0,35.0,37.0,25.0
29.0,22.0,34.0,38.0,25.0,36.0,26.0,34.0,25.0,32.0,37.0,32.0,37.0,41.0,31.0,36.0,29.0,32.0,28.0,42.0,31.0,36.0,41.0,33.0,34.0,31.0,28.0,44.0,44.0,46.0,25.0,41.0,26.0,33.0,34.0,28.0,33.0,32.0,25.0,24.0,29.0,32.0,30.0,26.0,33.0,26.0,34.0,42.0,30.0,32.0
22.0,23.0,22.0,26.0,32.0,35.0,19.0,26.0,25.0,24.0,23.0,26.0,23.0,25.0,26.0,27.0,14.0,28.0,32.0,22.0,23.0,23.0,29.0,20.0,27.0,32.0,28.0,13.0,25.0,25.0,25.0,29.0,26.0,22.0,32.0,25.0,33.0,19.0,21.0,30.0,26.0,34.0,29.0,24.0,21.0,32.0,28.0,34.0,34.0,31.0
22.0,27.0,20.0,10.0,19.0,26.0,34.0,18.0,18.0,15.0,16.0,26.0,19.0,29.0,16.0,14.0,9.0,20.0,24.0,27.0,18.0,26.0,16.0,27.0,32.0,18.0,17.0,17.0,24.0,18.0,21.0,17.0,22.0,18.0,20.0,14.0,22.0,13.0,17.0,17.0,21.0,14.0,15.0,25.0,24.0,23.0,16.0,18.0,11.0,14.0
28.0,23.0,31.0,22.0,23.0,18.0,17.0,18.0,24.0,21.0,20.0,27.0,24.0,21.0,18.0,30.0,29.0,20.0,30.0,30.0,25.0,18.0,16.0,33.0,25.0,20.0,21.0,22.0,20.0,30.0,28.0,24.0,23.0,22.0,26.0,27.0,19.0,26.0,22.0,27.0,23.0,25.0,30.0,23.0,25.0,28.0,35.0,21.0,29.0,29.0
32.0,24.0,27.0,34.0,49.0,25.0,34.0,42.0,37.0,32.0,29.0,28.0,37.0,31.0,29.0,33.0,24.0,32.0,32.0,44.0,27.0,39.0,24.0,31.0,44.0,28.0,38.0,33.0,36.0,27.0,23.0,31.0,36.0,25.0,29.0,27.0,37.0,41.0,42.0,29.0,28.0,36.0,32.0,38.0,29.0,40.0,34.0,28.0,36.0,26.0
22.0,20.0,19.0,17.0,22.0,25.0,17.0,16.0,16.0,15.0,23.0,27.0,17.0,18.0,23.0,12.0,14.0,27.0,24.0,19.0,29.0,18.0,18.0,19.0,14.0,16.0,16.0,18.0,26.0,29.0,28.0,27.0,25.0,17.0,19.0,23.0,23.0,18.0,17.0,20.0,18.0,13.0,25.0,15.0,28.0,16.0,17.0,16.0,24.0,21.0
