10,50,1000
16.66466,15.389166,19.805367,15.53986,16.162757,19.771614,15.401469,19.827547,17.593768,19.149654
9.510998,8.739959,8.26615,7.651393,9.787933,7.889512,6.482821,7.105411,9.793249,8.337054
0.0,10.0,20.0,30.0,40.0,50.0,60.0,70.0,80.0,90.0
10.0,0.0,10.0,20.0,30.0,40.0,50.0,60.0,70.0,80.0
20.0,10.0,0.0,10.0,20.0,30.0,40.0,50.0,60.0,70.0
30.0,20.0,10.0,0.0,10.0,20.0,30.0,40.0,50.0,60.0
40.0,30.0,20.0,10.0,0.0,10.0,20.0,30.0,40.0,50.0
50.0,40.0,30.0,20.0,10.0,0.0,10.0,20.0,30.0,40.0
60.0,50.0,40.0,30.0,20.0,10.0,0.0,10.0,20.0,30.0
70.0,60.0,50.0,40.0,30.0,20.0,10.0,0.0,10.0,20.0
80.0,70.0,60.0,50.0,40.0,30.0,20.0,10.0,0.0,10.0
90.0,80.0,70.0,60.0,50.0,40.0,30.0,20.0,10.0,0.0
450.0,400.0,350.0,300.0,250.0,250.0,300.0,350.0,400.0,450.0
0.0,1.0,2.0,3.0,4.0,5.0,6.0,7.0,8.0,9.0
1.0,0.0,1.0,2.0,3.0,4.0,5.0,6.0,7.0,8.0
2.0,1.0,0.0,1.0,2.0,3.0,4.0,5.0,6.0,7.0
3.0,2.0,1.0,0.0,1.0,2.0,3.0,4.0,5.0,6.0
4.0,3.0,2.0,1.0,0.0,1.0,2.0,3.0,4.0,5.0
5.0,4.0,3.0,2.0,1.0,0.0,1.0,2.0,3.0,4.0
6.0,5.0,4.0,3.0,2.0,1.0,0.0,1.0,2.0,3.0
7.0,6.0,5.0,4.0,3.0,2.0,1.0,0.0,1.0,2.0
8.0,7.0,6.0,5.0,4.0,3.0,2.0,1.0,0.0,1.0
9.0,8.0,7.0,6.0,5.0,4.0,3.0,2.0,1.0,0.0
45.0,40.0,35.0,30.0,25.0,25.0,30.0,35.0,40.0,45.0
32.0,36.0,25.0,24.0,32.0,33.0,35.0,42.0,41.0,43.0,31.0,30.0,28.0,37.0,27.0,36.0,47.0,42.0,32.0,41.0,48.0,37.0,47.0,41.0,29.0,35.0,34.0,35.0,37.0,28.0,41.0,40.0,33.0,32.0,36.0,35.0,37.0,34.0,31.0,32.0,40.0,34.0,36.0,50.0,31.0,42.0,39.0,30.0,31.0,40.0
26.0,28.0,38.0,21.0,28.0,24.0,35.0,27.0,29.0,28.0,36.0,22.0,30.0,27.0,29.0,33.0,34.0,36.0,36.0,27.0,31.0,31.0,32.0,33.0,24.0,30.0,33.0,40.0,37.0,38.0,35.0,26.0,34.0,32.0,28.0,29.0,37.0,33.0,25.0,32.0,32.0,28.0,30.0,34.0,30.0,33.0,41.0,30.0,28.0,28.0
33.0,30.0,29.0,29.0,38.0,38.0,36.0,27.0,33.0,39.0,37.0,35.0,38.0,31.0,26.0,35.0,42.0,32.0,37.0,31.0,33.0,30.0,26.0,29.0,20.0,19.0,22.0,22.0,26.0,22.0,27.0,33.0,43.0,42.0,34.0,34.0,33.0,35.0,28.0,30.0,27.0,30.0,31.0,37.0,23.0,33.0,32.0,29.0,24.0,33.0
30.0,28.0,34.0,32.0,25.0,14.0,24.0,27.0,26.0,30.0,29.0,29.0,26.0,32.0,29.0,37.0,16.0,24.0,16.0,42.0,25.0,34.0,26.0,26.0,27.0,28.0,27.0,19.0,28.0,22.0,29.0,30.0,33.0,27.0,37.0,30.0,32.0,35.0,22.0,30.0,33.0,25.0,37.0,23.0,31.0,28.0,19.0,27.0,22.0,32.0
33.0,42.0,44.0,39.0,29.0,36.0,38.0,42.0,30.0,32.0,37.0,32.0,48.0,43.0,37.0,27.0,41.0,24.0,40.0,44.0,28.0,28.0,39.0,27.0,33.0,39.0,33.0,32.0,29.0,31.0,48.0,35.0,47.0,34.0,46.0,42.0,35.0,40.0,38.0,42.0,30.0,32.0,42.0,41.0,33.0,25.0,31.0,40.0,37.0,34.0
37.0,34.0,37.0,38.0,38.0,30.0,32.0,32.0,37.0,25.0,23.0,35.0,32.0,26.0,24.0,38.0,38.0,31.0,32.0,35.0,22.0,30.0,42.0,21.0,30.0,29.0,38.0,28.0,25.0,38.0,26.0,36.0,26.0,24.0,30.0,27.0,32.0,20.0,43.0,33.0,30.0,32.0,35.0,28.0,36.0,28.0,32.0,33.0,23.0,26.0
21.0,23.0,13.0,26.0,17.0,32.0,26.0,19.0,19.0,17.0,27.0,23.0,15.0,17.0,19.0,21.0,21.0,23.0,26.0,24.0,33.0,26.0,29.0,32.0,30.0,19.0,22.0,23.0,18.0,30.0,21.0,33.0,26.0,18.0,23.0,33.0,19.0,27.0,29.0,23.0,26.0,27.0,30.0,27.0,21.0,19.0,23.0,30.0,33.0,37.0
26.0,31.0,30.0,29.0,31.0,32.0,24.0,30.0,26.0,19.0,25.0,30.0,29.0,27.0,29.0,27.0,22.0,29.0,27.0,30.0,23.0,29.0,27.0,16.0,21.0,24.0,39.0,22.0,25.0,41.0,26.0,26.0,24.0,30.0,20.0,30.0,31.0,28.0,21.0,26.0,29.0,32.0,25.0,28.0,24.0,41.0,22.0,29.0,27.0,37.0
30.0,36.0,45.0,31.0,44.0,46.0,27.0,36.0,46.0,52.0,28.0,33.0,35.0,14.0,29.0,33.0,29.0,27.0,30.0,38.0,47.0,43.0,30.0,29.0,42.0,36.0,28.0,29.0,22.0,35.0,24.0,35.0,31.0,31.0,41.0,38.0,37.0,30.0,43.0,39.0,36.0,29.0,32.0,33.0,43.0,34.0,42.0,27.0,28.0,34.0
25.0,27.0,26.0,28.0,29.0,40.0,24.0,32.0,24.0,34.0,30.0,29.0,38.0,39.0,22.0,34.0,31.0,30.0,37.0,38.0,37.0,26.0,23.0,40.0,29.0,30.0,32.0,32.0,28.0,29.0,28.0,31.0,30.0,30.0,28.0,35.0,31.0,33.0,38.0,27.0,31.0,35.0,31.0,37.0,34.0,39.0,40.0,33.0,22.0,33.0
