10,50,1000
18.66392,18.199883,19.146092,16.095142,17.898071,18.128386,15.704313,19.849279,15.269443,17.586695
8.18955,9.930999,9.691501,6.608664,5.775961,8.024813,8.515832,8.408861,8.836708,6.203194
0.0,10.0,20.0,30.0,40.0,50.0,60.0,70.0,80.0,90.0
10.0,0.0,10.0,20.0,30.0,40.0,50.0,60.0,70.0,80.0
20.0,10.0,0.0,10.0,20.0,30.0,40.0,50.0,60.0,70.0
30.0,20.0,10.0,0.0,10.0,20.0,30.0,40.0,50.0,60.0
40.0,30.0,20.0,10.0,0.0,10.0,20.0,30.0,40.0,50.0
50.0,40.0,30.0,20.0,10.0,0.0,10.0,20.0,30.0,40.0
60.0,50.0,40.0,30.0,20.0,10.0,0.0,10.0,20.0,30.0
70.0,60.0,50.0,40.0,30.0,20.0,10.0,0.0,10.0,20.0
80.0,70.0,60.0,50.0,40.0,30.0,20.0,10.0,0.0,10.0
90.0,80.0,70.0,60.0,50.0,40.0,30.0,20.0,10.0,0.0
450.0,400.0,350.0,300.0,250.0,250.0,300.0,350.0,400.0,450.0
0.0,1.0,2.0,3.0,4.0,5.0,6.0,7.0,8.0,9.0
1.0,0.0,1.0,2.0,3.0,4.0,5.0,6.0,7.0,8.0
2.0,1.0,0.0,1.0,2.0,3.0,4.0,5.0,6.0,7.0
3.0,2.0,1.0,0.0,1.0,2.0,3.0,4.0,5.0,6.0
4.0,3.0,2.0,1.0,0.0,1.0,2.0,3.0,4.0,5.0
5.0,4.0,3.0,2.0,1.0,0.0,1.0,2.0,3.0,4.0
6.0,5.0,4.0,3.0,2.0,1.0,0.0,1.0,2.0,3.0
7.0,6.0,5.0,4.0,3.0,2.0,1.0,0.0,1.0,2.0
8.0,7.0,6.0,5.0,4.0,3.0,2.0,1.0,0.0,1.0
9.0,8.0,7.0,6.0,5.0,4.0,3.0,2.0,1.0,0.0
45.0,40.0,35.0,30.0,25.0,25.0,30.0,35.0,40.0,45.0
32.0,31.0,29.0,43.0,22.0,28.0,33.0,37.0,25.0,32.0,35.0,27.0,29.0,35.0,32.0,32.0,24.0,37.0,33.0,17.0,29.0,32.0,28.0,29.0,29.0,36.0,39.0,25.0,31.0,29.0,28.0,29.0,27.0,29.0,27.0,29.0,36.0,20.0,27.0,30.0,30.0,34.0,32.0,33.0,33.0,28.0,18.0,16.0,25.0,41.0
36.0,29.0,42.0,37.0,44.0,26.0,41.0,35.0,35.0,41.0,50.0,28.0,36.0,38.0,35.0,37.0,44.0,30.0,34.0,33.0,38.0,37.0,37.0,25.0,38.0,33.0,35.0,30.0,34.0,37.0,34.0,37.0,42.0,36.0,38.0,46.0,46.0,40.0,42.0,35.0,34.0,43.0,38.0,53.0,36.0,38.0,38.0,45.0,36.0,44.0
45.0,36.0,36.0,39.0,28.0,38.0,36.0,38.0,36.0,46.0,38.0,29.0,30.0,40.0,40.0,30.0,34.0,40.0,36.0,37.0,21.0,27.0,33.0,40.0,35.0,37.0,38.0,30.0,35.0,51.0,31.0,37.0,42.0,35.0,40.0,36.0,23.0,42.0,36.0,33.0,33.0,38.0,27.0,30.0,37.0,38.0,33.0,37.0,33.0,26.0
23.0,30.0,25.0,30.0,19.0,25.0,16.0,29.0,21.0,25.0,24.0,28.0,26.0,25.0,36.0,24.0,23.0,32.0,19.0,32.0,10.0,18.0,26.0,26.0,28.0,29.0,35.0,29.0,27.0,20.0,22.0,20.0,28.0,21.0,31.0,20.0,25.0,27.0,29.0,32.0,23.0,22.0,39.0,28.0,19.0,24.0,23.0,26.0,25.0,21.0
25.0,25.0,19.0,18.0,25.0,16.0,26.0,26.0,22.0,26.0,21.0,17.0,25.0,27.0,22.0,22.0,22.0,20.0,29.0,23.0,17.0,28.0,17.0,21.0,20.0,22.0,25.0,23.0,23.0,28.0,27.0,15.0,16.0,26.0,25.0,20.0,32.0,21.0,31.0,25.0,22.0,25.0,14.0,28.0,21.0,28.0,26.0,24.0,15.0,23.0
31.0,29.0,36.0,35.0,24.0,30.0,26.0,34.0,33.0,22.0,40.0,28.0,38.0,30.0,23.0,24.0,33.0,30.0,29.0,34.0,32.0,40.0,27.0,25.0,39.0,27.0,27.0,28.0,31.0,23.0,39.0,28.0,35.0,35.0,34.0,28.0,24.0,18.0,29.0,26.0,31.0,28.0,23.0,25.0,28.0,37.0,39.0,31.0,28.0,25.0
36.0,25.0,44.0,31.0,25.0,31.0,18.0,28.0,18.0,34.0,30.0,29.0,31.0,31.0,33.0,30.0,32.0,29.0,34.0,32.0,27.0,25.0,42.0,26.0,32.0,32.0,25.0,36.0,42.0,40.0,30.0,28.0,29.0,33.0,31.0,30.0,25.0,27.0,27.0,31.0,29.0,33.0,43.0,28.0,31.0,27.0,31.0,31.0,22.0,25.0
33.0,35.0,33.0,40.0,31.0,48.0,31.0,25.0,28.0,33.0,29.0,32.0,37.0,37.0,42.0,27.0,32.0,34.0,26.0,32.0,33.0,29.0,28.0,34.0,28.0,32.0,38.0,32.0,32.0,34.0,28.0,29.0,19.0,32.0,37.0,36.0,29.0,20.0,41.0,32.0,32.0,34.0,23.0,34.0,39.0,25.0,32.0,22.0,22.0,23.0
36.0,30.0,23.0,27.0,28.0,28.0,30.0,32.0,30.0,45.0,29.0,34.0,32.0,30.0,31.0,38.0,23.0,37.0,32.0,35.0,27.0,32.0,39.0,32.0,31.0,29.0,33.0,33.0,31.0,21.0,32.0,24.0,24.0,24.0,37.0,37.0,24.0,36.0,35.0,33.0,30.0,21.0,30.0,34.0,38.0,30.0,28.0,24.0,33.0,36.0
33.0,30.0,27.0,16.0,29.0,31.0,15.0,25.0,30.0,24.0,26.0,24.0,28.0,21.0,27.0,21.0,23.0,16.0,15.0,39.0,29.0,29.0,25.0,25.0,22.0,23.0,24.0,20.0,21.0,18.0,23.0,27.0,31.0,29.0,29.0,26.0,20.0,25.0,31.0,21.0,15.0,23.0,22.0,26.0,19.0,22.0,22.0,24.0,31.0,25.0
