10,50,1000
19.285782,15.942568,16.696318,19.643143,15.648865,15.017569,18.173061,15.40982,18.609275,16.768502
8.00693,8.916949,6.686847,6.626011,7.723761,6.259007,6.600497,9.129823,5.555,6.600559
0.0,10.0,20.0,30.0,40.0,50.0,60.0,70.0,80.0,90.0
10.0,0.0,10.0,20.0,30.0,40.0,50.0,60.0,70.0,80.0
20.0,10.0,0.0,10.0,20.0,30.0,40.0,50.0,60.0,70.0
30.0,20.0,10.0,0.0,10.0,20.0,30.0,40.0,50.0,60.0
40.0,30.0,20.0,10.0,0.0,10.0,20.0,30.0,40.0,50.0
50.0,40.0,30.0,20.0,10.0,0.0,10.0,20.0,30.0,40.0
60.0,50.0,40.0,30.0,20.0,10.0,0.0,10.0,20.0,30.0
70.0,60.0,50.0,40.0,30.0,20.0,10.0,0.0,10.0,20.0
80.0,70.0,60.0,50.0,40.0,30.0,20.0,10.0,0.0,10.0
90.0,80.0,70.0,60.0,50.0,40.0,30.0,20.0,10.0,0.0
450.0,400.0,350.0,300.0,250.0,250.0,300.0,350.0,400.0,450.0
0.0,1.0,2.0,3.0,4.0,5.0,6.0,7.0,8.0,9.0
1.0,0.0,1.0,2.0,3.0,4.0,5.0,6.0,7.0,8.0
2.0,1.0,0.0,1.0,2.0,3.0,4.0,5.0,6.0,7.0
3.0,2.0,1.0,0.0,1.0,2.0,3.0,4.0,5.0,6.0
4.0,3.0,2.0,1.0,0.0,1.0,2.0,3.0,4.0,5.0
5.0,4.0,3.0,2.0,1.0,0.0,1.0,2.0,3.0,4.0
6.0,5.0,4.0,3.0,2.0,1.0,0.0,1.0,2.0,3.0
7.0,6.0,5.0,4.0,3.0,2.0,1.0,0.0,1.0,2.0
8.0,7.0,6.0,5.0,4.0,3.0,2.0,1.0,0.0,1.0
9.0,8.0,7.0,6.0,5.0,4.0,3.0,2.0,1.0,0.0
45.0,40.0,35.0,30.0,25.0,25.0,30.0,35.0,40.0,45.0
31.0,24.0,39.0,24.0,32.0,36.0,29.0,37.0,33.0,37.0,20.0,25.0,28.0,21.0,34.0,32.0,29.0,29.0,39.0,44.0,24.0,33.0,35.0,37.0,27.0,22.0,23.0,26.0,34.0,31.0,36.0,26.0,33.0,36.0,24.0,34.0,23.0,30.0,32.0,32.0,30.0,25.0,30.0,40.0,40.0,16.0,41.0,32.0,28.0,22.0
26.0,39.0,28.0,33.0,33.0,34.0,30.0,30.0,47.0,33.0,32.0,33.0,37.0,29.0,37.0,27.0,41.0,40.0,34.0,43.0,30.0,38.0,36.0,33.0,32.0,41.0,21.0,34.0,32.0,32.0,26.0,32.0,39.0,29.0,28.0,37.0,44.0,41.0,33.0,34.0,40.0,30.0,32.0,25.0,34.0,29.0,33.0,35.0,51.0,34.0
18.0,30.0,35.0,35.0,17.0,20.0,26.0,31.0,31.0,36.0,24.0,36.0,27.0,25.0,22.0,21.0,24.0,24.0,24.0,24.0,34.0,21.0,29.0,23.0,25.0,27.0,17.0,26.0,20.0,19.0,30.0,25.0,20.0,17.0,22.0,28.0,34.0,27.0,11.0,25.0,31.0,24.0,31.0,23.0,20.0,24.0,28.0,38.0,23.0,22.0
23.0,25.0,24.0,37.0,33.0,25.0,27.0,26.0,30.0,25.0,23.0,18.0,26.0,25.0,26.0,35.0,30.0,28.0,23.0,25.0,23.0,26.0,24.0,30.0,23.0,21.0,25.0,24.0,24.0,28.0,21.0,32.0,34.0,24.0,25.0,31.0,23.0,22.0,17.0,25.0,27.0,36.0,30.0,28.0,21.0,24.0,27.0,25.0,27.0,25.0
28.0,37.0,29.0,33.0,29.0,36.0,24.0,34.0,27.0,28.0,20.0,27.0,25.0,30.0,28.0,34.0,30.0,24.0,28.0,22.0,26.0,33.0,35.0,20.0,27.0,25.0,26.0,17.0,29.0,23.0,39.0,26.0,27.0,31.0,31.0,25.0,34.0,37.0,31.0,27.0,29.0,32.0,25.0,28.0,25.0,21.0,23.0,38.0,35.0,20.0
19.0,24.0,18.0,22.0,24.0,31.0,29.0,20.0,27.0,21.0,20.0,14.0,12.0,19.0,25.0,27.0,25.0,19.0,23.0,20.0,30.0,17.0,21.0,30.0,27.0,22.0,20.0,30.0,27.0,30.0,18.0,18.0,25.0,23.0,34.0,29.0,19.0,22.0,26.0,18.0,16.0,31.0,31.0,26.0,25.0,25.0,19.0,20.0,16.0,17.0
30.0,21.0,21.0,23.0,27.0,22.0,29.0,27.0,20.0,23.0,27.0,33.0,32.0,31.0,23.0,33.0,23.0,28.0,18.0,22.0,27.0,20.0,30.0,30.0,26.0,27.0,30.0,32.0,34.0,29.0,18.0,22.0,21.0,27.0,29.0,25.0,25.0,27.0,17.0,29.0,28.0,26.0,24.0,25.0,21.0,21.0,24.0,25.0,23.0,38.0
36.0,26.0,29.0,33.0,34.0,32.0,32.0,43.0,28.0,38.0,33.0,32.0,26.0,33.0,35.0,45.0,35.0,31.0,42.0,31.0,39.0,24.0,42.0,29.0,30.0,32.0,44.0,41.0,30.0,27.0,34.0,34.0,31.0,31.0,29.0,47.0,32.0,34.0,27.0,31.0,31.0,32.0,38.0,35.0,38.0,39.0,30.0,30.0,33.0,32.0
17.0,23.0,23.0,22.0,21.0,24.0,27.0,22.0,21.0,19.0,25.0,28.0,34.0,23.0,23.0,28.0,13.0,34.0,17.0,18.0,24.0,28.0,16.0,20.0,16.0,19.0,27.0,24.0,24.0,23.0,18.0,31.0,35.0,17.0,25.0,25.0,23.0,29.0,17.0,19.0,22.0,28.0,26.0,25.0,29.0,20.0,18.0,21.0,25.0,18.0
21.0,26.0,23.0,26.0,27.0,22.0,27.0,33.0,18.0,23.0,17.0,33.0,25.0,24.0,29.0,21.0,29.0,16.0,28.0,25.0,24.0,22.0,17.0,20.0,21.0,26.0,30.0,24.0,19.0,21.0,24.0,32.0,26.0,34.0,23.0,30.0,21.0,28.0,23.0,26.0,26.0,34.0,25.0,28.0,27.0,23.0,20.0,28.0,29.0,21.0
