10,50,1000
16.780418,16.14438,16.747693,16.466675,15.774145,16.191735,16.200035,17.437024,17.840979,16.827844
6.753647,7.404247,7.66689,8.821117,5.360768,9.05067,5.687213,6.737649,5.108108,8.243514
0.0,10.0,20.0,30.0,40.0,50.0,60.0,70.0,80.0,90.0
10.0,0.0,10.0,20.0,30.0,40.0,50.0,60.0,70.0,80.0
20.0,10.0,0.0,10.0,20.0,30.0,40.0,50.0,60.0,70.0
30.0,20.0,10.0,0.0,10.0,20.0,30.0,40.0,50.0,60.0
40.0,30.0,20.0,10.0,0.0,10.0,20.0,30.0,40.0,50.0
50.0,40.0,30.0,20.0,10.0,0.0,10.0,20.0,30.0,40.0
60.0,50.0,40.0,30.0,20.0,10.0,0.0,10.0,20.0,30.0
70.0,60.0,50.0,40.0,30.0,20.0,10.0,0.0,10.0,20.0
80.0,70.0,60.0,50.0,40.0,30.0,20.0,10.0,0.0,10.0
90.0,80.0,70.0,60.0,50.0,40.0,30.0,20.0,10.0,0.0
450.0,400.0,350.0,300.0,250.0,250.0,300.0,350.0,400.0,450.0
0.0,1.0,2.0,3.0,4.0,5.0,6.0,7.0,8.0,9.0
1.0,0.0,1.0,2.0,3.0,4.0,5.0,6.0,7.0,8.0
2.0,1.0,0.0,1.0,2.0,3.0,4.0,5.0,6.0,7.0
3.0,2.0,1.0,0.0,1.0,2.0,3.0,4.0,5.0,6.0
4.0,3.0,2.0,1.0,0.0,1.0,2.0,3.0,4.0,5.0
5.0,4.0,3.0,2.0,1.0,0.0,1.0,2.0,3.0,4.0
6.0,5.0,4.0,3.0,2.0,1.0,0.0,1.0,2.0,3.0
7.0,6.0,5.0,4.0,3.0,2.0,1.0,0.0,1.0,2.0
8.0,7.0,6.0,5.0,4.0,3.0,2.0,1.0,0.0,1.0
9.0,8.0,7.0,6.0,5.0,4.0,3.0,2.0,1.0,0.0
45.0,40.0,35.0,30.0,25.0,25.0,30.0,35.0,40.0,45.0
32.0,27.0,29.0,21.0,25.0,29.0,20.0,26.0,17.0,22.0,23.0,21.0,34.0,20.0,30.0,24.0,24.0,23.0,23.0,27.0,27.0,30.0,23.0,24.0,24.0,26.0,21.0,28.0,27.0,29.0,22.0,37.0,19.0,14.0,31.0,32.0,29.0,19.0,30.0,29.0,25.0,21.0,36.0,27.0,27.0,22.0,31.0,27.0,31.0,34.0
32.0,31.0,29.0,32.0,29.0,27.0,21.0,29.0,30.0,32.0,33.0,29.0,20.0,31.0,22.0,44.0,27.0,22.0,24.0,27.0,24.0,22.0,33.0,25.0,19.0,27.0,30.0,23.0,27.0,25.0,28.0,24.0,33.0,30.0,35.0,22.0,26.0,22.0,41.0,26.0,29.0,21.0,25.0,27.0,23.0,29.0,27.0,26.0,19.0,35.0
28.0,29.0,33.0,31.0,42.0,21.0,25.0,29.0,33.0,35.0,35.0,21.0,24.0,27.0,33.0,32.0,35.0,31.0,30.0,24.0,32.0,22.0,28.0,31.0,27.0,31.0,28.0,27.0,42.0,30.0,24.0,32.0,33.0,27.0,32.0,39.0,23.0,24.0,25.0,34.0,22.0,29.0,28.0,32.0,26.0,21.0,24.0,34.0,26.0,29.0
31.0,24.0,34.0,49.0,33.0,34.0,34.0,39.0,35.0,44.0,28.0,24.0,33.0,39.0,22.0,31.0,46.0,32.0,27.0,27.0,31.0,27.0,31.0,32.0,26.0,34.0,30.0,33.0,38.0,36.0,37.0,32.0,32.0,48.0,38.0,40.0,33.0,39.0,30.0,31.0,33.0,23.0,22.0,36.0,28.0,41.0,36.0,32.0,27.0,31.0
25.0,28.0,29.0,23.0,24.0,21.0,20.0,14.0,18.0,31.0,15.0,20.0,28.0,16.0,16.0,22.0,18.0,22.0,18.0,26.0,27.0,21.0,25.0,17.0,25.0,22.0,15.0,17.0,15.0,28.0,19.0,22.0,14.0,21.0,24.0,26.0,19.0,23.0,17.0,18.0,24.0,14.0,28.0,25.0,19.0,30.0,27.0,25.0,25.0,26.0
46.0,38.0,32.0,30.0,36.0,28.0,43.0,29.0,34.0,31.0,41.0,28.0,40.0,35.0,35.0,36.0,38.0,37.0,41.0,42.0,36.0,43.0,34.0,21.0,30.0,34.0,37.0,27.0,24.0,27.0,35.0,31.0,34.0,32.0,26.0,32.0,34.0,26.0,25.0,39.0,37.0,25.0,30.0,23.0,31.0,27.0,31.0,37.0,32.0,37.0
32.0,11.0,19.0,23.0,29.0,24.0,23.0,16.0,20.0,20.0,32.0,25.0,18.0,16.0,13.0,20.0,19.0,23.0,31.0,17.0,25.0,27.0,25.0,16.0,24.0,23.0,32.0,31.0,27.0,31.0,21.0,29.0,33.0,31.0,31.0,18.0,38.0,32.0,16.0,23.0,26.0,23.0,16.0,19.0,32.0,23.0,32.0,22.0,22.0,16.0
24.0,18.0,30.0,30.0,19.0,26.0,22.0,31.0,22.0,34.0,31.0,24.0,28.0,25.0,21.0,25.0,25.0,26.0,22.0,21.0,26.0,34.0,33.0,19.0,38.0,25.0,29.0,28.0,25.0,21.0,25.0,25.0,30.0,27.0,29.0,27.0,22.0,32.0,30.0,28.0,32.0,23.0,25.0,27.0,22.0,22.0,22.0,18.0,23.0,23.0
18.0,23.0,29.0,18.0,27.0,19.0,19.0,22.0,19.0,22.0,12.0,23.0,32.0,27.0,19.0,24.0,21.0,27.0,16.0,21.0,24.0,13.0,26.0,29.0,17.0,23.0,18.0,24.0,21.0,18.0,13.0,11.0,34.0,28.0,28.0,32.0,21.0,20.0,18.0,20.0,19.0,16.0,12.0,24.0,31.0,17.0,26.0,27.0,21.0,16.0
24.0,29.0,32.0,28.0,37.0,34.0,28.0,25.0,40.0,30.0,33.0,38.0,33.0,30.0,23.0,28.0,26.0,26.0,38.0,42.0,27.0,20.0,24.0,32.0,36.0,29.0,28.0,23.0,37.0,31.0,22.0,31.0,40.0,32.0,31.0,37.0,31.0,37.0,31.0,25.0,24.0,47.0,30.0,28.0,31.0,30.0,34.0,22.0,29.0,41.0
