10,50,1000
17.995601,16.78576,16.7836,19.129246,16.518171,16.211946,17.709184,17.810557,19.523792,15.813469
9.688518,9.712831,5.2576,6.009788,5.419417,6.687227,7.472156,9.917333,8.907459,7.208607
0.0,10.0,20.0,30.0,40.0,50.0,60.0,70.0,80.0,90.0
10.0,0.0,10.0,20.0,30.0,40.0,50.0,60.0,70.0,80.0
20.0,10.0,0.0,10.0,20.0,30.0,40.0,50.0,60.0,70.0
30.0,20.0,10.0,0.0,10.0,20.0,30.0,40.0,50.0,60.0
40.0,30.0,20.0,10.0,0.0,10.0,20.0,30.0,40.0,50.0
50.0,40.0,30.0,20.0,10.0,0.0,10.0,20.0,30.0,40.0
60.0,50.0,40.0,30.0,20.0,10.0,0.0,10.0,20.0,30.0
70.0,60.0,50.0,40.0,30.0,20.0,10.0,0.0,10.0,20.0
80.0,70.0,60.0,50.0,40.0,30.0,20.0,10.0,0.0,10.0
90.0,80.0,70.0,60.0,50.0,40.0,30.0,20.0,10.0,0.0
450.0,400.0,350.0,300.0,250.0,250.0,300.0,350.0,400.0,450.0
0.0,1.0,2.0,3.0,4.0,5.0,6.0,7.0,8.0,9.0
1.0,0.0,1.0,2.0,3.0,4.0,5.0,6.0,7.0,8.0
2.0,1.0,0.0,1.0,2.0,3.0,4.0,5.0,6.0,7.0
3.0,2.0,1.0,0.0,1.0,2.0,3.0,4.0,5.0,6.0
4.0,3.0,2.0,1.0,0.0,1.0,2.0,3.0,4.0,5.0
5.0,4.0,3.0,2.0,1.0,0.0,1.0,2.0,3.0,4.0
6.0,5.0,4.0,3.0,2.0,1.0,0.0,1.0,2.0,3.0
7.0,6.0,5.0,4.0,3.0,2.0,1.0,0.0,1.0,2.0
8.0,7.0,6.0,5.0,4.0,3.0,2.0,1.0,0.0,1.0
9.0,8.0,7.0,6.0,5.0,4.0,3.0,2.0,1.0,0.0
45.0,40.0,35.0,30.0,25.0,25.0,30.0,35.0,40.0,45.0
26.0,43.0,35.0,37.0,50.0,36.0,44.0,30.0,38.0,37.0,33.0,36.0,34.0,46.0,37.0,37.0,36.0,32.0,32.0,38.0,41.0,36.0,39.0,31.0,36.0,26.0,35.0,40.0,44.0,30.0,46.0,27.0,32.0,39.0,45.0,32.0,45.0,50.0,38.0,33.0,39.0,35.0,36.0,31.0,36.0,38.0,37.0,41.0,28.0,44.0
28.0,32.0,36.0,39.0,44.0,39.0,38.0,48.0,32.0,42.0,35.0,39.0,32.0,33.0,33.0,30.0,29.0,34.0,41.0,26.0,56.0,36.0,38.0,50.0,36.0,42.0,29.0,41.0,37.0,44.0,40.0,36.0,35.0,37.0,33.0,39.0,29.0,38.0,39.0,42.0,38.0,26.0,35.0,43.0,37.0,37.0,43.0,32.0,35.0,33.0
16.0,20.0,10.0,17.0,18.0,20.0,23.0,28.0,26.0,25.0,18.0,24.0,22.0,27.0,20.0,17.0,31.0,18.0,20.0,22.0,20.0,21.0,16.0,30.0,19.0,23.0,19.0,17.0,25.0,15.0,19.0,22.0,22.0,19.0,18.0,24.0,22.0,11.0,24.0,28.0,16.0,18.0,22.0,20.0,19.0,16.0,21.0,15.0,20.0,17.0
27.0,34.0,31.0,26.0,19.0,25.0,30.0,22.0,32.0,26.0,27.0,17.0,21.0,22.0,27.0,20.0,23.0,27.0,22.0,29.0,29.0,20.0,30.0,29.0,25.0,29.0,24.0,24.0,19.0,35.0,18.0,26.0,24.0,23.0,17.0,24.0,22.0,17.0,31.0,28.0,21.0,29.0,36.0,28.0,27.0,23.0,19.0,20.0,22.0,30.0
29.0,27.0,19.0,18.0,21.0,28.0,33.0,22.0,16.0,27.0,23.0,24.0,20.0,16.0,23.0,23.0,34.0,21.0,30.0,24.0,25.0,29.0,19.0,18.0,28.0,29.0,21.0,17.0,22.0,19.0,25.0,23.0,23.0,27.0,23.0,24.0,15.0,25.0,24.0,19.0,17.0,20.0,18.0,25.0,14.0,13.0,24.0,34.0,24.0,25.0
21.0,18.0,25.0,28.0,35.0,30.0,34.0,18.0,26.0,18.0,28.0,25.0,28.0,33.0,28.0,32.0,28.0,29.0,28.0,24.0,25.0,20.0,32.0,24.0,20.0,30.0,23.0,28.0,31.0,30.0,28.0,32.0,29.0,24.0,24.0,33.0,29.0,24.0,20.0,28.0,33.0,29.0,26.0,33.0,21.0,23.0,29.0,27.0,19.0,22.0
18.0,37.0,25.0,29.0,26.0,20.0,24.0,32.0,29.0,32.0,35.0,20.0,36.0,27.0,34.0,34.0,32.0,36.0,29.0,33.0,20.0,21.0,21.0,27.0,28.0,21.0,31.0,27.0,29.0,28.0,28.0,30.0,34.0,31.0,26.0,25.0,31.0,24.0,24.0,37.0,27.0,27.0,39.0,25.0,27.0,32.0,30.0,22.0,26.0,22.0
38.0,38.0,37.0,30.0,36.0,26.0,49.0,35.0,46.0,24.0,31.0,38.0,48.0,27.0,34.0,41.0,38.0,36.0,33.0,36.0,35.0,43.0,36.0,38.0,31.0,28.0,32.0,35.0,45.0,49.0,51.0,37.0,37.0,42.0,33.0,37.0,31.0,38.0,37.0,29.0,36.0,36.0,39.0,36.0,36.0,44.0,41.0,34.0,36.0,37.0
28.0,47.0,28.0,33.0,39.0,34.0,29.0,43.0,34.0,38.0,37.0,38.0,37.0,19.0,34.0,33.0,35.0,27.0,33.0,42.0,33.0,29.0,39.0,29.0,27.0,36.0,32.0,27.0,39.0,39.0,35.0,34.0,26.0,40.0,46.0,29.0,35.0,36.0,27.0,26.0,32.0,35.0,36.0,36.0,35.0,25.0,31.0,35.0,44.0,37.0
34.0,37.0,26.0,22.0,26.0,21.0,31.0,37.0,29.0,24.0,25.0,23.0,33.0,19.0,30.0,23.0,27.0,30.0,24.0,31.0,17.0,27.0,25.0,25.0,36.0,29.0,21.0,31.0,33.0,27.0,24.0,28.0,22.0,22.0,27.0,33.0,30.0,21.0,33.0,27.0,20.0,16.0,29.0,31.0,23.0,25.0,22.0,28.0,23.0,26.0
