10,50,1000
19.848212,17.721071,17.489751,15.085046,19.005319,19.504639,18.250422,16.171138,15.586078,15.844835
7.458243,5.549134,5.833172,8.970812,8.438762,9.123698,5.149124,6.560357,6.695001,7.697727
0.0,10.0,20.0,30.0,40.0,50.0,60.0,70.0,80.0,90.0
10.0,0.0,10.0,20.0,30.0,40.0,50.0,60.0,70.0,80.0
20.0,10.0,0.0,10.0,20.0,30.0,40.0,50.0,60.0,70.0
30.0,20.0,10.0,0.0,10.0,20.0,30.0,40.0,50.0,60.0
40.0,30.0,20.0,10.0,0.0,10.0,20.0,30.0,40.0,50.0
50.0,40.0,30.0,20.0,10.0,0.0,10.0,20.0,30.0,40.0
60.0,50.0,40.0,30.0,20.0,10.0,0.0,10.0,20.0,30.0
70.0,60.0,50.0,40.0,30.0,20.0,10.0,0.0,10.0,20.0
80.0,70.0,60.0,50.0,40.0,30.0,20.0,10.0,0.0,10.0
90.0,80.0,70.0,60.0,50.0,40.0,30.0,20.0,10.0,0.0
450.0,400.0,350.0,300.0,250.0,250.0,300.0,350.0,400.0,450.0
0.0,1.0,2.0,3.0,4.0,5.0,6.0,7.0,8.0,9.0
1.0,0.0,1.0,2.0,3.0,4.0,5.0,6.0,7.0,8.0
2.0,1.0,0.0,1.0,2.0,3.0,4.0,5.0,6.0,7.0
3.0,2.0,1.0,0.0,1.0,2.0,3.0,4.0,5.0,6.0
4.0,3.0,2.0,1.0,0.0,1.0,2.0,3.0,4.0,5.0
5.0,4.0,3.0,2.0,1.0,0.0,1.0,2.0,3.0,4.0
6.0,5.0,4.0,3.0,2.0,1.0,0.0,1.0,2.0,3.0
7.0,6.0,5.0,4.0,3.0,2.0,1.0,0.0,1.0,2.0
8.0,7.0,6.0,5.0,4.0,3.0,2.0,1.0,0.0,1.0
9.0,8.0,7.0,6.0,5.0,4.0,3.0,2.0,1.0,0.0
45.0,40.0,35.0,30.0,25.0,25.0,30.0,35.0,40.0,45.0
28.0,32.0,37.0,25.0,30.0,39.0,27.0,24.0,26.0,29.0,24.0,29.0,25.0,24.0,26.0,34.0,39.0,33.0,31.0,31.0,21.0,36.0,27.0,24.0,25.0,34.0,31.0,20.0,32.0,30.0,32.0,28.0,25.0,36.0,20.0,31.0,20.0,33.0,32.0,18.0,23.0,34.0,25.0,38.0,35.0,24.0,22.0,21.0,26.0,29.0
20.0,27.0,22.0,19.0,23.0,26.0,26.0,28.0,21.0,25.0,21.0,26.0,17.0,20.0,26.0,24.0,28.0,31.0,23.0,24.0,24.0,18.0,22.0,19.0,27.0,21.0,20.0,20.0,20.0,21.0,25.0,17.0,10.0,16.0,30.0,22.0,17.0,20.0,27.0,23.0,18.0,23.0,26.0,22.0,24.0,23.0,14.0,12.0,22.0,24.0
17.0,19.0,25.0,13.0,17.0,25.0,15.0,21.0,15.0,19.0,16.0,18.0,17.0,25.0,39.0,22.0,28.0,23.0,22.0,20.0,28.0,24.0,25.0,27.0,25.0,33.0,21.0,15.0,26.0,21.0,27.0,21.0,12.0,21.0,19.0,15.0,15.0,14.0,16.0,28.0,33.0,30.0,12.0,22.0,14.0,31.0,28.0,26.0,14.0,26.0
35.0,38.0,53.0,31.0,24.0,41.0,33.0,20.0,33.0,46.0,30.0,42.0,37.0,29.0,29.0,26.0,32.0,41.0,27.0,32.0,28.0,43.0,31.0,37.0,33.0,34.0,34.0,45.0,28.0,35.0,31.0,19.0,28.0,31.0,46.0,51.0,24.0,31.0,25.0,43.0,37.0,36.0,42.0,27.0,37.0,28.0,32.0,35.0,37.0,33.0
31.0,34.0,33.0,34.0,35.0,30.0,37.0,43.0,35.0,24.0,26.0,27.0,36.0,33.0,27.0,27.0,37.0,40.0,42.0,34.0,23.0,25.0,26.0,39.0,30.0,31.0,38.0,24.0,39.0,34.0,39.0,36.0,29.0,34.0,23.0,33.0,36.0,37.0,29.0,28.0,30.0,23.0,46.0,29.0,27.0,29.0,34.0,23.0,27.0,31.0
33.0,41.0,41.0,32.0,32.0,38.0,41.0,51.0,38.0,40.0,38.0,31.0,32.0,35.0,38.0,39.0,52.0,43.0,31.0,34.0,24.0,36.0,35.0,32.0,28.0,38.0,25.0,27.0,41.0,24.0,31.0,35.0,31.0,35.0,30.0,38.0,30.0,45.0,33.0,29.0,23.0,37.0,43.0,46.0,43.0,39.0,35.0,48.0,38.0,35.0
18.0,24.0,25.0,25.0,22.0,27.0,24.0,28.0,17.0,16.0,21.0,21.0,19.0,28.0,20.0,20.0,16.0,23.0,22.0,25.0,25.0,23.0,29.0,31.0,17.0,24.0,24.0,19.0,24.0,23.0,19.0,19.0,21.0,29.0,15.0,26.0,15.0,20.0,20.0,18.0,21.0,27.0,28.0,22.0,17.0,27.0,18.0,17.0,23.0,27.0
26.0,26.0,32.0,19.0,34.0,20.0,22.0,40.0,30.0,35.0,21.0,33.0,44.0,25.0,18.0,23.0,18.0,30.0,32.0,24.0,30.0,22.0,27.0,28.0,28.0,29.0,30.0,26.0,19.0,23.0,22.0,23.0,29.0,30.0,32.0,27.0,22.0,28.0,22.0,18.0,27.0,25.0,19.0,28.0,30.0,39.0,27.0,23.0,33.0,35.0
24.0,33.0,33.0,20.0,15.0,23.0,27.0,25.0,29.0,18.0,21.0,25.0,28.0,33.0,21.0,28.0,27.0,23.0,22.0,28.0,27.0,34.0,21.0,18.0,27.0,25.0,29.0,16.0,20.0,18.0,19.0,27.0,21.0,30.0,28.0,26.0,27.0,27.0,28.0,20.0,23.0,26.0,25.0,25.0,40.0,33.0,27.0,33.0,32.0,28.0
22.0,25.0,25.0,23.0,16.0,29.0,24.0,35.0,33.0,23.0,30.0,37.0,15.0,29.0,24.0,36.0,28.0,26.0,29.0,36.0,25.0,25.0,30.0,27.0,24.0,21.0,25.0,16.0,29.0,25.0,26.0,29.0,15.0,29.0,30.0,32.0,30.0,36.0,29.0,31.0,25.0,19.0,24.0,32.0,25.0,20.0,22.0,26.0,27.0,30.0
