10,50,1000
18.536695,18.824254,19.400586,18.802533,16.51247,18.055416,17.462974,15.000794,17.905705,15.525606
8.40034,7.000971,9.010648,9.781348,7.48958,5.288488,6.363265,7.978125,7.116497,9.424819
0.0,10.0,20.0,30.0,40.0,50.0,60.0,70.0,80.0,90.0
10.0,0.0,10.0,20.0,30.0,40.0,50.0,60.0,70.0,80.0
20.0,10.0,0.0,10.0,20.0,30.0,40.0,50.0,60.0,70.0
30.0,20.0,10.0,0.0,10.0,20.0,30.0,40.0,50.0,60.0
40.0,30.0,20.0,10.0,0.0,10.0,20.0,30.0,40.0,50.0
50.0,40.0,30.0,20.0,10.0,0.0,10.0,20.0,30.0,40.0
60.0,50.0,40.0,30.0,20.0,10.0,0.0,10.0,20.0,30.0
70.0,60.0,50.0,40.0,30.0,20.0,10.0,0.0,10.0,20.0
80.0,70.0,60.0,50.0,40.0,30.0,20.0,10.0,0.0,10.0
90.0,80.0,70.0,60.0,50.0,40.0,30.0,20.0,10.0,0.0
450.0,400.0,350.0,300.0,250.0,250.0,300.0,350.0,400.0,450.0
0.0,1.0,2.0,3.0,4.0,5.0,6.0,7.0,8.0,9.0
1.0,0.0,1.0,2.0,3.0,4.0,5.0,6.0,7.0,8.0
2.0,1.0,0.0,1.0,2.0,3.0,4.0,5.0,6.0,7.0
3.0,2.0,1.0,0.0,1.0,2.0,3.0,4.0,5.0,6.0
4.0,3.0,2.0,1.0,0.0,1.0,2.0,3.0,4.0,5.0
5.0,4.0,3.0,2.0,1.0,0.0,1.0,2.0,3.0,4.0
6.0,5.0,4.0,3.0,2.0,1.0,0.0,1.0,2.0,3.0
7.0,6.0,5.0,4.0,3.0,2.0,1.0,0.0,1.0,2.0
8.0,7.0,6.0,5.0,4.0,3.0,2.0,1.0,0.0,1.0
9.0,8.0,7.0,6.0,5.0,4.0,3.0,2.0,1.0,0.0
45.0,40.0,35.0,30.0,25.0,25.0,30.0,35.0,40.0,45.0
34.0,31.0,45.0,24.0,35.0,30.0,35.0,30.0,40.0,46.0,29.0,40.0,30.0,34.0,35.0,37.0,25.0,42.0,40.0,29.0,35.0,39.0,30.0,38.0,37.0,34.0,37.0,36.0,30.0,29.0,43.0,30.0,30.0,27.0,28.0,36.0,35.0,40.0,29.0,37.0,41.0,35.0,31.0,25.0,28.0,34.0,41.0,35.0,33.0,31.0
19.0,26.0,30.0,32.0,26.0,27.0,38.0,22.0,33.0,34.0,30.0,33.0,23.0,28.0,35.0,41.0,36.0,33.0,30.0,37.0,23.0,30.0,28.0,25.0,24.0,35.0,24.0,35.0,28.0,29.0,27.0,33.0,18.0,29.0,28.0,40.0,30.0,30.0,41.0,25.0,30.0,31.0,29.0,29.0,22.0,23.0,26.0,35.0,30.0,35.0
39.0,34.0,30.0,25.0,26.0,50.0,31.0,36.0,39.0,37.0,30.0,39.0,27.0,30.0,36.0,39.0,38.0,34.0,32.0,27.0,28.0,28.0,32.0,32.0,40.0,33.0,27.0,35.0,40.0,33.0,25.0,36.0,32.0,29.0,24.0,39.0,24.0,44.0,37.0,23.0,31.0,26.0,30.0,34.0,28.0,36.0,26.0,31.0,25.0,26.0
33.0,33.0,42.0,39.0,49.0,36.0,42.0,28.0,35.0,35.0,43.0,31.0,45.0,37.0,45.0,31.0,34.0,31.0,32.0,32.0,32.0,53.0,44.0,29.0,40.0,45.0,38.0,34.0,27.0,29.0,39.0,40.0,39.0,45.0,32.0,38.0,34.0,41.0,50.0,43.0,41.0,45.0,37.0,44.0,36.0,45.0,32.0,31.0,40.0,34.0
32.0,23.0,26.0,27.0,26.0,23.0,30.0,36.0,39.0,36.0,21.0,35.0,27.0,28.0,34.0,25.0,27.0,22.0,25.0,31.0,27.0,25.0,23.0,32.0,27.0,28.0,29.0,31.0,27.0,27.0,31.0,25.0,18.0,21.0,30.0,24.0,34.0,27.0,29.0,30.0,20.0,21.0,32.0,26.0,23.0,26.0,35.0,29.0,26.0,31.0
23.0,16.0,22.0,23.0,32.0,24.0,17.0,26.0,26.0,20.0,23.0,19.0,15.0,29.0,15.0,29.0,20.0,22.0,20.0,25.0,27.0,23.0,25.0,17.0,22.0,15.0,24.0,14.0,21.0,29.0,30.0,12.0,36.0,25.0,23.0,24.0,23.0,20.0,19.0,22.0,21.0,21.0,17.0,23.0,27.0,22.0,23.0,12.0,16.0,25.0
18.0,30.0,25.0,19.0,18.0,31.0,29.0,24.0,19.0,22.0,23.0,22.0,18.0,31.0,30.0,30.0,30.0,28.0,29.0,31.0,20.0,20.0,24.0,35.0,27.0,25.0,24.0,19.0,28.0,23.0,19.0,25.0,20.0,38.0,26.0,28.0,20.0,24.0,26.0,24.0,29.0,40.0,23.0,24.0,40.0,20.0,23.0,30.0,20.0,31.0
26.0,24.0,28.0,32.0,27.0,38.0,19.0,40.0,33.0,31.0,32.0,33.0,37.0,31.0,26.0,31.0,33.0,31.0,30.0,30.0,31.0,31.0,32.0,33.0,31.0,29.0,29.0,23.0,25.0,25.0,30.0,29.0,34.0,22.0,29.0,27.0,38.0,29.0,21.0,32.0,29.0,40.0,30.0,26.0,27.0,24.0,26.0,26.0,27.0,21.0
38.0,28.0,33.0,25.0,27.0,32.0,18.0,36.0,29.0,32.0,42.0,25.0,25.0,38.0,21.0,33.0,28.0,28.0,35.0,27.0,24.0,30.0,24.0,23.0,19.0,30.0,26.0,32.0,31.0,36.0,31.0,29.0,34.0,31.0,32.0,33.0,31.0,32.0,24.0,20.0,26.0,32.0,37.0,36.0,35.0,30.0,26.0,37.0,20.0,34.0
35.0,30.0,38.0,34.0,35.0,38.0,37.0,24.0,20.0,33.0,32.0,25.0,29.0,30.0,44.0,31.0,35.0,43.0,36.0,43.0,29.0,34.0,37.0,30.0,29.0,35.0,38.0,40.0,32.0,43.0,41.0,31.0,49.0,32.0,36.0,36.0,32.0,34.0,39.0,33.0,31.0,24.0,24.0,38.0,31.0,30.0,41.0,35.0,30.0,36.0
