10,50,1000
17.876513,15.059961,16.504523,19.032005,19.445646,15.52474,18.053929,17.552764,19.301255,19.746243
7.559857,9.912299,9.093307,7.014481,9.697954,8.008219,8.064972,9.026236,6.389127,5.899283
0.0,10.0,20.0,30.0,40.0,50.0,60.0,70.0,80.0,90.0
10.0,0.0,10.0,20.0,30.0,40.0,50.0,60.0,70.0,80.0
20.0,10.0,0.0,10.0,20.0,30.0,40.0,50.0,60.0,70.0
30.0,20.0,10.0,0.0,10.0,20.0,30.0,40.0,50.0,60.0
40.0,30.0,20.0,10.0,0.0,10.0,20.0,30.0,40.0,50.0
50.0,40.0,30.0,20.0,10.0,0.0,10.0,20.0,30.0,40.0
60.0,50.0,40.0,30.0,20.0,10.0,0.0,10.0,20.0,30.0
70.0,60.0,50.0,40.0,30.0,20.0,10.0,0.0,10.0,20.0
80.0,70.0,60.0,50.0,40.0,30.0,20.0,10.0,0.0,10.0
90.0,80.0,70.0,60.0,50.0,40.0,30.0,20.0,10.0,0.0
450.0,400.0,350.0,300.0,250.0,250.0,300.0,350.0,400.0,450.0
0.0,1.0,2.0,3.0,4.0,5.0,6.0,7.0,8.0,9.0
1.0,0.0,1.0,2.0,3.0,4.0,5.0,6.0,7.0,8.0
2.0,1.0,0.0,1.0,2.0,3.0,4.0,5.0,6.0,7.0
3.0,2.0,1.0,0.0,1.0,2.0,3.0,4.0,5.0,6.0
4.0,3.0,2.0,1.0,0.0,1.0,2.0,3.0,4.0,5.0
5.0,4.0,3.0,2.0,1.0,0.0,1.0,2.0,3.0,4.0
6.0,5.0,4.0,3.0,2.0,1.0,0.0,1.0,2.0,3.0
7.0,6.0,5.0,4.0,3.0,2.0,1.0,0.0,1.0,2.0
8.0,7.0,6.0,5.0,4.0,3.0,2.0,1.0,0.0,1.0
9.0,8.0,7.0,6.0,5.0,4.0,3.0,2.0,1.0,0.0
45.0,40.0,35.0,30.0,25.0,25.0,30.0,35.0,40.0,45.0
33.0,30.0,29.0,34.0,31.0,29.0,28.0,25.0,32.0,36.0,30.0,28.0,29.0,44.0,27.0,35.0,25.0,25.0,35.0,21.0,35.0,32.0,23.0,32.0,30.0,40.0,33.0,25.0,22.0,32.0,35.0,28.0,42.0,20.0,36.0,26.0,27.0,33.0,25.0,31.0,42.0,30.0,24.0,31.0,41.0,27.0,24.0,24.0,25.0,27.0
33.0,33.0,39.0,30.0,43.0,36.0,39.0,28.0,31.0,35.0,37.0,26.0,35.0,38.0,33.0,35.0,37.0,37.0,27.0,42.0,37.0,43.0,30.0,37.0,33.0,28.0,42.0,37.0,34.0,29.0,37.0,41.0,47.0,40.0,25.0,31.0,36.0,36.0,45.0,31.0,51.0,39.0,28.0,37.0,29.0,41.0,36.0,26.0,42.0,31.0
28.0,38.0,38.0,41.0,21.0,25.0,37.0,35.0,30.0,33.0,23.0,40.0,36.0,40.0,36.0,33.0,37.0,31.0,37.0,32.0,41.0,30.0,28.0,22.0,36.0,32.0,20.0,22.0,30.0,29.0,37.0,33.0,28.0,23.0,40.0,29.0,31.0,42.0,42.0,37.0,34.0,35.0,32.0,31.0,24.0,26.0,36.0,30.0,35.0,32.0
25.0,31.0,25.0,21.0,38.0,27.0,40.0,26.0,29.0,24.0,28.0,33.0,22.0,33.0,33.0,28.0,23.0,25.0,35.0,30.0,21.0,41.0,25.0,31.0,25.0,24.0,18.0,24.0,23.0,24.0,27.0,27.0,32.0,24.0,26.0,27.0,26.0,24.0,33.0,31.0,22.0,30.0,31.0,21.0,29.0,21.0,24.0,25.0,31.0,29.0
46.0,44.0,35.0,28.0,27.0,33.0,37.0,41.0,39.0,40.0,35.0,33.0,36.0,26.0,54.0,37.0,43.0,41.0,37.0,35.0,38.0,40.0,38.0,44.0,30.0,52.0,37.0,36.0,27.0,44.0,42.0,33.0,40.0,35.0,30.0,32.0,31.0,28.0,43.0,23.0,27.0,29.0,44.0,27.0,39.0,35.0,38.0,27.0,29.0,29.0
23.0,29.0,28.0,27.0,25.0,34.0,35.0,36.0,28.0,35.0,33.0,33.0,30.0,28.0,28.0,31.0,29.0,26.0,24.0,25.0,24.0,33.0,35.0,30.0,20.0,31.0,26.0,31.0,30.0,26.0,23.0,33.0,27.0,15.0,31.0,35.0,44.0,32.0,20.0,30.0,34.0,32.0,35.0,19.0,25.0,28.0,28.0,33.0,37.0,35.0
30.0,36.0,28.0,29.0,15.0,28.0,26.0,16.0,32.0,29.0,31.0,33.0,29.0,31.0,25.0,29.0,26.0,28.0,41.0,24.0,16.0,34.0,28.0,27.0,35.0,35.0,36.0,27.0,32.0,36.0,35.0,27.0,22.0,23.0,35.0,27.0,25.0,28.0,34.0,35.0,35.0,43.0,32.0,30.0,44.0,22.0,26.0,33.0,24.0,24.0
42.0,43.0,37.0,43.0,34.0,28.0,36.0,33.0,34.0,45.0,34.0,35.0,47.0,35.0,27.0,29.0,31.0,35.0,41.0,39.0,37.0,30.0,31.0,33.0,39.0,39.0,32.0,48.0,28.0,39.0,34.0,28.0,32.0,39.0,29.0,27.0,33.0,33.0,41.0,33.0,33.0,28.0,37.0,40.0,37.0,36.0,33.0,34.0,34.0,33.0
29.0,24.0,26.0,21.0,34.0,16.0,22.0,26.0,23.0,23.0,21.0,30.0,29.0,30.0,24.0,37.0,29.0,34.0,22.0,17.0,18.0,28.0,28.0,19.0,21.0,26.0,29.0,28.0,25.0,29.0,30.0,27.0,25.0,27.0,25.0,23.0,19.0,27.0,28.0,28.0,28.0,23.0,28.0,27.0,21.0,34.0,29.0,24.0,20.0,26.0
23.0,24.0,26.0,29.0,18.0,25.0,27.0,24.0,25.0,23.0,19.0,24.0,32.0,30.0,26.0,32.0,19.0,24.0,20.0,25.0,27.0,24.0,23.0,21.0,20.0,14.0,14.0,23.0,21.0,28.0,16.0,25.0,29.0,24.0,31.0,26.0,30.0,25.0,24.0,16.0,25.0,17.0,12.0,24.0,29.0,24.0,17.0,25.0,22.0,25.0
