10,50,1000
18.87673,19.031786,17.597765,15.536179,16.564693,19.16739,19.758508,19.59407,18.423254,18.681767
8.307608,5.061069,9.800208,9.497615,5.229397,5.643632,7.228329,6.271041,8.268848,8.257968
0.0,10.0,20.0,30.0,40.0,50.0,60.0,70.0,80.0,90.0
10.0,0.0,10.0,20.0,30.0,40.0,50.0,60.0,70.0,80.0
20.0,10.0,0.0,10.0,20.0,30.0,40.0,50.0,60.0,70.0
30.0,20.0,10.0,0.0,10.0,20.0,30.0,40.0,50.0,60.0
40.0,30.0,20.0,10.0,0.0,10.0,20.0,30.0,40.0,50.0
50.0,40.0,30.0,20.0,10.0,0.0,10.0,20.0,30.0,40.0
60.0,50.0,40.0,30.0,20.0,10.0,0.0,10.0,20.0,30.0
70.0,60.0,50.0,40.0,30.0,20.0,10.0,0.0,10.0,20.0
80.0,70.0,60.0,50.0,40.0,30.0,20.0,10.0,0.0,10.0
90.0,80.0,70.0,60.0,50.0,40.0,30.0,20.0,10.0,0.0
450.0,400.0,350.0,300.0,250.0,250.0,300.0,350.0,400.0,450.0
0.0,1.0,2.0,3.0,4.0,5.0,6.0,7.0,8.0,9.0
1.0,0.0,1.0,2.0,3.0,4.0,5.0,6.0,7.0,8.0
2.0,1.0,0.0,1.0,2.0,3.0,4.0,5.0,6.0,7.0
3.0,2.0,1.0,0.0,1.0,2.0,3.0,4.0,5.0,6.0
4.0,3.0,2.0,1.0,0.0,1.0,2.0,3.0,4.0,5.0
5.0,4.0,3.0,2.0,1.0,0.0,1.0,2.0,3.0,4.0
6.0,5.0,4.0,3.0,2.0,1.0,0.0,1.0,2.0,3.0
7.0,6.0,5.0,4.0,3.0,2.0,1.0,0.0,1.0,2.0
8.0,7.0,6.0,5.0,4.0,3.0,2.0,1.0,0.0,1.0
9.0,8.0,7.0,6.0,5.0,4.0,3.0,2.0,1.0,0.0
45.0,40.0,35.0,30.0,25.0,25.0,30.0,35.0,40.0,45.0
34.0,31.0,30.0,33.0,38.0,38.0,25.0,35.0,37.0,31.0,29.0,40.0,28.0,27.0,51.0,33.0,35.0,37.0,33.0,31.0,28.0,36.0,28.0,29.0,28.0,38.0,35.0,32.0,27.0,39.0,29.0,38.0,50.0,28.0,30.0,32.0,40.0,38.0,35.0,38.0,36.0,33.0,43.0,25.0,32.0,33.0,38.0,36.0,45.0,39.0
22.0,20.0,27.0,17.0,22.0,23.0,18.0,26.0,17.0,27.0,9.0,24.0,31.0,21.0,19.0,17.0,25.0,10.0,20.0,21.0,28.0,30.0,17.0,17.0,22.0,23.0,23.0,21.0,29.0,26.0,17.0,24.0,22.0,25.0,23.0,23.0,27.0,25.0,18.0,25.0,20.0,19.0,14.0,21.0,29.0,18.0,17.0,25.0,12.0,24.0
46.0,29.0,39.0,40.0,23.0,35.0,43.0,39.0,30.0,33.0,44.0,33.0,40.0,40.0,44.0,44.0,32.0,51.0,40.0,29.0,38.0,39.0,35.0,39.0,26.0,32.0,37.0,34.0,47.0,39.0,29.0,38.0,36.0,38.0,29.0,35.0,33.0,44.0,24.0,45.0,37.0,40.0,37.0,28.0,35.0,23.0,38.0,31.0,31.0,35.0
50.0,35.0,30.0,32.0,37.0,32.0,32.0,42.0,41.0,41.0,38.0,44.0,32.0,37.0,32.0,35.0,27.0,33.0,35.0,24.0,34.0,43.0,33.0,38.0,17.0,24.0,33.0,36.0,39.0,30.0,33.0,46.0,35.0,36.0,29.0,46.0,34.0,30.0,36.0,29.0,38.0,45.0,27.0,23.0,26.0,38.0,33.0,39.0,40.0,27.0
19.0,14.0,20.0,22.0,22.0,16.0,15.0,22.0,26.0,23.0,28.0,23.0,24.0,13.0,19.0,15.0,24.0,25.0,15.0,15.0,20.0,19.0,12.0,23.0,25.0,21.0,25.0,12.0,23.0,19.0,23.0,26.0,20.0,15.0,25.0,14.0,18.0,17.0,16.0,24.0,23.0,19.0,12.0,24.0,19.0,19.0,16.0,16.0,27.0,28.0
17.0,18.0,27.0,18.0,19.0,27.0,24.0,26.0,28.0,21.0,19.0,19.0,28.0,30.0,21.0,15.0,15.0,34.0,14.0,25.0,24.0,20.0,25.0,23.0,27.0,18.0,26.0,23.0,22.0,19.0,23.0,25.0,25.0,28.0,26.0,26.0,24.0,25.0,20.0,19.0,21.0,32.0,22.0,21.0,27.0,29.0,26.0,20.0,23.0,22.0
28.0,24.0,31.0,36.0,21.0,20.0,31.0,24.0,28.0,28.0,29.0,28.0,23.0,33.0,33.0,32.0,30.0,25.0,27.0,26.0,37.0,28.0,37.0,32.0,32.0,22.0,23.0,38.0,29.0,28.0,36.0,20.0,31.0,26.0,27.0,31.0,29.0,29.0,31.0,40.0,27.0,24.0,23.0,41.0,36.0,32.0,23.0,30.0,37.0,18.0
17.0,26.0,18.0,29.0,21.0,23.0,24.0,29.0,29.0,23.0,27.0,23.0,20.0,21.0,24.0,26.0,21.0,21.0,19.0,32.0,36.0,25.0,31.0,27.0,23.0,25.0,27.0,32.0,20.0,21.0,32.0,31.0,23.0,21.0,26.0,23.0,24.0,32.0,21.0,24.0,27.0,25.0,22.0,27.0,15.0,25.0,28.0,36.0,34.0,18.0
31.0,30.0,25.0,42.0,27.0,42.0,27.0,35.0,30.0,40.0,23.0,19.0,19.0,33.0,37.0,32.0,35.0,38.0,47.0,32.0,35.0,34.0,48.0,33.0,25.0,35.0,36.0,30.0,29.0,51.0,37.0,32.0,33.0,32.0,32.0,23.0,34.0,23.0,24.0,35.0,38.0,34.0,30.0,33.0,32.0,29.0,29.0,39.0,32.0,30.0
30.0,28.0,28.0,30.0,33.0,25.0,26.0,24.0,40.0,20.0,36.0,32.0,21.0,32.0,28.0,20.0,34.0,34.0,26.0,33.0,38.0,38.0,28.0,35.0,35.0,33.0,30.0,30.0,31.0,30.0,41.0,37.0,32.0,33.0,30.0,28.0,27.0,42.0,28.0,36.0,27.0,32.0,38.0,24.0,34.0,23.0,34.0,27.0,20.0,34.0
