10,50,1000
16.34348,15.664376,19.611791,16.945291,16.687793,18.715334,17.638814,18.465795,17.280163,16.041681
7.100652,9.560557,6.475699,5.206772,6.672869,6.682175,9.835958,5.831849,5.768517,5.497762
0.0,10.0,20.0,30.0,40.0,50.0,60.0,70.0,80.0,90.0
10.0,0.0,10.0,20.0,30.0,40.0,50.0,60.0,70.0,80.0
20.0,10.0,0.0,10.0,20.0,30.0,40.0,50.0,60.0,70.0
30.0,20.0,10.0,0.0,10.0,20.0,30.0,40.0,50.0,60.0
40.0,30.0,20.0,10.0,0.0,10.0,20.0,30.0,40.0,50.0
50.0,40.0,30.0,20.0,10.0,0.0,10.0,20.0,30.0,40.0
60.0,50.0,40.0,30.0,20.0,10.0,0.0,10.0,20.0,30.0
70.0,60.0,50.0,40.0,30.0,20.0,10.0,0.0,10.0,20.0
80.0,70.0,60.0,50.0,40.0,30.0,20.0,10.0,0.0,10.0
90.0,80.0,70.0,60.0,50.0,40.0,30.0,20.0,10.0,0.0
450.0,400.0,350.0,300.0,250.0,250.0,300.0,350.0,400.0,450.0
0.0,1.0,2.0,3.0,4.0,5.0,6.0,7.0,8.0,9.0
1.0,0.0,1.0,2.0,3.0,4.0,5.0,6.0,7.0,8.0
2.0,1.0,0.0,1.0,2.0,3.0,4.0,5.0,6.0,7.0
3.0,2.0,1.0,0.0,1.0,2.0,3.0,4.0,5.0,6.0
4.0,3.0,2.0,1.0,0.0,1.0,2.0,3.0,4.0,5.0
5.0,4.0,3.0,2.0,1.0,0.0,1.0,2.0,3.0,4.0
6.0,5.0,4.0,3.0,2.0,1.0,0.0,1.0,2.0,3.0
7.0,6.0,5.0,4.0,3.0,2.0,1.0,0.0,1.0,2.0
8.0,7.0,6.0,5.0,4.0,3.0,2.0,1.0,0.0,1.0
9.0,8.0,7.0,6.0,5.0,4.0,3.0,2.0,1.0,0.0
45.0,40.0,35.0,30.0,25.0,25.0,30.0,35.0,40.0,45.0
15.0,36.0,26.0,28.0,27.0,20.0,35.0,29.0,26.0,37.0,27.0,27.0,31.0,25.0,31.0,23.0,25.0,22.0,25.0,25.0,36.0,20.0,23.0,30.0,26.0,33.0,28.0,20.0,26.0,27.0,19.0,26.0,20.0,24.0,19.0,23.0,30.0,22.0,31.0,25.0,39.0,33.0,28.0,35.0,19.0,25.0,20.0,16.0,32.0,21.0
41.0,29.0,36.0,29.0,54.0,43.0,41.0,28.0,38.0,35.0,32.0,32.0,39.0,38.0,33.0,26.0,47.0,40.0,33.0,28.0,41.0,31.0,47.0,45.0,39.0,30.0,33.0,28.0,33.0,37.0,38.0,35.0,33.0,43.0,35.0,34.0,32.0,32.0,35.0,36.0,42.0,31.0,36.0,38.0,34.0,33.0,39.0,34.0,31.0,25.0
28.0,31.0,20.0,19.0,36.0,12.0,27.0,20.0,28.0,26.0,21.0,25.0,27.0,31.0,31.0,27.0,20.0,30.0,26.0,26.0,31.0,30.0,22.0,26.0,31.0,23.0,21.0,17.0,35.0,29.0,29.0,29.0,22.0,23.0,17.0,24.0,26.0,24.0,26.0,17.0,35.0,25.0,23.0,25.0,24.0,22.0,31.0,21.0,23.0,26.0
21.0,22.0,20.0,14.0,26.0,19.0,21.0,15.0,23.0,17.0,21.0,14.0,22.0,20.0,15.0,17.0,20.0,28.0,19.0,16.0,20.0,18.0,23.0,31.0,19.0,22.0,27.0,22.0,20.0,22.0,15.0,18.0,26.0,19.0,21.0,20.0,17.0,20.0,16.0,18.0,26.0,16.0,21.0,14.0,26.0,24.0,30.0,20.0,15.0,25.0
31.0,26.0,26.0,25.0,24.0,28.0,24.0,35.0,31.0,21.0,41.0,22.0,26.0,23.0,26.0,36.0,22.0,15.0,35.0,26.0,32.0,23.0,20.0,30.0,20.0,33.0,30.0,32.0,26.0,37.0,34.0,22.0,22.0,19.0,28.0,33.0,14.0,24.0,28.0,15.0,31.0,27.0,24.0,30.0,35.0,22.0,20.0,38.0,29.0,21.0
23.0,25.0,31.0,29.0,26.0,30.0,36.0,38.0,38.0,33.0,30.0,16.0,24.0,38.0,25.0,24.0,28.0,34.0,23.0,27.0,26.0,30.0,26.0,27.0,22.0,29.0,18.0,34.0,29.0,24.0,28.0,27.0,18.0,26.0,32.0,24.0,27.0,25.0,25.0,31.0,28.0,24.0,25.0,28.0,22.0,34.0,23.0,31.0,28.0,42.0
47.0,40.0,22.0,31.0,34.0,43.0,31.0,43.0,36.0,41.0,50.0,30.0,24.0,34.0,51.0,27.0,34.0,33.0,37.0,29.0,37.0,38.0,34.0,38.0,40.0,31.0,33.0,37.0,33.0,38.0,38.0,40.0,38.0,30.0,29.0,35.0,39.0,38.0,36.0,32.0,28.0,35.0,30.0,31.0,32.0,39.0,45.0,39.0,55.0,36.0
24.0,24.0,24.0,19.0,14.0,29.0,28.0,28.0,21.0,31.0,25.0,19.0,23.0,24.0,18.0,30.0,24.0,25.0,22.0,21.0,21.0,40.0,27.0,22.0,21.0,21.0,30.0,24.0,25.0,19.0,23.0,22.0,29.0,24.0,22.0,17.0,20.0,23.0,25.0,29.0,21.0,26.0,26.0,33.0,27.0,34.0,23.0,31.0,17.0,29.0
22.0,31.0,23.0,26.0,19.0,25.0,29.0,24.0,27.0,20.0,16.0,12.0,31.0,23.0,22.0,28.0,23.0,29.0,19.0,16.0,14.0,40.0,26.0,17.0,28.0,23.0,25.0,36.0,28.0,19.0,29.0,20.0,20.0,24.0,24.0,27.0,21.0,21.0,27.0,16.0,15.0,17.0,22.0,23.0,25.0,30.0,22.0,22.0,19.0,27.0
15.0,18.0,23.0,19.0,26.0,20.0,24.0,28.0,23.0,24.0,24.0,27.0,19.0,22.0,28.0,26.0,18.0,37.0,24.0,22.0,12.0,27.0,24.0,18.0,31.0,22.0,24.0,25.0,16.0,22.0,26.0,14.0,18.0,25.0,31.0,21.0,20.0,27.0,21.0,21.0,26.0,27.0,20.0,22.0,32.0,17.0,20.0,29.0,31.0,28.0
