10,50,1000
15.101828,17.217309,17.450401,19.924887,18.110038,16.170346,18.378707,16.495594,15.543342,18.614319
6.513914,8.832422,5.348187,6.759024,6.835325,7.393066,9.330361,5.807377,5.25208,9.981621
0.0,10.0,20.0,30.0,40.0,50.0,60.0,70.0,80.0,90.0
10.0,0.0,10.0,20.0,30.0,40.0,50.0,60.0,70.0,80.0
20.0,10.0,0.0,10.0,20.0,30.0,40.0,50.0,60.0,70.0
30.0,20.0,10.0,0.0,10.0,20.0,30.0,40.0,50.0,60.0
40.0,30.0,20.0,10.0,0.0,10.0,20.0,30.0,40.0,50.0
50.0,40.0,30.0,20.0,10.0,0.0,10.0,20.0,30.0,40.0
60.0,50.0,40.0,30.0,20.0,10.0,0.0,10.0,20.0,30.0
70.0,60.0,50.0,40.0,30.0,20.0,10.0,0.0,10.0,20.0
80.0,70.0,60.0,50.0,40.0,30.0,20.0,10.0,0.0,10.0
90.0,80.0,70.0,60.0,50.0,40.0,30.0,20.0,10.0,0.0
450.0,400.0,350.0,300.0,250.0,250.0,300.0,350.0,400.0,450.0
0.0,1.0,2.0,3.0,4.0,5.0,6.0,7.0,8.0,9.0
1.0,0.0,1.0,2.0,3.0,4.0,5.0,6.0,7.0,8.0
2.0,1.0,0.0,1.0,2.0,3.0,4.0,5.0,6.0,7.0
3.0,2.0,1.0,0.0,1.0,2.0,3.0,4.0,5.0,6.0
4.0,3.0,2.0,1.0,0.0,1.0,2.0,3.0,4.0,5.0
5.0,4.0,3.0,2.0,1.0,0.0,1.0,2.0,3.0,4.0
6.0,5.0,4.0,3.0,2.0,1.0,0.0,1.0,2.0,3.0
7.0,6.0,5.0,4.0,3.0,2.0,1.0,0.0,1.0,2.0
8.0,7.0,6.0,5.0,4.0,3.0,2.0,1.0,0.0,1.0
9.0,8.0,7.0,6.0,5.0,4.0,3.0,2.0,1.0,0.0
45.0,40.0,35.0,30.0,25.0,25.0,30.0,35.0,40.0,45.0
25.0,21.0,25.0,34.0,34.0,15.0,19.0,27.0,29.0,25.0,28.0,31.0,16.0,29.0,27.0,25.0,24.0,19.0,20.0,21.0,25.0,29.0,23.0,25.0,29.0,23.0,32.0,28.0,22.0,24.0,16.0,19.0,20.0,23.0,27.0,21.0,27.0,22.0,23.0,27.0,30.0,24.0,31.0,24.0,24.0,24.0,27.0,25.0,24.0,22.0
29.0,38.0,33.0,32.0,33.0,30.0,35.0,30.0,30.0,38.0,45.0,33.0,34.0,28.0,20.0,41.0,30.0,29.0,39.0,32.0,31.0,39.0,25.0,37.0,30.0,33.0,46.0,34.0,40.0,37.0,30.0,26.0,30.0,35.0,41.0,20.0,27.0,36.0,30.0,32.0,44.0,38.0,31.0,35.0,49.0,38.0,24.0,40.0,26.0,29.0
23.0,23.0,14.0,20.0,26.0,17.0,25.0,17.0,21.0,25.0,23.0,15.0,20.0,24.0,24.0,17.0,22.0,24.0,14.0,19.0,13.0,26.0,13.0,22.0,16.0,21.0,15.0,19.0,26.0,16.0,16.0,20.0,15.0,21.0,30.0,24.0,22.0,19.0,26.0,17.0,24.0,18.0,22.0,21.0,18.0,14.0,18.0,20.0,24.0,20.0
22.0,22.0,32.0,22.0,27.0,30.0,29.0,23.0,22.0,26.0,26.0,26.0,20.0,31.0,31.0,32.0,24.0,36.0,33.0,26.0,24.0,29.0,33.0,27.0,29.0,34.0,23.0,27.0,22.0,28.0,33.0,22.0,32.0,29.0,21.0,27.0,18.0,29.0,23.0,33.0,26.0,25.0,41.0,27.0,29.0,31.0,34.0,21.0,25.0,30.0
33.0,25.0,29.0,20.0,35.0,30.0,19.0,20.0,15.0,22.0,30.0,24.0,27.0,28.0,29.0,28.0,19.0,32.0,31.0,30.0,27.0,26.0,34.0,31.0,27.0,22.0,24.0,32.0,29.0,23.0,29.0,25.0,38.0,27.0,40.0,26.0,24.0,19.0,27.0,28.0,20.0,30.0,30.0,30.0,33.0,31.0,23.0,21.0,22.0,22.0
31.0,30.0,32.0,30.0,33.0,28.0,39.0,37.0,35.0,31.0,25.0,27.0,22.0,36.0,28.0,23.0,38.0,35.0,29.0,26.0,36.0,31.0,36.0,29.0,29.0,41.0,27.0,36.0,35.0,17.0,22.0,25.0,14.0,32.0,29.0,25.0,36.0,20.0,25.0,32.0,28.0,27.0,38.0,29.0,30.0,30.0,31.0,25.0,35.0,27.0
42.0,37.0,44.0,28.0,31.0,37.0,44.0,46.0,27.0,33.0,39.0,43.0,40.0,45.0,39.0,45.0,39.0,38.0,40.0,37.0,44.0,37.0,37.0,41.0,32.0,24.0,37.0,28.0,25.0,34.0,29.0,43.0,43.0,42.0,34.0,38.0,32.0,43.0,23.0,30.0,29.0,35.0,58.0,35.0,40.0,40.0,17.0,41.0,43.0,26.0
27.0,22.0,22.0,25.0,21.0,20.0,22.0,15.0,27.0,28.0,29.0,25.0,24.0,22.0,20.0,18.0,15.0,16.0,23.0,23.0,23.0,11.0,15.0,21.0,22.0,20.0,25.0,18.0,15.0,30.0,25.0,21.0,28.0,28.0,17.0,25.0,23.0,22.0,20.0,22.0,22.0,18.0,27.0,18.0,22.0,16.0,27.0,24.0,30.0,23.0
19.0,16.0,19.0,13.0,19.0,20.0,19.0,21.0,19.0,28.0,12.0,16.0,34.0,16.0,25.0,22.0,9.0,17.0,18.0,20.0,20.0,23.0,24.0,16.0,22.0,24.0,24.0,11.0,20.0,26.0,24.0,26.0,36.0,10.0,23.0,21.0,20.0,21.0,28.0,24.0,22.0,17.0,25.0,22.0,14.0,25.0,26.0,26.0,25.0,25.0
31.0,36.0,39.0,31.0,43.0,35.0,22.0,40.0,37.0,34.0,33.0,33.0,42.0,48.0,43.0,38.0,37.0,37.0,30.0,37.0,32.0,41.0,33.0,33.0,35.0,34.0,51.0,40.0,35.0,32.0,28.0,33.0,43.0,40.0,35.0,45.0,31.0,38.0,40.0,48.0,42.0,33.0,52.0,33.0,39.0,48.0,32.0,35.0,28.0,32.0
