10,50,1000
17.904284,18.299629,16.076336,18.754501,17.251909,15.682102,15.969522,15.244583,18.827075,16.124361
7.146489,7.679572,7.616579,6.731503,5.649503,6.526595,5.081887,7.302167,9.550397,8.283522
0.0,10.0,20.0,30.0,40.0,50.0,60.0,70.0,80.0,90.0
10.0,0.0,10.0,20.0,30.0,40.0,50.0,60.0,70.0,80.0
20.0,10.0,0.0,10.0,20.0,30.0,40.0,50.0,60.0,70.0
30.0,20.0,10.0,0.0,10.0,20.0,30.0,40.0,50.0,60.0
40.0,30.0,20.0,10.0,0.0,10.0,20.0,30.0,40.0,50.0
50.0,40.0,30.0,20.0,10.0,0.0,10.0,20.0,30.0,40.0
60.0,50.0,40.0,30.0,20.0,10.0,0.0,10.0,20.0,30.0
70.0,60.0,50.0,40.0,30.0,20.0,10.0,0.0,10.0,20.0
80.0,70.0,60.0,50.0,40.0,30.0,20.0,10.0,0.0,10.0
90.0,80.0,70.0,60.0,50.0,40.0,30.0,20.0,10.0,0.0
450.0,400.0,350.0,300.0,250.0,250.0,300.0,350.0,400.0,450.0
0.0,1.0,2.0,3.0,4.0,5.0,6.0,7.0,8.0,9.0
1.0,0.0,1.0,2.0,3.0,4.0,5.0,6.0,7.0,8.0
2.0,1.0,0.0,1.0,2.0,3.0,4.0,5.0,6.0,7.0
3.0,2.0,1.0,0.0,1.0,2.0,3.0,4.0,5.0,6.0
4.0,3.0,2.0,1.0,0.0,1.0,2.0,3.0,4.0,5.0
5.0,4.0,3.0,2.0,1.0,0.0,1.0,2.0,3.0,4.0
6.0,5.0,4.0,3.0,2.0,1.0,0.0,1.0,2.0,3.0
7.0,6.0,5.0,4.0,3.0,2.0,1.0,0.0,1.0,2.0
8.0,7.0,6.0,5.0,4.0,3.0,2.0,1.0,0.0,1.0
9.0,8.0,7.0,6.0,5.0,4.0,3.0,2.0,1.0,0.0
45.0,40.0,35.0,30.0,25.0,25.0,30.0,35.0,40.0,45.0
31.0,25.0,33.0,37.0,29.0,26.0,32.0,27.0,22.0,27.0,21.0,27.0,26.0,29.0,31.0,16.0,33.0,24.0,31.0,26.0,27.0,28.0,25.0,25.0,28.0,29.0,20.0,30.0,20.0,28.0,30.0,31.0,27.0,35.0,33.0,26.0,25.0,24.0,32.0,17.0,25.0,25.0,27.0,34.0,30.0,28.0,24.0,29.0,33.0,23.0
29.0,31.0,23.0,27.0,26.0,43.0,27.0,30.0,30.0,29.0,29.0,26.0,31.0,33.0,43.0,32.0,23.0,32.0,37.0,33.0,34.0,27.0,33.0,38.0,30.0,30.0,26.0,38.0,23.0,28.0,31.0,27.0,28.0,23.0,36.0,27.0,30.0,26.0,28.0,34.0,32.0,28.0,29.0,29.0,23.0,38.0,34.0,27.0,27.0,35.0
32.0,33.0,21.0,34.0,26.0,22.0,33.0,20.0,30.0,26.0,30.0,34.0,32.0,34.0,28.0,35.0,34.0,23.0,23.0,22.0,28.0,37.0,32.0,21.0,31.0,38.0,32.0,15.0,22.0,39.0,27.0,39.0,33.0,29.0,35.0,33.0,29.0,29.0,28.0,21.0,23.0,24.0,28.0,27.0,32.0,23.0,25.0,31.0,28.0,21.0
22.0,18.0,32.0,30.0,28.0,16.0,38.0,28.0,19.0,39.0,26.0,25.0,33.0,24.0,27.0,32.0,32.0,24.0,37.0,37.0,31.0,22.0,26.0,19.0,32.0,25.0,37.0,31.0,23.0,23.0,25.0,23.0,20.0,16.0,35.0,25.0,26.0,24.0,33.0,27.0,33.0,24.0,22.0,35.0,32.0,20.0,30.0,26.0,28.0,24.0
23.0,41.0,22.0,28.0,27.0,34.0,24.0,27.0,23.0,20.0,26.0,27.0,32.0,41.0,30.0,26.0,17.0,23.0,25.0,15.0,27.0,25.0,24.0,24.0,21.0,25.0,24.0,21.0,21.0,19.0,20.0,26.0,29.0,23.0,23.0,19.0,24.0,25.0,25.0,25.0,20.0,28.0,28.0,25.0,20.0,23.0,20.0,28.0,22.0,26.0
24.0,28.0,22.0,19.0,24.0,18.0,22.0,33.0,21.0,19.0,30.0,37.0,30.0,28.0,24.0,29.0,27.0,26.0,18.0,23.0,27.0,19.0,27.0,28.0,31.0,31.0,29.0,22.0,24.0,29.0,23.0,28.0,28.0,26.0,23.0,26.0,21.0,26.0,21.0,28.0,21.0,20.0,32.0,31.0,33.0,30.0,30.0,26.0,26.0,15.0
15.0,17.0,17.0,19.0,20.0,25.0,15.0,15.0,18.0,27.0,24.0,17.0,33.0,25.0,24.0,22.0,17.0,18.0,18.0,20.0,21.0,20.0,19.0,26.0,22.0,22.0,17.0,23.0,19.0,28.0,25.0,22.0,21.0,19.0,30.0,24.0,27.0,22.0,10.0,24.0,16.0,23.0,22.0,24.0,20.0,20.0,21.0,17.0,15.0,22.0
23.0,33.0,32.0,26.0,25.0,25.0,31.0,42.0,24.0,30.0,27.0,26.0,25.0,28.0,22.0,29.0,25.0,26.0,29.0,24.0,21.0,25.0,22.0,32.0,21.0,25.0,27.0,33.0,25.0,23.0,33.0,26.0,29.0,27.0,34.0,25.0,26.0,25.0,25.0,27.0,25.0,25.0,29.0,27.0,29.0,25.0,35.0,16.0,26.0,17.0
41.0,42.0,31.0,30.0,39.0,36.0,26.0,33.0,40.0,47.0,41.0,32.0,30.0,33.0,35.0,38.0,39.0,31.0,35.0,36.0,42.0,29.0,41.0,40.0,48.0,37.0,50.0,41.0,32.0,30.0,36.0,34.0,52.0,35.0,35.0,34.0,38.0,50.0,27.0,33.0,37.0,45.0,42.0,43.0,45.0,29.0,34.0,25.0,38.0,28.0
28.0,30.0,32.0,30.0,35.0,32.0,33.0,41.0,35.0,24.0,25.0,40.0,29.0,26.0,29.0,36.0,20.0,32.0,31.0,31.0,29.0,25.0,23.0,29.0,26.0,22.0,30.0,30.0,31.0,26.0,38.0,29.0,27.0,36.0,32.0,28.0,42.0,32.0,35.0,27.0,27.0,28.0,29.0,33.0,37.0,27.0,47.0,26.0,31.0,29.0
