10,50,1000
17.24286,16.403255,15.088663,19.391911,18.859752,15.872203,17.685442,18.779932,18.44748,18.875563
9.402434,8.070534,5.027986,9.721056,7.102916,9.887207,7.723057,5.646311,9.53045,5.044902
0.0,10.0,20.0,30.0,40.0,50.0,60.0,70.0,80.0,90.0
10.0,0.0,10.0,20.0,30.0,40.0,50.0,60.0,70.0,80.0
20.0,10.0,0.0,10.0,20.0,30.0,40.0,50.0,60.0,70.0
30.0,20.0,10.0,0.0,10.0,20.0,30.0,40.0,50.0,60.0
40.0,30.0,20.0,10.0,0.0,10.0,20.0,30.0,40.0,50.0
50.0,40.0,30.0,20.0,10.0,0.0,10.0,20.0,30.0,40.0
60.0,50.0,40.0,30.0,20.0,10.0,0.0,10.0,20.0,30.0
70.0,60.0,50.0,40.0,30.0,20.0,10.0,0.0,10.0,20.0
80.0,70.0,60.0,50.0,40.0,30.0,20.0,10.0,0.0,10.0
90.0,80.0,70.0,60.0,50.0,40.0,30.0,20.0,10.0,0.0
450.0,400.0,350.0,300.0,250.0,250.0,300.0,350.0,400.0,450.0
0.0,1.0,2.0,3.0,4.0,5.0,6.0,7.0,8.0,9.0
1.0,0.0,1.0,2.0,3.0,4.0,5.0,6.0,7.0,8.0
2.0,1.0,0.0,1.0,2.0,3.0,4.0,5.0,6.0,7.0
3.0,2.0,1.0,0.0,1.0,2.0,3.0,4.0,5.0,6.0
4.0,3.0,2.0,1.0,0.0,1.0,2.0,3.0,4.0,5.0
5.0,4.0,3.0,2.0,1.0,0.0,1.0,2.0,3.0,4.0
6.0,5.0,4.0,3.0,2.0,1.0,0.0,1.0,2.0,3.0
7.0,6.0,5.0,4.0,3.0,2.0,1.0,0.0,1.0,2.0
8.0,7.0,6.0,5.0,4.0,3.0,2.0,1.0,0.0,1.0
9.0,8.0,7.0,6.0,5.0,4.0,3.0,2.0,1.0,0.0
45.0,40.0,35.0,30.0,25.0,25.0,30.0,35.0,40.0,45.0
40.0,35.0,50.0,36.0,33.0,48.0,32.0,41.0,36.0,30.0,43.0,32.0,37.0,34.0,46.0,30.0,34.0,34.0,31.0,37.0,33.0,37.0,29.0,37.0,36.0,28.0,42.0,25.0,38.0,26.0,33.0,34.0,28.0,32.0,40.0,33.0,29.0,26.0,36.0,40.0,29.0,26.0,34.0,22.0,43.0,29.0,31.0,33.0,33.0,34.0
29.0,28.0,24.0,29.0,39.0,31.0,28.0,27.0,37.0,26.0,21.0,30.0,24.0,30.0,35.0,31.0,38.0,32.0,35.0,30.0,23.0,28.0,33.0,27.0,23.0,28.0,32.0,18.0,26.0,37.0,34.0,26.0,24.0,29.0,33.0,29.0,30.0,23.0,31.0,38.0,31.0,23.0,36.0,31.0,24.0,33.0,32.0,18.0,27.0,32.0
23.0,15.0,22.0,15.0,20.0,16.0,20.0,27.0,20.0,21.0,25.0,21.0,17.0,16.0,20.0,16.0,24.0,19.0,18.0,21.0,17.0,21.0,15.0,26.0,15.0,27.0,14.0,22.0,14.0,15.0,17.0,16.0,22.0,14.0,19.0,19.0,16.0,19.0,19.0,13.0,17.0,14.0,19.0,14.0,18.0,23.0,18.0,17.0,19.0,14.0
41.0,32.0,36.0,39.0,30.0,34.0,36.0,29.0,25.0,36.0,46.0,39.0,32.0,37.0,44.0,44.0,26.0,53.0,34.0,44.0,37.0,26.0,42.0,22.0,51.0,18.0,45.0,34.0,34.0,35.0,37.0,35.0,47.0,31.0,34.0,41.0,33.0,39.0,30.0,38.0,37.0,42.0,33.0,39.0,37.0,50.0,36.0,38.0,36.0,34.0
36.0,27.0,30.0,33.0,32.0,36.0,37.0,25.0,27.0,30.0,23.0,28.0,18.0,31.0,33.0,26.0,29.0,30.0,23.0,23.0,32.0,26.0,33.0,28.0,20.0,29.0,30.0,31.0,25.0,28.0,38.0,26.0,35.0,27.0,29.0,26.0,29.0,31.0,29.0,26.0,27.0,30.0,25.0,17.0,26.0,27.0,30.0,24.0,42.0,27.0
35.0,36.0,33.0,33.0,41.0,43.0,39.0,41.0,32.0,45.0,43.0,42.0,34.0,34.0,38.0,41.0,35.0,34.0,32.0,28.0,39.0,52.0,40.0,38.0,32.0,31.0,38.0,30.0,40.0,36.0,35.0,44.0,28.0,38.0,42.0,32.0,36.0,50.0,35.0,36.0,47.0,31.0,38.0,40.0,32.0,28.0,32.0,46.0,37.0,32.0
29.0,35.0,26.0,32.0,35.0,26.0,32.0,30.0,32.0,28.0,39.0,25.0,36.0,29.0,36.0,27.0,34.0,29.0,17.0,30.0,30.0,29.0,25.0,33.0,45.0,27.0,31.0,34.0,37.0,26.0,26.0,34.0,25.0,32.0,27.0,21.0,21.0,23.0,31.0,23.0,30.0,32.0,30.0,32.0,22.0,22.0,32.0,22.0,27.0,33.0
22.0,17.0,19.0,15.0,20.0,23.0,30.0,25.0,23.0,18.0,33.0,23.0,33.0,23.0,14.0,24.0,32.0,26.0,16.0,16.0,27.0,29.0,25.0,20.0,26.0,20.0,21.0,31.0,29.0,23.0,28.0,24.0,19.0,22.0,23.0,27.0,27.0,15.0,18.0,18.0,26.0,21.0,12.0,19.0,18.0,17.0,21.0,34.0,26.0,19.0
41.0,44.0,36.0,43.0,42.0,44.0,42.0,29.0,30.0,30.0,32.0,34.0,34.0,30.0,44.0,41.0,31.0,30.0,39.0,29.0,21.0,39.0,36.0,26.0,39.0,41.0,38.0,30.0,35.0,43.0,33.0,32.0,33.0,44.0,24.0,30.0,30.0,30.0,35.0,27.0,29.0,43.0,29.0,38.0,29.0,30.0,46.0,45.0,32.0,35.0
21.0,20.0,35.0,20.0,20.0,7.0,18.0,24.0,18.0,26.0,23.0,22.0,22.0,26.0,24.0,20.0,17.0,24.0,20.0,19.0,26.0,29.0,16.0,17.0,27.0,15.0,24.0,22.0,26.0,15.0,16.0,19.0,22.0,13.0,17.0,25.0,23.0,17.0,17.0,19.0,16.0,20.0,26.0,21.0,21.0,22.0,17.0,26.0,23.0,21.0
