10,50,1000
17.266368,17.772301,16.372608,16.302698,19.032943,19.989788,19.162275,18.468924,17.907896,18.909046
9.701576,5.65159,9.091608,7.292893,9.968973,9.889601,7.645723,7.86657,9.928734,7.933677
0.0,10.0,20.0,30.0,40.0,50.0,60.0,70.0,80.0,90.0
10.0,0.0,10.0,20.0,30.0,40.0,50.0,60.0,70.0,80.0
20.0,10.0,0.0,10.0,20.0,30.0,40.0,50.0,60.0,70.0
30.0,20.0,10.0,0.0,10.0,20.0,30.0,40.0,50.0,60.0
40.0,30.0,20.0,10.0,0.0,10.0,20.0,30.0,40.0,50.0
50.0,40.0,30.0,20.0,10.0,0.0,10.0,20.0,30.0,40.0
60.0,50.0,40.0,30.0,20.0,10.0,0.0,10.0,20.0,30.0
70.0,60.0,50.0,40.0,30.0,20.0,10.0,0.0,10.0,20.0
80.0,70.0,60.0,50.0,40.0,30.0,20.0,10.0,0.0,10.0
90.0,80.0,70.0,60.0,50.0,40.0,30.0,20.0,10.0,0.0
450.0,400.0,350.0,300.0,250.0,250.0,300.0,350.0,400.0,450.0
0.0,1.0,2.0,3.0,4.0,5.0,6.0,7.0,8.0,9.0
1.0,0.0,1.0,2.0,3.0,4.0,5.0,6.0,7.0,8.0
2.0,1.0,0.0,1.0,2.0,3.0,4.0,5.0,6.0,7.0
3.0,2.0,1.0,0.0,1.0,2.0,3.0,4.0,5.0,6.0
4.0,3.0,2.0,1.0,0.0,1.0,2.0,3.0,4.0,5.0
5.0,4.0,3.0,2.0,1.0,0.0,1.0,2.0,3.0,4.0
6.0,5.0,4.0,3.0,2.0,1.0,0.0,1.0,2.0,3.0
7.0,6.0,5.0,4.0,3.0,2.0,1.0,0.0,1.0,2.0
8.0,7.0,6.0,5.0,4.0,3.0,2.0,1.0,0.0,1.0
9.0,8.0,7.0,6.0,5.0,4.0,3.0,2.0,1.0,0.0
45.0,40.0,35.0,30.0,25.0,25.0,30.0,35.0,40.0,45.0
35.0,28.0,33.0,35.0,37.0,43.0,29.0,33.0,30.0,33.0,30.0,40.0,30.0,35.0,37.0,31.0,33.0,36.0,34.0,37.0,32.0,42.0,37.0,35.0,30.0,40.0,31.0,35.0,34.0,32.0,33.0,42.0,30.0,40.0,34.0,27.0,22.0,33.0,32.0,46.0,37.0,30.0,32.0,29.0,33.0,32.0,31.0,35.0,36.0,32.0
31.0,24.0,23.0,29.0,22.0,19.0,32.0,24.0,23.0,33.0,22.0,16.0,26.0,23.0,15.0,14.0,29.0,17.0,20.0,27.0,16.0,24.0,23.0,25.0,22.0,18.0,21.0,23.0,17.0,24.0,26.0,24.0,25.0,17.0,24.0,13.0,30.0,22.0,17.0,14.0,18.0,19.0,23.0,33.0,32.0,24.0,14.0,23.0,20.0,22.0
26.0,22.0,38.0,24.0,32.0,45.0,35.0,46.0,40.0,32.0,30.0,40.0,35.0,42.0,25.0,35.0,25.0,33.0,41.0,37.0,32.0,34.0,32.0,40.0,27.0,33.0,25.0,29.0,38.0,38.0,41.0,26.0,28.0,33.0,46.0,36.0,40.0,35.0,33.0,32.0,42.0,35.0,39.0,31.0,40.0,38.0,33.0,26.0,36.0,33.0
34.0,20.0,31.0,35.0,29.0,33.0,29.0,26.0,38.0,22.0,36.0,29.0,43.0,27.0,28.0,34.0,34.0,28.0,26.0,22.0,24.0,21.0,30.0,23.0,21.0,22.0,30.0,28.0,29.0,23.0,29.0,42.0,26.0,24.0,27.0,21.0,18.0,37.0,34.0,27.0,25.0,26.0,26.0,23.0,18.0,29.0,39.0,16.0,26.0,20.0
25.0,37.0,33.0,39.0,31.0,33.0,32.0,37.0,35.0,31.0,42.0,46.0,46.0,41.0,42.0,33.0,22.0,50.0,46.0,36.0,34.0,39.0,38.0,41.0,42.0,41.0,35.0,34.0,39.0,39.0,32.0,36.0,34.0,36.0,45.0,39.0,38.0,43.0,39.0,41.0,40.0,39.0,39.0,47.0,37.0,29.0,43.0,31.0,33.0,39.0
45.0,26.0,35.0,33.0,31.0,29.0,37.0,41.0,45.0,43.0,28.0,35.0,36.0,35.0,43.0,34.0,34.0,42.0,42.0,38.0,35.0,35.0,31.0,39.0,44.0,42.0,32.0,34.0,43.0,31.0,31.0,24.0,39.0,31.0,38.0,27.0,49.0,33.0,26.0,45.0,35.0,42.0,41.0,40.0,30.0,32.0,36.0,42.0,39.0,37.0
39.0,28.0,24.0,34.0,35.0,28.0,27.0,41.0,31.0,36.0,38.0,39.0,33.0,44.0,32.0,21.0,30.0,17.0,37.0,22.0,37.0,31.0,24.0,28.0,28.0,23.0,31.0,22.0,28.0,22.0,36.0,38.0,31.0,24.0,21.0,31.0,27.0,31.0,30.0,34.0,30.0,29.0,31.0,33.0,32.0,37.0,33.0,30.0,37.0,32.0
24.0,27.0,32.0,30.0,34.0,20.0,28.0,41.0,35.0,33.0,25.0,43.0,33.0,38.0,27.0,33.0,40.0,30.0,23.0,34.0,29.0,29.0,31.0,25.0,30.0,31.0,32.0,25.0,27.0,23.0,24.0,28.0,32.0,28.0,37.0,33.0,33.0,21.0,36.0,28.0,36.0,25.0,41.0,25.0,35.0,31.0,36.0,40.0,34.0,25.0
41.0,48.0,46.0,40.0,32.0,37.0,43.0,37.0,32.0,33.0,34.0,34.0,42.0,37.0,33.0,35.0,36.0,34.0,44.0,38.0,43.0,38.0,32.0,38.0,47.0,36.0,37.0,31.0,37.0,44.0,31.0,35.0,41.0,36.0,33.0,25.0,47.0,42.0,32.0,28.0,38.0,31.0,32.0,32.0,55.0,46.0,40.0,32.0,27.0,39.0
33.0,38.0,34.0,33.0,37.0,27.0,23.0,33.0,29.0,38.0,25.0,30.0,39.0,27.0,30.0,18.0,25.0,29.0,25.0,22.0,26.0,30.0,29.0,32.0,29.0,34.0,21.0,31.0,40.0,29.0,29.0,33.0,27.0,28.0,27.0,28.0,38.0,38.0,38.0,40.0,30.0,29.0,30.0,31.0,26.0,34.0,25.0,31.0,37.0,24.0
