10,50,1000
18.836301,17.319768,19.871026,19.96092,16.902304,18.99121,15.297447,16.844665,15.661148,18.27033
5.485015,5.388027,5.46082,5.992976,5.302117,6.391552,9.811596,7.410221,6.679214,8.523221
0.0,10.0,20.0,30.0,40.0,50.0,60.0,70.0,80.0,90.0
10.0,0.0,10.0,20.0,30.0,40.0,50.0,60.0,70.0,80.0
20.0,10.0,0.0,10.0,20.0,30.0,40.0,50.0,60.0,70.0
30.0,20.0,10.0,0.0,10.0,20.0,30.0,40.0,50.0,60.0
40.0,30.0,20.0,10.0,0.0,10.0,20.0,30.0,40.0,50.0
50.0,40.0,30.0,20.0,10.0,0.0,10.0,20.0,30.0,40.0
60.0,50.0,40.0,30.0,20.0,10.0,0.0,10.0,20.0,30.0
70.0,60.0,50.0,40.0,30.0,20.0,10.0,0.0,10.0,20.0
80.0,70.0,60.0,50.0,40.0,30.0,20.0,10.0,0.0,10.0
90.0,80.0,70.0,60.0,50.0,40.0,30.0,20.0,10.0,0.0
450.0,400.0,350.0,300.0,250.0,250.0,300.0,350.0,400.0,450.0
0.0,1.0,2.0,3.0,4.0,5.0,6.0,7.0,8.0,9.0
1.0,0.0,1.0,2.0,3.0,4.0,5.0,6.0,7.0,8.0
2.0,1.0,0.0,1.0,2.0,3.0,4.0,5.0,6.0,7.0
3.0,2.0,1.0,0.0,1.0,2.0,3.0,4.0,5.0,6.0
4.0,3.0,2.0,1.0,0.0,1.0,2.0,3.0,4.0,5.0
5.0,4.0,3.0,2.0,1.0,0.0,1.0,2.0,3.0,4.0
6.0,5.0,4.0,3.0,2.0,1.0,0.0,1.0,2.0,3.0
7.0,6.0,5.0,4.0,3.0,2.0,1.0,0.0,1.0,2.0
8.0,7.0,6.0,5.0,4.0,3.0,2.0,1.0,0.0,1.0
9.0,8.0,7.0,6.0,5.0,4.0,3.0,2.0,1.0,0.0
45.0,40.0,35.0,30.0,25.0,25.0,30.0,35.0,40.0,45.0
31.0,27.0,24.0,26.0,33.0,20.0,29.0,35.0,19.0,16.0,23.0,15.0,25.0,22.0,23.0,16.0,31.0,17.0,27.0,24.0,21.0,26.0,16.0,15.0,30.0,19.0,23.0,27.0,28.0,30.0,22.0,27.0,20.0,24.0,29.0,29.0,23.0,27.0,19.0,29.0,37.0,27.0,28.0,22.0,14.0,22.0,28.0,26.0,16.0,21.0
22.0,31.0,20.0,20.0,12.0,28.0,26.0,19.0,25.0,18.0,12.0,23.0,25.0,18.0,27.0,23.0,27.0,26.0,21.0,22.0,26.0,21.0,19.0,23.0,21.0,25.0,11.0,18.0,24.0,28.0,23.0,25.0,28.0,26.0,32.0,19.0,26.0,19.0,22.0,23.0,11.0,15.0,23.0,12.0,18.0,25.0,27.0,20.0,15.0,21.0
23.0,28.0,22.0,22.0,15.0,17.0,26.0,19.0,21.0,28.0,24.0,27.0,23.0,21.0,31.0,30.0,25.0,33.0,37.0,26.0,24.0,28.0,23.0,31.0,26.0,26.0,29.0,22.0,23.0,28.0,24.0,16.0,20.0,24.0,19.0,17.0,23.0,25.0,23.0,23.0,23.0,18.0,19.0,20.0,23.0,22.0,21.0,30.0,20.0,26.0
16.0,31.0,23.0,25.0,30.0,26.0,19.0,21.0,26.0,14.0,28.0,26.0,36.0,27.0,31.0,27.0,21.0,15.0,17.0,27.0,28.0,21.0,24.0,22.0,25.0,32.0,23.0,22.0,24.0,23.0,24.0,32.0,25.0,29.0,21.0,29.0,26.0,25.0,23.0,20.0,22.0,31.0,20.0,27.0,17.0,24.0,31.0,19.0,38.0,20.0
17.0,18.0,26.0,22.0,23.0,17.0,20.0,25.0,21.0,23.0,23.0,25.0,27.0,23.0,17.0,23.0,20.0,22.0,22.0,25.0,20.0,20.0,27.0,15.0,23.0,21.0,14.0,13.0,18.0,30.0,21.0,20.0,30.0,27.0,17.0,20.0,23.0,25.0,33.0,16.0,24.0,13.0,32.0,22.0,26.0,25.0,31.0,23.0,27.0,18.0
25.0,31.0,25.0,25.0,30.0,33.0,23.0,28.0,19.0,23.0,31.0,28.0,25.0,27.0,29.0,23.0,25.0,23.0,22.0,25.0,39.0,23.0,23.0,27.0,25.0,27.0,38.0,26.0,26.0,24.0,31.0,20.0,29.0,30.0,29.0,21.0,43.0,20.0,30.0,27.0,26.0,20.0,30.0,26.0,34.0,35.0,22.0,32.0,20.0,30.0
31.0,40.0,39.0,42.0,35.0,40.0,33.0,33.0,43.0,33.0,37.0,39.0,36.0,25.0,38.0,39.0,35.0,34.0,28.0,30.0,24.0,35.0,33.0,23.0,37.0,29.0,29.0,33.0,36.0,32.0,46.0,35.0,45.0,45.0,32.0,32.0,37.0,32.0,41.0,43.0,37.0,32.0,40.0,30.0,42.0,34.0,28.0,43.0,37.0,34.0
29.0,35.0,26.0,16.0,23.0,21.0,28.0,34.0,30.0,29.0,35.0,23.0,31.0,26.0,38.0,28.0,34.0,35.0,21.0,29.0,32.0,25.0,35.0,33.0,22.0,26.0,26.0,47.0,23.0,41.0,26.0,30.0,29.0,26.0,30.0,36.0,23.0,32.0,23.0,30.0,30.0,20.0,24.0,35.0,28.0,31.0,23.0,30.0,27.0,27.0
34.0,24.0,23.0,28.0,15.0,24.0,24.0,29.0,26.0,28.0,26.0,21.0,28.0,23.0,35.0,31.0,24.0,23.0,22.0,23.0,22.0,26.0,30.0,28.0,26.0,24.0,26.0,25.0,23.0,29.0,24.0,22.0,26.0,17.0,24.0,28.0,18.0,22.0,35.0,30.0,26.0,30.0,20.0,29.0,37.0,21.0,21.0,11.0,24.0,41.0
34.0,31.0,33.0,27.0,39.0,26.0,31.0,47.0,32.0,35.0,38.0,34.0,43.0,26.0,38.0,46.0,36.0,38.0,26.0,42.0,37.0,30.0,31.0,22.0,32.0,36.0,26.0,26.0,37.0,34.0,27.0,29.0,33.0,23.0,19.0,32.0,35.0,29.0,31.0,38.0,27.0,34.0,33.0,30.0,27.0,29.0,37.0,31.0,35.0,39.0
