10,50,1000
17.28993,17.624489,15.2374,16.401377,16.813226,17.371526,19.161932,16.196065,18.238765,16.45241
5.431107,9.073071,5.040537,7.058708,5.041218,9.801849,6.933182,6.656724,5.210202,5.867229
0.0,10.0,20.0,30.0,40.0,50.0,60.0,70.0,80.0,90.0
10.0,0.0,10.0,20.0,30.0,40.0,50.0,60.0,70.0,80.0
20.0,10.0,0.0,10.0,20.0,30.0,40.0,50.0,60.0,70.0
30.0,20.0,10.0,0.0,10.0,20.0,30.0,40.0,50.0,60.0
40.0,30.0,20.0,10.0,0.0,10.0,20.0,30.0,40.0,50.0
50.0,40.0,30.0,20.0,10.0,0.0,10.0,20.0,30.0,40.0
60.0,50.0,40.0,30.0,20.0,10.0,0.0,10.0,20.0,30.0
70.0,60.0,50.0,40.0,30.0,20.0,10.0,0.0,10.0,20.0
80.0,70.0,60.0,50.0,40.0,30.0,20.0,10.0,0.0,10.0
90.0,80.0,70.0,60.0,50.0,40.0,30.0,20.0,10.0,0.0
450.0,400.0,350.0,300.0,250.0,250.0,300.0,350.0,400.0,450.0
0.0,1.0,2.0,3.0,4.0,5.0,6.0,7.0,8.0,9.0
1.0,0.0,1.0,2.0,3.0,4.0,5.0,6.0,7.0,8.0
2.0,1.0,0.0,1.0,2.0,3.0,4.0,5.0,6.0,7.0
3.0,2.0,1.0,0.0,1.0,2.0,3.0,4.0,5.0,6.0
4.0,3.0,2.0,1.0,0.0,1.0,2.0,3.0,4.0,5.0
5.0,4.0,3.0,2.0,1.0,0.0,1.0,2.0,3.0,4.0
6.0,5.0,4.0,3.0,2.0,1.0,0.0,1.0,2.0,3.0
7.0,6.0,5.0,4.0,3.0,2.0,1.0,0.0,1.0,2.0
8.0,7.0,6.0,5.0,4.0,3.0,2.0,1.0,0.0,1.0
9.0,8.0,7.0,6.0,5.0,4.0,3.0,2.0,1.0,0.0
45.0,40.0,35.0,30.0,25.0,25.0,30.0,35.0,40.0,45.0
30.0,16.0,27.0,26.0,29.0,23.0,22.0,16.0,24.0,18.0,27.0,25.0,22.0,19.0,25.0,26.0,26.0,26.0,21.0,19.0,23.0,20.0,15.0,20.0,23.0,17.0,28.0,22.0,22.0,28.0,20.0,18.0,28.0,23.0,21.0,15.0,23.0,23.0,23.0,27.0,20.0,19.0,22.0,26.0,22.0,22.0,19.0,23.0,19.0,21.0
30.0,28.0,41.0,39.0,35.0,37.0,35.0,33.0,32.0,31.0,39.0,29.0,40.0,34.0,31.0,41.0,31.0,27.0,42.0,30.0,34.0,34.0,39.0,39.0,27.0,28.0,34.0,32.0,33.0,39.0,33.0,32.0,39.0,38.0,31.0,36.0,35.0,46.0,26.0,44.0,30.0,38.0,33.0,30.0,34.0,39.0,30.0,39.0,32.0,24.0
23.0,17.0,16.0,11.0,21.0,20.0,23.0,14.0,9.0,21.0,17.0,24.0,17.0,31.0,15.0,19.0,22.0,15.0,24.0,22.0,20.0,21.0,23.0,21.0,24.0,18.0,18.0,18.0,22.0,16.0,13.0,16.0,29.0,18.0,17.0,21.0,20.0,22.0,16.0,27.0,20.0,22.0,18.0,23.0,23.0,21.0,17.0,17.0,14.0,21.0
27.0,28.0,21.0,26.0,22.0,30.0,17.0,24.0,16.0,29.0,24.0,20.0,28.0,24.0,30.0,36.0,29.0,19.0,25.0,30.0,28.0,26.0,28.0,26.0,28.0,29.0,34.0,24.0,26.0,22.0,28.0,24.0,28.0,25.0,26.0,29.0,22.0,29.0,29.0,30.0,34.0,32.0,25.0,26.0,34.0,26.0,33.0,33.0,19.0,25.0
17.0,16.0,22.0,20.0,17.0,30.0,24.0,17.0,18.0,21.0,17.0,26.0,21.0,30.0,23.0,18.0,20.0,16.0,14.0,20.0,19.0,27.0,21.0,22.0,23.0,20.0,21.0,24.0,15.0,18.0,19.0,17.0,23.0,21.0,17.0,16.0,30.0,16.0,22.0,18.0,23.0,24.0,17.0,26.0,24.0,24.0,18.0,18.0,28.0,22.0
45.0,24.0,33.0,32.0,29.0,45.0,35.0,32.0,40.0,37.0,39.0,44.0,26.0,39.0,37.0,24.0,42.0,34.0,33.0,42.0,30.0,47.0,46.0,31.0,32.0,34.0,37.0,28.0,33.0,30.0,31.0,43.0,48.0,40.0,42.0,42.0,42.0,33.0,28.0,34.0,31.0,46.0,28.0,37.0,49.0,36.0,33.0,29.0,42.0,29.0
35.0,22.0,32.0,23.0,29.0,32.0,22.0,25.0,27.0,35.0,31.0,27.0,23.0,23.0,27.0,33.0,35.0,29.0,40.0,21.0,25.0,33.0,28.0,26.0,27.0,25.0,35.0,22.0,26.0,24.0,36.0,27.0,40.0,35.0,24.0,22.0,36.0,25.0,27.0,30.0,29.0,18.0,28.0,29.0,16.0,26.0,31.0,24.0,28.0,31.0
26.0,21.0,23.0,34.0,25.0,17.0,29.0,27.0,25.0,26.0,18.0,15.0,25.0,23.0,25.0,28.0,19.0,27.0,30.0,19.0,27.0,26.0,25.0,34.0,23.0,25.0,26.0,34.0,25.0,27.0,24.0,20.0,25.0,24.0,30.0,26.0,19.0,24.0,27.0,35.0,25.0,27.0,29.0,36.0,27.0,25.0,29.0,18.0,24.0,27.0
23.0,22.0,18.0,21.0,23.0,27.0,20.0,17.0,20.0,25.0,20.0,24.0,19.0,20.0,16.0,16.0,18.0,35.0,15.0,26.0,27.0,16.0,23.0,17.0,24.0,17.0,23.0,25.0,16.0,18.0,16.0,22.0,17.0,26.0,16.0,14.0,17.0,23.0,18.0,26.0,20.0,23.0,24.0,17.0,12.0,16.0,22.0,21.0,22.0,20.0
27.0,18.0,19.0,29.0,26.0,21.0,23.0,22.0,20.0,28.0,19.0,24.0,12.0,26.0,29.0,25.0,15.0,21.0,28.0,20.0,27.0,24.0,25.0,26.0,15.0,7.0,22.0,21.0,17.0,25.0,12.0,26.0,20.0,26.0,25.0,22.0,20.0,23.0,28.0,24.0,27.0,21.0,20.0,22.0,26.0,18.0,25.0,21.0,30.0,24.0
