10,50,1000
17.235387,17.102174,16.049461,15.255632,19.488184,17.484984,18.379115,15.645641,16.281955,15.500906
8.828561,6.343786,7.477282,6.14829,5.616109,9.207446,9.159786,9.672084,9.879084,6.741135
0.0,10.0,20.0,30.0,40.0,50.0,60.0,70.0,80.0,90.0
10.0,0.0,10.0,20.0,30.0,40.0,50.0,60.0,70.0,80.0
20.0,10.0,0.0,10.0,20.0,30.0,40.0,50.0,60.0,70.0
30.0,20.0,10.0,0.0,10.0,20.0,30.0,40.0,50.0,60.0
40.0,30.0,20.0,10.0,0.0,10.0,20.0,30.0,40.0,50.0
50.0,40.0,30.0,20.0,10.0,0.0,10.0,20.0,30.0,40.0
60.0,50.0,40.0,30.0,20.0,10.0,0.0,10.0,20.0,30.0
70.0,60.0,50.0,40.0,30.0,20.0,10.0,0.0,10.0,20.0
80.0,70.0,60.0,50.0,40.0,30.0,20.0,10.0,0.0,10.0
90.0,80.0,70.0,60.0,50.0,40.0,30.0,20.0,10.0,0.0
450.0,400.0,350.0,300.0,250.0,250.0,300.0,350.0,400.0,450.0
0.0,1.0,2.0,3.0,4.0,5.0,6.0,7.0,8.0,9.0
1.0,0.0,1.0,2.0,3.0,4.0,5.0,6.0,7.0,8.0
2.0,1.0,0.0,1.0,2.0,3.0,4.0,5.0,6.0,7.0
3.0,2.0,1.0,0.0,1.0,2.0,3.0,4.0,5.0,6.0
4.0,3.0,2.0,1.0,0.0,1.0,2.0,3.0,4.0,5.0
5.0,4.0,3.0,2.0,1.0,0.0,1.0,2.0,3.0,4.0
6.0,5.0,4.0,3.0,2.0,1.0,0.0,1.0,2.0,3.0
7.0,6.0,5.0,4.0,3.0,2.0,1.0,0.0,1.0,2.0
8.0,7.0,6.0,5.0,4.0,3.0,2.0,1.0,0.0,1.0
9.0,8.0,7.0,6.0,5.0,4.0,3.0,2.0,1.0,0.0
45.0,40.0,35.0,30.0,25.0,25.0,30.0,35.0,40.0,45.0
32.0,33.0,26.0,29.0,41.0,30.0,37.0,40.0,29.0,34.0,30.0,38.0,38.0,42.0,47.0,40.0,33.0,33.0,28.0,29.0,34.0,35.0,40.0,35.0,38.0,37.0,38.0,23.0,30.0,42.0,27.0,28.0,33.0,37.0,27.0,23.0,24.0,30.0,31.0,30.0,38.0,32.0,29.0,40.0,42.0,33.0,31.0,46.0,24.0,36.0
29.0,27.0,21.0,24.0,23.0,28.0,23.0,27.0,28.0,17.0,32.0,22.0,23.0,26.0,20.0,19.0,31.0,21.0,25.0,21.0,28.0,16.0,32.0,15.0,20.0,22.0,27.0,34.0,32.0,20.0,23.0,25.0,25.0,20.0,20.0,27.0,23.0,31.0,23.0,27.0,35.0,25.0,24.0,17.0,30.0,34.0,36.0,22.0,18.0,19.0
22.0,30.0,28.0,38.0,34.0,28.0,35.0,26.0,30.0,36.0,26.0,43.0,34.0,37.0,19.0,22.0,24.0,29.0,25.0,33.0,34.0,32.0,28.0,29.0,23.0,24.0,25.0,21.0,34.0,23.0,25.0,17.0,38.0,26.0,23.0,27.0,25.0,39.0,22.0,23.0,42.0,30.0,26.0,31.0,28.0,29.0,28.0,34.0,29.0,35.0
18.0,21.0,20.0,16.0,24.0,16.0,25.0,29.0,22.0,21.0,23.0,29.0,20.0,25.0,24.0,27.0,27.0,27.0,23.0,26.0,19.0,32.0,32.0,26.0,21.0,21.0,18.0,24.0,19.0,24.0,27.0,20.0,21.0,28.0,14.0,23.0,27.0,29.0,20.0,22.0,21.0,18.0,18.0,27.0,17.0,28.0,21.0,29.0,22.0,26.0
24.0,24.0,27.0,20.0,22.0,28.0,23.0,25.0,23.0,21.0,18.0,18.0,31.0,29.0,40.0,24.0,21.0,30.0,21.0,31.0,19.0,29.0,24.0,33.0,23.0,26.0,27.0,19.0,24.0,24.0,22.0,19.0,21.0,24.0,24.0,26.0,27.0,21.0,23.0,17.0,20.0,19.0,17.0,21.0,20.0,18.0,25.0,22.0,29.0,24.0
25.0,30.0,31.0,38.0,35.0,35.0,32.0,45.0,25.0,31.0,30.0,37.0,42.0,52.0,32.0,39.0,41.0,24.0,34.0,41.0,32.0,33.0,35.0,27.0,34.0,26.0,43.0,25.0,28.0,44.0,35.0,38.0,34.0,33.0,48.0,39.0,35.0,33.0,34.0,33.0,42.0,32.0,31.0,34.0,32.0,33.0,37.0,43.0,40.0,31.0
27.0,22.0,49.0,28.0,40.0,43.0,36.0,38.0,35.0,35.0,33.0,38.0,34.0,28.0,28.0,43.0,29.0,32.0,46.0,32.0,38.0,37.0,45.0,35.0,40.0,35.0,35.0,33.0,33.0,42.0,43.0,40.0,32.0,27.0,40.0,40.0,38.0,30.0,29.0,28.0,39.0,37.0,34.0,28.0,33.0,37.0,32.0,32.0,36.0,29.0
38.0,43.0,38.0,35.0,26.0,40.0,32.0,35.0,34.0,33.0,38.0,34.0,43.0,34.0,35.0,35.0,42.0,32.0,29.0,31.0,39.0,32.0,34.0,38.0,41.0,36.0,45.0,35.0,27.0,37.0,43.0,26.0,28.0,33.0,40.0,29.0,36.0,37.0,30.0,32.0,39.0,33.0,31.0,41.0,42.0,38.0,45.0,38.0,39.0,31.0
32.0,43.0,31.0,41.0,46.0,30.0,22.0,32.0,46.0,33.0,41.0,42.0,38.0,24.0,25.0,37.0,38.0,39.0,36.0,37.0,29.0,38.0,27.0,40.0,38.0,39.0,40.0,32.0,39.0,37.0,36.0,34.0,36.0,33.0,35.0,27.0,41.0,28.0,41.0,31.0,43.0,36.0,29.0,28.0,31.0,36.0,37.0,26.0,33.0,28.0
25.0,21.0,23.0,28.0,25.0,24.0,23.0,22.0,24.0,24.0,24.0,28.0,23.0,28.0,15.0,27.0,24.0,27.0,19.0,24.0,29.0,30.0,24.0,20.0,26.0,33.0,27.0,16.0,23.0,30.0,28.0,30.0,15.0,24.0,22.0,27.0,29.0,24.0,20.0,30.0,23.0,33.0,27.0,25.0,39.0,27.0,28.0,17.0,18.0,22.0
