10,50,1000
18.672868,17.708585,16.763871,15.160601,18.122656,15.584411,16.634159,16.943926,16.984103,16.720345
5.358772,5.616845,5.655602,6.546127,5.608215,6.418515,8.440761,5.418735,8.079556,9.141529
0.0,10.0,20.0,30.0,40.0,50.0,60.0,70.0,80.0,90.0
10.0,0.0,10.0,20.0,30.0,40.0,50.0,60.0,70.0,80.0
20.0,10.0,0.0,10.0,20.0,30.0,40.0,50.0,60.0,70.0
30.0,20.0,10.0,0.0,10.0,20.0,30.0,40.0,50.0,60.0
40.0,30.0,20.0,10.0,0.0,10.0,20.0,30.0,40.0,50.0
50.0,40.0,30.0,20.0,10.0,0.0,10.0,20.0,30.0,40.0
60.0,50.0,40.0,30.0,20.0,10.0,0.0,10.0,20.0,30.0
70.0,60.0,50.0,40.0,30.0,20.0,10.0,0.0,10.0,20.0
80.0,70.0,60.0,50.0,40.0,30.0,20.0,10.0,0.0,10.0
90.0,80.0,70.0,60.0,50.0,40.0,30.0,20.0,10.0,0.0
450.0,400.0,350.0,300.0,250.0,250.0,300.0,350.0,400.0,450.0
0.0,1.0,2.0,3.0,4.0,5.0,6.0,7.0,8.0,9.0
1.0,0.0,1.0,2.0,3.0,4.0,5.0,6.0,7.0,8.0
2.0,1.0,0.0,1.0,2.0,3.0,4.0,5.0,6.0,7.0
3.0,2.0,1.0,0.0,1.0,2.0,3.0,4.0,5.0,6.0
4.0,3.0,2.0,1.0,0.0,1.0,2.0,3.0,4.0,5.0
5.0,4.0,3.0,2.0,1.0,0.0,1.0,2.0,3.0,4.0
6.0,5.0,4.0,3.0,2.0,1.0,0.0,1.0,2.0,3.0
7.0,6.0,5.0,4.0,3.0,2.0,1.0,0.0,1.0,2.0
8.0,7.0,6.0,5.0,4.0,3.0,2.0,1.0,0.0,1.0
9.0,8.0,7.0,6.0,5.0,4.0,3.0,2.0,1.0,0.0
45.0,40.0,35.0,30.0,25.0,25.0,30.0,35.0,40.0,45.0
31.0,20.0,25.0,18.0,12.0,36.0,31.0,23.0,26.0,16.0,21.0,24.0,24.0,21.0,21.0,17.0,27.0,22.0,15.0,20.0,22.0,16.0,23.0,21.0,30.0,17.0,22.0,26.0,24.0,17.0,23.0,22.0,22.0,21.0,32.0,30.0,20.0,17.0,31.0,24.0,19.0,23.0,20.0,18.0,22.0,19.0,20.0,23.0,30.0,19.0
20.0,25.0,25.0,26.0,23.0,19.0,20.0,23.0,24.0,17.0,16.0,28.0,20.0,28.0,19.0,26.0,20.0,28.0,14.0,23.0,23.0,16.0,19.0,38.0,21.0,27.0,21.0,15.0,21.0,24.0,22.0,25.0,22.0,21.0,28.0,18.0,23.0,23.0,19.0,24.0,19.0,27.0,16.0,32.0,27.0,13.0,22.0,28.0,19.0,26.0
22.0,27.0,23.0,22.0,21.0,25.0,20.0,26.0,23.0,17.0,20.0,24.0,21.0,25.0,25.0,17.0,25.0,28.0,29.0,27.0,26.0,25.0,17.0,20.0,19.0,25.0,28.0,26.0,28.0,18.0,30.0,30.0,26.0,20.0,28.0,25.0,31.0,20.0,28.0,20.0,23.0,27.0,21.0,31.0,23.0,20.0,23.0,21.0,22.0,14.0
20.0,23.0,29.0,22.0,26.0,25.0,15.0,18.0,33.0,22.0,33.0,29.0,27.0,30.0,25.0,23.0,32.0,23.0,28.0,22.0,21.0,24.0,16.0,23.0,34.0,32.0,19.0,16.0,22.0,24.0,26.0,24.0,26.0,22.0,27.0,18.0,28.0,30.0,18.0,22.0,20.0,24.0,24.0,12.0,20.0,29.0,24.0,22.0,23.0,26.0
24.0,23.0,36.0,20.0,21.0,29.0,15.0,27.0,29.0,20.0,23.0,23.0,20.0,18.0,23.0,31.0,19.0,32.0,25.0,18.0,21.0,26.0,26.0,25.0,22.0,32.0,24.0,15.0,25.0,23.0,20.0,25.0,17.0,27.0,21.0,17.0,14.0,22.0,25.0,23.0,22.0,24.0,16.0,31.0,27.0,21.0,27.0,20.0,26.0,15.0
22.0,21.0,32.0,33.0,35.0,31.0,25.0,29.0,17.0,21.0,27.0,15.0,25.0,24.0,17.0,28.0,20.0,18.0,15.0,20.0,18.0,19.0,26.0,32.0,15.0,24.0,23.0,25.0,25.0,25.0,21.0,20.0,31.0,26.0,16.0,25.0,23.0,26.0,29.0,23.0,31.0,25.0,26.0,28.0,22.0,31.0,28.0,24.0,30.0,30.0
34.0,27.0,22.0,45.0,25.0,41.0,36.0,24.0,38.0,27.0,31.0,38.0,31.0,25.0,35.0,34.0,28.0,30.0,24.0,31.0,34.0,37.0,33.0,37.0,46.0,32.0,29.0,27.0,29.0,37.0,24.0,35.0,31.0,21.0,40.0,24.0,32.0,39.0,28.0,27.0,32.0,51.0,32.0,34.0,32.0,26.0,30.0,33.0,33.0,36.0
22.0,18.0,19.0,23.0,22.0,17.0,23.0,18.0,20.0,24.0,18.0,24.0,20.0,22.0,22.0,24.0,23.0,30.0,20.0,19.0,23.0,19.0,20.0,21.0,28.0,29.0,25.0,30.0,22.0,24.0,26.0,23.0,24.0,23.0,26.0,27.0,31.0,25.0,18.0,22.0,16.0,28.0,26.0,25.0,19.0,22.0,17.0,31.0,25.0,15.0
30.0,32.0,29.0,38.0,27.0,21.0,36.0,29.0,24.0,30.0,28.0,30.0,47.0,27.0,38.0,37.0,25.0,22.0,30.0,38.0,29.0,35.0,34.0,28.0,37.0,32.0,19.0,39.0,28.0,27.0,41.0,33.0,29.0,33.0,32.0,35.0,27.0,37.0,31.0,30.0,29.0,31.0,24.0,37.0,37.0,31.0,26.0,26.0,32.0,17.0
28.0,41.0,33.0,36.0,24.0,43.0,39.0,26.0,29.0,37.0,34.0,42.0,34.0,30.0,41.0,33.0,38.0,38.0,34.0,40.0,42.0,31.0,41.0,36.0,31.0,30.0,28.0,40.0,29.0,34.0,31.0,29.0,31.0,39.0,31.0,31.0,38.0,20.0,35.0,38.0,40.0,42.0,40.0,38.0,41.0,39.0,41.0,31.0,30.0,37.0
