10,50,1000
15.06738,18.424223,15.637202,18.34158,19.455319,15.835886,16.028469,16.921962,15.081934,19.466362
5.375776,8.823563,7.801386,5.666579,5.563642,9.9211,5.490814,8.427563,5.746788,7.471159
0.0,10.0,20.0,30.0,40.0,50.0,60.0,70.0,80.0,90.0
10.0,0.0,10.0,20.0,30.0,40.0,50.0,60.0,70.0,80.0
20.0,10.0,0.0,10.0,20.0,30.0,40.0,50.0,60.0,70.0
30.0,20.0,10.0,0.0,10.0,20.0,30.0,40.0,50.0,60.0
40.0,30.0,20.0,10.0,0.0,10.0,20.0,30.0,40.0,50.0
50.0,40.0,30.0,20.0,10.0,0.0,10.0,20.0,30.0,40.0
60.0,50.0,40.0,30.0,20.0,10.0,0.0,10.0,20.0,30.0
70.0,60.0,50.0,40.0,30.0,20.0,10.0,0.0,10.0,20.0
80.0,70.0,60.0,50.0,40.0,30.0,20.0,10.0,0.0,10.0
90.0,80.0,70.0,60.0,50.0,40.0,30.0,20.0,10.0,0.0
450.0,400.0,350.0,300.0,250.0,250.0,300.0,350.0,400.0,450.0
0.0,1.0,2.0,3.0,4.0,5.0,6.0,7.0,8.0,9.0
1.0,0.0,1.0,2.0,3.0,4.0,5.0,6.0,7.0,8.0
2.0,1.0,0.0,1.0,2.0,3.0,4.0,5.0,6.0,7.0
3.0,2.0,1.0,0.0,1.0,2.0,3.0,4.0,5.0,6.0
4.0,3.0,2.0,1.0,0.0,1.0,2.0,3.0,4.0,5.0
5.0,4.0,3.0,2.0,1.0,0.0,1.0,2.0,3.0,4.0
6.0,5.0,4.0,3.0,2.0,1.0,0.0,1.0,2.0,3.0
7.0,6.0,5.0,4.0,3.0,2.0,1.0,0.0,1.0,2.0
8.0,7.0,6.0,5.0,4.0,3.0,2.0,1.0,0.0,1.0
9.0,8.0,7.0,6.0,5.0,4.0,3.0,2.0,1.0,0.0
45.0,40.0,35.0,30.0,25.0,25.0,30.0,35.0,40.0,45.0
20.0,16.0,27.0,30.0,20.0,24.0,13.0,22.0,21.0,28.0,24.0,22.0,23.0,18.0,22.0,20.0,21.0,21.0,20.0,21.0,26.0,26.0,16.0,18.0,22.0,16.0,20.0,18.0,23.0,23.0,19.0,24.0,19.0,6.0,32.0,16.0,15.0,24.0,19.0,24.0,23.0,16.0,19.0,16.0,17.0,21.0,16.0,26.0,14.0,20.0
37.0,22.0,31.0,35.0,34.0,44.0,39.0,35.0,27.0,31.0,36.0,24.0,41.0,30.0,36.0,29.0,39.0,30.0,27.0,33.0,36.0,36.0,22.0,42.0,36.0,32.0,29.0,34.0,30.0,42.0,27.0,38.0,38.0,35.0,25.0,30.0,25.0,28.0,38.0,30.0,22.0,32.0,23.0,36.0,42.0,28.0,37.0,20.0,33.0,30.0
30.0,34.0,35.0,23.0,22.0,27.0,30.0,29.0,22.0,34.0,29.0,34.0,26.0,23.0,26.0,27.0,23.0,34.0,38.0,30.0,23.0,34.0,21.0,34.0,39.0,32.0,28.0,31.0,27.0,38.0,38.0,18.0,25.0,30.0,37.0,21.0,28.0,28.0,20.0,37.0,26.0,22.0,32.0,32.0,19.0,29.0,30.0,22.0,26.0,26.0
14.0,19.0,20.0,26.0,23.0,30.0,19.0,28.0,20.0,25.0,21.0,20.0,20.0,17.0,32.0,28.0,28.0,24.0,21.0,20.0,27.0,14.0,22.0,27.0,16.0,23.0,29.0,16.0,18.0,30.0,19.0,16.0,24.0,19.0,17.0,23.0,24.0,33.0,19.0,19.0,25.0,28.0,16.0,20.0,18.0,20.0,23.0,22.0,20.0,25.0
26.0,16.0,24.0,22.0,27.0,24.0,23.0,13.0,20.0,19.0,17.0,24.0,21.0,26.0,25.0,26.0,22.0,31.0,20.0,26.0,19.0,22.0,18.0,26.0,19.0,23.0,23.0,26.0,15.0,20.0,28.0,22.0,24.0,23.0,23.0,20.0,20.0,20.0,21.0,24.0,21.0,20.0,18.0,22.0,27.0,28.0,20.0,25.0,23.0,17.0
47.0,32.0,44.0,43.0,41.0,31.0,34.0,44.0,32.0,36.0,37.0,34.0,37.0,39.0,39.0,33.0,44.0,42.0,38.0,40.0,32.0,41.0,37.0,39.0,41.0,25.0,37.0,21.0,31.0,32.0,32.0,37.0,32.0,31.0,38.0,32.0,42.0,32.0,33.0,47.0,32.0,42.0,34.0,31.0,42.0,40.0,32.0,31.0,40.0,23.0
21.0,24.0,32.0,12.0,17.0,15.0,21.0,22.0,20.0,20.0,23.0,26.0,24.0,26.0,15.0,22.0,23.0,21.0,20.0,14.0,19.0,16.0,11.0,18.0,21.0,29.0,25.0,23.0,21.0,24.0,17.0,22.0,25.0,18.0,24.0,29.0,18.0,17.0,22.0,25.0,22.0,19.0,25.0,21.0,13.0,19.0,16.0,23.0,14.0,21.0
26.0,35.0,33.0,33.0,36.0,33.0,27.0,23.0,37.0,52.0,22.0,25.0,29.0,31.0,38.0,41.0,29.0,31.0,30.0,35.0,37.0,22.0,42.0,36.0,25.0,31.0,20.0,28.0,40.0,27.0,37.0,40.0,37.0,28.0,38.0,35.0,29.0,32.0,28.0,35.0,32.0,27.0,30.0,31.0,29.0,28.0,37.0,26.0,26.0,34.0
15.0,26.0,16.0,20.0,28.0,17.0,10.0,23.0,23.0,20.0,27.0,24.0,30.0,27.0,23.0,23.0,16.0,17.0,24.0,25.0,18.0,19.0,25.0,19.0,29.0,19.0,24.0,25.0,20.0,12.0,19.0,25.0,20.0,22.0,21.0,15.0,21.0,21.0,24.0,18.0,19.0,23.0,27.0,26.0,31.0,22.0,22.0,22.0,19.0,24.0
48.0,25.0,31.0,29.0,28.0,21.0,25.0,30.0,25.0,30.0,32.0,34.0,27.0,26.0,26.0,35.0,22.0,37.0,31.0,24.0,21.0,32.0,33.0,28.0,26.0,22.0,38.0,33.0,33.0,23.0,20.0,28.0,31.0,28.0,26.0,25.0,46.0,29.0,27.0,19.0,22.0,34.0,30.0,36.0,19.0,26.0,26.0,30.0,24.0,32.0
