10,50,1000
17.055421,19.61636,17.629286,17.478441,17.738029,15.155567,17.271236,16.471267,18.587274,15.467257
9.783791,6.407088,7.727418,6.445931,8.897265,8.96129,5.359417,8.918626,6.472947,7.895973
0.0,10.0,20.0,30.0,40.0,50.0,60.0,70.0,80.0,90.0
10.0,0.0,10.0,20.0,30.0,40.0,50.0,60.0,70.0,80.0
20.0,10.0,0.0,10.0,20.0,30.0,40.0,50.0,60.0,70.0
30.0,20.0,10.0,0.0,10.0,20.0,30.0,40.0,50.0,60.0
40.0,30.0,20.0,10.0,0.0,10.0,20.0,30.0,40.0,50.0
50.0,40.0,30.0,20.0,10.0,0.0,10.0,20.0,30.0,40.0
60.0,50.0,40.0,30.0,20.0,10.0,0.0,10.0,20.0,30.0
70.0,60.0,50.0,40.0,30.0,20.0,10.0,0.0,10.0,20.0
80.0,70.0,60.0,50.0,40.0,30.0,20.0,10.0,0.0,10.0
90.0,80.0,70.0,60.0,50.0,40.0,30.0,20.0,10.0,0.0
450.0,400.0,350.0,300.0,250.0,250.0,300.0,350.0,400.0,450.0
0.0,1.0,2.0,3.0,4.0,5.0,6.0,7.0,8.0,9.0
1.0,0.0,1.0,2.0,3.0,4.0,5.0,6.0,7.0,8.0
2.0,1.0,0.0,1.0,2.0,3.0,4.0,5.0,6.0,7.0
3.0,2.0,1.0,0.0,1.0,2.0,3.0,4.0,5.0,6.0
4.0,3.0,2.0,1.0,0.0,1.0,2.0,3.0,4.0,5.0
5.0,4.0,3.0,2.0,1.0,0.0,1.0,2.0,3.0,4.0
6.0,5.0,4.0,3.0,2.0,1.0,0.0,1.0,2.0,3.0
7.0,6.0,5.0,4.0,3.0,2.0,1.0,0.0,1.0,2.0
8.0,7.0,6.0,5.0,4.0,3.0,2.0,1.0,0.0,1.0
9.0,8.0,7.0,6.0,5.0,4.0,3.0,2.0,1.0,0.0
45.0,40.0,35.0,30.0,25.0,25.0,30.0,35.0,40.0,45.0
32.0,31.0,43.0,43.0,22.0,37.0,31.0,38.0,27.0,28.0,27.0,41.0,40.0,34.0,44.0,33.0,31.0,32.0,49.0,42.0,37.0,36.0,37.0,37.0,43.0,32.0,32.0,30.0,40.0,26.0,46.0,39.0,34.0,37.0,28.0,38.0,39.0,31.0,33.0,28.0,38.0,38.0,44.0,42.0,23.0,34.0,31.0,30.0,25.0,34.0
24.0,20.0,18.0,33.0,33.0,30.0,21.0,26.0,30.0,25.0,30.0,24.0,22.0,22.0,22.0,22.0,30.0,21.0,34.0,25.0,29.0,35.0,28.0,15.0,28.0,28.0,40.0,30.0,34.0,28.0,18.0,27.0,15.0,26.0,19.0,19.0,20.0,25.0,33.0,24.0,17.0,29.0,20.0,34.0,37.0,27.0,20.0,31.0,31.0,37.0
35.0,23.0,23.0,22.0,24.0,23.0,37.0,16.0,26.0,26.0,33.0,23.0,27.0,26.0,28.0,27.0,25.0,45.0,29.0,34.0,30.0,33.0,30.0,35.0,29.0,28.0,35.0,36.0,34.0,33.0,41.0,35.0,27.0,27.0,33.0,35.0,27.0,37.0,35.0,37.0,37.0,32.0,27.0,29.0,27.0,22.0,26.0,38.0,41.0,30.0
32.0,23.0,26.0,18.0,36.0,22.0,21.0,23.0,33.0,20.0,17.0,26.0,28.0,20.0,24.0,20.0,25.0,21.0,23.0,26.0,25.0,31.0,24.0,17.0,30.0,22.0,28.0,24.0,26.0,23.0,30.0,20.0,24.0,24.0,26.0,26.0,20.0,38.0,23.0,31.0,26.0,37.0,32.0,24.0,30.0,23.0,18.0,20.0,24.0,24.0
28.0,36.0,36.0,39.0,28.0,29.0,47.0,17.0,37.0,34.0,32.0,25.0,27.0,31.0,22.0,32.0,37.0,23.0,35.0,22.0,28.0,31.0,28.0,31.0,41.0,20.0,32.0,31.0,30.0,34.0,35.0,29.0,35.0,29.0,32.0,38.0,39.0,31.0,32.0,27.0,25.0,29.0,31.0,30.0,27.0,29.0,35.0,30.0,28.0,40.0
28.0,37.0,33.0,38.0,27.0,32.0,35.0,37.0,35.0,25.0,35.0,42.0,27.0,29.0,23.0,34.0,26.0,31.0,27.0,30.0,27.0,28.0,32.0,27.0,29.0,30.0,29.0,28.0,42.0,31.0,33.0,32.0,34.0,30.0,29.0,32.0,31.0,33.0,33.0,39.0,39.0,30.0,30.0,30.0,24.0,29.0,26.0,43.0,38.0,35.0
22.0,20.0,17.0,18.0,29.0,21.0,24.0,28.0,20.0,27.0,24.0,21.0,28.0,24.0,14.0,25.0,30.0,19.0,22.0,20.0,22.0,18.0,25.0,24.0,24.0,20.0,22.0,18.0,29.0,25.0,19.0,27.0,14.0,21.0,27.0,21.0,23.0,26.0,21.0,37.0,25.0,21.0,20.0,18.0,21.0,21.0,20.0,18.0,20.0,23.0
32.0,29.0,28.0,33.0,33.0,25.0,27.0,41.0,35.0,35.0,28.0,36.0,38.0,44.0,25.0,40.0,37.0,29.0,34.0,24.0,45.0,30.0,41.0,36.0,25.0,28.0,48.0,40.0,26.0,39.0,26.0,38.0,27.0,28.0,42.0,33.0,26.0,37.0,35.0,35.0,48.0,32.0,43.0,38.0,33.0,31.0,25.0,30.0,31.0,36.0
28.0,25.0,28.0,21.0,37.0,25.0,34.0,24.0,17.0,37.0,33.0,16.0,31.0,31.0,30.0,24.0,26.0,27.0,31.0,26.0,32.0,18.0,19.0,23.0,27.0,18.0,39.0,40.0,27.0,23.0,29.0,23.0,29.0,28.0,23.0,25.0,27.0,20.0,26.0,23.0,22.0,22.0,23.0,24.0,21.0,31.0,16.0,33.0,30.0,32.0
33.0,26.0,25.0,32.0,34.0,28.0,33.0,34.0,28.0,31.0,27.0,24.0,37.0,36.0,30.0,33.0,21.0,24.0,25.0,35.0,36.0,28.0,33.0,26.0,29.0,37.0,35.0,25.0,23.0,22.0,28.0,26.0,23.0,33.0,25.0,19.0,30.0,29.0,30.0,31.0,37.0,23.0,23.0,25.0,34.0,24.0,37.0,31.0,29.0,22.0
