10,50,1000
16.199568,17.852565,16.062255,16.628149,17.419799,17.698561,15.68289,19.763775,16.385436,16.216606
5.116705,8.417,5.903862,9.793295,9.686337,8.777277,6.777468,7.897457,5.81891,5.568014
0.0,10.0,20.0,30.0,40.0,50.0,60.0,70.0,80.0,90.0
10.0,0.0,10.0,20.0,30.0,40.0,50.0,60.0,70.0,80.0
20.0,10.0,0.0,10.0,20.0,30.0,40.0,50.0,60.0,70.0
30.0,20.0,10.0,0.0,10.0,20.0,30.0,40.0,50.0,60.0
40.0,30.0,20.0,10.0,0.0,10.0,20.0,30.0,40.0,50.0
50.0,40.0,30.0,20.0,10.0,0.0,10.0,20.0,30.0,40.0
60.0,50.0,40.0,30.0,20.0,10.0,0.0,10.0,20.0,30.0
70.0,60.0,50.0,40.0,30.0,20.0,10.0,0.0,10.0,20.0
80.0,70.0,60.0,50.0,40.0,30.0,20.0,10.0,0.0,10.0
90.0,80.0,70.0,60.0,50.0,40.0,30.0,20.0,10.0,0.0
450.0,400.0,350.0,300.0,250.0,250.0,300.0,350.0,400.0,450.0
0.0,1.0,2.0,3.0,4.0,5.0,6.0,7.0,8.0,9.0
1.0,0.0,1.0,2.0,3.0,4.0,5.0,6.0,7.0,8.0
2.0,1.0,0.0,1.0,2.0,3.0,4.0,5.0,6.0,7.0
3.0,2.0,1.0,0.0,1.0,2.0,3.0,4.0,5.0,6.0
4.0,3.0,2.0,1.0,0.0,1.0,2.0,3.0,4.0,5.0
5.0,4.0,3.0,2.0,1.0,0.0,1.0,2.0,3.0,4.0
6.0,5.0,4.0,3.0,2.0,1.0,0.0,1.0,2.0,3.0
7.0,6.0,5.0,4.0,3.0,2.0,1.0,0.0,1.0,2.0
8.0,7.0,6.0,5.0,4.0,3.0,2.0,1.0,0.0,1.0
9.0,8.0,7.0,6.0,5.0,4.0,3.0,2.0,1.0,0.0
45.0,40.0,35.0,30.0,25.0,25.0,30.0,35.0,40.0,45.0
20.0,25.0,13.0,18.0,15.0,18.0,16.0,29.0,17.0,20.0,16.0,18.0,24.0,26.0,21.0,19.0,22.0,15.0,18.0,25.0,26.0,29.0,17.0,23.0,15.0,24.0,24.0,25.0,26.0,17.0,22.0,20.0,24.0,22.0,27.0,23.0,20.0,18.0,20.0,23.0,27.0,17.0,26.0,24.0,24.0,23.0,27.0,32.0,21.0,21.0
26.0,36.0,23.0,26.0,27.0,38.0,31.0,26.0,41.0,24.0,27.0,29.0,42.0,30.0,26.0,29.0,33.0,27.0,26.0,23.0,37.0,29.0,35.0,23.0,31.0,28.0,35.0,25.0,14.0,38.0,41.0,37.0,29.0,30.0,38.0,33.0,25.0,21.0,26.0,37.0,25.0,29.0,44.0,38.0,31.0,35.0,34.0,32.0,35.0,35.0
20.0,27.0,21.0,20.0,18.0,31.0,16.0,32.0,24.0,29.0,21.0,28.0,33.0,29.0,29.0,19.0,30.0,25.0,19.0,20.0,26.0,15.0,24.0,28.0,28.0,28.0,22.0,34.0,25.0,27.0,31.0,25.0,24.0,29.0,14.0,30.0,18.0,23.0,22.0,22.0,26.0,25.0,21.0,21.0,14.0,21.0,26.0,23.0,25.0,20.0
32.0,24.0,37.0,30.0,39.0,44.0,30.0,35.0,35.0,38.0,34.0,34.0,32.0,36.0,34.0,28.0,27.0,36.0,40.0,40.0,41.0,44.0,52.0,40.0,31.0,33.0,35.0,42.0,36.0,34.0,43.0,42.0,32.0,33.0,46.0,31.0,35.0,36.0,39.0,21.0,41.0,44.0,40.0,39.0,39.0,44.0,34.0,32.0,36.0,45.0
41.0,30.0,31.0,47.0,43.0,30.0,44.0,30.0,34.0,34.0,35.0,30.0,30.0,31.0,31.0,39.0,37.0,32.0,28.0,28.0,32.0,36.0,33.0,35.0,38.0,36.0,28.0,50.0,41.0,36.0,26.0,24.0,22.0,45.0,35.0,25.0,44.0,55.0,44.0,28.0,37.0,34.0,35.0,41.0,30.0,31.0,31.0,40.0,41.0,36.0
41.0,32.0,35.0,28.0,45.0,32.0,33.0,25.0,32.0,32.0,31.0,36.0,31.0,42.0,31.0,31.0,37.0,25.0,39.0,40.0,28.0,32.0,26.0,31.0,37.0,33.0,25.0,33.0,31.0,38.0,29.0,40.0,27.0,35.0,36.0,40.0,33.0,34.0,34.0,27.0,39.0,32.0,34.0,33.0,43.0,35.0,45.0,31.0,26.0,35.0
28.0,22.0,20.0,32.0,22.0,18.0,20.0,23.0,28.0,29.0,27.0,32.0,37.0,25.0,40.0,21.0,21.0,29.0,15.0,21.0,24.0,26.0,22.0,32.0,25.0,29.0,22.0,38.0,30.0,16.0,27.0,24.0,25.0,20.0,26.0,20.0,25.0,21.0,37.0,34.0,23.0,36.0,20.0,36.0,34.0,25.0,24.0,24.0,24.0,23.0
44.0,27.0,24.0,36.0,33.0,34.0,29.0,20.0,25.0,36.0,36.0,39.0,31.0,38.0,35.0,36.0,33.0,26.0,31.0,43.0,35.0,27.0,20.0,26.0,32.0,33.0,23.0,28.0,33.0,25.0,31.0,38.0,35.0,36.0,18.0,42.0,26.0,26.0,27.0,29.0,23.0,35.0,25.0,35.0,33.0,27.0,22.0,25.0,32.0,32.0
22.0,23.0,26.0,21.0,23.0,34.0,23.0,24.0,29.0,22.0,20.0,16.0,17.0,21.0,18.0,18.0,20.0,32.0,25.0,26.0,22.0,16.0,20.0,24.0,18.0,26.0,17.0,27.0,24.0,25.0,33.0,21.0,26.0,18.0,23.0,18.0,21.0,21.0,26.0,22.0,22.0,32.0,19.0,25.0,26.0,20.0,28.0,23.0,20.0,25.0
17.0,23.0,18.0,20.0,22.0,20.0,25.0,20.0,19.0,23.0,32.0,22.0,18.0,23.0,26.0,16.0,25.0,26.0,11.0,16.0,27.0,18.0,30.0,19.0,22.0,12.0,27.0,28.0,22.0,26.0,19.0,19.0,22.0,34.0,32.0,22.0,31.0,21.0,18.0,20.0,21.0,23.0,22.0,14.0,31.0,35.0,32.0,24.0,29.0,21.0
