10,50,1000
19.428542,18.050422,18.077319,19.517139,16.193675,18.894625,19.564368,18.772449,16.476954,16.540667
7.549018,8.88566,6.69626,8.446492,8.338981,8.269939,9.374662,7.118995,9.546452,7.48818
0.0,10.0,20.0,30.0,40.0,50.0,60.0,70.0,80.0,90.0
10.0,0.0,10.0,20.0,30.0,40.0,50.0,60.0,70.0,80.0
20.0,10.0,0.0,10.0,20.0,30.0,40.0,50.0,60.0,70.0
30.0,20.0,10.0,0.0,10.0,20.0,30.0,40.0,50.0,60.0
40.0,30.0,20.0,10.0,0.0,10.0,20.0,30.0,40.0,50.0
50.0,40.0,30.0,20.0,10.0,0.0,10.0,20.0,30.0,40.0
60.0,50.0,40.0,30.0,20.0,10.0,0.0,10.0,20.0,30.0
70.0,60.0,50.0,40.0,30.0,20.0,10.0,0.0,10.0,20.0
80.0,70.0,60.0,50.0,40.0,30.0,20.0,10.0,0.0,10.0
90.0,80.0,70.0,60.0,50.0,40.0,30.0,20.0,10.0,0.0
450.0,400.0,350.0,300.0,250.0,250.0,300.0,350.0,400.0,450.0
0.0,1.0,2.0,3.0,4.0,5.0,6.0,7.0,8.0,9.0
1.0,0.0,1.0,2.0,3.0,4.0,5.0,6.0,7.0,8.0
2.0,1.0,0.0,1.0,2.0,3.0,4.0,5.0,6.0,7.0
3.0,2.0,1.0,0.0,1.0,2.0,3.0,4.0,5.0,6.0
4.0,3.0,2.0,1.0,0.0,1.0,2.0,3.0,4.0,5.0
5.0,4.0,3.0,2.0,1.0,0.0,1.0,2.0,3.0,4.0
6.0,5.0,4.0,3.0,2.0,1.0,0.0,1.0,2.0,3.0
7.0,6.0,5.0,4.0,3.0,2.0,1.0,0.0,1.0,2.0
8.0,7.0,6.0,5.0,4.0,3.0,2.0,1.0,0.0,1.0
9.0,8.0,7.0,6.0,5.0,4.0,3.0,2.0,1.0,0.0
45.0,40.0,35.0,30.0,25.0,25.0,30.0,35.0,40.0,45.0
26.0,28.0,19.0,35.0,30.0,32.0,40.0,30.0,22.0,28.0,30.0,28.0,21.0,25.0,25.0,30.0,33.0,25.0,29.0,35.0,26.0,28.0,27.0,28.0,38.0,38.0,26.0,23.0,38.0,24.0,38.0,41.0,34.0,30.0,28.0,20.0,28.0,32.0,32.0,35.0,28.0,38.0,31.0,32.0,26.0,39.0,29.0,36.0,24.0,31.0
46.0,41.0,35.0,39.0,38.0,28.0,35.0,33.0,40.0,24.0,45.0,27.0,34.0,33.0,35.0,31.0,33.0,27.0,31.0,37.0,39.0,29.0,44.0,40.0,38.0,27.0,35.0,41.0,24.0,32.0,23.0,32.0,34.0,32.0,30.0,35.0,46.0,32.0,30.0,27.0,29.0,38.0,29.0,31.0,36.0,43.0,27.0,41.0,24.0,46.0
30.0,22.0,30.0,26.0,29.0,26.0,16.0,31.0,27.0,32.0,17.0,32.0,26.0,26.0,28.0,29.0,22.0,24.0,20.0,22.0,23.0,26.0,23.0,34.0,32.0,24.0,36.0,20.0,29.0,37.0,34.0,31.0,26.0,29.0,20.0,31.0,23.0,35.0,25.0,25.0,27.0,28.0,27.0,32.0,24.0,36.0,33.0,22.0,23.0,23.0
31.0,24.0,39.0,37.0,33.0,30.0,39.0,35.0,26.0,30.0,38.0,32.0,32.0,39.0,24.0,24.0,34.0,40.0,23.0,30.0,35.0,30.0,41.0,39.0,27.0,27.0,38.0,29.0,29.0,28.0,37.0,35.0,36.0,29.0,25.0,34.0,32.0,25.0,28.0,27.0,27.0,30.0,33.0,33.0,31.0,38.0,33.0,31.0,37.0,27.0
33.0,24.0,32.0,21.0,22.0,31.0,33.0,29.0,30.0,20.0,41.0,36.0,32.0,33.0,31.0,43.0,42.0,36.0,31.0,26.0,41.0,31.0,33.0,41.0,34.0,23.0,30.0,28.0,22.0,32.0,34.0,23.0,41.0,41.0,37.0,38.0,26.0,36.0,32.0,15.0,25.0,23.0,25.0,24.0,29.0,24.0,32.0,26.0,30.0,45.0
32.0,33.0,37.0,31.0,35.0,23.0,33.0,28.0,37.0,23.0,25.0,25.0,50.0,33.0,30.0,37.0,34.0,31.0,24.0,38.0,36.0,41.0,35.0,28.0,30.0,35.0,32.0,27.0,32.0,33.0,32.0,32.0,25.0,35.0,33.0,34.0,26.0,18.0,29.0,35.0,35.0,39.0,31.0,27.0,38.0,36.0,30.0,35.0,24.0,33.0
29.0,31.0,35.0,40.0,37.0,46.0,35.0,27.0,42.0,32.0,45.0,33.0,34.0,28.0,37.0,25.0,44.0,37.0,36.0,34.0,47.0,26.0,29.0,26.0,38.0,37.0,33.0,41.0,39.0,39.0,28.0,30.0,43.0,26.0,35.0,35.0,31.0,31.0,35.0,27.0,24.0,52.0,31.0,38.0,29.0,29.0,30.0,37.0,35.0,38.0
30.0,30.0,40.0,23.0,29.0,22.0,26.0,30.0,33.0,38.0,17.0,23.0,30.0,21.0,26.0,28.0,26.0,26.0,25.0,26.0,36.0,25.0,38.0,27.0,31.0,32.0,24.0,24.0,33.0,22.0,29.0,29.0,25.0,22.0,27.0,28.0,34.0,27.0,34.0,32.0,21.0,16.0,43.0,16.0,33.0,28.0,33.0,34.0,31.0,27.0
33.0,27.0,31.0,37.0,43.0,34.0,33.0,40.0,25.0,34.0,43.0,36.0,40.0,30.0,32.0,35.0,34.0,29.0,35.0,20.0,41.0,28.0,35.0,38.0,43.0,28.0,40.0,37.0,35.0,33.0,31.0,32.0,38.0,42.0,31.0,34.0,28.0,26.0,34.0,44.0,33.0,32.0,38.0,42.0,32.0,29.0,34.0,33.0,32.0,38.0
20.0,19.0,23.0,32.0,36.0,25.0,25.0,24.0,24.0,26.0,27.0,29.0,33.0,26.0,28.0,27.0,33.0,34.0,38.0,20.0,35.0,28.0,19.0,28.0,26.0,28.0,28.0,20.0,31.0,38.0,22.0,26.0,24.0,23.0,26.0,17.0,24.0,21.0,34.0,28.0,21.0,27.0,35.0,31.0,44.0,35.0,20.0,31.0,27.0,30.0
