10,50,1000
17.739811,18.631854,15.052471,18.706219,17.97184,16.489939,18.918531,16.278871,18.25917,19.605557
8.414852,9.357381,9.262407,9.15598,5.85947,8.66942,9.929422,6.597189,9.997236,6.675638
0.0,10.0,20.0,30.0,40.0,50.0,60.0,70.0,80.0,90.0
10.0,0.0,10.0,20.0,30.0,40.0,50.0,60.0,70.0,80.0
20.0,10.0,0.0,10.0,20.0,30.0,40.0,50.0,60.0,70.0
30.0,20.0,10.0,0.0,10.0,20.0,30.0,40.0,50.0,60.0
40.0,30.0,20.0,10.0,0.0,10.0,20.0,30.0,40.0,50.0
50.0,40.0,30.0,20.0,10.0,0.0,10.0,20.0,30.0,40.0
60.0,50.0,40.0,30.0,20.0,10.0,0.0,10.0,20.0,30.0
70.0,60.0,50.0,40.0,30.0,20.0,10.0,0.0,10.0,20.0
80.0,70.0,60.0,50.0,40.0,30.0,20.0,10.0,0.0,10.0
90.0,80.0,70.0,60.0,50.0,40.0,30.0,20.0,10.0,0.0
450.0,400.0,350.0,300.0,250.0,250.0,300.0,350.0,400.0,450.0
0.0,1.0,2.0,3.0,4.0,5.0,6.0,7.0,8.0,9.0
1.0,0.0,1.0,2.0,3.0,4.0,5.0,6.0,7.0,8.0
2.0,1.0,0.0,1.0,2.0,3.0,4.0,5.0,6.0,7.0
3.0,2.0,1.0,0.0,1.0,2.0,3.0,4.0,5.0,6.0
4.0,3.0,2.0,1.0,0.0,1.0,2.0,3.0,4.0,5.0
5.0,4.0,3.0,2.0,1.0,0.0,1.0,2.0,3.0,4.0
6.0,5.0,4.0,3.0,2.0,1.0,0.0,1.0,2.0,3.0
7.0,6.0,5.0,4.0,3.0,2.0,1.0,0.0,1.0,2.0
8.0,7.0,6.0,5.0,4.0,3.0,2.0,1.0,0.0,1.0
9.0,8.0,7.0,6.0,5.0,4.0,3.0,2.0,1.0,0.0
45.0,40.0,35.0,30.0,25.0,25.0,30.0,35.0,40.0,45.0
30.0,30.0,30.0,37.0,41.0,31.0,35.0,38.0,29.0,32.0,37.0,38.0,35.0,29.0,30.0,37.0,32.0,30.0,42.0,32.0,30.0,38.0,36.0,31.0,33.0,37.0,41.0,32.0,31.0,40.0,32.0,29.0,29.0,31.0,38.0,23.0,32.0,39.0,36.0,25.0,37.0,36.0,27.0,29.0,33.0,33.0,33.0,25.0,33.0,27.0
27.0,34.0,35.0,38.0,36.0,27.0,30.0,22.0,40.0,39.0,30.0,17.0,51.0,39.0,36.0,35.0,31.0,34.0,44.0,29.0,41.0,34.0,29.0,30.0,37.0,44.0,43.0,27.0,29.0,45.0,36.0,38.0,31.0,33.0,28.0,43.0,41.0,31.0,37.0,42.0,42.0,34.0,35.0,43.0,40.0,37.0,35.0,35.0,31.0,35.0
27.0,37.0,38.0,43.0,26.0,33.0,29.0,35.0,34.0,31.0,33.0,28.0,37.0,27.0,34.0,41.0,37.0,23.0,42.0,33.0,37.0,33.0,36.0,37.0,26.0,45.0,32.0,43.0,36.0,37.0,39.0,37.0,32.0,40.0,35.0,37.0,24.0,36.0,36.0,33.0,25.0,28.0,27.0,29.0,39.0,34.0,38.0,30.0,29.0,31.0
29.0,31.0,38.0,27.0,28.0,39.0,38.0,28.0,39.0,31.0,40.0,26.0,32.0,35.0,36.0,27.0,37.0,31.0,46.0,29.0,28.0,29.0,32.0,32.0,24.0,33.0,30.0,30.0,30.0,47.0,29.0,41.0,26.0,30.0,29.0,39.0,40.0,46.0,31.0,30.0,29.0,45.0,26.0,23.0,34.0,48.0,35.0,32.0,39.0,34.0
15.0,24.0,23.0,23.0,28.0,30.0,27.0,29.0,24.0,24.0,26.0,31.0,23.0,20.0,15.0,28.0,21.0,35.0,15.0,24.0,22.0,16.0,23.0,29.0,26.0,27.0,29.0,21.0,23.0,29.0,23.0,25.0,17.0,24.0,25.0,31.0,20.0,38.0,18.0,28.0,20.0,17.0,24.0,17.0,21.0,25.0,24.0,21.0,22.0,23.0
29.0,43.0,32.0,23.0,33.0,37.0,37.0,51.0,32.0,31.0,43.0,34.0,30.0,39.0,32.0,16.0,26.0,31.0,28.0,33.0,47.0,38.0,31.0,31.0,32.0,26.0,34.0,28.0,31.0,19.0,50.0,22.0,40.0,34.0,33.0,35.0,28.0,22.0,28.0,26.0,33.0,38.0,35.0,36.0,36.0,33.0,26.0,31.0,29.0,37.0
36.0,26.0,30.0,46.0,40.0,41.0,37.0,46.0,45.0,53.0,43.0,39.0,33.0,34.0,35.0,33.0,38.0,36.0,32.0,39.0,38.0,42.0,39.0,30.0,44.0,46.0,41.0,38.0,32.0,38.0,25.0,46.0,47.0,45.0,43.0,36.0,37.0,37.0,40.0,32.0,32.0,36.0,33.0,38.0,35.0,42.0,22.0,35.0,34.0,42.0
18.0,30.0,21.0,19.0,21.0,17.0,31.0,25.0,21.0,24.0,22.0,30.0,31.0,25.0,27.0,21.0,22.0,18.0,26.0,33.0,23.0,27.0,29.0,26.0,24.0,17.0,41.0,29.0,25.0,28.0,28.0,28.0,27.0,31.0,20.0,32.0,24.0,31.0,28.0,22.0,23.0,31.0,31.0,33.0,16.0,26.0,31.0,33.0,29.0,32.0
41.0,38.0,33.0,37.0,31.0,38.0,41.0,35.0,36.0,40.0,43.0,48.0,48.0,31.0,32.0,47.0,33.0,31.0,29.0,36.0,33.0,33.0,28.0,31.0,37.0,39.0,34.0,33.0,45.0,31.0,52.0,33.0,42.0,47.0,40.0,29.0,24.0,39.0,34.0,39.0,37.0,37.0,28.0,37.0,29.0,45.0,45.0,32.0,35.0,50.0
24.0,32.0,32.0,24.0,38.0,30.0,18.0,34.0,21.0,27.0,28.0,20.0,29.0,31.0,31.0,29.0,35.0,27.0,30.0,32.0,25.0,26.0,31.0,23.0,19.0,31.0,20.0,28.0,25.0,21.0,24.0,27.0,21.0,26.0,31.0,21.0,28.0,25.0,34.0,32.0,31.0,31.0,25.0,37.0,33.0,24.0,23.0,22.0,36.0,23.0
