10,50,1000
19.051501,15.677348,19.173375,15.70698,15.777243,16.155621,18.840559,17.718304,17.401507,17.466991
7.729044,5.2665,7.205661,6.93788,6.62905,5.228197,6.575546,9.194033,7.666615,5.302787
0.0,10.0,20.0,30.0,40.0,50.0,60.0,70.0,80.0,90.0
10.0,0.0,10.0,20.0,30.0,40.0,50.0,60.0,70.0,80.0
20.0,10.0,0.0,10.0,20.0,30.0,40.0,50.0,60.0,70.0
30.0,20.0,10.0,0.0,10.0,20.0,30.0,40.0,50.0,60.0
40.0,30.0,20.0,10.0,0.0,10.0,20.0,30.0,40.0,50.0
50.0,40.0,30.0,20.0,10.0,0.0,10.0,20.0,30.0,40.0
60.0,50.0,40.0,30.0,20.0,10.0,0.0,10.0,20.0,30.0
70.0,60.0,50.0,40.0,30.0,20.0,10.0,0.0,10.0,20.0
80.0,70.0,60.0,50.0,40.0,30.0,20.0,10.0,0.0,10.0
90.0,80.0,70.0,60.0,50.0,40.0,30.0,20.0,10.0,0.0
450.0,400.0,350.0,300.0,250.0,250.0,300.0,350.0,400.0,450.0
0.0,1.0,2.0,3.0,4.0,5.0,6.0,7.0,8.0,9.0
1.0,0.0,1.0,2.0,3.0,4.0,5.0,6.0,7.0,8.0
2.0,1.0,0.0,1.0,2.0,3.0,4.0,5.0,6.0,7.0
3.0,2.0,1.0,0.0,1.0,2.0,3.0,4.0,5.0,6.0
4.0,3.0,2.0,1.0,0.0,1.0,2.0,3.0,4.0,5.0
5.0,4.0,3.0,2.0,1.0,0.0,1.0,2.0,3.0,4.0
6.0,5.0,4.0,3.0,2.0,1.0,0.0,1.0,2.0,3.0
7.0,6.0,5.0,4.0,3.0,2.0,1.0,0.0,1.0,2.0
8.0,7.0,6.0,5.0,4.0,3.0,2.0,1.0,0.0,1.0
9.0,8.0,7.0,6.0,5.0,4.0,3.0,2.0,1.0,0.0
45.0,40.0,35.0,30.0,25.0,25.0,30.0,35.0,40.0,45.0
33.0,27.0,29.0,42.0,25.0,35.0,31.0,33.0,35.0,29.0,33.0,42.0,29.0,29.0,31.0,26.0,22.0,29.0,27.0,31.0,26.0,24.0,21.0,32.0,44.0,26.0,22.0,25.0,34.0,43.0,30.0,19.0,38.0,29.0,36.0,33.0,26.0,33.0,23.0,30.0,24.0,29.0,24.0,40.0,36.0,33.0,30.0,31.0,34.0,26.0
20.0,12.0,26.0,25.0,24.0,25.0,21.0,19.0,19.0,24.0,20.0,23.0,15.0,26.0,22.0,22.0,20.0,25.0,26.0,18.0,19.0,18.0,28.0,28.0,22.0,15.0,17.0,15.0,19.0,25.0,24.0,26.0,17.0,26.0,21.0,19.0,12.0,24.0,19.0,19.0,13.0,25.0,28.0,23.0,22.0,19.0,14.0,32.0,21.0,21.0
28.0,27.0,30.0,23.0,24.0,29.0,24.0,26.0,30.0,20.0,22.0,32.0,35.0,15.0,36.0,31.0,31.0,32.0,25.0,31.0,34.0,36.0,20.0,27.0,36.0,21.0,26.0,22.0,30.0,29.0,30.0,29.0,23.0,22.0,29.0,22.0,32.0,23.0,33.0,23.0,35.0,27.0,15.0,29.0,35.0,25.0,21.0,28.0,32.0,31.0
24.0,31.0,17.0,31.0,17.0,23.0,31.0,23.0,26.0,34.0,25.0,24.0,30.0,17.0,26.0,19.0,12.0,23.0,15.0,27.0,32.0,22.0,24.0,23.0,30.0,17.0,25.0,34.0,28.0,23.0,21.0,26.0,20.0,17.0,18.0,25.0,19.0,22.0,29.0,32.0,29.0,34.0,33.0,40.0,29.0,30.0,38.0,19.0,24.0,20.0
22.0,32.0,26.0,32.0,33.0,36.0,20.0,26.0,28.0,31.0,22.0,35.0,31.0,32.0,27.0,24.0,28.0,30.0,23.0,18.0,27.0,17.0,15.0,32.0,21.0,14.0,30.0,20.0,37.0,16.0,28.0,30.0,16.0,28.0,29.0,16.0,27.0,26.0,27.0,34.0,29.0,29.0,13.0,20.0,24.0,25.0,23.0,28.0,27.0,17.0
31.0,24.0,21.0,19.0,30.0,21.0,18.0,15.0,20.0,14.0,19.0,23.0,14.0,14.0,20.0,17.0,27.0,27.0,30.0,23.0,23.0,22.0,17.0,23.0,22.0,25.0,21.0,21.0,23.0,30.0,21.0,30.0,23.0,27.0,17.0,24.0,18.0,21.0,21.0,16.0,20.0,20.0,18.0,13.0,16.0,27.0,15.0,26.0,23.0,24.0
23.0,29.0,24.0,18.0,30.0,21.0,31.0,28.0,31.0,17.0,20.0,26.0,30.0,24.0,33.0,24.0,19.0,27.0,30.0,28.0,27.0,27.0,28.0,32.0,27.0,26.0,34.0,39.0,31.0,27.0,36.0,27.0,24.0,26.0,22.0,18.0,28.0,18.0,21.0,32.0,26.0,26.0,33.0,35.0,35.0,25.0,17.0,26.0,21.0,26.0
33.0,29.0,36.0,30.0,30.0,25.0,38.0,32.0,39.0,26.0,29.0,37.0,39.0,26.0,29.0,45.0,48.0,38.0,29.0,31.0,35.0,37.0,37.0,42.0,30.0,26.0,39.0,43.0,32.0,31.0,42.0,40.0,34.0,24.0,38.0,40.0,45.0,44.0,38.0,37.0,37.0,34.0,27.0,30.0,33.0,21.0,25.0,36.0,36.0,31.0
32.0,27.0,30.0,24.0,25.0,31.0,32.0,35.0,17.0,31.0,22.0,32.0,27.0,34.0,21.0,34.0,29.0,45.0,33.0,26.0,29.0,28.0,29.0,20.0,35.0,33.0,23.0,32.0,24.0,29.0,33.0,29.0,29.0,30.0,29.0,27.0,34.0,24.0,17.0,30.0,30.0,34.0,19.0,38.0,26.0,25.0,27.0,34.0,28.0,39.0
24.0,21.0,20.0,29.0,23.0,15.0,22.0,19.0,14.0,24.0,20.0,18.0,22.0,27.0,14.0,21.0,23.0,21.0,22.0,21.0,19.0,19.0,16.0,27.0,29.0,24.0,21.0,28.0,28.0,27.0,14.0,23.0,24.0,32.0,29.0,18.0,26.0,29.0,24.0,24.0,23.0,21.0,23.0,18.0,11.0,19.0,20.0,32.0,25.0,19.0
