10,50,1000
15.884512,15.408191,16.640508,16.244194,15.966244,19.073445,17.583537,16.149832,16.781172,16.744782
5.886829,6.938613,6.819652,6.305333,7.943003,7.256102,6.630255,8.643915,5.083344,6.089285
0.0,10.0,20.0,30.0,40.0,50.0,60.0,70.0,80.0,90.0
10.0,0.0,10.0,20.0,30.0,40.0,50.0,60.0,70.0,80.0
20.0,10.0,0.0,10.0,20.0,30.0,40.0,50.0,60.0,70.0
30.0,20.0,10.0,0.0,10.0,20.0,30.0,40.0,50.0,60.0
40.0,30.0,20.0,10.0,0.0,10.0,20.0,30.0,40.0,50.0
50.0,40.0,30.0,20.0,10.0,0.0,10.0,20.0,30.0,40.0
60.0,50.0,40.0,30.0,20.0,10.0,0.0,10.0,20.0,30.0
70.0,60.0,50.0,40.0,30.0,20.0,10.0,0.0,10.0,20.0
80.0,70.0,60.0,50.0,40.0,30.0,20.0,10.0,0.0,10.0
90.0,80.0,70.0,60.0,50.0,40.0,30.0,20.0,10.0,0.0
450.0,400.0,350.0,300.0,250.0,250.0,300.0,350.0,400.0,450.0
0.0,1.0,2.0,3.0,4.0,5.0,6.0,7.0,8.0,9.0
1.0,0.0,1.0,2.0,3.0,4.0,5.0,6.0,7.0,8.0
2.0,1.0,0.0,1.0,2.0,3.0,4.0,5.0,6.0,7.0
3.0,2.0,1.0,0.0,1.0,2.0,3.0,4.0,5.0,6.0
4.0,3.0,2.0,1.0,0.0,1.0,2.0,3.0,4.0,5.0
5.0,4.0,3.0,2.0,1.0,0.0,1.0,2.0,3.0,4.0
6.0,5.0,4.0,3.0,2.0,1.0,0.0,1.0,2.0,3.0
7.0,6.0,5.0,4.0,3.0,2.0,1.0,0.0,1.0,2.0
8.0,7.0,6.0,5.0,4.0,3.0,2.0,1.0,0.0,1.0
9.0,8.0,7.0,6.0,5.0,4.0,3.0,2.0,1.0,0.0
45.0,40.0,35.0,30.0,25.0,25.0,30.0,35.0,40.0,45.0
28.0,21.0,22.0,25.0,22.0,26.0,22.0,16.0,19.0,16.0,15.0,28.0,23.0,26.0,29.0,22.0,30.0,25.0,25.0,23.0,23.0,26.0,27.0,21.0,18.0,16.0,21.0,30.0,32.0,25.0,29.0,22.0,28.0,18.0,25.0,19.0,21.0,23.0,27.0,25.0,26.0,34.0,27.0,23.0,17.0,28.0,27.0,22.0,20.0,31.0
26.0,28.0,31.0,24.0,31.0,23.0,30.0,25.0,23.0,31.0,39.0,22.0,24.0,19.0,31.0,31.0,32.0,26.0,31.0,23.0,29.0,24.0,26.0,21.0,25.0,26.0,12.0,24.0,31.0,28.0,20.0,29.0,24.0,33.0,23.0,29.0,25.0,19.0,27.0,25.0,25.0,21.0,37.0,20.0,25.0,38.0,23.0,23.0,31.0,31.0
26.0,27.0,27.0,29.0,24.0,32.0,31.0,21.0,23.0,28.0,23.0,28.0,29.0,25.0,22.0,28.0,27.0,32.0,26.0,30.0,26.0,32.0,15.0,20.0,28.0,27.0,25.0,30.0,25.0,26.0,21.0,15.0,22.0,20.0,31.0,29.0,26.0,30.0,34.0,22.0,29.0,21.0,25.0,22.0,26.0,21.0,35.0,19.0,24.0,22.0
28.0,25.0,20.0,27.0,22.0,29.0,29.0,23.0,26.0,35.0,27.0,20.0,19.0,21.0,28.0,15.0,29.0,18.0,20.0,24.0,23.0,32.0,19.0,24.0,23.0,33.0,25.0,24.0,28.0,34.0,26.0,29.0,22.0,37.0,23.0,22.0,24.0,17.0,25.0,25.0,30.0,28.0,26.0,17.0,22.0,31.0,24.0,14.0,34.0,24.0
33.0,38.0,29.0,24.0,24.0,35.0,29.0,35.0,25.0,24.0,33.0,33.0,19.0,30.0,38.0,30.0,36.0,41.0,22.0,34.0,25.0,27.0,35.0,22.0,31.0,25.0,41.0,21.0,16.0,29.0,28.0,26.0,23.0,25.0,32.0,23.0,27.0,31.0,28.0,23.0,32.0,27.0,27.0,36.0,31.0,31.0,36.0,27.0,27.0,27.0
27.0,20.0,26.0,35.0,31.0,24.0,26.0,23.0,32.0,27.0,16.0,19.0,30.0,27.0,28.0,23.0,22.0,27.0,29.0,24.0,30.0,41.0,34.0,28.0,22.0,24.0,27.0,23.0,36.0,22.0,25.0,22.0,25.0,29.0,28.0,26.0,35.0,26.0,30.0,37.0,28.0,34.0,31.0,29.0,26.0,30.0,37.0,24.0,32.0,28.0
30.0,26.0,18.0,30.0,38.0,33.0,26.0,16.0,29.0,28.0,29.0,33.0,32.0,27.0,28.0,30.0,27.0,28.0,16.0,22.0,28.0,20.0,24.0,16.0,29.0,20.0,26.0,25.0,28.0,17.0,28.0,29.0,26.0,32.0,29.0,29.0,31.0,30.0,25.0,27.0,34.0,30.0,24.0,31.0,31.0,23.0,20.0,25.0,23.0,29.0
30.0,36.0,42.0,30.0,46.0,30.0,28.0,30.0,29.0,36.0,23.0,27.0,38.0,35.0,32.0,30.0,22.0,34.0,28.0,32.0,36.0,25.0,33.0,33.0,30.0,30.0,31.0,28.0,32.0,43.0,33.0,33.0,43.0,22.0,28.0,28.0,34.0,30.0,37.0,23.0,37.0,39.0,30.0,32.0,41.0,41.0,33.0,23.0,32.0,23.0
25.0,16.0,24.0,22.0,24.0,19.0,24.0,16.0,21.0,22.0,19.0,19.0,19.0,15.0,33.0,33.0,21.0,19.0,18.0,22.0,20.0,22.0,15.0,24.0,21.0,9.0,24.0,26.0,18.0,14.0,22.0,16.0,21.0,21.0,22.0,24.0,23.0,27.0,23.0,25.0,10.0,16.0,24.0,15.0,19.0,27.0,18.0,32.0,18.0,22.0
23.0,22.0,19.0,27.0,26.0,27.0,23.0,26.0,27.0,26.0,28.0,30.0,28.0,22.0,27.0,21.0,24.0,26.0,27.0,32.0,25.0,23.0,28.0,30.0,21.0,25.0,23.0,17.0,24.0,26.0,26.0,26.0,24.0,27.0,23.0,30.0,20.0,21.0,26.0,20.0,29.0,21.0,24.0,18.0,31.0,23.0,27.0,19.0,27.0,28.0
