10,50,1000
16.11216,18.556652,15.85663,17.625016,15.43318,15.153014,15.301479,17.855288,17.60329,16.001973
6.071931,9.396932,8.255718,7.382861,9.497796,6.547572,6.776017,5.912296,9.516219,7.865787
0.0,10.0,20.0,30.0,40.0,50.0,60.0,70.0,80.0,90.0
10.0,0.0,10.0,20.0,30.0,40.0,50.0,60.0,70.0,80.0
20.0,10.0,0.0,10.0,20.0,30.0,40.0,50.0,60.0,70.0
30.0,20.0,10.0,0.0,10.0,20.0,30.0,40.0,50.0,60.0
40.0,30.0,20.0,10.0,0.0,10.0,20.0,30.0,40.0,50.0
50.0,40.0,30.0,20.0,10.0,0.0,10.0,20.0,30.0,40.0
60.0,50.0,40.0,30.0,20.0,10.0,0.0,10.0,20.0,30.0
70.0,60.0,50.0,40.0,30.0,20.0,10.0,0.0,10.0,20.0
80.0,70.0,60.0,50.0,40.0,30.0,20.0,10.0,0.0,10.0
90.0,80.0,70.0,60.0,50.0,40.0,30.0,20.0,10.0,0.0
450.0,400.0,350.0,300.0,250.0,250.0,300.0,350.0,400.0,450.0
0.0,1.0,2.0,3.0,4.0,5.0,6.0,7.0,8.0,9.0
1.0,0.0,1.0,2.0,3.0,4.0,5.0,6.0,7.0,8.0
2.0,1.0,0.0,1.0,2.0,3.0,4.0,5.0,6.0,7.0
3.0,2.0,1.0,0.0,1.0,2.0,3.0,4.0,5.0,6.0
4.0,3.0,2.0,1.0,0.0,1.0,2.0,3.0,4.0,5.0
5.0,4.0,3.0,2.0,1.0,0.0,1.0,2.0,3.0,4.0
6.0,5.0,4.0,3.0,2.0,1.0,0.0,1.0,2.0,3.0
7.0,6.0,5.0,4.0,3.0,2.0,1.0,0.0,1.0,2.0
8.0,7.0,6.0,5.0,4.0,3.0,2.0,1.0,0.0,1.0
9.0,8.0,7.0,6.0,5.0,4.0,3.0,2.0,1.0,0.0
45.0,40.0,35.0,30.0,25.0,25.0,30.0,35.0,40.0,45.0
29.0,32.0,21.0,24.0,20.0,32.0,32.0,25.0,22.0,16.0,22.0,34.0,21.0,22.0,34.0,19.0,18.0,26.0,19.0,29.0,15.0,21.0,15.0,17.0,22.0,31.0,18.0,19.0,17.0,34.0,17.0,32.0,23.0,15.0,26.0,16.0,27.0,25.0,35.0,35.0,21.0,26.0,31.0,26.0,21.0,27.0,18.0,26.0,26.0,23.0
40.0,39.0,33.0,31.0,45.0,47.0,31.0,39.0,35.0,46.0,25.0,40.0,22.0,47.0,43.0,50.0,30.0,41.0,38.0,33.0,25.0,32.0,40.0,38.0,41.0,31.0,37.0,39.0,35.0,33.0,45.0,31.0,40.0,30.0,30.0,29.0,45.0,41.0,31.0,42.0,26.0,40.0,47.0,32.0,34.0,34.0,43.0,34.0,35.0,27.0
31.0,27.0,29.0,29.0,25.0,27.0,40.0,30.0,34.0,30.0,31.0,37.0,31.0,33.0,33.0,33.0,37.0,26.0,22.0,36.0,32.0,26.0,38.0,41.0,30.0,31.0,28.0,28.0,41.0,36.0,32.0,22.0,22.0,28.0,37.0,30.0,28.0,30.0,25.0,34.0,33.0,29.0,19.0,34.0,25.0,29.0,40.0,26.0,31.0,27.0
32.0,38.0,25.0,31.0,25.0,29.0,35.0,33.0,36.0,26.0,24.0,18.0,27.0,29.0,25.0,39.0,27.0,25.0,30.0,23.0,19.0,33.0,24.0,35.0,30.0,29.0,34.0,21.0,33.0,29.0,33.0,26.0,26.0,29.0,31.0,26.0,36.0,37.0,32.0,20.0,26.0,29.0,29.0,35.0,18.0,36.0,20.0,23.0,30.0,31.0
37.0,27.0,38.0,32.0,27.0,29.0,28.0,39.0,28.0,35.0,27.0,35.0,50.0,43.0,33.0,38.0,33.0,37.0,40.0,44.0,35.0,32.0,34.0,32.0,38.0,32.0,29.0,26.0,35.0,46.0,31.0,31.0,24.0,41.0,36.0,37.0,36.0,50.0,37.0,37.0,29.0,37.0,31.0,38.0,35.0,37.0,31.0,42.0,31.0,49.0
25.0,25.0,24.0,35.0,17.0,26.0,24.0,33.0,20.0,25.0,15.0,28.0,27.0,19.0,21.0,15.0,26.0,33.0,21.0,21.0,17.0,29.0,23.0,18.0,23.0,27.0,18.0,27.0,20.0,28.0,27.0,20.0,22.0,21.0,28.0,30.0,32.0,37.0,25.0,29.0,31.0,29.0,32.0,25.0,20.0,18.0,24.0,27.0,29.0,23.0
27.0,18.0,32.0,18.0,26.0,26.0,30.0,28.0,31.0,31.0,20.0,25.0,30.0,28.0,34.0,29.0,25.0,26.0,30.0,33.0,21.0,29.0,24.0,32.0,33.0,25.0,28.0,23.0,27.0,20.0,32.0,25.0,22.0,22.0,22.0,24.0,21.0,29.0,29.0,20.0,35.0,27.0,29.0,18.0,25.0,25.0,33.0,30.0,25.0,26.0
21.0,25.0,26.0,21.0,26.0,27.0,20.0,19.0,14.0,25.0,15.0,25.0,16.0,20.0,16.0,30.0,14.0,16.0,23.0,19.0,29.0,28.0,16.0,24.0,26.0,31.0,34.0,30.0,19.0,15.0,25.0,33.0,20.0,22.0,27.0,20.0,26.0,20.0,14.0,21.0,27.0,34.0,30.0,19.0,21.0,25.0,18.0,28.0,24.0,14.0
46.0,29.0,34.0,32.0,45.0,28.0,30.0,33.0,25.0,33.0,27.0,28.0,31.0,33.0,41.0,38.0,39.0,26.0,37.0,31.0,36.0,28.0,35.0,38.0,29.0,33.0,33.0,31.0,31.0,29.0,38.0,42.0,33.0,32.0,36.0,34.0,38.0,37.0,30.0,33.0,37.0,47.0,28.0,31.0,39.0,35.0,44.0,36.0,37.0,39.0
23.0,26.0,36.0,33.0,22.0,24.0,26.0,20.0,21.0,25.0,32.0,27.0,24.0,37.0,24.0,25.0,27.0,23.0,24.0,37.0,23.0,31.0,26.0,38.0,29.0,32.0,29.0,32.0,31.0,22.0,35.0,21.0,39.0,30.0,35.0,29.0,23.0,25.0,29.0,28.0,36.0,35.0,29.0,22.0,29.0,27.0,23.0,31.0,27.0,22.0
