10,50,1000
17.141711,19.93595,18.784364,17.863295,18.018143,19.607965,15.591503,19.866653,16.322673,19.6921
9.563168,7.406289,7.228876,8.813064,8.911324,6.074542,6.756748,9.691155,5.633539,6.403046
0.0,10.0,20.0,30.0,40.0,50.0,60.0,70.0,80.0,90.0
10.0,0.0,10.0,20.0,30.0,40.0,50.0,60.0,70.0,80.0
20.0,10.0,0.0,10.0,20.0,30.0,40.0,50.0,60.0,70.0
30.0,20.0,10.0,0.0,10.0,20.0,30.0,40.0,50.0,60.0
40.0,30.0,20.0,10.0,0.0,10.0,20.0,30.0,40.0,50.0
50.0,40.0,30.0,20.0,10.0,0.0,10.0,20.0,30.0,40.0
60.0,50.0,40.0,30.0,20.0,10.0,0.0,10.0,20.0,30.0
70.0,60.0,50.0,40.0,30.0,20.0,10.0,0.0,10.0,20.0
80.0,70.0,60.0,50.0,40.0,30.0,20.0,10.0,0.0,10.0
90.0,80.0,70.0,60.0,50.0,40.0,30.0,20.0,10.0,0.0
450.0,400.0,350.0,300.0,250.0,250.0,300.0,350.0,400.0,450.0
0.0,1.0,2.0,3.0,4.0,5.0,6.0,7.0,8.0,9.0
1.0,0.0,1.0,2.0,3.0,4.0,5.0,6.0,7.0,8.0
2.0,1.0,0.0,1.0,2.0,3.0,4.0,5.0,6.0,7.0
3.0,2.0,1.0,0.0,1.0,2.0,3.0,4.0,5.0,6.0
4.0,3.0,2.0,1.0,0.0,1.0,2.0,3.0,4.0,5.0
5.0,4.0,3.0,2.0,1.0,0.0,1.0,2.0,3.0,4.0
6.0,5.0,4.0,3.0,2.0,1.0,0.0,1.0,2.0,3.0
7.0,6.0,5.0,4.0,3.0,2.0,1.0,0.0,1.0,2.0
8.0,7.0,6.0,5.0,4.0,3.0,2.0,1.0,0.0,1.0
9.0,8.0,7.0,6.0,5.0,4.0,3.0,2.0,1.0,0.0
45.0,40.0,35.0,30.0,25.0,25.0,30.0,35.0,40.0,45.0
29.0,30.0,29.0,40.0,34.0,36.0,38.0,35.0,36.0,42.0,37.0,28.0,41.0,34.0,31.0,31.0,40.0,26.0,28.0,25.0,39.0,33.0,39.0,36.0,30.0,37.0,36.0,29.0,24.0,34.0,30.0,33.0,38.0,38.0,23.0,38.0,35.0,30.0,35.0,32.0,27.0,32.0,35.0,28.0,24.0,33.0,31.0,31.0,43.0,31.0
25.0,32.0,31.0,13.0,30.0,26.0,33.0,20.0,23.0,26.0,31.0,28.0,35.0,38.0,26.0,26.0,30.0,27.0,29.0,26.0,37.0,37.0,31.0,35.0,33.0,31.0,23.0,21.0,25.0,38.0,29.0,26.0,29.0,19.0,25.0,29.0,35.0,29.0,28.0,32.0,23.0,26.0,24.0,26.0,31.0,39.0,39.0,28.0,35.0,29.0
23.0,28.0,29.0,26.0,28.0,33.0,33.0,29.0,28.0,28.0,18.0,26.0,29.0,23.0,29.0,28.0,28.0,30.0,32.0,26.0,27.0,39.0,24.0,23.0,27.0,36.0,27.0,29.0,30.0,28.0,19.0,28.0,24.0,33.0,28.0,27.0,21.0,25.0,25.0,30.0,36.0,24.0,25.0,29.0,31.0,38.0,15.0,23.0,32.0,24.0
28.0,28.0,27.0,25.0,30.0,37.0,30.0,31.0,24.0,31.0,20.0,38.0,49.0,32.0,35.0,40.0,24.0,42.0,38.0,30.0,36.0,28.0,27.0,26.0,41.0,30.0,35.0,29.0,31.0,38.0,28.0,32.0,32.0,19.0,30.0,35.0,33.0,36.0,28.0,24.0,38.0,28.0,32.0,20.0,34.0,32.0,25.0,30.0,43.0,39.0
30.0,25.0,31.0,24.0,31.0,30.0,37.0,27.0,32.0,28.0,31.0,24.0,38.0,33.0,25.0,36.0,36.0,34.0,30.0,37.0,30.0,42.0,34.0,30.0,27.0,31.0,24.0,32.0,25.0,32.0,32.0,27.0,28.0,47.0,40.0,36.0,31.0,33.0,32.0,39.0,29.0,28.0,32.0,18.0,36.0,41.0,43.0,42.0,18.0,25.0
25.0,20.0,36.0,25.0,21.0,22.0,24.0,20.0,30.0,20.0,28.0,31.0,28.0,15.0,26.0,32.0,25.0,31.0,17.0,18.0,23.0,21.0,24.0,32.0,18.0,25.0,27.0,31.0,24.0,24.0,28.0,21.0,27.0,29.0,23.0,29.0,32.0,31.0,20.0,19.0,33.0,27.0,32.0,40.0,25.0,19.0,25.0,22.0,34.0,31.0
30.0,29.0,20.0,29.0,32.0,23.0,22.0,20.0,23.0,28.0,29.0,28.0,25.0,16.0,21.0,23.0,29.0,35.0,20.0,29.0,28.0,38.0,24.0,27.0,28.0,26.0,20.0,28.0,36.0,26.0,32.0,22.0,31.0,29.0,17.0,30.0,22.0,21.0,27.0,20.0,31.0,25.0,21.0,33.0,29.0,27.0,31.0,23.0,22.0,21.0
41.0,34.0,56.0,36.0,33.0,24.0,37.0,39.0,25.0,28.0,23.0,40.0,37.0,32.0,42.0,31.0,20.0,42.0,35.0,31.0,41.0,34.0,33.0,33.0,38.0,47.0,44.0,28.0,48.0,33.0,36.0,26.0,35.0,35.0,33.0,37.0,36.0,48.0,44.0,44.0,35.0,32.0,27.0,38.0,45.0,26.0,26.0,37.0,38.0,27.0
24.0,18.0,26.0,22.0,25.0,17.0,23.0,20.0,32.0,24.0,30.0,20.0,24.0,22.0,28.0,22.0,24.0,25.0,23.0,15.0,24.0,19.0,19.0,21.0,28.0,25.0,28.0,21.0,12.0,23.0,22.0,21.0,22.0,18.0,22.0,24.0,18.0,21.0,21.0,18.0,26.0,17.0,19.0,22.0,16.0,18.0,12.0,21.0,22.0,20.0
35.0,34.0,23.0,25.0,22.0,37.0,21.0,31.0,21.0,17.0,25.0,26.0,22.0,20.0,31.0,31.0,40.0,17.0,32.0,23.0,22.0,24.0,20.0,17.0,26.0,29.0,21.0,28.0,29.0,26.0,28.0,21.0,17.0,34.0,29.0,23.0,20.0,24.0,30.0,28.0,24.0,34.0,29.0,25.0,20.0,24.0,31.0,24.0,21.0,30.0
