10,50,1000
19.771784,16.624631,17.421386,17.563079,16.488811,17.735109,18.185056,16.217466,15.824965,15.946506
8.465817,8.03607,5.052208,9.186425,9.813211,5.962591,8.098581,6.517344,7.796808,5.971465
0.0,10.0,20.0,30.0,40.0,50.0,60.0,70.0,80.0,90.0
10.0,0.0,10.0,20.0,30.0,40.0,50.0,60.0,70.0,80.0
20.0,10.0,0.0,10.0,20.0,30.0,40.0,50.0,60.0,70.0
30.0,20.0,10.0,0.0,10.0,20.0,30.0,40.0,50.0,60.0
40.0,30.0,20.0,10.0,0.0,10.0,20.0,30.0,40.0,50.0
50.0,40.0,30.0,20.0,10.0,0.0,10.0,20.0,30.0,40.0
60.0,50.0,40.0,30.0,20.0,10.0,0.0,10.0,20.0,30.0
70.0,60.0,50.0,40.0,30.0,20.0,10.0,0.0,10.0,20.0
80.0,70.0,60.0,50.0,40.0,30.0,20.0,10.0,0.0,10.0
90.0,80.0,70.0,60.0,50.0,40.0,30.0,20.0,10.0,0.0
450.0,400.0,350.0,300.0,250.0,250.0,300.0,350.0,400.0,450.0
0.0,1.0,2.0,3.0,4.0,5.0,6.0,7.0,8.0,9.0
1.0,0.0,1.0,2.0,3.0,4.0,5.0,6.0,7.0,8.0
2.0,1.0,0.0,1.0,2.0,3.0,4.0,5.0,6.0,7.0
3.0,2.0,1.0,0.0,1.0,2.0,3.0,4.0,5.0,6.0
4.0,3.0,2.0,1.0,0.0,1.0,2.0,3.0,4.0,5.0
5.0,4.0,3.0,2.0,1.0,0.0,1.0,2.0,3.0,4.0
6.0,5.0,4.0,3.0,2.0,1.0,0.0,1.0,2.0,3.0
7.0,6.0,5.0,4.0,3.0,2.0,1.0,0.0,1.0,2.0
8.0,7.0,6.0,5.0,4.0,3.0,2.0,1.0,0.0,1.0
9.0,8.0,7.0,6.0,5.0,4.0,3.0,2.0,1.0,0.0
45.0,40.0,35.0,30.0,25.0,25.0,30.0,35.0,40.0,45.0
32.0,27.0,39.0,29.0,34.0,23.0,28.0,27.0,35.0,26.0,28.0,16.0,29.0,30.0,31.0,36.0,44.0,31.0,30.0,30.0,37.0,26.0,33.0,33.0,39.0,30.0,26.0,33.0,35.0,37.0,30.0,38.0,38.0,32.0,31.0,34.0,24.0,28.0,43.0,30.0,31.0,39.0,28.0,28.0,26.0,34.0,34.0,36.0,34.0,44.0
24.0,31.0,19.0,32.0,31.0,28.0,29.0,40.0,34.0,35.0,42.0,28.0,21.0,32.0,28.0,24.0,44.0,26.0,31.0,31.0,24.0,35.0,32.0,24.0,37.0,26.0,35.0,36.0,29.0,24.0,29.0,33.0,41.0,25.0,32.0,29.0,22.0,40.0,33.0,34.0,34.0,27.0,29.0,24.0,32.0,24.0,26.0,31.0,40.0,27.0
26.0,16.0,21.0,17.0,17.0,29.0,27.0,30.0,23.0,16.0,19.0,26.0,38.0,16.0,20.0,30.0,15.0,19.0,15.0,21.0,26.0,28.0,25.0,26.0,27.0,22.0,22.0,24.0,23.0,18.0,22.0,14.0,22.0,14.0,15.0,15.0,21.0,32.0,19.0,25.0,18.0,17.0,23.0,18.0,22.0,15.0,20.0,15.0,22.0,20.0
34.0,38.0,32.0,43.0,30.0,31.0,38.0,32.0,28.0,42.0,35.0,26.0,36.0,35.0,36.0,33.0,35.0,24.0,40.0,39.0,44.0,46.0,44.0,28.0,29.0,36.0,26.0,43.0,36.0,37.0,36.0,39.0,34.0,33.0,34.0,35.0,27.0,35.0,37.0,36.0,31.0,39.0,30.0,28.0,26.0,36.0,36.0,46.0,37.0,39.0
28.0,52.0,38.0,36.0,39.0,31.0,37.0,44.0,36.0,34.0,37.0,35.0,29.0,38.0,39.0,31.0,42.0,48.0,44.0,39.0,35.0,34.0,34.0,32.0,41.0,31.0,29.0,30.0,37.0,43.0,37.0,48.0,42.0,38.0,40.0,40.0,51.0,37.0,30.0,38.0,39.0,31.0,36.0,33.0,45.0,32.0,33.0,31.0,29.0,34.0
25.0,16.0,24.0,22.0,17.0,23.0,24.0,12.0,25.0,17.0,25.0,27.0,24.0,26.0,20.0,21.0,22.0,22.0,31.0,22.0,25.0,13.0,26.0,27.0,30.0,27.0,20.0,15.0,26.0,25.0,15.0,30.0,27.0,24.0,21.0,22.0,27.0,25.0,19.0,35.0,29.0,22.0,22.0,20.0,31.0,29.0,26.0,24.0,15.0,21.0
32.0,28.0,30.0,32.0,32.0,30.0,32.0,40.0,28.0,33.0,35.0,39.0,24.0,41.0,39.0,36.0,45.0,26.0,26.0,35.0,31.0,36.0,38.0,34.0,35.0,40.0,26.0,27.0,26.0,37.0,26.0,33.0,31.0,31.0,37.0,27.0,30.0,37.0,32.0,29.0,31.0,30.0,32.0,39.0,33.0,24.0,34.0,32.0,35.0,26.0
25.0,26.0,28.0,26.0,28.0,19.0,25.0,23.0,30.0,15.0,21.0,27.0,29.0,27.0,24.0,20.0,24.0,29.0,29.0,26.0,18.0,29.0,24.0,29.0,21.0,30.0,28.0,20.0,23.0,24.0,23.0,23.0,26.0,30.0,23.0,25.0,23.0,31.0,23.0,27.0,28.0,28.0,26.0,28.0,17.0,37.0,33.0,28.0,31.0,27.0
42.0,31.0,29.0,20.0,25.0,27.0,25.0,34.0,27.0,41.0,39.0,35.0,35.0,26.0,31.0,29.0,23.0,32.0,27.0,36.0,25.0,24.0,31.0,31.0,32.0,19.0,26.0,25.0,29.0,23.0,34.0,24.0,36.0,36.0,19.0,31.0,27.0,23.0,21.0,27.0,31.0,28.0,31.0,24.0,27.0,26.0,29.0,31.0,24.0,28.0
28.0,29.0,23.0,24.0,24.0,18.0,25.0,35.0,18.0,24.0,19.0,16.0,18.0,29.0,21.0,24.0,24.0,29.0,24.0,28.0,26.0,29.0,24.0,16.0,23.0,30.0,20.0,26.0,22.0,20.0,21.0,20.0,30.0,23.0,22.0,19.0,27.0,19.0,21.0,22.0,19.0,20.0,22.0,23.0,23.0,15.0,21.0,29.0,24.0,23.0
