10,50,1000
15.874866,16.089632,19.127802,15.709898,18.84716,17.316119,16.97236,19.815363,18.676382,15.419777
6.704072,9.156054,6.129356,8.114303,9.817988,5.136816,9.859351,7.869189,6.212153,7.970278
0.0,10.0,20.0,30.0,40.0,50.0,60.0,70.0,80.0,90.0
10.0,0.0,10.0,20.0,30.0,40.0,50.0,60.0,70.0,80.0
20.0,10.0,0.0,10.0,20.0,30.0,40.0,50.0,60.0,70.0
30.0,20.0,10.0,0.0,10.0,20.0,30.0,40.0,50.0,60.0
40.0,30.0,20.0,10.0,0.0,10.0,20.0,30.0,40.0,50.0
50.0,40.0,30.0,20.0,10.0,0.0,10.0,20.0,30.0,40.0
60.0,50.0,40.0,30.0,20.0,10.0,0.0,10.0,20.0,30.0
70.0,60.0,50.0,40.0,30.0,20.0,10.0,0.0,10.0,20.0
80.0,70.0,60.0,50.0,40.0,30.0,20.0,10.0,0.0,10.0
90.0,80.0,70.0,60.0,50.0,40.0,30.0,20.0,10.0,0.0
450.0,400.0,350.0,300.0,250.0,250.0,300.0,350.0,400.0,450.0
0.0,1.0,2.0,3.0,4.0,5.0,6.0,7.0,8.0,9.0
1.0,0.0,1.0,2.0,3.0,4.0,5.0,6.0,7.0,8.0
2.0,1.0,0.0,1.0,2.0,3.0,4.0,5.0,6.0,7.0
3.0,2.0,1.0,0.0,1.0,2.0,3.0,4.0,5.0,6.0
4.0,3.0,2.0,1.0,0.0,1.0,2.0,3.0,4.0,5.0
5.0,4.0,3.0,2.0,1.0,0.0,1.0,2.0,3.0,4.0
6.0,5.0,4.0,3.0,2.0,1.0,0.0,1.0,2.0,3.0
7.0,6.0,5.0,4.0,3.0,2.0,1.0,0.0,1.0,2.0
8.0,7.0,6.0,5.0,4.0,3.0,2.0,1.0,0.0,1.0
9.0,8.0,7.0,6.0,5.0,4.0,3.0,2.0,1.0,0.0
45.0,40.0,35.0,30.0,25.0,25.0,30.0,35.0,40.0,45.0
30.0,21.0,27.0,22.0,22.0,31.0,28.0,29.0,34.0,25.0,32.0,23.0,25.0,28.0,28.0,38.0,25.0,25.0,25.0,20.0,22.0,27.0,34.0,26.0,22.0,20.0,27.0,17.0,23.0,23.0,25.0,31.0,24.0,31.0,21.0,21.0,29.0,19.0,27.0,26.0,29.0,23.0,24.0,16.0,26.0,32.0,29.0,38.0,30.0,30.0
33.0,43.0,34.0,23.0,26.0,27.0,42.0,33.0,30.0,30.0,38.0,28.0,28.0,49.0,39.0,29.0,40.0,40.0,25.0,34.0,35.0,28.0,29.0,41.0,34.0,28.0,36.0,34.0,32.0,36.0,43.0,23.0,35.0,27.0,44.0,33.0,34.0,34.0,32.0,35.0,32.0,38.0,27.0,30.0,38.0,31.0,27.0,38.0,31.0,27.0
29.0,25.0,23.0,30.0,29.0,33.0,23.0,22.0,27.0,30.0,34.0,23.0,34.0,26.0,26.0,23.0,34.0,29.0,25.0,24.0,21.0,24.0,23.0,27.0,27.0,34.0,26.0,19.0,27.0,31.0,26.0,22.0,32.0,27.0,20.0,22.0,28.0,27.0,23.0,24.0,30.0,31.0,16.0,22.0,36.0,20.0,27.0,18.0,33.0,27.0
34.0,34.0,41.0,27.0,25.0,29.0,19.0,32.0,27.0,32.0,28.0,26.0,28.0,21.0,27.0,30.0,31.0,43.0,30.0,23.0,27.0,38.0,27.0,38.0,34.0,23.0,22.0,34.0,35.0,30.0,32.0,23.0,21.0,24.0,23.0,28.0,39.0,32.0,28.0,32.0,25.0,34.0,39.0,36.0,35.0,42.0,28.0,36.0,26.0,30.0
32.0,34.0,38.0,42.0,27.0,34.0,32.0,50.0,41.0,46.0,45.0,49.0,36.0,39.0,42.0,35.0,34.0,35.0,39.0,32.0,42.0,40.0,37.0,24.0,40.0,40.0,36.0,30.0,38.0,41.0,37.0,46.0,33.0,26.0,32.0,33.0,43.0,45.0,37.0,34.0,44.0,33.0,34.0,46.0,39.0,41.0,42.0,41.0,39.0,29.0
18.0,23.0,25.0,18.0,26.0,15.0,21.0,21.0,17.0,24.0,23.0,18.0,21.0,21.0,23.0,17.0,22.0,37.0,18.0,15.0,20.0,17.0,23.0,12.0,19.0,20.0,23.0,19.0,24.0,20.0,26.0,18.0,19.0,19.0,14.0,28.0,20.0,16.0,19.0,27.0,15.0,19.0,20.0,14.0,36.0,26.0,23.0,28.0,15.0,17.0
37.0,31.0,38.0,40.0,38.0,23.0,45.0,46.0,36.0,42.0,46.0,41.0,36.0,35.0,32.0,30.0,37.0,37.0,35.0,46.0,38.0,30.0,44.0,36.0,30.0,40.0,30.0,35.0,35.0,32.0,36.0,42.0,34.0,26.0,28.0,43.0,28.0,32.0,28.0,34.0,37.0,34.0,30.0,34.0,34.0,36.0,35.0,27.0,33.0,40.0
35.0,31.0,29.0,31.0,27.0,33.0,30.0,34.0,36.0,27.0,38.0,34.0,30.0,27.0,28.0,23.0,38.0,28.0,33.0,30.0,41.0,33.0,30.0,31.0,27.0,32.0,32.0,42.0,29.0,36.0,33.0,23.0,34.0,38.0,36.0,30.0,28.0,36.0,17.0,35.0,24.0,32.0,41.0,39.0,33.0,39.0,37.0,24.0,31.0,29.0
24.0,28.0,27.0,19.0,23.0,23.0,17.0,32.0,27.0,22.0,24.0,27.0,21.0,20.0,23.0,20.0,27.0,23.0,18.0,27.0,24.0,32.0,19.0,30.0,24.0,28.0,31.0,26.0,26.0,25.0,30.0,28.0,26.0,24.0,32.0,24.0,31.0,21.0,29.0,26.0,33.0,33.0,32.0,32.0,24.0,24.0,28.0,24.0,21.0,34.0
21.0,25.0,29.0,26.0,33.0,46.0,26.0,23.0,24.0,33.0,27.0,26.0,33.0,37.0,34.0,36.0,26.0,35.0,22.0,24.0,29.0,34.0,24.0,27.0,25.0,40.0,30.0,21.0,22.0,24.0,24.0,28.0,33.0,23.0,34.0,33.0,29.0,35.0,32.0,30.0,33.0,23.0,21.0,36.0,37.0,34.0,31.0,30.0,28.0,33.0
