10,50,1000
17.494866,15.162161,19.510309,15.577268,17.837366,15.264859,18.091656,15.002649,17.378264,16.894021
8.15935,8.257728,8.704967,8.971345,7.615135,6.30308,7.608706,5.411825,6.493558,7.255066
0.0,10.0,20.0,30.0,40.0,50.0,60.0,70.0,80.0,90.0
10.0,0.0,10.0,20.0,30.0,40.0,50.0,60.0,70.0,80.0
20.0,10.0,0.0,10.0,20.0,30.0,40.0,50.0,60.0,70.0
30.0,20.0,10.0,0.0,10.0,20.0,30.0,40.0,50.0,60.0
40.0,30.0,20.0,10.0,0.0,10.0,20.0,30.0,40.0,50.0
50.0,40.0,30.0,20.0,10.0,0.0,10.0,20.0,30.0,40.0
60.0,50.0,40.0,30.0,20.0,10.0,0.0,10.0,20.0,30.0
70.0,60.0,50.0,40.0,30.0,20.0,10.0,0.0,10.0,20.0
80.0,70.0,60.0,50.0,40.0,30.0,20.0,10.0,0.0,10.0
90.0,80.0,70.0,60.0,50.0,40.0,30.0,20.0,10.0,0.0
450.0,400.0,350.0,300.0,250.0,250.0,300.0,350.0,400.0,450.0
0.0,1.0,2.0,3.0,4.0,5.0,6.0,7.0,8.0,9.0
1.0,0.0,1.0,2.0,3.0,4.0,5.0,6.0,7.0,8.0
2.0,1.0,0.0,1.0,2.0,3.0,4.0,5.0,6.0,7.0
3.0,2.0,1.0,0.0,1.0,2.0,3.0,4.0,5.0,6.0
4.0,3.0,2.0,1.0,0.0,1.0,2.0,3.0,4.0,5.0
5.0,4.0,3.0,2.0,1.0,0.0,1.0,2.0,3.0,4.0
6.0,5.0,4.0,3.0,2.0,1.0,0.0,1.0,2.0,3.0
7.0,6.0,5.0,4.0,3.0,2.0,1.0,0.0,1.0,2.0
8.0,7.0,6.0,5.0,4.0,3.0,2.0,1.0,0.0,1.0
9.0,8.0,7.0,6.0,5.0,4.0,3.0,2.0,1.0,0.0
45.0,40.0,35.0,30.0,25.0,25.0,30.0,35.0,40.0,45.0
36.0,27.0,25.0,31.0,30.0,25.0,27.0,32.0,36.0,21.0,27.0,36.0,35.0,28.0,34.0,33.0,30.0,25.0,34.0,30.0,30.0,33.0,37.0,41.0,21.0,27.0,34.0,40.0,24.0,22.0,27.0,25.0,44.0,35.0,31.0,30.0,29.0,22.0,35.0,32.0,40.0,23.0,18.0,33.0,25.0,30.0,34.0,30.0,24.0,34.0
25.0,29.0,38.0,23.0,25.0,29.0,29.0,24.0,32.0,32.0,27.0,29.0,37.0,18.0,24.0,29.0,26.0,32.0,33.0,26.0,31.0,29.0,30.0,35.0,27.0,39.0,32.0,29.0,37.0,27.0,28.0,37.0,32.0,33.0,45.0,29.0,33.0,33.0,34.0,37.0,26.0,28.0,27.0,35.0,31.0,32.0,22.0,27.0,43.0,28.0
33.0,31.0,21.0,39.0,34.0,31.0,38.0,25.0,33.0,29.0,40.0,35.0,33.0,28.0,20.0,42.0,32.0,43.0,27.0,35.0,32.0,34.0,40.0,24.0,26.0,28.0,30.0,38.0,32.0,32.0,33.0,43.0,29.0,31.0,30.0,30.0,31.0,36.0,25.0,37.0,36.0,39.0,34.0,27.0,25.0,26.0,35.0,35.0,32.0,39.0
25.0,41.0,31.0,32.0,32.0,26.0,31.0,30.0,36.0,31.0,30.0,38.0,40.0,35.0,31.0,38.0,31.0,39.0,40.0,36.0,38.0,17.0,42.0,42.0,38.0,37.0,43.0,34.0,37.0,41.0,20.0,36.0,29.0,29.0,31.0,36.0,47.0,29.0,35.0,25.0,41.0,32.0,35.0,40.0,32.0,32.0,30.0,40.0,31.0,37.0
29.0,32.0,25.0,30.0,25.0,25.0,30.0,29.0,29.0,31.0,32.0,35.0,30.0,20.0,24.0,23.0,30.0,43.0,36.0,26.0,23.0,33.0,33.0,31.0,36.0,25.0,32.0,45.0,24.0,33.0,32.0,23.0,16.0,24.0,27.0,32.0,37.0,26.0,29.0,30.0,29.0,26.0,30.0,36.0,30.0,34.0,23.0,26.0,34.0,22.0
10.0,29.0,30.0,34.0,30.0,28.0,18.0,28.0,20.0,25.0,30.0,20.0,24.0,16.0,27.0,27.0,31.0,27.0,28.0,35.0,21.0,16.0,23.0,22.0,29.0,27.0,18.0,19.0,26.0,21.0,24.0,22.0,25.0,23.0,20.0,25.0,20.0,23.0,28.0,23.0,21.0,20.0,25.0,32.0,26.0,28.0,26.0,26.0,25.0,33.0
26.0,29.0,38.0,25.0,31.0,29.0,37.0,31.0,32.0,25.0,28.0,28.0,22.0,22.0,37.0,28.0,33.0,23.0,33.0,25.0,41.0,30.0,22.0,33.0,32.0,29.0,27.0,32.0,34.0,29.0,28.0,30.0,27.0,21.0,19.0,28.0,28.0,25.0,39.0,32.0,33.0,27.0,30.0,32.0,30.0,35.0,37.0,26.0,37.0,25.0
21.0,28.0,19.0,27.0,24.0,17.0,26.0,23.0,14.0,23.0,17.0,18.0,23.0,17.0,17.0,22.0,23.0,23.0,20.0,19.0,25.0,19.0,17.0,17.0,23.0,21.0,28.0,20.0,21.0,19.0,31.0,27.0,25.0,18.0,19.0,20.0,23.0,20.0,17.0,21.0,25.0,21.0,24.0,28.0,25.0,28.0,22.0,13.0,21.0,25.0
23.0,20.0,21.0,27.0,28.0,24.0,32.0,26.0,21.0,30.0,18.0,31.0,23.0,30.0,21.0,30.0,18.0,21.0,25.0,23.0,29.0,24.0,30.0,28.0,26.0,22.0,30.0,23.0,26.0,30.0,30.0,26.0,27.0,25.0,22.0,21.0,21.0,33.0,16.0,41.0,24.0,30.0,25.0,17.0,28.0,32.0,20.0,34.0,29.0,30.0
34.0,22.0,25.0,31.0,38.0,34.0,40.0,21.0,29.0,25.0,22.0,30.0,27.0,31.0,33.0,29.0,33.0,38.0,26.0,26.0,31.0,32.0,25.0,31.0,22.0,21.0,26.0,27.0,24.0,22.0,34.0,17.0,29.0,26.0,34.0,34.0,29.0,30.0,22.0,35.0,23.0,23.0,25.0,24.0,24.0,29.0,35.0,32.0,29.0,21.0
