10,50,1000
15.511873,15.609915,16.843486,16.907172,17.182327,19.3682,19.169403,18.631889,18.596346,17.993285
8.515858,6.395542,8.461342,9.743866,7.290275,5.922946,8.643925,5.522037,9.943879,9.210021
0.0,10.0,20.0,30.0,40.0,50.0,60.0,70.0,80.0,90.0
10.0,0.0,10.0,20.0,30.0,40.0,50.0,60.0,70.0,80.0
20.0,10.0,0.0,10.0,20.0,30.0,40.0,50.0,60.0,70.0
30.0,20.0,10.0,0.0,10.0,20.0,30.0,40.0,50.0,60.0
40.0,30.0,20.0,10.0,0.0,10.0,20.0,30.0,40.0,50.0
50.0,40.0,30.0,20.0,10.0,0.0,10.0,20.0,30.0,40.0
60.0,50.0,40.0,30.0,20.0,10.0,0.0,10.0,20.0,30.0
70.0,60.0,50.0,40.0,30.0,20.0,10.0,0.0,10.0,20.0
80.0,70.0,60.0,50.0,40.0,30.0,20.0,10.0,0.0,10.0
90.0,80.0,70.0,60.0,50.0,40.0,30.0,20.0,10.0,0.0
450.0,400.0,350.0,300.0,250.0,250.0,300.0,350.0,400.0,450.0
0.0,1.0,2.0,3.0,4.0,5.0,6.0,7.0,8.0,9.0
1.0,0.0,1.0,2.0,3.0,4.0,5.0,6.0,7.0,8.0
2.0,1.0,0.0,1.0,2.0,3.0,4.0,5.0,6.0,7.0
3.0,2.0,1.0,0.0,1.0,2.0,3.0,4.0,5.0,6.0
4.0,3.0,2.0,1.0,0.0,1.0,2.0,3.0,4.0,5.0
5.0,4.0,3.0,2.0,1.0,0.0,1.0,2.0,3.0,4.0
6.0,5.0,4.0,3.0,2.0,1.0,0.0,1.0,2.0,3.0
7.0,6.0,5.0,4.0,3.0,2.0,1.0,0.0,1.0,2.0
8.0,7.0,6.0,5.0,4.0,3.0,2.0,1.0,0.0,1.0
9.0,8.0,7.0,6.0,5.0,4.0,3.0,2.0,1.0,0.0
45.0,40.0,35.0,30.0,25.0,25.0,30.0,35.0,40.0,45.0
36.0,26.0,36.0,34.0,29.0,28.0,27.0,28.0,39.0,37.0,20.0,34.0,32.0,34.0,28.0,25.0,23.0,23.0,29.0,37.0,30.0,42.0,31.0,27.0,28.0,33.0,33.0,21.0,30.0,29.0,29.0,30.0,39.0,21.0,20.0,27.0,20.0,28.0,29.0,27.0,27.0,28.0,41.0,34.0,35.0,40.0,37.0,29.0,35.0,34.0
28.0,31.0,20.0,23.0,25.0,27.0,30.0,27.0,28.0,27.0,29.0,25.0,23.0,30.0,21.0,26.0,32.0,18.0,37.0,18.0,27.0,25.0,32.0,32.0,25.0,25.0,17.0,23.0,22.0,26.0,23.0,36.0,25.0,25.0,27.0,41.0,27.0,25.0,26.0,21.0,18.0,20.0,39.0,15.0,22.0,21.0,24.0,25.0,26.0,32.0
31.0,40.0,34.0,29.0,45.0,37.0,29.0,25.0,30.0,25.0,39.0,35.0,29.0,29.0,30.0,26.0,37.0,18.0,30.0,31.0,41.0,39.0,27.0,30.0,27.0,37.0,30.0,37.0,30.0,33.0,36.0,31.0,28.0,35.0,28.0,27.0,40.0,27.0,39.0,33.0,31.0,28.0,30.0,26.0,43.0,31.0,28.0,42.0,39.0,24.0
36.0,36.0,35.0,32.0,38.0,35.0,31.0,28.0,42.0,29.0,32.0,34.0,41.0,26.0,45.0,30.0,37.0,41.0,26.0,40.0,30.0,34.0,38.0,39.0,41.0,36.0,31.0,44.0,20.0,38.0,34.0,37.0,32.0,42.0,30.0,37.0,31.0,41.0,36.0,34.0,34.0,46.0,41.0,40.0,43.0,47.0,33.0,49.0,40.0,40.0
30.0,22.0,27.0,36.0,40.0,23.0,27.0,31.0,30.0,23.0,24.0,25.0,34.0,33.0,32.0,28.0,29.0,31.0,28.0,31.0,29.0,29.0,26.0,26.0,25.0,29.0,34.0,28.0,29.0,32.0,31.0,28.0,39.0,23.0,22.0,21.0,19.0,26.0,22.0,26.0,28.0,25.0,28.0,28.0,34.0,23.0,28.0,26.0,19.0,26.0
23.0,22.0,15.0,32.0,15.0,28.0,20.0,19.0,20.0,23.0,21.0,18.0,19.0,16.0,22.0,14.0,23.0,13.0,18.0,24.0,29.0,24.0,22.0,23.0,14.0,20.0,20.0,23.0,21.0,18.0,15.0,23.0,18.0,24.0,19.0,23.0,22.0,19.0,18.0,14.0,30.0,23.0,21.0,24.0,19.0,24.0,24.0,23.0,19.0,19.0
36.0,29.0,55.0,27.0,38.0,29.0,28.0,34.0,27.0,28.0,24.0,35.0,26.0,33.0,37.0,34.0,43.0,31.0,34.0,37.0,45.0,40.0,27.0,24.0,33.0,35.0,38.0,32.0,39.0,31.0,33.0,38.0,35.0,27.0,41.0,34.0,36.0,41.0,23.0,27.0,37.0,37.0,36.0,29.0,21.0,31.0,27.0,31.0,36.0,38.0
18.0,16.0,21.0,23.0,22.0,24.0,18.0,19.0,18.0,30.0,17.0,29.0,22.0,15.0,22.0,20.0,22.0,15.0,21.0,23.0,21.0,22.0,27.0,24.0,25.0,22.0,25.0,24.0,25.0,27.0,25.0,18.0,18.0,19.0,17.0,30.0,24.0,30.0,25.0,21.0,30.0,20.0,23.0,38.0,25.0,21.0,23.0,22.0,23.0,26.0
35.0,36.0,47.0,33.0,34.0,29.0,22.0,30.0,29.0,30.0,32.0,31.0,37.0,36.0,39.0,31.0,47.0,35.0,32.0,42.0,30.0,36.0,37.0,42.0,32.0,34.0,38.0,35.0,38.0,32.0,43.0,42.0,34.0,27.0,50.0,37.0,24.0,29.0,47.0,35.0,38.0,31.0,40.0,35.0,30.0,34.0,51.0,31.0,34.0,30.0
36.0,27.0,29.0,29.0,31.0,43.0,34.0,26.0,34.0,49.0,33.0,38.0,34.0,23.0,34.0,37.0,28.0,31.0,33.0,32.0,23.0,41.0,33.0,28.0,30.0,32.0,29.0,42.0,32.0,33.0,34.0,38.0,33.0,34.0,50.0,44.0,36.0,29.0,29.0,21.0,45.0,35.0,35.0,26.0,28.0,25.0,38.0,37.0,31.0,32.0
