10,50,1000
16.51711,16.194515,18.889619,15.238178,15.075199,15.99622,17.188192,18.852067,17.652774,18.349327
8.257139,6.507333,5.077434,8.148075,5.776959,9.716637,8.808128,5.896011,6.448335,9.932198
0.0,10.0,20.0,30.0,40.0,50.0,60.0,70.0,80.0,90.0
10.0,0.0,10.0,20.0,30.0,40.0,50.0,60.0,70.0,80.0
20.0,10.0,0.0,10.0,20.0,30.0,40.0,50.0,60.0,70.0
30.0,20.0,10.0,0.0,10.0,20.0,30.0,40.0,50.0,60.0
40.0,30.0,20.0,10.0,0.0,10.0,20.0,30.0,40.0,50.0
50.0,40.0,30.0,20.0,10.0,0.0,10.0,20.0,30.0,40.0
60.0,50.0,40.0,30.0,20.0,10.0,0.0,10.0,20.0,30.0
70.0,60.0,50.0,40.0,30.0,20.0,10.0,0.0,10.0,20.0
80.0,70.0,60.0,50.0,40.0,30.0,20.0,10.0,0.0,10.0
90.0,80.0,70.0,60.0,50.0,40.0,30.0,20.0,10.0,0.0
450.0,400.0,350.0,300.0,250.0,250.0,300.0,350.0,400.0,450.0
0.0,1.0,2.0,3.0,4.0,5.0,6.0,7.0,8.0,9.0
1.0,0.0,1.0,2.0,3.0,4.0,5.0,6.0,7.0,8.0
2.0,1.0,0.0,1.0,2.0,3.0,4.0,5.0,6.0,7.0
3.0,2.0,1.0,0.0,1.0,2.0,3.0,4.0,5.0,6.0
4.0,3.0,2.0,1.0,0.0,1.0,2.0,3.0,4.0,5.0
5.0,4.0,3.0,2.0,1.0,0.0,1.0,2.0,3.0,4.0
6.0,5.0,4.0,3.0,2.0,1.0,0.0,1.0,2.0,3.0
7.0,6.0,5.0,4.0,3.0,2.0,1.0,0.0,1.0,2.0
8.0,7.0,6.0,5.0,4.0,3.0,2.0,1.0,0.0,1.0
9.0,8.0,7.0,6.0,5.0,4.0,3.0,2.0,1.0,0.0
45.0,40.0,35.0,30.0,25.0,25.0,30.0,35.0,40.0,45.0
32.0,35.0,26.0,33.0,34.0,28.0,48.0,31.0,31.0,24.0,25.0,24.0,26.0,32.0,34.0,38.0,37.0,28.0,28.0,35.0,32.0,35.0,28.0,38.0,38.0,31.0,26.0,19.0,38.0,37.0,30.0,26.0,29.0,32.0,31.0,41.0,32.0,29.0,35.0,34.0,37.0,32.0,30.0,30.0,15.0,28.0,31.0,21.0,27.0,21.0
21.0,22.0,30.0,25.0,24.0,16.0,28.0,24.0,19.0,26.0,29.0,21.0,28.0,29.0,25.0,19.0,31.0,25.0,27.0,29.0,27.0,27.0,28.0,19.0,16.0,26.0,31.0,36.0,24.0,21.0,31.0,34.0,24.0,20.0,22.0,33.0,19.0,21.0,11.0,31.0,28.0,17.0,27.0,25.0,32.0,25.0,24.0,22.0,16.0,27.0
18.0,23.0,20.0,22.0,27.0,25.0,24.0,21.0,19.0,24.0,16.0,12.0,32.0,25.0,19.0,17.0,25.0,14.0,19.0,31.0,20.0,21.0,17.0,22.0,17.0,21.0,15.0,18.0,19.0,29.0,18.0,17.0,16.0,25.0,25.0,18.0,22.0,16.0,16.0,22.0,17.0,31.0,28.0,27.0,20.0,24.0,19.0,26.0,21.0,24.0
30.0,29.0,20.0,30.0,27.0,37.0,26.0,27.0,28.0,40.0,32.0,38.0,26.0,32.0,23.0,30.0,32.0,34.0,28.0,32.0,25.0,27.0,31.0,31.0,36.0,21.0,28.0,29.0,32.0,34.0,34.0,27.0,37.0,34.0,28.0,27.0,38.0,24.0,43.0,17.0,33.0,25.0,24.0,34.0,28.0,29.0,37.0,28.0,31.0,36.0
14.0,28.0,23.0,23.0,28.0,27.0,27.0,23.0,27.0,25.0,19.0,26.0,23.0,25.0,28.0,37.0,22.0,17.0,28.0,14.0,29.0,18.0,11.0,25.0,31.0,16.0,21.0,23.0,13.0,28.0,34.0,19.0,19.0,17.0,18.0,27.0,30.0,19.0,27.0,27.0,27.0,25.0,15.0,19.0,17.0,18.0,31.0,24.0,26.0,22.0
33.0,40.0,33.0,33.0,32.0,44.0,35.0,31.0,36.0,29.0,46.0,35.0,30.0,30.0,38.0,42.0,29.0,42.0,29.0,40.0,32.0,42.0,34.0,37.0,37.0,36.0,29.0,29.0,44.0,37.0,31.0,44.0,36.0,20.0,43.0,32.0,27.0,31.0,34.0,29.0,31.0,20.0,38.0,28.0,30.0,29.0,35.0,37.0,29.0,46.0
23.0,27.0,37.0,30.0,24.0,32.0,30.0,30.0,38.0,29.0,30.0,28.0,22.0,32.0,26.0,30.0,27.0,30.0,34.0,32.0,46.0,28.0,30.0,27.0,37.0,36.0,30.0,23.0,36.0,36.0,36.0,37.0,27.0,21.0,47.0,31.0,31.0,25.0,32.0,24.0,27.0,22.0,35.0,38.0,29.0,29.0,42.0,28.0,31.0,34.0
23.0,22.0,20.0,32.0,27.0,17.0,27.0,21.0,20.0,22.0,23.0,26.0,23.0,23.0,31.0,21.0,22.0,30.0,12.0,25.0,32.0,31.0,24.0,15.0,28.0,25.0,19.0,18.0,29.0,20.0,26.0,17.0,31.0,31.0,24.0,20.0,16.0,22.0,14.0,24.0,23.0,24.0,25.0,28.0,24.0,27.0,25.0,21.0,18.0,31.0
24.0,20.0,29.0,21.0,25.0,17.0,21.0,23.0,19.0,21.0,20.0,26.0,23.0,24.0,31.0,26.0,25.0,28.0,34.0,18.0,26.0,36.0,29.0,18.0,28.0,24.0,24.0,28.0,27.0,34.0,32.0,22.0,24.0,28.0,26.0,23.0,32.0,31.0,38.0,21.0,29.0,22.0,27.0,23.0,20.0,26.0,26.0,25.0,20.0,30.0
38.0,39.0,27.0,38.0,35.0,40.0,36.0,48.0,45.0,36.0,41.0,41.0,38.0,37.0,39.0,41.0,38.0,38.0,41.0,39.0,38.0,32.0,41.0,42.0,43.0,33.0,37.0,48.0,38.0,35.0,38.0,35.0,28.0,32.0,46.0,45.0,42.0,30.0,35.0,30.0,41.0,38.0,37.0,32.0,34.0,41.0,37.0,39.0,39.0,39.0
