10,50,1000
18.66858,19.785739,18.88645,18.504287,16.886461,18.926616,15.23763,19.934462,18.401294,19.42082
7.016655,5.076222,8.436106,6.136675,6.845097,6.85972,6.609088,9.277492,5.897874,7.075475
0.0,10.0,20.0,30.0,40.0,50.0,60.0,70.0,80.0,90.0
10.0,0.0,10.0,20.0,30.0,40.0,50.0,60.0,70.0,80.0
20.0,10.0,0.0,10.0,20.0,30.0,40.0,50.0,60.0,70.0
30.0,20.0,10.0,0.0,10.0,20.0,30.0,40.0,50.0,60.0
40.0,30.0,20.0,10.0,0.0,10.0,20.0,30.0,40.0,50.0
50.0,40.0,30.0,20.0,10.0,0.0,10.0,20.0,30.0,40.0
60.0,50.0,40.0,30.0,20.0,10.0,0.0,10.0,20.0,30.0
70.0,60.0,50.0,40.0,30.0,20.0,10.0,0.0,10.0,20.0
80.0,70.0,60.0,50.0,40.0,30.0,20.0,10.0,0.0,10.0
90.0,80.0,70.0,60.0,50.0,40.0,30.0,20.0,10.0,0.0
450.0,400.0,350.0,300.0,250.0,250.0,300.0,350.0,400.0,450.0
0.0,1.0,2.0,3.0,4.0,5.0,6.0,7.0,8.0,9.0
1.0,0.0,1.0,2.0,3.0,4.0,5.0,6.0,7.0,8.0
2.0,1.0,0.0,1.0,2.0,3.0,4.0,5.0,6.0,7.0
3.0,2.0,1.0,0.0,1.0,2.0,3.0,4.0,5.0,6.0
4.0,3.0,2.0,1.0,0.0,1.0,2.0,3.0,4.0,5.0
5.0,4.0,3.0,2.0,1.0,0.0,1.0,2.0,3.0,4.0
6.0,5.0,4.0,3.0,2.0,1.0,0.0,1.0,2.0,3.0
7.0,6.0,5.0,4.0,3.0,2.0,1.0,0.0,1.0,2.0
8.0,7.0,6.0,5.0,4.0,3.0,2.0,1.0,0.0,1.0
9.0,8.0,7.0,6.0,5.0,4.0,3.0,2.0,1.0,0.0
45.0,40.0,35.0,30.0,25.0,25.0,30.0,35.0,40.0,45.0
30.0,25.0,28.0,28.0,22.0,27.0,27.0,25.0,31.0,30.0,29.0,27.0,33.0,23.0,30.0,27.0,28.0,32.0,36.0,31.0,28.0,34.0,30.0,20.0,38.0,34.0,22.0,27.0,29.0,34.0,34.0,26.0,25.0,31.0,25.0,29.0,28.0,39.0,21.0,32.0,23.0,23.0,25.0,24.0,27.0,29.0,24.0,24.0,25.0,27.0
20.0,27.0,22.0,20.0,25.0,25.0,23.0,29.0,23.0,23.0,25.0,27.0,13.0,16.0,28.0,23.0,19.0,13.0,18.0,28.0,25.0,27.0,19.0,24.0,19.0,24.0,14.0,23.0,19.0,21.0,21.0,31.0,28.0,17.0,20.0,30.0,21.0,23.0,18.0,20.0,17.0,16.0,20.0,31.0,20.0,27.0,22.0,23.0,19.0,18.0
39.0,33.0,27.0,28.0,28.0,31.0,37.0,29.0,37.0,33.0,31.0,41.0,40.0,23.0,33.0,28.0,25.0,38.0,31.0,32.0,30.0,43.0,27.0,33.0,39.0,35.0,30.0,35.0,48.0,33.0,34.0,25.0,34.0,37.0,23.0,30.0,27.0,28.0,21.0,32.0,31.0,40.0,40.0,23.0,35.0,29.0,30.0,37.0,38.0,31.0
24.0,25.0,32.0,18.0,23.0,28.0,30.0,21.0,32.0,25.0,18.0,18.0,22.0,25.0,31.0,16.0,20.0,27.0,25.0,19.0,25.0,25.0,11.0,37.0,26.0,22.0,21.0,24.0,33.0,23.0,28.0,29.0,25.0,27.0,30.0,23.0,21.0,32.0,31.0,31.0,24.0,36.0,26.0,20.0,36.0,24.0,20.0,32.0,19.0,29.0
25.0,32.0,27.0,30.0,35.0,24.0,30.0,25.0,30.0,25.0,24.0,18.0,21.0,24.0,31.0,28.0,21.0,30.0,19.0,21.0,19.0,33.0,35.0,28.0,18.0,36.0,26.0,29.0,21.0,31.0,31.0,20.0,25.0,33.0,23.0,28.0,26.0,16.0,26.0,22.0,31.0,29.0,25.0,29.0,27.0,15.0,18.0,23.0,26.0,19.0
35.0,24.0,26.0,24.0,35.0,25.0,24.0,31.0,19.0,38.0,25.0,33.0,29.0,17.0,41.0,21.0,23.0,30.0,25.0,29.0,24.0,22.0,26.0,21.0,29.0,25.0,24.0,22.0,32.0,24.0,23.0,22.0,27.0,25.0,29.0,27.0,25.0,32.0,21.0,25.0,27.0,34.0,26.0,35.0,19.0,28.0,27.0,33.0,30.0,30.0
30.0,23.0,25.0,25.0,14.0,27.0,21.0,32.0,21.0,29.0,19.0,38.0,24.0,39.0,38.0,28.0,25.0,22.0,23.0,23.0,24.0,23.0,17.0,30.0,13.0,21.0,19.0,30.0,30.0,20.0,23.0,20.0,28.0,34.0,25.0,31.0,27.0,26.0,33.0,23.0,17.0,34.0,23.0,21.0,26.0,25.0,30.0,22.0,22.0,20.0
33.0,28.0,32.0,35.0,39.0,36.0,34.0,26.0,41.0,30.0,38.0,43.0,31.0,39.0,34.0,36.0,32.0,37.0,27.0,32.0,42.0,34.0,41.0,36.0,36.0,52.0,41.0,36.0,32.0,38.0,35.0,37.0,39.0,38.0,31.0,30.0,31.0,34.0,37.0,33.0,40.0,49.0,29.0,34.0,31.0,27.0,38.0,38.0,33.0,29.0
26.0,40.0,15.0,23.0,20.0,20.0,28.0,13.0,28.0,17.0,18.0,26.0,17.0,29.0,25.0,25.0,23.0,22.0,27.0,30.0,22.0,19.0,19.0,25.0,22.0,20.0,18.0,15.0,27.0,22.0,25.0,25.0,29.0,25.0,24.0,23.0,24.0,23.0,18.0,23.0,31.0,17.0,16.0,26.0,23.0,28.0,21.0,18.0,29.0,24.0
39.0,26.0,34.0,33.0,35.0,28.0,33.0,28.0,33.0,27.0,21.0,21.0,23.0,25.0,25.0,36.0,28.0,27.0,34.0,33.0,28.0,22.0,35.0,20.0,40.0,26.0,32.0,27.0,31.0,17.0,33.0,26.0,24.0,27.0,23.0,29.0,37.0,17.0,20.0,29.0,25.0,29.0,19.0,32.0,27.0,35.0,24.0,36.0,22.0,35.0
