10,50,1000
16.590805,15.929156,18.509038,17.955988,18.581704,16.349511,15.766162,19.71872,17.877106,16.151881
8.200853,7.95129,5.485955,8.60283,7.287809,7.719175,6.237136,6.396813,5.501948,8.947843
0.0,10.0,20.0,30.0,40.0,50.0,60.0,70.0,80.0,90.0
10.0,0.0,10.0,20.0,30.0,40.0,50.0,60.0,70.0,80.0
20.0,10.0,0.0,10.0,20.0,30.0,40.0,50.0,60.0,70.0
30.0,20.0,10.0,0.0,10.0,20.0,30.0,40.0,50.0,60.0
40.0,30.0,20.0,10.0,0.0,10.0,20.0,30.0,40.0,50.0
50.0,40.0,30.0,20.0,10.0,0.0,10.0,20.0,30.0,40.0
60.0,50.0,40.0,30.0,20.0,10.0,0.0,10.0,20.0,30.0
70.0,60.0,50.0,40.0,30.0,20.0,10.0,0.0,10.0,20.0
80.0,70.0,60.0,50.0,40.0,30.0,20.0,10.0,0.0,10.0
90.0,80.0,70.0,60.0,50.0,40.0,30.0,20.0,10.0,0.0
450.0,400.0,350.0,300.0,250.0,250.0,300.0,350.0,400.0,450.0
0.0,1.0,2.0,3.0,4.0,5.0,6.0,7.0,8.0,9.0
1.0,0.0,1.0,2.0,3.0,4.0,5.0,6.0,7.0,8.0
2.0,1.0,0.0,1.0,2.0,3.0,4.0,5.0,6.0,7.0
3.0,2.0,1.0,0.0,1.0,2.0,3.0,4.0,5.0,6.0
4.0,3.0,2.0,1.0,0.0,1.0,2.0,3.0,4.0,5.0
5.0,4.0,3.0,2.0,1.0,0.0,1.0,2.0,3.0,4.0
6.0,5.0,4.0,3.0,2.0,1.0,0.0,1.0,2.0,3.0
7.0,6.0,5.0,4.0,3.0,2.0,1.0,0.0,1.0,2.0
8.0,7.0,6.0,5.0,4.0,3.0,2.0,1.0,0.0,1.0
9.0,8.0,7.0,6.0,5.0,4.0,3.0,2.0,1.0,0.0
45.0,40.0,35.0,30.0,25.0,25.0,30.0,35.0,40.0,45.0
30.0,28.0,31.0,33.0,32.0,28.0,36.0,29.0,32.0,27.0,29.0,25.0,29.0,35.0,28.0,29.0,22.0,34.0,32.0,38.0,22.0,32.0,30.0,40.0,25.0,42.0,31.0,27.0,22.0,34.0,36.0,44.0,33.0,29.0,32.0,32.0,20.0,31.0,32.0,45.0,29.0,26.0,34.0,37.0,27.0,34.0,20.0,32.0,32.0,32.0
26.0,34.0,26.0,35.0,22.0,28.0,36.0,33.0,21.0,34.0,33.0,27.0,30.0,32.0,21.0,27.0,30.0,29.0,34.0,30.0,33.0,29.0,32.0,29.0,26.0,30.0,27.0,33.0,30.0,42.0,30.0,23.0,30.0,35.0,17.0,21.0,19.0,35.0,31.0,30.0,34.0,29.0,25.0,33.0,41.0,20.0,22.0,30.0,32.0,17.0
23.0,21.0,11.0,21.0,23.0,24.0,24.0,24.0,24.0,28.0,24.0,27.0,17.0,21.0,11.0,18.0,27.0,13.0,22.0,25.0,18.0,26.0,21.0,27.0,30.0,17.0,26.0,19.0,23.0,27.0,23.0,18.0,23.0,24.0,15.0,25.0,15.0,26.0,22.0,25.0,19.0,24.0,27.0,16.0,21.0,19.0,32.0,25.0,21.0,19.0
33.0,28.0,33.0,25.0,33.0,23.0,23.0,29.0,27.0,28.0,25.0,24.0,41.0,40.0,42.0,35.0,36.0,43.0,43.0,38.0,34.0,30.0,36.0,35.0,27.0,35.0,31.0,32.0,35.0,33.0,43.0,34.0,27.0,28.0,36.0,27.0,35.0,36.0,31.0,40.0,27.0,40.0,32.0,30.0,32.0,33.0,38.0,29.0,28.0,20.0
29.0,27.0,27.0,23.0,31.0,27.0,38.0,19.0,32.0,20.0,31.0,24.0,34.0,34.0,18.0,30.0,33.0,21.0,34.0,22.0,34.0,23.0,24.0,20.0,26.0,19.0,31.0,30.0,31.0,27.0,27.0,27.0,29.0,33.0,30.0,39.0,31.0,28.0,25.0,21.0,41.0,24.0,27.0,25.0,27.0,27.0,29.0,32.0,36.0,33.0
29.0,34.0,33.0,32.0,18.0,34.0,29.0,32.0,26.0,28.0,36.0,30.0,32.0,20.0,31.0,32.0,38.0,33.0,35.0,18.0,26.0,16.0,35.0,22.0,32.0,34.0,30.0,23.0,33.0,30.0,24.0,31.0,33.0,28.0,32.0,24.0,28.0,40.0,25.0,30.0,25.0,28.0,35.0,28.0,23.0,17.0,35.0,34.0,28.0,39.0
21.0,17.0,24.0,36.0,20.0,26.0,16.0,21.0,17.0,24.0,20.0,21.0,30.0,28.0,25.0,30.0,31.0,22.0,17.0,21.0,25.0,17.0,37.0,30.0,20.0,30.0,25.0,16.0,26.0,30.0,23.0,22.0,13.0,24.0,37.0,30.0,23.0,26.0,21.0,26.0,20.0,17.0,20.0,17.0,23.0,21.0,23.0,18.0,27.0,23.0
26.0,25.0,31.0,26.0,31.0,29.0,25.0,24.0,26.0,26.0,21.0,33.0,27.0,17.0,28.0,27.0,32.0,24.0,23.0,26.0,22.0,26.0,19.0,20.0,20.0,28.0,16.0,26.0,21.0,20.0,24.0,31.0,25.0,30.0,35.0,29.0,25.0,16.0,25.0,29.0,24.0,13.0,26.0,26.0,33.0,20.0,28.0,24.0,23.0,28.0
21.0,18.0,21.0,26.0,26.0,15.0,23.0,27.0,24.0,18.0,24.0,23.0,21.0,23.0,22.0,24.0,15.0,27.0,22.0,27.0,18.0,16.0,36.0,22.0,18.0,19.0,16.0,12.0,21.0,23.0,19.0,22.0,17.0,23.0,40.0,24.0,19.0,18.0,31.0,18.0,30.0,21.0,14.0,20.0,28.0,22.0,30.0,24.0,31.0,19.0
31.0,37.0,21.0,32.0,26.0,38.0,38.0,30.0,29.0,31.0,35.0,25.0,28.0,28.0,34.0,30.0,31.0,35.0,36.0,35.0,39.0,27.0,39.0,30.0,26.0,20.0,40.0,35.0,37.0,28.0,41.0,27.0,45.0,22.0,32.0,38.0,25.0,24.0,27.0,34.0,23.0,31.0,30.0,28.0,34.0,35.0,28.0,34.0,33.0,29.0
