10,50,1000
17.258795,15.084262,19.771596,17.158109,16.804909,15.059777,17.395688,16.380947,18.598157,17.422458
9.260014,7.218622,5.42153,9.827488,9.119004,8.004285,5.426221,6.570848,6.34464,5.018761
0.0,10.0,20.0,30.0,40.0,50.0,60.0,70.0,80.0,90.0
10.0,0.0,10.0,20.0,30.0,40.0,50.0,60.0,70.0,80.0
20.0,10.0,0.0,10.0,20.0,30.0,40.0,50.0,60.0,70.0
30.0,20.0,10.0,0.0,10.0,20.0,30.0,40.0,50.0,60.0
40.0,30.0,20.0,10.0,0.0,10.0,20.0,30.0,40.0,50.0
50.0,40.0,30.0,20.0,10.0,0.0,10.0,20.0,30.0,40.0
60.0,50.0,40.0,30.0,20.0,10.0,0.0,10.0,20.0,30.0
70.0,60.0,50.0,40.0,30.0,20.0,10.0,0.0,10.0,20.0
80.0,70.0,60.0,50.0,40.0,30.0,20.0,10.0,0.0,10.0
90.0,80.0,70.0,60.0,50.0,40.0,30.0,20.0,10.0,0.0
450.0,400.0,350.0,300.0,250.0,250.0,300.0,350.0,400.0,450.0
0.0,1.0,2.0,3.0,4.0,5.0,6.0,7.0,8.0,9.0
1.0,0.0,1.0,2.0,3.0,4.0,5.0,6.0,7.0,8.0
2.0,1.0,0.0,1.0,2.0,3.0,4.0,5.0,6.0,7.0
3.0,2.0,1.0,0.0,1.0,2.0,3.0,4.0,5.0,6.0
4.0,3.0,2.0,1.0,0.0,1.0,2.0,3.0,4.0,5.0
5.0,4.0,3.0,2.0,1.0,0.0,1.0,2.0,3.0,4.0
6.0,5.0,4.0,3.0,2.0,1.0,0.0,1.0,2.0,3.0
7.0,6.0,5.0,4.0,3.0,2.0,1.0,0.0,1.0,2.0
8.0,7.0,6.0,5.0,4.0,3.0,2.0,1.0,0.0,1.0
9.0,8.0,7.0,6.0,5.0,4.0,3.0,2.0,1.0,0.0
45.0,40.0,35.0,30.0,25.0,25.0,30.0,35.0,40.0,45.0
31.0,27.0,42.0,30.0,41.0,23.0,30.0,33.0,34.0,42.0,30.0,35.0,33.0,24.0,29.0,27.0,41.0,31.0,32.0,36.0,26.0,28.0,34.0,26.0,36.0,25.0,45.0,25.0,38.0,29.0,30.0,26.0,33.0,37.0,27.0,39.0,34.0,29.0,34.0,25.0,35.0,39.0,39.0,42.0,33.0,36.0,40.0,34.0,34.0,34.0
39.0,26.0,27.0,29.0,24.0,24.0,18.0,22.0,36.0,24.0,29.0,35.0,25.0,31.0,24.0,31.0,24.0,26.0,38.0,24.0,18.0,26.0,32.0,30.0,23.0,26.0,17.0,28.0,39.0,21.0,36.0,25.0,31.0,37.0,24.0,32.0,20.0,33.0,30.0,32.0,21.0,32.0,38.0,32.0,29.0,25.0,22.0,35.0,26.0,16.0
26.0,27.0,30.0,30.0,23.0,20.0,11.0,27.0,26.0,29.0,23.0,36.0,23.0,21.0,16.0,26.0,26.0,28.0,20.0,24.0,21.0,22.0,22.0,31.0,27.0,35.0,26.0,16.0,25.0,41.0,21.0,24.0,21.0,21.0,17.0,28.0,16.0,21.0,23.0,26.0,22.0,19.0,29.0,22.0,24.0,21.0,21.0,23.0,35.0,20.0
38.0,33.0,35.0,39.0,31.0,33.0,43.0,42.0,38.0,25.0,35.0,30.0,39.0,36.0,43.0,35.0,33.0,49.0,28.0,53.0,32.0,34.0,36.0,39.0,28.0,33.0,39.0,27.0,41.0,33.0,31.0,36.0,44.0,36.0,34.0,31.0,39.0,50.0,35.0,43.0,36.0,38.0,31.0,28.0,40.0,40.0,41.0,35.0,38.0,31.0
35.0,35.0,32.0,24.0,26.0,35.0,32.0,24.0,31.0,28.0,33.0,37.0,44.0,33.0,39.0,26.0,36.0,32.0,40.0,41.0,31.0,39.0,30.0,25.0,40.0,37.0,30.0,43.0,41.0,32.0,37.0,42.0,41.0,26.0,30.0,37.0,43.0,42.0,44.0,26.0,34.0,32.0,36.0,31.0,23.0,37.0,33.0,40.0,40.0,41.0
26.0,31.0,32.0,31.0,28.0,25.0,31.0,32.0,41.0,28.0,34.0,20.0,42.0,30.0,26.0,30.0,28.0,23.0,25.0,40.0,29.0,30.0,29.0,29.0,26.0,37.0,36.0,29.0,40.0,27.0,19.0,31.0,30.0,27.0,26.0,23.0,26.0,36.0,38.0,30.0,30.0,28.0,35.0,31.0,35.0,22.0,24.0,29.0,37.0,37.0
24.0,25.0,19.0,22.0,19.0,20.0,18.0,24.0,33.0,30.0,23.0,20.0,22.0,27.0,21.0,21.0,24.0,18.0,24.0,31.0,29.0,32.0,23.0,23.0,17.0,17.0,29.0,32.0,21.0,23.0,36.0,17.0,19.0,21.0,20.0,30.0,25.0,23.0,16.0,15.0,21.0,28.0,25.0,17.0,24.0,22.0,21.0,15.0,23.0,21.0
30.0,25.0,21.0,17.0,30.0,23.0,28.0,35.0,23.0,23.0,29.0,26.0,21.0,22.0,15.0,17.0,22.0,20.0,23.0,33.0,19.0,21.0,22.0,30.0,25.0,30.0,29.0,31.0,22.0,27.0,16.0,24.0,21.0,23.0,25.0,26.0,23.0,26.0,25.0,25.0,28.0,22.0,29.0,22.0,26.0,25.0,21.0,21.0,30.0,20.0
30.0,16.0,22.0,32.0,26.0,15.0,28.0,20.0,33.0,25.0,16.0,13.0,20.0,34.0,32.0,21.0,26.0,33.0,16.0,22.0,35.0,31.0,20.0,31.0,21.0,22.0,25.0,18.0,25.0,23.0,21.0,34.0,24.0,20.0,28.0,25.0,24.0,23.0,29.0,21.0,35.0,21.0,22.0,21.0,33.0,29.0,25.0,31.0,26.0,32.0
20.0,17.0,29.0,22.0,18.0,24.0,30.0,22.0,16.0,21.0,16.0,28.0,17.0,20.0,22.0,24.0,16.0,19.0,25.0,20.0,18.0,11.0,25.0,18.0,18.0,24.0,24.0,24.0,17.0,16.0,26.0,23.0,14.0,18.0,17.0,29.0,25.0,20.0,22.0,21.0,20.0,23.0,18.0,20.0,25.0,20.0,23.0,24.0,22.0,29.0
