10,50,1000
19.406877,19.853307,16.351432,16.16376,18.205322,19.487597,15.670543,18.26075,15.003136,15.326495
9.813537,8.726247,5.754458,6.396452,7.414766,6.197926,9.598109,9.302491,7.666455,8.509941
0.0,10.0,20.0,30.0,40.0,50.0,60.0,70.0,80.0,90.0
10.0,0.0,10.0,20.0,30.0,40.0,50.0,60.0,70.0,80.0
20.0,10.0,0.0,10.0,20.0,30.0,40.0,50.0,60.0,70.0
30.0,20.0,10.0,0.0,10.0,20.0,30.0,40.0,50.0,60.0
40.0,30.0,20.0,10.0,0.0,10.0,20.0,30.0,40.0,50.0
50.0,40.0,30.0,20.0,10.0,0.0,10.0,20.0,30.0,40.0
60.0,50.0,40.0,30.0,20.0,10.0,0.0,10.0,20.0,30.0
70.0,60.0,50.0,40.0,30.0,20.0,10.0,0.0,10.0,20.0
80.0,70.0,60.0,50.0,40.0,30.0,20.0,10.0,0.0,10.0
90.0,80.0,70.0,60.0,50.0,40.0,30.0,20.0,10.0,0.0
450.0,400.0,350.0,300.0,250.0,250.0,300.0,350.0,400.0,450.0
0.0,1.0,2.0,3.0,4.0,5.0,6.0,7.0,8.0,9.0
1.0,0.0,1.0,2.0,3.0,4.0,5.0,6.0,7.0,8.0
2.0,1.0,0.0,1.0,2.0,3.0,4.0,5.0,6.0,7.0
3.0,2.0,1.0,0.0,1.0,2.0,3.0,4.0,5.0,6.0
4.0,3.0,2.0,1.0,0.0,1.0,2.0,3.0,4.0,5.0
5.0,4.0,3.0,2.0,1.0,0.0,1.0,2.0,3.0,4.0
6.0,5.0,4.0,3.0,2.0,1.0,0.0,1.0,2.0,3.0
7.0,6.0,5.0,4.0,3.0,2.0,1.0,0.0,1.0,2.0
8.0,7.0,6.0,5.0,4.0,3.0,2.0,1.0,0.0,1.0
9.0,8.0,7.0,6.0,5.0,4.0,3.0,2.0,1.0,0.0
45.0,40.0,35.0,30.0,25.0,25.0,30.0,35.0,40.0,45.0
37.0,34.0,38.0,34.0,44.0,42.0,38.0,30.0,40.0,46.0,31.0,40.0,32.0,35.0,45.0,38.0,26.0,27.0,39.0,41.0,45.0,31.0,45.0,35.0,36.0,45.0,47.0,40.0,41.0,35.0,35.0,36.0,40.0,21.0,35.0,45.0,38.0,42.0,37.0,35.0,33.0,37.0,38.0,43.0,29.0,34.0,31.0,34.0,40.0,44.0
31.0,39.0,30.0,27.0,25.0,36.0,34.0,32.0,30.0,34.0,28.0,30.0,27.0,28.0,26.0,26.0,42.0,30.0,34.0,37.0,44.0,22.0,41.0,38.0,37.0,40.0,30.0,49.0,30.0,37.0,26.0,35.0,34.0,34.0,32.0,38.0,37.0,35.0,37.0,38.0,42.0,40.0,34.0,36.0,40.0,35.0,36.0,33.0,36.0,35.0
14.0,21.0,20.0,25.0,19.0,27.0,22.0,26.0,20.0,26.0,27.0,17.0,24.0,24.0,21.0,25.0,19.0,26.0,27.0,24.0,21.0,25.0,15.0,16.0,15.0,15.0,25.0,22.0,29.0,24.0,33.0,27.0,25.0,31.0,22.0,28.0,29.0,26.0,24.0,21.0,21.0,24.0,18.0,22.0,16.0,14.0,27.0,19.0,13.0,23.0
21.0,22.0,30.0,14.0,21.0,28.0,31.0,23.0,22.0,16.0,25.0,24.0,26.0,36.0,22.0,35.0,28.0,21.0,26.0,17.0,30.0,21.0,25.0,28.0,25.0,19.0,30.0,27.0,25.0,28.0,23.0,33.0,31.0,19.0,30.0,19.0,28.0,28.0,22.0,30.0,21.0,21.0,25.0,30.0,28.0,23.0,25.0,28.0,10.0,20.0
30.0,24.0,19.0,26.0,28.0,22.0,29.0,23.0,19.0,30.0,22.0,23.0,27.0,24.0,28.0,26.0,31.0,37.0,29.0,23.0,33.0,24.0,30.0,33.0,21.0,21.0,31.0,19.0,32.0,30.0,33.0,33.0,35.0,34.0,39.0,26.0,27.0,30.0,25.0,28.0,33.0,30.0,33.0,35.0,33.0,32.0,31.0,25.0,29.0,33.0
26.0,22.0,24.0,26.0,17.0,23.0,28.0,17.0,18.0,22.0,21.0,27.0,29.0,24.0,22.0,19.0,25.0,34.0,30.0,34.0,20.0,23.0,20.0,24.0,15.0,22.0,32.0,26.0,22.0,27.0,26.0,21.0,23.0,23.0,24.0,23.0,24.0,30.0,28.0,22.0,31.0,18.0,31.0,28.0,28.0,26.0,20.0,28.0,25.0,23.0
30.0,32.0,36.0,32.0,38.0,28.0,32.0,30.0,31.0,43.0,21.0,36.0,49.0,35.0,20.0,27.0,35.0,42.0,43.0,36.0,40.0,40.0,28.0,34.0,33.0,44.0,27.0,28.0,50.0,36.0,45.0,23.0,36.0,42.0,38.0,32.0,53.0,37.0,41.0,39.0,32.0,35.0,34.0,38.0,34.0,39.0,37.0,29.0,29.0,43.0
38.0,45.0,41.0,45.0,37.0,40.0,34.0,35.0,41.0,28.0,44.0,34.0,47.0,49.0,41.0,35.0,30.0,41.0,32.0,34.0,37.0,32.0,41.0,28.0,30.0,25.0,36.0,42.0,50.0,37.0,32.0,41.0,40.0,29.0,31.0,32.0,32.0,42.0,45.0,45.0,36.0,32.0,38.0,32.0,28.0,26.0,32.0,42.0,29.0,22.0
34.0,31.0,27.0,27.0,25.0,23.0,37.0,32.0,32.0,31.0,25.0,28.0,17.0,28.0,29.0,29.0,35.0,32.0,29.0,29.0,35.0,23.0,31.0,28.0,35.0,18.0,22.0,29.0,26.0,31.0,26.0,32.0,34.0,23.0,19.0,34.0,16.0,27.0,21.0,29.0,31.0,25.0,28.0,23.0,20.0,23.0,33.0,20.0,36.0,31.0
28.0,27.0,37.0,36.0,25.0,27.0,32.0,35.0,37.0,42.0,34.0,35.0,24.0,35.0,28.0,20.0,38.0,22.0,41.0,27.0,38.0,36.0,29.0,26.0,30.0,28.0,31.0,24.0,22.0,31.0,24.0,25.0,32.0,32.0,39.0,28.0,25.0,33.0,23.0,24.0,35.0,33.0,29.0,35.0,27.0,37.0,25.0,33.0,23.0,34.0
