10,50,1000
16.396265,18.197492,15.905139,18.844143,17.391807,15.359354,19.543408,17.642699,15.949237,16.540498
9.467612,8.954302,8.403217,6.135228,7.489587,9.768687,6.155685,5.887416,9.860406,5.308271
0.0,10.0,20.0,30.0,40.0,50.0,60.0,70.0,80.0,90.0
10.0,0.0,10.0,20.0,30.0,40.0,50.0,60.0,70.0,80.0
20.0,10.0,0.0,10.0,20.0,30.0,40.0,50.0,60.0,70.0
30.0,20.0,10.0,0.0,10.0,20.0,30.0,40.0,50.0,60.0
40.0,30.0,20.0,10.0,0.0,10.0,20.0,30.0,40.0,50.0
50.0,40.0,30.0,20.0,10.0,0.0,10.0,20.0,30.0,40.0
60.0,50.0,40.0,30.0,20.0,10.0,0.0,10.0,20.0,30.0
70.0,60.0,50.0,40.0,30.0,20.0,10.0,0.0,10.0,20.0
80.0,70.0,60.0,50.0,40.0,30.0,20.0,10.0,0.0,10.0
90.0,80.0,70.0,60.0,50.0,40.0,30.0,20.0,10.0,0.0
450.0,400.0,350.0,300.0,250.0,250.0,300.0,350.0,400.0,450.0
0.0,1.0,2.0,3.0,4.0,5.0,6.0,7.0,8.0,9.0
1.0,0.0,1.0,2.0,3.0,4.0,5.0,6.0,7.0,8.0
2.0,1.0,0.0,1.0,2.0,3.0,4.0,5.0,6.0,7.0
3.0,2.0,1.0,0.0,1.0,2.0,3.0,4.0,5.0,6.0
4.0,3.0,2.0,1.0,0.0,1.0,2.0,3.0,4.0,5.0
5.0,4.0,3.0,2.0,1.0,0.0,1.0,2.0,3.0,4.0
6.0,5.0,4.0,3.0,2.0,1.0,0.0,1.0,2.0,3.0
7.0,6.0,5.0,4.0,3.0,2.0,1.0,0.0,1.0,2.0
8.0,7.0,6.0,5.0,4.0,3.0,2.0,1.0,0.0,1.0
9.0,8.0,7.0,6.0,5.0,4.0,3.0,2.0,1.0,0.0
45.0,40.0,35.0,30.0,25.0,25.0,30.0,35.0,40.0,45.0
28.0,34.0,32.0,27.0,30.0,42.0,40.0,38.0,36.0,30.0,35.0,41.0,29.0,31.0,42.0,47.0,39.0,51.0,29.0,43.0,39.0,42.0,35.0,39.0,39.0,33.0,39.0,34.0,28.0,30.0,31.0,30.0,36.0,32.0,41.0,28.0,45.0,30.0,31.0,33.0,28.0,28.0,39.0,31.0,31.0,33.0,39.0,22.0,36.0,38.0
30.0,33.0,31.0,41.0,32.0,28.0,35.0,44.0,34.0,26.0,19.0,32.0,18.0,28.0,37.0,29.0,43.0,41.0,29.0,40.0,30.0,36.0,34.0,32.0,35.0,32.0,23.0,33.0,30.0,31.0,25.0,26.0,32.0,31.0,30.0,28.0,25.0,20.0,26.0,36.0,38.0,24.0,31.0,38.0,33.0,44.0,33.0,41.0,32.0,30.0
30.0,24.0,28.0,32.0,25.0,31.0,25.0,33.0,24.0,32.0,34.0,38.0,36.0,30.0,24.0,34.0,27.0,29.0,27.0,35.0,35.0,34.0,36.0,40.0,22.0,32.0,33.0,28.0,41.0,29.0,29.0,31.0,23.0,31.0,26.0,27.0,29.0,26.0,30.0,25.0,39.0,32.0,19.0,27.0,28.0,41.0,32.0,34.0,36.0,31.0
19.0,25.0,28.0,20.0,30.0,32.0,23.0,36.0,19.0,26.0,21.0,30.0,25.0,23.0,25.0,25.0,25.0,33.0,18.0,25.0,25.0,25.0,24.0,34.0,24.0,27.0,26.0,30.0,22.0,24.0,31.0,28.0,22.0,32.0,24.0,23.0,21.0,20.0,22.0,23.0,24.0,24.0,26.0,24.0,26.0,28.0,28.0,26.0,26.0,23.0
29.0,23.0,24.0,27.0,30.0,28.0,35.0,46.0,34.0,23.0,32.0,27.0,39.0,33.0,27.0,29.0,16.0,39.0,31.0,30.0,34.0,32.0,34.0,29.0,26.0,19.0,27.0,25.0,31.0,17.0,25.0,27.0,34.0,40.0,31.0,32.0,33.0,26.0,30.0,28.0,22.0,24.0,24.0,30.0,21.0,30.0,32.0,29.0,24.0,31.0
30.0,35.0,36.0,38.0,31.0,34.0,35.0,41.0,37.0,34.0,23.0,29.0,50.0,36.0,39.0,30.0,37.0,32.0,37.0,30.0,30.0,35.0,27.0,38.0,34.0,25.0,34.0,36.0,43.0,36.0,37.0,34.0,35.0,25.0,41.0,38.0,31.0,20.0,26.0,27.0,33.0,42.0,37.0,34.0,27.0,38.0,36.0,34.0,31.0,36.0
24.0,23.0,17.0,21.0,23.0,25.0,25.0,24.0,22.0,23.0,38.0,29.0,26.0,28.0,24.0,26.0,21.0,24.0,20.0,24.0,26.0,23.0,28.0,26.0,17.0,27.0,17.0,28.0,22.0,28.0,22.0,26.0,26.0,40.0,23.0,31.0,24.0,20.0,29.0,21.0,26.0,24.0,29.0,32.0,28.0,27.0,20.0,26.0,31.0,24.0
18.0,23.0,16.0,16.0,26.0,28.0,24.0,17.0,28.0,23.0,23.0,27.0,18.0,25.0,20.0,26.0,27.0,22.0,23.0,23.0,16.0,23.0,28.0,21.0,23.0,32.0,23.0,21.0,33.0,19.0,26.0,25.0,24.0,26.0,28.0,21.0,20.0,17.0,25.0,22.0,23.0,25.0,18.0,28.0,22.0,29.0,21.0,29.0,29.0,32.0
20.0,30.0,38.0,37.0,24.0,31.0,35.0,33.0,28.0,42.0,33.0,36.0,34.0,42.0,26.0,43.0,42.0,37.0,39.0,25.0,33.0,35.0,34.0,32.0,55.0,33.0,35.0,32.0,44.0,35.0,34.0,31.0,35.0,39.0,45.0,39.0,45.0,50.0,31.0,37.0,35.0,33.0,41.0,37.0,36.0,34.0,37.0,33.0,30.0,28.0
25.0,15.0,15.0,23.0,18.0,29.0,24.0,30.0,22.0,23.0,22.0,22.0,26.0,17.0,23.0,17.0,31.0,22.0,22.0,22.0,25.0,25.0,15.0,23.0,23.0,29.0,18.0,22.0,23.0,29.0,19.0,17.0,17.0,25.0,19.0,17.0,25.0,12.0,21.0,17.0,26.0,19.0,18.0,24.0,22.0,25.0,17.0,28.0,24.0,24.0
