10,50,1000
15.492909,18.743874,17.894111,17.00924,19.594886,15.912102,17.693314,15.212816,18.094767,19.956078
6.750667,8.644391,9.639718,7.057658,9.306787,9.048549,6.223182,6.199018,7.946928,7.360416
0.0,10.0,20.0,30.0,40.0,50.0,60.0,70.0,80.0,90.0
10.0,0.0,10.0,20.0,30.0,40.0,50.0,60.0,70.0,80.0
20.0,10.0,0.0,10.0,20.0,30.0,40.0,50.0,60.0,70.0
30.0,20.0,10.0,0.0,10.0,20.0,30.0,40.0,50.0,60.0
40.0,30.0,20.0,10.0,0.0,10.0,20.0,30.0,40.0,50.0
50.0,40.0,30.0,20.0,10.0,0.0,10.0,20.0,30.0,40.0
60.0,50.0,40.0,30.0,20.0,10.0,0.0,10.0,20.0,30.0
70.0,60.0,50.0,40.0,30.0,20.0,10.0,0.0,10.0,20.0
80.0,70.0,60.0,50.0,40.0,30.0,20.0,10.0,0.0,10.0
90.0,80.0,70.0,60.0,50.0,40.0,30.0,20.0,10.0,0.0
450.0,400.0,350.0,300.0,250.0,250.0,300.0,350.0,400.0,450.0
0.0,1.0,2.0,3.0,4.0,5.0,6.0,7.0,8.0,9.0
1.0,0.0,1.0,2.0,3.0,4.0,5.0,6.0,7.0,8.0
2.0,1.0,0.0,1.0,2.0,3.0,4.0,5.0,6.0,7.0
3.0,2.0,1.0,0.0,1.0,2.0,3.0,4.0,5.0,6.0
4.0,3.0,2.0,1.0,0.0,1.0,2.0,3.0,4.0,5.0
5.0,4.0,3.0,2.0,1.0,0.0,1.0,2.0,3.0,4.0
6.0,5.0,4.0,3.0,2.0,1.0,0.0,1.0,2.0,3.0
7.0,6.0,5.0,4.0,3.0,2.0,1.0,0.0,1.0,2.0
8.0,7.0,6.0,5.0,4.0,3.0,2.0,1.0,0.0,1.0
9.0,8.0,7.0,6.0,5.0,4.0,3.0,2.0,1.0,0.0
45.0,40.0,35.0,30.0,25.0,25.0,30.0,35.0,40.0,45.0
18.0,22.0,28.0,23.0,31.0,28.0,25.0,26.0,29.0,24.0,29.0,30.0,25.0,26.0,21.0,23.0,33.0,20.0,20.0,23.0,33.0,30.0,29.0,23.0,20.0,20.0,32.0,22.0,32.0,28.0,26.0,31.0,23.0,21.0,26.0,31.0,31.0,30.0,34.0,27.0,27.0,18.0,20.0,19.0,32.0,28.0,25.0,35.0,24.0,19.0
22.0,32.0,34.0,36.0,28.0,39.0,35.0,29.0,21.0,33.0,43.0,33.0,31.0,34.0,29.0,34.0,36.0,39.0,44.0,35.0,31.0,30.0,44.0,35.0,22.0,31.0,40.0,29.0,39.0,26.0,27.0,23.0,33.0,35.0,30.0,40.0,26.0,33.0,32.0,38.0,32.0,26.0,39.0,37.0,42.0,34.0,36.0,26.0,27.0,32.0
40.0,37.0,33.0,42.0,33.0,62.0,39.0,37.0,40.0,36.0,32.0,35.0,31.0,33.0,47.0,26.0,25.0,45.0,37.0,37.0,31.0,31.0,27.0,33.0,31.0,32.0,28.0,34.0,24.0,41.0,42.0,37.0,24.0,37.0,36.0,35.0,44.0,30.0,39.0,39.0,41.0,35.0,45.0,30.0,41.0,39.0,42.0,51.0,46.0,35.0
30.0,23.0,21.0,32.0,16.0,23.0,35.0,37.0,24.0,33.0,26.0,26.0,28.0,29.0,26.0,30.0,20.0,17.0,26.0,31.0,23.0,24.0,31.0,21.0,21.0,21.0,24.0,28.0,29.0,40.0,44.0,34.0,24.0,36.0,23.0,25.0,27.0,43.0,27.0,38.0,30.0,25.0,27.0,26.0,29.0,35.0,29.0,34.0,24.0,41.0
27.0,37.0,30.0,26.0,28.0,25.0,51.0,37.0,20.0,35.0,35.0,24.0,39.0,34.0,35.0,31.0,30.0,36.0,31.0,32.0,35.0,41.0,31.0,35.0,35.0,30.0,33.0,30.0,46.0,35.0,33.0,35.0,39.0,40.0,33.0,23.0,39.0,23.0,43.0,28.0,38.0,40.0,32.0,42.0,40.0,20.0,31.0,26.0,39.0,38.0
35.0,31.0,39.0,41.0,26.0,38.0,32.0,41.0,32.0,36.0,44.0,30.0,30.0,39.0,39.0,32.0,26.0,35.0,45.0,24.0,42.0,43.0,40.0,34.0,31.0,38.0,31.0,38.0,38.0,33.0,43.0,40.0,28.0,36.0,27.0,34.0,37.0,42.0,36.0,28.0,34.0,48.0,38.0,44.0,30.0,38.0,47.0,29.0,31.0,40.0
20.0,20.0,27.0,24.0,22.0,25.0,27.0,19.0,15.0,21.0,23.0,22.0,20.0,15.0,21.0,22.0,27.0,33.0,27.0,26.0,24.0,38.0,34.0,28.0,27.0,28.0,30.0,33.0,25.0,25.0,26.0,30.0,26.0,25.0,31.0,23.0,22.0,22.0,29.0,22.0,30.0,24.0,20.0,17.0,29.0,26.0,23.0,18.0,28.0,16.0
16.0,27.0,23.0,20.0,28.0,21.0,28.0,28.0,24.0,26.0,31.0,24.0,33.0,22.0,29.0,28.0,29.0,21.0,25.0,21.0,18.0,22.0,27.0,28.0,21.0,29.0,36.0,21.0,29.0,19.0,24.0,26.0,23.0,17.0,24.0,27.0,22.0,18.0,20.0,23.0,24.0,31.0,28.0,25.0,29.0,15.0,25.0,28.0,22.0,18.0
34.0,25.0,36.0,23.0,30.0,27.0,18.0,35.0,33.0,25.0,34.0,28.0,19.0,24.0,29.0,37.0,28.0,26.0,23.0,28.0,24.0,29.0,30.0,32.0,25.0,25.0,23.0,27.0,21.0,28.0,32.0,31.0,26.0,30.0,39.0,26.0,33.0,32.0,37.0,22.0,26.0,38.0,34.0,26.0,31.0,22.0,36.0,26.0,26.0,23.0
34.0,22.0,33.0,27.0,30.0,25.0,41.0,36.0,25.0,27.0,26.0,22.0,25.0,31.0,26.0,29.0,27.0,33.0,25.0,29.0,31.0,24.0,25.0,34.0,32.0,29.0,32.0,22.0,37.0,41.0,27.0,30.0,27.0,30.0,31.0,29.0,21.0,28.0,33.0,34.0,26.0,27.0,41.0,28.0,36.0,23.0,27.0,27.0,28.0,42.0
