10,50,1000
17.569968,15.677274,17.022984,16.709921,15.670566,16.028736,19.22874,17.483163,16.881506,15.758932
6.331979,7.175949,9.540287,9.329778,9.467404,6.747434,9.473985,5.148149,6.755138,5.467622
0.0,10.0,20.0,30.0,40.0,50.0,60.0,70.0,80.0,90.0
10.0,0.0,10.0,20.0,30.0,40.0,50.0,60.0,70.0,80.0
20.0,10.0,0.0,10.0,20.0,30.0,40.0,50.0,60.0,70.0
30.0,20.0,10.0,0.0,10.0,20.0,30.0,40.0,50.0,60.0
40.0,30.0,20.0,10.0,0.0,10.0,20.0,30.0,40.0,50.0
50.0,40.0,30.0,20.0,10.0,0.0,10.0,20.0,30.0,40.0
60.0,50.0,40.0,30.0,20.0,10.0,0.0,10.0,20.0,30.0
70.0,60.0,50.0,40.0,30.0,20.0,10.0,0.0,10.0,20.0
80.0,70.0,60.0,50.0,40.0,30.0,20.0,10.0,0.0,10.0
90.0,80.0,70.0,60.0,50.0,40.0,30.0,20.0,10.0,0.0
450.0,400.0,350.0,300.0,250.0,250.0,300.0,350.0,400.0,450.0
0.0,1.0,2.0,3.0,4.0,5.0,6.0,7.0,8.0,9.0
1.0,0.0,1.0,2.0,3.0,4.0,5.0,6.0,7.0,8.0
2.0,1.0,0.0,1.0,2.0,3.0,4.0,5.0,6.0,7.0
3.0,2.0,1.0,0.0,1.0,2.0,3.0,4.0,5.0,6.0
4.0,3.0,2.0,1.0,0.0,1.0,2.0,3.0,4.0,5.0
5.0,4.0,3.0,2.0,1.0,0.0,1.0,2.0,3.0,4.0
6.0,5.0,4.0,3.0,2.0,1.0,0.0,1.0,2.0,3.0
7.0,6.0,5.0,4.0,3.0,2.0,1.0,0.0,1.0,2.0
8.0,7.0,6.0,5.0,4.0,3.0,2.0,1.0,0.0,1.0
9.0,8.0,7.0,6.0,5.0,4.0,3.0,2.0,1.0,0.0
45.0,40.0,35.0,30.0,25.0,25.0,30.0,35.0,40.0,45.0
28.0,29.0,37.0,27.0,24.0,32.0,25.0,18.0,27.0,32.0,24.0,30.0,23.0,28.0,27.0,22.0,23.0,13.0,29.0,31.0,25.0,16.0,33.0,23.0,28.0,29.0,22.0,27.0,17.0,27.0,26.0,23.0,36.0,26.0,28.0,29.0,23.0,21.0,23.0,12.0,32.0,24.0,28.0,32.0,16.0,24.0,27.0,28.0,25.0,16.0
28.0,26.0,25.0,20.0,28.0,38.0,37.0,27.0,30.0,27.0,39.0,27.0,25.0,31.0,23.0,31.0,26.0,19.0,32.0,23.0,26.0,30.0,30.0,34.0,24.0,30.0,31.0,25.0,24.0,26.0,31.0,33.0,15.0,26.0,28.0,24.0,26.0,22.0,22.0,29.0,28.0,18.0,30.0,27.0,16.0,23.0,29.0,20.0,21.0,36.0
35.0,39.0,50.0,37.0,23.0,41.0,32.0,34.0,26.0,28.0,44.0,23.0,40.0,20.0,33.0,34.0,31.0,34.0,39.0,32.0,27.0,32.0,36.0,39.0,45.0,32.0,30.0,40.0,31.0,34.0,34.0,35.0,41.0,42.0,33.0,41.0,33.0,34.0,39.0,39.0,31.0,34.0,41.0,34.0,37.0,35.0,41.0,46.0,36.0,39.0
36.0,38.0,48.0,34.0,47.0,34.0,30.0,17.0,22.0,30.0,24.0,21.0,28.0,29.0,32.0,39.0,37.0,42.0,40.0,39.0,27.0,29.0,34.0,33.0,38.0,42.0,39.0,27.0,37.0,35.0,25.0,29.0,20.0,40.0,33.0,44.0,33.0,34.0,30.0,27.0,37.0,31.0,33.0,40.0,34.0,43.0,41.0,37.0,43.0,38.0
38.0,39.0,43.0,34.0,35.0,39.0,26.0,40.0,42.0,26.0,35.0,40.0,36.0,30.0,38.0,28.0,25.0,38.0,38.0,26.0,47.0,39.0,35.0,25.0,35.0,43.0,42.0,29.0,28.0,36.0,41.0,33.0,33.0,43.0,36.0,35.0,40.0,31.0,35.0,40.0,33.0,30.0,29.0,33.0,40.0,40.0,39.0,28.0,44.0,33.0
21.0,32.0,26.0,23.0,15.0,27.0,22.0,27.0,20.0,22.0,25.0,19.0,29.0,27.0,28.0,17.0,25.0,34.0,25.0,25.0,26.0,23.0,26.0,21.0,22.0,32.0,26.0,34.0,24.0,31.0,33.0,31.0,18.0,27.0,34.0,21.0,19.0,25.0,24.0,26.0,26.0,26.0,22.0,47.0,25.0,28.0,26.0,18.0,33.0,33.0
36.0,45.0,26.0,37.0,37.0,35.0,30.0,43.0,31.0,33.0,36.0,28.0,34.0,32.0,41.0,32.0,34.0,37.0,21.0,29.0,38.0,48.0,35.0,38.0,33.0,38.0,36.0,33.0,27.0,36.0,28.0,47.0,29.0,47.0,40.0,37.0,35.0,41.0,31.0,29.0,39.0,38.0,45.0,31.0,34.0,41.0,29.0,35.0,36.0,43.0
16.0,24.0,19.0,20.0,24.0,21.0,19.0,18.0,32.0,19.0,17.0,20.0,17.0,21.0,14.0,18.0,18.0,37.0,23.0,16.0,21.0,25.0,24.0,21.0,24.0,22.0,22.0,29.0,21.0,18.0,20.0,20.0,23.0,25.0,24.0,15.0,20.0,19.0,21.0,17.0,17.0,24.0,26.0,20.0,16.0,24.0,11.0,27.0,15.0,25.0
31.0,30.0,26.0,28.0,31.0,31.0,24.0,29.0,34.0,22.0,25.0,18.0,23.0,22.0,21.0,25.0,24.0,17.0,26.0,29.0,30.0,23.0,33.0,23.0,23.0,24.0,30.0,21.0,36.0,25.0,15.0,34.0,17.0,20.0,27.0,28.0,29.0,38.0,32.0,27.0,35.0,32.0,24.0,24.0,27.0,22.0,32.0,27.0,25.0,24.0
21.0,21.0,16.0,19.0,23.0,23.0,28.0,26.0,18.0,19.0,21.0,15.0,16.0,19.0,14.0,31.0,15.0,22.0,24.0,30.0,26.0,14.0,26.0,25.0,18.0,24.0,16.0,24.0,15.0,20.0,24.0,21.0,19.0,17.0,25.0,33.0,16.0,23.0,30.0,30.0,29.0,20.0,17.0,13.0,20.0,21.0,30.0,22.0,19.0,19.0
