10,50,1000
16.168454,19.242202,18.649478,19.063726,17.924128,15.30869,19.981183,15.350183,17.522301,16.246039
9.447963,6.037962,7.584944,9.05032,8.674055,8.813199,5.556454,6.556015,6.223708,8.682243
0.0,10.0,20.0,30.0,40.0,50.0,60.0,70.0,80.0,90.0
10.0,0.0,10.0,20.0,30.0,40.0,50.0,60.0,70.0,80.0
20.0,10.0,0.0,10.0,20.0,30.0,40.0,50.0,60.0,70.0
30.0,20.0,10.0,0.0,10.0,20.0,30.0,40.0,50.0,60.0
40.0,30.0,20.0,10.0,0.0,10.0,20.0,30.0,40.0,50.0
50.0,40.0,30.0,20.0,10.0,0.0,10.0,20.0,30.0,40.0
60.0,50.0,40.0,30.0,20.0,10.0,0.0,10.0,20.0,30.0
70.0,60.0,50.0,40.0,30.0,20.0,10.0,0.0,10.0,20.0
80.0,70.0,60.0,50.0,40.0,30.0,20.0,10.0,0.0,10.0
90.0,80.0,70.0,60.0,50.0,40.0,30.0,20.0,10.0,0.0
450.0,400.0,350.0,300.0,250.0,250.0,300.0,350.0,400.0,450.0
0.0,1.0,2.0,3.0,4.0,5.0,6.0,7.0,8.0,9.0
1.0,0.0,1.0,2.0,3.0,4.0,5.0,6.0,7.0,8.0
2.0,1.0,0.0,1.0,2.0,3.0,4.0,5.0,6.0,7.0
3.0,2.0,1.0,0.0,1.0,2.0,3.0,4.0,5.0,6.0
4.0,3.0,2.0,1.0,0.0,1.0,2.0,3.0,4.0,5.0
5.0,4.0,3.0,2.0,1.0,0.0,1.0,2.0,3.0,4.0
6.0,5.0,4.0,3.0,2.0,1.0,0.0,1.0,2.0,3.0
7.0,6.0,5.0,4.0,3.0,2.0,1.0,0.0,1.0,2.0
8.0,7.0,6.0,5.0,4.0,3.0,2.0,1.0,0.0,1.0
9.0,8.0,7.0,6.0,5.0,4.0,3.0,2.0,1.0,0.0
45.0,40.0,35.0,30.0,25.0,25.0,30.0,35.0,40.0,45.0
29.0,35.0,33.0,39.0,43.0,36.0,36.0,38.0,37.0,34.0,39.0,36.0,39.0,42.0,37.0,36.0,34.0,36.0,29.0,30.0,47.0,39.0,29.0,23.0,37.0,20.0,30.0,36.0,27.0,25.0,27.0,40.0,36.0,25.0,31.0,36.0,34.0,42.0,30.0,35.0,31.0,31.0,36.0,47.0,23.0,34.0,42.0,30.0,38.0,33.0
31.0,27.0,23.0,26.0,23.0,28.0,31.0,23.0,28.0,30.0,18.0,24.0,24.0,22.0,25.0,28.0,14.0,24.0,19.0,25.0,30.0,32.0,24.0,20.0,31.0,22.0,36.0,27.0,30.0,35.0,15.0,24.0,23.0,20.0,26.0,23.0,17.0,32.0,26.0,23.0,20.0,25.0,20.0,16.0,23.0,26.0,21.0,25.0,26.0,14.0
36.0,35.0,24.0,39.0,34.0,18.0,32.0,26.0,29.0,34.0,27.0,36.0,25.0,27.0,19.0,32.0,27.0,22.0,30.0,29.0,20.0,29.0,22.0,27.0,31.0,30.0,24.0,17.0,27.0,34.0,23.0,17.0,31.0,26.0,25.0,25.0,24.0,33.0,27.0,31.0,31.0,31.0,21.0,28.0,33.0,24.0,37.0,22.0,33.0,35.0
36.0,37.0,31.0,34.0,33.0,39.0,40.0,30.0,29.0,30.0,34.0,38.0,36.0,35.0,33.0,28.0,29.0,37.0,40.0,34.0,31.0,39.0,40.0,33.0,28.0,28.0,29.0,27.0,36.0,31.0,33.0,44.0,39.0,32.0,41.0,27.0,35.0,32.0,42.0,35.0,34.0,34.0,25.0,34.0,42.0,34.0,30.0,28.0,35.0,31.0
41.0,27.0,24.0,44.0,32.0,38.0,30.0,40.0,44.0,30.0,22.0,29.0,37.0,27.0,26.0,37.0,31.0,29.0,30.0,21.0,31.0,26.0,28.0,29.0,29.0,39.0,32.0,35.0,30.0,38.0,35.0,31.0,29.0,30.0,39.0,24.0,31.0,30.0,29.0,31.0,26.0,33.0,38.0,37.0,41.0,38.0,28.0,26.0,30.0,27.0
26.0,32.0,29.0,36.0,31.0,27.0,26.0,26.0,35.0,33.0,45.0,25.0,29.0,29.0,23.0,26.0,27.0,19.0,39.0,26.0,34.0,31.0,31.0,28.0,29.0,22.0,29.0,38.0,27.0,36.0,25.0,35.0,25.0,30.0,39.0,38.0,28.0,34.0,32.0,26.0,24.0,25.0,29.0,32.0,34.0,30.0,31.0,32.0,36.0,32.0
16.0,22.0,26.0,21.0,24.0,24.0,23.0,20.0,31.0,20.0,23.0,23.0,21.0,18.0,26.0,25.0,26.0,27.0,16.0,25.0,23.0,26.0,33.0,23.0,23.0,21.0,18.0,20.0,33.0,31.0,25.0,19.0,29.0,15.0,31.0,24.0,14.0,32.0,23.0,22.0,24.0,25.0,20.0,22.0,24.0,31.0,25.0,15.0,19.0,23.0
18.0,34.0,22.0,28.0,24.0,25.0,31.0,24.0,32.0,16.0,25.0,20.0,25.0,17.0,23.0,19.0,25.0,26.0,29.0,30.0,25.0,25.0,39.0,21.0,26.0,28.0,27.0,17.0,19.0,28.0,25.0,25.0,23.0,28.0,23.0,40.0,28.0,23.0,22.0,16.0,27.0,21.0,34.0,27.0,23.0,31.0,24.0,26.0,20.0,28.0
25.0,16.0,23.0,24.0,25.0,25.0,24.0,30.0,20.0,19.0,30.0,22.0,28.0,29.0,23.0,30.0,24.0,19.0,28.0,18.0,34.0,17.0,36.0,27.0,32.0,26.0,26.0,25.0,23.0,23.0,37.0,24.0,19.0,22.0,18.0,30.0,21.0,25.0,29.0,19.0,23.0,21.0,21.0,22.0,23.0,17.0,24.0,26.0,24.0,23.0
47.0,24.0,39.0,24.0,32.0,38.0,39.0,29.0,35.0,30.0,31.0,30.0,33.0,32.0,27.0,34.0,27.0,26.0,35.0,38.0,27.0,25.0,32.0,35.0,41.0,23.0,38.0,40.0,30.0,37.0,21.0,32.0,37.0,47.0,26.0,31.0,39.0,35.0,41.0,29.0,32.0,26.0,30.0,41.0,42.0,29.0,30.0,27.0,29.0,35.0
