10,50,1000
15.914401,19.6197,16.152907,15.044768,19.018825,18.69576,16.306503,17.725192,16.041567,18.890578
8.827143,8.93677,5.46685,7.754865,6.408641,9.617213,5.700202,9.657931,5.209372,7.531845
0.0,10.0,20.0,30.0,40.0,50.0,60.0,70.0,80.0,90.0
10.0,0.0,10.0,20.0,30.0,40.0,50.0,60.0,70.0,80.0
20.0,10.0,0.0,10.0,20.0,30.0,40.0,50.0,60.0,70.0
30.0,20.0,10.0,0.0,10.0,20.0,30.0,40.0,50.0,60.0
40.0,30.0,20.0,10.0,0.0,10.0,20.0,30.0,40.0,50.0
50.0,40.0,30.0,20.0,10.0,0.0,10.0,20.0,30.0,40.0
60.0,50.0,40.0,30.0,20.0,10.0,0.0,10.0,20.0,30.0
70.0,60.0,50.0,40.0,30.0,20.0,10.0,0.0,10.0,20.0
80.0,70.0,60.0,50.0,40.0,30.0,20.0,10.0,0.0,10.0
90.0,80.0,70.0,60.0,50.0,40.0,30.0,20.0,10.0,0.0
450.0,400.0,350.0,300.0,250.0,250.0,300.0,350.0,400.0,450.0
0.0,1.0,2.0,3.0,4.0,5.0,6.0,7.0,8.0,9.0
1.0,0.0,1.0,2.0,3.0,4.0,5.0,6.0,7.0,8.0
2.0,1.0,0.0,1.0,2.0,3.0,4.0,5.0,6.0,7.0
3.0,2.0,1.0,0.0,1.0,2.0,3.0,4.0,5.0,6.0
4.0,3.0,2.0,1.0,0.0,1.0,2.0,3.0,4.0,5.0
5.0,4.0,3.0,2.0,1.0,0.0,1.0,2.0,3.0,4.0
6.0,5.0,4.0,3.0,2.0,1.0,0.0,1.0,2.0,3.0
7.0,6.0,5.0,4.0,3.0,2.0,1.0,0.0,1.0,2.0
8.0,7.0,6.0,5.0,4.0,3.0,2.0,1.0,0.0,1.0
9.0,8.0,7.0,6.0,5.0,4.0,3.0,2.0,1.0,0.0
45.0,40.0,35.0,30.0,25.0,25.0,30.0,35.0,40.0,45.0
34.0,32.0,35.0,25.0,20.0,40.0,37.0,30.0,32.0,32.0,29.0,30.0,38.0,24.0,28.0,31.0,35.0,31.0,36.0,35.0,28.0,24.0,29.0,45.0,41.0,23.0,29.0,34.0,28.0,33.0,37.0,33.0,25.0,31.0,35.0,21.0,44.0,29.0,34.0,32.0,35.0,32.0,29.0,33.0,39.0,37.0,41.0,34.0,35.0,33.0
35.0,34.0,28.0,35.0,32.0,34.0,32.0,39.0,29.0,40.0,23.0,30.0,37.0,26.0,36.0,41.0,23.0,32.0,34.0,44.0,41.0,34.0,35.0,45.0,39.0,41.0,29.0,42.0,40.0,35.0,28.0,38.0,24.0,28.0,35.0,51.0,33.0,30.0,50.0,32.0,23.0,32.0,33.0,36.0,30.0,29.0,38.0,23.0,36.0,33.0
19.0,17.0,21.0,22.0,25.0,20.0,31.0,28.0,20.0,20.0,21.0,23.0,21.0,15.0,13.0,18.0,21.0,28.0,22.0,17.0,33.0,26.0,23.0,22.0,15.0,21.0,19.0,20.0,12.0,28.0,23.0,21.0,20.0,22.0,25.0,21.0,24.0,17.0,25.0,27.0,24.0,22.0,23.0,25.0,25.0,23.0,28.0,25.0,22.0,26.0
34.0,30.0,24.0,26.0,29.0,24.0,27.0,29.0,35.0,40.0,29.0,29.0,29.0,20.0,26.0,27.0,30.0,35.0,27.0,23.0,31.0,34.0,31.0,25.0,38.0,22.0,38.0,30.0,26.0,26.0,26.0,26.0,27.0,30.0,33.0,34.0,30.0,37.0,22.0,32.0,27.0,26.0,30.0,25.0,32.0,25.0,24.0,27.0,24.0,26.0
34.0,33.0,25.0,35.0,32.0,16.0,32.0,30.0,26.0,23.0,23.0,26.0,30.0,21.0,30.0,19.0,24.0,30.0,32.0,32.0,21.0,36.0,32.0,34.0,27.0,12.0,23.0,25.0,29.0,25.0,37.0,25.0,24.0,19.0,22.0,29.0,28.0,20.0,28.0,19.0,32.0,27.0,27.0,27.0,21.0,24.0,36.0,34.0,17.0,23.0
30.0,27.0,39.0,40.0,31.0,38.0,39.0,26.0,28.0,47.0,28.0,32.0,34.0,37.0,33.0,31.0,42.0,36.0,35.0,43.0,42.0,34.0,27.0,37.0,40.0,31.0,31.0,27.0,39.0,43.0,33.0,40.0,41.0,50.0,35.0,33.0,23.0,45.0,38.0,27.0,26.0,25.0,42.0,31.0,36.0,47.0,31.0,35.0,31.0,36.0
32.0,14.0,20.0,22.0,18.0,20.0,23.0,22.0,23.0,20.0,26.0,24.0,19.0,29.0,23.0,21.0,16.0,28.0,27.0,20.0,19.0,25.0,21.0,18.0,24.0,27.0,23.0,28.0,24.0,23.0,22.0,26.0,17.0,25.0,34.0,30.0,22.0,26.0,19.0,17.0,21.0,18.0,26.0,19.0,22.0,19.0,29.0,30.0,27.0,23.0
31.0,35.0,38.0,33.0,41.0,34.0,39.0,41.0,34.0,35.0,38.0,40.0,33.0,42.0,36.0,21.0,39.0,36.0,31.0,43.0,30.0,37.0,27.0,32.0,36.0,38.0,31.0,32.0,32.0,15.0,37.0,31.0,33.0,34.0,33.0,27.0,23.0,32.0,44.0,39.0,43.0,33.0,34.0,35.0,33.0,21.0,35.0,36.0,40.0,38.0
23.0,22.0,28.0,20.0,25.0,15.0,25.0,12.0,20.0,20.0,23.0,25.0,16.0,18.0,15.0,26.0,19.0,16.0,20.0,17.0,22.0,25.0,23.0,15.0,23.0,21.0,27.0,23.0,26.0,18.0,26.0,20.0,17.0,15.0,11.0,20.0,17.0,16.0,21.0,27.0,13.0,23.0,21.0,23.0,17.0,22.0,22.0,27.0,25.0,19.0
29.0,27.0,31.0,29.0,21.0,35.0,32.0,29.0,28.0,23.0,31.0,22.0,29.0,38.0,45.0,23.0,17.0,39.0,19.0,38.0,28.0,36.0,35.0,35.0,34.0,34.0,24.0,37.0,38.0,24.0,30.0,26.0,22.0,32.0,21.0,37.0,33.0,19.0,40.0,25.0,38.0,22.0,21.0,29.0,21.0,26.0,29.0,21.0,29.0,25.0
