10,50,1000
18.513545,16.47917,19.149205,19.428141,16.258965,19.745178,16.763618,19.504491,15.993126,15.026583
7.586405,6.252928,7.169605,6.424995,9.142553,6.305285,5.947857,7.754384,6.913462,8.614399
0.0,10.0,20.0,30.0,40.0,50.0,60.0,70.0,80.0,90.0
10.0,0.0,10.0,20.0,30.0,40.0,50.0,60.0,70.0,80.0
20.0,10.0,0.0,10.0,20.0,30.0,40.0,50.0,60.0,70.0
30.0,20.0,10.0,0.0,10.0,20.0,30.0,40.0,50.0,60.0
40.0,30.0,20.0,10.0,0.0,10.0,20.0,30.0,40.0,50.0
50.0,40.0,30.0,20.0,10.0,0.0,10.0,20.0,30.0,40.0
60.0,50.0,40.0,30.0,20.0,10.0,0.0,10.0,20.0,30.0
70.0,60.0,50.0,40.0,30.0,20.0,10.0,0.0,10.0,20.0
80.0,70.0,60.0,50.0,40.0,30.0,20.0,10.0,0.0,10.0
90.0,80.0,70.0,60.0,50.0,40.0,30.0,20.0,10.0,0.0
450.0,400.0,350.0,300.0,250.0,250.0,300.0,350.0,400.0,450.0
0.0,1.0,2.0,3.0,4.0,5.0,6.0,7.0,8.0,9.0
1.0,0.0,1.0,2.0,3.0,4.0,5.0,6.0,7.0,8.0
2.0,1.0,0.0,1.0,2.0,3.0,4.0,5.0,6.0,7.0
3.0,2.0,1.0,0.0,1.0,2.0,3.0,4.0,5.0,6.0
4.0,3.0,2.0,1.0,0.0,1.0,2.0,3.0,4.0,5.0
5.0,4.0,3.0,2.0,1.0,0.0,1.0,2.0,3.0,4.0
6.0,5.0,4.0,3.0,2.0,1.0,0.0,1.0,2.0,3.0
7.0,6.0,5.0,4.0,3.0,2.0,1.0,0.0,1.0,2.0
8.0,7.0,6.0,5.0,4.0,3.0,2.0,1.0,0.0,1.0
9.0,8.0,7.0,6.0,5.0,4.0,3.0,2.0,1.0,0.0
45.0,40.0,35.0,30.0,25.0,25.0,30.0,35.0,40.0,45.0
31.0,27.0,26.0,19.0,28.0,32.0,29.0,35.0,31.0,25.0,19.0,24.0,20.0,33.0,22.0,38.0,34.0,20.0,28.0,32.0,21.0,32.0,33.0,40.0,27.0,32.0,30.0,28.0,26.0,22.0,20.0,30.0,30.0,33.0,21.0,30.0,38.0,28.0,34.0,34.0,27.0,21.0,27.0,25.0,35.0,24.0,24.0,35.0,25.0,31.0
26.0,22.0,23.0,22.0,22.0,22.0,21.0,24.0,27.0,26.0,26.0,21.0,27.0,36.0,33.0,23.0,30.0,24.0,27.0,19.0,24.0,23.0,26.0,29.0,20.0,20.0,26.0,32.0,18.0,25.0,16.0,22.0,30.0,26.0,28.0,24.0,20.0,37.0,36.0,20.0,29.0,24.0,27.0,25.0,25.0,31.0,23.0,32.0,29.0,14.0
35.0,18.0,25.0,28.0,26.0,27.0,18.0,37.0,13.0,24.0,33.0,30.0,26.0,31.0,28.0,26.0,24.0,19.0,31.0,25.0,36.0,29.0,31.0,30.0,23.0,31.0,28.0,27.0,29.0,25.0,24.0,28.0,30.0,31.0,21.0,21.0,18.0,39.0,40.0,23.0,28.0,33.0,44.0,24.0,26.0,42.0,23.0,31.0,32.0,15.0
24.0,25.0,30.0,35.0,22.0,21.0,26.0,21.0,25.0,34.0,28.0,23.0,33.0,23.0,25.0,20.0,24.0,26.0,23.0,27.0,24.0,18.0,25.0,21.0,28.0,23.0,21.0,30.0,37.0,24.0,24.0,30.0,26.0,22.0,24.0,26.0,20.0,22.0,19.0,19.0,29.0,30.0,28.0,24.0,25.0,27.0,24.0,23.0,17.0,23.0
21.0,34.0,36.0,35.0,21.0,42.0,34.0,28.0,38.0,31.0,26.0,36.0,32.0,36.0,34.0,32.0,40.0,39.0,32.0,38.0,28.0,24.0,30.0,22.0,36.0,41.0,31.0,41.0,33.0,37.0,28.0,33.0,39.0,23.0,30.0,34.0,37.0,27.0,36.0,35.0,37.0,22.0,26.0,29.0,38.0,40.0,41.0,33.0,35.0,26.0
21.0,32.0,30.0,33.0,19.0,23.0,28.0,27.0,26.0,27.0,25.0,22.0,24.0,16.0,24.0,29.0,24.0,28.0,30.0,26.0,27.0,34.0,25.0,26.0,20.0,24.0,25.0,33.0,15.0,18.0,26.0,33.0,31.0,25.0,26.0,25.0,30.0,23.0,27.0,28.0,27.0,21.0,22.0,30.0,21.0,30.0,19.0,22.0,31.0,24.0
21.0,28.0,25.0,24.0,29.0,36.0,17.0,25.0,19.0,23.0,24.0,21.0,22.0,18.0,24.0,22.0,19.0,29.0,20.0,23.0,11.0,25.0,25.0,31.0,26.0,31.0,23.0,20.0,26.0,28.0,22.0,31.0,28.0,25.0,25.0,21.0,26.0,14.0,25.0,25.0,26.0,27.0,18.0,25.0,21.0,26.0,15.0,23.0,20.0,28.0
24.0,36.0,30.0,30.0,23.0,33.0,35.0,34.0,31.0,23.0,31.0,40.0,19.0,33.0,24.0,32.0,26.0,25.0,30.0,33.0,38.0,27.0,23.0,30.0,29.0,19.0,33.0,26.0,29.0,30.0,33.0,24.0,26.0,29.0,27.0,24.0,30.0,30.0,22.0,30.0,41.0,37.0,27.0,26.0,26.0,27.0,40.0,26.0,28.0,22.0
30.0,20.0,41.0,20.0,28.0,21.0,25.0,35.0,17.0,33.0,37.0,20.0,34.0,26.0,29.0,30.0,24.0,18.0,32.0,32.0,25.0,19.0,20.0,28.0,25.0,26.0,34.0,34.0,29.0,25.0,32.0,27.0,30.0,22.0,30.0,24.0,27.0,32.0,19.0,31.0,29.0,26.0,31.0,14.0,31.0,22.0,27.0,30.0,19.0,16.0
25.0,24.0,20.0,28.0,33.0,34.0,28.0,23.0,39.0,48.0,37.0,34.0,36.0,29.0,40.0,28.0,35.0,31.0,21.0,35.0,38.0,39.0,36.0,31.0,27.0,30.0,31.0,34.0,33.0,33.0,31.0,23.0,27.0,32.0,24.0,39.0,27.0,32.0,20.0,33.0,44.0,37.0,42.0,38.0,35.0,39.0,35.0,37.0,35.0,37.0
