10,50,1000
19.907987,17.073912,16.590489,19.604033,17.401409,18.645943,19.787121,17.728436,16.038743,17.73151
9.93696,5.170454,5.988254,7.11074,9.463638,8.234305,5.458958,9.841943,6.237883,9.532123
0.0,10.0,20.0,30.0,40.0,50.0,60.0,70.0,80.0,90.0
10.0,0.0,10.0,20.0,30.0,40.0,50.0,60.0,70.0,80.0
20.0,10.0,0.0,10.0,20.0,30.0,40.0,50.0,60.0,70.0
30.0,20.0,10.0,0.0,10.0,20.0,30.0,40.0,50.0,60.0
40.0,30.0,20.0,10.0,0.0,10.0,20.0,30.0,40.0,50.0
50.0,40.0,30.0,20.0,10.0,0.0,10.0,20.0,30.0,40.0
60.0,50.0,40.0,30.0,20.0,10.0,0.0,10.0,20.0,30.0
70.0,60.0,50.0,40.0,30.0,20.0,10.0,0.0,10.0,20.0
80.0,70.0,60.0,50.0,40.0,30.0,20.0,10.0,0.0,10.0
90.0,80.0,70.0,60.0,50.0,40.0,30.0,20.0,10.0,0.0
450.0,400.0,350.0,300.0,250.0,250.0,300.0,350.0,400.0,450.0
0.0,1.0,2.0,3.0,4.0,5.0,6.0,7.0,8.0,9.0
1.0,0.0,1.0,2.0,3.0,4.0,5.0,6.0,7.0,8.0
2.0,1.0,0.0,1.0,2.0,3.0,4.0,5.0,6.0,7.0
3.0,2.0,1.0,0.0,1.0,2.0,3.0,4.0,5.0,6.0
4.0,3.0,2.0,1.0,0.0,1.0,2.0,3.0,4.0,5.0
5.0,4.0,3.0,2.0,1.0,0.0,1.0,2.0,3.0,4.0
6.0,5.0,4.0,3.0,2.0,1.0,0.0,1.0,2.0,3.0
7.0,6.0,5.0,4.0,3.0,2.0,1.0,0.0,1.0,2.0
8.0,7.0,6.0,5.0,4.0,3.0,2.0,1.0,0.0,1.0
9.0,8.0,7.0,6.0,5.0,4.0,3.0,2.0,1.0,0.0
45.0,40.0,35.0,30.0,25.0,25.0,30.0,35.0,40.0,45.0
34.0,41.0,38.0,29.0,38.0,50.0,39.0,38.0,39.0,39.0,42.0,36.0,38.0,40.0,41.0,39.0,42.0,44.0,40.0,32.0,37.0,41.0,30.0,33.0,34.0,38.0,33.0,33.0,38.0,46.0,43.0,38.0,32.0,38.0,29.0,30.0,42.0,38.0,40.0,34.0,45.0,40.0,44.0,43.0,43.0,25.0,51.0,20.0,31.0,32.0
11.0,23.0,29.0,27.0,24.0,24.0,23.0,28.0,14.0,29.0,20.0,22.0,23.0,22.0,19.0,21.0,16.0,16.0,20.0,24.0,24.0,18.0,26.0,13.0,19.0,16.0,19.0,21.0,18.0,28.0,26.0,19.0,19.0,17.0,14.0,29.0,26.0,21.0,20.0,19.0,20.0,25.0,25.0,23.0,23.0,25.0,22.0,20.0,24.0,14.0
37.0,19.0,25.0,18.0,13.0,29.0,26.0,23.0,28.0,31.0,34.0,23.0,21.0,31.0,21.0,26.0,20.0,26.0,24.0,26.0,23.0,20.0,21.0,27.0,24.0,17.0,27.0,28.0,18.0,22.0,26.0,27.0,16.0,19.0,38.0,24.0,24.0,19.0,21.0,26.0,22.0,23.0,13.0,29.0,19.0,26.0,19.0,26.0,38.0,21.0
34.0,32.0,28.0,28.0,23.0,44.0,28.0,24.0,32.0,27.0,32.0,37.0,18.0,31.0,37.0,26.0,31.0,23.0,23.0,20.0,32.0,29.0,25.0,25.0,36.0,33.0,30.0,27.0,29.0,18.0,32.0,35.0,21.0,29.0,26.0,26.0,32.0,22.0,26.0,27.0,30.0,30.0,29.0,12.0,30.0,19.0,28.0,30.0,25.0,37.0
37.0,30.0,41.0,50.0,40.0,38.0,43.0,39.0,31.0,43.0,32.0,28.0,42.0,35.0,38.0,44.0,34.0,34.0,30.0,30.0,30.0,40.0,35.0,30.0,46.0,36.0,31.0,47.0,39.0,31.0,38.0,32.0,30.0,50.0,39.0,41.0,36.0,40.0,27.0,33.0,28.0,42.0,35.0,23.0,35.0,30.0,32.0,38.0,24.0,35.0
36.0,32.0,41.0,31.0,25.0,28.0,23.0,32.0,33.0,24.0,27.0,32.0,36.0,33.0,33.0,33.0,39.0,39.0,35.0,16.0,37.0,34.0,24.0,37.0,36.0,27.0,25.0,28.0,45.0,30.0,32.0,33.0,27.0,29.0,24.0,32.0,29.0,26.0,34.0,35.0,36.0,22.0,30.0,35.0,28.0,32.0,45.0,27.0,22.0,39.0
22.0,18.0,20.0,22.0,16.0,24.0,27.0,22.0,19.0,23.0,20.0,24.0,25.0,16.0,21.0,18.0,13.0,22.0,26.0,21.0,20.0,21.0,22.0,25.0,31.0,15.0,18.0,29.0,19.0,15.0,24.0,23.0,19.0,19.0,26.0,17.0,23.0,22.0,15.0,19.0,26.0,19.0,30.0,20.0,14.0,22.0,27.0,16.0,30.0,22.0
34.0,37.0,32.0,40.0,28.0,33.0,45.0,34.0,35.0,42.0,32.0,28.0,28.0,30.0,32.0,37.0,33.0,34.0,34.0,42.0,36.0,42.0,33.0,42.0,32.0,28.0,33.0,33.0,47.0,37.0,48.0,38.0,28.0,39.0,42.0,37.0,35.0,37.0,31.0,32.0,39.0,32.0,36.0,36.0,38.0,48.0,37.0,43.0,29.0,44.0
29.0,13.0,33.0,17.0,28.0,20.0,29.0,25.0,30.0,29.0,27.0,29.0,28.0,19.0,20.0,23.0,20.0,24.0,18.0,21.0,19.0,24.0,24.0,18.0,25.0,17.0,19.0,30.0,27.0,15.0,18.0,30.0,28.0,20.0,24.0,23.0,24.0,18.0,29.0,19.0,20.0,8.0,20.0,19.0,30.0,29.0,22.0,28.0,35.0,38.0
31.0,44.0,42.0,31.0,41.0,44.0,33.0,44.0,29.0,34.0,35.0,35.0,40.0,32.0,38.0,27.0,39.0,47.0,38.0,33.0,18.0,32.0,22.0,36.0,27.0,29.0,33.0,35.0,33.0,42.0,34.0,47.0,37.0,30.0,29.0,26.0,29.0,39.0,30.0,50.0,31.0,38.0,31.0,40.0,25.0,47.0,28.0,30.0,28.0,43.0
