10,50,1000
17.53511,19.53112,17.536104,15.261926,15.598604,18.746681,18.80552,17.887234,17.930569,19.640082
8.707495,9.23107,7.400869,5.623826,8.847942,5.793791,9.87097,7.656744,7.368043,9.321468
0.0,10.0,20.0,30.0,40.0,50.0,60.0,70.0,80.0,90.0
10.0,0.0,10.0,20.0,30.0,40.0,50.0,60.0,70.0,80.0
20.0,10.0,0.0,10.0,20.0,30.0,40.0,50.0,60.0,70.0
30.0,20.0,10.0,0.0,10.0,20.0,30.0,40.0,50.0,60.0
40.0,30.0,20.0,10.0,0.0,10.0,20.0,30.0,40.0,50.0
50.0,40.0,30.0,20.0,10.0,0.0,10.0,20.0,30.0,40.0
60.0,50.0,40.0,30.0,20.0,10.0,0.0,10.0,20.0,30.0
70.0,60.0,50.0,40.0,30.0,20.0,10.0,0.0,10.0,20.0
80.0,70.0,60.0,50.0,40.0,30.0,20.0,10.0,0.0,10.0
90.0,80.0,70.0,60.0,50.0,40.0,30.0,20.0,10.0,0.0
450.0,400.0,350.0,300.0,250.0,250.0,300.0,350.0,400.0,450.0
0.0,1.0,2.0,3.0,4.0,5.0,6.0,7.0,8.0,9.0
1.0,0.0,1.0,2.0,3.0,4.0,5.0,6.0,7.0,8.0
2.0,1.0,0.0,1.0,2.0,3.0,4.0,5.0,6.0,7.0
3.0,2.0,1.0,0.0,1.0,2.0,3.0,4.0,5.0,6.0
4.0,3.0,2.0,1.0,0.0,1.0,2.0,3.0,4.0,5.0
5.0,4.0,3.0,2.0,1.0,0.0,1.0,2.0,3.0,4.0
6.0,5.0,4.0,3.0,2.0,1.0,0.0,1.0,2.0,3.0
7.0,6.0,5.0,4.0,3.0,2.0,1.0,0.0,1.0,2.0
8.0,7.0,6.0,5.0,4.0,3.0,2.0,1.0,0.0,1.0
9.0,8.0,7.0,6.0,5.0,4.0,3.0,2.0,1.0,0.0
45.0,40.0,35.0,30.0,25.0,25.0,30.0,35.0,40.0,45.0
39.0,40.0,39.0,41.0,35.0,41.0,36.0,30.0,36.0,28.0,36.0,27.0,40.0,34.0,25.0,30.0,35.0,34.0,26.0,37.0,40.0,41.0,37.0,31.0,37.0,40.0,46.0,26.0,31.0,41.0,42.0,33.0,36.0,35.0,35.0,29.0,36.0,28.0,31.0,22.0,32.0,34.0,42.0,29.0,38.0,26.0,32.0,31.0,31.0,36.0
28.0,44.0,41.0,35.0,33.0,28.0,38.0,39.0,37.0,35.0,33.0,42.0,31.0,30.0,35.0,41.0,28.0,30.0,31.0,38.0,25.0,39.0,23.0,49.0,35.0,31.0,36.0,38.0,36.0,35.0,41.0,33.0,31.0,36.0,46.0,31.0,31.0,25.0,33.0,38.0,44.0,34.0,30.0,38.0,35.0,38.0,37.0,35.0,28.0,28.0
24.0,19.0,26.0,22.0,29.0,29.0,30.0,27.0,37.0,26.0,36.0,28.0,20.0,23.0,33.0,20.0,23.0,32.0,26.0,22.0,31.0,28.0,23.0,22.0,28.0,23.0,26.0,38.0,30.0,28.0,22.0,18.0,36.0,34.0,19.0,30.0,26.0,28.0,34.0,27.0,27.0,32.0,19.0,20.0,38.0,26.0,17.0,26.0,27.0,20.0
27.0,23.0,18.0,26.0,24.0,24.0,21.0,23.0,18.0,25.0,20.0,17.0,21.0,20.0,20.0,19.0,18.0,21.0,19.0,17.0,30.0,26.0,29.0,19.0,18.0,17.0,25.0,20.0,20.0,23.0,16.0,18.0,15.0,19.0,28.0,20.0,23.0,21.0,21.0,20.0,35.0,31.0,25.0,21.0,15.0,26.0,25.0,18.0,19.0,19.0
34.0,26.0,35.0,29.0,31.0,31.0,35.0,27.0,24.0,31.0,31.0,41.0,33.0,29.0,32.0,30.0,34.0,29.0,36.0,33.0,26.0,34.0,38.0,26.0,27.0,32.0,26.0,44.0,33.0,27.0,37.0,28.0,39.0,33.0,36.0,36.0,25.0,29.0,33.0,29.0,41.0,45.0,30.0,26.0,30.0,39.0,35.0,29.0,35.0,32.0
18.0,29.0,20.0,22.0,23.0,16.0,17.0,17.0,27.0,31.0,17.0,28.0,32.0,17.0,22.0,28.0,23.0,17.0,15.0,30.0,28.0,17.0,29.0,23.0,24.0,22.0,19.0,22.0,21.0,26.0,29.0,21.0,25.0,21.0,25.0,25.0,29.0,25.0,21.0,13.0,24.0,17.0,23.0,29.0,21.0,32.0,22.0,20.0,23.0,23.0
35.0,42.0,36.0,36.0,29.0,35.0,32.0,35.0,33.0,37.0,37.0,39.0,35.0,36.0,37.0,31.0,36.0,38.0,30.0,34.0,30.0,33.0,37.0,33.0,32.0,39.0,36.0,28.0,43.0,42.0,36.0,44.0,46.0,38.0,32.0,41.0,40.0,40.0,39.0,43.0,35.0,35.0,37.0,39.0,34.0,30.0,39.0,46.0,37.0,46.0
30.0,27.0,32.0,22.0,23.0,46.0,39.0,23.0,22.0,23.0,25.0,23.0,31.0,29.0,27.0,28.0,32.0,28.0,29.0,23.0,30.0,35.0,27.0,26.0,35.0,30.0,28.0,29.0,25.0,21.0,25.0,33.0,25.0,23.0,25.0,23.0,25.0,26.0,29.0,34.0,25.0,29.0,30.0,32.0,18.0,29.0,23.0,24.0,27.0,25.0
28.0,30.0,24.0,26.0,24.0,38.0,29.0,26.0,27.0,19.0,30.0,31.0,27.0,20.0,27.0,28.0,26.0,25.0,22.0,30.0,19.0,33.0,39.0,24.0,34.0,31.0,28.0,35.0,27.0,29.0,24.0,40.0,28.0,28.0,29.0,28.0,30.0,29.0,25.0,21.0,20.0,33.0,26.0,23.0,39.0,26.0,39.0,21.0,28.0,30.0
31.0,27.0,48.0,43.0,36.0,37.0,35.0,47.0,32.0,32.0,29.0,40.0,31.0,42.0,31.0,29.0,32.0,30.0,34.0,37.0,27.0,27.0,37.0,40.0,33.0,43.0,28.0,40.0,29.0,29.0,32.0,28.0,32.0,33.0,29.0,40.0,35.0,37.0,40.0,42.0,31.0,33.0,41.0,28.0,31.0,38.0,27.0,33.0,31.0,29.0
