10,50,1000
16.801953,17.383348,16.653885,18.186692,16.239057,17.714329,17.692104,17.496724,16.722742,18.334426
9.187254,6.982503,8.046704,8.009972,9.359221,6.617889,6.7779,7.386478,7.522943,7.225153
0.0,10.0,20.0,30.0,40.0,50.0,60.0,70.0,80.0,90.0
10.0,0.0,10.0,20.0,30.0,40.0,50.0,60.0,70.0,80.0
20.0,10.0,0.0,10.0,20.0,30.0,40.0,50.0,60.0,70.0
30.0,20.0,10.0,0.0,10.0,20.0,30.0,40.0,50.0,60.0
40.0,30.0,20.0,10.0,0.0,10.0,20.0,30.0,40.0,50.0
50.0,40.0,30.0,20.0,10.0,0.0,10.0,20.0,30.0,40.0
60.0,50.0,40.0,30.0,20.0,10.0,0.0,10.0,20.0,30.0
70.0,60.0,50.0,40.0,30.0,20.0,10.0,0.0,10.0,20.0
80.0,70.0,60.0,50.0,40.0,30.0,20.0,10.0,0.0,10.0
90.0,80.0,70.0,60.0,50.0,40.0,30.0,20.0,10.0,0.0
450.0,400.0,350.0,300.0,250.0,250.0,300.0,350.0,400.0,450.0
0.0,1.0,2.0,3.0,4.0,5.0,6.0,7.0,8.0,9.0
1.0,0.0,1.0,2.0,3.0,4.0,5.0,6.0,7.0,8.0
2.0,1.0,0.0,1.0,2.0,3.0,4.0,5.0,6.0,7.0
3.0,2.0,1.0,0.0,1.0,2.0,3.0,4.0,5.0,6.0
4.0,3.0,2.0,1.0,0.0,1.0,2.0,3.0,4.0,5.0
5.0,4.0,3.0,2.0,1.0,0.0,1.0,2.0,3.0,4.0
6.0,5.0,4.0,3.0,2.0,1.0,0.0,1.0,2.0,3.0
7.0,6.0,5.0,4.0,3.0,2.0,1.0,0.0,1.0,2.0
8.0,7.0,6.0,5.0,4.0,3.0,2.0,1.0,0.0,1.0
9.0,8.0,7.0,6.0,5.0,4.0,3.0,2.0,1.0,0.0
45.0,40.0,35.0,30.0,25.0,25.0,30.0,35.0,40.0,45.0
33.0,24.0,41.0,27.0,35.0,28.0,35.0,47.0,34.0,28.0,34.0,28.0,30.0,31.0,39.0,23.0,39.0,33.0,39.0,21.0,47.0,36.0,44.0,22.0,32.0,43.0,29.0,35.0,33.0,41.0,37.0,29.0,32.0,44.0,28.0,37.0,25.0,33.0,37.0,50.0,33.0,35.0,38.0,42.0,33.0,30.0,37.0,47.0,30.0,30.0
33.0,25.0,18.0,28.0,19.0,27.0,21.0,29.0,32.0,32.0,29.0,27.0,27.0,23.0,20.0,29.0,16.0,34.0,30.0,31.0,25.0,19.0,29.0,38.0,28.0,29.0,18.0,22.0,34.0,29.0,21.0,37.0,33.0,42.0,19.0,34.0,27.0,24.0,18.0,27.0,34.0,33.0,17.0,25.0,21.0,38.0,22.0,25.0,23.0,20.0
31.0,37.0,27.0,42.0,25.0,28.0,36.0,25.0,29.0,31.0,31.0,39.0,28.0,34.0,36.0,30.0,21.0,24.0,46.0,29.0,33.0,32.0,37.0,24.0,29.0,32.0,29.0,23.0,25.0,32.0,36.0,23.0,25.0,24.0,24.0,33.0,32.0,26.0,31.0,32.0,28.0,31.0,33.0,30.0,24.0,16.0,25.0,30.0,20.0,29.0
20.0,33.0,29.0,31.0,29.0,39.0,23.0,32.0,32.0,22.0,33.0,41.0,29.0,39.0,26.0,30.0,35.0,32.0,35.0,27.0,31.0,40.0,33.0,33.0,33.0,26.0,32.0,36.0,34.0,31.0,33.0,26.0,41.0,35.0,28.0,37.0,27.0,37.0,26.0,27.0,22.0,32.0,27.0,34.0,29.0,24.0,30.0,36.0,25.0,29.0
29.0,36.0,27.0,40.0,33.0,31.0,28.0,39.0,45.0,32.0,39.0,43.0,40.0,19.0,39.0,43.0,39.0,46.0,38.0,35.0,33.0,34.0,36.0,30.0,23.0,42.0,31.0,31.0,43.0,31.0,28.0,32.0,34.0,31.0,31.0,30.0,32.0,34.0,34.0,34.0,47.0,35.0,44.0,37.0,33.0,37.0,31.0,40.0,30.0,40.0
19.0,35.0,25.0,30.0,27.0,21.0,26.0,24.0,27.0,32.0,39.0,21.0,29.0,26.0,28.0,20.0,31.0,27.0,27.0,26.0,27.0,26.0,26.0,19.0,22.0,14.0,32.0,29.0,34.0,27.0,24.0,23.0,28.0,32.0,31.0,21.0,18.0,25.0,26.0,32.0,24.0,31.0,26.0,22.0,26.0,21.0,23.0,31.0,22.0,24.0
29.0,15.0,33.0,24.0,28.0,38.0,24.0,24.0,35.0,25.0,35.0,22.0,24.0,31.0,30.0,30.0,29.0,31.0,33.0,30.0,26.0,37.0,32.0,31.0,28.0,25.0,30.0,24.0,23.0,34.0,29.0,22.0,32.0,24.0,34.0,26.0,27.0,31.0,26.0,42.0,27.0,36.0,30.0,21.0,27.0,21.0,26.0,28.0,27.0,23.0
29.0,32.0,32.0,19.0,36.0,35.0,30.0,24.0,20.0,20.0,24.0,30.0,26.0,28.0,30.0,31.0,29.0,28.0,28.0,39.0,24.0,30.0,36.0,29.0,25.0,34.0,27.0,32.0,23.0,24.0,35.0,36.0,21.0,24.0,24.0,30.0,25.0,24.0,18.0,36.0,35.0,27.0,21.0,22.0,27.0,36.0,37.0,18.0,25.0,27.0
23.0,31.0,25.0,27.0,27.0,27.0,34.0,24.0,36.0,17.0,26.0,32.0,20.0,34.0,27.0,33.0,14.0,27.0,36.0,24.0,25.0,24.0,22.0,35.0,18.0,31.0,32.0,36.0,32.0,24.0,27.0,27.0,30.0,22.0,31.0,26.0,31.0,45.0,35.0,36.0,18.0,31.0,35.0,38.0,33.0,22.0,20.0,40.0,25.0,34.0
34.0,28.0,21.0,24.0,27.0,26.0,27.0,20.0,25.0,25.0,32.0,32.0,30.0,21.0,33.0,34.0,32.0,25.0,22.0,26.0,30.0,29.0,29.0,32.0,32.0,33.0,24.0,41.0,25.0,29.0,27.0,25.0,32.0,31.0,25.0,36.0,21.0,28.0,32.0,30.0,33.0,20.0,33.0,33.0,26.0,21.0,24.0,25.0,25.0,23.0
