10,50,1000
17.213388,15.752153,17.320731,15.585012,18.873855,15.429561,15.735661,15.097984,19.919213,19.647679
8.404158,6.755765,8.076796,7.761867,7.469414,5.547457,5.045236,8.838682,9.428782,9.951956
0.0,10.0,20.0,30.0,40.0,50.0,60.0,70.0,80.0,90.0
10.0,0.0,10.0,20.0,30.0,40.0,50.0,60.0,70.0,80.0
20.0,10.0,0.0,10.0,20.0,30.0,40.0,50.0,60.0,70.0
30.0,20.0,10.0,0.0,10.0,20.0,30.0,40.0,50.0,60.0
40.0,30.0,20.0,10.0,0.0,10.0,20.0,30.0,40.0,50.0
50.0,40.0,30.0,20.0,10.0,0.0,10.0,20.0,30.0,40.0
60.0,50.0,40.0,30.0,20.0,10.0,0.0,10.0,20.0,30.0
70.0,60.0,50.0,40.0,30.0,20.0,10.0,0.0,10.0,20.0
80.0,70.0,60.0,50.0,40.0,30.0,20.0,10.0,0.0,10.0
90.0,80.0,70.0,60.0,50.0,40.0,30.0,20.0,10.0,0.0
450.0,400.0,350.0,300.0,250.0,250.0,300.0,350.0,400.0,450.0
0.0,1.0,2.0,3.0,4.0,5.0,6.0,7.0,8.0,9.0
1.0,0.0,1.0,2.0,3.0,4.0,5.0,6.0,7.0,8.0
2.0,1.0,0.0,1.0,2.0,3.0,4.0,5.0,6.0,7.0
3.0,2.0,1.0,0.0,1.0,2.0,3.0,4.0,5.0,6.0
4.0,3.0,2.0,1.0,0.0,1.0,2.0,3.0,4.0,5.0
5.0,4.0,3.0,2.0,1.0,0.0,1.0,2.0,3.0,4.0
6.0,5.0,4.0,3.0,2.0,1.0,0.0,1.0,2.0,3.0
7.0,6.0,5.0,4.0,3.0,2.0,1.0,0.0,1.0,2.0
8.0,7.0,6.0,5.0,4.0,3.0,2.0,1.0,0.0,1.0
9.0,8.0,7.0,6.0,5.0,4.0,3.0,2.0,1.0,0.0
45.0,40.0,35.0,30.0,25.0,25.0,30.0,35.0,40.0,45.0
32.0,32.0,40.0,27.0,27.0,29.0,33.0,34.0,41.0,36.0,35.0,37.0,31.0,42.0,29.0,25.0,34.0,25.0,40.0,27.0,28.0,26.0,29.0,35.0,32.0,26.0,28.0,33.0,34.0,23.0,32.0,37.0,25.0,26.0,30.0,36.0,35.0,34.0,32.0,31.0,36.0,24.0,20.0,22.0,27.0,42.0,35.0,38.0,34.0,32.0
25.0,21.0,18.0,20.0,24.0,18.0,29.0,19.0,31.0,29.0,22.0,24.0,28.0,30.0,22.0,25.0,32.0,18.0,24.0,31.0,22.0,19.0,23.0,27.0,32.0,24.0,37.0,27.0,18.0,21.0,25.0,29.0,27.0,14.0,17.0,23.0,23.0,21.0,26.0,21.0,24.0,28.0,23.0,23.0,30.0,29.0,27.0,23.0,21.0,22.0
39.0,21.0,33.0,36.0,25.0,24.0,33.0,29.0,33.0,41.0,29.0,31.0,29.0,26.0,26.0,21.0,30.0,30.0,28.0,24.0,47.0,37.0,36.0,36.0,33.0,34.0,31.0,35.0,33.0,29.0,34.0,35.0,21.0,35.0,23.0,31.0,27.0,17.0,30.0,30.0,34.0,20.0,32.0,37.0,39.0,41.0,33.0,37.0,27.0,24.0
30.0,31.0,19.0,24.0,30.0,26.0,27.0,25.0,27.0,32.0,28.0,30.0,33.0,24.0,36.0,37.0,28.0,30.0,30.0,27.0,32.0,31.0,24.0,34.0,31.0,38.0,30.0,34.0,27.0,33.0,33.0,24.0,36.0,34.0,23.0,30.0,23.0,23.0,32.0,25.0,24.0,23.0,28.0,30.0,37.0,33.0,26.0,26.0,28.0,30.0
20.0,36.0,34.0,26.0,29.0,25.0,26.0,31.0,35.0,30.0,22.0,23.0,33.0,29.0,30.0,29.0,23.0,19.0,28.0,34.0,31.0,29.0,39.0,21.0,33.0,26.0,23.0,38.0,37.0,30.0,30.0,27.0,30.0,36.0,22.0,29.0,31.0,30.0,32.0,25.0,27.0,30.0,33.0,19.0,28.0,21.0,34.0,32.0,24.0,33.0
11.0,20.0,24.0,19.0,25.0,22.0,24.0,18.0,18.0,23.0,15.0,17.0,21.0,22.0,20.0,19.0,17.0,20.0,24.0,20.0,15.0,23.0,19.0,19.0,24.0,28.0,23.0,27.0,9.0,15.0,19.0,18.0,16.0,24.0,24.0,19.0,19.0,20.0,20.0,25.0,24.0,23.0,27.0,40.0,27.0,23.0,23.0,20.0,23.0,29.0
23.0,16.0,11.0,17.0,15.0,18.0,23.0,17.0,19.0,23.0,20.0,12.0,21.0,23.0,18.0,24.0,22.0,21.0,19.0,20.0,13.0,35.0,28.0,23.0,16.0,15.0,13.0,24.0,24.0,21.0,23.0,21.0,25.0,27.0,25.0,26.0,18.0,16.0,20.0,13.0,17.0,20.0,23.0,17.0,27.0,21.0,26.0,17.0,18.0,26.0
42.0,39.0,28.0,47.0,29.0,33.0,34.0,31.0,26.0,43.0,37.0,37.0,22.0,24.0,26.0,30.0,30.0,27.0,36.0,34.0,39.0,37.0,24.0,32.0,32.0,23.0,45.0,34.0,18.0,32.0,31.0,32.0,35.0,34.0,32.0,37.0,23.0,37.0,29.0,40.0,30.0,24.0,28.0,21.0,27.0,44.0,33.0,27.0,26.0,31.0
38.0,44.0,42.0,35.0,32.0,36.0,48.0,49.0,38.0,27.0,36.0,30.0,32.0,29.0,30.0,41.0,31.0,33.0,43.0,37.0,42.0,39.0,31.0,35.0,40.0,27.0,35.0,35.0,32.0,29.0,45.0,40.0,33.0,38.0,38.0,28.0,39.0,31.0,28.0,33.0,36.0,24.0,36.0,33.0,42.0,26.0,27.0,35.0,35.0,33.0
44.0,38.0,40.0,34.0,35.0,46.0,33.0,43.0,34.0,30.0,35.0,32.0,32.0,29.0,35.0,33.0,25.0,33.0,33.0,40.0,31.0,40.0,31.0,39.0,36.0,43.0,42.0,51.0,43.0,42.0,42.0,23.0,43.0,32.0,42.0,27.0,43.0,35.0,31.0,42.0,46.0,35.0,36.0,26.0,34.0,34.0,30.0,31.0,39.0,42.0
