10,50,1000
19.210102,16.717079,16.109334,15.273261,19.242273,15.520522,17.605606,17.052377,16.013247,19.087293
8.61675,9.280494,5.660947,5.064969,7.135043,9.706976,6.557411,9.471825,7.107933,9.439401
0.0,10.0,20.0,30.0,40.0,50.0,60.0,70.0,80.0,90.0
10.0,0.0,10.0,20.0,30.0,40.0,50.0,60.0,70.0,80.0
20.0,10.0,0.0,10.0,20.0,30.0,40.0,50.0,60.0,70.0
30.0,20.0,10.0,0.0,10.0,20.0,30.0,40.0,50.0,60.0
40.0,30.0,20.0,10.0,0.0,10.0,20.0,30.0,40.0,50.0
50.0,40.0,30.0,20.0,10.0,0.0,10.0,20.0,30.0,40.0
60.0,50.0,40.0,30.0,20.0,10.0,0.0,10.0,20.0,30.0
70.0,60.0,50.0,40.0,30.0,20.0,10.0,0.0,10.0,20.0
80.0,70.0,60.0,50.0,40.0,30.0,20.0,10.0,0.0,10.0
90.0,80.0,70.0,60.0,50.0,40.0,30.0,20.0,10.0,0.0
450.0,400.0,350.0,300.0,250.0,250.0,300.0,350.0,400.0,450.0
0.0,1.0,2.0,3.0,4.0,5.0,6.0,7.0,8.0,9.0
1.0,0.0,1.0,2.0,3.0,4.0,5.0,6.0,7.0,8.0
2.0,1.0,0.0,1.0,2.0,3.0,4.0,5.0,6.0,7.0
3.0,2.0,1.0,0.0,1.0,2.0,3.0,4.0,5.0,6.0
4.0,3.0,2.0,1.0,0.0,1.0,2.0,3.0,4.0,5.0
5.0,4.0,3.0,2.0,1.0,0.0,1.0,2.0,3.0,4.0
6.0,5.0,4.0,3.0,2.0,1.0,0.0,1.0,2.0,3.0
7.0,6.0,5.0,4.0,3.0,2.0,1.0,0.0,1.0,2.0
8.0,7.0,6.0,5.0,4.0,3.0,2.0,1.0,0.0,1.0
9.0,8.0,7.0,6.0,5.0,4.0,3.0,2.0,1.0,0.0
45.0,40.0,35.0,30.0,25.0,25.0,30.0,35.0,40.0,45.0
45.0,39.0,28.0,31.0,42.0,33.0,26.0,36.0,26.0,30.0,44.0,32.0,29.0,32.0,42.0,34.0,36.0,24.0,24.0,37.0,32.0,27.0,30.0,33.0,30.0,33.0,27.0,36.0,33.0,47.0,21.0,31.0,31.0,36.0,32.0,42.0,39.0,31.0,38.0,31.0,29.0,34.0,47.0,34.0,29.0,35.0,42.0,41.0,41.0,35.0
32.0,30.0,27.0,38.0,29.0,29.0,32.0,31.0,30.0,39.0,32.0,36.0,26.0,31.0,47.0,35.0,28.0,45.0,33.0,31.0,49.0,40.0,25.0,35.0,51.0,34.0,37.0,43.0,38.0,41.0,37.0,34.0,39.0,35.0,33.0,33.0,39.0,32.0,40.0,41.0,31.0,39.0,25.0,38.0,36.0,27.0,41.0,39.0,26.0,36.0
26.0,23.0,22.0,22.0,30.0,20.0,22.0,31.0,26.0,17.0,21.0,21.0,16.0,29.0,28.0,26.0,16.0,16.0,18.0,31.0,16.0,19.0,21.0,20.0,22.0,25.0,19.0,24.0,20.0,13.0,26.0,27.0,23.0,25.0,23.0,20.0,26.0,26.0,18.0,22.0,25.0,27.0,22.0,19.0,20.0,37.0,23.0,22.0,17.0,30.0
23.0,14.0,25.0,17.0,20.0,18.0,22.0,20.0,23.0,27.0,25.0,23.0,19.0,16.0,23.0,15.0,14.0,16.0,27.0,22.0,17.0,20.0,25.0,20.0,28.0,23.0,20.0,29.0,13.0,25.0,12.0,11.0,20.0,22.0,23.0,21.0,16.0,29.0,19.0,17.0,23.0,21.0,19.0,20.0,26.0,25.0,21.0,17.0,27.0,23.0
23.0,29.0,27.0,37.0,23.0,24.0,17.0,27.0,29.0,22.0,20.0,22.0,26.0,17.0,30.0,28.0,34.0,26.0,26.0,20.0,30.0,28.0,25.0,33.0,31.0,21.0,29.0,22.0,24.0,33.0,30.0,26.0,26.0,30.0,31.0,31.0,34.0,37.0,33.0,30.0,23.0,39.0,20.0,29.0,32.0,34.0,26.0,26.0,32.0,26.0
37.0,27.0,28.0,35.0,34.0,34.0,40.0,34.0,33.0,30.0,36.0,32.0,30.0,39.0,27.0,38.0,30.0,37.0,37.0,36.0,38.0,35.0,39.0,34.0,46.0,33.0,26.0,34.0,24.0,43.0,33.0,41.0,36.0,36.0,42.0,32.0,27.0,39.0,41.0,30.0,34.0,39.0,38.0,41.0,32.0,36.0,40.0,35.0,38.0,34.0
26.0,26.0,22.0,23.0,26.0,25.0,34.0,27.0,30.0,17.0,22.0,27.0,28.0,34.0,21.0,31.0,24.0,27.0,22.0,25.0,30.0,25.0,23.0,26.0,23.0,28.0,23.0,22.0,25.0,18.0,22.0,28.0,26.0,23.0,27.0,28.0,34.0,27.0,26.0,21.0,22.0,17.0,19.0,19.0,36.0,21.0,26.0,23.0,24.0,35.0
34.0,27.0,39.0,39.0,35.0,39.0,38.0,36.0,34.0,30.0,42.0,28.0,19.0,29.0,38.0,34.0,41.0,37.0,30.0,31.0,40.0,35.0,32.0,35.0,36.0,34.0,36.0,36.0,42.0,29.0,29.0,33.0,39.0,35.0,34.0,40.0,36.0,39.0,32.0,29.0,35.0,32.0,25.0,34.0,28.0,34.0,34.0,30.0,37.0,38.0
27.0,27.0,32.0,29.0,21.0,36.0,33.0,25.0,27.0,31.0,30.0,24.0,27.0,19.0,20.0,36.0,20.0,19.0,25.0,28.0,28.0,22.0,37.0,34.0,17.0,22.0,20.0,31.0,35.0,29.0,29.0,34.0,28.0,18.0,38.0,20.0,29.0,25.0,24.0,25.0,27.0,26.0,21.0,16.0,38.0,27.0,14.0,35.0,30.0,25.0
35.0,51.0,41.0,30.0,27.0,34.0,31.0,36.0,25.0,27.0,32.0,29.0,41.0,40.0,23.0,35.0,35.0,30.0,36.0,36.0,36.0,27.0,37.0,36.0,37.0,28.0,28.0,43.0,33.0,39.0,29.0,31.0,43.0,43.0,35.0,39.0,36.0,41.0,30.0,36.0,33.0,34.0,20.0,38.0,41.0,33.0,29.0,37.0,43.0,37.0
