10,50,1000
15.792542,17.5089,19.331024,16.947874,18.167886,16.073006,17.891454,16.242116,17.988134,15.712257
6.988103,9.149121,7.510133,5.002469,7.02964,6.362614,7.879138,7.107772,6.344957,8.675945
0.0,10.0,20.0,30.0,40.0,50.0,60.0,70.0,80.0,90.0
10.0,0.0,10.0,20.0,30.0,40.0,50.0,60.0,70.0,80.0
20.0,10.0,0.0,10.0,20.0,30.0,40.0,50.0,60.0,70.0
30.0,20.0,10.0,0.0,10.0,20.0,30.0,40.0,50.0,60.0
40.0,30.0,20.0,10.0,0.0,10.0,20.0,30.0,40.0,50.0
50.0,40.0,30.0,20.0,10.0,0.0,10.0,20.0,30.0,40.0
60.0,50.0,40.0,30.0,20.0,10.0,0.0,10.0,20.0,30.0
70.0,60.0,50.0,40.0,30.0,20.0,10.0,0.0,10.0,20.0
80.0,70.0,60.0,50.0,40.0,30.0,20.0,10.0,0.0,10.0
90.0,80.0,70.0,60.0,50.0,40.0,30.0,20.0,10.0,0.0
450.0,400.0,350.0,300.0,250.0,250.0,300.0,350.0,400.0,450.0
0.0,1.0,2.0,3.0,4.0,5.0,6.0,7.0,8.0,9.0
1.0,0.0,1.0,2.0,3.0,4.0,5.0,6.0,7.0,8.0
2.0,1.0,0.0,1.0,2.0,3.0,4.0,5.0,6.0,7.0
3.0,2.0,1.0,0.0,1.0,2.0,3.0,4.0,5.0,6.0
4.0,3.0,2.0,1.0,0.0,1.0,2.0,3.0,4.0,5.0
5.0,4.0,3.0,2.0,1.0,0.0,1.0,2.0,3.0,4.0
6.0,5.0,4.0,3.0,2.0,1.0,0.0,1.0,2.0,3.0
7.0,6.0,5.0,4.0,3.0,2.0,1.0,0.0,1.0,2.0
8.0,7.0,6.0,5.0,4.0,3.0,2.0,1.0,0.0,1.0
9.0,8.0,7.0,6.0,5.0,4.0,3.0,2.0,1.0,0.0
45.0,40.0,35.0,30.0,25.0,25.0,30.0,35.0,40.0,45.0
14.0,35.0,21.0,25.0,27.0,31.0,26.0,22.0,22.0,26.0,26.0,31.0,21.0,16.0,21.0,31.0,26.0,18.0,36.0,29.0,30.0,33.0,29.0,40.0,25.0,34.0,26.0,26.0,18.0,28.0,21.0,21.0,25.0,23.0,33.0,23.0,30.0,27.0,25.0,23.0,18.0,31.0,28.0,37.0,31.0,37.0,20.0,23.0,28.0,29.0
39.0,37.0,38.0,36.0,33.0,38.0,44.0,38.0,41.0,26.0,30.0,41.0,28.0,42.0,41.0,27.0,32.0,22.0,29.0,34.0,32.0,31.0,26.0,29.0,29.0,36.0,40.0,32.0,29.0,23.0,37.0,30.0,39.0,35.0,31.0,44.0,32.0,23.0,33.0,34.0,42.0,21.0,29.0,29.0,37.0,45.0,32.0,30.0,27.0,35.0
28.0,29.0,34.0,22.0,27.0,32.0,25.0,24.0,29.0,36.0,22.0,27.0,36.0,25.0,22.0,26.0,22.0,39.0,31.0,35.0,22.0,27.0,35.0,30.0,44.0,25.0,30.0,23.0,30.0,26.0,45.0,20.0,26.0,33.0,26.0,28.0,31.0,33.0,32.0,43.0,31.0,32.0,26.0,24.0,37.0,29.0,28.0,23.0,31.0,28.0
22.0,17.0,17.0,20.0,17.0,29.0,22.0,19.0,16.0,19.0,12.0,25.0,20.0,33.0,24.0,24.0,18.0,17.0,20.0,22.0,15.0,17.0,18.0,20.0,26.0,17.0,25.0,15.0,24.0,20.0,26.0,26.0,23.0,15.0,20.0,18.0,18.0,22.0,18.0,17.0,28.0,32.0,24.0,22.0,19.0,20.0,30.0,29.0,23.0,17.0
20.0,22.0,29.0,26.0,28.0,28.0,31.0,30.0,27.0,24.0,25.0,20.0,27.0,20.0,25.0,29.0,28.0,24.0,37.0,22.0,28.0,23.0,21.0,29.0,35.0,16.0,20.0,27.0,32.0,21.0,21.0,34.0,23.0,23.0,25.0,25.0,30.0,25.0,28.0,25.0,33.0,24.0,25.0,29.0,23.0,27.0,23.0,26.0,25.0,21.0
15.0,30.0,30.0,23.0,22.0,22.0,25.0,17.0,24.0,21.0,14.0,25.0,18.0,36.0,16.0,35.0,22.0,20.0,30.0,26.0,22.0,31.0,24.0,22.0,34.0,33.0,22.0,27.0,28.0,24.0,22.0,27.0,15.0,16.0,24.0,35.0,21.0,21.0,39.0,25.0,22.0,24.0,28.0,25.0,25.0,16.0,23.0,24.0,25.0,21.0
50.0,19.0,40.0,22.0,25.0,23.0,37.0,31.0,38.0,33.0,39.0,36.0,29.0,24.0,33.0,22.0,33.0,38.0,38.0,38.0,33.0,33.0,33.0,32.0,31.0,20.0,32.0,26.0,26.0,42.0,23.0,27.0,29.0,38.0,34.0,26.0,33.0,31.0,28.0,32.0,30.0,23.0,28.0,24.0,35.0,33.0,27.0,40.0,33.0,30.0
36.0,33.0,21.0,31.0,24.0,28.0,19.0,31.0,24.0,28.0,22.0,25.0,31.0,25.0,29.0,24.0,27.0,27.0,20.0,19.0,29.0,37.0,29.0,26.0,20.0,27.0,18.0,34.0,36.0,32.0,25.0,23.0,27.0,34.0,32.0,24.0,21.0,20.0,28.0,30.0,16.0,37.0,37.0,32.0,26.0,35.0,33.0,26.0,35.0,27.0
23.0,27.0,26.0,19.0,26.0,25.0,24.0,26.0,19.0,24.0,25.0,31.0,24.0,31.0,19.0,26.0,25.0,15.0,22.0,27.0,25.0,16.0,34.0,27.0,28.0,25.0,26.0,25.0,21.0,29.0,21.0,18.0,30.0,18.0,38.0,43.0,31.0,19.0,32.0,17.0,33.0,36.0,23.0,28.0,26.0,22.0,20.0,26.0,24.0,21.0
34.0,29.0,33.0,27.0,37.0,25.0,37.0,34.0,36.0,39.0,22.0,37.0,38.0,33.0,30.0,29.0,31.0,34.0,39.0,25.0,28.0,35.0,36.0,32.0,29.0,44.0,34.0,39.0,27.0,30.0,31.0,33.0,27.0,30.0,37.0,39.0,25.0,26.0,36.0,27.0,36.0,33.0,31.0,43.0,35.0,30.0,24.0,35.0,39.0,35.0
