10,50,1000
15.92358,16.138336,18.01551,19.181211,17.121752,17.789165,18.402218,18.357182,18.74906,19.521968
5.718315,6.795445,9.94844,6.953214,8.983558,7.906624,8.514901,8.509309,5.937399,7.151963
0.0,10.0,20.0,30.0,40.0,50.0,60.0,70.0,80.0,90.0
10.0,0.0,10.0,20.0,30.0,40.0,50.0,60.0,70.0,80.0
20.0,10.0,0.0,10.0,20.0,30.0,40.0,50.0,60.0,70.0
30.0,20.0,10.0,0.0,10.0,20.0,30.0,40.0,50.0,60.0
40.0,30.0,20.0,10.0,0.0,10.0,20.0,30.0,40.0,50.0
50.0,40.0,30.0,20.0,10.0,0.0,10.0,20.0,30.0,40.0
60.0,50.0,40.0,30.0,20.0,10.0,0.0,10.0,20.0,30.0
70.0,60.0,50.0,40.0,30.0,20.0,10.0,0.0,10.0,20.0
80.0,70.0,60.0,50.0,40.0,30.0,20.0,10.0,0.0,10.0
90.0,80.0,70.0,60.0,50.0,40.0,30.0,20.0,10.0,0.0
450.0,400.0,350.0,300.0,250.0,250.0,300.0,350.0,400.0,450.0
0.0,1.0,2.0,3.0,4.0,5.0,6.0,7.0,8.0,9.0
1.0,0.0,1.0,2.0,3.0,4.0,5.0,6.0,7.0,8.0
2.0,1.0,0.0,1.0,2.0,3.0,4.0,5.0,6.0,7.0
3.0,2.0,1.0,0.0,1.0,2.0,3.0,4.0,5.0,6.0
4.0,3.0,2.0,1.0,0.0,1.0,2.0,3.0,4.0,5.0
5.0,4.0,3.0,2.0,1.0,0.0,1.0,2.0,3.0,4.0
6.0,5.0,4.0,3.0,2.0,1.0,0.0,1.0,2.0,3.0
7.0,6.0,5.0,4.0,3.0,2.0,1.0,0.0,1.0,2.0
8.0,7.0,6.0,5.0,4.0,3.0,2.0,1.0,0.0,1.0
9.0,8.0,7.0,6.0,5.0,4.0,3.0,2.0,1.0,0.0
45.0,40.0,35.0,30.0,25.0,25.0,30.0,35.0,40.0,45.0
30.0,20.0,14.0,22.0,33.0,30.0,24.0,19.0,30.0,29.0,22.0,21.0,28.0,33.0,26.0,18.0,25.0,19.0,18.0,26.0,25.0,33.0,27.0,26.0,24.0,32.0,26.0,22.0,20.0,24.0,29.0,16.0,19.0,29.0,22.0,22.0,20.0,14.0,19.0,21.0,19.0,23.0,27.0,24.0,19.0,22.0,24.0,29.0,21.0,18.0
30.0,30.0,35.0,16.0,26.0,21.0,37.0,36.0,24.0,23.0,20.0,28.0,24.0,22.0,30.0,20.0,26.0,35.0,21.0,23.0,15.0,19.0,23.0,25.0,28.0,26.0,27.0,27.0,31.0,30.0,27.0,31.0,25.0,25.0,31.0,39.0,31.0,29.0,24.0,28.0,23.0,25.0,20.0,29.0,28.0,24.0,32.0,24.0,20.0,26.0
34.0,31.0,34.0,18.0,33.0,38.0,30.0,42.0,41.0,48.0,31.0,38.0,28.0,40.0,51.0,32.0,29.0,48.0,40.0,37.0,36.0,38.0,27.0,28.0,48.0,36.0,27.0,37.0,47.0,37.0,47.0,41.0,29.0,34.0,44.0,31.0,36.0,40.0,36.0,46.0,38.0,37.0,43.0,35.0,37.0,30.0,32.0,39.0,43.0,44.0
32.0,23.0,20.0,33.0,32.0,28.0,34.0,28.0,25.0,30.0,24.0,21.0,24.0,22.0,20.0,22.0,25.0,14.0,27.0,28.0,25.0,25.0,27.0,24.0,27.0,26.0,29.0,18.0,26.0,22.0,31.0,23.0,28.0,33.0,30.0,28.0,33.0,22.0,25.0,26.0,36.0,27.0,28.0,20.0,25.0,36.0,21.0,30.0,25.0,21.0
36.0,28.0,39.0,35.0,29.0,35.0,29.0,29.0,23.0,39.0,32.0,22.0,33.0,29.0,32.0,30.0,33.0,41.0,25.0,33.0,39.0,37.0,29.0,37.0,26.0,44.0,41.0,32.0,32.0,37.0,26.0,32.0,33.0,24.0,29.0,30.0,32.0,26.0,32.0,39.0,23.0,35.0,31.0,34.0,40.0,27.0,44.0,36.0,33.0,25.0
36.0,27.0,30.0,33.0,31.0,22.0,31.0,28.0,27.0,31.0,34.0,35.0,25.0,23.0,32.0,31.0,27.0,14.0,28.0,28.0,31.0,31.0,28.0,28.0,37.0,24.0,30.0,29.0,34.0,27.0,28.0,34.0,34.0,28.0,30.0,36.0,28.0,24.0,34.0,31.0,25.0,26.0,17.0,27.0,26.0,22.0,32.0,17.0,32.0,29.0
27.0,36.0,34.0,28.0,29.0,34.0,32.0,34.0,34.0,43.0,37.0,24.0,30.0,38.0,24.0,33.0,30.0,27.0,35.0,21.0,36.0,39.0,37.0,27.0,28.0,36.0,35.0,25.0,32.0,25.0,37.0,32.0,25.0,30.0,31.0,39.0,22.0,32.0,43.0,33.0,52.0,35.0,30.0,31.0,44.0,35.0,31.0,29.0,32.0,34.0
39.0,25.0,41.0,26.0,44.0,23.0,29.0,26.0,35.0,34.0,31.0,37.0,30.0,26.0,34.0,38.0,34.0,33.0,28.0,22.0,31.0,32.0,30.0,39.0,27.0,28.0,31.0,28.0,38.0,24.0,27.0,33.0,36.0,39.0,24.0,39.0,38.0,30.0,33.0,50.0,22.0,31.0,39.0,39.0,32.0,30.0,27.0,32.0,27.0,32.0
20.0,26.0,29.0,23.0,26.0,17.0,19.0,30.0,19.0,29.0,15.0,19.0,15.0,34.0,27.0,20.0,30.0,28.0,22.0,20.0,29.0,20.0,24.0,30.0,25.0,25.0,22.0,23.0,29.0,22.0,29.0,21.0,27.0,32.0,15.0,29.0,22.0,18.0,14.0,22.0,19.0,32.0,21.0,29.0,18.0,24.0,16.0,17.0,24.0,29.0
21.0,34.0,31.0,22.0,26.0,35.0,33.0,20.0,22.0,38.0,27.0,24.0,35.0,33.0,40.0,28.0,23.0,30.0,26.0,22.0,27.0,21.0,36.0,35.0,29.0,26.0,28.0,28.0,31.0,20.0,32.0,25.0,33.0,27.0,25.0,27.0,24.0,28.0,31.0,23.0,27.0,27.0,27.0,25.0,22.0,30.0,30.0,25.0,28.0,25.0
