10,50,1000
15.747431,18.843999,17.577637,19.781875,15.637008,16.882702,16.87316,17.956775,18.248045,19.700369
7.859804,8.25382,8.744315,5.931892,7.278188,5.180599,5.453515,7.103489,7.959356,8.833464
0.0,10.0,20.0,30.0,40.0,50.0,60.0,70.0,80.0,90.0
10.0,0.0,10.0,20.0,30.0,40.0,50.0,60.0,70.0,80.0
20.0,10.0,0.0,10.0,20.0,30.0,40.0,50.0,60.0,70.0
30.0,20.0,10.0,0.0,10.0,20.0,30.0,40.0,50.0,60.0
40.0,30.0,20.0,10.0,0.0,10.0,20.0,30.0,40.0,50.0
50.0,40.0,30.0,20.0,10.0,0.0,10.0,20.0,30.0,40.0
60.0,50.0,40.0,30.0,20.0,10.0,0.0,10.0,20.0,30.0
70.0,60.0,50.0,40.0,30.0,20.0,10.0,0.0,10.0,20.0
80.0,70.0,60.0,50.0,40.0,30.0,20.0,10.0,0.0,10.0
90.0,80.0,70.0,60.0,50.0,40.0,30.0,20.0,10.0,0.0
450.0,400.0,350.0,300.0,250.0,250.0,300.0,350.0,400.0,450.0
0.0,1.0,2.0,3.0,4.0,5.0,6.0,7.0,8.0,9.0
1.0,0.0,1.0,2.0,3.0,4.0,5.0,6.0,7.0,8.0
2.0,1.0,0.0,1.0,2.0,3.0,4.0,5.0,6.0,7.0
3.0,2.0,1.0,0.0,1.0,2.0,3.0,4.0,5.0,6.0
4.0,3.0,2.0,1.0,0.0,1.0,2.0,3.0,4.0,5.0
5.0,4.0,3.0,2.0,1.0,0.0,1.0,2.0,3.0,4.0
6.0,5.0,4.0,3.0,2.0,1.0,0.0,1.0,2.0,3.0
7.0,6.0,5.0,4.0,3.0,2.0,1.0,0.0,1.0,2.0
8.0,7.0,6.0,5.0,4.0,3.0,2.0,1.0,0.0,1.0
9.0,8.0,7.0,6.0,5.0,4.0,3.0,2.0,1.0,0.0
45.0,40.0,35.0,30.0,25.0,25.0,30.0,35.0,40.0,45.0
33.0,30.0,27.0,28.0,31.0,29.0,26.0,24.0,26.0,24.0,30.0,26.0,34.0,32.0,23.0,39.0,20.0,36.0,31.0,36.0,30.0,19.0,34.0,31.0,19.0,31.0,31.0,28.0,25.0,26.0,21.0,26.0,30.0,37.0,32.0,30.0,27.0,24.0,26.0,35.0,33.0,28.0,27.0,34.0,25.0,23.0,29.0,26.0,25.0,33.0
25.0,25.0,26.0,33.0,30.0,35.0,41.0,25.0,25.0,36.0,19.0,29.0,31.0,35.0,30.0,39.0,30.0,37.0,42.0,27.0,31.0,31.0,32.0,36.0,36.0,35.0,25.0,25.0,31.0,32.0,39.0,36.0,31.0,41.0,39.0,36.0,26.0,50.0,34.0,30.0,39.0,34.0,24.0,26.0,44.0,25.0,33.0,36.0,38.0,29.0
33.0,29.0,37.0,37.0,48.0,35.0,23.0,34.0,33.0,34.0,40.0,28.0,35.0,30.0,34.0,31.0,25.0,45.0,47.0,36.0,36.0,33.0,27.0,32.0,41.0,40.0,23.0,41.0,29.0,35.0,25.0,44.0,31.0,46.0,34.0,32.0,39.0,23.0,32.0,38.0,33.0,49.0,34.0,30.0,27.0,29.0,41.0,25.0,32.0,30.0
30.0,22.0,31.0,19.0,29.0,28.0,21.0,26.0,27.0,26.0,23.0,15.0,29.0,29.0,31.0,26.0,32.0,26.0,20.0,27.0,24.0,24.0,27.0,20.0,22.0,25.0,20.0,20.0,20.0,25.0,27.0,28.0,24.0,19.0,16.0,23.0,28.0,21.0,23.0,27.0,26.0,31.0,33.0,15.0,20.0,16.0,26.0,20.0,23.0,21.0
39.0,32.0,26.0,32.0,33.0,25.0,32.0,27.0,26.0,27.0,26.0,26.0,28.0,30.0,25.0,20.0,35.0,32.0,19.0,25.0,26.0,28.0,26.0,23.0,19.0,29.0,28.0,19.0,30.0,25.0,27.0,21.0,24.0,17.0,24.0,20.0,27.0,20.0,22.0,28.0,31.0,20.0,22.0,31.0,24.0,25.0,21.0,24.0,38.0,22.0
23.0,20.0,27.0,16.0,15.0,20.0,21.0,28.0,17.0,27.0,25.0,19.0,25.0,25.0,22.0,26.0,21.0,19.0,19.0,30.0,14.0,14.0,17.0,17.0,32.0,28.0,23.0,18.0,13.0,17.0,25.0,20.0,21.0,24.0,22.0,22.0,24.0,23.0,20.0,18.0,25.0,15.0,24.0,28.0,21.0,30.0,22.0,26.0,19.0,20.0
19.0,17.0,18.0,23.0,18.0,21.0,23.0,17.0,22.0,19.0,26.0,21.0,23.0,23.0,24.0,23.0,34.0,23.0,28.0,20.0,13.0,33.0,23.0,24.0,19.0,30.0,21.0,23.0,28.0,19.0,23.0,24.0,38.0,25.0,19.0,26.0,20.0,22.0,17.0,22.0,16.0,28.0,22.0,18.0,28.0,36.0,26.0,25.0,17.0,21.0
28.0,21.0,30.0,27.0,22.0,28.0,26.0,37.0,38.0,27.0,19.0,24.0,29.0,21.0,30.0,26.0,28.0,21.0,28.0,29.0,26.0,26.0,19.0,26.0,35.0,27.0,30.0,16.0,28.0,29.0,29.0,24.0,26.0,26.0,32.0,22.0,32.0,29.0,28.0,31.0,31.0,31.0,25.0,49.0,23.0,37.0,28.0,21.0,28.0,33.0
26.0,30.0,29.0,33.0,22.0,25.0,27.0,20.0,36.0,33.0,38.0,26.0,27.0,38.0,26.0,29.0,27.0,30.0,36.0,22.0,24.0,40.0,29.0,30.0,35.0,29.0,42.0,28.0,35.0,33.0,28.0,30.0,30.0,30.0,32.0,38.0,30.0,30.0,32.0,33.0,20.0,33.0,27.0,34.0,32.0,26.0,25.0,28.0,28.0,16.0
41.0,39.0,29.0,28.0,34.0,34.0,33.0,32.0,39.0,38.0,31.0,37.0,36.0,41.0,27.0,36.0,36.0,33.0,39.0,38.0,37.0,38.0,37.0,38.0,34.0,31.0,25.0,25.0,32.0,34.0,35.0,34.0,39.0,39.0,46.0,26.0,26.0,38.0,34.0,31.0,31.0,26.0,36.0,38.0,44.0,30.0,34.0,30.0,28.0,28.0
