10,50,1000
17.457072,17.315021,19.098364,18.06313,15.247661,19.187734,18.009416,17.335833,18.959389,17.618815
9.97737,9.24305,6.302926,9.379038,8.516068,5.701559,6.283727,7.15653,6.530855,6.793755
0.0,10.0,20.0,30.0,40.0,50.0,60.0,70.0,80.0,90.0
10.0,0.0,10.0,20.0,30.0,40.0,50.0,60.0,70.0,80.0
20.0,10.0,0.0,10.0,20.0,30.0,40.0,50.0,60.0,70.0
30.0,20.0,10.0,0.0,10.0,20.0,30.0,40.0,50.0,60.0
40.0,30.0,20.0,10.0,0.0,10.0,20.0,30.0,40.0,50.0
50.0,40.0,30.0,20.0,10.0,0.0,10.0,20.0,30.0,40.0
60.0,50.0,40.0,30.0,20.0,10.0,0.0,10.0,20.0,30.0
70.0,60.0,50.0,40.0,30.0,20.0,10.0,0.0,10.0,20.0
80.0,70.0,60.0,50.0,40.0,30.0,20.0,10.0,0.0,10.0
90.0,80.0,70.0,60.0,50.0,40.0,30.0,20.0,10.0,0.0
450.0,400.0,350.0,300.0,250.0,250.0,300.0,350.0,400.0,450.0
0.0,1.0,2.0,3.0,4.0,5.0,6.0,7.0,8.0,9.0
1.0,0.0,1.0,2.0,3.0,4.0,5.0,6.0,7.0,8.0
2.0,1.0,0.0,1.0,2.0,3.0,4.0,5.0,6.0,7.0
3.0,2.0,1.0,0.0,1.0,2.0,3.0,4.0,5.0,6.0
4.0,3.0,2.0,1.0,0.0,1.0,2.0,3.0,4.0,5.0
5.0,4.0,3.0,2.0,1.0,0.0,1.0,2.0,3.0,4.0
6.0,5.0,4.0,3.0,2.0,1.0,0.0,1.0,2.0,3.0
7.0,6.0,5.0,4.0,3.0,2.0,1.0,0.0,1.0,2.0
8.0,7.0,6.0,5.0,4.0,3.0,2.0,1.0,0.0,1.0
9.0,8.0,7.0,6.0,5.0,4.0,3.0,2.0,1.0,0.0
45.0,40.0,35.0,30.0,25.0,25.0,30.0,35.0,40.0,45.0
31.0,39.0,25.0,26.0,38.0,43.0,35.0,40.0,36.0,35.0,38.0,38.0,43.0,32.0,40.0,40.0,44.0,35.0,37.0,34.0,31.0,33.0,32.0,38.0,38.0,33.0,31.0,43.0,51.0,36.0,30.0,56.0,43.0,50.0,33.0,37.0,28.0,47.0,30.0,40.0,42.0,26.0,36.0,34.0,38.0,39.0,37.0,36.0,45.0,40.0
25.0,31.0,32.0,39.0,37.0,32.0,27.0,39.0,37.0,32.0,35.0,32.0,35.0,30.0,25.0,40.0,46.0,36.0,39.0,37.0,40.0,32.0,32.0,43.0,35.0,40.0,28.0,30.0,27.0,36.0,29.0,35.0,39.0,44.0,31.0,36.0,27.0,42.0,35.0,34.0,37.0,32.0,27.0,32.0,41.0,25.0,27.0,40.0,28.0,33.0
27.0,27.0,30.0,26.0,20.0,27.0,26.0,35.0,27.0,25.0,29.0,23.0,30.0,27.0,28.0,21.0,22.0,26.0,32.0,26.0,19.0,28.0,23.0,22.0,17.0,24.0,27.0,33.0,34.0,29.0,22.0,34.0,22.0,20.0,26.0,29.0,27.0,23.0,21.0,21.0,22.0,22.0,31.0,36.0,25.0,27.0,21.0,27.0,30.0,24.0
38.0,36.0,30.0,41.0,35.0,46.0,46.0,47.0,45.0,44.0,41.0,31.0,33.0,37.0,30.0,26.0,37.0,33.0,27.0,41.0,39.0,33.0,35.0,30.0,27.0,28.0,33.0,38.0,39.0,28.0,34.0,36.0,37.0,42.0,38.0,28.0,31.0,41.0,37.0,30.0,42.0,31.0,43.0,33.0,36.0,40.0,33.0,36.0,31.0,36.0
26.0,39.0,19.0,27.0,26.0,25.0,28.0,24.0,23.0,25.0,28.0,21.0,33.0,32.0,35.0,29.0,34.0,27.0,28.0,31.0,32.0,26.0,24.0,37.0,22.0,38.0,31.0,28.0,31.0,31.0,30.0,39.0,33.0,31.0,38.0,26.0,32.0,28.0,37.0,32.0,23.0,36.0,22.0,36.0,33.0,44.0,29.0,41.0,44.0,32.0
20.0,22.0,25.0,23.0,21.0,21.0,23.0,30.0,23.0,28.0,24.0,22.0,25.0,21.0,19.0,24.0,20.0,24.0,26.0,27.0,26.0,24.0,19.0,26.0,26.0,15.0,25.0,24.0,24.0,22.0,19.0,27.0,20.0,26.0,16.0,17.0,22.0,21.0,21.0,23.0,22.0,23.0,21.0,29.0,30.0,22.0,34.0,23.0,25.0,15.0
29.0,22.0,20.0,26.0,21.0,19.0,30.0,21.0,23.0,22.0,31.0,31.0,25.0,26.0,26.0,21.0,29.0,28.0,23.0,26.0,38.0,22.0,28.0,20.0,24.0,23.0,20.0,17.0,38.0,29.0,27.0,23.0,21.0,19.0,23.0,28.0,29.0,18.0,21.0,25.0,24.0,17.0,27.0,26.0,23.0,28.0,26.0,27.0,18.0,18.0
24.0,30.0,25.0,29.0,28.0,35.0,32.0,27.0,25.0,24.0,24.0,27.0,25.0,34.0,35.0,40.0,33.0,33.0,34.0,35.0,30.0,35.0,29.0,26.0,22.0,30.0,26.0,33.0,28.0,23.0,31.0,34.0,26.0,37.0,24.0,23.0,36.0,36.0,20.0,28.0,30.0,31.0,33.0,42.0,25.0,29.0,38.0,19.0,29.0,28.0
26.0,38.0,25.0,23.0,27.0,23.0,26.0,25.0,31.0,30.0,27.0,26.0,29.0,22.0,31.0,23.0,24.0,33.0,27.0,24.0,23.0,36.0,17.0,19.0,22.0,27.0,21.0,21.0,19.0,34.0,23.0,25.0,30.0,20.0,32.0,27.0,18.0,23.0,33.0,21.0,25.0,25.0,34.0,28.0,22.0,23.0,32.0,23.0,33.0,23.0
24.0,24.0,28.0,40.0,34.0,34.0,21.0,31.0,25.0,24.0,30.0,24.0,32.0,29.0,34.0,25.0,27.0,29.0,27.0,28.0,28.0,21.0,26.0,40.0,27.0,27.0,18.0,27.0,27.0,38.0,34.0,37.0,21.0,28.0,29.0,30.0,28.0,30.0,22.0,25.0,23.0,23.0,24.0,27.0,26.0,26.0,15.0,33.0,33.0,38.0
