10,50,1000
19.446291,18.307216,17.529207,18.922295,17.902558,17.382842,15.083814,19.30229,19.519169,17.874576
5.135454,7.170985,5.804804,7.613282,9.013225,6.181058,8.032224,5.836049,6.602886,8.104219
0.0,10.0,20.0,30.0,40.0,50.0,60.0,70.0,80.0,90.0
10.0,0.0,10.0,20.0,30.0,40.0,50.0,60.0,70.0,80.0
20.0,10.0,0.0,10.0,20.0,30.0,40.0,50.0,60.0,70.0
30.0,20.0,10.0,0.0,10.0,20.0,30.0,40.0,50.0,60.0
40.0,30.0,20.0,10.0,0.0,10.0,20.0,30.0,40.0,50.0
50.0,40.0,30.0,20.0,10.0,0.0,10.0,20.0,30.0,40.0
60.0,50.0,40.0,30.0,20.0,10.0,0.0,10.0,20.0,30.0
70.0,60.0,50.0,40.0,30.0,20.0,10.0,0.0,10.0,20.0
80.0,70.0,60.0,50.0,40.0,30.0,20.0,10.0,0.0,10.0
90.0,80.0,70.0,60.0,50.0,40.0,30.0,20.0,10.0,0.0
450.0,400.0,350.0,300.0,250.0,250.0,300.0,350.0,400.0,450.0
0.0,1.0,2.0,3.0,4.0,5.0,6.0,7.0,8.0,9.0
1.0,0.0,1.0,2.0,3.0,4.0,5.0,6.0,7.0,8.0
2.0,1.0,0.0,1.0,2.0,3.0,4.0,5.0,6.0,7.0
3.0,2.0,1.0,0.0,1.0,2.0,3.0,4.0,5.0,6.0
4.0,3.0,2.0,1.0,0.0,1.0,2.0,3.0,4.0,5.0
5.0,4.0,3.0,2.0,1.0,0.0,1.0,2.0,3.0,4.0
6.0,5.0,4.0,3.0,2.0,1.0,0.0,1.0,2.0,3.0
7.0,6.0,5.0,4.0,3.0,2.0,1.0,0.0,1.0,2.0
8.0,7.0,6.0,5.0,4.0,3.0,2.0,1.0,0.0,1.0
9.0,8.0,7.0,6.0,5.0,4.0,3.0,2.0,1.0,0.0
45.0,40.0,35.0,30.0,25.0,25.0,30.0,35.0,40.0,45.0
18.0,21.0,14.0,18.0,21.0,20.0,23.0,32.0,16.0,21.0,21.0,17.0,23.0,24.0,19.0,20.0,34.0,25.0,24.0,25.0,23.0,28.0,29.0,21.0,22.0,20.0,16.0,22.0,23.0,20.0,21.0,21.0,20.0,23.0,18.0,32.0,25.0,24.0,20.0,17.0,22.0,28.0,17.0,18.0,29.0,27.0,26.0,13.0,32.0,23.0
31.0,27.0,25.0,29.0,25.0,41.0,33.0,34.0,24.0,31.0,28.0,31.0,31.0,31.0,29.0,25.0,24.0,32.0,34.0,28.0,22.0,33.0,27.0,15.0,32.0,26.0,27.0,27.0,20.0,22.0,29.0,30.0,33.0,27.0,25.0,23.0,26.0,37.0,26.0,19.0,28.0,29.0,27.0,20.0,22.0,31.0,37.0,33.0,31.0,28.0
22.0,16.0,25.0,30.0,28.0,30.0,19.0,22.0,29.0,21.0,28.0,17.0,23.0,22.0,21.0,17.0,25.0,14.0,24.0,22.0,34.0,22.0,20.0,19.0,16.0,26.0,22.0,22.0,23.0,20.0,30.0,27.0,15.0,19.0,25.0,22.0,17.0,23.0,29.0,30.0,25.0,29.0,26.0,18.0,18.0,20.0,23.0,30.0,23.0,26.0
37.0,26.0,26.0,30.0,30.0,36.0,27.0,26.0,34.0,30.0,18.0,30.0,29.0,32.0,30.0,31.0,40.0,26.0,35.0,31.0,25.0,24.0,28.0,30.0,27.0,36.0,29.0,33.0,26.0,40.0,27.0,38.0,33.0,34.0,29.0,38.0,27.0,27.0,29.0,36.0,28.0,31.0,41.0,35.0,24.0,33.0,42.0,25.0,34.0,20.0
19.0,30.0,29.0,36.0,28.0,35.0,31.0,25.0,45.0,35.0,32.0,40.0,40.0,22.0,40.0,52.0,25.0,38.0,35.0,30.0,26.0,29.0,38.0,29.0,21.0,33.0,32.0,26.0,27.0,50.0,37.0,25.0,29.0,41.0,27.0,33.0,33.0,24.0,32.0,31.0,32.0,33.0,30.0,33.0,23.0,28.0,27.0,28.0,35.0,26.0
19.0,28.0,23.0,25.0,18.0,31.0,31.0,25.0,30.0,29.0,12.0,27.0,30.0,14.0,20.0,28.0,17.0,29.0,25.0,31.0,25.0,24.0,31.0,24.0,21.0,23.0,34.0,17.0,29.0,18.0,18.0,18.0,21.0,26.0,20.0,18.0,30.0,25.0,26.0,21.0,26.0,26.0,27.0,25.0,23.0,24.0,23.0,18.0,30.0,24.0
37.0,32.0,24.0,35.0,27.0,22.0,39.0,28.0,22.0,38.0,23.0,22.0,32.0,38.0,32.0,22.0,32.0,38.0,31.0,24.0,30.0,33.0,29.0,33.0,35.0,31.0,33.0,32.0,30.0,37.0,23.0,29.0,27.0,32.0,32.0,29.0,33.0,38.0,28.0,29.0,26.0,33.0,32.0,25.0,29.0,32.0,35.0,31.0,36.0,23.0
26.0,32.0,31.0,24.0,23.0,19.0,25.0,25.0,30.0,23.0,27.0,25.0,30.0,19.0,25.0,30.0,21.0,19.0,31.0,29.0,26.0,18.0,33.0,18.0,18.0,26.0,28.0,21.0,20.0,21.0,25.0,29.0,22.0,28.0,23.0,23.0,25.0,16.0,24.0,26.0,26.0,16.0,23.0,19.0,22.0,18.0,30.0,26.0,28.0,19.0
26.0,33.0,25.0,26.0,25.0,30.0,25.0,28.0,19.0,38.0,26.0,28.0,30.0,29.0,26.0,36.0,17.0,23.0,22.0,29.0,30.0,24.0,19.0,24.0,34.0,18.0,35.0,27.0,27.0,33.0,22.0,18.0,30.0,32.0,27.0,42.0,27.0,31.0,33.0,19.0,28.0,26.0,29.0,24.0,30.0,22.0,25.0,28.0,25.0,23.0
19.0,30.0,32.0,30.0,32.0,31.0,29.0,28.0,33.0,33.0,25.0,28.0,30.0,31.0,30.0,25.0,31.0,31.0,37.0,29.0,32.0,29.0,25.0,37.0,28.0,26.0,36.0,30.0,26.0,34.0,29.0,21.0,26.0,34.0,22.0,41.0,33.0,29.0,27.0,37.0,38.0,39.0,24.0,39.0,27.0,31.0,38.0,38.0,31.0,33.0
