10,50,1000
15.811285,15.738335,19.890046,17.747189,16.802881,18.481705,18.086377,16.60546,19.322541,18.42226
7.565696,7.811678,6.220532,6.852759,9.794361,7.954144,6.963941,8.13039,8.662906,5.253056
0.0,10.0,20.0,30.0,40.0,50.0,60.0,70.0,80.0,90.0
10.0,0.0,10.0,20.0,30.0,40.0,50.0,60.0,70.0,80.0
20.0,10.0,0.0,10.0,20.0,30.0,40.0,50.0,60.0,70.0
30.0,20.0,10.0,0.0,10.0,20.0,30.0,40.0,50.0,60.0
40.0,30.0,20.0,10.0,0.0,10.0,20.0,30.0,40.0,50.0
50.0,40.0,30.0,20.0,10.0,0.0,10.0,20.0,30.0,40.0
60.0,50.0,40.0,30.0,20.0,10.0,0.0,10.0,20.0,30.0
70.0,60.0,50.0,40.0,30.0,20.0,10.0,0.0,10.0,20.0
80.0,70.0,60.0,50.0,40.0,30.0,20.0,10.0,0.0,10.0
90.0,80.0,70.0,60.0,50.0,40.0,30.0,20.0,10.0,0.0
450.0,400.0,350.0,300.0,250.0,250.0,300.0,350.0,400.0,450.0
0.0,1.0,2.0,3.0,4.0,5.0,6.0,7.0,8.0,9.0
1.0,0.0,1.0,2.0,3.0,4.0,5.0,6.0,7.0,8.0
2.0,1.0,0.0,1.0,2.0,3.0,4.0,5.0,6.0,7.0
3.0,2.0,1.0,0.0,1.0,2.0,3.0,4.0,5.0,6.0
4.0,3.0,2.0,1.0,0.0,1.0,2.0,3.0,4.0,5.0
5.0,4.0,3.0,2.0,1.0,0.0,1.0,2.0,3.0,4.0
6.0,5.0,4.0,3.0,2.0,1.0,0.0,1.0,2.0,3.0
7.0,6.0,5.0,4.0,3.0,2.0,1.0,0.0,1.0,2.0
8.0,7.0,6.0,5.0,4.0,3.0,2.0,1.0,0.0,1.0
9.0,8.0,7.0,6.0,5.0,4.0,3.0,2.0,1.0,0.0
45.0,40.0,35.0,30.0,25.0,25.0,30.0,35.0,40.0,45.0
21.0,30.0,21.0,28.0,34.0,33.0,25.0,31.0,28.0,25.0,39.0,16.0,28.0,31.0,33.0,28.0,29.0,24.0,26.0,25.0,23.0,23.0,35.0,30.0,24.0,30.0,36.0,32.0,25.0,33.0,22.0,32.0,39.0,37.0,30.0,24.0,30.0,21.0,24.0,22.0,22.0,27.0,42.0,26.0,38.0,30.0,35.0,31.0,25.0,25.0
33.0,26.0,27.0,22.0,30.0,18.0,35.0,31.0,30.0,26.0,29.0,28.0,29.0,27.0,39.0,26.0,30.0,29.0,19.0,37.0,22.0,36.0,30.0,25.0,37.0,27.0,34.0,22.0,29.0,30.0,35.0,27.0,34.0,32.0,30.0,37.0,28.0,24.0,27.0,29.0,21.0,32.0,36.0,19.0,33.0,27.0,41.0,26.0,33.0,35.0
18.0,25.0,26.0,20.0,25.0,34.0,26.0,35.0,25.0,20.0,28.0,27.0,34.0,18.0,17.0,25.0,25.0,26.0,27.0,25.0,22.0,21.0,23.0,22.0,31.0,27.0,23.0,20.0,25.0,32.0,28.0,21.0,23.0,19.0,25.0,27.0,28.0,25.0,23.0,23.0,19.0,24.0,25.0,26.0,30.0,19.0,29.0,22.0,27.0,19.0
29.0,28.0,24.0,24.0,29.0,27.0,20.0,22.0,28.0,24.0,27.0,34.0,34.0,25.0,24.0,25.0,33.0,24.0,31.0,23.0,39.0,29.0,23.0,32.0,25.0,33.0,28.0,35.0,16.0,24.0,16.0,29.0,23.0,24.0,23.0,27.0,23.0,33.0,26.0,26.0,37.0,25.0,28.0,26.0,24.0,24.0,32.0,27.0,24.0,29.0
45.0,38.0,36.0,36.0,30.0,36.0,38.0,35.0,34.0,35.0,42.0,35.0,37.0,29.0,30.0,37.0,36.0,29.0,47.0,40.0,29.0,31.0,46.0,26.0,45.0,44.0,33.0,47.0,49.0,28.0,45.0,27.0,35.0,31.0,34.0,42.0,50.0,44.0,25.0,30.0,41.0,37.0,40.0,41.0,36.0,41.0,37.0,36.0,32.0,27.0
29.0,30.0,31.0,23.0,27.0,27.0,28.0,26.0,28.0,29.0,39.0,30.0,34.0,26.0,28.0,39.0,31.0,28.0,22.0,25.0,45.0,23.0,30.0,34.0,35.0,28.0,28.0,31.0,34.0,33.0,24.0,32.0,25.0,31.0,28.0,37.0,27.0,28.0,28.0,32.0,25.0,25.0,35.0,27.0,28.0,27.0,27.0,27.0,41.0,28.0
32.0,19.0,32.0,22.0,22.0,31.0,24.0,27.0,25.0,25.0,25.0,22.0,29.0,25.0,27.0,27.0,29.0,28.0,37.0,21.0,32.0,26.0,16.0,34.0,27.0,15.0,28.0,27.0,18.0,35.0,24.0,24.0,24.0,30.0,29.0,28.0,30.0,33.0,27.0,26.0,27.0,25.0,30.0,36.0,26.0,35.0,24.0,25.0,23.0,21.0
33.0,33.0,39.0,27.0,26.0,32.0,29.0,30.0,26.0,31.0,23.0,31.0,26.0,28.0,31.0,26.0,30.0,25.0,35.0,35.0,29.0,24.0,36.0,30.0,29.0,25.0,32.0,28.0,33.0,19.0,33.0,29.0,24.0,27.0,30.0,21.0,32.0,31.0,30.0,33.0,32.0,25.0,26.0,40.0,29.0,35.0,31.0,31.0,38.0,21.0
50.0,33.0,20.0,34.0,43.0,35.0,22.0,31.0,33.0,35.0,41.0,29.0,27.0,37.0,29.0,25.0,23.0,35.0,34.0,41.0,34.0,41.0,36.0,32.0,33.0,37.0,32.0,39.0,35.0,41.0,32.0,29.0,25.0,30.0,38.0,32.0,25.0,32.0,30.0,34.0,29.0,34.0,36.0,30.0,39.0,42.0,37.0,46.0,43.0,36.0
26.0,19.0,22.0,20.0,29.0,22.0,25.0,20.0,17.0,18.0,23.0,17.0,27.0,25.0,23.0,20.0,22.0,28.0,21.0,21.0,16.0,19.0,24.0,25.0,24.0,23.0,15.0,15.0,22.0,21.0,27.0,18.0,22.0,23.0,19.0,23.0,21.0,18.0,20.0,29.0,23.0,24.0,27.0,25.0,29.0,18.0,31.0,19.0,21.0,17.0
