10,50,1000
18.958429,19.504505,19.001948,19.759474,16.828744,16.001211,19.146356,18.593624,17.340632,16.9616
8.990127,7.864972,5.505742,6.295849,9.676085,6.520501,5.718278,6.273786,6.618193,5.081992
0.0,10.0,20.0,30.0,40.0,50.0,60.0,70.0,80.0,90.0
10.0,0.0,10.0,20.0,30.0,40.0,50.0,60.0,70.0,80.0
20.0,10.0,0.0,10.0,20.0,30.0,40.0,50.0,60.0,70.0
30.0,20.0,10.0,0.0,10.0,20.0,30.0,40.0,50.0,60.0
40.0,30.0,20.0,10.0,0.0,10.0,20.0,30.0,40.0,50.0
50.0,40.0,30.0,20.0,10.0,0.0,10.0,20.0,30.0,40.0
60.0,50.0,40.0,30.0,20.0,10.0,0.0,10.0,20.0,30.0
70.0,60.0,50.0,40.0,30.0,20.0,10.0,0.0,10.0,20.0
80.0,70.0,60.0,50.0,40.0,30.0,20.0,10.0,0.0,10.0
90.0,80.0,70.0,60.0,50.0,40.0,30.0,20.0,10.0,0.0
450.0,400.0,350.0,300.0,250.0,250.0,300.0,350.0,400.0,450.0
0.0,1.0,2.0,3.0,4.0,5.0,6.0,7.0,8.0,9.0
1.0,0.0,1.0,2.0,3.0,4.0,5.0,6.0,7.0,8.0
2.0,1.0,0.0,1.0,2.0,3.0,4.0,5.0,6.0,7.0
3.0,2.0,1.0,0.0,1.0,2.0,3.0,4.0,5.0,6.0
4.0,3.0,2.0,1.0,0.0,1.0,2.0,3.0,4.0,5.0
5.0,4.0,3.0,2.0,1.0,0.0,1.0,2.0,3.0,4.0
6.0,5.0,4.0,3.0,2.0,1.0,0.0,1.0,2.0,3.0
7.0,6.0,5.0,4.0,3.0,2.0,1.0,0.0,1.0,2.0
8.0,7.0,6.0,5.0,4.0,3.0,2.0,1.0,0.0,1.0
9.0,8.0,7.0,6.0,5.0,4.0,3.0,2.0,1.0,0.0
45.0,40.0,35.0,30.0,25.0,25.0,30.0,35.0,40.0,45.0
37.0,39.0,31.0,29.0,35.0,39.0,28.0,31.0,31.0,37.0,39.0,37.0,23.0,33.0,40.0,28.0,32.0,37.0,44.0,37.0,36.0,35.0,27.0,37.0,25.0,43.0,40.0,35.0,34.0,30.0,28.0,45.0,31.0,35.0,29.0,36.0,36.0,36.0,32.0,40.0,35.0,30.0,25.0,32.0,40.0,42.0,29.0,32.0,36.0,34.0
32.0,30.0,29.0,21.0,32.0,28.0,36.0,34.0,31.0,27.0,24.0,41.0,33.0,43.0,39.0,34.0,39.0,30.0,32.0,30.0,25.0,35.0,26.0,31.0,33.0,37.0,33.0,30.0,39.0,30.0,26.0,29.0,40.0,34.0,35.0,20.0,33.0,31.0,37.0,31.0,37.0,34.0,27.0,36.0,27.0,20.0,36.0,28.0,23.0,23.0
19.0,25.0,24.0,23.0,24.0,26.0,21.0,30.0,19.0,21.0,27.0,21.0,24.0,23.0,17.0,28.0,28.0,24.0,20.0,28.0,27.0,24.0,28.0,30.0,22.0,24.0,27.0,27.0,31.0,21.0,18.0,29.0,19.0,25.0,15.0,16.0,25.0,23.0,30.0,25.0,22.0,31.0,21.0,24.0,21.0,21.0,24.0,20.0,26.0,21.0
24.0,28.0,20.0,32.0,18.0,20.0,31.0,35.0,30.0,23.0,18.0,25.0,31.0,35.0,24.0,27.0,27.0,37.0,21.0,28.0,28.0,31.0,21.0,19.0,24.0,30.0,22.0,21.0,27.0,29.0,29.0,27.0,19.0,20.0,31.0,22.0,22.0,32.0,22.0,35.0,16.0,24.0,31.0,25.0,27.0,26.0,17.0,24.0,18.0,24.0
28.0,31.0,37.0,38.0,28.0,32.0,26.0,35.0,41.0,35.0,26.0,31.0,23.0,56.0,41.0,35.0,29.0,40.0,33.0,37.0,41.0,43.0,30.0,25.0,29.0,40.0,33.0,31.0,35.0,40.0,42.0,26.0,38.0,20.0,39.0,28.0,24.0,50.0,31.0,40.0,42.0,29.0,32.0,35.0,37.0,26.0,40.0,49.0,40.0,32.0
23.0,28.0,23.0,27.0,21.0,24.0,14.0,29.0,23.0,29.0,23.0,29.0,30.0,25.0,19.0,19.0,29.0,31.0,21.0,33.0,24.0,26.0,25.0,34.0,20.0,22.0,25.0,32.0,31.0,29.0,32.0,31.0,23.0,38.0,29.0,18.0,32.0,21.0,24.0,27.0,24.0,25.0,24.0,32.0,24.0,22.0,30.0,31.0,21.0,26.0
22.0,31.0,23.0,22.0,16.0,24.0,19.0,22.0,28.0,19.0,16.0,16.0,21.0,26.0,22.0,42.0,23.0,29.0,22.0,26.0,29.0,17.0,36.0,17.0,26.0,27.0,20.0,20.0,26.0,22.0,21.0,22.0,23.0,21.0,21.0,34.0,27.0,33.0,30.0,27.0,24.0,27.0,17.0,25.0,20.0,19.0,31.0,17.0,33.0,16.0
27.0,29.0,34.0,28.0,25.0,18.0,25.0,30.0,13.0,21.0,20.0,21.0,35.0,30.0,20.0,26.0,32.0,17.0,30.0,18.0,18.0,30.0,21.0,25.0,22.0,21.0,19.0,29.0,31.0,27.0,24.0,27.0,30.0,23.0,23.0,21.0,20.0,24.0,28.0,39.0,28.0,22.0,24.0,23.0,22.0,29.0,27.0,29.0,29.0,25.0
29.0,26.0,30.0,19.0,26.0,21.0,30.0,30.0,27.0,43.0,16.0,29.0,17.0,35.0,27.0,34.0,20.0,30.0,29.0,29.0,20.0,29.0,30.0,15.0,20.0,27.0,27.0,24.0,24.0,25.0,19.0,19.0,20.0,23.0,21.0,31.0,34.0,33.0,23.0,20.0,27.0,28.0,20.0,22.0,39.0,23.0,24.0,36.0,33.0,28.0
25.0,25.0,28.0,16.0,20.0,25.0,18.0,29.0,10.0,17.0,13.0,16.0,17.0,23.0,17.0,27.0,11.0,21.0,23.0,17.0,20.0,22.0,19.0,24.0,21.0,24.0,20.0,17.0,24.0,21.0,27.0,20.0,22.0,22.0,15.0,26.0,26.0,26.0,20.0,27.0,22.0,17.0,16.0,19.0,18.0,25.0,23.0,23.0,17.0,17.0
