10,50,1000
18.70209,15.033441,15.87046,19.150807,19.184601,18.503585,19.407836,17.479725,18.587535,19.106279
9.465835,6.669402,6.506495,9.321624,7.654531,8.581309,8.238246,5.814014,5.201504,6.277101
0.0,10.0,20.0,30.0,40.0,50.0,60.0,70.0,80.0,90.0
10.0,0.0,10.0,20.0,30.0,40.0,50.0,60.0,70.0,80.0
20.0,10.0,0.0,10.0,20.0,30.0,40.0,50.0,60.0,70.0
30.0,20.0,10.0,0.0,10.0,20.0,30.0,40.0,50.0,60.0
40.0,30.0,20.0,10.0,0.0,10.0,20.0,30.0,40.0,50.0
50.0,40.0,30.0,20.0,10.0,0.0,10.0,20.0,30.0,40.0
60.0,50.0,40.0,30.0,20.0,10.0,0.0,10.0,20.0,30.0
70.0,60.0,50.0,40.0,30.0,20.0,10.0,0.0,10.0,20.0
80.0,70.0,60.0,50.0,40.0,30.0,20.0,10.0,0.0,10.0
90.0,80.0,70.0,60.0,50.0,40.0,30.0,20.0,10.0,0.0
450.0,400.0,350.0,300.0,250.0,250.0,300.0,350.0,400.0,450.0
0.0,1.0,2.0,3.0,4.0,5.0,6.0,7.0,8.0,9.0
1.0,0.0,1.0,2.0,3.0,4.0,5.0,6.0,7.0,8.0
2.0,1.0,0.0,1.0,2.0,3.0,4.0,5.0,6.0,7.0
3.0,2.0,1.0,0.0,1.0,2.0,3.0,4.0,5.0,6.0
4.0,3.0,2.0,1.0,0.0,1.0,2.0,3.0,4.0,5.0
5.0,4.0,3.0,2.0,1.0,0.0,1.0,2.0,3.0,4.0
6.0,5.0,4.0,3.0,2.0,1.0,0.0,1.0,2.0,3.0
7.0,6.0,5.0,4.0,3.0,2.0,1.0,0.0,1.0,2.0
8.0,7.0,6.0,5.0,4.0,3.0,2.0,1.0,0.0,1.0
9.0,8.0,7.0,6.0,5.0,4.0,3.0,2.0,1.0,0.0
45.0,40.0,35.0,30.0,25.0,25.0,30.0,35.0,40.0,45.0
32.0,29.0,24.0,26.0,43.0,36.0,32.0,38.0,25.0,31.0,38.0,28.0,46.0,34.0,36.0,26.0,30.0,42.0,43.0,27.0,38.0,28.0,35.0,37.0,31.0,48.0,35.0,35.0,38.0,38.0,30.0,27.0,46.0,35.0,31.0,39.0,30.0,32.0,26.0,44.0,33.0,43.0,30.0,36.0,28.0,32.0,47.0,32.0,40.0,38.0
27.0,29.0,30.0,23.0,22.0,29.0,27.0,24.0,19.0,26.0,20.0,22.0,20.0,25.0,21.0,17.0,28.0,22.0,37.0,29.0,27.0,26.0,21.0,36.0,30.0,26.0,19.0,22.0,34.0,17.0,13.0,27.0,21.0,25.0,25.0,21.0,30.0,22.0,28.0,34.0,26.0,38.0,22.0,32.0,32.0,25.0,24.0,24.0,27.0,17.0
21.0,24.0,23.0,29.0,24.0,21.0,28.0,14.0,15.0,20.0,23.0,26.0,24.0,26.0,24.0,25.0,30.0,27.0,30.0,22.0,20.0,26.0,36.0,22.0,26.0,33.0,17.0,18.0,16.0,19.0,16.0,17.0,18.0,19.0,23.0,24.0,22.0,24.0,30.0,22.0,30.0,26.0,27.0,27.0,23.0,26.0,19.0,23.0,22.0,23.0
42.0,35.0,36.0,43.0,25.0,35.0,35.0,37.0,35.0,28.0,29.0,38.0,40.0,34.0,35.0,29.0,25.0,46.0,32.0,27.0,20.0,42.0,30.0,37.0,43.0,36.0,37.0,39.0,36.0,45.0,43.0,33.0,33.0,38.0,25.0,42.0,35.0,44.0,34.0,33.0,41.0,46.0,37.0,31.0,46.0,41.0,35.0,42.0,34.0,36.0
34.0,20.0,30.0,27.0,23.0,31.0,30.0,28.0,29.0,35.0,27.0,41.0,28.0,36.0,23.0,26.0,35.0,30.0,41.0,36.0,39.0,27.0,25.0,20.0,32.0,34.0,34.0,29.0,25.0,34.0,27.0,30.0,36.0,28.0,28.0,21.0,31.0,24.0,36.0,23.0,31.0,19.0,39.0,24.0,27.0,35.0,33.0,34.0,29.0,33.0
29.0,28.0,34.0,28.0,32.0,37.0,38.0,37.0,26.0,37.0,28.0,27.0,41.0,31.0,35.0,21.0,27.0,33.0,25.0,32.0,37.0,35.0,31.0,32.0,35.0,33.0,40.0,29.0,29.0,33.0,29.0,36.0,26.0,29.0,34.0,38.0,27.0,35.0,39.0,24.0,39.0,31.0,29.0,33.0,34.0,15.0,27.0,36.0,27.0,30.0
23.0,40.0,43.0,38.0,39.0,30.0,36.0,30.0,35.0,41.0,47.0,44.0,31.0,29.0,46.0,37.0,30.0,32.0,27.0,24.0,38.0,33.0,38.0,35.0,33.0,27.0,27.0,32.0,38.0,31.0,26.0,28.0,26.0,31.0,30.0,28.0,36.0,34.0,28.0,52.0,39.0,33.0,31.0,24.0,35.0,34.0,38.0,26.0,50.0,30.0
25.0,20.0,18.0,26.0,21.0,21.0,32.0,28.0,23.0,17.0,20.0,22.0,25.0,22.0,33.0,18.0,11.0,28.0,25.0,13.0,32.0,15.0,20.0,20.0,29.0,20.0,24.0,26.0,27.0,21.0,22.0,18.0,25.0,23.0,16.0,27.0,23.0,30.0,26.0,25.0,24.0,26.0,22.0,18.0,41.0,30.0,13.0,23.0,26.0,20.0
28.0,18.0,23.0,20.0,25.0,19.0,25.0,19.0,22.0,21.0,27.0,29.0,25.0,26.0,25.0,25.0,16.0,18.0,25.0,13.0,17.0,21.0,31.0,15.0,22.0,25.0,19.0,27.0,17.0,19.0,30.0,23.0,24.0,20.0,18.0,20.0,24.0,25.0,20.0,16.0,31.0,20.0,32.0,28.0,21.0,21.0,21.0,19.0,27.0,22.0
35.0,32.0,22.0,29.0,30.0,22.0,24.0,20.0,25.0,31.0,23.0,30.0,25.0,22.0,26.0,20.0,25.0,24.0,22.0,23.0,28.0,27.0,29.0,22.0,34.0,17.0,18.0,24.0,22.0,20.0,23.0,22.0,27.0,22.0,16.0,17.0,31.0,25.0,20.0,20.0,22.0,31.0,22.0,20.0,27.0,18.0,20.0,29.0,30.0,16.0
