10,50,1000
15.833069,18.119374,15.345897,19.623027,17.593336,17.174702,18.429723,18.666118,18.158371,17.128709
9.210123,5.81303,6.308547,5.382205,9.949838,6.931881,9.777494,5.273685,9.355406,9.491683
0.0,10.0,20.0,30.0,40.0,50.0,60.0,70.0,80.0,90.0
10.0,0.0,10.0,20.0,30.0,40.0,50.0,60.0,70.0,80.0
20.0,10.0,0.0,10.0,20.0,30.0,40.0,50.0,60.0,70.0
30.0,20.0,10.0,0.0,10.0,20.0,30.0,40.0,50.0,60.0
40.0,30.0,20.0,10.0,0.0,10.0,20.0,30.0,40.0,50.0
50.0,40.0,30.0,20.0,10.0,0.0,10.0,20.0,30.0,40.0
60.0,50.0,40.0,30.0,20.0,10.0,0.0,10.0,20.0,30.0
70.0,60.0,50.0,40.0,30.0,20.0,10.0,0.0,10.0,20.0
80.0,70.0,60.0,50.0,40.0,30.0,20.0,10.0,0.0,10.0
90.0,80.0,70.0,60.0,50.0,40.0,30.0,20.0,10.0,0.0
450.0,400.0,350.0,300.0,250.0,250.0,300.0,350.0,400.0,450.0
0.0,1.0,2.0,3.0,4.0,5.0,6.0,7.0,8.0,9.0
1.0,0.0,1.0,2.0,3.0,4.0,5.0,6.0,7.0,8.0
2.0,1.0,0.0,1.0,2.0,3.0,4.0,5.0,6.0,7.0
3.0,2.0,1.0,0.0,1.0,2.0,3.0,4.0,5.0,6.0
4.0,3.0,2.0,1.0,0.0,1.0,2.0,3.0,4.0,5.0
5.0,4.0,3.0,2.0,1.0,0.0,1.0,2.0,3.0,4.0
6.0,5.0,4.0,3.0,2.0,1.0,0.0,1.0,2.0,3.0
7.0,6.0,5.0,4.0,3.0,2.0,1.0,0.0,1.0,2.0
8.0,7.0,6.0,5.0,4.0,3.0,2.0,1.0,0.0,1.0
9.0,8.0,7.0,6.0,5.0,4.0,3.0,2.0,1.0,0.0
45.0,40.0,35.0,30.0,25.0,25.0,30.0,35.0,40.0,45.0
33.0,26.0,37.0,33.0,38.0,37.0,43.0,41.0,26.0,35.0,33.0,44.0,34.0,42.0,36.0,42.0,21.0,38.0,32.0,36.0,35.0,38.0,36.0,45.0,30.0,35.0,29.0,38.0,31.0,37.0,26.0,41.0,28.0,41.0,26.0,32.0,47.0,40.0,39.0,33.0,34.0,35.0,24.0,50.0,27.0,29.0,31.0,24.0,36.0,32.0
20.0,25.0,26.0,15.0,30.0,27.0,28.0,37.0,23.0,25.0,33.0,17.0,23.0,29.0,17.0,27.0,27.0,28.0,35.0,28.0,24.0,25.0,23.0,18.0,20.0,23.0,31.0,26.0,26.0,32.0,22.0,15.0,25.0,35.0,23.0,38.0,28.0,29.0,24.0,36.0,23.0,25.0,16.0,29.0,36.0,21.0,23.0,23.0,29.0,13.0
26.0,24.0,29.0,23.0,17.0,19.0,23.0,27.0,9.0,30.0,26.0,19.0,27.0,26.0,20.0,36.0,33.0,22.0,24.0,25.0,23.0,29.0,19.0,24.0,20.0,26.0,20.0,25.0,31.0,26.0,23.0,23.0,11.0,26.0,24.0,32.0,23.0,24.0,22.0,25.0,29.0,24.0,25.0,13.0,23.0,25.0,28.0,32.0,21.0,20.0
23.0,24.0,22.0,18.0,20.0,17.0,24.0,20.0,20.0,22.0,27.0,22.0,18.0,30.0,22.0,22.0,33.0,25.0,20.0,24.0,25.0,26.0,16.0,18.0,28.0,15.0,29.0,19.0,23.0,27.0,23.0,19.0,22.0,24.0,23.0,26.0,24.0,15.0,24.0,27.0,31.0,24.0,24.0,20.0,19.0,24.0,22.0,15.0,26.0,22.0
39.0,39.0,34.0,44.0,32.0,28.0,33.0,42.0,34.0,35.0,40.0,32.0,40.0,29.0,32.0,45.0,36.0,41.0,40.0,42.0,38.0,33.0,56.0,41.0,26.0,36.0,42.0,28.0,47.0,37.0,28.0,55.0,42.0,41.0,39.0,39.0,43.0,38.0,38.0,37.0,43.0,44.0,32.0,36.0,39.0,32.0,31.0,40.0,42.0,31.0
25.0,30.0,24.0,31.0,29.0,24.0,31.0,26.0,28.0,28.0,27.0,33.0,31.0,36.0,26.0,28.0,34.0,27.0,26.0,32.0,28.0,32.0,20.0,29.0,30.0,22.0,34.0,23.0,24.0,26.0,36.0,35.0,35.0,23.0,26.0,25.0,35.0,19.0,16.0,20.0,33.0,25.0,31.0,23.0,25.0,28.0,20.0,30.0,32.0,26.0
37.0,40.0,37.0,52.0,34.0,27.0,27.0,37.0,32.0,31.0,37.0,29.0,30.0,41.0,35.0,37.0,33.0,40.0,32.0,34.0,46.0,41.0,42.0,37.0,38.0,47.0,31.0,37.0,45.0,31.0,39.0,36.0,37.0,37.0,42.0,30.0,34.0,40.0,23.0,38.0,38.0,33.0,40.0,39.0,38.0,34.0,32.0,39.0,33.0,33.0
27.0,27.0,26.0,17.0,24.0,15.0,26.0,19.0,25.0,15.0,30.0,25.0,15.0,23.0,22.0,23.0,22.0,25.0,30.0,18.0,22.0,20.0,25.0,18.0,20.0,35.0,20.0,21.0,21.0,26.0,19.0,20.0,25.0,12.0,22.0,19.0,16.0,28.0,23.0,26.0,24.0,17.0,29.0,29.0,22.0,16.0,21.0,18.0,33.0,23.0
32.0,33.0,23.0,44.0,31.0,25.0,40.0,26.0,40.0,28.0,36.0,30.0,40.0,38.0,25.0,38.0,33.0,35.0,35.0,19.0,46.0,33.0,31.0,30.0,31.0,30.0,44.0,29.0,42.0,29.0,46.0,35.0,32.0,21.0,36.0,35.0,34.0,38.0,37.0,35.0,35.0,35.0,34.0,44.0,25.0,40.0,31.0,39.0,33.0,34.0
34.0,38.0,29.0,30.0,41.0,35.0,33.0,41.0,35.0,28.0,46.0,40.0,44.0,29.0,36.0,33.0,35.0,31.0,44.0,29.0,32.0,32.0,34.0,32.0,27.0,40.0,36.0,26.0,43.0,36.0,41.0,35.0,31.0,32.0,31.0,34.0,33.0,35.0,30.0,33.0,28.0,38.0,32.0,32.0,29.0,42.0,32.0,33.0,44.0,18.0
