10,50,1000
19.079274,18.372649,19.839545,17.248776,17.515406,16.960646,15.071591,18.147851,18.745945,19.195451
8.415831,9.373965,6.184923,6.513929,8.038483,5.842653,7.792223,6.776367,9.352251,7.723768
0.0,10.0,20.0,30.0,40.0,50.0,60.0,70.0,80.0,90.0
10.0,0.0,10.0,20.0,30.0,40.0,50.0,60.0,70.0,80.0
20.0,10.0,0.0,10.0,20.0,30.0,40.0,50.0,60.0,70.0
30.0,20.0,10.0,0.0,10.0,20.0,30.0,40.0,50.0,60.0
40.0,30.0,20.0,10.0,0.0,10.0,20.0,30.0,40.0,50.0
50.0,40.0,30.0,20.0,10.0,0.0,10.0,20.0,30.0,40.0
60.0,50.0,40.0,30.0,20.0,10.0,0.0,10.0,20.0,30.0
70.0,60.0,50.0,40.0,30.0,20.0,10.0,0.0,10.0,20.0
80.0,70.0,60.0,50.0,40.0,30.0,20.0,10.0,0.0,10.0
90.0,80.0,70.0,60.0,50.0,40.0,30.0,20.0,10.0,0.0
450.0,400.0,350.0,300.0,250.0,250.0,300.0,350.0,400.0,450.0
0.0,1.0,2.0,3.0,4.0,5.0,6.0,7.0,8.0,9.0
1.0,0.0,1.0,2.0,3.0,4.0,5.0,6.0,7.0,8.0
2.0,1.0,0.0,1.0,2.0,3.0,4.0,5.0,6.0,7.0
3.0,2.0,1.0,0.0,1.0,2.0,3.0,4.0,5.0,6.0
4.0,3.0,2.0,1.0,0.0,1.0,2.0,3.0,4.0,5.0
5.0,4.0,3.0,2.0,1.0,0.0,1.0,2.0,3.0,4.0
6.0,5.0,4.0,3.0,2.0,1.0,0.0,1.0,2.0,3.0
7.0,6.0,5.0,4.0,3.0,2.0,1.0,0.0,1.0,2.0
8.0,7.0,6.0,5.0,4.0,3.0,2.0,1.0,0.0,1.0
9.0,8.0,7.0,6.0,5.0,4.0,3.0,2.0,1.0,0.0
45.0,40.0,35.0,30.0,25.0,25.0,30.0,35.0,40.0,45.0
27.0,27.0,27.0,30.0,30.0,36.0,29.0,33.0,34.0,33.0,38.0,42.0,40.0,39.0,28.0,23.0,27.0,29.0,29.0,36.0,37.0,31.0,40.0,28.0,30.0,30.0,43.0,34.0,36.0,30.0,37.0,27.0,35.0,30.0,31.0,33.0,35.0,31.0,25.0,31.0,38.0,34.0,36.0,31.0,29.0,33.0,37.0,35.0,34.0,26.0
31.0,30.0,41.0,36.0,39.0,41.0,47.0,43.0,34.0,37.0,36.0,43.0,33.0,35.0,26.0,38.0,39.0,36.0,31.0,39.0,33.0,31.0,42.0,23.0,41.0,26.0,25.0,31.0,33.0,25.0,38.0,25.0,36.0,36.0,36.0,35.0,43.0,36.0,43.0,36.0,36.0,39.0,41.0,34.0,35.0,37.0,34.0,35.0,41.0,29.0
23.0,23.0,23.0,32.0,15.0,30.0,36.0,26.0,22.0,26.0,28.0,19.0,22.0,24.0,24.0,36.0,28.0,24.0,24.0,21.0,19.0,22.0,24.0,28.0,24.0,22.0,25.0,21.0,28.0,22.0,24.0,30.0,29.0,28.0,19.0,21.0,31.0,30.0,22.0,28.0,21.0,22.0,19.0,37.0,34.0,23.0,28.0,26.0,18.0,15.0
30.0,25.0,13.0,31.0,21.0,31.0,28.0,26.0,30.0,27.0,23.0,22.0,31.0,31.0,22.0,30.0,23.0,27.0,11.0,30.0,19.0,17.0,29.0,26.0,20.0,27.0,35.0,20.0,25.0,34.0,18.0,17.0,25.0,23.0,28.0,25.0,26.0,29.0,24.0,26.0,25.0,29.0,28.0,24.0,21.0,26.0,28.0,24.0,22.0,30.0
38.0,29.0,40.0,32.0,26.0,33.0,36.0,38.0,34.0,35.0,43.0,28.0,27.0,33.0,25.0,46.0,26.0,27.0,36.0,26.0,41.0,20.0,31.0,27.0,35.0,27.0,32.0,24.0,26.0,24.0,36.0,33.0,26.0,30.0,22.0,39.0,24.0,29.0,41.0,20.0,25.0,26.0,34.0,33.0,30.0,33.0,36.0,33.0,37.0,37.0
23.0,18.0,31.0,18.0,20.0,25.0,22.0,25.0,30.0,27.0,24.0,18.0,27.0,28.0,20.0,23.0,28.0,23.0,24.0,27.0,21.0,23.0,15.0,26.0,25.0,21.0,27.0,23.0,24.0,24.0,20.0,29.0,23.0,24.0,22.0,24.0,28.0,16.0,25.0,20.0,21.0,15.0,30.0,22.0,20.0,19.0,24.0,23.0,15.0,22.0
29.0,28.0,35.0,27.0,32.0,25.0,33.0,31.0,32.0,33.0,31.0,22.0,22.0,28.0,40.0,34.0,21.0,24.0,37.0,19.0,33.0,21.0,29.0,18.0,28.0,16.0,25.0,31.0,34.0,26.0,34.0,34.0,30.0,38.0,29.0,31.0,23.0,48.0,26.0,42.0,26.0,33.0,25.0,36.0,26.0,37.0,29.0,39.0,27.0,15.0
24.0,29.0,26.0,22.0,32.0,24.0,18.0,22.0,26.0,22.0,19.0,24.0,28.0,30.0,32.0,30.0,25.0,20.0,21.0,23.0,26.0,22.0,29.0,27.0,30.0,27.0,42.0,23.0,35.0,29.0,21.0,34.0,29.0,29.0,30.0,20.0,31.0,24.0,26.0,24.0,29.0,18.0,31.0,33.0,25.0,26.0,22.0,28.0,27.0,32.0
29.0,40.0,41.0,33.0,35.0,32.0,42.0,38.0,36.0,32.0,32.0,28.0,45.0,34.0,32.0,36.0,34.0,32.0,34.0,43.0,31.0,33.0,38.0,26.0,41.0,39.0,31.0,25.0,25.0,36.0,32.0,35.0,37.0,31.0,37.0,43.0,25.0,31.0,30.0,30.0,29.0,35.0,24.0,36.0,30.0,39.0,36.0,30.0,31.0,41.0
31.0,28.0,25.0,29.0,34.0,31.0,33.0,24.0,23.0,22.0,26.0,31.0,33.0,33.0,39.0,27.0,24.0,23.0,39.0,28.0,34.0,39.0,42.0,21.0,23.0,29.0,16.0,27.0,28.0,28.0,26.0,29.0,29.0,26.0,39.0,28.0,39.0,37.0,25.0,35.0,30.0,32.0,35.0,37.0,31.0,26.0,31.0,29.0,39.0,42.0
