10,50,1000
17.356723,18.663447,15.8555,17.888975,17.279067,19.794321,19.208795,17.247985,19.720818,15.264576
5.21568,9.747797,9.333355,8.658168,7.831295,9.320793,9.755489,5.891642,8.954268,7.181862
0.0,10.0,20.0,30.0,40.0,50.0,60.0,70.0,80.0,90.0
10.0,0.0,10.0,20.0,30.0,40.0,50.0,60.0,70.0,80.0
20.0,10.0,0.0,10.0,20.0,30.0,40.0,50.0,60.0,70.0
30.0,20.0,10.0,0.0,10.0,20.0,30.0,40.0,50.0,60.0
40.0,30.0,20.0,10.0,0.0,10.0,20.0,30.0,40.0,50.0
50.0,40.0,30.0,20.0,10.0,0.0,10.0,20.0,30.0,40.0
60.0,50.0,40.0,30.0,20.0,10.0,0.0,10.0,20.0,30.0
70.0,60.0,50.0,40.0,30.0,20.0,10.0,0.0,10.0,20.0
80.0,70.0,60.0,50.0,40.0,30.0,20.0,10.0,0.0,10.0
90.0,80.0,70.0,60.0,50.0,40.0,30.0,20.0,10.0,0.0
450.0,400.0,350.0,300.0,250.0,250.0,300.0,350.0,400.0,450.0
0.0,1.0,2.0,3.0,4.0,5.0,6.0,7.0,8.0,9.0
1.0,0.0,1.0,2.0,3.0,4.0,5.0,6.0,7.0,8.0
2.0,1.0,0.0,1.0,2.0,3.0,4.0,5.0,6.0,7.0
3.0,2.0,1.0,0.0,1.0,2.0,3.0,4.0,5.0,6.0
4.0,3.0,2.0,1.0,0.0,1.0,2.0,3.0,4.0,5.0
5.0,4.0,3.0,2.0,1.0,0.0,1.0,2.0,3.0,4.0
6.0,5.0,4.0,3.0,2.0,1.0,0.0,1.0,2.0,3.0
7.0,6.0,5.0,4.0,3.0,2.0,1.0,0.0,1.0,2.0
8.0,7.0,6.0,5.0,4.0,3.0,2.0,1.0,0.0,1.0
9.0,8.0,7.0,6.0,5.0,4.0,3.0,2.0,1.0,0.0
45.0,40.0,35.0,30.0,25.0,25.0,30.0,35.0,40.0,45.0
32.0,28.0,15.0,24.0,16.0,17.0,22.0,35.0,23.0,24.0,20.0,17.0,22.0,24.0,20.0,18.0,20.0,25.0,27.0,29.0,17.0,28.0,29.0,22.0,22.0,19.0,26.0,14.0,13.0,23.0,21.0,19.0,23.0,24.0,22.0,31.0,18.0,20.0,26.0,20.0,21.0,24.0,23.0,25.0,21.0,28.0,30.0,20.0,22.0,19.0
29.0,22.0,41.0,49.0,35.0,25.0,26.0,31.0,29.0,32.0,37.0,38.0,40.0,42.0,31.0,30.0,37.0,40.0,37.0,32.0,39.0,40.0,41.0,36.0,40.0,41.0,44.0,42.0,37.0,29.0,40.0,29.0,42.0,34.0,35.0,43.0,41.0,32.0,24.0,34.0,39.0,39.0,39.0,33.0,32.0,35.0,36.0,28.0,38.0,32.0
28.0,33.0,36.0,36.0,31.0,25.0,26.0,29.0,44.0,35.0,31.0,31.0,36.0,46.0,32.0,28.0,32.0,51.0,35.0,46.0,25.0,32.0,34.0,30.0,33.0,30.0,32.0,35.0,30.0,32.0,23.0,30.0,47.0,38.0,35.0,42.0,35.0,48.0,30.0,25.0,24.0,38.0,39.0,31.0,36.0,33.0,32.0,28.0,35.0,30.0
32.0,30.0,32.0,36.0,32.0,39.0,40.0,29.0,28.0,26.0,39.0,29.0,35.0,27.0,33.0,37.0,29.0,34.0,26.0,25.0,34.0,38.0,27.0,41.0,32.0,36.0,28.0,33.0,39.0,42.0,36.0,26.0,43.0,33.0,35.0,29.0,32.0,30.0,35.0,24.0,24.0,37.0,30.0,27.0,31.0,36.0,33.0,37.0,34.0,38.0
29.0,39.0,31.0,28.0,20.0,36.0,30.0,27.0,38.0,33.0,31.0,33.0,29.0,23.0,28.0,26.0,25.0,34.0,30.0,39.0,34.0,28.0,23.0,28.0,23.0,27.0,26.0,28.0,31.0,28.0,29.0,31.0,35.0,28.0,22.0,26.0,27.0,34.0,22.0,22.0,29.0,23.0,31.0,26.0,36.0,22.0,32.0,33.0,34.0,27.0
43.0,35.0,38.0,31.0,40.0,33.0,38.0,32.0,26.0,32.0,36.0,33.0,34.0,30.0,41.0,30.0,33.0,33.0,47.0,33.0,39.0,35.0,38.0,35.0,38.0,32.0,28.0,22.0,33.0,25.0,32.0,35.0,26.0,28.0,48.0,22.0,38.0,35.0,33.0,32.0,43.0,42.0,40.0,33.0,35.0,29.0,24.0,39.0,33.0,39.0
39.0,43.0,25.0,41.0,29.0,30.0,32.0,40.0,37.0,45.0,40.0,34.0,45.0,44.0,30.0,28.0,43.0,43.0,36.0,25.0,41.0,39.0,39.0,45.0,39.0,30.0,29.0,33.0,39.0,34.0,35.0,25.0,40.0,33.0,34.0,27.0,32.0,37.0,37.0,22.0,49.0,32.0,32.0,25.0,37.0,34.0,40.0,34.0,26.0,37.0
19.0,32.0,26.0,16.0,28.0,18.0,32.0,28.0,21.0,27.0,22.0,23.0,27.0,22.0,26.0,26.0,23.0,23.0,20.0,34.0,21.0,21.0,28.0,23.0,25.0,29.0,30.0,28.0,24.0,28.0,27.0,31.0,25.0,18.0,23.0,19.0,23.0,26.0,24.0,25.0,22.0,22.0,23.0,25.0,23.0,15.0,17.0,31.0,20.0,31.0
35.0,24.0,31.0,36.0,35.0,39.0,40.0,36.0,44.0,33.0,39.0,29.0,29.0,51.0,34.0,30.0,34.0,38.0,36.0,33.0,38.0,33.0,29.0,24.0,30.0,26.0,28.0,25.0,35.0,25.0,32.0,46.0,40.0,31.0,40.0,37.0,32.0,35.0,24.0,35.0,40.0,34.0,39.0,30.0,26.0,33.0,37.0,35.0,38.0,28.0
22.0,25.0,27.0,39.0,33.0,20.0,25.0,28.0,20.0,21.0,18.0,26.0,34.0,22.0,21.0,32.0,25.0,25.0,33.0,24.0,16.0,14.0,19.0,22.0,29.0,24.0,18.0,33.0,27.0,21.0,32.0,26.0,28.0,23.0,38.0,22.0,32.0,33.0,31.0,28.0,22.0,36.0,24.0,31.0,20.0,29.0,30.0,20.0,30.0,22.0
