10,50,1000
17.984861,16.821345,19.584282,15.632206,19.911609,19.834006,17.228753,15.863637,19.749616,18.226811
7.766689,8.097834,9.521968,9.773166,6.56837,5.62061,9.142246,6.526149,9.686141,8.077586
0.0,10.0,20.0,30.0,40.0,50.0,60.0,70.0,80.0,90.0
10.0,0.0,10.0,20.0,30.0,40.0,50.0,60.0,70.0,80.0
20.0,10.0,0.0,10.0,20.0,30.0,40.0,50.0,60.0,70.0
30.0,20.0,10.0,0.0,10.0,20.0,30.0,40.0,50.0,60.0
40.0,30.0,20.0,10.0,0.0,10.0,20.0,30.0,40.0,50.0
50.0,40.0,30.0,20.0,10.0,0.0,10.0,20.0,30.0,40.0
60.0,50.0,40.0,30.0,20.0,10.0,0.0,10.0,20.0,30.0
70.0,60.0,50.0,40.0,30.0,20.0,10.0,0.0,10.0,20.0
80.0,70.0,60.0,50.0,40.0,30.0,20.0,10.0,0.0,10.0
90.0,80.0,70.0,60.0,50.0,40.0,30.0,20.0,10.0,0.0
450.0,400.0,350.0,300.0,250.0,250.0,300.0,350.0,400.0,450.0
0.0,1.0,2.0,3.0,4.0,5.0,6.0,7.0,8.0,9.0
1.0,0.0,1.0,2.0,3.0,4.0,5.0,6.0,7.0,8.0
2.0,1.0,0.0,1.0,2.0,3.0,4.0,5.0,6.0,7.0
3.0,2.0,1.0,0.0,1.0,2.0,3.0,4.0,5.0,6.0
4.0,3.0,2.0,1.0,0.0,1.0,2.0,3.0,4.0,5.0
5.0,4.0,3.0,2.0,1.0,0.0,1.0,2.0,3.0,4.0
6.0,5.0,4.0,3.0,2.0,1.0,0.0,1.0,2.0,3.0
7.0,6.0,5.0,4.0,3.0,2.0,1.0,0.0,1.0,2.0
8.0,7.0,6.0,5.0,4.0,3.0,2.0,1.0,0.0,1.0
9.0,8.0,7.0,6.0,5.0,4.0,3.0,2.0,1.0,0.0
45.0,40.0,35.0,30.0,25.0,25.0,30.0,35.0,40.0,45.0
27.0,25.0,22.0,31.0,18.0,38.0,27.0,30.0,36.0,36.0,32.0,20.0,33.0,33.0,37.0,21.0,29.0,28.0,37.0,21.0,38.0,16.0,17.0,38.0,33.0,34.0,37.0,19.0,31.0,36.0,37.0,29.0,36.0,30.0,30.0,31.0,27.0,27.0,29.0,32.0,39.0,34.0,37.0,34.0,34.0,37.0,25.0,36.0,28.0,28.0
20.0,24.0,23.0,31.0,26.0,37.0,30.0,29.0,44.0,35.0,33.0,22.0,32.0,33.0,24.0,17.0,26.0,35.0,29.0,29.0,25.0,29.0,44.0,34.0,16.0,27.0,29.0,30.0,27.0,25.0,36.0,32.0,26.0,27.0,33.0,29.0,33.0,28.0,33.0,34.0,26.0,24.0,25.0,21.0,29.0,42.0,38.0,25.0,32.0,23.0
34.0,34.0,42.0,31.0,37.0,37.0,36.0,35.0,41.0,34.0,34.0,49.0,35.0,28.0,40.0,37.0,31.0,51.0,40.0,29.0,31.0,31.0,41.0,31.0,38.0,33.0,34.0,42.0,33.0,37.0,38.0,36.0,32.0,33.0,38.0,31.0,43.0,37.0,42.0,35.0,47.0,45.0,38.0,46.0,33.0,30.0,28.0,35.0,28.0,35.0
34.0,33.0,36.0,55.0,32.0,41.0,51.0,36.0,41.0,28.0,26.0,40.0,35.0,36.0,39.0,33.0,41.0,38.0,41.0,36.0,40.0,46.0,34.0,45.0,29.0,32.0,27.0,31.0,31.0,35.0,25.0,38.0,43.0,39.0,29.0,29.0,19.0,34.0,27.0,43.0,38.0,31.0,29.0,28.0,26.0,37.0,35.0,32.0,36.0,29.0
27.0,26.0,24.0,24.0,25.0,30.0,29.0,27.0,29.0,23.0,20.0,21.0,23.0,26.0,24.0,28.0,29.0,30.0,19.0,31.0,28.0,24.0,21.0,28.0,39.0,32.0,23.0,29.0,29.0,38.0,23.0,21.0,27.0,41.0,19.0,27.0,20.0,23.0,33.0,25.0,21.0,19.0,19.0,37.0,33.0,31.0,37.0,29.0,30.0,29.0
27.0,22.0,20.0,22.0,23.0,28.0,18.0,24.0,25.0,26.0,29.0,21.0,24.0,33.0,20.0,23.0,28.0,37.0,25.0,20.0,17.0,28.0,30.0,21.0,19.0,20.0,30.0,26.0,23.0,24.0,25.0,27.0,26.0,23.0,21.0,22.0,25.0,21.0,33.0,20.0,31.0,21.0,23.0,30.0,22.0,30.0,31.0,24.0,36.0,23.0
36.0,34.0,31.0,34.0,41.0,42.0,38.0,41.0,33.0,28.0,40.0,44.0,35.0,41.0,37.0,28.0,26.0,39.0,33.0,33.0,28.0,37.0,31.0,35.0,39.0,32.0,41.0,30.0,38.0,18.0,27.0,33.0,42.0,36.0,27.0,32.0,38.0,26.0,36.0,41.0,44.0,31.0,35.0,31.0,30.0,36.0,41.0,33.0,30.0,21.0
23.0,19.0,32.0,27.0,23.0,21.0,20.0,15.0,25.0,28.0,24.0,28.0,16.0,25.0,20.0,29.0,26.0,31.0,22.0,25.0,26.0,24.0,29.0,20.0,23.0,23.0,19.0,21.0,23.0,18.0,21.0,28.0,25.0,23.0,29.0,17.0,29.0,29.0,42.0,32.0,30.0,22.0,23.0,29.0,28.0,24.0,36.0,21.0,31.0,16.0
19.0,46.0,43.0,40.0,36.0,45.0,41.0,54.0,39.0,29.0,34.0,40.0,38.0,31.0,28.0,31.0,30.0,37.0,47.0,33.0,37.0,44.0,29.0,37.0,39.0,36.0,35.0,39.0,30.0,31.0,38.0,36.0,35.0,40.0,43.0,39.0,38.0,39.0,46.0,30.0,31.0,38.0,34.0,35.0,46.0,41.0,34.0,31.0,45.0,37.0
19.0,27.0,39.0,25.0,39.0,30.0,37.0,32.0,36.0,30.0,35.0,34.0,26.0,33.0,33.0,38.0,23.0,33.0,35.0,32.0,31.0,29.0,28.0,23.0,37.0,24.0,31.0,37.0,41.0,29.0,27.0,31.0,28.0,21.0,29.0,33.0,29.0,29.0,31.0,25.0,27.0,31.0,30.0,31.0,24.0,38.0,30.0,35.0,24.0,45.0
