10,50,1000
19.767913,19.046496,18.086264,18.8026,16.739401,19.637061,18.837197,16.720088,16.907801,18.344898
9.913082,9.824605,6.416863,9.908318,6.347041,9.191416,8.725112,5.810683,6.334969,5.816025
0.0,10.0,20.0,30.0,40.0,50.0,60.0,70.0,80.0,90.0
10.0,0.0,10.0,20.0,30.0,40.0,50.0,60.0,70.0,80.0
20.0,10.0,0.0,10.0,20.0,30.0,40.0,50.0,60.0,70.0
30.0,20.0,10.0,0.0,10.0,20.0,30.0,40.0,50.0,60.0
40.0,30.0,20.0,10.0,0.0,10.0,20.0,30.0,40.0,50.0
50.0,40.0,30.0,20.0,10.0,0.0,10.0,20.0,30.0,40.0
60.0,50.0,40.0,30.0,20.0,10.0,0.0,10.0,20.0,30.0
70.0,60.0,50.0,40.0,30.0,20.0,10.0,0.0,10.0,20.0
80.0,70.0,60.0,50.0,40.0,30.0,20.0,10.0,0.0,10.0
90.0,80.0,70.0,60.0,50.0,40.0,30.0,20.0,10.0,0.0
450.0,400.0,350.0,300.0,250.0,250.0,300.0,350.0,400.0,450.0
0.0,1.0,2.0,3.0,4.0,5.0,6.0,7.0,8.0,9.0
1.0,0.0,1.0,2.0,3.0,4.0,5.0,6.0,7.0,8.0
2.0,1.0,0.0,1.0,2.0,3.0,4.0,5.0,6.0,7.0
3.0,2.0,1.0,0.0,1.0,2.0,3.0,4.0,5.0,6.0
4.0,3.0,2.0,1.0,0.0,1.0,2.0,3.0,4.0,5.0
5.0,4.0,3.0,2.0,1.0,0.0,1.0,2.0,3.0,4.0
6.0,5.0,4.0,3.0,2.0,1.0,0.0,1.0,2.0,3.0
7.0,6.0,5.0,4.0,3.0,2.0,1.0,0.0,1.0,2.0
8.0,7.0,6.0,5.0,4.0,3.0,2.0,1.0,0.0,1.0
9.0,8.0,7.0,6.0,5.0,4.0,3.0,2.0,1.0,0.0
45.0,40.0,35.0,30.0,25.0,25.0,30.0,35.0,40.0,45.0
41.0,53.0,48.0,33.0,35.0,27.0,29.0,46.0,24.0,42.0,43.0,33.0,35.0,25.0,38.0,45.0,37.0,37.0,41.0,37.0,41.0,38.0,32.0,28.0,45.0,47.0,43.0,38.0,31.0,32.0,32.0,34.0,36.0,41.0,38.0,40.0,47.0,43.0,34.0,40.0,45.0,31.0,35.0,22.0,40.0,30.0,42.0,29.0,42.0,41.0
42.0,38.0,36.0,33.0,46.0,39.0,34.0,38.0,29.0,52.0,40.0,37.0,37.0,44.0,35.0,30.0,45.0,42.0,32.0,36.0,48.0,44.0,45.0,46.0,28.0,45.0,39.0,43.0,47.0,33.0,41.0,43.0,47.0,31.0,31.0,32.0,28.0,38.0,52.0,40.0,28.0,41.0,37.0,44.0,41.0,39.0,53.0,33.0,35.0,43.0
23.0,34.0,28.0,27.0,24.0,33.0,25.0,20.0,24.0,25.0,20.0,18.0,28.0,26.0,22.0,34.0,18.0,23.0,25.0,27.0,18.0,27.0,15.0,23.0,27.0,19.0,29.0,24.0,29.0,28.0,36.0,34.0,38.0,27.0,20.0,27.0,22.0,24.0,27.0,34.0,26.0,32.0,31.0,25.0,33.0,28.0,26.0,21.0,28.0,32.0
37.0,28.0,45.0,31.0,34.0,41.0,45.0,35.0,40.0,44.0,23.0,28.0,43.0,33.0,32.0,38.0,45.0,29.0,36.0,29.0,53.0,30.0,46.0,36.0,29.0,50.0,46.0,37.0,30.0,33.0,38.0,36.0,35.0,38.0,37.0,29.0,30.0,33.0,34.0,40.0,48.0,47.0,33.0,42.0,33.0,33.0,35.0,25.0,48.0,32.0
22.0,24.0,21.0,31.0,14.0,28.0,24.0,23.0,25.0,18.0,22.0,34.0,18.0,19.0,25.0,25.0,27.0,31.0,24.0,18.0,25.0,27.0,25.0,27.0,17.0,24.0,24.0,23.0,25.0,17.0,30.0,23.0,34.0,17.0,30.0,22.0,13.0,26.0,25.0,34.0,27.0,23.0,37.0,32.0,20.0,24.0,21.0,24.0,27.0,26.0
33.0,32.0,32.0,35.0,32.0,33.0,32.0,45.0,31.0,34.0,34.0,34.0,41.0,44.0,37.0,35.0,25.0,35.0,40.0,40.0,45.0,32.0,31.0,42.0,32.0,37.0,20.0,29.0,29.0,34.0,21.0,37.0,39.0,31.0,35.0,33.0,31.0,39.0,42.0,25.0,37.0,39.0,32.0,37.0,33.0,31.0,32.0,42.0,29.0,32.0
40.0,38.0,35.0,47.0,46.0,33.0,33.0,30.0,37.0,26.0,29.0,29.0,36.0,41.0,36.0,27.0,38.0,33.0,37.0,25.0,33.0,34.0,31.0,46.0,27.0,30.0,27.0,38.0,31.0,41.0,26.0,28.0,36.0,38.0,28.0,33.0,31.0,35.0,39.0,45.0,20.0,29.0,27.0,35.0,28.0,41.0,28.0,36.0,34.0,32.0
20.0,21.0,16.0,21.0,22.0,22.0,26.0,22.0,22.0,32.0,21.0,21.0,29.0,24.0,20.0,32.0,29.0,27.0,22.0,20.0,23.0,15.0,23.0,17.0,24.0,30.0,32.0,17.0,28.0,24.0,28.0,21.0,25.0,24.0,15.0,22.0,20.0,24.0,26.0,23.0,22.0,31.0,26.0,26.0,21.0,23.0,27.0,33.0,28.0,25.0
32.0,24.0,20.0,30.0,27.0,24.0,30.0,27.0,24.0,23.0,22.0,24.0,28.0,25.0,26.0,24.0,34.0,24.0,27.0,34.0,38.0,25.0,32.0,23.0,20.0,25.0,19.0,22.0,26.0,25.0,27.0,25.0,18.0,25.0,23.0,22.0,25.0,18.0,25.0,25.0,23.0,20.0,29.0,16.0,16.0,35.0,18.0,30.0,21.0,22.0
31.0,24.0,24.0,22.0,37.0,23.0,24.0,35.0,28.0,30.0,21.0,16.0,24.0,25.0,28.0,15.0,25.0,18.0,26.0,18.0,20.0,32.0,23.0,22.0,30.0,23.0,24.0,28.0,21.0,24.0,18.0,25.0,17.0,23.0,33.0,34.0,26.0,15.0,13.0,31.0,24.0,20.0,21.0,19.0,23.0,14.0,21.0,25.0,26.0,21.0
