10,50,1000
19.740924,17.777512,16.518397,17.971961,17.420852,15.256147,15.383257,16.418822,16.59753,18.128547
8.688033,6.946779,7.986826,7.186892,9.17426,8.785548,9.736189,5.055548,5.329309,6.973576
0.0,10.0,20.0,30.0,40.0,50.0,60.0,70.0,80.0,90.0
10.0,0.0,10.0,20.0,30.0,40.0,50.0,60.0,70.0,80.0
20.0,10.0,0.0,10.0,20.0,30.0,40.0,50.0,60.0,70.0
30.0,20.0,10.0,0.0,10.0,20.0,30.0,40.0,50.0,60.0
40.0,30.0,20.0,10.0,0.0,10.0,20.0,30.0,40.0,50.0
50.0,40.0,30.0,20.0,10.0,0.0,10.0,20.0,30.0,40.0
60.0,50.0,40.0,30.0,20.0,10.0,0.0,10.0,20.0,30.0
70.0,60.0,50.0,40.0,30.0,20.0,10.0,0.0,10.0,20.0
80.0,70.0,60.0,50.0,40.0,30.0,20.0,10.0,0.0,10.0
90.0,80.0,70.0,60.0,50.0,40.0,30.0,20.0,10.0,0.0
450.0,400.0,350.0,300.0,250.0,250.0,300.0,350.0,400.0,450.0
0.0,1.0,2.0,3.0,4.0,5.0,6.0,7.0,8.0,9.0
1.0,0.0,1.0,2.0,3.0,4.0,5.0,6.0,7.0,8.0
2.0,1.0,0.0,1.0,2.0,3.0,4.0,5.0,6.0,7.0
3.0,2.0,1.0,0.0,1.0,2.0,3.0,4.0,5.0,6.0
4.0,3.0,2.0,1.0,0.0,1.0,2.0,3.0,4.0,5.0
5.0,4.0,3.0,2.0,1.0,0.0,1.0,2.0,3.0,4.0
6.0,5.0,4.0,3.0,2.0,1.0,0.0,1.0,2.0,3.0
7.0,6.0,5.0,4.0,3.0,2.0,1.0,0.0,1.0,2.0
8.0,7.0,6.0,5.0,4.0,3.0,2.0,1.0,0.0,1.0
9.0,8.0,7.0,6.0,5.0,4.0,3.0,2.0,1.0,0.0
45.0,40.0,35.0,30.0,25.0,25.0,30.0,35.0,40.0,45.0
47.0,36.0,37.0,38.0,35.0,29.0,41.0,27.0,27.0,36.0,32.0,32.0,34.0,25.0,30.0,31.0,28.0,34.0,36.0,29.0,24.0,32.0,34.0,33.0,26.0,38.0,20.0,47.0,33.0,32.0,24.0,25.0,23.0,31.0,28.0,24.0,30.0,27.0,28.0,30.0,26.0,38.0,43.0,30.0,39.0,38.0,32.0,45.0,33.0,27.0
30.0,30.0,30.0,30.0,26.0,32.0,27.0,22.0,18.0,30.0,28.0,37.0,30.0,23.0,24.0,23.0,25.0,28.0,20.0,20.0,30.0,23.0,21.0,29.0,28.0,19.0,25.0,26.0,29.0,32.0,30.0,27.0,28.0,28.0,26.0,31.0,19.0,27.0,21.0,28.0,24.0,28.0,27.0,30.0,30.0,25.0,45.0,29.0,22.0,32.0
27.0,32.0,27.0,26.0,24.0,36.0,31.0,27.0,27.0,32.0,22.0,34.0,25.0,31.0,29.0,23.0,33.0,29.0,27.0,24.0,24.0,25.0,27.0,27.0,38.0,34.0,26.0,29.0,23.0,37.0,32.0,35.0,32.0,34.0,32.0,19.0,27.0,36.0,33.0,30.0,35.0,29.0,33.0,26.0,22.0,34.0,22.0,22.0,21.0,27.0
28.0,22.0,15.0,43.0,26.0,25.0,23.0,24.0,24.0,27.0,30.0,22.0,29.0,29.0,40.0,33.0,33.0,32.0,26.0,35.0,34.0,28.0,26.0,20.0,27.0,23.0,22.0,26.0,27.0,35.0,36.0,26.0,27.0,35.0,31.0,31.0,32.0,35.0,25.0,27.0,33.0,27.0,25.0,24.0,32.0,27.0,27.0,28.0,24.0,28.0
40.0,31.0,26.0,41.0,36.0,28.0,35.0,31.0,34.0,43.0,42.0,25.0,35.0,24.0,38.0,26.0,42.0,30.0,27.0,47.0,42.0,32.0,31.0,41.0,28.0,36.0,42.0,48.0,39.0,21.0,37.0,34.0,35.0,29.0,43.0,38.0,21.0,34.0,40.0,36.0,30.0,38.0,29.0,34.0,36.0,31.0,24.0,31.0,39.0,31.0
22.0,31.0,31.0,35.0,24.0,34.0,41.0,23.0,31.0,43.0,33.0,31.0,33.0,31.0,30.0,19.0,32.0,30.0,26.0,40.0,38.0,32.0,32.0,43.0,33.0,19.0,37.0,37.0,31.0,32.0,30.0,28.0,41.0,32.0,33.0,35.0,24.0,33.0,42.0,31.0,34.0,29.0,28.0,35.0,25.0,26.0,39.0,50.0,33.0,30.0
36.0,34.0,41.0,29.0,33.0,49.0,34.0,34.0,39.0,43.0,48.0,45.0,28.0,43.0,32.0,27.0,38.0,34.0,34.0,35.0,38.0,35.0,39.0,35.0,42.0,51.0,36.0,43.0,31.0,35.0,26.0,38.0,35.0,33.0,32.0,31.0,37.0,18.0,31.0,38.0,30.0,35.0,23.0,42.0,39.0,40.0,40.0,30.0,38.0,32.0
27.0,22.0,9.0,22.0,14.0,19.0,24.0,21.0,19.0,18.0,22.0,19.0,24.0,19.0,11.0,24.0,23.0,21.0,26.0,24.0,14.0,16.0,18.0,23.0,22.0,14.0,20.0,13.0,18.0,22.0,25.0,21.0,26.0,14.0,18.0,20.0,30.0,22.0,24.0,18.0,25.0,23.0,20.0,24.0,23.0,22.0,17.0,17.0,19.0,17.0
12.0,18.0,17.0,19.0,20.0,18.0,19.0,21.0,21.0,27.0,26.0,17.0,18.0,20.0,26.0,19.0,23.0,32.0,12.0,15.0,21.0,15.0,15.0,31.0,15.0,22.0,23.0,23.0,19.0,30.0,24.0,24.0,16.0,26.0,19.0,22.0,20.0,19.0,18.0,25.0,34.0,16.0,18.0,17.0,22.0,25.0,26.0,12.0,21.0,21.0
36.0,39.0,22.0,28.0,39.0,24.0,23.0,14.0,25.0,27.0,21.0,40.0,18.0,26.0,28.0,28.0,24.0,28.0,24.0,22.0,23.0,32.0,31.0,25.0,34.0,34.0,30.0,35.0,22.0,28.0,27.0,20.0,30.0,25.0,32.0,23.0,25.0,27.0,29.0,26.0,18.0,24.0,33.0,13.0,20.0,19.0,30.0,23.0,33.0,19.0
