10,50,1000
19.368277,18.707131,17.932103,18.156439,18.057365,15.230812,16.577123,16.377018,18.131351,19.98825
7.836725,5.405196,8.148717,6.471607,7.03836,9.135181,6.584418,7.468281,5.790249,8.652213
0.0,10.0,20.0,30.0,40.0,50.0,60.0,70.0,80.0,90.0
10.0,0.0,10.0,20.0,30.0,40.0,50.0,60.0,70.0,80.0
20.0,10.0,0.0,10.0,20.0,30.0,40.0,50.0,60.0,70.0
30.0,20.0,10.0,0.0,10.0,20.0,30.0,40.0,50.0,60.0
40.0,30.0,20.0,10.0,0.0,10.0,20.0,30.0,40.0,50.0
50.0,40.0,30.0,20.0,10.0,0.0,10.0,20.0,30.0,40.0
60.0,50.0,40.0,30.0,20.0,10.0,0.0,10.0,20.0,30.0
70.0,60.0,50.0,40.0,30.0,20.0,10.0,0.0,10.0,20.0
80.0,70.0,60.0,50.0,40.0,30.0,20.0,10.0,0.0,10.0
90.0,80.0,70.0,60.0,50.0,40.0,30.0,20.0,10.0,0.0
450.0,400.0,350.0,300.0,250.0,250.0,300.0,350.0,400.0,450.0
0.0,1.0,2.0,3.0,4.0,5.0,6.0,7.0,8.0,9.0
1.0,0.0,1.0,2.0,3.0,4.0,5.0,6.0,7.0,8.0
2.0,1.0,0.0,1.0,2.0,3.0,4.0,5.0,6.0,7.0
3.0,2.0,1.0,0.0,1.0,2.0,3.0,4.0,5.0,6.0
4.0,3.0,2.0,1.0,0.0,1.0,2.0,3.0,4.0,5.0
5.0,4.0,3.0,2.0,1.0,0.0,1.0,2.0,3.0,4.0
6.0,5.0,4.0,3.0,2.0,1.0,0.0,1.0,2.0,3.0
7.0,6.0,5.0,4.0,3.0,2.0,1.0,0.0,1.0,2.0
8.0,7.0,6.0,5.0,4.0,3.0,2.0,1.0,0.0,1.0
9.0,8.0,7.0,6.0,5.0,4.0,3.0,2.0,1.0,0.0
45.0,40.0,35.0,30.0,25.0,25.0,30.0,35.0,40.0,45.0
31.0,24.0,39.0,34.0,30.0,20.0,39.0,32.0,28.0,25.0,21.0,31.0,30.0,22.0,30.0,33.0,35.0,35.0,26.0,36.0,27.0,23.0,29.0,30.0,24.0,24.0,28.0,26.0,29.0,32.0,28.0,32.0,30.0,37.0,28.0,34.0,20.0,32.0,34.0,29.0,27.0,45.0,38.0,29.0,29.0,38.0,33.0,29.0,29.0,31.0
18.0,23.0,17.0,18.0,15.0,32.0,20.0,25.0,22.0,23.0,25.0,21.0,20.0,24.0,21.0,18.0,25.0,23.0,28.0,28.0,18.0,24.0,23.0,22.0,28.0,17.0,28.0,23.0,22.0,19.0,28.0,20.0,26.0,25.0,23.0,22.0,24.0,23.0,22.0,20.0,21.0,23.0,11.0,22.0,23.0,25.0,16.0,25.0,29.0,21.0
23.0,29.0,33.0,33.0,23.0,23.0,32.0,27.0,24.0,22.0,31.0,23.0,42.0,26.0,15.0,34.0,38.0,28.0,30.0,36.0,34.0,37.0,29.0,29.0,30.0,27.0,31.0,32.0,36.0,32.0,35.0,27.0,33.0,40.0,26.0,18.0,29.0,27.0,33.0,42.0,24.0,27.0,30.0,32.0,28.0,34.0,30.0,26.0,37.0,28.0
32.0,35.0,29.0,18.0,23.0,29.0,25.0,39.0,26.0,23.0,25.0,24.0,26.0,28.0,33.0,34.0,21.0,32.0,25.0,32.0,27.0,23.0,24.0,31.0,22.0,22.0,24.0,32.0,13.0,34.0,27.0,33.0,25.0,19.0,24.0,21.0,29.0,27.0,31.0,42.0,16.0,27.0,28.0,19.0,30.0,29.0,26.0,25.0,20.0,18.0
29.0,26.0,17.0,19.0,24.0,24.0,25.0,24.0,36.0,20.0,24.0,29.0,29.0,23.0,25.0,29.0,26.0,24.0,28.0,15.0,23.0,15.0,33.0,26.0,33.0,28.0,23.0,37.0,29.0,20.0,34.0,24.0,27.0,30.0,32.0,28.0,20.0,26.0,30.0,29.0,32.0,28.0,25.0,36.0,30.0,28.0,33.0,26.0,32.0,36.0
33.0,36.0,28.0,31.0,25.0,36.0,28.0,33.0,31.0,38.0,28.0,25.0,33.0,43.0,34.0,29.0,36.0,37.0,34.0,32.0,36.0,31.0,43.0,42.0,29.0,39.0,37.0,34.0,37.0,29.0,29.0,23.0,27.0,27.0,30.0,28.0,26.0,43.0,29.0,30.0,32.0,30.0,24.0,29.0,23.0,33.0,37.0,39.0,36.0,38.0
29.0,28.0,22.0,27.0,33.0,38.0,23.0,22.0,23.0,31.0,28.0,22.0,29.0,31.0,26.0,30.0,27.0,28.0,22.0,25.0,36.0,33.0,35.0,23.0,24.0,14.0,20.0,25.0,36.0,25.0,17.0,35.0,31.0,22.0,24.0,25.0,22.0,30.0,31.0,29.0,24.0,34.0,36.0,20.0,28.0,28.0,23.0,20.0,31.0,22.0
29.0,28.0,27.0,35.0,20.0,27.0,30.0,27.0,22.0,27.0,28.0,30.0,30.0,24.0,35.0,30.0,21.0,29.0,33.0,27.0,30.0,26.0,23.0,24.0,26.0,36.0,34.0,31.0,24.0,26.0,35.0,23.0,16.0,24.0,17.0,24.0,28.0,22.0,34.0,28.0,26.0,35.0,33.0,30.0,26.0,27.0,21.0,34.0,39.0,21.0
33.0,25.0,25.0,21.0,21.0,28.0,14.0,24.0,28.0,23.0,20.0,24.0,25.0,29.0,28.0,16.0,25.0,28.0,23.0,29.0,18.0,25.0,18.0,23.0,21.0,28.0,26.0,22.0,28.0,18.0,14.0,27.0,16.0,22.0,18.0,25.0,20.0,22.0,29.0,31.0,18.0,25.0,20.0,25.0,24.0,31.0,23.0,23.0,23.0,23.0
31.0,33.0,33.0,35.0,36.0,27.0,32.0,35.0,30.0,44.0,46.0,35.0,38.0,37.0,40.0,41.0,35.0,37.0,27.0,34.0,33.0,36.0,31.0,21.0,32.0,33.0,28.0,30.0,20.0,31.0,39.0,32.0,41.0,34.0,31.0,35.0,37.0,29.0,36.0,26.0,33.0,27.0,28.0,33.0,35.0,32.0,37.0,36.0,35.0,28.0
