10,50,1000
17.046471,15.220333,19.226355,16.949523,19.188,17.60279,17.246763,19.00976,19.785326,15.27324
7.635619,8.442867,8.057113,9.427202,6.943627,9.800621,8.885841,7.692385,5.281909,8.406529
0.0,10.0,20.0,30.0,40.0,50.0,60.0,70.0,80.0,90.0
10.0,0.0,10.0,20.0,30.0,40.0,50.0,60.0,70.0,80.0
20.0,10.0,0.0,10.0,20.0,30.0,40.0,50.0,60.0,70.0
30.0,20.0,10.0,0.0,10.0,20.0,30.0,40.0,50.0,60.0
40.0,30.0,20.0,10.0,0.0,10.0,20.0,30.0,40.0,50.0
50.0,40.0,30.0,20.0,10.0,0.0,10.0,20.0,30.0,40.0
60.0,50.0,40.0,30.0,20.0,10.0,0.0,10.0,20.0,30.0
70.0,60.0,50.0,40.0,30.0,20.0,10.0,0.0,10.0,20.0
80.0,70.0,60.0,50.0,40.0,30.0,20.0,10.0,0.0,10.0
90.0,80.0,70.0,60.0,50.0,40.0,30.0,20.0,10.0,0.0
450.0,400.0,350.0,300.0,250.0,250.0,300.0,350.0,400.0,450.0
0.0,1.0,2.0,3.0,4.0,5.0,6.0,7.0,8.0,9.0
1.0,0.0,1.0,2.0,3.0,4.0,5.0,6.0,7.0,8.0
2.0,1.0,0.0,1.0,2.0,3.0,4.0,5.0,6.0,7.0
3.0,2.0,1.0,0.0,1.0,2.0,3.0,4.0,5.0,6.0
4.0,3.0,2.0,1.0,0.0,1.0,2.0,3.0,4.0,5.0
5.0,4.0,3.0,2.0,1.0,0.0,1.0,2.0,3.0,4.0
6.0,5.0,4.0,3.0,2.0,1.0,0.0,1.0,2.0,3.0
7.0,6.0,5.0,4.0,3.0,2.0,1.0,0.0,1.0,2.0
8.0,7.0,6.0,5.0,4.0,3.0,2.0,1.0,0.0,1.0
9.0,8.0,7.0,6.0,5.0,4.0,3.0,2.0,1.0,0.0
45.0,40.0,35.0,30.0,25.0,25.0,30.0,35.0,40.0,45.0
23.0,35.0,31.0,31.0,26.0,35.0,28.0,34.0,34.0,38.0,38.0,29.0,39.0,23.0,31.0,30.0,27.0,44.0,30.0,33.0,40.0,23.0,21.0,28.0,33.0,33.0,24.0,28.0,31.0,39.0,22.0,20.0,37.0,29.0,35.0,23.0,30.0,25.0,29.0,21.0,32.0,25.0,23.0,38.0,30.0,31.0,25.0,31.0,28.0,28.0
37.0,34.0,34.0,35.0,27.0,38.0,30.0,41.0,26.0,28.0,33.0,34.0,21.0,27.0,24.0,32.0,32.0,41.0,26.0,23.0,33.0,31.0,25.0,21.0,25.0,30.0,36.0,39.0,29.0,36.0,32.0,36.0,23.0,27.0,33.0,31.0,28.0,32.0,39.0,38.0,34.0,37.0,45.0,43.0,37.0,33.0,22.0,26.0,35.0,27.0
20.0,30.0,38.0,37.0,25.0,24.0,27.0,39.0,36.0,35.0,31.0,31.0,31.0,28.0,29.0,34.0,28.0,24.0,41.0,23.0,32.0,37.0,35.0,33.0,31.0,41.0,33.0,32.0,34.0,28.0,23.0,33.0,28.0,34.0,33.0,36.0,30.0,26.0,27.0,31.0,28.0,23.0,28.0,27.0,38.0,26.0,43.0,30.0,26.0,32.0
43.0,27.0,41.0,35.0,29.0,36.0,36.0,31.0,37.0,37.0,27.0,26.0,42.0,38.0,34.0,32.0,33.0,32.0,37.0,35.0,37.0,38.0,36.0,26.0,26.0,41.0,47.0,29.0,31.0,35.0,30.0,30.0,31.0,45.0,33.0,29.0,27.0,35.0,37.0,37.0,50.0,33.0,29.0,36.0,38.0,32.0,34.0,37.0,43.0,30.0
27.0,31.0,25.0,34.0,25.0,29.0,26.0,33.0,37.0,22.0,27.0,32.0,23.0,29.0,27.0,27.0,27.0,25.0,25.0,26.0,33.0,37.0,27.0,29.0,36.0,25.0,31.0,31.0,24.0,39.0,28.0,39.0,25.0,36.0,34.0,20.0,23.0,32.0,26.0,29.0,33.0,21.0,30.0,34.0,37.0,27.0,23.0,43.0,27.0,26.0
37.0,54.0,33.0,35.0,24.0,37.0,47.0,39.0,47.0,30.0,40.0,39.0,28.0,44.0,24.0,37.0,41.0,30.0,46.0,39.0,49.0,43.0,37.0,43.0,34.0,41.0,30.0,37.0,36.0,31.0,50.0,32.0,26.0,27.0,44.0,27.0,28.0,38.0,29.0,49.0,34.0,31.0,36.0,39.0,47.0,31.0,32.0,36.0,32.0,39.0
34.0,28.0,31.0,23.0,36.0,35.0,32.0,23.0,35.0,31.0,24.0,38.0,28.0,34.0,38.0,32.0,31.0,27.0,36.0,36.0,34.0,28.0,26.0,26.0,29.0,36.0,32.0,32.0,25.0,43.0,33.0,35.0,31.0,33.0,33.0,35.0,32.0,36.0,33.0,34.0,24.0,41.0,38.0,24.0,25.0,29.0,32.0,40.0,33.0,25.0
31.0,25.0,36.0,31.0,20.0,27.0,28.0,30.0,24.0,29.0,30.0,33.0,27.0,27.0,41.0,23.0,31.0,14.0,23.0,38.0,32.0,24.0,28.0,31.0,26.0,26.0,29.0,21.0,28.0,36.0,40.0,23.0,28.0,25.0,21.0,23.0,32.0,45.0,33.0,27.0,29.0,22.0,30.0,37.0,21.0,33.0,30.0,31.0,29.0,25.0
25.0,17.0,18.0,19.0,21.0,17.0,23.0,28.0,20.0,31.0,22.0,20.0,21.0,23.0,19.0,21.0,22.0,23.0,18.0,27.0,24.0,22.0,20.0,16.0,27.0,23.0,17.0,18.0,17.0,15.0,21.0,21.0,23.0,34.0,24.0,24.0,35.0,20.0,20.0,23.0,25.0,25.0,25.0,30.0,24.0,18.0,28.0,20.0,22.0,26.0
38.0,38.0,30.0,27.0,28.0,24.0,37.0,22.0,26.0,24.0,31.0,34.0,27.0,24.0,31.0,28.0,31.0,32.0,19.0,34.0,42.0,30.0,26.0,35.0,34.0,33.0,29.0,38.0,39.0,20.0,30.0,26.0,28.0,36.0,29.0,26.0,26.0,31.0,39.0,30.0,27.0,27.0,35.0,36.0,30.0,36.0,27.0,30.0,24.0,29.0
