10,50,1000
18.658283,16.056939,15.44338,18.089966,18.940417,18.303079,16.431347,19.917634,19.415883,18.362517
5.268984,8.188621,9.751113,9.48898,7.414424,8.838927,9.476439,7.279517,7.435748,7.599404
0.0,10.0,20.0,30.0,40.0,50.0,60.0,70.0,80.0,90.0
10.0,0.0,10.0,20.0,30.0,40.0,50.0,60.0,70.0,80.0
20.0,10.0,0.0,10.0,20.0,30.0,40.0,50.0,60.0,70.0
30.0,20.0,10.0,0.0,10.0,20.0,30.0,40.0,50.0,60.0
40.0,30.0,20.0,10.0,0.0,10.0,20.0,30.0,40.0,50.0
50.0,40.0,30.0,20.0,10.0,0.0,10.0,20.0,30.0,40.0
60.0,50.0,40.0,30.0,20.0,10.0,0.0,10.0,20.0,30.0
70.0,60.0,50.0,40.0,30.0,20.0,10.0,0.0,10.0,20.0
80.0,70.0,60.0,50.0,40.0,30.0,20.0,10.0,0.0,10.0
90.0,80.0,70.0,60.0,50.0,40.0,30.0,20.0,10.0,0.0
450.0,400.0,350.0,300.0,250.0,250.0,300.0,350.0,400.0,450.0
0.0,1.0,2.0,3.0,4.0,5.0,6.0,7.0,8.0,9.0
1.0,0.0,1.0,2.0,3.0,4.0,5.0,6.0,7.0,8.0
2.0,1.0,0.0,1.0,2.0,3.0,4.0,5.0,6.0,7.0
3.0,2.0,1.0,0.0,1.0,2.0,3.0,4.0,5.0,6.0
4.0,3.0,2.0,1.0,0.0,1.0,2.0,3.0,4.0,5.0
5.0,4.0,3.0,2.0,1.0,0.0,1.0,2.0,3.0,4.0
6.0,5.0,4.0,3.0,2.0,1.0,0.0,1.0,2.0,3.0
7.0,6.0,5.0,4.0,3.0,2.0,1.0,0.0,1.0,2.0
8.0,7.0,6.0,5.0,4.0,3.0,2.0,1.0,0.0,1.0
9.0,8.0,7.0,6.0,5.0,4.0,3.0,2.0,1.0,0.0
45.0,40.0,35.0,30.0,25.0,25.0,30.0,35.0,40.0,45.0
25.0,17.0,20.0,20.0,27.0,25.0,31.0,26.0,16.0,21.0,31.0,28.0,20.0,19.0,17.0,16.0,28.0,18.0,18.0,22.0,20.0,24.0,27.0,28.0,21.0,22.0,16.0,22.0,24.0,16.0,17.0,18.0,31.0,21.0,32.0,16.0,28.0,28.0,30.0,23.0,27.0,22.0,22.0,27.0,25.0,22.0,21.0,15.0,24.0,20.0
27.0,35.0,34.0,25.0,28.0,28.0,25.0,29.0,36.0,38.0,32.0,20.0,36.0,32.0,35.0,31.0,27.0,25.0,26.0,29.0,27.0,21.0,41.0,19.0,36.0,29.0,39.0,34.0,40.0,36.0,31.0,26.0,24.0,24.0,23.0,30.0,25.0,28.0,36.0,31.0,29.0,46.0,34.0,19.0,30.0,23.0,25.0,31.0,24.0,22.0
34.0,37.0,39.0,45.0,33.0,31.0,31.0,30.0,52.0,33.0,32.0,32.0,29.0,34.0,42.0,31.0,30.0,37.0,42.0,37.0,33.0,39.0,34.0,40.0,26.0,31.0,39.0,33.0,36.0,60.0,27.0,40.0,42.0,30.0,34.0,40.0,33.0,35.0,29.0,36.0,56.0,27.0,39.0,32.0,30.0,47.0,39.0,38.0,36.0,33.0
45.0,42.0,31.0,29.0,38.0,37.0,25.0,39.0,31.0,43.0,33.0,30.0,36.0,34.0,38.0,34.0,36.0,29.0,36.0,42.0,37.0,42.0,28.0,33.0,42.0,39.0,35.0,26.0,18.0,41.0,35.0,41.0,31.0,34.0,36.0,33.0,28.0,28.0,36.0,37.0,33.0,29.0,38.0,43.0,40.0,35.0,32.0,39.0,33.0,51.0
37.0,26.0,23.0,29.0,16.0,29.0,40.0,22.0,29.0,29.0,26.0,29.0,37.0,31.0,22.0,20.0,32.0,35.0,28.0,30.0,30.0,39.0,30.0,22.0,34.0,26.0,35.0,29.0,27.0,27.0,27.0,27.0,25.0,34.0,24.0,26.0,33.0,40.0,27.0,36.0,30.0,30.0,29.0,36.0,30.0,34.0,28.0,34.0,30.0,24.0
36.0,29.0,19.0,33.0,43.0,29.0,31.0,34.0,26.0,28.0,27.0,25.0,30.0,33.0,35.0,34.0,26.0,36.0,42.0,22.0,29.0,30.0,33.0,31.0,30.0,27.0,35.0,32.0,19.0,35.0,24.0,36.0,39.0,32.0,27.0,32.0,38.0,32.0,44.0,26.0,32.0,35.0,41.0,35.0,31.0,38.0,27.0,36.0,43.0,32.0
36.0,35.0,36.0,33.0,26.0,33.0,39.0,45.0,37.0,38.0,47.0,41.0,32.0,25.0,28.0,28.0,43.0,30.0,27.0,38.0,40.0,32.0,23.0,43.0,36.0,30.0,36.0,35.0,36.0,47.0,30.0,33.0,35.0,41.0,40.0,45.0,37.0,30.0,38.0,35.0,36.0,26.0,25.0,31.0,40.0,29.0,34.0,30.0,31.0,35.0
28.0,22.0,23.0,31.0,30.0,38.0,32.0,31.0,23.0,37.0,38.0,25.0,36.0,32.0,37.0,32.0,29.0,20.0,35.0,35.0,26.0,21.0,29.0,29.0,29.0,26.0,23.0,33.0,33.0,27.0,45.0,30.0,20.0,33.0,23.0,31.0,23.0,22.0,21.0,35.0,30.0,29.0,34.0,32.0,30.0,30.0,24.0,16.0,34.0,33.0
43.0,19.0,32.0,32.0,30.0,36.0,27.0,34.0,28.0,42.0,35.0,36.0,26.0,39.0,33.0,27.0,24.0,26.0,37.0,28.0,21.0,38.0,28.0,31.0,30.0,24.0,29.0,35.0,38.0,31.0,26.0,19.0,41.0,21.0,24.0,23.0,32.0,25.0,32.0,21.0,31.0,32.0,28.0,29.0,22.0,26.0,25.0,16.0,34.0,29.0
23.0,35.0,28.0,27.0,31.0,37.0,22.0,35.0,29.0,22.0,39.0,31.0,23.0,41.0,36.0,30.0,31.0,28.0,25.0,30.0,25.0,27.0,31.0,36.0,28.0,39.0,24.0,24.0,26.0,29.0,43.0,24.0,39.0,29.0,30.0,36.0,29.0,34.0,32.0,21.0,33.0,22.0,30.0,30.0,31.0,25.0,27.0,29.0,38.0,25.0
