10,50,1000
15.64839,15.299876,17.167609,18.083644,18.838397,15.993678,19.437694,15.638592,16.249799,15.645117
9.820858,9.102267,7.926545,5.825493,8.67905,8.292852,9.951308,9.867023,5.924986,9.363696
0.0,10.0,20.0,30.0,40.0,50.0,60.0,70.0,80.0,90.0
10.0,0.0,10.0,20.0,30.0,40.0,50.0,60.0,70.0,80.0
20.0,10.0,0.0,10.0,20.0,30.0,40.0,50.0,60.0,70.0
30.0,20.0,10.0,0.0,10.0,20.0,30.0,40.0,50.0,60.0
40.0,30.0,20.0,10.0,0.0,10.0,20.0,30.0,40.0,50.0
50.0,40.0,30.0,20.0,10.0,0.0,10.0,20.0,30.0,40.0
60.0,50.0,40.0,30.0,20.0,10.0,0.0,10.0,20.0,30.0
70.0,60.0,50.0,40.0,30.0,20.0,10.0,0.0,10.0,20.0
80.0,70.0,60.0,50.0,40.0,30.0,20.0,10.0,0.0,10.0
90.0,80.0,70.0,60.0,50.0,40.0,30.0,20.0,10.0,0.0
450.0,400.0,350.0,300.0,250.0,250.0,300.0,350.0,400.0,450.0
0.0,1.0,2.0,3.0,4.0,5.0,6.0,7.0,8.0,9.0
1.0,0.0,1.0,2.0,3.0,4.0,5.0,6.0,7.0,8.0
2.0,1.0,0.0,1.0,2.0,3.0,4.0,5.0,6.0,7.0
3.0,2.0,1.0,0.0,1.0,2.0,3.0,4.0,5.0,6.0
4.0,3.0,2.0,1.0,0.0,1.0,2.0,3.0,4.0,5.0
5.0,4.0,3.0,2.0,1.0,0.0,1.0,2.0,3.0,4.0
6.0,5.0,4.0,3.0,2.0,1.0,0.0,1.0,2.0,3.0
7.0,6.0,5.0,4.0,3.0,2.0,1.0,0.0,1.0,2.0
8.0,7.0,6.0,5.0,4.0,3.0,2.0,1.0,0.0,1.0
9.0,8.0,7.0,6.0,5.0,4.0,3.0,2.0,1.0,0.0
45.0,40.0,35.0,30.0,25.0,25.0,30.0,35.0,40.0,45.0
40.0,42.0,41.0,29.0,39.0,32.0,34.0,38.0,35.0,33.0,39.0,41.0,41.0,37.0,35.0,38.0,39.0,34.0,32.0,29.0,30.0,38.0,31.0,34.0,37.0,37.0,50.0,30.0,35.0,30.0,37.0,43.0,38.0,32.0,42.0,42.0,30.0,37.0,31.0,29.0,30.0,37.0,19.0,39.0,29.0,22.0,29.0,33.0,42.0,35.0
29.0,38.0,24.0,36.0,34.0,22.0,35.0,37.0,43.0,26.0,34.0,33.0,27.0,33.0,30.0,40.0,32.0,39.0,37.0,24.0,41.0,35.0,22.0,41.0,50.0,32.0,48.0,31.0,30.0,31.0,35.0,27.0,30.0,38.0,23.0,27.0,22.0,39.0,34.0,36.0,32.0,40.0,32.0,20.0,38.0,31.0,30.0,37.0,30.0,31.0
24.0,23.0,28.0,30.0,38.0,31.0,33.0,31.0,33.0,28.0,26.0,26.0,27.0,14.0,31.0,31.0,28.0,20.0,20.0,29.0,25.0,31.0,34.0,34.0,35.0,31.0,31.0,41.0,29.0,34.0,37.0,27.0,35.0,20.0,20.0,29.0,35.0,30.0,33.0,27.0,22.0,27.0,20.0,34.0,30.0,28.0,31.0,29.0,31.0,24.0
19.0,22.0,20.0,28.0,26.0,28.0,20.0,24.0,34.0,24.0,24.0,18.0,23.0,15.0,17.0,23.0,28.0,21.0,17.0,31.0,27.0,25.0,22.0,24.0,26.0,40.0,24.0,20.0,16.0,26.0,38.0,19.0,29.0,26.0,25.0,31.0,20.0,20.0,23.0,19.0,21.0,15.0,27.0,14.0,19.0,23.0,29.0,22.0,36.0,28.0
35.0,28.0,33.0,34.0,34.0,35.0,33.0,48.0,40.0,39.0,33.0,25.0,30.0,34.0,31.0,30.0,33.0,43.0,26.0,35.0,29.0,40.0,38.0,42.0,28.0,31.0,34.0,34.0,31.0,36.0,37.0,27.0,36.0,43.0,27.0,33.0,32.0,37.0,27.0,27.0,34.0,37.0,29.0,46.0,33.0,39.0,40.0,33.0,39.0,41.0
34.0,24.0,30.0,33.0,29.0,30.0,26.0,30.0,25.0,26.0,22.0,27.0,33.0,42.0,29.0,33.0,33.0,30.0,34.0,18.0,35.0,26.0,30.0,20.0,31.0,35.0,27.0,34.0,29.0,24.0,30.0,28.0,23.0,31.0,32.0,31.0,30.0,39.0,39.0,31.0,32.0,25.0,36.0,30.0,22.0,33.0,32.0,23.0,38.0,37.0
33.0,45.0,35.0,35.0,43.0,43.0,43.0,38.0,29.0,31.0,36.0,40.0,41.0,25.0,32.0,36.0,38.0,44.0,33.0,26.0,35.0,28.0,46.0,36.0,38.0,29.0,44.0,34.0,37.0,39.0,36.0,38.0,42.0,29.0,32.0,39.0,42.0,39.0,49.0,37.0,44.0,38.0,39.0,38.0,35.0,29.0,33.0,33.0,42.0,49.0
26.0,33.0,35.0,41.0,35.0,38.0,36.0,37.0,37.0,41.0,39.0,29.0,31.0,34.0,22.0,32.0,50.0,34.0,28.0,34.0,39.0,24.0,42.0,30.0,34.0,37.0,31.0,25.0,31.0,43.0,37.0,35.0,22.0,45.0,25.0,27.0,41.0,36.0,32.0,35.0,34.0,28.0,32.0,29.0,41.0,35.0,31.0,31.0,38.0,33.0
24.0,20.0,31.0,25.0,23.0,17.0,19.0,24.0,22.0,17.0,14.0,18.0,21.0,23.0,19.0,20.0,18.0,21.0,19.0,17.0,26.0,26.0,21.0,22.0,20.0,13.0,30.0,20.0,16.0,26.0,23.0,22.0,28.0,22.0,20.0,20.0,40.0,19.0,29.0,24.0,22.0,31.0,20.0,21.0,20.0,19.0,27.0,27.0,25.0,20.0
29.0,32.0,32.0,30.0,29.0,37.0,41.0,21.0,36.0,34.0,29.0,30.0,32.0,27.0,36.0,30.0,37.0,18.0,40.0,31.0,25.0,30.0,34.0,33.0,25.0,32.0,38.0,31.0,28.0,21.0,29.0,35.0,37.0,36.0,41.0,31.0,34.0,40.0,32.0,34.0,41.0,45.0,38.0,34.0,24.0,38.0,28.0,31.0,28.0,38.0
