10,50,1000
18.880227,15.299829,17.552398,15.916312,18.206044,17.158221,15.631046,16.829908,19.444983,15.132493
8.020654,9.16057,9.324402,9.156262,7.394565,7.927185,5.614482,8.38323,8.247687,8.56387
0.0,10.0,20.0,30.0,40.0,50.0,60.0,70.0,80.0,90.0
10.0,0.0,10.0,20.0,30.0,40.0,50.0,60.0,70.0,80.0
20.0,10.0,0.0,10.0,20.0,30.0,40.0,50.0,60.0,70.0
30.0,20.0,10.0,0.0,10.0,20.0,30.0,40.0,50.0,60.0
40.0,30.0,20.0,10.0,0.0,10.0,20.0,30.0,40.0,50.0
50.0,40.0,30.0,20.0,10.0,0.0,10.0,20.0,30.0,40.0
60.0,50.0,40.0,30.0,20.0,10.0,0.0,10.0,20.0,30.0
70.0,60.0,50.0,40.0,30.0,20.0,10.0,0.0,10.0,20.0
80.0,70.0,60.0,50.0,40.0,30.0,20.0,10.0,0.0,10.0
90.0,80.0,70.0,60.0,50.0,40.0,30.0,20.0,10.0,0.0
450.0,400.0,350.0,300.0,250.0,250.0,300.0,350.0,400.0,450.0
0.0,1.0,2.0,3.0,4.0,5.0,6.0,7.0,8.0,9.0
1.0,0.0,1.0,2.0,3.0,4.0,5.0,6.0,7.0,8.0
2.0,1.0,0.0,1.0,2.0,3.0,4.0,5.0,6.0,7.0
3.0,2.0,1.0,0.0,1.0,2.0,3.0,4.0,5.0,6.0
4.0,3.0,2.0,1.0,0.0,1.0,2.0,3.0,4.0,5.0
5.0,4.0,3.0,2.0,1.0,0.0,1.0,2.0,3.0,4.0
6.0,5.0,4.0,3.0,2.0,1.0,0.0,1.0,2.0,3.0
7.0,6.0,5.0,4.0,3.0,2.0,1.0,0.0,1.0,2.0
8.0,7.0,6.0,5.0,4.0,3.0,2.0,1.0,0.0,1.0
9.0,8.0,7.0,6.0,5.0,4.0,3.0,2.0,1.0,0.0
45.0,40.0,35.0,30.0,25.0,25.0,30.0,35.0,40.0,45.0
18.0,29.0,35.0,27.0,30.0,37.0,28.0,35.0,25.0,23.0,32.0,31.0,26.0,28.0,28.0,34.0,25.0,24.0,38.0,39.0,15.0,27.0,32.0,37.0,31.0,19.0,28.0,34.0,38.0,31.0,28.0,23.0,29.0,24.0,25.0,37.0,31.0,29.0,29.0,24.0,30.0,29.0,24.0,27.0,26.0,30.0,35.0,35.0,21.0,34.0
31.0,30.0,40.0,42.0,45.0,38.0,43.0,30.0,26.0,30.0,37.0,34.0,30.0,36.0,35.0,28.0,42.0,33.0,37.0,35.0,27.0,28.0,24.0,40.0,38.0,22.0,37.0,33.0,50.0,43.0,32.0,33.0,23.0,31.0,34.0,22.0,35.0,32.0,41.0,39.0,38.0,32.0,31.0,31.0,33.0,30.0,28.0,39.0,33.0,23.0
38.0,43.0,36.0,36.0,23.0,35.0,32.0,36.0,24.0,36.0,36.0,40.0,43.0,39.0,30.0,41.0,37.0,34.0,36.0,32.0,43.0,36.0,38.0,40.0,33.0,34.0,40.0,31.0,31.0,32.0,37.0,31.0,39.0,29.0,33.0,35.0,33.0,46.0,42.0,32.0,30.0,29.0,28.0,40.0,38.0,52.0,39.0,30.0,24.0,27.0
34.0,28.0,30.0,36.0,36.0,38.0,31.0,35.0,29.0,38.0,37.0,31.0,31.0,31.0,27.0,31.0,31.0,35.0,35.0,34.0,35.0,29.0,26.0,27.0,35.0,25.0,36.0,42.0,45.0,45.0,39.0,30.0,34.0,37.0,35.0,42.0,38.0,36.0,27.0,29.0,25.0,27.0,32.0,35.0,33.0,43.0,42.0,33.0,34.0,40.0
18.0,40.0,34.0,26.0,34.0,30.0,26.0,30.0,22.0,43.0,37.0,32.0,37.0,29.0,32.0,31.0,30.0,34.0,36.0,33.0,28.0,18.0,21.0,29.0,20.0,31.0,26.0,29.0,26.0,18.0,32.0,31.0,31.0,12.0,26.0,25.0,27.0,31.0,31.0,28.0,30.0,26.0,30.0,25.0,39.0,27.0,28.0,28.0,33.0,21.0
32.0,36.0,26.0,33.0,31.0,35.0,42.0,31.0,24.0,35.0,28.0,29.0,25.0,25.0,27.0,29.0,22.0,32.0,34.0,25.0,39.0,33.0,32.0,38.0,25.0,29.0,32.0,37.0,31.0,35.0,34.0,34.0,22.0,29.0,41.0,29.0,29.0,36.0,30.0,32.0,21.0,31.0,31.0,32.0,30.0,33.0,25.0,39.0,27.0,28.0
16.0,20.0,19.0,16.0,18.0,17.0,32.0,21.0,12.0,21.0,20.0,13.0,15.0,32.0,20.0,23.0,25.0,23.0,27.0,22.0,23.0,15.0,24.0,28.0,22.0,18.0,19.0,17.0,25.0,18.0,29.0,33.0,15.0,20.0,22.0,19.0,15.0,20.0,29.0,21.0,25.0,25.0,22.0,16.0,20.0,23.0,26.0,18.0,18.0,19.0
38.0,27.0,35.0,23.0,35.0,25.0,32.0,37.0,28.0,20.0,30.0,23.0,38.0,37.0,32.0,28.0,30.0,29.0,32.0,30.0,30.0,28.0,36.0,37.0,30.0,31.0,33.0,21.0,22.0,31.0,26.0,45.0,28.0,32.0,24.0,33.0,37.0,34.0,30.0,27.0,28.0,32.0,26.0,29.0,29.0,35.0,27.0,34.0,28.0,31.0
35.0,28.0,29.0,25.0,24.0,45.0,34.0,25.0,34.0,34.0,28.0,37.0,24.0,39.0,30.0,29.0,37.0,30.0,26.0,36.0,26.0,30.0,29.0,38.0,36.0,30.0,23.0,27.0,38.0,41.0,36.0,35.0,32.0,33.0,39.0,32.0,31.0,30.0,31.0,34.0,35.0,22.0,26.0,35.0,28.0,26.0,40.0,31.0,36.0,36.0
38.0,28.0,28.0,26.0,38.0,35.0,31.0,32.0,32.0,35.0,27.0,35.0,37.0,35.0,25.0,31.0,31.0,38.0,37.0,28.0,33.0,35.0,34.0,25.0,28.0,23.0,39.0,39.0,28.0,21.0,34.0,35.0,29.0,29.0,31.0,30.0,25.0,22.0,29.0,26.0,28.0,34.0,28.0,23.0,19.0,33.0,29.0,35.0,27.0,30.0
