10,50,1000
18.685231,19.991979,17.735763,17.55816,19.122775,18.576395,16.077819,19.486298,16.294121,16.140574
6.126115,7.801855,6.537476,7.20491,9.199182,9.509846,6.436819,9.42418,7.572124,6.666343
0.0,10.0,20.0,30.0,40.0,50.0,60.0,70.0,80.0,90.0
10.0,0.0,10.0,20.0,30.0,40.0,50.0,60.0,70.0,80.0
20.0,10.0,0.0,10.0,20.0,30.0,40.0,50.0,60.0,70.0
30.0,20.0,10.0,0.0,10.0,20.0,30.0,40.0,50.0,60.0
40.0,30.0,20.0,10.0,0.0,10.0,20.0,30.0,40.0,50.0
50.0,40.0,30.0,20.0,10.0,0.0,10.0,20.0,30.0,40.0
60.0,50.0,40.0,30.0,20.0,10.0,0.0,10.0,20.0,30.0
70.0,60.0,50.0,40.0,30.0,20.0,10.0,0.0,10.0,20.0
80.0,70.0,60.0,50.0,40.0,30.0,20.0,10.0,0.0,10.0
90.0,80.0,70.0,60.0,50.0,40.0,30.0,20.0,10.0,0.0
450.0,400.0,350.0,300.0,250.0,250.0,300.0,350.0,400.0,450.0
0.0,1.0,2.0,3.0,4.0,5.0,6.0,7.0,8.0,9.0
1.0,0.0,1.0,2.0,3.0,4.0,5.0,6.0,7.0,8.0
2.0,1.0,0.0,1.0,2.0,3.0,4.0,5.0,6.0,7.0
3.0,2.0,1.0,0.0,1.0,2.0,3.0,4.0,5.0,6.0
4.0,3.0,2.0,1.0,0.0,1.0,2.0,3.0,4.0,5.0
5.0,4.0,3.0,2.0,1.0,0.0,1.0,2.0,3.0,4.0
6.0,5.0,4.0,3.0,2.0,1.0,0.0,1.0,2.0,3.0
7.0,6.0,5.0,4.0,3.0,2.0,1.0,0.0,1.0,2.0
8.0,7.0,6.0,5.0,4.0,3.0,2.0,1.0,0.0,1.0
9.0,8.0,7.0,6.0,5.0,4.0,3.0,2.0,1.0,0.0
45.0,40.0,35.0,30.0,25.0,25.0,30.0,35.0,40.0,45.0
20.0,30.0,28.0,28.0,32.0,22.0,21.0,25.0,22.0,27.0,26.0,27.0,27.0,18.0,29.0,19.0,25.0,29.0,15.0,23.0,30.0,28.0,23.0,24.0,21.0,14.0,28.0,22.0,21.0,30.0,24.0,29.0,26.0,21.0,29.0,43.0,26.0,27.0,17.0,22.0,30.0,26.0,20.0,35.0,25.0,23.0,30.0,21.0,21.0,17.0
29.0,35.0,34.0,34.0,30.0,36.0,25.0,30.0,22.0,35.0,25.0,36.0,34.0,26.0,29.0,27.0,33.0,31.0,22.0,30.0,30.0,30.0,32.0,35.0,28.0,33.0,22.0,45.0,26.0,22.0,37.0,29.0,30.0,23.0,33.0,25.0,32.0,25.0,22.0,29.0,32.0,29.0,33.0,23.0,24.0,28.0,30.0,23.0,30.0,27.0
19.0,24.0,21.0,24.0,31.0,30.0,30.0,24.0,33.0,25.0,33.0,25.0,16.0,30.0,30.0,22.0,31.0,29.0,35.0,31.0,29.0,27.0,26.0,34.0,26.0,25.0,20.0,23.0,26.0,36.0,34.0,15.0,29.0,33.0,26.0,26.0,18.0,13.0,41.0,24.0,23.0,33.0,20.0,21.0,25.0,27.0,29.0,32.0,32.0,20.0
23.0,20.0,40.0,34.0,30.0,29.0,26.0,21.0,33.0,27.0,14.0,28.0,29.0,23.0,23.0,32.0,30.0,35.0,33.0,20.0,26.0,39.0,32.0,30.0,35.0,23.0,22.0,29.0,26.0,30.0,28.0,33.0,29.0,39.0,16.0,23.0,29.0,30.0,33.0,30.0,23.0,29.0,32.0,26.0,13.0,25.0,27.0,28.0,30.0,21.0
46.0,36.0,19.0,33.0,33.0,38.0,32.0,29.0,31.0,41.0,26.0,27.0,32.0,40.0,30.0,28.0,31.0,38.0,45.0,37.0,25.0,31.0,37.0,35.0,50.0,30.0,35.0,40.0,35.0,38.0,49.0,34.0,30.0,43.0,30.0,41.0,32.0,37.0,32.0,27.0,36.0,34.0,43.0,36.0,41.0,40.0,48.0,44.0,33.0,38.0
39.0,37.0,36.0,29.0,38.0,40.0,38.0,31.0,37.0,37.0,35.0,50.0,40.0,34.0,30.0,45.0,47.0,32.0,34.0,31.0,27.0,35.0,30.0,23.0,41.0,25.0,41.0,23.0,27.0,36.0,39.0,26.0,34.0,24.0,35.0,35.0,31.0,39.0,47.0,33.0,39.0,32.0,36.0,34.0,47.0,32.0,39.0,34.0,41.0,24.0
26.0,31.0,27.0,26.0,19.0,25.0,23.0,33.0,27.0,22.0,28.0,20.0,29.0,28.0,22.0,39.0,23.0,25.0,25.0,28.0,19.0,29.0,27.0,29.0,26.0,26.0,24.0,34.0,28.0,24.0,37.0,25.0,21.0,26.0,26.0,20.0,23.0,28.0,23.0,24.0,27.0,20.0,32.0,26.0,20.0,24.0,38.0,20.0,30.0,17.0
31.0,36.0,35.0,34.0,28.0,37.0,42.0,28.0,33.0,41.0,46.0,40.0,33.0,49.0,42.0,42.0,26.0,32.0,21.0,34.0,36.0,20.0,38.0,40.0,34.0,32.0,43.0,32.0,33.0,28.0,37.0,36.0,36.0,34.0,36.0,49.0,29.0,34.0,43.0,26.0,34.0,39.0,29.0,43.0,33.0,31.0,34.0,42.0,39.0,28.0
31.0,31.0,30.0,24.0,28.0,28.0,30.0,27.0,31.0,27.0,23.0,32.0,30.0,24.0,33.0,33.0,27.0,40.0,25.0,19.0,22.0,28.0,26.0,22.0,19.0,28.0,32.0,43.0,39.0,26.0,30.0,34.0,38.0,28.0,38.0,26.0,32.0,29.0,21.0,26.0,34.0,23.0,33.0,31.0,35.0,29.0,28.0,43.0,33.0,28.0
22.0,20.0,21.0,16.0,26.0,26.0,21.0,26.0,29.0,23.0,33.0,28.0,27.0,17.0,29.0,29.0,20.0,27.0,29.0,21.0,32.0,38.0,31.0,22.0,29.0,28.0,21.0,26.0,17.0,29.0,25.0,30.0,28.0,31.0,36.0,31.0,36.0,23.0,31.0,35.0,31.0,29.0,29.0,23.0,30.0,12.0,30.0,31.0,23.0,28.0
