10,50,1000
15.054258,17.438132,16.132532,16.245964,16.945519,19.879151,19.264178,15.442302,16.868947,19.044491
8.260912,8.196192,8.349521,9.045722,8.231814,5.443007,8.512765,6.968867,5.101156,9.974981
0.0,10.0,20.0,30.0,40.0,50.0,60.0,70.0,80.0,90.0
10.0,0.0,10.0,20.0,30.0,40.0,50.0,60.0,70.0,80.0
20.0,10.0,0.0,10.0,20.0,30.0,40.0,50.0,60.0,70.0
30.0,20.0,10.0,0.0,10.0,20.0,30.0,40.0,50.0,60.0
40.0,30.0,20.0,10.0,0.0,10.0,20.0,30.0,40.0,50.0
50.0,40.0,30.0,20.0,10.0,0.0,10.0,20.0,30.0,40.0
60.0,50.0,40.0,30.0,20.0,10.0,0.0,10.0,20.0,30.0
70.0,60.0,50.0,40.0,30.0,20.0,10.0,0.0,10.0,20.0
80.0,70.0,60.0,50.0,40.0,30.0,20.0,10.0,0.0,10.0
90.0,80.0,70.0,60.0,50.0,40.0,30.0,20.0,10.0,0.0
450.0,400.0,350.0,300.0,250.0,250.0,300.0,350.0,400.0,450.0
0.0,1.0,2.0,3.0,4.0,5.0,6.0,7.0,8.0,9.0
1.0,0.0,1.0,2.0,3.0,4.0,5.0,6.0,7.0,8.0
2.0,1.0,0.0,1.0,2.0,3.0,4.0,5.0,6.0,7.0
3.0,2.0,1.0,0.0,1.0,2.0,3.0,4.0,5.0,6.0
4.0,3.0,2.0,1.0,0.0,1.0,2.0,3.0,4.0,5.0
5.0,4.0,3.0,2.0,1.0,0.0,1.0,2.0,3.0,4.0
6.0,5.0,4.0,3.0,2.0,1.0,0.0,1.0,2.0,3.0
7.0,6.0,5.0,4.0,3.0,2.0,1.0,0.0,1.0,2.0
8.0,7.0,6.0,5.0,4.0,3.0,2.0,1.0,0.0,1.0
9.0,8.0,7.0,6.0,5.0,4.0,3.0,2.0,1.0,0.0
45.0,40.0,35.0,30.0,25.0,25.0,30.0,35.0,40.0,45.0
34.0,31.0,27.0,30.0,31.0,31.0,21.0,30.0,23.0,36.0,23.0,30.0,31.0,17.0,37.0,36.0,31.0,31.0,28.0,24.0,33.0,31.0,30.0,29.0,30.0,25.0,46.0,26.0,26.0,36.0,30.0,23.0,27.0,17.0,30.0,39.0,29.0,30.0,22.0,36.0,35.0,34.0,39.0,27.0,27.0,37.0,22.0,23.0,33.0,25.0
38.0,34.0,25.0,38.0,35.0,37.0,32.0,29.0,24.0,33.0,32.0,31.0,34.0,30.0,28.0,32.0,32.0,31.0,36.0,28.0,22.0,30.0,27.0,27.0,40.0,26.0,29.0,25.0,35.0,31.0,41.0,49.0,34.0,40.0,38.0,42.0,26.0,34.0,34.0,35.0,39.0,26.0,28.0,31.0,32.0,19.0,25.0,37.0,26.0,37.0
35.0,40.0,40.0,34.0,33.0,25.0,37.0,22.0,28.0,39.0,29.0,26.0,36.0,39.0,35.0,27.0,32.0,40.0,30.0,28.0,34.0,33.0,34.0,42.0,35.0,30.0,35.0,29.0,22.0,31.0,27.0,37.0,25.0,25.0,26.0,43.0,29.0,36.0,45.0,29.0,24.0,27.0,30.0,25.0,40.0,32.0,25.0,38.0,24.0,39.0
34.0,41.0,32.0,23.0,32.0,36.0,27.0,36.0,29.0,32.0,25.0,35.0,34.0,17.0,35.0,25.0,34.0,28.0,31.0,21.0,33.0,26.0,32.0,35.0,38.0,33.0,38.0,27.0,27.0,28.0,32.0,37.0,34.0,31.0,46.0,35.0,28.0,42.0,34.0,38.0,39.0,24.0,33.0,28.0,30.0,50.0,34.0,29.0,36.0,31.0
35.0,34.0,22.0,32.0,29.0,41.0,36.0,28.0,26.0,46.0,37.0,39.0,35.0,28.0,28.0,35.0,34.0,37.0,36.0,19.0,37.0,35.0,28.0,28.0,38.0,24.0,25.0,40.0,37.0,35.0,32.0,20.0,26.0,32.0,31.0,30.0,28.0,32.0,29.0,39.0,20.0,28.0,35.0,33.0,40.0,31.0,39.0,30.0,27.0,33.0
23.0,20.0,18.0,20.0,28.0,25.0,22.0,30.0,27.0,17.0,27.0,30.0,35.0,20.0,21.0,25.0,17.0,24.0,26.0,27.0,23.0,22.0,29.0,29.0,17.0,16.0,25.0,21.0,25.0,32.0,13.0,18.0,26.0,23.0,17.0,24.0,24.0,25.0,21.0,24.0,19.0,21.0,23.0,28.0,25.0,17.0,21.0,20.0,24.0,26.0
30.0,34.0,33.0,30.0,41.0,34.0,33.0,36.0,28.0,31.0,34.0,36.0,45.0,32.0,36.0,24.0,31.0,27.0,29.0,36.0,46.0,28.0,23.0,39.0,38.0,34.0,27.0,30.0,26.0,30.0,34.0,27.0,26.0,30.0,38.0,29.0,27.0,37.0,34.0,43.0,42.0,35.0,34.0,24.0,41.0,36.0,22.0,40.0,23.0,38.0
28.0,20.0,35.0,28.0,32.0,27.0,24.0,22.0,33.0,33.0,33.0,23.0,28.0,35.0,17.0,30.0,24.0,29.0,21.0,33.0,40.0,34.0,25.0,26.0,27.0,30.0,25.0,19.0,28.0,26.0,32.0,25.0,33.0,23.0,30.0,23.0,33.0,20.0,37.0,25.0,31.0,20.0,31.0,22.0,21.0,28.0,21.0,21.0,22.0,28.0
22.0,20.0,25.0,12.0,19.0,22.0,16.0,23.0,24.0,19.0,24.0,16.0,14.0,13.0,26.0,24.0,20.0,20.0,20.0,16.0,20.0,19.0,30.0,17.0,24.0,23.0,18.0,26.0,15.0,19.0,25.0,24.0,26.0,22.0,24.0,17.0,27.0,26.0,16.0,21.0,32.0,18.0,25.0,14.0,28.0,11.0,24.0,13.0,22.0,24.0
39.0,40.0,38.0,41.0,29.0,44.0,40.0,36.0,40.0,40.0,38.0,32.0,49.0,28.0,28.0,36.0,30.0,32.0,30.0,55.0,36.0,40.0,36.0,39.0,40.0,32.0,37.0,44.0,49.0,32.0,37.0,43.0,33.0,37.0,40.0,41.0,38.0,48.0,23.0,26.0,33.0,37.0,31.0,37.0,40.0,38.0,44.0,25.0,28.0,39.0
