10,50,1000
19.149779,17.862988,17.245809,16.529973,18.778106,19.036945,19.836047,16.541371,17.900939,18.625029
9.907892,6.997746,5.266199,7.787583,6.227789,8.179114,7.491767,8.231031,7.767057,9.873227
0.0,10.0,20.0,30.0,40.0,50.0,60.0,70.0,80.0,90.0
10.0,0.0,10.0,20.0,30.0,40.0,50.0,60.0,70.0,80.0
20.0,10.0,0.0,10.0,20.0,30.0,40.0,50.0,60.0,70.0
30.0,20.0,10.0,0.0,10.0,20.0,30.0,40.0,50.0,60.0
40.0,30.0,20.0,10.0,0.0,10.0,20.0,30.0,40.0,50.0
50.0,40.0,30.0,20.0,10.0,0.0,10.0,20.0,30.0,40.0
60.0,50.0,40.0,30.0,20.0,10.0,0.0,10.0,20.0,30.0
70.0,60.0,50.0,40.0,30.0,20.0,10.0,0.0,10.0,20.0
80.0,70.0,60.0,50.0,40.0,30.0,20.0,10.0,0.0,10.0
90.0,80.0,70.0,60.0,50.0,40.0,30.0,20.0,10.0,0.0
450.0,400.0,350.0,300.0,250.0,250.0,300.0,350.0,400.0,450.0
0.0,1.0,2.0,3.0,4.0,5.0,6.0,7.0,8.0,9.0
1.0,0.0,1.0,2.0,3.0,4.0,5.0,6.0,7.0,8.0
2.0,1.0,0.0,1.0,2.0,3.0,4.0,5.0,6.0,7.0
3.0,2.0,1.0,0.0,1.0,2.0,3.0,4.0,5.0,6.0
4.0,3.0,2.0,1.0,0.0,1.0,2.0,3.0,4.0,5.0
5.0,4.0,3.0,2.0,1.0,0.0,1.0,2.0,3.0,4.0
6.0,5.0,4.0,3.0,2.0,1.0,0.0,1.0,2.0,3.0
7.0,6.0,5.0,4.0,3.0,2.0,1.0,0.0,1.0,2.0
8.0,7.0,6.0,5.0,4.0,3.0,2.0,1.0,0.0,1.0
9.0,8.0,7.0,6.0,5.0,4.0,3.0,2.0,1.0,0.0
45.0,40.0,35.0,30.0,25.0,25.0,30.0,35.0,40.0,45.0
38.0,44.0,30.0,31.0,29.0,33.0,36.0,38.0,31.0,39.0,44.0,38.0,35.0,32.0,29.0,33.0,36.0,39.0,45.0,46.0,35.0,33.0,29.0,35.0,42.0,37.0,34.0,34.0,44.0,37.0,38.0,50.0,41.0,41.0,35.0,38.0,33.0,36.0,39.0,41.0,36.0,30.0,37.0,41.0,35.0,42.0,39.0,27.0,35.0,40.0
19.0,27.0,30.0,23.0,30.0,25.0,16.0,29.0,35.0,30.0,26.0,26.0,30.0,25.0,29.0,19.0,24.0,29.0,23.0,29.0,17.0,31.0,30.0,21.0,27.0,14.0,32.0,27.0,25.0,31.0,31.0,24.0,26.0,22.0,29.0,30.0,29.0,34.0,22.0,31.0,27.0,31.0,18.0,15.0,19.0,32.0,35.0,20.0,23.0,35.0
25.0,15.0,15.0,21.0,23.0,23.0,25.0,24.0,28.0,18.0,23.0,21.0,16.0,9.0,26.0,27.0,19.0,15.0,20.0,14.0,22.0,25.0,29.0,30.0,27.0,15.0,18.0,23.0,23.0,18.0,25.0,23.0,26.0,15.0,18.0,13.0,20.0,21.0,25.0,21.0,22.0,19.0,18.0,18.0,25.0,19.0,24.0,14.0,21.0,24.0
24.0,34.0,26.0,36.0,27.0,31.0,31.0,34.0,29.0,31.0,21.0,21.0,21.0,20.0,28.0,32.0,31.0,26.0,37.0,32.0,29.0,26.0,26.0,26.0,27.0,33.0,31.0,37.0,22.0,39.0,26.0,26.0,25.0,30.0,42.0,30.0,35.0,29.0,30.0,26.0,24.0,33.0,27.0,31.0,21.0,38.0,22.0,27.0,32.0,30.0
21.0,23.0,22.0,25.0,19.0,26.0,27.0,21.0,27.0,22.0,20.0,24.0,26.0,33.0,22.0,23.0,20.0,35.0,21.0,31.0,27.0,29.0,25.0,31.0,21.0,20.0,21.0,35.0,26.0,26.0,23.0,24.0,24.0,30.0,14.0,31.0,30.0,25.0,25.0,33.0,10.0,23.0,26.0,21.0,21.0,26.0,30.0,17.0,31.0,36.0
31.0,31.0,19.0,25.0,43.0,25.0,33.0,29.0,40.0,23.0,31.0,27.0,32.0,34.0,25.0,26.0,30.0,25.0,22.0,35.0,27.0,25.0,28.0,24.0,31.0,30.0,30.0,29.0,30.0,36.0,23.0,26.0,18.0,41.0,32.0,33.0,25.0,26.0,40.0,35.0,33.0,32.0,19.0,38.0,29.0,27.0,36.0,31.0,31.0,31.0
21.0,32.0,23.0,24.0,29.0,37.0,32.0,22.0,31.0,15.0,37.0,30.0,22.0,26.0,29.0,37.0,30.0,35.0,33.0,34.0,30.0,38.0,27.0,20.0,23.0,27.0,26.0,31.0,34.0,29.0,20.0,29.0,26.0,27.0,28.0,21.0,45.0,28.0,33.0,23.0,12.0,37.0,27.0,34.0,15.0,23.0,39.0,14.0,26.0,30.0
24.0,38.0,31.0,30.0,34.0,21.0,25.0,27.0,30.0,21.0,29.0,24.0,39.0,31.0,39.0,34.0,35.0,40.0,31.0,31.0,38.0,25.0,35.0,20.0,30.0,29.0,32.0,31.0,37.0,37.0,34.0,26.0,42.0,24.0,35.0,21.0,35.0,36.0,30.0,31.0,42.0,21.0,25.0,25.0,34.0,29.0,30.0,37.0,35.0,28.0
34.0,28.0,30.0,25.0,24.0,27.0,31.0,39.0,36.0,32.0,41.0,27.0,31.0,35.0,30.0,28.0,37.0,22.0,27.0,32.0,19.0,26.0,26.0,28.0,31.0,27.0,36.0,29.0,21.0,30.0,33.0,35.0,35.0,37.0,35.0,36.0,23.0,28.0,33.0,23.0,39.0,35.0,21.0,24.0,34.0,21.0,37.0,30.0,32.0,25.0
50.0,39.0,31.0,31.0,44.0,42.0,36.0,44.0,46.0,34.0,31.0,32.0,35.0,33.0,31.0,35.0,39.0,26.0,37.0,30.0,43.0,33.0,32.0,37.0,34.0,29.0,37.0,31.0,35.0,47.0,35.0,42.0,38.0,36.0,31.0,36.0,35.0,28.0,42.0,43.0,38.0,31.0,44.0,36.0,40.0,31.0,41.0,44.0,34.0,33.0
