10,50,1000
17.253642,15.956264,17.907904,15.534926,18.260665,18.945599,19.844189,15.330822,15.23548,15.10132
5.303065,8.78689,7.556413,9.133387,9.679084,8.416731,7.106444,5.511379,7.651268,9.146657
0.0,10.0,20.0,30.0,40.0,50.0,60.0,70.0,80.0,90.0
10.0,0.0,10.0,20.0,30.0,40.0,50.0,60.0,70.0,80.0
20.0,10.0,0.0,10.0,20.0,30.0,40.0,50.0,60.0,70.0
30.0,20.0,10.0,0.0,10.0,20.0,30.0,40.0,50.0,60.0
40.0,30.0,20.0,10.0,0.0,10.0,20.0,30.0,40.0,50.0
50.0,40.0,30.0,20.0,10.0,0.0,10.0,20.0,30.0,40.0
60.0,50.0,40.0,30.0,20.0,10.0,0.0,10.0,20.0,30.0
70.0,60.0,50.0,40.0,30.0,20.0,10.0,0.0,10.0,20.0
80.0,70.0,60.0,50.0,40.0,30.0,20.0,10.0,0.0,10.0
90.0,80.0,70.0,60.0,50.0,40.0,30.0,20.0,10.0,0.0
450.0,400.0,350.0,300.0,250.0,250.0,300.0,350.0,400.0,450.0
0.0,1.0,2.0,3.0,4.0,5.0,6.0,7.0,8.0,9.0
1.0,0.0,1.0,2.0,3.0,4.0,5.0,6.0,7.0,8.0
2.0,1.0,0.0,1.0,2.0,3.0,4.0,5.0,6.0,7.0
3.0,2.0,1.0,0.0,1.0,2.0,3.0,4.0,5.0,6.0
4.0,3.0,2.0,1.0,0.0,1.0,2.0,3.0,4.0,5.0
5.0,4.0,3.0,2.0,1.0,0.0,1.0,2.0,3.0,4.0
6.0,5.0,4.0,3.0,2.0,1.0,0.0,1.0,2.0,3.0
7.0,6.0,5.0,4.0,3.0,2.0,1.0,0.0,1.0,2.0
8.0,7.0,6.0,5.0,4.0,3.0,2.0,1.0,0.0,1.0
9.0,8.0,7.0,6.0,5.0,4.0,3.0,2.0,1.0,0.0
45.0,40.0,35.0,30.0,25.0,25.0,30.0,35.0,40.0,45.0
30.0,20.0,20.0,24.0,15.0,23.0,26.0,17.0,18.0,19.0,17.0,25.0,26.0,18.0,19.0,30.0,16.0,20.0,18.0,15.0,23.0,18.0,27.0,15.0,20.0,20.0,21.0,20.0,25.0,24.0,19.0,20.0,20.0,22.0,16.0,17.0,30.0,30.0,20.0,18.0,19.0,25.0,25.0,34.0,19.0,24.0,22.0,20.0,25.0,19.0
30.0,24.0,31.0,30.0,41.0,36.0,38.0,27.0,26.0,34.0,38.0,24.0,32.0,42.0,28.0,34.0,37.0,23.0,41.0,41.0,32.0,32.0,39.0,33.0,38.0,44.0,32.0,34.0,45.0,30.0,26.0,48.0,21.0,37.0,23.0,21.0,36.0,31.0,38.0,26.0,34.0,28.0,33.0,33.0,30.0,31.0,27.0,29.0,40.0,34.0
29.0,23.0,28.0,24.0,28.0,17.0,21.0,29.0,27.0,25.0,31.0,29.0,34.0,38.0,34.0,32.0,20.0,28.0,21.0,26.0,39.0,32.0,27.0,29.0,27.0,29.0,30.0,28.0,32.0,28.0,25.0,32.0,24.0,29.0,31.0,28.0,36.0,29.0,21.0,31.0,41.0,21.0,44.0,36.0,31.0,23.0,17.0,31.0,28.0,26.0
35.0,29.0,25.0,29.0,43.0,30.0,43.0,34.0,27.0,37.0,34.0,36.0,28.0,40.0,30.0,29.0,30.0,36.0,32.0,31.0,42.0,26.0,42.0,35.0,30.0,32.0,48.0,31.0,41.0,41.0,29.0,42.0,30.0,35.0,37.0,28.0,29.0,37.0,42.0,30.0,35.0,38.0,33.0,33.0,36.0,33.0,44.0,39.0,24.0,25.0
37.0,22.0,29.0,34.0,44.0,30.0,45.0,38.0,37.0,44.0,46.0,36.0,41.0,39.0,34.0,38.0,31.0,38.0,37.0,31.0,34.0,35.0,33.0,43.0,25.0,38.0,41.0,41.0,45.0,35.0,40.0,40.0,32.0,49.0,29.0,34.0,34.0,49.0,44.0,37.0,39.0,34.0,40.0,29.0,38.0,39.0,35.0,28.0,42.0,34.0
34.0,36.0,28.0,23.0,40.0,30.0,31.0,43.0,31.0,36.0,29.0,39.0,20.0,31.0,35.0,31.0,23.0,29.0,34.0,23.0,29.0,25.0,18.0,34.0,34.0,32.0,31.0,33.0,25.0,40.0,34.0,32.0,32.0,42.0,34.0,30.0,29.0,32.0,30.0,33.0,23.0,27.0,27.0,39.0,36.0,31.0,36.0,29.0,36.0,22.0
26.0,21.0,30.0,26.0,26.0,20.0,34.0,17.0,25.0,30.0,23.0,27.0,24.0,33.0,24.0,30.0,30.0,22.0,24.0,25.0,20.0,29.0,20.0,29.0,29.0,31.0,24.0,33.0,30.0,26.0,38.0,31.0,31.0,23.0,30.0,29.0,21.0,27.0,27.0,33.0,28.0,25.0,36.0,33.0,13.0,20.0,24.0,28.0,25.0,24.0
18.0,15.0,26.0,11.0,22.0,28.0,16.0,25.0,16.0,21.0,22.0,23.0,31.0,27.0,18.0,27.0,22.0,25.0,31.0,26.0,17.0,26.0,25.0,27.0,24.0,20.0,18.0,31.0,21.0,29.0,23.0,25.0,30.0,25.0,24.0,23.0,26.0,20.0,16.0,17.0,16.0,20.0,27.0,18.0,18.0,24.0,17.0,23.0,14.0,22.0
23.0,29.0,34.0,31.0,39.0,23.0,34.0,23.0,31.0,24.0,26.0,22.0,30.0,41.0,35.0,28.0,28.0,22.0,31.0,26.0,32.0,20.0,39.0,24.0,27.0,37.0,25.0,31.0,26.0,22.0,29.0,31.0,35.0,24.0,40.0,18.0,32.0,37.0,24.0,24.0,27.0,27.0,32.0,36.0,26.0,29.0,31.0,26.0,33.0,24.0
33.0,36.0,46.0,29.0,35.0,25.0,35.0,29.0,32.0,26.0,36.0,34.0,31.0,44.0,42.0,26.0,36.0,29.0,45.0,34.0,34.0,33.0,24.0,43.0,44.0,27.0,44.0,31.0,28.0,27.0,25.0,30.0,26.0,26.0,21.0,49.0,44.0,38.0,25.0,28.0,31.0,32.0,25.0,45.0,24.0,42.0,27.0,32.0,41.0,30.0
