10,50,1000
15.654168,16.809058,16.75856,17.364071,15.813304,17.855065,15.365566,15.050235,15.433407,16.985173
6.729173,6.526513,5.644556,5.215945,7.182183,5.200997,9.979826,5.181531,7.762016,5.993049
0.0,10.0,20.0,30.0,40.0,50.0,60.0,70.0,80.0,90.0
10.0,0.0,10.0,20.0,30.0,40.0,50.0,60.0,70.0,80.0
20.0,10.0,0.0,10.0,20.0,30.0,40.0,50.0,60.0,70.0
30.0,20.0,10.0,0.0,10.0,20.0,30.0,40.0,50.0,60.0
40.0,30.0,20.0,10.0,0.0,10.0,20.0,30.0,40.0,50.0
50.0,40.0,30.0,20.0,10.0,0.0,10.0,20.0,30.0,40.0
60.0,50.0,40.0,30.0,20.0,10.0,0.0,10.0,20.0,30.0
70.0,60.0,50.0,40.0,30.0,20.0,10.0,0.0,10.0,20.0
80.0,70.0,60.0,50.0,40.0,30.0,20.0,10.0,0.0,10.0
90.0,80.0,70.0,60.0,50.0,40.0,30.0,20.0,10.0,0.0
450.0,400.0,350.0,300.0,250.0,250.0,300.0,350.0,400.0,450.0
0.0,1.0,2.0,3.0,4.0,5.0,6.0,7.0,8.0,9.0
1.0,0.0,1.0,2.0,3.0,4.0,5.0,6.0,7.0,8.0
2.0,1.0,0.0,1.0,2.0,3.0,4.0,5.0,6.0,7.0
3.0,2.0,1.0,0.0,1.0,2.0,3.0,4.0,5.0,6.0
4.0,3.0,2.0,1.0,0.0,1.0,2.0,3.0,4.0,5.0
5.0,4.0,3.0,2.0,1.0,0.0,1.0,2.0,3.0,4.0
6.0,5.0,4.0,3.0,2.0,1.0,0.0,1.0,2.0,3.0
7.0,6.0,5.0,4.0,3.0,2.0,1.0,0.0,1.0,2.0
8.0,7.0,6.0,5.0,4.0,3.0,2.0,1.0,0.0,1.0
9.0,8.0,7.0,6.0,5.0,4.0,3.0,2.0,1.0,0.0
45.0,40.0,35.0,30.0,25.0,25.0,30.0,35.0,40.0,45.0
23.0,22.0,32.0,22.0,22.0,25.0,30.0,33.0,25.0,23.0,26.0,23.0,22.0,25.0,26.0,31.0,36.0,35.0,31.0,27.0,37.0,29.0,34.0,21.0,27.0,25.0,22.0,26.0,33.0,26.0,26.0,28.0,30.0,30.0,16.0,15.0,36.0,37.0,22.0,23.0,30.0,16.0,29.0,23.0,32.0,30.0,28.0,38.0,20.0,26.0
29.0,29.0,24.0,41.0,26.0,15.0,26.0,31.0,18.0,25.0,22.0,21.0,28.0,25.0,29.0,18.0,35.0,23.0,26.0,25.0,27.0,25.0,32.0,24.0,21.0,25.0,26.0,33.0,29.0,24.0,20.0,27.0,21.0,25.0,25.0,28.0,21.0,24.0,19.0,22.0,28.0,31.0,26.0,37.0,23.0,29.0,24.0,17.0,30.0,24.0
25.0,24.0,22.0,20.0,22.0,27.0,27.0,22.0,27.0,28.0,24.0,29.0,19.0,21.0,21.0,13.0,17.0,16.0,27.0,11.0,8.0,10.0,19.0,23.0,27.0,23.0,14.0,23.0,22.0,23.0,31.0,31.0,21.0,23.0,22.0,28.0,28.0,19.0,20.0,28.0,23.0,23.0,24.0,22.0,20.0,11.0,24.0,21.0,33.0,29.0
27.0,25.0,24.0,26.0,14.0,19.0,11.0,20.0,32.0,24.0,16.0,21.0,21.0,14.0,17.0,18.0,24.0,16.0,10.0,21.0,23.0,18.0,23.0,16.0,20.0,21.0,22.0,28.0,21.0,22.0,20.0,23.0,16.0,19.0,22.0,23.0,21.0,26.0,17.0,16.0,26.0,16.0,19.0,26.0,16.0,21.0,22.0,12.0,27.0,27.0
31.0,21.0,25.0,29.0,28.0,39.0,27.0,22.0,19.0,26.0,23.0,34.0,29.0,23.0,24.0,20.0,18.0,26.0,22.0,23.0,28.0,31.0,25.0,28.0,31.0,19.0,21.0,30.0,12.0,22.0,21.0,29.0,19.0,31.0,31.0,27.0,24.0,29.0,25.0,24.0,20.0,26.0,33.0,23.0,22.0,23.0,23.0,23.0,34.0,17.0
19.0,22.0,20.0,20.0,21.0,23.0,29.0,25.0,17.0,21.0,14.0,22.0,30.0,18.0,28.0,17.0,29.0,22.0,28.0,17.0,30.0,19.0,20.0,19.0,12.0,18.0,27.0,23.0,27.0,17.0,23.0,12.0,24.0,19.0,27.0,26.0,22.0,30.0,33.0,16.0,22.0,25.0,19.0,19.0,17.0,22.0,17.0,20.0,20.0,25.0
30.0,38.0,36.0,28.0,36.0,31.0,32.0,38.0,39.0,42.0,32.0,40.0,34.0,33.0,32.0,28.0,33.0,37.0,35.0,42.0,32.0,31.0,38.0,38.0,32.0,39.0,31.0,48.0,42.0,36.0,32.0,29.0,36.0,33.0,34.0,44.0,49.0,37.0,31.0,35.0,28.0,49.0,41.0,30.0,37.0,41.0,41.0,26.0,26.0,43.0
21.0,23.0,27.0,16.0,15.0,22.0,22.0,22.0,26.0,22.0,23.0,25.0,23.0,24.0,18.0,14.0,17.0,20.0,24.0,18.0,24.0,20.0,26.0,16.0,20.0,31.0,21.0,25.0,21.0,18.0,25.0,21.0,19.0,27.0,27.0,21.0,19.0,28.0,20.0,16.0,23.0,26.0,22.0,20.0,14.0,27.0,22.0,18.0,25.0,21.0
29.0,30.0,33.0,38.0,27.0,25.0,36.0,33.0,29.0,20.0,34.0,38.0,30.0,26.0,23.0,30.0,29.0,26.0,21.0,39.0,26.0,34.0,36.0,22.0,32.0,22.0,35.0,35.0,31.0,36.0,30.0,33.0,33.0,22.0,32.0,21.0,30.0,38.0,28.0,34.0,23.0,25.0,29.0,23.0,26.0,35.0,30.0,24.0,16.0,28.0
24.0,19.0,28.0,22.0,34.0,29.0,26.0,28.0,23.0,27.0,36.0,21.0,29.0,14.0,23.0,23.0,19.0,18.0,21.0,29.0,17.0,19.0,18.0,32.0,22.0,21.0,21.0,25.0,18.0,20.0,13.0,21.0,28.0,25.0,18.0,17.0,36.0,21.0,15.0,28.0,19.0,32.0,24.0,26.0,24.0,20.0,24.0,22.0,31.0,28.0
