10,50,1000
17.508687,18.724847,16.940746,19.124418,18.577351,18.555471,16.659708,15.801418,16.184964,16.886405
8.345716,6.837487,8.337175,5.148681,7.223867,5.933309,6.857623,7.041091,9.024407,7.471229
0.0,10.0,20.0,30.0,40.0,50.0,60.0,70.0,80.0,90.0
10.0,0.0,10.0,20.0,30.0,40.0,50.0,60.0,70.0,80.0
20.0,10.0,0.0,10.0,20.0,30.0,40.0,50.0,60.0,70.0
30.0,20.0,10.0,0.0,10.0,20.0,30.0,40.0,50.0,60.0
40.0,30.0,20.0,10.0,0.0,10.0,20.0,30.0,40.0,50.0
50.0,40.0,30.0,20.0,10.0,0.0,10.0,20.0,30.0,40.0
60.0,50.0,40.0,30.0,20.0,10.0,0.0,10.0,20.0,30.0
70.0,60.0,50.0,40.0,30.0,20.0,10.0,0.0,10.0,20.0
80.0,70.0,60.0,50.0,40.0,30.0,20.0,10.0,0.0,10.0
90.0,80.0,70.0,60.0,50.0,40.0,30.0,20.0,10.0,0.0
450.0,400.0,350.0,300.0,250.0,250.0,300.0,350.0,400.0,450.0
0.0,1.0,2.0,3.0,4.0,5.0,6.0,7.0,8.0,9.0
1.0,0.0,1.0,2.0,3.0,4.0,5.0,6.0,7.0,8.0
2.0,1.0,0.0,1.0,2.0,3.0,4.0,5.0,6.0,7.0
3.0,2.0,1.0,0.0,1.0,2.0,3.0,4.0,5.0,6.0
4.0,3.0,2.0,1.0,0.0,1.0,2.0,3.0,4.0,5.0
5.0,4.0,3.0,2.0,1.0,0.0,1.0,2.0,3.0,4.0
6.0,5.0,4.0,3.0,2.0,1.0,0.0,1.0,2.0,3.0
7.0,6.0,5.0,4.0,3.0,2.0,1.0,0.0,1.0,2.0
8.0,7.0,6.0,5.0,4.0,3.0,2.0,1.0,0.0,1.0
9.0,8.0,7.0,6.0,5.0,4.0,3.0,2.0,1.0,0.0
45.0,40.0,35.0,30.0,25.0,25.0,30.0,35.0,40.0,45.0
31.0,35.0,34.0,34.0,29.0,35.0,33.0,27.0,29.0,33.0,29.0,37.0,40.0,36.0,28.0,24.0,36.0,19.0,32.0,34.0,26.0,31.0,29.0,42.0,29.0,34.0,32.0,24.0,26.0,29.0,24.0,23.0,28.0,22.0,39.0,36.0,32.0,35.0,32.0,23.0,44.0,33.0,34.0,19.0,26.0,29.0,39.0,28.0,38.0,24.0
40.0,28.0,39.0,28.0,20.0,30.0,34.0,28.0,30.0,23.0,38.0,24.0,23.0,24.0,29.0,31.0,33.0,27.0,38.0,27.0,30.0,21.0,38.0,23.0,29.0,22.0,24.0,27.0,28.0,23.0,42.0,32.0,25.0,30.0,26.0,27.0,25.0,25.0,35.0,26.0,29.0,22.0,23.0,31.0,29.0,21.0,25.0,24.0,26.0,18.0
30.0,29.0,30.0,29.0,26.0,23.0,29.0,22.0,35.0,36.0,40.0,36.0,23.0,37.0,37.0,28.0,33.0,35.0,34.0,34.0,28.0,39.0,28.0,26.0,29.0,27.0,26.0,31.0,20.0,29.0,31.0,34.0,21.0,41.0,29.0,39.0,27.0,40.0,29.0,23.0,34.0,27.0,37.0,42.0,25.0,33.0,35.0,29.0,30.0,34.0
22.0,16.0,22.0,25.0,19.0,30.0,26.0,24.0,21.0,18.0,22.0,23.0,18.0,27.0,20.0,20.0,17.0,18.0,17.0,29.0,16.0,23.0,24.0,25.0,28.0,29.0,21.0,9.0,20.0,18.0,24.0,29.0,21.0,25.0,20.0,19.0,22.0,22.0,24.0,14.0,11.0,19.0,25.0,19.0,22.0,22.0,24.0,29.0,25.0,17.0
26.0,30.0,33.0,33.0,23.0,24.0,30.0,30.0,25.0,30.0,27.0,22.0,29.0,25.0,27.0,27.0,33.0,26.0,36.0,35.0,25.0,21.0,24.0,25.0,35.0,25.0,27.0,33.0,26.0,30.0,29.0,30.0,24.0,32.0,32.0,32.0,33.0,30.0,27.0,18.0,26.0,27.0,35.0,25.0,31.0,32.0,37.0,31.0,31.0,33.0
26.0,17.0,30.0,18.0,30.0,23.0,19.0,24.0,18.0,20.0,24.0,24.0,23.0,22.0,25.0,20.0,21.0,27.0,18.0,27.0,19.0,19.0,21.0,17.0,21.0,25.0,26.0,19.0,20.0,20.0,26.0,17.0,25.0,24.0,26.0,31.0,19.0,22.0,25.0,28.0,28.0,29.0,27.0,24.0,30.0,27.0,35.0,27.0,30.0,22.0
24.0,18.0,23.0,26.0,30.0,36.0,29.0,24.0,33.0,32.0,31.0,28.0,29.0,29.0,25.0,24.0,24.0,32.0,32.0,30.0,17.0,19.0,24.0,22.0,19.0,24.0,28.0,28.0,35.0,28.0,31.0,25.0,20.0,27.0,31.0,26.0,30.0,20.0,23.0,27.0,22.0,37.0,33.0,21.0,26.0,34.0,21.0,23.0,30.0,27.0
17.0,27.0,29.0,27.0,24.0,35.0,23.0,19.0,34.0,31.0,29.0,24.0,27.0,18.0,23.0,24.0,40.0,10.0,37.0,37.0,20.0,24.0,35.0,21.0,29.0,24.0,33.0,23.0,30.0,22.0,30.0,24.0,20.0,29.0,26.0,14.0,23.0,29.0,31.0,22.0,26.0,20.0,21.0,23.0,31.0,27.0,28.0,35.0,31.0,30.0
29.0,36.0,35.0,40.0,35.0,29.0,32.0,26.0,32.0,36.0,36.0,23.0,46.0,32.0,34.0,28.0,30.0,33.0,29.0,22.0,33.0,41.0,39.0,36.0,27.0,26.0,32.0,28.0,38.0,36.0,32.0,34.0,32.0,39.0,28.0,25.0,27.0,40.0,28.0,29.0,33.0,34.0,18.0,36.0,27.0,45.0,28.0,26.0,31.0,29.0
27.0,31.0,36.0,38.0,29.0,26.0,23.0,42.0,43.0,22.0,21.0,34.0,37.0,27.0,27.0,21.0,39.0,32.0,34.0,27.0,24.0,29.0,24.0,37.0,20.0,28.0,29.0,23.0,24.0,40.0,32.0,24.0,28.0,35.0,36.0,34.0,27.0,26.0,24.0,29.0,24.0,23.0,21.0,26.0,32.0,27.0,27.0,31.0,25.0,28.0
