10,50,1000
17.229371,18.13565,18.351209,17.000785,18.238616,15.50817,19.847787,15.16903,15.173694,16.913473
8.578525,9.953887,9.296953,7.614474,5.569433,9.358352,6.537235,7.942405,5.699286,6.490093
0.0,10.0,20.0,30.0,40.0,50.0,60.0,70.0,80.0,90.0
10.0,0.0,10.0,20.0,30.0,40.0,50.0,60.0,70.0,80.0
20.0,10.0,0.0,10.0,20.0,30.0,40.0,50.0,60.0,70.0
30.0,20.0,10.0,0.0,10.0,20.0,30.0,40.0,50.0,60.0
40.0,30.0,20.0,10.0,0.0,10.0,20.0,30.0,40.0,50.0
50.0,40.0,30.0,20.0,10.0,0.0,10.0,20.0,30.0,40.0
60.0,50.0,40.0,30.0,20.0,10.0,0.0,10.0,20.0,30.0
70.0,60.0,50.0,40.0,30.0,20.0,10.0,0.0,10.0,20.0
80.0,70.0,60.0,50.0,40.0,30.0,20.0,10.0,0.0,10.0
90.0,80.0,70.0,60.0,50.0,40.0,30.0,20.0,10.0,0.0
450.0,400.0,350.0,300.0,250.0,250.0,300.0,350.0,400.0,450.0
0.0,1.0,2.0,3.0,4.0,5.0,6.0,7.0,8.0,9.0
1.0,0.0,1.0,2.0,3.0,4.0,5.0,6.0,7.0,8.0
2.0,1.0,0.0,1.0,2.0,3.0,4.0,5.0,6.0,7.0
3.0,2.0,1.0,0.0,1.0,2.0,3.0,4.0,5.0,6.0
4.0,3.0,2.0,1.0,0.0,1.0,2.0,3.0,4.0,5.0
5.0,4.0,3.0,2.0,1.0,0.0,1.0,2.0,3.0,4.0
6.0,5.0,4.0,3.0,2.0,1.0,0.0,1.0,2.0,3.0
7.0,6.0,5.0,4.0,3.0,2.0,1.0,0.0,1.0,2.0
8.0,7.0,6.0,5.0,4.0,3.0,2.0,1.0,0.0,1.0
9.0,8.0,7.0,6.0,5.0,4.0,3.0,2.0,1.0,0.0
45.0,40.0,35.0,30.0,25.0,25.0,30.0,35.0,40.0,45.0
29.0,25.0,35.0,27.0,41.0,21.0,31.0,37.0,21.0,23.0,32.0,29.0,36.0,36.0,30.0,21.0,23.0,36.0,26.0,22.0,32.0,27.0,39.0,31.0,21.0,25.0,21.0,32.0,37.0,30.0,31.0,39.0,23.0,32.0,30.0,25.0,27.0,25.0,30.0,39.0,27.0,29.0,33.0,31.0,28.0,33.0,39.0,25.0,41.0,35.0
39.0,33.0,43.0,47.0,37.0,39.0,42.0,49.0,38.0,33.0,27.0,38.0,32.0,28.0,44.0,41.0,43.0,35.0,31.0,30.0,27.0,32.0,29.0,53.0,45.0,42.0,28.0,53.0,54.0,36.0,39.0,37.0,40.0,36.0,28.0,41.0,41.0,40.0,46.0,29.0,41.0,33.0,31.0,38.0,35.0,32.0,29.0,39.0,35.0,37.0
35.0,41.0,39.0,30.0,37.0,46.0,39.0,27.0,39.0,33.0,29.0,36.0,40.0,25.0,46.0,35.0,39.0,35.0,31.0,33.0,33.0,28.0,36.0,42.0,25.0,40.0,26.0,23.0,45.0,46.0,39.0,30.0,25.0,30.0,34.0,42.0,28.0,35.0,33.0,33.0,32.0,31.0,24.0,38.0,42.0,47.0,38.0,39.0,41.0,38.0
29.0,16.0,26.0,30.0,24.0,29.0,29.0,30.0,30.0,35.0,22.0,33.0,34.0,21.0,37.0,30.0,24.0,31.0,32.0,22.0,36.0,25.0,41.0,31.0,24.0,26.0,33.0,26.0,33.0,19.0,31.0,27.0,31.0,37.0,27.0,22.0,31.0,33.0,24.0,32.0,37.0,28.0,28.0,32.0,32.0,28.0,39.0,28.0,30.0,30.0
26.0,25.0,26.0,25.0,30.0,26.0,26.0,17.0,26.0,19.0,23.0,22.0,20.0,19.0,25.0,18.0,20.0,29.0,23.0,20.0,37.0,24.0,26.0,32.0,28.0,23.0,21.0,17.0,27.0,25.0,22.0,27.0,18.0,22.0,27.0,21.0,18.0,18.0,25.0,19.0,32.0,27.0,21.0,29.0,23.0,24.0,18.0,22.0,19.0,23.0
24.0,41.0,36.0,38.0,32.0,27.0,37.0,25.0,39.0,25.0,34.0,41.0,27.0,34.0,44.0,28.0,25.0,46.0,35.0,30.0,40.0,33.0,32.0,30.0,38.0,38.0,40.0,28.0,30.0,39.0,38.0,37.0,38.0,24.0,38.0,31.0,30.0,33.0,41.0,38.0,27.0,37.0,35.0,30.0,29.0,33.0,39.0,35.0,39.0,31.0
28.0,34.0,18.0,26.0,23.0,21.0,16.0,23.0,24.0,21.0,25.0,24.0,21.0,16.0,23.0,23.0,15.0,36.0,30.0,32.0,32.0,16.0,36.0,24.0,32.0,32.0,24.0,22.0,25.0,24.0,26.0,30.0,13.0,27.0,32.0,21.0,20.0,18.0,23.0,27.0,33.0,34.0,26.0,26.0,24.0,34.0,28.0,24.0,29.0,27.0
29.0,27.0,32.0,39.0,32.0,25.0,26.0,19.0,36.0,25.0,32.0,28.0,36.0,26.0,29.0,28.0,34.0,34.0,32.0,32.0,19.0,30.0,25.0,27.0,33.0,27.0,32.0,20.0,33.0,27.0,30.0,21.0,41.0,34.0,22.0,35.0,28.0,25.0,33.0,27.0,38.0,42.0,19.0,32.0,22.0,31.0,32.0,31.0,29.0,26.0
19.0,26.0,17.0,26.0,13.0,11.0,13.0,28.0,18.0,19.0,22.0,23.0,17.0,18.0,16.0,24.0,18.0,25.0,26.0,26.0,18.0,24.0,25.0,16.0,28.0,24.0,31.0,21.0,19.0,22.0,19.0,23.0,24.0,22.0,20.0,28.0,23.0,19.0,19.0,19.0,25.0,18.0,14.0,15.0,14.0,20.0,26.0,24.0,28.0,20.0
32.0,16.0,26.0,19.0,31.0,24.0,28.0,19.0,30.0,28.0,21.0,23.0,25.0,21.0,18.0,30.0,24.0,31.0,20.0,26.0,28.0,22.0,37.0,29.0,34.0,23.0,28.0,24.0,31.0,24.0,24.0,25.0,22.0,31.0,27.0,23.0,19.0,27.0,11.0,24.0,28.0,25.0,21.0,32.0,23.0,24.0,21.0,28.0,24.0,24.0
