10,50,1000
15.364661,15.899313,15.38525,17.248197,18.013116,16.595515,17.187412,18.089939,16.731148,17.777138
8.235056,6.629478,8.81961,8.403888,7.482958,7.147406,8.33375,7.015491,9.289973,9.231785
0.0,10.0,20.0,30.0,40.0,50.0,60.0,70.0,80.0,90.0
10.0,0.0,10.0,20.0,30.0,40.0,50.0,60.0,70.0,80.0
20.0,10.0,0.0,10.0,20.0,30.0,40.0,50.0,60.0,70.0
30.0,20.0,10.0,0.0,10.0,20.0,30.0,40.0,50.0,60.0
40.0,30.0,20.0,10.0,0.0,10.0,20.0,30.0,40.0,50.0
50.0,40.0,30.0,20.0,10.0,0.0,10.0,20.0,30.0,40.0
60.0,50.0,40.0,30.0,20.0,10.0,0.0,10.0,20.0,30.0
70.0,60.0,50.0,40.0,30.0,20.0,10.0,0.0,10.0,20.0
80.0,70.0,60.0,50.0,40.0,30.0,20.0,10.0,0.0,10.0
90.0,80.0,70.0,60.0,50.0,40.0,30.0,20.0,10.0,0.0
450.0,400.0,350.0,300.0,250.0,250.0,300.0,350.0,400.0,450.0
0.0,1.0,2.0,3.0,4.0,5.0,6.0,7.0,8.0,9.0
1.0,0.0,1.0,2.0,3.0,4.0,5.0,6.0,7.0,8.0
2.0,1.0,0.0,1.0,2.0,3.0,4.0,5.0,6.0,7.0
3.0,2.0,1.0,0.0,1.0,2.0,3.0,4.0,5.0,6.0
4.0,3.0,2.0,1.0,0.0,1.0,2.0,3.0,4.0,5.0
5.0,4.0,3.0,2.0,1.0,0.0,1.0,2.0,3.0,4.0
6.0,5.0,4.0,3.0,2.0,1.0,0.0,1.0,2.0,3.0
7.0,6.0,5.0,4.0,3.0,2.0,1.0,0.0,1.0,2.0
8.0,7.0,6.0,5.0,4.0,3.0,2.0,1.0,0.0,1.0
9.0,8.0,7.0,6.0,5.0,4.0,3.0,2.0,1.0,0.0
45.0,40.0,35.0,30.0,25.0,25.0,30.0,35.0,40.0,45.0
33.0,28.0,33.0,23.0,30.0,28.0,28.0,23.0,35.0,26.0,22.0,36.0,27.0,29.0,32.0,27.0,33.0,23.0,39.0,21.0,32.0,25.0,31.0,33.0,31.0,20.0,21.0,28.0,25.0,18.0,36.0,25.0,26.0,27.0,21.0,25.0,28.0,41.0,32.0,29.0,26.0,26.0,39.0,33.0,27.0,23.0,31.0,30.0,27.0,41.0
35.0,25.0,34.0,27.0,23.0,30.0,32.0,28.0,20.0,23.0,26.0,22.0,25.0,23.0,16.0,36.0,20.0,26.0,25.0,31.0,39.0,20.0,23.0,25.0,29.0,20.0,25.0,29.0,22.0,23.0,27.0,25.0,42.0,28.0,19.0,24.0,20.0,22.0,37.0,26.0,31.0,35.0,21.0,27.0,31.0,25.0,30.0,31.0,16.0,23.0
36.0,32.0,33.0,21.0,39.0,30.0,26.0,36.0,33.0,36.0,38.0,27.0,23.0,40.0,42.0,35.0,38.0,34.0,33.0,25.0,31.0,33.0,31.0,29.0,29.0,33.0,31.0,33.0,31.0,35.0,38.0,39.0,39.0,22.0,28.0,38.0,31.0,29.0,25.0,31.0,28.0,32.0,29.0,32.0,34.0,34.0,30.0,28.0,30.0,21.0
24.0,38.0,36.0,34.0,23.0,33.0,29.0,23.0,37.0,28.0,34.0,27.0,32.0,34.0,36.0,39.0,32.0,25.0,31.0,25.0,33.0,38.0,37.0,34.0,45.0,30.0,31.0,48.0,29.0,28.0,28.0,30.0,39.0,27.0,36.0,41.0,29.0,25.0,40.0,35.0,33.0,28.0,36.0,26.0,21.0,36.0,36.0,40.0,37.0,37.0
30.0,36.0,30.0,33.0,21.0,21.0,22.0,35.0,27.0,36.0,32.0,32.0,34.0,34.0,31.0,29.0,34.0,32.0,28.0,24.0,30.0,30.0,21.0,35.0,26.0,27.0,36.0,29.0,21.0,34.0,28.0,34.0,38.0,27.0,30.0,31.0,30.0,23.0,31.0,33.0,35.0,29.0,21.0,34.0,35.0,29.0,35.0,17.0,28.0,19.0
27.0,30.0,28.0,22.0,33.0,35.0,28.0,29.0,21.0,28.0,22.0,21.0,30.0,24.0,22.0,31.0,23.0,21.0,32.0,33.0,30.0,33.0,32.0,16.0,33.0,20.0,28.0,26.0,25.0,26.0,29.0,21.0,28.0,23.0,27.0,19.0,36.0,26.0,25.0,31.0,25.0,26.0,34.0,26.0,28.0,22.0,24.0,26.0,19.0,27.0
25.0,25.0,25.0,26.0,27.0,28.0,32.0,23.0,42.0,29.0,22.0,34.0,21.0,27.0,44.0,30.0,28.0,33.0,30.0,31.0,38.0,25.0,29.0,26.0,29.0,29.0,37.0,30.0,35.0,32.0,43.0,24.0,23.0,23.0,39.0,37.0,28.0,29.0,47.0,40.0,31.0,33.0,26.0,30.0,26.0,34.0,32.0,30.0,37.0,27.0
36.0,23.0,19.0,27.0,32.0,24.0,27.0,33.0,27.0,29.0,26.0,24.0,21.0,26.0,35.0,28.0,17.0,33.0,24.0,34.0,35.0,31.0,22.0,28.0,20.0,24.0,29.0,31.0,31.0,35.0,36.0,22.0,33.0,24.0,23.0,28.0,21.0,28.0,30.0,24.0,34.0,30.0,23.0,32.0,34.0,26.0,27.0,30.0,26.0,31.0
43.0,38.0,30.0,33.0,24.0,29.0,45.0,34.0,45.0,35.0,31.0,33.0,32.0,36.0,30.0,33.0,34.0,27.0,40.0,29.0,43.0,36.0,34.0,44.0,30.0,25.0,31.0,41.0,32.0,27.0,33.0,33.0,42.0,23.0,39.0,25.0,36.0,31.0,38.0,27.0,38.0,31.0,41.0,26.0,30.0,35.0,37.0,29.0,46.0,38.0
35.0,34.0,46.0,41.0,41.0,37.0,32.0,41.0,34.0,38.0,38.0,41.0,38.0,32.0,22.0,38.0,35.0,26.0,36.0,29.0,29.0,36.0,45.0,26.0,40.0,42.0,35.0,43.0,30.0,44.0,48.0,41.0,33.0,36.0,36.0,28.0,41.0,40.0,44.0,35.0,40.0,31.0,29.0,31.0,16.0,20.0,37.0,28.0,30.0,30.0
