10,50,1000
19.015563,19.848694,19.254992,17.136197,16.382277,15.626853,18.802338,17.483588,19.81761,16.357746
9.42722,5.185193,8.374197,7.062464,5.001392,7.923991,6.568749,5.151114,7.636136,5.375038
0.0,10.0,20.0,30.0,40.0,50.0,60.0,70.0,80.0,90.0
10.0,0.0,10.0,20.0,30.0,40.0,50.0,60.0,70.0,80.0
20.0,10.0,0.0,10.0,20.0,30.0,40.0,50.0,60.0,70.0
30.0,20.0,10.0,0.0,10.0,20.0,30.0,40.0,50.0,60.0
40.0,30.0,20.0,10.0,0.0,10.0,20.0,30.0,40.0,50.0
50.0,40.0,30.0,20.0,10.0,0.0,10.0,20.0,30.0,40.0
60.0,50.0,40.0,30.0,20.0,10.0,0.0,10.0,20.0,30.0
70.0,60.0,50.0,40.0,30.0,20.0,10.0,0.0,10.0,20.0
80.0,70.0,60.0,50.0,40.0,30.0,20.0,10.0,0.0,10.0
90.0,80.0,70.0,60.0,50.0,40.0,30.0,20.0,10.0,0.0
450.0,400.0,350.0,300.0,250.0,250.0,300.0,350.0,400.0,450.0
0.0,1.0,2.0,3.0,4.0,5.0,6.0,7.0,8.0,9.0
1.0,0.0,1.0,2.0,3.0,4.0,5.0,6.0,7.0,8.0
2.0,1.0,0.0,1.0,2.0,3.0,4.0,5.0,6.0,7.0
3.0,2.0,1.0,0.0,1.0,2.0,3.0,4.0,5.0,6.0
4.0,3.0,2.0,1.0,0.0,1.0,2.0,3.0,4.0,5.0
5.0,4.0,3.0,2.0,1.0,0.0,1.0,2.0,3.0,4.0
6.0,5.0,4.0,3.0,2.0,1.0,0.0,1.0,2.0,3.0
7.0,6.0,5.0,4.0,3.0,2.0,1.0,0.0,1.0,2.0
8.0,7.0,6.0,5.0,4.0,3.0,2.0,1.0,0.0,1.0
9.0,8.0,7.0,6.0,5.0,4.0,3.0,2.0,1.0,0.0
45.0,40.0,35.0,30.0,25.0,25.0,30.0,35.0,40.0,45.0
38.0,31.0,40.0,37.0,30.0,32.0,36.0,32.0,38.0,37.0,34.0,39.0,39.0,35.0,25.0,36.0,52.0,38.0,33.0,37.0,26.0,32.0,38.0,40.0,29.0,43.0,40.0,37.0,25.0,24.0,42.0,42.0,42.0,29.0,33.0,32.0,38.0,32.0,48.0,39.0,26.0,41.0,34.0,38.0,40.0,30.0,43.0,35.0,37.0,29.0
21.0,14.0,20.0,16.0,26.0,27.0,31.0,19.0,20.0,21.0,23.0,19.0,28.0,25.0,15.0,21.0,24.0,34.0,21.0,21.0,29.0,19.0,31.0,24.0,27.0,17.0,22.0,26.0,23.0,25.0,24.0,11.0,30.0,21.0,19.0,24.0,22.0,14.0,20.0,22.0,19.0,20.0,20.0,16.0,24.0,21.0,15.0,23.0,17.0,29.0
27.0,36.0,38.0,27.0,28.0,25.0,28.0,35.0,36.0,33.0,16.0,31.0,37.0,34.0,39.0,26.0,28.0,28.0,34.0,35.0,32.0,35.0,24.0,30.0,31.0,41.0,25.0,32.0,28.0,31.0,27.0,33.0,35.0,28.0,28.0,31.0,33.0,33.0,39.0,27.0,41.0,27.0,25.0,31.0,29.0,34.0,25.0,27.0,30.0,27.0
26.0,26.0,12.0,29.0,32.0,26.0,19.0,17.0,25.0,33.0,38.0,30.0,28.0,30.0,27.0,17.0,34.0,29.0,36.0,31.0,16.0,34.0,26.0,23.0,29.0,33.0,23.0,16.0,26.0,28.0,28.0,16.0,34.0,32.0,32.0,26.0,33.0,31.0,22.0,26.0,31.0,26.0,19.0,32.0,32.0,24.0,31.0,20.0,25.0,28.0
28.0,23.0,22.0,19.0,18.0,17.0,22.0,27.0,16.0,22.0,25.0,23.0,20.0,12.0,17.0,18.0,18.0,16.0,16.0,16.0,20.0,24.0,17.0,14.0,18.0,18.0,18.0,17.0,16.0,21.0,15.0,21.0,21.0,18.0,13.0,20.0,28.0,23.0,17.0,24.0,20.0,20.0,19.0,21.0,12.0,15.0,13.0,10.0,21.0,13.0
24.0,22.0,26.0,35.0,40.0,23.0,29.0,32.0,33.0,33.0,42.0,33.0,40.0,31.0,22.0,27.0,33.0,25.0,28.0,30.0,30.0,27.0,31.0,28.0,36.0,35.0,30.0,30.0,26.0,26.0,34.0,32.0,28.0,27.0,35.0,41.0,31.0,19.0,31.0,22.0,31.0,37.0,27.0,33.0,31.0,32.0,30.0,37.0,36.0,28.0
26.0,24.0,25.0,25.0,33.0,28.0,28.0,32.0,31.0,27.0,24.0,25.0,26.0,35.0,27.0,34.0,11.0,18.0,25.0,23.0,24.0,29.0,27.0,21.0,17.0,21.0,29.0,23.0,33.0,22.0,29.0,22.0,16.0,30.0,34.0,20.0,19.0,21.0,26.0,26.0,27.0,32.0,28.0,26.0,22.0,27.0,15.0,17.0,31.0,16.0
28.0,22.0,28.0,20.0,18.0,20.0,22.0,29.0,18.0,16.0,25.0,30.0,19.0,15.0,18.0,22.0,25.0,20.0,11.0,18.0,25.0,30.0,19.0,23.0,22.0,19.0,23.0,16.0,24.0,14.0,18.0,25.0,14.0,26.0,24.0,17.0,15.0,12.0,27.0,15.0,13.0,13.0,13.0,19.0,18.0,24.0,22.0,19.0,20.0,22.0
22.0,26.0,39.0,30.0,26.0,22.0,19.0,28.0,35.0,25.0,42.0,26.0,29.0,27.0,27.0,23.0,42.0,28.0,34.0,32.0,30.0,23.0,35.0,27.0,34.0,31.0,26.0,18.0,24.0,22.0,35.0,24.0,39.0,22.0,24.0,38.0,33.0,29.0,35.0,31.0,33.0,24.0,22.0,34.0,41.0,37.0,28.0,38.0,40.0,24.0
19.0,23.0,25.0,18.0,16.0,33.0,21.0,21.0,24.0,21.0,20.0,19.0,27.0,26.0,23.0,30.0,26.0,28.0,25.0,34.0,15.0,28.0,20.0,17.0,26.0,25.0,21.0,27.0,23.0,17.0,19.0,30.0,23.0,26.0,24.0,19.0,26.0,30.0,21.0,28.0,25.0,34.0,30.0,13.0,32.0,22.0,18.0,18.0,22.0,21.0
