10,50,1000
15.926998,17.507632,15.312102,17.569643,17.85714,16.961187,17.812147,15.495378,16.181803,19.944049
5.416839,5.715897,8.181617,7.115279,7.081051,9.18509,8.997371,9.583777,6.543138,5.286752
0.0,10.0,20.0,30.0,40.0,50.0,60.0,70.0,80.0,90.0
10.0,0.0,10.0,20.0,30.0,40.0,50.0,60.0,70.0,80.0
20.0,10.0,0.0,10.0,20.0,30.0,40.0,50.0,60.0,70.0
30.0,20.0,10.0,0.0,10.0,20.0,30.0,40.0,50.0,60.0
40.0,30.0,20.0,10.0,0.0,10.0,20.0,30.0,40.0,50.0
50.0,40.0,30.0,20.0,10.0,0.0,10.0,20.0,30.0,40.0
60.0,50.0,40.0,30.0,20.0,10.0,0.0,10.0,20.0,30.0
70.0,60.0,50.0,40.0,30.0,20.0,10.0,0.0,10.0,20.0
80.0,70.0,60.0,50.0,40.0,30.0,20.0,10.0,0.0,10.0
90.0,80.0,70.0,60.0,50.0,40.0,30.0,20.0,10.0,0.0
450.0,400.0,350.0,300.0,250.0,250.0,300.0,350.0,400.0,450.0
0.0,1.0,2.0,3.0,4.0,5.0,6.0,7.0,8.0,9.0
1.0,0.0,1.0,2.0,3.0,4.0,5.0,6.0,7.0,8.0
2.0,1.0,0.0,1.0,2.0,3.0,4.0,5.0,6.0,7.0
3.0,2.0,1.0,0.0,1.0,2.0,3.0,4.0,5.0,6.0
4.0,3.0,2.0,1.0,0.0,1.0,2.0,3.0,4.0,5.0
5.0,4.0,3.0,2.0,1.0,0.0,1.0,2.0,3.0,4.0
6.0,5.0,4.0,3.0,2.0,1.0,0.0,1.0,2.0,3.0
7.0,6.0,5.0,4.0,3.0,2.0,1.0,0.0,1.0,2.0
8.0,7.0,6.0,5.0,4.0,3.0,2.0,1.0,0.0,1.0
9.0,8.0,7.0,6.0,5.0,4.0,3.0,2.0,1.0,0.0
45.0,40.0,35.0,30.0,25.0,25.0,30.0,35.0,40.0,45.0
19.0,22.0,24.0,11.0,13.0,24.0,31.0,18.0,25.0,28.0,17.0,28.0,18.0,22.0,15.0,23.0,22.0,18.0,22.0,18.0,28.0,34.0,26.0,29.0,20.0,20.0,25.0,26.0,18.0,24.0,25.0,23.0,12.0,16.0,15.0,16.0,22.0,26.0,22.0,26.0,26.0,21.0,23.0,23.0,24.0,17.0,23.0,14.0,25.0,20.0
19.0,17.0,24.0,26.0,21.0,20.0,23.0,25.0,17.0,24.0,21.0,21.0,19.0,26.0,20.0,11.0,31.0,17.0,13.0,22.0,16.0,26.0,28.0,25.0,21.0,24.0,16.0,19.0,32.0,19.0,22.0,24.0,22.0,18.0,33.0,29.0,27.0,31.0,14.0,19.0,24.0,19.0,21.0,23.0,19.0,21.0,14.0,24.0,25.0,29.0
28.0,22.0,28.0,35.0,31.0,33.0,34.0,21.0,31.0,25.0,28.0,23.0,30.0,23.0,32.0,38.0,28.0,32.0,24.0,35.0,29.0,34.0,32.0,27.0,23.0,25.0,23.0,21.0,34.0,30.0,33.0,26.0,28.0,25.0,21.0,34.0,35.0,31.0,39.0,37.0,27.0,23.0,32.0,34.0,35.0,31.0,33.0,24.0,30.0,33.0
29.0,35.0,21.0,28.0,35.0,26.0,26.0,30.0,33.0,30.0,20.0,32.0,28.0,25.0,22.0,25.0,26.0,21.0,26.0,30.0,26.0,18.0,22.0,24.0,34.0,30.0,20.0,38.0,29.0,35.0,28.0,32.0,26.0,22.0,33.0,43.0,28.0,27.0,33.0,26.0,29.0,29.0,27.0,32.0,17.0,35.0,22.0,30.0,32.0,33.0
26.0,29.0,29.0,24.0,22.0,30.0,24.0,29.0,30.0,22.0,30.0,32.0,31.0,34.0,31.0,25.0,28.0,32.0,22.0,17.0,25.0,30.0,26.0,23.0,32.0,23.0,23.0,25.0,32.0,23.0,31.0,36.0,29.0,35.0,20.0,24.0,28.0,26.0,19.0,35.0,28.0,30.0,20.0,34.0,25.0,24.0,24.0,33.0,25.0,31.0
35.0,36.0,36.0,36.0,33.0,32.0,38.0,39.0,40.0,43.0,35.0,34.0,33.0,31.0,35.0,36.0,31.0,39.0,29.0,36.0,36.0,30.0,42.0,32.0,35.0,36.0,32.0,27.0,28.0,30.0,30.0,53.0,31.0,41.0,37.0,39.0,37.0,33.0,32.0,38.0,32.0,41.0,32.0,46.0,31.0,29.0,30.0,29.0,32.0,24.0
30.0,41.0,32.0,30.0,33.0,35.0,27.0,34.0,31.0,28.0,43.0,30.0,36.0,40.0,35.0,32.0,25.0,33.0,32.0,36.0,32.0,33.0,29.0,30.0,29.0,31.0,33.0,41.0,37.0,32.0,41.0,28.0,36.0,37.0,29.0,37.0,27.0,26.0,41.0,27.0,34.0,32.0,30.0,41.0,39.0,34.0,34.0,29.0,30.0,38.0
46.0,42.0,37.0,34.0,26.0,48.0,42.0,32.0,52.0,46.0,30.0,35.0,47.0,33.0,26.0,31.0,39.0,38.0,32.0,42.0,51.0,41.0,34.0,44.0,28.0,37.0,38.0,30.0,30.0,39.0,34.0,46.0,33.0,39.0,34.0,28.0,24.0,47.0,30.0,40.0,36.0,39.0,26.0,36.0,49.0,38.0,42.0,39.0,44.0,26.0
27.0,19.0,25.0,23.0,23.0,20.0,20.0,28.0,28.0,25.0,26.0,28.0,28.0,25.0,23.0,29.0,22.0,23.0,27.0,18.0,21.0,19.0,15.0,25.0,18.0,16.0,21.0,28.0,21.0,18.0,18.0,28.0,19.0,18.0,22.0,31.0,30.0,22.0,23.0,26.0,18.0,27.0,25.0,24.0,23.0,21.0,26.0,33.0,25.0,23.0
20.0,27.0,22.0,30.0,17.0,19.0,20.0,17.0,32.0,24.0,23.0,29.0,22.0,26.0,19.0,20.0,38.0,25.0,29.0,25.0,12.0,33.0,18.0,21.0,32.0,15.0,23.0,28.0,19.0,28.0,15.0,27.0,30.0,21.0,18.0,18.0,30.0,23.0,26.0,26.0,18.0,23.0,26.0,32.0,20.0,19.0,26.0,20.0,29.0,18.0
