10,50,1000
19.356307,19.343744,18.189601,19.235207,16.341061,15.870794,18.730984,16.408739,18.739653,17.543967
9.59683,9.972808,9.450638,6.846904,8.631351,6.462518,5.826385,7.179871,6.77936,6.004134
0.0,10.0,20.0,30.0,40.0,50.0,60.0,70.0,80.0,90.0
10.0,0.0,10.0,20.0,30.0,40.0,50.0,60.0,70.0,80.0
20.0,10.0,0.0,10.0,20.0,30.0,40.0,50.0,60.0,70.0
30.0,20.0,10.0,0.0,10.0,20.0,30.0,40.0,50.0,60.0
40.0,30.0,20.0,10.0,0.0,10.0,20.0,30.0,40.0,50.0
50.0,40.0,30.0,20.0,10.0,0.0,10.0,20.0,30.0,40.0
60.0,50.0,40.0,30.0,20.0,10.0,0.0,10.0,20.0,30.0
70.0,60.0,50.0,40.0,30.0,20.0,10.0,0.0,10.0,20.0
80.0,70.0,60.0,50.0,40.0,30.0,20.0,10.0,0.0,10.0
90.0,80.0,70.0,60.0,50.0,40.0,30.0,20.0,10.0,0.0
450.0,400.0,350.0,300.0,250.0,250.0,300.0,350.0,400.0,450.0
0.0,1.0,2.0,3.0,4.0,5.0,6.0,7.0,8.0,9.0
1.0,0.0,1.0,2.0,3.0,4.0,5.0,6.0,7.0,8.0
2.0,1.0,0.0,1.0,2.0,3.0,4.0,5.0,6.0,7.0
3.0,2.0,1.0,0.0,1.0,2.0,3.0,4.0,5.0,6.0
4.0,3.0,2.0,1.0,0.0,1.0,2.0,3.0,4.0,5.0
5.0,4.0,3.0,2.0,1.0,0.0,1.0,2.0,3.0,4.0
6.0,5.0,4.0,3.0,2.0,1.0,0.0,1.0,2.0,3.0
7.0,6.0,5.0,4.0,3.0,2.0,1.0,0.0,1.0,2.0
8.0,7.0,6.0,5.0,4.0,3.0,2.0,1.0,0.0,1.0
9.0,8.0,7.0,6.0,5.0,4.0,3.0,2.0,1.0,0.0
45.0,40.0,35.0,30.0,25.0,25.0,30.0,35.0,40.0,45.0
39.0,46.0,30.0,22.0,29.0,38.0,40.0,33.0,40.0,39.0,37.0,22.0,36.0,32.0,39.0,25.0,36.0,42.0,40.0,35.0,24.0,38.0,39.0,50.0,41.0,42.0,33.0,32.0,34.0,35.0,35.0,35.0,26.0,41.0,32.0,45.0,29.0,41.0,34.0,42.0,27.0,28.0,40.0,43.0,22.0,33.0,27.0,46.0,38.0,37.0
40.0,33.0,33.0,30.0,43.0,42.0,29.0,42.0,44.0,33.0,34.0,36.0,27.0,32.0,28.0,41.0,38.0,36.0,39.0,41.0,32.0,22.0,42.0,31.0,33.0,45.0,36.0,37.0,35.0,33.0,43.0,34.0,44.0,37.0,43.0,37.0,34.0,39.0,35.0,28.0,41.0,34.0,51.0,30.0,40.0,46.0,42.0,44.0,38.0,37.0
31.0,45.0,37.0,33.0,31.0,33.0,42.0,42.0,43.0,44.0,32.0,34.0,40.0,37.0,31.0,41.0,49.0,30.0,35.0,28.0,34.0,33.0,26.0,39.0,34.0,37.0,42.0,37.0,41.0,42.0,25.0,42.0,23.0,37.0,30.0,42.0,36.0,32.0,30.0,31.0,37.0,38.0,29.0,23.0,42.0,35.0,42.0,31.0,35.0,33.0
23.0,21.0,15.0,15.0,24.0,28.0,27.0,29.0,30.0,29.0,25.0,30.0,26.0,30.0,25.0,31.0,39.0,24.0,33.0,28.0,33.0,26.0,30.0,22.0,21.0,21.0,19.0,32.0,23.0,31.0,23.0,22.0,26.0,35.0,24.0,32.0,32.0,23.0,25.0,42.0,28.0,24.0,22.0,24.0,27.0,30.0,16.0,36.0,42.0,36.0
33.0,36.0,29.0,39.0,27.0,35.0,28.0,21.0,25.0,32.0,28.0,29.0,25.0,30.0,33.0,25.0,32.0,31.0,27.0,29.0,36.0,36.0,34.0,32.0,29.0,36.0,33.0,31.0,26.0,25.0,36.0,45.0,34.0,38.0,34.0,31.0,21.0,25.0,33.0,27.0,30.0,30.0,37.0,36.0,36.0,25.0,42.0,30.0,22.0,32.0
21.0,19.0,35.0,23.0,30.0,22.0,25.0,10.0,23.0,25.0,27.0,29.0,38.0,27.0,29.0,21.0,20.0,23.0,25.0,23.0,21.0,23.0,26.0,26.0,28.0,27.0,25.0,37.0,22.0,30.0,19.0,32.0,23.0,29.0,27.0,23.0,22.0,23.0,27.0,21.0,21.0,23.0,21.0,28.0,30.0,38.0,26.0,18.0,15.0,31.0
26.0,29.0,32.0,21.0,24.0,28.0,39.0,23.0,25.0,25.0,25.0,25.0,26.0,21.0,19.0,22.0,32.0,19.0,19.0,22.0,30.0,14.0,20.0,18.0,27.0,23.0,35.0,21.0,24.0,20.0,30.0,27.0,27.0,34.0,20.0,19.0,17.0,24.0,26.0,25.0,20.0,29.0,19.0,34.0,31.0,22.0,25.0,23.0,21.0,20.0
20.0,22.0,30.0,27.0,22.0,31.0,32.0,23.0,35.0,25.0,22.0,25.0,29.0,23.0,21.0,28.0,33.0,40.0,30.0,29.0,23.0,36.0,26.0,36.0,25.0,18.0,32.0,23.0,28.0,28.0,27.0,18.0,27.0,31.0,21.0,34.0,21.0,20.0,27.0,17.0,30.0,26.0,28.0,17.0,22.0,20.0,26.0,22.0,25.0,31.0
36.0,24.0,22.0,25.0,29.0,24.0,30.0,35.0,36.0,18.0,32.0,29.0,24.0,28.0,33.0,27.0,22.0,23.0,22.0,35.0,26.0,28.0,30.0,34.0,36.0,24.0,41.0,24.0,19.0,22.0,34.0,28.0,31.0,31.0,23.0,29.0,35.0,32.0,19.0,28.0,31.0,31.0,15.0,29.0,25.0,26.0,25.0,22.0,22.0,33.0
24.0,22.0,37.0,26.0,32.0,22.0,27.0,16.0,34.0,10.0,18.0,25.0,17.0,30.0,29.0,24.0,21.0,16.0,19.0,26.0,29.0,24.0,18.0,27.0,25.0,25.0,23.0,28.0,26.0,24.0,17.0,30.0,16.0,30.0,17.0,12.0,27.0,16.0,22.0,28.0,18.0,22.0,22.0,25.0,20.0,20.0,28.0,22.0,20.0,29.0
