10,50,1000
15.345317,19.376737,18.360161,17.778801,19.860067,18.113794,17.613499,19.007164,19.858987,15.802417
9.5992,8.101154,7.952845,9.201988,5.259617,5.509212,9.303795,8.199551,8.946179,9.069677
0.0,10.0,20.0,30.0,40.0,50.0,60.0,70.0,80.0,90.0
10.0,0.0,10.0,20.0,30.0,40.0,50.0,60.0,70.0,80.0
20.0,10.0,0.0,10.0,20.0,30.0,40.0,50.0,60.0,70.0
30.0,20.0,10.0,0.0,10.0,20.0,30.0,40.0,50.0,60.0
40.0,30.0,20.0,10.0,0.0,10.0,20.0,30.0,40.0,50.0
50.0,40.0,30.0,20.0,10.0,0.0,10.0,20.0,30.0,40.0
60.0,50.0,40.0,30.0,20.0,10.0,0.0,10.0,20.0,30.0
70.0,60.0,50.0,40.0,30.0,20.0,10.0,0.0,10.0,20.0
80.0,70.0,60.0,50.0,40.0,30.0,20.0,10.0,0.0,10.0
90.0,80.0,70.0,60.0,50.0,40.0,30.0,20.0,10.0,0.0
450.0,400.0,350.0,300.0,250.0,250.0,300.0,350.0,400.0,450.0
0.0,1.0,2.0,3.0,4.0,5.0,6.0,7.0,8.0,9.0
1.0,0.0,1.0,2.0,3.0,4.0,5.0,6.0,7.0,8.0
2.0,1.0,0.0,1.0,2.0,3.0,4.0,5.0,6.0,7.0
3.0,2.0,1.0,0.0,1.0,2.0,3.0,4.0,5.0,6.0
4.0,3.0,2.0,1.0,0.0,1.0,2.0,3.0,4.0,5.0
5.0,4.0,3.0,2.0,1.0,0.0,1.0,2.0,3.0,4.0
6.0,5.0,4.0,3.0,2.0,1.0,0.0,1.0,2.0,3.0
7.0,6.0,5.0,4.0,3.0,2.0,1.0,0.0,1.0,2.0
8.0,7.0,6.0,5.0,4.0,3.0,2.0,1.0,0.0,1.0
9.0,8.0,7.0,6.0,5.0,4.0,3.0,2.0,1.0,0.0
45.0,40.0,35.0,30.0,25.0,25.0,30.0,35.0,40.0,45.0
35.0,34.0,33.0,22.0,37.0,31.0,47.0,41.0,33.0,37.0,33.0,38.0,32.0,42.0,32.0,43.0,28.0,34.0,39.0,39.0,32.0,35.0,43.0,37.0,37.0,27.0,34.0,31.0,34.0,38.0,43.0,39.0,37.0,38.0,25.0,30.0,43.0,33.0,41.0,29.0,28.0,26.0,34.0,39.0,37.0,35.0,33.0,47.0,24.0,29.0
24.0,28.0,37.0,25.0,36.0,32.0,38.0,34.0,41.0,27.0,21.0,30.0,31.0,26.0,36.0,40.0,25.0,31.0,38.0,21.0,25.0,29.0,47.0,33.0,27.0,31.0,32.0,33.0,29.0,32.0,28.0,29.0,29.0,43.0,25.0,28.0,33.0,26.0,31.0,34.0,33.0,42.0,37.0,31.0,34.0,31.0,32.0,34.0,35.0,30.0
32.0,32.0,26.0,33.0,30.0,26.0,27.0,17.0,22.0,23.0,39.0,21.0,23.0,31.0,14.0,26.0,26.0,21.0,26.0,35.0,21.0,29.0,24.0,35.0,33.0,37.0,24.0,26.0,35.0,34.0,24.0,31.0,31.0,26.0,30.0,27.0,20.0,25.0,26.0,33.0,30.0,30.0,32.0,32.0,28.0,39.0,28.0,33.0,29.0,33.0
35.0,30.0,37.0,45.0,31.0,30.0,35.0,33.0,35.0,28.0,30.0,25.0,32.0,28.0,33.0,33.0,38.0,35.0,35.0,29.0,36.0,35.0,27.0,34.0,37.0,38.0,37.0,32.0,26.0,25.0,30.0,31.0,36.0,22.0,38.0,39.0,29.0,31.0,41.0,30.0,40.0,43.0,33.0,33.0,33.0,29.0,36.0,49.0,37.0,38.0
18.0,17.0,14.0,24.0,18.0,22.0,19.0,17.0,23.0,20.0,16.0,27.0,15.0,19.0,11.0,20.0,25.0,20.0,24.0,18.0,25.0,27.0,18.0,22.0,19.0,31.0,17.0,21.0,17.0,35.0,27.0,28.0,24.0,29.0,23.0,34.0,28.0,18.0,21.0,20.0,22.0,23.0,18.0,30.0,23.0,19.0,20.0,23.0,27.0,20.0
19.0,31.0,18.0,17.0,19.0,23.0,29.0,28.0,20.0,28.0,28.0,29.0,28.0,17.0,19.0,37.0,32.0,27.0,19.0,17.0,23.0,30.0,17.0,28.0,12.0,25.0,17.0,15.0,17.0,23.0,26.0,25.0,25.0,18.0,23.0,20.0,24.0,21.0,18.0,26.0,19.0,14.0,25.0,27.0,25.0,28.0,22.0,32.0,25.0,24.0
26.0,33.0,31.0,34.0,35.0,31.0,29.0,42.0,26.0,33.0,29.0,32.0,32.0,36.0,36.0,34.0,26.0,37.0,34.0,37.0,37.0,37.0,30.0,35.0,28.0,25.0,41.0,31.0,34.0,49.0,32.0,37.0,26.0,30.0,30.0,30.0,28.0,39.0,36.0,32.0,26.0,30.0,27.0,31.0,33.0,33.0,32.0,28.0,35.0,32.0
31.0,21.0,30.0,23.0,31.0,31.0,27.0,37.0,28.0,34.0,33.0,30.0,24.0,34.0,27.0,28.0,26.0,34.0,28.0,28.0,27.0,30.0,39.0,35.0,26.0,28.0,34.0,24.0,40.0,31.0,33.0,29.0,20.0,32.0,19.0,30.0,31.0,31.0,36.0,22.0,35.0,32.0,30.0,29.0,42.0,35.0,32.0,31.0,37.0,37.0
24.0,34.0,27.0,33.0,28.0,41.0,37.0,41.0,37.0,30.0,33.0,29.0,36.0,40.0,38.0,34.0,31.0,41.0,29.0,36.0,50.0,31.0,34.0,37.0,34.0,26.0,21.0,35.0,23.0,32.0,41.0,29.0,34.0,38.0,33.0,37.0,33.0,28.0,38.0,34.0,33.0,26.0,32.0,34.0,33.0,30.0,43.0,36.0,29.0,50.0
32.0,38.0,24.0,42.0,42.0,37.0,23.0,35.0,37.0,33.0,34.0,29.0,41.0,35.0,29.0,40.0,25.0,31.0,34.0,37.0,36.0,32.0,29.0,30.0,37.0,34.0,33.0,32.0,42.0,33.0,32.0,37.0,28.0,34.0,17.0,36.0,36.0,35.0,34.0,32.0,33.0,27.0,37.0,37.0,27.0,32.0,29.0,37.0,37.0,41.0
