10,50,1000
18.45466,16.628597,19.546757,15.037657,17.137224,19.045116,18.836374,16.762584,16.841625,16.77752
5.288612,7.468362,8.884038,9.152459,7.432003,6.452196,8.43396,7.391077,7.013035,9.200944
0.0,10.0,20.0,30.0,40.0,50.0,60.0,70.0,80.0,90.0
10.0,0.0,10.0,20.0,30.0,40.0,50.0,60.0,70.0,80.0
20.0,10.0,0.0,10.0,20.0,30.0,40.0,50.0,60.0,70.0
30.0,20.0,10.0,0.0,10.0,20.0,30.0,40.0,50.0,60.0
40.0,30.0,20.0,10.0,0.0,10.0,20.0,30.0,40.0,50.0
50.0,40.0,30.0,20.0,10.0,0.0,10.0,20.0,30.0,40.0
60.0,50.0,40.0,30.0,20.0,10.0,0.0,10.0,20.0,30.0
70.0,60.0,50.0,40.0,30.0,20.0,10.0,0.0,10.0,20.0
80.0,70.0,60.0,50.0,40.0,30.0,20.0,10.0,0.0,10.0
90.0,80.0,70.0,60.0,50.0,40.0,30.0,20.0,10.0,0.0
450.0,400.0,350.0,300.0,250.0,250.0,300.0,350.0,400.0,450.0
0.0,1.0,2.0,3.0,4.0,5.0,6.0,7.0,8.0,9.0
1.0,0.0,1.0,2.0,3.0,4.0,5.0,6.0,7.0,8.0
2.0,1.0,0.0,1.0,2.0,3.0,4.0,5.0,6.0,7.0
3.0,2.0,1.0,0.0,1.0,2.0,3.0,4.0,5.0,6.0
4.0,3.0,2.0,1.0,0.0,1.0,2.0,3.0,4.0,5.0
5.0,4.0,3.0,2.0,1.0,0.0,1.0,2.0,3.0,4.0
6.0,5.0,4.0,3.0,2.0,1.0,0.0,1.0,2.0,3.0
7.0,6.0,5.0,4.0,3.0,2.0,1.0,0.0,1.0,2.0
8.0,7.0,6.0,5.0,4.0,3.0,2.0,1.0,0.0,1.0
9.0,8.0,7.0,6.0,5.0,4.0,3.0,2.0,1.0,0.0
45.0,40.0,35.0,30.0,25.0,25.0,30.0,35.0,40.0,45.0
19.0,17.0,20.0,22.0,18.0,28.0,28.0,26.0,18.0,25.0,17.0,23.0,25.0,13.0,15.0,28.0,19.0,31.0,25.0,25.0,22.0,24.0,16.0,21.0,36.0,26.0,17.0,19.0,17.0,24.0,28.0,24.0,17.0,19.0,17.0,21.0,17.0,24.0,20.0,26.0,23.0,18.0,23.0,29.0,17.0,31.0,29.0,29.0,18.0,32.0
22.0,28.0,24.0,25.0,35.0,26.0,23.0,22.0,24.0,22.0,32.0,36.0,27.0,33.0,28.0,21.0,26.0,35.0,21.0,23.0,33.0,23.0,31.0,23.0,26.0,30.0,20.0,21.0,20.0,24.0,23.0,33.0,23.0,36.0,30.0,17.0,32.0,28.0,19.0,16.0,24.0,33.0,31.0,35.0,31.0,38.0,22.0,24.0,21.0,25.0
26.0,30.0,36.0,39.0,33.0,36.0,15.0,36.0,32.0,32.0,28.0,24.0,33.0,39.0,38.0,39.0,36.0,30.0,24.0,35.0,33.0,35.0,31.0,31.0,35.0,32.0,32.0,33.0,27.0,22.0,38.0,39.0,36.0,33.0,39.0,40.0,28.0,35.0,42.0,42.0,38.0,35.0,45.0,33.0,33.0,33.0,44.0,31.0,37.0,41.0
24.0,38.0,21.0,34.0,28.0,34.0,32.0,22.0,22.0,32.0,38.0,27.0,37.0,32.0,35.0,38.0,45.0,26.0,30.0,40.0,30.0,33.0,33.0,35.0,34.0,34.0,36.0,31.0,26.0,30.0,35.0,21.0,35.0,27.0,31.0,25.0,38.0,33.0,35.0,36.0,32.0,41.0,41.0,29.0,16.0,39.0,28.0,34.0,41.0,37.0
23.0,27.0,27.0,30.0,33.0,29.0,28.0,23.0,34.0,26.0,26.0,21.0,33.0,31.0,28.0,31.0,20.0,35.0,24.0,19.0,27.0,25.0,24.0,16.0,26.0,26.0,26.0,32.0,23.0,34.0,19.0,23.0,29.0,27.0,28.0,23.0,29.0,24.0,30.0,21.0,27.0,19.0,27.0,33.0,31.0,35.0,40.0,19.0,25.0,29.0
27.0,25.0,26.0,23.0,31.0,29.0,25.0,20.0,28.0,29.0,18.0,26.0,33.0,27.0,23.0,26.0,34.0,30.0,19.0,32.0,32.0,27.0,25.0,29.0,29.0,30.0,31.0,22.0,29.0,38.0,24.0,24.0,24.0,18.0,29.0,26.0,25.0,29.0,30.0,31.0,26.0,28.0,24.0,27.0,18.0,24.0,20.0,25.0,19.0,34.0
31.0,29.0,34.0,31.0,43.0,36.0,34.0,37.0,34.0,42.0,33.0,34.0,30.0,27.0,26.0,22.0,32.0,25.0,35.0,31.0,35.0,26.0,24.0,35.0,34.0,27.0,33.0,32.0,29.0,33.0,33.0,27.0,27.0,42.0,36.0,26.0,36.0,23.0,37.0,33.0,33.0,35.0,40.0,34.0,31.0,27.0,41.0,25.0,27.0,30.0
27.0,28.0,29.0,24.0,27.0,35.0,21.0,24.0,29.0,32.0,27.0,27.0,32.0,27.0,21.0,17.0,24.0,26.0,28.0,31.0,38.0,27.0,29.0,36.0,25.0,21.0,27.0,35.0,24.0,29.0,25.0,24.0,21.0,24.0,15.0,26.0,30.0,13.0,20.0,23.0,40.0,27.0,41.0,31.0,26.0,22.0,32.0,20.0,20.0,21.0
31.0,34.0,26.0,24.0,31.0,34.0,26.0,23.0,29.0,26.0,26.0,22.0,36.0,23.0,28.0,23.0,34.0,18.0,20.0,23.0,34.0,23.0,29.0,29.0,22.0,19.0,26.0,32.0,30.0,28.0,22.0,29.0,27.0,22.0,21.0,26.0,27.0,29.0,21.0,27.0,33.0,28.0,28.0,31.0,37.0,28.0,24.0,33.0,21.0,25.0
31.0,39.0,32.0,36.0,36.0,26.0,34.0,40.0,34.0,41.0,44.0,36.0,33.0,32.0,39.0,29.0,26.0,36.0,32.0,33.0,30.0,39.0,44.0,47.0,34.0,31.0,36.0,36.0,37.0,31.0,43.0,41.0,34.0,39.0,41.0,44.0,29.0,30.0,38.0,33.0,31.0,39.0,30.0,35.0,28.0,34.0,38.0,36.0,37.0,26.0
