10,50,1000
18.991895,17.771442,19.671206,18.542077,16.313232,15.220218,16.973317,16.035622,16.302631,16.922661
8.868738,8.701361,9.3047,8.1949,7.949108,8.659681,8.480154,5.553314,9.372598,8.712535
0.0,10.0,20.0,30.0,40.0,50.0,60.0,70.0,80.0,90.0
10.0,0.0,10.0,20.0,30.0,40.0,50.0,60.0,70.0,80.0
20.0,10.0,0.0,10.0,20.0,30.0,40.0,50.0,60.0,70.0
30.0,20.0,10.0,0.0,10.0,20.0,30.0,40.0,50.0,60.0
40.0,30.0,20.0,10.0,0.0,10.0,20.0,30.0,40.0,50.0
50.0,40.0,30.0,20.0,10.0,0.0,10.0,20.0,30.0,40.0
60.0,50.0,40.0,30.0,20.0,10.0,0.0,10.0,20.0,30.0
70.0,60.0,50.0,40.0,30.0,20.0,10.0,0.0,10.0,20.0
80.0,70.0,60.0,50.0,40.0,30.0,20.0,10.0,0.0,10.0
90.0,80.0,70.0,60.0,50.0,40.0,30.0,20.0,10.0,0.0
450.0,400.0,350.0,300.0,250.0,250.0,300.0,350.0,400.0,450.0
0.0,1.0,2.0,3.0,4.0,5.0,6.0,7.0,8.0,9.0
1.0,0.0,1.0,2.0,3.0,4.0,5.0,6.0,7.0,8.0
2.0,1.0,0.0,1.0,2.0,3.0,4.0,5.0,6.0,7.0
3.0,2.0,1.0,0.0,1.0,2.0,3.0,4.0,5.0,6.0
4.0,3.0,2.0,1.0,0.0,1.0,2.0,3.0,4.0,5.0
5.0,4.0,3.0,2.0,1.0,0.0,1.0,2.0,3.0,4.0
6.0,5.0,4.0,3.0,2.0,1.0,0.0,1.0,2.0,3.0
7.0,6.0,5.0,4.0,3.0,2.0,1.0,0.0,1.0,2.0
8.0,7.0,6.0,5.0,4.0,3.0,2.0,1.0,0.0,1.0
9.0,8.0,7.0,6.0,5.0,4.0,3.0,2.0,1.0,0.0
45.0,40.0,35.0,30.0,25.0,25.0,30.0,35.0,40.0,45.0
35.0,38.0,43.0,50.0,23.0,39.0,27.0,36.0,43.0,32.0,35.0,31.0,42.0,43.0,37.0,37.0,34.0,39.0,38.0,38.0,30.0,25.0,24.0,41.0,26.0,35.0,30.0,33.0,32.0,31.0,36.0,25.0,28.0,46.0,38.0,37.0,26.0,34.0,30.0,33.0,37.0,30.0,32.0,39.0,28.0,49.0,37.0,49.0,39.0,30.0
37.0,31.0,42.0,43.0,41.0,34.0,25.0,28.0,34.0,34.0,26.0,40.0,33.0,41.0,42.0,27.0,27.0,22.0,35.0,30.0,31.0,27.0,26.0,39.0,26.0,31.0,25.0,31.0,37.0,31.0,30.0,39.0,29.0,33.0,42.0,28.0,30.0,31.0,35.0,36.0,39.0,25.0,34.0,23.0,33.0,23.0,35.0,28.0,28.0,33.0
49.0,36.0,30.0,43.0,32.0,28.0,35.0,42.0,42.0,41.0,32.0,36.0,25.0,37.0,37.0,29.0,39.0,36.0,38.0,32.0,33.0,34.0,38.0,35.0,36.0,41.0,43.0,35.0,40.0,37.0,44.0,38.0,54.0,38.0,35.0,37.0,31.0,37.0,29.0,37.0,45.0,44.0,32.0,41.0,44.0,39.0,28.0,41.0,26.0,35.0
40.0,28.0,26.0,35.0,40.0,31.0,33.0,20.0,25.0,25.0,39.0,34.0,40.0,36.0,32.0,28.0,33.0,36.0,34.0,43.0,30.0,29.0,31.0,28.0,40.0,40.0,42.0,21.0,31.0,27.0,29.0,16.0,33.0,31.0,41.0,29.0,37.0,28.0,37.0,22.0,30.0,24.0,32.0,35.0,34.0,41.0,34.0,25.0,23.0,31.0
29.0,25.0,26.0,26.0,38.0,31.0,27.0,33.0,34.0,21.0,21.0,26.0,30.0,32.0,32.0,15.0,38.0,26.0,34.0,33.0,30.0,28.0,31.0,29.0,35.0,28.0,36.0,43.0,33.0,27.0,29.0,25.0,33.0,38.0,25.0,32.0,35.0,37.0,33.0,32.0,32.0,19.0,27.0,36.0,29.0,24.0,31.0,28.0,27.0,27.0
40.0,31.0,30.0,30.0,26.0,33.0,36.0,41.0,39.0,25.0,29.0,24.0,33.0,33.0,25.0,37.0,34.0,36.0,34.0,27.0,41.0,34.0,32.0,30.0,30.0,36.0,25.0,26.0,30.0,27.0,33.0,34.0,36.0,44.0,30.0,28.0,34.0,28.0,33.0,25.0,42.0,50.0,29.0,39.0,38.0,43.0,33.0,27.0,27.0,35.0
31.0,36.0,35.0,36.0,42.0,40.0,30.0,27.0,40.0,32.0,37.0,31.0,31.0,25.0,36.0,35.0,39.0,26.0,37.0,38.0,28.0,28.0,34.0,36.0,40.0,33.0,40.0,37.0,32.0,30.0,40.0,35.0,31.0,37.0,48.0,25.0,32.0,40.0,41.0,24.0,29.0,25.0,23.0,29.0,30.0,35.0,21.0,25.0,29.0,37.0
25.0,26.0,21.0,19.0,21.0,29.0,26.0,19.0,28.0,29.0,18.0,17.0,27.0,26.0,27.0,24.0,15.0,25.0,12.0,18.0,28.0,30.0,18.0,26.0,18.0,20.0,21.0,29.0,23.0,26.0,20.0,16.0,19.0,22.0,28.0,21.0,20.0,21.0,24.0,14.0,23.0,27.0,24.0,17.0,23.0,23.0,14.0,14.0,26.0,14.0
35.0,30.0,37.0,39.0,26.0,48.0,33.0,27.0,27.0,37.0,37.0,35.0,29.0,31.0,28.0,48.0,22.0,26.0,30.0,29.0,37.0,34.0,28.0,39.0,53.0,29.0,40.0,44.0,29.0,22.0,38.0,41.0,27.0,41.0,35.0,32.0,22.0,36.0,44.0,43.0,44.0,22.0,29.0,34.0,42.0,28.0,28.0,40.0,31.0,39.0
20.0,38.0,34.0,29.0,45.0,31.0,27.0,34.0,30.0,32.0,28.0,34.0,22.0,28.0,27.0,32.0,33.0,31.0,36.0,40.0,31.0,25.0,39.0,35.0,38.0,28.0,31.0,27.0,29.0,23.0,33.0,32.0,26.0,31.0,33.0,31.0,37.0,27.0,35.0,41.0,27.0,27.0,20.0,30.0,24.0,24.0,20.0,31.0,35.0,28.0
