10,50,1000
18.052627,16.302307,15.706983,17.047108,17.681335,16.823463,15.962946,15.06806,15.50423,18.616513
9.786515,7.279959,5.663229,6.089329,8.748339,8.559615,7.210569,7.691305,8.499195,9.792452
0.0,10.0,20.0,30.0,40.0,50.0,60.0,70.0,80.0,90.0
10.0,0.0,10.0,20.0,30.0,40.0,50.0,60.0,70.0,80.0
20.0,10.0,0.0,10.0,20.0,30.0,40.0,50.0,60.0,70.0
30.0,20.0,10.0,0.0,10.0,20.0,30.0,40.0,50.0,60.0
40.0,30.0,20.0,10.0,0.0,10.0,20.0,30.0,40.0,50.0
50.0,40.0,30.0,20.0,10.0,0.0,10.0,20.0,30.0,40.0
60.0,50.0,40.0,30.0,20.0,10.0,0.0,10.0,20.0,30.0
70.0,60.0,50.0,40.0,30.0,20.0,10.0,0.0,10.0,20.0
80.0,70.0,60.0,50.0,40.0,30.0,20.0,10.0,0.0,10.0
90.0,80.0,70.0,60.0,50.0,40.0,30.0,20.0,10.0,0.0
450.0,400.0,350.0,300.0,250.0,250.0,300.0,350.0,400.0,450.0
0.0,1.0,2.0,3.0,4.0,5.0,6.0,7.0,8.0,9.0
1.0,0.0,1.0,2.0,3.0,4.0,5.0,6.0,7.0,8.0
2.0,1.0,0.0,1.0,2.0,3.0,4.0,5.0,6.0,7.0
3.0,2.0,1.0,0.0,1.0,2.0,3.0,4.0,5.0,6.0
4.0,3.0,2.0,1.0,0.0,1.0,2.0,3.0,4.0,5.0
5.0,4.0,3.0,2.0,1.0,0.0,1.0,2.0,3.0,4.0
6.0,5.0,4.0,3.0,2.0,1.0,0.0,1.0,2.0,3.0
7.0,6.0,5.0,4.0,3.0,2.0,1.0,0.0,1.0,2.0
8.0,7.0,6.0,5.0,4.0,3.0,2.0,1.0,0.0,1.0
9.0,8.0,7.0,6.0,5.0,4.0,3.0,2.0,1.0,0.0
45.0,40.0,35.0,30.0,25.0,25.0,30.0,35.0,40.0,45.0
30.0,44.0,34.0,32.0,39.0,42.0,25.0,34.0,33.0,27.0,35.0,40.0,47.0,36.0,38.0,32.0,31.0,36.0,41.0,42.0,43.0,34.0,34.0,33.0,36.0,32.0,34.0,40.0,46.0,40.0,35.0,49.0,29.0,30.0,37.0,37.0,43.0,33.0,27.0,40.0,35.0,33.0,39.0,33.0,35.0,40.0,36.0,36.0,39.0,31.0
27.0,23.0,27.0,30.0,32.0,26.0,20.0,37.0,29.0,25.0,22.0,22.0,19.0,24.0,27.0,28.0,26.0,36.0,21.0,37.0,29.0,29.0,28.0,23.0,29.0,23.0,29.0,32.0,28.0,27.0,34.0,25.0,24.0,25.0,29.0,25.0,31.0,23.0,28.0,31.0,30.0,37.0,25.0,26.0,33.0,34.0,28.0,25.0,16.0,25.0
18.0,21.0,23.0,20.0,27.0,14.0,21.0,23.0,23.0,20.0,25.0,26.0,15.0,16.0,20.0,26.0,17.0,15.0,21.0,23.0,25.0,27.0,28.0,18.0,21.0,22.0,22.0,19.0,19.0,32.0,17.0,14.0,16.0,17.0,24.0,17.0,22.0,20.0,20.0,25.0,24.0,17.0,22.0,21.0,25.0,18.0,20.0,20.0,27.0,21.0
25.0,25.0,21.0,23.0,22.0,24.0,24.0,27.0,17.0,23.0,35.0,26.0,24.0,19.0,24.0,24.0,32.0,27.0,26.0,22.0,18.0,19.0,17.0,24.0,20.0,32.0,25.0,30.0,28.0,25.0,22.0,24.0,22.0,28.0,24.0,22.0,29.0,24.0,23.0,35.0,27.0,29.0,21.0,19.0,19.0,22.0,24.0,28.0,17.0,36.0
33.0,32.0,44.0,33.0,37.0,31.0,30.0,46.0,31.0,45.0,38.0,41.0,31.0,38.0,33.0,28.0,25.0,38.0,41.0,29.0,35.0,29.0,29.0,25.0,30.0,27.0,36.0,28.0,28.0,32.0,32.0,42.0,33.0,31.0,31.0,30.0,23.0,23.0,42.0,25.0,37.0,25.0,32.0,32.0,28.0,28.0,32.0,20.0,45.0,32.0
38.0,24.0,40.0,23.0,28.0,24.0,41.0,34.0,26.0,27.0,30.0,29.0,29.0,27.0,30.0,35.0,34.0,26.0,21.0,35.0,40.0,33.0,28.0,34.0,38.0,31.0,32.0,28.0,28.0,37.0,29.0,29.0,36.0,32.0,31.0,27.0,34.0,23.0,21.0,42.0,36.0,28.0,39.0,38.0,25.0,30.0,41.0,32.0,40.0,27.0
33.0,22.0,25.0,30.0,23.0,18.0,28.0,21.0,36.0,35.0,28.0,24.0,30.0,44.0,25.0,33.0,29.0,19.0,28.0,31.0,26.0,22.0,19.0,25.0,39.0,22.0,27.0,19.0,28.0,24.0,22.0,25.0,28.0,22.0,24.0,31.0,19.0,22.0,35.0,23.0,29.0,30.0,24.0,31.0,28.0,29.0,32.0,41.0,30.0,33.0
22.0,22.0,22.0,20.0,32.0,31.0,36.0,23.0,27.0,32.0,37.0,34.0,21.0,29.0,33.0,33.0,18.0,32.0,33.0,31.0,31.0,30.0,33.0,32.0,33.0,24.0,31.0,34.0,33.0,25.0,27.0,20.0,33.0,23.0,19.0,30.0,24.0,30.0,26.0,34.0,31.0,31.0,24.0,18.0,22.0,25.0,35.0,23.0,29.0,32.0
34.0,25.0,45.0,26.0,22.0,27.0,25.0,33.0,28.0,34.0,36.0,31.0,31.0,42.0,35.0,32.0,33.0,40.0,26.0,39.0,28.0,32.0,39.0,31.0,33.0,36.0,38.0,40.0,31.0,30.0,28.0,26.0,22.0,23.0,33.0,36.0,28.0,31.0,27.0,33.0,25.0,35.0,31.0,31.0,35.0,25.0,28.0,26.0,31.0,23.0
30.0,33.0,33.0,28.0,35.0,46.0,36.0,39.0,35.0,34.0,38.0,33.0,35.0,41.0,30.0,30.0,36.0,36.0,25.0,30.0,34.0,37.0,26.0,43.0,42.0,49.0,41.0,37.0,40.0,42.0,42.0,35.0,38.0,38.0,40.0,34.0,30.0,39.0,43.0,46.0,22.0,27.0,35.0,45.0,30.0,44.0,33.0,39.0,32.0,38.0
