10,50,1000
16.106247,16.617658,15.142442,18.431581,19.448485,17.609071,18.868819,15.879866,18.216167,15.114505
5.172479,7.733052,7.183364,9.405154,9.632737,6.410526,7.78339,7.071485,5.256899,6.648408
0.0,10.0,20.0,30.0,40.0,50.0,60.0,70.0,80.0,90.0
10.0,0.0,10.0,20.0,30.0,40.0,50.0,60.0,70.0,80.0
20.0,10.0,0.0,10.0,20.0,30.0,40.0,50.0,60.0,70.0
30.0,20.0,10.0,0.0,10.0,20.0,30.0,40.0,50.0,60.0
40.0,30.0,20.0,10.0,0.0,10.0,20.0,30.0,40.0,50.0
50.0,40.0,30.0,20.0,10.0,0.0,10.0,20.0,30.0,40.0
60.0,50.0,40.0,30.0,20.0,10.0,0.0,10.0,20.0,30.0
70.0,60.0,50.0,40.0,30.0,20.0,10.0,0.0,10.0,20.0
80.0,70.0,60.0,50.0,40.0,30.0,20.0,10.0,0.0,10.0
90.0,80.0,70.0,60.0,50.0,40.0,30.0,20.0,10.0,0.0
450.0,400.0,350.0,300.0,250.0,250.0,300.0,350.0,400.0,450.0
0.0,1.0,2.0,3.0,4.0,5.0,6.0,7.0,8.0,9.0
1.0,0.0,1.0,2.0,3.0,4.0,5.0,6.0,7.0,8.0
2.0,1.0,0.0,1.0,2.0,3.0,4.0,5.0,6.0,7.0
3.0,2.0,1.0,0.0,1.0,2.0,3.0,4.0,5.0,6.0
4.0,3.0,2.0,1.0,0.0,1.0,2.0,3.0,4.0,5.0
5.0,4.0,3.0,2.0,1.0,0.0,1.0,2.0,3.0,4.0
6.0,5.0,4.0,3.0,2.0,1.0,0.0,1.0,2.0,3.0
7.0,6.0,5.0,4.0,3.0,2.0,1.0,0.0,1.0,2.0
8.0,7.0,6.0,5.0,4.0,3.0,2.0,1.0,0.0,1.0
9.0,8.0,7.0,6.0,5.0,4.0,3.0,2.0,1.0,0.0
45.0,40.0,35.0,30.0,25.0,25.0,30.0,35.0,40.0,45.0
26.0,20.0,30.0,20.0,19.0,31.0,27.0,28.0,17.0,21.0,18.0,22.0,21.0,24.0,24.0,20.0,27.0,20.0,24.0,21.0,15.0,22.0,18.0,21.0,18.0,24.0,23.0,16.0,23.0,21.0,27.0,24.0,18.0,28.0,20.0,31.0,20.0,25.0,18.0,24.0,22.0,15.0,32.0,18.0,17.0,16.0,30.0,14.0,22.0,19.0
34.0,47.0,30.0,25.0,35.0,30.0,22.0,23.0,35.0,20.0,28.0,31.0,26.0,27.0,34.0,34.0,26.0,39.0,25.0,27.0,17.0,25.0,35.0,35.0,33.0,38.0,27.0,31.0,32.0,35.0,30.0,29.0,32.0,28.0,27.0,39.0,31.0,32.0,29.0,32.0,31.0,29.0,27.0,32.0,24.0,37.0,24.0,26.0,34.0,34.0
28.0,36.0,18.0,24.0,27.0,23.0,25.0,32.0,25.0,25.0,20.0,29.0,25.0,25.0,28.0,31.0,28.0,26.0,30.0,30.0,28.0,28.0,23.0,26.0,28.0,17.0,38.0,34.0,13.0,22.0,36.0,26.0,24.0,32.0,32.0,29.0,30.0,39.0,23.0,24.0,24.0,22.0,35.0,27.0,23.0,27.0,30.0,23.0,26.0,24.0
19.0,35.0,31.0,36.0,37.0,36.0,34.0,32.0,27.0,34.0,36.0,36.0,36.0,31.0,31.0,32.0,36.0,26.0,33.0,41.0,35.0,33.0,30.0,27.0,40.0,37.0,32.0,45.0,38.0,26.0,39.0,30.0,45.0,32.0,46.0,38.0,29.0,35.0,29.0,34.0,33.0,25.0,36.0,44.0,32.0,33.0,35.0,42.0,37.0,33.0
47.0,34.0,40.0,26.0,37.0,47.0,31.0,46.0,28.0,34.0,28.0,27.0,48.0,35.0,35.0,36.0,33.0,38.0,39.0,37.0,37.0,41.0,43.0,25.0,43.0,31.0,32.0,35.0,47.0,32.0,22.0,38.0,35.0,37.0,32.0,44.0,34.0,38.0,20.0,45.0,34.0,37.0,33.0,37.0,32.0,45.0,36.0,52.0,32.0,23.0
24.0,26.0,28.0,36.0,26.0,24.0,27.0,25.0,32.0,15.0,22.0,16.0,26.0,26.0,19.0,22.0,23.0,22.0,21.0,21.0,24.0,28.0,23.0,18.0,22.0,23.0,38.0,28.0,30.0,17.0,21.0,26.0,30.0,21.0,35.0,19.0,20.0,30.0,33.0,26.0,20.0,21.0,33.0,27.0,20.0,21.0,22.0,24.0,27.0,29.0
27.0,28.0,26.0,38.0,32.0,26.0,32.0,33.0,33.0,39.0,26.0,31.0,25.0,31.0,35.0,31.0,36.0,32.0,35.0,29.0,27.0,29.0,33.0,29.0,23.0,24.0,30.0,26.0,28.0,24.0,25.0,25.0,25.0,31.0,32.0,33.0,32.0,30.0,26.0,32.0,25.0,30.0,29.0,24.0,31.0,32.0,37.0,33.0,22.0,35.0
26.0,27.0,27.0,24.0,15.0,23.0,29.0,32.0,21.0,24.0,33.0,26.0,25.0,34.0,31.0,22.0,29.0,29.0,32.0,36.0,36.0,29.0,26.0,34.0,29.0,23.0,28.0,24.0,30.0,20.0,28.0,26.0,25.0,21.0,32.0,29.0,29.0,24.0,27.0,21.0,23.0,24.0,31.0,26.0,25.0,28.0,31.0,25.0,26.0,25.0
27.0,25.0,25.0,27.0,18.0,25.0,17.0,23.0,21.0,19.0,26.0,24.0,27.0,16.0,24.0,27.0,23.0,26.0,23.0,19.0,18.0,26.0,28.0,20.0,25.0,18.0,22.0,29.0,29.0,24.0,22.0,19.0,19.0,19.0,15.0,22.0,16.0,23.0,27.0,15.0,26.0,27.0,20.0,19.0,29.0,15.0,28.0,18.0,26.0,25.0
29.0,28.0,20.0,19.0,30.0,22.0,26.0,28.0,23.0,22.0,17.0,27.0,31.0,27.0,25.0,21.0,15.0,18.0,19.0,15.0,18.0,19.0,19.0,25.0,20.0,22.0,29.0,32.0,16.0,19.0,25.0,20.0,20.0,27.0,30.0,20.0,35.0,33.0,30.0,25.0,30.0,16.0,25.0,28.0,29.0,21.0,30.0,36.0,33.0,19.0
