10,50,1000
19.862865,19.542697,17.824483,18.815092,17.990837,16.941712,17.851762,15.793355,15.913768,16.733839
7.605054,8.727824,7.871972,8.563524,6.992033,6.844605,6.174395,6.076249,7.45862,5.399111
0.0,10.0,20.0,30.0,40.0,50.0,60.0,70.0,80.0,90.0
10.0,0.0,10.0,20.0,30.0,40.0,50.0,60.0,70.0,80.0
20.0,10.0,0.0,10.0,20.0,30.0,40.0,50.0,60.0,70.0
30.0,20.0,10.0,0.0,10.0,20.0,30.0,40.0,50.0,60.0
40.0,30.0,20.0,10.0,0.0,10.0,20.0,30.0,40.0,50.0
50.0,40.0,30.0,20.0,10.0,0.0,10.0,20.0,30.0,40.0
60.0,50.0,40.0,30.0,20.0,10.0,0.0,10.0,20.0,30.0
70.0,60.0,50.0,40.0,30.0,20.0,10.0,0.0,10.0,20.0
80.0,70.0,60.0,50.0,40.0,30.0,20.0,10.0,0.0,10.0
90.0,80.0,70.0,60.0,50.0,40.0,30.0,20.0,10.0,0.0
450.0,400.0,350.0,300.0,250.0,250.0,300.0,350.0,400.0,450.0
0.0,1.0,2.0,3.0,4.0,5.0,6.0,7.0,8.0,9.0
1.0,0.0,1.0,2.0,3.0,4.0,5.0,6.0,7.0,8.0
2.0,1.0,0.0,1.0,2.0,3.0,4.0,5.0,6.0,7.0
3.0,2.0,1.0,0.0,1.0,2.0,3.0,4.0,5.0,6.0
4.0,3.0,2.0,1.0,0.0,1.0,2.0,3.0,4.0,5.0
5.0,4.0,3.0,2.0,1.0,0.0,1.0,2.0,3.0,4.0
6.0,5.0,4.0,3.0,2.0,1.0,0.0,1.0,2.0,3.0
7.0,6.0,5.0,4.0,3.0,2.0,1.0,0.0,1.0,2.0
8.0,7.0,6.0,5.0,4.0,3.0,2.0,1.0,0.0,1.0
9.0,8.0,7.0,6.0,5.0,4.0,3.0,2.0,1.0,0.0
45.0,40.0,35.0,30.0,25.0,25.0,30.0,35.0,40.0,45.0
24.0,36.0,39.0,22.0,25.0,25.0,22.0,25.0,37.0,34.0,35.0,43.0,31.0,39.0,21.0,37.0,41.0,22.0,42.0,34.0,34.0,25.0,41.0,30.0,36.0,21.0,27.0,26.0,29.0,23.0,34.0,39.0,31.0,26.0,28.0,28.0,32.0,38.0,31.0,31.0,28.0,34.0,16.0,27.0,26.0,26.0,38.0,30.0,32.0,37.0
33.0,27.0,44.0,33.0,27.0,34.0,39.0,30.0,40.0,30.0,32.0,32.0,42.0,29.0,31.0,42.0,27.0,29.0,26.0,38.0,39.0,33.0,28.0,38.0,26.0,32.0,36.0,30.0,29.0,39.0,38.0,27.0,29.0,29.0,37.0,27.0,38.0,28.0,30.0,41.0,26.0,39.0,30.0,43.0,28.0,40.0,32.0,27.0,45.0,34.0
26.0,22.0,27.0,32.0,38.0,20.0,25.0,39.0,31.0,38.0,30.0,35.0,26.0,32.0,27.0,33.0,37.0,34.0,34.0,25.0,34.0,18.0,28.0,33.0,31.0,34.0,27.0,34.0,33.0,42.0,39.0,31.0,22.0,31.0,29.0,38.0,32.0,22.0,33.0,29.0,25.0,31.0,35.0,43.0,25.0,29.0,23.0,35.0,29.0,32.0
34.0,28.0,37.0,33.0,23.0,39.0,24.0,35.0,29.0,55.0,28.0,37.0,42.0,42.0,28.0,23.0,30.0,31.0,30.0,26.0,28.0,40.0,36.0,36.0,38.0,34.0,27.0,45.0,28.0,25.0,29.0,30.0,30.0,20.0,42.0,27.0,24.0,23.0,29.0,55.0,37.0,45.0,38.0,33.0,24.0,38.0,29.0,44.0,34.0,35.0
28.0,21.0,34.0,30.0,23.0,21.0,32.0,19.0,29.0,24.0,29.0,22.0,32.0,25.0,25.0,25.0,29.0,35.0,32.0,19.0,36.0,17.0,25.0,32.0,36.0,23.0,27.0,25.0,23.0,33.0,29.0,32.0,35.0,32.0,23.0,29.0,24.0,25.0,30.0,23.0,23.0,27.0,26.0,35.0,25.0,29.0,16.0,27.0,29.0,27.0
33.0,23.0,27.0,27.0,30.0,25.0,29.0,24.0,26.0,22.0,29.0,28.0,28.0,19.0,25.0,26.0,43.0,29.0,24.0,23.0,31.0,21.0,24.0,34.0,29.0,23.0,21.0,28.0,25.0,25.0,27.0,31.0,30.0,20.0,20.0,31.0,28.0,31.0,26.0,36.0,26.0,31.0,22.0,21.0,24.0,31.0,20.0,15.0,34.0,26.0
27.0,20.0,23.0,21.0,26.0,26.0,24.0,25.0,19.0,23.0,20.0,15.0,28.0,18.0,29.0,21.0,24.0,27.0,20.0,32.0,27.0,27.0,24.0,29.0,27.0,23.0,25.0,27.0,26.0,24.0,24.0,25.0,21.0,28.0,17.0,25.0,28.0,21.0,37.0,19.0,27.0,18.0,20.0,18.0,18.0,24.0,18.0,22.0,25.0,28.0
27.0,35.0,29.0,25.0,32.0,27.0,30.0,34.0,25.0,23.0,27.0,18.0,23.0,29.0,20.0,19.0,27.0,27.0,20.0,21.0,23.0,24.0,26.0,14.0,27.0,24.0,34.0,19.0,32.0,20.0,27.0,24.0,17.0,24.0,26.0,21.0,25.0,19.0,31.0,24.0,23.0,25.0,27.0,26.0,21.0,30.0,27.0,31.0,24.0,35.0
28.0,18.0,34.0,34.0,29.0,20.0,36.0,29.0,32.0,27.0,28.0,22.0,25.0,34.0,28.0,27.0,21.0,20.0,30.0,29.0,32.0,31.0,24.0,28.0,38.0,31.0,26.0,17.0,25.0,30.0,29.0,22.0,35.0,33.0,22.0,31.0,25.0,30.0,30.0,37.0,32.0,24.0,28.0,25.0,24.0,25.0,29.0,28.0,31.0,28.0
25.0,21.0,23.0,27.0,23.0,25.0,18.0,20.0,27.0,25.0,18.0,30.0,18.0,21.0,29.0,26.0,15.0,21.0,20.0,15.0,19.0,20.0,30.0,22.0,19.0,20.0,23.0,19.0,11.0,23.0,15.0,18.0,23.0,23.0,20.0,26.0,21.0,23.0,25.0,32.0,18.0,20.0,26.0,22.0,19.0,25.0,29.0,20.0,27.0,19.0
