10,50,1000
15.730342,18.615118,16.049484,16.496194,17.585017,16.776302,19.710296,17.252317,18.549544,15.911025
6.779725,5.388615,8.183087,9.331287,9.183841,7.44439,9.103662,5.294491,6.720849,6.889066
0.0,10.0,20.0,30.0,40.0,50.0,60.0,70.0,80.0,90.0
10.0,0.0,10.0,20.0,30.0,40.0,50.0,60.0,70.0,80.0
20.0,10.0,0.0,10.0,20.0,30.0,40.0,50.0,60.0,70.0
30.0,20.0,10.0,0.0,10.0,20.0,30.0,40.0,50.0,60.0
40.0,30.0,20.0,10.0,0.0,10.0,20.0,30.0,40.0,50.0
50.0,40.0,30.0,20.0,10.0,0.0,10.0,20.0,30.0,40.0
60.0,50.0,40.0,30.0,20.0,10.0,0.0,10.0,20.0,30.0
70.0,60.0,50.0,40.0,30.0,20.0,10.0,0.0,10.0,20.0
80.0,70.0,60.0,50.0,40.0,30.0,20.0,10.0,0.0,10.0
90.0,80.0,70.0,60.0,50.0,40.0,30.0,20.0,10.0,0.0
450.0,400.0,350.0,300.0,250.0,250.0,300.0,350.0,400.0,450.0
0.0,1.0,2.0,3.0,4.0,5.0,6.0,7.0,8.0,9.0
1.0,0.0,1.0,2.0,3.0,4.0,5.0,6.0,7.0,8.0
2.0,1.0,0.0,1.0,2.0,3.0,4.0,5.0,6.0,7.0
3.0,2.0,1.0,0.0,1.0,2.0,3.0,4.0,5.0,6.0
4.0,3.0,2.0,1.0,0.0,1.0,2.0,3.0,4.0,5.0
5.0,4.0,3.0,2.0,1.0,0.0,1.0,2.0,3.0,4.0
6.0,5.0,4.0,3.0,2.0,1.0,0.0,1.0,2.0,3.0
7.0,6.0,5.0,4.0,3.0,2.0,1.0,0.0,1.0,2.0
8.0,7.0,6.0,5.0,4.0,3.0,2.0,1.0,0.0,1.0
9.0,8.0,7.0,6.0,5.0,4.0,3.0,2.0,1.0,0.0
45.0,40.0,35.0,30.0,25.0,25.0,30.0,35.0,40.0,45.0
21.0,24.0,42.0,27.0,28.0,20.0,20.0,44.0,19.0,27.0,31.0,24.0,21.0,30.0,29.0,22.0,30.0,32.0,22.0,32.0,29.0,18.0,26.0,22.0,34.0,26.0,29.0,23.0,23.0,26.0,34.0,29.0,21.0,27.0,34.0,37.0,26.0,32.0,20.0,34.0,28.0,27.0,27.0,22.0,32.0,23.0,27.0,26.0,23.0,33.0
18.0,19.0,21.0,36.0,21.0,30.0,25.0,13.0,18.0,21.0,25.0,24.0,24.0,23.0,9.0,23.0,28.0,21.0,26.0,21.0,17.0,30.0,19.0,25.0,18.0,23.0,19.0,14.0,15.0,18.0,28.0,22.0,25.0,20.0,20.0,21.0,17.0,20.0,30.0,16.0,24.0,26.0,26.0,26.0,23.0,20.0,22.0,30.0,20.0,25.0
50.0,29.0,37.0,32.0,33.0,39.0,38.0,41.0,30.0,21.0,23.0,22.0,34.0,26.0,26.0,28.0,40.0,36.0,25.0,26.0,26.0,31.0,24.0,25.0,40.0,35.0,28.0,26.0,31.0,28.0,37.0,29.0,28.0,33.0,25.0,21.0,33.0,33.0,34.0,38.0,28.0,33.0,27.0,22.0,22.0,31.0,38.0,28.0,34.0,35.0
23.0,27.0,28.0,27.0,44.0,36.0,39.0,41.0,41.0,28.0,22.0,27.0,31.0,27.0,26.0,36.0,41.0,32.0,40.0,31.0,37.0,39.0,47.0,39.0,50.0,30.0,33.0,31.0,31.0,31.0,33.0,32.0,30.0,33.0,35.0,40.0,40.0,43.0,35.0,41.0,34.0,27.0,25.0,24.0,38.0,22.0,30.0,28.0,22.0,24.0
38.0,38.0,36.0,30.0,26.0,30.0,33.0,31.0,23.0,31.0,26.0,39.0,41.0,39.0,25.0,35.0,36.0,33.0,38.0,24.0,30.0,26.0,26.0,30.0,32.0,26.0,31.0,33.0,27.0,30.0,39.0,40.0,29.0,36.0,23.0,35.0,38.0,37.0,42.0,35.0,37.0,34.0,40.0,37.0,30.0,31.0,25.0,33.0,36.0,37.0
28.0,29.0,23.0,26.0,27.0,26.0,23.0,28.0,30.0,21.0,33.0,26.0,28.0,25.0,35.0,25.0,29.0,31.0,38.0,33.0,36.0,31.0,34.0,27.0,34.0,32.0,34.0,27.0,23.0,29.0,29.0,26.0,23.0,22.0,29.0,34.0,24.0,27.0,23.0,19.0,15.0,37.0,29.0,21.0,29.0,30.0,24.0,23.0,33.0,29.0
28.0,43.0,34.0,42.0,30.0,32.0,36.0,35.0,28.0,23.0,43.0,39.0,41.0,25.0,28.0,37.0,36.0,41.0,33.0,35.0,45.0,41.0,32.0,40.0,35.0,34.0,36.0,29.0,37.0,29.0,32.0,35.0,34.0,29.0,29.0,40.0,41.0,29.0,36.0,28.0,42.0,31.0,39.0,29.0,29.0,41.0,38.0,41.0,30.0,35.0
23.0,25.0,19.0,24.0,17.0,19.0,26.0,25.0,22.0,18.0,24.0,19.0,29.0,25.0,29.0,18.0,21.0,22.0,17.0,23.0,20.0,21.0,20.0,23.0,19.0,20.0,18.0,19.0,27.0,17.0,32.0,18.0,25.0,13.0,25.0,17.0,18.0,21.0,24.0,18.0,22.0,25.0,17.0,23.0,20.0,23.0,31.0,24.0,27.0,22.0
18.0,29.0,25.0,35.0,25.0,32.0,26.0,34.0,24.0,30.0,29.0,25.0,23.0,23.0,20.0,27.0,20.0,32.0,25.0,28.0,29.0,22.0,28.0,28.0,30.0,30.0,19.0,20.0,30.0,35.0,21.0,26.0,27.0,23.0,32.0,35.0,32.0,25.0,20.0,41.0,27.0,21.0,25.0,38.0,31.0,17.0,36.0,30.0,20.0,23.0
27.0,24.0,27.0,22.0,25.0,22.0,26.0,22.0,24.0,18.0,23.0,23.0,23.0,26.0,33.0,29.0,23.0,41.0,23.0,24.0,25.0,29.0,28.0,24.0,23.0,21.0,35.0,32.0,35.0,22.0,19.0,34.0,30.0,34.0,34.0,30.0,29.0,19.0,22.0,19.0,29.0,24.0,21.0,21.0,31.0,28.0,30.0,28.0,30.0,27.0
