10,50,1000
19.14492,17.10181,19.386731,15.257478,17.231813,17.679794,18.381008,19.671719,17.239441,17.752338
5.713716,8.222135,5.423769,6.038721,8.426028,7.034147,5.027959,7.275436,7.652383,7.450981
0.0,10.0,20.0,30.0,40.0,50.0,60.0,70.0,80.0,90.0
10.0,0.0,10.0,20.0,30.0,40.0,50.0,60.0,70.0,80.0
20.0,10.0,0.0,10.0,20.0,30.0,40.0,50.0,60.0,70.0
30.0,20.0,10.0,0.0,10.0,20.0,30.0,40.0,50.0,60.0
40.0,30.0,20.0,10.0,0.0,10.0,20.0,30.0,40.0,50.0
50.0,40.0,30.0,20.0,10.0,0.0,10.0,20.0,30.0,40.0
60.0,50.0,40.0,30.0,20.0,10.0,0.0,10.0,20.0,30.0
70.0,60.0,50.0,40.0,30.0,20.0,10.0,0.0,10.0,20.0
80.0,70.0,60.0,50.0,40.0,30.0,20.0,10.0,0.0,10.0
90.0,80.0,70.0,60.0,50.0,40.0,30.0,20.0,10.0,0.0
450.0,400.0,350.0,300.0,250.0,250.0,300.0,350.0,400.0,450.0
0.0,1.0,2.0,3.0,4.0,5.0,6.0,7.0,8.0,9.0
1.0,0.0,1.0,2.0,3.0,4.0,5.0,6.0,7.0,8.0
2.0,1.0,0.0,1.0,2.0,3.0,4.0,5.0,6.0,7.0
3.0,2.0,1.0,0.0,1.0,2.0,3.0,4.0,5.0,6.0
4.0,3.0,2.0,1.0,0.0,1.0,2.0,3.0,4.0,5.0
5.0,4.0,3.0,2.0,1.0,0.0,1.0,2.0,3.0,4.0
6.0,5.0,4.0,3.0,2.0,1.0,0.0,1.0,2.0,3.0
7.0,6.0,5.0,4.0,3.0,2.0,1.0,0.0,1.0,2.0
8.0,7.0,6.0,5.0,4.0,3.0,2.0,1.0,0.0,1.0
9.0,8.0,7.0,6.0,5.0,4.0,3.0,2.0,1.0,0.0
45.0,40.0,35.0,30.0,25.0,25.0,30.0,35.0,40.0,45.0
21.0,21.0,14.0,17.0,22.0,20.0,20.0,21.0,18.0,29.0,23.0,25.0,24.0,28.0,20.0,25.0,31.0,20.0,27.0,26.0,28.0,16.0,26.0,29.0,26.0,26.0,22.0,17.0,22.0,30.0,22.0,24.0,23.0,23.0,25.0,27.0,23.0,26.0,22.0,31.0,32.0,18.0,26.0,27.0,26.0,18.0,25.0,23.0,19.0,27.0
31.0,21.0,29.0,32.0,24.0,41.0,32.0,29.0,31.0,38.0,33.0,33.0,25.0,36.0,27.0,31.0,28.0,35.0,32.0,32.0,25.0,39.0,37.0,35.0,33.0,30.0,33.0,29.0,30.0,33.0,28.0,32.0,21.0,26.0,28.0,32.0,20.0,43.0,26.0,38.0,30.0,35.0,35.0,26.0,32.0,32.0,28.0,26.0,31.0,39.0
32.0,26.0,16.0,18.0,32.0,22.0,29.0,25.0,25.0,12.0,24.0,22.0,23.0,23.0,24.0,33.0,30.0,27.0,22.0,34.0,29.0,18.0,23.0,25.0,24.0,27.0,23.0,18.0,25.0,16.0,25.0,19.0,16.0,34.0,17.0,35.0,29.0,20.0,26.0,22.0,27.0,29.0,25.0,27.0,20.0,24.0,18.0,29.0,24.0,26.0
22.0,19.0,22.0,29.0,25.0,21.0,20.0,23.0,20.0,25.0,21.0,23.0,22.0,18.0,17.0,22.0,14.0,20.0,34.0,24.0,32.0,16.0,27.0,26.0,16.0,29.0,20.0,24.0,19.0,20.0,22.0,20.0,18.0,28.0,17.0,24.0,21.0,19.0,26.0,27.0,28.0,24.0,24.0,24.0,22.0,30.0,23.0,33.0,29.0,13.0
31.0,32.0,38.0,37.0,26.0,43.0,49.0,41.0,27.0,31.0,37.0,35.0,28.0,29.0,28.0,41.0,38.0,29.0,29.0,42.0,30.0,36.0,22.0,24.0,40.0,34.0,39.0,25.0,36.0,34.0,36.0,23.0,26.0,41.0,32.0,26.0,37.0,36.0,23.0,31.0,28.0,31.0,43.0,31.0,31.0,36.0,27.0,25.0,41.0,32.0
28.0,24.0,33.0,26.0,25.0,24.0,18.0,24.0,27.0,25.0,28.0,23.0,29.0,27.0,30.0,29.0,30.0,28.0,32.0,24.0,21.0,24.0,25.0,27.0,35.0,27.0,28.0,35.0,19.0,29.0,28.0,19.0,27.0,33.0,33.0,31.0,32.0,26.0,20.0,21.0,34.0,38.0,35.0,39.0,33.0,17.0,21.0,36.0,23.0,21.0
31.0,17.0,20.0,17.0,19.0,28.0,16.0,22.0,24.0,22.0,14.0,26.0,25.0,21.0,16.0,13.0,20.0,28.0,17.0,23.0,20.0,16.0,15.0,18.0,19.0,14.0,17.0,25.0,23.0,21.0,11.0,29.0,31.0,26.0,23.0,18.0,25.0,22.0,18.0,18.0,20.0,13.0,23.0,20.0,24.0,25.0,17.0,25.0,27.0,27.0
32.0,27.0,21.0,22.0,27.0,29.0,35.0,24.0,24.0,37.0,25.0,18.0,33.0,32.0,31.0,17.0,32.0,22.0,32.0,31.0,31.0,25.0,30.0,29.0,32.0,23.0,30.0,26.0,34.0,35.0,30.0,31.0,31.0,34.0,27.0,32.0,30.0,32.0,33.0,32.0,24.0,31.0,29.0,26.0,26.0,39.0,25.0,22.0,30.0,31.0
37.0,35.0,30.0,28.0,30.0,27.0,32.0,21.0,37.0,33.0,30.0,22.0,38.0,19.0,26.0,20.0,30.0,41.0,30.0,23.0,26.0,31.0,25.0,24.0,26.0,31.0,25.0,31.0,31.0,29.0,21.0,38.0,26.0,23.0,32.0,28.0,26.0,30.0,23.0,21.0,22.0,31.0,30.0,18.0,25.0,30.0,29.0,30.0,33.0,27.0
39.0,30.0,34.0,26.0,35.0,23.0,24.0,21.0,28.0,31.0,23.0,40.0,28.0,34.0,30.0,27.0,26.0,27.0,26.0,33.0,30.0,31.0,32.0,27.0,26.0,31.0,28.0,32.0,27.0,22.0,31.0,37.0,22.0,27.0,26.0,34.0,30.0,27.0,23.0,21.0,36.0,39.0,36.0,32.0,31.0,33.0,25.0,24.0,42.0,30.0
