10,50,1000
15.247947,18.660563,16.054308,16.295777,18.256086,18.156585,18.460461,18.50309,18.614638,17.23319
8.03452,5.35632,8.917932,6.214083,9.0888,7.200707,8.1819,6.403621,8.88899,9.492009
0.0,10.0,20.0,30.0,40.0,50.0,60.0,70.0,80.0,90.0
10.0,0.0,10.0,20.0,30.0,40.0,50.0,60.0,70.0,80.0
20.0,10.0,0.0,10.0,20.0,30.0,40.0,50.0,60.0,70.0
30.0,20.0,10.0,0.0,10.0,20.0,30.0,40.0,50.0,60.0
40.0,30.0,20.0,10.0,0.0,10.0,20.0,30.0,40.0,50.0
50.0,40.0,30.0,20.0,10.0,0.0,10.0,20.0,30.0,40.0
60.0,50.0,40.0,30.0,20.0,10.0,0.0,10.0,20.0,30.0
70.0,60.0,50.0,40.0,30.0,20.0,10.0,0.0,10.0,20.0
80.0,70.0,60.0,50.0,40.0,30.0,20.0,10.0,0.0,10.0
90.0,80.0,70.0,60.0,50.0,40.0,30.0,20.0,10.0,0.0
450.0,400.0,350.0,300.0,250.0,250.0,300.0,350.0,400.0,450.0
0.0,1.0,2.0,3.0,4.0,5.0,6.0,7.0,8.0,9.0
1.0,0.0,1.0,2.0,3.0,4.0,5.0,6.0,7.0,8.0
2.0,1.0,0.0,1.0,2.0,3.0,4.0,5.0,6.0,7.0
3.0,2.0,1.0,0.0,1.0,2.0,3.0,4.0,5.0,6.0
4.0,3.0,2.0,1.0,0.0,1.0,2.0,3.0,4.0,5.0
5.0,4.0,3.0,2.0,1.0,0.0,1.0,2.0,3.0,4.0
6.0,5.0,4.0,3.0,2.0,1.0,0.0,1.0,2.0,3.0
7.0,6.0,5.0,4.0,3.0,2.0,1.0,0.0,1.0,2.0
8.0,7.0,6.0,5.0,4.0,3.0,2.0,1.0,0.0,1.0
9.0,8.0,7.0,6.0,5.0,4.0,3.0,2.0,1.0,0.0
45.0,40.0,35.0,30.0,25.0,25.0,30.0,35.0,40.0,45.0
26.0,22.0,39.0,33.0,25.0,28.0,23.0,28.0,33.0,28.0,29.0,27.0,36.0,27.0,21.0,31.0,22.0,31.0,26.0,23.0,25.0,30.0,36.0,27.0,25.0,22.0,36.0,26.0,36.0,23.0,33.0,31.0,36.0,36.0,22.0,31.0,30.0,40.0,31.0,23.0,33.0,32.0,25.0,30.0,29.0,26.0,29.0,19.0,25.0,32.0
21.0,21.0,14.0,21.0,30.0,26.0,23.0,23.0,29.0,20.0,27.0,22.0,24.0,17.0,21.0,22.0,26.0,21.0,31.0,30.0,13.0,18.0,22.0,15.0,33.0,29.0,22.0,28.0,21.0,17.0,23.0,24.0,14.0,22.0,30.0,23.0,23.0,29.0,27.0,30.0,18.0,20.0,21.0,21.0,20.0,24.0,25.0,28.0,19.0,24.0
20.0,33.0,35.0,31.0,39.0,29.0,29.0,29.0,26.0,28.0,33.0,36.0,32.0,34.0,35.0,32.0,33.0,21.0,32.0,24.0,34.0,39.0,33.0,31.0,30.0,40.0,24.0,28.0,30.0,35.0,28.0,38.0,26.0,34.0,32.0,32.0,39.0,31.0,32.0,37.0,32.0,33.0,33.0,35.0,32.0,36.0,31.0,37.0,40.0,23.0
30.0,26.0,22.0,22.0,31.0,16.0,25.0,29.0,31.0,23.0,28.0,25.0,23.0,18.0,21.0,16.0,14.0,19.0,17.0,30.0,25.0,34.0,27.0,27.0,14.0,21.0,26.0,17.0,27.0,19.0,26.0,9.0,27.0,31.0,27.0,29.0,21.0,27.0,28.0,19.0,31.0,32.0,20.0,22.0,31.0,12.0,23.0,16.0,22.0,31.0
41.0,31.0,38.0,48.0,27.0,27.0,45.0,41.0,28.0,37.0,32.0,35.0,37.0,43.0,33.0,31.0,30.0,41.0,29.0,39.0,32.0,35.0,21.0,31.0,34.0,38.0,41.0,31.0,23.0,45.0,37.0,35.0,39.0,24.0,32.0,33.0,28.0,37.0,37.0,31.0,43.0,32.0,38.0,31.0,36.0,31.0,48.0,30.0,37.0,41.0
24.0,32.0,25.0,23.0,33.0,30.0,28.0,14.0,23.0,37.0,30.0,28.0,24.0,26.0,33.0,31.0,31.0,28.0,25.0,26.0,33.0,32.0,19.0,31.0,20.0,29.0,32.0,20.0,32.0,28.0,23.0,35.0,15.0,35.0,22.0,42.0,25.0,27.0,18.0,32.0,31.0,24.0,28.0,29.0,32.0,16.0,35.0,23.0,27.0,28.0
34.0,26.0,36.0,22.0,35.0,41.0,43.0,21.0,26.0,41.0,35.0,33.0,19.0,42.0,33.0,40.0,23.0,32.0,23.0,33.0,30.0,45.0,36.0,36.0,28.0,23.0,26.0,28.0,35.0,33.0,31.0,29.0,28.0,30.0,26.0,27.0,33.0,31.0,26.0,22.0,27.0,33.0,34.0,36.0,37.0,39.0,33.0,30.0,28.0,27.0
20.0,23.0,20.0,28.0,30.0,21.0,22.0,17.0,34.0,24.0,28.0,26.0,29.0,32.0,20.0,24.0,35.0,23.0,17.0,29.0,42.0,26.0,30.0,31.0,38.0,22.0,20.0,26.0,30.0,24.0,24.0,35.0,24.0,32.0,22.0,18.0,22.0,28.0,27.0,32.0,27.0,33.0,24.0,28.0,18.0,28.0,26.0,22.0,23.0,24.0
40.0,40.0,31.0,42.0,31.0,25.0,25.0,36.0,32.0,29.0,42.0,32.0,29.0,42.0,39.0,36.0,34.0,34.0,41.0,35.0,37.0,34.0,29.0,27.0,32.0,33.0,37.0,31.0,35.0,43.0,31.0,25.0,29.0,32.0,30.0,30.0,31.0,33.0,36.0,29.0,37.0,30.0,39.0,36.0,28.0,38.0,44.0,34.0,36.0,23.0
40.0,30.0,38.0,21.0,30.0,38.0,43.0,35.0,41.0,36.0,35.0,26.0,39.0,37.0,28.0,29.0,46.0,38.0,36.0,33.0,41.0,30.0,33.0,25.0,37.0,27.0,34.0,33.0,35.0,29.0,27.0,39.0,25.0,45.0,28.0,48.0,39.0,28.0,38.0,34.0,23.0,30.0,33.0,38.0,38.0,43.0,24.0,41.0,45.0,29.0
