10,50,1000
15.549303,17.439382,15.635935,19.709643,17.202895,18.839075,18.492243,17.973371,18.212838,15.604208
7.676581,5.998878,5.673806,5.548293,6.448346,5.618858,5.571601,7.100801,6.601873,6.934153
0.0,10.0,20.0,30.0,40.0,50.0,60.0,70.0,80.0,90.0
10.0,0.0,10.0,20.0,30.0,40.0,50.0,60.0,70.0,80.0
20.0,10.0,0.0,10.0,20.0,30.0,40.0,50.0,60.0,70.0
30.0,20.0,10.0,0.0,10.0,20.0,30.0,40.0,50.0,60.0
40.0,30.0,20.0,10.0,0.0,10.0,20.0,30.0,40.0,50.0
50.0,40.0,30.0,20.0,10.0,0.0,10.0,20.0,30.0,40.0
60.0,50.0,40.0,30.0,20.0,10.0,0.0,10.0,20.0,30.0
70.0,60.0,50.0,40.0,30.0,20.0,10.0,0.0,10.0,20.0
80.0,70.0,60.0,50.0,40.0,30.0,20.0,10.0,0.0,10.0
90.0,80.0,70.0,60.0,50.0,40.0,30.0,20.0,10.0,0.0
450.0,400.0,350.0,300.0,250.0,250.0,300.0,350.0,400.0,450.0
0.0,1.0,2.0,3.0,4.0,5.0,6.0,7.0,8.0,9.0
1.0,0.0,1.0,2.0,3.0,4.0,5.0,6.0,7.0,8.0
2.0,1.0,0.0,1.0,2.0,3.0,4.0,5.0,6.0,7.0
3.0,2.0,1.0,0.0,1.0,2.0,3.0,4.0,5.0,6.0
4.0,3.0,2.0,1.0,0.0,1.0,2.0,3.0,4.0,5.0
5.0,4.0,3.0,2.0,1.0,0.0,1.0,2.0,3.0,4.0
6.0,5.0,4.0,3.0,2.0,1.0,0.0,1.0,2.0,3.0
7.0,6.0,5.0,4.0,3.0,2.0,1.0,0.0,1.0,2.0
8.0,7.0,6.0,5.0,4.0,3.0,2.0,1.0,0.0,1.0
9.0,8.0,7.0,6.0,5.0,4.0,3.0,2.0,1.0,0.0
45.0,40.0,35.0,30.0,25.0,25.0,30.0,35.0,40.0,45.0
28.0,25.0,27.0,34.0,22.0,40.0,28.0,23.0,38.0,26.0,23.0,37.0,32.0,27.0,35.0,31.0,25.0,36.0,26.0,26.0,35.0,28.0,30.0,30.0,36.0,33.0,31.0,36.0,29.0,27.0,24.0,21.0,33.0,30.0,16.0,29.0,31.0,39.0,25.0,24.0,30.0,26.0,34.0,26.0,25.0,28.0,32.0,24.0,24.0,25.0
23.0,26.0,27.0,30.0,35.0,19.0,20.0,27.0,21.0,29.0,13.0,29.0,13.0,22.0,31.0,25.0,26.0,24.0,16.0,20.0,26.0,21.0,30.0,20.0,25.0,25.0,20.0,21.0,16.0,24.0,22.0,20.0,29.0,32.0,24.0,30.0,20.0,19.0,26.0,21.0,19.0,17.0,26.0,22.0,25.0,23.0,27.0,29.0,17.0,32.0
22.0,17.0,23.0,30.0,17.0,31.0,21.0,20.0,19.0,16.0,19.0,20.0,18.0,14.0,25.0,23.0,16.0,20.0,13.0,17.0,19.0,20.0,17.0,18.0,25.0,20.0,28.0,25.0,15.0,26.0,33.0,36.0,23.0,15.0,24.0,20.0,18.0,15.0,24.0,22.0,23.0,26.0,14.0,14.0,24.0,18.0,33.0,26.0,13.0,21.0
27.0,27.0,29.0,14.0,17.0,13.0,28.0,22.0,23.0,19.0,19.0,11.0,24.0,21.0,25.0,23.0,21.0,23.0,16.0,29.0,21.0,21.0,25.0,24.0,22.0,20.0,22.0,17.0,24.0,22.0,31.0,20.0,28.0,23.0,23.0,20.0,24.0,21.0,23.0,27.0,26.0,28.0,21.0,25.0,19.0,20.0,25.0,18.0,20.0,21.0
23.0,28.0,20.0,16.0,17.0,28.0,28.0,25.0,24.0,32.0,20.0,30.0,25.0,24.0,16.0,28.0,22.0,22.0,28.0,23.0,24.0,32.0,22.0,20.0,32.0,28.0,23.0,21.0,30.0,21.0,17.0,18.0,20.0,18.0,23.0,24.0,32.0,21.0,18.0,20.0,25.0,19.0,14.0,24.0,25.0,28.0,16.0,27.0,20.0,26.0
22.0,26.0,24.0,25.0,25.0,20.0,29.0,30.0,24.0,24.0,23.0,28.0,27.0,25.0,14.0,20.0,27.0,22.0,21.0,19.0,22.0,21.0,21.0,16.0,25.0,22.0,18.0,28.0,17.0,29.0,14.0,28.0,25.0,30.0,20.0,27.0,23.0,27.0,19.0,22.0,14.0,25.0,30.0,22.0,19.0,19.0,34.0,23.0,21.0,20.0
27.0,16.0,19.0,30.0,20.0,16.0,21.0,28.0,16.0,24.0,22.0,23.0,18.0,22.0,19.0,29.0,24.0,17.0,16.0,18.0,24.0,26.0,22.0,21.0,23.0,25.0,25.0,24.0,20.0,17.0,19.0,17.0,18.0,33.0,23.0,23.0,24.0,20.0,27.0,10.0,21.0,17.0,27.0,10.0,28.0,19.0,25.0,16.0,26.0,26.0
28.0,28.0,36.0,26.0,37.0,23.0,31.0,34.0,31.0,28.0,22.0,37.0,25.0,33.0,30.0,25.0,21.0,23.0,28.0,28.0,19.0,32.0,22.0,21.0,33.0,28.0,31.0,27.0,27.0,28.0,29.0,22.0,32.0,30.0,22.0,20.0,37.0,28.0,27.0,31.0,23.0,32.0,31.0,34.0,30.0,26.0,34.0,27.0,36.0,24.0
24.0,24.0,23.0,29.0,25.0,25.0,22.0,19.0,19.0,25.0,30.0,27.0,33.0,20.0,27.0,28.0,24.0,22.0,21.0,28.0,33.0,20.0,33.0,31.0,25.0,31.0,32.0,28.0,30.0,25.0,22.0,16.0,29.0,40.0,20.0,27.0,31.0,31.0,30.0,29.0,25.0,21.0,15.0,22.0,29.0,19.0,34.0,18.0,26.0,27.0
25.0,25.0,26.0,27.0,34.0,21.0,30.0,27.0,26.0,23.0,17.0,28.0,28.0,19.0,25.0,40.0,26.0,23.0,17.0,25.0,31.0,25.0,23.0,21.0,25.0,25.0,28.0,33.0,30.0,25.0,31.0,18.0,34.0,31.0,23.0,33.0,24.0,24.0,31.0,29.0,35.0,29.0,25.0,22.0,26.0,26.0,29.0,22.0,18.0,28.0
