10,50,1000
18.287362,19.495287,17.371209,17.235372,15.693893,16.676063,16.701488,18.256513,17.697983,17.033914
5.478264,7.43357,6.865453,5.736081,5.012894,7.375615,5.253291,9.330121,6.386424,5.295426
0.0,10.0,20.0,30.0,40.0,50.0,60.0,70.0,80.0,90.0
10.0,0.0,10.0,20.0,30.0,40.0,50.0,60.0,70.0,80.0
20.0,10.0,0.0,10.0,20.0,30.0,40.0,50.0,60.0,70.0
30.0,20.0,10.0,0.0,10.0,20.0,30.0,40.0,50.0,60.0
40.0,30.0,20.0,10.0,0.0,10.0,20.0,30.0,40.0,50.0
50.0,40.0,30.0,20.0,10.0,0.0,10.0,20.0,30.0,40.0
60.0,50.0,40.0,30.0,20.0,10.0,0.0,10.0,20.0,30.0
70.0,60.0,50.0,40.0,30.0,20.0,10.0,0.0,10.0,20.0
80.0,70.0,60.0,50.0,40.0,30.0,20.0,10.0,0.0,10.0
90.0,80.0,70.0,60.0,50.0,40.0,30.0,20.0,10.0,0.0
450.0,400.0,350.0,300.0,250.0,250.0,300.0,350.0,400.0,450.0
0.0,1.0,2.0,3.0,4.0,5.0,6.0,7.0,8.0,9.0
1.0,0.0,1.0,2.0,3.0,4.0,5.0,6.0,7.0,8.0
2.0,1.0,0.0,1.0,2.0,3.0,4.0,5.0,6.0,7.0
3.0,2.0,1.0,0.0,1.0,2.0,3.0,4.0,5.0,6.0
4.0,3.0,2.0,1.0,0.0,1.0,2.0,3.0,4.0,5.0
5.0,4.0,3.0,2.0,1.0,0.0,1.0,2.0,3.0,4.0
6.0,5.0,4.0,3.0,2.0,1.0,0.0,1.0,2.0,3.0
7.0,6.0,5.0,4.0,3.0,2.0,1.0,0.0,1.0,2.0
8.0,7.0,6.0,5.0,4.0,3.0,2.0,1.0,0.0,1.0
9.0,8.0,7.0,6.0,5.0,4.0,3.0,2.0,1.0,0.0
45.0,40.0,35.0,30.0,25.0,25.0,30.0,35.0,40.0,45.0
21.0,25.0,20.0,18.0,26.0,18.0,21.0,23.0,23.0,20.0,26.0,21.0,25.0,19.0,23.0,17.0,21.0,27.0,26.0,26.0,32.0,34.0,23.0,30.0,32.0,20.0,23.0,11.0,24.0,23.0,20.0,21.0,18.0,25.0,25.0,19.0,19.0,32.0,18.0,18.0,25.0,37.0,21.0,24.0,21.0,32.0,30.0,33.0,28.0,22.0
21.0,27.0,27.0,30.0,33.0,21.0,29.0,30.0,32.0,24.0,16.0,29.0,23.0,29.0,22.0,32.0,28.0,33.0,31.0,30.0,31.0,32.0,28.0,23.0,37.0,36.0,31.0,26.0,32.0,21.0,25.0,46.0,31.0,30.0,34.0,34.0,27.0,37.0,19.0,36.0,26.0,29.0,30.0,22.0,36.0,39.0,17.0,32.0,26.0,23.0
30.0,24.0,20.0,30.0,33.0,22.0,24.0,38.0,28.0,32.0,30.0,32.0,36.0,26.0,32.0,22.0,33.0,27.0,26.0,27.0,23.0,30.0,19.0,29.0,36.0,20.0,22.0,30.0,26.0,22.0,18.0,17.0,28.0,23.0,28.0,21.0,31.0,30.0,26.0,29.0,27.0,34.0,23.0,26.0,25.0,18.0,28.0,30.0,27.0,27.0
25.0,27.0,18.0,26.0,23.0,28.0,28.0,25.0,18.0,24.0,21.0,25.0,15.0,26.0,18.0,23.0,21.0,24.0,19.0,27.0,22.0,19.0,23.0,19.0,28.0,29.0,23.0,23.0,23.0,32.0,21.0,31.0,25.0,32.0,17.0,26.0,22.0,18.0,23.0,20.0,17.0,24.0,25.0,27.0,25.0,15.0,26.0,19.0,22.0,24.0
19.0,26.0,30.0,15.0,17.0,20.0,18.0,16.0,17.0,17.0,11.0,21.0,16.0,19.0,20.0,22.0,20.0,17.0,19.0,23.0,20.0,18.0,26.0,29.0,31.0,19.0,24.0,19.0,17.0,12.0,19.0,19.0,18.0,16.0,23.0,15.0,21.0,14.0,14.0,21.0,17.0,30.0,15.0,30.0,24.0,21.0,20.0,22.0,18.0,22.0
29.0,16.0,29.0,40.0,23.0,30.0,23.0,27.0,25.0,33.0,30.0,24.0,33.0,18.0,28.0,38.0,33.0,28.0,30.0,23.0,21.0,28.0,31.0,29.0,20.0,26.0,32.0,26.0,29.0,17.0,29.0,24.0,27.0,29.0,30.0,30.0,22.0,15.0,28.0,40.0,28.0,32.0,22.0,23.0,25.0,24.0,25.0,26.0,21.0,31.0
24.0,14.0,22.0,18.0,22.0,24.0,22.0,16.0,20.0,18.0,19.0,22.0,28.0,22.0,17.0,20.0,19.0,21.0,16.0,23.0,20.0,19.0,19.0,18.0,16.0,13.0,34.0,29.0,24.0,25.0,10.0,31.0,28.0,18.0,11.0,12.0,14.0,20.0,31.0,29.0,17.0,25.0,21.0,23.0,22.0,22.0,27.0,23.0,11.0,21.0
46.0,41.0,41.0,32.0,35.0,34.0,32.0,41.0,26.0,30.0,25.0,43.0,46.0,37.0,35.0,35.0,30.0,27.0,36.0,28.0,25.0,44.0,42.0,39.0,32.0,36.0,38.0,36.0,34.0,25.0,32.0,34.0,36.0,36.0,36.0,31.0,37.0,27.0,35.0,29.0,38.0,35.0,28.0,35.0,35.0,34.0,31.0,38.0,38.0,37.0
19.0,22.0,32.0,25.0,28.0,21.0,20.0,22.0,21.0,17.0,18.0,23.0,20.0,37.0,30.0,20.0,30.0,23.0,29.0,28.0,18.0,28.0,28.0,18.0,18.0,30.0,21.0,27.0,19.0,31.0,26.0,20.0,12.0,33.0,23.0,20.0,29.0,23.0,29.0,30.0,26.0,19.0,22.0,28.0,27.0,15.0,20.0,15.0,21.0,20.0
20.0,18.0,18.0,24.0,23.0,22.0,24.0,20.0,21.0,24.0,22.0,27.0,23.0,16.0,26.0,12.0,21.0,23.0,24.0,13.0,23.0,29.0,15.0,26.0,32.0,24.0,22.0,20.0,24.0,34.0,21.0,25.0,23.0,22.0,26.0,24.0,15.0,25.0,23.0,17.0,19.0,20.0,19.0,23.0,20.0,24.0,20.0,23.0,23.0,27.0
