10,50,1000
15.169331,19.208736,17.199342,17.875668,17.892654,19.760551,19.327168,16.853465,18.641541,17.065695
5.986371,9.926277,8.625021,5.593153,9.463228,8.408991,8.745313,9.269357,6.931292,6.473672
0.0,10.0,20.0,30.0,40.0,50.0,60.0,70.0,80.0,90.0
10.0,0.0,10.0,20.0,30.0,40.0,50.0,60.0,70.0,80.0
20.0,10.0,0.0,10.0,20.0,30.0,40.0,50.0,60.0,70.0
30.0,20.0,10.0,0.0,10.0,20.0,30.0,40.0,50.0,60.0
40.0,30.0,20.0,10.0,0.0,10.0,20.0,30.0,40.0,50.0
50.0,40.0,30.0,20.0,10.0,0.0,10.0,20.0,30.0,40.0
60.0,50.0,40.0,30.0,20.0,10.0,0.0,10.0,20.0,30.0
70.0,60.0,50.0,40.0,30.0,20.0,10.0,0.0,10.0,20.0
80.0,70.0,60.0,50.0,40.0,30.0,20.0,10.0,0.0,10.0
90.0,80.0,70.0,60.0,50.0,40.0,30.0,20.0,10.0,0.0
450.0,400.0,350.0,300.0,250.0,250.0,300.0,350.0,400.0,450.0
0.0,1.0,2.0,3.0,4.0,5.0,6.0,7.0,8.0,9.0
1.0,0.0,1.0,2.0,3.0,4.0,5.0,6.0,7.0,8.0
2.0,1.0,0.0,1.0,2.0,3.0,4.0,5.0,6.0,7.0
3.0,2.0,1.0,0.0,1.0,2.0,3.0,4.0,5.0,6.0
4.0,3.0,2.0,1.0,0.0,1.0,2.0,3.0,4.0,5.0
5.0,4.0,3.0,2.0,1.0,0.0,1.0,2.0,3.0,4.0
6.0,5.0,4.0,3.0,2.0,1.0,0.0,1.0,2.0,3.0
7.0,6.0,5.0,4.0,3.0,2.0,1.0,0.0,1.0,2.0
8.0,7.0,6.0,5.0,4.0,3.0,2.0,1.0,0.0,1.0
9.0,8.0,7.0,6.0,5.0,4.0,3.0,2.0,1.0,0.0
45.0,40.0,35.0,30.0,25.0,25.0,30.0,35.0,40.0,45.0
20.0,24.0,13.0,13.0,14.0,29.0,17.0,25.0,23.0,28.0,17.0,21.0,22.0,26.0,18.0,25.0,20.0,22.0,20.0,22.0,28.0,14.0,19.0,24.0,27.0,17.0,29.0,19.0,23.0,22.0,16.0,24.0,23.0,28.0,16.0,22.0,21.0,25.0,27.0,20.0,18.0,27.0,19.0,18.0,30.0,19.0,27.0,30.0,27.0,25.0
27.0,30.0,47.0,43.0,48.0,39.0,39.0,34.0,45.0,32.0,42.0,34.0,32.0,36.0,37.0,43.0,30.0,34.0,43.0,34.0,41.0,35.0,33.0,43.0,44.0,47.0,35.0,37.0,36.0,50.0,33.0,28.0,33.0,39.0,35.0,36.0,34.0,42.0,33.0,33.0,42.0,42.0,38.0,32.0,32.0,38.0,37.0,34.0,29.0,47.0
29.0,39.0,42.0,28.0,30.0,32.0,36.0,31.0,32.0,32.0,32.0,44.0,30.0,30.0,30.0,31.0,34.0,22.0,32.0,40.0,31.0,37.0,39.0,35.0,37.0,27.0,34.0,37.0,31.0,32.0,28.0,29.0,35.0,31.0,33.0,53.0,30.0,23.0,42.0,46.0,42.0,36.0,26.0,42.0,24.0,32.0,29.0,34.0,36.0,34.0
20.0,22.0,16.0,29.0,15.0,21.0,28.0,35.0,25.0,24.0,21.0,23.0,20.0,29.0,34.0,16.0,24.0,27.0,20.0,23.0,24.0,23.0,20.0,23.0,23.0,22.0,20.0,20.0,22.0,34.0,20.0,27.0,15.0,28.0,26.0,23.0,25.0,24.0,11.0,19.0,25.0,17.0,9.0,17.0,14.0,25.0,28.0,22.0,25.0,21.0
36.0,41.0,31.0,46.0,35.0,29.0,47.0,25.0,27.0,31.0,44.0,44.0,36.0,40.0,43.0,29.0,38.0,27.0,31.0,38.0,38.0,33.0,41.0,35.0,39.0,29.0,39.0,32.0,45.0,37.0,36.0,32.0,38.0,25.0,29.0,39.0,39.0,38.0,41.0,35.0,38.0,31.0,39.0,30.0,40.0,30.0,41.0,32.0,43.0,31.0
28.0,32.0,34.0,38.0,30.0,37.0,39.0,29.0,27.0,38.0,23.0,35.0,27.0,22.0,34.0,31.0,28.0,37.0,38.0,25.0,29.0,39.0,20.0,37.0,23.0,40.0,27.0,32.0,31.0,47.0,28.0,29.0,27.0,30.0,28.0,37.0,36.0,28.0,30.0,31.0,23.0,33.0,29.0,40.0,34.0,33.0,30.0,40.0,26.0,36.0
39.0,37.0,36.0,38.0,33.0,29.0,36.0,36.0,25.0,39.0,31.0,21.0,32.0,31.0,35.0,32.0,38.0,33.0,27.0,27.0,23.0,31.0,36.0,35.0,36.0,37.0,37.0,31.0,27.0,30.0,30.0,26.0,26.0,30.0,32.0,32.0,32.0,24.0,23.0,37.0,35.0,31.0,34.0,33.0,36.0,31.0,31.0,22.0,31.0,25.0
30.0,34.0,29.0,40.0,26.0,33.0,24.0,25.0,28.0,42.0,34.0,31.0,43.0,35.0,32.0,28.0,44.0,27.0,29.0,24.0,28.0,33.0,31.0,35.0,37.0,30.0,28.0,40.0,34.0,33.0,38.0,32.0,37.0,32.0,38.0,44.0,31.0,43.0,36.0,39.0,34.0,38.0,32.0,35.0,27.0,37.0,39.0,34.0,33.0,27.0
25.0,25.0,27.0,19.0,26.0,29.0,39.0,16.0,30.0,32.0,28.0,25.0,30.0,28.0,33.0,30.0,31.0,37.0,27.0,29.0,21.0,31.0,33.0,32.0,23.0,24.0,27.0,29.0,29.0,24.0,33.0,36.0,17.0,24.0,25.0,28.0,26.0,22.0,27.0,28.0,31.0,31.0,28.0,37.0,34.0,23.0,33.0,30.0,29.0,28.0
25.0,36.0,39.0,22.0,18.0,17.0,32.0,29.0,16.0,17.0,25.0,19.0,34.0,25.0,29.0,22.0,19.0,28.0,33.0,28.0,23.0,31.0,20.0,16.0,17.0,25.0,23.0,29.0,26.0,17.0,26.0,22.0,23.0,29.0,23.0,23.0,28.0,20.0,25.0,26.0,23.0,33.0,28.0,16.0,30.0,26.0,20.0,25.0,27.0,22.0
