10,50,1000
18.578014,19.191843,18.958952,15.098276,17.635743,17.96253,15.274261,15.662275,18.379982,17.210177
8.75421,7.125123,8.832445,7.630336,7.866001,9.453759,6.054796,5.133509,7.37035,7.572107
0.0,10.0,20.0,30.0,40.0,50.0,60.0,70.0,80.0,90.0
10.0,0.0,10.0,20.0,30.0,40.0,50.0,60.0,70.0,80.0
20.0,10.0,0.0,10.0,20.0,30.0,40.0,50.0,60.0,70.0
30.0,20.0,10.0,0.0,10.0,20.0,30.0,40.0,50.0,60.0
40.0,30.0,20.0,10.0,0.0,10.0,20.0,30.0,40.0,50.0
50.0,40.0,30.0,20.0,10.0,0.0,10.0,20.0,30.0,40.0
60.0,50.0,40.0,30.0,20.0,10.0,0.0,10.0,20.0,30.0
70.0,60.0,50.0,40.0,30.0,20.0,10.0,0.0,10.0,20.0
80.0,70.0,60.0,50.0,40.0,30.0,20.0,10.0,0.0,10.0
90.0,80.0,70.0,60.0,50.0,40.0,30.0,20.0,10.0,0.0
450.0,400.0,350.0,300.0,250.0,250.0,300.0,350.0,400.0,450.0
0.0,1.0,2.0,3.0,4.0,5.0,6.0,7.0,8.0,9.0
1.0,0.0,1.0,2.0,3.0,4.0,5.0,6.0,7.0,8.0
2.0,1.0,0.0,1.0,2.0,3.0,4.0,5.0,6.0,7.0
3.0,2.0,1.0,0.0,1.0,2.0,3.0,4.0,5.0,6.0
4.0,3.0,2.0,1.0,0.0,1.0,2.0,3.0,4.0,5.0
5.0,4.0,3.0,2.0,1.0,0.0,1.0,2.0,3.0,4.0
6.0,5.0,4.0,3.0,2.0,1.0,0.0,1.0,2.0,3.0
7.0,6.0,5.0,4.0,3.0,2.0,1.0,0.0,1.0,2.0
8.0,7.0,6.0,5.0,4.0,3.0,2.0,1.0,0.0,1.0
9.0,8.0,7.0,6.0,5.0,4.0,3.0,2.0,1.0,0.0
45.0,40.0,35.0,30.0,25.0,25.0,30.0,35.0,40.0,45.0
30.0,32.0,32.0,29.0,40.0,33.0,31.0,27.0,38.0,46.0,35.0,28.0,39.0,42.0,26.0,29.0,31.0,20.0,21.0,30.0,22.0,31.0,33.0,34.0,43.0,36.0,33.0,31.0,33.0,30.0,46.0,37.0,44.0,44.0,35.0,31.0,29.0,34.0,26.0,29.0,45.0,25.0,33.0,27.0,36.0,27.0,39.0,32.0,35.0,23.0
37.0,19.0,26.0,31.0,18.0,28.0,33.0,25.0,40.0,30.0,28.0,21.0,22.0,28.0,25.0,24.0,28.0,25.0,27.0,26.0,27.0,30.0,23.0,33.0,24.0,27.0,31.0,21.0,32.0,29.0,33.0,34.0,29.0,35.0,36.0,31.0,31.0,23.0,23.0,34.0,21.0,25.0,27.0,26.0,21.0,33.0,32.0,26.0,22.0,36.0
27.0,29.0,39.0,38.0,32.0,40.0,31.0,30.0,48.0,33.0,38.0,45.0,36.0,32.0,43.0,38.0,38.0,33.0,27.0,28.0,36.0,32.0,31.0,33.0,48.0,44.0,31.0,29.0,31.0,35.0,37.0,24.0,36.0,23.0,41.0,26.0,33.0,31.0,29.0,33.0,39.0,30.0,36.0,34.0,38.0,37.0,35.0,33.0,33.0,26.0
36.0,32.0,32.0,22.0,29.0,34.0,32.0,27.0,36.0,28.0,36.0,34.0,27.0,30.0,32.0,31.0,19.0,22.0,34.0,25.0,22.0,24.0,32.0,24.0,34.0,21.0,29.0,38.0,22.0,27.0,31.0,34.0,30.0,24.0,23.0,38.0,19.0,25.0,24.0,27.0,24.0,26.0,26.0,35.0,29.0,29.0,31.0,39.0,26.0,21.0
48.0,25.0,34.0,36.0,37.0,23.0,46.0,28.0,25.0,33.0,28.0,31.0,35.0,28.0,27.0,23.0,21.0,33.0,42.0,33.0,25.0,37.0,30.0,34.0,36.0,33.0,37.0,38.0,36.0,33.0,25.0,33.0,26.0,29.0,33.0,29.0,20.0,17.0,15.0,26.0,27.0,27.0,28.0,43.0,38.0,36.0,26.0,26.0,34.0,27.0
37.0,33.0,29.0,44.0,30.0,45.0,37.0,30.0,37.0,38.0,41.0,34.0,41.0,48.0,31.0,34.0,38.0,34.0,44.0,28.0,38.0,34.0,34.0,39.0,34.0,33.0,31.0,36.0,33.0,34.0,29.0,37.0,36.0,37.0,28.0,37.0,35.0,31.0,34.0,35.0,39.0,31.0,41.0,33.0,35.0,28.0,46.0,31.0,36.0,31.0
18.0,21.0,24.0,30.0,20.0,31.0,27.0,23.0,23.0,22.0,19.0,17.0,16.0,26.0,23.0,12.0,25.0,25.0,15.0,33.0,26.0,19.0,19.0,24.0,26.0,24.0,29.0,25.0,24.0,28.0,21.0,17.0,26.0,24.0,18.0,15.0,28.0,27.0,24.0,24.0,26.0,23.0,20.0,33.0,26.0,29.0,18.0,17.0,14.0,22.0
14.0,22.0,18.0,20.0,21.0,22.0,22.0,24.0,22.0,17.0,30.0,19.0,24.0,21.0,20.0,20.0,24.0,22.0,20.0,28.0,14.0,23.0,17.0,26.0,27.0,11.0,14.0,25.0,13.0,20.0,24.0,22.0,27.0,23.0,19.0,21.0,28.0,25.0,17.0,20.0,15.0,24.0,10.0,18.0,23.0,21.0,21.0,30.0,28.0,21.0
30.0,32.0,28.0,28.0,26.0,34.0,31.0,30.0,27.0,27.0,37.0,34.0,38.0,30.0,20.0,33.0,32.0,22.0,34.0,31.0,35.0,31.0,26.0,19.0,34.0,27.0,23.0,34.0,18.0,43.0,31.0,20.0,31.0,38.0,32.0,25.0,39.0,32.0,29.0,28.0,37.0,24.0,36.0,36.0,24.0,34.0,27.0,32.0,29.0,31.0
23.0,23.0,37.0,21.0,31.0,26.0,33.0,27.0,27.0,39.0,34.0,33.0,33.0,24.0,27.0,39.0,27.0,29.0,26.0,26.0,23.0,22.0,29.0,25.0,31.0,21.0,35.0,31.0,43.0,39.0,13.0,31.0,23.0,34.0,31.0,28.0,27.0,32.0,23.0,33.0,26.0,30.0,23.0,36.0,29.0,23.0,19.0,26.0,35.0,31.0
