10,50,1000
15.174259,16.206037,15.667148,19.427802,16.314307,19.297618,17.913563,19.573634,16.67085,18.342785
7.683815,7.955245,7.576699,6.556357,7.15691,8.493068,7.335958,8.277083,8.316637,8.228982
0.0,10.0,20.0,30.0,40.0,50.0,60.0,70.0,80.0,90.0
10.0,0.0,10.0,20.0,30.0,40.0,50.0,60.0,70.0,80.0
20.0,10.0,0.0,10.0,20.0,30.0,40.0,50.0,60.0,70.0
30.0,20.0,10.0,0.0,10.0,20.0,30.0,40.0,50.0,60.0
40.0,30.0,20.0,10.0,0.0,10.0,20.0,30.0,40.0,50.0
50.0,40.0,30.0,20.0,10.0,0.0,10.0,20.0,30.0,40.0
60.0,50.0,40.0,30.0,20.0,10.0,0.0,10.0,20.0,30.0
70.0,60.0,50.0,40.0,30.0,20.0,10.0,0.0,10.0,20.0
80.0,70.0,60.0,50.0,40.0,30.0,20.0,10.0,0.0,10.0
90.0,80.0,70.0,60.0,50.0,40.0,30.0,20.0,10.0,0.0
450.0,400.0,350.0,300.0,250.0,250.0,300.0,350.0,400.0,450.0
0.0,1.0,2.0,3.0,4.0,5.0,6.0,7.0,8.0,9.0
1.0,0.0,1.0,2.0,3.0,4.0,5.0,6.0,7.0,8.0
2.0,1.0,0.0,1.0,2.0,3.0,4.0,5.0,6.0,7.0
3.0,2.0,1.0,0.0,1.0,2.0,3.0,4.0,5.0,6.0
4.0,3.0,2.0,1.0,0.0,1.0,2.0,3.0,4.0,5.0
5.0,4.0,3.0,2.0,1.0,0.0,1.0,2.0,3.0,4.0
6.0,5.0,4.0,3.0,2.0,1.0,0.0,1.0,2.0,3.0
7.0,6.0,5.0,4.0,3.0,2.0,1.0,0.0,1.0,2.0
8.0,7.0,6.0,5.0,4.0,3.0,2.0,1.0,0.0,1.0
9.0,8.0,7.0,6.0,5.0,4.0,3.0,2.0,1.0,0.0
45.0,40.0,35.0,30.0,25.0,25.0,30.0,35.0,40.0,45.0
28.0,33.0,29.0,25.0,28.0,32.0,29.0,23.0,23.0,40.0,33.0,32.0,29.0,32.0,24.0,30.0,25.0,25.0,32.0,27.0,30.0,31.0,28.0,39.0,31.0,24.0,18.0,26.0,15.0,32.0,29.0,17.0,26.0,22.0,25.0,26.0,27.0,36.0,38.0,37.0,27.0,31.0,32.0,32.0,30.0,26.0,24.0,35.0,29.0,25.0
28.0,28.0,32.0,30.0,28.0,34.0,33.0,30.0,30.0,34.0,25.0,31.0,32.0,24.0,39.0,31.0,22.0,36.0,31.0,30.0,34.0,35.0,24.0,27.0,45.0,29.0,38.0,28.0,27.0,27.0,30.0,42.0,37.0,27.0,35.0,24.0,37.0,27.0,33.0,28.0,29.0,34.0,24.0,25.0,24.0,33.0,34.0,31.0,30.0,35.0
23.0,23.0,27.0,22.0,27.0,24.0,34.0,24.0,31.0,23.0,31.0,29.0,25.0,27.0,28.0,32.0,17.0,26.0,42.0,34.0,28.0,30.0,27.0,22.0,32.0,20.0,14.0,20.0,32.0,26.0,40.0,20.0,31.0,32.0,30.0,32.0,30.0,37.0,26.0,21.0,29.0,39.0,31.0,39.0,26.0,28.0,29.0,29.0,20.0,27.0
30.0,21.0,29.0,26.0,22.0,27.0,26.0,32.0,24.0,13.0,20.0,29.0,32.0,33.0,27.0,28.0,18.0,26.0,30.0,18.0,32.0,23.0,20.0,26.0,35.0,21.0,28.0,25.0,29.0,29.0,31.0,24.0,16.0,29.0,24.0,21.0,28.0,24.0,32.0,23.0,24.0,23.0,30.0,30.0,31.0,19.0,24.0,28.0,20.0,19.0
34.0,20.0,26.0,26.0,24.0,22.0,28.0,33.0,20.0,15.0,20.0,30.0,22.0,28.0,14.0,29.0,24.0,29.0,28.0,31.0,31.0,26.0,27.0,27.0,34.0,34.0,27.0,29.0,28.0,30.0,35.0,25.0,22.0,18.0,25.0,29.0,21.0,29.0,30.0,27.0,18.0,33.0,24.0,29.0,23.0,29.0,30.0,37.0,23.0,25.0
39.0,28.0,42.0,39.0,33.0,29.0,23.0,38.0,33.0,31.0,29.0,41.0,30.0,23.0,31.0,31.0,42.0,39.0,31.0,31.0,32.0,22.0,31.0,29.0,26.0,33.0,42.0,38.0,41.0,33.0,30.0,35.0,35.0,38.0,21.0,30.0,27.0,29.0,26.0,28.0,32.0,29.0,29.0,26.0,38.0,25.0,38.0,32.0,30.0,42.0
31.0,37.0,28.0,20.0,37.0,25.0,35.0,26.0,26.0,28.0,22.0,21.0,26.0,25.0,32.0,37.0,32.0,30.0,29.0,24.0,34.0,30.0,28.0,29.0,36.0,26.0,17.0,32.0,33.0,31.0,19.0,30.0,25.0,29.0,32.0,20.0,18.0,26.0,25.0,34.0,20.0,24.0,32.0,20.0,26.0,24.0,20.0,27.0,34.0,31.0
19.0,42.0,27.0,39.0,28.0,36.0,36.0,32.0,29.0,41.0,41.0,31.0,40.0,24.0,30.0,39.0,41.0,27.0,27.0,32.0,36.0,34.0,34.0,40.0,28.0,28.0,25.0,30.0,34.0,32.0,32.0,26.0,30.0,33.0,32.0,33.0,31.0,39.0,24.0,33.0,24.0,36.0,37.0,34.0,32.0,24.0,28.0,32.0,25.0,28.0
29.0,30.0,23.0,27.0,39.0,34.0,26.0,29.0,20.0,27.0,34.0,38.0,31.0,32.0,30.0,41.0,39.0,41.0,33.0,28.0,28.0,22.0,31.0,42.0,41.0,34.0,29.0,37.0,34.0,29.0,36.0,31.0,31.0,40.0,32.0,36.0,39.0,28.0,39.0,21.0,27.0,35.0,31.0,26.0,26.0,29.0,35.0,38.0,22.0,32.0
31.0,34.0,28.0,33.0,31.0,26.0,25.0,26.0,35.0,32.0,33.0,37.0,30.0,32.0,38.0,31.0,30.0,36.0,31.0,36.0,18.0,24.0,32.0,31.0,38.0,37.0,36.0,39.0,37.0,28.0,40.0,29.0,31.0,31.0,34.0,32.0,35.0,34.0,29.0,27.0,24.0,29.0,21.0,36.0,22.0,36.0,26.0,33.0,38.0,31.0
