10,50,1000
17.286881,17.704863,19.265109,15.982098,17.666409,17.386044,18.939331,17.489243,19.252183,16.146909
5.147695,5.252002,6.230772,8.873014,7.088949,9.539748,5.618376,5.933651,9.051777,5.075938
0.0,10.0,20.0,30.0,40.0,50.0,60.0,70.0,80.0,90.0
10.0,0.0,10.0,20.0,30.0,40.0,50.0,60.0,70.0,80.0
20.0,10.0,0.0,10.0,20.0,30.0,40.0,50.0,60.0,70.0
30.0,20.0,10.0,0.0,10.0,20.0,30.0,40.0,50.0,60.0
40.0,30.0,20.0,10.0,0.0,10.0,20.0,30.0,40.0,50.0
50.0,40.0,30.0,20.0,10.0,0.0,10.0,20.0,30.0,40.0
60.0,50.0,40.0,30.0,20.0,10.0,0.0,10.0,20.0,30.0
70.0,60.0,50.0,40.0,30.0,20.0,10.0,0.0,10.0,20.0
80.0,70.0,60.0,50.0,40.0,30.0,20.0,10.0,0.0,10.0
90.0,80.0,70.0,60.0,50.0,40.0,30.0,20.0,10.0,0.0
450.0,400.0,350.0,300.0,250.0,250.0,300.0,350.0,400.0,450.0
0.0,1.0,2.0,3.0,4.0,5.0,6.0,7.0,8.0,9.0
1.0,0.0,1.0,2.0,3.0,4.0,5.0,6.0,7.0,8.0
2.0,1.0,0.0,1.0,2.0,3.0,4.0,5.0,6.0,7.0
3.0,2.0,1.0,0.0,1.0,2.0,3.0,4.0,5.0,6.0
4.0,3.0,2.0,1.0,0.0,1.0,2.0,3.0,4.0,5.0
5.0,4.0,3.0,2.0,1.0,0.0,1.0,2.0,3.0,4.0
6.0,5.0,4.0,3.0,2.0,1.0,0.0,1.0,2.0,3.0
7.0,6.0,5.0,4.0,3.0,2.0,1.0,0.0,1.0,2.0
8.0,7.0,6.0,5.0,4.0,3.0,2.0,1.0,0.0,1.0
9.0,8.0,7.0,6.0,5.0,4.0,3.0,2.0,1.0,0.0
45.0,40.0,35.0,30.0,25.0,25.0,30.0,35.0,40.0,45.0
16.0,19.0,26.0,27.0,19.0,15.0,23.0,13.0,20.0,23.0,22.0,27.0,25.0,21.0,22.0,26.0,19.0,22.0,18.0,21.0,20.0,19.0,18.0,18.0,16.0,16.0,16.0,17.0,20.0,23.0,20.0,24.0,18.0,29.0,20.0,29.0,27.0,13.0,17.0,27.0,20.0,24.0,12.0,22.0,31.0,20.0,20.0,19.0,12.0,18.0
29.0,21.0,24.0,15.0,21.0,16.0,17.0,23.0,19.0,17.0,19.0,18.0,16.0,18.0,24.0,22.0,23.0,25.0,27.0,26.0,23.0,25.0,19.0,25.0,19.0,23.0,23.0,22.0,24.0,27.0,19.0,22.0,22.0,23.0,27.0,18.0,16.0,26.0,17.0,25.0,23.0,28.0,24.0,10.0,18.0,27.0,23.0,21.0,23.0,24.0
19.0,26.0,24.0,22.0,28.0,29.0,22.0,19.0,21.0,21.0,25.0,24.0,25.0,23.0,25.0,25.0,26.0,21.0,22.0,28.0,29.0,28.0,23.0,22.0,23.0,32.0,22.0,28.0,31.0,31.0,22.0,25.0,20.0,24.0,21.0,38.0,26.0,27.0,30.0,31.0,24.0,23.0,21.0,26.0,19.0,26.0,31.0,25.0,17.0,25.0
41.0,20.0,35.0,29.0,28.0,36.0,31.0,32.0,21.0,30.0,40.0,40.0,31.0,31.0,25.0,49.0,32.0,38.0,36.0,39.0,36.0,30.0,38.0,25.0,31.0,42.0,37.0,37.0,40.0,30.0,34.0,30.0,43.0,30.0,34.0,45.0,29.0,28.0,35.0,37.0,26.0,44.0,31.0,25.0,38.0,40.0,32.0,29.0,35.0,33.0
18.0,34.0,24.0,27.0,34.0,28.0,23.0,19.0,28.0,32.0,25.0,26.0,25.0,25.0,25.0,28.0,22.0,32.0,24.0,33.0,20.0,30.0,35.0,25.0,35.0,26.0,33.0,26.0,34.0,40.0,32.0,28.0,34.0,23.0,36.0,21.0,29.0,26.0,15.0,34.0,28.0,30.0,35.0,40.0,30.0,23.0,37.0,33.0,22.0,32.0
33.0,36.0,28.0,27.0,39.0,42.0,36.0,45.0,25.0,25.0,30.0,26.0,43.0,38.0,34.0,38.0,27.0,31.0,45.0,36.0,35.0,30.0,38.0,32.0,27.0,38.0,33.0,34.0,37.0,35.0,33.0,29.0,31.0,35.0,39.0,42.0,33.0,34.0,42.0,42.0,34.0,38.0,38.0,44.0,40.0,31.0,50.0,44.0,32.0,49.0
24.0,30.0,18.0,27.0,13.0,25.0,16.0,25.0,17.0,21.0,20.0,29.0,29.0,24.0,18.0,23.0,22.0,28.0,30.0,28.0,29.0,24.0,18.0,27.0,20.0,26.0,21.0,31.0,18.0,26.0,18.0,30.0,39.0,25.0,28.0,25.0,26.0,19.0,25.0,23.0,23.0,13.0,22.0,18.0,23.0,17.0,17.0,33.0,23.0,25.0
25.0,32.0,21.0,26.0,32.0,22.0,20.0,19.0,30.0,22.0,15.0,21.0,23.0,24.0,25.0,24.0,28.0,34.0,31.0,16.0,26.0,41.0,21.0,24.0,23.0,25.0,20.0,11.0,25.0,39.0,25.0,19.0,28.0,23.0,31.0,25.0,24.0,14.0,20.0,31.0,28.0,24.0,19.0,29.0,32.0,23.0,28.0,28.0,29.0,22.0
32.0,39.0,47.0,38.0,32.0,31.0,32.0,30.0,30.0,27.0,43.0,32.0,31.0,33.0,37.0,44.0,31.0,34.0,35.0,33.0,35.0,28.0,27.0,40.0,30.0,26.0,29.0,34.0,35.0,33.0,36.0,37.0,29.0,27.0,42.0,29.0,38.0,26.0,44.0,38.0,24.0,32.0,36.0,38.0,30.0,30.0,32.0,28.0,23.0,23.0
22.0,18.0,20.0,18.0,19.0,17.0,16.0,32.0,14.0,21.0,25.0,13.0,30.0,16.0,14.0,16.0,16.0,18.0,15.0,12.0,22.0,19.0,28.0,19.0,18.0,25.0,17.0,21.0,21.0,20.0,14.0,24.0,23.0,20.0,23.0,25.0,21.0,16.0,27.0,25.0,23.0,19.0,15.0,22.0,21.0,25.0,27.0,23.0,17.0,25.0
