10,50,1000
16.170233,15.431641,15.148159,18.722785,16.843152,17.038693,19.826802,17.829798,16.237411,19.792575
8.152152,9.808464,6.643856,6.778415,9.707719,5.172857,8.671285,9.103853,9.945522,9.66436
0.0,10.0,20.0,30.0,40.0,50.0,60.0,70.0,80.0,90.0
10.0,0.0,10.0,20.0,30.0,40.0,50.0,60.0,70.0,80.0
20.0,10.0,0.0,10.0,20.0,30.0,40.0,50.0,60.0,70.0
30.0,20.0,10.0,0.0,10.0,20.0,30.0,40.0,50.0,60.0
40.0,30.0,20.0,10.0,0.0,10.0,20.0,30.0,40.0,50.0
50.0,40.0,30.0,20.0,10.0,0.0,10.0,20.0,30.0,40.0
60.0,50.0,40.0,30.0,20.0,10.0,0.0,10.0,20.0,30.0
70.0,60.0,50.0,40.0,30.0,20.0,10.0,0.0,10.0,20.0
80.0,70.0,60.0,50.0,40.0,30.0,20.0,10.0,0.0,10.0
90.0,80.0,70.0,60.0,50.0,40.0,30.0,20.0,10.0,0.0
450.0,400.0,350.0,300.0,250.0,250.0,300.0,350.0,400.0,450.0
0.0,1.0,2.0,3.0,4.0,5.0,6.0,7.0,8.0,9.0
1.0,0.0,1.0,2.0,3.0,4.0,5.0,6.0,7.0,8.0
2.0,1.0,0.0,1.0,2.0,3.0,4.0,5.0,6.0,7.0
3.0,2.0,1.0,0.0,1.0,2.0,3.0,4.0,5.0,6.0
4.0,3.0,2.0,1.0,0.0,1.0,2.0,3.0,4.0,5.0
5.0,4.0,3.0,2.0,1.0,0.0,1.0,2.0,3.0,4.0
6.0,5.0,4.0,3.0,2.0,1.0,0.0,1.0,2.0,3.0
7.0,6.0,5.0,4.0,3.0,2.0,1.0,0.0,1.0,2.0
8.0,7.0,6.0,5.0,4.0,3.0,2.0,1.0,0.0,1.0
9.0,8.0,7.0,6.0,5.0,4.0,3.0,2.0,1.0,0.0
45.0,40.0,35.0,30.0,25.0,25.0,30.0,35.0,40.0,45.0
26.0,34.0,32.0,33.0,34.0,25.0,26.0,41.0,32.0,36.0,35.0,28.0,33.0,34.0,31.0,40.0,27.0,38.0,27.0,22.0,32.0,35.0,25.0,29.0,29.0,44.0,25.0,19.0,27.0,44.0,26.0,19.0,29.0,35.0,32.0,38.0,25.0,31.0,34.0,34.0,38.0,41.0,30.0,22.0,20.0,22.0,43.0,27.0,39.0,27.0
40.0,33.0,38.0,45.0,31.0,41.0,32.0,33.0,30.0,40.0,30.0,28.0,34.0,31.0,34.0,35.0,33.0,29.0,32.0,47.0,30.0,38.0,32.0,35.0,28.0,34.0,36.0,31.0,40.0,40.0,38.0,38.0,33.0,40.0,40.0,43.0,31.0,31.0,40.0,25.0,41.0,36.0,28.0,32.0,29.0,38.0,31.0,32.0,30.0,34.0
27.0,29.0,25.0,29.0,28.0,16.0,37.0,22.0,27.0,24.0,29.0,25.0,39.0,30.0,28.0,19.0,25.0,21.0,19.0,25.0,26.0,25.0,20.0,22.0,25.0,18.0,25.0,24.0,30.0,35.0,24.0,23.0,31.0,25.0,27.0,21.0,17.0,30.0,21.0,27.0,18.0,21.0,21.0,25.0,23.0,25.0,16.0,30.0,26.0,19.0
17.0,17.0,20.0,31.0,28.0,27.0,16.0,21.0,28.0,28.0,18.0,32.0,25.0,26.0,24.0,26.0,31.0,26.0,36.0,30.0,24.0,24.0,24.0,26.0,26.0,28.0,32.0,28.0,21.0,24.0,25.0,30.0,32.0,26.0,30.0,21.0,27.0,25.0,26.0,24.0,31.0,22.0,24.0,23.0,24.0,24.0,34.0,25.0,29.0,27.0
43.0,44.0,38.0,37.0,33.0,38.0,28.0,36.0,40.0,23.0,32.0,27.0,45.0,34.0,27.0,35.0,37.0,38.0,33.0,34.0,34.0,38.0,28.0,29.0,36.0,36.0,38.0,41.0,41.0,40.0,22.0,39.0,37.0,44.0,35.0,34.0,25.0,37.0,33.0,39.0,47.0,42.0,37.0,37.0,22.0,38.0,26.0,38.0,36.0,43.0
15.0,23.0,14.0,24.0,17.0,25.0,17.0,16.0,29.0,27.0,27.0,16.0,21.0,29.0,17.0,13.0,26.0,16.0,19.0,24.0,20.0,24.0,27.0,11.0,21.0,22.0,17.0,18.0,29.0,17.0,18.0,14.0,18.0,18.0,16.0,20.0,16.0,18.0,18.0,23.0,16.0,27.0,21.0,15.0,26.0,22.0,14.0,15.0,22.0,17.0
31.0,47.0,30.0,24.0,32.0,41.0,24.0,34.0,28.0,30.0,33.0,37.0,33.0,27.0,30.0,36.0,34.0,29.0,22.0,26.0,33.0,28.0,32.0,34.0,45.0,29.0,22.0,29.0,23.0,32.0,37.0,36.0,36.0,35.0,34.0,32.0,36.0,35.0,30.0,30.0,27.0,31.0,32.0,36.0,26.0,26.0,36.0,31.0,25.0,41.0
44.0,31.0,31.0,35.0,40.0,39.0,39.0,28.0,27.0,32.0,35.0,27.0,38.0,32.0,27.0,26.0,34.0,35.0,30.0,32.0,29.0,44.0,28.0,49.0,32.0,27.0,36.0,29.0,34.0,29.0,41.0,29.0,36.0,30.0,38.0,40.0,37.0,39.0,37.0,37.0,30.0,29.0,37.0,35.0,40.0,39.0,30.0,39.0,34.0,26.0
31.0,45.0,38.0,40.0,28.0,37.0,37.0,30.0,38.0,48.0,40.0,39.0,25.0,26.0,34.0,31.0,37.0,38.0,45.0,34.0,26.0,30.0,41.0,31.0,22.0,27.0,40.0,27.0,34.0,37.0,31.0,39.0,34.0,41.0,24.0,36.0,36.0,43.0,33.0,33.0,34.0,44.0,42.0,30.0,47.0,38.0,32.0,32.0,24.0,44.0
35.0,42.0,42.0,27.0,36.0,23.0,26.0,33.0,29.0,41.0,36.0,32.0,30.0,39.0,36.0,40.0,31.0,37.0,38.0,42.0,30.0,41.0,37.0,40.0,24.0,37.0,36.0,30.0,33.0,37.0,28.0,38.0,37.0,34.0,40.0,24.0,33.0,39.0,36.0,38.0,25.0,37.0,25.0,28.0,36.0,35.0,33.0,40.0,32.0,42.0
