10,50,1000
17.596398,18.501239,15.191973,17.776345,19.106485,16.733164,18.920271,17.327645,17.093527,16.18721
8.688863,7.203904,8.991046,8.047885,6.522821,8.563289,7.937813,5.8252,5.922352,7.908941
0.0,10.0,20.0,30.0,40.0,50.0,60.0,70.0,80.0,90.0
10.0,0.0,10.0,20.0,30.0,40.0,50.0,60.0,70.0,80.0
20.0,10.0,0.0,10.0,20.0,30.0,40.0,50.0,60.0,70.0
30.0,20.0,10.0,0.0,10.0,20.0,30.0,40.0,50.0,60.0
40.0,30.0,20.0,10.0,0.0,10.0,20.0,30.0,40.0,50.0
50.0,40.0,30.0,20.0,10.0,0.0,10.0,20.0,30.0,40.0
60.0,50.0,40.0,30.0,20.0,10.0,0.0,10.0,20.0,30.0
70.0,60.0,50.0,40.0,30.0,20.0,10.0,0.0,10.0,20.0
80.0,70.0,60.0,50.0,40.0,30.0,20.0,10.0,0.0,10.0
90.0,80.0,70.0,60.0,50.0,40.0,30.0,20.0,10.0,0.0
450.0,400.0,350.0,300.0,250.0,250.0,300.0,350.0,400.0,450.0
0.0,1.0,2.0,3.0,4.0,5.0,6.0,7.0,8.0,9.0
1.0,0.0,1.0,2.0,3.0,4.0,5.0,6.0,7.0,8.0
2.0,1.0,0.0,1.0,2.0,3.0,4.0,5.0,6.0,7.0
3.0,2.0,1.0,0.0,1.0,2.0,3.0,4.0,5.0,6.0
4.0,3.0,2.0,1.0,0.0,1.0,2.0,3.0,4.0,5.0
5.0,4.0,3.0,2.0,1.0,0.0,1.0,2.0,3.0,4.0
6.0,5.0,4.0,3.0,2.0,1.0,0.0,1.0,2.0,3.0
7.0,6.0,5.0,4.0,3.0,2.0,1.0,0.0,1.0,2.0
8.0,7.0,6.0,5.0,4.0,3.0,2.0,1.0,0.0,1.0
9.0,8.0,7.0,6.0,5.0,4.0,3.0,2.0,1.0,0.0
45.0,40.0,35.0,30.0,25.0,25.0,30.0,35.0,40.0,45.0
24.0,41.0,28.0,36.0,40.0,33.0,34.0,34.0,33.0,34.0,34.0,39.0,49.0,37.0,31.0,29.0,37.0,36.0,37.0,29.0,20.0,31.0,37.0,39.0,29.0,26.0,33.0,25.0,36.0,28.0,53.0,32.0,40.0,23.0,29.0,30.0,36.0,30.0,35.0,30.0,29.0,26.0,32.0,30.0,36.0,35.0,21.0,33.0,42.0,39.0
24.0,37.0,22.0,34.0,35.0,33.0,24.0,28.0,24.0,21.0,24.0,28.0,24.0,31.0,31.0,27.0,18.0,23.0,33.0,24.0,26.0,37.0,33.0,28.0,35.0,30.0,29.0,35.0,33.0,26.0,31.0,29.0,23.0,39.0,20.0,29.0,31.0,31.0,30.0,32.0,28.0,29.0,25.0,29.0,23.0,29.0,34.0,20.0,28.0,35.0
44.0,42.0,30.0,32.0,16.0,24.0,37.0,27.0,27.0,36.0,37.0,41.0,30.0,31.0,27.0,30.0,39.0,36.0,23.0,24.0,31.0,32.0,37.0,50.0,34.0,39.0,33.0,31.0,38.0,31.0,29.0,41.0,36.0,44.0,32.0,31.0,30.0,31.0,27.0,24.0,28.0,24.0,33.0,22.0,47.0,31.0,43.0,33.0,34.0,25.0
32.0,30.0,29.0,37.0,28.0,31.0,29.0,32.0,31.0,23.0,35.0,38.0,26.0,27.0,23.0,23.0,17.0,32.0,36.0,28.0,36.0,22.0,30.0,34.0,40.0,32.0,30.0,37.0,36.0,31.0,34.0,36.0,34.0,31.0,27.0,44.0,36.0,36.0,22.0,24.0,28.0,35.0,34.0,22.0,27.0,28.0,30.0,18.0,34.0,38.0
35.0,20.0,30.0,18.0,24.0,22.0,17.0,20.0,28.0,36.0,25.0,18.0,26.0,26.0,30.0,23.0,20.0,25.0,32.0,29.0,17.0,26.0,27.0,23.0,26.0,22.0,25.0,26.0,21.0,31.0,32.0,34.0,28.0,29.0,26.0,14.0,32.0,23.0,28.0,25.0,19.0,20.0,36.0,32.0,24.0,27.0,28.0,24.0,34.0,28.0
39.0,26.0,35.0,30.0,35.0,34.0,31.0,30.0,31.0,26.0,31.0,28.0,39.0,38.0,30.0,38.0,23.0,28.0,39.0,32.0,29.0,28.0,31.0,25.0,28.0,30.0,30.0,38.0,43.0,37.0,29.0,29.0,26.0,33.0,33.0,39.0,29.0,32.0,29.0,37.0,27.0,31.0,25.0,28.0,30.0,41.0,32.0,33.0,28.0,31.0
34.0,41.0,29.0,31.0,34.0,27.0,27.0,27.0,24.0,29.0,30.0,33.0,31.0,40.0,27.0,26.0,31.0,31.0,24.0,30.0,29.0,24.0,21.0,19.0,37.0,32.0,31.0,29.0,33.0,47.0,31.0,28.0,34.0,31.0,25.0,39.0,45.0,36.0,29.0,38.0,33.0,32.0,24.0,24.0,28.0,37.0,30.0,28.0,25.0,35.0
16.0,25.0,23.0,21.0,26.0,28.0,15.0,23.0,26.0,23.0,18.0,26.0,19.0,22.0,32.0,24.0,17.0,36.0,27.0,23.0,26.0,19.0,22.0,27.0,17.0,16.0,25.0,14.0,23.0,33.0,24.0,21.0,22.0,25.0,23.0,20.0,18.0,25.0,25.0,21.0,25.0,21.0,26.0,18.0,16.0,24.0,13.0,28.0,17.0,22.0
25.0,19.0,28.0,31.0,32.0,28.0,19.0,31.0,28.0,29.0,24.0,23.0,21.0,23.0,22.0,26.0,16.0,18.0,21.0,25.0,21.0,25.0,19.0,23.0,26.0,24.0,31.0,23.0,28.0,19.0,23.0,14.0,28.0,30.0,18.0,33.0,22.0,22.0,25.0,24.0,17.0,29.0,21.0,21.0,21.0,15.0,22.0,23.0,30.0,26.0
26.0,36.0,32.0,31.0,31.0,33.0,34.0,35.0,35.0,27.0,23.0,28.0,30.0,28.0,24.0,24.0,36.0,42.0,30.0,34.0,38.0,25.0,40.0,21.0,29.0,34.0,28.0,34.0,24.0,31.0,26.0,31.0,31.0,33.0,33.0,37.0,34.0,26.0,32.0,42.0,32.0,28.0,36.0,27.0,25.0,36.0,27.0,28.0,35.0,29.0
