10,50,1000
15.111878,15.571438,15.64681,16.022658,17.262182,17.205296,16.850025,17.890837,19.924674,19.163743
9.919939,6.513463,9.75962,9.230309,5.671822,7.225192,6.337309,6.379786,6.874942,5.030242
0.0,10.0,20.0,30.0,40.0,50.0,60.0,70.0,80.0,90.0
10.0,0.0,10.0,20.0,30.0,40.0,50.0,60.0,70.0,80.0
20.0,10.0,0.0,10.0,20.0,30.0,40.0,50.0,60.0,70.0
30.0,20.0,10.0,0.0,10.0,20.0,30.0,40.0,50.0,60.0
40.0,30.0,20.0,10.0,0.0,10.0,20.0,30.0,40.0,50.0
50.0,40.0,30.0,20.0,10.0,0.0,10.0,20.0,30.0,40.0
60.0,50.0,40.0,30.0,20.0,10.0,0.0,10.0,20.0,30.0
70.0,60.0,50.0,40.0,30.0,20.0,10.0,0.0,10.0,20.0
80.0,70.0,60.0,50.0,40.0,30.0,20.0,10.0,0.0,10.0
90.0,80.0,70.0,60.0,50.0,40.0,30.0,20.0,10.0,0.0
450.0,400.0,350.0,300.0,250.0,250.0,300.0,350.0,400.0,450.0
0.0,1.0,2.0,3.0,4.0,5.0,6.0,7.0,8.0,9.0
1.0,0.0,1.0,2.0,3.0,4.0,5.0,6.0,7.0,8.0
2.0,1.0,0.0,1.0,2.0,3.0,4.0,5.0,6.0,7.0
3.0,2.0,1.0,0.0,1.0,2.0,3.0,4.0,5.0,6.0
4.0,3.0,2.0,1.0,0.0,1.0,2.0,3.0,4.0,5.0
5.0,4.0,3.0,2.0,1.0,0.0,1.0,2.0,3.0,4.0
6.0,5.0,4.0,3.0,2.0,1.0,0.0,1.0,2.0,3.0
7.0,6.0,5.0,4.0,3.0,2.0,1.0,0.0,1.0,2.0
8.0,7.0,6.0,5.0,4.0,3.0,2.0,1.0,0.0,1.0
9.0,8.0,7.0,6.0,5.0,4.0,3.0,2.0,1.0,0.0
45.0,40.0,35.0,30.0,25.0,25.0,30.0,35.0,40.0,45.0
36.0,40.0,35.0,26.0,23.0,30.0,28.0,44.0,31.0,36.0,51.0,37.0,35.0,44.0,30.0,41.0,44.0,39.0,30.0,35.0,22.0,29.0,36.0,44.0,32.0,41.0,47.0,36.0,38.0,35.0,40.0,32.0,28.0,28.0,44.0,36.0,36.0,33.0,41.0,41.0,27.0,32.0,40.0,29.0,38.0,38.0,35.0,40.0,41.0,36.0
31.0,31.0,28.0,23.0,23.0,22.0,29.0,19.0,20.0,31.0,31.0,24.0,18.0,19.0,22.0,16.0,20.0,29.0,23.0,24.0,20.0,25.0,24.0,16.0,16.0,26.0,21.0,19.0,22.0,19.0,30.0,24.0,23.0,27.0,18.0,20.0,23.0,25.0,27.0,26.0,29.0,23.0,35.0,16.0,25.0,33.0,26.0,25.0,23.0,32.0
32.0,30.0,33.0,29.0,30.0,38.0,32.0,33.0,32.0,36.0,37.0,33.0,27.0,29.0,32.0,35.0,33.0,45.0,32.0,43.0,38.0,36.0,35.0,44.0,35.0,28.0,29.0,38.0,28.0,29.0,39.0,25.0,31.0,44.0,30.0,33.0,29.0,34.0,36.0,48.0,33.0,32.0,31.0,29.0,35.0,31.0,30.0,41.0,41.0,32.0
44.0,37.0,36.0,29.0,27.0,39.0,29.0,28.0,40.0,31.0,26.0,33.0,48.0,38.0,41.0,35.0,30.0,37.0,35.0,38.0,35.0,28.0,36.0,24.0,24.0,34.0,35.0,27.0,28.0,43.0,35.0,38.0,39.0,28.0,32.0,34.0,36.0,47.0,37.0,38.0,36.0,36.0,43.0,33.0,35.0,37.0,41.0,34.0,32.0,25.0
27.0,22.0,26.0,21.0,24.0,28.0,26.0,22.0,26.0,22.0,16.0,20.0,26.0,21.0,24.0,27.0,32.0,21.0,19.0,16.0,27.0,28.0,17.0,25.0,12.0,18.0,22.0,28.0,25.0,26.0,17.0,23.0,21.0,16.0,23.0,12.0,22.0,22.0,29.0,22.0,25.0,26.0,25.0,28.0,28.0,27.0,14.0,18.0,13.0,12.0
29.0,24.0,25.0,37.0,36.0,30.0,29.0,22.0,21.0,34.0,28.0,30.0,26.0,24.0,20.0,33.0,30.0,32.0,26.0,30.0,25.0,31.0,34.0,36.0,26.0,34.0,30.0,31.0,23.0,38.0,22.0,30.0,29.0,30.0,28.0,21.0,27.0,30.0,27.0,29.0,27.0,24.0,27.0,25.0,29.0,15.0,32.0,24.0,33.0,30.0
28.0,32.0,25.0,21.0,19.0,27.0,24.0,20.0,29.0,20.0,22.0,26.0,31.0,25.0,22.0,26.0,34.0,20.0,29.0,24.0,24.0,20.0,32.0,22.0,26.0,24.0,23.0,21.0,33.0,18.0,26.0,22.0,22.0,23.0,19.0,27.0,28.0,29.0,33.0,32.0,30.0,27.0,28.0,26.0,23.0,24.0,19.0,34.0,30.0,20.0
24.0,35.0,29.0,20.0,26.0,24.0,17.0,26.0,31.0,21.0,23.0,26.0,21.0,28.0,31.0,24.0,31.0,28.0,24.0,26.0,28.0,22.0,25.0,15.0,24.0,27.0,22.0,18.0,27.0,24.0,15.0,20.0,27.0,32.0,23.0,24.0,22.0,26.0,27.0,25.0,19.0,22.0,39.0,15.0,21.0,24.0,28.0,16.0,19.0,26.0
33.0,23.0,31.0,25.0,27.0,18.0,20.0,33.0,18.0,28.0,27.0,32.0,29.0,21.0,29.0,28.0,28.0,39.0,32.0,35.0,34.0,30.0,21.0,25.0,27.0,23.0,26.0,25.0,27.0,26.0,34.0,24.0,31.0,26.0,30.0,27.0,21.0,23.0,22.0,29.0,32.0,36.0,30.0,29.0,26.0,24.0,28.0,28.0,31.0,34.0
23.0,21.0,23.0,17.0,22.0,27.0,17.0,18.0,27.0,21.0,17.0,17.0,19.0,15.0,23.0,18.0,25.0,13.0,18.0,27.0,13.0,21.0,18.0,21.0,25.0,16.0,19.0,20.0,22.0,22.0,13.0,17.0,29.0,11.0,19.0,24.0,29.0,21.0,23.0,26.0,24.0,12.0,20.0,19.0,26.0,21.0,23.0,14.0,28.0,27.0
