10,50,1000
18.746384,18.502196,17.100625,16.151629,19.210469,16.985678,16.958084,19.535985,19.562447,19.119919
6.336712,7.179284,6.242058,8.972477,8.193712,9.004005,9.181863,6.506892,9.380506,9.532908
0.0,10.0,20.0,30.0,40.0,50.0,60.0,70.0,80.0,90.0
10.0,0.0,10.0,20.0,30.0,40.0,50.0,60.0,70.0,80.0
20.0,10.0,0.0,10.0,20.0,30.0,40.0,50.0,60.0,70.0
30.0,20.0,10.0,0.0,10.0,20.0,30.0,40.0,50.0,60.0
40.0,30.0,20.0,10.0,0.0,10.0,20.0,30.0,40.0,50.0
50.0,40.0,30.0,20.0,10.0,0.0,10.0,20.0,30.0,40.0
60.0,50.0,40.0,30.0,20.0,10.0,0.0,10.0,20.0,30.0
70.0,60.0,50.0,40.0,30.0,20.0,10.0,0.0,10.0,20.0
80.0,70.0,60.0,50.0,40.0,30.0,20.0,10.0,0.0,10.0
90.0,80.0,70.0,60.0,50.0,40.0,30.0,20.0,10.0,0.0
450.0,400.0,350.0,300.0,250.0,250.0,300.0,350.0,400.0,450.0
0.0,1.0,2.0,3.0,4.0,5.0,6.0,7.0,8.0,9.0
1.0,0.0,1.0,2.0,3.0,4.0,5.0,6.0,7.0,8.0
2.0,1.0,0.0,1.0,2.0,3.0,4.0,5.0,6.0,7.0
3.0,2.0,1.0,0.0,1.0,2.0,3.0,4.0,5.0,6.0
4.0,3.0,2.0,1.0,0.0,1.0,2.0,3.0,4.0,5.0
5.0,4.0,3.0,2.0,1.0,0.0,1.0,2.0,3.0,4.0
6.0,5.0,4.0,3.0,2.0,1.0,0.0,1.0,2.0,3.0
7.0,6.0,5.0,4.0,3.0,2.0,1.0,0.0,1.0,2.0
8.0,7.0,6.0,5.0,4.0,3.0,2.0,1.0,0.0,1.0
9.0,8.0,7.0,6.0,5.0,4.0,3.0,2.0,1.0,0.0
45.0,40.0,35.0,30.0,25.0,25.0,30.0,35.0,40.0,45.0
24.0,30.0,34.0,21.0,17.0,20.0,29.0,30.0,24.0,21.0,27.0,24.0,30.0,20.0,19.0,28.0,27.0,27.0,18.0,27.0,21.0,24.0,29.0,16.0,25.0,27.0,27.0,26.0,15.0,33.0,26.0,24.0,36.0,27.0,22.0,21.0,28.0,28.0,31.0,17.0,28.0,30.0,23.0,25.0,23.0,21.0,25.0,26.0,24.0,30.0
27.0,24.0,25.0,32.0,36.0,24.0,28.0,18.0,30.0,28.0,29.0,23.0,17.0,29.0,16.0,20.0,33.0,36.0,33.0,21.0,34.0,30.0,20.0,36.0,32.0,28.0,27.0,27.0,28.0,28.0,26.0,31.0,37.0,23.0,26.0,27.0,22.0,19.0,22.0,31.0,26.0,27.0,32.0,21.0,27.0,28.0,27.0,23.0,30.0,25.0
26.0,18.0,27.0,27.0,30.0,34.0,28.0,23.0,19.0,25.0,23.0,19.0,19.0,25.0,20.0,23.0,26.0,30.0,30.0,20.0,21.0,23.0,17.0,31.0,20.0,36.0,24.0,27.0,29.0,26.0,20.0,18.0,28.0,31.0,34.0,28.0,22.0,20.0,29.0,19.0,30.0,17.0,25.0,22.0,28.0,27.0,27.0,26.0,30.0,24.0
29.0,29.0,33.0,23.0,31.0,40.0,33.0,34.0,36.0,24.0,34.0,32.0,45.0,29.0,31.0,37.0,28.0,36.0,32.0,36.0,40.0,28.0,24.0,24.0,36.0,35.0,34.0,33.0,38.0,30.0,32.0,25.0,26.0,42.0,29.0,36.0,32.0,39.0,34.0,38.0,31.0,35.0,30.0,31.0,29.0,41.0,41.0,26.0,33.0,29.0
31.0,32.0,29.0,43.0,40.0,34.0,31.0,32.0,30.0,26.0,25.0,27.0,38.0,27.0,37.0,31.0,28.0,23.0,25.0,30.0,40.0,33.0,39.0,32.0,28.0,32.0,32.0,26.0,36.0,31.0,33.0,40.0,31.0,28.0,33.0,33.0,33.0,35.0,29.0,30.0,26.0,39.0,25.0,26.0,38.0,28.0,25.0,26.0,26.0,19.0
32.0,25.0,41.0,32.0,30.0,34.0,28.0,33.0,39.0,28.0,37.0,34.0,34.0,33.0,31.0,28.0,30.0,36.0,32.0,30.0,31.0,36.0,38.0,35.0,28.0,44.0,48.0,36.0,28.0,31.0,41.0,35.0,19.0,40.0,41.0,31.0,37.0,39.0,27.0,24.0,29.0,47.0,35.0,39.0,35.0,41.0,33.0,47.0,40.0,36.0
25.0,37.0,39.0,25.0,41.0,28.0,32.0,32.0,34.0,40.0,32.0,42.0,27.0,29.0,31.0,39.0,45.0,27.0,39.0,43.0,35.0,27.0,32.0,39.0,33.0,26.0,32.0,37.0,26.0,28.0,50.0,34.0,44.0,43.0,27.0,33.0,38.0,32.0,45.0,26.0,34.0,32.0,37.0,27.0,35.0,39.0,30.0,50.0,36.0,38.0
23.0,34.0,25.0,24.0,28.0,22.0,37.0,28.0,35.0,19.0,31.0,30.0,42.0,24.0,22.0,37.0,30.0,29.0,35.0,24.0,19.0,22.0,20.0,36.0,19.0,24.0,34.0,25.0,28.0,32.0,28.0,21.0,30.0,22.0,31.0,23.0,27.0,20.0,22.0,22.0,33.0,24.0,30.0,28.0,34.0,30.0,27.0,25.0,30.0,23.0
29.0,40.0,27.0,30.0,30.0,38.0,37.0,40.0,35.0,33.0,38.0,35.0,40.0,31.0,32.0,30.0,39.0,38.0,29.0,40.0,44.0,31.0,38.0,39.0,29.0,26.0,35.0,39.0,31.0,51.0,32.0,37.0,33.0,21.0,30.0,44.0,27.0,34.0,38.0,28.0,26.0,42.0,37.0,28.0,38.0,32.0,37.0,41.0,27.0,29.0
41.0,35.0,27.0,25.0,20.0,33.0,45.0,33.0,37.0,34.0,36.0,38.0,35.0,31.0,41.0,49.0,38.0,36.0,38.0,33.0,29.0,35.0,42.0,35.0,26.0,35.0,38.0,36.0,45.0,36.0,35.0,43.0,29.0,39.0,27.0,41.0,32.0,43.0,34.0,48.0,32.0,27.0,29.0,41.0,42.0,37.0,30.0,26.0,30.0,42.0
