10,50,1000
16.713229,16.496555,18.364447,16.337003,15.090472,16.724912,15.52994,16.684124,15.743216,19.407448
5.723542,6.807436,6.442266,9.687188,5.805087,6.267835,7.124687,8.456429,5.918388,8.63544
0.0,10.0,20.0,30.0,40.0,50.0,60.0,70.0,80.0,90.0
10.0,0.0,10.0,20.0,30.0,40.0,50.0,60.0,70.0,80.0
20.0,10.0,0.0,10.0,20.0,30.0,40.0,50.0,60.0,70.0
30.0,20.0,10.0,0.0,10.0,20.0,30.0,40.0,50.0,60.0
40.0,30.0,20.0,10.0,0.0,10.0,20.0,30.0,40.0,50.0
50.0,40.0,30.0,20.0,10.0,0.0,10.0,20.0,30.0,40.0
60.0,50.0,40.0,30.0,20.0,10.0,0.0,10.0,20.0,30.0
70.0,60.0,50.0,40.0,30.0,20.0,10.0,0.0,10.0,20.0
80.0,70.0,60.0,50.0,40.0,30.0,20.0,10.0,0.0,10.0
90.0,80.0,70.0,60.0,50.0,40.0,30.0,20.0,10.0,0.0
450.0,400.0,350.0,300.0,250.0,250.0,300.0,350.0,400.0,450.0
0.0,1.0,2.0,3.0,4.0,5.0,6.0,7.0,8.0,9.0
1.0,0.0,1.0,2.0,3.0,4.0,5.0,6.0,7.0,8.0
2.0,1.0,0.0,1.0,2.0,3.0,4.0,5.0,6.0,7.0
3.0,2.0,1.0,0.0,1.0,2.0,3.0,4.0,5.0,6.0
4.0,3.0,2.0,1.0,0.0,1.0,2.0,3.0,4.0,5.0
5.0,4.0,3.0,2.0,1.0,0.0,1.0,2.0,3.0,4.0
6.0,5.0,4.0,3.0,2.0,1.0,0.0,1.0,2.0,3.0
7.0,6.0,5.0,4.0,3.0,2.0,1.0,0.0,1.0,2.0
8.0,7.0,6.0,5.0,4.0,3.0,2.0,1.0,0.0,1.0
9.0,8.0,7.0,6.0,5.0,4.0,3.0,2.0,1.0,0.0
45.0,40.0,35.0,30.0,25.0,25.0,30.0,35.0,40.0,45.0
24.0,20.0,15.0,23.0,20.0,29.0,22.0,18.0,23.0,25.0,21.0,22.0,27.0,29.0,25.0,20.0,26.0,21.0,28.0,24.0,28.0,22.0,25.0,23.0,20.0,17.0,24.0,30.0,31.0,23.0,25.0,25.0,26.0,24.0,24.0,22.0,18.0,22.0,19.0,27.0,24.0,21.0,15.0,20.0,32.0,34.0,25.0,21.0,24.0,26.0
29.0,19.0,25.0,28.0,21.0,29.0,30.0,21.0,31.0,33.0,26.0,26.0,29.0,25.0,28.0,25.0,30.0,21.0,26.0,23.0,24.0,24.0,25.0,30.0,29.0,19.0,27.0,25.0,22.0,25.0,29.0,19.0,24.0,28.0,21.0,34.0,29.0,20.0,18.0,28.0,25.0,33.0,31.0,24.0,28.0,37.0,18.0,13.0,27.0,24.0
29.0,33.0,31.0,19.0,20.0,35.0,34.0,26.0,30.0,18.0,24.0,33.0,28.0,26.0,27.0,23.0,26.0,23.0,25.0,24.0,27.0,32.0,27.0,27.0,29.0,28.0,24.0,18.0,30.0,26.0,21.0,28.0,24.0,32.0,19.0,22.0,21.0,32.0,22.0,23.0,23.0,21.0,24.0,21.0,24.0,20.0,26.0,14.0,13.0,27.0
41.0,36.0,41.0,44.0,23.0,31.0,39.0,27.0,42.0,37.0,25.0,38.0,38.0,23.0,39.0,35.0,39.0,33.0,33.0,35.0,31.0,29.0,41.0,24.0,35.0,42.0,38.0,28.0,32.0,31.0,46.0,33.0,45.0,31.0,38.0,38.0,34.0,37.0,31.0,40.0,31.0,33.0,41.0,35.0,32.0,32.0,37.0,42.0,32.0,35.0
16.0,25.0,24.0,20.0,23.0,18.0,30.0,20.0,25.0,18.0,15.0,28.0,24.0,25.0,32.0,30.0,21.0,24.0,17.0,15.0,25.0,23.0,17.0,22.0,22.0,22.0,30.0,22.0,18.0,15.0,30.0,20.0,21.0,17.0,25.0,21.0,19.0,21.0,21.0,19.0,22.0,19.0,19.0,24.0,21.0,20.0,15.0,19.0,33.0,24.0
21.0,21.0,23.0,19.0,28.0,29.0,24.0,26.0,31.0,22.0,32.0,27.0,13.0,21.0,22.0,26.0,22.0,18.0,23.0,19.0,31.0,21.0,26.0,22.0,23.0,27.0,30.0,30.0,17.0,11.0,24.0,17.0,18.0,25.0,27.0,21.0,24.0,25.0,29.0,25.0,29.0,24.0,28.0,29.0,22.0,26.0,27.0,32.0,26.0,28.0
31.0,27.0,24.0,33.0,43.0,29.0,28.0,19.0,27.0,22.0,24.0,23.0,22.0,22.0,25.0,26.0,33.0,25.0,28.0,20.0,22.0,28.0,20.0,23.0,30.0,26.0,31.0,26.0,23.0,29.0,23.0,19.0,26.0,38.0,29.0,30.0,23.0,24.0,29.0,17.0,27.0,30.0,32.0,20.0,28.0,20.0,19.0,25.0,40.0,24.0
32.0,35.0,33.0,28.0,38.0,36.0,39.0,22.0,23.0,41.0,25.0,33.0,36.0,32.0,42.0,26.0,24.0,35.0,27.0,36.0,30.0,34.0,33.0,40.0,23.0,44.0,37.0,30.0,28.0,34.0,36.0,35.0,31.0,29.0,35.0,27.0,34.0,34.0,37.0,38.0,41.0,29.0,44.0,40.0,20.0,34.0,29.0,35.0,20.0,39.0
21.0,35.0,27.0,24.0,32.0,17.0,30.0,23.0,13.0,20.0,26.0,17.0,25.0,22.0,22.0,15.0,21.0,28.0,21.0,16.0,17.0,21.0,28.0,15.0,22.0,25.0,21.0,31.0,24.0,22.0,25.0,21.0,26.0,31.0,20.0,14.0,31.0,24.0,21.0,23.0,21.0,16.0,25.0,20.0,29.0,25.0,20.0,20.0,24.0,25.0
39.0,25.0,41.0,37.0,36.0,54.0,35.0,29.0,29.0,24.0,37.0,30.0,20.0,34.0,35.0,32.0,27.0,30.0,30.0,31.0,28.0,48.0,34.0,30.0,34.0,28.0,24.0,31.0,25.0,33.0,29.0,29.0,32.0,39.0,20.0,29.0,29.0,39.0,41.0,35.0,44.0,33.0,48.0,29.0,44.0,20.0,24.0,30.0,25.0,33.0
