10,50,1000
19.778666,17.076299,18.861518,17.638844,18.362513,17.420356,18.736157,19.506403,15.883981,18.500326
8.620895,6.508594,6.82138,5.858125,7.242642,5.279226,8.615359,7.153258,9.842207,8.75211
0.0,10.0,20.0,30.0,40.0,50.0,60.0,70.0,80.0,90.0
10.0,0.0,10.0,20.0,30.0,40.0,50.0,60.0,70.0,80.0
20.0,10.0,0.0,10.0,20.0,30.0,40.0,50.0,60.0,70.0
30.0,20.0,10.0,0.0,10.0,20.0,30.0,40.0,50.0,60.0
40.0,30.0,20.0,10.0,0.0,10.0,20.0,30.0,40.0,50.0
50.0,40.0,30.0,20.0,10.0,0.0,10.0,20.0,30.0,40.0
60.0,50.0,40.0,30.0,20.0,10.0,0.0,10.0,20.0,30.0
70.0,60.0,50.0,40.0,30.0,20.0,10.0,0.0,10.0,20.0
80.0,70.0,60.0,50.0,40.0,30.0,20.0,10.0,0.0,10.0
90.0,80.0,70.0,60.0,50.0,40.0,30.0,20.0,10.0,0.0
450.0,400.0,350.0,300.0,250.0,250.0,300.0,350.0,400.0,450.0
0.0,1.0,2.0,3.0,4.0,5.0,6.0,7.0,8.0,9.0
1.0,0.0,1.0,2.0,3.0,4.0,5.0,6.0,7.0,8.0
2.0,1.0,0.0,1.0,2.0,3.0,4.0,5.0,6.0,7.0
3.0,2.0,1.0,0.0,1.0,2.0,3.0,4.0,5.0,6.0
4.0,3.0,2.0,1.0,0.0,1.0,2.0,3.0,4.0,5.0
5.0,4.0,3.0,2.0,1.0,0.0,1.0,2.0,3.0,4.0
6.0,5.0,4.0,3.0,2.0,1.0,0.0,1.0,2.0,3.0
7.0,6.0,5.0,4.0,3.0,2.0,1.0,0.0,1.0,2.0
8.0,7.0,6.0,5.0,4.0,3.0,2.0,1.0,0.0,1.0
9.0,8.0,7.0,6.0,5.0,4.0,3.0,2.0,1.0,0.0
45.0,40.0,35.0,30.0,25.0,25.0,30.0,35.0,40.0,45.0
26.0,39.0,36.0,36.0,43.0,29.0,36.0,31.0,40.0,19.0,37.0,32.0,35.0,31.0,38.0,31.0,23.0,34.0,32.0,42.0,22.0,35.0,33.0,38.0,27.0,31.0,31.0,34.0,23.0,37.0,39.0,36.0,34.0,36.0,30.0,30.0,38.0,32.0,33.0,28.0,29.0,32.0,39.0,34.0,23.0,27.0,31.0,20.0,42.0,28.0
32.0,26.0,27.0,33.0,23.0,20.0,21.0,26.0,24.0,20.0,24.0,27.0,31.0,22.0,30.0,30.0,25.0,24.0,30.0,28.0,31.0,26.0,24.0,18.0,26.0,33.0,20.0,27.0,26.0,24.0,22.0,20.0,26.0,27.0,21.0,22.0,31.0,27.0,33.0,29.0,24.0,25.0,20.0,23.0,21.0,23.0,23.0,21.0,17.0,24.0
30.0,21.0,17.0,29.0,24.0,20.0,21.0,31.0,24.0,28.0,20.0,21.0,23.0,19.0,30.0,20.0,30.0,26.0,26.0,26.0,36.0,27.0,34.0,24.0,14.0,28.0,20.0,36.0,30.0,21.0,27.0,21.0,24.0,30.0,28.0,24.0,25.0,26.0,17.0,23.0,30.0,29.0,29.0,22.0,21.0,33.0,21.0,23.0,25.0,21.0
27.0,21.0,27.0,23.0,26.0,23.0,26.0,26.0,25.0,27.0,24.0,28.0,23.0,22.0,20.0,26.0,19.0,19.0,27.0,23.0,21.0,28.0,16.0,20.0,23.0,20.0,22.0,19.0,16.0,20.0,22.0,27.0,24.0,31.0,20.0,21.0,23.0,29.0,18.0,31.0,26.0,26.0,25.0,29.0,34.0,27.0,22.0,28.0,27.0,29.0
20.0,21.0,25.0,29.0,27.0,21.0,33.0,21.0,32.0,27.0,27.0,29.0,24.0,19.0,33.0,27.0,24.0,19.0,17.0,30.0,23.0,26.0,24.0,30.0,31.0,21.0,21.0,24.0,34.0,31.0,34.0,38.0,28.0,35.0,36.0,28.0,29.0,14.0,21.0,35.0,35.0,31.0,38.0,24.0,33.0,22.0,27.0,30.0,28.0,27.0
25.0,21.0,25.0,19.0,27.0,31.0,24.0,23.0,13.0,25.0,13.0,14.0,27.0,18.0,22.0,18.0,28.0,22.0,21.0,23.0,17.0,18.0,15.0,20.0,23.0,13.0,30.0,28.0,27.0,27.0,22.0,27.0,5.0,16.0,18.0,22.0,10.0,15.0,25.0,24.0,24.0,23.0,25.0,23.0,22.0,22.0,24.0,20.0,24.0,21.0
50.0,24.0,35.0,29.0,31.0,31.0,34.0,39.0,29.0,40.0,30.0,45.0,33.0,37.0,33.0,41.0,38.0,37.0,39.0,38.0,28.0,45.0,35.0,24.0,32.0,32.0,32.0,29.0,24.0,38.0,40.0,37.0,39.0,25.0,35.0,22.0,37.0,35.0,24.0,34.0,29.0,31.0,32.0,31.0,40.0,27.0,46.0,35.0,27.0,35.0
32.0,22.0,26.0,27.0,20.0,25.0,28.0,21.0,26.0,26.0,35.0,21.0,29.0,26.0,28.0,34.0,30.0,32.0,24.0,25.0,29.0,33.0,37.0,29.0,28.0,27.0,35.0,32.0,34.0,31.0,24.0,30.0,22.0,21.0,23.0,27.0,24.0,48.0,31.0,22.0,26.0,27.0,23.0,33.0,26.0,26.0,29.0,21.0,24.0,29.0
47.0,37.0,40.0,32.0,48.0,30.0,39.0,37.0,29.0,31.0,42.0,37.0,39.0,39.0,38.0,32.0,37.0,30.0,40.0,30.0,39.0,29.0,43.0,42.0,33.0,32.0,45.0,28.0,37.0,36.0,47.0,44.0,33.0,36.0,28.0,40.0,33.0,30.0,40.0,46.0,40.0,32.0,45.0,39.0,37.0,35.0,32.0,38.0,42.0,27.0
45.0,34.0,27.0,24.0,42.0,37.0,27.0,30.0,35.0,26.0,28.0,34.0,36.0,38.0,30.0,32.0,33.0,32.0,36.0,32.0,29.0,32.0,32.0,29.0,25.0,50.0,37.0,32.0,33.0,33.0,42.0,26.0,33.0,35.0,36.0,46.0,30.0,23.0,29.0,25.0,29.0,39.0,34.0,31.0,36.0,37.0,39.0,26.0,24.0,28.0
