10,50,1000
17.973936,18.658443,19.909411,16.561715,17.63486,15.348969,19.191864,16.672264,15.542653,17.184762
7.022613,6.668214,8.006247,8.752595,6.766213,7.784452,9.748112,8.706261,7.896571,8.80558
0.0,10.0,20.0,30.0,40.0,50.0,60.0,70.0,80.0,90.0
10.0,0.0,10.0,20.0,30.0,40.0,50.0,60.0,70.0,80.0
20.0,10.0,0.0,10.0,20.0,30.0,40.0,50.0,60.0,70.0
30.0,20.0,10.0,0.0,10.0,20.0,30.0,40.0,50.0,60.0
40.0,30.0,20.0,10.0,0.0,10.0,20.0,30.0,40.0,50.0
50.0,40.0,30.0,20.0,10.0,0.0,10.0,20.0,30.0,40.0
60.0,50.0,40.0,30.0,20.0,10.0,0.0,10.0,20.0,30.0
70.0,60.0,50.0,40.0,30.0,20.0,10.0,0.0,10.0,20.0
80.0,70.0,60.0,50.0,40.0,30.0,20.0,10.0,0.0,10.0
90.0,80.0,70.0,60.0,50.0,40.0,30.0,20.0,10.0,0.0
450.0,400.0,350.0,300.0,250.0,250.0,300.0,350.0,400.0,450.0
0.0,1.0,2.0,3.0,4.0,5.0,6.0,7.0,8.0,9.0
1.0,0.0,1.0,2.0,3.0,4.0,5.0,6.0,7.0,8.0
2.0,1.0,0.0,1.0,2.0,3.0,4.0,5.0,6.0,7.0
3.0,2.0,1.0,0.0,1.0,2.0,3.0,4.0,5.0,6.0
4.0,3.0,2.0,1.0,0.0,1.0,2.0,3.0,4.0,5.0
5.0,4.0,3.0,2.0,1.0,0.0,1.0,2.0,3.0,4.0
6.0,5.0,4.0,3.0,2.0,1.0,0.0,1.0,2.0,3.0
7.0,6.0,5.0,4.0,3.0,2.0,1.0,0.0,1.0,2.0
8.0,7.0,6.0,5.0,4.0,3.0,2.0,1.0,0.0,1.0
9.0,8.0,7.0,6.0,5.0,4.0,3.0,2.0,1.0,0.0
45.0,40.0,35.0,30.0,25.0,25.0,30.0,35.0,40.0,45.0
21.0,30.0,25.0,26.0,39.0,25.0,30.0,32.0,28.0,22.0,29.0,21.0,17.0,22.0,19.0,22.0,32.0,23.0,31.0,27.0,26.0,28.0,30.0,27.0,24.0,28.0,27.0,29.0,20.0,30.0,25.0,25.0,26.0,30.0,15.0,25.0,27.0,37.0,27.0,21.0,25.0,17.0,23.0,29.0,26.0,43.0,26.0,29.0,25.0,25.0
26.0,23.0,25.0,21.0,28.0,28.0,33.0,33.0,29.0,26.0,22.0,23.0,23.0,32.0,30.0,26.0,29.0,22.0,28.0,27.0,22.0,30.0,18.0,29.0,34.0,30.0,31.0,26.0,28.0,33.0,28.0,32.0,35.0,20.0,22.0,27.0,24.0,18.0,32.0,14.0,32.0,18.0,29.0,34.0,37.0,24.0,28.0,23.0,28.0,21.0
37.0,27.0,32.0,31.0,33.0,28.0,29.0,36.0,35.0,30.0,28.0,29.0,28.0,12.0,41.0,30.0,40.0,30.0,29.0,39.0,29.0,31.0,34.0,31.0,21.0,32.0,39.0,35.0,23.0,34.0,24.0,23.0,28.0,23.0,30.0,16.0,20.0,31.0,39.0,38.0,33.0,35.0,35.0,43.0,28.0,35.0,26.0,31.0,30.0,28.0
24.0,34.0,33.0,27.0,30.0,37.0,26.0,25.0,34.0,27.0,39.0,31.0,39.0,34.0,35.0,37.0,30.0,30.0,23.0,36.0,35.0,32.0,45.0,25.0,35.0,36.0,35.0,21.0,46.0,39.0,32.0,26.0,39.0,41.0,23.0,37.0,33.0,39.0,25.0,25.0,39.0,34.0,35.0,28.0,38.0,31.0,38.0,29.0,41.0,30.0
24.0,20.0,19.0,34.0,21.0,20.0,29.0,26.0,32.0,24.0,29.0,26.0,22.0,23.0,29.0,31.0,26.0,27.0,23.0,27.0,25.0,28.0,27.0,19.0,34.0,38.0,29.0,27.0,24.0,26.0,21.0,24.0,27.0,29.0,29.0,17.0,29.0,27.0,26.0,30.0,18.0,24.0,27.0,35.0,32.0,22.0,26.0,25.0,28.0,24.0
27.0,23.0,29.0,30.0,28.0,25.0,34.0,21.0,29.0,25.0,28.0,22.0,36.0,26.0,20.0,32.0,20.0,42.0,43.0,30.0,43.0,37.0,32.0,36.0,32.0,25.0,35.0,37.0,23.0,23.0,21.0,29.0,35.0,32.0,25.0,33.0,33.0,29.0,17.0,41.0,31.0,31.0,29.0,30.0,33.0,31.0,27.0,26.0,25.0,30.0
36.0,43.0,40.0,42.0,45.0,43.0,37.0,31.0,45.0,30.0,31.0,33.0,34.0,27.0,42.0,28.0,41.0,41.0,29.0,40.0,42.0,28.0,33.0,43.0,35.0,34.0,29.0,37.0,27.0,37.0,32.0,35.0,27.0,35.0,31.0,26.0,37.0,28.0,34.0,35.0,25.0,41.0,48.0,34.0,40.0,39.0,29.0,43.0,29.0,38.0
28.0,27.0,37.0,30.0,25.0,25.0,27.0,36.0,25.0,34.0,35.0,32.0,47.0,30.0,21.0,35.0,44.0,33.0,32.0,36.0,37.0,39.0,27.0,30.0,43.0,36.0,27.0,34.0,32.0,27.0,18.0,30.0,25.0,30.0,56.0,31.0,29.0,25.0,31.0,26.0,34.0,27.0,26.0,32.0,35.0,34.0,29.0,27.0,28.0,41.0
33.0,36.0,35.0,27.0,23.0,32.0,27.0,26.0,23.0,29.0,20.0,29.0,27.0,24.0,21.0,32.0,35.0,41.0,35.0,35.0,31.0,30.0,28.0,27.0,25.0,32.0,24.0,33.0,27.0,29.0,29.0,31.0,31.0,31.0,30.0,26.0,28.0,33.0,31.0,18.0,24.0,22.0,36.0,18.0,36.0,26.0,31.0,23.0,25.0,28.0
39.0,30.0,27.0,23.0,23.0,35.0,30.0,26.0,35.0,39.0,30.0,24.0,30.0,33.0,45.0,33.0,30.0,40.0,33.0,38.0,26.0,50.0,36.0,27.0,33.0,27.0,35.0,42.0,35.0,31.0,33.0,35.0,42.0,34.0,37.0,29.0,34.0,33.0,27.0,36.0,37.0,27.0,35.0,37.0,34.0,37.0,35.0,31.0,36.0,33.0
