10,50,1000
19.63633,17.427059,15.778497,16.556246,15.360737,19.441022,19.314416,16.578621,16.613235,15.341617
8.976631,5.97531,8.704572,8.389165,5.561377,7.706276,9.670564,7.025634,5.933142,5.650214
0.0,10.0,20.0,30.0,40.0,50.0,60.0,70.0,80.0,90.0
10.0,0.0,10.0,20.0,30.0,40.0,50.0,60.0,70.0,80.0
20.0,10.0,0.0,10.0,20.0,30.0,40.0,50.0,60.0,70.0
30.0,20.0,10.0,0.0,10.0,20.0,30.0,40.0,50.0,60.0
40.0,30.0,20.0,10.0,0.0,10.0,20.0,30.0,40.0,50.0
50.0,40.0,30.0,20.0,10.0,0.0,10.0,20.0,30.0,40.0
60.0,50.0,40.0,30.0,20.0,10.0,0.0,10.0,20.0,30.0
70.0,60.0,50.0,40.0,30.0,20.0,10.0,0.0,10.0,20.0
80.0,70.0,60.0,50.0,40.0,30.0,20.0,10.0,0.0,10.0
90.0,80.0,70.0,60.0,50.0,40.0,30.0,20.0,10.0,0.0
450.0,400.0,350.0,300.0,250.0,250.0,300.0,350.0,400.0,450.0
0.0,1.0,2.0,3.0,4.0,5.0,6.0,7.0,8.0,9.0
1.0,0.0,1.0,2.0,3.0,4.0,5.0,6.0,7.0,8.0
2.0,1.0,0.0,1.0,2.0,3.0,4.0,5.0,6.0,7.0
3.0,2.0,1.0,0.0,1.0,2.0,3.0,4.0,5.0,6.0
4.0,3.0,2.0,1.0,0.0,1.0,2.0,3.0,4.0,5.0
5.0,4.0,3.0,2.0,1.0,0.0,1.0,2.0,3.0,4.0
6.0,5.0,4.0,3.0,2.0,1.0,0.0,1.0,2.0,3.0
7.0,6.0,5.0,4.0,3.0,2.0,1.0,0.0,1.0,2.0
8.0,7.0,6.0,5.0,4.0,3.0,2.0,1.0,0.0,1.0
9.0,8.0,7.0,6.0,5.0,4.0,3.0,2.0,1.0,0.0
45.0,40.0,35.0,30.0,25.0,25.0,30.0,35.0,40.0,45.0
36.0,31.0,32.0,41.0,31.0,31.0,29.0,27.0,40.0,38.0,29.0,37.0,34.0,36.0,35.0,42.0,33.0,30.0,39.0,29.0,43.0,42.0,38.0,40.0,29.0,34.0,34.0,34.0,41.0,35.0,34.0,36.0,31.0,27.0,38.0,41.0,32.0,32.0,28.0,37.0,48.0,31.0,29.0,35.0,31.0,32.0,32.0,42.0,41.0,32.0
28.0,32.0,20.0,25.0,24.0,17.0,26.0,27.0,27.0,17.0,30.0,21.0,28.0,20.0,28.0,25.0,15.0,22.0,29.0,21.0,18.0,25.0,26.0,24.0,26.0,20.0,27.0,19.0,24.0,21.0,29.0,22.0,23.0,23.0,23.0,22.0,27.0,25.0,20.0,24.0,34.0,24.0,26.0,21.0,21.0,21.0,26.0,32.0,21.0,36.0
31.0,29.0,34.0,34.0,32.0,31.0,27.0,37.0,28.0,21.0,31.0,24.0,31.0,31.0,41.0,38.0,38.0,26.0,29.0,33.0,23.0,25.0,33.0,34.0,31.0,27.0,33.0,27.0,34.0,34.0,42.0,43.0,24.0,29.0,22.0,28.0,32.0,34.0,30.0,29.0,35.0,30.0,20.0,37.0,38.0,38.0,28.0,26.0,31.0,25.0
21.0,29.0,23.0,37.0,32.0,18.0,25.0,35.0,38.0,33.0,30.0,30.0,31.0,34.0,30.0,27.0,31.0,32.0,45.0,32.0,21.0,29.0,34.0,32.0,25.0,29.0,20.0,16.0,31.0,27.0,36.0,23.0,40.0,31.0,38.0,22.0,30.0,27.0,45.0,30.0,31.0,22.0,26.0,33.0,39.0,35.0,34.0,31.0,30.0,34.0
21.0,16.0,15.0,22.0,21.0,21.0,24.0,20.0,20.0,21.0,21.0,17.0,26.0,23.0,21.0,24.0,22.0,17.0,23.0,24.0,26.0,27.0,21.0,21.0,21.0,19.0,27.0,20.0,15.0,15.0,24.0,27.0,20.0,17.0,16.0,29.0,27.0,20.0,22.0,16.0,19.0,19.0,22.0,39.0,21.0,25.0,26.0,24.0,23.0,30.0
33.0,38.0,31.0,21.0,31.0,30.0,24.0,28.0,33.0,27.0,34.0,30.0,34.0,34.0,36.0,33.0,38.0,42.0,30.0,32.0,26.0,35.0,38.0,21.0,30.0,26.0,25.0,35.0,47.0,40.0,26.0,30.0,35.0,22.0,26.0,37.0,31.0,30.0,28.0,21.0,32.0,30.0,27.0,31.0,25.0,33.0,25.0,31.0,34.0,32.0
42.0,30.0,40.0,33.0,34.0,29.0,31.0,39.0,37.0,42.0,38.0,32.0,34.0,40.0,25.0,39.0,26.0,34.0,44.0,35.0,24.0,38.0,38.0,44.0,48.0,31.0,27.0,40.0,30.0,31.0,33.0,30.0,38.0,35.0,44.0,37.0,31.0,41.0,52.0,37.0,30.0,34.0,29.0,29.0,40.0,38.0,30.0,29.0,31.0,35.0
22.0,27.0,28.0,29.0,29.0,23.0,29.0,20.0,27.0,21.0,30.0,27.0,26.0,21.0,24.0,28.0,23.0,28.0,27.0,26.0,24.0,21.0,22.0,34.0,27.0,34.0,28.0,34.0,24.0,26.0,25.0,28.0,32.0,29.0,34.0,25.0,29.0,29.0,31.0,30.0,21.0,35.0,40.0,16.0,30.0,31.0,21.0,30.0,31.0,33.0
25.0,27.0,38.0,31.0,17.0,28.0,20.0,15.0,17.0,19.0,37.0,19.0,18.0,25.0,18.0,27.0,21.0,14.0,16.0,21.0,30.0,30.0,32.0,29.0,25.0,27.0,19.0,22.0,23.0,27.0,26.0,28.0,25.0,28.0,20.0,32.0,23.0,29.0,25.0,25.0,19.0,15.0,23.0,25.0,17.0,21.0,25.0,36.0,25.0,20.0
28.0,31.0,23.0,11.0,21.0,23.0,26.0,10.0,18.0,18.0,28.0,28.0,25.0,23.0,18.0,23.0,28.0,18.0,24.0,22.0,23.0,30.0,26.0,16.0,17.0,23.0,20.0,23.0,22.0,20.0,13.0,17.0,31.0,24.0,27.0,18.0,31.0,25.0,16.0,22.0,18.0,24.0,29.0,34.0,21.0,19.0,29.0,17.0,26.0,26.0
