10,50,1000
18.552662,19.982682,18.34421,17.449618,16.562874,17.428671,15.804365,15.346877,19.152518,18.09703
7.049186,8.136515,8.544645,9.821306,5.378794,9.290296,7.470177,7.825446,6.184163,8.792766
0.0,10.0,20.0,30.0,40.0,50.0,60.0,70.0,80.0,90.0
10.0,0.0,10.0,20.0,30.0,40.0,50.0,60.0,70.0,80.0
20.0,10.0,0.0,10.0,20.0,30.0,40.0,50.0,60.0,70.0
30.0,20.0,10.0,0.0,10.0,20.0,30.0,40.0,50.0,60.0
40.0,30.0,20.0,10.0,0.0,10.0,20.0,30.0,40.0,50.0
50.0,40.0,30.0,20.0,10.0,0.0,10.0,20.0,30.0,40.0
60.0,50.0,40.0,30.0,20.0,10.0,0.0,10.0,20.0,30.0
70.0,60.0,50.0,40.0,30.0,20.0,10.0,0.0,10.0,20.0
80.0,70.0,60.0,50.0,40.0,30.0,20.0,10.0,0.0,10.0
90.0,80.0,70.0,60.0,50.0,40.0,30.0,20.0,10.0,0.0
450.0,400.0,350.0,300.0,250.0,250.0,300.0,350.0,400.0,450.0
0.0,1.0,2.0,3.0,4.0,5.0,6.0,7.0,8.0,9.0
1.0,0.0,1.0,2.0,3.0,4.0,5.0,6.0,7.0,8.0
2.0,1.0,0.0,1.0,2.0,3.0,4.0,5.0,6.0,7.0
3.0,2.0,1.0,0.0,1.0,2.0,3.0,4.0,5.0,6.0
4.0,3.0,2.0,1.0,0.0,1.0,2.0,3.0,4.0,5.0
5.0,4.0,3.0,2.0,1.0,0.0,1.0,2.0,3.0,4.0
6.0,5.0,4.0,3.0,2.0,1.0,0.0,1.0,2.0,3.0
7.0,6.0,5.0,4.0,3.0,2.0,1.0,0.0,1.0,2.0
8.0,7.0,6.0,5.0,4.0,3.0,2.0,1.0,0.0,1.0
9.0,8.0,7.0,6.0,5.0,4.0,3.0,2.0,1.0,0.0
45.0,40.0,35.0,30.0,25.0,25.0,30.0,35.0,40.0,45.0
29.0,40.0,28.0,23.0,23.0,32.0,23.0,30.0,28.0,28.0,30.0,29.0,27.0,19.0,25.0,36.0,34.0,32.0,28.0,26.0,36.0,36.0,27.0,24.0,30.0,28.0,40.0,35.0,34.0,27.0,25.0,22.0,40.0,26.0,27.0,24.0,33.0,21.0,37.0,33.0,26.0,22.0,22.0,32.0,28.0,23.0,25.0,28.0,29.0,28.0
33.0,29.0,28.0,16.0,33.0,24.0,29.0,31.0,24.0,19.0,37.0,30.0,34.0,42.0,31.0,33.0,40.0,26.0,32.0,28.0,34.0,31.0,28.0,35.0,33.0,27.0,32.0,32.0,32.0,34.0,24.0,43.0,36.0,34.0,28.0,45.0,32.0,27.0,31.0,35.0,32.0,23.0,34.0,24.0,31.0,47.0,31.0,38.0,33.0,26.0
27.0,46.0,32.0,25.0,30.0,31.0,36.0,24.0,32.0,35.0,25.0,29.0,35.0,39.0,27.0,24.0,27.0,29.0,29.0,34.0,23.0,33.0,33.0,20.0,29.0,33.0,38.0,27.0,28.0,30.0,36.0,34.0,27.0,38.0,37.0,39.0,33.0,28.0,25.0,34.0,40.0,39.0,37.0,25.0,17.0,26.0,41.0,27.0,30.0,34.0
39.0,28.0,33.0,43.0,38.0,40.0,36.0,34.0,40.0,49.0,41.0,25.0,39.0,44.0,37.0,41.0,43.0,36.0,40.0,43.0,33.0,27.0,36.0,46.0,49.0,32.0,39.0,22.0,29.0,29.0,45.0,36.0,27.0,30.0,36.0,37.0,36.0,40.0,36.0,40.0,28.0,36.0,39.0,42.0,36.0,34.0,33.0,36.0,36.0,32.0
21.0,29.0,23.0,18.0,21.0,20.0,29.0,35.0,29.0,21.0,26.0,14.0,24.0,22.0,18.0,22.0,23.0,26.0,18.0,21.0,21.0,31.0,22.0,23.0,16.0,28.0,19.0,28.0,25.0,23.0,20.0,21.0,18.0,15.0,17.0,16.0,16.0,20.0,23.0,24.0,25.0,20.0,26.0,23.0,26.0,21.0,19.0,26.0,26.0,28.0
34.0,37.0,32.0,40.0,40.0,43.0,32.0,33.0,45.0,35.0,39.0,39.0,28.0,44.0,37.0,40.0,33.0,39.0,25.0,28.0,30.0,34.0,39.0,38.0,28.0,42.0,34.0,34.0,23.0,43.0,38.0,26.0,38.0,28.0,31.0,35.0,41.0,33.0,31.0,34.0,33.0,32.0,22.0,37.0,38.0,35.0,40.0,32.0,38.0,34.0
29.0,29.0,38.0,24.0,23.0,27.0,22.0,24.0,40.0,29.0,22.0,37.0,29.0,24.0,27.0,25.0,31.0,31.0,28.0,35.0,25.0,31.0,26.0,28.0,31.0,30.0,24.0,23.0,28.0,25.0,22.0,21.0,36.0,40.0,24.0,35.0,33.0,31.0,24.0,21.0,33.0,19.0,25.0,25.0,34.0,25.0,26.0,23.0,34.0,30.0
27.0,23.0,29.0,35.0,25.0,32.0,23.0,30.0,22.0,35.0,30.0,34.0,32.0,30.0,29.0,35.0,37.0,30.0,33.0,35.0,23.0,26.0,30.0,27.0,30.0,28.0,34.0,27.0,25.0,25.0,28.0,41.0,38.0,22.0,28.0,31.0,26.0,20.0,27.0,34.0,32.0,33.0,27.0,32.0,33.0,40.0,37.0,31.0,32.0,29.0
26.0,32.0,19.0,24.0,19.0,20.0,37.0,21.0,32.0,39.0,26.0,30.0,23.0,12.0,30.0,19.0,21.0,22.0,25.0,22.0,26.0,28.0,23.0,27.0,34.0,30.0,19.0,27.0,27.0,23.0,22.0,25.0,23.0,18.0,25.0,25.0,27.0,22.0,22.0,26.0,25.0,32.0,17.0,25.0,25.0,19.0,27.0,24.0,33.0,22.0
35.0,35.0,31.0,44.0,42.0,28.0,35.0,23.0,36.0,37.0,23.0,28.0,39.0,31.0,36.0,40.0,27.0,19.0,30.0,44.0,34.0,43.0,32.0,35.0,29.0,32.0,32.0,36.0,28.0,29.0,33.0,29.0,29.0,30.0,37.0,43.0,35.0,28.0,35.0,27.0,24.0,43.0,27.0,35.0,32.0,36.0,40.0,32.0,39.0,38.0
