10,50,1000
17.99499,18.69196,15.761553,18.170148,15.269204,15.849529,19.577795,17.273319,16.2318,15.959806
5.916551,9.17668,7.639982,6.029528,8.245413,8.75046,5.760106,8.836478,7.685101,8.002226
0.0,10.0,20.0,30.0,40.0,50.0,60.0,70.0,80.0,90.0
10.0,0.0,10.0,20.0,30.0,40.0,50.0,60.0,70.0,80.0
20.0,10.0,0.0,10.0,20.0,30.0,40.0,50.0,60.0,70.0
30.0,20.0,10.0,0.0,10.0,20.0,30.0,40.0,50.0,60.0
40.0,30.0,20.0,10.0,0.0,10.0,20.0,30.0,40.0,50.0
50.0,40.0,30.0,20.0,10.0,0.0,10.0,20.0,30.0,40.0
60.0,50.0,40.0,30.0,20.0,10.0,0.0,10.0,20.0,30.0
70.0,60.0,50.0,40.0,30.0,20.0,10.0,0.0,10.0,20.0
80.0,70.0,60.0,50.0,40.0,30.0,20.0,10.0,0.0,10.0
90.0,80.0,70.0,60.0,50.0,40.0,30.0,20.0,10.0,0.0
450.0,400.0,350.0,300.0,250.0,250.0,300.0,350.0,400.0,450.0
0.0,1.0,2.0,3.0,4.0,5.0,6.0,7.0,8.0,9.0
1.0,0.0,1.0,2.0,3.0,4.0,5.0,6.0,7.0,8.0
2.0,1.0,0.0,1.0,2.0,3.0,4.0,5.0,6.0,7.0
3.0,2.0,1.0,0.0,1.0,2.0,3.0,4.0,5.0,6.0
4.0,3.0,2.0,1.0,0.0,1.0,2.0,3.0,4.0,5.0
5.0,4.0,3.0,2.0,1.0,0.0,1.0,2.0,3.0,4.0
6.0,5.0,4.0,3.0,2.0,1.0,0.0,1.0,2.0,3.0
7.0,6.0,5.0,4.0,3.0,2.0,1.0,0.0,1.0,2.0
8.0,7.0,6.0,5.0,4.0,3.0,2.0,1.0,0.0,1.0
9.0,8.0,7.0,6.0,5.0,4.0,3.0,2.0,1.0,0.0
45.0,40.0,35.0,30.0,25.0,25.0,30.0,35.0,40.0,45.0
17.0,24.0,16.0,31.0,23.0,20.0,27.0,19.0,26.0,27.0,20.0,24.0,21.0,25.0,24.0,16.0,22.0,26.0,25.0,28.0,27.0,25.0,29.0,24.0,31.0,26.0,35.0,31.0,26.0,21.0,17.0,26.0,32.0,31.0,17.0,22.0,27.0,29.0,26.0,25.0,20.0,31.0,25.0,21.0,29.0,29.0,20.0,20.0,23.0,17.0
37.0,50.0,42.0,34.0,34.0,36.0,19.0,40.0,31.0,26.0,39.0,26.0,26.0,31.0,38.0,40.0,38.0,32.0,33.0,53.0,31.0,32.0,45.0,37.0,43.0,35.0,41.0,40.0,34.0,33.0,34.0,30.0,26.0,39.0,37.0,28.0,32.0,39.0,36.0,34.0,44.0,38.0,33.0,27.0,42.0,31.0,27.0,30.0,26.0,33.0
33.0,22.0,32.0,41.0,22.0,37.0,28.0,27.0,36.0,30.0,27.0,31.0,20.0,35.0,25.0,36.0,29.0,34.0,30.0,25.0,26.0,27.0,33.0,33.0,28.0,38.0,25.0,28.0,33.0,32.0,24.0,40.0,28.0,39.0,31.0,27.0,26.0,29.0,25.0,30.0,32.0,32.0,27.0,25.0,29.0,35.0,32.0,30.0,26.0,30.0
22.0,29.0,25.0,25.0,23.0,18.0,20.0,29.0,27.0,23.0,23.0,25.0,28.0,20.0,22.0,18.0,15.0,20.0,15.0,29.0,26.0,26.0,19.0,28.0,28.0,26.0,27.0,24.0,22.0,26.0,20.0,24.0,21.0,32.0,27.0,21.0,28.0,23.0,24.0,21.0,20.0,27.0,10.0,20.0,30.0,28.0,22.0,26.0,23.0,24.0
31.0,30.0,27.0,21.0,36.0,29.0,28.0,35.0,35.0,27.0,27.0,19.0,24.0,28.0,22.0,35.0,35.0,25.0,28.0,26.0,21.0,34.0,24.0,35.0,40.0,34.0,36.0,34.0,31.0,30.0,28.0,29.0,37.0,32.0,38.0,30.0,28.0,39.0,22.0,27.0,39.0,29.0,27.0,31.0,29.0,24.0,38.0,24.0,36.0,23.0
34.0,41.0,35.0,37.0,28.0,24.0,28.0,32.0,31.0,39.0,37.0,32.0,39.0,30.0,32.0,31.0,27.0,23.0,39.0,34.0,33.0,36.0,31.0,34.0,34.0,28.0,34.0,41.0,35.0,37.0,29.0,26.0,39.0,22.0,33.0,43.0,25.0,27.0,24.0,26.0,15.0,24.0,29.0,29.0,27.0,29.0,34.0,34.0,38.0,36.0
21.0,21.0,26.0,24.0,30.0,27.0,26.0,21.0,21.0,29.0,29.0,29.0,26.0,22.0,23.0,22.0,25.0,23.0,30.0,28.0,22.0,19.0,31.0,24.0,18.0,25.0,25.0,24.0,27.0,26.0,21.0,21.0,25.0,29.0,24.0,21.0,20.0,26.0,17.0,20.0,24.0,20.0,20.0,23.0,24.0,21.0,32.0,24.0,25.0,24.0
27.0,34.0,28.0,34.0,41.0,30.0,40.0,44.0,34.0,32.0,21.0,36.0,41.0,41.0,26.0,35.0,33.0,32.0,26.0,34.0,31.0,30.0,43.0,39.0,29.0,26.0,37.0,29.0,33.0,46.0,30.0,32.0,32.0,31.0,33.0,25.0,32.0,37.0,32.0,34.0,28.0,26.0,34.0,36.0,37.0,33.0,49.0,29.0,28.0,24.0
27.0,27.0,30.0,22.0,22.0,33.0,38.0,23.0,25.0,31.0,30.0,40.0,22.0,25.0,28.0,35.0,32.0,23.0,29.0,33.0,42.0,28.0,25.0,27.0,31.0,31.0,23.0,36.0,37.0,31.0,31.0,30.0,31.0,28.0,34.0,27.0,26.0,33.0,36.0,23.0,27.0,25.0,23.0,33.0,29.0,18.0,37.0,29.0,31.0,24.0
29.0,34.0,35.0,29.0,35.0,30.0,29.0,26.0,34.0,37.0,22.0,29.0,32.0,27.0,31.0,26.0,28.0,23.0,25.0,31.0,28.0,34.0,27.0,32.0,26.0,30.0,31.0,27.0,23.0,23.0,31.0,41.0,32.0,37.0,25.0,26.0,38.0,35.0,30.0,29.0,27.0,23.0,31.0,24.0,30.0,28.0,39.0,36.0,24.0,31.0
