10,50,1000
16.585245,19.743502,18.124859,17.713488,18.052968,17.107757,16.087159,15.69608,18.274824,16.826166
6.595107,7.255563,8.888883,5.755759,8.982726,9.884244,6.742516,6.819985,7.678975,8.328309
0.0,10.0,20.0,30.0,40.0,50.0,60.0,70.0,80.0,90.0
10.0,0.0,10.0,20.0,30.0,40.0,50.0,60.0,70.0,80.0
20.0,10.0,0.0,10.0,20.0,30.0,40.0,50.0,60.0,70.0
30.0,20.0,10.0,0.0,10.0,20.0,30.0,40.0,50.0,60.0
40.0,30.0,20.0,10.0,0.0,10.0,20.0,30.0,40.0,50.0
50.0,40.0,30.0,20.0,10.0,0.0,10.0,20.0,30.0,40.0
60.0,50.0,40.0,30.0,20.0,10.0,0.0,10.0,20.0,30.0
70.0,60.0,50.0,40.0,30.0,20.0,10.0,0.0,10.0,20.0
80.0,70.0,60.0,50.0,40.0,30.0,20.0,10.0,0.0,10.0
90.0,80.0,70.0,60.0,50.0,40.0,30.0,20.0,10.0,0.0
450.0,400.0,350.0,300.0,250.0,250.0,300.0,350.0,400.0,450.0
0.0,1.0,2.0,3.0,4.0,5.0,6.0,7.0,8.0,9.0
1.0,0.0,1.0,2.0,3.0,4.0,5.0,6.0,7.0,8.0
2.0,1.0,0.0,1.0,2.0,3.0,4.0,5.0,6.0,7.0
3.0,2.0,1.0,0.0,1.0,2.0,3.0,4.0,5.0,6.0
4.0,3.0,2.0,1.0,0.0,1.0,2.0,3.0,4.0,5.0
5.0,4.0,3.0,2.0,1.0,0.0,1.0,2.0,3.0,4.0
6.0,5.0,4.0,3.0,2.0,1.0,0.0,1.0,2.0,3.0
7.0,6.0,5.0,4.0,3.0,2.0,1.0,0.0,1.0,2.0
8.0,7.0,6.0,5.0,4.0,3.0,2.0,1.0,0.0,1.0
9.0,8.0,7.0,6.0,5.0,4.0,3.0,2.0,1.0,0.0
45.0,40.0,35.0,30.0,25.0,25.0,30.0,35.0,40.0,45.0
30.0,27.0,30.0,22.0,24.0,35.0,29.0,23.0,18.0,27.0,26.0,21.0,21.0,26.0,29.0,29.0,31.0,29.0,24.0,29.0,31.0,28.0,23.0,32.0,18.0,22.0,28.0,25.0,23.0,26.0,34.0,23.0,28.0,28.0,21.0,18.0,28.0,25.0,26.0,28.0,26.0,27.0,34.0,22.0,32.0,26.0,31.0,14.0,34.0,31.0
27.0,28.0,27.0,30.0,36.0,33.0,24.0,33.0,31.0,23.0,41.0,26.0,29.0,30.0,28.0,24.0,34.0,26.0,31.0,30.0,27.0,38.0,26.0,29.0,35.0,32.0,21.0,25.0,30.0,23.0,25.0,22.0,20.0,28.0,36.0,32.0,30.0,19.0,31.0,27.0,28.0,36.0,33.0,34.0,24.0,41.0,27.0,25.0,45.0,30.0
22.0,34.0,28.0,32.0,31.0,28.0,43.0,29.0,47.0,29.0,34.0,32.0,33.0,32.0,47.0,31.0,35.0,29.0,28.0,22.0,33.0,27.0,30.0,25.0,29.0,33.0,30.0,48.0,36.0,36.0,31.0,33.0,37.0,32.0,42.0,34.0,33.0,31.0,35.0,31.0,38.0,31.0,29.0,35.0,25.0,33.0,22.0,44.0,38.0,33.0
24.0,22.0,17.0,22.0,22.0,23.0,25.0,29.0,23.0,22.0,23.0,20.0,15.0,21.0,18.0,22.0,19.0,18.0,22.0,25.0,36.0,25.0,17.0,22.0,19.0,17.0,25.0,17.0,19.0,29.0,24.0,16.0,25.0,28.0,11.0,22.0,23.0,26.0,24.0,23.0,28.0,28.0,21.0,27.0,27.0,13.0,32.0,30.0,25.0,23.0
29.0,39.0,40.0,32.0,47.0,39.0,31.0,27.0,29.0,32.0,43.0,37.0,27.0,31.0,33.0,37.0,36.0,26.0,34.0,30.0,30.0,32.0,34.0,36.0,35.0,42.0,37.0,30.0,30.0,30.0,48.0,34.0,25.0,37.0,42.0,43.0,40.0,38.0,34.0,25.0,33.0,30.0,30.0,39.0,39.0,37.0,37.0,36.0,33.0,51.0
40.0,44.0,39.0,39.0,40.0,40.0,28.0,45.0,27.0,40.0,34.0,34.0,31.0,28.0,31.0,34.0,32.0,31.0,41.0,35.0,33.0,45.0,34.0,45.0,32.0,35.0,38.0,33.0,43.0,27.0,35.0,37.0,40.0,37.0,39.0,35.0,52.0,30.0,41.0,36.0,28.0,29.0,33.0,43.0,38.0,28.0,45.0,38.0,37.0,36.0
26.0,27.0,31.0,27.0,17.0,28.0,23.0,24.0,22.0,27.0,24.0,23.0,20.0,32.0,26.0,27.0,20.0,24.0,22.0,30.0,28.0,28.0,26.0,32.0,31.0,19.0,31.0,25.0,26.0,19.0,25.0,30.0,29.0,32.0,22.0,19.0,24.0,37.0,20.0,37.0,24.0,37.0,32.0,35.0,22.0,27.0,22.0,26.0,36.0,26.0
26.0,31.0,26.0,26.0,24.0,20.0,33.0,33.0,23.0,27.0,27.0,27.0,25.0,27.0,23.0,17.0,29.0,24.0,31.0,25.0,28.0,38.0,23.0,25.0,28.0,33.0,26.0,26.0,33.0,21.0,28.0,24.0,25.0,33.0,29.0,33.0,18.0,17.0,30.0,30.0,28.0,25.0,20.0,21.0,18.0,25.0,30.0,33.0,22.0,19.0
21.0,31.0,26.0,28.0,34.0,22.0,41.0,34.0,38.0,31.0,28.0,28.0,27.0,36.0,29.0,26.0,30.0,35.0,34.0,34.0,37.0,25.0,19.0,32.0,29.0,32.0,27.0,33.0,26.0,32.0,24.0,39.0,36.0,34.0,30.0,25.0,26.0,28.0,25.0,26.0,26.0,41.0,27.0,25.0,36.0,29.0,28.0,33.0,28.0,27.0
35.0,39.0,25.0,31.0,34.0,34.0,27.0,26.0,36.0,29.0,30.0,33.0,28.0,36.0,38.0,42.0,30.0,37.0,29.0,34.0,36.0,28.0,24.0,35.0,32.0,31.0,33.0,25.0,31.0,29.0,24.0,27.0,36.0,33.0,23.0,39.0,38.0,23.0,26.0,35.0,36.0,34.0,31.0,36.0,31.0,35.0,18.0,43.0,30.0,28.0
