10,50,1000
16.466847,18.003649,15.471361,16.961326,16.469688,16.592525,18.451777,16.898498,15.77082,17.872017
8.45959,6.203202,9.491609,9.721068,6.300387,9.566519,6.598352,7.372157,5.970393,8.530876
0.0,10.0,20.0,30.0,40.0,50.0,60.0,70.0,80.0,90.0
10.0,0.0,10.0,20.0,30.0,40.0,50.0,60.0,70.0,80.0
20.0,10.0,0.0,10.0,20.0,30.0,40.0,50.0,60.0,70.0
30.0,20.0,10.0,0.0,10.0,20.0,30.0,40.0,50.0,60.0
40.0,30.0,20.0,10.0,0.0,10.0,20.0,30.0,40.0,50.0
50.0,40.0,30.0,20.0,10.0,0.0,10.0,20.0,30.0,40.0
60.0,50.0,40.0,30.0,20.0,10.0,0.0,10.0,20.0,30.0
70.0,60.0,50.0,40.0,30.0,20.0,10.0,0.0,10.0,20.0
80.0,70.0,60.0,50.0,40.0,30.0,20.0,10.0,0.0,10.0
90.0,80.0,70.0,60.0,50.0,40.0,30.0,20.0,10.0,0.0
450.0,400.0,350.0,300.0,250.0,250.0,300.0,350.0,400.0,450.0
0.0,1.0,2.0,3.0,4.0,5.0,6.0,7.0,8.0,9.0
1.0,0.0,1.0,2.0,3.0,4.0,5.0,6.0,7.0,8.0
2.0,1.0,0.0,1.0,2.0,3.0,4.0,5.0,6.0,7.0
3.0,2.0,1.0,0.0,1.0,2.0,3.0,4.0,5.0,6.0
4.0,3.0,2.0,1.0,0.0,1.0,2.0,3.0,4.0,5.0
5.0,4.0,3.0,2.0,1.0,0.0,1.0,2.0,3.0,4.0
6.0,5.0,4.0,3.0,2.0,1.0,0.0,1.0,2.0,3.0
7.0,6.0,5.0,4.0,3.0,2.0,1.0,0.0,1.0,2.0
8.0,7.0,6.0,5.0,4.0,3.0,2.0,1.0,0.0,1.0
9.0,8.0,7.0,6.0,5.0,4.0,3.0,2.0,1.0,0.0
45.0,40.0,35.0,30.0,25.0,25.0,30.0,35.0,40.0,45.0
31.0,26.0,36.0,29.0,31.0,32.0,29.0,30.0,24.0,45.0,32.0,34.0,31.0,31.0,33.0,38.0,34.0,30.0,19.0,34.0,32.0,18.0,30.0,29.0,30.0,34.0,22.0,29.0,27.0,32.0,39.0,24.0,28.0,30.0,40.0,31.0,29.0,39.0,30.0,30.0,24.0,26.0,28.0,28.0,23.0,26.0,34.0,35.0,32.0,32.0
23.0,21.0,26.0,27.0,19.0,22.0,28.0,29.0,28.0,24.0,27.0,26.0,28.0,21.0,22.0,27.0,20.0,35.0,17.0,25.0,28.0,28.0,30.0,27.0,27.0,38.0,29.0,24.0,23.0,20.0,23.0,20.0,19.0,29.0,25.0,22.0,28.0,29.0,30.0,30.0,18.0,24.0,29.0,31.0,21.0,31.0,32.0,21.0,27.0,20.0
37.0,44.0,39.0,26.0,34.0,35.0,37.0,30.0,23.0,31.0,38.0,27.0,39.0,34.0,41.0,35.0,25.0,40.0,33.0,38.0,35.0,32.0,29.0,33.0,44.0,35.0,43.0,39.0,42.0,29.0,32.0,40.0,28.0,49.0,36.0,26.0,29.0,33.0,28.0,30.0,35.0,41.0,47.0,36.0,29.0,31.0,32.0,29.0,24.0,35.0
37.0,34.0,36.0,28.0,33.0,40.0,38.0,40.0,36.0,37.0,36.0,34.0,46.0,38.0,30.0,29.0,23.0,32.0,41.0,24.0,35.0,37.0,49.0,47.0,28.0,40.0,33.0,40.0,38.0,27.0,28.0,41.0,37.0,45.0,34.0,35.0,49.0,37.0,41.0,36.0,35.0,33.0,44.0,29.0,30.0,44.0,32.0,45.0,35.0,35.0
18.0,24.0,21.0,22.0,28.0,28.0,25.0,16.0,23.0,21.0,25.0,35.0,31.0,19.0,25.0,31.0,29.0,26.0,20.0,22.0,36.0,32.0,24.0,31.0,29.0,25.0,27.0,30.0,30.0,24.0,28.0,27.0,16.0,32.0,17.0,25.0,22.0,30.0,33.0,19.0,34.0,20.0,21.0,19.0,25.0,29.0,22.0,27.0,18.0,29.0
33.0,42.0,33.0,27.0,37.0,22.0,34.0,37.0,40.0,43.0,35.0,32.0,33.0,46.0,49.0,27.0,28.0,45.0,32.0,30.0,34.0,34.0,40.0,39.0,29.0,33.0,23.0,43.0,24.0,40.0,40.0,31.0,30.0,28.0,38.0,41.0,47.0,36.0,39.0,35.0,43.0,38.0,31.0,28.0,35.0,26.0,24.0,34.0,41.0,41.0
32.0,15.0,34.0,28.0,24.0,30.0,26.0,26.0,32.0,21.0,24.0,28.0,24.0,40.0,26.0,31.0,32.0,37.0,27.0,31.0,29.0,23.0,31.0,25.0,24.0,33.0,25.0,23.0,31.0,24.0,17.0,27.0,19.0,24.0,28.0,23.0,29.0,27.0,18.0,24.0,35.0,22.0,28.0,22.0,32.0,24.0,21.0,20.0,30.0,27.0
32.0,32.0,32.0,33.0,19.0,28.0,26.0,31.0,29.0,33.0,24.0,34.0,27.0,39.0,25.0,22.0,16.0,25.0,25.0,36.0,33.0,32.0,18.0,32.0,25.0,23.0,39.0,20.0,29.0,35.0,23.0,28.0,22.0,29.0,29.0,32.0,24.0,29.0,29.0,26.0,24.0,26.0,35.0,20.0,30.0,25.0,29.0,32.0,27.0,26.0
16.0,28.0,27.0,20.0,34.0,23.0,28.0,17.0,23.0,23.0,16.0,24.0,33.0,11.0,21.0,31.0,23.0,20.0,24.0,26.0,26.0,28.0,29.0,20.0,24.0,24.0,24.0,28.0,19.0,28.0,19.0,23.0,23.0,19.0,19.0,20.0,19.0,16.0,24.0,22.0,20.0,20.0,20.0,19.0,17.0,23.0,19.0,16.0,19.0,17.0
35.0,30.0,27.0,31.0,33.0,32.0,36.0,29.0,51.0,25.0,22.0,33.0,35.0,34.0,31.0,37.0,28.0,26.0,29.0,37.0,26.0,29.0,18.0,34.0,27.0,23.0,32.0,32.0,26.0,32.0,26.0,33.0,35.0,32.0,18.0,33.0,32.0,43.0,31.0,38.0,30.0,26.0,35.0,35.0,32.0,28.0,31.0,33.0,25.0,38.0
