10,50,1000
19.857652,18.385931,17.075299,15.163712,18.72854,19.706071,18.311371,18.45383,16.236025,15.363024
9.93214,6.777821,6.570986,7.074587,9.525165,8.433715,9.589569,7.983582,7.456426,6.692396
0.0,10.0,20.0,30.0,40.0,50.0,60.0,70.0,80.0,90.0
10.0,0.0,10.0,20.0,30.0,40.0,50.0,60.0,70.0,80.0
20.0,10.0,0.0,10.0,20.0,30.0,40.0,50.0,60.0,70.0
30.0,20.0,10.0,0.0,10.0,20.0,30.0,40.0,50.0,60.0
40.0,30.0,20.0,10.0,0.0,10.0,20.0,30.0,40.0,50.0
50.0,40.0,30.0,20.0,10.0,0.0,10.0,20.0,30.0,40.0
60.0,50.0,40.0,30.0,20.0,10.0,0.0,10.0,20.0,30.0
70.0,60.0,50.0,40.0,30.0,20.0,10.0,0.0,10.0,20.0
80.0,70.0,60.0,50.0,40.0,30.0,20.0,10.0,0.0,10.0
90.0,80.0,70.0,60.0,50.0,40.0,30.0,20.0,10.0,0.0
450.0,400.0,350.0,300.0,250.0,250.0,300.0,350.0,400.0,450.0
0.0,1.0,2.0,3.0,4.0,5.0,6.0,7.0,8.0,9.0
1.0,0.0,1.0,2.0,3.0,4.0,5.0,6.0,7.0,8.0
2.0,1.0,0.0,1.0,2.0,3.0,4.0,5.0,6.0,7.0
3.0,2.0,1.0,0.0,1.0,2.0,3.0,4.0,5.0,6.0
4.0,3.0,2.0,1.0,0.0,1.0,2.0,3.0,4.0,5.0
5.0,4.0,3.0,2.0,1.0,0.0,1.0,2.0,3.0,4.0
6.0,5.0,4.0,3.0,2.0,1.0,0.0,1.0,2.0,3.0
7.0,6.0,5.0,4.0,3.0,2.0,1.0,0.0,1.0,2.0
8.0,7.0,6.0,5.0,4.0,3.0,2.0,1.0,0.0,1.0
9.0,8.0,7.0,6.0,5.0,4.0,3.0,2.0,1.0,0.0
45.0,40.0,35.0,30.0,25.0,25.0,30.0,35.0,40.0,45.0
32.0,26.0,35.0,29.0,38.0,38.0,33.0,41.0,33.0,41.0,40.0,40.0,42.0,32.0,38.0,33.0,40.0,32.0,41.0,29.0,37.0,33.0,49.0,42.0,46.0,37.0,53.0,35.0,36.0,39.0,37.0,38.0,38.0,36.0,32.0,41.0,39.0,43.0,42.0,37.0,38.0,38.0,45.0,42.0,22.0,26.0,42.0,33.0,40.0,35.0
26.0,20.0,38.0,25.0,36.0,26.0,28.0,26.0,36.0,28.0,39.0,18.0,19.0,37.0,29.0,31.0,27.0,29.0,27.0,27.0,28.0,31.0,26.0,20.0,20.0,36.0,25.0,29.0,33.0,36.0,19.0,22.0,28.0,35.0,31.0,29.0,29.0,23.0,28.0,30.0,24.0,29.0,30.0,31.0,30.0,37.0,26.0,30.0,20.0,27.0
23.0,24.0,24.0,25.0,30.0,24.0,17.0,17.0,39.0,25.0,33.0,33.0,32.0,19.0,26.0,24.0,23.0,25.0,20.0,30.0,29.0,23.0,35.0,19.0,23.0,22.0,18.0,28.0,21.0,32.0,25.0,21.0,19.0,31.0,18.0,32.0,26.0,17.0,29.0,22.0,24.0,26.0,25.0,29.0,21.0,30.0,29.0,26.0,26.0,33.0
28.0,30.0,32.0,32.0,24.0,24.0,24.0,34.0,40.0,34.0,36.0,23.0,31.0,29.0,24.0,35.0,30.0,27.0,28.0,26.0,28.0,36.0,17.0,28.0,28.0,28.0,25.0,37.0,37.0,23.0,32.0,20.0,25.0,25.0,29.0,21.0,33.0,24.0,27.0,28.0,23.0,37.0,28.0,29.0,29.0,30.0,30.0,25.0,19.0,27.0
29.0,35.0,44.0,26.0,34.0,46.0,31.0,35.0,32.0,21.0,37.0,47.0,44.0,43.0,37.0,35.0,33.0,31.0,35.0,44.0,40.0,31.0,33.0,40.0,32.0,29.0,41.0,38.0,38.0,39.0,38.0,36.0,32.0,42.0,38.0,26.0,37.0,28.0,40.0,36.0,40.0,24.0,37.0,39.0,31.0,34.0,36.0,45.0,31.0,29.0
34.0,26.0,25.0,30.0,37.0,25.0,36.0,27.0,31.0,29.0,34.0,35.0,22.0,32.0,23.0,26.0,28.0,38.0,45.0,35.0,37.0,40.0,39.0,36.0,28.0,22.0,32.0,40.0,36.0,32.0,37.0,38.0,31.0,41.0,36.0,38.0,39.0,36.0,23.0,26.0,38.0,44.0,26.0,26.0,38.0,32.0,40.0,26.0,25.0,35.0
34.0,30.0,52.0,37.0,40.0,30.0,33.0,35.0,56.0,44.0,38.0,37.0,37.0,40.0,45.0,43.0,37.0,41.0,30.0,36.0,40.0,27.0,41.0,32.0,42.0,40.0,44.0,41.0,40.0,36.0,46.0,42.0,39.0,38.0,30.0,47.0,40.0,51.0,35.0,42.0,37.0,30.0,33.0,35.0,26.0,38.0,30.0,45.0,36.0,37.0
37.0,28.0,26.0,42.0,34.0,37.0,30.0,28.0,31.0,32.0,29.0,31.0,42.0,21.0,31.0,45.0,36.0,27.0,31.0,20.0,23.0,31.0,32.0,25.0,25.0,24.0,27.0,25.0,20.0,24.0,33.0,30.0,39.0,26.0,25.0,29.0,32.0,29.0,25.0,35.0,33.0,24.0,34.0,39.0,22.0,29.0,32.0,30.0,24.0,32.0
26.0,26.0,32.0,32.0,17.0,25.0,31.0,40.0,24.0,34.0,28.0,21.0,29.0,27.0,31.0,25.0,22.0,26.0,29.0,28.0,27.0,20.0,24.0,33.0,35.0,25.0,29.0,22.0,24.0,21.0,29.0,22.0,28.0,38.0,25.0,20.0,26.0,24.0,30.0,29.0,34.0,32.0,23.0,21.0,29.0,26.0,19.0,27.0,29.0,28.0
26.0,31.0,37.0,28.0,24.0,35.0,22.0,38.0,20.0,32.0,19.0,21.0,28.0,24.0,20.0,25.0,33.0,27.0,30.0,27.0,23.0,27.0,26.0,27.0,31.0,24.0,23.0,25.0,24.0,25.0,20.0,34.0,19.0,25.0,25.0,31.0,30.0,22.0,26.0,30.0,33.0,26.0,25.0,22.0,27.0,24.0,29.0,25.0,25.0,28.0
