10,50,1000
15.803314,18.164937,17.976345,16.96664,16.346102,16.689659,15.829247,18.663216,15.553952,16.847759
9.955932,9.499871,7.080497,9.8563,6.938428,7.349326,9.077318,5.270638,5.026082,9.707199
0.0,10.0,20.0,30.0,40.0,50.0,60.0,70.0,80.0,90.0
10.0,0.0,10.0,20.0,30.0,40.0,50.0,60.0,70.0,80.0
20.0,10.0,0.0,10.0,20.0,30.0,40.0,50.0,60.0,70.0
30.0,20.0,10.0,0.0,10.0,20.0,30.0,40.0,50.0,60.0
40.0,30.0,20.0,10.0,0.0,10.0,20.0,30.0,40.0,50.0
50.0,40.0,30.0,20.0,10.0,0.0,10.0,20.0,30.0,40.0
60.0,50.0,40.0,30.0,20.0,10.0,0.0,10.0,20.0,30.0
70.0,60.0,50.0,40.0,30.0,20.0,10.0,0.0,10.0,20.0
80.0,70.0,60.0,50.0,40.0,30.0,20.0,10.0,0.0,10.0
90.0,80.0,70.0,60.0,50.0,40.0,30.0,20.0,10.0,0.0
450.0,400.0,350.0,300.0,250.0,250.0,300.0,350.0,400.0,450.0
0.0,1.0,2.0,3.0,4.0,5.0,6.0,7.0,8.0,9.0
1.0,0.0,1.0,2.0,3.0,4.0,5.0,6.0,7.0,8.0
2.0,1.0,0.0,1.0,2.0,3.0,4.0,5.0,6.0,7.0
3.0,2.0,1.0,0.0,1.0,2.0,3.0,4.0,5.0,6.0
4.0,3.0,2.0,1.0,0.0,1.0,2.0,3.0,4.0,5.0
5.0,4.0,3.0,2.0,1.0,0.0,1.0,2.0,3.0,4.0
6.0,5.0,4.0,3.0,2.0,1.0,0.0,1.0,2.0,3.0
7.0,6.0,5.0,4.0,3.0,2.0,1.0,0.0,1.0,2.0
8.0,7.0,6.0,5.0,4.0,3.0,2.0,1.0,0.0,1.0
9.0,8.0,7.0,6.0,5.0,4.0,3.0,2.0,1.0,0.0
45.0,40.0,35.0,30.0,25.0,25.0,30.0,35.0,40.0,45.0
34.0,28.0,35.0,41.0,27.0,34.0,41.0,33.0,35.0,27.0,30.0,34.0,42.0,37.0,38.0,36.0,40.0,25.0,39.0,36.0,38.0,35.0,34.0,34.0,49.0,36.0,37.0,34.0,34.0,39.0,38.0,37.0,39.0,41.0,36.0,38.0,37.0,32.0,36.0,48.0,42.0,38.0,32.0,32.0,28.0,35.0,41.0,37.0,27.0,37.0
40.0,38.0,38.0,38.0,34.0,31.0,28.0,32.0,35.0,36.0,47.0,33.0,36.0,34.0,46.0,52.0,38.0,33.0,35.0,35.0,33.0,24.0,34.0,32.0,28.0,51.0,36.0,37.0,46.0,32.0,42.0,31.0,26.0,37.0,30.0,47.0,29.0,46.0,27.0,34.0,39.0,32.0,30.0,45.0,39.0,36.0,36.0,33.0,32.0,45.0
31.0,30.0,39.0,32.0,27.0,41.0,34.0,27.0,22.0,26.0,30.0,19.0,23.0,21.0,23.0,35.0,25.0,23.0,23.0,23.0,27.0,30.0,36.0,32.0,36.0,35.0,37.0,39.0,26.0,38.0,20.0,25.0,31.0,28.0,36.0,30.0,25.0,30.0,22.0,27.0,24.0,25.0,23.0,32.0,21.0,23.0,21.0,32.0,21.0,30.0
27.0,29.0,39.0,42.0,35.0,38.0,35.0,34.0,49.0,43.0,46.0,28.0,34.0,45.0,52.0,35.0,34.0,38.0,38.0,32.0,33.0,37.0,36.0,36.0,41.0,46.0,45.0,40.0,37.0,34.0,40.0,42.0,33.0,49.0,48.0,31.0,39.0,42.0,24.0,30.0,37.0,37.0,36.0,34.0,37.0,40.0,42.0,31.0,41.0,30.0
27.0,24.0,27.0,29.0,35.0,31.0,25.0,25.0,29.0,30.0,28.0,12.0,35.0,26.0,29.0,24.0,35.0,25.0,21.0,28.0,22.0,31.0,25.0,26.0,24.0,28.0,31.0,24.0,23.0,23.0,31.0,27.0,25.0,26.0,35.0,17.0,24.0,22.0,24.0,24.0,31.0,28.0,23.0,16.0,26.0,22.0,28.0,29.0,22.0,21.0
24.0,25.0,28.0,22.0,26.0,27.0,39.0,37.0,24.0,29.0,32.0,27.0,25.0,23.0,26.0,18.0,28.0,32.0,31.0,23.0,26.0,21.0,39.0,35.0,31.0,28.0,33.0,27.0,25.0,29.0,38.0,30.0,25.0,28.0,21.0,26.0,25.0,36.0,29.0,29.0,42.0,23.0,30.0,25.0,29.0,38.0,35.0,31.0,30.0,31.0
34.0,37.0,36.0,37.0,32.0,29.0,23.0,28.0,33.0,29.0,29.0,29.0,43.0,35.0,32.0,22.0,27.0,38.0,31.0,35.0,29.0,47.0,19.0,38.0,34.0,36.0,32.0,17.0,24.0,33.0,27.0,35.0,24.0,31.0,31.0,37.0,43.0,29.0,32.0,36.0,29.0,36.0,35.0,37.0,32.0,33.0,36.0,29.0,33.0,40.0
31.0,24.0,14.0,23.0,21.0,23.0,28.0,24.0,21.0,26.0,23.0,19.0,26.0,16.0,19.0,21.0,20.0,18.0,20.0,24.0,22.0,23.0,19.0,24.0,26.0,21.0,25.0,23.0,16.0,22.0,21.0,23.0,25.0,27.0,25.0,27.0,20.0,16.0,20.0,24.0,20.0,16.0,24.0,24.0,27.0,25.0,21.0,17.0,18.0,18.0
35.0,20.0,16.0,26.0,17.0,19.0,19.0,24.0,20.0,19.0,17.0,23.0,20.0,14.0,22.0,30.0,19.0,25.0,30.0,25.0,21.0,20.0,28.0,14.0,23.0,17.0,23.0,17.0,24.0,19.0,18.0,20.0,16.0,24.0,16.0,19.0,19.0,25.0,15.0,21.0,16.0,15.0,28.0,17.0,25.0,16.0,19.0,17.0,18.0,35.0
39.0,32.0,34.0,33.0,32.0,35.0,35.0,36.0,33.0,36.0,37.0,36.0,29.0,34.0,43.0,43.0,25.0,35.0,24.0,38.0,31.0,38.0,40.0,34.0,42.0,42.0,36.0,41.0,36.0,32.0,38.0,32.0,34.0,39.0,43.0,37.0,36.0,34.0,37.0,39.0,31.0,37.0,46.0,29.0,35.0,45.0,40.0,33.0,39.0,35.0
