10,50,1000
19.354971,15.864894,18.864676,19.69844,16.103767,17.085899,19.2991,16.198425,15.001306,16.929722
8.220631,9.383991,8.957573,9.261633,5.802608,5.359359,5.065925,6.794005,9.2459,9.853889
0.0,10.0,20.0,30.0,40.0,50.0,60.0,70.0,80.0,90.0
10.0,0.0,10.0,20.0,30.0,40.0,50.0,60.0,70.0,80.0
20.0,10.0,0.0,10.0,20.0,30.0,40.0,50.0,60.0,70.0
30.0,20.0,10.0,0.0,10.0,20.0,30.0,40.0,50.0,60.0
40.0,30.0,20.0,10.0,0.0,10.0,20.0,30.0,40.0,50.0
50.0,40.0,30.0,20.0,10.0,0.0,10.0,20.0,30.0,40.0
60.0,50.0,40.0,30.0,20.0,10.0,0.0,10.0,20.0,30.0
70.0,60.0,50.0,40.0,30.0,20.0,10.0,0.0,10.0,20.0
80.0,70.0,60.0,50.0,40.0,30.0,20.0,10.0,0.0,10.0
90.0,80.0,70.0,60.0,50.0,40.0,30.0,20.0,10.0,0.0
450.0,400.0,350.0,300.0,250.0,250.0,300.0,350.0,400.0,450.0
0.0,1.0,2.0,3.0,4.0,5.0,6.0,7.0,8.0,9.0
1.0,0.0,1.0,2.0,3.0,4.0,5.0,6.0,7.0,8.0
2.0,1.0,0.0,1.0,2.0,3.0,4.0,5.0,6.0,7.0
3.0,2.0,1.0,0.0,1.0,2.0,3.0,4.0,5.0,6.0
4.0,3.0,2.0,1.0,0.0,1.0,2.0,3.0,4.0,5.0
5.0,4.0,3.0,2.0,1.0,0.0,1.0,2.0,3.0,4.0
6.0,5.0,4.0,3.0,2.0,1.0,0.0,1.0,2.0,3.0
7.0,6.0,5.0,4.0,3.0,2.0,1.0,0.0,1.0,2.0
8.0,7.0,6.0,5.0,4.0,3.0,2.0,1.0,0.0,1.0
9.0,8.0,7.0,6.0,5.0,4.0,3.0,2.0,1.0,0.0
45.0,40.0,35.0,30.0,25.0,25.0,30.0,35.0,40.0,45.0
31.0,25.0,33.0,31.0,22.0,29.0,43.0,37.0,35.0,33.0,30.0,27.0,39.0,22.0,27.0,33.0,37.0,38.0,31.0,32.0,43.0,27.0,38.0,28.0,39.0,27.0,45.0,30.0,30.0,38.0,28.0,35.0,33.0,26.0,37.0,37.0,34.0,36.0,30.0,30.0,30.0,33.0,23.0,31.0,45.0,39.0,36.0,31.0,38.0,25.0
42.0,43.0,36.0,32.0,38.0,33.0,37.0,32.0,38.0,37.0,35.0,36.0,39.0,43.0,40.0,29.0,37.0,40.0,29.0,26.0,30.0,44.0,30.0,32.0,37.0,36.0,37.0,36.0,41.0,29.0,43.0,28.0,33.0,18.0,31.0,45.0,38.0,27.0,31.0,30.0,32.0,34.0,47.0,33.0,28.0,32.0,30.0,31.0,34.0,21.0
34.0,34.0,25.0,34.0,27.0,36.0,27.0,33.0,39.0,39.0,35.0,37.0,34.0,30.0,38.0,34.0,28.0,40.0,28.0,39.0,27.0,28.0,37.0,26.0,25.0,41.0,40.0,21.0,27.0,34.0,27.0,30.0,36.0,31.0,30.0,38.0,43.0,29.0,37.0,25.0,38.0,40.0,26.0,28.0,33.0,29.0,36.0,33.0,27.0,41.0
33.0,34.0,32.0,52.0,36.0,37.0,44.0,38.0,43.0,28.0,23.0,33.0,31.0,32.0,37.0,38.0,28.0,37.0,33.0,40.0,48.0,32.0,28.0,25.0,41.0,30.0,42.0,35.0,39.0,39.0,29.0,41.0,37.0,33.0,34.0,33.0,21.0,37.0,33.0,29.0,29.0,28.0,31.0,41.0,33.0,34.0,32.0,34.0,33.0,33.0
23.0,23.0,26.0,20.0,31.0,24.0,27.0,23.0,19.0,21.0,16.0,15.0,26.0,24.0,28.0,19.0,17.0,21.0,30.0,14.0,27.0,31.0,28.0,24.0,23.0,29.0,21.0,22.0,25.0,25.0,18.0,26.0,26.0,21.0,22.0,21.0,27.0,29.0,22.0,19.0,15.0,27.0,28.0,23.0,27.0,18.0,17.0,24.0,23.0,22.0
27.0,18.0,24.0,26.0,23.0,20.0,26.0,34.0,16.0,19.0,25.0,18.0,27.0,24.0,18.0,29.0,26.0,21.0,27.0,21.0,33.0,22.0,21.0,33.0,19.0,16.0,14.0,25.0,24.0,26.0,37.0,27.0,29.0,18.0,21.0,29.0,28.0,23.0,28.0,23.0,16.0,26.0,21.0,25.0,23.0,23.0,29.0,18.0,25.0,17.0
26.0,28.0,22.0,25.0,25.0,21.0,23.0,20.0,22.0,26.0,28.0,23.0,19.0,23.0,22.0,30.0,20.0,22.0,24.0,14.0,26.0,17.0,19.0,28.0,21.0,22.0,27.0,23.0,27.0,26.0,18.0,24.0,18.0,17.0,23.0,17.0,18.0,23.0,23.0,24.0,29.0,33.0,17.0,19.0,22.0,13.0,27.0,19.0,19.0,18.0
36.0,28.0,15.0,20.0,27.0,35.0,30.0,25.0,20.0,24.0,27.0,27.0,29.0,15.0,28.0,25.0,31.0,41.0,34.0,33.0,22.0,27.0,21.0,20.0,24.0,16.0,31.0,27.0,15.0,23.0,18.0,24.0,30.0,31.0,34.0,24.0,27.0,21.0,34.0,27.0,27.0,13.0,16.0,21.0,21.0,18.0,25.0,25.0,23.0,22.0
28.0,39.0,27.0,32.0,32.0,32.0,35.0,30.0,25.0,35.0,37.0,37.0,52.0,36.0,25.0,41.0,37.0,20.0,31.0,35.0,36.0,30.0,37.0,35.0,40.0,26.0,42.0,38.0,40.0,30.0,34.0,23.0,25.0,40.0,33.0,38.0,35.0,34.0,33.0,36.0,25.0,44.0,37.0,35.0,31.0,28.0,28.0,32.0,32.0,46.0
33.0,31.0,39.0,47.0,21.0,32.0,41.0,40.0,36.0,25.0,32.0,53.0,37.0,29.0,42.0,34.0,28.0,32.0,44.0,39.0,35.0,36.0,35.0,41.0,34.0,32.0,37.0,35.0,37.0,30.0,35.0,33.0,41.0,44.0,39.0,37.0,46.0,34.0,39.0,34.0,22.0,33.0,41.0,39.0,32.0,39.0,45.0,43.0,39.0,40.0
