10,50,1000
16.280262,18.435822,18.815869,15.140243,19.191748,19.333887,18.426157,17.421025,17.043359,18.574994
7.40611,7.065815,6.358185,6.331929,6.74795,5.507456,7.943518,8.030357,8.492478,9.106294
0.0,10.0,20.0,30.0,40.0,50.0,60.0,70.0,80.0,90.0
10.0,0.0,10.0,20.0,30.0,40.0,50.0,60.0,70.0,80.0
20.0,10.0,0.0,10.0,20.0,30.0,40.0,50.0,60.0,70.0
30.0,20.0,10.0,0.0,10.0,20.0,30.0,40.0,50.0,60.0
40.0,30.0,20.0,10.0,0.0,10.0,20.0,30.0,40.0,50.0
50.0,40.0,30.0,20.0,10.0,0.0,10.0,20.0,30.0,40.0
60.0,50.0,40.0,30.0,20.0,10.0,0.0,10.0,20.0,30.0
70.0,60.0,50.0,40.0,30.0,20.0,10.0,0.0,10.0,20.0
80.0,70.0,60.0,50.0,40.0,30.0,20.0,10.0,0.0,10.0
90.0,80.0,70.0,60.0,50.0,40.0,30.0,20.0,10.0,0.0
450.0,400.0,350.0,300.0,250.0,250.0,300.0,350.0,400.0,450.0
0.0,1.0,2.0,3.0,4.0,5.0,6.0,7.0,8.0,9.0
1.0,0.0,1.0,2.0,3.0,4.0,5.0,6.0,7.0,8.0
2.0,1.0,0.0,1.0,2.0,3.0,4.0,5.0,6.0,7.0
3.0,2.0,1.0,0.0,1.0,2.0,3.0,4.0,5.0,6.0
4.0,3.0,2.0,1.0,0.0,1.0,2.0,3.0,4.0,5.0
5.0,4.0,3.0,2.0,1.0,0.0,1.0,2.0,3.0,4.0
6.0,5.0,4.0,3.0,2.0,1.0,0.0,1.0,2.0,3.0
7.0,6.0,5.0,4.0,3.0,2.0,1.0,0.0,1.0,2.0
8.0,7.0,6.0,5.0,4.0,3.0,2.0,1.0,0.0,1.0
9.0,8.0,7.0,6.0,5.0,4.0,3.0,2.0,1.0,0.0
45.0,40.0,35.0,30.0,25.0,25.0,30.0,35.0,40.0,45.0
21.0,34.0,35.0,25.0,26.0,26.0,29.0,34.0,21.0,19.0,37.0,27.0,26.0,29.0,24.0,24.0,39.0,34.0,38.0,20.0,19.0,28.0,25.0,25.0,31.0,32.0,38.0,36.0,27.0,28.0,27.0,27.0,21.0,36.0,28.0,28.0,32.0,25.0,27.0,24.0,41.0,30.0,36.0,24.0,38.0,29.0,19.0,25.0,22.0,36.0
25.0,30.0,32.0,26.0,25.0,25.0,31.0,31.0,33.0,39.0,32.0,32.0,31.0,23.0,29.0,26.0,25.0,35.0,26.0,23.0,23.0,22.0,31.0,23.0,24.0,23.0,38.0,28.0,26.0,34.0,32.0,18.0,26.0,41.0,30.0,24.0,20.0,30.0,25.0,26.0,33.0,30.0,28.0,24.0,28.0,21.0,19.0,27.0,27.0,21.0
28.0,38.0,31.0,31.0,16.0,18.0,28.0,26.0,26.0,34.0,26.0,30.0,28.0,28.0,20.0,30.0,29.0,21.0,30.0,22.0,32.0,27.0,24.0,30.0,27.0,21.0,29.0,43.0,22.0,40.0,24.0,16.0,31.0,24.0,35.0,25.0,25.0,28.0,33.0,28.0,24.0,17.0,38.0,32.0,25.0,25.0,34.0,37.0,24.0,16.0
30.0,23.0,30.0,33.0,22.0,26.0,25.0,25.0,28.0,24.0,30.0,17.0,16.0,19.0,22.0,26.0,32.0,21.0,24.0,27.0,28.0,27.0,24.0,23.0,23.0,22.0,16.0,24.0,21.0,21.0,26.0,22.0,21.0,27.0,19.0,27.0,22.0,21.0,21.0,17.0,23.0,29.0,22.0,27.0,27.0,21.0,16.0,32.0,21.0,30.0
35.0,24.0,17.0,27.0,31.0,34.0,33.0,23.0,27.0,34.0,35.0,34.0,34.0,25.0,23.0,32.0,30.0,32.0,24.0,14.0,29.0,22.0,24.0,22.0,23.0,29.0,21.0,20.0,25.0,34.0,25.0,34.0,27.0,19.0,25.0,31.0,20.0,30.0,18.0,22.0,30.0,25.0,31.0,30.0,41.0,27.0,28.0,31.0,28.0,22.0
16.0,18.0,25.0,24.0,25.0,18.0,24.0,21.0,20.0,18.0,28.0,21.0,31.0,20.0,19.0,26.0,19.0,32.0,15.0,23.0,25.0,23.0,18.0,23.0,21.0,17.0,24.0,21.0,31.0,26.0,22.0,18.0,22.0,21.0,25.0,31.0,22.0,31.0,20.0,17.0,28.0,21.0,26.0,31.0,19.0,24.0,30.0,23.0,23.0,21.0
26.0,26.0,32.0,30.0,24.0,32.0,40.0,30.0,24.0,35.0,26.0,26.0,27.0,30.0,21.0,33.0,31.0,26.0,31.0,36.0,28.0,26.0,24.0,35.0,24.0,43.0,34.0,29.0,32.0,31.0,29.0,33.0,23.0,36.0,29.0,31.0,29.0,23.0,31.0,36.0,36.0,25.0,25.0,31.0,28.0,30.0,29.0,33.0,39.0,18.0
34.0,19.0,32.0,29.0,26.0,33.0,25.0,32.0,21.0,31.0,42.0,24.0,19.0,31.0,33.0,22.0,31.0,34.0,28.0,21.0,37.0,27.0,39.0,21.0,34.0,22.0,33.0,34.0,26.0,25.0,31.0,26.0,28.0,29.0,34.0,42.0,29.0,27.0,27.0,25.0,22.0,19.0,27.0,27.0,20.0,22.0,35.0,27.0,34.0,24.0
36.0,24.0,33.0,40.0,32.0,24.0,36.0,31.0,18.0,38.0,30.0,32.0,38.0,27.0,36.0,30.0,24.0,37.0,26.0,38.0,28.0,31.0,26.0,33.0,32.0,34.0,31.0,28.0,33.0,32.0,35.0,37.0,28.0,27.0,32.0,38.0,41.0,25.0,32.0,27.0,29.0,37.0,29.0,25.0,29.0,31.0,21.0,38.0,34.0,35.0
39.0,33.0,42.0,28.0,30.0,52.0,39.0,34.0,37.0,37.0,38.0,29.0,39.0,33.0,24.0,34.0,25.0,41.0,31.0,28.0,41.0,32.0,41.0,33.0,35.0,37.0,30.0,29.0,35.0,36.0,32.0,32.0,35.0,40.0,40.0,32.0,35.0,32.0,38.0,28.0,42.0,45.0,36.0,42.0,36.0,37.0,40.0,40.0,42.0,24.0
