10,50,1000
17.718875,17.965332,16.890168,19.464669,15.360062,19.873633,16.678615,15.922649,19.40896,17.985715
5.727585,6.255752,6.49331,7.385003,6.78684,7.194876,9.137645,7.325449,8.441981,5.69774
0.0,10.0,20.0,30.0,40.0,50.0,60.0,70.0,80.0,90.0
10.0,0.0,10.0,20.0,30.0,40.0,50.0,60.0,70.0,80.0
20.0,10.0,0.0,10.0,20.0,30.0,40.0,50.0,60.0,70.0
30.0,20.0,10.0,0.0,10.0,20.0,30.0,40.0,50.0,60.0
40.0,30.0,20.0,10.0,0.0,10.0,20.0,30.0,40.0,50.0
50.0,40.0,30.0,20.0,10.0,0.0,10.0,20.0,30.0,40.0
60.0,50.0,40.0,30.0,20.0,10.0,0.0,10.0,20.0,30.0
70.0,60.0,50.0,40.0,30.0,20.0,10.0,0.0,10.0,20.0
80.0,70.0,60.0,50.0,40.0,30.0,20.0,10.0,0.0,10.0
90.0,80.0,70.0,60.0,50.0,40.0,30.0,20.0,10.0,0.0
450.0,400.0,350.0,300.0,250.0,250.0,300.0,350.0,400.0,450.0
0.0,1.0,2.0,3.0,4.0,5.0,6.0,7.0,8.0,9.0
1.0,0.0,1.0,2.0,3.0,4.0,5.0,6.0,7.0,8.0
2.0,1.0,0.0,1.0,2.0,3.0,4.0,5.0,6.0,7.0
3.0,2.0,1.0,0.0,1.0,2.0,3.0,4.0,5.0,6.0
4.0,3.0,2.0,1.0,0.0,1.0,2.0,3.0,4.0,5.0
5.0,4.0,3.0,2.0,1.0,0.0,1.0,2.0,3.0,4.0
6.0,5.0,4.0,3.0,2.0,1.0,0.0,1.0,2.0,3.0
7.0,6.0,5.0,4.0,3.0,2.0,1.0,0.0,1.0,2.0
8.0,7.0,6.0,5.0,4.0,3.0,2.0,1.0,0.0,1.0
9.0,8.0,7.0,6.0,5.0,4.0,3.0,2.0,1.0,0.0
45.0,40.0,35.0,30.0,25.0,25.0,30.0,35.0,40.0,45.0
20.0,24.0,36.0,21.0,25.0,22.0,21.0,21.0,25.0,20.0,24.0,27.0,18.0,25.0,25.0,25.0,26.0,29.0,26.0,25.0,23.0,20.0,19.0,16.0,22.0,24.0,16.0,32.0,25.0,31.0,18.0,24.0,33.0,21.0,29.0,27.0,29.0,29.0,26.0,24.0,18.0,21.0,22.0,33.0,23.0,26.0,22.0,17.0,19.0,30.0
25.0,19.0,24.0,29.0,23.0,23.0,25.0,21.0,13.0,28.0,34.0,19.0,19.0,27.0,35.0,25.0,34.0,21.0,24.0,16.0,20.0,28.0,32.0,28.0,19.0,30.0,21.0,16.0,33.0,31.0,25.0,23.0,21.0,28.0,19.0,19.0,27.0,27.0,20.0,17.0,20.0,21.0,18.0,32.0,28.0,28.0,21.0,31.0,21.0,24.0
17.0,26.0,29.0,29.0,20.0,30.0,29.0,23.0,29.0,17.0,16.0,21.0,24.0,27.0,18.0,21.0,26.0,31.0,31.0,21.0,25.0,21.0,29.0,21.0,25.0,27.0,33.0,24.0,31.0,22.0,15.0,35.0,31.0,20.0,21.0,28.0,24.0,22.0,25.0,27.0,22.0,20.0,30.0,24.0,31.0,19.0,23.0,20.0,26.0,18.0
18.0,34.0,30.0,25.0,23.0,26.0,31.0,31.0,35.0,21.0,38.0,32.0,36.0,29.0,21.0,24.0,26.0,22.0,20.0,28.0,36.0,37.0,24.0,24.0,37.0,25.0,28.0,23.0,26.0,31.0,22.0,36.0,31.0,26.0,38.0,33.0,32.0,38.0,27.0,35.0,25.0,28.0,31.0,32.0,25.0,33.0,38.0,38.0,36.0,37.0
17.0,22.0,24.0,25.0,22.0,24.0,27.0,23.0,27.0,25.0,27.0,35.0,26.0,29.0,28.0,21.0,21.0,20.0,19.0,25.0,22.0,40.0,22.0,23.0,23.0,19.0,25.0,20.0,24.0,24.0,30.0,22.0,27.0,26.0,27.0,25.0,22.0,26.0,22.0,30.0,30.0,28.0,25.0,30.0,30.0,24.0,23.0,20.0,21.0,34.0
35.0,35.0,26.0,22.0,22.0,30.0,36.0,23.0,29.0,30.0,28.0,31.0,33.0,34.0,27.0,40.0,29.0,34.0,38.0,27.0,24.0,34.0,35.0,29.0,38.0,26.0,29.0,30.0,21.0,34.0,26.0,45.0,27.0,24.0,26.0,26.0,25.0,28.0,16.0,33.0,33.0,39.0,35.0,29.0,35.0,29.0,31.0,30.0,32.0,30.0
37.0,37.0,40.0,23.0,34.0,34.0,30.0,36.0,30.0,26.0,28.0,35.0,32.0,40.0,35.0,43.0,30.0,30.0,32.0,39.0,27.0,31.0,31.0,26.0,29.0,42.0,37.0,34.0,29.0,39.0,34.0,36.0,32.0,34.0,33.0,26.0,32.0,30.0,44.0,29.0,30.0,40.0,33.0,41.0,25.0,32.0,28.0,42.0,40.0,54.0
28.0,24.0,31.0,31.0,28.0,25.0,21.0,35.0,23.0,29.0,33.0,26.0,29.0,34.0,24.0,24.0,29.0,30.0,24.0,23.0,28.0,18.0,32.0,27.0,31.0,25.0,27.0,21.0,31.0,29.0,29.0,29.0,25.0,29.0,29.0,24.0,34.0,33.0,29.0,28.0,30.0,29.0,21.0,30.0,17.0,34.0,33.0,33.0,29.0,31.0
31.0,26.0,33.0,29.0,34.0,40.0,49.0,23.0,43.0,35.0,22.0,29.0,34.0,20.0,37.0,28.0,30.0,43.0,32.0,30.0,29.0,31.0,40.0,30.0,40.0,28.0,35.0,34.0,26.0,24.0,26.0,23.0,27.0,38.0,26.0,29.0,31.0,40.0,26.0,30.0,24.0,25.0,36.0,35.0,33.0,35.0,26.0,39.0,32.0,38.0
15.0,21.0,25.0,24.0,18.0,29.0,21.0,26.0,18.0,22.0,17.0,17.0,29.0,23.0,27.0,16.0,22.0,21.0,16.0,20.0,29.0,24.0,26.0,24.0,27.0,23.0,31.0,23.0,22.0,20.0,15.0,23.0,17.0,28.0,24.0,18.0,25.0,30.0,26.0,24.0,20.0,20.0,19.0,23.0,23.0,24.0,14.0,17.0,28.0,19.0
