10,50,1000
17.631221,15.25752,19.99851,16.303635,18.733919,19.290338,17.600263,18.778862,16.874179,16.350799
9.312764,7.966013,5.515012,7.233769,6.169468,7.692208,8.213804,8.254627,8.275327,9.861347
0.0,10.0,20.0,30.0,40.0,50.0,60.0,70.0,80.0,90.0
10.0,0.0,10.0,20.0,30.0,40.0,50.0,60.0,70.0,80.0
20.0,10.0,0.0,10.0,20.0,30.0,40.0,50.0,60.0,70.0
30.0,20.0,10.0,0.0,10.0,20.0,30.0,40.0,50.0,60.0
40.0,30.0,20.0,10.0,0.0,10.0,20.0,30.0,40.0,50.0
50.0,40.0,30.0,20.0,10.0,0.0,10.0,20.0,30.0,40.0
60.0,50.0,40.0,30.0,20.0,10.0,0.0,10.0,20.0,30.0
70.0,60.0,50.0,40.0,30.0,20.0,10.0,0.0,10.0,20.0
80.0,70.0,60.0,50.0,40.0,30.0,20.0,10.0,0.0,10.0
90.0,80.0,70.0,60.0,50.0,40.0,30.0,20.0,10.0,0.0
450.0,400.0,350.0,300.0,250.0,250.0,300.0,350.0,400.0,450.0
0.0,1.0,2.0,3.0,4.0,5.0,6.0,7.0,8.0,9.0
1.0,0.0,1.0,2.0,3.0,4.0,5.0,6.0,7.0,8.0
2.0,1.0,0.0,1.0,2.0,3.0,4.0,5.0,6.0,7.0
3.0,2.0,1.0,0.0,1.0,2.0,3.0,4.0,5.0,6.0
4.0,3.0,2.0,1.0,0.0,1.0,2.0,3.0,4.0,5.0
5.0,4.0,3.0,2.0,1.0,0.0,1.0,2.0,3.0,4.0
6.0,5.0,4.0,3.0,2.0,1.0,0.0,1.0,2.0,3.0
7.0,6.0,5.0,4.0,3.0,2.0,1.0,0.0,1.0,2.0
8.0,7.0,6.0,5.0,4.0,3.0,2.0,1.0,0.0,1.0
9.0,8.0,7.0,6.0,5.0,4.0,3.0,2.0,1.0,0.0
45.0,40.0,35.0,30.0,25.0,25.0,30.0,35.0,40.0,45.0
23.0,33.0,42.0,36.0,28.0,46.0,50.0,40.0,43.0,46.0,36.0,41.0,35.0,38.0,30.0,30.0,39.0,34.0,46.0,34.0,34.0,34.0,45.0,35.0,30.0,39.0,32.0,31.0,25.0,35.0,26.0,34.0,42.0,39.0,39.0,40.0,27.0,29.0,48.0,35.0,28.0,28.0,46.0,35.0,34.0,35.0,34.0,41.0,29.0,40.0
27.0,37.0,35.0,25.0,29.0,21.0,33.0,37.0,34.0,30.0,27.0,26.0,32.0,40.0,31.0,32.0,28.0,29.0,40.0,29.0,35.0,23.0,38.0,28.0,26.0,33.0,24.0,37.0,32.0,29.0,31.0,31.0,31.0,27.0,29.0,35.0,33.0,24.0,35.0,22.0,39.0,33.0,26.0,23.0,25.0,20.0,40.0,30.0,30.0,29.0
24.0,28.0,31.0,18.0,23.0,25.0,20.0,25.0,23.0,26.0,21.0,20.0,19.0,26.0,23.0,26.0,27.0,28.0,29.0,35.0,23.0,20.0,21.0,28.0,29.0,21.0,22.0,28.0,23.0,24.0,31.0,23.0,21.0,24.0,26.0,24.0,25.0,20.0,19.0,28.0,22.0,21.0,19.0,35.0,20.0,21.0,25.0,20.0,28.0,23.0
17.0,42.0,25.0,31.0,32.0,26.0,28.0,27.0,29.0,18.0,34.0,22.0,31.0,32.0,32.0,26.0,39.0,32.0,34.0,23.0,18.0,37.0,24.0,19.0,33.0,25.0,22.0,27.0,22.0,39.0,24.0,32.0,27.0,26.0,33.0,27.0,22.0,20.0,28.0,32.0,26.0,25.0,32.0,32.0,19.0,36.0,36.0,24.0,22.0,37.0
33.0,27.0,26.0,27.0,27.0,26.0,22.0,23.0,22.0,18.0,29.0,28.0,19.0,23.0,16.0,21.0,19.0,22.0,24.0,18.0,24.0,22.0,21.0,28.0,20.0,19.0,23.0,32.0,34.0,29.0,23.0,31.0,19.0,23.0,24.0,28.0,23.0,24.0,28.0,27.0,23.0,31.0,22.0,26.0,32.0,27.0,35.0,36.0,26.0,24.0
38.0,31.0,40.0,32.0,35.0,28.0,35.0,37.0,15.0,23.0,33.0,35.0,38.0,33.0,24.0,34.0,30.0,27.0,34.0,42.0,34.0,32.0,27.0,29.0,16.0,31.0,41.0,31.0,27.0,35.0,32.0,26.0,31.0,40.0,26.0,33.0,37.0,39.0,31.0,36.0,24.0,31.0,23.0,41.0,31.0,35.0,20.0,34.0,30.0,31.0
26.0,27.0,35.0,34.0,30.0,32.0,35.0,38.0,33.0,27.0,37.0,21.0,32.0,34.0,32.0,21.0,35.0,40.0,25.0,33.0,21.0,28.0,15.0,19.0,37.0,35.0,27.0,30.0,36.0,35.0,25.0,30.0,23.0,28.0,43.0,24.0,25.0,35.0,30.0,48.0,31.0,31.0,34.0,32.0,38.0,22.0,23.0,31.0,26.0,35.0
23.0,31.0,20.0,35.0,29.0,43.0,45.0,39.0,32.0,36.0,29.0,21.0,25.0,37.0,34.0,32.0,32.0,41.0,40.0,29.0,32.0,32.0,33.0,39.0,31.0,30.0,30.0,34.0,33.0,44.0,35.0,38.0,27.0,26.0,40.0,42.0,29.0,29.0,40.0,38.0,25.0,44.0,22.0,27.0,30.0,32.0,39.0,34.0,25.0,30.0
21.0,23.0,21.0,34.0,32.0,40.0,36.0,18.0,30.0,41.0,32.0,34.0,29.0,36.0,28.0,31.0,40.0,23.0,38.0,24.0,29.0,25.0,40.0,26.0,22.0,28.0,33.0,33.0,33.0,33.0,34.0,20.0,28.0,27.0,16.0,36.0,26.0,27.0,26.0,33.0,28.0,36.0,33.0,29.0,36.0,31.0,35.0,27.0,26.0,34.0
30.0,50.0,45.0,36.0,29.0,20.0,38.0,35.0,25.0,33.0,29.0,40.0,33.0,32.0,35.0,35.0,30.0,45.0,39.0,27.0,37.0,40.0,41.0,31.0,43.0,33.0,38.0,37.0,38.0,41.0,26.0,45.0,38.0,39.0,37.0,37.0,33.0,31.0,33.0,33.0,39.0,40.0,24.0,30.0,34.0,42.0,36.0,38.0,44.0,43.0
