10,50,1000
16.222849,17.709295,15.340424,19.102342,19.497224,17.76172,18.996044,17.046338,18.666276,17.017079
9.718256,6.133317,5.192464,5.773052,9.18515,8.91919,7.488467,7.513441,6.037565,9.89252
0.0,10.0,20.0,30.0,40.0,50.0,60.0,70.0,80.0,90.0
10.0,0.0,10.0,20.0,30.0,40.0,50.0,60.0,70.0,80.0
20.0,10.0,0.0,10.0,20.0,30.0,40.0,50.0,60.0,70.0
30.0,20.0,10.0,0.0,10.0,20.0,30.0,40.0,50.0,60.0
40.0,30.0,20.0,10.0,0.0,10.0,20.0,30.0,40.0,50.0
50.0,40.0,30.0,20.0,10.0,0.0,10.0,20.0,30.0,40.0
60.0,50.0,40.0,30.0,20.0,10.0,0.0,10.0,20.0,30.0
70.0,60.0,50.0,40.0,30.0,20.0,10.0,0.0,10.0,20.0
80.0,70.0,60.0,50.0,40.0,30.0,20.0,10.0,0.0,10.0
90.0,80.0,70.0,60.0,50.0,40.0,30.0,20.0,10.0,0.0
450.0,400.0,350.0,300.0,250.0,250.0,300.0,350.0,400.0,450.0
0.0,1.0,2.0,3.0,4.0,5.0,6.0,7.0,8.0,9.0
1.0,0.0,1.0,2.0,3.0,4.0,5.0,6.0,7.0,8.0
2.0,1.0,0.0,1.0,2.0,3.0,4.0,5.0,6.0,7.0
3.0,2.0,1.0,0.0,1.0,2.0,3.0,4.0,5.0,6.0
4.0,3.0,2.0,1.0,0.0,1.0,2.0,3.0,4.0,5.0
5.0,4.0,3.0,2.0,1.0,0.0,1.0,2.0,3.0,4.0
6.0,5.0,4.0,3.0,2.0,1.0,0.0,1.0,2.0,3.0
7.0,6.0,5.0,4.0,3.0,2.0,1.0,0.0,1.0,2.0
8.0,7.0,6.0,5.0,4.0,3.0,2.0,1.0,0.0,1.0
9.0,8.0,7.0,6.0,5.0,4.0,3.0,2.0,1.0,0.0
45.0,40.0,35.0,30.0,25.0,25.0,30.0,35.0,40.0,45.0
32.0,38.0,34.0,38.0,45.0,39.0,45.0,37.0,35.0,39.0,36.0,39.0,28.0,34.0,31.0,52.0,31.0,38.0,33.0,32.0,41.0,31.0,27.0,38.0,45.0,40.0,45.0,21.0,28.0,42.0,27.0,34.0,38.0,33.0,48.0,42.0,25.0,24.0,31.0,26.0,39.0,38.0,37.0,44.0,37.0,39.0,24.0,46.0,35.0,38.0
25.0,16.0,23.0,29.0,25.0,23.0,25.0,25.0,15.0,29.0,24.0,20.0,31.0,33.0,36.0,21.0,15.0,30.0,16.0,22.0,25.0,18.0,18.0,19.0,24.0,22.0,19.0,28.0,17.0,28.0,24.0,27.0,24.0,15.0,24.0,20.0,23.0,24.0,29.0,20.0,19.0,27.0,24.0,26.0,23.0,19.0,26.0,24.0,23.0,28.0
17.0,19.0,25.0,22.0,16.0,19.0,25.0,13.0,19.0,18.0,24.0,14.0,18.0,20.0,15.0,21.0,23.0,18.0,18.0,23.0,23.0,17.0,21.0,23.0,23.0,18.0,25.0,10.0,20.0,20.0,18.0,31.0,24.0,20.0,13.0,22.0,21.0,20.0,25.0,31.0,25.0,19.0,25.0,23.0,28.0,16.0,9.0,16.0,23.0,18.0
28.0,31.0,15.0,34.0,23.0,21.0,35.0,24.0,32.0,24.0,17.0,17.0,19.0,26.0,21.0,23.0,26.0,26.0,13.0,25.0,24.0,21.0,15.0,22.0,23.0,11.0,30.0,20.0,21.0,24.0,20.0,17.0,26.0,22.0,18.0,25.0,24.0,17.0,22.0,23.0,20.0,36.0,23.0,14.0,20.0,39.0,27.0,26.0,21.0,19.0
53.0,43.0,35.0,38.0,25.0,33.0,31.0,36.0,41.0,34.0,42.0,35.0,41.0,30.0,46.0,37.0,32.0,31.0,36.0,33.0,44.0,35.0,37.0,36.0,40.0,30.0,48.0,33.0,25.0,38.0,33.0,34.0,44.0,42.0,35.0,43.0,35.0,30.0,43.0,32.0,30.0,41.0,33.0,23.0,33.0,26.0,39.0,27.0,44.0,46.0
35.0,26.0,30.0,32.0,35.0,30.0,33.0,28.0,26.0,40.0,22.0,30.0,31.0,35.0,25.0,34.0,32.0,32.0,30.0,34.0,37.0,34.0,30.0,28.0,28.0,33.0,32.0,33.0,31.0,36.0,24.0,36.0,46.0,41.0,34.0,36.0,29.0,30.0,36.0,45.0,29.0,33.0,39.0,30.0,27.0,39.0,27.0,23.0,32.0,25.0
33.0,23.0,30.0,25.0,33.0,26.0,28.0,22.0,26.0,28.0,33.0,24.0,28.0,25.0,29.0,14.0,26.0,36.0,21.0,32.0,28.0,40.0,17.0,30.0,28.0,33.0,34.0,22.0,22.0,24.0,20.0,36.0,42.0,32.0,17.0,27.0,29.0,24.0,18.0,26.0,21.0,24.0,42.0,42.0,27.0,35.0,20.0,30.0,23.0,32.0
22.0,29.0,29.0,29.0,32.0,28.0,29.0,29.0,36.0,30.0,22.0,31.0,46.0,32.0,35.0,35.0,18.0,25.0,32.0,27.0,29.0,34.0,19.0,32.0,26.0,32.0,27.0,19.0,28.0,27.0,29.0,36.0,32.0,24.0,35.0,41.0,24.0,26.0,27.0,26.0,30.0,19.0,26.0,26.0,32.0,32.0,30.0,30.0,29.0,25.0
18.0,20.0,19.0,16.0,25.0,26.0,22.0,24.0,27.0,23.0,18.0,35.0,21.0,18.0,29.0,25.0,21.0,30.0,25.0,24.0,21.0,19.0,22.0,23.0,17.0,32.0,14.0,23.0,23.0,28.0,21.0,27.0,27.0,25.0,28.0,16.0,24.0,30.0,29.0,22.0,27.0,26.0,25.0,21.0,19.0,23.0,21.0,26.0,32.0,26.0
42.0,27.0,37.0,40.0,31.0,40.0,24.0,43.0,36.0,36.0,37.0,33.0,31.0,40.0,31.0,43.0,37.0,34.0,38.0,31.0,28.0,34.0,35.0,36.0,36.0,41.0,34.0,31.0,39.0,36.0,34.0,35.0,30.0,35.0,28.0,51.0,32.0,37.0,45.0,37.0,21.0,31.0,35.0,25.0,38.0,37.0,39.0,41.0,48.0,36.0
