10,50,1000
19.789922,19.382992,18.751469,18.748156,19.472904,15.261644,15.294232,16.704085,18.668545,17.054
9.289176,8.376762,8.482211,6.917037,7.986117,9.631177,6.778889,5.083467,9.847632,7.702577
0.0,10.0,20.0,30.0,40.0,50.0,60.0,70.0,80.0,90.0
10.0,0.0,10.0,20.0,30.0,40.0,50.0,60.0,70.0,80.0
20.0,10.0,0.0,10.0,20.0,30.0,40.0,50.0,60.0,70.0
30.0,20.0,10.0,0.0,10.0,20.0,30.0,40.0,50.0,60.0
40.0,30.0,20.0,10.0,0.0,10.0,20.0,30.0,40.0,50.0
50.0,40.0,30.0,20.0,10.0,0.0,10.0,20.0,30.0,40.0
60.0,50.0,40.0,30.0,20.0,10.0,0.0,10.0,20.0,30.0
70.0,60.0,50.0,40.0,30.0,20.0,10.0,0.0,10.0,20.0
80.0,70.0,60.0,50.0,40.0,30.0,20.0,10.0,0.0,10.0
90.0,80.0,70.0,60.0,50.0,40.0,30.0,20.0,10.0,0.0
450.0,400.0,350.0,300.0,250.0,250.0,300.0,350.0,400.0,450.0
0.0,1.0,2.0,3.0,4.0,5.0,6.0,7.0,8.0,9.0
1.0,0.0,1.0,2.0,3.0,4.0,5.0,6.0,7.0,8.0
2.0,1.0,0.0,1.0,2.0,3.0,4.0,5.0,6.0,7.0
3.0,2.0,1.0,0.0,1.0,2.0,3.0,4.0,5.0,6.0
4.0,3.0,2.0,1.0,0.0,1.0,2.0,3.0,4.0,5.0
5.0,4.0,3.0,2.0,1.0,0.0,1.0,2.0,3.0,4.0
6.0,5.0,4.0,3.0,2.0,1.0,0.0,1.0,2.0,3.0
7.0,6.0,5.0,4.0,3.0,2.0,1.0,0.0,1.0,2.0
8.0,7.0,6.0,5.0,4.0,3.0,2.0,1.0,0.0,1.0
9.0,8.0,7.0,6.0,5.0,4.0,3.0,2.0,1.0,0.0
45.0,40.0,35.0,30.0,25.0,25.0,30.0,35.0,40.0,45.0
33.0,31.0,38.0,37.0,33.0,35.0,34.0,35.0,39.0,35.0,32.0,36.0,30.0,36.0,38.0,31.0,24.0,42.0,32.0,24.0,32.0,42.0,38.0,29.0,34.0,37.0,29.0,36.0,30.0,30.0,28.0,34.0,31.0,22.0,32.0,36.0,46.0,40.0,36.0,37.0,46.0,34.0,36.0,41.0,38.0,40.0,26.0,25.0,32.0,37.0
25.0,32.0,30.0,50.0,31.0,36.0,33.0,34.0,32.0,30.0,32.0,39.0,31.0,32.0,26.0,45.0,31.0,21.0,33.0,28.0,22.0,38.0,39.0,36.0,23.0,32.0,37.0,32.0,33.0,38.0,38.0,31.0,35.0,27.0,34.0,31.0,46.0,32.0,32.0,38.0,23.0,44.0,45.0,22.0,29.0,28.0,38.0,29.0,32.0,36.0
25.0,35.0,37.0,45.0,29.0,25.0,33.0,29.0,25.0,31.0,34.0,29.0,35.0,32.0,29.0,34.0,33.0,37.0,32.0,35.0,38.0,36.0,36.0,28.0,30.0,13.0,55.0,37.0,28.0,38.0,33.0,33.0,25.0,29.0,39.0,30.0,25.0,37.0,31.0,27.0,33.0,25.0,30.0,27.0,28.0,26.0,22.0,33.0,28.0,34.0
27.0,42.0,24.0,28.0,24.0,25.0,19.0,29.0,29.0,20.0,29.0,26.0,23.0,31.0,23.0,20.0,29.0,28.0,24.0,29.0,35.0,29.0,26.0,27.0,29.0,25.0,23.0,31.0,29.0,19.0,25.0,32.0,25.0,23.0,34.0,36.0,27.0,33.0,18.0,24.0,31.0,31.0,26.0,27.0,37.0,29.0,26.0,26.0,30.0,32.0
33.0,32.0,38.0,31.0,44.0,37.0,23.0,39.0,36.0,39.0,28.0,21.0,25.0,23.0,23.0,29.0,31.0,34.0,35.0,28.0,35.0,24.0,43.0,24.0,31.0,40.0,33.0,35.0,44.0,31.0,31.0,41.0,21.0,29.0,40.0,23.0,31.0,33.0,31.0,26.0,33.0,34.0,29.0,37.0,30.0,32.0,25.0,36.0,33.0,27.0
37.0,39.0,36.0,27.0,25.0,24.0,27.0,29.0,31.0,40.0,43.0,32.0,44.0,30.0,30.0,28.0,37.0,29.0,31.0,44.0,34.0,38.0,32.0,31.0,33.0,33.0,48.0,32.0,44.0,36.0,41.0,33.0,31.0,18.0,27.0,38.0,38.0,29.0,32.0,42.0,49.0,32.0,31.0,37.0,43.0,29.0,33.0,37.0,37.0,41.0
34.0,23.0,25.0,22.0,29.0,20.0,28.0,35.0,20.0,27.0,27.0,22.0,22.0,23.0,23.0,29.0,25.0,26.0,29.0,22.0,28.0,32.0,33.0,25.0,24.0,21.0,36.0,22.0,25.0,26.0,23.0,33.0,31.0,19.0,29.0,28.0,25.0,23.0,29.0,39.0,29.0,26.0,23.0,27.0,31.0,21.0,23.0,22.0,27.0,28.0
19.0,15.0,22.0,20.0,23.0,19.0,27.0,12.0,15.0,16.0,29.0,24.0,20.0,12.0,27.0,25.0,23.0,20.0,22.0,12.0,24.0,21.0,30.0,28.0,14.0,23.0,17.0,25.0,17.0,20.0,16.0,26.0,15.0,16.0,22.0,19.0,21.0,13.0,32.0,22.0,26.0,25.0,24.0,28.0,9.0,25.0,21.0,21.0,9.0,28.0
38.0,29.0,40.0,46.0,30.0,36.0,38.0,26.0,44.0,43.0,34.0,37.0,34.0,35.0,35.0,33.0,32.0,39.0,40.0,42.0,35.0,36.0,34.0,34.0,45.0,45.0,49.0,43.0,50.0,31.0,29.0,22.0,33.0,38.0,35.0,40.0,38.0,39.0,40.0,38.0,37.0,33.0,37.0,29.0,46.0,47.0,34.0,45.0,34.0,37.0
28.0,22.0,31.0,27.0,30.0,28.0,25.0,32.0,28.0,32.0,31.0,30.0,34.0,31.0,30.0,27.0,32.0,27.0,25.0,22.0,26.0,21.0,31.0,24.0,26.0,37.0,34.0,16.0,27.0,29.0,31.0,39.0,23.0,34.0,33.0,25.0,29.0,47.0,25.0,32.0,36.0,34.0,22.0,21.0,35.0,26.0,30.0,37.0,27.0,33.0
