10,50,1000
16.859123,18.037201,17.705682,18.957699,19.025306,15.196783,15.956348,15.417013,17.646679,15.453182
6.140092,6.707741,9.910587,6.912749,9.5291,6.097136,8.43484,6.452726,7.324262,8.906546
0.0,10.0,20.0,30.0,40.0,50.0,60.0,70.0,80.0,90.0
10.0,0.0,10.0,20.0,30.0,40.0,50.0,60.0,70.0,80.0
20.0,10.0,0.0,10.0,20.0,30.0,40.0,50.0,60.0,70.0
30.0,20.0,10.0,0.0,10.0,20.0,30.0,40.0,50.0,60.0
40.0,30.0,20.0,10.0,0.0,10.0,20.0,30.0,40.0,50.0
50.0,40.0,30.0,20.0,10.0,0.0,10.0,20.0,30.0,40.0
60.0,50.0,40.0,30.0,20.0,10.0,0.0,10.0,20.0,30.0
70.0,60.0,50.0,40.0,30.0,20.0,10.0,0.0,10.0,20.0
80.0,70.0,60.0,50.0,40.0,30.0,20.0,10.0,0.0,10.0
90.0,80.0,70.0,60.0,50.0,40.0,30.0,20.0,10.0,0.0
450.0,400.0,350.0,300.0,250.0,250.0,300.0,350.0,400.0,450.0
0.0,1.0,2.0,3.0,4.0,5.0,6.0,7.0,8.0,9.0
1.0,0.0,1.0,2.0,3.0,4.0,5.0,6.0,7.0,8.0
2.0,1.0,0.0,1.0,2.0,3.0,4.0,5.0,6.0,7.0
3.0,2.0,1.0,0.0,1.0,2.0,3.0,4.0,5.0,6.0
4.0,3.0,2.0,1.0,0.0,1.0,2.0,3.0,4.0,5.0
5.0,4.0,3.0,2.0,1.0,0.0,1.0,2.0,3.0,4.0
6.0,5.0,4.0,3.0,2.0,1.0,0.0,1.0,2.0,3.0
7.0,6.0,5.0,4.0,3.0,2.0,1.0,0.0,1.0,2.0
8.0,7.0,6.0,5.0,4.0,3.0,2.0,1.0,0.0,1.0
9.0,8.0,7.0,6.0,5.0,4.0,3.0,2.0,1.0,0.0
45.0,40.0,35.0,30.0,25.0,25.0,30.0,35.0,40.0,45.0
33.0,25.0,25.0,20.0,26.0,26.0,21.0,24.0,28.0,27.0,25.0,16.0,31.0,28.0,17.0,21.0,21.0,21.0,25.0,27.0,17.0,20.0,26.0,13.0,29.0,27.0,29.0,16.0,18.0,23.0,32.0,24.0,29.0,24.0,16.0,22.0,38.0,26.0,25.0,28.0,23.0,29.0,29.0,14.0,14.0,19.0,26.0,27.0,26.0,25.0
29.0,22.0,29.0,24.0,28.0,24.0,27.0,20.0,22.0,29.0,29.0,25.0,26.0,30.0,23.0,31.0,31.0,31.0,23.0,29.0,18.0,22.0,28.0,23.0,25.0,29.0,14.0,21.0,27.0,30.0,32.0,25.0,14.0,33.0,29.0,31.0,14.0,26.0,35.0,27.0,16.0,28.0,24.0,29.0,32.0,26.0,18.0,42.0,31.0,30.0
32.0,32.0,25.0,29.0,33.0,32.0,32.0,27.0,45.0,37.0,46.0,33.0,29.0,41.0,37.0,43.0,29.0,37.0,25.0,35.0,41.0,22.0,31.0,33.0,30.0,43.0,43.0,42.0,25.0,47.0,52.0,37.0,35.0,41.0,44.0,30.0,31.0,35.0,33.0,33.0,52.0,28.0,35.0,37.0,33.0,35.0,33.0,35.0,29.0,36.0
27.0,35.0,25.0,22.0,23.0,28.0,18.0,30.0,30.0,25.0,33.0,30.0,25.0,19.0,27.0,31.0,31.0,26.0,26.0,32.0,35.0,21.0,26.0,35.0,18.0,33.0,30.0,40.0,35.0,28.0,22.0,17.0,34.0,23.0,32.0,35.0,34.0,24.0,30.0,24.0,22.0,24.0,26.0,19.0,21.0,33.0,25.0,20.0,30.0,26.0
31.0,32.0,35.0,35.0,27.0,38.0,34.0,39.0,42.0,40.0,29.0,36.0,38.0,44.0,30.0,33.0,40.0,42.0,32.0,37.0,28.0,46.0,43.0,44.0,33.0,32.0,43.0,26.0,47.0,36.0,25.0,29.0,32.0,32.0,35.0,41.0,56.0,35.0,43.0,39.0,36.0,42.0,43.0,29.0,35.0,30.0,30.0,47.0,23.0,30.0
15.0,20.0,19.0,23.0,31.0,19.0,31.0,19.0,19.0,23.0,27.0,17.0,25.0,25.0,25.0,12.0,25.0,18.0,27.0,20.0,33.0,26.0,18.0,24.0,35.0,21.0,29.0,19.0,18.0,29.0,22.0,26.0,22.0,23.0,23.0,29.0,19.0,24.0,24.0,23.0,25.0,20.0,20.0,25.0,19.0,21.0,19.0,22.0,24.0,18.0
29.0,38.0,28.0,27.0,42.0,24.0,21.0,40.0,31.0,31.0,25.0,30.0,30.0,29.0,32.0,41.0,25.0,33.0,38.0,26.0,29.0,33.0,34.0,40.0,39.0,35.0,31.0,34.0,39.0,29.0,30.0,30.0,37.0,23.0,33.0,42.0,32.0,23.0,33.0,24.0,38.0,32.0,40.0,36.0,19.0,29.0,37.0,28.0,36.0,37.0
32.0,34.0,16.0,30.0,25.0,25.0,26.0,27.0,18.0,29.0,27.0,23.0,29.0,32.0,26.0,32.0,20.0,24.0,32.0,23.0,20.0,24.0,27.0,26.0,28.0,28.0,26.0,25.0,32.0,23.0,32.0,31.0,31.0,28.0,26.0,24.0,24.0,19.0,29.0,27.0,31.0,18.0,12.0,23.0,17.0,26.0,30.0,25.0,25.0,25.0
35.0,35.0,29.0,34.0,30.0,34.0,29.0,29.0,28.0,32.0,28.0,31.0,17.0,25.0,30.0,24.0,25.0,30.0,24.0,28.0,23.0,30.0,34.0,27.0,32.0,29.0,24.0,27.0,27.0,29.0,27.0,31.0,35.0,20.0,30.0,33.0,33.0,37.0,36.0,33.0,26.0,18.0,37.0,22.0,44.0,27.0,25.0,24.0,25.0,29.0
34.0,44.0,34.0,32.0,32.0,25.0,39.0,42.0,38.0,30.0,31.0,33.0,32.0,27.0,32.0,37.0,30.0,33.0,31.0,40.0,33.0,21.0,47.0,36.0,46.0,34.0,36.0,36.0,30.0,36.0,32.0,37.0,38.0,24.0,38.0,34.0,39.0,31.0,47.0,33.0,42.0,33.0,28.0,38.0,31.0,33.0,37.0,38.0,27.0,28.0
