10,50,1000
18.422752,17.725839,15.731251,19.544485,17.162162,19.810825,19.041005,19.266707,15.112773,19.659725
8.76828,8.533341,7.798908,8.117655,5.311722,9.509084,7.040258,8.619089,8.349164,5.198978
0.0,10.0,20.0,30.0,40.0,50.0,60.0,70.0,80.0,90.0
10.0,0.0,10.0,20.0,30.0,40.0,50.0,60.0,70.0,80.0
20.0,10.0,0.0,10.0,20.0,30.0,40.0,50.0,60.0,70.0
30.0,20.0,10.0,0.0,10.0,20.0,30.0,40.0,50.0,60.0
40.0,30.0,20.0,10.0,0.0,10.0,20.0,30.0,40.0,50.0
50.0,40.0,30.0,20.0,10.0,0.0,10.0,20.0,30.0,40.0
60.0,50.0,40.0,30.0,20.0,10.0,0.0,10.0,20.0,30.0
70.0,60.0,50.0,40.0,30.0,20.0,10.0,0.0,10.0,20.0
80.0,70.0,60.0,50.0,40.0,30.0,20.0,10.0,0.0,10.0
90.0,80.0,70.0,60.0,50.0,40.0,30.0,20.0,10.0,0.0
450.0,400.0,350.0,300.0,250.0,250.0,300.0,350.0,400.0,450.0
0.0,1.0,2.0,3.0,4.0,5.0,6.0,7.0,8.0,9.0
1.0,0.0,1.0,2.0,3.0,4.0,5.0,6.0,7.0,8.0
2.0,1.0,0.0,1.0,2.0,3.0,4.0,5.0,6.0,7.0
3.0,2.0,1.0,0.0,1.0,2.0,3.0,4.0,5.0,6.0
4.0,3.0,2.0,1.0,0.0,1.0,2.0,3.0,4.0,5.0
5.0,4.0,3.0,2.0,1.0,0.0,1.0,2.0,3.0,4.0
6.0,5.0,4.0,3.0,2.0,1.0,0.0,1.0,2.0,3.0
7.0,6.0,5.0,4.0,3.0,2.0,1.0,0.0,1.0,2.0
8.0,7.0,6.0,5.0,4.0,3.0,2.0,1.0,0.0,1.0
9.0,8.0,7.0,6.0,5.0,4.0,3.0,2.0,1.0,0.0
45.0,40.0,35.0,30.0,25.0,25.0,30.0,35.0,40.0,45.0
37.0,35.0,25.0,48.0,44.0,30.0,37.0,37.0,32.0,29.0,31.0,31.0,33.0,39.0,35.0,27.0,41.0,32.0,40.0,30.0,28.0,28.0,39.0,30.0,28.0,34.0,34.0,33.0,29.0,30.0,34.0,30.0,21.0,35.0,31.0,34.0,38.0,30.0,30.0,36.0,38.0,36.0,25.0,36.0,26.0,41.0,31.0,30.0,30.0,26.0
38.0,33.0,35.0,37.0,43.0,31.0,29.0,20.0,31.0,30.0,35.0,34.0,39.0,37.0,31.0,35.0,33.0,26.0,38.0,27.0,34.0,29.0,37.0,26.0,26.0,35.0,30.0,24.0,49.0,33.0,36.0,40.0,33.0,33.0,43.0,37.0,38.0,25.0,34.0,23.0,33.0,33.0,35.0,28.0,37.0,34.0,38.0,47.0,21.0,28.0
27.0,23.0,26.0,30.0,23.0,34.0,37.0,29.0,31.0,23.0,28.0,37.0,24.0,20.0,34.0,26.0,22.0,29.0,29.0,26.0,34.0,28.0,37.0,20.0,35.0,22.0,31.0,32.0,40.0,35.0,36.0,27.0,20.0,22.0,29.0,27.0,35.0,40.0,26.0,22.0,25.0,19.0,22.0,24.0,27.0,30.0,22.0,26.0,26.0,30.0
31.0,30.0,30.0,41.0,29.0,46.0,33.0,26.0,24.0,29.0,26.0,45.0,33.0,26.0,29.0,26.0,36.0,30.0,24.0,37.0,29.0,32.0,33.0,40.0,19.0,39.0,33.0,27.0,33.0,35.0,35.0,36.0,32.0,22.0,34.0,30.0,31.0,26.0,24.0,31.0,39.0,36.0,27.0,38.0,27.0,32.0,21.0,32.0,31.0,28.0
21.0,20.0,22.0,21.0,17.0,23.0,25.0,25.0,22.0,23.0,20.0,25.0,24.0,20.0,18.0,18.0,28.0,15.0,19.0,23.0,27.0,32.0,28.0,23.0,20.0,18.0,16.0,26.0,21.0,16.0,29.0,15.0,22.0,22.0,31.0,39.0,15.0,25.0,16.0,16.0,20.0,18.0,28.0,25.0,19.0,30.0,32.0,25.0,23.0,16.0
40.0,36.0,32.0,34.0,28.0,32.0,38.0,41.0,33.0,38.0,24.0,33.0,39.0,34.0,40.0,33.0,36.0,27.0,32.0,41.0,33.0,44.0,42.0,46.0,32.0,31.0,43.0,33.0,34.0,35.0,28.0,29.0,46.0,33.0,35.0,37.0,45.0,38.0,46.0,19.0,42.0,33.0,37.0,40.0,35.0,42.0,36.0,38.0,32.0,32.0
26.0,21.0,25.0,34.0,22.0,25.0,26.0,28.0,30.0,29.0,27.0,27.0,18.0,26.0,29.0,32.0,25.0,37.0,19.0,29.0,37.0,33.0,27.0,28.0,16.0,30.0,21.0,37.0,29.0,26.0,26.0,25.0,29.0,28.0,33.0,21.0,23.0,22.0,40.0,27.0,16.0,36.0,23.0,32.0,29.0,35.0,42.0,24.0,25.0,25.0
33.0,32.0,38.0,19.0,33.0,31.0,33.0,38.0,23.0,37.0,25.0,45.0,41.0,30.0,28.0,31.0,39.0,39.0,36.0,42.0,42.0,25.0,26.0,33.0,34.0,28.0,35.0,41.0,38.0,33.0,33.0,25.0,38.0,34.0,33.0,26.0,28.0,44.0,36.0,33.0,29.0,32.0,30.0,28.0,23.0,32.0,34.0,32.0,27.0,25.0
34.0,27.0,31.0,31.0,34.0,42.0,32.0,39.0,32.0,23.0,25.0,40.0,27.0,44.0,28.0,32.0,28.0,37.0,35.0,25.0,33.0,40.0,36.0,29.0,31.0,31.0,29.0,31.0,23.0,33.0,39.0,29.0,34.0,26.0,40.0,37.0,35.0,21.0,29.0,24.0,31.0,24.0,33.0,30.0,28.0,33.0,34.0,34.0,27.0,30.0
22.0,13.0,29.0,25.0,23.0,22.0,21.0,23.0,17.0,16.0,20.0,24.0,28.0,20.0,23.0,20.0,37.0,25.0,22.0,27.0,24.0,26.0,23.0,28.0,27.0,28.0,24.0,16.0,17.0,25.0,23.0,12.0,32.0,20.0,17.0,24.0,20.0,24.0,22.0,26.0,17.0,19.0,14.0,19.0,27.0,26.0,19.0,17.0,24.0,29.0
