10,50,1000
15.029783,19.146684,15.674228,18.820232,19.759952,19.877493,16.676687,19.503696,17.550068,19.181528
6.146243,6.962391,5.296981,6.980681,8.868136,8.738851,6.778154,7.137336,7.71566,7.94443
0.0,10.0,20.0,30.0,40.0,50.0,60.0,70.0,80.0,90.0
10.0,0.0,10.0,20.0,30.0,40.0,50.0,60.0,70.0,80.0
20.0,10.0,0.0,10.0,20.0,30.0,40.0,50.0,60.0,70.0
30.0,20.0,10.0,0.0,10.0,20.0,30.0,40.0,50.0,60.0
40.0,30.0,20.0,10.0,0.0,10.0,20.0,30.0,40.0,50.0
50.0,40.0,30.0,20.0,10.0,0.0,10.0,20.0,30.0,40.0
60.0,50.0,40.0,30.0,20.0,10.0,0.0,10.0,20.0,30.0
70.0,60.0,50.0,40.0,30.0,20.0,10.0,0.0,10.0,20.0
80.0,70.0,60.0,50.0,40.0,30.0,20.0,10.0,0.0,10.0
90.0,80.0,70.0,60.0,50.0,40.0,30.0,20.0,10.0,0.0
450.0,400.0,350.0,300.0,250.0,250.0,300.0,350.0,400.0,450.0
0.0,1.0,2.0,3.0,4.0,5.0,6.0,7.0,8.0,9.0
1.0,0.0,1.0,2.0,3.0,4.0,5.0,6.0,7.0,8.0
2.0,1.0,0.0,1.0,2.0,3.0,4.0,5.0,6.0,7.0
3.0,2.0,1.0,0.0,1.0,2.0,3.0,4.0,5.0,6.0
4.0,3.0,2.0,1.0,0.0,1.0,2.0,3.0,4.0,5.0
5.0,4.0,3.0,2.0,1.0,0.0,1.0,2.0,3.0,4.0
6.0,5.0,4.0,3.0,2.0,1.0,0.0,1.0,2.0,3.0
7.0,6.0,5.0,4.0,3.0,2.0,1.0,0.0,1.0,2.0
8.0,7.0,6.0,5.0,4.0,3.0,2.0,1.0,0.0,1.0
9.0,8.0,7.0,6.0,5.0,4.0,3.0,2.0,1.0,0.0
45.0,40.0,35.0,30.0,25.0,25.0,30.0,35.0,40.0,45.0
14.0,29.0,30.0,30.0,21.0,23.0,20.0,19.0,23.0,24.0,20.0,19.0,23.0,25.0,21.0,26.0,25.0,23.0,23.0,26.0,32.0,23.0,27.0,23.0,33.0,20.0,24.0,20.0,37.0,25.0,21.0,26.0,20.0,19.0,16.0,29.0,23.0,24.0,32.0,18.0,29.0,20.0,28.0,33.0,30.0,32.0,25.0,36.0,21.0,23.0
20.0,15.0,29.0,27.0,30.0,21.0,29.0,28.0,35.0,27.0,19.0,30.0,19.0,29.0,33.0,19.0,26.0,37.0,30.0,28.0,30.0,24.0,25.0,35.0,22.0,20.0,34.0,28.0,24.0,29.0,26.0,26.0,29.0,29.0,31.0,24.0,24.0,24.0,33.0,21.0,32.0,33.0,19.0,23.0,25.0,25.0,32.0,35.0,22.0,24.0
28.0,21.0,19.0,19.0,24.0,22.0,29.0,23.0,21.0,17.0,17.0,15.0,27.0,24.0,23.0,16.0,26.0,27.0,21.0,27.0,18.0,12.0,12.0,29.0,21.0,21.0,20.0,24.0,20.0,24.0,19.0,21.0,24.0,22.0,19.0,21.0,24.0,28.0,23.0,16.0,13.0,23.0,17.0,15.0,25.0,23.0,23.0,22.0,19.0,18.0
23.0,38.0,31.0,23.0,22.0,33.0,32.0,31.0,27.0,30.0,28.0,29.0,15.0,26.0,29.0,26.0,31.0,22.0,25.0,31.0,32.0,30.0,28.0,29.0,33.0,34.0,26.0,14.0,37.0,29.0,22.0,32.0,21.0,29.0,20.0,37.0,26.0,29.0,27.0,26.0,30.0,23.0,30.0,27.0,26.0,21.0,26.0,16.0,30.0,34.0
37.0,25.0,40.0,21.0,36.0,28.0,28.0,36.0,33.0,38.0,32.0,30.0,44.0,30.0,42.0,33.0,34.0,38.0,32.0,39.0,38.0,30.0,29.0,36.0,22.0,37.0,46.0,37.0,36.0,28.0,31.0,26.0,46.0,40.0,36.0,25.0,29.0,26.0,38.0,26.0,36.0,27.0,31.0,28.0,43.0,39.0,43.0,31.0,39.0,32.0
38.0,36.0,34.0,34.0,29.0,27.0,39.0,32.0,32.0,30.0,36.0,34.0,25.0,23.0,38.0,20.0,32.0,36.0,42.0,43.0,19.0,33.0,46.0,29.0,37.0,41.0,38.0,32.0,32.0,30.0,32.0,29.0,39.0,33.0,36.0,27.0,31.0,31.0,28.0,33.0,36.0,42.0,38.0,35.0,29.0,33.0,23.0,44.0,29.0,41.0
11.0,23.0,26.0,28.0,25.0,31.0,23.0,28.0,31.0,21.0,32.0,31.0,32.0,32.0,15.0,26.0,26.0,37.0,36.0,31.0,24.0,27.0,19.0,35.0,20.0,27.0,28.0,26.0,31.0,30.0,27.0,25.0,28.0,23.0,24.0,25.0,21.0,27.0,25.0,24.0,25.0,29.0,31.0,32.0,30.0,29.0,22.0,26.0,20.0,23.0
19.0,22.0,33.0,35.0,35.0,34.0,31.0,29.0,25.0,32.0,25.0,36.0,32.0,31.0,26.0,29.0,23.0,27.0,36.0,33.0,18.0,31.0,19.0,26.0,29.0,26.0,39.0,27.0,29.0,28.0,23.0,36.0,26.0,32.0,32.0,15.0,26.0,25.0,36.0,31.0,30.0,31.0,29.0,34.0,32.0,28.0,34.0,38.0,24.0,29.0
34.0,24.0,33.0,29.0,35.0,32.0,32.0,33.0,38.0,31.0,16.0,29.0,39.0,23.0,32.0,36.0,30.0,28.0,30.0,34.0,34.0,21.0,28.0,28.0,33.0,29.0,17.0,34.0,36.0,31.0,37.0,28.0,44.0,27.0,23.0,20.0,24.0,29.0,24.0,25.0,20.0,18.0,33.0,27.0,32.0,23.0,23.0,33.0,34.0,33.0
33.0,26.0,36.0,16.0,30.0,25.0,24.0,32.0,28.0,33.0,27.0,39.0,34.0,23.0,39.0,28.0,33.0,23.0,37.0,35.0,30.0,22.0,36.0,30.0,40.0,34.0,33.0,32.0,31.0,29.0,33.0,29.0,35.0,33.0,32.0,23.0,31.0,30.0,21.0,41.0,28.0,31.0,30.0,40.0,30.0,29.0,34.0,27.0,31.0,27.0
