10,50,1000
19.865146,19.770269,15.309972,16.683519,19.758857,16.147732,18.596694,17.161931,17.535867,17.647166
7.050422,6.907353,6.541421,9.536174,9.867619,6.600194,5.503085,5.034512,9.813691,5.943089
0.0,10.0,20.0,30.0,40.0,50.0,60.0,70.0,80.0,90.0
10.0,0.0,10.0,20.0,30.0,40.0,50.0,60.0,70.0,80.0
20.0,10.0,0.0,10.0,20.0,30.0,40.0,50.0,60.0,70.0
30.0,20.0,10.0,0.0,10.0,20.0,30.0,40.0,50.0,60.0
40.0,30.0,20.0,10.0,0.0,10.0,20.0,30.0,40.0,50.0
50.0,40.0,30.0,20.0,10.0,0.0,10.0,20.0,30.0,40.0
60.0,50.0,40.0,30.0,20.0,10.0,0.0,10.0,20.0,30.0
70.0,60.0,50.0,40.0,30.0,20.0,10.0,0.0,10.0,20.0
80.0,70.0,60.0,50.0,40.0,30.0,20.0,10.0,0.0,10.0
90.0,80.0,70.0,60.0,50.0,40.0,30.0,20.0,10.0,0.0
450.0,400.0,350.0,300.0,250.0,250.0,300.0,350.0,400.0,450.0
0.0,1.0,2.0,3.0,4.0,5.0,6.0,7.0,8.0,9.0
1.0,0.0,1.0,2.0,3.0,4.0,5.0,6.0,7.0,8.0
2.0,1.0,0.0,1.0,2.0,3.0,4.0,5.0,6.0,7.0
3.0,2.0,1.0,0.0,1.0,2.0,3.0,4.0,5.0,6.0
4.0,3.0,2.0,1.0,0.0,1.0,2.0,3.0,4.0,5.0
5.0,4.0,3.0,2.0,1.0,0.0,1.0,2.0,3.0,4.0
6.0,5.0,4.0,3.0,2.0,1.0,0.0,1.0,2.0,3.0
7.0,6.0,5.0,4.0,3.0,2.0,1.0,0.0,1.0,2.0
8.0,7.0,6.0,5.0,4.0,3.0,2.0,1.0,0.0,1.0
9.0,8.0,7.0,6.0,5.0,4.0,3.0,2.0,1.0,0.0
45.0,40.0,35.0,30.0,25.0,25.0,30.0,35.0,40.0,45.0
21.0,33.0,30.0,31.0,22.0,27.0,22.0,30.0,25.0,32.0,30.0,34.0,39.0,25.0,34.0,32.0,34.0,37.0,29.0,27.0,30.0,31.0,36.0,34.0,29.0,36.0,33.0,34.0,22.0,24.0,30.0,30.0,36.0,28.0,34.0,25.0,28.0,27.0,28.0,25.0,29.0,29.0,29.0,29.0,34.0,33.0,31.0,29.0,26.0,16.0
32.0,24.0,23.0,28.0,25.0,29.0,26.0,30.0,31.0,41.0,26.0,37.0,34.0,35.0,39.0,29.0,22.0,28.0,27.0,26.0,33.0,23.0,24.0,30.0,28.0,28.0,34.0,44.0,26.0,24.0,26.0,21.0,34.0,21.0,37.0,34.0,32.0,17.0,25.0,24.0,25.0,25.0,33.0,23.0,31.0,20.0,29.0,31.0,27.0,33.0
24.0,24.0,25.0,25.0,23.0,20.0,23.0,23.0,22.0,26.0,25.0,20.0,18.0,34.0,27.0,24.0,36.0,39.0,25.0,24.0,22.0,19.0,26.0,32.0,32.0,23.0,22.0,25.0,20.0,33.0,15.0,23.0,19.0,34.0,25.0,23.0,27.0,30.0,27.0,23.0,19.0,32.0,25.0,26.0,28.0,21.0,27.0,21.0,26.0,21.0
31.0,36.0,44.0,23.0,39.0,25.0,34.0,30.0,32.0,45.0,34.0,34.0,35.0,25.0,29.0,35.0,28.0,42.0,34.0,40.0,33.0,32.0,33.0,36.0,35.0,40.0,25.0,31.0,32.0,30.0,29.0,25.0,44.0,42.0,32.0,50.0,31.0,44.0,36.0,38.0,29.0,28.0,44.0,36.0,29.0,36.0,30.0,33.0,33.0,36.0
48.0,39.0,39.0,31.0,35.0,24.0,39.0,41.0,39.0,39.0,35.0,37.0,32.0,40.0,50.0,31.0,37.0,28.0,37.0,34.0,34.0,41.0,34.0,45.0,43.0,42.0,34.0,32.0,27.0,39.0,42.0,36.0,32.0,41.0,32.0,38.0,40.0,37.0,36.0,40.0,34.0,35.0,38.0,42.0,37.0,31.0,29.0,27.0,35.0,30.0
26.0,24.0,26.0,23.0,22.0,34.0,28.0,25.0,40.0,20.0,31.0,27.0,20.0,17.0,30.0,27.0,26.0,30.0,24.0,24.0,23.0,24.0,22.0,26.0,24.0,30.0,24.0,26.0,19.0,23.0,23.0,32.0,29.0,30.0,26.0,17.0,22.0,18.0,24.0,25.0,19.0,25.0,22.0,24.0,27.0,26.0,34.0,25.0,22.0,14.0
38.0,21.0,28.0,32.0,12.0,33.0,22.0,32.0,18.0,32.0,11.0,23.0,22.0,24.0,25.0,27.0,22.0,25.0,25.0,23.0,29.0,15.0,21.0,36.0,20.0,14.0,22.0,24.0,28.0,20.0,20.0,19.0,28.0,23.0,17.0,22.0,29.0,22.0,27.0,20.0,19.0,20.0,20.0,16.0,22.0,24.0,13.0,12.0,27.0,16.0
25.0,25.0,20.0,26.0,22.0,21.0,18.0,21.0,29.0,24.0,18.0,16.0,13.0,22.0,15.0,14.0,21.0,29.0,20.0,17.0,21.0,20.0,23.0,21.0,20.0,24.0,14.0,15.0,17.0,26.0,19.0,15.0,18.0,23.0,23.0,21.0,27.0,22.0,17.0,22.0,24.0,33.0,17.0,17.0,22.0,17.0,23.0,19.0,26.0,25.0
42.0,35.0,36.0,32.0,41.0,39.0,48.0,38.0,33.0,40.0,35.0,30.0,35.0,37.0,34.0,39.0,36.0,33.0,36.0,42.0,26.0,42.0,34.0,26.0,41.0,42.0,34.0,41.0,39.0,29.0,36.0,36.0,37.0,29.0,34.0,37.0,35.0,39.0,42.0,31.0,41.0,24.0,38.0,35.0,40.0,34.0,40.0,51.0,46.0,37.0
34.0,20.0,19.0,33.0,21.0,33.0,23.0,14.0,26.0,19.0,20.0,31.0,20.0,22.0,24.0,23.0,27.0,25.0,20.0,25.0,23.0,27.0,30.0,23.0,22.0,18.0,25.0,23.0,25.0,21.0,19.0,23.0,17.0,25.0,21.0,23.0,19.0,21.0,25.0,30.0,23.0,17.0,23.0,23.0,28.0,30.0,24.0,21.0,34.0,26.0
