10,50,1000
15.836172,16.626133,15.66049,17.661869,15.763358,18.578114,17.266381,17.990766,17.402471,19.593206
7.995933,5.690086,9.916944,8.120781,9.075129,8.31502,9.327848,5.385799,8.848396,5.130919
0.0,10.0,20.0,30.0,40.0,50.0,60.0,70.0,80.0,90.0
10.0,0.0,10.0,20.0,30.0,40.0,50.0,60.0,70.0,80.0
20.0,10.0,0.0,10.0,20.0,30.0,40.0,50.0,60.0,70.0
30.0,20.0,10.0,0.0,10.0,20.0,30.0,40.0,50.0,60.0
40.0,30.0,20.0,10.0,0.0,10.0,20.0,30.0,40.0,50.0
50.0,40.0,30.0,20.0,10.0,0.0,10.0,20.0,30.0,40.0
60.0,50.0,40.0,30.0,20.0,10.0,0.0,10.0,20.0,30.0
70.0,60.0,50.0,40.0,30.0,20.0,10.0,0.0,10.0,20.0
80.0,70.0,60.0,50.0,40.0,30.0,20.0,10.0,0.0,10.0
90.0,80.0,70.0,60.0,50.0,40.0,30.0,20.0,10.0,0.0
450.0,400.0,350.0,300.0,250.0,250.0,300.0,350.0,400.0,450.0
0.0,1.0,2.0,3.0,4.0,5.0,6.0,7.0,8.0,9.0
1.0,0.0,1.0,2.0,3.0,4.0,5.0,6.0,7.0,8.0
2.0,1.0,0.0,1.0,2.0,3.0,4.0,5.0,6.0,7.0
3.0,2.0,1.0,0.0,1.0,2.0,3.0,4.0,5.0,6.0
4.0,3.0,2.0,1.0,0.0,1.0,2.0,3.0,4.0,5.0
5.0,4.0,3.0,2.0,1.0,0.0,1.0,2.0,3.0,4.0
6.0,5.0,4.0,3.0,2.0,1.0,0.0,1.0,2.0,3.0
7.0,6.0,5.0,4.0,3.0,2.0,1.0,0.0,1.0,2.0
8.0,7.0,6.0,5.0,4.0,3.0,2.0,1.0,0.0,1.0
9.0,8.0,7.0,6.0,5.0,4.0,3.0,2.0,1.0,0.0
45.0,40.0,35.0,30.0,25.0,25.0,30.0,35.0,40.0,45.0
22.0,32.0,37.0,34.0,34.0,29.0,25.0,29.0,24.0,27.0,35.0,28.0,34.0,29.0,31.0,27.0,32.0,34.0,42.0,40.0,34.0,34.0,34.0,24.0,23.0,28.0,34.0,24.0,34.0,30.0,33.0,35.0,27.0,28.0,27.0,33.0,26.0,36.0,40.0,31.0,42.0,30.0,22.0,28.0,28.0,28.0,30.0,35.0,42.0,19.0
28.0,28.0,30.0,29.0,21.0,14.0,19.0,25.0,23.0,24.0,27.0,18.0,26.0,23.0,23.0,23.0,21.0,24.0,26.0,33.0,16.0,28.0,25.0,20.0,17.0,27.0,19.0,24.0,10.0,29.0,23.0,23.0,19.0,33.0,23.0,14.0,24.0,17.0,26.0,21.0,24.0,16.0,26.0,25.0,27.0,19.0,18.0,26.0,32.0,24.0
37.0,35.0,30.0,33.0,40.0,43.0,36.0,34.0,47.0,34.0,45.0,44.0,39.0,46.0,36.0,37.0,53.0,34.0,28.0,38.0,37.0,32.0,43.0,28.0,41.0,25.0,29.0,33.0,34.0,39.0,47.0,26.0,39.0,28.0,34.0,32.0,36.0,36.0,35.0,31.0,43.0,33.0,36.0,37.0,39.0,36.0,28.0,53.0,34.0,30.0
25.0,28.0,34.0,27.0,34.0,31.0,34.0,27.0,35.0,32.0,41.0,32.0,31.0,31.0,43.0,24.0,39.0,34.0,26.0,34.0,38.0,32.0,31.0,27.0,32.0,22.0,34.0,34.0,28.0,31.0,37.0,24.0,28.0,27.0,31.0,35.0,34.0,28.0,38.0,25.0,34.0,26.0,36.0,33.0,38.0,38.0,28.0,35.0,28.0,16.0
37.0,26.0,30.0,19.0,37.0,36.0,29.0,37.0,30.0,30.0,34.0,32.0,39.0,36.0,29.0,25.0,29.0,32.0,43.0,34.0,30.0,27.0,38.0,23.0,28.0,30.0,34.0,27.0,34.0,32.0,26.0,26.0,27.0,38.0,34.0,28.0,30.0,31.0,29.0,32.0,42.0,45.0,34.0,25.0,32.0,35.0,38.0,30.0,25.0,25.0
18.0,46.0,34.0,41.0,40.0,33.0,24.0,27.0,26.0,27.0,29.0,25.0,31.0,25.0,31.0,21.0,30.0,35.0,20.0,32.0,34.0,39.0,34.0,35.0,40.0,28.0,32.0,30.0,32.0,18.0,32.0,35.0,35.0,19.0,26.0,32.0,25.0,28.0,30.0,29.0,35.0,46.0,34.0,31.0,34.0,21.0,23.0,29.0,36.0,35.0
25.0,36.0,34.0,35.0,39.0,31.0,39.0,39.0,40.0,37.0,36.0,32.0,46.0,30.0,44.0,42.0,28.0,33.0,33.0,33.0,34.0,29.0,32.0,25.0,34.0,30.0,34.0,35.0,47.0,31.0,38.0,30.0,38.0,39.0,41.0,36.0,36.0,27.0,34.0,33.0,32.0,27.0,40.0,35.0,29.0,19.0,44.0,32.0,34.0,33.0
24.0,15.0,18.0,24.0,14.0,21.0,26.0,14.0,19.0,15.0,11.0,29.0,17.0,20.0,30.0,23.0,27.0,18.0,17.0,25.0,22.0,26.0,21.0,17.0,26.0,16.0,26.0,24.0,40.0,23.0,17.0,29.0,28.0,13.0,21.0,25.0,33.0,22.0,24.0,23.0,25.0,19.0,33.0,23.0,22.0,21.0,25.0,27.0,22.0,24.0
33.0,33.0,35.0,35.0,20.0,28.0,38.0,33.0,37.0,36.0,29.0,27.0,33.0,34.0,25.0,29.0,37.0,30.0,33.0,40.0,32.0,36.0,31.0,23.0,32.0,41.0,40.0,44.0,35.0,44.0,36.0,27.0,32.0,37.0,25.0,39.0,31.0,34.0,30.0,41.0,19.0,25.0,29.0,29.0,45.0,31.0,32.0,33.0,31.0,32.0
29.0,24.0,14.0,28.0,15.0,18.0,23.0,11.0,23.0,16.0,18.0,29.0,27.0,30.0,20.0,24.0,24.0,18.0,17.0,19.0,19.0,13.0,23.0,26.0,22.0,17.0,17.0,27.0,15.0,17.0,26.0,19.0,20.0,22.0,28.0,21.0,22.0,28.0,18.0,21.0,22.0,29.0,35.0,13.0,18.0,23.0,18.0,22.0,26.0,21.0
