10,50,1000
18.312048,18.593754,15.103973,17.578877,16.858265,16.528807,15.391181,19.743751,19.028851,18.463611
9.331352,7.58942,5.756972,9.918371,5.542593,6.707924,9.9918,7.361803,7.891596,5.003095
0.0,10.0,20.0,30.0,40.0,50.0,60.0,70.0,80.0,90.0
10.0,0.0,10.0,20.0,30.0,40.0,50.0,60.0,70.0,80.0
20.0,10.0,0.0,10.0,20.0,30.0,40.0,50.0,60.0,70.0
30.0,20.0,10.0,0.0,10.0,20.0,30.0,40.0,50.0,60.0
40.0,30.0,20.0,10.0,0.0,10.0,20.0,30.0,40.0,50.0
50.0,40.0,30.0,20.0,10.0,0.0,10.0,20.0,30.0,40.0
60.0,50.0,40.0,30.0,20.0,10.0,0.0,10.0,20.0,30.0
70.0,60.0,50.0,40.0,30.0,20.0,10.0,0.0,10.0,20.0
80.0,70.0,60.0,50.0,40.0,30.0,20.0,10.0,0.0,10.0
90.0,80.0,70.0,60.0,50.0,40.0,30.0,20.0,10.0,0.0
450.0,400.0,350.0,300.0,250.0,250.0,300.0,350.0,400.0,450.0
0.0,1.0,2.0,3.0,4.0,5.0,6.0,7.0,8.0,9.0
1.0,0.0,1.0,2.0,3.0,4.0,5.0,6.0,7.0,8.0
2.0,1.0,0.0,1.0,2.0,3.0,4.0,5.0,6.0,7.0
3.0,2.0,1.0,0.0,1.0,2.0,3.0,4.0,5.0,6.0
4.0,3.0,2.0,1.0,0.0,1.0,2.0,3.0,4.0,5.0
5.0,4.0,3.0,2.0,1.0,0.0,1.0,2.0,3.0,4.0
6.0,5.0,4.0,3.0,2.0,1.0,0.0,1.0,2.0,3.0
7.0,6.0,5.0,4.0,3.0,2.0,1.0,0.0,1.0,2.0
8.0,7.0,6.0,5.0,4.0,3.0,2.0,1.0,0.0,1.0
9.0,8.0,7.0,6.0,5.0,4.0,3.0,2.0,1.0,0.0
45.0,40.0,35.0,30.0,25.0,25.0,30.0,35.0,40.0,45.0
36.0,22.0,41.0,29.0,29.0,33.0,33.0,42.0,43.0,40.0,36.0,38.0,39.0,44.0,48.0,39.0,36.0,29.0,31.0,42.0,29.0,24.0,28.0,31.0,36.0,32.0,42.0,29.0,34.0,36.0,30.0,33.0,34.0,39.0,31.0,43.0,52.0,36.0,35.0,37.0,30.0,36.0,33.0,31.0,27.0,42.0,31.0,34.0,41.0,31.0
31.0,28.0,27.0,34.0,20.0,28.0,42.0,28.0,39.0,21.0,24.0,22.0,32.0,20.0,32.0,28.0,26.0,27.0,25.0,30.0,26.0,26.0,28.0,22.0,15.0,25.0,38.0,38.0,23.0,34.0,34.0,20.0,28.0,31.0,30.0,22.0,33.0,25.0,28.0,43.0,34.0,22.0,33.0,30.0,34.0,29.0,34.0,28.0,32.0,29.0
17.0,19.0,23.0,16.0,19.0,22.0,10.0,21.0,16.0,28.0,23.0,18.0,21.0,23.0,34.0,24.0,23.0,19.0,13.0,14.0,8.0,26.0,22.0,12.0,18.0,20.0,24.0,15.0,25.0,16.0,24.0,22.0,24.0,27.0,25.0,10.0,26.0,18.0,21.0,19.0,23.0,21.0,20.0,25.0,22.0,36.0,22.0,32.0,24.0,20.0
40.0,34.0,34.0,38.0,36.0,30.0,42.0,31.0,29.0,38.0,34.0,41.0,35.0,26.0,38.0,34.0,24.0,33.0,35.0,42.0,42.0,45.0,50.0,42.0,42.0,40.0,43.0,34.0,41.0,33.0,36.0,40.0,38.0,33.0,35.0,35.0,38.0,45.0,27.0,31.0,44.0,33.0,46.0,26.0,27.0,40.0,42.0,35.0,26.0,32.0
19.0,14.0,17.0,32.0,23.0,29.0,21.0,22.0,21.0,21.0,21.0,19.0,28.0,15.0,21.0,18.0,23.0,17.0,24.0,25.0,26.0,35.0,28.0,26.0,29.0,18.0,30.0,21.0,30.0,17.0,17.0,22.0,16.0,21.0,21.0,28.0,26.0,25.0,26.0,30.0,24.0,23.0,30.0,11.0,21.0,16.0,21.0,24.0,25.0,19.0
22.0,36.0,20.0,27.0,25.0,29.0,18.0,22.0,23.0,25.0,17.0,23.0,23.0,21.0,28.0,23.0,28.0,29.0,18.0,19.0,21.0,24.0,37.0,25.0,40.0,25.0,35.0,29.0,24.0,24.0,23.0,28.0,22.0,31.0,24.0,29.0,24.0,28.0,37.0,19.0,16.0,19.0,22.0,30.0,22.0,27.0,21.0,25.0,25.0,25.0
46.0,46.0,44.0,41.0,38.0,33.0,42.0,41.0,42.0,28.0,34.0,45.0,39.0,35.0,27.0,29.0,31.0,37.0,33.0,39.0,42.0,42.0,40.0,36.0,40.0,28.0,42.0,38.0,37.0,39.0,36.0,39.0,37.0,41.0,34.0,36.0,49.0,30.0,38.0,39.0,32.0,29.0,23.0,43.0,37.0,45.0,33.0,41.0,38.0,31.0
34.0,32.0,22.0,29.0,31.0,28.0,25.0,27.0,37.0,33.0,31.0,31.0,24.0,26.0,30.0,30.0,26.0,39.0,27.0,38.0,27.0,22.0,34.0,20.0,20.0,30.0,22.0,31.0,26.0,44.0,34.0,29.0,30.0,32.0,31.0,23.0,38.0,25.0,26.0,23.0,25.0,30.0,27.0,34.0,31.0,26.0,26.0,23.0,30.0,35.0
24.0,22.0,30.0,30.0,25.0,29.0,33.0,29.0,23.0,32.0,27.0,29.0,22.0,35.0,36.0,32.0,27.0,28.0,24.0,34.0,25.0,26.0,28.0,29.0,31.0,36.0,38.0,24.0,29.0,34.0,19.0,34.0,25.0,39.0,30.0,26.0,27.0,30.0,24.0,30.0,25.0,25.0,31.0,26.0,26.0,29.0,39.0,29.0,40.0,32.0
20.0,18.0,22.0,17.0,24.0,30.0,18.0,19.0,22.0,28.0,24.0,24.0,27.0,22.0,16.0,19.0,19.0,13.0,20.0,26.0,24.0,16.0,24.0,19.0,22.0,33.0,25.0,14.0,23.0,23.0,17.0,24.0,10.0,23.0,27.0,19.0,19.0,21.0,24.0,24.0,21.0,17.0,21.0,25.0,23.0,25.0,20.0,22.0,30.0,22.0
