10,50,1000
15.115827,19.496749,15.456002,16.97416,18.531039,18.975803,16.129462,17.538585,16.764038,19.824782
7.554307,6.625118,8.167153,6.80503,9.090171,8.369682,9.899074,8.898387,9.995766,5.869364
0.0,10.0,20.0,30.0,40.0,50.0,60.0,70.0,80.0,90.0
10.0,0.0,10.0,20.0,30.0,40.0,50.0,60.0,70.0,80.0
20.0,10.0,0.0,10.0,20.0,30.0,40.0,50.0,60.0,70.0
30.0,20.0,10.0,0.0,10.0,20.0,30.0,40.0,50.0,60.0
40.0,30.0,20.0,10.0,0.0,10.0,20.0,30.0,40.0,50.0
50.0,40.0,30.0,20.0,10.0,0.0,10.0,20.0,30.0,40.0
60.0,50.0,40.0,30.0,20.0,10.0,0.0,10.0,20.0,30.0
70.0,60.0,50.0,40.0,30.0,20.0,10.0,0.0,10.0,20.0
80.0,70.0,60.0,50.0,40.0,30.0,20.0,10.0,0.0,10.0
90.0,80.0,70.0,60.0,50.0,40.0,30.0,20.0,10.0,0.0
450.0,400.0,350.0,300.0,250.0,250.0,300.0,350.0,400.0,450.0
0.0,1.0,2.0,3.0,4.0,5.0,6.0,7.0,8.0,9.0
1.0,0.0,1.0,2.0,3.0,4.0,5.0,6.0,7.0,8.0
2.0,1.0,0.0,1.0,2.0,3.0,4.0,5.0,6.0,7.0
3.0,2.0,1.0,0.0,1.0,2.0,3.0,4.0,5.0,6.0
4.0,3.0,2.0,1.0,0.0,1.0,2.0,3.0,4.0,5.0
5.0,4.0,3.0,2.0,1.0,0.0,1.0,2.0,3.0,4.0
6.0,5.0,4.0,3.0,2.0,1.0,0.0,1.0,2.0,3.0
7.0,6.0,5.0,4.0,3.0,2.0,1.0,0.0,1.0,2.0
8.0,7.0,6.0,5.0,4.0,3.0,2.0,1.0,0.0,1.0
9.0,8.0,7.0,6.0,5.0,4.0,3.0,2.0,1.0,0.0
45.0,40.0,35.0,30.0,25.0,25.0,30.0,35.0,40.0,45.0
33.0,21.0,35.0,26.0,31.0,35.0,33.0,31.0,27.0,25.0,24.0,28.0,28.0,26.0,25.0,25.0,31.0,32.0,26.0,22.0,26.0,25.0,23.0,23.0,23.0,33.0,18.0,29.0,29.0,19.0,38.0,40.0,30.0,33.0,27.0,30.0,29.0,27.0,22.0,26.0,25.0,27.0,29.0,21.0,29.0,36.0,26.0,30.0,25.0,26.0
33.0,27.0,24.0,30.0,26.0,32.0,34.0,22.0,23.0,27.0,22.0,30.0,25.0,31.0,26.0,38.0,25.0,28.0,23.0,28.0,28.0,24.0,25.0,25.0,29.0,32.0,27.0,30.0,28.0,25.0,29.0,27.0,32.0,23.0,23.0,31.0,34.0,28.0,26.0,21.0,27.0,15.0,34.0,31.0,32.0,25.0,26.0,27.0,31.0,22.0
41.0,25.0,37.0,27.0,34.0,25.0,39.0,27.0,32.0,31.0,33.0,37.0,20.0,28.0,32.0,33.0,27.0,34.0,32.0,31.0,30.0,28.0,27.0,29.0,32.0,21.0,17.0,33.0,28.0,33.0,32.0,26.0,34.0,32.0,37.0,25.0,30.0,34.0,31.0,25.0,28.0,32.0,23.0,29.0,32.0,27.0,30.0,29.0,21.0,35.0
27.0,23.0,23.0,23.0,26.0,25.0,28.0,29.0,23.0,24.0,22.0,24.0,18.0,24.0,28.0,28.0,17.0,29.0,21.0,28.0,24.0,31.0,18.0,31.0,30.0,29.0,24.0,30.0,26.0,27.0,34.0,25.0,29.0,15.0,27.0,25.0,21.0,32.0,16.0,24.0,19.0,27.0,26.0,21.0,25.0,31.0,26.0,31.0,32.0,25.0
43.0,41.0,34.0,33.0,34.0,42.0,36.0,27.0,35.0,18.0,35.0,38.0,29.0,29.0,32.0,28.0,41.0,33.0,33.0,30.0,40.0,46.0,43.0,30.0,28.0,27.0,36.0,33.0,42.0,31.0,26.0,41.0,32.0,30.0,43.0,43.0,33.0,34.0,44.0,43.0,34.0,28.0,37.0,36.0,35.0,29.0,36.0,31.0,41.0,35.0
39.0,33.0,34.0,34.0,32.0,21.0,30.0,29.0,31.0,35.0,31.0,34.0,40.0,38.0,24.0,28.0,25.0,38.0,29.0,32.0,35.0,36.0,32.0,33.0,38.0,28.0,30.0,33.0,31.0,29.0,32.0,29.0,26.0,32.0,30.0,36.0,35.0,30.0,27.0,20.0,36.0,29.0,32.0,33.0,34.0,30.0,37.0,28.0,44.0,34.0
33.0,34.0,44.0,32.0,40.0,30.0,40.0,36.0,38.0,39.0,41.0,34.0,33.0,28.0,44.0,28.0,32.0,40.0,34.0,39.0,36.0,39.0,42.0,47.0,38.0,45.0,30.0,58.0,39.0,32.0,31.0,33.0,38.0,40.0,42.0,29.0,34.0,32.0,33.0,39.0,27.0,38.0,33.0,31.0,33.0,43.0,34.0,35.0,35.0,33.0
41.0,39.0,33.0,30.0,34.0,38.0,33.0,44.0,40.0,28.0,37.0,34.0,31.0,33.0,28.0,39.0,21.0,36.0,39.0,29.0,46.0,32.0,39.0,35.0,31.0,23.0,26.0,40.0,27.0,31.0,34.0,29.0,29.0,40.0,33.0,32.0,26.0,33.0,31.0,30.0,26.0,35.0,34.0,35.0,29.0,28.0,36.0,28.0,22.0,32.0
41.0,38.0,42.0,34.0,44.0,32.0,39.0,33.0,37.0,41.0,42.0,30.0,31.0,44.0,42.0,28.0,35.0,29.0,43.0,45.0,49.0,37.0,30.0,29.0,49.0,36.0,44.0,33.0,41.0,40.0,28.0,37.0,35.0,35.0,31.0,37.0,17.0,42.0,35.0,40.0,30.0,31.0,33.0,40.0,44.0,34.0,34.0,37.0,29.0,42.0
27.0,22.0,33.0,29.0,20.0,24.0,25.0,31.0,24.0,23.0,17.0,26.0,26.0,26.0,21.0,27.0,23.0,19.0,26.0,28.0,28.0,24.0,16.0,25.0,25.0,26.0,26.0,19.0,24.0,13.0,26.0,21.0,27.0,28.0,22.0,17.0,23.0,28.0,33.0,21.0,20.0,17.0,21.0,21.0,17.0,32.0,24.0,31.0,29.0,28.0
