10,50,1000
18.297045,19.327524,16.972435,16.558556,16.749512,19.658325,15.454753,18.993184,18.65085,16.377788
8.288516,9.929391,7.27295,5.763989,9.302372,6.689965,9.087704,8.730994,5.828306,6.734681
0.0,10.0,20.0,30.0,40.0,50.0,60.0,70.0,80.0,90.0
10.0,0.0,10.0,20.0,30.0,40.0,50.0,60.0,70.0,80.0
20.0,10.0,0.0,10.0,20.0,30.0,40.0,50.0,60.0,70.0
30.0,20.0,10.0,0.0,10.0,20.0,30.0,40.0,50.0,60.0
40.0,30.0,20.0,10.0,0.0,10.0,20.0,30.0,40.0,50.0
50.0,40.0,30.0,20.0,10.0,0.0,10.0,20.0,30.0,40.0
60.0,50.0,40.0,30.0,20.0,10.0,0.0,10.0,20.0,30.0
70.0,60.0,50.0,40.0,30.0,20.0,10.0,0.0,10.0,20.0
80.0,70.0,60.0,50.0,40.0,30.0,20.0,10.0,0.0,10.0
90.0,80.0,70.0,60.0,50.0,40.0,30.0,20.0,10.0,0.0
450.0,400.0,350.0,300.0,250.0,250.0,300.0,350.0,400.0,450.0
0.0,1.0,2.0,3.0,4.0,5.0,6.0,7.0,8.0,9.0
1.0,0.0,1.0,2.0,3.0,4.0,5.0,6.0,7.0,8.0
2.0,1.0,0.0,1.0,2.0,3.0,4.0,5.0,6.0,7.0
3.0,2.0,1.0,0.0,1.0,2.0,3.0,4.0,5.0,6.0
4.0,3.0,2.0,1.0,0.0,1.0,2.0,3.0,4.0,5.0
5.0,4.0,3.0,2.0,1.0,0.0,1.0,2.0,3.0,4.0
6.0,5.0,4.0,3.0,2.0,1.0,0.0,1.0,2.0,3.0
7.0,6.0,5.0,4.0,3.0,2.0,1.0,0.0,1.0,2.0
8.0,7.0,6.0,5.0,4.0,3.0,2.0,1.0,0.0,1.0
9.0,8.0,7.0,6.0,5.0,4.0,3.0,2.0,1.0,0.0
45.0,40.0,35.0,30.0,25.0,25.0,30.0,35.0,40.0,45.0
28.0,35.0,26.0,33.0,20.0,24.0,28.0,40.0,26.0,28.0,22.0,31.0,25.0,26.0,35.0,25.0,30.0,36.0,26.0,33.0,27.0,34.0,34.0,30.0,29.0,37.0,20.0,34.0,32.0,34.0,26.0,34.0,42.0,35.0,34.0,29.0,29.0,40.0,31.0,28.0,35.0,36.0,36.0,35.0,21.0,19.0,28.0,35.0,27.0,30.0
33.0,44.0,43.0,37.0,29.0,28.0,40.0,41.0,28.0,38.0,35.0,42.0,38.0,47.0,36.0,38.0,35.0,41.0,38.0,36.0,30.0,45.0,43.0,33.0,37.0,41.0,34.0,40.0,37.0,42.0,29.0,27.0,40.0,37.0,31.0,42.0,29.0,38.0,40.0,29.0,38.0,38.0,26.0,32.0,41.0,27.0,34.0,36.0,42.0,43.0
27.0,27.0,30.0,27.0,25.0,27.0,36.0,28.0,22.0,38.0,27.0,20.0,27.0,28.0,34.0,30.0,28.0,28.0,34.0,36.0,37.0,27.0,36.0,30.0,34.0,28.0,24.0,32.0,20.0,25.0,23.0,25.0,25.0,29.0,36.0,24.0,30.0,28.0,29.0,31.0,24.0,34.0,37.0,31.0,22.0,26.0,32.0,31.0,38.0,29.0
20.0,23.0,21.0,28.0,26.0,22.0,27.0,17.0,26.0,16.0,24.0,16.0,23.0,23.0,16.0,23.0,21.0,18.0,21.0,16.0,25.0,22.0,24.0,15.0,18.0,22.0,15.0,19.0,36.0,26.0,18.0,23.0,25.0,30.0,24.0,21.0,30.0,17.0,25.0,23.0,28.0,26.0,16.0,25.0,27.0,14.0,39.0,23.0,21.0,21.0
38.0,30.0,38.0,33.0,32.0,40.0,32.0,30.0,30.0,40.0,30.0,38.0,29.0,33.0,28.0,26.0,28.0,34.0,28.0,32.0,30.0,35.0,40.0,31.0,44.0,39.0,40.0,38.0,27.0,32.0,24.0,46.0,35.0,30.0,44.0,27.0,43.0,41.0,49.0,28.0,39.0,39.0,39.0,28.0,28.0,36.0,38.0,31.0,36.0,47.0
23.0,29.0,20.0,27.0,22.0,26.0,27.0,25.0,29.0,20.0,26.0,28.0,32.0,25.0,34.0,26.0,26.0,24.0,23.0,23.0,15.0,23.0,26.0,30.0,34.0,35.0,31.0,15.0,18.0,23.0,22.0,25.0,33.0,30.0,25.0,26.0,28.0,30.0,19.0,30.0,35.0,28.0,32.0,32.0,21.0,22.0,24.0,28.0,31.0,32.0
31.0,29.0,34.0,36.0,39.0,39.0,25.0,25.0,31.0,43.0,41.0,32.0,24.0,35.0,33.0,35.0,25.0,34.0,42.0,38.0,31.0,38.0,39.0,27.0,27.0,27.0,29.0,34.0,33.0,37.0,42.0,31.0,39.0,31.0,22.0,29.0,35.0,33.0,34.0,35.0,43.0,35.0,37.0,42.0,30.0,20.0,34.0,29.0,38.0,32.0
23.0,30.0,39.0,29.0,21.0,35.0,27.0,25.0,30.0,41.0,40.0,39.0,30.0,26.0,32.0,38.0,31.0,31.0,27.0,36.0,31.0,32.0,24.0,28.0,27.0,28.0,28.0,41.0,26.0,32.0,34.0,37.0,30.0,38.0,30.0,32.0,29.0,30.0,34.0,30.0,33.0,34.0,29.0,32.0,44.0,27.0,38.0,40.0,24.0,35.0
24.0,19.0,30.0,34.0,16.0,15.0,24.0,24.0,29.0,27.0,24.0,34.0,27.0,13.0,30.0,26.0,26.0,24.0,31.0,23.0,18.0,20.0,23.0,24.0,30.0,27.0,26.0,21.0,21.0,23.0,28.0,20.0,21.0,19.0,20.0,23.0,31.0,22.0,36.0,24.0,11.0,27.0,26.0,25.0,22.0,19.0,28.0,32.0,19.0,17.0
26.0,32.0,36.0,40.0,37.0,23.0,31.0,26.0,25.0,29.0,23.0,36.0,28.0,32.0,25.0,26.0,25.0,13.0,36.0,27.0,35.0,11.0,30.0,31.0,31.0,36.0,22.0,33.0,29.0,20.0,33.0,23.0,27.0,21.0,26.0,14.0,19.0,20.0,27.0,22.0,26.0,40.0,30.0,28.0,23.0,32.0,29.0,29.0,28.0,40.0
