10,50,1000
17.426475,19.481247,17.803823,18.322563,15.515409,15.989119,15.847974,16.098903,17.252153,19.827896
6.459329,5.302798,6.580203,8.031866,5.439634,7.264343,9.504031,5.995683,7.007732,9.978918
0.0,10.0,20.0,30.0,40.0,50.0,60.0,70.0,80.0,90.0
10.0,0.0,10.0,20.0,30.0,40.0,50.0,60.0,70.0,80.0
20.0,10.0,0.0,10.0,20.0,30.0,40.0,50.0,60.0,70.0
30.0,20.0,10.0,0.0,10.0,20.0,30.0,40.0,50.0,60.0
40.0,30.0,20.0,10.0,0.0,10.0,20.0,30.0,40.0,50.0
50.0,40.0,30.0,20.0,10.0,0.0,10.0,20.0,30.0,40.0
60.0,50.0,40.0,30.0,20.0,10.0,0.0,10.0,20.0,30.0
70.0,60.0,50.0,40.0,30.0,20.0,10.0,0.0,10.0,20.0
80.0,70.0,60.0,50.0,40.0,30.0,20.0,10.0,0.0,10.0
90.0,80.0,70.0,60.0,50.0,40.0,30.0,20.0,10.0,0.0
450.0,400.0,350.0,300.0,250.0,250.0,300.0,350.0,400.0,450.0
0.0,1.0,2.0,3.0,4.0,5.0,6.0,7.0,8.0,9.0
1.0,0.0,1.0,2.0,3.0,4.0,5.0,6.0,7.0,8.0
2.0,1.0,0.0,1.0,2.0,3.0,4.0,5.0,6.0,7.0
3.0,2.0,1.0,0.0,1.0,2.0,3.0,4.0,5.0,6.0
4.0,3.0,2.0,1.0,0.0,1.0,2.0,3.0,4.0,5.0
5.0,4.0,3.0,2.0,1.0,0.0,1.0,2.0,3.0,4.0
6.0,5.0,4.0,3.0,2.0,1.0,0.0,1.0,2.0,3.0
7.0,6.0,5.0,4.0,3.0,2.0,1.0,0.0,1.0,2.0
8.0,7.0,6.0,5.0,4.0,3.0,2.0,1.0,0.0,1.0
9.0,8.0,7.0,6.0,5.0,4.0,3.0,2.0,1.0,0.0
45.0,40.0,35.0,30.0,25.0,25.0,30.0,35.0,40.0,45.0
21.0,20.0,24.0,18.0,32.0,21.0,34.0,26.0,20.0,29.0,17.0,18.0,17.0,23.0,27.0,31.0,25.0,20.0,25.0,20.0,26.0,17.0,27.0,18.0,29.0,33.0,28.0,23.0,24.0,22.0,22.0,27.0,20.0,24.0,23.0,26.0,26.0,31.0,19.0,24.0,30.0,25.0,27.0,31.0,30.0,14.0,20.0,28.0,34.0,17.0
24.0,17.0,31.0,22.0,21.0,25.0,20.0,18.0,22.0,26.0,15.0,23.0,19.0,21.0,23.0,22.0,18.0,16.0,21.0,27.0,19.0,23.0,12.0,21.0,28.0,23.0,19.0,22.0,28.0,25.0,14.0,27.0,30.0,20.0,33.0,13.0,26.0,27.0,24.0,28.0,28.0,21.0,21.0,16.0,22.0,24.0,24.0,13.0,25.0,24.0
21.0,24.0,29.0,32.0,34.0,23.0,19.0,30.0,28.0,26.0,30.0,21.0,22.0,27.0,31.0,18.0,32.0,24.0,24.0,32.0,21.0,25.0,26.0,24.0,28.0,28.0,24.0,32.0,38.0,19.0,25.0,35.0,28.0,23.0,26.0,34.0,22.0,23.0,24.0,26.0,26.0,27.0,19.0,24.0,26.0,31.0,25.0,24.0,28.0,20.0
32.0,32.0,39.0,38.0,32.0,25.0,35.0,33.0,40.0,32.0,36.0,31.0,45.0,34.0,21.0,20.0,35.0,33.0,36.0,33.0,26.0,32.0,39.0,37.0,31.0,28.0,25.0,42.0,34.0,35.0,30.0,33.0,25.0,27.0,36.0,33.0,26.0,37.0,33.0,38.0,28.0,35.0,29.0,32.0,28.0,26.0,35.0,43.0,21.0,38.0
24.0,25.0,28.0,27.0,19.0,24.0,21.0,27.0,27.0,24.0,25.0,33.0,21.0,39.0,25.0,15.0,21.0,20.0,11.0,13.0,28.0,22.0,17.0,24.0,22.0,21.0,19.0,25.0,26.0,28.0,33.0,29.0,29.0,22.0,18.0,18.0,26.0,18.0,25.0,27.0,22.0,24.0,14.0,32.0,21.0,23.0,13.0,21.0,19.0,23.0
25.0,28.0,34.0,29.0,27.0,26.0,36.0,23.0,32.0,25.0,30.0,33.0,27.0,31.0,29.0,30.0,26.0,40.0,26.0,17.0,31.0,28.0,36.0,21.0,29.0,27.0,24.0,25.0,25.0,23.0,24.0,26.0,34.0,31.0,21.0,36.0,37.0,16.0,27.0,33.0,20.0,35.0,29.0,31.0,24.0,21.0,34.0,30.0,22.0,25.0
42.0,45.0,47.0,41.0,38.0,38.0,30.0,34.0,37.0,42.0,31.0,37.0,35.0,40.0,44.0,35.0,31.0,41.0,33.0,34.0,32.0,40.0,45.0,30.0,43.0,36.0,34.0,30.0,30.0,37.0,27.0,40.0,28.0,40.0,41.0,32.0,34.0,30.0,37.0,32.0,34.0,35.0,36.0,41.0,25.0,33.0,40.0,24.0,29.0,29.0
18.0,18.0,28.0,17.0,25.0,28.0,18.0,29.0,27.0,28.0,21.0,12.0,24.0,25.0,26.0,31.0,32.0,22.0,27.0,36.0,22.0,27.0,24.0,32.0,21.0,21.0,23.0,25.0,28.0,22.0,27.0,13.0,29.0,29.0,23.0,32.0,29.0,26.0,27.0,21.0,20.0,25.0,18.0,16.0,20.0,28.0,23.0,22.0,25.0,33.0
24.0,26.0,29.0,24.0,21.0,33.0,28.0,31.0,30.0,26.0,20.0,21.0,21.0,37.0,26.0,35.0,36.0,18.0,37.0,22.0,21.0,28.0,24.0,24.0,26.0,19.0,25.0,15.0,21.0,26.0,23.0,31.0,30.0,29.0,29.0,28.0,25.0,26.0,26.0,26.0,37.0,31.0,20.0,31.0,29.0,33.0,34.0,28.0,27.0,29.0
48.0,33.0,42.0,34.0,33.0,32.0,43.0,42.0,40.0,41.0,36.0,31.0,32.0,45.0,34.0,38.0,37.0,42.0,41.0,39.0,32.0,36.0,38.0,28.0,31.0,35.0,38.0,41.0,44.0,28.0,51.0,38.0,31.0,29.0,30.0,30.0,46.0,45.0,38.0,40.0,39.0,29.0,28.0,33.0,39.0,33.0,34.0,40.0,38.0,37.0
