10,50,1000
18.308561,15.258618,19.126207,18.368033,15.708897,17.180306,18.136284,19.224877,16.153376,16.106952
7.220057,7.865079,6.397171,6.698488,9.237109,6.253892,7.479803,6.649312,5.204512,7.022788
0.0,10.0,20.0,30.0,40.0,50.0,60.0,70.0,80.0,90.0
10.0,0.0,10.0,20.0,30.0,40.0,50.0,60.0,70.0,80.0
20.0,10.0,0.0,10.0,20.0,30.0,40.0,50.0,60.0,70.0
30.0,20.0,10.0,0.0,10.0,20.0,30.0,40.0,50.0,60.0
40.0,30.0,20.0,10.0,0.0,10.0,20.0,30.0,40.0,50.0
50.0,40.0,30.0,20.0,10.0,0.0,10.0,20.0,30.0,40.0
60.0,50.0,40.0,30.0,20.0,10.0,0.0,10.0,20.0,30.0
70.0,60.0,50.0,40.0,30.0,20.0,10.0,0.0,10.0,20.0
80.0,70.0,60.0,50.0,40.0,30.0,20.0,10.0,0.0,10.0
90.0,80.0,70.0,60.0,50.0,40.0,30.0,20.0,10.0,0.0
450.0,400.0,350.0,300.0,250.0,250.0,300.0,350.0,400.0,450.0
0.0,1.0,2.0,3.0,4.0,5.0,6.0,7.0,8.0,9.0
1.0,0.0,1.0,2.0,3.0,4.0,5.0,6.0,7.0,8.0
2.0,1.0,0.0,1.0,2.0,3.0,4.0,5.0,6.0,7.0
3.0,2.0,1.0,0.0,1.0,2.0,3.0,4.0,5.0,6.0
4.0,3.0,2.0,1.0,0.0,1.0,2.0,3.0,4.0,5.0
5.0,4.0,3.0,2.0,1.0,0.0,1.0,2.0,3.0,4.0
6.0,5.0,4.0,3.0,2.0,1.0,0.0,1.0,2.0,3.0
7.0,6.0,5.0,4.0,3.0,2.0,1.0,0.0,1.0,2.0
8.0,7.0,6.0,5.0,4.0,3.0,2.0,1.0,0.0,1.0
9.0,8.0,7.0,6.0,5.0,4.0,3.0,2.0,1.0,0.0
45.0,40.0,35.0,30.0,25.0,25.0,30.0,35.0,40.0,45.0
28.0,26.0,37.0,23.0,27.0,28.0,20.0,32.0,27.0,25.0,31.0,31.0,26.0,32.0,26.0,18.0,29.0,31.0,33.0,32.0,24.0,24.0,28.0,31.0,34.0,26.0,28.0,33.0,32.0,32.0,36.0,27.0,26.0,21.0,26.0,30.0,25.0,26.0,41.0,29.0,32.0,32.0,31.0,31.0,25.0,23.0,28.0,28.0,26.0,26.0
32.0,22.0,30.0,27.0,30.0,29.0,22.0,19.0,38.0,31.0,33.0,29.0,29.0,30.0,31.0,31.0,31.0,26.0,32.0,31.0,26.0,32.0,23.0,40.0,21.0,22.0,31.0,17.0,29.0,32.0,28.0,33.0,32.0,29.0,23.0,35.0,36.0,31.0,35.0,31.0,30.0,29.0,24.0,23.0,30.0,34.0,29.0,29.0,30.0,31.0
26.0,24.0,33.0,26.0,26.0,37.0,25.0,19.0,23.0,26.0,21.0,29.0,25.0,29.0,20.0,24.0,19.0,30.0,30.0,27.0,42.0,17.0,23.0,17.0,26.0,22.0,20.0,35.0,26.0,27.0,22.0,29.0,26.0,19.0,27.0,21.0,35.0,23.0,20.0,29.0,26.0,37.0,30.0,27.0,29.0,36.0,33.0,25.0,27.0,18.0
26.0,19.0,22.0,34.0,26.0,35.0,27.0,18.0,24.0,14.0,29.0,23.0,31.0,20.0,30.0,34.0,22.0,28.0,26.0,30.0,27.0,27.0,23.0,25.0,30.0,29.0,33.0,26.0,28.0,25.0,21.0,21.0,30.0,19.0,31.0,24.0,27.0,28.0,30.0,24.0,27.0,29.0,30.0,23.0,25.0,26.0,38.0,32.0,28.0,27.0
31.0,31.0,33.0,40.0,40.0,44.0,38.0,33.0,35.0,30.0,36.0,51.0,36.0,25.0,37.0,34.0,40.0,37.0,36.0,32.0,40.0,39.0,23.0,28.0,28.0,47.0,32.0,40.0,29.0,38.0,30.0,32.0,35.0,23.0,29.0,27.0,35.0,32.0,26.0,26.0,34.0,30.0,28.0,27.0,37.0,37.0,24.0,30.0,26.0,28.0
27.0,22.0,32.0,29.0,21.0,37.0,22.0,17.0,21.0,17.0,25.0,20.0,22.0,25.0,20.0,28.0,31.0,27.0,34.0,18.0,23.0,19.0,21.0,26.0,19.0,33.0,28.0,25.0,26.0,21.0,34.0,26.0,27.0,20.0,26.0,24.0,26.0,14.0,27.0,21.0,27.0,30.0,27.0,29.0,24.0,25.0,22.0,28.0,27.0,22.0
34.0,28.0,35.0,30.0,22.0,26.0,28.0,20.0,26.0,27.0,17.0,31.0,32.0,28.0,32.0,27.0,28.0,29.0,27.0,25.0,25.0,26.0,31.0,28.0,31.0,32.0,29.0,29.0,26.0,35.0,26.0,35.0,28.0,32.0,37.0,25.0,16.0,28.0,23.0,29.0,31.0,24.0,36.0,26.0,36.0,43.0,21.0,35.0,29.0,38.0
15.0,26.0,22.0,24.0,33.0,25.0,31.0,31.0,24.0,30.0,34.0,31.0,28.0,26.0,24.0,29.0,25.0,28.0,36.0,23.0,16.0,22.0,39.0,32.0,26.0,30.0,31.0,34.0,20.0,24.0,31.0,28.0,26.0,28.0,37.0,21.0,23.0,30.0,30.0,35.0,30.0,25.0,28.0,30.0,21.0,32.0,29.0,24.0,28.0,38.0
17.0,17.0,22.0,13.0,24.0,22.0,18.0,18.0,19.0,23.0,26.0,22.0,16.0,27.0,22.0,30.0,20.0,20.0,21.0,22.0,29.0,20.0,14.0,18.0,22.0,16.0,21.0,15.0,17.0,18.0,24.0,32.0,26.0,26.0,26.0,31.0,18.0,16.0,11.0,21.0,15.0,18.0,24.0,22.0,20.0,26.0,22.0,20.0,17.0,19.0
32.0,32.0,30.0,19.0,15.0,22.0,21.0,29.0,24.0,27.0,25.0,20.0,31.0,33.0,23.0,27.0,27.0,23.0,22.0,26.0,30.0,25.0,26.0,28.0,25.0,30.0,33.0,25.0,28.0,34.0,25.0,25.0,26.0,35.0,26.0,23.0,24.0,23.0,27.0,30.0,26.0,33.0,26.0,19.0,29.0,26.0,22.0,27.0,21.0,33.0
