10,50,1000
19.325851,17.977859,17.395161,18.526004,15.797341,17.457166,18.89096,18.346064,16.061875,15.947101
8.017004,5.41183,5.322913,8.846808,7.071625,5.689743,7.168557,9.059992,9.123917,9.39318
0.0,10.0,20.0,30.0,40.0,50.0,60.0,70.0,80.0,90.0
10.0,0.0,10.0,20.0,30.0,40.0,50.0,60.0,70.0,80.0
20.0,10.0,0.0,10.0,20.0,30.0,40.0,50.0,60.0,70.0
30.0,20.0,10.0,0.0,10.0,20.0,30.0,40.0,50.0,60.0
40.0,30.0,20.0,10.0,0.0,10.0,20.0,30.0,40.0,50.0
50.0,40.0,30.0,20.0,10.0,0.0,10.0,20.0,30.0,40.0
60.0,50.0,40.0,30.0,20.0,10.0,0.0,10.0,20.0,30.0
70.0,60.0,50.0,40.0,30.0,20.0,10.0,0.0,10.0,20.0
80.0,70.0,60.0,50.0,40.0,30.0,20.0,10.0,0.0,10.0
90.0,80.0,70.0,60.0,50.0,40.0,30.0,20.0,10.0,0.0
450.0,400.0,350.0,300.0,250.0,250.0,300.0,350.0,400.0,450.0
0.0,1.0,2.0,3.0,4.0,5.0,6.0,7.0,8.0,9.0
1.0,0.0,1.0,2.0,3.0,4.0,5.0,6.0,7.0,8.0
2.0,1.0,0.0,1.0,2.0,3.0,4.0,5.0,6.0,7.0
3.0,2.0,1.0,0.0,1.0,2.0,3.0,4.0,5.0,6.0
4.0,3.0,2.0,1.0,0.0,1.0,2.0,3.0,4.0,5.0
5.0,4.0,3.0,2.0,1.0,0.0,1.0,2.0,3.0,4.0
6.0,5.0,4.0,3.0,2.0,1.0,0.0,1.0,2.0,3.0
7.0,6.0,5.0,4.0,3.0,2.0,1.0,0.0,1.0,2.0
8.0,7.0,6.0,5.0,4.0,3.0,2.0,1.0,0.0,1.0
9.0,8.0,7.0,6.0,5.0,4.0,3.0,2.0,1.0,0.0
45.0,40.0,35.0,30.0,25.0,25.0,30.0,35.0,40.0,45.0
35.0,31.0,35.0,30.0,33.0,38.0,29.0,30.0,28.0,36.0,30.0,25.0,38.0,37.0,29.0,39.0,31.0,34.0,30.0,43.0,32.0,24.0,24.0,38.0,27.0,31.0,32.0,39.0,34.0,32.0,39.0,42.0,42.0,32.0,39.0,43.0,26.0,30.0,30.0,29.0,35.0,25.0,32.0,36.0,33.0,30.0,36.0,32.0,28.0,28.0
22.0,18.0,17.0,18.0,25.0,22.0,19.0,25.0,22.0,20.0,24.0,25.0,26.0,22.0,12.0,24.0,28.0,24.0,24.0,18.0,30.0,29.0,30.0,33.0,22.0,19.0,22.0,29.0,26.0,21.0,24.0,30.0,26.0,22.0,29.0,22.0,19.0,17.0,25.0,24.0,24.0,16.0,20.0,20.0,23.0,24.0,19.0,24.0,21.0,20.0
27.0,22.0,17.0,22.0,25.0,29.0,22.0,22.0,24.0,18.0,22.0,26.0,11.0,23.0,22.0,20.0,21.0,16.0,23.0,16.0,11.0,24.0,15.0,24.0,26.0,20.0,16.0,18.0,25.0,17.0,20.0,27.0,16.0,19.0,24.0,23.0,27.0,17.0,21.0,18.0,21.0,23.0,17.0,23.0,22.0,21.0,20.0,21.0,17.0,24.0
37.0,44.0,27.0,27.0,33.0,27.0,31.0,40.0,26.0,37.0,33.0,36.0,43.0,31.0,41.0,33.0,34.0,26.0,41.0,33.0,39.0,34.0,30.0,31.0,39.0,36.0,29.0,30.0,39.0,28.0,41.0,41.0,24.0,38.0,32.0,38.0,35.0,27.0,31.0,32.0,30.0,40.0,33.0,41.0,32.0,28.0,26.0,36.0,34.0,26.0
40.0,31.0,22.0,25.0,25.0,23.0,21.0,29.0,27.0,24.0,33.0,26.0,30.0,25.0,27.0,29.0,26.0,23.0,20.0,27.0,30.0,23.0,17.0,24.0,26.0,32.0,23.0,29.0,35.0,36.0,32.0,21.0,22.0,31.0,24.0,33.0,31.0,27.0,22.0,35.0,24.0,22.0,27.0,36.0,28.0,18.0,25.0,23.0,27.0,27.0
16.0,21.0,16.0,14.0,20.0,27.0,21.0,18.0,22.0,20.0,23.0,31.0,17.0,20.0,24.0,12.0,20.0,24.0,28.0,22.0,18.0,26.0,28.0,29.0,21.0,22.0,28.0,22.0,22.0,16.0,23.0,26.0,24.0,26.0,22.0,20.0,18.0,10.0,22.0,29.0,20.0,10.0,27.0,22.0,18.0,32.0,16.0,20.0,18.0,11.0
26.0,23.0,33.0,25.0,35.0,35.0,27.0,24.0,33.0,24.0,25.0,23.0,26.0,33.0,25.0,25.0,22.0,25.0,24.0,27.0,32.0,22.0,33.0,32.0,26.0,23.0,29.0,29.0,37.0,27.0,21.0,17.0,29.0,26.0,35.0,28.0,17.0,31.0,26.0,23.0,28.0,40.0,18.0,28.0,32.0,25.0,32.0,31.0,35.0,34.0
24.0,26.0,35.0,37.0,29.0,37.0,30.0,39.0,28.0,33.0,37.0,36.0,30.0,44.0,26.0,38.0,38.0,33.0,39.0,31.0,42.0,37.0,40.0,29.0,27.0,36.0,37.0,25.0,21.0,32.0,46.0,32.0,28.0,31.0,34.0,47.0,32.0,28.0,37.0,30.0,33.0,36.0,28.0,33.0,28.0,42.0,36.0,44.0,32.0,38.0
37.0,25.0,37.0,37.0,29.0,24.0,41.0,36.0,30.0,31.0,40.0,40.0,32.0,37.0,36.0,28.0,41.0,37.0,29.0,30.0,33.0,35.0,30.0,35.0,33.0,26.0,34.0,36.0,29.0,31.0,35.0,36.0,35.0,32.0,27.0,39.0,32.0,23.0,39.0,24.0,25.0,27.0,31.0,32.0,34.0,40.0,39.0,35.0,31.0,32.0
33.0,27.0,32.0,26.0,41.0,39.0,36.0,30.0,34.0,29.0,43.0,31.0,38.0,28.0,25.0,30.0,35.0,28.0,35.0,33.0,28.0,35.0,25.0,25.0,28.0,28.0,34.0,53.0,40.0,24.0,32.0,35.0,34.0,39.0,36.0,31.0,37.0,23.0,41.0,45.0,32.0,31.0,33.0,40.0,27.0,35.0,38.0,36.0,35.0,39.0
