10,50,1000
18.651962,17.877688,19.974927,15.031906,15.486251,17.453497,18.395438,16.667289,19.848007,17.370199
6.209238,6.927254,6.592414,9.143685,8.986787,9.215982,7.079093,7.668222,9.707459,9.794445
0.0,10.0,20.0,30.0,40.0,50.0,60.0,70.0,80.0,90.0
10.0,0.0,10.0,20.0,30.0,40.0,50.0,60.0,70.0,80.0
20.0,10.0,0.0,10.0,20.0,30.0,40.0,50.0,60.0,70.0
30.0,20.0,10.0,0.0,10.0,20.0,30.0,40.0,50.0,60.0
40.0,30.0,20.0,10.0,0.0,10.0,20.0,30.0,40.0,50.0
50.0,40.0,30.0,20.0,10.0,0.0,10.0,20.0,30.0,40.0
60.0,50.0,40.0,30.0,20.0,10.0,0.0,10.0,20.0,30.0
70.0,60.0,50.0,40.0,30.0,20.0,10.0,0.0,10.0,20.0
80.0,70.0,60.0,50.0,40.0,30.0,20.0,10.0,0.0,10.0
90.0,80.0,70.0,60.0,50.0,40.0,30.0,20.0,10.0,0.0
450.0,400.0,350.0,300.0,250.0,250.0,300.0,350.0,400.0,450.0
0.0,1.0,2.0,3.0,4.0,5.0,6.0,7.0,8.0,9.0
1.0,0.0,1.0,2.0,3.0,4.0,5.0,6.0,7.0,8.0
2.0,1.0,0.0,1.0,2.0,3.0,4.0,5.0,6.0,7.0
3.0,2.0,1.0,0.0,1.0,2.0,3.0,4.0,5.0,6.0
4.0,3.0,2.0,1.0,0.0,1.0,2.0,3.0,4.0,5.0
5.0,4.0,3.0,2.0,1.0,0.0,1.0,2.0,3.0,4.0
6.0,5.0,4.0,3.0,2.0,1.0,0.0,1.0,2.0,3.0
7.0,6.0,5.0,4.0,3.0,2.0,1.0,0.0,1.0,2.0
8.0,7.0,6.0,5.0,4.0,3.0,2.0,1.0,0.0,1.0
9.0,8.0,7.0,6.0,5.0,4.0,3.0,2.0,1.0,0.0
45.0,40.0,35.0,30.0,25.0,25.0,30.0,35.0,40.0,45.0
19.0,24.0,22.0,24.0,30.0,27.0,30.0,28.0,27.0,28.0,32.0,18.0,27.0,28.0,25.0,18.0,28.0,26.0,17.0,21.0,24.0,17.0,34.0,30.0,34.0,30.0,17.0,20.0,31.0,25.0,18.0,25.0,21.0,24.0,23.0,23.0,23.0,27.0,15.0,29.0,18.0,27.0,22.0,16.0,24.0,34.0,32.0,18.0,19.0,21.0
27.0,19.0,23.0,23.0,22.0,27.0,29.0,23.0,31.0,27.0,22.0,20.0,25.0,30.0,28.0,26.0,23.0,25.0,28.0,26.0,26.0,33.0,40.0,23.0,25.0,17.0,21.0,28.0,25.0,20.0,27.0,31.0,20.0,30.0,21.0,27.0,27.0,31.0,30.0,34.0,28.0,30.0,20.0,26.0,20.0,26.0,23.0,26.0,22.0,27.0
20.0,32.0,22.0,27.0,32.0,36.0,28.0,32.0,33.0,24.0,24.0,31.0,18.0,28.0,25.0,24.0,26.0,21.0,32.0,29.0,30.0,31.0,25.0,34.0,27.0,29.0,21.0,22.0,32.0,27.0,32.0,30.0,33.0,29.0,18.0,29.0,24.0,28.0,24.0,35.0,31.0,28.0,20.0,25.0,29.0,22.0,22.0,25.0,30.0,35.0
40.0,33.0,33.0,35.0,38.0,39.0,24.0,22.0,29.0,34.0,37.0,36.0,40.0,26.0,28.0,32.0,32.0,38.0,35.0,35.0,36.0,29.0,38.0,27.0,49.0,36.0,29.0,31.0,34.0,36.0,31.0,34.0,39.0,32.0,35.0,30.0,26.0,32.0,29.0,43.0,33.0,31.0,45.0,33.0,36.0,37.0,29.0,33.0,26.0,29.0
32.0,29.0,36.0,39.0,34.0,38.0,36.0,42.0,29.0,32.0,33.0,24.0,30.0,38.0,26.0,37.0,38.0,31.0,32.0,41.0,39.0,31.0,31.0,34.0,39.0,45.0,37.0,27.0,24.0,34.0,35.0,38.0,27.0,25.0,28.0,43.0,33.0,37.0,33.0,32.0,32.0,37.0,22.0,31.0,43.0,30.0,31.0,40.0,35.0,38.0
28.0,33.0,51.0,43.0,29.0,32.0,32.0,37.0,32.0,29.0,28.0,26.0,28.0,41.0,35.0,37.0,27.0,29.0,34.0,41.0,35.0,24.0,27.0,20.0,27.0,36.0,32.0,25.0,19.0,34.0,38.0,30.0,34.0,49.0,34.0,29.0,30.0,36.0,28.0,40.0,33.0,35.0,42.0,24.0,40.0,33.0,27.0,39.0,35.0,38.0
26.0,31.0,22.0,21.0,31.0,38.0,22.0,39.0,27.0,26.0,35.0,21.0,29.0,31.0,23.0,32.0,35.0,27.0,31.0,24.0,24.0,30.0,23.0,28.0,35.0,32.0,28.0,33.0,31.0,26.0,29.0,31.0,24.0,34.0,26.0,28.0,29.0,24.0,23.0,20.0,22.0,22.0,28.0,34.0,39.0,26.0,34.0,32.0,36.0,36.0
21.0,42.0,39.0,29.0,44.0,35.0,34.0,20.0,32.0,29.0,28.0,24.0,25.0,27.0,27.0,38.0,29.0,33.0,37.0,28.0,26.0,28.0,25.0,36.0,28.0,25.0,31.0,25.0,38.0,32.0,25.0,34.0,33.0,28.0,37.0,24.0,27.0,39.0,29.0,25.0,45.0,31.0,29.0,33.0,18.0,26.0,32.0,30.0,32.0,40.0
35.0,37.0,32.0,30.0,36.0,35.0,44.0,45.0,43.0,34.0,49.0,40.0,31.0,37.0,39.0,44.0,31.0,42.0,38.0,39.0,26.0,32.0,39.0,28.0,33.0,38.0,32.0,47.0,26.0,42.0,42.0,32.0,35.0,26.0,37.0,43.0,50.0,30.0,37.0,43.0,29.0,30.0,45.0,45.0,37.0,34.0,35.0,37.0,42.0,31.0
32.0,41.0,34.0,28.0,39.0,38.0,33.0,29.0,34.0,38.0,25.0,35.0,41.0,31.0,27.0,33.0,34.0,30.0,29.0,28.0,35.0,36.0,36.0,37.0,35.0,46.0,36.0,38.0,40.0,41.0,38.0,39.0,29.0,28.0,38.0,36.0,29.0,49.0,35.0,40.0,39.0,32.0,45.0,44.0,39.0,41.0,29.0,30.0,27.0,38.0
