10,50,1000
17.015417,16.57954,16.919537,17.868681,17.292593,19.501941,18.506992,15.354641,16.7517,17.139006
7.485342,5.057273,9.458793,9.646571,6.958021,8.766144,5.374252,9.327109,6.217179,7.313305
0.0,10.0,20.0,30.0,40.0,50.0,60.0,70.0,80.0,90.0
10.0,0.0,10.0,20.0,30.0,40.0,50.0,60.0,70.0,80.0
20.0,10.0,0.0,10.0,20.0,30.0,40.0,50.0,60.0,70.0
30.0,20.0,10.0,0.0,10.0,20.0,30.0,40.0,50.0,60.0
40.0,30.0,20.0,10.0,0.0,10.0,20.0,30.0,40.0,50.0
50.0,40.0,30.0,20.0,10.0,0.0,10.0,20.0,30.0,40.0
60.0,50.0,40.0,30.0,20.0,10.0,0.0,10.0,20.0,30.0
70.0,60.0,50.0,40.0,30.0,20.0,10.0,0.0,10.0,20.0
80.0,70.0,60.0,50.0,40.0,30.0,20.0,10.0,0.0,10.0
90.0,80.0,70.0,60.0,50.0,40.0,30.0,20.0,10.0,0.0
450.0,400.0,350.0,300.0,250.0,250.0,300.0,350.0,400.0,450.0
0.0,1.0,2.0,3.0,4.0,5.0,6.0,7.0,8.0,9.0
1.0,0.0,1.0,2.0,3.0,4.0,5.0,6.0,7.0,8.0
2.0,1.0,0.0,1.0,2.0,3.0,4.0,5.0,6.0,7.0
3.0,2.0,1.0,0.0,1.0,2.0,3.0,4.0,5.0,6.0
4.0,3.0,2.0,1.0,0.0,1.0,2.0,3.0,4.0,5.0
5.0,4.0,3.0,2.0,1.0,0.0,1.0,2.0,3.0,4.0
6.0,5.0,4.0,3.0,2.0,1.0,0.0,1.0,2.0,3.0
7.0,6.0,5.0,4.0,3.0,2.0,1.0,0.0,1.0,2.0
8.0,7.0,6.0,5.0,4.0,3.0,2.0,1.0,0.0,1.0
9.0,8.0,7.0,6.0,5.0,4.0,3.0,2.0,1.0,0.0
45.0,40.0,35.0,30.0,25.0,25.0,30.0,35.0,40.0,45.0
32.0,37.0,30.0,30.0,23.0,22.0,28.0,33.0,35.0,22.0,33.0,33.0,30.0,27.0,27.0,29.0,29.0,33.0,38.0,37.0,23.0,30.0,28.0,23.0,28.0,28.0,32.0,28.0,20.0,22.0,29.0,35.0,29.0,35.0,26.0,29.0,21.0,21.0,33.0,32.0,30.0,28.0,31.0,29.0,30.0,35.0,25.0,20.0,25.0,24.0
31.0,22.0,12.0,18.0,21.0,23.0,21.0,14.0,29.0,28.0,19.0,19.0,17.0,18.0,22.0,23.0,21.0,24.0,22.0,20.0,15.0,26.0,18.0,22.0,23.0,29.0,28.0,19.0,15.0,22.0,29.0,22.0,20.0,12.0,16.0,19.0,16.0,23.0,20.0,23.0,29.0,26.0,24.0,13.0,26.0,21.0,25.0,20.0,21.0,22.0
37.0,29.0,39.0,26.0,32.0,33.0,43.0,28.0,47.0,35.0,36.0,38.0,40.0,35.0,35.0,37.0,34.0,33.0,28.0,41.0,36.0,19.0,50.0,38.0,32.0,30.0,35.0,40.0,25.0,44.0,40.0,28.0,45.0,31.0,35.0,41.0,33.0,34.0,46.0,39.0,36.0,42.0,35.0,38.0,34.0,34.0,30.0,24.0,30.0,29.0
32.0,44.0,43.0,30.0,33.0,35.0,31.0,37.0,32.0,45.0,48.0,48.0,17.0,33.0,36.0,45.0,49.0,39.0,41.0,28.0,30.0,39.0,35.0,47.0,41.0,34.0,26.0,36.0,39.0,36.0,29.0,44.0,30.0,33.0,41.0,32.0,40.0,35.0,36.0,49.0,35.0,34.0,27.0,30.0,40.0,32.0,40.0,36.0,32.0,37.0
19.0,31.0,27.0,28.0,17.0,25.0,20.0,41.0,26.0,28.0,22.0,31.0,26.0,21.0,18.0,19.0,19.0,32.0,34.0,30.0,23.0,34.0,21.0,29.0,28.0,27.0,31.0,37.0,28.0,32.0,20.0,36.0,28.0,29.0,25.0,35.0,16.0,31.0,18.0,33.0,16.0,29.0,31.0,27.0,35.0,30.0,34.0,25.0,24.0,20.0
25.0,31.0,31.0,28.0,28.0,33.0,34.0,31.0,18.0,30.0,28.0,30.0,28.0,35.0,26.0,32.0,28.0,23.0,38.0,32.0,42.0,38.0,28.0,31.0,36.0,32.0,34.0,30.0,28.0,35.0,28.0,37.0,32.0,32.0,27.0,31.0,37.0,40.0,30.0,40.0,41.0,26.0,33.0,27.0,28.0,41.0,33.0,32.0,29.0,20.0
19.0,20.0,22.0,14.0,19.0,26.0,16.0,22.0,19.0,29.0,20.0,17.0,21.0,28.0,26.0,20.0,22.0,22.0,24.0,17.0,16.0,22.0,20.0,21.0,16.0,23.0,20.0,22.0,29.0,19.0,22.0,24.0,23.0,23.0,22.0,27.0,25.0,20.0,14.0,21.0,18.0,19.0,26.0,21.0,29.0,24.0,21.0,17.0,21.0,21.0
47.0,36.0,31.0,32.0,30.0,29.0,39.0,36.0,39.0,39.0,32.0,37.0,34.0,39.0,34.0,39.0,37.0,33.0,37.0,30.0,37.0,38.0,37.0,45.0,24.0,28.0,31.0,26.0,37.0,40.0,33.0,43.0,35.0,28.0,31.0,33.0,41.0,33.0,38.0,41.0,37.0,40.0,35.0,30.0,38.0,30.0,31.0,29.0,38.0,35.0
27.0,20.0,28.0,26.0,29.0,28.0,43.0,21.0,29.0,24.0,13.0,29.0,22.0,31.0,23.0,26.0,22.0,25.0,31.0,30.0,15.0,29.0,18.0,20.0,20.0,36.0,36.0,27.0,22.0,33.0,27.0,26.0,14.0,21.0,20.0,26.0,28.0,24.0,23.0,28.0,26.0,20.0,24.0,34.0,19.0,33.0,21.0,18.0,21.0,23.0
29.0,30.0,24.0,28.0,30.0,26.0,22.0,20.0,25.0,29.0,29.0,28.0,29.0,29.0,34.0,29.0,29.0,32.0,31.0,26.0,25.0,25.0,24.0,24.0,24.0,21.0,35.0,25.0,32.0,36.0,25.0,26.0,36.0,33.0,31.0,28.0,30.0,41.0,24.0,33.0,21.0,27.0,24.0,24.0,28.0,29.0,22.0,37.0,29.0,28.0
