10,50,1000
15.294432,19.761749,17.184902,16.408454,16.900968,17.369042,19.819429,16.495899,15.541853,15.240484
9.969874,9.219391,8.5779,8.423162,5.774264,7.982002,5.834657,5.063356,9.22249,6.024089
0.0,10.0,20.0,30.0,40.0,50.0,60.0,70.0,80.0,90.0
10.0,0.0,10.0,20.0,30.0,40.0,50.0,60.0,70.0,80.0
20.0,10.0,0.0,10.0,20.0,30.0,40.0,50.0,60.0,70.0
30.0,20.0,10.0,0.0,10.0,20.0,30.0,40.0,50.0,60.0
40.0,30.0,20.0,10.0,0.0,10.0,20.0,30.0,40.0,50.0
50.0,40.0,30.0,20.0,10.0,0.0,10.0,20.0,30.0,40.0
60.0,50.0,40.0,30.0,20.0,10.0,0.0,10.0,20.0,30.0
70.0,60.0,50.0,40.0,30.0,20.0,10.0,0.0,10.0,20.0
80.0,70.0,60.0,50.0,40.0,30.0,20.0,10.0,0.0,10.0
90.0,80.0,70.0,60.0,50.0,40.0,30.0,20.0,10.0,0.0
450.0,400.0,350.0,300.0,250.0,250.0,300.0,350.0,400.0,450.0
0.0,1.0,2.0,3.0,4.0,5.0,6.0,7.0,8.0,9.0
1.0,0.0,1.0,2.0,3.0,4.0,5.0,6.0,7.0,8.0
2.0,1.0,0.0,1.0,2.0,3.0,4.0,5.0,6.0,7.0
3.0,2.0,1.0,0.0,1.0,2.0,3.0,4.0,5.0,6.0
4.0,3.0,2.0,1.0,0.0,1.0,2.0,3.0,4.0,5.0
5.0,4.0,3.0,2.0,1.0,0.0,1.0,2.0,3.0,4.0
6.0,5.0,4.0,3.0,2.0,1.0,0.0,1.0,2.0,3.0
7.0,6.0,5.0,4.0,3.0,2.0,1.0,0.0,1.0,2.0
8.0,7.0,6.0,5.0,4.0,3.0,2.0,1.0,0.0,1.0
9.0,8.0,7.0,6.0,5.0,4.0,3.0,2.0,1.0,0.0
45.0,40.0,35.0,30.0,25.0,25.0,30.0,35.0,40.0,45.0
37.0,37.0,32.0,44.0,50.0,41.0,39.0,31.0,32.0,39.0,32.0,46.0,36.0,31.0,29.0,39.0,31.0,15.0,36.0,34.0,34.0,32.0,47.0,42.0,39.0,30.0,36.0,40.0,30.0,30.0,30.0,31.0,30.0,51.0,38.0,42.0,31.0,46.0,49.0,35.0,43.0,35.0,46.0,40.0,40.0,33.0,36.0,34.0,31.0,34.0
50.0,38.0,42.0,32.0,35.0,39.0,28.0,28.0,38.0,43.0,34.0,45.0,43.0,27.0,49.0,38.0,37.0,36.0,33.0,30.0,28.0,32.0,38.0,41.0,27.0,27.0,21.0,38.0,22.0,42.0,28.0,32.0,43.0,38.0,29.0,37.0,34.0,46.0,45.0,32.0,34.0,26.0,39.0,34.0,30.0,38.0,43.0,26.0,42.0,35.0
43.0,26.0,27.0,35.0,35.0,35.0,28.0,34.0,32.0,26.0,31.0,35.0,28.0,38.0,24.0,35.0,32.0,31.0,24.0,34.0,26.0,37.0,21.0,33.0,29.0,23.0,30.0,42.0,29.0,34.0,29.0,31.0,31.0,17.0,44.0,23.0,32.0,33.0,31.0,36.0,28.0,31.0,30.0,36.0,32.0,41.0,37.0,32.0,21.0,38.0
30.0,33.0,39.0,32.0,36.0,29.0,29.0,31.0,28.0,26.0,17.0,32.0,27.0,30.0,30.0,21.0,28.0,39.0,31.0,36.0,37.0,23.0,33.0,33.0,30.0,27.0,27.0,32.0,31.0,28.0,29.0,40.0,36.0,29.0,31.0,26.0,34.0,32.0,35.0,30.0,45.0,31.0,26.0,33.0,31.0,27.0,29.0,25.0,33.0,34.0
26.0,25.0,31.0,19.0,29.0,27.0,28.0,19.0,27.0,20.0,31.0,24.0,25.0,14.0,19.0,27.0,20.0,34.0,32.0,31.0,28.0,26.0,25.0,28.0,18.0,26.0,21.0,25.0,22.0,25.0,25.0,34.0,29.0,21.0,23.0,22.0,21.0,23.0,29.0,28.0,23.0,23.0,22.0,21.0,24.0,26.0,19.0,26.0,27.0,15.0
19.0,26.0,33.0,23.0,29.0,28.0,31.0,31.0,23.0,20.0,26.0,33.0,38.0,22.0,20.0,28.0,26.0,35.0,34.0,15.0,34.0,32.0,29.0,33.0,25.0,36.0,32.0,35.0,25.0,34.0,28.0,20.0,29.0,31.0,38.0,28.0,19.0,31.0,26.0,33.0,29.0,47.0,19.0,31.0,31.0,23.0,30.0,36.0,43.0,38.0
27.0,22.0,21.0,27.0,27.0,25.0,29.0,20.0,23.0,28.0,13.0,22.0,22.0,26.0,23.0,31.0,19.0,17.0,29.0,22.0,26.0,32.0,30.0,21.0,20.0,32.0,23.0,24.0,26.0,32.0,30.0,28.0,23.0,32.0,20.0,31.0,21.0,27.0,26.0,32.0,26.0,19.0,21.0,33.0,26.0,22.0,25.0,21.0,26.0,33.0
26.0,22.0,15.0,28.0,19.0,28.0,25.0,25.0,22.0,14.0,15.0,24.0,24.0,22.0,22.0,20.0,19.0,27.0,23.0,20.0,15.0,22.0,23.0,16.0,18.0,18.0,14.0,21.0,18.0,28.0,23.0,17.0,25.0,20.0,20.0,19.0,26.0,15.0,17.0,24.0,24.0,29.0,26.0,23.0,25.0,25.0,17.0,29.0,18.0,21.0
35.0,35.0,40.0,28.0,39.0,26.0,20.0,35.0,31.0,46.0,41.0,21.0,33.0,39.0,33.0,37.0,28.0,27.0,22.0,41.0,41.0,31.0,27.0,30.0,40.0,31.0,32.0,25.0,37.0,36.0,26.0,35.0,33.0,26.0,44.0,28.0,35.0,34.0,44.0,20.0,26.0,31.0,34.0,43.0,27.0,26.0,20.0,35.0,39.0,34.0
19.0,12.0,17.0,17.0,13.0,28.0,27.0,34.0,12.0,24.0,23.0,17.0,25.0,17.0,18.0,23.0,21.0,19.0,23.0,17.0,22.0,26.0,21.0,19.0,30.0,22.0,28.0,31.0,21.0,13.0,29.0,27.0,23.0,25.0,24.0,17.0,16.0,18.0,18.0,26.0,22.0,23.0,11.0,17.0,29.0,27.0,29.0,18.0,25.0,25.0
