10,50,1000
15.222516,18.486069,19.749963,19.693861,16.083804,18.151167,15.158686,19.779975,15.679931,15.288838
9.320656,6.886908,8.078046,7.491764,5.719049,5.69573,7.077703,7.718366,6.478802,8.89543
0.0,10.0,20.0,30.0,40.0,50.0,60.0,70.0,80.0,90.0
10.0,0.0,10.0,20.0,30.0,40.0,50.0,60.0,70.0,80.0
20.0,10.0,0.0,10.0,20.0,30.0,40.0,50.0,60.0,70.0
30.0,20.0,10.0,0.0,10.0,20.0,30.0,40.0,50.0,60.0
40.0,30.0,20.0,10.0,0.0,10.0,20.0,30.0,40.0,50.0
50.0,40.0,30.0,20.0,10.0,0.0,10.0,20.0,30.0,40.0
60.0,50.0,40.0,30.0,20.0,10.0,0.0,10.0,20.0,30.0
70.0,60.0,50.0,40.0,30.0,20.0,10.0,0.0,10.0,20.0
80.0,70.0,60.0,50.0,40.0,30.0,20.0,10.0,0.0,10.0
90.0,80.0,70.0,60.0,50.0,40.0,30.0,20.0,10.0,0.0
450.0,400.0,350.0,300.0,250.0,250.0,300.0,350.0,400.0,450.0
0.0,1.0,2.0,3.0,4.0,5.0,6.0,7.0,8.0,9.0
1.0,0.0,1.0,2.0,3.0,4.0,5.0,6.0,7.0,8.0
2.0,1.0,0.0,1.0,2.0,3.0,4.0,5.0,6.0,7.0
3.0,2.0,1.0,0.0,1.0,2.0,3.0,4.0,5.0,6.0
4.0,3.0,2.0,1.0,0.0,1.0,2.0,3.0,4.0,5.0
5.0,4.0,3.0,2.0,1.0,0.0,1.0,2.0,3.0,4.0
6.0,5.0,4.0,3.0,2.0,1.0,0.0,1.0,2.0,3.0
7.0,6.0,5.0,4.0,3.0,2.0,1.0,0.0,1.0,2.0
8.0,7.0,6.0,5.0,4.0,3.0,2.0,1.0,0.0,1.0
9.0,8.0,7.0,6.0,5.0,4.0,3.0,2.0,1.0,0.0
45.0,40.0,35.0,30.0,25.0,25.0,30.0,35.0,40.0,45.0
44.0,40.0,24.0,49.0,33.0,44.0,40.0,42.0,32.0,24.0,39.0,35.0,31.0,30.0,45.0,32.0,28.0,45.0,23.0,31.0,48.0,23.0,31.0,38.0,27.0,45.0,28.0,47.0,37.0,41.0,30.0,30.0,31.0,26.0,34.0,35.0,43.0,39.0,33.0,42.0,31.0,32.0,39.0,28.0,31.0,26.0,27.0,27.0,34.0,42.0
24.0,26.0,34.0,30.0,33.0,24.0,43.0,29.0,23.0,25.0,26.0,27.0,43.0,20.0,32.0,36.0,27.0,33.0,31.0,31.0,29.0,43.0,25.0,33.0,21.0,31.0,35.0,29.0,30.0,23.0,22.0,31.0,30.0,27.0,28.0,34.0,24.0,29.0,28.0,27.0,24.0,24.0,26.0,38.0,22.0,22.0,37.0,25.0,23.0,35.0
30.0,31.0,30.0,29.0,42.0,33.0,29.0,30.0,34.0,26.0,29.0,33.0,28.0,24.0,40.0,37.0,31.0,18.0,29.0,33.0,29.0,31.0,31.0,32.0,41.0,39.0,32.0,34.0,32.0,37.0,21.0,33.0,31.0,44.0,25.0,28.0,39.0,34.0,34.0,33.0,33.0,29.0,25.0,31.0,37.0,38.0,34.0,40.0,31.0,36.0
35.0,31.0,25.0,31.0,30.0,25.0,34.0,30.0,23.0,33.0,23.0,24.0,21.0,30.0,36.0,28.0,31.0,31.0,38.0,38.0,29.0,32.0,25.0,27.0,24.0,22.0,24.0,36.0,29.0,26.0,40.0,37.0,30.0,20.0,33.0,28.0,31.0,27.0,33.0,21.0,19.0,35.0,31.0,27.0,36.0,26.0,26.0,35.0,23.0,19.0
20.0,21.0,25.0,26.0,22.0,14.0,19.0,24.0,25.0,23.0,23.0,23.0,23.0,27.0,23.0,22.0,27.0,26.0,29.0,31.0,19.0,27.0,22.0,22.0,21.0,23.0,21.0,21.0,25.0,29.0,27.0,23.0,26.0,17.0,33.0,28.0,18.0,25.0,29.0,21.0,29.0,15.0,19.0,29.0,17.0,24.0,18.0,17.0,19.0,19.0
24.0,29.0,23.0,23.0,30.0,22.0,35.0,23.0,22.0,28.0,20.0,27.0,21.0,24.0,24.0,18.0,21.0,16.0,27.0,22.0,24.0,22.0,17.0,24.0,18.0,14.0,20.0,29.0,25.0,26.0,21.0,29.0,28.0,31.0,28.0,17.0,26.0,23.0,26.0,22.0,27.0,22.0,23.0,21.0,26.0,30.0,28.0,33.0,24.0,24.0
36.0,27.0,18.0,22.0,34.0,28.0,40.0,30.0,23.0,39.0,36.0,34.0,31.0,23.0,18.0,24.0,23.0,27.0,36.0,30.0,27.0,18.0,25.0,37.0,28.0,18.0,26.0,22.0,29.0,21.0,29.0,31.0,30.0,20.0,32.0,25.0,33.0,31.0,25.0,24.0,24.0,24.0,29.0,31.0,29.0,33.0,23.0,30.0,23.0,19.0
36.0,27.0,40.0,17.0,35.0,50.0,26.0,28.0,30.0,31.0,48.0,22.0,36.0,32.0,29.0,25.0,20.0,28.0,30.0,29.0,31.0,27.0,28.0,35.0,30.0,31.0,36.0,22.0,30.0,26.0,30.0,33.0,33.0,26.0,23.0,27.0,27.0,34.0,29.0,33.0,37.0,41.0,30.0,41.0,26.0,30.0,37.0,40.0,24.0,19.0
36.0,35.0,26.0,18.0,25.0,35.0,29.0,27.0,19.0,19.0,27.0,24.0,31.0,22.0,21.0,28.0,30.0,33.0,23.0,23.0,31.0,28.0,13.0,32.0,23.0,29.0,30.0,32.0,24.0,27.0,29.0,24.0,25.0,21.0,18.0,30.0,27.0,27.0,30.0,23.0,17.0,35.0,26.0,20.0,19.0,22.0,24.0,19.0,23.0,24.0
40.0,33.0,21.0,27.0,28.0,35.0,32.0,30.0,25.0,42.0,35.0,33.0,31.0,35.0,26.0,23.0,36.0,30.0,20.0,43.0,31.0,28.0,33.0,31.0,38.0,28.0,29.0,29.0,37.0,31.0,38.0,32.0,38.0,36.0,33.0,29.0,25.0,30.0,35.0,47.0,25.0,30.0,32.0,30.0,35.0,39.0,32.0,33.0,32.0,26.0
