10,50,1000
15.828424,19.755473,17.141508,16.687731,16.869604,17.677664,16.537384,19.985928,19.165454,16.219363
9.308972,6.477495,7.693166,6.654857,5.264252,6.24097,6.467044,8.022799,6.560048,5.048911
0.0,10.0,20.0,30.0,40.0,50.0,60.0,70.0,80.0,90.0
10.0,0.0,10.0,20.0,30.0,40.0,50.0,60.0,70.0,80.0
20.0,10.0,0.0,10.0,20.0,30.0,40.0,50.0,60.0,70.0
30.0,20.0,10.0,0.0,10.0,20.0,30.0,40.0,50.0,60.0
40.0,30.0,20.0,10.0,0.0,10.0,20.0,30.0,40.0,50.0
50.0,40.0,30.0,20.0,10.0,0.0,10.0,20.0,30.0,40.0
60.0,50.0,40.0,30.0,20.0,10.0,0.0,10.0,20.0,30.0
70.0,60.0,50.0,40.0,30.0,20.0,10.0,0.0,10.0,20.0
80.0,70.0,60.0,50.0,40.0,30.0,20.0,10.0,0.0,10.0
90.0,80.0,70.0,60.0,50.0,40.0,30.0,20.0,10.0,0.0
450.0,400.0,350.0,300.0,250.0,250.0,300.0,350.0,400.0,450.0
0.0,1.0,2.0,3.0,4.0,5.0,6.0,7.0,8.0,9.0
1.0,0.0,1.0,2.0,3.0,4.0,5.0,6.0,7.0,8.0
2.0,1.0,0.0,1.0,2.0,3.0,4.0,5.0,6.0,7.0
3.0,2.0,1.0,0.0,1.0,2.0,3.0,4.0,5.0,6.0
4.0,3.0,2.0,1.0,0.0,1.0,2.0,3.0,4.0,5.0
5.0,4.0,3.0,2.0,1.0,0.0,1.0,2.0,3.0,4.0
6.0,5.0,4.0,3.0,2.0,1.0,0.0,1.0,2.0,3.0
7.0,6.0,5.0,4.0,3.0,2.0,1.0,0.0,1.0,2.0
8.0,7.0,6.0,5.0,4.0,3.0,2.0,1.0,0.0,1.0
9.0,8.0,7.0,6.0,5.0,4.0,3.0,2.0,1.0,0.0
45.0,40.0,35.0,30.0,25.0,25.0,30.0,35.0,40.0,45.0
25.0,38.0,37.0,49.0,32.0,43.0,30.0,29.0,34.0,34.0,40.0,36.0,35.0,32.0,27.0,34.0,40.0,40.0,34.0,29.0,25.0,39.0,26.0,36.0,42.0,30.0,30.0,27.0,36.0,36.0,35.0,24.0,35.0,36.0,38.0,33.0,45.0,35.0,36.0,31.0,33.0,44.0,31.0,34.0,36.0,24.0,31.0,26.0,43.0,31.0
22.0,25.0,26.0,23.0,32.0,23.0,27.0,34.0,19.0,16.0,30.0,27.0,28.0,19.0,18.0,30.0,22.0,31.0,24.0,21.0,26.0,25.0,21.0,20.0,27.0,31.0,20.0,25.0,27.0,21.0,19.0,26.0,30.0,18.0,24.0,34.0,25.0,23.0,28.0,21.0,30.0,38.0,26.0,21.0,25.0,26.0,22.0,26.0,26.0,27.0
24.0,35.0,36.0,30.0,22.0,30.0,25.0,32.0,34.0,36.0,21.0,38.0,30.0,22.0,31.0,18.0,32.0,24.0,25.0,25.0,30.0,34.0,29.0,31.0,19.0,30.0,24.0,27.0,34.0,33.0,38.0,33.0,28.0,32.0,27.0,26.0,30.0,35.0,21.0,32.0,23.0,34.0,29.0,29.0,23.0,35.0,25.0,26.0,33.0,28.0
21.0,27.0,30.0,20.0,26.0,19.0,27.0,20.0,28.0,29.0,29.0,26.0,31.0,31.0,22.0,21.0,31.0,30.0,18.0,21.0,34.0,25.0,27.0,36.0,28.0,25.0,32.0,23.0,18.0,27.0,18.0,29.0,23.0,32.0,26.0,34.0,32.0,26.0,29.0,27.0,34.0,31.0,34.0,28.0,26.0,21.0,28.0,24.0,29.0,29.0
23.0,21.0,22.0,20.0,20.0,17.0,19.0,23.0,15.0,19.0,18.0,14.0,14.0,27.0,19.0,20.0,23.0,21.0,24.0,21.0,24.0,14.0,19.0,21.0,24.0,21.0,18.0,14.0,23.0,22.0,23.0,24.0,24.0,19.0,14.0,24.0,21.0,21.0,28.0,13.0,25.0,12.0,18.0,17.0,20.0,22.0,27.0,25.0,16.0,26.0
21.0,27.0,27.0,25.0,36.0,26.0,23.0,33.0,22.0,21.0,32.0,18.0,17.0,19.0,32.0,21.0,25.0,35.0,26.0,27.0,27.0,29.0,26.0,30.0,18.0,36.0,28.0,23.0,19.0,23.0,18.0,28.0,28.0,28.0,27.0,25.0,29.0,34.0,26.0,33.0,23.0,29.0,32.0,27.0,23.0,24.0,29.0,32.0,20.0,23.0
22.0,27.0,28.0,19.0,24.0,20.0,21.0,20.0,28.0,33.0,29.0,26.0,22.0,23.0,19.0,23.0,24.0,24.0,23.0,28.0,31.0,40.0,21.0,33.0,26.0,21.0,10.0,35.0,30.0,33.0,24.0,22.0,23.0,21.0,32.0,26.0,26.0,27.0,28.0,21.0,15.0,35.0,29.0,27.0,36.0,29.0,26.0,22.0,17.0,22.0
25.0,41.0,34.0,34.0,24.0,35.0,33.0,34.0,30.0,23.0,38.0,36.0,37.0,28.0,32.0,38.0,26.0,41.0,36.0,25.0,40.0,31.0,33.0,28.0,52.0,32.0,38.0,27.0,23.0,33.0,39.0,22.0,27.0,34.0,33.0,29.0,41.0,32.0,41.0,35.0,22.0,29.0,27.0,33.0,25.0,30.0,31.0,25.0,42.0,24.0
25.0,18.0,23.0,25.0,22.0,31.0,34.0,31.0,20.0,31.0,25.0,30.0,29.0,31.0,31.0,21.0,28.0,23.0,21.0,25.0,22.0,26.0,15.0,24.0,11.0,21.0,20.0,31.0,28.0,25.0,19.0,22.0,31.0,35.0,24.0,25.0,25.0,27.0,26.0,31.0,26.0,26.0,34.0,22.0,18.0,32.0,24.0,25.0,25.0,18.0
18.0,18.0,23.0,27.0,24.0,18.0,22.0,23.0,31.0,20.0,24.0,18.0,31.0,28.0,19.0,30.0,20.0,18.0,23.0,15.0,18.0,12.0,22.0,19.0,20.0,24.0,20.0,26.0,18.0,17.0,25.0,15.0,13.0,20.0,19.0,15.0,19.0,21.0,23.0,19.0,25.0,20.0,25.0,20.0,26.0,22.0,23.0,22.0,18.0,22.0
