10,50,1000
15.42523,17.433223,17.621693,16.918597,17.738758,18.078454,15.658218,15.778163,19.51768,16.731394
5.818153,5.859686,7.733813,7.000062,5.174907,9.019282,5.103515,6.194049,9.311316,5.624888
0.0,10.0,20.0,30.0,40.0,50.0,60.0,70.0,80.0,90.0
10.0,0.0,10.0,20.0,30.0,40.0,50.0,60.0,70.0,80.0
20.0,10.0,0.0,10.0,20.0,30.0,40.0,50.0,60.0,70.0
30.0,20.0,10.0,0.0,10.0,20.0,30.0,40.0,50.0,60.0
40.0,30.0,20.0,10.0,0.0,10.0,20.0,30.0,40.0,50.0
50.0,40.0,30.0,20.0,10.0,0.0,10.0,20.0,30.0,40.0
60.0,50.0,40.0,30.0,20.0,10.0,0.0,10.0,20.0,30.0
70.0,60.0,50.0,40.0,30.0,20.0,10.0,0.0,10.0,20.0
80.0,70.0,60.0,50.0,40.0,30.0,20.0,10.0,0.0,10.0
90.0,80.0,70.0,60.0,50.0,40.0,30.0,20.0,10.0,0.0
450.0,400.0,350.0,300.0,250.0,250.0,300.0,350.0,400.0,450.0
0.0,1.0,2.0,3.0,4.0,5.0,6.0,7.0,8.0,9.0
1.0,0.0,1.0,2.0,3.0,4.0,5.0,6.0,7.0,8.0
2.0,1.0,0.0,1.0,2.0,3.0,4.0,5.0,6.0,7.0
3.0,2.0,1.0,0.0,1.0,2.0,3.0,4.0,5.0,6.0
4.0,3.0,2.0,1.0,0.0,1.0,2.0,3.0,4.0,5.0
5.0,4.0,3.0,2.0,1.0,0.0,1.0,2.0,3.0,4.0
6.0,5.0,4.0,3.0,2.0,1.0,0.0,1.0,2.0,3.0
7.0,6.0,5.0,4.0,3.0,2.0,1.0,0.0,1.0,2.0
8.0,7.0,6.0,5.0,4.0,3.0,2.0,1.0,0.0,1.0
9.0,8.0,7.0,6.0,5.0,4.0,3.0,2.0,1.0,0.0
45.0,40.0,35.0,30.0,25.0,25.0,30.0,35.0,40.0,45.0
21.0,18.0,14.0,22.0,27.0,32.0,37.0,29.0,22.0,23.0,29.0,18.0,24.0,25.0,26.0,21.0,21.0,17.0,20.0,29.0,27.0,20.0,24.0,20.0,21.0,23.0,17.0,23.0,17.0,17.0,21.0,16.0,22.0,20.0,30.0,31.0,22.0,25.0,20.0,27.0,26.0,21.0,30.0,30.0,21.0,24.0,28.0,18.0,17.0,22.0
30.0,21.0,23.0,25.0,30.0,16.0,33.0,28.0,17.0,30.0,24.0,17.0,19.0,29.0,19.0,27.0,22.0,26.0,28.0,19.0,23.0,22.0,24.0,18.0,26.0,21.0,21.0,24.0,18.0,23.0,33.0,20.0,27.0,31.0,20.0,20.0,17.0,25.0,19.0,16.0,30.0,25.0,24.0,22.0,23.0,24.0,27.0,29.0,33.0,24.0
34.0,21.0,23.0,27.0,30.0,17.0,37.0,28.0,38.0,35.0,27.0,35.0,25.0,42.0,34.0,33.0,38.0,25.0,32.0,24.0,27.0,36.0,32.0,33.0,29.0,26.0,33.0,30.0,25.0,27.0,18.0,29.0,23.0,28.0,31.0,33.0,23.0,25.0,29.0,34.0,24.0,24.0,32.0,32.0,34.0,23.0,26.0,19.0,32.0,34.0
26.0,26.0,31.0,23.0,30.0,31.0,33.0,21.0,26.0,27.0,26.0,25.0,33.0,23.0,19.0,28.0,30.0,22.0,30.0,22.0,23.0,20.0,25.0,28.0,27.0,30.0,17.0,33.0,26.0,31.0,29.0,37.0,24.0,33.0,22.0,28.0,27.0,14.0,24.0,35.0,24.0,22.0,27.0,22.0,29.0,21.0,30.0,35.0,25.0,24.0
19.0,13.0,14.0,21.0,17.0,23.0,24.0,24.0,22.0,13.0,12.0,21.0,24.0,23.0,16.0,28.0,25.0,19.0,29.0,18.0,21.0,17.0,16.0,22.0,20.0,23.0,22.0,22.0,16.0,27.0,19.0,21.0,19.0,26.0,13.0,18.0,30.0,18.0,14.0,24.0,15.0,18.0,20.0,15.0,25.0,21.0,18.0,22.0,19.0,22.0
33.0,40.0,31.0,34.0,45.0,28.0,43.0,36.0,37.0,35.0,40.0,33.0,23.0,31.0,33.0,26.0,30.0,34.0,40.0,37.0,31.0,31.0,41.0,43.0,29.0,29.0,38.0,37.0,35.0,29.0,32.0,31.0,26.0,35.0,39.0,32.0,32.0,39.0,29.0,29.0,30.0,32.0,39.0,31.0,36.0,26.0,24.0,33.0,37.0,34.0
16.0,19.0,20.0,29.0,29.0,24.0,16.0,32.0,13.0,22.0,19.0,32.0,20.0,20.0,22.0,26.0,35.0,32.0,22.0,22.0,17.0,12.0,26.0,19.0,33.0,29.0,16.0,15.0,12.0,18.0,28.0,27.0,32.0,26.0,20.0,27.0,19.0,29.0,18.0,16.0,22.0,19.0,25.0,16.0,18.0,20.0,21.0,21.0,24.0,26.0
21.0,23.0,21.0,25.0,25.0,15.0,17.0,20.0,19.0,23.0,29.0,22.0,28.0,24.0,22.0,29.0,21.0,23.0,27.0,20.0,33.0,26.0,28.0,26.0,19.0,30.0,22.0,18.0,29.0,27.0,20.0,24.0,17.0,25.0,24.0,27.0,20.0,27.0,22.0,25.0,24.0,26.0,20.0,24.0,28.0,17.0,25.0,16.0,23.0,32.0
48.0,33.0,36.0,21.0,35.0,32.0,35.0,43.0,37.0,38.0,44.0,31.0,32.0,29.0,45.0,44.0,24.0,38.0,34.0,35.0,49.0,30.0,40.0,45.0,40.0,40.0,38.0,33.0,42.0,20.0,28.0,39.0,40.0,27.0,30.0,31.0,48.0,32.0,32.0,28.0,35.0,30.0,44.0,25.0,31.0,33.0,41.0,32.0,31.0,35.0
31.0,38.0,24.0,21.0,31.0,30.0,18.0,24.0,22.0,24.0,19.0,22.0,17.0,17.0,25.0,29.0,20.0,22.0,25.0,26.0,20.0,19.0,15.0,28.0,17.0,20.0,29.0,23.0,29.0,28.0,25.0,19.0,21.0,23.0,17.0,28.0,29.0,33.0,20.0,27.0,24.0,16.0,28.0,25.0,29.0,16.0,29.0,25.0,27.0,30.0
