10,50,1000
19.252366,18.324387,17.068662,17.132877,15.892118,19.647767,19.929554,18.330218,16.229386,16.51137
7.628679,8.165785,5.504486,7.267729,6.424859,6.447593,7.671628,7.317177,5.464969,7.120508
0.0,10.0,20.0,30.0,40.0,50.0,60.0,70.0,80.0,90.0
10.0,0.0,10.0,20.0,30.0,40.0,50.0,60.0,70.0,80.0
20.0,10.0,0.0,10.0,20.0,30.0,40.0,50.0,60.0,70.0
30.0,20.0,10.0,0.0,10.0,20.0,30.0,40.0,50.0,60.0
40.0,30.0,20.0,10.0,0.0,10.0,20.0,30.0,40.0,50.0
50.0,40.0,30.0,20.0,10.0,0.0,10.0,20.0,30.0,40.0
60.0,50.0,40.0,30.0,20.0,10.0,0.0,10.0,20.0,30.0
70.0,60.0,50.0,40.0,30.0,20.0,10.0,0.0,10.0,20.0
80.0,70.0,60.0,50.0,40.0,30.0,20.0,10.0,0.0,10.0
90.0,80.0,70.0,60.0,50.0,40.0,30.0,20.0,10.0,0.0
450.0,400.0,350.0,300.0,250.0,250.0,300.0,350.0,400.0,450.0
0.0,1.0,2.0,3.0,4.0,5.0,6.0,7.0,8.0,9.0
1.0,0.0,1.0,2.0,3.0,4.0,5.0,6.0,7.0,8.0
2.0,1.0,0.0,1.0,2.0,3.0,4.0,5.0,6.0,7.0
3.0,2.0,1.0,0.0,1.0,2.0,3.0,4.0,5.0,6.0
4.0,3.0,2.0,1.0,0.0,1.0,2.0,3.0,4.0,5.0
5.0,4.0,3.0,2.0,1.0,0.0,1.0,2.0,3.0,4.0
6.0,5.0,4.0,3.0,2.0,1.0,0.0,1.0,2.0,3.0
7.0,6.0,5.0,4.0,3.0,2.0,1.0,0.0,1.0,2.0
8.0,7.0,6.0,5.0,4.0,3.0,2.0,1.0,0.0,1.0
9.0,8.0,7.0,6.0,5.0,4.0,3.0,2.0,1.0,0.0
45.0,40.0,35.0,30.0,25.0,25.0,30.0,35.0,40.0,45.0
23.0,32.0,24.0,27.0,32.0,21.0,28.0,32.0,38.0,26.0,33.0,29.0,29.0,34.0,30.0,29.0,32.0,25.0,30.0,30.0,29.0,41.0,23.0,27.0,37.0,37.0,34.0,22.0,35.0,24.0,35.0,28.0,35.0,27.0,27.0,35.0,30.0,24.0,31.0,34.0,27.0,32.0,39.0,23.0,30.0,35.0,31.0,31.0,32.0,26.0
29.0,29.0,26.0,32.0,32.0,30.0,33.0,30.0,32.0,32.0,26.0,29.0,32.0,28.0,43.0,30.0,31.0,24.0,34.0,35.0,29.0,20.0,24.0,32.0,30.0,32.0,41.0,45.0,28.0,24.0,39.0,31.0,28.0,27.0,25.0,23.0,41.0,24.0,25.0,39.0,35.0,26.0,26.0,23.0,27.0,30.0,27.0,27.0,28.0,28.0
29.0,20.0,19.0,19.0,14.0,27.0,20.0,17.0,21.0,21.0,17.0,25.0,29.0,28.0,19.0,21.0,31.0,11.0,20.0,23.0,30.0,17.0,26.0,30.0,19.0,21.0,32.0,15.0,15.0,20.0,27.0,29.0,28.0,20.0,25.0,28.0,27.0,20.0,32.0,26.0,21.0,25.0,25.0,16.0,15.0,16.0,27.0,18.0,15.0,28.0
32.0,32.0,42.0,31.0,27.0,37.0,29.0,33.0,31.0,21.0,31.0,26.0,27.0,24.0,26.0,23.0,36.0,30.0,30.0,28.0,32.0,31.0,29.0,44.0,28.0,26.0,24.0,31.0,30.0,25.0,30.0,24.0,21.0,31.0,27.0,26.0,29.0,24.0,31.0,30.0,29.0,29.0,28.0,28.0,25.0,31.0,30.0,33.0,25.0,27.0
20.0,34.0,28.0,14.0,23.0,19.0,22.0,32.0,33.0,26.0,28.0,34.0,31.0,24.0,24.0,24.0,24.0,21.0,26.0,25.0,24.0,25.0,28.0,24.0,19.0,25.0,27.0,29.0,33.0,20.0,22.0,21.0,27.0,23.0,23.0,27.0,37.0,24.0,35.0,27.0,25.0,22.0,21.0,22.0,29.0,25.0,25.0,24.0,24.0,28.0
32.0,25.0,30.0,22.0,23.0,25.0,23.0,35.0,22.0,36.0,26.0,17.0,25.0,31.0,29.0,26.0,20.0,30.0,20.0,16.0,21.0,34.0,29.0,28.0,26.0,26.0,25.0,26.0,21.0,20.0,28.0,26.0,24.0,30.0,32.0,19.0,23.0,29.0,31.0,29.0,20.0,25.0,31.0,29.0,23.0,23.0,30.0,31.0,13.0,25.0
28.0,41.0,23.0,31.0,30.0,24.0,29.0,30.0,20.0,34.0,33.0,29.0,35.0,32.0,36.0,18.0,37.0,31.0,29.0,41.0,19.0,40.0,38.0,28.0,25.0,32.0,26.0,31.0,29.0,27.0,32.0,25.0,29.0,30.0,28.0,36.0,36.0,24.0,32.0,30.0,28.0,35.0,35.0,27.0,23.0,35.0,24.0,32.0,31.0,34.0
26.0,26.0,26.0,26.0,22.0,23.0,41.0,26.0,32.0,33.0,30.0,29.0,39.0,25.0,28.0,29.0,29.0,29.0,24.0,27.0,20.0,26.0,29.0,35.0,32.0,32.0,25.0,31.0,24.0,28.0,31.0,28.0,29.0,23.0,34.0,32.0,34.0,23.0,27.0,28.0,31.0,36.0,28.0,22.0,30.0,29.0,21.0,38.0,32.0,26.0
16.0,15.0,22.0,19.0,19.0,26.0,25.0,33.0,20.0,21.0,16.0,23.0,16.0,20.0,31.0,13.0,24.0,25.0,24.0,22.0,20.0,25.0,21.0,27.0,27.0,23.0,21.0,22.0,21.0,26.0,17.0,18.0,23.0,16.0,20.0,28.0,26.0,27.0,23.0,12.0,11.0,22.0,25.0,24.0,24.0,25.0,27.0,15.0,22.0,26.0
22.0,28.0,28.0,23.0,22.0,31.0,29.0,23.0,29.0,29.0,25.0,31.0,29.0,16.0,33.0,26.0,33.0,20.0,27.0,28.0,20.0,33.0,21.0,22.0,24.0,25.0,26.0,42.0,21.0,31.0,20.0,29.0,25.0,29.0,26.0,28.0,32.0,30.0,31.0,20.0,35.0,21.0,30.0,22.0,28.0,26.0,23.0,31.0,25.0,25.0
