10,50,1000
17.143435,17.72883,19.435135,19.726585,19.863659,17.821367,18.636192,15.790335,16.584382,15.347459
6.183445,8.125896,7.275677,8.952884,7.332282,7.359175,8.186204,8.674231,8.83133,7.510893
0.0,10.0,20.0,30.0,40.0,50.0,60.0,70.0,80.0,90.0
10.0,0.0,10.0,20.0,30.0,40.0,50.0,60.0,70.0,80.0
20.0,10.0,0.0,10.0,20.0,30.0,40.0,50.0,60.0,70.0
30.0,20.0,10.0,0.0,10.0,20.0,30.0,40.0,50.0,60.0
40.0,30.0,20.0,10.0,0.0,10.0,20.0,30.0,40.0,50.0
50.0,40.0,30.0,20.0,10.0,0.0,10.0,20.0,30.0,40.0
60.0,50.0,40.0,30.0,20.0,10.0,0.0,10.0,20.0,30.0
70.0,60.0,50.0,40.0,30.0,20.0,10.0,0.0,10.0,20.0
80.0,70.0,60.0,50.0,40.0,30.0,20.0,10.0,0.0,10.0
90.0,80.0,70.0,60.0,50.0,40.0,30.0,20.0,10.0,0.0
450.0,400.0,350.0,300.0,250.0,250.0,300.0,350.0,400.0,450.0
0.0,1.0,2.0,3.0,4.0,5.0,6.0,7.0,8.0,9.0
1.0,0.0,1.0,2.0,3.0,4.0,5.0,6.0,7.0,8.0
2.0,1.0,0.0,1.0,2.0,3.0,4.0,5.0,6.0,7.0
3.0,2.0,1.0,0.0,1.0,2.0,3.0,4.0,5.0,6.0
4.0,3.0,2.0,1.0,0.0,1.0,2.0,3.0,4.0,5.0
5.0,4.0,3.0,2.0,1.0,0.0,1.0,2.0,3.0,4.0
6.0,5.0,4.0,3.0,2.0,1.0,0.0,1.0,2.0,3.0
7.0,6.0,5.0,4.0,3.0,2.0,1.0,0.0,1.0,2.0
8.0,7.0,6.0,5.0,4.0,3.0,2.0,1.0,0.0,1.0
9.0,8.0,7.0,6.0,5.0,4.0,3.0,2.0,1.0,0.0
45.0,40.0,35.0,30.0,25.0,25.0,30.0,35.0,40.0,45.0
16.0,26.0,19.0,26.0,33.0,26.0,27.0,27.0,22.0,22.0,27.0,16.0,35.0,24.0,20.0,17.0,28.0,18.0,15.0,20.0,19.0,38.0,16.0,27.0,24.0,37.0,27.0,27.0,15.0,26.0,32.0,21.0,19.0,30.0,29.0,24.0,24.0,25.0,17.0,25.0,23.0,27.0,24.0,21.0,32.0,19.0,27.0,25.0,33.0,30.0
28.0,37.0,34.0,34.0,45.0,26.0,38.0,32.0,30.0,26.0,26.0,42.0,25.0,32.0,29.0,28.0,28.0,32.0,22.0,35.0,34.0,31.0,30.0,36.0,36.0,22.0,42.0,42.0,29.0,27.0,32.0,32.0,28.0,36.0,35.0,34.0,37.0,43.0,29.0,39.0,34.0,22.0,28.0,29.0,31.0,25.0,23.0,32.0,18.0,27.0
30.0,20.0,31.0,26.0,27.0,27.0,22.0,26.0,29.0,37.0,39.0,23.0,23.0,17.0,32.0,21.0,27.0,28.0,35.0,42.0,18.0,39.0,34.0,21.0,23.0,25.0,41.0,26.0,21.0,30.0,38.0,31.0,23.0,27.0,33.0,25.0,21.0,30.0,28.0,31.0,22.0,21.0,41.0,35.0,24.0,29.0,24.0,28.0,25.0,32.0
34.0,32.0,27.0,33.0,34.0,29.0,37.0,45.0,31.0,31.0,32.0,32.0,39.0,27.0,36.0,38.0,31.0,45.0,33.0,36.0,29.0,28.0,33.0,41.0,30.0,28.0,34.0,27.0,37.0,33.0,27.0,35.0,26.0,27.0,37.0,34.0,39.0,43.0,32.0,34.0,31.0,36.0,40.0,36.0,40.0,32.0,30.0,28.0,31.0,34.0
26.0,26.0,43.0,27.0,31.0,25.0,34.0,21.0,30.0,29.0,31.0,26.0,34.0,27.0,28.0,24.0,31.0,26.0,23.0,33.0,28.0,33.0,33.0,21.0,32.0,34.0,27.0,36.0,33.0,32.0,31.0,38.0,21.0,31.0,29.0,22.0,24.0,32.0,33.0,13.0,27.0,28.0,24.0,28.0,30.0,26.0,27.0,29.0,31.0,41.0
30.0,30.0,24.0,29.0,23.0,32.0,20.0,32.0,35.0,28.0,22.0,25.0,28.0,22.0,32.0,21.0,35.0,28.0,29.0,27.0,35.0,18.0,9.0,28.0,32.0,33.0,24.0,24.0,38.0,21.0,25.0,32.0,33.0,35.0,24.0,35.0,24.0,33.0,23.0,28.0,29.0,23.0,24.0,23.0,30.0,29.0,29.0,28.0,34.0,34.0
30.0,38.0,33.0,26.0,30.0,37.0,40.0,23.0,44.0,29.0,34.0,30.0,37.0,34.0,40.0,35.0,20.0,31.0,31.0,37.0,36.0,30.0,26.0,28.0,41.0,43.0,33.0,34.0,39.0,36.0,26.0,32.0,44.0,31.0,35.0,27.0,28.0,43.0,32.0,18.0,32.0,23.0,39.0,35.0,42.0,29.0,26.0,31.0,37.0,32.0
30.0,32.0,43.0,46.0,23.0,28.0,37.0,30.0,37.0,35.0,34.0,24.0,31.0,45.0,25.0,31.0,37.0,38.0,35.0,40.0,30.0,33.0,27.0,31.0,35.0,30.0,36.0,36.0,35.0,20.0,26.0,33.0,32.0,21.0,28.0,31.0,34.0,41.0,30.0,28.0,29.0,31.0,37.0,30.0,40.0,40.0,36.0,36.0,23.0,38.0
25.0,23.0,33.0,30.0,38.0,41.0,30.0,39.0,28.0,48.0,33.0,30.0,41.0,27.0,35.0,26.0,31.0,34.0,29.0,33.0,39.0,36.0,36.0,39.0,26.0,30.0,36.0,40.0,28.0,41.0,28.0,24.0,32.0,26.0,35.0,34.0,16.0,30.0,30.0,19.0,37.0,34.0,45.0,28.0,43.0,36.0,35.0,25.0,36.0,33.0
18.0,33.0,29.0,30.0,35.0,31.0,24.0,28.0,24.0,27.0,32.0,36.0,20.0,31.0,25.0,24.0,31.0,29.0,25.0,15.0,26.0,36.0,31.0,29.0,30.0,26.0,47.0,29.0,27.0,40.0,28.0,40.0,33.0,27.0,24.0,25.0,19.0,24.0,34.0,25.0,34.0,28.0,25.0,40.0,23.0,26.0,29.0,36.0,33.0,20.0
