10,50,1000
16.385745,18.490478,18.797531,19.038749,17.452914,16.511082,16.156022,19.749804,18.741326,16.297235
6.168611,6.029376,9.168498,5.872184,6.555288,8.838662,8.669386,9.551652,7.147606,9.6331
0.0,10.0,20.0,30.0,40.0,50.0,60.0,70.0,80.0,90.0
10.0,0.0,10.0,20.0,30.0,40.0,50.0,60.0,70.0,80.0
20.0,10.0,0.0,10.0,20.0,30.0,40.0,50.0,60.0,70.0
30.0,20.0,10.0,0.0,10.0,20.0,30.0,40.0,50.0,60.0
40.0,30.0,20.0,10.0,0.0,10.0,20.0,30.0,40.0,50.0
50.0,40.0,30.0,20.0,10.0,0.0,10.0,20.0,30.0,40.0
60.0,50.0,40.0,30.0,20.0,10.0,0.0,10.0,20.0,30.0
70.0,60.0,50.0,40.0,30.0,20.0,10.0,0.0,10.0,20.0
80.0,70.0,60.0,50.0,40.0,30.0,20.0,10.0,0.0,10.0
90.0,80.0,70.0,60.0,50.0,40.0,30.0,20.0,10.0,0.0
450.0,400.0,350.0,300.0,250.0,250.0,300.0,350.0,400.0,450.0
0.0,1.0,2.0,3.0,4.0,5.0,6.0,7.0,8.0,9.0
1.0,0.0,1.0,2.0,3.0,4.0,5.0,6.0,7.0,8.0
2.0,1.0,0.0,1.0,2.0,3.0,4.0,5.0,6.0,7.0
3.0,2.0,1.0,0.0,1.0,2.0,3.0,4.0,5.0,6.0
4.0,3.0,2.0,1.0,0.0,1.0,2.0,3.0,4.0,5.0
5.0,4.0,3.0,2.0,1.0,0.0,1.0,2.0,3.0,4.0
6.0,5.0,4.0,3.0,2.0,1.0,0.0,1.0,2.0,3.0
7.0,6.0,5.0,4.0,3.0,2.0,1.0,0.0,1.0,2.0
8.0,7.0,6.0,5.0,4.0,3.0,2.0,1.0,0.0,1.0
9.0,8.0,7.0,6.0,5.0,4.0,3.0,2.0,1.0,0.0
45.0,40.0,35.0,30.0,25.0,25.0,30.0,35.0,40.0,45.0
17.0,18.0,20.0,20.0,30.0,19.0,18.0,19.0,26.0,23.0,27.0,27.0,26.0,26.0,32.0,32.0,34.0,26.0,25.0,23.0,21.0,23.0,24.0,27.0,24.0,20.0,22.0,25.0,29.0,27.0,19.0,27.0,15.0,23.0,15.0,21.0,17.0,25.0,21.0,22.0,15.0,13.0,20.0,21.0,25.0,19.0,25.0,29.0,23.0,21.0
16.0,20.0,21.0,27.0,17.0,22.0,21.0,19.0,23.0,32.0,31.0,22.0,25.0,25.0,21.0,24.0,22.0,20.0,23.0,11.0,25.0,21.0,17.0,19.0,32.0,26.0,26.0,24.0,29.0,11.0,18.0,19.0,27.0,25.0,23.0,27.0,27.0,22.0,34.0,18.0,28.0,29.0,19.0,19.0,23.0,22.0,32.0,33.0,28.0,26.0
34.0,38.0,30.0,31.0,28.0,31.0,25.0,37.0,30.0,26.0,48.0,30.0,33.0,32.0,38.0,38.0,30.0,41.0,28.0,28.0,34.0,42.0,38.0,29.0,33.0,24.0,44.0,24.0,37.0,30.0,35.0,46.0,27.0,41.0,31.0,33.0,28.0,33.0,35.0,35.0,30.0,37.0,33.0,17.0,38.0,38.0,41.0,33.0,28.0,28.0
17.0,23.0,24.0,19.0,20.0,26.0,28.0,24.0,32.0,17.0,23.0,18.0,19.0,23.0,29.0,22.0,32.0,22.0,26.0,21.0,25.0,18.0,18.0,24.0,22.0,25.0,24.0,22.0,25.0,38.0,33.0,25.0,25.0,18.0,24.0,19.0,31.0,23.0,34.0,24.0,19.0,24.0,26.0,22.0,19.0,20.0,21.0,25.0,27.0,27.0
18.0,37.0,27.0,36.0,17.0,18.0,35.0,22.0,27.0,22.0,27.0,27.0,32.0,30.0,32.0,27.0,33.0,33.0,28.0,22.0,23.0,31.0,30.0,27.0,25.0,24.0,22.0,19.0,26.0,15.0,24.0,22.0,20.0,22.0,22.0,25.0,24.0,19.0,28.0,22.0,22.0,24.0,27.0,27.0,21.0,31.0,29.0,24.0,26.0,41.0
47.0,24.0,34.0,27.0,39.0,35.0,44.0,32.0,31.0,33.0,33.0,43.0,29.0,26.0,24.0,33.0,34.0,33.0,25.0,38.0,40.0,39.0,38.0,34.0,31.0,33.0,30.0,35.0,47.0,40.0,25.0,28.0,36.0,34.0,33.0,27.0,23.0,35.0,28.0,32.0,27.0,27.0,27.0,24.0,30.0,32.0,33.0,35.0,31.0,42.0
40.0,35.0,35.0,31.0,32.0,22.0,33.0,44.0,38.0,26.0,39.0,43.0,29.0,39.0,26.0,36.0,28.0,36.0,32.0,35.0,49.0,32.0,24.0,28.0,29.0,27.0,31.0,34.0,38.0,43.0,28.0,33.0,37.0,27.0,35.0,30.0,32.0,28.0,38.0,36.0,35.0,39.0,31.0,33.0,35.0,27.0,28.0,34.0,37.0,32.0
37.0,35.0,46.0,35.0,34.0,32.0,35.0,46.0,34.0,33.0,29.0,31.0,43.0,44.0,30.0,30.0,32.0,34.0,34.0,35.0,38.0,37.0,40.0,37.0,25.0,36.0,41.0,40.0,41.0,32.0,39.0,37.0,26.0,33.0,31.0,26.0,43.0,40.0,32.0,39.0,36.0,31.0,44.0,30.0,19.0,42.0,49.0,32.0,38.0,39.0
36.0,41.0,32.0,25.0,23.0,29.0,22.0,14.0,29.0,32.0,31.0,35.0,24.0,32.0,37.0,19.0,32.0,30.0,30.0,46.0,39.0,24.0,28.0,30.0,22.0,31.0,26.0,32.0,22.0,28.0,33.0,37.0,28.0,32.0,26.0,31.0,26.0,24.0,32.0,35.0,27.0,31.0,34.0,29.0,27.0,33.0,25.0,32.0,25.0,33.0
30.0,29.0,44.0,40.0,28.0,45.0,25.0,20.0,27.0,44.0,32.0,36.0,32.0,36.0,46.0,41.0,31.0,38.0,34.0,44.0,36.0,40.0,16.0,39.0,43.0,44.0,35.0,39.0,36.0,35.0,29.0,57.0,34.0,37.0,22.0,39.0,43.0,38.0,43.0,46.0,38.0,29.0,44.0,38.0,34.0,39.0,25.0,36.0,36.0,35.0
