10,50,1000
16.412079,15.672093,19.581109,16.655865,17.667359,16.322158,16.00384,15.742011,19.269656,15.481821
7.492788,9.322919,9.173651,5.232278,6.248381,9.91754,6.330636,9.44285,6.470477,9.850204
0.0,10.0,20.0,30.0,40.0,50.0,60.0,70.0,80.0,90.0
10.0,0.0,10.0,20.0,30.0,40.0,50.0,60.0,70.0,80.0
20.0,10.0,0.0,10.0,20.0,30.0,40.0,50.0,60.0,70.0
30.0,20.0,10.0,0.0,10.0,20.0,30.0,40.0,50.0,60.0
40.0,30.0,20.0,10.0,0.0,10.0,20.0,30.0,40.0,50.0
50.0,40.0,30.0,20.0,10.0,0.0,10.0,20.0,30.0,40.0
60.0,50.0,40.0,30.0,20.0,10.0,0.0,10.0,20.0,30.0
70.0,60.0,50.0,40.0,30.0,20.0,10.0,0.0,10.0,20.0
80.0,70.0,60.0,50.0,40.0,30.0,20.0,10.0,0.0,10.0
90.0,80.0,70.0,60.0,50.0,40.0,30.0,20.0,10.0,0.0
450.0,400.0,350.0,300.0,250.0,250.0,300.0,350.0,400.0,450.0
0.0,1.0,2.0,3.0,4.0,5.0,6.0,7.0,8.0,9.0
1.0,0.0,1.0,2.0,3.0,4.0,5.0,6.0,7.0,8.0
2.0,1.0,0.0,1.0,2.0,3.0,4.0,5.0,6.0,7.0
3.0,2.0,1.0,0.0,1.0,2.0,3.0,4.0,5.0,6.0
4.0,3.0,2.0,1.0,0.0,1.0,2.0,3.0,4.0,5.0
5.0,4.0,3.0,2.0,1.0,0.0,1.0,2.0,3.0,4.0
6.0,5.0,4.0,3.0,2.0,1.0,0.0,1.0,2.0,3.0
7.0,6.0,5.0,4.0,3.0,2.0,1.0,0.0,1.0,2.0
8.0,7.0,6.0,5.0,4.0,3.0,2.0,1.0,0.0,1.0
9.0,8.0,7.0,6.0,5.0,4.0,3.0,2.0,1.0,0.0
45.0,40.0,35.0,30.0,25.0,25.0,30.0,35.0,40.0,45.0
30.0,32.0,30.0,31.0,34.0,25.0,33.0,31.0,31.0,22.0,32.0,26.0,29.0,27.0,33.0,31.0,21.0,37.0,25.0,35.0,26.0,28.0,21.0,27.0,30.0,29.0,29.0,20.0,26.0,27.0,21.0,30.0,36.0,26.0,30.0,26.0,32.0,24.0,23.0,32.0,22.0,22.0,22.0,30.0,34.0,23.0,28.0,30.0,40.0,23.0
34.0,32.0,35.0,39.0,36.0,38.0,26.0,24.0,34.0,32.0,24.0,23.0,34.0,23.0,21.0,36.0,37.0,32.0,30.0,37.0,23.0,35.0,37.0,52.0,35.0,41.0,41.0,34.0,30.0,29.0,37.0,40.0,43.0,38.0,35.0,37.0,33.0,29.0,50.0,24.0,31.0,31.0,40.0,25.0,40.0,32.0,27.0,31.0,31.0,34.0
30.0,43.0,38.0,43.0,34.0,42.0,34.0,35.0,27.0,31.0,34.0,38.0,34.0,26.0,37.0,38.0,44.0,34.0,41.0,27.0,32.0,34.0,30.0,37.0,32.0,37.0,33.0,36.0,35.0,33.0,39.0,42.0,27.0,37.0,26.0,37.0,38.0,35.0,39.0,37.0,32.0,26.0,43.0,25.0,21.0,42.0,23.0,38.0,25.0,27.0
25.0,22.0,22.0,20.0,19.0,19.0,26.0,26.0,12.0,22.0,22.0,20.0,24.0,21.0,18.0,18.0,19.0,24.0,24.0,23.0,24.0,20.0,20.0,19.0,17.0,16.0,27.0,16.0,19.0,23.0,18.0,27.0,26.0,26.0,24.0,21.0,20.0,16.0,22.0,18.0,25.0,13.0,19.0,23.0,24.0,18.0,21.0,16.0,19.0,27.0
30.0,22.0,21.0,26.0,16.0,28.0,32.0,30.0,21.0,18.0,26.0,29.0,23.0,26.0,31.0,25.0,24.0,26.0,24.0,29.0,24.0,26.0,20.0,23.0,22.0,30.0,22.0,25.0,21.0,22.0,24.0,29.0,28.0,23.0,27.0,19.0,37.0,17.0,21.0,27.0,20.0,26.0,18.0,22.0,32.0,27.0,23.0,33.0,18.0,21.0
37.0,44.0,39.0,35.0,48.0,40.0,30.0,26.0,28.0,40.0,39.0,34.0,35.0,38.0,39.0,35.0,33.0,25.0,26.0,36.0,45.0,36.0,29.0,26.0,36.0,28.0,36.0,36.0,34.0,31.0,37.0,31.0,39.0,41.0,32.0,41.0,41.0,41.0,42.0,40.0,37.0,27.0,36.0,36.0,29.0,30.0,31.0,35.0,25.0,33.0
23.0,23.0,26.0,25.0,22.0,28.0,24.0,29.0,23.0,32.0,24.0,30.0,24.0,31.0,21.0,26.0,19.0,29.0,27.0,25.0,22.0,19.0,29.0,22.0,23.0,21.0,24.0,24.0,45.0,24.0,23.0,26.0,32.0,25.0,23.0,29.0,24.0,24.0,23.0,31.0,22.0,24.0,16.0,24.0,28.0,21.0,28.0,21.0,29.0,28.0
40.0,32.0,36.0,33.0,38.0,32.0,38.0,38.0,45.0,33.0,36.0,35.0,28.0,36.0,32.0,35.0,31.0,29.0,46.0,36.0,38.0,22.0,27.0,41.0,30.0,33.0,34.0,32.0,30.0,35.0,34.0,30.0,28.0,28.0,46.0,35.0,35.0,40.0,25.0,32.0,30.0,27.0,29.0,34.0,40.0,35.0,28.0,43.0,41.0,28.0
28.0,18.0,28.0,29.0,24.0,39.0,30.0,23.0,24.0,30.0,23.0,34.0,23.0,31.0,25.0,18.0,26.0,26.0,28.0,24.0,30.0,24.0,31.0,29.0,21.0,32.0,17.0,16.0,28.0,25.0,26.0,26.0,29.0,25.0,26.0,18.0,28.0,39.0,29.0,18.0,28.0,21.0,22.0,24.0,28.0,29.0,25.0,30.0,21.0,23.0
43.0,47.0,31.0,33.0,51.0,31.0,35.0,41.0,32.0,40.0,39.0,35.0,39.0,33.0,38.0,35.0,38.0,34.0,33.0,29.0,47.0,49.0,40.0,34.0,42.0,32.0,33.0,41.0,42.0,29.0,30.0,28.0,38.0,34.0,19.0,47.0,39.0,35.0,28.0,45.0,43.0,36.0,40.0,34.0,35.0,28.0,27.0,43.0,24.0,49.0
