10,50,1000
17.73532,19.236536,17.717366,18.570463,18.69188,15.839648,18.337306,19.127043,18.593107,17.348995
5.804298,7.772301,6.085476,7.666497,8.667086,5.582363,5.415436,5.918508,9.742503,9.313211
0.0,10.0,20.0,30.0,40.0,50.0,60.0,70.0,80.0,90.0
10.0,0.0,10.0,20.0,30.0,40.0,50.0,60.0,70.0,80.0
20.0,10.0,0.0,10.0,20.0,30.0,40.0,50.0,60.0,70.0
30.0,20.0,10.0,0.0,10.0,20.0,30.0,40.0,50.0,60.0
40.0,30.0,20.0,10.0,0.0,10.0,20.0,30.0,40.0,50.0
50.0,40.0,30.0,20.0,10.0,0.0,10.0,20.0,30.0,40.0
60.0,50.0,40.0,30.0,20.0,10.0,0.0,10.0,20.0,30.0
70.0,60.0,50.0,40.0,30.0,20.0,10.0,0.0,10.0,20.0
80.0,70.0,60.0,50.0,40.0,30.0,20.0,10.0,0.0,10.0
90.0,80.0,70.0,60.0,50.0,40.0,30.0,20.0,10.0,0.0
450.0,400.0,350.0,300.0,250.0,250.0,300.0,350.0,400.0,450.0
0.0,1.0,2.0,3.0,4.0,5.0,6.0,7.0,8.0,9.0
1.0,0.0,1.0,2.0,3.0,4.0,5.0,6.0,7.0,8.0
2.0,1.0,0.0,1.0,2.0,3.0,4.0,5.0,6.0,7.0
3.0,2.0,1.0,0.0,1.0,2.0,3.0,4.0,5.0,6.0
4.0,3.0,2.0,1.0,0.0,1.0,2.0,3.0,4.0,5.0
5.0,4.0,3.0,2.0,1.0,0.0,1.0,2.0,3.0,4.0
6.0,5.0,4.0,3.0,2.0,1.0,0.0,1.0,2.0,3.0
7.0,6.0,5.0,4.0,3.0,2.0,1.0,0.0,1.0,2.0
8.0,7.0,6.0,5.0,4.0,3.0,2.0,1.0,0.0,1.0
9.0,8.0,7.0,6.0,5.0,4.0,3.0,2.0,1.0,0.0
45.0,40.0,35.0,30.0,25.0,25.0,30.0,35.0,40.0,45.0
18.0,25.0,25.0,27.0,20.0,19.0,21.0,28.0,22.0,27.0,30.0,16.0,35.0,20.0,20.0,21.0,25.0,18.0,19.0,38.0,21.0,18.0,28.0,22.0,22.0,22.0,27.0,23.0,23.0,28.0,23.0,24.0,20.0,31.0,25.0,23.0,22.0,23.0,28.0,23.0,29.0,29.0,27.0,21.0,26.0,21.0,22.0,31.0,25.0,21.0
29.0,42.0,29.0,24.0,27.0,18.0,38.0,25.0,36.0,35.0,24.0,28.0,33.0,35.0,27.0,26.0,31.0,36.0,29.0,26.0,40.0,28.0,34.0,25.0,29.0,26.0,32.0,28.0,28.0,34.0,33.0,35.0,29.0,33.0,28.0,27.0,24.0,37.0,35.0,41.0,25.0,36.0,29.0,41.0,29.0,33.0,34.0,32.0,32.0,25.0
27.0,22.0,24.0,20.0,27.0,25.0,37.0,29.0,24.0,20.0,24.0,17.0,27.0,30.0,31.0,26.0,21.0,36.0,20.0,28.0,30.0,28.0,29.0,21.0,24.0,22.0,24.0,36.0,27.0,21.0,22.0,24.0,29.0,28.0,30.0,20.0,31.0,18.0,28.0,17.0,29.0,23.0,23.0,28.0,17.0,21.0,26.0,32.0,30.0,17.0
40.0,27.0,29.0,29.0,34.0,25.0,30.0,32.0,18.0,32.0,33.0,37.0,39.0,25.0,26.0,28.0,31.0,29.0,25.0,32.0,31.0,38.0,23.0,25.0,29.0,41.0,34.0,22.0,33.0,28.0,38.0,32.0,30.0,29.0,37.0,39.0,27.0,42.0,29.0,27.0,39.0,33.0,31.0,28.0,27.0,26.0,38.0,27.0,30.0,22.0
31.0,25.0,27.0,31.0,42.0,31.0,37.0,34.0,30.0,38.0,28.0,35.0,38.0,40.0,28.0,31.0,40.0,35.0,36.0,28.0,27.0,51.0,40.0,42.0,31.0,43.0,31.0,37.0,30.0,40.0,31.0,29.0,24.0,31.0,34.0,43.0,23.0,24.0,41.0,27.0,28.0,38.0,31.0,33.0,31.0,27.0,25.0,32.0,27.0,31.0
26.0,22.0,20.0,20.0,24.0,22.0,14.0,18.0,22.0,24.0,25.0,17.0,28.0,18.0,16.0,27.0,24.0,23.0,27.0,20.0,27.0,20.0,22.0,35.0,17.0,22.0,22.0,27.0,19.0,18.0,25.0,23.0,18.0,20.0,26.0,28.0,23.0,27.0,18.0,29.0,23.0,24.0,21.0,24.0,22.0,17.0,23.0,24.0,20.0,19.0
23.0,17.0,25.0,24.0,20.0,20.0,15.0,22.0,31.0,19.0,17.0,19.0,32.0,23.0,29.0,24.0,24.0,21.0,32.0,33.0,19.0,23.0,26.0,22.0,23.0,23.0,19.0,16.0,14.0,15.0,18.0,28.0,19.0,19.0,20.0,25.0,21.0,24.0,22.0,22.0,26.0,17.0,22.0,24.0,22.0,24.0,27.0,26.0,20.0,27.0
24.0,25.0,30.0,25.0,20.0,23.0,23.0,29.0,26.0,23.0,28.0,22.0,31.0,28.0,29.0,23.0,24.0,19.0,24.0,25.0,18.0,25.0,34.0,26.0,24.0,17.0,13.0,15.0,28.0,25.0,21.0,24.0,22.0,19.0,22.0,25.0,19.0,28.0,37.0,23.0,12.0,21.0,27.0,25.0,19.0,22.0,27.0,20.0,14.0,25.0
34.0,29.0,27.0,31.0,32.0,37.0,28.0,44.0,35.0,33.0,32.0,42.0,38.0,36.0,30.0,28.0,42.0,42.0,40.0,29.0,33.0,38.0,27.0,29.0,31.0,45.0,21.0,43.0,39.0,36.0,30.0,36.0,39.0,38.0,35.0,30.0,41.0,40.0,42.0,36.0,26.0,39.0,39.0,32.0,27.0,33.0,32.0,27.0,34.0,43.0
32.0,41.0,36.0,49.0,35.0,25.0,39.0,39.0,43.0,33.0,41.0,40.0,29.0,28.0,32.0,25.0,31.0,38.0,30.0,33.0,33.0,38.0,39.0,35.0,38.0,27.0,27.0,36.0,25.0,28.0,34.0,42.0,32.0,37.0,42.0,25.0,35.0,30.0,33.0,37.0,31.0,32.0,30.0,30.0,33.0,33.0,39.0,43.0,30.0,47.0
