10,50,1000
16.679643,19.357478,17.167329,19.738049,16.304416,16.028691,17.664413,17.160112,15.3731,15.493649
7.807087,6.66744,7.173642,6.123582,5.210837,5.027568,9.778784,5.152399,7.268964,8.655419
0.0,10.0,20.0,30.0,40.0,50.0,60.0,70.0,80.0,90.0
10.0,0.0,10.0,20.0,30.0,40.0,50.0,60.0,70.0,80.0
20.0,10.0,0.0,10.0,20.0,30.0,40.0,50.0,60.0,70.0
30.0,20.0,10.0,0.0,10.0,20.0,30.0,40.0,50.0,60.0
40.0,30.0,20.0,10.0,0.0,10.0,20.0,30.0,40.0,50.0
50.0,40.0,30.0,20.0,10.0,0.0,10.0,20.0,30.0,40.0
60.0,50.0,40.0,30.0,20.0,10.0,0.0,10.0,20.0,30.0
70.0,60.0,50.0,40.0,30.0,20.0,10.0,0.0,10.0,20.0
80.0,70.0,60.0,50.0,40.0,30.0,20.0,10.0,0.0,10.0
90.0,80.0,70.0,60.0,50.0,40.0,30.0,20.0,10.0,0.0
450.0,400.0,350.0,300.0,250.0,250.0,300.0,350.0,400.0,450.0
0.0,1.0,2.0,3.0,4.0,5.0,6.0,7.0,8.0,9.0
1.0,0.0,1.0,2.0,3.0,4.0,5.0,6.0,7.0,8.0
2.0,1.0,0.0,1.0,2.0,3.0,4.0,5.0,6.0,7.0
3.0,2.0,1.0,0.0,1.0,2.0,3.0,4.0,5.0,6.0
4.0,3.0,2.0,1.0,0.0,1.0,2.0,3.0,4.0,5.0
5.0,4.0,3.0,2.0,1.0,0.0,1.0,2.0,3.0,4.0
6.0,5.0,4.0,3.0,2.0,1.0,0.0,1.0,2.0,3.0
7.0,6.0,5.0,4.0,3.0,2.0,1.0,0.0,1.0,2.0
8.0,7.0,6.0,5.0,4.0,3.0,2.0,1.0,0.0,1.0
9.0,8.0,7.0,6.0,5.0,4.0,3.0,2.0,1.0,0.0
45.0,40.0,35.0,30.0,25.0,25.0,30.0,35.0,40.0,45.0
29.0,29.0,29.0,31.0,24.0,28.0,28.0,30.0,21.0,27.0,34.0,32.0,29.0,33.0,20.0,33.0,21.0,29.0,29.0,30.0,37.0,24.0,31.0,22.0,32.0,27.0,28.0,31.0,33.0,30.0,28.0,31.0,29.0,35.0,27.0,25.0,32.0,28.0,32.0,29.0,32.0,27.0,21.0,20.0,17.0,32.0,32.0,30.0,31.0,43.0
25.0,29.0,22.0,29.0,33.0,26.0,30.0,30.0,21.0,25.0,32.0,28.0,28.0,27.0,25.0,31.0,24.0,30.0,25.0,18.0,17.0,28.0,23.0,19.0,22.0,21.0,30.0,32.0,33.0,24.0,33.0,26.0,25.0,24.0,31.0,27.0,37.0,25.0,35.0,37.0,36.0,34.0,32.0,26.0,26.0,25.0,30.0,26.0,33.0,30.0
25.0,29.0,36.0,24.0,34.0,23.0,23.0,34.0,33.0,40.0,25.0,30.0,32.0,22.0,31.0,36.0,31.0,32.0,36.0,33.0,23.0,34.0,30.0,32.0,31.0,17.0,30.0,30.0,30.0,30.0,23.0,31.0,36.0,32.0,33.0,32.0,18.0,26.0,26.0,32.0,29.0,29.0,20.0,29.0,28.0,27.0,31.0,31.0,24.0,36.0
26.0,29.0,23.0,31.0,28.0,26.0,23.0,26.0,32.0,25.0,30.0,32.0,25.0,30.0,29.0,23.0,24.0,27.0,22.0,20.0,29.0,26.0,20.0,33.0,21.0,20.0,23.0,33.0,27.0,21.0,28.0,29.0,34.0,23.0,26.0,21.0,21.0,17.0,27.0,29.0,29.0,24.0,27.0,24.0,16.0,26.0,29.0,25.0,19.0,24.0
22.0,15.0,24.0,19.0,20.0,16.0,25.0,14.0,22.0,23.0,23.0,17.0,11.0,15.0,21.0,17.0,21.0,23.0,25.0,24.0,12.0,24.0,25.0,21.0,21.0,28.0,21.0,10.0,21.0,27.0,15.0,23.0,24.0,13.0,31.0,23.0,20.0,16.0,18.0,19.0,21.0,29.0,21.0,18.0,25.0,22.0,20.0,19.0,27.0,14.0
18.0,17.0,14.0,11.0,23.0,17.0,22.0,19.0,17.0,17.0,19.0,21.0,16.0,23.0,20.0,24.0,17.0,18.0,30.0,18.0,17.0,16.0,14.0,18.0,20.0,19.0,21.0,22.0,23.0,14.0,14.0,21.0,23.0,17.0,26.0,11.0,13.0,20.0,23.0,22.0,12.0,16.0,20.0,20.0,19.0,25.0,12.0,24.0,22.0,15.0
31.0,39.0,31.0,32.0,38.0,37.0,29.0,32.0,38.0,31.0,39.0,42.0,35.0,24.0,42.0,29.0,37.0,33.0,44.0,53.0,47.0,28.0,47.0,47.0,34.0,26.0,37.0,35.0,46.0,37.0,29.0,37.0,34.0,38.0,35.0,37.0,28.0,38.0,38.0,30.0,38.0,32.0,44.0,28.0,34.0,34.0,34.0,43.0,34.0,40.0
30.0,25.0,34.0,24.0,18.0,22.0,20.0,21.0,20.0,19.0,27.0,11.0,25.0,13.0,13.0,17.0,21.0,17.0,25.0,26.0,17.0,22.0,14.0,18.0,22.0,13.0,18.0,14.0,26.0,23.0,19.0,26.0,22.0,16.0,21.0,22.0,21.0,25.0,24.0,17.0,25.0,20.0,24.0,20.0,28.0,33.0,26.0,20.0,21.0,19.0
37.0,29.0,25.0,26.0,24.0,30.0,22.0,24.0,20.0,24.0,29.0,22.0,29.0,30.0,28.0,27.0,31.0,32.0,24.0,24.0,30.0,33.0,28.0,22.0,27.0,42.0,23.0,28.0,22.0,19.0,23.0,28.0,28.0,26.0,21.0,28.0,22.0,25.0,28.0,29.0,28.0,23.0,22.0,24.0,22.0,27.0,27.0,32.0,18.0,24.0
31.0,28.0,38.0,23.0,32.0,35.0,27.0,39.0,32.0,43.0,37.0,25.0,36.0,43.0,25.0,36.0,31.0,36.0,29.0,26.0,36.0,37.0,29.0,38.0,27.0,24.0,32.0,19.0,28.0,31.0,38.0,30.0,21.0,30.0,30.0,24.0,31.0,29.0,29.0,38.0,31.0,28.0,28.0,30.0,27.0,36.0,32.0,37.0,46.0,26.0
