10,50,1000
18.835409,15.222657,18.004801,17.247376,16.052163,18.917871,15.376174,18.785596,17.002523,19.798035
9.367642,8.18966,6.409929,6.70029,5.542658,7.371655,8.517417,5.615645,5.821847,8.995338
0.0,10.0,20.0,30.0,40.0,50.0,60.0,70.0,80.0,90.0
10.0,0.0,10.0,20.0,30.0,40.0,50.0,60.0,70.0,80.0
20.0,10.0,0.0,10.0,20.0,30.0,40.0,50.0,60.0,70.0
30.0,20.0,10.0,0.0,10.0,20.0,30.0,40.0,50.0,60.0
40.0,30.0,20.0,10.0,0.0,10.0,20.0,30.0,40.0,50.0
50.0,40.0,30.0,20.0,10.0,0.0,10.0,20.0,30.0,40.0
60.0,50.0,40.0,30.0,20.0,10.0,0.0,10.0,20.0,30.0
70.0,60.0,50.0,40.0,30.0,20.0,10.0,0.0,10.0,20.0
80.0,70.0,60.0,50.0,40.0,30.0,20.0,10.0,0.0,10.0
90.0,80.0,70.0,60.0,50.0,40.0,30.0,20.0,10.0,0.0
450.0,400.0,350.0,300.0,250.0,250.0,300.0,350.0,400.0,450.0
0.0,1.0,2.0,3.0,4.0,5.0,6.0,7.0,8.0,9.0
1.0,0.0,1.0,2.0,3.0,4.0,5.0,6.0,7.0,8.0
2.0,1.0,0.0,1.0,2.0,3.0,4.0,5.0,6.0,7.0
3.0,2.0,1.0,0.0,1.0,2.0,3.0,4.0,5.0,6.0
4.0,3.0,2.0,1.0,0.0,1.0,2.0,3.0,4.0,5.0
5.0,4.0,3.0,2.0,1.0,0.0,1.0,2.0,3.0,4.0
6.0,5.0,4.0,3.0,2.0,1.0,0.0,1.0,2.0,3.0
7.0,6.0,5.0,4.0,3.0,2.0,1.0,0.0,1.0,2.0
8.0,7.0,6.0,5.0,4.0,3.0,2.0,1.0,0.0,1.0
9.0,8.0,7.0,6.0,5.0,4.0,3.0,2.0,1.0,0.0
45.0,40.0,35.0,30.0,25.0,25.0,30.0,35.0,40.0,45.0
37.0,33.0,42.0,36.0,45.0,25.0,47.0,32.0,38.0,33.0,35.0,32.0,30.0,41.0,43.0,29.0,42.0,37.0,29.0,34.0,35.0,32.0,25.0,36.0,40.0,42.0,37.0,37.0,27.0,33.0,29.0,30.0,47.0,37.0,37.0,32.0,26.0,32.0,34.0,40.0,32.0,33.0,28.0,34.0,37.0,26.0,31.0,41.0,35.0,35.0
22.0,25.0,35.0,33.0,44.0,32.0,38.0,20.0,31.0,36.0,31.0,33.0,35.0,29.0,27.0,25.0,31.0,27.0,42.0,30.0,31.0,28.0,23.0,31.0,32.0,29.0,36.0,32.0,28.0,37.0,31.0,23.0,27.0,25.0,42.0,23.0,26.0,35.0,27.0,21.0,34.0,40.0,24.0,21.0,31.0,28.0,28.0,31.0,21.0,24.0
30.0,21.0,29.0,29.0,25.0,26.0,30.0,23.0,25.0,25.0,23.0,33.0,36.0,16.0,30.0,24.0,32.0,15.0,25.0,24.0,33.0,21.0,26.0,25.0,25.0,25.0,20.0,20.0,25.0,24.0,37.0,21.0,20.0,26.0,20.0,28.0,26.0,32.0,24.0,31.0,26.0,26.0,19.0,36.0,27.0,28.0,28.0,24.0,30.0,21.0
25.0,30.0,27.0,30.0,22.0,34.0,21.0,33.0,26.0,18.0,27.0,27.0,29.0,31.0,25.0,28.0,30.0,26.0,27.0,21.0,24.0,35.0,25.0,28.0,25.0,22.0,30.0,29.0,32.0,44.0,28.0,25.0,23.0,30.0,29.0,27.0,27.0,18.0,23.0,25.0,40.0,19.0,16.0,34.0,22.0,26.0,24.0,26.0,23.0,26.0
23.0,17.0,15.0,22.0,29.0,13.0,17.0,21.0,14.0,27.0,19.0,18.0,16.0,14.0,20.0,21.0,24.0,19.0,32.0,22.0,23.0,25.0,22.0,20.0,26.0,20.0,25.0,18.0,26.0,22.0,20.0,24.0,19.0,19.0,23.0,16.0,18.0,22.0,29.0,7.0,30.0,13.0,24.0,26.0,22.0,19.0,29.0,18.0,25.0,17.0
31.0,22.0,30.0,33.0,29.0,39.0,28.0,30.0,38.0,37.0,33.0,32.0,30.0,37.0,23.0,35.0,28.0,26.0,21.0,32.0,35.0,29.0,25.0,27.0,27.0,32.0,26.0,29.0,28.0,27.0,34.0,29.0,32.0,39.0,29.0,30.0,37.0,24.0,25.0,27.0,31.0,18.0,20.0,19.0,16.0,27.0,29.0,18.0,34.0,27.0
29.0,36.0,29.0,32.0,34.0,30.0,34.0,30.0,34.0,31.0,31.0,22.0,40.0,25.0,31.0,31.0,37.0,25.0,29.0,30.0,29.0,34.0,30.0,37.0,25.0,28.0,37.0,26.0,30.0,42.0,39.0,26.0,37.0,30.0,35.0,23.0,27.0,29.0,30.0,33.0,34.0,29.0,29.0,31.0,27.0,20.0,37.0,27.0,31.0,24.0
17.0,28.0,25.0,21.0,19.0,18.0,30.0,29.0,30.0,23.0,13.0,19.0,35.0,24.0,18.0,22.0,23.0,20.0,26.0,27.0,9.0,16.0,17.0,18.0,22.0,13.0,23.0,15.0,21.0,13.0,20.0,25.0,32.0,28.0,12.0,15.0,16.0,26.0,25.0,16.0,18.0,28.0,26.0,27.0,20.0,24.0,28.0,27.0,26.0,27.0
22.0,18.0,17.0,20.0,13.0,19.0,21.0,33.0,28.0,21.0,22.0,21.0,19.0,26.0,18.0,23.0,20.0,24.0,26.0,21.0,25.0,20.0,27.0,23.0,22.0,21.0,22.0,22.0,19.0,29.0,17.0,26.0,32.0,24.0,31.0,27.0,26.0,17.0,15.0,22.0,28.0,25.0,21.0,24.0,22.0,26.0,28.0,15.0,22.0,24.0
34.0,32.0,40.0,21.0,28.0,33.0,33.0,36.0,27.0,33.0,35.0,36.0,27.0,44.0,35.0,23.0,35.0,39.0,28.0,23.0,24.0,29.0,35.0,27.0,34.0,37.0,29.0,26.0,33.0,40.0,28.0,25.0,30.0,35.0,35.0,42.0,30.0,52.0,33.0,36.0,31.0,30.0,35.0,43.0,34.0,30.0,30.0,29.0,33.0,31.0
