10,50,1000
19.0113,18.436674,19.162284,19.977346,15.376834,19.104086,15.673167,16.576515,18.780492,18.035002
6.688965,7.709884,9.152862,5.991547,7.568585,9.630942,7.147502,8.94395,5.059775,5.997761
0.0,10.0,20.0,30.0,40.0,50.0,60.0,70.0,80.0,90.0
10.0,0.0,10.0,20.0,30.0,40.0,50.0,60.0,70.0,80.0
20.0,10.0,0.0,10.0,20.0,30.0,40.0,50.0,60.0,70.0
30.0,20.0,10.0,0.0,10.0,20.0,30.0,40.0,50.0,60.0
40.0,30.0,20.0,10.0,0.0,10.0,20.0,30.0,40.0,50.0
50.0,40.0,30.0,20.0,10.0,0.0,10.0,20.0,30.0,40.0
60.0,50.0,40.0,30.0,20.0,10.0,0.0,10.0,20.0,30.0
70.0,60.0,50.0,40.0,30.0,20.0,10.0,0.0,10.0,20.0
80.0,70.0,60.0,50.0,40.0,30.0,20.0,10.0,0.0,10.0
90.0,80.0,70.0,60.0,50.0,40.0,30.0,20.0,10.0,0.0
450.0,400.0,350.0,300.0,250.0,250.0,300.0,350.0,400.0,450.0
0.0,1.0,2.0,3.0,4.0,5.0,6.0,7.0,8.0,9.0
1.0,0.0,1.0,2.0,3.0,4.0,5.0,6.0,7.0,8.0
2.0,1.0,0.0,1.0,2.0,3.0,4.0,5.0,6.0,7.0
3.0,2.0,1.0,0.0,1.0,2.0,3.0,4.0,5.0,6.0
4.0,3.0,2.0,1.0,0.0,1.0,2.0,3.0,4.0,5.0
5.0,4.0,3.0,2.0,1.0,0.0,1.0,2.0,3.0,4.0
6.0,5.0,4.0,3.0,2.0,1.0,0.0,1.0,2.0,3.0
7.0,6.0,5.0,4.0,3.0,2.0,1.0,0.0,1.0,2.0
8.0,7.0,6.0,5.0,4.0,3.0,2.0,1.0,0.0,1.0
9.0,8.0,7.0,6.0,5.0,4.0,3.0,2.0,1.0,0.0
45.0,40.0,35.0,30.0,25.0,25.0,30.0,35.0,40.0,45.0
18.0,26.0,31.0,27.0,29.0,31.0,16.0,24.0,23.0,23.0,21.0,21.0,29.0,32.0,21.0,24.0,22.0,27.0,24.0,26.0,28.0,30.0,29.0,30.0,14.0,27.0,26.0,21.0,28.0,31.0,25.0,34.0,30.0,19.0,33.0,28.0,23.0,23.0,32.0,22.0,25.0,22.0,20.0,31.0,30.0,31.0,27.0,33.0,36.0,34.0
39.0,20.0,28.0,24.0,30.0,32.0,28.0,23.0,34.0,34.0,30.0,26.0,29.0,34.0,28.0,31.0,26.0,26.0,27.0,40.0,27.0,28.0,33.0,32.0,35.0,33.0,34.0,33.0,30.0,27.0,24.0,30.0,39.0,23.0,29.0,32.0,28.0,36.0,26.0,22.0,25.0,38.0,28.0,31.0,28.0,24.0,34.0,25.0,29.0,38.0
34.0,41.0,42.0,21.0,38.0,36.0,35.0,33.0,37.0,30.0,45.0,29.0,30.0,28.0,32.0,39.0,39.0,39.0,30.0,42.0,35.0,32.0,25.0,31.0,38.0,40.0,41.0,36.0,28.0,38.0,37.0,31.0,36.0,32.0,42.0,30.0,34.0,31.0,34.0,30.0,27.0,35.0,33.0,30.0,38.0,41.0,36.0,27.0,42.0,32.0
27.0,21.0,23.0,25.0,21.0,25.0,24.0,32.0,19.0,27.0,19.0,24.0,22.0,33.0,23.0,19.0,23.0,14.0,26.0,22.0,21.0,20.0,29.0,28.0,19.0,24.0,28.0,24.0,23.0,23.0,25.0,31.0,28.0,23.0,20.0,21.0,27.0,25.0,30.0,25.0,24.0,31.0,22.0,19.0,34.0,17.0,29.0,22.0,25.0,22.0
28.0,27.0,30.0,18.0,34.0,32.0,30.0,28.0,26.0,28.0,27.0,25.0,31.0,27.0,33.0,34.0,29.0,32.0,31.0,21.0,33.0,24.0,24.0,33.0,26.0,43.0,26.0,21.0,21.0,39.0,27.0,36.0,30.0,27.0,33.0,29.0,35.0,28.0,24.0,29.0,25.0,29.0,33.0,29.0,31.0,30.0,19.0,30.0,28.0,32.0
40.0,39.0,30.0,23.0,31.0,42.0,43.0,31.0,33.0,39.0,33.0,39.0,36.0,30.0,39.0,26.0,38.0,46.0,31.0,38.0,30.0,36.0,41.0,36.0,45.0,39.0,31.0,40.0,40.0,34.0,45.0,36.0,37.0,37.0,36.0,38.0,42.0,27.0,49.0,32.0,32.0,32.0,35.0,36.0,40.0,38.0,33.0,31.0,32.0,41.0
28.0,24.0,26.0,29.0,28.0,30.0,32.0,30.0,18.0,26.0,33.0,29.0,26.0,24.0,20.0,29.0,27.0,22.0,25.0,22.0,27.0,29.0,29.0,21.0,23.0,23.0,21.0,29.0,29.0,22.0,23.0,32.0,33.0,26.0,23.0,23.0,26.0,31.0,39.0,37.0,30.0,19.0,19.0,32.0,31.0,22.0,26.0,28.0,28.0,29.0
37.0,34.0,35.0,31.0,37.0,35.0,31.0,32.0,35.0,38.0,36.0,37.0,42.0,37.0,34.0,34.0,30.0,33.0,29.0,24.0,31.0,28.0,30.0,25.0,34.0,39.0,39.0,48.0,37.0,33.0,37.0,42.0,38.0,28.0,48.0,36.0,35.0,28.0,30.0,30.0,32.0,24.0,34.0,52.0,30.0,32.0,35.0,34.0,27.0,26.0
23.0,17.0,22.0,29.0,24.0,25.0,20.0,13.0,24.0,24.0,21.0,19.0,17.0,26.0,22.0,24.0,21.0,25.0,14.0,27.0,25.0,26.0,18.0,19.0,27.0,23.0,27.0,17.0,19.0,21.0,26.0,16.0,28.0,21.0,21.0,17.0,19.0,22.0,24.0,13.0,20.0,10.0,22.0,18.0,25.0,21.0,14.0,25.0,12.0,14.0
29.0,28.0,21.0,24.0,33.0,31.0,15.0,23.0,22.0,30.0,31.0,32.0,16.0,27.0,25.0,21.0,27.0,24.0,24.0,23.0,20.0,21.0,24.0,26.0,31.0,26.0,24.0,16.0,21.0,23.0,28.0,21.0,21.0,31.0,25.0,24.0,26.0,21.0,23.0,33.0,23.0,22.0,30.0,30.0,24.0,19.0,19.0,27.0,35.0,19.0
