10,50,1000
17.900411,15.658837,16.185395,18.495198,18.008797,15.550307,17.97779,19.212034,18.868354,16.231019
5.542701,6.246268,6.125968,5.667609,9.919528,6.928492,7.244613,8.394624,9.436521,9.044796
0.0,10.0,20.0,30.0,40.0,50.0,60.0,70.0,80.0,90.0
10.0,0.0,10.0,20.0,30.0,40.0,50.0,60.0,70.0,80.0
20.0,10.0,0.0,10.0,20.0,30.0,40.0,50.0,60.0,70.0
30.0,20.0,10.0,0.0,10.0,20.0,30.0,40.0,50.0,60.0
40.0,30.0,20.0,10.0,0.0,10.0,20.0,30.0,40.0,50.0
50.0,40.0,30.0,20.0,10.0,0.0,10.0,20.0,30.0,40.0
60.0,50.0,40.0,30.0,20.0,10.0,0.0,10.0,20.0,30.0
70.0,60.0,50.0,40.0,30.0,20.0,10.0,0.0,10.0,20.0
80.0,70.0,60.0,50.0,40.0,30.0,20.0,10.0,0.0,10.0
90.0,80.0,70.0,60.0,50.0,40.0,30.0,20.0,10.0,0.0
450.0,400.0,350.0,300.0,250.0,250.0,300.0,350.0,400.0,450.0
0.0,1.0,2.0,3.0,4.0,5.0,6.0,7.0,8.0,9.0
1.0,0.0,1.0,2.0,3.0,4.0,5.0,6.0,7.0,8.0
2.0,1.0,0.0,1.0,2.0,3.0,4.0,5.0,6.0,7.0
3.0,2.0,1.0,0.0,1.0,2.0,3.0,4.0,5.0,6.0
4.0,3.0,2.0,1.0,0.0,1.0,2.0,3.0,4.0,5.0
5.0,4.0,3.0,2.0,1.0,0.0,1.0,2.0,3.0,4.0
6.0,5.0,4.0,3.0,2.0,1.0,0.0,1.0,2.0,3.0
7.0,6.0,5.0,4.0,3.0,2.0,1.0,0.0,1.0,2.0
8.0,7.0,6.0,5.0,4.0,3.0,2.0,1.0,0.0,1.0
9.0,8.0,7.0,6.0,5.0,4.0,3.0,2.0,1.0,0.0
45.0,40.0,35.0,30.0,25.0,25.0,30.0,35.0,40.0,45.0
22.0,28.0,20.0,17.0,18.0,22.0,29.0,21.0,19.0,22.0,17.0,23.0,18.0,23.0,28.0,15.0,21.0,28.0,23.0,30.0,27.0,18.0,23.0,29.0,19.0,23.0,21.0,25.0,22.0,21.0,24.0,18.0,24.0,29.0,25.0,17.0,23.0,31.0,17.0,21.0,32.0,29.0,17.0,17.0,31.0,19.0,31.0,28.0,30.0,24.0
36.0,23.0,10.0,28.0,24.0,26.0,21.0,22.0,23.0,24.0,31.0,22.0,25.0,21.0,17.0,18.0,20.0,23.0,26.0,26.0,21.0,23.0,15.0,24.0,20.0,18.0,24.0,23.0,27.0,29.0,19.0,21.0,19.0,24.0,26.0,40.0,27.0,28.0,29.0,24.0,21.0,20.0,25.0,23.0,31.0,27.0,15.0,27.0,31.0,24.0
25.0,23.0,16.0,28.0,18.0,16.0,19.0,21.0,20.0,30.0,31.0,27.0,17.0,18.0,29.0,30.0,25.0,27.0,18.0,21.0,18.0,25.0,22.0,26.0,26.0,27.0,29.0,17.0,20.0,16.0,23.0,18.0,24.0,23.0,21.0,22.0,20.0,25.0,21.0,21.0,19.0,26.0,19.0,17.0,26.0,24.0,30.0,20.0,29.0,24.0
17.0,22.0,18.0,16.0,34.0,22.0,20.0,22.0,22.0,16.0,23.0,25.0,22.0,23.0,26.0,27.0,25.0,17.0,22.0,27.0,21.0,22.0,20.0,30.0,19.0,18.0,21.0,22.0,23.0,26.0,20.0,21.0,22.0,25.0,23.0,19.0,28.0,27.0,25.0,25.0,21.0,15.0,15.0,23.0,18.0,26.0,33.0,28.0,22.0,22.0
32.0,39.0,37.0,46.0,37.0,32.0,31.0,32.0,48.0,40.0,36.0,29.0,41.0,38.0,40.0,32.0,27.0,36.0,29.0,40.0,31.0,40.0,42.0,44.0,45.0,30.0,38.0,34.0,34.0,38.0,31.0,36.0,37.0,50.0,38.0,35.0,37.0,34.0,30.0,43.0,41.0,35.0,34.0,46.0,33.0,41.0,35.0,29.0,34.0,43.0
25.0,23.0,27.0,12.0,27.0,25.0,26.0,27.0,39.0,27.0,19.0,21.0,32.0,17.0,22.0,27.0,30.0,25.0,30.0,18.0,26.0,28.0,31.0,26.0,21.0,22.0,27.0,39.0,27.0,21.0,23.0,30.0,24.0,25.0,35.0,31.0,27.0,22.0,23.0,27.0,31.0,35.0,27.0,33.0,28.0,19.0,22.0,27.0,30.0,27.0
19.0,27.0,19.0,30.0,25.0,33.0,32.0,26.0,26.0,22.0,34.0,33.0,34.0,38.0,24.0,42.0,25.0,33.0,25.0,28.0,30.0,29.0,30.0,25.0,34.0,35.0,37.0,31.0,26.0,28.0,30.0,21.0,32.0,33.0,24.0,32.0,30.0,26.0,31.0,32.0,22.0,29.0,21.0,29.0,34.0,32.0,21.0,28.0,34.0,33.0
30.0,25.0,42.0,33.0,30.0,38.0,26.0,37.0,46.0,32.0,26.0,39.0,33.0,28.0,36.0,33.0,34.0,31.0,36.0,28.0,36.0,34.0,31.0,28.0,32.0,33.0,21.0,30.0,33.0,32.0,36.0,36.0,35.0,30.0,31.0,28.0,38.0,31.0,43.0,32.0,26.0,30.0,42.0,28.0,39.0,31.0,35.0,34.0,25.0,37.0
37.0,39.0,26.0,30.0,41.0,36.0,33.0,37.0,29.0,33.0,35.0,38.0,35.0,35.0,32.0,28.0,31.0,27.0,27.0,22.0,32.0,35.0,43.0,39.0,33.0,38.0,42.0,37.0,34.0,38.0,28.0,32.0,27.0,36.0,32.0,35.0,29.0,34.0,42.0,38.0,35.0,44.0,36.0,28.0,32.0,42.0,41.0,24.0,29.0,37.0
36.0,51.0,32.0,34.0,37.0,28.0,31.0,41.0,38.0,36.0,25.0,37.0,32.0,36.0,27.0,45.0,26.0,28.0,41.0,37.0,20.0,35.0,24.0,32.0,45.0,31.0,32.0,38.0,21.0,28.0,31.0,40.0,33.0,34.0,32.0,37.0,43.0,29.0,38.0,23.0,44.0,25.0,41.0,26.0,28.0,40.0,39.0,26.0,37.0,31.0
