10,50,1000
17.267353,17.356481,15.976853,15.911927,16.250386,19.964609,17.606158,17.93243,19.722563,17.058645
6.460904,9.142093,9.340707,8.247427,6.659015,8.998159,8.713428,7.86155,8.477781,9.372848
0.0,10.0,20.0,30.0,40.0,50.0,60.0,70.0,80.0,90.0
10.0,0.0,10.0,20.0,30.0,40.0,50.0,60.0,70.0,80.0
20.0,10.0,0.0,10.0,20.0,30.0,40.0,50.0,60.0,70.0
30.0,20.0,10.0,0.0,10.0,20.0,30.0,40.0,50.0,60.0
40.0,30.0,20.0,10.0,0.0,10.0,20.0,30.0,40.0,50.0
50.0,40.0,30.0,20.0,10.0,0.0,10.0,20.0,30.0,40.0
60.0,50.0,40.0,30.0,20.0,10.0,0.0,10.0,20.0,30.0
70.0,60.0,50.0,40.0,30.0,20.0,10.0,0.0,10.0,20.0
80.0,70.0,60.0,50.0,40.0,30.0,20.0,10.0,0.0,10.0
90.0,80.0,70.0,60.0,50.0,40.0,30.0,20.0,10.0,0.0
450.0,400.0,350.0,300.0,250.0,250.0,300.0,350.0,400.0,450.0
0.0,1.0,2.0,3.0,4.0,5.0,6.0,7.0,8.0,9.0
1.0,0.0,1.0,2.0,3.0,4.0,5.0,6.0,7.0,8.0
2.0,1.0,0.0,1.0,2.0,3.0,4.0,5.0,6.0,7.0
3.0,2.0,1.0,0.0,1.0,2.0,3.0,4.0,5.0,6.0
4.0,3.0,2.0,1.0,0.0,1.0,2.0,3.0,4.0,5.0
5.0,4.0,3.0,2.0,1.0,0.0,1.0,2.0,3.0,4.0
6.0,5.0,4.0,3.0,2.0,1.0,0.0,1.0,2.0,3.0
7.0,6.0,5.0,4.0,3.0,2.0,1.0,0.0,1.0,2.0
8.0,7.0,6.0,5.0,4.0,3.0,2.0,1.0,0.0,1.0
9.0,8.0,7.0,6.0,5.0,4.0,3.0,2.0,1.0,0.0
45.0,40.0,35.0,30.0,25.0,25.0,30.0,35.0,40.0,45.0
23.0,23.0,20.0,23.0,22.0,35.0,25.0,21.0,33.0,38.0,31.0,33.0,29.0,24.0,25.0,20.0,30.0,22.0,24.0,23.0,29.0,25.0,25.0,12.0,26.0,32.0,18.0,23.0,20.0,24.0,16.0,35.0,31.0,18.0,21.0,29.0,13.0,16.0,24.0,14.0,22.0,27.0,28.0,27.0,36.0,24.0,25.0,23.0,27.0,28.0
34.0,34.0,29.0,42.0,31.0,41.0,37.0,40.0,40.0,35.0,30.0,28.0,38.0,36.0,29.0,38.0,34.0,36.0,32.0,32.0,38.0,30.0,32.0,34.0,36.0,25.0,25.0,33.0,32.0,32.0,48.0,30.0,31.0,27.0,32.0,31.0,37.0,34.0,37.0,40.0,42.0,33.0,33.0,32.0,37.0,39.0,29.0,31.0,27.0,37.0
35.0,31.0,31.0,31.0,36.0,32.0,36.0,28.0,35.0,32.0,37.0,44.0,41.0,30.0,31.0,35.0,38.0,33.0,35.0,33.0,36.0,34.0,23.0,35.0,26.0,41.0,44.0,35.0,41.0,38.0,54.0,33.0,37.0,34.0,37.0,35.0,33.0,47.0,39.0,36.0,34.0,37.0,31.0,34.0,29.0,33.0,32.0,45.0,35.0,27.0
36.0,31.0,32.0,40.0,31.0,30.0,27.0,41.0,30.0,36.0,24.0,32.0,33.0,26.0,47.0,29.0,31.0,24.0,30.0,38.0,35.0,29.0,35.0,34.0,29.0,23.0,33.0,36.0,36.0,31.0,31.0,33.0,24.0,29.0,32.0,27.0,36.0,37.0,21.0,25.0,38.0,40.0,27.0,33.0,27.0,36.0,37.0,44.0,32.0,34.0
29.0,27.0,18.0,30.0,20.0,24.0,30.0,26.0,22.0,34.0,25.0,19.0,22.0,25.0,28.0,25.0,20.0,16.0,27.0,23.0,27.0,50.0,24.0,23.0,28.0,29.0,32.0,28.0,30.0,20.0,25.0,26.0,15.0,24.0,25.0,28.0,31.0,36.0,24.0,23.0,37.0,47.0,31.0,42.0,17.0,26.0,24.0,33.0,18.0,20.0
31.0,27.0,35.0,29.0,28.0,42.0,30.0,34.0,22.0,31.0,36.0,42.0,41.0,33.0,31.0,38.0,41.0,28.0,29.0,28.0,38.0,25.0,32.0,31.0,36.0,34.0,42.0,36.0,43.0,39.0,36.0,32.0,33.0,32.0,42.0,36.0,34.0,42.0,33.0,37.0,30.0,33.0,32.0,30.0,39.0,31.0,28.0,34.0,25.0,35.0
44.0,29.0,40.0,34.0,37.0,37.0,40.0,26.0,35.0,31.0,42.0,29.0,37.0,34.0,33.0,41.0,29.0,27.0,39.0,26.0,39.0,38.0,39.0,37.0,31.0,43.0,37.0,31.0,40.0,37.0,36.0,37.0,27.0,24.0,28.0,36.0,33.0,23.0,35.0,31.0,24.0,44.0,33.0,34.0,30.0,31.0,24.0,32.0,31.0,33.0
30.0,29.0,25.0,22.0,36.0,30.0,35.0,39.0,36.0,26.0,29.0,19.0,28.0,34.0,19.0,29.0,30.0,31.0,30.0,40.0,30.0,33.0,25.0,40.0,34.0,33.0,25.0,32.0,24.0,21.0,28.0,28.0,34.0,33.0,37.0,23.0,31.0,42.0,39.0,29.0,35.0,31.0,29.0,34.0,32.0,26.0,29.0,27.0,34.0,26.0
35.0,30.0,36.0,27.0,39.0,25.0,41.0,33.0,36.0,39.0,27.0,38.0,26.0,38.0,27.0,36.0,35.0,40.0,32.0,30.0,33.0,42.0,30.0,47.0,24.0,41.0,38.0,30.0,40.0,36.0,34.0,34.0,22.0,25.0,31.0,40.0,25.0,37.0,38.0,33.0,43.0,42.0,31.0,29.0,45.0,41.0,39.0,37.0,31.0,31.0
31.0,32.0,31.0,43.0,37.0,36.0,49.0,29.0,33.0,29.0,34.0,39.0,32.0,38.0,27.0,42.0,41.0,29.0,34.0,24.0,39.0,29.0,30.0,27.0,39.0,39.0,33.0,39.0,39.0,42.0,53.0,40.0,38.0,38.0,33.0,48.0,33.0,29.0,27.0,30.0,29.0,36.0,30.0,34.0,38.0,42.0,35.0,32.0,35.0,34.0
