10,50,1000
15.592359,18.599457,15.698741,16.834063,19.016646,18.193405,18.13956,17.282489,15.511132,19.524714
6.065201,9.657111,7.630662,6.837299,6.443672,9.520311,7.0488,8.34744,5.12129,7.630062
0.0,10.0,20.0,30.0,40.0,50.0,60.0,70.0,80.0,90.0
10.0,0.0,10.0,20.0,30.0,40.0,50.0,60.0,70.0,80.0
20.0,10.0,0.0,10.0,20.0,30.0,40.0,50.0,60.0,70.0
30.0,20.0,10.0,0.0,10.0,20.0,30.0,40.0,50.0,60.0
40.0,30.0,20.0,10.0,0.0,10.0,20.0,30.0,40.0,50.0
50.0,40.0,30.0,20.0,10.0,0.0,10.0,20.0,30.0,40.0
60.0,50.0,40.0,30.0,20.0,10.0,0.0,10.0,20.0,30.0
70.0,60.0,50.0,40.0,30.0,20.0,10.0,0.0,10.0,20.0
80.0,70.0,60.0,50.0,40.0,30.0,20.0,10.0,0.0,10.0
90.0,80.0,70.0,60.0,50.0,40.0,30.0,20.0,10.0,0.0
450.0,400.0,350.0,300.0,250.0,250.0,300.0,350.0,400.0,450.0
0.0,1.0,2.0,3.0,4.0,5.0,6.0,7.0,8.0,9.0
1.0,0.0,1.0,2.0,3.0,4.0,5.0,6.0,7.0,8.0
2.0,1.0,0.0,1.0,2.0,3.0,4.0,5.0,6.0,7.0
3.0,2.0,1.0,0.0,1.0,2.0,3.0,4.0,5.0,6.0
4.0,3.0,2.0,1.0,0.0,1.0,2.0,3.0,4.0,5.0
5.0,4.0,3.0,2.0,1.0,0.0,1.0,2.0,3.0,4.0
6.0,5.0,4.0,3.0,2.0,1.0,0.0,1.0,2.0,3.0
7.0,6.0,5.0,4.0,3.0,2.0,1.0,0.0,1.0,2.0
8.0,7.0,6.0,5.0,4.0,3.0,2.0,1.0,0.0,1.0
9.0,8.0,7.0,6.0,5.0,4.0,3.0,2.0,1.0,0.0
45.0,40.0,35.0,30.0,25.0,25.0,30.0,35.0,40.0,45.0
17.0,20.0,21.0,23.0,27.0,17.0,26.0,17.0,19.0,33.0,24.0,24.0,21.0,24.0,29.0,26.0,25.0,20.0,25.0,25.0,34.0,20.0,22.0,19.0,25.0,22.0,18.0,27.0,24.0,31.0,18.0,20.0,21.0,19.0,24.0,24.0,27.0,21.0,38.0,23.0,24.0,28.0,27.0,25.0,24.0,25.0,35.0,35.0,26.0,25.0
42.0,35.0,34.0,29.0,38.0,28.0,43.0,38.0,49.0,43.0,33.0,35.0,35.0,42.0,33.0,40.0,30.0,36.0,46.0,41.0,40.0,45.0,30.0,27.0,45.0,35.0,26.0,30.0,32.0,37.0,36.0,32.0,35.0,37.0,34.0,30.0,38.0,35.0,36.0,38.0,36.0,41.0,27.0,37.0,24.0,34.0,44.0,26.0,29.0,39.0
28.0,24.0,34.0,32.0,26.0,29.0,34.0,29.0,34.0,30.0,28.0,21.0,30.0,29.0,24.0,38.0,40.0,27.0,22.0,25.0,23.0,20.0,36.0,19.0,34.0,34.0,29.0,30.0,26.0,21.0,26.0,37.0,32.0,23.0,34.0,30.0,41.0,31.0,38.0,23.0,22.0,31.0,30.0,29.0,32.0,23.0,33.0,32.0,33.0,19.0
25.0,26.0,19.0,25.0,32.0,26.0,29.0,33.0,28.0,30.0,30.0,25.0,25.0,35.0,21.0,32.0,32.0,12.0,21.0,35.0,25.0,34.0,31.0,25.0,26.0,24.0,23.0,31.0,28.0,23.0,30.0,21.0,30.0,33.0,22.0,24.0,35.0,21.0,27.0,23.0,32.0,30.0,35.0,20.0,22.0,27.0,30.0,26.0,21.0,22.0
29.0,27.0,30.0,27.0,28.0,21.0,25.0,24.0,31.0,21.0,26.0,21.0,31.0,25.0,29.0,21.0,30.0,31.0,23.0,28.0,26.0,31.0,17.0,28.0,25.0,21.0,34.0,26.0,26.0,26.0,26.0,27.0,24.0,30.0,22.0,27.0,31.0,21.0,35.0,26.0,26.0,24.0,28.0,30.0,23.0,29.0,26.0,22.0,27.0,30.0
43.0,34.0,43.0,31.0,32.0,29.0,41.0,40.0,29.0,38.0,37.0,37.0,42.0,26.0,42.0,45.0,36.0,40.0,40.0,43.0,29.0,42.0,38.0,24.0,37.0,32.0,32.0,39.0,36.0,27.0,36.0,22.0,29.0,42.0,36.0,25.0,33.0,38.0,32.0,41.0,46.0,29.0,31.0,28.0,34.0,35.0,39.0,35.0,34.0,41.0
34.0,25.0,35.0,24.0,33.0,25.0,28.0,31.0,25.0,30.0,32.0,26.0,24.0,24.0,24.0,26.0,39.0,37.0,33.0,24.0,25.0,32.0,20.0,27.0,28.0,31.0,42.0,29.0,37.0,30.0,28.0,20.0,34.0,31.0,30.0,26.0,23.0,29.0,29.0,27.0,34.0,18.0,29.0,22.0,30.0,34.0,21.0,28.0,32.0,19.0
34.0,33.0,29.0,31.0,25.0,27.0,23.0,43.0,33.0,14.0,35.0,36.0,22.0,38.0,34.0,34.0,33.0,30.0,37.0,35.0,22.0,39.0,41.0,38.0,26.0,32.0,26.0,33.0,40.0,31.0,33.0,29.0,27.0,31.0,28.0,35.0,31.0,34.0,33.0,39.0,30.0,29.0,36.0,25.0,28.0,35.0,40.0,33.0,31.0,44.0
19.0,25.0,22.0,23.0,21.0,20.0,14.0,23.0,21.0,28.0,24.0,23.0,27.0,19.0,14.0,20.0,24.0,24.0,16.0,16.0,23.0,26.0,25.0,26.0,15.0,19.0,17.0,24.0,20.0,14.0,14.0,22.0,26.0,29.0,29.0,17.0,14.0,20.0,30.0,16.0,20.0,25.0,25.0,17.0,21.0,21.0,23.0,23.0,13.0,15.0
33.0,34.0,28.0,27.0,29.0,31.0,28.0,27.0,33.0,26.0,38.0,40.0,27.0,26.0,25.0,32.0,33.0,24.0,30.0,25.0,35.0,15.0,16.0,31.0,23.0,31.0,37.0,25.0,36.0,26.0,35.0,44.0,32.0,27.0,34.0,35.0,25.0,32.0,23.0,39.0,40.0,27.0,26.0,28.0,32.0,34.0,31.0,31.0,32.0,29.0
