10,50,1000
19.648601,19.678825,19.736706,15.66821,17.800375,17.768079,19.084872,16.588105,18.464921,16.784888
7.974497,6.238583,7.338647,5.435221,5.772916,8.834293,6.917333,6.535616,8.088995,8.855342
0.0,10.0,20.0,30.0,40.0,50.0,60.0,70.0,80.0,90.0
10.0,0.0,10.0,20.0,30.0,40.0,50.0,60.0,70.0,80.0
20.0,10.0,0.0,10.0,20.0,30.0,40.0,50.0,60.0,70.0
30.0,20.0,10.0,0.0,10.0,20.0,30.0,40.0,50.0,60.0
40.0,30.0,20.0,10.0,0.0,10.0,20.0,30.0,40.0,50.0
50.0,40.0,30.0,20.0,10.0,0.0,10.0,20.0,30.0,40.0
60.0,50.0,40.0,30.0,20.0,10.0,0.0,10.0,20.0,30.0
70.0,60.0,50.0,40.0,30.0,20.0,10.0,0.0,10.0,20.0
80.0,70.0,60.0,50.0,40.0,30.0,20.0,10.0,0.0,10.0
90.0,80.0,70.0,60.0,50.0,40.0,30.0,20.0,10.0,0.0
450.0,400.0,350.0,300.0,250.0,250.0,300.0,350.0,400.0,450.0
0.0,1.0,2.0,3.0,4.0,5.0,6.0,7.0,8.0,9.0
1.0,0.0,1.0,2.0,3.0,4.0,5.0,6.0,7.0,8.0
2.0,1.0,0.0,1.0,2.0,3.0,4.0,5.0,6.0,7.0
3.0,2.0,1.0,0.0,1.0,2.0,3.0,4.0,5.0,6.0
4.0,3.0,2.0,1.0,0.0,1.0,2.0,3.0,4.0,5.0
5.0,4.0,3.0,2.0,1.0,0.0,1.0,2.0,3.0,4.0
6.0,5.0,4.0,3.0,2.0,1.0,0.0,1.0,2.0,3.0
7.0,6.0,5.0,4.0,3.0,2.0,1.0,0.0,1.0,2.0
8.0,7.0,6.0,5.0,4.0,3.0,2.0,1.0,0.0,1.0
9.0,8.0,7.0,6.0,5.0,4.0,3.0,2.0,1.0,0.0
45.0,40.0,35.0,30.0,25.0,25.0,30.0,35.0,40.0,45.0
26.0,40.0,29.0,21.0,39.0,24.0,27.0,39.0,38.0,25.0,33.0,23.0,38.0,27.0,20.0,30.0,31.0,23.0,34.0,29.0,22.0,21.0,26.0,31.0,28.0,23.0,35.0,31.0,29.0,18.0,33.0,38.0,33.0,27.0,27.0,25.0,24.0,26.0,27.0,33.0,31.0,21.0,35.0,29.0,26.0,21.0,27.0,27.0,41.0,35.0
27.0,25.0,26.0,29.0,23.0,16.0,26.0,27.0,23.0,31.0,25.0,23.0,16.0,20.0,30.0,26.0,31.0,25.0,12.0,15.0,34.0,28.0,17.0,23.0,28.0,26.0,25.0,24.0,28.0,23.0,33.0,29.0,24.0,25.0,29.0,27.0,24.0,30.0,22.0,18.0,24.0,19.0,25.0,27.0,36.0,27.0,33.0,15.0,28.0,25.0
35.0,23.0,23.0,34.0,21.0,28.0,30.0,25.0,25.0,34.0,26.0,26.0,27.0,23.0,40.0,29.0,29.0,34.0,22.0,29.0,28.0,31.0,38.0,27.0,32.0,29.0,39.0,32.0,19.0,28.0,26.0,32.0,27.0,28.0,26.0,28.0,26.0,31.0,29.0,24.0,30.0,23.0,25.0,43.0,21.0,30.0,33.0,29.0,29.0,29.0
16.0,20.0,23.0,27.0,29.0,12.0,19.0,26.0,25.0,20.0,27.0,29.0,19.0,23.0,25.0,24.0,14.0,21.0,20.0,17.0,13.0,31.0,8.0,27.0,27.0,26.0,19.0,17.0,20.0,21.0,27.0,23.0,16.0,14.0,23.0,12.0,27.0,18.0,29.0,28.0,22.0,23.0,21.0,27.0,31.0,19.0,27.0,22.0,21.0,21.0
22.0,28.0,26.0,15.0,20.0,28.0,25.0,20.0,25.0,26.0,16.0,19.0,19.0,21.0,27.0,26.0,29.0,17.0,21.0,25.0,23.0,25.0,30.0,19.0,20.0,18.0,19.0,20.0,16.0,21.0,24.0,25.0,20.0,23.0,18.0,29.0,28.0,22.0,31.0,22.0,22.0,18.0,18.0,19.0,25.0,18.0,19.0,25.0,26.0,20.0
29.0,26.0,26.0,35.0,26.0,33.0,39.0,29.0,29.0,33.0,29.0,27.0,37.0,27.0,36.0,32.0,21.0,23.0,35.0,42.0,34.0,25.0,28.0,37.0,38.0,32.0,38.0,25.0,48.0,43.0,39.0,38.0,32.0,48.0,21.0,27.0,39.0,30.0,31.0,30.0,38.0,28.0,21.0,32.0,42.0,31.0,33.0,42.0,26.0,31.0
29.0,37.0,30.0,27.0,36.0,27.0,26.0,25.0,32.0,23.0,23.0,24.0,27.0,25.0,21.0,27.0,29.0,26.0,36.0,22.0,19.0,16.0,26.0,23.0,28.0,22.0,29.0,22.0,26.0,22.0,27.0,34.0,21.0,36.0,31.0,25.0,31.0,29.0,30.0,21.0,26.0,26.0,23.0,29.0,36.0,27.0,27.0,26.0,34.0,25.0
24.0,34.0,21.0,26.0,21.0,26.0,28.0,17.0,26.0,32.0,26.0,34.0,16.0,27.0,21.0,19.0,24.0,29.0,32.0,28.0,28.0,20.0,19.0,21.0,19.0,19.0,21.0,22.0,26.0,20.0,21.0,20.0,31.0,26.0,27.0,30.0,27.0,27.0,29.0,23.0,25.0,33.0,23.0,26.0,20.0,25.0,29.0,33.0,36.0,13.0
34.0,34.0,28.0,37.0,40.0,37.0,38.0,26.0,27.0,30.0,25.0,33.0,34.0,31.0,36.0,32.0,35.0,21.0,28.0,35.0,47.0,25.0,36.0,30.0,32.0,31.0,27.0,19.0,36.0,37.0,22.0,31.0,23.0,36.0,26.0,23.0,30.0,33.0,43.0,32.0,29.0,26.0,24.0,25.0,36.0,20.0,25.0,32.0,29.0,32.0
25.0,31.0,37.0,32.0,33.0,41.0,33.0,35.0,39.0,33.0,15.0,31.0,28.0,29.0,36.0,37.0,37.0,37.0,34.0,30.0,43.0,28.0,44.0,34.0,29.0,32.0,36.0,34.0,34.0,37.0,42.0,38.0,29.0,22.0,27.0,25.0,30.0,30.0,39.0,34.0,32.0,41.0,34.0,39.0,38.0,34.0,30.0,30.0,28.0,38.0
