10,50,1000
19.999316,17.919838,17.566693,18.917889,18.691829,18.524544,15.123637,17.800329,19.586663,19.064173
6.663794,7.151121,9.121817,6.56861,8.977445,8.461996,5.019813,9.677966,7.435373,9.80065
0.0,10.0,20.0,30.0,40.0,50.0,60.0,70.0,80.0,90.0
10.0,0.0,10.0,20.0,30.0,40.0,50.0,60.0,70.0,80.0
20.0,10.0,0.0,10.0,20.0,30.0,40.0,50.0,60.0,70.0
30.0,20.0,10.0,0.0,10.0,20.0,30.0,40.0,50.0,60.0
40.0,30.0,20.0,10.0,0.0,10.0,20.0,30.0,40.0,50.0
50.0,40.0,30.0,20.0,10.0,0.0,10.0,20.0,30.0,40.0
60.0,50.0,40.0,30.0,20.0,10.0,0.0,10.0,20.0,30.0
70.0,60.0,50.0,40.0,30.0,20.0,10.0,0.0,10.0,20.0
80.0,70.0,60.0,50.0,40.0,30.0,20.0,10.0,0.0,10.0
90.0,80.0,70.0,60.0,50.0,40.0,30.0,20.0,10.0,0.0
450.0,400.0,350.0,300.0,250.0,250.0,300.0,350.0,400.0,450.0
0.0,1.0,2.0,3.0,4.0,5.0,6.0,7.0,8.0,9.0
1.0,0.0,1.0,2.0,3.0,4.0,5.0,6.0,7.0,8.0
2.0,1.0,0.0,1.0,2.0,3.0,4.0,5.0,6.0,7.0
3.0,2.0,1.0,0.0,1.0,2.0,3.0,4.0,5.0,6.0
4.0,3.0,2.0,1.0,0.0,1.0,2.0,3.0,4.0,5.0
5.0,4.0,3.0,2.0,1.0,0.0,1.0,2.0,3.0,4.0
6.0,5.0,4.0,3.0,2.0,1.0,0.0,1.0,2.0,3.0
7.0,6.0,5.0,4.0,3.0,2.0,1.0,0.0,1.0,2.0
8.0,7.0,6.0,5.0,4.0,3.0,2.0,1.0,0.0,1.0
9.0,8.0,7.0,6.0,5.0,4.0,3.0,2.0,1.0,0.0
45.0,40.0,35.0,30.0,25.0,25.0,30.0,35.0,40.0,45.0
31.0,26.0,21.0,26.0,26.0,24.0,22.0,31.0,33.0,28.0,23.0,20.0,33.0,26.0,27.0,21.0,24.0,29.0,23.0,26.0,24.0,21.0,15.0,27.0,14.0,20.0,22.0,36.0,29.0,25.0,32.0,29.0,27.0,19.0,34.0,28.0,21.0,28.0,18.0,18.0,24.0,23.0,31.0,25.0,30.0,27.0,24.0,29.0,28.0,32.0
22.0,25.0,27.0,28.0,29.0,27.0,26.0,27.0,34.0,26.0,24.0,38.0,32.0,28.0,32.0,40.0,20.0,24.0,23.0,27.0,25.0,30.0,28.0,30.0,26.0,27.0,28.0,29.0,27.0,27.0,23.0,21.0,27.0,29.0,26.0,30.0,37.0,24.0,27.0,23.0,30.0,28.0,41.0,33.0,20.0,33.0,31.0,31.0,28.0,19.0
23.0,47.0,29.0,25.0,25.0,37.0,28.0,33.0,30.0,40.0,29.0,31.0,38.0,33.0,41.0,29.0,38.0,37.0,40.0,42.0,30.0,35.0,34.0,32.0,32.0,33.0,32.0,34.0,34.0,31.0,35.0,31.0,31.0,32.0,34.0,31.0,38.0,34.0,31.0,29.0,27.0,46.0,30.0,27.0,41.0,42.0,23.0,34.0,38.0,45.0
33.0,18.0,26.0,22.0,24.0,31.0,22.0,25.0,27.0,24.0,33.0,23.0,24.0,30.0,27.0,21.0,22.0,18.0,31.0,26.0,20.0,24.0,33.0,22.0,31.0,18.0,28.0,30.0,27.0,30.0,22.0,19.0,27.0,30.0,27.0,23.0,27.0,32.0,32.0,20.0,33.0,24.0,36.0,28.0,29.0,34.0,25.0,26.0,26.0,28.0
35.0,26.0,38.0,32.0,29.0,32.0,29.0,27.0,37.0,30.0,21.0,32.0,25.0,23.0,39.0,28.0,28.0,33.0,35.0,37.0,37.0,27.0,40.0,36.0,41.0,34.0,38.0,32.0,31.0,24.0,43.0,34.0,26.0,36.0,37.0,39.0,38.0,39.0,35.0,38.0,30.0,43.0,42.0,31.0,28.0,38.0,20.0,32.0,37.0,44.0
37.0,24.0,41.0,38.0,38.0,34.0,33.0,31.0,32.0,39.0,29.0,34.0,34.0,39.0,29.0,44.0,29.0,36.0,32.0,26.0,43.0,32.0,29.0,31.0,32.0,41.0,25.0,18.0,33.0,35.0,30.0,30.0,32.0,40.0,23.0,38.0,33.0,28.0,32.0,35.0,35.0,33.0,29.0,34.0,34.0,36.0,34.0,28.0,25.0,36.0
25.0,15.0,18.0,15.0,16.0,20.0,15.0,13.0,21.0,17.0,21.0,25.0,16.0,16.0,21.0,22.0,15.0,22.0,21.0,23.0,22.0,12.0,19.0,13.0,19.0,22.0,17.0,24.0,17.0,17.0,16.0,19.0,21.0,20.0,16.0,16.0,12.0,22.0,24.0,24.0,25.0,19.0,16.0,11.0,21.0,22.0,25.0,18.0,23.0,24.0
42.0,33.0,39.0,37.0,48.0,34.0,43.0,35.0,28.0,37.0,33.0,42.0,45.0,35.0,39.0,44.0,33.0,32.0,34.0,32.0,39.0,37.0,44.0,37.0,29.0,30.0,39.0,36.0,32.0,39.0,43.0,27.0,39.0,35.0,34.0,30.0,23.0,44.0,35.0,34.0,36.0,34.0,35.0,41.0,30.0,34.0,32.0,27.0,44.0,28.0
30.0,30.0,33.0,33.0,27.0,32.0,29.0,26.0,24.0,27.0,31.0,24.0,22.0,33.0,32.0,29.0,28.0,27.0,30.0,22.0,27.0,24.0,25.0,24.0,24.0,24.0,30.0,31.0,29.0,29.0,28.0,34.0,20.0,23.0,28.0,36.0,23.0,23.0,28.0,34.0,30.0,32.0,24.0,28.0,21.0,35.0,30.0,26.0,28.0,34.0
44.0,36.0,30.0,30.0,34.0,34.0,35.0,35.0,29.0,36.0,36.0,25.0,40.0,38.0,24.0,39.0,49.0,32.0,32.0,39.0,33.0,36.0,35.0,33.0,37.0,37.0,39.0,31.0,34.0,42.0,30.0,52.0,30.0,36.0,39.0,44.0,34.0,44.0,25.0,33.0,24.0,35.0,28.0,42.0,31.0,34.0,44.0,43.0,53.0,46.0
