10,50,1000
16.130039,18.231047,17.65227,15.358393,18.151016,15.218152,15.350042,15.066428,19.244041,15.074156
5.533575,7.15482,9.370854,7.178693,7.47251,9.870395,5.004994,6.107652,8.421086,5.896628
0.0,10.0,20.0,30.0,40.0,50.0,60.0,70.0,80.0,90.0
10.0,0.0,10.0,20.0,30.0,40.0,50.0,60.0,70.0,80.0
20.0,10.0,0.0,10.0,20.0,30.0,40.0,50.0,60.0,70.0
30.0,20.0,10.0,0.0,10.0,20.0,30.0,40.0,50.0,60.0
40.0,30.0,20.0,10.0,0.0,10.0,20.0,30.0,40.0,50.0
50.0,40.0,30.0,20.0,10.0,0.0,10.0,20.0,30.0,40.0
60.0,50.0,40.0,30.0,20.0,10.0,0.0,10.0,20.0,30.0
70.0,60.0,50.0,40.0,30.0,20.0,10.0,0.0,10.0,20.0
80.0,70.0,60.0,50.0,40.0,30.0,20.0,10.0,0.0,10.0
90.0,80.0,70.0,60.0,50.0,40.0,30.0,20.0,10.0,0.0
450.0,400.0,350.0,300.0,250.0,250.0,300.0,350.0,400.0,450.0
0.0,1.0,2.0,3.0,4.0,5.0,6.0,7.0,8.0,9.0
1.0,0.0,1.0,2.0,3.0,4.0,5.0,6.0,7.0,8.0
2.0,1.0,0.0,1.0,2.0,3.0,4.0,5.0,6.0,7.0
3.0,2.0,1.0,0.0,1.0,2.0,3.0,4.0,5.0,6.0
4.0,3.0,2.0,1.0,0.0,1.0,2.0,3.0,4.0,5.0
5.0,4.0,3.0,2.0,1.0,0.0,1.0,2.0,3.0,4.0
6.0,5.0,4.0,3.0,2.0,1.0,0.0,1.0,2.0,3.0
7.0,6.0,5.0,4.0,3.0,2.0,1.0,0.0,1.0,2.0
8.0,7.0,6.0,5.0,4.0,3.0,2.0,1.0,0.0,1.0
9.0,8.0,7.0,6.0,5.0,4.0,3.0,2.0,1.0,0.0
45.0,40.0,35.0,30.0,25.0,25.0,30.0,35.0,40.0,45.0
21.0,21.0,21.0,27.0,19.0,24.0,25.0,23.0,21.0,26.0,19.0,25.0,24.0,26.0,32.0,22.0,20.0,23.0,27.0,21.0,20.0,30.0,22.0,25.0,28.0,16.0,30.0,25.0,25.0,14.0,19.0,21.0,22.0,18.0,17.0,15.0,29.0,27.0,18.0,23.0,20.0,21.0,23.0,21.0,21.0,20.0,22.0,29.0,22.0,24.0
21.0,24.0,35.0,19.0,32.0,32.0,34.0,21.0,30.0,32.0,30.0,20.0,27.0,30.0,14.0,22.0,25.0,22.0,18.0,20.0,35.0,24.0,29.0,18.0,22.0,25.0,32.0,40.0,23.0,30.0,23.0,26.0,27.0,20.0,24.0,29.0,19.0,17.0,28.0,34.0,18.0,34.0,37.0,21.0,28.0,29.0,24.0,27.0,29.0,31.0
31.0,42.0,31.0,40.0,31.0,30.0,46.0,34.0,39.0,45.0,28.0,34.0,39.0,35.0,37.0,34.0,24.0,30.0,34.0,31.0,29.0,30.0,27.0,32.0,32.0,36.0,35.0,32.0,20.0,31.0,33.0,35.0,36.0,27.0,30.0,25.0,39.0,31.0,44.0,40.0,28.0,43.0,29.0,30.0,25.0,37.0,48.0,37.0,29.0,26.0
26.0,25.0,38.0,21.0,34.0,20.0,24.0,15.0,29.0,20.0,26.0,26.0,25.0,32.0,33.0,30.0,33.0,35.0,31.0,28.0,37.0,29.0,29.0,24.0,25.0,20.0,23.0,35.0,29.0,23.0,34.0,25.0,30.0,29.0,27.0,30.0,26.0,24.0,26.0,29.0,30.0,35.0,23.0,22.0,37.0,18.0,22.0,23.0,34.0,26.0
40.0,22.0,33.0,31.0,27.0,25.0,31.0,31.0,32.0,32.0,30.0,22.0,19.0,39.0,23.0,27.0,28.0,22.0,32.0,28.0,22.0,34.0,34.0,25.0,24.0,35.0,32.0,26.0,26.0,23.0,23.0,37.0,33.0,39.0,26.0,28.0,28.0,38.0,31.0,30.0,19.0,45.0,27.0,30.0,29.0,36.0,28.0,33.0,32.0,28.0
34.0,39.0,42.0,29.0,41.0,43.0,22.0,38.0,36.0,41.0,30.0,28.0,34.0,35.0,54.0,34.0,38.0,47.0,36.0,43.0,39.0,33.0,32.0,43.0,31.0,38.0,40.0,35.0,37.0,35.0,42.0,45.0,40.0,39.0,41.0,34.0,32.0,21.0,49.0,28.0,37.0,31.0,46.0,35.0,35.0,27.0,44.0,37.0,28.0,25.0
22.0,18.0,20.0,13.0,28.0,26.0,25.0,23.0,26.0,21.0,11.0,23.0,21.0,23.0,21.0,17.0,24.0,13.0,13.0,7.0,22.0,20.0,28.0,18.0,16.0,23.0,16.0,19.0,26.0,20.0,19.0,25.0,20.0,22.0,27.0,12.0,21.0,22.0,20.0,20.0,19.0,24.0,14.0,11.0,16.0,17.0,24.0,19.0,14.0,24.0
28.0,28.0,31.0,26.0,32.0,27.0,27.0,25.0,23.0,20.0,22.0,24.0,21.0,29.0,17.0,16.0,25.0,22.0,33.0,25.0,28.0,27.0,18.0,25.0,18.0,24.0,28.0,20.0,24.0,29.0,19.0,20.0,24.0,19.0,24.0,25.0,21.0,30.0,21.0,21.0,22.0,25.0,23.0,23.0,16.0,22.0,28.0,25.0,23.0,16.0
38.0,27.0,32.0,37.0,34.0,26.0,37.0,41.0,23.0,42.0,38.0,30.0,38.0,30.0,35.0,32.0,45.0,34.0,43.0,24.0,33.0,32.0,25.0,33.0,28.0,30.0,44.0,25.0,30.0,26.0,33.0,24.0,31.0,28.0,37.0,27.0,19.0,31.0,31.0,28.0,26.0,33.0,41.0,32.0,33.0,26.0,28.0,41.0,33.0,32.0
21.0,24.0,21.0,23.0,19.0,23.0,26.0,27.0,16.0,23.0,30.0,20.0,19.0,20.0,17.0,23.0,24.0,21.0,29.0,15.0,25.0,32.0,25.0,23.0,18.0,20.0,20.0,16.0,24.0,30.0,24.0,23.0,20.0,28.0,21.0,24.0,24.0,24.0,25.0,22.0,19.0,28.0,26.0,25.0,23.0,24.0,29.0,20.0,26.0,23.0
