10,50,1000
19.10454,15.213246,19.797878,17.270166,17.748869,19.798944,15.84891,15.005674,15.288109,18.003056
9.055693,5.259583,6.466712,8.661084,7.491241,6.442141,9.250491,7.319661,7.561552,9.633368
0.0,10.0,20.0,30.0,40.0,50.0,60.0,70.0,80.0,90.0
10.0,0.0,10.0,20.0,30.0,40.0,50.0,60.0,70.0,80.0
20.0,10.0,0.0,10.0,20.0,30.0,40.0,50.0,60.0,70.0
30.0,20.0,10.0,0.0,10.0,20.0,30.0,40.0,50.0,60.0
40.0,30.0,20.0,10.0,0.0,10.0,20.0,30.0,40.0,50.0
50.0,40.0,30.0,20.0,10.0,0.0,10.0,20.0,30.0,40.0
60.0,50.0,40.0,30.0,20.0,10.0,0.0,10.0,20.0,30.0
70.0,60.0,50.0,40.0,30.0,20.0,10.0,0.0,10.0,20.0
80.0,70.0,60.0,50.0,40.0,30.0,20.0,10.0,0.0,10.0
90.0,80.0,70.0,60.0,50.0,40.0,30.0,20.0,10.0,0.0
450.0,400.0,350.0,300.0,250.0,250.0,300.0,350.0,400.0,450.0
0.0,1.0,2.0,3.0,4.0,5.0,6.0,7.0,8.0,9.0
1.0,0.0,1.0,2.0,3.0,4.0,5.0,6.0,7.0,8.0
2.0,1.0,0.0,1.0,2.0,3.0,4.0,5.0,6.0,7.0
3.0,2.0,1.0,0.0,1.0,2.0,3.0,4.0,5.0,6.0
4.0,3.0,2.0,1.0,0.0,1.0,2.0,3.0,4.0,5.0
5.0,4.0,3.0,2.0,1.0,0.0,1.0,2.0,3.0,4.0
6.0,5.0,4.0,3.0,2.0,1.0,0.0,1.0,2.0,3.0
7.0,6.0,5.0,4.0,3.0,2.0,1.0,0.0,1.0,2.0
8.0,7.0,6.0,5.0,4.0,3.0,2.0,1.0,0.0,1.0
9.0,8.0,7.0,6.0,5.0,4.0,3.0,2.0,1.0,0.0
45.0,40.0,35.0,30.0,25.0,25.0,30.0,35.0,40.0,45.0
36.0,42.0,34.0,30.0,40.0,30.0,25.0,31.0,37.0,32.0,33.0,36.0,30.0,42.0,33.0,32.0,33.0,25.0,26.0,33.0,44.0,32.0,47.0,44.0,35.0,27.0,31.0,30.0,29.0,31.0,36.0,29.0,24.0,36.0,37.0,37.0,35.0,25.0,30.0,32.0,28.0,27.0,40.0,40.0,39.0,22.0,41.0,25.0,29.0,44.0
19.0,23.0,19.0,14.0,23.0,18.0,17.0,13.0,25.0,25.0,16.0,17.0,22.0,26.0,26.0,21.0,17.0,24.0,25.0,18.0,19.0,19.0,20.0,25.0,17.0,18.0,22.0,15.0,22.0,22.0,17.0,20.0,17.0,13.0,23.0,24.0,27.0,19.0,19.0,14.0,21.0,18.0,19.0,21.0,23.0,24.0,29.0,20.0,24.0,32.0
19.0,23.0,34.0,22.0,28.0,20.0,18.0,25.0,25.0,25.0,28.0,35.0,31.0,30.0,27.0,29.0,25.0,40.0,25.0,31.0,26.0,21.0,29.0,25.0,24.0,30.0,27.0,31.0,24.0,32.0,26.0,25.0,44.0,29.0,25.0,32.0,22.0,21.0,20.0,21.0,33.0,24.0,25.0,26.0,26.0,20.0,28.0,20.0,43.0,29.0
31.0,28.0,26.0,40.0,28.0,43.0,32.0,42.0,33.0,23.0,36.0,29.0,42.0,37.0,32.0,21.0,33.0,33.0,45.0,30.0,23.0,27.0,31.0,38.0,23.0,39.0,40.0,24.0,41.0,44.0,36.0,32.0,30.0,29.0,35.0,26.0,39.0,32.0,28.0,26.0,33.0,33.0,41.0,32.0,27.0,25.0,28.0,28.0,30.0,37.0
31.0,37.0,34.0,22.0,33.0,41.0,26.0,20.0,29.0,39.0,28.0,29.0,27.0,33.0,28.0,36.0,16.0,36.0,28.0,33.0,29.0,37.0,33.0,28.0,41.0,16.0,36.0,31.0,27.0,20.0,18.0,26.0,34.0,36.0,30.0,28.0,21.0,28.0,19.0,35.0,29.0,27.0,22.0,35.0,26.0,30.0,28.0,26.0,20.0,26.0
18.0,22.0,19.0,18.0,23.0,21.0,18.0,26.0,25.0,23.0,25.0,23.0,24.0,29.0,34.0,24.0,21.0,30.0,37.0,33.0,24.0,23.0,21.0,26.0,27.0,23.0,27.0,16.0,27.0,31.0,26.0,25.0,22.0,36.0,24.0,30.0,24.0,22.0,19.0,36.0,22.0,26.0,16.0,35.0,23.0,26.0,26.0,24.0,27.0,22.0
42.0,29.0,46.0,34.0,39.0,28.0,32.0,29.0,38.0,32.0,35.0,28.0,26.0,39.0,35.0,33.0,33.0,29.0,33.0,33.0,36.0,34.0,20.0,37.0,30.0,36.0,30.0,34.0,37.0,38.0,35.0,26.0,38.0,34.0,46.0,38.0,32.0,32.0,31.0,42.0,47.0,20.0,27.0,34.0,31.0,36.0,35.0,40.0,35.0,41.0
19.0,25.0,30.0,26.0,29.0,25.0,32.0,26.0,24.0,25.0,30.0,25.0,27.0,33.0,24.0,30.0,22.0,30.0,20.0,33.0,30.0,27.0,33.0,21.0,26.0,30.0,35.0,28.0,31.0,27.0,27.0,31.0,32.0,25.0,42.0,24.0,29.0,27.0,36.0,18.0,31.0,22.0,23.0,31.0,25.0,33.0,28.0,23.0,26.0,27.0
24.0,26.0,20.0,22.0,34.0,21.0,34.0,25.0,22.0,30.0,33.0,25.0,23.0,33.0,30.0,27.0,25.0,30.0,28.0,26.0,27.0,23.0,28.0,35.0,22.0,31.0,25.0,26.0,21.0,39.0,21.0,32.0,19.0,26.0,25.0,30.0,28.0,38.0,28.0,30.0,25.0,23.0,30.0,29.0,33.0,32.0,36.0,32.0,31.0,28.0
30.0,31.0,37.0,39.0,33.0,38.0,40.0,27.0,30.0,39.0,31.0,25.0,44.0,40.0,38.0,43.0,36.0,34.0,39.0,35.0,35.0,36.0,31.0,40.0,25.0,38.0,35.0,33.0,27.0,44.0,31.0,33.0,26.0,28.0,38.0,40.0,48.0,30.0,46.0,37.0,29.0,44.0,28.0,28.0,31.0,38.0,33.0,39.0,41.0,34.0
