10,50,1000
16.523947,18.28737,18.280191,15.729177,19.855944,19.386034,17.09404,16.545574,19.549646,15.750079
7.253234,9.166627,9.637151,9.392963,8.721161,9.57886,8.245043,9.25078,8.210479,8.272868
0.0,10.0,20.0,30.0,40.0,50.0,60.0,70.0,80.0,90.0
10.0,0.0,10.0,20.0,30.0,40.0,50.0,60.0,70.0,80.0
20.0,10.0,0.0,10.0,20.0,30.0,40.0,50.0,60.0,70.0
30.0,20.0,10.0,0.0,10.0,20.0,30.0,40.0,50.0,60.0
40.0,30.0,20.0,10.0,0.0,10.0,20.0,30.0,40.0,50.0
50.0,40.0,30.0,20.0,10.0,0.0,10.0,20.0,30.0,40.0
60.0,50.0,40.0,30.0,20.0,10.0,0.0,10.0,20.0,30.0
70.0,60.0,50.0,40.0,30.0,20.0,10.0,0.0,10.0,20.0
80.0,70.0,60.0,50.0,40.0,30.0,20.0,10.0,0.0,10.0
90.0,80.0,70.0,60.0,50.0,40.0,30.0,20.0,10.0,0.0
450.0,400.0,350.0,300.0,250.0,250.0,300.0,350.0,400.0,450.0
0.0,1.0,2.0,3.0,4.0,5.0,6.0,7.0,8.0,9.0
1.0,0.0,1.0,2.0,3.0,4.0,5.0,6.0,7.0,8.0
2.0,1.0,0.0,1.0,2.0,3.0,4.0,5.0,6.0,7.0
3.0,2.0,1.0,0.0,1.0,2.0,3.0,4.0,5.0,6.0
4.0,3.0,2.0,1.0,0.0,1.0,2.0,3.0,4.0,5.0
5.0,4.0,3.0,2.0,1.0,0.0,1.0,2.0,3.0,4.0
6.0,5.0,4.0,3.0,2.0,1.0,0.0,1.0,2.0,3.0
7.0,6.0,5.0,4.0,3.0,2.0,1.0,0.0,1.0,2.0
8.0,7.0,6.0,5.0,4.0,3.0,2.0,1.0,0.0,1.0
9.0,8.0,7.0,6.0,5.0,4.0,3.0,2.0,1.0,0.0
45.0,40.0,35.0,30.0,25.0,25.0,30.0,35.0,40.0,45.0
25.0,27.0,35.0,36.0,29.0,31.0,28.0,24.0,35.0,29.0,29.0,30.0,28.0,16.0,18.0,25.0,30.0,30.0,30.0,32.0,26.0,23.0,23.0,17.0,36.0,24.0,26.0,27.0,24.0,23.0,32.0,26.0,35.0,24.0,31.0,27.0,28.0,29.0,31.0,23.0,33.0,27.0,30.0,27.0,29.0,30.0,30.0,44.0,30.0,20.0
18.0,30.0,35.0,36.0,30.0,28.0,35.0,27.0,33.0,32.0,34.0,36.0,29.0,34.0,36.0,34.0,34.0,36.0,35.0,32.0,37.0,26.0,37.0,42.0,29.0,36.0,39.0,26.0,30.0,31.0,29.0,27.0,35.0,39.0,34.0,39.0,28.0,36.0,37.0,35.0,29.0,43.0,30.0,32.0,39.0,42.0,36.0,35.0,37.0,32.0
39.0,47.0,37.0,47.0,33.0,37.0,39.0,36.0,39.0,32.0,46.0,44.0,30.0,38.0,39.0,33.0,30.0,41.0,31.0,41.0,32.0,47.0,37.0,40.0,47.0,47.0,45.0,30.0,42.0,38.0,33.0,40.0,44.0,41.0,37.0,37.0,30.0,31.0,35.0,35.0,38.0,45.0,32.0,30.0,37.0,40.0,37.0,45.0,38.0,39.0
25.0,24.0,38.0,27.0,37.0,27.0,44.0,28.0,45.0,45.0,30.0,34.0,42.0,38.0,28.0,29.0,32.0,30.0,47.0,39.0,28.0,37.0,31.0,34.0,39.0,43.0,34.0,35.0,28.0,33.0,32.0,39.0,41.0,32.0,38.0,40.0,31.0,37.0,30.0,46.0,33.0,35.0,31.0,31.0,36.0,27.0,36.0,32.0,23.0,32.0
25.0,30.0,31.0,31.0,37.0,39.0,29.0,33.0,26.0,31.0,32.0,41.0,26.0,30.0,31.0,44.0,31.0,30.0,38.0,44.0,42.0,31.0,36.0,35.0,22.0,28.0,28.0,34.0,28.0,32.0,26.0,34.0,28.0,34.0,26.0,28.0,38.0,39.0,33.0,40.0,33.0,30.0,40.0,41.0,27.0,36.0,36.0,30.0,42.0,29.0
39.0,49.0,27.0,37.0,36.0,27.0,31.0,43.0,46.0,36.0,39.0,34.0,42.0,46.0,34.0,30.0,28.0,28.0,36.0,34.0,32.0,22.0,34.0,31.0,39.0,36.0,48.0,34.0,33.0,44.0,39.0,38.0,31.0,29.0,23.0,39.0,33.0,31.0,37.0,44.0,35.0,35.0,29.0,35.0,39.0,38.0,36.0,35.0,38.0,33.0
28.0,31.0,34.0,29.0,41.0,39.0,32.0,47.0,38.0,36.0,36.0,30.0,51.0,29.0,35.0,40.0,31.0,43.0,27.0,33.0,38.0,36.0,31.0,31.0,32.0,33.0,35.0,25.0,30.0,28.0,46.0,32.0,32.0,39.0,35.0,36.0,39.0,32.0,33.0,30.0,26.0,32.0,36.0,41.0,29.0,36.0,32.0,38.0,21.0,29.0
15.0,29.0,33.0,39.0,45.0,24.0,37.0,25.0,23.0,34.0,31.0,32.0,37.0,35.0,21.0,29.0,29.0,31.0,38.0,36.0,21.0,27.0,30.0,34.0,27.0,21.0,31.0,43.0,33.0,51.0,28.0,40.0,30.0,26.0,32.0,29.0,36.0,34.0,34.0,46.0,26.0,39.0,43.0,29.0,36.0,33.0,24.0,35.0,44.0,29.0
25.0,28.0,34.0,24.0,35.0,20.0,27.0,33.0,26.0,37.0,29.0,35.0,29.0,37.0,30.0,29.0,27.0,29.0,30.0,24.0,32.0,27.0,30.0,31.0,32.0,37.0,29.0,33.0,26.0,30.0,31.0,29.0,34.0,30.0,31.0,26.0,40.0,43.0,35.0,36.0,33.0,31.0,39.0,27.0,27.0,30.0,31.0,35.0,36.0,31.0
29.0,36.0,31.0,32.0,36.0,38.0,25.0,28.0,30.0,31.0,33.0,35.0,38.0,38.0,26.0,35.0,30.0,30.0,29.0,35.0,30.0,31.0,26.0,38.0,33.0,28.0,26.0,27.0,36.0,33.0,20.0,27.0,33.0,28.0,28.0,25.0,30.0,43.0,35.0,32.0,23.0,30.0,37.0,28.0,23.0,31.0,28.0,29.0,38.0,33.0
