10,50,1000
16.53185,15.987281,19.593473,17.820614,15.309824,19.360412,16.203701,19.654874,19.235398,15.839227
5.472834,6.967797,8.64994,5.168771,9.815371,7.816151,9.028613,7.880297,5.742461,6.629328
0.0,10.0,20.0,30.0,40.0,50.0,60.0,70.0,80.0,90.0
10.0,0.0,10.0,20.0,30.0,40.0,50.0,60.0,70.0,80.0
20.0,10.0,0.0,10.0,20.0,30.0,40.0,50.0,60.0,70.0
30.0,20.0,10.0,0.0,10.0,20.0,30.0,40.0,50.0,60.0
40.0,30.0,20.0,10.0,0.0,10.0,20.0,30.0,40.0,50.0
50.0,40.0,30.0,20.0,10.0,0.0,10.0,20.0,30.0,40.0
60.0,50.0,40.0,30.0,20.0,10.0,0.0,10.0,20.0,30.0
70.0,60.0,50.0,40.0,30.0,20.0,10.0,0.0,10.0,20.0
80.0,70.0,60.0,50.0,40.0,30.0,20.0,10.0,0.0,10.0
90.0,80.0,70.0,60.0,50.0,40.0,30.0,20.0,10.0,0.0
450.0,400.0,350.0,300.0,250.0,250.0,300.0,350.0,400.0,450.0
0.0,1.0,2.0,3.0,4.0,5.0,6.0,7.0,8.0,9.0
1.0,0.0,1.0,2.0,3.0,4.0,5.0,6.0,7.0,8.0
2.0,1.0,0.0,1.0,2.0,3.0,4.0,5.0,6.0,7.0
3.0,2.0,1.0,0.0,1.0,2.0,3.0,4.0,5.0,6.0
4.0,3.0,2.0,1.0,0.0,1.0,2.0,3.0,4.0,5.0
5.0,4.0,3.0,2.0,1.0,0.0,1.0,2.0,3.0,4.0
6.0,5.0,4.0,3.0,2.0,1.0,0.0,1.0,2.0,3.0
7.0,6.0,5.0,4.0,3.0,2.0,1.0,0.0,1.0,2.0
8.0,7.0,6.0,5.0,4.0,3.0,2.0,1.0,0.0,1.0
9.0,8.0,7.0,6.0,5.0,4.0,3.0,2.0,1.0,0.0
45.0,40.0,35.0,30.0,25.0,25.0,30.0,35.0,40.0,45.0
29.0,24.0,20.0,21.0,25.0,28.0,19.0,16.0,24.0,15.0,30.0,15.0,19.0,25.0,23.0,21.0,21.0,21.0,25.0,25.0,23.0,27.0,24.0,22.0,14.0,23.0,26.0,12.0,19.0,17.0,22.0,22.0,20.0,22.0,24.0,24.0,30.0,33.0,17.0,16.0,17.0,27.0,18.0,22.0,19.0,17.0,24.0,17.0,25.0,22.0
23.0,19.0,32.0,29.0,31.0,29.0,23.0,23.0,24.0,31.0,23.0,27.0,25.0,36.0,24.0,22.0,21.0,29.0,26.0,35.0,27.0,21.0,26.0,19.0,25.0,30.0,38.0,38.0,25.0,24.0,18.0,20.0,26.0,26.0,25.0,35.0,31.0,26.0,29.0,27.0,28.0,25.0,23.0,33.0,27.0,27.0,32.0,23.0,24.0,28.0
37.0,39.0,30.0,29.0,33.0,31.0,30.0,35.0,31.0,36.0,32.0,32.0,30.0,30.0,24.0,35.0,36.0,29.0,28.0,25.0,29.0,33.0,33.0,32.0,26.0,27.0,25.0,38.0,31.0,36.0,38.0,31.0,34.0,31.0,28.0,31.0,31.0,27.0,39.0,24.0,29.0,42.0,31.0,39.0,27.0,32.0,39.0,38.0,30.0,43.0
23.0,29.0,18.0,25.0,17.0,19.0,26.0,26.0,19.0,15.0,26.0,16.0,20.0,18.0,19.0,20.0,21.0,26.0,15.0,21.0,17.0,26.0,19.0,15.0,23.0,20.0,18.0,32.0,20.0,18.0,22.0,24.0,14.0,28.0,17.0,14.0,25.0,22.0,16.0,19.0,18.0,27.0,22.0,14.0,19.0,18.0,18.0,28.0,22.0,20.0
35.0,35.0,32.0,47.0,29.0,41.0,36.0,30.0,32.0,27.0,31.0,33.0,50.0,39.0,34.0,36.0,34.0,28.0,33.0,43.0,34.0,31.0,32.0,35.0,43.0,38.0,29.0,34.0,29.0,35.0,28.0,35.0,46.0,38.0,39.0,28.0,26.0,35.0,25.0,34.0,37.0,39.0,30.0,37.0,36.0,27.0,35.0,55.0,31.0,29.0
36.0,32.0,38.0,30.0,47.0,32.0,27.0,31.0,34.0,28.0,21.0,33.0,26.0,25.0,34.0,27.0,24.0,39.0,17.0,31.0,27.0,23.0,45.0,25.0,36.0,31.0,30.0,18.0,28.0,33.0,27.0,26.0,32.0,30.0,27.0,34.0,28.0,38.0,32.0,26.0,20.0,26.0,27.0,37.0,29.0,21.0,23.0,32.0,31.0,37.0
34.0,36.0,33.0,19.0,33.0,36.0,25.0,33.0,35.0,30.0,27.0,39.0,33.0,30.0,27.0,23.0,31.0,34.0,32.0,27.0,33.0,41.0,29.0,33.0,22.0,44.0,36.0,28.0,34.0,34.0,30.0,26.0,31.0,33.0,34.0,41.0,26.0,37.0,32.0,36.0,29.0,34.0,29.0,38.0,36.0,41.0,36.0,35.0,34.0,28.0
33.0,25.0,31.0,35.0,38.0,35.0,27.0,42.0,32.0,31.0,35.0,26.0,30.0,32.0,31.0,24.0,29.0,37.0,29.0,26.0,31.0,28.0,36.0,25.0,37.0,34.0,37.0,42.0,41.0,29.0,30.0,34.0,23.0,36.0,28.0,28.0,31.0,35.0,40.0,26.0,27.0,30.0,30.0,31.0,21.0,28.0,41.0,33.0,36.0,36.0
19.0,26.0,26.0,25.0,24.0,30.0,28.0,28.0,33.0,26.0,22.0,20.0,19.0,26.0,17.0,31.0,25.0,25.0,16.0,30.0,26.0,28.0,21.0,16.0,23.0,25.0,17.0,17.0,22.0,17.0,27.0,29.0,23.0,24.0,21.0,23.0,16.0,17.0,22.0,22.0,27.0,21.0,31.0,20.0,23.0,23.0,25.0,35.0,25.0,22.0
27.0,29.0,17.0,30.0,21.0,29.0,18.0,20.0,31.0,28.0,16.0,29.0,28.0,17.0,25.0,24.0,31.0,24.0,22.0,23.0,32.0,22.0,23.0,20.0,25.0,27.0,33.0,22.0,25.0,22.0,18.0,13.0,22.0,31.0,28.0,24.0,31.0,22.0,28.0,26.0,25.0,16.0,24.0,24.0,23.0,23.0,24.0,26.0,22.0,20.0
