10,50,1000
17.794831,18.697201,15.351182,15.470968,19.311255,16.677202,15.599433,17.442256,15.828899,16.941923
6.572426,5.272911,7.94013,5.512102,9.147912,8.236524,9.795708,6.436777,6.709073,8.322796
0.0,10.0,20.0,30.0,40.0,50.0,60.0,70.0,80.0,90.0
10.0,0.0,10.0,20.0,30.0,40.0,50.0,60.0,70.0,80.0
20.0,10.0,0.0,10.0,20.0,30.0,40.0,50.0,60.0,70.0
30.0,20.0,10.0,0.0,10.0,20.0,30.0,40.0,50.0,60.0
40.0,30.0,20.0,10.0,0.0,10.0,20.0,30.0,40.0,50.0
50.0,40.0,30.0,20.0,10.0,0.0,10.0,20.0,30.0,40.0
60.0,50.0,40.0,30.0,20.0,10.0,0.0,10.0,20.0,30.0
70.0,60.0,50.0,40.0,30.0,20.0,10.0,0.0,10.0,20.0
80.0,70.0,60.0,50.0,40.0,30.0,20.0,10.0,0.0,10.0
90.0,80.0,70.0,60.0,50.0,40.0,30.0,20.0,10.0,0.0
450.0,400.0,350.0,300.0,250.0,250.0,300.0,350.0,400.0,450.0
0.0,1.0,2.0,3.0,4.0,5.0,6.0,7.0,8.0,9.0
1.0,0.0,1.0,2.0,3.0,4.0,5.0,6.0,7.0,8.0
2.0,1.0,0.0,1.0,2.0,3.0,4.0,5.0,6.0,7.0
3.0,2.0,1.0,0.0,1.0,2.0,3.0,4.0,5.0,6.0
4.0,3.0,2.0,1.0,0.0,1.0,2.0,3.0,4.0,5.0
5.0,4.0,3.0,2.0,1.0,0.0,1.0,2.0,3.0,4.0
6.0,5.0,4.0,3.0,2.0,1.0,0.0,1.0,2.0,3.0
7.0,6.0,5.0,4.0,3.0,2.0,1.0,0.0,1.0,2.0
8.0,7.0,6.0,5.0,4.0,3.0,2.0,1.0,0.0,1.0
9.0,8.0,7.0,6.0,5.0,4.0,3.0,2.0,1.0,0.0
45.0,40.0,35.0,30.0,25.0,25.0,30.0,35.0,40.0,45.0
23.0,25.0,15.0,20.0,19.0,20.0,25.0,23.0,25.0,30.0,28.0,24.0,26.0,31.0,25.0,24.0,23.0,24.0,19.0,30.0,23.0,33.0,27.0,29.0,19.0,32.0,27.0,27.0,25.0,30.0,25.0,29.0,24.0,24.0,35.0,21.0,30.0,23.0,26.0,23.0,24.0,19.0,30.0,33.0,30.0,25.0,31.0,19.0,24.0,27.0
15.0,27.0,23.0,18.0,22.0,23.0,20.0,15.0,28.0,23.0,20.0,24.0,15.0,19.0,24.0,19.0,26.0,14.0,9.0,23.0,30.0,23.0,29.0,26.0,18.0,17.0,30.0,22.0,30.0,27.0,24.0,32.0,35.0,14.0,22.0,16.0,20.0,22.0,20.0,19.0,22.0,30.0,23.0,21.0,21.0,33.0,20.0,15.0,25.0,16.0
23.0,32.0,33.0,29.0,23.0,29.0,34.0,32.0,32.0,29.0,29.0,20.0,20.0,16.0,16.0,26.0,25.0,28.0,28.0,16.0,21.0,35.0,30.0,28.0,36.0,25.0,24.0,24.0,31.0,32.0,25.0,35.0,15.0,27.0,37.0,28.0,29.0,23.0,22.0,37.0,26.0,31.0,31.0,32.0,25.0,16.0,21.0,23.0,26.0,29.0
23.0,27.0,26.0,16.0,17.0,15.0,18.0,26.0,27.0,19.0,31.0,18.0,23.0,21.0,23.0,22.0,19.0,21.0,25.0,26.0,20.0,21.0,28.0,12.0,27.0,22.0,25.0,20.0,25.0,12.0,15.0,17.0,18.0,22.0,32.0,18.0,18.0,16.0,20.0,17.0,27.0,31.0,27.0,25.0,23.0,18.0,37.0,16.0,27.0,23.0
33.0,38.0,28.0,32.0,35.0,42.0,38.0,25.0,43.0,30.0,28.0,43.0,33.0,36.0,43.0,33.0,38.0,29.0,38.0,25.0,46.0,29.0,32.0,31.0,37.0,36.0,36.0,26.0,35.0,41.0,39.0,31.0,34.0,25.0,33.0,39.0,45.0,37.0,28.0,32.0,43.0,31.0,37.0,32.0,40.0,34.0,28.0,33.0,35.0,33.0
24.0,27.0,33.0,27.0,24.0,27.0,29.0,38.0,35.0,27.0,33.0,33.0,32.0,26.0,33.0,22.0,16.0,27.0,29.0,35.0,32.0,29.0,27.0,34.0,42.0,25.0,28.0,33.0,29.0,28.0,33.0,28.0,35.0,30.0,30.0,32.0,24.0,35.0,42.0,41.0,34.0,39.0,28.0,34.0,25.0,28.0,34.0,36.0,43.0,29.0
29.0,31.0,34.0,43.0,34.0,27.0,33.0,40.0,36.0,35.0,21.0,33.0,31.0,31.0,28.0,42.0,36.0,38.0,43.0,41.0,49.0,34.0,36.0,36.0,27.0,36.0,32.0,38.0,36.0,36.0,43.0,26.0,40.0,35.0,38.0,25.0,34.0,33.0,36.0,40.0,37.0,39.0,37.0,28.0,26.0,42.0,35.0,25.0,36.0,34.0
22.0,29.0,36.0,26.0,28.0,23.0,31.0,22.0,23.0,23.0,19.0,21.0,21.0,23.0,13.0,25.0,28.0,21.0,22.0,17.0,20.0,31.0,24.0,27.0,23.0,23.0,31.0,29.0,17.0,26.0,22.0,17.0,23.0,21.0,23.0,26.0,32.0,27.0,33.0,27.0,35.0,26.0,32.0,28.0,26.0,32.0,21.0,24.0,22.0,15.0
32.0,25.0,31.0,26.0,37.0,17.0,32.0,21.0,30.0,31.0,26.0,25.0,29.0,26.0,23.0,18.0,26.0,21.0,26.0,24.0,31.0,31.0,25.0,34.0,21.0,22.0,35.0,28.0,30.0,17.0,34.0,27.0,30.0,27.0,28.0,28.0,34.0,22.0,30.0,30.0,23.0,25.0,17.0,20.0,28.0,26.0,24.0,26.0,29.0,25.0
35.0,35.0,34.0,31.0,43.0,32.0,32.0,35.0,39.0,30.0,22.0,35.0,33.0,31.0,24.0,45.0,21.0,25.0,30.0,38.0,32.0,38.0,39.0,25.0,29.0,32.0,28.0,37.0,30.0,31.0,29.0,33.0,28.0,23.0,40.0,34.0,32.0,21.0,28.0,27.0,22.0,30.0,33.0,37.0,20.0,30.0,35.0,39.0,32.0,26.0
