10,50,1000
15.370983,15.151371,16.947992,18.102734,16.131067,18.232505,16.997766,16.666703,15.96787,18.79839
5.901248,5.809402,7.428608,6.536939,7.266485,5.663514,6.165785,7.056705,7.067651,7.288674
0.0,10.0,20.0,30.0,40.0,50.0,60.0,70.0,80.0,90.0
10.0,0.0,10.0,20.0,30.0,40.0,50.0,60.0,70.0,80.0
20.0,10.0,0.0,10.0,20.0,30.0,40.0,50.0,60.0,70.0
30.0,20.0,10.0,0.0,10.0,20.0,30.0,40.0,50.0,60.0
40.0,30.0,20.0,10.0,0.0,10.0,20.0,30.0,40.0,50.0
50.0,40.0,30.0,20.0,10.0,0.0,10.0,20.0,30.0,40.0
60.0,50.0,40.0,30.0,20.0,10.0,0.0,10.0,20.0,30.0
70.0,60.0,50.0,40.0,30.0,20.0,10.0,0.0,10.0,20.0
80.0,70.0,60.0,50.0,40.0,30.0,20.0,10.0,0.0,10.0
90.0,80.0,70.0,60.0,50.0,40.0,30.0,20.0,10.0,0.0
450.0,400.0,350.0,300.0,250.0,250.0,300.0,350.0,400.0,450.0
0.0,1.0,2.0,3.0,4.0,5.0,6.0,7.0,8.0,9.0
1.0,0.0,1.0,2.0,3.0,4.0,5.0,6.0,7.0,8.0
2.0,1.0,0.0,1.0,2.0,3.0,4.0,5.0,6.0,7.0
3.0,2.0,1.0,0.0,1.0,2.0,3.0,4.0,5.0,6.0
4.0,3.0,2.0,1.0,0.0,1.0,2.0,3.0,4.0,5.0
5.0,4.0,3.0,2.0,1.0,0.0,1.0,2.0,3.0,4.0
6.0,5.0,4.0,3.0,2.0,1.0,0.0,1.0,2.0,3.0
7.0,6.0,5.0,4.0,3.0,2.0,1.0,0.0,1.0,2.0
8.0,7.0,6.0,5.0,4.0,3.0,2.0,1.0,0.0,1.0
9.0,8.0,7.0,6.0,5.0,4.0,3.0,2.0,1.0,0.0
45.0,40.0,35.0,30.0,25.0,25.0,30.0,35.0,40.0,45.0
20.0,26.0,28.0,26.0,16.0,20.0,19.0,10.0,24.0,20.0,26.0,17.0,21.0,24.0,14.0,27.0,13.0,28.0,23.0,22.0,14.0,20.0,23.0,17.0,25.0,26.0,24.0,18.0,20.0,15.0,20.0,25.0,21.0,22.0,20.0,25.0,23.0,26.0,30.0,28.0,25.0,24.0,19.0,22.0,17.0,25.0,24.0,21.0,20.0,29.0
23.0,19.0,29.0,26.0,22.0,20.0,25.0,25.0,16.0,23.0,27.0,19.0,32.0,27.0,24.0,16.0,28.0,21.0,18.0,19.0,24.0,11.0,26.0,25.0,18.0,20.0,22.0,24.0,21.0,21.0,21.0,23.0,24.0,21.0,20.0,28.0,27.0,22.0,30.0,21.0,20.0,20.0,25.0,24.0,12.0,15.0,21.0,30.0,25.0,19.0
25.0,24.0,27.0,27.0,32.0,37.0,25.0,18.0,28.0,31.0,27.0,24.0,28.0,25.0,26.0,21.0,36.0,27.0,31.0,30.0,17.0,23.0,28.0,29.0,24.0,31.0,26.0,22.0,33.0,29.0,31.0,34.0,28.0,34.0,26.0,20.0,23.0,29.0,32.0,27.0,18.0,33.0,27.0,25.0,38.0,31.0,31.0,27.0,40.0,24.0
32.0,34.0,28.0,17.0,27.0,23.0,33.0,23.0,28.0,17.0,32.0,30.0,23.0,32.0,24.0,31.0,22.0,27.0,22.0,26.0,31.0,31.0,26.0,15.0,34.0,23.0,28.0,23.0,24.0,32.0,28.0,21.0,27.0,31.0,29.0,33.0,26.0,33.0,27.0,27.0,30.0,28.0,27.0,24.0,23.0,37.0,20.0,29.0,27.0,25.0
26.0,27.0,34.0,27.0,33.0,35.0,32.0,30.0,23.0,30.0,34.0,35.0,37.0,36.0,20.0,33.0,29.0,24.0,33.0,31.0,24.0,29.0,28.0,30.0,26.0,31.0,26.0,42.0,25.0,29.0,23.0,28.0,27.0,41.0,28.0,33.0,24.0,22.0,33.0,21.0,27.0,36.0,28.0,33.0,30.0,39.0,27.0,31.0,33.0,30.0
31.0,16.0,26.0,24.0,19.0,30.0,26.0,20.0,15.0,25.0,26.0,30.0,26.0,24.0,22.0,23.0,25.0,30.0,17.0,25.0,18.0,24.0,37.0,23.0,27.0,26.0,21.0,22.0,26.0,38.0,21.0,25.0,28.0,22.0,15.0,17.0,32.0,14.0,21.0,18.0,21.0,25.0,32.0,21.0,24.0,19.0,19.0,20.0,21.0,23.0
26.0,24.0,27.0,28.0,24.0,14.0,31.0,21.0,23.0,26.0,27.0,28.0,27.0,23.0,19.0,23.0,21.0,19.0,27.0,30.0,21.0,18.0,26.0,27.0,21.0,26.0,20.0,35.0,21.0,28.0,20.0,22.0,25.0,24.0,25.0,22.0,30.0,32.0,24.0,17.0,22.0,21.0,25.0,20.0,21.0,18.0,21.0,24.0,29.0,22.0
33.0,18.0,24.0,31.0,35.0,27.0,24.0,24.0,33.0,30.0,28.0,23.0,26.0,38.0,25.0,24.0,23.0,36.0,25.0,21.0,22.0,28.0,37.0,34.0,24.0,30.0,21.0,31.0,32.0,27.0,34.0,28.0,38.0,29.0,24.0,29.0,29.0,21.0,28.0,31.0,23.0,30.0,33.0,30.0,27.0,25.0,26.0,26.0,25.0,32.0
26.0,33.0,25.0,26.0,18.0,33.0,28.0,27.0,28.0,34.0,33.0,37.0,26.0,26.0,31.0,31.0,30.0,27.0,33.0,24.0,28.0,36.0,43.0,27.0,29.0,22.0,22.0,26.0,34.0,30.0,23.0,30.0,40.0,26.0,26.0,32.0,23.0,24.0,27.0,30.0,32.0,26.0,24.0,27.0,30.0,32.0,33.0,23.0,31.0,17.0
27.0,20.0,36.0,41.0,28.0,28.0,20.0,28.0,34.0,17.0,29.0,29.0,30.0,23.0,30.0,24.0,33.0,27.0,26.0,37.0,28.0,34.0,36.0,23.0,28.0,31.0,25.0,27.0,36.0,23.0,25.0,32.0,23.0,32.0,29.0,33.0,39.0,38.0,36.0,31.0,26.0,31.0,32.0,25.0,29.0,39.0,29.0,19.0,34.0,26.0
