10,50,1000
19.785344,16.918378,19.661521,17.517089,19.813428,17.707227,18.039481,16.343502,15.588701,16.128731
5.323006,5.546692,7.465506,6.303531,9.691545,9.426345,6.828376,8.616369,7.715898,7.672564
0.0,10.0,20.0,30.0,40.0,50.0,60.0,70.0,80.0,90.0
10.0,0.0,10.0,20.0,30.0,40.0,50.0,60.0,70.0,80.0
20.0,10.0,0.0,10.0,20.0,30.0,40.0,50.0,60.0,70.0
30.0,20.0,10.0,0.0,10.0,20.0,30.0,40.0,50.0,60.0
40.0,30.0,20.0,10.0,0.0,10.0,20.0,30.0,40.0,50.0
50.0,40.0,30.0,20.0,10.0,0.0,10.0,20.0,30.0,40.0
60.0,50.0,40.0,30.0,20.0,10.0,0.0,10.0,20.0,30.0
70.0,60.0,50.0,40.0,30.0,20.0,10.0,0.0,10.0,20.0
80.0,70.0,60.0,50.0,40.0,30.0,20.0,10.0,0.0,10.0
90.0,80.0,70.0,60.0,50.0,40.0,30.0,20.0,10.0,0.0
450.0,400.0,350.0,300.0,250.0,250.0,300.0,350.0,400.0,450.0
0.0,1.0,2.0,3.0,4.0,5.0,6.0,7.0,8.0,9.0
1.0,0.0,1.0,2.0,3.0,4.0,5.0,6.0,7.0,8.0
2.0,1.0,0.0,1.0,2.0,3.0,4.0,5.0,6.0,7.0
3.0,2.0,1.0,0.0,1.0,2.0,3.0,4.0,5.0,6.0
4.0,3.0,2.0,1.0,0.0,1.0,2.0,3.0,4.0,5.0
5.0,4.0,3.0,2.0,1.0,0.0,1.0,2.0,3.0,4.0
6.0,5.0,4.0,3.0,2.0,1.0,0.0,1.0,2.0,3.0
7.0,6.0,5.0,4.0,3.0,2.0,1.0,0.0,1.0,2.0
8.0,7.0,6.0,5.0,4.0,3.0,2.0,1.0,0.0,1.0
9.0,8.0,7.0,6.0,5.0,4.0,3.0,2.0,1.0,0.0
45.0,40.0,35.0,30.0,25.0,25.0,30.0,35.0,40.0,45.0
20.0,19.0,10.0,19.0,23.0,29.0,16.0,23.0,25.0,22.0,24.0,21.0,19.0,18.0,19.0,23.0,21.0,18.0,24.0,15.0,27.0,23.0,24.0,34.0,26.0,34.0,24.0,28.0,27.0,23.0,17.0,29.0,21.0,24.0,22.0,38.0,32.0,22.0,16.0,31.0,15.0,22.0,23.0,25.0,21.0,20.0,29.0,17.0,22.0,22.0
19.0,22.0,21.0,14.0,22.0,20.0,21.0,15.0,17.0,24.0,15.0,18.0,17.0,26.0,21.0,28.0,18.0,22.0,22.0,23.0,27.0,20.0,21.0,13.0,27.0,14.0,24.0,28.0,26.0,19.0,22.0,24.0,19.0,15.0,29.0,28.0,25.0,20.0,23.0,16.0,19.0,25.0,23.0,23.0,18.0,22.0,24.0,21.0,20.0,26.0
37.0,35.0,24.0,29.0,29.0,18.0,32.0,20.0,28.0,36.0,23.0,27.0,31.0,23.0,24.0,29.0,27.0,20.0,22.0,43.0,36.0,36.0,33.0,34.0,22.0,25.0,28.0,33.0,28.0,28.0,34.0,30.0,21.0,29.0,31.0,26.0,31.0,23.0,26.0,23.0,36.0,32.0,25.0,31.0,35.0,40.0,32.0,37.0,29.0,32.0
25.0,14.0,27.0,27.0,26.0,24.0,26.0,24.0,33.0,20.0,29.0,16.0,25.0,33.0,20.0,25.0,29.0,30.0,17.0,25.0,27.0,31.0,31.0,27.0,22.0,23.0,26.0,27.0,20.0,19.0,22.0,30.0,24.0,21.0,29.0,25.0,27.0,20.0,30.0,20.0,21.0,23.0,29.0,25.0,26.0,31.0,27.0,17.0,27.0,40.0
33.0,32.0,34.0,28.0,42.0,40.0,29.0,29.0,29.0,32.0,30.0,19.0,33.0,35.0,39.0,37.0,24.0,33.0,42.0,26.0,42.0,24.0,33.0,39.0,47.0,44.0,33.0,25.0,36.0,38.0,47.0,32.0,40.0,43.0,36.0,34.0,30.0,38.0,34.0,37.0,34.0,41.0,34.0,36.0,27.0,39.0,36.0,33.0,36.0,24.0
38.0,30.0,35.0,28.0,40.0,35.0,46.0,41.0,42.0,26.0,34.0,39.0,37.0,38.0,32.0,35.0,37.0,43.0,28.0,32.0,26.0,40.0,38.0,41.0,37.0,37.0,42.0,32.0,31.0,42.0,31.0,32.0,30.0,37.0,35.0,36.0,28.0,38.0,38.0,33.0,42.0,36.0,32.0,34.0,39.0,49.0,32.0,30.0,33.0,29.0
27.0,33.0,34.0,20.0,31.0,28.0,32.0,27.0,24.0,29.0,31.0,30.0,33.0,24.0,30.0,24.0,33.0,31.0,28.0,26.0,32.0,33.0,24.0,35.0,29.0,27.0,24.0,29.0,24.0,29.0,29.0,24.0,19.0,21.0,37.0,36.0,26.0,26.0,28.0,22.0,33.0,20.0,33.0,26.0,31.0,25.0,39.0,29.0,26.0,19.0
31.0,33.0,24.0,39.0,23.0,32.0,38.0,36.0,26.0,23.0,40.0,39.0,31.0,22.0,31.0,23.0,41.0,29.0,33.0,27.0,32.0,31.0,42.0,27.0,33.0,34.0,23.0,28.0,28.0,32.0,30.0,41.0,24.0,35.0,37.0,26.0,30.0,30.0,31.0,37.0,31.0,26.0,22.0,33.0,32.0,29.0,31.0,28.0,22.0,38.0
28.0,37.0,29.0,27.0,31.0,31.0,36.0,32.0,36.0,28.0,34.0,33.0,32.0,28.0,28.0,35.0,27.0,25.0,31.0,34.0,26.0,35.0,34.0,26.0,23.0,22.0,30.0,30.0,32.0,35.0,31.0,33.0,35.0,21.0,23.0,35.0,27.0,28.0,29.0,27.0,39.0,30.0,28.0,33.0,27.0,28.0,29.0,21.0,37.0,34.0
33.0,26.0,37.0,37.0,26.0,25.0,35.0,29.0,33.0,24.0,40.0,27.0,30.0,23.0,37.0,29.0,32.0,26.0,27.0,21.0,24.0,23.0,26.0,33.0,31.0,35.0,22.0,39.0,33.0,19.0,26.0,30.0,39.0,30.0,25.0,39.0,26.0,29.0,36.0,32.0,36.0,30.0,36.0,21.0,27.0,27.0,36.0,36.0,28.0,34.0
