10,50,1000
19.832025,18.680623,17.796878,18.833204,18.68463,15.098631,17.532021,17.839255,19.114487,17.704963
9.662157,6.018725,7.372044,9.215626,5.828801,5.581195,5.529421,9.057552,6.049531,5.206386
0.0,10.0,20.0,30.0,40.0,50.0,60.0,70.0,80.0,90.0
10.0,0.0,10.0,20.0,30.0,40.0,50.0,60.0,70.0,80.0
20.0,10.0,0.0,10.0,20.0,30.0,40.0,50.0,60.0,70.0
30.0,20.0,10.0,0.0,10.0,20.0,30.0,40.0,50.0,60.0
40.0,30.0,20.0,10.0,0.0,10.0,20.0,30.0,40.0,50.0
50.0,40.0,30.0,20.0,10.0,0.0,10.0,20.0,30.0,40.0
60.0,50.0,40.0,30.0,20.0,10.0,0.0,10.0,20.0,30.0
70.0,60.0,50.0,40.0,30.0,20.0,10.0,0.0,10.0,20.0
80.0,70.0,60.0,50.0,40.0,30.0,20.0,10.0,0.0,10.0
90.0,80.0,70.0,60.0,50.0,40.0,30.0,20.0,10.0,0.0
450.0,400.0,350.0,300.0,250.0,250.0,300.0,350.0,400.0,450.0
0.0,1.0,2.0,3.0,4.0,5.0,6.0,7.0,8.0,9.0
1.0,0.0,1.0,2.0,3.0,4.0,5.0,6.0,7.0,8.0
2.0,1.0,0.0,1.0,2.0,3.0,4.0,5.0,6.0,7.0
3.0,2.0,1.0,0.0,1.0,2.0,3.0,4.0,5.0,6.0
4.0,3.0,2.0,1.0,0.0,1.0,2.0,3.0,4.0,5.0
5.0,4.0,3.0,2.0,1.0,0.0,1.0,2.0,3.0,4.0
6.0,5.0,4.0,3.0,2.0,1.0,0.0,1.0,2.0,3.0
7.0,6.0,5.0,4.0,3.0,2.0,1.0,0.0,1.0,2.0
8.0,7.0,6.0,5.0,4.0,3.0,2.0,1.0,0.0,1.0
9.0,8.0,7.0,6.0,5.0,4.0,3.0,2.0,1.0,0.0
45.0,40.0,35.0,30.0,25.0,25.0,30.0,35.0,40.0,45.0
32.0,33.0,38.0,35.0,40.0,37.0,29.0,32.0,25.0,32.0,32.0,42.0,38.0,31.0,43.0,31.0,40.0,30.0,38.0,42.0,38.0,39.0,27.0,28.0,46.0,42.0,27.0,46.0,40.0,24.0,32.0,34.0,50.0,31.0,30.0,39.0,26.0,43.0,40.0,25.0,42.0,36.0,28.0,33.0,52.0,32.0,39.0,41.0,26.0,36.0
20.0,25.0,25.0,22.0,17.0,25.0,16.0,26.0,15.0,21.0,22.0,31.0,18.0,29.0,24.0,26.0,19.0,17.0,31.0,28.0,25.0,28.0,25.0,20.0,17.0,15.0,17.0,17.0,18.0,27.0,23.0,14.0,27.0,24.0,28.0,29.0,27.0,31.0,23.0,28.0,18.0,24.0,23.0,21.0,30.0,24.0,18.0,19.0,27.0,20.0
17.0,33.0,29.0,28.0,26.0,20.0,30.0,22.0,28.0,28.0,31.0,22.0,27.0,31.0,25.0,35.0,25.0,32.0,28.0,20.0,30.0,26.0,27.0,30.0,31.0,36.0,34.0,29.0,22.0,27.0,28.0,23.0,35.0,24.0,39.0,24.0,35.0,27.0,25.0,25.0,26.0,34.0,36.0,26.0,22.0,31.0,19.0,25.0,31.0,26.0
31.0,38.0,39.0,34.0,35.0,27.0,32.0,32.0,31.0,35.0,40.0,42.0,40.0,36.0,28.0,31.0,31.0,37.0,30.0,31.0,39.0,41.0,32.0,29.0,45.0,27.0,27.0,27.0,43.0,42.0,39.0,34.0,29.0,30.0,30.0,44.0,32.0,38.0,31.0,45.0,40.0,34.0,41.0,37.0,44.0,27.0,38.0,34.0,24.0,25.0
17.0,26.0,24.0,17.0,35.0,19.0,27.0,36.0,29.0,19.0,22.0,37.0,21.0,29.0,17.0,30.0,20.0,19.0,25.0,17.0,10.0,23.0,24.0,21.0,23.0,24.0,25.0,24.0,28.0,27.0,23.0,28.0,19.0,21.0,25.0,22.0,22.0,17.0,25.0,20.0,33.0,21.0,24.0,27.0,25.0,25.0,27.0,28.0,16.0,17.0
9.0,30.0,16.0,14.0,22.0,20.0,26.0,26.0,21.0,23.0,23.0,25.0,19.0,26.0,15.0,25.0,20.0,30.0,30.0,16.0,22.0,21.0,29.0,27.0,25.0,34.0,22.0,26.0,23.0,19.0,20.0,19.0,33.0,23.0,22.0,22.0,20.0,23.0,9.0,18.0,23.0,23.0,10.0,16.0,32.0,25.0,21.0,24.0,19.0,27.0
19.0,25.0,28.0,25.0,20.0,22.0,24.0,31.0,27.0,25.0,16.0,21.0,22.0,27.0,27.0,29.0,21.0,26.0,27.0,17.0,19.0,19.0,23.0,24.0,22.0,23.0,26.0,27.0,25.0,24.0,23.0,23.0,25.0,26.0,19.0,23.0,18.0,25.0,16.0,19.0,25.0,26.0,22.0,23.0,28.0,19.0,29.0,14.0,21.0,27.0
33.0,34.0,35.0,25.0,26.0,33.0,39.0,32.0,39.0,27.0,35.0,43.0,38.0,36.0,38.0,37.0,31.0,29.0,39.0,32.0,37.0,33.0,30.0,40.0,22.0,26.0,36.0,30.0,31.0,25.0,36.0,33.0,28.0,29.0,32.0,31.0,37.0,44.0,42.0,32.0,38.0,33.0,28.0,30.0,42.0,38.0,35.0,32.0,47.0,26.0
25.0,23.0,26.0,19.0,18.0,33.0,22.0,16.0,23.0,25.0,26.0,23.0,28.0,25.0,21.0,20.0,34.0,19.0,24.0,21.0,26.0,20.0,23.0,25.0,32.0,20.0,25.0,22.0,17.0,21.0,24.0,29.0,31.0,28.0,22.0,31.0,20.0,27.0,29.0,15.0,15.0,20.0,19.0,42.0,20.0,25.0,24.0,25.0,21.0,24.0
22.0,18.0,21.0,19.0,30.0,22.0,23.0,20.0,26.0,20.0,20.0,31.0,33.0,24.0,24.0,23.0,20.0,24.0,19.0,29.0,17.0,29.0,22.0,23.0,29.0,35.0,23.0,20.0,25.0,19.0,26.0,24.0,22.0,19.0,22.0,21.0,21.0,26.0,14.0,26.0,19.0,17.0,21.0,27.0,22.0,23.0,27.0,27.0,23.0,23.0
