10,50,1000
18.292961,17.745994,17.093688,17.11265,19.451397,19.792225,16.432024,15.083922,16.685949,17.146848
6.807601,5.003335,7.929676,8.154552,7.69072,6.690847,5.88876,9.724194,9.475433,5.5949
0.0,10.0,20.0,30.0,40.0,50.0,60.0,70.0,80.0,90.0
10.0,0.0,10.0,20.0,30.0,40.0,50.0,60.0,70.0,80.0
20.0,10.0,0.0,10.0,20.0,30.0,40.0,50.0,60.0,70.0
30.0,20.0,10.0,0.0,10.0,20.0,30.0,40.0,50.0,60.0
40.0,30.0,20.0,10.0,0.0,10.0,20.0,30.0,40.0,50.0
50.0,40.0,30.0,20.0,10.0,0.0,10.0,20.0,30.0,40.0
60.0,50.0,40.0,30.0,20.0,10.0,0.0,10.0,20.0,30.0
70.0,60.0,50.0,40.0,30.0,20.0,10.0,0.0,10.0,20.0
80.0,70.0,60.0,50.0,40.0,30.0,20.0,10.0,0.0,10.0
90.0,80.0,70.0,60.0,50.0,40.0,30.0,20.0,10.0,0.0
450.0,400.0,350.0,300.0,250.0,250.0,300.0,350.0,400.0,450.0
0.0,1.0,2.0,3.0,4.0,5.0,6.0,7.0,8.0,9.0
1.0,0.0,1.0,2.0,3.0,4.0,5.0,6.0,7.0,8.0
2.0,1.0,0.0,1.0,2.0,3.0,4.0,5.0,6.0,7.0
3.0,2.0,1.0,0.0,1.0,2.0,3.0,4.0,5.0,6.0
4.0,3.0,2.0,1.0,0.0,1.0,2.0,3.0,4.0,5.0
5.0,4.0,3.0,2.0,1.0,0.0,1.0,2.0,3.0,4.0
6.0,5.0,4.0,3.0,2.0,1.0,0.0,1.0,2.0,3.0
7.0,6.0,5.0,4.0,3.0,2.0,1.0,0.0,1.0,2.0
8.0,7.0,6.0,5.0,4.0,3.0,2.0,1.0,0.0,1.0
9.0,8.0,7.0,6.0,5.0,4.0,3.0,2.0,1.0,0.0
45.0,40.0,35.0,30.0,25.0,25.0,30.0,35.0,40.0,45.0
30.0,30.0,22.0,26.0,29.0,17.0,27.0,20.0,25.0,28.0,22.0,19.0,29.0,23.0,29.0,20.0,32.0,27.0,18.0,21.0,30.0,21.0,23.0,26.0,26.0,28.0,22.0,38.0,26.0,26.0,26.0,20.0,23.0,38.0,23.0,29.0,30.0,31.0,22.0,27.0,24.0,40.0,33.0,10.0,30.0,35.0,22.0,27.0,35.0,36.0
28.0,39.0,19.0,14.0,15.0,18.0,20.0,20.0,23.0,18.0,35.0,17.0,23.0,20.0,21.0,15.0,20.0,20.0,16.0,20.0,25.0,14.0,22.0,19.0,18.0,20.0,17.0,26.0,16.0,29.0,27.0,22.0,23.0,21.0,21.0,18.0,25.0,29.0,14.0,14.0,30.0,15.0,14.0,15.0,23.0,15.0,18.0,19.0,19.0,27.0
21.0,29.0,34.0,30.0,37.0,37.0,22.0,26.0,30.0,25.0,24.0,22.0,23.0,37.0,41.0,46.0,24.0,29.0,28.0,21.0,22.0,36.0,37.0,26.0,24.0,19.0,19.0,36.0,26.0,32.0,27.0,38.0,31.0,32.0,21.0,30.0,29.0,36.0,38.0,26.0,18.0,26.0,34.0,21.0,30.0,34.0,42.0,21.0,39.0,30.0
42.0,31.0,29.0,31.0,19.0,31.0,30.0,37.0,33.0,35.0,31.0,29.0,26.0,34.0,22.0,41.0,34.0,30.0,26.0,30.0,38.0,30.0,31.0,34.0,33.0,29.0,40.0,26.0,28.0,25.0,31.0,37.0,22.0,23.0,29.0,34.0,27.0,21.0,23.0,35.0,31.0,29.0,23.0,31.0,26.0,25.0,30.0,34.0,27.0,31.0
31.0,41.0,32.0,28.0,26.0,42.0,34.0,44.0,31.0,35.0,20.0,36.0,26.0,34.0,24.0,38.0,43.0,41.0,24.0,22.0,36.0,27.0,35.0,41.0,33.0,25.0,37.0,41.0,28.0,34.0,34.0,34.0,24.0,26.0,31.0,23.0,31.0,27.0,27.0,23.0,35.0,32.0,29.0,39.0,30.0,34.0,23.0,32.0,22.0,25.0
25.0,30.0,27.0,31.0,33.0,30.0,27.0,31.0,33.0,23.0,34.0,30.0,26.0,31.0,27.0,33.0,32.0,28.0,34.0,20.0,37.0,23.0,28.0,22.0,24.0,17.0,28.0,22.0,31.0,19.0,41.0,26.0,30.0,30.0,24.0,45.0,39.0,24.0,23.0,29.0,34.0,25.0,27.0,46.0,21.0,22.0,29.0,35.0,26.0,25.0
20.0,23.0,20.0,19.0,17.0,30.0,24.0,22.0,22.0,19.0,27.0,30.0,23.0,22.0,29.0,22.0,21.0,19.0,21.0,19.0,27.0,34.0,25.0,22.0,16.0,19.0,26.0,21.0,31.0,20.0,23.0,18.0,28.0,23.0,27.0,26.0,27.0,21.0,20.0,20.0,18.0,22.0,26.0,30.0,27.0,33.0,23.0,21.0,23.0,21.0
41.0,36.0,34.0,45.0,37.0,34.0,33.0,40.0,40.0,37.0,25.0,42.0,35.0,44.0,28.0,28.0,30.0,33.0,45.0,43.0,31.0,25.0,31.0,41.0,33.0,37.0,34.0,33.0,40.0,35.0,33.0,31.0,26.0,40.0,36.0,30.0,35.0,33.0,31.0,36.0,38.0,34.0,40.0,22.0,32.0,25.0,43.0,34.0,31.0,29.0
33.0,31.0,41.0,37.0,36.0,34.0,33.0,36.0,37.0,38.0,33.0,33.0,28.0,30.0,27.0,25.0,31.0,52.0,36.0,41.0,41.0,45.0,38.0,40.0,41.0,33.0,31.0,33.0,32.0,50.0,28.0,31.0,47.0,33.0,36.0,40.0,27.0,37.0,51.0,42.0,38.0,27.0,40.0,26.0,48.0,27.0,38.0,31.0,41.0,32.0
22.0,19.0,20.0,28.0,21.0,22.0,23.0,28.0,23.0,18.0,20.0,24.0,35.0,17.0,20.0,19.0,38.0,24.0,26.0,21.0,27.0,26.0,27.0,24.0,25.0,24.0,26.0,25.0,19.0,21.0,23.0,27.0,17.0,29.0,37.0,19.0,26.0,22.0,18.0,31.0,27.0,24.0,28.0,23.0,24.0,17.0,30.0,20.0,27.0,19.0
