10,50,1000
17.605391,18.749806,18.687082,16.396421,17.726348,17.687521,16.252503,18.280909,18.290032,15.25532
9.574329,9.011282,6.00124,6.014927,6.505057,8.288189,7.76908,5.937578,9.931294,5.464989
0.0,10.0,20.0,30.0,40.0,50.0,60.0,70.0,80.0,90.0
10.0,0.0,10.0,20.0,30.0,40.0,50.0,60.0,70.0,80.0
20.0,10.0,0.0,10.0,20.0,30.0,40.0,50.0,60.0,70.0
30.0,20.0,10.0,0.0,10.0,20.0,30.0,40.0,50.0,60.0
40.0,30.0,20.0,10.0,0.0,10.0,20.0,30.0,40.0,50.0
50.0,40.0,30.0,20.0,10.0,0.0,10.0,20.0,30.0,40.0
60.0,50.0,40.0,30.0,20.0,10.0,0.0,10.0,20.0,30.0
70.0,60.0,50.0,40.0,30.0,20.0,10.0,0.0,10.0,20.0
80.0,70.0,60.0,50.0,40.0,30.0,20.0,10.0,0.0,10.0
90.0,80.0,70.0,60.0,50.0,40.0,30.0,20.0,10.0,0.0
450.0,400.0,350.0,300.0,250.0,250.0,300.0,350.0,400.0,450.0
0.0,1.0,2.0,3.0,4.0,5.0,6.0,7.0,8.0,9.0
1.0,0.0,1.0,2.0,3.0,4.0,5.0,6.0,7.0,8.0
2.0,1.0,0.0,1.0,2.0,3.0,4.0,5.0,6.0,7.0
3.0,2.0,1.0,0.0,1.0,2.0,3.0,4.0,5.0,6.0
4.0,3.0,2.0,1.0,0.0,1.0,2.0,3.0,4.0,5.0
5.0,4.0,3.0,2.0,1.0,0.0,1.0,2.0,3.0,4.0
6.0,5.0,4.0,3.0,2.0,1.0,0.0,1.0,2.0,3.0
7.0,6.0,5.0,4.0,3.0,2.0,1.0,0.0,1.0,2.0
8.0,7.0,6.0,5.0,4.0,3.0,2.0,1.0,0.0,1.0
9.0,8.0,7.0,6.0,5.0,4.0,3.0,2.0,1.0,0.0
45.0,40.0,35.0,30.0,25.0,25.0,30.0,35.0,40.0,45.0
31.0,42.0,46.0,39.0,39.0,40.0,34.0,40.0,33.0,25.0,44.0,31.0,37.0,39.0,39.0,32.0,41.0,32.0,35.0,35.0,29.0,42.0,30.0,26.0,45.0,31.0,42.0,35.0,35.0,51.0,31.0,34.0,41.0,31.0,24.0,29.0,28.0,27.0,34.0,24.0,41.0,32.0,26.0,34.0,37.0,30.0,40.0,28.0,30.0,46.0
36.0,28.0,36.0,41.0,28.0,35.0,30.0,34.0,40.0,34.0,33.0,38.0,37.0,42.0,37.0,42.0,40.0,34.0,36.0,34.0,37.0,22.0,37.0,38.0,35.0,32.0,52.0,33.0,42.0,48.0,39.0,34.0,33.0,38.0,32.0,34.0,36.0,31.0,29.0,32.0,37.0,33.0,30.0,28.0,27.0,38.0,35.0,30.0,38.0,35.0
27.0,25.0,28.0,25.0,41.0,29.0,29.0,24.0,27.0,22.0,17.0,23.0,18.0,20.0,23.0,32.0,27.0,16.0,27.0,24.0,23.0,26.0,20.0,25.0,16.0,16.0,26.0,21.0,27.0,24.0,23.0,23.0,24.0,26.0,20.0,30.0,24.0,25.0,18.0,19.0,29.0,20.0,25.0,30.0,29.0,18.0,32.0,26.0,17.0,24.0
22.0,24.0,27.0,24.0,20.0,30.0,21.0,18.0,29.0,30.0,29.0,27.0,32.0,21.0,20.0,25.0,16.0,22.0,21.0,15.0,20.0,22.0,24.0,29.0,33.0,25.0,28.0,23.0,26.0,24.0,18.0,31.0,23.0,32.0,29.0,20.0,26.0,27.0,35.0,26.0,26.0,18.0,24.0,23.0,26.0,23.0,18.0,27.0,20.0,22.0
31.0,31.0,29.0,31.0,39.0,21.0,33.0,20.0,23.0,21.0,23.0,28.0,16.0,24.0,31.0,29.0,25.0,23.0,26.0,28.0,22.0,29.0,31.0,29.0,29.0,29.0,27.0,30.0,29.0,27.0,33.0,32.0,17.0,17.0,26.0,30.0,20.0,22.0,31.0,31.0,21.0,35.0,28.0,21.0,30.0,22.0,21.0,24.0,22.0,27.0
40.0,37.0,35.0,37.0,36.0,23.0,26.0,32.0,37.0,19.0,36.0,27.0,19.0,38.0,24.0,31.0,32.0,35.0,31.0,31.0,31.0,31.0,20.0,28.0,26.0,26.0,44.0,36.0,35.0,45.0,27.0,32.0,35.0,27.0,31.0,31.0,29.0,26.0,20.0,39.0,34.0,37.0,39.0,36.0,26.0,31.0,28.0,30.0,42.0,21.0
25.0,32.0,28.0,25.0,27.0,32.0,28.0,23.0,25.0,19.0,27.0,29.0,31.0,28.0,25.0,26.0,32.0,32.0,22.0,27.0,25.0,30.0,33.0,23.0,28.0,42.0,27.0,34.0,32.0,20.0,32.0,38.0,32.0,31.0,24.0,34.0,30.0,25.0,28.0,22.0,28.0,22.0,28.0,28.0,27.0,30.0,25.0,31.0,19.0,29.0
27.0,23.0,20.0,26.0,19.0,30.0,28.0,18.0,30.0,30.0,29.0,27.0,30.0,16.0,29.0,19.0,21.0,28.0,25.0,29.0,29.0,25.0,19.0,35.0,22.0,21.0,30.0,23.0,19.0,26.0,18.0,24.0,14.0,22.0,35.0,19.0,24.0,25.0,14.0,25.0,19.0,25.0,26.0,29.0,29.0,26.0,24.0,20.0,21.0,22.0
34.0,33.0,34.0,45.0,32.0,35.0,43.0,35.0,31.0,37.0,28.0,48.0,40.0,48.0,34.0,33.0,45.0,30.0,37.0,42.0,40.0,45.0,32.0,47.0,32.0,35.0,34.0,34.0,39.0,37.0,45.0,35.0,36.0,46.0,32.0,39.0,49.0,38.0,35.0,33.0,27.0,34.0,44.0,24.0,47.0,31.0,46.0,39.0,32.0,34.0
25.0,23.0,22.0,17.0,20.0,18.0,26.0,27.0,19.0,22.0,26.0,29.0,32.0,19.0,22.0,27.0,23.0,26.0,13.0,27.0,27.0,27.0,28.0,23.0,25.0,24.0,19.0,29.0,32.0,25.0,28.0,25.0,24.0,21.0,21.0,14.0,24.0,18.0,18.0,22.0,15.0,18.0,19.0,26.0,29.0,30.0,16.0,21.0,22.0,16.0
