10,50,1000
17.70291,17.938742,15.254026,19.295641,17.659861,15.374684,19.346867,17.919498,19.599428,16.40758
9.313565,8.575843,5.944229,8.501414,5.628886,5.041258,5.690066,6.130387,7.713848,6.232873
0.0,10.0,20.0,30.0,40.0,50.0,60.0,70.0,80.0,90.0
10.0,0.0,10.0,20.0,30.0,40.0,50.0,60.0,70.0,80.0
20.0,10.0,0.0,10.0,20.0,30.0,40.0,50.0,60.0,70.0
30.0,20.0,10.0,0.0,10.0,20.0,30.0,40.0,50.0,60.0
40.0,30.0,20.0,10.0,0.0,10.0,20.0,30.0,40.0,50.0
50.0,40.0,30.0,20.0,10.0,0.0,10.0,20.0,30.0,40.0
60.0,50.0,40.0,30.0,20.0,10.0,0.0,10.0,20.0,30.0
70.0,60.0,50.0,40.0,30.0,20.0,10.0,0.0,10.0,20.0
80.0,70.0,60.0,50.0,40.0,30.0,20.0,10.0,0.0,10.0
90.0,80.0,70.0,60.0,50.0,40.0,30.0,20.0,10.0,0.0
450.0,400.0,350.0,300.0,250.0,250.0,300.0,350.0,400.0,450.0
0.0,1.0,2.0,3.0,4.0,5.0,6.0,7.0,8.0,9.0
1.0,0.0,1.0,2.0,3.0,4.0,5.0,6.0,7.0,8.0
2.0,1.0,0.0,1.0,2.0,3.0,4.0,5.0,6.0,7.0
3.0,2.0,1.0,0.0,1.0,2.0,3.0,4.0,5.0,6.0
4.0,3.0,2.0,1.0,0.0,1.0,2.0,3.0,4.0,5.0
5.0,4.0,3.0,2.0,1.0,0.0,1.0,2.0,3.0,4.0
6.0,5.0,4.0,3.0,2.0,1.0,0.0,1.0,2.0,3.0
7.0,6.0,5.0,4.0,3.0,2.0,1.0,0.0,1.0,2.0
8.0,7.0,6.0,5.0,4.0,3.0,2.0,1.0,0.0,1.0
9.0,8.0,7.0,6.0,5.0,4.0,3.0,2.0,1.0,0.0
45.0,40.0,35.0,30.0,25.0,25.0,30.0,35.0,40.0,45.0
32.0,36.0,29.0,30.0,26.0,31.0,40.0,28.0,34.0,36.0,34.0,34.0,28.0,31.0,33.0,34.0,32.0,35.0,31.0,39.0,29.0,29.0,36.0,35.0,32.0,35.0,34.0,38.0,26.0,33.0,36.0,38.0,33.0,32.0,30.0,37.0,49.0,32.0,37.0,38.0,31.0,30.0,35.0,38.0,45.0,33.0,48.0,35.0,42.0,33.0
33.0,33.0,28.0,28.0,34.0,24.0,33.0,27.0,23.0,38.0,38.0,31.0,32.0,31.0,41.0,42.0,29.0,32.0,31.0,38.0,37.0,16.0,32.0,23.0,40.0,33.0,33.0,32.0,27.0,20.0,38.0,27.0,27.0,38.0,27.0,27.0,27.0,32.0,34.0,22.0,32.0,28.0,29.0,30.0,19.0,32.0,38.0,24.0,32.0,38.0
28.0,22.0,24.0,25.0,22.0,21.0,16.0,19.0,32.0,25.0,17.0,22.0,24.0,29.0,23.0,26.0,21.0,17.0,18.0,23.0,25.0,22.0,21.0,24.0,22.0,25.0,17.0,20.0,23.0,18.0,26.0,26.0,23.0,25.0,17.0,21.0,22.0,31.0,18.0,21.0,26.0,17.0,21.0,30.0,28.0,21.0,20.0,26.0,17.0,29.0
28.0,29.0,35.0,33.0,36.0,38.0,28.0,36.0,34.0,30.0,22.0,33.0,27.0,27.0,41.0,36.0,37.0,25.0,30.0,28.0,32.0,29.0,30.0,30.0,34.0,36.0,34.0,46.0,39.0,36.0,25.0,42.0,32.0,29.0,36.0,28.0,42.0,24.0,37.0,26.0,33.0,30.0,36.0,34.0,38.0,33.0,43.0,45.0,25.0,29.0
20.0,24.0,21.0,27.0,27.0,26.0,23.0,27.0,26.0,22.0,31.0,33.0,16.0,24.0,27.0,21.0,17.0,23.0,32.0,26.0,24.0,32.0,18.0,21.0,19.0,26.0,21.0,34.0,20.0,18.0,21.0,21.0,24.0,19.0,18.0,28.0,16.0,22.0,16.0,17.0,30.0,16.0,23.0,19.0,28.0,26.0,22.0,28.0,20.0,21.0
24.0,24.0,14.0,17.0,20.0,15.0,18.0,22.0,18.0,24.0,23.0,21.0,17.0,26.0,24.0,16.0,19.0,7.0,30.0,25.0,13.0,28.0,24.0,14.0,21.0,21.0,11.0,13.0,27.0,18.0,15.0,14.0,22.0,14.0,16.0,26.0,19.0,22.0,9.0,21.0,17.0,21.0,21.0,15.0,22.0,20.0,18.0,28.0,25.0,23.0
20.0,31.0,24.0,17.0,18.0,22.0,28.0,22.0,24.0,22.0,27.0,27.0,32.0,20.0,24.0,22.0,26.0,17.0,25.0,22.0,30.0,28.0,20.0,23.0,22.0,26.0,15.0,14.0,16.0,19.0,27.0,23.0,30.0,22.0,29.0,21.0,17.0,19.0,26.0,28.0,14.0,25.0,33.0,19.0,26.0,20.0,23.0,25.0,28.0,29.0
25.0,29.0,13.0,25.0,16.0,20.0,24.0,28.0,27.0,20.0,30.0,18.0,18.0,12.0,27.0,26.0,26.0,22.0,18.0,17.0,27.0,19.0,18.0,24.0,20.0,25.0,33.0,22.0,21.0,22.0,14.0,25.0,17.0,29.0,23.0,26.0,32.0,30.0,26.0,19.0,30.0,27.0,28.0,25.0,30.0,20.0,30.0,22.0,29.0,29.0
33.0,33.0,31.0,34.0,28.0,25.0,18.0,27.0,30.0,24.0,29.0,30.0,41.0,32.0,25.0,32.0,37.0,28.0,25.0,37.0,29.0,29.0,41.0,17.0,27.0,25.0,36.0,22.0,30.0,28.0,45.0,21.0,34.0,22.0,26.0,34.0,27.0,32.0,34.0,30.0,30.0,31.0,31.0,29.0,34.0,40.0,27.0,28.0,30.0,34.0
22.0,20.0,22.0,23.0,31.0,18.0,22.0,24.0,34.0,19.0,28.0,28.0,28.0,21.0,21.0,22.0,23.0,30.0,22.0,25.0,27.0,26.0,23.0,21.0,16.0,26.0,19.0,18.0,22.0,28.0,23.0,23.0,24.0,21.0,24.0,26.0,17.0,23.0,22.0,30.0,26.0,19.0,21.0,20.0,12.0,19.0,23.0,23.0,19.0,24.0
