10,50,1000
16.160652,19.75809,17.130483,15.467704,15.374692,19.075178,16.598715,17.737744,16.403081,15.815649
7.835863,9.538833,7.382787,6.409417,8.888825,5.981037,6.445104,6.26098,5.987622,8.791004
0.0,10.0,20.0,30.0,40.0,50.0,60.0,70.0,80.0,90.0
10.0,0.0,10.0,20.0,30.0,40.0,50.0,60.0,70.0,80.0
20.0,10.0,0.0,10.0,20.0,30.0,40.0,50.0,60.0,70.0
30.0,20.0,10.0,0.0,10.0,20.0,30.0,40.0,50.0,60.0
40.0,30.0,20.0,10.0,0.0,10.0,20.0,30.0,40.0,50.0
50.0,40.0,30.0,20.0,10.0,0.0,10.0,20.0,30.0,40.0
60.0,50.0,40.0,30.0,20.0,10.0,0.0,10.0,20.0,30.0
70.0,60.0,50.0,40.0,30.0,20.0,10.0,0.0,10.0,20.0
80.0,70.0,60.0,50.0,40.0,30.0,20.0,10.0,0.0,10.0
90.0,80.0,70.0,60.0,50.0,40.0,30.0,20.0,10.0,0.0
450.0,400.0,350.0,300.0,250.0,250.0,300.0,350.0,400.0,450.0
0.0,1.0,2.0,3.0,4.0,5.0,6.0,7.0,8.0,9.0
1.0,0.0,1.0,2.0,3.0,4.0,5.0,6.0,7.0,8.0
2.0,1.0,0.0,1.0,2.0,3.0,4.0,5.0,6.0,7.0
3.0,2.0,1.0,0.0,1.0,2.0,3.0,4.0,5.0,6.0
4.0,3.0,2.0,1.0,0.0,1.0,2.0,3.0,4.0,5.0
5.0,4.0,3.0,2.0,1.0,0.0,1.0,2.0,3.0,4.0
6.0,5.0,4.0,3.0,2.0,1.0,0.0,1.0,2.0,3.0
7.0,6.0,5.0,4.0,3.0,2.0,1.0,0.0,1.0,2.0
8.0,7.0,6.0,5.0,4.0,3.0,2.0,1.0,0.0,1.0
9.0,8.0,7.0,6.0,5.0,4.0,3.0,2.0,1.0,0.0
45.0,40.0,35.0,30.0,25.0,25.0,30.0,35.0,40.0,45.0
24.0,34.0,35.0,25.0,28.0,27.0,26.0,18.0,31.0,26.0,36.0,22.0,29.0,21.0,39.0,24.0,26.0,32.0,25.0,18.0,35.0,37.0,27.0,34.0,26.0,21.0,26.0,23.0,33.0,23.0,29.0,23.0,25.0,39.0,26.0,34.0,30.0,26.0,34.0,25.0,29.0,37.0,29.0,22.0,39.0,22.0,27.0,22.0,28.0,27.0
31.0,33.0,32.0,33.0,33.0,33.0,36.0,28.0,33.0,29.0,37.0,25.0,23.0,32.0,36.0,31.0,39.0,51.0,33.0,32.0,38.0,27.0,30.0,37.0,29.0,31.0,37.0,32.0,44.0,40.0,21.0,31.0,29.0,38.0,44.0,30.0,28.0,37.0,35.0,30.0,37.0,38.0,47.0,28.0,28.0,35.0,41.0,32.0,40.0,35.0
23.0,22.0,31.0,19.0,38.0,27.0,36.0,26.0,35.0,29.0,31.0,24.0,28.0,27.0,25.0,36.0,33.0,27.0,28.0,28.0,29.0,29.0,39.0,27.0,36.0,20.0,25.0,29.0,26.0,40.0,21.0,29.0,22.0,29.0,19.0,22.0,20.0,25.0,30.0,25.0,33.0,25.0,19.0,33.0,19.0,28.0,26.0,35.0,29.0,20.0
28.0,31.0,17.0,33.0,26.0,26.0,23.0,17.0,28.0,20.0,19.0,32.0,19.0,28.0,15.0,27.0,21.0,32.0,30.0,13.0,24.0,27.0,31.0,22.0,25.0,24.0,22.0,23.0,28.0,25.0,30.0,19.0,25.0,23.0,24.0,16.0,20.0,25.0,23.0,20.0,19.0,31.0,24.0,26.0,26.0,32.0,24.0,23.0,30.0,19.0
41.0,35.0,42.0,28.0,38.0,26.0,25.0,29.0,37.0,39.0,30.0,29.0,19.0,25.0,30.0,34.0,35.0,34.0,30.0,27.0,27.0,34.0,41.0,39.0,38.0,46.0,26.0,28.0,34.0,34.0,36.0,34.0,42.0,34.0,31.0,24.0,30.0,23.0,29.0,32.0,29.0,28.0,26.0,33.0,32.0,28.0,35.0,39.0,35.0,23.0
30.0,22.0,20.0,25.0,20.0,17.0,21.0,30.0,33.0,19.0,18.0,17.0,29.0,22.0,23.0,21.0,32.0,24.0,31.0,26.0,30.0,24.0,27.0,24.0,26.0,17.0,26.0,30.0,26.0,21.0,19.0,15.0,25.0,25.0,25.0,26.0,20.0,14.0,32.0,25.0,27.0,26.0,25.0,27.0,21.0,28.0,26.0,23.0,35.0,24.0
26.0,23.0,33.0,25.0,30.0,24.0,20.0,27.0,33.0,22.0,24.0,26.0,28.0,25.0,29.0,34.0,19.0,33.0,28.0,30.0,16.0,23.0,23.0,23.0,24.0,26.0,27.0,28.0,31.0,33.0,23.0,27.0,30.0,29.0,21.0,26.0,30.0,21.0,18.0,26.0,24.0,22.0,20.0,22.0,22.0,31.0,18.0,20.0,22.0,26.0
24.0,23.0,26.0,26.0,29.0,22.0,25.0,20.0,31.0,27.0,19.0,21.0,35.0,19.0,31.0,29.0,31.0,23.0,36.0,24.0,25.0,34.0,26.0,27.0,25.0,17.0,20.0,27.0,26.0,33.0,22.0,26.0,33.0,25.0,21.0,25.0,27.0,18.0,29.0,21.0,23.0,32.0,29.0,25.0,27.0,18.0,29.0,12.0,22.0,28.0
18.0,26.0,27.0,28.0,23.0,23.0,23.0,20.0,23.0,21.0,27.0,19.0,22.0,22.0,25.0,25.0,27.0,23.0,25.0,20.0,26.0,25.0,34.0,22.0,21.0,19.0,20.0,18.0,23.0,16.0,16.0,28.0,26.0,28.0,27.0,22.0,30.0,29.0,25.0,22.0,23.0,27.0,30.0,32.0,18.0,26.0,20.0,29.0,26.0,26.0
23.0,43.0,33.0,25.0,30.0,29.0,41.0,26.0,38.0,27.0,29.0,21.0,31.0,30.0,25.0,35.0,24.0,35.0,33.0,34.0,42.0,21.0,24.0,27.0,20.0,29.0,29.0,31.0,29.0,38.0,21.0,37.0,37.0,32.0,31.0,37.0,31.0,44.0,29.0,36.0,28.0,22.0,28.0,27.0,29.0,29.0,42.0,31.0,35.0,34.0
