10,50,1000
15.095102,16.913918,17.411876,17.860387,16.553489,18.833052,19.03774,17.66469,15.132449,16.316621
6.391782,7.152592,7.292,7.329312,5.906259,6.569937,8.476684,6.349905,9.885828,6.013787
0.0,10.0,20.0,30.0,40.0,50.0,60.0,70.0,80.0,90.0
10.0,0.0,10.0,20.0,30.0,40.0,50.0,60.0,70.0,80.0
20.0,10.0,0.0,10.0,20.0,30.0,40.0,50.0,60.0,70.0
30.0,20.0,10.0,0.0,10.0,20.0,30.0,40.0,50.0,60.0
40.0,30.0,20.0,10.0,0.0,10.0,20.0,30.0,40.0,50.0
50.0,40.0,30.0,20.0,10.0,0.0,10.0,20.0,30.0,40.0
60.0,50.0,40.0,30.0,20.0,10.0,0.0,10.0,20.0,30.0
70.0,60.0,50.0,40.0,30.0,20.0,10.0,0.0,10.0,20.0
80.0,70.0,60.0,50.0,40.0,30.0,20.0,10.0,0.0,10.0
90.0,80.0,70.0,60.0,50.0,40.0,30.0,20.0,10.0,0.0
450.0,400.0,350.0,300.0,250.0,250.0,300.0,350.0,400.0,450.0
0.0,1.0,2.0,3.0,4.0,5.0,6.0,7.0,8.0,9.0
1.0,0.0,1.0,2.0,3.0,4.0,5.0,6.0,7.0,8.0
2.0,1.0,0.0,1.0,2.0,3.0,4.0,5.0,6.0,7.0
3.0,2.0,1.0,0.0,1.0,2.0,3.0,4.0,5.0,6.0
4.0,3.0,2.0,1.0,0.0,1.0,2.0,3.0,4.0,5.0
5.0,4.0,3.0,2.0,1.0,0.0,1.0,2.0,3.0,4.0
6.0,5.0,4.0,3.0,2.0,1.0,0.0,1.0,2.0,3.0
7.0,6.0,5.0,4.0,3.0,2.0,1.0,0.0,1.0,2.0
8.0,7.0,6.0,5.0,4.0,3.0,2.0,1.0,0.0,1.0
9.0,8.0,7.0,6.0,5.0,4.0,3.0,2.0,1.0,0.0
45.0,40.0,35.0,30.0,25.0,25.0,30.0,35.0,40.0,45.0
22.0,29.0,26.0,23.0,29.0,25.0,32.0,31.0,24.0,28.0,16.0,18.0,22.0,28.0,24.0,27.0,24.0,34.0,26.0,36.0,24.0,24.0,12.0,23.0,23.0,18.0,24.0,23.0,17.0,25.0,25.0,28.0,20.0,21.0,27.0,26.0,29.0,29.0,21.0,23.0,27.0,28.0,27.0,26.0,28.0,29.0,27.0,27.0,28.0,19.0
31.0,24.0,30.0,34.0,20.0,29.0,28.0,28.0,32.0,34.0,23.0,26.0,24.0,26.0,28.0,43.0,36.0,35.0,40.0,27.0,24.0,30.0,34.0,25.0,30.0,28.0,27.0,22.0,31.0,30.0,31.0,17.0,23.0,22.0,30.0,33.0,23.0,24.0,21.0,27.0,29.0,33.0,28.0,22.0,27.0,25.0,28.0,29.0,28.0,25.0
19.0,37.0,32.0,31.0,26.0,35.0,20.0,26.0,30.0,29.0,24.0,23.0,36.0,24.0,26.0,35.0,37.0,26.0,32.0,32.0,31.0,23.0,21.0,27.0,24.0,33.0,30.0,23.0,26.0,27.0,27.0,39.0,21.0,24.0,23.0,35.0,36.0,41.0,21.0,27.0,24.0,28.0,23.0,35.0,30.0,33.0,29.0,34.0,31.0,18.0
26.0,28.0,19.0,28.0,23.0,30.0,30.0,33.0,20.0,26.0,26.0,28.0,30.0,24.0,23.0,23.0,31.0,31.0,23.0,27.0,25.0,22.0,24.0,28.0,30.0,32.0,35.0,27.0,26.0,27.0,22.0,27.0,22.0,28.0,26.0,30.0,39.0,31.0,33.0,28.0,23.0,34.0,24.0,27.0,27.0,27.0,19.0,26.0,38.0,29.0
25.0,11.0,18.0,28.0,22.0,27.0,21.0,21.0,15.0,24.0,22.0,26.0,20.0,29.0,27.0,25.0,21.0,20.0,24.0,9.0,30.0,24.0,17.0,16.0,22.0,29.0,25.0,34.0,30.0,25.0,23.0,30.0,23.0,35.0,24.0,34.0,14.0,26.0,25.0,31.0,31.0,27.0,22.0,23.0,30.0,25.0,31.0,24.0,25.0,17.0
31.0,28.0,25.0,27.0,28.0,20.0,23.0,24.0,24.0,30.0,28.0,29.0,21.0,35.0,31.0,34.0,30.0,22.0,25.0,25.0,18.0,17.0,18.0,25.0,19.0,28.0,35.0,20.0,25.0,29.0,33.0,28.0,40.0,25.0,32.0,20.0,26.0,31.0,18.0,23.0,25.0,25.0,23.0,26.0,25.0,25.0,27.0,25.0,25.0,32.0
39.0,28.0,38.0,28.0,35.0,28.0,36.0,24.0,29.0,42.0,26.0,37.0,34.0,20.0,29.0,32.0,24.0,42.0,33.0,36.0,26.0,31.0,42.0,23.0,24.0,30.0,31.0,34.0,40.0,35.0,31.0,37.0,38.0,33.0,24.0,29.0,27.0,36.0,27.0,26.0,38.0,32.0,31.0,45.0,38.0,25.0,33.0,27.0,28.0,27.0
23.0,20.0,19.0,16.0,18.0,27.0,27.0,28.0,20.0,18.0,21.0,32.0,27.0,32.0,28.0,24.0,21.0,30.0,23.0,23.0,26.0,23.0,26.0,27.0,28.0,21.0,26.0,32.0,22.0,22.0,16.0,28.0,24.0,22.0,21.0,29.0,20.0,29.0,25.0,34.0,23.0,26.0,24.0,24.0,36.0,22.0,37.0,36.0,27.0,33.0
33.0,33.0,42.0,36.0,33.0,58.0,44.0,29.0,37.0,40.0,37.0,36.0,42.0,39.0,29.0,35.0,34.0,45.0,39.0,37.0,39.0,34.0,35.0,37.0,46.0,32.0,43.0,32.0,46.0,31.0,32.0,32.0,26.0,48.0,39.0,30.0,52.0,35.0,37.0,32.0,40.0,35.0,43.0,37.0,40.0,36.0,38.0,44.0,31.0,30.0
23.0,25.0,24.0,26.0,25.0,28.0,28.0,26.0,27.0,24.0,30.0,29.0,29.0,28.0,33.0,19.0,23.0,21.0,15.0,12.0,18.0,20.0,17.0,23.0,18.0,22.0,34.0,19.0,16.0,20.0,26.0,30.0,24.0,22.0,21.0,25.0,20.0,20.0,32.0,24.0,18.0,27.0,21.0,35.0,22.0,28.0,21.0,16.0,25.0,26.0
