10,50,1000
15.15221,15.292793,18.543849,15.583746,17.090057,16.024701,15.05384,19.930132,15.276981,15.062489
5.256279,5.534844,9.80726,6.817273,6.175977,7.910039,6.649956,8.705862,9.90681,5.128121
0.0,10.0,20.0,30.0,40.0,50.0,60.0,70.0,80.0,90.0
10.0,0.0,10.0,20.0,30.0,40.0,50.0,60.0,70.0,80.0
20.0,10.0,0.0,10.0,20.0,30.0,40.0,50.0,60.0,70.0
30.0,20.0,10.0,0.0,10.0,20.0,30.0,40.0,50.0,60.0
40.0,30.0,20.0,10.0,0.0,10.0,20.0,30.0,40.0,50.0
50.0,40.0,30.0,20.0,10.0,0.0,10.0,20.0,30.0,40.0
60.0,50.0,40.0,30.0,20.0,10.0,0.0,10.0,20.0,30.0
70.0,60.0,50.0,40.0,30.0,20.0,10.0,0.0,10.0,20.0
80.0,70.0,60.0,50.0,40.0,30.0,20.0,10.0,0.0,10.0
90.0,80.0,70.0,60.0,50.0,40.0,30.0,20.0,10.0,0.0
450.0,400.0,350.0,300.0,250.0,250.0,300.0,350.0,400.0,450.0
0.0,1.0,2.0,3.0,4.0,5.0,6.0,7.0,8.0,9.0
1.0,0.0,1.0,2.0,3.0,4.0,5.0,6.0,7.0,8.0
2.0,1.0,0.0,1.0,2.0,3.0,4.0,5.0,6.0,7.0
3.0,2.0,1.0,0.0,1.0,2.0,3.0,4.0,5.0,6.0
4.0,3.0,2.0,1.0,0.0,1.0,2.0,3.0,4.0,5.0
5.0,4.0,3.0,2.0,1.0,0.0,1.0,2.0,3.0,4.0
6.0,5.0,4.0,3.0,2.0,1.0,0.0,1.0,2.0,3.0
7.0,6.0,5.0,4.0,3.0,2.0,1.0,0.0,1.0,2.0
8.0,7.0,6.0,5.0,4.0,3.0,2.0,1.0,0.0,1.0
9.0,8.0,7.0,6.0,5.0,4.0,3.0,2.0,1.0,0.0
45.0,40.0,35.0,30.0,25.0,25.0,30.0,35.0,40.0,45.0
17.0,29.0,22.0,19.0,29.0,25.0,19.0,22.0,17.0,16.0,36.0,24.0,17.0,21.0,13.0,21.0,12.0,27.0,28.0,25.0,23.0,18.0,23.0,34.0,22.0,24.0,19.0,20.0,17.0,29.0,20.0,23.0,25.0,29.0,18.0,13.0,21.0,21.0,24.0,28.0,22.0,24.0,12.0,13.0,21.0,18.0,27.0,31.0,22.0,19.0
18.0,24.0,29.0,23.0,21.0,26.0,24.0,20.0,12.0,29.0,15.0,29.0,20.0,25.0,22.0,22.0,13.0,23.0,18.0,19.0,28.0,22.0,22.0,19.0,24.0,22.0,21.0,25.0,23.0,36.0,21.0,22.0,21.0,20.0,26.0,20.0,22.0,18.0,25.0,29.0,20.0,16.0,33.0,19.0,28.0,19.0,20.0,17.0,20.0,25.0
31.0,36.0,35.0,32.0,37.0,32.0,35.0,31.0,42.0,39.0,41.0,35.0,29.0,27.0,36.0,44.0,36.0,27.0,40.0,38.0,30.0,41.0,33.0,31.0,37.0,45.0,35.0,44.0,37.0,51.0,38.0,49.0,27.0,37.0,36.0,30.0,36.0,27.0,41.0,29.0,35.0,29.0,31.0,41.0,42.0,32.0,28.0,35.0,34.0,26.0
24.0,20.0,21.0,22.0,31.0,29.0,29.0,29.0,30.0,31.0,26.0,18.0,26.0,29.0,25.0,27.0,21.0,26.0,17.0,21.0,29.0,20.0,27.0,20.0,33.0,27.0,23.0,28.0,32.0,19.0,15.0,36.0,29.0,24.0,24.0,22.0,25.0,28.0,18.0,25.0,18.0,28.0,28.0,23.0,25.0,25.0,30.0,23.0,18.0,27.0
20.0,29.0,30.0,23.0,15.0,25.0,20.0,14.0,27.0,32.0,17.0,23.0,21.0,16.0,22.0,27.0,23.0,19.0,21.0,28.0,16.0,35.0,28.0,26.0,25.0,26.0,18.0,24.0,27.0,19.0,24.0,22.0,25.0,21.0,28.0,24.0,20.0,24.0,21.0,19.0,20.0,22.0,22.0,24.0,18.0,28.0,14.0,33.0,25.0,24.0
34.0,24.0,35.0,32.0,33.0,30.0,37.0,31.0,37.0,39.0,35.0,28.0,42.0,34.0,27.0,37.0,30.0,27.0,32.0,26.0,30.0,27.0,22.0,18.0,32.0,31.0,37.0,37.0,21.0,33.0,30.0,26.0,27.0,26.0,35.0,37.0,21.0,30.0,31.0,34.0,43.0,33.0,31.0,40.0,32.0,27.0,43.0,30.0,37.0,24.0
21.0,19.0,28.0,32.0,21.0,19.0,26.0,29.0,15.0,27.0,22.0,24.0,24.0,31.0,27.0,23.0,22.0,27.0,27.0,22.0,26.0,29.0,26.0,23.0,18.0,31.0,24.0,31.0,23.0,24.0,33.0,24.0,20.0,30.0,23.0,19.0,22.0,28.0,23.0,27.0,26.0,26.0,27.0,21.0,27.0,29.0,25.0,22.0,29.0,41.0
31.0,26.0,38.0,28.0,37.0,29.0,26.0,38.0,29.0,22.0,37.0,35.0,41.0,35.0,26.0,39.0,34.0,33.0,30.0,37.0,27.0,32.0,33.0,32.0,36.0,27.0,29.0,32.0,28.0,37.0,18.0,32.0,26.0,35.0,37.0,43.0,39.0,42.0,40.0,33.0,31.0,28.0,45.0,29.0,30.0,34.0,34.0,33.0,30.0,35.0
33.0,41.0,45.0,30.0,41.0,44.0,42.0,30.0,36.0,30.0,26.0,26.0,47.0,31.0,29.0,36.0,40.0,34.0,28.0,28.0,40.0,26.0,32.0,44.0,35.0,33.0,31.0,27.0,36.0,30.0,41.0,29.0,31.0,47.0,27.0,42.0,32.0,35.0,30.0,37.0,36.0,29.0,37.0,33.0,37.0,33.0,30.0,35.0,41.0,38.0
27.0,24.0,26.0,16.0,25.0,32.0,19.0,25.0,14.0,20.0,31.0,23.0,19.0,24.0,16.0,19.0,15.0,25.0,18.0,17.0,20.0,23.0,17.0,22.0,14.0,27.0,24.0,23.0,14.0,21.0,16.0,18.0,24.0,17.0,18.0,24.0,19.0,22.0,17.0,30.0,24.0,18.0,13.0,23.0,28.0,15.0,20.0,19.0,19.0,25.0
