10,50,1000
15.209009,18.241772,15.718421,18.528958,19.079108,15.829808,15.375488,15.642012,19.512725,16.711674
6.086147,9.45747,6.10288,7.608204,9.550282,6.082411,7.911855,7.246325,7.116258,5.075758
0.0,10.0,20.0,30.0,40.0,50.0,60.0,70.0,80.0,90.0
10.0,0.0,10.0,20.0,30.0,40.0,50.0,60.0,70.0,80.0
20.0,10.0,0.0,10.0,20.0,30.0,40.0,50.0,60.0,70.0
30.0,20.0,10.0,0.0,10.0,20.0,30.0,40.0,50.0,60.0
40.0,30.0,20.0,10.0,0.0,10.0,20.0,30.0,40.0,50.0
50.0,40.0,30.0,20.0,10.0,0.0,10.0,20.0,30.0,40.0
60.0,50.0,40.0,30.0,20.0,10.0,0.0,10.0,20.0,30.0
70.0,60.0,50.0,40.0,30.0,20.0,10.0,0.0,10.0,20.0
80.0,70.0,60.0,50.0,40.0,30.0,20.0,10.0,0.0,10.0
90.0,80.0,70.0,60.0,50.0,40.0,30.0,20.0,10.0,0.0
450.0,400.0,350.0,300.0,250.0,250.0,300.0,350.0,400.0,450.0
0.0,1.0,2.0,3.0,4.0,5.0,6.0,7.0,8.0,9.0
1.0,0.0,1.0,2.0,3.0,4.0,5.0,6.0,7.0,8.0
2.0,1.0,0.0,1.0,2.0,3.0,4.0,5.0,6.0,7.0
3.0,2.0,1.0,0.0,1.0,2.0,3.0,4.0,5.0,6.0
4.0,3.0,2.0,1.0,0.0,1.0,2.0,3.0,4.0,5.0
5.0,4.0,3.0,2.0,1.0,0.0,1.0,2.0,3.0,4.0
6.0,5.0,4.0,3.0,2.0,1.0,0.0,1.0,2.0,3.0
7.0,6.0,5.0,4.0,3.0,2.0,1.0,0.0,1.0,2.0
8.0,7.0,6.0,5.0,4.0,3.0,2.0,1.0,0.0,1.0
9.0,8.0,7.0,6.0,5.0,4.0,3.0,2.0,1.0,0.0
45.0,40.0,35.0,30.0,25.0,25.0,30.0,35.0,40.0,45.0
22.0,20.0,33.0,17.0,24.0,21.0,28.0,23.0,19.0,27.0,29.0,19.0,25.0,29.0,19.0,24.0,26.0,22.0,24.0,33.0,28.0,22.0,26.0,24.0,24.0,21.0,17.0,13.0,25.0,20.0,26.0,30.0,21.0,19.0,25.0,24.0,20.0,25.0,31.0,29.0,22.0,22.0,20.0,24.0,19.0,20.0,16.0,28.0,26.0,20.0
34.0,39.0,35.0,35.0,45.0,27.0,36.0,34.0,24.0,27.0,31.0,33.0,27.0,38.0,33.0,32.0,36.0,35.0,27.0,41.0,31.0,29.0,45.0,36.0,34.0,43.0,32.0,34.0,36.0,41.0,41.0,23.0,35.0,26.0,37.0,26.0,25.0,36.0,30.0,43.0,35.0,40.0,35.0,40.0,28.0,34.0,35.0,42.0,25.0,25.0
32.0,20.0,21.0,32.0,22.0,32.0,30.0,19.0,32.0,21.0,29.0,23.0,25.0,21.0,20.0,26.0,21.0,26.0,26.0,25.0,26.0,30.0,17.0,26.0,26.0,25.0,27.0,23.0,17.0,26.0,25.0,25.0,20.0,30.0,19.0,13.0,21.0,33.0,20.0,15.0,26.0,26.0,21.0,25.0,27.0,22.0,28.0,28.0,23.0,20.0
36.0,23.0,27.0,32.0,41.0,28.0,29.0,33.0,31.0,30.0,33.0,30.0,31.0,30.0,28.0,33.0,43.0,31.0,30.0,22.0,43.0,24.0,34.0,22.0,34.0,29.0,23.0,30.0,27.0,32.0,30.0,33.0,23.0,19.0,38.0,28.0,20.0,32.0,34.0,23.0,31.0,29.0,28.0,26.0,25.0,35.0,31.0,31.0,23.0,25.0
22.0,29.0,38.0,39.0,48.0,37.0,35.0,35.0,51.0,33.0,28.0,41.0,32.0,36.0,41.0,40.0,30.0,24.0,37.0,34.0,21.0,38.0,28.0,42.0,26.0,26.0,32.0,26.0,31.0,29.0,30.0,39.0,29.0,29.0,32.0,31.0,41.0,33.0,39.0,38.0,33.0,26.0,29.0,37.0,47.0,33.0,39.0,34.0,28.0,31.0
15.0,31.0,34.0,28.0,21.0,26.0,30.0,29.0,23.0,24.0,23.0,26.0,34.0,28.0,26.0,34.0,24.0,23.0,21.0,21.0,22.0,26.0,29.0,23.0,22.0,26.0,28.0,25.0,31.0,25.0,28.0,19.0,10.0,24.0,31.0,24.0,35.0,31.0,28.0,25.0,28.0,25.0,27.0,19.0,23.0,21.0,38.0,26.0,30.0,28.0
35.0,18.0,35.0,35.0,28.0,24.0,28.0,27.0,26.0,28.0,20.0,26.0,20.0,31.0,32.0,31.0,31.0,30.0,43.0,38.0,26.0,36.0,33.0,25.0,28.0,30.0,32.0,27.0,25.0,23.0,31.0,19.0,24.0,35.0,25.0,41.0,28.0,33.0,30.0,36.0,30.0,34.0,29.0,27.0,23.0,30.0,29.0,27.0,41.0,25.0
34.0,33.0,25.0,28.0,31.0,25.0,18.0,17.0,33.0,28.0,24.0,24.0,25.0,29.0,20.0,27.0,24.0,29.0,19.0,30.0,26.0,31.0,27.0,26.0,16.0,31.0,36.0,24.0,31.0,32.0,44.0,26.0,29.0,29.0,29.0,23.0,18.0,22.0,22.0,26.0,26.0,27.0,33.0,23.0,32.0,25.0,37.0,17.0,23.0,27.0
25.0,36.0,28.0,31.0,28.0,31.0,31.0,37.0,30.0,24.0,21.0,18.0,28.0,24.0,24.0,28.0,30.0,28.0,25.0,29.0,24.0,27.0,32.0,33.0,36.0,31.0,43.0,26.0,28.0,24.0,31.0,29.0,30.0,23.0,17.0,26.0,25.0,24.0,31.0,35.0,30.0,23.0,31.0,24.0,40.0,30.0,32.0,23.0,23.0,23.0
39.0,22.0,22.0,21.0,16.0,15.0,19.0,17.0,19.0,18.0,24.0,24.0,25.0,21.0,25.0,23.0,21.0,18.0,28.0,23.0,23.0,13.0,21.0,29.0,18.0,21.0,28.0,16.0,20.0,25.0,17.0,17.0,25.0,22.0,25.0,30.0,19.0,18.0,18.0,18.0,24.0,13.0,23.0,16.0,26.0,17.0,19.0,22.0,12.0,19.0
