10,50,1000
15.050802,15.013893,19.76057,17.160391,16.042481,15.365748,15.587017,15.841983,15.23995,18.557532
9.502184,9.304669,6.433494,7.041318,7.107329,7.218124,5.839189,9.600055,8.939176,6.3628
0.0,10.0,20.0,30.0,40.0,50.0,60.0,70.0,80.0,90.0
10.0,0.0,10.0,20.0,30.0,40.0,50.0,60.0,70.0,80.0
20.0,10.0,0.0,10.0,20.0,30.0,40.0,50.0,60.0,70.0
30.0,20.0,10.0,0.0,10.0,20.0,30.0,40.0,50.0,60.0
40.0,30.0,20.0,10.0,0.0,10.0,20.0,30.0,40.0,50.0
50.0,40.0,30.0,20.0,10.0,0.0,10.0,20.0,30.0,40.0
60.0,50.0,40.0,30.0,20.0,10.0,0.0,10.0,20.0,30.0
70.0,60.0,50.0,40.0,30.0,20.0,10.0,0.0,10.0,20.0
80.0,70.0,60.0,50.0,40.0,30.0,20.0,10.0,0.0,10.0
90.0,80.0,70.0,60.0,50.0,40.0,30.0,20.0,10.0,0.0
450.0,400.0,350.0,300.0,250.0,250.0,300.0,350.0,400.0,450.0
0.0,1.0,2.0,3.0,4.0,5.0,6.0,7.0,8.0,9.0
1.0,0.0,1.0,2.0,3.0,4.0,5.0,6.0,7.0,8.0
2.0,1.0,0.0,1.0,2.0,3.0,4.0,5.0,6.0,7.0
3.0,2.0,1.0,0.0,1.0,2.0,3.0,4.0,5.0,6.0
4.0,3.0,2.0,1.0,0.0,1.0,2.0,3.0,4.0,5.0
5.0,4.0,3.0,2.0,1.0,0.0,1.0,2.0,3.0,4.0
6.0,5.0,4.0,3.0,2.0,1.0,0.0,1.0,2.0,3.0
7.0,6.0,5.0,4.0,3.0,2.0,1.0,0.0,1.0,2.0
8.0,7.0,6.0,5.0,4.0,3.0,2.0,1.0,0.0,1.0
9.0,8.0,7.0,6.0,5.0,4.0,3.0,2.0,1.0,0.0
45.0,40.0,35.0,30.0,25.0,25.0,30.0,35.0,40.0,45.0
37.0,35.0,31.0,27.0,43.0,30.0,38.0,30.0,35.0,30.0,29.0,40.0,27.0,39.0,19.0,32.0,29.0,26.0,33.0,39.0,40.0,43.0,37.0,24.0,32.0,26.0,24.0,26.0,28.0,29.0,34.0,35.0,43.0,33.0,35.0,31.0,35.0,34.0,26.0,32.0,31.0,29.0,34.0,35.0,45.0,27.0,24.0,37.0,36.0,40.0
30.0,23.0,35.0,38.0,32.0,26.0,37.0,27.0,40.0,27.0,34.0,30.0,33.0,29.0,31.0,37.0,31.0,40.0,30.0,32.0,22.0,41.0,26.0,27.0,30.0,37.0,36.0,27.0,33.0,37.0,44.0,37.0,27.0,35.0,44.0,19.0,29.0,29.0,38.0,38.0,50.0,30.0,31.0,37.0,41.0,36.0,27.0,32.0,35.0,34.0
26.0,33.0,25.0,17.0,20.0,36.0,21.0,27.0,32.0,25.0,31.0,39.0,17.0,27.0,25.0,24.0,35.0,23.0,20.0,24.0,33.0,34.0,23.0,21.0,23.0,20.0,17.0,19.0,25.0,19.0,28.0,21.0,19.0,27.0,27.0,22.0,29.0,23.0,31.0,24.0,24.0,27.0,25.0,21.0,21.0,19.0,22.0,31.0,32.0,18.0
31.0,31.0,31.0,32.0,30.0,28.0,28.0,26.0,33.0,27.0,38.0,36.0,19.0,36.0,36.0,20.0,27.0,20.0,33.0,24.0,31.0,19.0,33.0,23.0,27.0,35.0,27.0,23.0,31.0,24.0,26.0,29.0,31.0,34.0,29.0,23.0,24.0,11.0,27.0,24.0,24.0,26.0,23.0,26.0,28.0,21.0,19.0,32.0,26.0,33.0
25.0,26.0,26.0,28.0,19.0,25.0,23.0,29.0,32.0,28.0,27.0,19.0,36.0,21.0,25.0,29.0,29.0,31.0,31.0,25.0,23.0,28.0,21.0,31.0,33.0,32.0,20.0,28.0,22.0,30.0,20.0,30.0,21.0,22.0,31.0,33.0,31.0,16.0,38.0,33.0,30.0,26.0,27.0,27.0,32.0,38.0,25.0,19.0,20.0,23.0
24.0,19.0,17.0,26.0,18.0,33.0,27.0,19.0,29.0,22.0,28.0,24.0,27.0,35.0,33.0,24.0,19.0,22.0,31.0,31.0,22.0,27.0,31.0,32.0,28.0,30.0,22.0,23.0,23.0,30.0,26.0,35.0,31.0,39.0,22.0,34.0,17.0,16.0,26.0,19.0,27.0,16.0,27.0,26.0,25.0,22.0,32.0,33.0,27.0,32.0
32.0,23.0,23.0,24.0,22.0,25.0,27.0,20.0,24.0,27.0,18.0,23.0,21.0,22.0,27.0,31.0,25.0,26.0,27.0,23.0,19.0,24.0,19.0,27.0,17.0,24.0,25.0,17.0,21.0,20.0,16.0,27.0,16.0,14.0,25.0,21.0,17.0,16.0,19.0,26.0,26.0,19.0,30.0,22.0,26.0,28.0,24.0,27.0,26.0,27.0
25.0,22.0,33.0,39.0,36.0,23.0,36.0,42.0,38.0,41.0,34.0,24.0,33.0,28.0,29.0,36.0,30.0,40.0,35.0,36.0,36.0,47.0,40.0,39.0,34.0,25.0,43.0,30.0,40.0,36.0,32.0,39.0,35.0,40.0,38.0,27.0,41.0,41.0,28.0,38.0,28.0,39.0,36.0,30.0,40.0,29.0,36.0,37.0,32.0,28.0
33.0,36.0,28.0,27.0,39.0,33.0,32.0,30.0,27.0,38.0,23.0,39.0,36.0,35.0,41.0,36.0,43.0,31.0,24.0,29.0,29.0,36.0,22.0,39.0,39.0,30.0,36.0,35.0,30.0,31.0,48.0,32.0,33.0,31.0,34.0,33.0,42.0,23.0,30.0,25.0,40.0,31.0,37.0,30.0,31.0,28.0,25.0,31.0,31.0,25.0
23.0,24.0,26.0,26.0,29.0,42.0,34.0,18.0,19.0,28.0,24.0,28.0,23.0,19.0,28.0,16.0,32.0,28.0,27.0,29.0,34.0,19.0,18.0,35.0,30.0,32.0,24.0,29.0,25.0,21.0,22.0,30.0,34.0,28.0,27.0,24.0,21.0,23.0,20.0,24.0,25.0,22.0,25.0,22.0,25.0,29.0,22.0,27.0,23.0,31.0
