10,50,1000
18.814456,15.841834,19.741714,17.958708,19.010804,15.003828,15.239737,18.296707,15.445892,17.501572
7.354763,6.249141,6.01391,5.848505,6.113893,7.481312,7.288127,7.611731,9.418276,6.199657
0.0,10.0,20.0,30.0,40.0,50.0,60.0,70.0,80.0,90.0
10.0,0.0,10.0,20.0,30.0,40.0,50.0,60.0,70.0,80.0
20.0,10.0,0.0,10.0,20.0,30.0,40.0,50.0,60.0,70.0
30.0,20.0,10.0,0.0,10.0,20.0,30.0,40.0,50.0,60.0
40.0,30.0,20.0,10.0,0.0,10.0,20.0,30.0,40.0,50.0
50.0,40.0,30.0,20.0,10.0,0.0,10.0,20.0,30.0,40.0
60.0,50.0,40.0,30.0,20.0,10.0,0.0,10.0,20.0,30.0
70.0,60.0,50.0,40.0,30.0,20.0,10.0,0.0,10.0,20.0
80.0,70.0,60.0,50.0,40.0,30.0,20.0,10.0,0.0,10.0
90.0,80.0,70.0,60.0,50.0,40.0,30.0,20.0,10.0,0.0
450.0,400.0,350.0,300.0,250.0,250.0,300.0,350.0,400.0,450.0
0.0,1.0,2.0,3.0,4.0,5.0,6.0,7.0,8.0,9.0
1.0,0.0,1.0,2.0,3.0,4.0,5.0,6.0,7.0,8.0
2.0,1.0,0.0,1.0,2.0,3.0,4.0,5.0,6.0,7.0
3.0,2.0,1.0,0.0,1.0,2.0,3.0,4.0,5.0,6.0
4.0,3.0,2.0,1.0,0.0,1.0,2.0,3.0,4.0,5.0
5.0,4.0,3.0,2.0,1.0,0.0,1.0,2.0,3.0,4.0
6.0,5.0,4.0,3.0,2.0,1.0,0.0,1.0,2.0,3.0
7.0,6.0,5.0,4.0,3.0,2.0,1.0,0.0,1.0,2.0
8.0,7.0,6.0,5.0,4.0,3.0,2.0,1.0,0.0,1.0
9.0,8.0,7.0,6.0,5.0,4.0,3.0,2.0,1.0,0.0
45.0,40.0,35.0,30.0,25.0,25.0,30.0,35.0,40.0,45.0
28.0,28.0,32.0,31.0,21.0,27.0,33.0,17.0,27.0,39.0,22.0,30.0,20.0,31.0,33.0,22.0,29.0,30.0,24.0,27.0,31.0,19.0,31.0,25.0,29.0,32.0,31.0,27.0,31.0,37.0,28.0,24.0,33.0,36.0,27.0,29.0,29.0,31.0,40.0,23.0,27.0,27.0,26.0,21.0,21.0,27.0,20.0,24.0,22.0,31.0
26.0,25.0,25.0,27.0,29.0,21.0,27.0,20.0,17.0,19.0,22.0,22.0,24.0,30.0,17.0,26.0,28.0,16.0,25.0,23.0,27.0,20.0,34.0,26.0,25.0,25.0,23.0,31.0,24.0,23.0,20.0,24.0,23.0,21.0,23.0,18.0,26.0,21.0,30.0,21.0,29.0,27.0,30.0,17.0,24.0,24.0,27.0,22.0,22.0,23.0
20.0,26.0,23.0,23.0,30.0,27.0,23.0,19.0,33.0,18.0,30.0,26.0,26.0,18.0,27.0,25.0,20.0,33.0,21.0,29.0,19.0,25.0,27.0,27.0,31.0,19.0,22.0,29.0,36.0,19.0,19.0,28.0,30.0,37.0,29.0,26.0,28.0,32.0,25.0,24.0,28.0,29.0,26.0,20.0,22.0,30.0,20.0,23.0,20.0,21.0
26.0,17.0,23.0,16.0,15.0,22.0,22.0,20.0,19.0,26.0,23.0,23.0,30.0,20.0,28.0,25.0,25.0,24.0,18.0,22.0,26.0,21.0,21.0,23.0,22.0,19.0,22.0,31.0,29.0,28.0,21.0,20.0,26.0,15.0,20.0,21.0,22.0,27.0,27.0,30.0,23.0,21.0,19.0,25.0,28.0,22.0,19.0,27.0,26.0,26.0
24.0,25.0,15.0,30.0,28.0,29.0,28.0,24.0,21.0,18.0,33.0,16.0,23.0,25.0,20.0,22.0,27.0,29.0,31.0,24.0,25.0,24.0,22.0,23.0,28.0,24.0,29.0,22.0,28.0,26.0,25.0,27.0,28.0,21.0,22.0,25.0,21.0,24.0,26.0,27.0,24.0,17.0,25.0,37.0,21.0,22.0,26.0,21.0,22.0,30.0
41.0,32.0,30.0,28.0,23.0,35.0,28.0,30.0,22.0,24.0,35.0,30.0,41.0,32.0,34.0,37.0,22.0,27.0,30.0,27.0,31.0,28.0,31.0,21.0,25.0,29.0,31.0,19.0,21.0,18.0,28.0,33.0,32.0,22.0,24.0,27.0,24.0,27.0,30.0,19.0,29.0,24.0,22.0,19.0,36.0,19.0,24.0,29.0,26.0,26.0
18.0,24.0,30.0,27.0,18.0,31.0,25.0,19.0,29.0,26.0,31.0,26.0,34.0,20.0,22.0,24.0,30.0,21.0,35.0,26.0,24.0,27.0,29.0,33.0,42.0,28.0,31.0,27.0,31.0,32.0,22.0,27.0,27.0,29.0,28.0,37.0,33.0,20.0,35.0,26.0,26.0,30.0,22.0,26.0,38.0,25.0,32.0,24.0,24.0,23.0
23.0,35.0,30.0,31.0,27.0,27.0,17.0,30.0,18.0,20.0,24.0,26.0,25.0,39.0,29.0,25.0,33.0,36.0,34.0,30.0,33.0,34.0,38.0,34.0,30.0,32.0,30.0,23.0,39.0,31.0,31.0,28.0,33.0,19.0,30.0,18.0,33.0,31.0,21.0,27.0,23.0,25.0,26.0,29.0,35.0,24.0,20.0,39.0,27.0,36.0
30.0,28.0,31.0,43.0,48.0,38.0,32.0,33.0,35.0,37.0,32.0,37.0,33.0,35.0,31.0,39.0,40.0,26.0,31.0,32.0,41.0,35.0,28.0,49.0,32.0,26.0,34.0,32.0,24.0,30.0,34.0,32.0,30.0,34.0,32.0,39.0,39.0,43.0,32.0,35.0,24.0,37.0,38.0,42.0,35.0,31.0,31.0,35.0,43.0,39.0
24.0,26.0,18.0,25.0,27.0,32.0,16.0,24.0,27.0,24.0,26.0,32.0,23.0,21.0,16.0,31.0,15.0,28.0,17.0,19.0,22.0,36.0,23.0,36.0,23.0,28.0,20.0,16.0,21.0,23.0,20.0,24.0,23.0,19.0,25.0,24.0,17.0,26.0,42.0,26.0,20.0,26.0,23.0,28.0,22.0,29.0,28.0,33.0,30.0,24.0
