10,50,1000
18.592447,16.543888,19.058288,15.699842,18.728022,16.078757,17.440112,17.731027,16.831014,16.178319
7.824042,7.386861,8.573463,8.834626,9.866286,5.015335,8.649957,7.76346,6.313902,8.912359
0.0,10.0,20.0,30.0,40.0,50.0,60.0,70.0,80.0,90.0
10.0,0.0,10.0,20.0,30.0,40.0,50.0,60.0,70.0,80.0
20.0,10.0,0.0,10.0,20.0,30.0,40.0,50.0,60.0,70.0
30.0,20.0,10.0,0.0,10.0,20.0,30.0,40.0,50.0,60.0
40.0,30.0,20.0,10.0,0.0,10.0,20.0,30.0,40.0,50.0
50.0,40.0,30.0,20.0,10.0,0.0,10.0,20.0,30.0,40.0
60.0,50.0,40.0,30.0,20.0,10.0,0.0,10.0,20.0,30.0
70.0,60.0,50.0,40.0,30.0,20.0,10.0,0.0,10.0,20.0
80.0,70.0,60.0,50.0,40.0,30.0,20.0,10.0,0.0,10.0
90.0,80.0,70.0,60.0,50.0,40.0,30.0,20.0,10.0,0.0
450.0,400.0,350.0,300.0,250.0,250.0,300.0,350.0,400.0,450.0
0.0,1.0,2.0,3.0,4.0,5.0,6.0,7.0,8.0,9.0
1.0,0.0,1.0,2.0,3.0,4.0,5.0,6.0,7.0,8.0
2.0,1.0,0.0,1.0,2.0,3.0,4.0,5.0,6.0,7.0
3.0,2.0,1.0,0.0,1.0,2.0,3.0,4.0,5.0,6.0
4.0,3.0,2.0,1.0,0.0,1.0,2.0,3.0,4.0,5.0
5.0,4.0,3.0,2.0,1.0,0.0,1.0,2.0,3.0,4.0
6.0,5.0,4.0,3.0,2.0,1.0,0.0,1.0,2.0,3.0
7.0,6.0,5.0,4.0,3.0,2.0,1.0,0.0,1.0,2.0
8.0,7.0,6.0,5.0,4.0,3.0,2.0,1.0,0.0,1.0
9.0,8.0,7.0,6.0,5.0,4.0,3.0,2.0,1.0,0.0
45.0,40.0,35.0,30.0,25.0,25.0,30.0,35.0,40.0,45.0
30.0,26.0,24.0,25.0,27.0,33.0,27.0,33.0,24.0,33.0,28.0,23.0,36.0,26.0,26.0,31.0,37.0,27.0,29.0,28.0,26.0,46.0,28.0,30.0,26.0,21.0,26.0,26.0,31.0,38.0,29.0,29.0,30.0,31.0,27.0,28.0,35.0,37.0,26.0,30.0,39.0,30.0,26.0,29.0,25.0,28.0,30.0,28.0,27.0,34.0
35.0,27.0,23.0,27.0,18.0,29.0,26.0,22.0,34.0,28.0,26.0,19.0,27.0,31.0,33.0,30.0,28.0,30.0,29.0,32.0,29.0,32.0,29.0,21.0,25.0,34.0,29.0,27.0,28.0,38.0,25.0,24.0,29.0,33.0,27.0,29.0,28.0,23.0,24.0,26.0,23.0,26.0,29.0,35.0,29.0,29.0,21.0,22.0,36.0,27.0
46.0,27.0,33.0,31.0,24.0,38.0,51.0,32.0,31.0,43.0,38.0,31.0,34.0,31.0,34.0,43.0,39.0,31.0,34.0,38.0,41.0,28.0,35.0,32.0,36.0,26.0,35.0,35.0,46.0,28.0,33.0,38.0,36.0,35.0,28.0,32.0,35.0,27.0,41.0,39.0,42.0,35.0,35.0,32.0,32.0,28.0,32.0,32.0,33.0,30.0
33.0,29.0,20.0,39.0,34.0,36.0,34.0,28.0,38.0,34.0,38.0,40.0,24.0,35.0,40.0,31.0,27.0,36.0,37.0,40.0,27.0,29.0,32.0,26.0,28.0,39.0,31.0,29.0,27.0,32.0,36.0,29.0,28.0,40.0,31.0,26.0,25.0,26.0,36.0,34.0,30.0,37.0,36.0,32.0,36.0,35.0,37.0,31.0,33.0,38.0
34.0,42.0,40.0,38.0,37.0,37.0,34.0,28.0,41.0,40.0,44.0,48.0,42.0,40.0,48.0,36.0,34.0,38.0,41.0,31.0,45.0,24.0,34.0,32.0,39.0,39.0,32.0,28.0,32.0,30.0,37.0,40.0,53.0,36.0,39.0,48.0,34.0,34.0,34.0,37.0,46.0,35.0,44.0,45.0,33.0,30.0,29.0,48.0,36.0,46.0
20.0,24.0,11.0,26.0,16.0,21.0,19.0,16.0,19.0,21.0,18.0,23.0,14.0,22.0,21.0,12.0,26.0,18.0,20.0,21.0,16.0,13.0,21.0,27.0,22.0,20.0,23.0,8.0,23.0,19.0,21.0,20.0,15.0,15.0,22.0,16.0,19.0,26.0,22.0,14.0,23.0,18.0,26.0,20.0,26.0,22.0,20.0,22.0,20.0,18.0
32.0,31.0,35.0,41.0,40.0,29.0,30.0,27.0,32.0,47.0,34.0,26.0,37.0,30.0,46.0,34.0,32.0,32.0,31.0,18.0,34.0,27.0,30.0,30.0,36.0,34.0,35.0,38.0,37.0,40.0,22.0,26.0,31.0,30.0,30.0,34.0,39.0,27.0,28.0,41.0,26.0,35.0,29.0,34.0,36.0,44.0,28.0,35.0,29.0,36.0
33.0,29.0,29.0,28.0,34.0,40.0,27.0,26.0,31.0,33.0,24.0,29.0,26.0,36.0,38.0,29.0,29.0,31.0,35.0,25.0,25.0,30.0,34.0,27.0,26.0,22.0,32.0,27.0,32.0,33.0,39.0,31.0,28.0,27.0,27.0,25.0,28.0,35.0,25.0,34.0,27.0,27.0,31.0,27.0,28.0,24.0,32.0,26.0,23.0,36.0
26.0,20.0,24.0,18.0,26.0,22.0,18.0,36.0,22.0,13.0,22.0,29.0,18.0,26.0,30.0,32.0,26.0,26.0,39.0,20.0,32.0,24.0,35.0,18.0,26.0,23.0,26.0,31.0,33.0,21.0,31.0,32.0,25.0,26.0,23.0,25.0,18.0,27.0,39.0,24.0,18.0,35.0,30.0,30.0,23.0,31.0,31.0,19.0,34.0,23.0
36.0,32.0,25.0,36.0,37.0,24.0,29.0,36.0,33.0,36.0,30.0,24.0,40.0,30.0,42.0,34.0,40.0,28.0,30.0,36.0,37.0,34.0,39.0,44.0,26.0,30.0,32.0,33.0,35.0,30.0,34.0,38.0,34.0,32.0,36.0,32.0,34.0,42.0,28.0,33.0,31.0,33.0,21.0,36.0,26.0,35.0,35.0,33.0,29.0,37.0
