10,50,1000
17.218742,17.58584,17.601794,18.458574,18.442002,16.231649,15.688934,17.39641,18.925861,18.711287
6.572156,8.080548,5.579272,8.990014,8.441673,8.659368,7.258743,5.651851,6.145554,6.740158
0.0,10.0,20.0,30.0,40.0,50.0,60.0,70.0,80.0,90.0
10.0,0.0,10.0,20.0,30.0,40.0,50.0,60.0,70.0,80.0
20.0,10.0,0.0,10.0,20.0,30.0,40.0,50.0,60.0,70.0
30.0,20.0,10.0,0.0,10.0,20.0,30.0,40.0,50.0,60.0
40.0,30.0,20.0,10.0,0.0,10.0,20.0,30.0,40.0,50.0
50.0,40.0,30.0,20.0,10.0,0.0,10.0,20.0,30.0,40.0
60.0,50.0,40.0,30.0,20.0,10.0,0.0,10.0,20.0,30.0
70.0,60.0,50.0,40.0,30.0,20.0,10.0,0.0,10.0,20.0
80.0,70.0,60.0,50.0,40.0,30.0,20.0,10.0,0.0,10.0
90.0,80.0,70.0,60.0,50.0,40.0,30.0,20.0,10.0,0.0
450.0,400.0,350.0,300.0,250.0,250.0,300.0,350.0,400.0,450.0
0.0,1.0,2.0,3.0,4.0,5.0,6.0,7.0,8.0,9.0
1.0,0.0,1.0,2.0,3.0,4.0,5.0,6.0,7.0,8.0
2.0,1.0,0.0,1.0,2.0,3.0,4.0,5.0,6.0,7.0
3.0,2.0,1.0,0.0,1.0,2.0,3.0,4.0,5.0,6.0
4.0,3.0,2.0,1.0,0.0,1.0,2.0,3.0,4.0,5.0
5.0,4.0,3.0,2.0,1.0,0.0,1.0,2.0,3.0,4.0
6.0,5.0,4.0,3.0,2.0,1.0,0.0,1.0,2.0,3.0
7.0,6.0,5.0,4.0,3.0,2.0,1.0,0.0,1.0,2.0
8.0,7.0,6.0,5.0,4.0,3.0,2.0,1.0,0.0,1.0
9.0,8.0,7.0,6.0,5.0,4.0,3.0,2.0,1.0,0.0
45.0,40.0,35.0,30.0,25.0,25.0,30.0,35.0,40.0,45.0
29.0,32.0,32.0,25.0,30.0,28.0,19.0,30.0,30.0,31.0,30.0,21.0,33.0,20.0,30.0,26.0,30.0,27.0,29.0,40.0,18.0,30.0,31.0,26.0,23.0,29.0,21.0,20.0,18.0,22.0,35.0,28.0,20.0,24.0,15.0,25.0,22.0,24.0,26.0,20.0,23.0,32.0,21.0,24.0,35.0,29.0,25.0,18.0,20.0,24.0
41.0,25.0,26.0,29.0,32.0,31.0,26.0,27.0,31.0,34.0,51.0,37.0,31.0,28.0,35.0,28.0,34.0,26.0,27.0,32.0,28.0,26.0,24.0,36.0,34.0,22.0,30.0,29.0,29.0,26.0,26.0,30.0,37.0,38.0,34.0,33.0,24.0,33.0,30.0,33.0,37.0,34.0,33.0,38.0,40.0,37.0,34.0,29.0,31.0,27.0
29.0,23.0,9.0,23.0,29.0,30.0,13.0,23.0,21.0,30.0,27.0,21.0,20.0,30.0,32.0,27.0,23.0,28.0,33.0,24.0,21.0,29.0,26.0,15.0,22.0,15.0,27.0,26.0,25.0,24.0,22.0,23.0,26.0,24.0,18.0,19.0,20.0,19.0,26.0,28.0,24.0,19.0,22.0,26.0,24.0,22.0,19.0,20.0,31.0,15.0
36.0,45.0,36.0,29.0,23.0,21.0,31.0,37.0,28.0,34.0,36.0,27.0,35.0,26.0,30.0,37.0,23.0,29.0,31.0,39.0,37.0,36.0,33.0,35.0,39.0,29.0,39.0,35.0,37.0,32.0,29.0,28.0,43.0,36.0,41.0,36.0,35.0,37.0,38.0,32.0,31.0,32.0,41.0,33.0,24.0,29.0,22.0,27.0,27.0,29.0
29.0,29.0,39.0,26.0,31.0,32.0,41.0,28.0,27.0,34.0,37.0,30.0,36.0,20.0,34.0,29.0,45.0,25.0,28.0,30.0,30.0,27.0,34.0,29.0,38.0,36.0,33.0,40.0,48.0,30.0,25.0,37.0,29.0,32.0,32.0,36.0,40.0,35.0,30.0,30.0,33.0,32.0,33.0,39.0,31.0,35.0,30.0,33.0,34.0,37.0
33.0,38.0,36.0,25.0,29.0,28.0,36.0,30.0,35.0,31.0,39.0,25.0,37.0,40.0,46.0,31.0,30.0,23.0,32.0,33.0,37.0,30.0,25.0,33.0,36.0,31.0,28.0,24.0,41.0,30.0,28.0,32.0,29.0,29.0,36.0,42.0,26.0,35.0,39.0,31.0,38.0,29.0,37.0,36.0,24.0,40.0,41.0,34.0,39.0,38.0
24.0,31.0,19.0,25.0,33.0,24.0,22.0,24.0,22.0,20.0,36.0,36.0,30.0,27.0,21.0,30.0,23.0,23.0,27.0,22.0,31.0,22.0,26.0,25.0,31.0,21.0,27.0,25.0,28.0,20.0,25.0,41.0,34.0,29.0,38.0,31.0,21.0,28.0,26.0,27.0,23.0,38.0,17.0,26.0,28.0,31.0,32.0,26.0,18.0,29.0
18.0,23.0,23.0,26.0,18.0,13.0,18.0,23.0,26.0,24.0,19.0,20.0,21.0,23.0,26.0,22.0,24.0,22.0,25.0,18.0,14.0,20.0,22.0,29.0,21.0,23.0,24.0,21.0,17.0,26.0,17.0,21.0,24.0,23.0,30.0,16.0,25.0,24.0,20.0,22.0,17.0,21.0,24.0,23.0,33.0,24.0,23.0,16.0,31.0,27.0
30.0,23.0,26.0,24.0,30.0,26.0,29.0,26.0,18.0,27.0,24.0,26.0,21.0,25.0,23.0,22.0,32.0,24.0,20.0,28.0,16.0,30.0,31.0,23.0,27.0,33.0,29.0,23.0,21.0,21.0,24.0,18.0,41.0,18.0,26.0,31.0,18.0,19.0,17.0,18.0,18.0,26.0,27.0,26.0,28.0,34.0,26.0,22.0,18.0,30.0
33.0,28.0,24.0,35.0,28.0,34.0,22.0,34.0,21.0,19.0,22.0,34.0,23.0,26.0,27.0,21.0,42.0,24.0,21.0,33.0,33.0,25.0,21.0,20.0,14.0,20.0,24.0,35.0,31.0,37.0,41.0,25.0,29.0,25.0,34.0,31.0,21.0,23.0,28.0,26.0,29.0,26.0,19.0,30.0,22.0,21.0,21.0,17.0,41.0,31.0
