10,50,1000
16.695856,16.500412,15.682609,16.899587,19.577399,16.64926,17.877243,18.017867,17.182392,19.104941
7.396431,7.714319,9.966273,7.632967,7.17313,7.589439,5.686212,8.923159,6.079638,9.526583
0.0,10.0,20.0,30.0,40.0,50.0,60.0,70.0,80.0,90.0
10.0,0.0,10.0,20.0,30.0,40.0,50.0,60.0,70.0,80.0
20.0,10.0,0.0,10.0,20.0,30.0,40.0,50.0,60.0,70.0
30.0,20.0,10.0,0.0,10.0,20.0,30.0,40.0,50.0,60.0
40.0,30.0,20.0,10.0,0.0,10.0,20.0,30.0,40.0,50.0
50.0,40.0,30.0,20.0,10.0,0.0,10.0,20.0,30.0,40.0
60.0,50.0,40.0,30.0,20.0,10.0,0.0,10.0,20.0,30.0
70.0,60.0,50.0,40.0,30.0,20.0,10.0,0.0,10.0,20.0
80.0,70.0,60.0,50.0,40.0,30.0,20.0,10.0,0.0,10.0
90.0,80.0,70.0,60.0,50.0,40.0,30.0,20.0,10.0,0.0
450.0,400.0,350.0,300.0,250.0,250.0,300.0,350.0,400.0,450.0
0.0,1.0,2.0,3.0,4.0,5.0,6.0,7.0,8.0,9.0
1.0,0.0,1.0,2.0,3.0,4.0,5.0,6.0,7.0,8.0
2.0,1.0,0.0,1.0,2.0,3.0,4.0,5.0,6.0,7.0
3.0,2.0,1.0,0.0,1.0,2.0,3.0,4.0,5.0,6.0
4.0,3.0,2.0,1.0,0.0,1.0,2.0,3.0,4.0,5.0
5.0,4.0,3.0,2.0,1.0,0.0,1.0,2.0,3.0,4.0
6.0,5.0,4.0,3.0,2.0,1.0,0.0,1.0,2.0,3.0
7.0,6.0,5.0,4.0,3.0,2.0,1.0,0.0,1.0,2.0
8.0,7.0,6.0,5.0,4.0,3.0,2.0,1.0,0.0,1.0
9.0,8.0,7.0,6.0,5.0,4.0,3.0,2.0,1.0,0.0
45.0,40.0,35.0,30.0,25.0,25.0,30.0,35.0,40.0,45.0
17.0,23.0,38.0,21.0,34.0,27.0,25.0,36.0,29.0,19.0,42.0,31.0,27.0,23.0,31.0,36.0,30.0,27.0,26.0,28.0,26.0,21.0,21.0,28.0,32.0,37.0,27.0,22.0,20.0,26.0,26.0,33.0,29.0,25.0,21.0,20.0,27.0,24.0,24.0,27.0,29.0,41.0,22.0,31.0,26.0,29.0,36.0,24.0,34.0,31.0
21.0,24.0,32.0,19.0,25.0,21.0,25.0,40.0,22.0,32.0,23.0,30.0,30.0,24.0,38.0,35.0,33.0,25.0,36.0,23.0,23.0,31.0,35.0,15.0,20.0,35.0,31.0,23.0,26.0,27.0,24.0,25.0,39.0,30.0,25.0,32.0,23.0,30.0,30.0,33.0,32.0,27.0,32.0,31.0,35.0,32.0,24.0,30.0,24.0,29.0
44.0,32.0,31.0,38.0,39.0,48.0,47.0,42.0,36.0,35.0,30.0,27.0,34.0,44.0,28.0,30.0,37.0,38.0,29.0,40.0,41.0,33.0,35.0,29.0,43.0,31.0,37.0,38.0,23.0,36.0,50.0,37.0,34.0,36.0,36.0,38.0,38.0,29.0,37.0,40.0,44.0,35.0,42.0,34.0,16.0,34.0,34.0,42.0,29.0,34.0
33.0,36.0,37.0,26.0,28.0,20.0,27.0,23.0,34.0,28.0,26.0,38.0,41.0,26.0,29.0,26.0,29.0,38.0,31.0,30.0,19.0,31.0,45.0,22.0,21.0,36.0,36.0,20.0,35.0,32.0,11.0,35.0,30.0,28.0,38.0,32.0,25.0,33.0,18.0,32.0,47.0,29.0,30.0,27.0,29.0,30.0,30.0,28.0,30.0,27.0
24.0,21.0,26.0,33.0,34.0,20.0,31.0,22.0,23.0,30.0,17.0,31.0,29.0,21.0,33.0,20.0,35.0,34.0,40.0,34.0,24.0,24.0,22.0,19.0,28.0,30.0,23.0,35.0,28.0,27.0,21.0,24.0,37.0,35.0,35.0,15.0,24.0,21.0,28.0,31.0,31.0,24.0,22.0,29.0,24.0,25.0,30.0,32.0,24.0,38.0
30.0,47.0,21.0,34.0,17.0,31.0,24.0,29.0,29.0,30.0,32.0,39.0,31.0,32.0,26.0,39.0,37.0,29.0,32.0,32.0,30.0,25.0,23.0,28.0,27.0,39.0,23.0,25.0,29.0,30.0,27.0,23.0,37.0,30.0,22.0,26.0,27.0,26.0,23.0,28.0,26.0,26.0,26.0,25.0,29.0,31.0,24.0,23.0,27.0,26.0
23.0,18.0,23.0,22.0,17.0,21.0,18.0,20.0,24.0,19.0,22.0,22.0,24.0,19.0,21.0,23.0,23.0,21.0,19.0,25.0,20.0,20.0,24.0,21.0,23.0,24.0,14.0,31.0,22.0,29.0,36.0,27.0,18.0,26.0,24.0,29.0,26.0,28.0,26.0,22.0,22.0,24.0,31.0,26.0,14.0,16.0,20.0,23.0,30.0,18.0
34.0,39.0,30.0,37.0,35.0,26.0,24.0,31.0,32.0,41.0,34.0,44.0,25.0,29.0,37.0,21.0,38.0,25.0,31.0,40.0,32.0,25.0,32.0,27.0,39.0,23.0,34.0,37.0,39.0,38.0,26.0,37.0,33.0,36.0,34.0,37.0,36.0,33.0,22.0,33.0,34.0,36.0,34.0,35.0,26.0,36.0,27.0,42.0,34.0,32.0
26.0,27.0,29.0,13.0,21.0,21.0,33.0,35.0,25.0,22.0,28.0,25.0,30.0,22.0,28.0,27.0,28.0,21.0,20.0,25.0,28.0,20.0,27.0,24.0,21.0,29.0,18.0,18.0,23.0,18.0,22.0,28.0,20.0,21.0,29.0,27.0,29.0,35.0,20.0,31.0,16.0,24.0,16.0,25.0,26.0,31.0,27.0,26.0,29.0,18.0
34.0,34.0,33.0,33.0,35.0,47.0,47.0,34.0,29.0,41.0,42.0,34.0,41.0,49.0,29.0,43.0,31.0,42.0,46.0,31.0,51.0,36.0,40.0,34.0,34.0,37.0,42.0,41.0,29.0,31.0,34.0,41.0,39.0,39.0,23.0,42.0,40.0,32.0,43.0,41.0,38.0,30.0,47.0,33.0,30.0,41.0,31.0,35.0,38.0,49.0
