10,50,1000
17.262009,15.447267,16.648596,19.221803,16.068792,16.795688,17.615021,18.405778,19.048931,17.975528
9.497557,7.362719,5.823562,8.419705,9.509986,9.799672,7.765778,5.744151,7.340059,7.197106
0.0,10.0,20.0,30.0,40.0,50.0,60.0,70.0,80.0,90.0
10.0,0.0,10.0,20.0,30.0,40.0,50.0,60.0,70.0,80.0
20.0,10.0,0.0,10.0,20.0,30.0,40.0,50.0,60.0,70.0
30.0,20.0,10.0,0.0,10.0,20.0,30.0,40.0,50.0,60.0
40.0,30.0,20.0,10.0,0.0,10.0,20.0,30.0,40.0,50.0
50.0,40.0,30.0,20.0,10.0,0.0,10.0,20.0,30.0,40.0
60.0,50.0,40.0,30.0,20.0,10.0,0.0,10.0,20.0,30.0
70.0,60.0,50.0,40.0,30.0,20.0,10.0,0.0,10.0,20.0
80.0,70.0,60.0,50.0,40.0,30.0,20.0,10.0,0.0,10.0
90.0,80.0,70.0,60.0,50.0,40.0,30.0,20.0,10.0,0.0
450.0,400.0,350.0,300.0,250.0,250.0,300.0,350.0,400.0,450.0
0.0,1.0,2.0,3.0,4.0,5.0,6.0,7.0,8.0,9.0
1.0,0.0,1.0,2.0,3.0,4.0,5.0,6.0,7.0,8.0
2.0,1.0,0.0,1.0,2.0,3.0,4.0,5.0,6.0,7.0
3.0,2.0,1.0,0.0,1.0,2.0,3.0,4.0,5.0,6.0
4.0,3.0,2.0,1.0,0.0,1.0,2.0,3.0,4.0,5.0
5.0,4.0,3.0,2.0,1.0,0.0,1.0,2.0,3.0,4.0
6.0,5.0,4.0,3.0,2.0,1.0,0.0,1.0,2.0,3.0
7.0,6.0,5.0,4.0,3.0,2.0,1.0,0.0,1.0,2.0
8.0,7.0,6.0,5.0,4.0,3.0,2.0,1.0,0.0,1.0
9.0,8.0,7.0,6.0,5.0,4.0,3.0,2.0,1.0,0.0
45.0,40.0,35.0,30.0,25.0,25.0,30.0,35.0,40.0,45.0
37.0,35.0,41.0,40.0,40.0,36.0,25.0,25.0,45.0,35.0,36.0,42.0,34.0,45.0,42.0,27.0,24.0,31.0,29.0,46.0,43.0,47.0,27.0,41.0,33.0,27.0,39.0,34.0,38.0,35.0,32.0,36.0,36.0,43.0,42.0,34.0,41.0,36.0,41.0,29.0,27.0,41.0,32.0,39.0,29.0,27.0,39.0,30.0,27.0,34.0
35.0,32.0,34.0,24.0,22.0,27.0,24.0,38.0,32.0,27.0,27.0,27.0,24.0,22.0,27.0,42.0,27.0,34.0,29.0,19.0,33.0,33.0,32.0,25.0,28.0,32.0,19.0,25.0,32.0,28.0,17.0,25.0,25.0,31.0,31.0,30.0,27.0,30.0,35.0,27.0,23.0,29.0,24.0,37.0,28.0,20.0,31.0,33.0,28.0,37.0
32.0,23.0,19.0,23.0,26.0,18.0,18.0,25.0,16.0,22.0,21.0,27.0,23.0,26.0,17.0,18.0,6.0,25.0,13.0,21.0,23.0,31.0,20.0,17.0,19.0,19.0,18.0,25.0,23.0,22.0,27.0,22.0,18.0,19.0,28.0,21.0,22.0,25.0,21.0,33.0,20.0,21.0,25.0,28.0,25.0,29.0,26.0,24.0,14.0,25.0
34.0,32.0,27.0,33.0,26.0,31.0,32.0,28.0,37.0,29.0,22.0,30.0,35.0,28.0,25.0,35.0,26.0,27.0,30.0,32.0,35.0,25.0,32.0,28.0,43.0,23.0,26.0,32.0,35.0,37.0,28.0,28.0,37.0,36.0,22.0,29.0,33.0,23.0,32.0,41.0,28.0,27.0,21.0,32.0,36.0,36.0,35.0,35.0,32.0,33.0
31.0,35.0,38.0,42.0,31.0,35.0,30.0,29.0,34.0,27.0,27.0,32.0,40.0,38.0,28.0,39.0,30.0,41.0,35.0,37.0,18.0,29.0,27.0,31.0,38.0,26.0,36.0,26.0,29.0,37.0,34.0,37.0,39.0,30.0,27.0,35.0,29.0,39.0,34.0,35.0,34.0,37.0,35.0,34.0,27.0,32.0,30.0,34.0,35.0,29.0
27.0,30.0,30.0,33.0,33.0,43.0,35.0,35.0,35.0,22.0,34.0,35.0,42.0,26.0,32.0,33.0,29.0,26.0,30.0,37.0,44.0,36.0,37.0,51.0,33.0,52.0,38.0,28.0,33.0,39.0,31.0,45.0,37.0,42.0,47.0,48.0,36.0,41.0,38.0,29.0,34.0,36.0,43.0,47.0,40.0,41.0,33.0,34.0,34.0,35.0
29.0,29.0,21.0,30.0,28.0,27.0,31.0,24.0,37.0,25.0,42.0,25.0,33.0,34.0,37.0,27.0,30.0,28.0,32.0,30.0,37.0,23.0,27.0,34.0,42.0,44.0,29.0,39.0,28.0,31.0,22.0,37.0,31.0,36.0,28.0,32.0,31.0,31.0,40.0,31.0,29.0,26.0,32.0,25.0,29.0,37.0,36.0,29.0,29.0,31.0
24.0,22.0,27.0,18.0,26.0,27.0,19.0,22.0,24.0,26.0,18.0,27.0,16.0,23.0,25.0,30.0,21.0,19.0,14.0,26.0,22.0,20.0,31.0,29.0,23.0,30.0,25.0,27.0,24.0,19.0,16.0,20.0,22.0,23.0,20.0,21.0,16.0,11.0,25.0,24.0,19.0,20.0,25.0,17.0,29.0,23.0,18.0,24.0,18.0,20.0
29.0,30.0,32.0,30.0,28.0,28.0,33.0,29.0,34.0,24.0,28.0,31.0,32.0,28.0,22.0,31.0,36.0,26.0,31.0,26.0,33.0,29.0,30.0,46.0,35.0,33.0,28.0,24.0,26.0,23.0,26.0,25.0,23.0,33.0,21.0,34.0,31.0,33.0,31.0,39.0,34.0,26.0,25.0,28.0,29.0,23.0,32.0,29.0,32.0,26.0
36.0,26.0,34.0,32.0,32.0,31.0,21.0,25.0,24.0,31.0,31.0,30.0,22.0,24.0,26.0,33.0,26.0,21.0,24.0,25.0,31.0,32.0,34.0,16.0,22.0,28.0,25.0,23.0,20.0,36.0,29.0,33.0,28.0,25.0,30.0,26.0,37.0,27.0,30.0,30.0,26.0,27.0,29.0,28.0,29.0,33.0,26.0,29.0,28.0,24.0
