10,50,1000
18.021384,17.111871,18.079285,17.598893,19.600315,16.818316,15.530702,16.206325,18.799914,18.912383
7.444404,9.756894,7.407408,5.202651,7.221937,5.972285,7.911352,6.662138,8.444397,9.60418
0.0,10.0,20.0,30.0,40.0,50.0,60.0,70.0,80.0,90.0
10.0,0.0,10.0,20.0,30.0,40.0,50.0,60.0,70.0,80.0
20.0,10.0,0.0,10.0,20.0,30.0,40.0,50.0,60.0,70.0
30.0,20.0,10.0,0.0,10.0,20.0,30.0,40.0,50.0,60.0
40.0,30.0,20.0,10.0,0.0,10.0,20.0,30.0,40.0,50.0
50.0,40.0,30.0,20.0,10.0,0.0,10.0,20.0,30.0,40.0
60.0,50.0,40.0,30.0,20.0,10.0,0.0,10.0,20.0,30.0
70.0,60.0,50.0,40.0,30.0,20.0,10.0,0.0,10.0,20.0
80.0,70.0,60.0,50.0,40.0,30.0,20.0,10.0,0.0,10.0
90.0,80.0,70.0,60.0,50.0,40.0,30.0,20.0,10.0,0.0
450.0,400.0,350.0,300.0,250.0,250.0,300.0,350.0,400.0,450.0
0.0,1.0,2.0,3.0,4.0,5.0,6.0,7.0,8.0,9.0
1.0,0.0,1.0,2.0,3.0,4.0,5.0,6.0,7.0,8.0
2.0,1.0,0.0,1.0,2.0,3.0,4.0,5.0,6.0,7.0
3.0,2.0,1.0,0.0,1.0,2.0,3.0,4.0,5.0,6.0
4.0,3.0,2.0,1.0,0.0,1.0,2.0,3.0,4.0,5.0
5.0,4.0,3.0,2.0,1.0,0.0,1.0,2.0,3.0,4.0
6.0,5.0,4.0,3.0,2.0,1.0,0.0,1.0,2.0,3.0
7.0,6.0,5.0,4.0,3.0,2.0,1.0,0.0,1.0,2.0
8.0,7.0,6.0,5.0,4.0,3.0,2.0,1.0,0.0,1.0
9.0,8.0,7.0,6.0,5.0,4.0,3.0,2.0,1.0,0.0
45.0,40.0,35.0,30.0,25.0,25.0,30.0,35.0,40.0,45.0
35.0,28.0,32.0,21.0,29.0,29.0,32.0,27.0,29.0,24.0,23.0,17.0,29.0,33.0,30.0,39.0,32.0,30.0,31.0,26.0,39.0,27.0,34.0,26.0,21.0,26.0,34.0,37.0,32.0,26.0,38.0,31.0,22.0,29.0,19.0,26.0,22.0,38.0,27.0,24.0,18.0,23.0,27.0,29.0,33.0,29.0,32.0,25.0,28.0,33.0
31.0,33.0,30.0,36.0,30.0,37.0,47.0,39.0,30.0,37.0,53.0,30.0,40.0,38.0,27.0,33.0,27.0,32.0,33.0,38.0,32.0,36.0,42.0,26.0,49.0,28.0,39.0,36.0,49.0,36.0,37.0,39.0,32.0,35.0,30.0,49.0,44.0,32.0,28.0,45.0,32.0,34.0,36.0,50.0,27.0,27.0,32.0,29.0,37.0,38.0
29.0,24.0,42.0,35.0,28.0,25.0,27.0,27.0,26.0,24.0,35.0,24.0,42.0,25.0,38.0,31.0,19.0,41.0,21.0,29.0,29.0,26.0,29.0,23.0,23.0,30.0,37.0,31.0,29.0,36.0,20.0,22.0,25.0,23.0,31.0,23.0,35.0,32.0,27.0,20.0,34.0,39.0,23.0,27.0,29.0,25.0,24.0,29.0,26.0,28.0
25.0,23.0,20.0,19.0,25.0,27.0,22.0,21.0,19.0,20.0,30.0,23.0,23.0,16.0,20.0,30.0,19.0,23.0,20.0,22.0,15.0,19.0,20.0,20.0,25.0,26.0,21.0,21.0,25.0,28.0,23.0,25.0,24.0,16.0,24.0,26.0,23.0,15.0,18.0,14.0,21.0,30.0,25.0,28.0,24.0,20.0,22.0,22.0,23.0,20.0
31.0,26.0,34.0,31.0,36.0,28.0,29.0,32.0,26.0,26.0,34.0,21.0,27.0,34.0,30.0,28.0,24.0,33.0,24.0,32.0,28.0,35.0,39.0,30.0,32.0,41.0,39.0,30.0,33.0,32.0,27.0,31.0,28.0,29.0,25.0,33.0,32.0,25.0,24.0,26.0,23.0,26.0,29.0,33.0,25.0,29.0,28.0,28.0,30.0,30.0
24.0,19.0,24.0,20.0,17.0,16.0,20.0,17.0,28.0,24.0,23.0,14.0,21.0,24.0,22.0,26.0,20.0,34.0,24.0,22.0,15.0,22.0,34.0,24.0,20.0,22.0,25.0,31.0,28.0,21.0,18.0,25.0,19.0,27.0,21.0,27.0,23.0,20.0,27.0,24.0,16.0,27.0,30.0,29.0,25.0,22.0,24.0,18.0,20.0,30.0
32.0,28.0,23.0,24.0,38.0,35.0,23.0,29.0,33.0,26.0,32.0,28.0,37.0,27.0,26.0,21.0,28.0,23.0,19.0,25.0,25.0,32.0,27.0,24.0,43.0,23.0,25.0,31.0,30.0,24.0,23.0,36.0,27.0,25.0,30.0,33.0,24.0,25.0,26.0,21.0,33.0,21.0,29.0,23.0,26.0,32.0,29.0,28.0,35.0,26.0
30.0,23.0,20.0,19.0,27.0,20.0,22.0,25.0,27.0,27.0,18.0,27.0,25.0,30.0,15.0,19.0,16.0,34.0,29.0,19.0,31.0,21.0,25.0,23.0,31.0,26.0,25.0,21.0,28.0,17.0,38.0,24.0,28.0,26.0,32.0,27.0,15.0,17.0,20.0,27.0,32.0,29.0,32.0,23.0,29.0,26.0,27.0,27.0,25.0,24.0
23.0,37.0,40.0,33.0,38.0,33.0,33.0,29.0,29.0,31.0,27.0,31.0,31.0,30.0,39.0,30.0,31.0,24.0,33.0,45.0,34.0,38.0,26.0,29.0,28.0,37.0,25.0,33.0,26.0,33.0,33.0,39.0,30.0,35.0,30.0,38.0,40.0,26.0,31.0,37.0,37.0,28.0,36.0,26.0,29.0,32.0,41.0,38.0,37.0,34.0
41.0,29.0,43.0,39.0,27.0,30.0,40.0,31.0,34.0,33.0,42.0,46.0,32.0,30.0,28.0,31.0,40.0,42.0,36.0,37.0,31.0,48.0,39.0,37.0,38.0,28.0,43.0,41.0,28.0,37.0,35.0,28.0,35.0,37.0,36.0,42.0,25.0,41.0,27.0,30.0,40.0,47.0,31.0,30.0,40.0,19.0,35.0,35.0,30.0,42.0
