10,50,1000
18.668613,17.473495,19.843807,19.6312,16.951846,17.501813,18.12447,18.64558,16.194839,16.823499
7.708905,6.522308,7.078636,9.301987,9.509113,5.986547,8.312199,5.710487,6.897257,8.757833
0.0,10.0,20.0,30.0,40.0,50.0,60.0,70.0,80.0,90.0
10.0,0.0,10.0,20.0,30.0,40.0,50.0,60.0,70.0,80.0
20.0,10.0,0.0,10.0,20.0,30.0,40.0,50.0,60.0,70.0
30.0,20.0,10.0,0.0,10.0,20.0,30.0,40.0,50.0,60.0
40.0,30.0,20.0,10.0,0.0,10.0,20.0,30.0,40.0,50.0
50.0,40.0,30.0,20.0,10.0,0.0,10.0,20.0,30.0,40.0
60.0,50.0,40.0,30.0,20.0,10.0,0.0,10.0,20.0,30.0
70.0,60.0,50.0,40.0,30.0,20.0,10.0,0.0,10.0,20.0
80.0,70.0,60.0,50.0,40.0,30.0,20.0,10.0,0.0,10.0
90.0,80.0,70.0,60.0,50.0,40.0,30.0,20.0,10.0,0.0
450.0,400.0,350.0,300.0,250.0,250.0,300.0,350.0,400.0,450.0
0.0,1.0,2.0,3.0,4.0,5.0,6.0,7.0,8.0,9.0
1.0,0.0,1.0,2.0,3.0,4.0,5.0,6.0,7.0,8.0
2.0,1.0,0.0,1.0,2.0,3.0,4.0,5.0,6.0,7.0
3.0,2.0,1.0,0.0,1.0,2.0,3.0,4.0,5.0,6.0
4.0,3.0,2.0,1.0,0.0,1.0,2.0,3.0,4.0,5.0
5.0,4.0,3.0,2.0,1.0,0.0,1.0,2.0,3.0,4.0
6.0,5.0,4.0,3.0,2.0,1.0,0.0,1.0,2.0,3.0
7.0,6.0,5.0,4.0,3.0,2.0,1.0,0.0,1.0,2.0
8.0,7.0,6.0,5.0,4.0,3.0,2.0,1.0,0.0,1.0
9.0,8.0,7.0,6.0,5.0,4.0,3.0,2.0,1.0,0.0
45.0,40.0,35.0,30.0,25.0,25.0,30.0,35.0,40.0,45.0
32.0,23.0,28.0,27.0,29.0,26.0,30.0,32.0,30.0,31.0,26.0,32.0,31.0,24.0,21.0,31.0,31.0,19.0,33.0,28.0,26.0,38.0,35.0,33.0,35.0,20.0,21.0,29.0,24.0,31.0,31.0,35.0,33.0,32.0,35.0,31.0,25.0,24.0,32.0,32.0,40.0,31.0,35.0,31.0,26.0,33.0,16.0,43.0,32.0,30.0
23.0,23.0,20.0,12.0,33.0,20.0,32.0,29.0,38.0,42.0,18.0,17.0,27.0,22.0,27.0,25.0,37.0,19.0,20.0,32.0,21.0,25.0,35.0,23.0,24.0,35.0,29.0,31.0,20.0,30.0,22.0,24.0,27.0,33.0,25.0,23.0,34.0,31.0,26.0,17.0,27.0,26.0,28.0,32.0,30.0,22.0,32.0,24.0,20.0,41.0
41.0,39.0,37.0,23.0,23.0,21.0,31.0,30.0,26.0,28.0,24.0,23.0,22.0,29.0,32.0,25.0,31.0,30.0,37.0,24.0,30.0,19.0,33.0,43.0,25.0,38.0,29.0,34.0,29.0,28.0,18.0,29.0,24.0,35.0,32.0,19.0,24.0,32.0,32.0,30.0,26.0,22.0,30.0,28.0,21.0,9.0,28.0,30.0,39.0,22.0
34.0,28.0,27.0,28.0,55.0,25.0,43.0,44.0,29.0,23.0,31.0,30.0,35.0,37.0,36.0,34.0,26.0,36.0,32.0,35.0,32.0,46.0,35.0,37.0,40.0,31.0,33.0,32.0,29.0,34.0,28.0,30.0,29.0,33.0,38.0,51.0,50.0,39.0,47.0,39.0,39.0,39.0,41.0,41.0,39.0,34.0,35.0,42.0,33.0,28.0
32.0,34.0,30.0,37.0,32.0,32.0,42.0,38.0,34.0,44.0,31.0,43.0,35.0,32.0,35.0,40.0,48.0,38.0,29.0,40.0,26.0,30.0,27.0,34.0,33.0,31.0,32.0,31.0,45.0,46.0,46.0,28.0,33.0,46.0,29.0,47.0,42.0,34.0,38.0,44.0,32.0,39.0,40.0,38.0,24.0,34.0,43.0,29.0,38.0,31.0
24.0,23.0,26.0,22.0,22.0,16.0,28.0,26.0,24.0,28.0,25.0,23.0,30.0,35.0,17.0,25.0,18.0,19.0,29.0,18.0,18.0,19.0,23.0,19.0,18.0,26.0,22.0,20.0,18.0,22.0,16.0,22.0,20.0,21.0,25.0,30.0,25.0,21.0,24.0,21.0,22.0,23.0,21.0,25.0,26.0,27.0,31.0,33.0,29.0,29.0
40.0,30.0,35.0,31.0,33.0,31.0,27.0,22.0,28.0,34.0,37.0,30.0,22.0,30.0,34.0,25.0,35.0,41.0,27.0,29.0,39.0,30.0,30.0,31.0,25.0,34.0,37.0,25.0,42.0,43.0,27.0,29.0,34.0,34.0,37.0,24.0,37.0,27.0,42.0,39.0,29.0,38.0,27.0,36.0,24.0,49.0,37.0,29.0,32.0,30.0
28.0,28.0,33.0,22.0,25.0,26.0,22.0,24.0,16.0,23.0,24.0,23.0,25.0,31.0,20.0,16.0,16.0,32.0,17.0,24.0,26.0,22.0,20.0,29.0,24.0,20.0,27.0,19.0,24.0,26.0,25.0,20.0,26.0,26.0,19.0,25.0,27.0,22.0,30.0,22.0,26.0,24.0,35.0,24.0,20.0,20.0,25.0,17.0,24.0,24.0
31.0,37.0,24.0,22.0,26.0,21.0,28.0,25.0,19.0,27.0,28.0,16.0,22.0,36.0,27.0,31.0,32.0,24.0,25.0,27.0,27.0,30.0,17.0,27.0,31.0,32.0,31.0,26.0,22.0,22.0,23.0,26.0,31.0,20.0,24.0,25.0,19.0,38.0,20.0,28.0,18.0,21.0,26.0,32.0,26.0,23.0,25.0,24.0,28.0,23.0
30.0,41.0,32.0,34.0,41.0,35.0,22.0,36.0,33.0,38.0,34.0,31.0,38.0,31.0,35.0,33.0,41.0,33.0,43.0,28.0,37.0,32.0,32.0,29.0,28.0,25.0,26.0,33.0,24.0,29.0,31.0,35.0,23.0,41.0,38.0,29.0,20.0,33.0,26.0,30.0,32.0,35.0,24.0,30.0,21.0,24.0,31.0,44.0,28.0,35.0
