10,50,1000
17.666268,19.87069,17.878541,15.487053,15.607916,18.448462,18.195462,18.379636,17.504679,17.32778
8.185729,6.209093,9.560608,5.989223,5.440273,5.155508,6.955213,5.360777,9.325246,9.718113
0.0,10.0,20.0,30.0,40.0,50.0,60.0,70.0,80.0,90.0
10.0,0.0,10.0,20.0,30.0,40.0,50.0,60.0,70.0,80.0
20.0,10.0,0.0,10.0,20.0,30.0,40.0,50.0,60.0,70.0
30.0,20.0,10.0,0.0,10.0,20.0,30.0,40.0,50.0,60.0
40.0,30.0,20.0,10.0,0.0,10.0,20.0,30.0,40.0,50.0
50.0,40.0,30.0,20.0,10.0,0.0,10.0,20.0,30.0,40.0
60.0,50.0,40.0,30.0,20.0,10.0,0.0,10.0,20.0,30.0
70.0,60.0,50.0,40.0,30.0,20.0,10.0,0.0,10.0,20.0
80.0,70.0,60.0,50.0,40.0,30.0,20.0,10.0,0.0,10.0
90.0,80.0,70.0,60.0,50.0,40.0,30.0,20.0,10.0,0.0
450.0,400.0,350.0,300.0,250.0,250.0,300.0,350.0,400.0,450.0
0.0,1.0,2.0,3.0,4.0,5.0,6.0,7.0,8.0,9.0
1.0,0.0,1.0,2.0,3.0,4.0,5.0,6.0,7.0,8.0
2.0,1.0,0.0,1.0,2.0,3.0,4.0,5.0,6.0,7.0
3.0,2.0,1.0,0.0,1.0,2.0,3.0,4.0,5.0,6.0
4.0,3.0,2.0,1.0,0.0,1.0,2.0,3.0,4.0,5.0
5.0,4.0,3.0,2.0,1.0,0.0,1.0,2.0,3.0,4.0
6.0,5.0,4.0,3.0,2.0,1.0,0.0,1.0,2.0,3.0
7.0,6.0,5.0,4.0,3.0,2.0,1.0,0.0,1.0,2.0
8.0,7.0,6.0,5.0,4.0,3.0,2.0,1.0,0.0,1.0
9.0,8.0,7.0,6.0,5.0,4.0,3.0,2.0,1.0,0.0
45.0,40.0,35.0,30.0,25.0,25.0,30.0,35.0,40.0,45.0
26.0,35.0,36.0,25.0,33.0,31.0,22.0,33.0,31.0,28.0,37.0,36.0,30.0,32.0,26.0,36.0,30.0,29.0,32.0,34.0,30.0,41.0,28.0,32.0,30.0,45.0,27.0,25.0,31.0,31.0,26.0,32.0,27.0,37.0,30.0,39.0,32.0,35.0,36.0,43.0,31.0,25.0,29.0,30.0,32.0,35.0,34.0,35.0,28.0,24.0
32.0,18.0,24.0,35.0,34.0,26.0,22.0,28.0,29.0,18.0,26.0,29.0,28.0,19.0,15.0,22.0,23.0,21.0,27.0,33.0,25.0,15.0,20.0,22.0,22.0,21.0,35.0,23.0,24.0,21.0,17.0,29.0,25.0,21.0,17.0,22.0,43.0,26.0,25.0,26.0,39.0,26.0,21.0,27.0,28.0,34.0,17.0,30.0,22.0,26.0
38.0,28.0,41.0,38.0,31.0,36.0,40.0,38.0,31.0,33.0,37.0,40.0,40.0,36.0,52.0,43.0,35.0,37.0,39.0,51.0,33.0,47.0,28.0,25.0,30.0,32.0,34.0,49.0,33.0,37.0,36.0,27.0,40.0,29.0,32.0,44.0,31.0,37.0,38.0,49.0,44.0,40.0,34.0,29.0,29.0,35.0,34.0,37.0,35.0,41.0
24.0,33.0,30.0,22.0,31.0,26.0,25.0,21.0,23.0,23.0,18.0,26.0,12.0,26.0,22.0,22.0,29.0,28.0,17.0,18.0,25.0,16.0,26.0,27.0,29.0,25.0,20.0,26.0,26.0,27.0,15.0,23.0,27.0,18.0,21.0,37.0,25.0,31.0,25.0,24.0,17.0,22.0,29.0,25.0,21.0,23.0,24.0,17.0,18.0,25.0
21.0,29.0,20.0,22.0,22.0,28.0,22.0,25.0,22.0,27.0,28.0,30.0,30.0,21.0,28.0,15.0,16.0,25.0,19.0,24.0,24.0,31.0,22.0,24.0,18.0,29.0,19.0,13.0,16.0,28.0,33.0,20.0,28.0,22.0,22.0,21.0,28.0,18.0,18.0,24.0,15.0,24.0,21.0,27.0,25.0,24.0,20.0,24.0,24.0,24.0
25.0,17.0,22.0,16.0,34.0,19.0,17.0,22.0,22.0,17.0,26.0,18.0,24.0,26.0,20.0,21.0,22.0,16.0,10.0,21.0,26.0,21.0,27.0,22.0,36.0,17.0,21.0,22.0,21.0,18.0,16.0,22.0,25.0,21.0,14.0,24.0,20.0,24.0,21.0,25.0,16.0,23.0,12.0,26.0,27.0,22.0,24.0,21.0,22.0,23.0
27.0,26.0,19.0,29.0,34.0,24.0,20.0,35.0,29.0,22.0,20.0,29.0,23.0,34.0,26.0,22.0,21.0,31.0,24.0,31.0,32.0,31.0,26.0,27.0,42.0,23.0,25.0,23.0,28.0,30.0,27.0,25.0,26.0,32.0,22.0,30.0,32.0,18.0,31.0,30.0,32.0,34.0,23.0,28.0,22.0,21.0,35.0,23.0,29.0,25.0
28.0,23.0,21.0,26.0,21.0,24.0,23.0,24.0,25.0,16.0,19.0,17.0,19.0,25.0,20.0,20.0,22.0,22.0,29.0,23.0,23.0,24.0,26.0,20.0,14.0,22.0,17.0,20.0,21.0,16.0,24.0,24.0,19.0,24.0,28.0,20.0,27.0,27.0,23.0,20.0,19.0,16.0,19.0,22.0,29.0,20.0,24.0,26.0,18.0,22.0
38.0,32.0,37.0,36.0,36.0,37.0,46.0,32.0,29.0,50.0,33.0,51.0,38.0,32.0,41.0,37.0,31.0,32.0,30.0,30.0,36.0,38.0,31.0,32.0,29.0,37.0,41.0,37.0,42.0,36.0,28.0,30.0,34.0,40.0,29.0,34.0,32.0,30.0,38.0,33.0,34.0,28.0,47.0,46.0,34.0,23.0,32.0,46.0,31.0,34.0
29.0,37.0,38.0,41.0,44.0,31.0,43.0,39.0,37.0,30.0,43.0,44.0,31.0,32.0,38.0,38.0,38.0,56.0,31.0,42.0,26.0,45.0,38.0,29.0,24.0,33.0,40.0,39.0,32.0,45.0,33.0,36.0,29.0,43.0,36.0,32.0,35.0,30.0,35.0,38.0,44.0,33.0,41.0,30.0,35.0,42.0,35.0,35.0,42.0,32.0
