10,50,1000
17.676061,18.201022,17.607849,18.910886,19.925883,19.171869,17.40444,16.707866,18.373561,15.0596
5.539298,6.280194,8.841946,9.553881,9.418632,6.465874,6.594606,9.382747,5.468059,8.948623
0.0,10.0,20.0,30.0,40.0,50.0,60.0,70.0,80.0,90.0
10.0,0.0,10.0,20.0,30.0,40.0,50.0,60.0,70.0,80.0
20.0,10.0,0.0,10.0,20.0,30.0,40.0,50.0,60.0,70.0
30.0,20.0,10.0,0.0,10.0,20.0,30.0,40.0,50.0,60.0
40.0,30.0,20.0,10.0,0.0,10.0,20.0,30.0,40.0,50.0
50.0,40.0,30.0,20.0,10.0,0.0,10.0,20.0,30.0,40.0
60.0,50.0,40.0,30.0,20.0,10.0,0.0,10.0,20.0,30.0
70.0,60.0,50.0,40.0,30.0,20.0,10.0,0.0,10.0,20.0
80.0,70.0,60.0,50.0,40.0,30.0,20.0,10.0,0.0,10.0
90.0,80.0,70.0,60.0,50.0,40.0,30.0,20.0,10.0,0.0
450.0,400.0,350.0,300.0,250.0,250.0,300.0,350.0,400.0,450.0
0.0,1.0,2.0,3.0,4.0,5.0,6.0,7.0,8.0,9.0
1.0,0.0,1.0,2.0,3.0,4.0,5.0,6.0,7.0,8.0
2.0,1.0,0.0,1.0,2.0,3.0,4.0,5.0,6.0,7.0
3.0,2.0,1.0,0.0,1.0,2.0,3.0,4.0,5.0,6.0
4.0,3.0,2.0,1.0,0.0,1.0,2.0,3.0,4.0,5.0
5.0,4.0,3.0,2.0,1.0,0.0,1.0,2.0,3.0,4.0
6.0,5.0,4.0,3.0,2.0,1.0,0.0,1.0,2.0,3.0
7.0,6.0,5.0,4.0,3.0,2.0,1.0,0.0,1.0,2.0
8.0,7.0,6.0,5.0,4.0,3.0,2.0,1.0,0.0,1.0
9.0,8.0,7.0,6.0,5.0,4.0,3.0,2.0,1.0,0.0
45.0,40.0,35.0,30.0,25.0,25.0,30.0,35.0,40.0,45.0
32.0,26.0,20.0,27.0,20.0,17.0,28.0,26.0,22.0,21.0,24.0,21.0,18.0,26.0,24.0,19.0,28.0,16.0,28.0,28.0,29.0,20.0,23.0,18.0,26.0,24.0,24.0,24.0,30.0,25.0,26.0,29.0,16.0,19.0,20.0,26.0,20.0,21.0,20.0,20.0,29.0,24.0,32.0,25.0,19.0,22.0,25.0,23.0,18.0,20.0
18.0,24.0,28.0,34.0,28.0,18.0,18.0,30.0,20.0,28.0,24.0,31.0,18.0,24.0,17.0,26.0,27.0,14.0,25.0,22.0,24.0,22.0,22.0,42.0,22.0,24.0,21.0,27.0,29.0,21.0,21.0,21.0,28.0,22.0,21.0,36.0,20.0,34.0,16.0,27.0,24.0,22.0,19.0,32.0,22.0,25.0,24.0,24.0,29.0,34.0
40.0,40.0,36.0,43.0,26.0,35.0,29.0,36.0,23.0,47.0,31.0,34.0,37.0,31.0,47.0,25.0,20.0,25.0,29.0,29.0,43.0,38.0,39.0,29.0,43.0,35.0,29.0,32.0,35.0,26.0,29.0,30.0,36.0,31.0,39.0,42.0,37.0,37.0,41.0,24.0,43.0,29.0,38.0,29.0,37.0,35.0,32.0,30.0,34.0,43.0
45.0,43.0,32.0,27.0,38.0,33.0,34.0,33.0,32.0,27.0,36.0,38.0,45.0,36.0,38.0,40.0,28.0,35.0,31.0,33.0,33.0,42.0,29.0,42.0,26.0,34.0,38.0,37.0,36.0,36.0,25.0,32.0,27.0,41.0,42.0,39.0,41.0,31.0,46.0,40.0,35.0,31.0,38.0,40.0,34.0,36.0,28.0,31.0,35.0,30.0
44.0,45.0,35.0,37.0,28.0,21.0,27.0,42.0,44.0,25.0,45.0,39.0,35.0,37.0,30.0,36.0,27.0,44.0,36.0,32.0,36.0,29.0,28.0,27.0,36.0,32.0,47.0,27.0,38.0,42.0,36.0,47.0,42.0,24.0,38.0,32.0,42.0,37.0,39.0,33.0,35.0,37.0,36.0,44.0,42.0,39.0,38.0,35.0,48.0,38.0
20.0,29.0,20.0,27.0,25.0,22.0,40.0,30.0,22.0,24.0,24.0,21.0,29.0,25.0,21.0,33.0,33.0,36.0,25.0,27.0,26.0,31.0,22.0,24.0,32.0,24.0,20.0,30.0,32.0,33.0,36.0,28.0,22.0,16.0,29.0,23.0,29.0,18.0,33.0,20.0,31.0,32.0,27.0,27.0,32.0,28.0,17.0,24.0,19.0,31.0
35.0,25.0,22.0,18.0,35.0,21.0,29.0,24.0,23.0,26.0,17.0,17.0,26.0,24.0,28.0,24.0,31.0,21.0,24.0,24.0,33.0,25.0,26.0,22.0,21.0,35.0,28.0,20.0,32.0,21.0,30.0,28.0,36.0,31.0,27.0,28.0,37.0,23.0,32.0,25.0,27.0,22.0,33.0,25.0,31.0,24.0,24.0,25.0,33.0,21.0
34.0,39.0,34.0,23.0,24.0,38.0,35.0,45.0,38.0,29.0,32.0,36.0,31.0,25.0,30.0,34.0,30.0,30.0,30.0,25.0,31.0,24.0,32.0,30.0,29.0,39.0,32.0,30.0,37.0,27.0,44.0,47.0,24.0,25.0,31.0,39.0,32.0,36.0,27.0,45.0,30.0,34.0,38.0,35.0,26.0,36.0,33.0,35.0,38.0,35.0
18.0,31.0,38.0,37.0,22.0,23.0,19.0,20.0,35.0,29.0,14.0,26.0,25.0,22.0,23.0,25.0,30.0,28.0,23.0,28.0,26.0,22.0,24.0,20.0,21.0,23.0,37.0,28.0,26.0,20.0,32.0,31.0,24.0,24.0,26.0,24.0,29.0,22.0,21.0,23.0,18.0,20.0,13.0,24.0,29.0,24.0,28.0,24.0,16.0,14.0
40.0,33.0,33.0,34.0,37.0,27.0,37.0,44.0,33.0,34.0,44.0,34.0,31.0,31.0,29.0,29.0,26.0,30.0,32.0,32.0,43.0,37.0,32.0,28.0,34.0,32.0,30.0,32.0,33.0,29.0,37.0,34.0,33.0,30.0,31.0,35.0,32.0,31.0,28.0,31.0,45.0,28.0,28.0,39.0,31.0,32.0,32.0,37.0,26.0,29.0
