10,50,1000
18.114114,19.15724,15.791372,16.02702,18.024453,19.997865,16.322993,18.214849,15.351107,16.305939
9.872247,6.640755,7.747685,5.33867,7.295371,7.777603,9.862847,7.428325,5.898714,8.867295
0.0,10.0,20.0,30.0,40.0,50.0,60.0,70.0,80.0,90.0
10.0,0.0,10.0,20.0,30.0,40.0,50.0,60.0,70.0,80.0
20.0,10.0,0.0,10.0,20.0,30.0,40.0,50.0,60.0,70.0
30.0,20.0,10.0,0.0,10.0,20.0,30.0,40.0,50.0,60.0
40.0,30.0,20.0,10.0,0.0,10.0,20.0,30.0,40.0,50.0
50.0,40.0,30.0,20.0,10.0,0.0,10.0,20.0,30.0,40.0
60.0,50.0,40.0,30.0,20.0,10.0,0.0,10.0,20.0,30.0
70.0,60.0,50.0,40.0,30.0,20.0,10.0,0.0,10.0,20.0
80.0,70.0,60.0,50.0,40.0,30.0,20.0,10.0,0.0,10.0
90.0,80.0,70.0,60.0,50.0,40.0,30.0,20.0,10.0,0.0
450.0,400.0,350.0,300.0,250.0,250.0,300.0,350.0,400.0,450.0
0.0,1.0,2.0,3.0,4.0,5.0,6.0,7.0,8.0,9.0
1.0,0.0,1.0,2.0,3.0,4.0,5.0,6.0,7.0,8.0
2.0,1.0,0.0,1.0,2.0,3.0,4.0,5.0,6.0,7.0
3.0,2.0,1.0,0.0,1.0,2.0,3.0,4.0,5.0,6.0
4.0,3.0,2.0,1.0,0.0,1.0,2.0,3.0,4.0,5.0
5.0,4.0,3.0,2.0,1.0,0.0,1.0,2.0,3.0,4.0
6.0,5.0,4.0,3.0,2.0,1.0,0.0,1.0,2.0,3.0
7.0,6.0,5.0,4.0,3.0,2.0,1.0,0.0,1.0,2.0
8.0,7.0,6.0,5.0,4.0,3.0,2.0,1.0,0.0,1.0
9.0,8.0,7.0,6.0,5.0,4.0,3.0,2.0,1.0,0.0
45.0,40.0,35.0,30.0,25.0,25.0,30.0,35.0,40.0,45.0
37.0,28.0,42.0,43.0,42.0,39.0,41.0,36.0,44.0,26.0,31.0,41.0,33.0,24.0,35.0,35.0,35.0,34.0,40.0,36.0,43.0,36.0,32.0,26.0,34.0,38.0,34.0,38.0,37.0,39.0,33.0,43.0,36.0,36.0,30.0,36.0,34.0,30.0,31.0,36.0,35.0,31.0,36.0,38.0,38.0,26.0,37.0,38.0,32.0,47.0
24.0,37.0,32.0,18.0,28.0,19.0,39.0,30.0,29.0,35.0,23.0,33.0,23.0,27.0,32.0,22.0,23.0,34.0,23.0,25.0,36.0,25.0,30.0,32.0,19.0,22.0,37.0,31.0,28.0,32.0,30.0,22.0,20.0,29.0,28.0,26.0,35.0,17.0,27.0,26.0,17.0,24.0,22.0,28.0,20.0,25.0,29.0,32.0,35.0,25.0
27.0,32.0,34.0,26.0,35.0,19.0,31.0,26.0,26.0,33.0,24.0,32.0,22.0,30.0,29.0,22.0,29.0,29.0,29.0,19.0,33.0,27.0,21.0,28.0,28.0,35.0,22.0,18.0,34.0,22.0,30.0,23.0,29.0,38.0,26.0,23.0,33.0,37.0,23.0,31.0,33.0,30.0,36.0,37.0,33.0,38.0,23.0,34.0,23.0,21.0
18.0,25.0,14.0,25.0,28.0,19.0,23.0,25.0,21.0,13.0,22.0,23.0,25.0,24.0,22.0,19.0,19.0,20.0,22.0,22.0,22.0,21.0,21.0,27.0,19.0,14.0,19.0,23.0,18.0,18.0,21.0,14.0,19.0,15.0,20.0,24.0,21.0,11.0,33.0,24.0,23.0,25.0,15.0,26.0,16.0,21.0,17.0,25.0,21.0,17.0
22.0,26.0,20.0,27.0,26.0,11.0,23.0,28.0,30.0,27.0,29.0,29.0,28.0,26.0,26.0,28.0,26.0,26.0,27.0,29.0,25.0,27.0,38.0,23.0,19.0,32.0,30.0,29.0,27.0,21.0,33.0,23.0,22.0,24.0,25.0,23.0,31.0,28.0,27.0,32.0,24.0,30.0,21.0,30.0,26.0,22.0,23.0,26.0,30.0,24.0
33.0,35.0,23.0,33.0,21.0,36.0,31.0,31.0,23.0,46.0,29.0,32.0,30.0,32.0,24.0,28.0,27.0,32.0,31.0,26.0,33.0,25.0,39.0,33.0,31.0,29.0,28.0,21.0,20.0,25.0,25.0,29.0,42.0,31.0,30.0,29.0,32.0,32.0,30.0,29.0,28.0,36.0,31.0,33.0,25.0,28.0,27.0,30.0,30.0,40.0
38.0,35.0,43.0,31.0,41.0,47.0,35.0,26.0,30.0,39.0,37.0,38.0,32.0,29.0,39.0,30.0,35.0,40.0,39.0,25.0,37.0,33.0,33.0,32.0,35.0,36.0,34.0,39.0,37.0,23.0,56.0,40.0,41.0,25.0,28.0,40.0,30.0,40.0,26.0,38.0,42.0,31.0,32.0,42.0,26.0,39.0,35.0,27.0,27.0,31.0
26.0,38.0,23.0,20.0,24.0,26.0,35.0,28.0,25.0,36.0,23.0,40.0,27.0,24.0,34.0,40.0,28.0,31.0,31.0,28.0,31.0,27.0,30.0,26.0,33.0,31.0,30.0,46.0,33.0,32.0,25.0,17.0,27.0,28.0,37.0,21.0,38.0,33.0,22.0,35.0,27.0,35.0,31.0,32.0,30.0,22.0,29.0,25.0,31.0,34.0
25.0,26.0,19.0,30.0,25.0,26.0,25.0,29.0,23.0,31.0,32.0,32.0,29.0,25.0,20.0,31.0,25.0,25.0,22.0,22.0,21.0,12.0,26.0,20.0,16.0,27.0,26.0,17.0,27.0,25.0,29.0,23.0,19.0,26.0,17.0,23.0,31.0,23.0,32.0,22.0,27.0,26.0,20.0,25.0,29.0,25.0,32.0,24.0,24.0,20.0
35.0,33.0,31.0,32.0,28.0,38.0,32.0,34.0,35.0,36.0,31.0,34.0,39.0,36.0,38.0,32.0,30.0,34.0,38.0,31.0,26.0,41.0,30.0,29.0,44.0,44.0,34.0,30.0,38.0,38.0,28.0,34.0,26.0,31.0,26.0,39.0,36.0,33.0,36.0,28.0,30.0,32.0,26.0,31.0,29.0,30.0,33.0,34.0,31.0,37.0
