10,50,1000
16.275633,18.637276,16.678409,18.830863,15.293778,18.253037,18.379467,15.830924,17.354778,18.743834
6.051463,6.967489,8.665364,8.804813,5.206444,9.929478,9.195705,9.736342,5.751729,9.230426
0.0,10.0,20.0,30.0,40.0,50.0,60.0,70.0,80.0,90.0
10.0,0.0,10.0,20.0,30.0,40.0,50.0,60.0,70.0,80.0
20.0,10.0,0.0,10.0,20.0,30.0,40.0,50.0,60.0,70.0
30.0,20.0,10.0,0.0,10.0,20.0,30.0,40.0,50.0,60.0
40.0,30.0,20.0,10.0,0.0,10.0,20.0,30.0,40.0,50.0
50.0,40.0,30.0,20.0,10.0,0.0,10.0,20.0,30.0,40.0
60.0,50.0,40.0,30.0,20.0,10.0,0.0,10.0,20.0,30.0
70.0,60.0,50.0,40.0,30.0,20.0,10.0,0.0,10.0,20.0
80.0,70.0,60.0,50.0,40.0,30.0,20.0,10.0,0.0,10.0
90.0,80.0,70.0,60.0,50.0,40.0,30.0,20.0,10.0,0.0
450.0,400.0,350.0,300.0,250.0,250.0,300.0,350.0,400.0,450.0
0.0,1.0,2.0,3.0,4.0,5.0,6.0,7.0,8.0,9.0
1.0,0.0,1.0,2.0,3.0,4.0,5.0,6.0,7.0,8.0
2.0,1.0,0.0,1.0,2.0,3.0,4.0,5.0,6.0,7.0
3.0,2.0,1.0,0.0,1.0,2.0,3.0,4.0,5.0,6.0
4.0,3.0,2.0,1.0,0.0,1.0,2.0,3.0,4.0,5.0
5.0,4.0,3.0,2.0,1.0,0.0,1.0,2.0,3.0,4.0
6.0,5.0,4.0,3.0,2.0,1.0,0.0,1.0,2.0,3.0
7.0,6.0,5.0,4.0,3.0,2.0,1.0,0.0,1.0,2.0
8.0,7.0,6.0,5.0,4.0,3.0,2.0,1.0,0.0,1.0
9.0,8.0,7.0,6.0,5.0,4.0,3.0,2.0,1.0,0.0
45.0,40.0,35.0,30.0,25.0,25.0,30.0,35.0,40.0,45.0
29.0,17.0,22.0,24.0,17.0,31.0,24.0,38.0,29.0,20.0,26.0,22.0,25.0,22.0,18.0,23.0,28.0,13.0,25.0,24.0,23.0,20.0,21.0,24.0,25.0,15.0,23.0,24.0,18.0,17.0,20.0,23.0,30.0,32.0,19.0,17.0,27.0,24.0,20.0,30.0,22.0,28.0,23.0,23.0,33.0,18.0,18.0,20.0,23.0,23.0
23.0,24.0,20.0,25.0,34.0,19.0,35.0,32.0,26.0,30.0,21.0,24.0,20.0,20.0,27.0,17.0,21.0,27.0,38.0,24.0,28.0,27.0,33.0,30.0,30.0,21.0,22.0,20.0,27.0,24.0,21.0,17.0,35.0,26.0,33.0,28.0,24.0,33.0,25.0,19.0,26.0,25.0,27.0,26.0,21.0,28.0,29.0,25.0,23.0,25.0
27.0,31.0,25.0,39.0,29.0,40.0,37.0,29.0,23.0,38.0,27.0,33.0,34.0,34.0,33.0,44.0,31.0,34.0,33.0,22.0,36.0,37.0,28.0,27.0,41.0,22.0,37.0,17.0,30.0,33.0,35.0,31.0,28.0,40.0,19.0,27.0,30.0,33.0,31.0,36.0,29.0,38.0,37.0,33.0,24.0,36.0,41.0,39.0,31.0,40.0
37.0,36.0,32.0,23.0,36.0,26.0,40.0,31.0,26.0,22.0,44.0,30.0,41.0,29.0,25.0,35.0,36.0,20.0,36.0,41.0,42.0,37.0,35.0,38.0,27.0,34.0,36.0,30.0,42.0,30.0,28.0,29.0,46.0,42.0,40.0,27.0,25.0,29.0,20.0,30.0,36.0,32.0,40.0,49.0,31.0,41.0,36.0,32.0,25.0,30.0
25.0,14.0,25.0,16.0,16.0,26.0,22.0,16.0,14.0,23.0,25.0,20.0,28.0,16.0,32.0,22.0,17.0,28.0,14.0,19.0,22.0,21.0,28.0,24.0,27.0,18.0,25.0,27.0,21.0,22.0,31.0,17.0,17.0,23.0,24.0,22.0,19.0,21.0,23.0,19.0,22.0,20.0,25.0,18.0,23.0,20.0,13.0,27.0,18.0,11.0
28.0,36.0,32.0,42.0,43.0,25.0,32.0,32.0,36.0,41.0,37.0,39.0,39.0,39.0,35.0,35.0,30.0,42.0,49.0,33.0,33.0,46.0,39.0,36.0,41.0,43.0,34.0,30.0,30.0,38.0,40.0,39.0,34.0,29.0,36.0,32.0,32.0,37.0,31.0,32.0,43.0,28.0,35.0,37.0,46.0,42.0,33.0,37.0,39.0,37.0
39.0,36.0,33.0,27.0,31.0,36.0,41.0,31.0,32.0,29.0,44.0,38.0,31.0,37.0,33.0,34.0,17.0,27.0,40.0,36.0,33.0,35.0,27.0,41.0,34.0,29.0,29.0,39.0,36.0,34.0,28.0,30.0,32.0,28.0,35.0,30.0,42.0,30.0,30.0,35.0,34.0,29.0,34.0,34.0,41.0,31.0,29.0,33.0,35.0,40.0
39.0,37.0,41.0,45.0,35.0,38.0,32.0,29.0,27.0,31.0,30.0,43.0,23.0,37.0,23.0,38.0,45.0,32.0,40.0,44.0,39.0,34.0,43.0,37.0,35.0,39.0,36.0,30.0,39.0,31.0,39.0,29.0,29.0,19.0,42.0,21.0,30.0,35.0,41.0,32.0,36.0,33.0,39.0,34.0,46.0,27.0,33.0,32.0,43.0,44.0
28.0,26.0,18.0,24.0,25.0,15.0,19.0,19.0,19.0,22.0,24.0,15.0,27.0,20.0,24.0,31.0,17.0,19.0,27.0,25.0,19.0,21.0,29.0,25.0,24.0,22.0,22.0,26.0,23.0,28.0,18.0,17.0,20.0,30.0,22.0,21.0,13.0,17.0,18.0,15.0,23.0,19.0,17.0,21.0,27.0,23.0,20.0,25.0,17.0,21.0
40.0,32.0,26.0,32.0,31.0,48.0,28.0,37.0,20.0,38.0,38.0,29.0,29.0,36.0,32.0,35.0,38.0,36.0,26.0,38.0,29.0,31.0,39.0,32.0,36.0,25.0,31.0,39.0,31.0,30.0,42.0,30.0,31.0,39.0,30.0,35.0,29.0,34.0,34.0,41.0,32.0,24.0,41.0,36.0,34.0,33.0,33.0,34.0,39.0,39.0
