10,50,1000
18.32298,16.294582,16.072087,16.188221,15.948941,16.734201,19.555014,18.921104,18.653788,17.384641
8.691896,5.898262,7.213878,9.202813,7.159698,5.158125,5.601898,9.7937,9.996455,8.373984
0.0,10.0,20.0,30.0,40.0,50.0,60.0,70.0,80.0,90.0
10.0,0.0,10.0,20.0,30.0,40.0,50.0,60.0,70.0,80.0
20.0,10.0,0.0,10.0,20.0,30.0,40.0,50.0,60.0,70.0
30.0,20.0,10.0,0.0,10.0,20.0,30.0,40.0,50.0,60.0
40.0,30.0,20.0,10.0,0.0,10.0,20.0,30.0,40.0,50.0
50.0,40.0,30.0,20.0,10.0,0.0,10.0,20.0,30.0,40.0
60.0,50.0,40.0,30.0,20.0,10.0,0.0,10.0,20.0,30.0
70.0,60.0,50.0,40.0,30.0,20.0,10.0,0.0,10.0,20.0
80.0,70.0,60.0,50.0,40.0,30.0,20.0,10.0,0.0,10.0
90.0,80.0,70.0,60.0,50.0,40.0,30.0,20.0,10.0,0.0
450.0,400.0,350.0,300.0,250.0,250.0,300.0,350.0,400.0,450.0
0.0,1.0,2.0,3.0,4.0,5.0,6.0,7.0,8.0,9.0
1.0,0.0,1.0,2.0,3.0,4.0,5.0,6.0,7.0,8.0
2.0,1.0,0.0,1.0,2.0,3.0,4.0,5.0,6.0,7.0
3.0,2.0,1.0,0.0,1.0,2.0,3.0,4.0,5.0,6.0
4.0,3.0,2.0,1.0,0.0,1.0,2.0,3.0,4.0,5.0
5.0,4.0,3.0,2.0,1.0,0.0,1.0,2.0,3.0,4.0
6.0,5.0,4.0,3.0,2.0,1.0,0.0,1.0,2.0,3.0
7.0,6.0,5.0,4.0,3.0,2.0,1.0,0.0,1.0,2.0
8.0,7.0,6.0,5.0,4.0,3.0,2.0,1.0,0.0,1.0
9.0,8.0,7.0,6.0,5.0,4.0,3.0,2.0,1.0,0.0
45.0,40.0,35.0,30.0,25.0,25.0,30.0,35.0,40.0,45.0
28.0,35.0,29.0,32.0,29.0,40.0,32.0,30.0,26.0,35.0,26.0,33.0,23.0,33.0,27.0,33.0,31.0,28.0,28.0,36.0,37.0,27.0,35.0,24.0,24.0,31.0,30.0,29.0,27.0,36.0,27.0,30.0,39.0,37.0,27.0,33.0,31.0,37.0,34.0,32.0,31.0,38.0,41.0,41.0,43.0,34.0,40.0,35.0,33.0,31.0
28.0,27.0,20.0,23.0,14.0,23.0,24.0,24.0,21.0,26.0,26.0,29.0,21.0,24.0,32.0,26.0,25.0,26.0,22.0,21.0,22.0,26.0,16.0,21.0,29.0,16.0,26.0,26.0,18.0,20.0,27.0,29.0,28.0,19.0,28.0,15.0,25.0,25.0,21.0,19.0,21.0,25.0,18.0,20.0,28.0,15.0,21.0,23.0,21.0,25.0
22.0,33.0,19.0,24.0,25.0,34.0,29.0,28.0,32.0,38.0,29.0,33.0,23.0,29.0,25.0,34.0,20.0,25.0,35.0,21.0,22.0,29.0,28.0,14.0,21.0,30.0,29.0,20.0,33.0,26.0,27.0,25.0,33.0,24.0,31.0,31.0,33.0,30.0,30.0,31.0,26.0,27.0,31.0,24.0,22.0,31.0,33.0,29.0,30.0,33.0
26.0,38.0,35.0,28.0,40.0,31.0,37.0,36.0,27.0,46.0,27.0,26.0,38.0,51.0,32.0,34.0,35.0,37.0,31.0,27.0,37.0,28.0,35.0,34.0,32.0,29.0,41.0,31.0,43.0,35.0,26.0,35.0,41.0,29.0,33.0,35.0,32.0,31.0,31.0,35.0,46.0,25.0,32.0,34.0,28.0,35.0,42.0,35.0,32.0,33.0
22.0,27.0,31.0,28.0,28.0,33.0,33.0,30.0,25.0,25.0,22.0,25.0,20.0,18.0,29.0,23.0,31.0,23.0,19.0,31.0,25.0,29.0,23.0,23.0,30.0,38.0,25.0,31.0,35.0,24.0,28.0,20.0,31.0,23.0,31.0,32.0,31.0,18.0,31.0,21.0,23.0,27.0,31.0,34.0,26.0,28.0,41.0,14.0,27.0,29.0
19.0,29.0,23.0,25.0,23.0,10.0,16.0,21.0,22.0,19.0,25.0,26.0,20.0,21.0,17.0,21.0,17.0,26.0,19.0,18.0,8.0,14.0,14.0,26.0,19.0,21.0,22.0,20.0,26.0,18.0,28.0,21.0,21.0,19.0,26.0,28.0,24.0,36.0,16.0,16.0,21.0,20.0,21.0,22.0,22.0,18.0,21.0,24.0,28.0,19.0
29.0,24.0,27.0,26.0,22.0,25.0,24.0,25.0,22.0,28.0,22.0,28.0,21.0,25.0,24.0,17.0,30.0,22.0,26.0,16.0,21.0,29.0,22.0,25.0,19.0,14.0,16.0,17.0,19.0,42.0,25.0,29.0,21.0,30.0,24.0,27.0,25.0,28.0,24.0,30.0,10.0,24.0,22.0,21.0,17.0,23.0,24.0,21.0,21.0,18.0
37.0,47.0,23.0,31.0,31.0,49.0,36.0,38.0,32.0,29.0,31.0,24.0,31.0,43.0,37.0,36.0,36.0,26.0,30.0,34.0,42.0,49.0,24.0,38.0,34.0,39.0,37.0,34.0,29.0,29.0,36.0,43.0,42.0,38.0,29.0,27.0,37.0,42.0,42.0,34.0,42.0,34.0,36.0,45.0,41.0,37.0,33.0,40.0,45.0,32.0
36.0,38.0,31.0,39.0,37.0,37.0,53.0,31.0,36.0,45.0,34.0,41.0,40.0,41.0,34.0,40.0,28.0,44.0,31.0,30.0,45.0,36.0,38.0,40.0,38.0,45.0,45.0,30.0,44.0,30.0,33.0,36.0,49.0,34.0,38.0,40.0,41.0,37.0,36.0,49.0,35.0,37.0,33.0,40.0,34.0,30.0,44.0,22.0,35.0,30.0
34.0,29.0,31.0,35.0,40.0,21.0,29.0,34.0,37.0,36.0,23.0,34.0,31.0,37.0,30.0,27.0,40.0,28.0,29.0,36.0,32.0,31.0,24.0,29.0,30.0,30.0,29.0,33.0,30.0,29.0,38.0,32.0,25.0,24.0,34.0,30.0,31.0,32.0,39.0,31.0,37.0,29.0,38.0,34.0,26.0,22.0,33.0,35.0,33.0,24.0
