10,50,1000
19.963057,16.87456,19.320484,17.476852,18.071188,19.602155,18.05,17.952309,17.353213,16.491049
6.047526,7.498974,6.620802,8.699979,6.31475,8.326526,5.215291,7.986331,7.95481,5.953854
0.0,10.0,20.0,30.0,40.0,50.0,60.0,70.0,80.0,90.0
10.0,0.0,10.0,20.0,30.0,40.0,50.0,60.0,70.0,80.0
20.0,10.0,0.0,10.0,20.0,30.0,40.0,50.0,60.0,70.0
30.0,20.0,10.0,0.0,10.0,20.0,30.0,40.0,50.0,60.0
40.0,30.0,20.0,10.0,0.0,10.0,20.0,30.0,40.0,50.0
50.0,40.0,30.0,20.0,10.0,0.0,10.0,20.0,30.0,40.0
60.0,50.0,40.0,30.0,20.0,10.0,0.0,10.0,20.0,30.0
70.0,60.0,50.0,40.0,30.0,20.0,10.0,0.0,10.0,20.0
80.0,70.0,60.0,50.0,40.0,30.0,20.0,10.0,0.0,10.0
90.0,80.0,70.0,60.0,50.0,40.0,30.0,20.0,10.0,0.0
450.0,400.0,350.0,300.0,250.0,250.0,300.0,350.0,400.0,450.0
0.0,1.0,2.0,3.0,4.0,5.0,6.0,7.0,8.0,9.0
1.0,0.0,1.0,2.0,3.0,4.0,5.0,6.0,7.0,8.0
2.0,1.0,0.0,1.0,2.0,3.0,4.0,5.0,6.0,7.0
3.0,2.0,1.0,0.0,1.0,2.0,3.0,4.0,5.0,6.0
4.0,3.0,2.0,1.0,0.0,1.0,2.0,3.0,4.0,5.0
5.0,4.0,3.0,2.0,1.0,0.0,1.0,2.0,3.0,4.0
6.0,5.0,4.0,3.0,2.0,1.0,0.0,1.0,2.0,3.0
7.0,6.0,5.0,4.0,3.0,2.0,1.0,0.0,1.0,2.0
8.0,7.0,6.0,5.0,4.0,3.0,2.0,1.0,0.0,1.0
9.0,8.0,7.0,6.0,5.0,4.0,3.0,2.0,1.0,0.0
45.0,40.0,35.0,30.0,25.0,25.0,30.0,35.0,40.0,45.0
28.0,26.0,16.0,23.0,22.0,20.0,29.0,20.0,23.0,21.0,24.0,29.0,22.0,21.0,23.0,18.0,26.0,17.0,26.0,22.0,33.0,17.0,17.0,21.0,20.0,32.0,26.0,14.0,27.0,19.0,22.0,23.0,30.0,22.0,28.0,29.0,24.0,26.0,25.0,17.0,28.0,35.0,18.0,23.0,20.0,29.0,24.0,23.0,22.0,24.0
28.0,26.0,28.0,26.0,29.0,38.0,30.0,32.0,36.0,27.0,32.0,23.0,28.0,29.0,21.0,29.0,23.0,22.0,19.0,29.0,18.0,21.0,26.0,20.0,33.0,29.0,34.0,39.0,26.0,30.0,28.0,29.0,20.0,34.0,32.0,29.0,27.0,38.0,34.0,31.0,27.0,33.0,39.0,29.0,27.0,32.0,20.0,37.0,29.0,31.0
28.0,14.0,33.0,38.0,28.0,27.0,27.0,20.0,19.0,23.0,22.0,27.0,36.0,30.0,28.0,31.0,18.0,29.0,19.0,30.0,31.0,29.0,27.0,25.0,20.0,27.0,25.0,33.0,24.0,35.0,27.0,23.0,25.0,21.0,24.0,24.0,39.0,22.0,28.0,22.0,25.0,34.0,24.0,24.0,31.0,30.0,25.0,37.0,34.0,25.0
31.0,28.0,33.0,30.0,33.0,39.0,30.0,31.0,34.0,34.0,27.0,30.0,33.0,42.0,33.0,28.0,29.0,34.0,33.0,36.0,37.0,36.0,41.0,29.0,48.0,28.0,29.0,40.0,28.0,25.0,39.0,44.0,33.0,33.0,35.0,38.0,37.0,39.0,36.0,38.0,47.0,35.0,42.0,23.0,33.0,37.0,37.0,25.0,22.0,25.0
28.0,32.0,20.0,22.0,29.0,27.0,29.0,26.0,21.0,21.0,26.0,25.0,26.0,27.0,31.0,30.0,25.0,28.0,14.0,25.0,38.0,31.0,30.0,29.0,18.0,37.0,20.0,18.0,20.0,26.0,25.0,22.0,31.0,23.0,24.0,28.0,25.0,21.0,22.0,26.0,27.0,34.0,27.0,28.0,27.0,16.0,24.0,28.0,31.0,29.0
24.0,26.0,30.0,30.0,37.0,40.0,30.0,26.0,28.0,39.0,34.0,27.0,36.0,38.0,21.0,23.0,39.0,25.0,29.0,27.0,36.0,33.0,21.0,33.0,24.0,25.0,42.0,35.0,28.0,35.0,28.0,28.0,25.0,28.0,33.0,31.0,30.0,31.0,25.0,31.0,28.0,36.0,17.0,42.0,29.0,27.0,25.0,43.0,31.0,33.0
15.0,24.0,20.0,26.0,20.0,34.0,18.0,21.0,27.0,20.0,12.0,14.0,29.0,17.0,20.0,13.0,25.0,27.0,27.0,20.0,11.0,20.0,28.0,27.0,23.0,14.0,21.0,21.0,21.0,29.0,22.0,21.0,21.0,27.0,23.0,25.0,34.0,30.0,17.0,17.0,16.0,25.0,21.0,28.0,29.0,17.0,17.0,18.0,30.0,21.0
36.0,25.0,26.0,27.0,33.0,28.0,30.0,44.0,24.0,41.0,33.0,26.0,24.0,36.0,33.0,32.0,38.0,24.0,36.0,31.0,23.0,30.0,33.0,30.0,34.0,25.0,17.0,33.0,34.0,25.0,29.0,24.0,23.0,37.0,27.0,34.0,23.0,30.0,27.0,38.0,23.0,23.0,36.0,33.0,38.0,30.0,31.0,24.0,34.0,17.0
30.0,21.0,38.0,33.0,26.0,28.0,29.0,22.0,31.0,24.0,24.0,22.0,25.0,27.0,30.0,39.0,23.0,36.0,34.0,32.0,34.0,21.0,30.0,35.0,40.0,32.0,32.0,34.0,30.0,34.0,40.0,30.0,39.0,25.0,30.0,25.0,28.0,30.0,30.0,31.0,25.0,38.0,36.0,34.0,22.0,23.0,32.0,37.0,36.0,31.0
20.0,25.0,34.0,18.0,19.0,29.0,23.0,19.0,9.0,32.0,16.0,19.0,19.0,18.0,15.0,25.0,23.0,34.0,28.0,20.0,27.0,31.0,27.0,17.0,24.0,21.0,21.0,20.0,21.0,32.0,25.0,13.0,20.0,16.0,22.0,22.0,23.0,23.0,25.0,24.0,33.0,22.0,20.0,29.0,25.0,27.0,22.0,21.0,29.0,34.0
