10,50,1000
16.562785,15.412022,18.936011,18.686682,15.15774,19.461962,18.431582,18.347111,16.863851,18.516409
7.678138,5.989328,9.500874,9.568045,9.550364,8.954014,5.701434,9.597308,6.140588,8.306777
0.0,10.0,20.0,30.0,40.0,50.0,60.0,70.0,80.0,90.0
10.0,0.0,10.0,20.0,30.0,40.0,50.0,60.0,70.0,80.0
20.0,10.0,0.0,10.0,20.0,30.0,40.0,50.0,60.0,70.0
30.0,20.0,10.0,0.0,10.0,20.0,30.0,40.0,50.0,60.0
40.0,30.0,20.0,10.0,0.0,10.0,20.0,30.0,40.0,50.0
50.0,40.0,30.0,20.0,10.0,0.0,10.0,20.0,30.0,40.0
60.0,50.0,40.0,30.0,20.0,10.0,0.0,10.0,20.0,30.0
70.0,60.0,50.0,40.0,30.0,20.0,10.0,0.0,10.0,20.0
80.0,70.0,60.0,50.0,40.0,30.0,20.0,10.0,0.0,10.0
90.0,80.0,70.0,60.0,50.0,40.0,30.0,20.0,10.0,0.0
450.0,400.0,350.0,300.0,250.0,250.0,300.0,350.0,400.0,450.0
0.0,1.0,2.0,3.0,4.0,5.0,6.0,7.0,8.0,9.0
1.0,0.0,1.0,2.0,3.0,4.0,5.0,6.0,7.0,8.0
2.0,1.0,0.0,1.0,2.0,3.0,4.0,5.0,6.0,7.0
3.0,2.0,1.0,0.0,1.0,2.0,3.0,4.0,5.0,6.0
4.0,3.0,2.0,1.0,0.0,1.0,2.0,3.0,4.0,5.0
5.0,4.0,3.0,2.0,1.0,0.0,1.0,2.0,3.0,4.0
6.0,5.0,4.0,3.0,2.0,1.0,0.0,1.0,2.0,3.0
7.0,6.0,5.0,4.0,3.0,2.0,1.0,0.0,1.0,2.0
8.0,7.0,6.0,5.0,4.0,3.0,2.0,1.0,0.0,1.0
9.0,8.0,7.0,6.0,5.0,4.0,3.0,2.0,1.0,0.0
45.0,40.0,35.0,30.0,25.0,25.0,30.0,35.0,40.0,45.0
25.0,25.0,40.0,25.0,27.0,31.0,33.0,25.0,30.0,31.0,30.0,26.0,41.0,33.0,26.0,35.0,24.0,20.0,33.0,23.0,19.0,18.0,30.0,36.0,39.0,28.0,25.0,35.0,35.0,29.0,35.0,31.0,35.0,24.0,30.0,29.0,24.0,28.0,29.0,36.0,18.0,32.0,24.0,19.0,27.0,30.0,28.0,19.0,33.0,29.0
23.0,27.0,19.0,23.0,30.0,25.0,32.0,22.0,30.0,17.0,21.0,31.0,27.0,22.0,25.0,17.0,20.0,17.0,23.0,36.0,26.0,36.0,16.0,16.0,24.0,27.0,31.0,21.0,30.0,31.0,30.0,28.0,30.0,22.0,22.0,19.0,24.0,19.0,24.0,19.0,16.0,17.0,18.0,20.0,34.0,26.0,31.0,29.0,38.0,22.0
33.0,30.0,40.0,29.0,35.0,29.0,37.0,32.0,44.0,34.0,41.0,33.0,38.0,30.0,35.0,35.0,23.0,33.0,35.0,42.0,36.0,30.0,38.0,46.0,28.0,34.0,35.0,37.0,32.0,42.0,35.0,43.0,43.0,35.0,30.0,37.0,33.0,33.0,37.0,27.0,53.0,33.0,30.0,42.0,39.0,38.0,28.0,42.0,42.0,34.0
41.0,32.0,41.0,39.0,45.0,41.0,33.0,34.0,36.0,22.0,31.0,35.0,34.0,24.0,29.0,45.0,33.0,33.0,41.0,40.0,41.0,46.0,27.0,39.0,44.0,40.0,36.0,33.0,20.0,23.0,40.0,44.0,26.0,33.0,34.0,38.0,34.0,23.0,39.0,35.0,32.0,53.0,26.0,39.0,33.0,45.0,29.0,30.0,44.0,33.0
32.0,37.0,28.0,29.0,38.0,36.0,27.0,44.0,38.0,31.0,45.0,40.0,37.0,29.0,30.0,27.0,35.0,38.0,36.0,40.0,29.0,32.0,24.0,30.0,33.0,44.0,36.0,30.0,38.0,38.0,36.0,38.0,27.0,27.0,39.0,39.0,27.0,37.0,37.0,39.0,47.0,38.0,24.0,33.0,41.0,40.0,27.0,36.0,33.0,26.0
31.0,31.0,34.0,30.0,37.0,31.0,27.0,35.0,29.0,38.0,40.0,30.0,36.0,31.0,29.0,43.0,38.0,38.0,46.0,21.0,35.0,34.0,28.0,41.0,37.0,37.0,33.0,34.0,28.0,31.0,38.0,41.0,43.0,58.0,30.0,22.0,32.0,26.0,32.0,35.0,29.0,37.0,29.0,29.0,29.0,27.0,35.0,40.0,33.0,30.0
23.0,25.0,24.0,21.0,22.0,19.0,19.0,35.0,25.0,22.0,11.0,23.0,29.0,24.0,18.0,28.0,19.0,18.0,33.0,19.0,25.0,19.0,25.0,25.0,32.0,25.0,21.0,25.0,21.0,28.0,9.0,19.0,28.0,24.0,18.0,28.0,36.0,23.0,23.0,24.0,24.0,20.0,23.0,25.0,22.0,25.0,28.0,21.0,22.0,18.0
30.0,38.0,37.0,37.0,36.0,38.0,33.0,40.0,40.0,40.0,31.0,44.0,33.0,40.0,40.0,50.0,34.0,29.0,33.0,40.0,44.0,32.0,33.0,34.0,39.0,36.0,41.0,38.0,41.0,35.0,38.0,37.0,40.0,35.0,30.0,26.0,38.0,41.0,41.0,29.0,34.0,32.0,41.0,31.0,32.0,29.0,46.0,41.0,37.0,41.0
33.0,24.0,18.0,20.0,15.0,24.0,31.0,20.0,19.0,20.0,23.0,28.0,23.0,22.0,36.0,25.0,28.0,21.0,24.0,22.0,27.0,30.0,27.0,23.0,28.0,24.0,26.0,37.0,22.0,31.0,30.0,23.0,19.0,20.0,21.0,31.0,19.0,27.0,18.0,19.0,25.0,28.0,26.0,24.0,21.0,33.0,29.0,31.0,20.0,36.0
36.0,32.0,26.0,34.0,33.0,33.0,29.0,27.0,36.0,29.0,27.0,28.0,35.0,31.0,31.0,29.0,25.0,27.0,29.0,35.0,40.0,34.0,29.0,19.0,39.0,40.0,32.0,29.0,31.0,20.0,44.0,34.0,25.0,28.0,26.0,36.0,41.0,28.0,36.0,34.0,27.0,26.0,38.0,26.0,27.0,25.0,25.0,24.0,30.0,33.0
