10,50,1000
19.226935,15.536853,15.873898,15.597931,18.857949,18.650575,15.943385,17.656772,17.95536,18.815221
6.063891,5.507307,7.349469,7.623263,7.373132,9.618659,7.535813,9.189418,5.353063,9.137099
0.0,10.0,20.0,30.0,40.0,50.0,60.0,70.0,80.0,90.0
10.0,0.0,10.0,20.0,30.0,40.0,50.0,60.0,70.0,80.0
20.0,10.0,0.0,10.0,20.0,30.0,40.0,50.0,60.0,70.0
30.0,20.0,10.0,0.0,10.0,20.0,30.0,40.0,50.0,60.0
40.0,30.0,20.0,10.0,0.0,10.0,20.0,30.0,40.0,50.0
50.0,40.0,30.0,20.0,10.0,0.0,10.0,20.0,30.0,40.0
60.0,50.0,40.0,30.0,20.0,10.0,0.0,10.0,20.0,30.0
70.0,60.0,50.0,40.0,30.0,20.0,10.0,0.0,10.0,20.0
80.0,70.0,60.0,50.0,40.0,30.0,20.0,10.0,0.0,10.0
90.0,80.0,70.0,60.0,50.0,40.0,30.0,20.0,10.0,0.0
450.0,400.0,350.0,300.0,250.0,250.0,300.0,350.0,400.0,450.0
0.0,1.0,2.0,3.0,4.0,5.0,6.0,7.0,8.0,9.0
1.0,0.0,1.0,2.0,3.0,4.0,5.0,6.0,7.0,8.0
2.0,1.0,0.0,1.0,2.0,3.0,4.0,5.0,6.0,7.0
3.0,2.0,1.0,0.0,1.0,2.0,3.0,4.0,5.0,6.0
4.0,3.0,2.0,1.0,0.0,1.0,2.0,3.0,4.0,5.0
5.0,4.0,3.0,2.0,1.0,0.0,1.0,2.0,3.0,4.0
6.0,5.0,4.0,3.0,2.0,1.0,0.0,1.0,2.0,3.0
7.0,6.0,5.0,4.0,3.0,2.0,1.0,0.0,1.0,2.0
8.0,7.0,6.0,5.0,4.0,3.0,2.0,1.0,0.0,1.0
9.0,8.0,7.0,6.0,5.0,4.0,3.0,2.0,1.0,0.0
45.0,40.0,35.0,30.0,25.0,25.0,30.0,35.0,40.0,45.0
27.0,20.0,24.0,21.0,28.0,19.0,22.0,22.0,28.0,24.0,39.0,29.0,23.0,28.0,33.0,27.0,23.0,29.0,17.0,38.0,20.0,25.0,27.0,33.0,29.0,29.0,31.0,14.0,26.0,30.0,22.0,24.0,22.0,23.0,31.0,26.0,24.0,22.0,27.0,32.0,23.0,23.0,16.0,35.0,27.0,30.0,28.0,29.0,20.0,25.0
17.0,14.0,22.0,22.0,27.0,24.0,17.0,28.0,22.0,28.0,23.0,26.0,22.0,16.0,30.0,28.0,23.0,24.0,23.0,20.0,21.0,21.0,21.0,16.0,22.0,11.0,30.0,20.0,22.0,19.0,19.0,17.0,27.0,18.0,19.0,17.0,19.0,28.0,37.0,20.0,24.0,24.0,17.0,19.0,20.0,18.0,17.0,28.0,26.0,20.0
21.0,31.0,40.0,25.0,19.0,24.0,25.0,38.0,20.0,21.0,28.0,29.0,20.0,30.0,32.0,33.0,30.0,26.0,24.0,19.0,27.0,28.0,27.0,22.0,26.0,24.0,23.0,22.0,30.0,41.0,35.0,26.0,23.0,25.0,27.0,26.0,28.0,30.0,25.0,24.0,29.0,28.0,30.0,21.0,32.0,24.0,31.0,28.0,26.0,21.0
36.0,25.0,30.0,29.0,30.0,25.0,13.0,29.0,39.0,31.0,28.0,29.0,24.0,25.0,36.0,37.0,32.0,34.0,33.0,29.0,39.0,21.0,28.0,26.0,31.0,28.0,32.0,31.0,36.0,33.0,23.0,21.0,28.0,26.0,20.0,26.0,30.0,27.0,35.0,35.0,27.0,18.0,31.0,28.0,32.0,38.0,31.0,35.0,24.0,23.0
27.0,32.0,28.0,29.0,30.0,28.0,36.0,30.0,29.0,31.0,36.0,34.0,27.0,39.0,29.0,29.0,19.0,37.0,22.0,32.0,26.0,36.0,35.0,27.0,35.0,26.0,24.0,29.0,26.0,26.0,27.0,32.0,21.0,19.0,39.0,20.0,36.0,30.0,27.0,29.0,26.0,35.0,33.0,31.0,24.0,33.0,23.0,31.0,25.0,24.0
36.0,35.0,36.0,52.0,36.0,21.0,31.0,26.0,47.0,31.0,31.0,29.0,49.0,29.0,28.0,33.0,40.0,33.0,45.0,32.0,35.0,32.0,31.0,38.0,36.0,46.0,28.0,47.0,30.0,32.0,42.0,32.0,45.0,39.0,32.0,34.0,32.0,34.0,36.0,40.0,35.0,42.0,34.0,35.0,36.0,40.0,34.0,36.0,45.0,35.0
33.0,39.0,30.0,25.0,27.0,28.0,21.0,30.0,28.0,41.0,26.0,29.0,27.0,24.0,21.0,22.0,32.0,37.0,28.0,15.0,28.0,36.0,28.0,23.0,28.0,30.0,28.0,37.0,30.0,35.0,39.0,36.0,31.0,21.0,28.0,28.0,39.0,27.0,30.0,32.0,29.0,29.0,33.0,28.0,24.0,26.0,30.0,31.0,29.0,29.0
35.0,31.0,31.0,28.0,32.0,33.0,36.0,30.0,34.0,25.0,33.0,32.0,33.0,33.0,40.0,22.0,33.0,30.0,40.0,29.0,35.0,33.0,31.0,35.0,35.0,35.0,31.0,22.0,31.0,22.0,38.0,30.0,28.0,42.0,38.0,32.0,37.0,42.0,36.0,36.0,24.0,31.0,24.0,45.0,37.0,40.0,29.0,34.0,36.0,29.0
21.0,26.0,23.0,24.0,29.0,27.0,27.0,20.0,22.0,29.0,19.0,18.0,21.0,12.0,26.0,26.0,20.0,21.0,25.0,17.0,27.0,22.0,22.0,22.0,23.0,19.0,19.0,19.0,23.0,25.0,23.0,26.0,15.0,33.0,23.0,25.0,13.0,21.0,28.0,20.0,17.0,21.0,18.0,14.0,14.0,18.0,26.0,26.0,25.0,21.0
35.0,32.0,24.0,37.0,36.0,27.0,29.0,31.0,42.0,31.0,32.0,31.0,29.0,35.0,32.0,41.0,35.0,35.0,26.0,36.0,26.0,29.0,43.0,45.0,46.0,27.0,28.0,38.0,34.0,28.0,29.0,43.0,39.0,27.0,29.0,39.0,31.0,35.0,31.0,28.0,33.0,34.0,29.0,39.0,33.0,38.0,38.0,26.0,41.0,30.0
