10,50,1000
18.424259,17.180871,18.795147,17.056207,19.431178,17.286664,17.08006,18.070495,19.211807,15.321226
6.058024,9.822644,9.707345,7.444451,5.563591,9.397899,5.251789,7.268377,7.580547,9.934306
0.0,10.0,20.0,30.0,40.0,50.0,60.0,70.0,80.0,90.0
10.0,0.0,10.0,20.0,30.0,40.0,50.0,60.0,70.0,80.0
20.0,10.0,0.0,10.0,20.0,30.0,40.0,50.0,60.0,70.0
30.0,20.0,10.0,0.0,10.0,20.0,30.0,40.0,50.0,60.0
40.0,30.0,20.0,10.0,0.0,10.0,20.0,30.0,40.0,50.0
50.0,40.0,30.0,20.0,10.0,0.0,10.0,20.0,30.0,40.0
60.0,50.0,40.0,30.0,20.0,10.0,0.0,10.0,20.0,30.0
70.0,60.0,50.0,40.0,30.0,20.0,10.0,0.0,10.0,20.0
80.0,70.0,60.0,50.0,40.0,30.0,20.0,10.0,0.0,10.0
90.0,80.0,70.0,60.0,50.0,40.0,30.0,20.0,10.0,0.0
450.0,400.0,350.0,300.0,250.0,250.0,300.0,350.0,400.0,450.0
0.0,1.0,2.0,3.0,4.0,5.0,6.0,7.0,8.0,9.0
1.0,0.0,1.0,2.0,3.0,4.0,5.0,6.0,7.0,8.0
2.0,1.0,0.0,1.0,2.0,3.0,4.0,5.0,6.0,7.0
3.0,2.0,1.0,0.0,1.0,2.0,3.0,4.0,5.0,6.0
4.0,3.0,2.0,1.0,0.0,1.0,2.0,3.0,4.0,5.0
5.0,4.0,3.0,2.0,1.0,0.0,1.0,2.0,3.0,4.0
6.0,5.0,4.0,3.0,2.0,1.0,0.0,1.0,2.0,3.0
7.0,6.0,5.0,4.0,3.0,2.0,1.0,0.0,1.0,2.0
8.0,7.0,6.0,5.0,4.0,3.0,2.0,1.0,0.0,1.0
9.0,8.0,7.0,6.0,5.0,4.0,3.0,2.0,1.0,0.0
45.0,40.0,35.0,30.0,25.0,25.0,30.0,35.0,40.0,45.0
37.0,26.0,32.0,21.0,20.0,21.0,15.0,19.0,19.0,24.0,27.0,28.0,24.0,18.0,21.0,26.0,36.0,23.0,21.0,15.0,27.0,27.0,19.0,16.0,32.0,23.0,29.0,15.0,27.0,27.0,26.0,22.0,32.0,20.0,26.0,26.0,23.0,22.0,20.0,21.0,25.0,25.0,18.0,30.0,24.0,21.0,24.0,22.0,28.0,19.0
34.0,43.0,37.0,43.0,42.0,47.0,32.0,36.0,37.0,41.0,27.0,36.0,29.0,37.0,20.0,23.0,42.0,40.0,36.0,43.0,41.0,23.0,47.0,28.0,27.0,32.0,32.0,34.0,37.0,36.0,37.0,38.0,35.0,47.0,41.0,35.0,35.0,44.0,46.0,31.0,39.0,37.0,36.0,41.0,34.0,27.0,35.0,28.0,35.0,42.0
35.0,35.0,33.0,32.0,50.0,41.0,22.0,44.0,42.0,38.0,27.0,41.0,38.0,57.0,34.0,41.0,36.0,29.0,35.0,27.0,37.0,30.0,43.0,30.0,29.0,38.0,49.0,43.0,31.0,32.0,35.0,32.0,48.0,32.0,27.0,35.0,43.0,42.0,36.0,35.0,26.0,26.0,39.0,31.0,45.0,33.0,40.0,42.0,47.0,35.0
27.0,31.0,20.0,38.0,30.0,26.0,28.0,17.0,16.0,37.0,25.0,23.0,29.0,23.0,35.0,36.0,23.0,30.0,28.0,32.0,22.0,27.0,31.0,23.0,23.0,27.0,35.0,27.0,30.0,19.0,36.0,31.0,19.0,31.0,23.0,22.0,39.0,26.0,34.0,29.0,35.0,37.0,26.0,29.0,21.0,21.0,26.0,22.0,33.0,16.0
30.0,20.0,23.0,25.0,30.0,22.0,25.0,27.0,24.0,21.0,28.0,22.0,30.0,27.0,23.0,18.0,25.0,15.0,15.0,18.0,26.0,34.0,23.0,18.0,16.0,28.0,15.0,31.0,14.0,16.0,19.0,21.0,20.0,16.0,20.0,33.0,33.0,21.0,28.0,28.0,33.0,25.0,37.0,25.0,24.0,21.0,29.0,22.0,31.0,15.0
36.0,27.0,39.0,32.0,38.0,44.0,38.0,38.0,38.0,32.0,37.0,37.0,25.0,39.0,39.0,28.0,35.0,31.0,31.0,33.0,44.0,39.0,27.0,43.0,43.0,33.0,39.0,36.0,41.0,32.0,40.0,26.0,34.0,42.0,44.0,26.0,39.0,34.0,33.0,38.0,34.0,27.0,39.0,35.0,39.0,43.0,32.0,31.0,44.0,38.0
24.0,29.0,23.0,24.0,20.0,20.0,24.0,20.0,24.0,21.0,22.0,27.0,27.0,30.0,26.0,25.0,24.0,29.0,24.0,21.0,20.0,23.0,27.0,25.0,24.0,18.0,16.0,20.0,19.0,13.0,24.0,33.0,23.0,28.0,24.0,16.0,25.0,19.0,26.0,25.0,18.0,26.0,22.0,22.0,29.0,14.0,28.0,24.0,19.0,15.0
26.0,26.0,34.0,22.0,33.0,28.0,32.0,19.0,33.0,27.0,20.0,28.0,31.0,27.0,34.0,16.0,40.0,25.0,24.0,36.0,29.0,28.0,33.0,26.0,22.0,25.0,22.0,32.0,36.0,24.0,28.0,26.0,38.0,31.0,21.0,27.0,35.0,19.0,27.0,30.0,24.0,23.0,26.0,25.0,24.0,20.0,26.0,29.0,32.0,32.0
23.0,18.0,27.0,27.0,23.0,29.0,36.0,22.0,29.0,29.0,23.0,31.0,41.0,29.0,27.0,29.0,29.0,28.0,30.0,28.0,27.0,39.0,29.0,21.0,28.0,42.0,32.0,35.0,24.0,19.0,34.0,34.0,28.0,33.0,36.0,36.0,23.0,21.0,32.0,35.0,32.0,26.0,42.0,30.0,38.0,25.0,33.0,35.0,27.0,21.0
35.0,33.0,33.0,42.0,44.0,29.0,32.0,34.0,35.0,38.0,35.0,38.0,38.0,37.0,26.0,40.0,41.0,33.0,46.0,36.0,32.0,27.0,37.0,30.0,44.0,43.0,40.0,35.0,32.0,35.0,22.0,32.0,26.0,35.0,44.0,40.0,37.0,41.0,32.0,41.0,43.0,38.0,29.0,29.0,33.0,24.0,33.0,32.0,29.0,36.0
