10,50,1000
17.101766,16.51188,15.927174,17.624955,19.570488,15.798443,17.567929,19.889584,19.79178,17.724076
7.939833,8.200811,6.107713,5.382364,5.364653,8.655907,9.452426,7.3607,7.724916,5.041359
0.0,10.0,20.0,30.0,40.0,50.0,60.0,70.0,80.0,90.0
10.0,0.0,10.0,20.0,30.0,40.0,50.0,60.0,70.0,80.0
20.0,10.0,0.0,10.0,20.0,30.0,40.0,50.0,60.0,70.0
30.0,20.0,10.0,0.0,10.0,20.0,30.0,40.0,50.0,60.0
40.0,30.0,20.0,10.0,0.0,10.0,20.0,30.0,40.0,50.0
50.0,40.0,30.0,20.0,10.0,0.0,10.0,20.0,30.0,40.0
60.0,50.0,40.0,30.0,20.0,10.0,0.0,10.0,20.0,30.0
70.0,60.0,50.0,40.0,30.0,20.0,10.0,0.0,10.0,20.0
80.0,70.0,60.0,50.0,40.0,30.0,20.0,10.0,0.0,10.0
90.0,80.0,70.0,60.0,50.0,40.0,30.0,20.0,10.0,0.0
450.0,400.0,350.0,300.0,250.0,250.0,300.0,350.0,400.0,450.0
0.0,1.0,2.0,3.0,4.0,5.0,6.0,7.0,8.0,9.0
1.0,0.0,1.0,2.0,3.0,4.0,5.0,6.0,7.0,8.0
2.0,1.0,0.0,1.0,2.0,3.0,4.0,5.0,6.0,7.0
3.0,2.0,1.0,0.0,1.0,2.0,3.0,4.0,5.0,6.0
4.0,3.0,2.0,1.0,0.0,1.0,2.0,3.0,4.0,5.0
5.0,4.0,3.0,2.0,1.0,0.0,1.0,2.0,3.0,4.0
6.0,5.0,4.0,3.0,2.0,1.0,0.0,1.0,2.0,3.0
7.0,6.0,5.0,4.0,3.0,2.0,1.0,0.0,1.0,2.0
8.0,7.0,6.0,5.0,4.0,3.0,2.0,1.0,0.0,1.0
9.0,8.0,7.0,6.0,5.0,4.0,3.0,2.0,1.0,0.0
45.0,40.0,35.0,30.0,25.0,25.0,30.0,35.0,40.0,45.0
28.0,35.0,34.0,26.0,37.0,30.0,34.0,40.0,32.0,30.0,30.0,26.0,16.0,29.0,24.0,32.0,32.0,31.0,32.0,28.0,26.0,27.0,31.0,35.0,32.0,29.0,42.0,30.0,29.0,28.0,43.0,31.0,22.0,26.0,28.0,33.0,34.0,33.0,32.0,31.0,30.0,30.0,25.0,31.0,31.0,32.0,34.0,43.0,27.0,41.0
30.0,29.0,33.0,27.0,34.0,29.0,26.0,24.0,34.0,30.0,28.0,33.0,24.0,35.0,31.0,26.0,33.0,26.0,25.0,25.0,26.0,34.0,33.0,33.0,25.0,25.0,31.0,31.0,37.0,30.0,32.0,35.0,35.0,28.0,22.0,31.0,34.0,33.0,24.0,30.0,19.0,29.0,32.0,20.0,24.0,16.0,40.0,31.0,38.0,33.0
21.0,25.0,30.0,26.0,25.0,28.0,24.0,22.0,18.0,21.0,29.0,24.0,17.0,29.0,29.0,28.0,28.0,23.0,19.0,17.0,21.0,27.0,20.0,25.0,21.0,33.0,22.0,33.0,22.0,26.0,31.0,26.0,20.0,27.0,23.0,23.0,15.0,27.0,29.0,19.0,21.0,14.0,22.0,23.0,20.0,26.0,32.0,19.0,31.0,19.0
24.0,12.0,23.0,25.0,14.0,27.0,21.0,29.0,17.0,18.0,19.0,29.0,19.0,19.0,21.0,17.0,17.0,24.0,23.0,24.0,22.0,22.0,20.0,36.0,27.0,20.0,24.0,26.0,25.0,24.0,22.0,22.0,24.0,18.0,22.0,14.0,18.0,21.0,31.0,34.0,27.0,26.0,21.0,18.0,13.0,20.0,24.0,13.0,21.0,17.0
30.0,16.0,28.0,22.0,21.0,28.0,19.0,21.0,27.0,22.0,23.0,22.0,24.0,22.0,21.0,27.0,25.0,31.0,23.0,25.0,17.0,23.0,19.0,19.0,21.0,26.0,18.0,30.0,16.0,34.0,14.0,17.0,21.0,21.0,21.0,18.0,23.0,29.0,16.0,26.0,17.0,32.0,17.0,19.0,26.0,21.0,25.0,23.0,23.0,24.0
31.0,45.0,32.0,32.0,30.0,37.0,40.0,31.0,35.0,26.0,39.0,29.0,34.0,32.0,29.0,35.0,42.0,36.0,31.0,37.0,34.0,36.0,23.0,30.0,27.0,32.0,31.0,27.0,23.0,21.0,31.0,40.0,37.0,29.0,31.0,33.0,36.0,31.0,28.0,24.0,38.0,21.0,29.0,33.0,30.0,32.0,28.0,24.0,36.0,37.0
29.0,24.0,27.0,35.0,35.0,43.0,34.0,37.0,41.0,49.0,43.0,34.0,29.0,28.0,34.0,32.0,37.0,36.0,39.0,32.0,30.0,40.0,23.0,33.0,31.0,41.0,31.0,39.0,38.0,30.0,29.0,32.0,41.0,33.0,31.0,27.0,34.0,31.0,24.0,35.0,24.0,27.0,32.0,26.0,41.0,33.0,28.0,32.0,41.0,30.0
20.0,30.0,29.0,29.0,28.0,27.0,25.0,35.0,33.0,31.0,24.0,30.0,39.0,30.0,28.0,28.0,24.0,30.0,25.0,18.0,29.0,45.0,31.0,25.0,35.0,26.0,28.0,29.0,25.0,29.0,38.0,43.0,27.0,31.0,27.0,31.0,27.0,24.0,34.0,19.0,25.0,33.0,33.0,22.0,32.0,25.0,31.0,34.0,36.0,36.0
16.0,28.0,31.0,23.0,32.0,23.0,35.0,31.0,31.0,28.0,29.0,28.0,25.0,21.0,25.0,31.0,27.0,27.0,28.0,23.0,34.0,23.0,29.0,21.0,23.0,27.0,27.0,35.0,27.0,38.0,35.0,33.0,31.0,28.0,26.0,26.0,35.0,22.0,31.0,44.0,31.0,26.0,31.0,22.0,36.0,27.0,27.0,28.0,31.0,35.0
20.0,24.0,14.0,17.0,25.0,14.0,18.0,27.0,21.0,14.0,18.0,17.0,18.0,20.0,27.0,23.0,24.0,24.0,22.0,26.0,18.0,27.0,25.0,23.0,24.0,16.0,22.0,20.0,35.0,13.0,18.0,24.0,22.0,23.0,28.0,25.0,20.0,18.0,18.0,16.0,14.0,19.0,15.0,25.0,28.0,24.0,17.0,26.0,18.0,24.0
