10,50,1000
15.170913,17.20174,16.456647,16.096463,19.6287,17.706986,15.725886,18.347924,17.156328,18.653669
5.857736,6.358989,8.330813,9.16262,5.348341,7.847829,7.274754,6.579996,6.700344,8.816128
0.0,10.0,20.0,30.0,40.0,50.0,60.0,70.0,80.0,90.0
10.0,0.0,10.0,20.0,30.0,40.0,50.0,60.0,70.0,80.0
20.0,10.0,0.0,10.0,20.0,30.0,40.0,50.0,60.0,70.0
30.0,20.0,10.0,0.0,10.0,20.0,30.0,40.0,50.0,60.0
40.0,30.0,20.0,10.0,0.0,10.0,20.0,30.0,40.0,50.0
50.0,40.0,30.0,20.0,10.0,0.0,10.0,20.0,30.0,40.0
60.0,50.0,40.0,30.0,20.0,10.0,0.0,10.0,20.0,30.0
70.0,60.0,50.0,40.0,30.0,20.0,10.0,0.0,10.0,20.0
80.0,70.0,60.0,50.0,40.0,30.0,20.0,10.0,0.0,10.0
90.0,80.0,70.0,60.0,50.0,40.0,30.0,20.0,10.0,0.0
450.0,400.0,350.0,300.0,250.0,250.0,300.0,350.0,400.0,450.0
0.0,1.0,2.0,3.0,4.0,5.0,6.0,7.0,8.0,9.0
1.0,0.0,1.0,2.0,3.0,4.0,5.0,6.0,7.0,8.0
2.0,1.0,0.0,1.0,2.0,3.0,4.0,5.0,6.0,7.0
3.0,2.0,1.0,0.0,1.0,2.0,3.0,4.0,5.0,6.0
4.0,3.0,2.0,1.0,0.0,1.0,2.0,3.0,4.0,5.0
5.0,4.0,3.0,2.0,1.0,0.0,1.0,2.0,3.0,4.0
6.0,5.0,4.0,3.0,2.0,1.0,0.0,1.0,2.0,3.0
7.0,6.0,5.0,4.0,3.0,2.0,1.0,0.0,1.0,2.0
8.0,7.0,6.0,5.0,4.0,3.0,2.0,1.0,0.0,1.0
9.0,8.0,7.0,6.0,5.0,4.0,3.0,2.0,1.0,0.0
45.0,40.0,35.0,30.0,25.0,25.0,30.0,35.0,40.0,45.0
24.0,15.0,27.0,14.0,20.0,26.0,24.0,23.0,23.0,23.0,25.0,28.0,17.0,21.0,28.0,19.0,31.0,22.0,21.0,22.0,24.0,39.0,15.0,22.0,24.0,21.0,19.0,16.0,21.0,26.0,23.0,22.0,22.0,24.0,22.0,22.0,22.0,19.0,31.0,22.0,25.0,25.0,23.0,17.0,21.0,15.0,28.0,22.0,18.0,19.0
38.0,25.0,28.0,18.0,36.0,18.0,39.0,28.0,28.0,29.0,26.0,26.0,26.0,25.0,24.0,20.0,27.0,26.0,25.0,28.0,30.0,8.0,24.0,24.0,26.0,32.0,23.0,30.0,38.0,19.0,30.0,27.0,23.0,19.0,19.0,31.0,37.0,33.0,28.0,27.0,19.0,23.0,26.0,21.0,32.0,18.0,25.0,26.0,25.0,26.0
30.0,25.0,38.0,44.0,29.0,33.0,30.0,37.0,26.0,30.0,29.0,32.0,33.0,33.0,26.0,42.0,40.0,34.0,34.0,30.0,31.0,27.0,28.0,37.0,33.0,37.0,33.0,44.0,39.0,31.0,31.0,36.0,23.0,26.0,31.0,28.0,36.0,30.0,39.0,33.0,39.0,22.0,28.0,36.0,26.0,26.0,28.0,40.0,26.0,31.0
38.0,30.0,43.0,43.0,40.0,35.0,31.0,36.0,23.0,42.0,26.0,41.0,37.0,47.0,34.0,45.0,33.0,41.0,26.0,32.0,39.0,36.0,34.0,45.0,37.0,36.0,35.0,34.0,32.0,50.0,35.0,36.0,22.0,34.0,40.0,35.0,28.0,33.0,35.0,29.0,33.0,36.0,32.0,36.0,38.0,35.0,29.0,32.0,28.0,33.0
18.0,31.0,34.0,21.0,25.0,32.0,22.0,19.0,22.0,27.0,30.0,28.0,22.0,28.0,19.0,19.0,26.0,22.0,24.0,18.0,23.0,23.0,24.0,22.0,16.0,20.0,24.0,27.0,26.0,16.0,21.0,23.0,22.0,22.0,19.0,18.0,19.0,14.0,23.0,22.0,34.0,25.0,23.0,31.0,28.0,24.0,19.0,40.0,24.0,19.0
38.0,24.0,27.0,29.0,32.0,34.0,31.0,28.0,31.0,38.0,36.0,41.0,29.0,32.0,30.0,20.0,33.0,33.0,34.0,17.0,25.0,27.0,31.0,32.0,29.0,33.0,25.0,24.0,25.0,27.0,32.0,41.0,30.0,32.0,34.0,24.0,23.0,36.0,35.0,30.0,24.0,31.0,37.0,32.0,22.0,28.0,27.0,41.0,35.0,29.0
26.0,30.0,16.0,23.0,32.0,25.0,26.0,18.0,26.0,24.0,20.0,30.0,25.0,22.0,26.0,30.0,32.0,25.0,21.0,26.0,32.0,20.0,26.0,30.0,39.0,29.0,20.0,19.0,29.0,24.0,17.0,29.0,24.0,26.0,23.0,23.0,34.0,26.0,32.0,17.0,23.0,30.0,41.0,30.0,28.0,24.0,20.0,19.0,27.0,22.0
18.0,22.0,24.0,29.0,25.0,27.0,27.0,30.0,23.0,28.0,29.0,24.0,30.0,24.0,23.0,19.0,32.0,29.0,30.0,31.0,23.0,21.0,29.0,36.0,27.0,24.0,31.0,22.0,31.0,36.0,24.0,19.0,38.0,28.0,29.0,16.0,25.0,27.0,24.0,23.0,31.0,29.0,26.0,18.0,30.0,33.0,28.0,33.0,20.0,28.0
23.0,24.0,31.0,25.0,28.0,22.0,25.0,37.0,19.0,31.0,24.0,34.0,19.0,24.0,32.0,27.0,23.0,26.0,18.0,21.0,19.0,22.0,25.0,18.0,25.0,25.0,18.0,30.0,19.0,25.0,24.0,16.0,28.0,24.0,21.0,26.0,23.0,25.0,31.0,25.0,24.0,33.0,42.0,28.0,31.0,27.0,30.0,24.0,18.0,23.0
31.0,37.0,25.0,49.0,40.0,40.0,20.0,37.0,37.0,28.0,38.0,32.0,38.0,32.0,36.0,40.0,40.0,34.0,34.0,29.0,38.0,31.0,31.0,35.0,30.0,34.0,48.0,24.0,37.0,24.0,38.0,35.0,35.0,44.0,50.0,33.0,24.0,33.0,22.0,28.0,27.0,31.0,37.0,25.0,31.0,26.0,30.0,45.0,35.0,33.0
