10,50,1000
15.215766,17.312182,15.696955,16.910388,15.992936,19.640603,18.51057,15.906347,19.958008,16.045877
5.877006,5.777644,7.295,6.608153,7.248221,5.047872,9.751843,5.73951,6.870255,8.276352
0.0,10.0,20.0,30.0,40.0,50.0,60.0,70.0,80.0,90.0
10.0,0.0,10.0,20.0,30.0,40.0,50.0,60.0,70.0,80.0
20.0,10.0,0.0,10.0,20.0,30.0,40.0,50.0,60.0,70.0
30.0,20.0,10.0,0.0,10.0,20.0,30.0,40.0,50.0,60.0
40.0,30.0,20.0,10.0,0.0,10.0,20.0,30.0,40.0,50.0
50.0,40.0,30.0,20.0,10.0,0.0,10.0,20.0,30.0,40.0
60.0,50.0,40.0,30.0,20.0,10.0,0.0,10.0,20.0,30.0
70.0,60.0,50.0,40.0,30.0,20.0,10.0,0.0,10.0,20.0
80.0,70.0,60.0,50.0,40.0,30.0,20.0,10.0,0.0,10.0
90.0,80.0,70.0,60.0,50.0,40.0,30.0,20.0,10.0,0.0
450.0,400.0,350.0,300.0,250.0,250.0,300.0,350.0,400.0,450.0
0.0,1.0,2.0,3.0,4.0,5.0,6.0,7.0,8.0,9.0
1.0,0.0,1.0,2.0,3.0,4.0,5.0,6.0,7.0,8.0
2.0,1.0,0.0,1.0,2.0,3.0,4.0,5.0,6.0,7.0
3.0,2.0,1.0,0.0,1.0,2.0,3.0,4.0,5.0,6.0
4.0,3.0,2.0,1.0,0.0,1.0,2.0,3.0,4.0,5.0
5.0,4.0,3.0,2.0,1.0,0.0,1.0,2.0,3.0,4.0
6.0,5.0,4.0,3.0,2.0,1.0,0.0,1.0,2.0,3.0
7.0,6.0,5.0,4.0,3.0,2.0,1.0,0.0,1.0,2.0
8.0,7.0,6.0,5.0,4.0,3.0,2.0,1.0,0.0,1.0
9.0,8.0,7.0,6.0,5.0,4.0,3.0,2.0,1.0,0.0
45.0,40.0,35.0,30.0,25.0,25.0,30.0,35.0,40.0,45.0
25.0,25.0,24.0,23.0,20.0,16.0,30.0,28.0,17.0,20.0,24.0,19.0,22.0,38.0,30.0,18.0,18.0,28.0,29.0,27.0,24.0,26.0,20.0,21.0,29.0,13.0,20.0,18.0,25.0,22.0,23.0,25.0,25.0,23.0,31.0,25.0,25.0,26.0,26.0,31.0,32.0,22.0,21.0,16.0,27.0,21.0,22.0,32.0,24.0,24.0
23.0,27.0,20.0,29.0,21.0,29.0,20.0,17.0,31.0,14.0,19.0,19.0,18.0,23.0,22.0,21.0,28.0,18.0,20.0,21.0,25.0,17.0,24.0,26.0,20.0,34.0,26.0,32.0,26.0,19.0,24.0,15.0,30.0,23.0,27.0,29.0,32.0,25.0,22.0,20.0,23.0,24.0,21.0,24.0,24.0,34.0,20.0,19.0,27.0,28.0
32.0,23.0,31.0,34.0,29.0,27.0,18.0,29.0,18.0,22.0,33.0,19.0,29.0,28.0,31.0,21.0,31.0,22.0,30.0,28.0,22.0,29.0,29.0,25.0,28.0,26.0,36.0,22.0,37.0,35.0,29.0,24.0,27.0,33.0,22.0,29.0,27.0,30.0,27.0,30.0,29.0,16.0,17.0,33.0,25.0,24.0,28.0,37.0,30.0,29.0
28.0,18.0,30.0,17.0,32.0,21.0,24.0,24.0,21.0,13.0,28.0,35.0,25.0,23.0,39.0,21.0,29.0,23.0,26.0,23.0,29.0,33.0,27.0,21.0,32.0,25.0,31.0,25.0,28.0,28.0,16.0,33.0,24.0,35.0,17.0,25.0,16.0,18.0,20.0,18.0,22.0,27.0,24.0,23.0,25.0,21.0,19.0,25.0,23.0,34.0
25.0,36.0,30.0,29.0,24.0,25.0,24.0,30.0,31.0,21.0,26.0,32.0,26.0,28.0,29.0,31.0,26.0,24.0,27.0,19.0,29.0,31.0,27.0,21.0,23.0,29.0,25.0,34.0,33.0,29.0,25.0,20.0,28.0,25.0,30.0,25.0,26.0,31.0,35.0,37.0,31.0,27.0,24.0,27.0,26.0,28.0,30.0,41.0,26.0,26.0
23.0,16.0,20.0,19.0,20.0,21.0,18.0,22.0,17.0,20.0,34.0,24.0,24.0,24.0,22.0,20.0,21.0,14.0,19.0,21.0,20.0,21.0,27.0,21.0,22.0,19.0,21.0,18.0,24.0,26.0,16.0,22.0,14.0,20.0,22.0,27.0,17.0,19.0,22.0,22.0,16.0,23.0,19.0,24.0,18.0,22.0,22.0,23.0,16.0,21.0
29.0,29.0,34.0,38.0,30.0,34.0,39.0,39.0,30.0,41.0,36.0,30.0,41.0,23.0,50.0,29.0,32.0,38.0,35.0,35.0,31.0,29.0,38.0,40.0,45.0,32.0,41.0,39.0,32.0,36.0,41.0,34.0,32.0,38.0,32.0,37.0,43.0,30.0,33.0,40.0,40.0,29.0,35.0,40.0,39.0,35.0,31.0,31.0,44.0,45.0
12.0,19.0,14.0,27.0,25.0,20.0,25.0,27.0,20.0,22.0,20.0,27.0,22.0,26.0,30.0,21.0,23.0,29.0,22.0,23.0,17.0,18.0,24.0,19.0,24.0,23.0,18.0,18.0,18.0,22.0,20.0,21.0,31.0,27.0,22.0,30.0,17.0,24.0,30.0,16.0,18.0,14.0,29.0,27.0,23.0,12.0,40.0,29.0,29.0,24.0
32.0,29.0,24.0,31.0,21.0,37.0,33.0,31.0,20.0,28.0,33.0,24.0,30.0,24.0,31.0,31.0,37.0,33.0,30.0,31.0,21.0,30.0,36.0,27.0,28.0,31.0,24.0,37.0,28.0,23.0,31.0,35.0,24.0,26.0,27.0,31.0,25.0,29.0,25.0,17.0,29.0,25.0,25.0,26.0,36.0,23.0,27.0,28.0,32.0,21.0
31.0,37.0,35.0,28.0,40.0,27.0,20.0,38.0,25.0,23.0,31.0,30.0,22.0,42.0,31.0,31.0,37.0,43.0,36.0,28.0,23.0,29.0,36.0,32.0,40.0,29.0,34.0,28.0,41.0,38.0,27.0,30.0,28.0,30.0,21.0,26.0,39.0,28.0,30.0,36.0,39.0,37.0,31.0,35.0,25.0,33.0,36.0,36.0,38.0,28.0
