10,50,1000
19.640798,17.549484,17.279845,19.48441,17.039139,15.529314,16.622605,15.337188,17.135237,17.669548
8.106483,6.299306,7.09916,7.238613,5.565505,9.787353,6.24121,8.231134,6.277174,5.329534
0.0,10.0,20.0,30.0,40.0,50.0,60.0,70.0,80.0,90.0
10.0,0.0,10.0,20.0,30.0,40.0,50.0,60.0,70.0,80.0
20.0,10.0,0.0,10.0,20.0,30.0,40.0,50.0,60.0,70.0
30.0,20.0,10.0,0.0,10.0,20.0,30.0,40.0,50.0,60.0
40.0,30.0,20.0,10.0,0.0,10.0,20.0,30.0,40.0,50.0
50.0,40.0,30.0,20.0,10.0,0.0,10.0,20.0,30.0,40.0
60.0,50.0,40.0,30.0,20.0,10.0,0.0,10.0,20.0,30.0
70.0,60.0,50.0,40.0,30.0,20.0,10.0,0.0,10.0,20.0
80.0,70.0,60.0,50.0,40.0,30.0,20.0,10.0,0.0,10.0
90.0,80.0,70.0,60.0,50.0,40.0,30.0,20.0,10.0,0.0
450.0,400.0,350.0,300.0,250.0,250.0,300.0,350.0,400.0,450.0
0.0,1.0,2.0,3.0,4.0,5.0,6.0,7.0,8.0,9.0
1.0,0.0,1.0,2.0,3.0,4.0,5.0,6.0,7.0,8.0
2.0,1.0,0.0,1.0,2.0,3.0,4.0,5.0,6.0,7.0
3.0,2.0,1.0,0.0,1.0,2.0,3.0,4.0,5.0,6.0
4.0,3.0,2.0,1.0,0.0,1.0,2.0,3.0,4.0,5.0
5.0,4.0,3.0,2.0,1.0,0.0,1.0,2.0,3.0,4.0
6.0,5.0,4.0,3.0,2.0,1.0,0.0,1.0,2.0,3.0
7.0,6.0,5.0,4.0,3.0,2.0,1.0,0.0,1.0,2.0
8.0,7.0,6.0,5.0,4.0,3.0,2.0,1.0,0.0,1.0
9.0,8.0,7.0,6.0,5.0,4.0,3.0,2.0,1.0,0.0
45.0,40.0,35.0,30.0,25.0,25.0,30.0,35.0,40.0,45.0
32.0,36.0,33.0,16.0,36.0,27.0,28.0,29.0,28.0,27.0,29.0,31.0,33.0,35.0,42.0,33.0,32.0,36.0,34.0,32.0,34.0,34.0,32.0,26.0,26.0,35.0,31.0,35.0,36.0,27.0,37.0,34.0,34.0,27.0,30.0,30.0,31.0,32.0,31.0,27.0,32.0,27.0,32.0,34.0,25.0,34.0,25.0,29.0,30.0,37.0
21.0,26.0,27.0,29.0,24.0,14.0,19.0,28.0,17.0,27.0,33.0,22.0,22.0,20.0,29.0,22.0,27.0,35.0,20.0,28.0,23.0,20.0,23.0,30.0,32.0,27.0,26.0,30.0,28.0,18.0,27.0,32.0,19.0,30.0,36.0,18.0,32.0,19.0,32.0,24.0,26.0,28.0,27.0,17.0,32.0,38.0,27.0,28.0,18.0,20.0
25.0,30.0,23.0,36.0,17.0,24.0,31.0,21.0,34.0,32.0,30.0,39.0,28.0,24.0,22.0,30.0,26.0,28.0,30.0,28.0,28.0,31.0,22.0,30.0,21.0,26.0,39.0,46.0,32.0,28.0,21.0,22.0,32.0,17.0,30.0,31.0,26.0,26.0,27.0,30.0,36.0,21.0,22.0,31.0,39.0,31.0,35.0,26.0,23.0,13.0
29.0,29.0,17.0,31.0,29.0,22.0,32.0,38.0,35.0,25.0,21.0,21.0,40.0,31.0,36.0,33.0,30.0,30.0,26.0,15.0,37.0,34.0,34.0,39.0,20.0,33.0,35.0,38.0,33.0,29.0,28.0,26.0,22.0,21.0,38.0,23.0,29.0,41.0,20.0,28.0,33.0,21.0,28.0,32.0,43.0,32.0,31.0,38.0,24.0,25.0
21.0,16.0,25.0,29.0,20.0,29.0,25.0,29.0,32.0,26.0,18.0,25.0,24.0,22.0,23.0,29.0,21.0,22.0,21.0,20.0,23.0,18.0,25.0,14.0,20.0,17.0,21.0,17.0,33.0,21.0,19.0,22.0,17.0,16.0,30.0,20.0,21.0,19.0,20.0,16.0,26.0,22.0,25.0,17.0,20.0,19.0,28.0,16.0,19.0,28.0
34.0,36.0,36.0,46.0,30.0,30.0,28.0,35.0,36.0,40.0,50.0,39.0,30.0,33.0,31.0,37.0,31.0,39.0,28.0,36.0,39.0,32.0,39.0,28.0,45.0,29.0,39.0,29.0,37.0,40.0,28.0,43.0,34.0,30.0,39.0,38.0,37.0,33.0,27.0,34.0,26.0,33.0,28.0,44.0,37.0,40.0,30.0,26.0,28.0,28.0
20.0,27.0,29.0,27.0,22.0,24.0,29.0,29.0,21.0,20.0,28.0,26.0,29.0,19.0,29.0,19.0,31.0,27.0,26.0,26.0,29.0,22.0,24.0,20.0,23.0,18.0,29.0,23.0,25.0,19.0,21.0,30.0,39.0,25.0,24.0,25.0,22.0,25.0,25.0,24.0,29.0,20.0,21.0,28.0,22.0,33.0,29.0,22.0,27.0,20.0
28.0,29.0,33.0,24.0,23.0,28.0,23.0,30.0,30.0,27.0,30.0,30.0,34.0,32.0,33.0,23.0,40.0,23.0,24.0,29.0,26.0,32.0,27.0,27.0,30.0,24.0,35.0,24.0,19.0,30.0,26.0,20.0,36.0,32.0,40.0,34.0,26.0,33.0,31.0,23.0,34.0,27.0,23.0,35.0,34.0,26.0,36.0,33.0,33.0,32.0
29.0,35.0,25.0,30.0,26.0,18.0,21.0,28.0,25.0,24.0,28.0,17.0,25.0,30.0,27.0,27.0,20.0,33.0,23.0,20.0,26.0,23.0,34.0,32.0,25.0,22.0,23.0,21.0,21.0,27.0,37.0,31.0,21.0,26.0,28.0,25.0,20.0,25.0,23.0,27.0,40.0,22.0,29.0,28.0,16.0,24.0,33.0,29.0,26.0,26.0
27.0,27.0,21.0,20.0,18.0,17.0,17.0,22.0,27.0,22.0,16.0,26.0,25.0,23.0,23.0,19.0,16.0,22.0,19.0,24.0,22.0,21.0,18.0,16.0,32.0,23.0,17.0,23.0,23.0,27.0,23.0,23.0,18.0,19.0,14.0,33.0,21.0,23.0,24.0,19.0,28.0,15.0,23.0,24.0,22.0,23.0,19.0,31.0,22.0,26.0
