10,50,1000
16.507174,16.122163,18.601213,16.597168,17.928426,16.015835,18.797132,15.663742,19.812154,16.713804
5.354896,9.806425,9.925193,8.190395,8.217005,5.851165,6.107067,9.879116,7.571792,7.405621
0.0,10.0,20.0,30.0,40.0,50.0,60.0,70.0,80.0,90.0
10.0,0.0,10.0,20.0,30.0,40.0,50.0,60.0,70.0,80.0
20.0,10.0,0.0,10.0,20.0,30.0,40.0,50.0,60.0,70.0
30.0,20.0,10.0,0.0,10.0,20.0,30.0,40.0,50.0,60.0
40.0,30.0,20.0,10.0,0.0,10.0,20.0,30.0,40.0,50.0
50.0,40.0,30.0,20.0,10.0,0.0,10.0,20.0,30.0,40.0
60.0,50.0,40.0,30.0,20.0,10.0,0.0,10.0,20.0,30.0
70.0,60.0,50.0,40.0,30.0,20.0,10.0,0.0,10.0,20.0
80.0,70.0,60.0,50.0,40.0,30.0,20.0,10.0,0.0,10.0
90.0,80.0,70.0,60.0,50.0,40.0,30.0,20.0,10.0,0.0
450.0,400.0,350.0,300.0,250.0,250.0,300.0,350.0,400.0,450.0
0.0,1.0,2.0,3.0,4.0,5.0,6.0,7.0,8.0,9.0
1.0,0.0,1.0,2.0,3.0,4.0,5.0,6.0,7.0,8.0
2.0,1.0,0.0,1.0,2.0,3.0,4.0,5.0,6.0,7.0
3.0,2.0,1.0,0.0,1.0,2.0,3.0,4.0,5.0,6.0
4.0,3.0,2.0,1.0,0.0,1.0,2.0,3.0,4.0,5.0
5.0,4.0,3.0,2.0,1.0,0.0,1.0,2.0,3.0,4.0
6.0,5.0,4.0,3.0,2.0,1.0,0.0,1.0,2.0,3.0
7.0,6.0,5.0,4.0,3.0,2.0,1.0,0.0,1.0,2.0
8.0,7.0,6.0,5.0,4.0,3.0,2.0,1.0,0.0,1.0
9.0,8.0,7.0,6.0,5.0,4.0,3.0,2.0,1.0,0.0
45.0,40.0,35.0,30.0,25.0,25.0,30.0,35.0,40.0,45.0
25.0,30.0,25.0,31.0,20.0,34.0,23.0,30.0,17.0,20.0,27.0,22.0,24.0,25.0,27.0,22.0,14.0,16.0,24.0,9.0,20.0,30.0,20.0,22.0,21.0,21.0,21.0,20.0,26.0,27.0,23.0,30.0,15.0,23.0,20.0,24.0,23.0,18.0,21.0,20.0,20.0,18.0,23.0,24.0,26.0,19.0,19.0,12.0,18.0,21.0
36.0,30.0,36.0,38.0,32.0,33.0,39.0,43.0,27.0,25.0,33.0,34.0,37.0,38.0,28.0,44.0,33.0,36.0,35.0,34.0,36.0,38.0,34.0,32.0,39.0,36.0,36.0,41.0,44.0,45.0,33.0,35.0,32.0,34.0,33.0,42.0,35.0,36.0,39.0,33.0,32.0,37.0,35.0,39.0,49.0,34.0,40.0,33.0,29.0,39.0
40.0,32.0,40.0,40.0,32.0,36.0,37.0,37.0,38.0,47.0,39.0,39.0,36.0,43.0,37.0,33.0,41.0,40.0,46.0,45.0,40.0,31.0,32.0,46.0,33.0,27.0,32.0,39.0,29.0,45.0,39.0,38.0,41.0,46.0,43.0,33.0,22.0,49.0,35.0,40.0,40.0,31.0,33.0,31.0,26.0,27.0,39.0,35.0,39.0,42.0
29.0,39.0,23.0,31.0,28.0,29.0,44.0,34.0,24.0,24.0,21.0,31.0,27.0,31.0,36.0,21.0,24.0,30.0,33.0,34.0,36.0,36.0,32.0,27.0,40.0,35.0,31.0,29.0,26.0,24.0,29.0,17.0,33.0,31.0,45.0,33.0,36.0,27.0,27.0,38.0,25.0,30.0,38.0,37.0,39.0,29.0,27.0,30.0,31.0,30.0
28.0,35.0,21.0,31.0,28.0,33.0,25.0,28.0,40.0,27.0,33.0,27.0,46.0,33.0,38.0,32.0,28.0,32.0,27.0,28.0,34.0,25.0,30.0,31.0,32.0,35.0,32.0,36.0,42.0,33.0,33.0,31.0,33.0,33.0,40.0,22.0,34.0,29.0,22.0,32.0,31.0,28.0,33.0,29.0,27.0,33.0,24.0,31.0,39.0,30.0
23.0,19.0,21.0,26.0,30.0,24.0,24.0,17.0,15.0,29.0,25.0,31.0,18.0,22.0,31.0,30.0,22.0,17.0,28.0,29.0,18.0,21.0,25.0,26.0,26.0,24.0,35.0,17.0,25.0,21.0,24.0,29.0,23.0,24.0,31.0,23.0,25.0,14.0,29.0,27.0,23.0,20.0,19.0,29.0,24.0,24.0,17.0,27.0,21.0,25.0
24.0,18.0,25.0,29.0,29.0,25.0,28.0,28.0,23.0,18.0,28.0,28.0,17.0,19.0,18.0,29.0,25.0,21.0,16.0,35.0,32.0,21.0,26.0,20.0,23.0,22.0,20.0,20.0,24.0,24.0,23.0,18.0,23.0,25.0,21.0,22.0,25.0,29.0,18.0,18.0,16.0,33.0,20.0,19.0,22.0,22.0,35.0,28.0,22.0,21.0
41.0,45.0,33.0,36.0,36.0,28.0,33.0,29.0,40.0,39.0,43.0,42.0,43.0,39.0,42.0,31.0,34.0,31.0,33.0,33.0,38.0,28.0,31.0,36.0,31.0,39.0,35.0,35.0,51.0,36.0,34.0,30.0,39.0,32.0,19.0,42.0,34.0,30.0,49.0,41.0,45.0,30.0,39.0,40.0,29.0,37.0,41.0,29.0,37.0,37.0
34.0,35.0,29.0,29.0,21.0,24.0,24.0,30.0,22.0,37.0,36.0,31.0,24.0,35.0,29.0,41.0,26.0,32.0,31.0,26.0,32.0,29.0,32.0,21.0,25.0,47.0,36.0,29.0,32.0,25.0,22.0,29.0,34.0,24.0,33.0,38.0,28.0,29.0,31.0,32.0,29.0,46.0,42.0,33.0,48.0,19.0,24.0,26.0,30.0,30.0
30.0,22.0,33.0,31.0,27.0,24.0,26.0,30.0,27.0,20.0,23.0,26.0,21.0,26.0,36.0,21.0,30.0,35.0,28.0,24.0,30.0,21.0,22.0,27.0,29.0,32.0,23.0,33.0,25.0,31.0,30.0,22.0,28.0,31.0,23.0,27.0,40.0,37.0,22.0,24.0,33.0,27.0,29.0,28.0,24.0,20.0,31.0,35.0,31.0,27.0
