10,50,1000
19.872003,18.252098,15.73087,19.282292,16.3845,17.288789,15.413336,15.89557,17.35504,16.149219
5.612162,6.797805,5.636479,8.209455,5.998871,6.072846,9.507585,9.898287,9.569529,5.721243
0.0,10.0,20.0,30.0,40.0,50.0,60.0,70.0,80.0,90.0
10.0,0.0,10.0,20.0,30.0,40.0,50.0,60.0,70.0,80.0
20.0,10.0,0.0,10.0,20.0,30.0,40.0,50.0,60.0,70.0
30.0,20.0,10.0,0.0,10.0,20.0,30.0,40.0,50.0,60.0
40.0,30.0,20.0,10.0,0.0,10.0,20.0,30.0,40.0,50.0
50.0,40.0,30.0,20.0,10.0,0.0,10.0,20.0,30.0,40.0
60.0,50.0,40.0,30.0,20.0,10.0,0.0,10.0,20.0,30.0
70.0,60.0,50.0,40.0,30.0,20.0,10.0,0.0,10.0,20.0
80.0,70.0,60.0,50.0,40.0,30.0,20.0,10.0,0.0,10.0
90.0,80.0,70.0,60.0,50.0,40.0,30.0,20.0,10.0,0.0
450.0,400.0,350.0,300.0,250.0,250.0,300.0,350.0,400.0,450.0
0.0,1.0,2.0,3.0,4.0,5.0,6.0,7.0,8.0,9.0
1.0,0.0,1.0,2.0,3.0,4.0,5.0,6.0,7.0,8.0
2.0,1.0,0.0,1.0,2.0,3.0,4.0,5.0,6.0,7.0
3.0,2.0,1.0,0.0,1.0,2.0,3.0,4.0,5.0,6.0
4.0,3.0,2.0,1.0,0.0,1.0,2.0,3.0,4.0,5.0
5.0,4.0,3.0,2.0,1.0,0.0,1.0,2.0,3.0,4.0
6.0,5.0,4.0,3.0,2.0,1.0,0.0,1.0,2.0,3.0
7.0,6.0,5.0,4.0,3.0,2.0,1.0,0.0,1.0,2.0
8.0,7.0,6.0,5.0,4.0,3.0,2.0,1.0,0.0,1.0
9.0,8.0,7.0,6.0,5.0,4.0,3.0,2.0,1.0,0.0
45.0,40.0,35.0,30.0,25.0,25.0,30.0,35.0,40.0,45.0
25.0,19.0,25.0,24.0,22.0,20.0,25.0,24.0,25.0,28.0,20.0,35.0,26.0,21.0,23.0,21.0,29.0,34.0,19.0,25.0,32.0,23.0,29.0,22.0,20.0,20.0,16.0,13.0,28.0,15.0,34.0,25.0,17.0,29.0,34.0,21.0,25.0,19.0,22.0,21.0,26.0,19.0,29.0,29.0,27.0,22.0,26.0,19.0,20.0,23.0
33.0,29.0,36.0,29.0,20.0,32.0,19.0,19.0,38.0,26.0,21.0,34.0,22.0,32.0,22.0,31.0,24.0,22.0,30.0,16.0,19.0,29.0,28.0,24.0,32.0,25.0,25.0,26.0,29.0,33.0,32.0,21.0,30.0,24.0,30.0,26.0,44.0,22.0,28.0,30.0,28.0,23.0,17.0,27.0,41.0,30.0,26.0,31.0,25.0,36.0
22.0,26.0,27.0,21.0,21.0,28.0,23.0,14.0,15.0,17.0,23.0,24.0,14.0,28.0,15.0,26.0,14.0,24.0,22.0,19.0,20.0,15.0,25.0,27.0,23.0,20.0,29.0,15.0,22.0,19.0,29.0,16.0,22.0,19.0,17.0,18.0,16.0,25.0,24.0,21.0,19.0,24.0,16.0,16.0,16.0,26.0,25.0,15.0,19.0,37.0
34.0,32.0,26.0,34.0,37.0,22.0,32.0,31.0,20.0,26.0,30.0,33.0,41.0,30.0,33.0,42.0,38.0,22.0,30.0,24.0,40.0,36.0,30.0,40.0,29.0,34.0,26.0,32.0,28.0,39.0,32.0,36.0,44.0,31.0,33.0,26.0,35.0,35.0,32.0,25.0,36.0,34.0,36.0,35.0,38.0,29.0,28.0,37.0,36.0,33.0
26.0,16.0,23.0,16.0,27.0,19.0,19.0,29.0,17.0,21.0,25.0,20.0,25.0,22.0,26.0,26.0,13.0,31.0,30.0,27.0,18.0,31.0,19.0,26.0,18.0,22.0,21.0,30.0,17.0,31.0,20.0,19.0,20.0,31.0,16.0,26.0,34.0,30.0,29.0,19.0,26.0,25.0,24.0,19.0,16.0,23.0,19.0,31.0,26.0,19.0
27.0,24.0,26.0,21.0,12.0,25.0,16.0,20.0,29.0,22.0,24.0,25.0,18.0,24.0,25.0,19.0,35.0,25.0,30.0,28.0,16.0,27.0,19.0,24.0,29.0,27.0,22.0,31.0,23.0,35.0,20.0,24.0,26.0,28.0,24.0,26.0,20.0,28.0,23.0,18.0,22.0,19.0,19.0,23.0,35.0,21.0,23.0,24.0,19.0,26.0
33.0,48.0,37.0,38.0,38.0,26.0,23.0,38.0,24.0,36.0,39.0,39.0,29.0,28.0,29.0,36.0,35.0,38.0,39.0,35.0,30.0,33.0,44.0,37.0,31.0,32.0,42.0,25.0,28.0,35.0,40.0,36.0,31.0,33.0,38.0,34.0,33.0,31.0,38.0,26.0,29.0,19.0,48.0,26.0,28.0,34.0,35.0,36.0,38.0,34.0
34.0,34.0,40.0,41.0,40.0,31.0,36.0,31.0,37.0,23.0,43.0,45.0,37.0,40.0,29.0,31.0,37.0,48.0,39.0,46.0,32.0,32.0,40.0,33.0,30.0,38.0,41.0,35.0,34.0,38.0,39.0,34.0,33.0,19.0,40.0,30.0,49.0,36.0,38.0,36.0,41.0,38.0,27.0,33.0,33.0,51.0,30.0,49.0,54.0,28.0
38.0,24.0,37.0,38.0,24.0,39.0,35.0,39.0,30.0,33.0,28.0,42.0,37.0,38.0,36.0,44.0,48.0,30.0,18.0,36.0,40.0,35.0,45.0,35.0,28.0,38.0,25.0,32.0,36.0,40.0,32.0,31.0,33.0,33.0,39.0,39.0,31.0,39.0,27.0,37.0,56.0,37.0,33.0,34.0,30.0,32.0,30.0,28.0,28.0,46.0
13.0,26.0,20.0,38.0,21.0,16.0,24.0,21.0,19.0,18.0,25.0,26.0,29.0,22.0,20.0,15.0,35.0,24.0,26.0,20.0,23.0,16.0,20.0,16.0,23.0,21.0,29.0,22.0,22.0,22.0,26.0,26.0,16.0,23.0,16.0,27.0,24.0,23.0,15.0,18.0,20.0,26.0,24.0,19.0,22.0,31.0,21.0,17.0,15.0,32.0
